card_id,name,variant,set,card_number,rarity,artist,subtype,national_dex_numbers,supertype,release_date,price_source,purchase_url,image_url,tcgplayer_updated_at,cardmarket_updated_at,tcgplayer_market,tcgplayer_low,tcgplayer_mid,tcgplayer_high,tcgplayer_holofoil_market,tcgplayer_reverse_holofoil_market,tcgplayer_1st_edition_normal_market,tcgplayer_1st_edition_holofoil_market,other_tcgplayer_variants_json,cardmarket_average_sell_price_usd,cardmarket_low_price_usd,cardmarket_trend_price_usd,cardmarket_reverse_holo_sell_usd,cardmarket_avg1_usd,cardmarket_avg7_usd,cardmarket_avg30_usd,cardmarket_reverse_holo_avg1_usd,cardmarket_reverse_holo_avg7_usd,cardmarket_reverse_holo_avg30_usd,eur_usd_rate_used,date
hgss4-1,Aggron,holofoil,HS—Triumphant,1,Rare Holo,Kagemaru Himeno,Stage 2,306,Pokémon,2010/11/03,"tcgplayer,cardmarket",https://prices.pokemontcg.io/tcgplayer/hgss4-1,https://images.pokemontcg.io/hgss4/1_hires.png,2026/08/08,2026/07/01,9.71,6.19,10.0,109.71,,17.84,,,,3.0798,0.5075,4.1987,3.8873,3.7489,3.1952,3.0452,2.1801,4.1411,3.9334,1.1535,2026-08-09
xy5-1,Weedle,normal,Primal Clash,1,Common,Midori Harada,Basic,13,Pokémon,2015/02/04,"tcgplayer,cardmarket",https://prices.pokemontcg.io/tcgplayer/xy5-1,https://images.pokemontcg.io/xy5/1_hires.png,2026/08/08,2026/07/01,0.21,0.02,0.21,1000.0,,0.59,,,,0.173,0.0231,0.1384,0.5306,0.0577,0.15,0.1615,0.8305,0.6229,0.669,1.1535,2026-08-09
pl1-1,Ampharos,holofoil,Platinum,1,Rare Holo,Atsuko Nishida,Stage 2,181,Pokémon,2009/02/11,"tcgplayer,cardmarket",https://prices.pokemontcg.io/tcgplayer/pl1-1,https://images.pokemontcg.io/pl1/1_hires.png,2026/08/08,2026/07/01,29.98,23.99,32.0,389.5,,23.75,,,,5.7214,1.142,6.6672,10.3815,4.614,5.4561,5.3061,14.984,8.6512,6.7941,1.1535,2026-08-09
dp3-1,Ampharos,holofoil,Secret Wonders,1,Rare Holo,Kouki Saitou,Stage 2,181,Pokémon,2007/11/01,"tcgplayer,cardmarket",https://prices.pokemontcg.io/tcgplayer/dp3-1,https://images.pokemontcg.io/dp3/1_hires.png,2026/08/08,2026/07/01,42.56,37.0,41.92,237.04,,27.06,,,,4.6025,0.2884,6.9902,4.6832,5.1907,2.6877,4.7178,1.7302,4.0026,4.6832,1.1535,2026-08-09
det1-1,Bulbasaur,holofoil,Detective Pikachu,1,Common,MPC Film,Basic,1,Pokémon,2019/04/05,"tcgplayer,cardmarket",https://prices.pokemontcg.io/tcgplayer/det1-1,https://images.pokemontcg.io/det1/1_hires.png,2026/08/08,2026/07/01,0.93,0.2,0.99,37.47,,,,,,0.8997,0.0231,0.7267,0.0,0.2422,0.6921,0.8882,2.2955,1.3265,0.9343,1.1535,2026-08-09
dv1-1,Dratini,holofoil,Dragon Vault,1,Rare Holo,Masakazu Fukuda,Basic,147,Pokémon,2012/10/05,"tcgplayer,cardmarket",https://prices.pokemontcg.io/tcgplayer/dv1-1,https://images.pokemontcg.io/dv1/1_hires.png,2026/08/08,2026/07/01,4.23,2.72,3.8,94.92,,,,,,1.7995,0.173,6.4596,3.4605,46.14,9.1473,3.5182,3.4605,3.0683,2.134,1.1535,2026-08-09
mcd19-1,Caterpie,holofoil,McDonald's Collection 2019,1,,Sekio,Basic,10,Pokémon,2019/10/15,"tcgplayer,cardmarket",https://prices.pokemontcg.io/tcgplayer/mcd19-1,https://images.pokemontcg.io/mcd19/1_hires.png,2026/08/08,2026/07/01,14.22,6.19,10.5,581.88,,,,,,2.7915,0.4614,2.4685,0.0,4.614,2.976,2.63,0.5767,1.9725,1.5803,1.1535,2026-08-09
pl3-1,Absol G,holofoil,Supreme Victors,1,Rare Holo,Yusuke Ishikawa,Basic|SP,359,Pokémon,2009/08/19,"tcgplayer,cardmarket",https://prices.pokemontcg.io/tcgplayer/pl3-1,https://images.pokemontcg.io/pl3/1_hires.png,2026/08/08,2026/07/01,32.08,27.83,28.0,164.9,,42.5,,,,7.9476,1.142,9.7817,7.7284,4.614,6.1251,8.5128,4.6025,8.6974,12.1117,1.1535,2026-08-09
ex12-1,Aerodactyl,holofoil,Legend Maker,1,Rare Holo,Hajime Kusajima,Stage 1,142,Pokémon,2006/02/01,"tcgplayer,cardmarket",https://prices.pokemontcg.io/tcgplayer/ex12-1,https://images.pokemontcg.io/ex12/1_hires.png,2026/08/08,2026/07/01,79.57,49.99,120.0,311.2,,125.0,,,,28.8144,5.7675,40.3494,36.2199,4.6025,16.6911,91.4495,10.9582,28.9182,34.3166,1.1535,2026-08-09
ex3-1,Absol,holofoil,Dragon,1,Rare Holo,Naoyo Kimura,Basic,359,Pokémon,2003/11/24,"tcgplayer,cardmarket",https://prices.pokemontcg.io/tcgplayer/ex3-1,https://images.pokemontcg.io/ex3/1_hires.png,2026/08/08,2026/07/01,164.66,139.99,290.0,2349.9,,101.41,,,,45.9439,2.307,48.3432,38.6422,80.6873,45.9439,42.8179,36.912,30.1525,21.432,1.1535,2026-08-09
ru1-1,Venusaur,holofoil,Pokémon Rumble,1,,Pokemon Rumble,Stage 2,3,Pokémon,2009/12/02,"tcgplayer,cardmarket",https://prices.pokemontcg.io/tcgplayer/ru1-1,https://images.pokemontcg.io/ru1/1_hires.png,2026/08/08,2026/07/01,279.93,129.99,279.89,279.96,,,,,,137.1858,68.0565,141.6267,0.0,51.9075,141.4191,95.3483,26.3459,12.7923,6.2174,1.1535,2026-08-09
ecard2-H1,Ampharos,,Aquapolis,H1,Rare Holo,Shin-ichi Yoshida,Stage 2,181,Pokémon,2003/01/15,cardmarket,https://prices.pokemontcg.io/cardmarket/ecard2-H1,https://images.pokemontcg.io/ecard2/H1_hires.png,,2026/07/01,,,,,,,,,,207.5608,11.535,178.5964,0.0,1036.9965,213.3283,110.2515,46.1285,20.913,20.8784,1.1535,2026-08-09
base4-1,Alakazam,holofoil,Base Set 2,1,Rare Holo,Ken Sugimori,Stage 2,65,Pokémon,2000/02/24,"tcgplayer,cardmarket",https://prices.pokemontcg.io/tcgplayer/base4-1,https://images.pokemontcg.io/base4/1_hires.png,2026/08/08,2026/07/01,54.7,31.76,40.0,199.98,,,,,,47.9856,14.984,40.3264,0.0,44.9865,38.054,41.2261,23.0123,26.3113,24.5695,1.1535,2026-08-09
hgss1-1,Arcanine,holofoil,HeartGold & SoulSilver,1,Rare Holo,Naoki Saito,Stage 1,59,Pokémon,2010/02/10,"tcgplayer,cardmarket",https://prices.pokemontcg.io/tcgplayer/hgss1-1,https://images.pokemontcg.io/hgss1/1_hires.png,2026/08/08,2026/07/01,75.84,32.97,77.09,552.0,,34.56,,,,11.3389,1.7533,13.2076,17.787,9.8394,12.8731,12.7692,34.5935,17.787,14.1765,1.1535,2026-08-09
ex11-1,Beedrill δ,holofoil,Delta Species,1,Rare Holo,Masakazu Fukuda,Stage 2,15,Pokémon,2005/10/31,"tcgplayer,cardmarket",https://prices.pokemontcg.io/tcgplayer/ex11-1,https://images.pokemontcg.io/ex11/1_hires.png,2026/08/08,2026/07/01,45.58,49.99,67.88,96.75,,80.49,,,,19.2865,3.4605,19.1827,21.2359,28.8375,19.8287,16.0798,1.7302,21.8242,18.0292,1.1535,2026-08-09
ex7-1,Azumarill,normal,Team Rocket Returns,1,Rare Holo,Sumiyoshi Kizuki,Stage 1,184,Pokémon,2004/11/01,"tcgplayer,cardmarket",https://prices.pokemontcg.io/tcgplayer/ex7-1,https://images.pokemontcg.io/ex7/1_hires.png,2026/08/08,2026/07/01,6.8,50.0,75.0,115.0,46.11,85.65,,,,198.7942,3.4605,204.158,24.9502,16.6681,243.2385,76.3271,11.535,36.566,30.3947,1.1535,2026-08-09
gym1-1,Blaine's Moltres,1stEditionHolofoil,Gym Heroes,1,Rare Holo,Ken Sugimori,Basic,146,Pokémon,2000/08/14,"tcgplayer,cardmarket",https://prices.pokemontcg.io/tcgplayer/gym1-1,https://images.pokemontcg.io/gym1/1_hires.png,2026/08/08,2026/07/01,185.58,190.0,737.5,1500.0,,,,,"{""unlimitedHolofoil"": {""low"": 92.69, ""mid"": 148.75, ""high"": 879.52, ""market"": 133.05, ""directLow"": null}}",112.6277,20.6476,111.4396,0.0,92.2685,104.2072,110.5168,34.5935,53.4186,45.2749,1.1535,2026-08-09
base3-1,Aerodactyl,1stEditionHolofoil,Fossil,1,Rare Holo,Kagemaru Himeno,Stage 1,142,Pokémon,1999/10/10,"tcgplayer,cardmarket",https://prices.pokemontcg.io/tcgplayer/base3-1,https://images.pokemontcg.io/base3/1_hires.png,2026/08/08,2026/07/01,84.42,71.24,104.0,1248.9,,,,,"{""unlimitedHolofoil"": {""low"": 22.93, ""mid"": 30.27, ""high"": 4320.99, ""market"": 40.7, ""directLow"": 31.97}}",36.4621,5.7675,50.8809,0.0,11.5235,30.8561,27.015,22.9546,17.9946,21.6051,1.1535,2026-08-09
sm9-1,Celebi & Venusaur-GX,holofoil,Team Up,1,Rare Holo GX,Mitsuhiro Arita,Basic|TAG TEAM|GX,3|251,Pokémon,2019/02/01,"tcgplayer,cardmarket",https://prices.pokemontcg.io/tcgplayer/sm9-1,https://images.pokemontcg.io/sm9/1_hires.png,2026/08/08,2026/07/01,53.66,44.5,57.13,482.94,,,,,,45.7478,9.1011,50.5694,0.0,51.9075,52.1959,43.5677,7.4516,7.3709,8.4898,1.1535,2026-08-09
xy2-1,Caterpie,normal,Flashfire,1,Common,Sumiyoshi Kizuki,Basic,10,Pokémon,2014/05/07,"tcgplayer,cardmarket",https://prices.pokemontcg.io/tcgplayer/xy2-1,https://images.pokemontcg.io/xy2/1_hires.png,2026/08/08,2026/07/01,0.23,0.05,0.24,19.99,,0.81,,,,0.15,0.0231,0.1038,0.5767,0.0923,0.1615,0.173,0.6229,0.5306,1.142,1.1535,2026-08-09
pop6-1,Bastiodon,normal,POP Series 6,1,Rare,Kazuyuki Kano,Stage 2,411,Pokémon,2007/09/01,"tcgplayer,cardmarket",https://prices.pokemontcg.io/tcgplayer/pop6-1,https://images.pokemontcg.io/pop6/1_hires.png,2026/08/08,2026/07/01,6.34,2.48,7.6,58.37,,,,,,2.1109,1.1304,2.0302,0.0,3.449,2.2147,1.6841,0.0,0.0,0.0,1.1535,2026-08-09
ecard2-H2,Arcanine,,Aquapolis,H2,Rare Holo,Kyoko Umemoto,Stage 1,59,Pokémon,2003/01/15,cardmarket,https://prices.pokemontcg.io/cardmarket/ecard2-H2,https://images.pokemontcg.io/ecard2/H2_hires.png,,2026/07/01,,,,,,,,,,151.9506,33.4515,265.2935,0.0,692.1,239.7204,236.2368,11.535,65.2074,42.7141,1.1535,2026-08-09
hgss4-2,Altaria,holofoil,HS—Triumphant,2,Rare Holo,Ryo Ueda,Stage 1,334,Pokémon,2010/11/03,"tcgplayer,cardmarket",https://prices.pokemontcg.io/tcgplayer/hgss4-2,https://images.pokemontcg.io/hgss4/2_hires.png,2026/08/08,2026/07/01,10.91,10.91,20.76,137.3,,11.27,,,,3.9334,1.0266,4.3718,4.3948,2.307,4.3718,4.7524,10.1508,4.3948,4.0949,1.1535,2026-08-09
pl1-2,Blastoise,holofoil,Platinum,2,Rare Holo,Kagemaru Himeno,Stage 2,9,Pokémon,2009/02/11,"tcgplayer,cardmarket",https://prices.pokemontcg.io/tcgplayer/pl1-2,https://images.pokemontcg.io/pl1/2_hires.png,2026/08/08,2026/07/01,51.05,36.0,117.5,550.0,,35.0,,,,14.1188,2.134,8.8127,12.5039,5.7675,7.8553,11.535,4.614,12.2156,10.8314,1.1535,2026-08-09
ex3-2,Altaria,holofoil,Dragon,2,Rare Holo,Atsuko Nishida,Stage 1,334,Pokémon,2003/11/24,"tcgplayer,cardmarket",https://prices.pokemontcg.io/tcgplayer/ex3-2,https://images.pokemontcg.io/ex3/2_hires.png,2026/08/08,2026/07/01,61.05,49.99,99.99,584.0,,25.75,,,,22.1011,2.8838,19.8748,19.6095,20.7515,21.7781,22.3202,28.8375,13.2191,12.1233,1.1535,2026-08-09
dp3-2,Blastoise,holofoil,Secret Wonders,2,Rare Holo,Daisuke Ito,Stage 2,9,Pokémon,2007/11/01,"tcgplayer,cardmarket",https://prices.pokemontcg.io/tcgplayer/dp3-2,https://images.pokemontcg.io/dp3/2_hires.png,2026/08/08,2026/07/01,95.08,60.7,101.01,789.78,,98.32,,,,14.5687,1.1535,11.1197,9.6087,11.4773,11.9849,14.9955,10.3815,9.8855,8.6628,1.1535,2026-08-09
base3-2,Articuno,1stEditionHolofoil,Fossil,2,Rare Holo,Mitsuhiro Arita,Basic,144,Pokémon,1999/10/10,"tcgplayer,cardmarket",https://prices.pokemontcg.io/tcgplayer/base3-2,https://images.pokemontcg.io/base3/2_hires.png,2026/08/08,2026/07/01,202.49,156.2,212.5,1949.9,,,,,"{""unlimitedHolofoil"": {""low"": 35.43, ""mid"": 48.29, ""high"": 307.71, ""market"": 75.05, ""directLow"": 107.98}}",68.887,9.228,77.3422,0.0,47.8702,94.6793,71.0556,23.07,32.8171,29.6219,1.1535,2026-08-09
pl3-2,Blaziken FB,holofoil,Supreme Victors,2,Rare Holo,Motofumi Fujiwara,Basic|SP,257,Pokémon,2009/08/19,"tcgplayer,cardmarket",https://prices.pokemontcg.io/tcgplayer/pl3-2,https://images.pokemontcg.io/pl3/2_hires.png,2026/08/08,2026/07/01,37.76,34.99,44.22,299.84,,36.0,,,,10.8314,1.1535,10.9467,8.3629,4.614,10.0931,9.5048,14.9955,8.5128,14.3149,1.1535,2026-08-09
ex11-2,Crobat δ,holofoil,Delta Species,2,Rare Holo,Ryo Ueda,Stage 2,169,Pokémon,2005/10/31,"tcgplayer,cardmarket",https://prices.pokemontcg.io/tcgplayer/ex11-2,https://images.pokemontcg.io/ex11/2_hires.png,2026/08/08,2026/07/01,25.85,22.99,32.88,299.99,,76.62,,,,5.0639,0.9805,5.9982,11.8811,20.7515,5.6637,6.3442,161.49,30.9945,15.8491,1.1535,2026-08-09
pop6-2,Lucario,normal,POP Series 6,2,Rare,Kouki Saitou,Stage 1,448,Pokémon,2007/09/01,"tcgplayer,cardmarket",https://prices.pokemontcg.io/tcgplayer/pop6-2,https://images.pokemontcg.io/pop6/2_hires.png,2026/08/08,2026/07/01,32.4,23.0,36.49,444.8,,,,,,10.7045,6.3442,11.4543,0.0,13.5998,10.9352,9.574,0.0,0.0,0.0,1.1535,2026-08-09
xy2-2,Metapod,normal,Flashfire,2,Uncommon,kawayoo,Stage 1,11,Pokémon,2014/05/07,"tcgplayer,cardmarket",https://prices.pokemontcg.io/tcgplayer/xy2-2,https://images.pokemontcg.io/xy2/2_hires.png,2026/08/08,2026/07/01,0.29,0.05,0.29,19.98,,1.38,,,,0.2307,0.0231,0.1961,1.811,0.0923,0.173,0.2538,2.307,1.638,1.0035,1.1535,2026-08-09
base4-2,Blastoise,holofoil,Base Set 2,2,Rare Holo,Ken Sugimori,Stage 2,9,Pokémon,2000/02/24,"tcgplayer,cardmarket",https://prices.pokemontcg.io/tcgplayer/base4-2,https://images.pokemontcg.io/base4/2_hires.png,2026/08/08,2026/07/01,150.8,96.0,115.0,1279.78,,,,,,91.8071,34.605,117.3917,0.0,201.851,95.9943,106.9641,23.07,152.5158,108.3252,1.1535,2026-08-09
gym1-2,Brock's Rhydon,1stEditionHolofoil,Gym Heroes,2,Rare Holo,Ken Sugimori,Stage 1,112,Pokémon,2000/08/14,"tcgplayer,cardmarket",https://prices.pokemontcg.io/tcgplayer/gym1-2,https://images.pokemontcg.io/gym1/2_hires.png,2026/08/08,2026/07/01,122.57,92.42,150.0,1264.0,,,,,"{""unlimitedHolofoil"": {""low"": 19.0, ""mid"": 39.99, ""high"": 800.0, ""market"": 38.69, ""directLow"": 79.99}}",28.3069,3.449,36.7851,0.0,86.5125,39.219,35.2971,6.2174,13.519,12.7231,1.1535,2026-08-09
hgss1-2,Azumarill,holofoil,HeartGold & SoulSilver,2,Rare Holo,Kouki Saitou,Stage 1,184,Pokémon,2010/02/10,"tcgplayer,cardmarket",https://prices.pokemontcg.io/tcgplayer/hgss1-2,https://images.pokemontcg.io/hgss1/2_hires.png,2026/08/08,2026/07/01,9.66,6.0,11.78,102.9,,9.5,,,,4.1987,0.4614,4.1987,7.5208,3.3451,4.8332,4.0719,3.4028,7.1632,5.11,1.1535,2026-08-09
det1-2,Ludicolo,holofoil,Detective Pikachu,2,Rare,Framestore,Stage 2,272,Pokémon,2019/04/05,"tcgplayer,cardmarket",https://prices.pokemontcg.io/tcgplayer/det1-2,https://images.pokemontcg.io/det1/2_hires.png,2026/08/08,2026/07/01,1.03,0.48,1.0,18.2,,,,,,2.0763,0.2192,1.9494,2.5031,2.8607,2.134,2.1686,1.7302,2.0878,2.157,1.1535,2026-08-09
sm9-2,Weedle,normal,Team Up,2,Common,Shibuzoh.,Basic,13,Pokémon,2019/02/01,"tcgplayer,cardmarket",https://prices.pokemontcg.io/tcgplayer/sm9-2,https://images.pokemontcg.io/sm9/2_hires.png,2026/08/08,2026/07/01,0.28,0.1,0.3,19.98,,1.98,,,,0.1615,0.0231,0.1961,0.8767,0.173,0.15,0.15,0.4037,0.6921,0.6114,1.1535,2026-08-09
ex12-2,Aggron,holofoil,Legend Maker,2,Rare Holo,Hisao Nakamura,Stage 2,306,Pokémon,2006/02/01,"tcgplayer,cardmarket",https://prices.pokemontcg.io/tcgplayer/ex12-2,https://images.pokemontcg.io/ex12/2_hires.png,2026/08/08,2026/07/01,25.55,25.3,53.15,279.5,,58.52,,,,9.3549,2.0763,10.0816,23.393,11.535,8.6628,9.6087,3.4605,17.141,23.3468,1.1535,2026-08-09
ex7-2,Dark Ampharos,holofoil,Team Rocket Returns,2,Rare Holo,Emi Miwa,Stage 2,181,Pokémon,2004/11/01,"tcgplayer,cardmarket",https://prices.pokemontcg.io/tcgplayer/ex7-2,https://images.pokemontcg.io/ex7/2_hires.png,2026/08/08,2026/07/01,108.7,64.0,123.5,999.9,,129.66,,,,25.377,8.0168,39.6458,65.3458,34.605,24.8002,37.0735,121.1175,76.2694,66.9145,1.1535,2026-08-09
ru1-2,Cherrim,normal,Pokémon Rumble,2,,Pokemon Rumble,Stage 1,421,Pokémon,2009/12/02,"tcgplayer,cardmarket",https://prices.pokemontcg.io/tcgplayer/ru1-2,https://images.pokemontcg.io/ru1/2_hires.png,2026/08/08,2026/07/01,89.99,51.84,129.96,902.88,,,,,,46.1169,17.3025,28.7683,0.0,5.756,35.4009,20.4862,5.756,4.7986,4.7986,1.1535,2026-08-09
mcd19-2,Alolan Exeggutor,holofoil,McDonald's Collection 2019,2,,Satoshi Shirai,Stage 1,103,Pokémon,2019/10/15,"tcgplayer,cardmarket",https://prices.pokemontcg.io/tcgplayer/mcd19-2,https://images.pokemontcg.io/mcd19/2_hires.png,2026/08/08,2026/07/01,7.21,3.6,7.05,129.98,,,,,,2.3416,0.173,1.9725,0.0,0.8074,2.0071,1.7764,2.307,2.5723,1.7764,1.1535,2026-08-09
xy5-2,Kakuna,normal,Primal Clash,2,Uncommon,Kagemaru Himeno,Stage 1,14,Pokémon,2015/02/04,"tcgplayer,cardmarket",https://prices.pokemontcg.io/tcgplayer/xy5-2,https://images.pokemontcg.io/xy5/2_hires.png,2026/08/08,2026/07/01,0.2,0.05,0.24,1000.0,,0.51,,,,0.2307,0.0461,0.2192,1.2689,0.1038,0.2076,0.2192,0.4614,0.7844,0.5191,1.1535,2026-08-09
xy11-1,Tangela,normal,Steam Siege,1,Common,OOYAMA,Basic,114,Pokémon,2016/08/03,"tcgplayer,cardmarket",https://prices.pokemontcg.io/tcgplayer/xy11-1,https://images.pokemontcg.io/xy11/1_hires.png,2026/08/08,2026/07/01,0.23,0.01,0.23,1000.0,,0.46,,,,0.15,0.0231,0.1269,0.6114,0.15,0.1154,0.15,1.142,0.4845,0.5652,1.1535,2026-08-09
ex14-1,Banette,holofoil,Crystal Guardians,1,Rare Holo,Kyoko Umemoto,Stage 1,354,Pokémon,2006/08/01,"tcgplayer,cardmarket",https://prices.pokemontcg.io/tcgplayer/ex14-1,https://images.pokemontcg.io/ex14/1_hires.png,2026/08/08,2026/07/01,13.41,19.76,24.49,150.0,,30.5,,,,4.8101,1.0381,5.7098,16.472,10.9467,5.8021,5.606,28.826,19.598,11.6965,1.1535,2026-08-09
sm12-1,Venusaur & Snivy-GX,holofoil,Cosmic Eclipse,1,Rare Holo GX,Mitsuhiro Arita,Basic|TAG TEAM|GX,3|495,Pokémon,2019/11/01,"tcgplayer,cardmarket",https://prices.pokemontcg.io/tcgplayer/sm12-1,https://images.pokemontcg.io/sm12/1_hires.png,2026/08/08,2026/07/01,28.46,17.57,29.78,191.63,,,,,,24.6157,4.614,22.747,0.0,17.291,25.8499,23.9121,4.6025,5.1907,5.4215,1.1535,2026-08-09
bw1-1,Snivy,normal,Black & White,1,Common,Kagemaru Himeno,Basic,495,Pokémon,2011/04/25,"tcgplayer,cardmarket",https://prices.pokemontcg.io/tcgplayer/bw1-1,https://images.pokemontcg.io/bw1/1_hires.png,2026/08/08,2026/07/01,0.37,0.08,0.32,2.22,,1.38,,,,1.0612,0.0231,1.5457,0.0,1.0958,1.0958,0.9343,0.4499,0.6229,0.7267,1.1535,2026-08-09
sm115-1,Caterpie,normal,Hidden Fates,1,Common,tetsuya koizumi,Basic,10,Pokémon,2019/08/23,"tcgplayer,cardmarket",https://prices.pokemontcg.io/tcgplayer/sm115-1,https://images.pokemontcg.io/sm115/1_hires.png,2026/08/08,2026/07/01,0.21,0.01,0.2,19.24,,0.42,,,,0.0807,0.0231,0.0692,0.323,0.0231,0.0577,0.0807,0.2307,0.2653,0.3691,1.1535,2026-08-09
si1-1,Mew,reverseHolofoil,Southern Islands,1,,Keiko Fukuyama,Basic,151,Pokémon,2001/07/31,"tcgplayer,cardmarket",https://prices.pokemontcg.io/tcgplayer/si1-1,https://images.pokemontcg.io/si1/1_hires.png,2026/08/08,2026/07/01,482.71,276.79,423.0,665.0,,,,,,375.891,230.6885,591.5263,0.0,346.05,455.4825,356.8814,34.605,74.8045,47.4896,1.1535,2026-08-09
dp1-1,Dialga,holofoil,Diamond & Pearl,1,Rare Holo,Nakaoka,Basic,483,Pokémon,2007/05/01,"tcgplayer,cardmarket",https://prices.pokemontcg.io/tcgplayer/dp1-1,https://images.pokemontcg.io/dp1/1_hires.png,2026/08/08,2026/07/01,41.46,17.19,40.0,455.2,,26.42,,,,6.8979,1.142,7.6708,4.7178,4.1526,8.732,8.6397,5.1907,5.0754,5.1331,1.1535,2026-08-09
sm3-1,Caterpie,normal,Burning Shadows,1,Common,Sekio,Basic,10,Pokémon,2017/08/05,"tcgplayer,cardmarket",https://prices.pokemontcg.io/tcgplayer/sm3-1,https://images.pokemontcg.io/sm3/1_hires.png,2026/08/08,2026/07/01,0.26,0.02,0.25,19.98,,0.49,,,,0.0923,0.0231,0.0807,0.3691,0.0346,0.0807,0.0807,0.2307,0.2768,0.3922,1.1535,2026-08-09
pop7-1,Ampharos,normal,POP Series 7,1,Rare,Kouki Saitou,Stage 2,181,Pokémon,2008/03/01,"tcgplayer,cardmarket",https://prices.pokemontcg.io/tcgplayer/pop7-1,https://images.pokemontcg.io/pop7/1_hires.png,2026/08/08,2026/07/01,14.16,15.0,30.17,150.0,25.41,,,,,16.9334,2.1916,11.362,0.0,6.921,13.4152,12.2963,2.5954,2.9068,3.4144,1.1535,2026-08-09
gym2-1,Blaine's Arcanine,1stEditionHolofoil,Gym Challenge,1,Rare Holo,Ken Sugimori,Stage 1,59,Pokémon,2000/10/16,"tcgplayer,cardmarket",https://prices.pokemontcg.io/tcgplayer/gym2-1,https://images.pokemontcg.io/gym2/1_hires.png,2026/08/08,2026/07/01,364.86,238.95,399.99,2372.09,,,,,"{""unlimitedHolofoil"": {""low"": 69.83, ""mid"": 89.99, ""high"": 1044.9, ""market"": 98.74, ""directLow"": null}}",150.8547,11.3966,110.3899,0.0,57.2828,88.0236,124.5549,31.7212,21.4436,38.9768,1.1535,2026-08-09
col1-1,Clefable,holofoil,Call of Legends,1,Rare Holo,sui,Stage 1,36,Pokémon,2011/02/09,"tcgplayer,cardmarket",https://prices.pokemontcg.io/tcgplayer/col1-1,https://images.pokemontcg.io/col1/1_hires.png,2026/08/08,2026/07/01,16.38,7.5,11.65,116.5,,12.64,,,,16.3682,1.0151,8.8127,10.7506,0.9805,11.2812,9.5394,6.3442,8.1437,7.3478,1.1535,2026-08-09
ex9-1,Blaziken,holofoil,Emerald,1,Rare Holo,Midori Harada,Stage 2,257,Pokémon,2005/05/01,"tcgplayer,cardmarket",https://prices.pokemontcg.io/tcgplayer/ex9-1,https://images.pokemontcg.io/ex9/1_hires.png,2026/08/08,2026/07/01,57.49,42.05,65.98,636.32,,185.0,,,,4.6025,0.1038,3.449,40.0841,1.0381,3.2298,4.3487,138.42,127.5425,54.9643,1.1535,2026-08-09
bw10-1,Surskit,normal,Plasma Blast,1,Common,Naoyo Kimura,Basic,283,Pokémon,2013/08/14,"tcgplayer,cardmarket",https://prices.pokemontcg.io/tcgplayer/bw10-1,https://images.pokemontcg.io/bw10/1_hires.png,2026/08/08,2026/07/01,0.23,0.05,0.25,19.98,,0.76,,,,0.2076,0.0231,0.173,1.1535,0.0807,0.1384,0.1615,0.5652,0.7844,0.5883,1.1535,2026-08-09
swsh35-1,Venusaur V,holofoil,Champion's Path,1,Rare Holo V,PLANETA Mochizuki,Basic|V,3,Pokémon,2020/09/25,"tcgplayer,cardmarket",https://prices.pokemontcg.io/tcgplayer/swsh35-1,https://images.pokemontcg.io/swsh35/1_hires.png,2026/08/08,2026/07/01,3.21,1.5,3.21,4320.99,,,,,,3.9565,0.5767,4.6947,0.0,2.7684,4.3602,3.8065,2.307,3.5182,4.1411,1.1535,2026-08-09
xy7-1,Oddish,normal,Ancient Origins,1,Common,MAHOU,Basic,43,Pokémon,2015/08/12,"tcgplayer,cardmarket",https://prices.pokemontcg.io/tcgplayer/xy7-1,https://images.pokemontcg.io/xy7/1_hires.png,2026/08/08,2026/07/01,0.29,0.01,0.26,1000.0,,0.71,,,,0.1269,0.0231,0.1384,0.6114,0.0577,0.1269,0.15,0.4499,0.6806,1.2342,1.1535,2026-08-09
sm1-1,Caterpie,normal,Sun & Moon,1,Common,Kanako Eo,Basic,10,Pokémon,2017/02/03,"tcgplayer,cardmarket",https://prices.pokemontcg.io/tcgplayer/sm1-1,https://images.pokemontcg.io/sm1/1_hires.png,2026/08/08,2026/07/01,0.2,0.03,0.2,19.98,,0.41,,,,0.1615,0.0231,0.1384,0.3691,0.0692,0.0923,0.1269,0.2307,0.323,0.3576,1.1535,2026-08-09
ex13-1,Armaldo δ,holofoil,Holon Phantoms,1,Rare Holo,Masakazu Fukuda,Stage 2,348,Pokémon,2006/05/01,"tcgplayer,cardmarket",https://prices.pokemontcg.io/tcgplayer/ex13-1,https://images.pokemontcg.io/ex13/1_hires.png,2026/08/08,2026/07/01,48.61,27.89,65.48,449.9,,84.0,,,,11.4197,1.1535,11.3389,35.8508,10.37,8.8012,10.22,27.684,29.7718,19.4365,1.1535,2026-08-09
dv1-2,Dratini,holofoil,Dragon Vault,2,Rare Holo,Naoki Saito,Basic,147,Pokémon,2012/10/05,"tcgplayer,cardmarket",https://prices.pokemontcg.io/tcgplayer/dv1-2,https://images.pokemontcg.io/dv1/2_hires.png,2026/08/08,2026/07/01,14.19,10.0,13.51,135.12,,,,,,3.6681,0.2076,7.0017,3.0337,11.535,4.464,5.8713,4.0373,3.622,3.0106,1.1535,2026-08-09
ecard2-H3,Ariados,,Aquapolis,H3,Rare Holo,Shin-ichi Yoshida,Stage 1,168,Pokémon,2003/01/15,cardmarket,https://prices.pokemontcg.io/cardmarket/ecard2-H3,https://images.pokemontcg.io/ecard2/H3_hires.png,,2026/07/01,,,,,,,,,,44.7558,6.9095,51.7806,0.0,80.7335,42.0681,42.6564,28.8375,28.5491,14.4764,1.1535,2026-08-09
sm12-2,Oddish,normal,Cosmic Eclipse,2,Common,Yumi,Basic,43,Pokémon,2019/11/01,"tcgplayer,cardmarket",https://prices.pokemontcg.io/tcgplayer/sm12-2,https://images.pokemontcg.io/sm12/2_hires.png,2026/08/08,2026/07/01,0.29,0.1,0.28,19.98,,1.42,,,,0.0807,0.0231,0.0692,0.7498,0.1154,0.0807,0.1038,2.307,0.7036,0.496,1.1535,2026-08-09
ex9-2,Deoxys,normal,Emerald,2,Rare Holo,Hironobu Yoshida,Basic,386,Pokémon,2005/05/01,"tcgplayer,cardmarket",https://prices.pokemontcg.io/tcgplayer/ex9-2,https://images.pokemontcg.io/ex9/2_hires.png,2026/08/08,2026/07/01,129.98,55.0,93.11,131.22,89.63,202.08,,,,26.542,4.614,28.2838,20.7515,15.5723,21.5589,19.7595,10.3584,43.7984,63.2003,1.1535,2026-08-09
bw1-2,Snivy,normal,Black & White,2,Common,5ban Graphics,Basic,495,Pokémon,2011/04/25,"tcgplayer,cardmarket",https://prices.pokemontcg.io/tcgplayer/bw1-2,https://images.pokemontcg.io/bw1/2_hires.png,2026/08/08,2026/07/01,0.5,0.18,0.38,17.92,,4.65,,,,0.3114,0.0231,0.2884,0.8421,0.0461,0.3345,0.2192,0.2422,1.2458,1.7649,1.1535,2026-08-09
base4-3,Chansey,holofoil,Base Set 2,3,Rare Holo,Ken Sugimori,Basic,113,Pokémon,2000/02/24,"tcgplayer,cardmarket",https://prices.pokemontcg.io/tcgplayer/base4-3,https://images.pokemontcg.io/base4/3_hires.png,2026/08/08,2026/07/01,21.11,12.35,16.11,187.26,,,,,,24.1081,3.3451,21.6281,0.0,11.2466,14.165,19.8517,17.3025,12.3771,11.8926,1.1535,2026-08-09
ru1-3,Ninetales,normal,Pokémon Rumble,3,,Pokemon Rumble,Stage 1,38,Pokémon,2009/12/02,"tcgplayer,cardmarket",https://prices.pokemontcg.io/tcgplayer/ru1-3,https://images.pokemontcg.io/ru1/3_hires.png,2026/08/08,2026/07/01,342.42,375.02,1062.51,1750.0,,,,,,151.3969,224.9325,126.1237,0.0,92.2685,110.7591,66.9607,13.7843,15.2608,15.2608,1.1535,2026-08-09
xy5-3,Beedrill,normal,Primal Clash,3,Rare,Kouki Saitou,Stage 2,15,Pokémon,2015/02/04,"tcgplayer,cardmarket",https://prices.pokemontcg.io/tcgplayer/xy5-3,https://images.pokemontcg.io/xy5/3_hires.png,2026/08/08,2026/07/01,0.48,0.1,0.46,1.69,,0.84,,,,0.7959,0.0577,0.7267,1.5803,0.8074,0.6344,0.8074,1.1535,2.3762,2.0071,1.1535,2026-08-09
pop6-3,Manaphy,normal,POP Series 6,3,Rare,Atsuko Nishida,Basic,490,Pokémon,2007/09/01,"tcgplayer,cardmarket",https://prices.pokemontcg.io/tcgplayer/pop6-3,https://images.pokemontcg.io/pop6/3_hires.png,2026/08/08,2026/07/01,5.15,1.38,6.65,76.4,9.55,,,,,3.5989,0.5767,3.472,0.0,3.795,3.5066,2.3877,1.1535,0.992,0.992,1.1535,2026-08-09
si1-2,Pidgeot,normal,Southern Islands,2,,Keiko Fukuyama,Stage 2,18,Pokémon,2001/07/31,"tcgplayer,cardmarket",https://prices.pokemontcg.io/tcgplayer/si1-2,https://images.pokemontcg.io/si1/2_hires.png,2026/08/08,2026/07/01,42.67,34.19,44.9,419.9,,,,,,30.7062,15.5607,33.4284,0.0,34.605,31.2714,27.038,8.0745,8.0745,8.0745,1.1535,2026-08-09
ex11-3,Dragonite δ,holofoil,Delta Species,3,Rare Holo,Ryo Ueda,Stage 2,149,Pokémon,2005/10/31,"tcgplayer,cardmarket",https://prices.pokemontcg.io/tcgplayer/ex11-3,https://images.pokemontcg.io/ex11/3_hires.png,2026/08/08,2026/07/01,269.95,445.0,589.49,599.99,,399.95,,,,78.2304,11.535,69.1062,106.6872,32.8747,75.8311,73.974,40.3494,133.5061,131.4067,1.1535,2026-08-09
pl3-3,Drifblim FB,holofoil,Supreme Victors,3,Rare Holo,Lee HyunJung,Basic|SP,426,Pokémon,2009/08/19,"tcgplayer,cardmarket",https://prices.pokemontcg.io/tcgplayer/pl3-3,https://images.pokemontcg.io/pl3/3_hires.png,2026/08/08,2026/07/01,7.46,4.05,8.39,79.0,,7.23,,,,5.0639,1.6034,4.8216,3.9911,4.614,5.4215,7.0248,3.7143,3.9911,6.771,1.1535,2026-08-09
base3-3,Ditto,1stEditionHolofoil,Fossil,3,Rare Holo,Keiji Kinebuchi,Basic,132,Pokémon,1999/10/10,"tcgplayer,cardmarket",https://prices.pokemontcg.io/tcgplayer/base3-3,https://images.pokemontcg.io/base3/3_hires.png,2026/08/08,2026/07/01,113.47,94.0,126.0,499.52,,,,,"{""unlimitedHolofoil"": {""low"": 28.73, ""mid"": 39.72, ""high"": 474.11, ""market"": 42.43, ""directLow"": 162.99}}",38.5154,9.228,36.1161,0.0,33.8783,42.3565,40.0265,49.0237,20.8437,20.1401,1.1535,2026-08-09
hgss1-3,Clefable,holofoil,HeartGold & SoulSilver,3,Rare Holo,Masakazu Fukuda,Stage 1,36,Pokémon,2010/02/10,"tcgplayer,cardmarket",https://prices.pokemontcg.io/tcgplayer/hgss1-3,https://images.pokemontcg.io/hgss1/3_hires.png,2026/08/08,2026/07/01,9.83,6.06,9.61,69.8,,8.99,,,,4.7063,0.5075,5.6868,5.3407,3.449,5.0985,4.291,5.1907,3.7835,3.6566,1.1535,2026-08-09
ex13-2,Cradily δ,holofoil,Holon Phantoms,2,Rare Holo,Kouki Saitou,Stage 2,346,Pokémon,2006/05/01,"tcgplayer,cardmarket",https://prices.pokemontcg.io/tcgplayer/ex13-2,https://images.pokemontcg.io/ex13/2_hires.png,2026/08/08,2026/07/01,21.05,14.0,24.5,299.94,,30.87,,,,10.2085,3.449,8.2821,29.7949,8.1437,7.8899,7.8899,11.535,24.5003,21.1321,1.1535,2026-08-09
hgss4-3,Celebi,holofoil,HS—Triumphant,3,Rare Holo,Shin Nagasawa,Basic,251,Pokémon,2010/11/03,"tcgplayer,cardmarket",https://prices.pokemontcg.io/tcgplayer/hgss4-3,https://images.pokemontcg.io/hgss4/3_hires.png,2026/08/08,2026/07/01,23.42,22.49,27.05,223.0,,22.79,,,,5.1907,1.0266,5.1446,6.8749,10.0931,6.7134,8.9281,17.2794,9.2857,7.8207,1.1535,2026-08-09
xy7-2,Gloom,normal,Ancient Origins,2,Uncommon,Masakazu Fukuda,Stage 1,44,Pokémon,2015/08/12,"tcgplayer,cardmarket",https://prices.pokemontcg.io/tcgplayer/xy7-2,https://images.pokemontcg.io/xy7/2_hires.png,2026/08/08,2026/07/01,0.07,0.03,0.27,1000.0,,0.53,,,,0.2192,0.0231,0.2422,0.819,0.1154,0.1961,0.2192,0.9228,0.8305,0.669,1.1535,2026-08-09
bw10-2,Masquerain,normal,Plasma Blast,2,Rare,5ban Graphics,Stage 1|Team Plasma,284,Pokémon,2013/08/14,"tcgplayer,cardmarket",https://prices.pokemontcg.io/tcgplayer/bw10-2,https://images.pokemontcg.io/bw10/2_hires.png,2026/08/08,2026/07/01,0.57,0.25,0.55,18.9,,1.16,,,,0.669,0.0577,0.5075,1.6726,0.5652,0.4845,0.5998,1.661,1.8802,1.5111,1.1535,2026-08-09
ex7-3,Dark Crobat,holofoil,Team Rocket Returns,3,Rare Holo,Kyoko Koizumi,Stage 2,169,Pokémon,2004/11/01,"tcgplayer,cardmarket",https://prices.pokemontcg.io/tcgplayer/ex7-3,https://images.pokemontcg.io/ex7/3_hires.png,2026/08/08,2026/07/01,31.35,26.9,179.99,1199.94,,175.58,,,,21.1437,7.4977,15.4338,40.9377,11.535,17.3602,20.3823,46.1285,46.463,34.4435,1.1535,2026-08-09
ex12-3,Cradily,holofoil,Legend Maker,3,Rare Holo,Hajime Kusajima,Stage 2,346,Pokémon,2006/02/01,"tcgplayer,cardmarket",https://prices.pokemontcg.io/tcgplayer/ex12-3,https://images.pokemontcg.io/ex12/3_hires.png,2026/08/08,2026/07/01,11.37,9.24,21.52,105.04,,22.01,,,,5.4676,1.1535,5.6522,10.8083,5.7675,6.5403,5.756,16.4374,10.9121,10.1854,1.1535,2026-08-09
swsh35-2,Weedle,normal,Champion's Path,2,Common,Yuka Morii,Basic,13,Pokémon,2020/09/25,"tcgplayer,cardmarket",https://prices.pokemontcg.io/tcgplayer/swsh35-2,https://images.pokemontcg.io/swsh35/2_hires.png,2026/08/08,2026/07/01,0.29,0.1,0.34,2.99,,0.63,,,,0.0923,0.0231,0.0461,0.3114,0.0923,0.0692,0.0923,0.4037,0.3345,0.3345,1.1535,2026-08-09
gym2-2,Blaine's Charizard,1stEditionHolofoil,Gym Challenge,2,Rare Holo,Ken Sugimori,Stage 2,6,Pokémon,2000/10/16,"tcgplayer,cardmarket",https://prices.pokemontcg.io/tcgplayer/gym2-2,https://images.pokemontcg.io/gym2/2_hires.png,2026/08/08,2026/07/01,699.99,696.69,2000.0,2099.99,,,,,"{""unlimitedHolofoil"": {""low"": 438.99, ""mid"": 739.9, ""high"": 1499.99, ""market"": 597.59, ""directLow"": 999.99}}",742.0119,80.745,727.4548,0.0,298.7565,422.181,613.5351,149.955,138.9621,151.0393,1.1535,2026-08-09
xy2-3,Butterfree,normal,Flashfire,3,Rare,sui,Stage 2,12,Pokémon,2014/05/07,"tcgplayer,cardmarket",https://prices.pokemontcg.io/tcgplayer/xy2-3,https://images.pokemontcg.io/xy2/3_hires.png,2026/08/08,2026/07/01,0.75,0.4,0.66,29.99,,1.44,,,,1.4534,0.346,1.4534,3.0914,0.4037,1.0958,1.2227,2.307,2.6184,2.6877,1.1535,2026-08-09
xy11-2,Tangrowth,normal,Steam Siege,2,Uncommon,kirisAki,Stage 1,465,Pokémon,2016/08/03,"tcgplayer,cardmarket",https://prices.pokemontcg.io/tcgplayer/xy11-2,https://images.pokemontcg.io/xy11/2_hires.png,2026/08/08,2026/07/01,0.14,0.03,0.2,1000.0,,0.49,,,,0.1384,0.0231,0.2192,0.6344,0.0577,0.1038,0.1038,1.1535,0.7382,0.5998,1.1535,2026-08-09
det1-3,Morelull,holofoil,Detective Pikachu,3,Common,MPC Film,Basic,755,Pokémon,2019/04/05,"tcgplayer,cardmarket",https://prices.pokemontcg.io/tcgplayer/det1-3,https://images.pokemontcg.io/det1/3_hires.png,2026/08/08,2026/07/01,0.32,0.07,0.35,18.9,,,,,,0.2653,0.0231,0.2307,0.2422,0.0461,0.2422,0.2653,0.0231,0.323,0.3576,1.1535,2026-08-09
ex3-3,Crawdaunt,holofoil,Dragon,3,Rare Holo,Hisao Nakamura,Stage 1,342,Pokémon,2003/11/24,"tcgplayer,cardmarket",https://prices.pokemontcg.io/tcgplayer/ex3-3,https://images.pokemontcg.io/ex3/3_hires.png,2026/08/08,2026/07/01,9.67,7.0,10.07,83.0,,11.44,,,,5.6522,0.6921,5.9405,3.5412,4.0142,4.8678,4.9139,4.9024,3.8181,5.5253,1.1535,2026-08-09
dv1-3,Dragonair,holofoil,Dragon Vault,3,Rare Holo,Hajime Kusajima,Stage 1,148,Pokémon,2012/10/05,"tcgplayer,cardmarket",https://prices.pokemontcg.io/tcgplayer/dv1-3,https://images.pokemontcg.io/dv1/3_hires.png,2026/08/08,2026/07/01,5.84,3.94,5.99,103.85,,,,,,5.0062,0.3114,6.5403,1.2689,2.134,3.8988,5.6752,1.2689,2.6184,2.6415,1.1535,2026-08-09
sm9-3,Weedle,normal,Team Up,3,Common,SATOSHI NAKAI,Basic,13,Pokémon,2019/02/01,"tcgplayer,cardmarket",https://prices.pokemontcg.io/tcgplayer/sm9-3,https://images.pokemontcg.io/sm9/3_hires.png,2026/08/08,2026/07/01,0.22,0.03,0.25,19.98,,0.38,,,,0.15,0.0231,0.1154,0.5998,0.0346,0.1038,0.1154,0.6344,0.5537,0.4383,1.1535,2026-08-09
pop7-2,Gallade,normal,POP Series 7,2,Rare,Daisuke Ito,Stage 2,475,Pokémon,2008/03/01,"tcgplayer,cardmarket",https://prices.pokemontcg.io/tcgplayer/pop7-2,https://images.pokemontcg.io/pop7/2_hires.png,2026/08/08,2026/07/01,50.73,9.0,35.0,868.9,32.0,,,,,10.7391,1.0266,7.6708,0.0,11.4773,6.9671,7.1171,5.6522,6.1712,7.4285,1.1535,2026-08-09
sm1-2,Metapod,normal,Sun & Moon,2,Uncommon,Yuka Morii,Stage 1,11,Pokémon,2017/02/03,"tcgplayer,cardmarket",https://prices.pokemontcg.io/tcgplayer/sm1-2,https://images.pokemontcg.io/sm1/2_hires.png,2026/08/08,2026/07/01,0.39,0.11,0.42,19.98,,0.9,,,,0.2076,0.0231,0.173,0.5421,0.1154,0.2192,0.2076,0.3114,0.5767,0.4729,1.1535,2026-08-09
mcd19-3,Magmar,holofoil,McDonald's Collection 2019,3,,Yumi,Basic,126,Pokémon,2019/10/15,"tcgplayer,cardmarket",https://prices.pokemontcg.io/tcgplayer/mcd19-3,https://images.pokemontcg.io/mcd19/3_hires.png,2026/08/08,2026/07/01,10.46,4.62,6.5,113.3,,,,,,3.4605,0.4037,4.4179,0.0,1.7302,4.6832,2.7338,2.8838,3.299,1.9494,1.1535,2026-08-09
col1-2,Deoxys,holofoil,Call of Legends,2,Rare Holo,Ryo Ueda,Basic,386,Pokémon,2011/02/09,"tcgplayer,cardmarket",https://prices.pokemontcg.io/tcgplayer/col1-2,https://images.pokemontcg.io/col1/2_hires.png,2026/08/08,2026/07/01,39.58,30.3,65.5,509.9,,59.99,,,,20.6015,1.7764,14.338,11.9387,3.449,8.2129,12.6424,11.535,11.039,12.2732,1.1535,2026-08-09
pl1-3,Blaziken,holofoil,Platinum,3,Rare Holo,Hajime Kusajima,Stage 2,257,Pokémon,2009/02/11,"tcgplayer,cardmarket",https://prices.pokemontcg.io/tcgplayer/pl1-3,https://images.pokemontcg.io/pl1/3_hires.png,2026/08/08,2026/07/01,25.22,17.3,24.99,259.9,,20.07,,,,4.1872,1.0958,2.8376,5.5714,2.307,3.5758,5.9751,3.3451,4.9947,6.1366,1.1535,2026-08-09
sm115-2,Metapod,normal,Hidden Fates,2,Uncommon,Shibuzoh.,Stage 1,11,Pokémon,2019/08/23,"tcgplayer,cardmarket",https://prices.pokemontcg.io/tcgplayer/sm115-2,https://images.pokemontcg.io/sm115/2_hires.png,2026/08/08,2026/07/01,0.12,0.02,0.21,2.99,,0.43,,,,0.0923,0.0231,0.0923,0.3922,0.0577,0.0577,0.0807,0.5767,0.2999,0.4037,1.1535,2026-08-09
gym1-3,Erika's Clefable,1stEditionHolofoil,Gym Heroes,3,Rare Holo,Atsuko Nishida,Stage 1,36,Pokémon,2000/08/14,"tcgplayer,cardmarket",https://prices.pokemontcg.io/tcgplayer/gym1-3,https://images.pokemontcg.io/gym1/3_hires.png,2026/08/08,2026/07/01,81.39,79.13,149.99,9999.0,,,,,"{""unlimitedHolofoil"": {""low"": 38.99, ""mid"": 51.75, ""high"": 366.48, ""market"": 47.49, ""directLow"": 69.99}}",42.6795,17.1871,36.4621,0.0,51.9075,47.0051,58.8862,11.5004,14.7879,24.708,1.1535,2026-08-09
dp3-3,Charizard,holofoil,Secret Wonders,3,Rare Holo,Daisuke Ito,Stage 2,6,Pokémon,2007/11/01,"tcgplayer,cardmarket",https://prices.pokemontcg.io/tcgplayer/dp3-3,https://images.pokemontcg.io/dp3/3_hires.png,2026/08/08,2026/07/01,137.72,699.99,799.99,1387.93,,165.0,,,,39.2651,5.7675,0.0231,22.6663,40.3725,30.141,80.5489,98.0475,31.7905,41.676,1.1535,2026-08-09
sm2-1,Bellsprout,normal,Guardians Rising,1,Common,Aya Kusube,Basic,69,Pokémon,2017/05/05,"tcgplayer,cardmarket",https://prices.pokemontcg.io/tcgplayer/sm2-1,https://images.pokemontcg.io/sm2/1_hires.png,2026/08/08,2026/07/01,0.28,0.02,0.25,19.98,,0.45,,,,0.1038,0.0231,0.173,0.2653,0.0461,0.1615,0.1038,0.8536,0.3576,0.4268,1.1535,2026-08-09
base5-1,Dark Alakazam,1stEditionHolofoil,Team Rocket,1,Rare Holo,Ken Sugimori,Stage 2,65,Pokémon,2000/04/24,"tcgplayer,cardmarket",https://prices.pokemontcg.io/tcgplayer/base5-1,https://images.pokemontcg.io/base5/1_hires.png,2026/08/08,2026/07/01,169.15,139.99,167.02,1226.88,,,,,"{""unlimitedHolofoil"": {""low"": 54.98, ""mid"": 80.0, ""high"": 9999.0, ""market"": 73.65, ""directLow"": 169.99}}",83.1327,5.7675,46.2784,0.0,28.8375,59.7744,80.249,23.07,24.2581,38.896,1.1535,2026-08-09
xy4-1,Venonat,normal,Phantom Forces,1,Common,Sumiyoshi Kizuki,Basic,48,Pokémon,2014/11/05,"tcgplayer,cardmarket",https://prices.pokemontcg.io/tcgplayer/xy4-1,https://images.pokemontcg.io/xy4/1_hires.png,2026/08/08,2026/07/01,0.29,0.05,0.25,1000.0,,0.58,,,,0.1038,0.0231,0.1384,0.2653,0.2884,0.1269,0.1615,0.1154,0.5421,0.5767,1.1535,2026-08-09
bw11-1,Tangela,normal,Legendary Treasures,1,Common,kirisAki,Basic,114,Pokémon,2013/11/06,"tcgplayer,cardmarket",https://prices.pokemontcg.io/tcgplayer/bw11-1,https://images.pokemontcg.io/bw11/1_hires.png,2026/08/08,2026/07/01,0.32,0.05,0.3,19.98,,0.73,,,,0.3114,0.0231,0.4499,2.1916,0.2307,0.323,0.3345,2.1916,3.0568,2.5838,1.1535,2026-08-09
ex4-1,Team Aqua's Cacturne,holofoil,Team Magma vs Team Aqua,1,Rare Holo,K. Utsunomiya,Stage 1,332,Pokémon,2004/03/01,"tcgplayer,cardmarket",https://prices.pokemontcg.io/tcgplayer/ex4-1,https://images.pokemontcg.io/ex4/1_hires.png,2026/08/08,2026/07/01,27.33,19.71,31.36,250.0,,29.95,,,,12.2271,0.9228,13.5306,7.9476,23.07,13.842,11.535,8.0745,7.8092,9.4356,1.1535,2026-08-09
bw4-1,Pinsir,normal,Next Destinies,1,Rare,Masakazu Fukuda,Basic,127,Pokémon,2012/02/08,"tcgplayer,cardmarket",https://prices.pokemontcg.io/tcgplayer/bw4-1,https://images.pokemontcg.io/bw4/1_hires.png,2026/08/08,2026/07/01,0.69,0.4,0.69,1.95,,0.95,,,,0.5075,0.0577,0.4614,1.4534,0.2307,0.4729,0.7382,0.5767,1.142,1.1535,1.1535,2026-08-09
bw9-1,Weedle,normal,Plasma Freeze,1,Common,Sumiyoshi Kizuki,Basic,13,Pokémon,2013/05/08,"tcgplayer,cardmarket",https://prices.pokemontcg.io/tcgplayer/bw9-1,https://images.pokemontcg.io/bw9/1_hires.png,2026/08/08,2026/07/01,0.32,0.19,0.31,19.98,,1.51,,,,0.1961,0.0231,0.2192,0.2884,0.1154,0.1846,0.15,0.4614,0.8421,0.6114,1.1535,2026-08-09
base1-1,Alakazam,holofoil,Base,1,Rare Holo,Ken Sugimori,Stage 2,65,Pokémon,1999/01/09,"tcgplayer,cardmarket",https://prices.pokemontcg.io/tcgplayer/base1-1,https://images.pokemontcg.io/base1/1_hires.png,2026/08/08,2026/07/01,70.4,46.99,69.09,9999.0,,,,,,144.1875,80.6758,309.8532,0.0,144.1875,325.437,216.9733,0.0,0.0,0.0,1.1535,2026-08-09
pop3-1,Blastoise,normal,POP Series 3,1,Rare,Mitsuhiro Arita,Stage 2,9,Pokémon,2006/04/01,"tcgplayer,cardmarket",https://prices.pokemontcg.io/tcgplayer/pop3-1,https://images.pokemontcg.io/pop3/1_hires.png,2026/08/08,2026/07/01,100.0,175.0,225.0,275.0,217.5,,,,,173.025,11.535,141.1884,0.0,173.025,116.492,113.9081,115.3385,57.675,57.675,1.1535,2026-08-09
dp4-1,Blaziken,holofoil,Great Encounters,1,Rare Holo,Kagemaru Himeno,Stage 2,257,Pokémon,2008/02/01,"tcgplayer,cardmarket",https://prices.pokemontcg.io/tcgplayer/dp4-1,https://images.pokemontcg.io/dp4/1_hires.png,2026/08/08,2026/07/01,23.17,23.64,30.09,309.5,,38.29,,,,7.0479,1.142,7.4401,3.9565,2.307,5.8021,5.3292,6.1712,4.0949,6.2289,1.1535,2026-08-09
bw7-1,Oddish,normal,Boundaries Crossed,1,Common,Kanako Eo,Basic,43,Pokémon,2012/11/07,"tcgplayer,cardmarket",https://prices.pokemontcg.io/tcgplayer/bw7-1,https://images.pokemontcg.io/bw7/1_hires.png,2026/08/08,2026/07/01,0.52,0.25,0.52,19.98,,9.29,,,,0.4268,0.0231,0.5191,12.1694,0.0577,0.4153,0.3345,24.212,4.787,2.2609,1.1535,2026-08-09
ex8-1,Altaria,normal,Deoxys,1,Rare Holo,Kyoko Umemoto,Stage 1,334,Pokémon,2005/02/01,"tcgplayer,cardmarket",https://prices.pokemontcg.io/tcgplayer/ex8-1,https://images.pokemontcg.io/ex8/1_hires.png,2026/08/08,2026/07/01,6.65,396.0,396.0,396.0,64.72,77.49,,,,8.9858,4.614,13.7613,40.5801,11.535,11.9157,16.9218,30.8331,36.589,25.5616,1.1535,2026-08-09
bw5-1,Bulbasaur,normal,Dark Explorers,1,Common,Mitsuhiro Arita,Basic,1,Pokémon,2012/05/09,"tcgplayer,cardmarket",https://prices.pokemontcg.io/tcgplayer/bw5-1,https://images.pokemontcg.io/bw5/1_hires.png,2026/08/08,2026/07/01,9.12,1.55,7.96,43.49,,25.19,,,,1.4419,0.0231,2.0763,10.6929,2.307,1.2919,1.2342,0.8882,14.9494,10.1969,1.1535,2026-08-09
pop5-1,Ho-Oh,normal,POP Series 5,1,Rare,Mitsuhiro Arita,Basic,250,Pokémon,2007/03/01,"tcgplayer,cardmarket",https://prices.pokemontcg.io/tcgplayer/pop5-1,https://images.pokemontcg.io/pop5/1_hires.png,2026/08/08,2026/07/01,20.0,37.29,42.47,399.5,59.63,,,,,55.5064,23.0123,45.6786,0.0,103.8035,54.9989,44.2598,14.984,14.7763,10.5661,1.1535,2026-08-09
sm5-1,Exeggcute,normal,Ultra Prism,1,Common,kawayoo,Basic,102,Pokémon,2018/02/02,"tcgplayer,cardmarket",https://prices.pokemontcg.io/tcgplayer/sm5-1,https://images.pokemontcg.io/sm5/1_hires.png,2026/08/08,2026/07/01,0.07,0.01,0.24,18.64,,0.39,,,,0.1269,0.0231,0.1154,0.5075,0.1384,0.1038,0.1154,0.4037,0.4614,0.5075,1.1535,2026-08-09
xy10-1,Shuckle,normal,Fates Collide,1,Uncommon,sui,Basic,213,Pokémon,2016/05/02,"tcgplayer,cardmarket",https://prices.pokemontcg.io/tcgplayer/xy10-1,https://images.pokemontcg.io/xy10/1_hires.png,2026/08/08,2026/07/01,0.33,0.1,0.3,1000.0,,1.08,,,,0.15,0.0231,0.1846,0.9689,0.0577,0.1384,0.1615,0.6344,0.9689,0.8305,1.1535,2026-08-09
sm8-1,Tangela,normal,Lost Thunder,1,Common,Ken Sugimori,Basic,114,Pokémon,2018/11/02,"tcgplayer,cardmarket",https://prices.pokemontcg.io/tcgplayer/sm8-1,https://images.pokemontcg.io/sm8/1_hires.png,2026/08/08,2026/07/01,0.33,0.1,0.35,19.98,,0.96,,,,0.173,0.0231,0.2422,1.0958,0.2768,0.2076,0.1615,0.346,1.0612,0.7613,1.1535,2026-08-09
hgss2-1,Jirachi,holofoil,HS—Unleashed,1,Rare Holo,Wataru Kawahara,Basic,385,Pokémon,2010/05/12,"tcgplayer,cardmarket",https://prices.pokemontcg.io/tcgplayer/hgss2-1,https://images.pokemontcg.io/hgss2/1_hires.png,2026/08/08,2026/07/01,26.04,15.49,24.4,212.9,,27.26,,,,6.8749,0.7498,38.8268,4.291,10.6583,7.2786,67.5836,7.2324,4.291,6.5519,1.1535,2026-08-09
dpp-DP01,Turtwig,holofoil,DP Black Star Promos,DP01,Promo,Masakazu Fukuda,Basic,387,Pokémon,2007/05/01,tcgplayer,https://prices.pokemontcg.io/tcgplayer/dpp-DP01,https://images.pokemontcg.io/dpp/DP01_hires.png,2026/08/08,,29.43,25.0,32.65,459.8,,,,,,,,,,,,,,,,,2026-08-09
swsh1-1,Celebi V,holofoil,Sword & Shield,1,Rare Holo V,PLANETA Igarashi,Basic|V,251,Pokémon,2020/02/07,"tcgplayer,cardmarket",https://prices.pokemontcg.io/tcgplayer/swsh1-1,https://images.pokemontcg.io/swsh1/1_hires.png,2026/08/08,2026/07/01,2.15,0.97,2.14,49.11,,,,,,2.8953,0.5767,3.1375,0.0,2.5492,3.0914,2.8607,3.9796,5.4099,5.2484,1.1535,2026-08-09
basep-1,Pikachu,,Wizards Black Star Promos,1,Promo,Keiji Kinebuchi,Basic,25,Pokémon,1999/07/01,cardmarket,https://prices.pokemontcg.io/tcgplayer/basep-1,https://images.pokemontcg.io/basep/1_hires.png,2023/03/27,2026/07/01,,,,,,,,,,23.416,8.6166,21.2705,0.0,28.826,21.5128,25.5039,13.842,14.7994,14.7994,1.1535,2026-08-09
swsh4-1,Weedle,normal,Vivid Voltage,1,Common,sui,Basic,13,Pokémon,2020/11/13,"tcgplayer,cardmarket",https://prices.pokemontcg.io/tcgplayer/swsh4-1,https://images.pokemontcg.io/swsh4/1_hires.png,2026/08/08,2026/07/01,0.05,0.01,0.15,25.03,,0.28,,,,0.0692,0.0231,0.0807,0.2884,0.0577,0.0577,0.0577,0.0577,0.2538,0.2653,1.1535,2026-08-09
xy1-1,Venusaur-EX,holofoil,XY,1,Rare Holo EX,Eske Yoshinob,Basic|EX,3,Pokémon,2014/02/05,"tcgplayer,cardmarket",https://prices.pokemontcg.io/tcgplayer/xy1-1,https://images.pokemontcg.io/xy1/1_hires.png,2026/08/08,2026/07/01,6.78,3.99,6.0,62.49,,,,,,7.4285,1.7302,5.2946,0.0,3.449,4.3141,8.1206,4.6025,5.26,5.1561,1.1535,2026-08-09
pop1-1,Blaziken,normal,POP Series 1,1,Rare,Katsura Tabata,Stage 2,257,Pokémon,2004/09/01,"tcgplayer,cardmarket",https://prices.pokemontcg.io/tcgplayer/pop1-1,https://images.pokemontcg.io/pop1/1_hires.png,2026/08/08,2026/07/01,15.58,11.99,64.95,115.0,16.8,,,,,23.7621,3.449,23.3007,0.0,11.535,20.7399,15.8491,8.0168,14.9378,9.2511,1.1535,2026-08-09
bw8-1,Turtwig,normal,Plasma Storm,1,Common,Kouki Saitou,Basic,387,Pokémon,2013/02/06,"tcgplayer,cardmarket",https://prices.pokemontcg.io/tcgplayer/bw8-1,https://images.pokemontcg.io/bw8/1_hires.png,2026/08/08,2026/07/01,0.37,0.2,0.4,18.54,,12.28,,,,0.2768,0.0231,0.2884,4.614,0.2768,0.2307,0.2307,5.6522,4.4294,3.2529,1.1535,2026-08-09
base6-1,Alakazam,holofoil,Legendary Collection,1,Rare Holo,Ken Sugimori,Stage 2,65,Pokémon,2002/05/24,"tcgplayer,cardmarket",https://prices.pokemontcg.io/tcgplayer/base6-1,https://images.pokemontcg.io/base6/1_hires.png,2026/08/08,2026/07/01,78.1,59.48,74.99,579.9,,142.2,,,,21.6973,11.535,81.2871,517.264,10.3815,89.6616,58.6555,149.955,459.8197,223.7213,1.1535,2026-08-09
pop9-1,Garchomp,normal,POP Series 9,1,Rare,Kagemaru Himeno,Stage 2,445,Pokémon,2009/03/01,"tcgplayer,cardmarket",https://prices.pokemontcg.io/tcgplayer/pop9-1,https://images.pokemontcg.io/pop9/1_hires.png,2026/08/08,2026/07/01,68.0,34.99,68.0,181227.58,,,,,,23.07,8.0745,21.1898,0.0,25.377,20.4746,14.4303,3.5874,2.307,2.307,1.1535,2026-08-09
pop4-1,Chimecho δ,normal,POP Series 4,1,Rare,Masakazu Fukuda,Basic,358,Pokémon,2006/08/01,"tcgplayer,cardmarket",https://prices.pokemontcg.io/tcgplayer/pop4-1,https://images.pokemontcg.io/pop4/1_hires.png,2026/08/08,2026/07/01,659.54,9999.0,9999.0,9999.0,,,,,,0.0,115.35,297.9375,0.0,542.145,278.6395,149.5974,57.675,57.675,57.675,1.1535,2026-08-09
neo4-1,Dark Ampharos,1stEditionHolofoil,Neo Destiny,1,Rare Holo,Kagemaru Himeno,Stage 2,181,Pokémon,2002/02/28,"tcgplayer,cardmarket",https://prices.pokemontcg.io/tcgplayer/neo4-1,https://images.pokemontcg.io/neo4/1_hires.png,2026/08/08,2026/07/01,149.55,9999.0,9999.0,9999.0,,,,,"{""unlimitedHolofoil"": {""low"": 76.96, ""mid"": 158.69, ""high"": 9999.0, ""market"": 114.32, ""directLow"": null}}",69.1985,16.149,107.1486,0.0,207.63,88.0813,77.3537,7.8438,19.2288,24.3042,1.1535,2026-08-09
neo3-1,Ampharos,1stEditionHolofoil,Neo Revelation,1,Rare Holo,Toshinao Aoki,Stage 2,181,Pokémon,2001/09/21,"tcgplayer,cardmarket",https://prices.pokemontcg.io/tcgplayer/neo3-1,https://images.pokemontcg.io/neo3/1_hires.png,2026/08/08,2026/07/01,219.9,143.0,149.99,999.98,,,,,"{""unlimitedHolofoil"": {""low"": 59.24, ""mid"": 79.99, ""high"": 678.69, ""market"": 76.59, ""directLow"": 599.99}}",55.0104,7.9476,46.0362,0.0,31.7212,29.6796,43.7984,27.9032,21.1206,17.1179,1.1535,2026-08-09
pl4-1,Charizard,holofoil,Arceus,1,Rare Holo,Kagemaru Himeno,Stage 2,6,Pokémon,2009/11/04,"tcgplayer,cardmarket",https://prices.pokemontcg.io/tcgplayer/pl4-1,https://images.pokemontcg.io/pl4/1_hires.png,2026/08/08,2026/07/01,70.61,46.97,78.74,1999.96,,54.75,,,,29.3796,4.614,35.1587,37.7656,19.6095,19.3903,28.2838,64.596,42.0451,33.5322,1.1535,2026-08-09
mcd19-4,Alolan Sandshrew,holofoil,McDonald's Collection 2019,4,,Shin Nagasawa,Basic,27,Pokémon,2019/10/15,"tcgplayer,cardmarket",https://prices.pokemontcg.io/tcgplayer/mcd19-4,https://images.pokemontcg.io/mcd19/4_hires.png,2026/08/08,2026/07/01,8.87,17.25,48.45,118.39,,,,,,1.6264,0.173,2.2609,0.0,1.4995,2.0994,1.3611,1.6034,2.7223,1.9263,1.1535,2026-08-09
sm115-3,Butterfree,normal,Hidden Fates,3,Rare,Masakazu Fukuda,Stage 2,12,Pokémon,2019/08/23,"tcgplayer,cardmarket",https://prices.pokemontcg.io/tcgplayer/sm115-3,https://images.pokemontcg.io/sm115/3_hires.png,2026/08/08,2026/07/01,0.37,0.04,0.3,19.98,,0.83,,,,0.1961,0.0231,0.2076,0.8997,0.0231,0.2422,0.2307,1.3727,0.9228,1.0497,1.1535,2026-08-09
base3-4,Dragonite,1stEditionHolofoil,Fossil,4,Rare Holo,Kagemaru Himeno,Stage 2,149,Pokémon,1999/10/10,"tcgplayer,cardmarket",https://prices.pokemontcg.io/tcgplayer/base3-4,https://images.pokemontcg.io/base3/4_hires.png,2026/08/08,2026/07/01,461.75,598.48,754.97,999.99,,,,,"{""unlimitedHolofoil"": {""low"": 107.23, ""mid"": 149.99, ""high"": 973.42, ""market"": 185.86, ""directLow"": null}}",133.3215,23.07,127.2426,0.0,115.3269,125.9045,134.9941,94.1948,56.4754,56.014,1.1535,2026-08-09
ex9-3,Exploud,normal,Emerald,3,Rare Holo,Hajime Kusajima,Stage 2,295,Pokémon,2005/05/01,"tcgplayer,cardmarket",https://prices.pokemontcg.io/tcgplayer/ex9-3,https://images.pokemontcg.io/ex9/3_hires.png,2026/08/08,2026/07/01,17.9,19.89,22.13,263.0,26.58,24.07,,,,6.2058,126.885,13.9573,0.0,4.3256,11.5004,16.4374,0.0,0.0,0.0,1.1535,2026-08-09
pop7-3,Latias,normal,POP Series 7,3,Rare,Daisuke Ito,Basic,380,Pokémon,2008/03/01,"tcgplayer,cardmarket",https://prices.pokemontcg.io/tcgplayer/pop7-3,https://images.pokemontcg.io/pop7/3_hires.png,2026/08/08,2026/07/01,33.3,15.09,19.55,199.2,49.75,,,,,8.2706,0.5767,9.9893,2.307,16.149,10.0816,8.4436,2.307,5.1792,3.4028,1.1535,2026-08-09
pop6-4,Pachirisu,normal,POP Series 6,4,Rare,Atsuko Nishida,Basic,417,Pokémon,2007/09/01,"tcgplayer,cardmarket",https://prices.pokemontcg.io/tcgplayer/pop6-4,https://images.pokemontcg.io/pop6/4_hires.png,2026/08/08,2026/07/01,12.66,7.99,14.67,149.3,,,,,,1.3496,0.496,1.8917,11.535,0.5767,2.1801,1.8225,11.535,2.6646,1.2342,1.1535,2026-08-09
det1-4,Charmander,holofoil,Detective Pikachu,4,Common,MPC Film,Basic,4,Pokémon,2019/04/05,"tcgplayer,cardmarket",https://prices.pokemontcg.io/tcgplayer/det1-4,https://images.pokemontcg.io/det1/4_hires.png,2026/08/08,2026/07/01,0.94,0.24,0.75,50.0,,,,,,0.5998,0.0231,0.819,1.1535,0.2999,0.5652,0.5883,0.173,0.7382,0.8305,1.1535,2026-08-09
ex4-2,Team Aqua's Crawdaunt,holofoil,Team Magma vs Team Aqua,2,Rare Holo,Nakaoka,Stage 1,342,Pokémon,2004/03/01,"tcgplayer,cardmarket",https://prices.pokemontcg.io/tcgplayer/ex4-2,https://images.pokemontcg.io/ex4/2_hires.png,2026/08/08,2026/07/01,32.48,15.46,25.0,82.4,,20.0,,,,11.2697,1.142,11.0736,11.5235,13.7843,10.4046,10.9121,11.5235,11.4427,7.3363,1.1535,2026-08-09
hgss1-4,Gyarados,holofoil,HeartGold & SoulSilver,4,Rare Holo,Mitsuhiro Arita,Stage 1,130,Pokémon,2010/02/10,"tcgplayer,cardmarket",https://prices.pokemontcg.io/tcgplayer/hgss1-4,https://images.pokemontcg.io/hgss1/4_hires.png,2026/08/08,2026/07/01,61.04,25.0,54.94,540.42,,49.99,,,,15.999,0.5767,19.7018,11.3043,12.1117,14.338,11.9387,6.8056,13.7382,9.8048,1.1535,2026-08-09
xy1-2,M Venusaur-EX,holofoil,XY,2,Rare Holo EX,5ban Graphics,MEGA|EX,3,Pokémon,2014/02/05,"tcgplayer,cardmarket",https://prices.pokemontcg.io/tcgplayer/xy1-2,https://images.pokemontcg.io/xy1/2_hires.png,2026/08/08,2026/07/01,21.45,14.24,22.18,292.8,,,,,,20.8899,5.0754,19.6095,0.0,46.14,29.8526,18.3637,17.5332,12.0541,12.8269,1.1535,2026-08-09
ex8-2,Beautifly,normal,Deoxys,2,Rare Holo,Kagemaru Himeno,Stage 2,267,Pokémon,2005/02/01,"tcgplayer,cardmarket",https://prices.pokemontcg.io/tcgplayer/ex8-2,https://images.pokemontcg.io/ex8/2_hires.png,2026/08/08,2026/07/01,13.04,16.25,24.99,34.99,19.63,29.97,,,,7.9476,2.307,7.5324,11.5235,4.0373,9.0665,7.4401,11.5235,11.7196,16.1721,1.1535,2026-08-09
bw5-2,Ivysaur,normal,Dark Explorers,2,Uncommon,sui,Stage 1,2,Pokémon,2012/05/09,"tcgplayer,cardmarket",https://prices.pokemontcg.io/tcgplayer/bw5-2,https://images.pokemontcg.io/bw5/2_hires.png,2026/08/08,2026/07/01,9.68,6.52,9.42,96.95,,20.74,,,,2.8376,0.173,3.2875,17.3025,5.5253,2.976,3.795,17.3025,12.4232,10.37,1.1535,2026-08-09
dpp-DP02,Chimchar,holofoil,DP Black Star Promos,DP02,Promo,Kagemaru Himeno,Basic,390,Pokémon,2007/05/01,tcgplayer,https://prices.pokemontcg.io/tcgplayer/dpp-DP02,https://images.pokemontcg.io/dpp/DP02_hires.png,2026/08/08,,23.9,10.51,36.85,249.96,,,,,,,,,,,,,,,,,2026-08-09
sm2-2,Weepinbell,normal,Guardians Rising,2,Uncommon,Mina Nakai,Stage 1,70,Pokémon,2017/05/05,"tcgplayer,cardmarket",https://prices.pokemontcg.io/tcgplayer/sm2-2,https://images.pokemontcg.io/sm2/2_hires.png,2026/08/08,2026/07/01,0.23,0.03,0.23,19.98,,0.36,,,,0.1154,0.0231,0.0923,0.3576,0.0923,0.1154,0.1269,0.5767,0.3807,0.3807,1.1535,2026-08-09
pop4-2,Deoxys δ,normal,POP Series 4,2,Rare,Kouki Saitou,Basic,386,Pokémon,2006/08/01,"tcgplayer,cardmarket",https://prices.pokemontcg.io/tcgplayer/pop4-2,https://images.pokemontcg.io/pop4/2_hires.png,2026/08/08,2026/07/01,50.25,69.98,140.0,422.88,100.66,,,,,22.078,5.756,30.5331,55.368,33.3938,18.1792,31.6751,55.368,28.9759,12.354,1.1535,2026-08-09
bw7-2,Gloom,normal,Boundaries Crossed,2,Uncommon,Atsuko Nishida,Stage 1,44,Pokémon,2012/11/07,"tcgplayer,cardmarket",https://prices.pokemontcg.io/tcgplayer/bw7-2,https://images.pokemontcg.io/bw7/2_hires.png,2026/08/08,2026/07/01,0.44,0.1,0.43,19.98,,2.67,,,,0.2999,0.0231,0.4268,1.4995,0.5075,0.3114,0.2884,2.5031,1.3496,0.992,1.1535,2026-08-09
xy4-2,Venomoth,normal,Phantom Forces,2,Rare,5ban Graphics,Stage 1,49,Pokémon,2014/11/05,"tcgplayer,cardmarket",https://prices.pokemontcg.io/tcgplayer/xy4-2,https://images.pokemontcg.io/xy4/2_hires.png,2026/08/08,2026/07/01,0.73,0.25,0.66,24.99,,1.11,,,,0.6575,0.1038,0.5075,2.157,0.6806,0.7382,0.6344,2.1801,2.8953,2.0648,1.1535,2026-08-09
col1-3,Dialga,holofoil,Call of Legends,3,Rare Holo,Ayaka Yoshida,Basic,483,Pokémon,2011/02/09,"tcgplayer,cardmarket",https://prices.pokemontcg.io/tcgplayer/col1-3,https://images.pokemontcg.io/col1/3_hires.png,2026/08/08,2026/07/01,34.37,9.75,24.99,163.1,,11.69,,,,11.8926,0.9228,9.574,24.1889,9.1703,11.8926,8.409,11.8234,16.2644,15.4108,1.1535,2026-08-09
ex12-4,Delcatty,holofoil,Legend Maker,4,Rare Holo,Naoyo Kimura,Stage 1,301,Pokémon,2006/02/01,"tcgplayer,cardmarket",https://prices.pokemontcg.io/tcgplayer/ex12-4,https://images.pokemontcg.io/ex12/4_hires.png,2026/08/08,2026/07/01,14.37,17.75,32.75,359.5,,63.71,,,,8.2591,0.2884,6.6211,7.1056,5.756,7.74,8.0053,11.4197,9.9432,12.3771,1.1535,2026-08-09
bw11-2,Tangrowth,normal,Legendary Treasures,2,Rare,Kagemaru Himeno,Stage 1,465,Pokémon,2013/11/06,"tcgplayer,cardmarket",https://prices.pokemontcg.io/tcgplayer/bw11-2,https://images.pokemontcg.io/bw11/2_hires.png,2026/08/08,2026/07/01,0.36,0.08,0.38,19.98,,0.9,,,,0.6114,0.0577,0.5998,2.307,0.2307,0.6114,0.4614,2.8722,5.3176,2.5608,1.1535,2026-08-09
pl1-4,Delcatty,holofoil,Platinum,4,Rare Holo,Mitsuhiro Arita,Stage 1,301,Pokémon,2009/02/11,"tcgplayer,cardmarket",https://prices.pokemontcg.io/tcgplayer/pl1-4,https://images.pokemontcg.io/pl1/4_hires.png,2026/08/08,2026/07/01,10.68,7.8,9.81,91.0,,8.06,,,,2.4454,1.0612,2.1109,5.7906,4.5563,3.3451,3.9565,4.6025,5.3753,3.8181,1.1535,2026-08-09
swsh35-3,Kakuna,normal,Champion's Path,3,Common,Miki Tanaka,Stage 1,14,Pokémon,2020/09/25,"tcgplayer,cardmarket",https://prices.pokemontcg.io/tcgplayer/swsh35-3,https://images.pokemontcg.io/swsh35/3_hires.png,2026/08/08,2026/07/01,0.1,0.01,0.17,2.99,,0.29,,,,0.0807,0.0231,0.0692,0.3114,0.1154,0.0461,0.0692,0.2076,0.2884,0.2768,1.1535,2026-08-09
base5-2,Dark Arbok,1stEditionHolofoil,Team Rocket,2,Rare Holo,Mitsuhiro Arita,Stage 1,24,Pokémon,2000/04/24,"tcgplayer,cardmarket",https://prices.pokemontcg.io/tcgplayer/base5-2,https://images.pokemontcg.io/base5/2_hires.png,2026/08/08,2026/07/01,62.22,39.99,50.98,799.8,,,,,"{""unlimitedHolofoil"": {""low"": 8.89, ""mid"": 13.16, ""high"": 200.0, ""market"": 16.93, ""directLow"": 14.24}}",13.6228,1.0381,14.5456,0.0,13.5306,12.5847,14.0381,15.5723,8.2821,9.6087,1.1535,2026-08-09
ecard2-H4,Azumarill,,Aquapolis,H4,Rare Holo,Kagemaru Himeno,Stage 1,184,Pokémon,2003/01/15,cardmarket,https://prices.pokemontcg.io/cardmarket/ecard2-H4,https://images.pokemontcg.io/ecard2/H4_hires.png,,2026/07/01,,,,,,,,,,80.8488,8.0745,74.2508,0.0,24.2235,68.9793,73.8125,5.7675,11.7657,14.6264,1.1535,2026-08-09
neo4-2,Dark Crobat,1stEditionHolofoil,Neo Destiny,2,Rare Holo,"Shin-ichi Yoshikawa, CR CG gangs",Stage 2,169,Pokémon,2002/02/28,"tcgplayer,cardmarket",https://prices.pokemontcg.io/tcgplayer/neo4-2,https://images.pokemontcg.io/neo4/2_hires.png,2026/08/08,2026/07/01,200.46,199.88,243.5,260.0,,,,,"{""unlimitedHolofoil"": {""low"": 86.99, ""mid"": 139.55, ""high"": 1115.8, ""market"": 139.82, ""directLow"": null}}",90.6305,21.8588,80.076,0.0,34.5935,85.9934,70.2597,11.3043,21.7896,28.5607,1.1535,2026-08-09
ex3-4,Flygon,holofoil,Dragon,4,Rare Holo,Mitsuhiro Arita,Stage 2,330,Pokémon,2003/11/24,"tcgplayer,cardmarket",https://prices.pokemontcg.io/tcgplayer/ex3-4,https://images.pokemontcg.io/ex3/4_hires.png,2026/08/08,2026/07/01,61.53,69.99,480.39,1130.59,,53.47,,,,15.4108,2.307,20.7169,22.7701,28.7798,20.8322,26.9227,23.07,14.6494,14.7533,1.1535,2026-08-09
xy2-4,Pineco,normal,Flashfire,4,Common,Suwama Chiaki,Basic,204,Pokémon,2014/05/07,"tcgplayer,cardmarket",https://prices.pokemontcg.io/tcgplayer/xy2-4,https://images.pokemontcg.io/xy2/4_hires.png,2026/08/08,2026/07/01,0.17,0.05,0.22,19.98,,0.45,,,,0.15,0.0231,0.1961,0.4268,0.1038,0.173,0.1384,0.5191,0.4383,0.4614,1.1535,2026-08-09
pop5-2,Lugia,normal,POP Series 5,2,Rare,Mitsuhiro Arita,Basic,249,Pokémon,2007/03/01,"tcgplayer,cardmarket",https://prices.pokemontcg.io/tcgplayer/pop5-2,https://images.pokemontcg.io/pop5/2_hires.png,2026/08/08,2026/07/01,95.15,110.3,144.0,1129.5,110.0,,,,,128.6037,86.4548,110.4015,0.0,173.0135,122.6747,88.8426,46.0823,32.2749,29.3912,1.1535,2026-08-09
base6-2,Articuno,holofoil,Legendary Collection,2,Rare Holo,Mitsuhiro Arita,Basic,144,Pokémon,2002/05/24,"tcgplayer,cardmarket",https://prices.pokemontcg.io/tcgplayer/base6-2,https://images.pokemontcg.io/base6/2_hires.png,2026/08/08,2026/07/01,55.79,64.99,449.0,768.06,,749.99,,,,38.7115,6.921,26.3575,360.4688,23.0123,36.7505,31.5944,69.21,323.799,233.0647,1.1535,2026-08-09
dv1-4,Dragonair,holofoil,Dragon Vault,4,Rare Holo,Kagemaru Himeno,Stage 1,148,Pokémon,2012/10/05,"tcgplayer,cardmarket",https://prices.pokemontcg.io/tcgplayer/dv1-4,https://images.pokemontcg.io/dv1/4_hires.png,2026/08/08,2026/07/01,14.61,6.99,13.15,199.76,,,,,,10.1739,0.346,11.4427,0.4614,1.6726,8.6974,9.3895,0.4614,6.9556,5.3407,1.1535,2026-08-09
ex11-4,Espeon δ,holofoil,Delta Species,4,Rare Holo,Ryo Ueda,Stage 1,196,Pokémon,2005/10/31,"tcgplayer,cardmarket",https://prices.pokemontcg.io/tcgplayer/ex11-4,https://images.pokemontcg.io/ex11/4_hires.png,2026/08/08,2026/07/01,212.5,297.98,379.99,1809.9,,213.47,,,,75.6927,20.763,100.7582,77.273,232.1073,127.4156,69.879,103.8035,75.7965,88.0582,1.1535,2026-08-09
dp4-2,Cresselia,holofoil,Great Encounters,2,Rare Holo,Ryo Ueda,Basic,488,Pokémon,2008/02/01,"tcgplayer,cardmarket",https://prices.pokemontcg.io/tcgplayer/dp4-2,https://images.pokemontcg.io/dp4/2_hires.png,2026/08/08,2026/07/01,17.5,9.61,21.6,175.9,,16.25,,,,3.1375,0.4614,3.2875,3.9104,2.307,4.2333,3.299,2.2955,3.7719,3.8412,1.1535,2026-08-09
dp1-2,Dusknoir,holofoil,Diamond & Pearl,2,Rare Holo,Takabon,Stage 2,477,Pokémon,2007/05/01,"tcgplayer,cardmarket",https://prices.pokemontcg.io/tcgplayer/dp1-2,https://images.pokemontcg.io/dp1/2_hires.png,2026/08/08,2026/07/01,12.88,6.84,10.0,129.9,,6.86,,,,3.3567,0.5767,1.9494,3.1145,1.7187,1.5688,3.5528,1.6841,3.8873,2.9876,1.1535,2026-08-09
gym2-3,Brock's Ninetales,1stEditionHolofoil,Gym Challenge,3,Rare Holo,Ken Sugimori,Stage 1,38,Pokémon,2000/10/16,"tcgplayer,cardmarket",https://prices.pokemontcg.io/tcgplayer/gym2-3,https://images.pokemontcg.io/gym2/3_hires.png,2026/08/08,2026/07/01,145.0,154.28,275.0,4320.99,,,,,"{""unlimitedHolofoil"": {""low"": 51.99, ""mid"": 70.0, ""high"": 9999.0, ""market"": 77.59, ""directLow"": 1599.8}}",59.8205,23.1507,102.8922,0.0,103.815,113.9081,93.3528,9.2165,27.3841,25.9768,1.1535,2026-08-09
pop1-2,Metagross,normal,POP Series 1,2,Rare,Ken Sugimori,Stage 2,376,Pokémon,2004/09/01,"tcgplayer,cardmarket",https://prices.pokemontcg.io/tcgplayer/pop1-2,https://images.pokemontcg.io/pop1/2_hires.png,2026/08/08,2026/07/01,12.42,14.99,37.75,213.0,10.97,,,,,28.826,2.8722,17.3371,0.0,27.684,18.283,14.5918,28.826,9.3895,4.9947,1.1535,2026-08-09
si1-3,Onix,normal,Southern Islands,3,,Keiko Fukuyama,Basic,95,Pokémon,2001/07/31,"tcgplayer,cardmarket",https://prices.pokemontcg.io/tcgplayer/si1-3,https://images.pokemontcg.io/si1/3_hires.png,2026/08/08,2026/07/01,53.07,50.0,57.0,629.2,,,,,,39.2997,37.4887,51.9998,0.0,40.3264,39.2997,34.8472,5.6522,5.6522,5.6522,1.1535,2026-08-09
dp3-4,Entei,holofoil,Secret Wonders,4,Rare Holo,Ryo Ueda,Basic,244,Pokémon,2007/11/01,"tcgplayer,cardmarket",https://prices.pokemontcg.io/tcgplayer/dp3-4,https://images.pokemontcg.io/dp3/4_hires.png,2026/08/08,2026/07/01,40.62,23.41,40.97,424.9,,31.06,,,,7.3824,1.142,4.6947,8.4667,11.3043,5.3061,7.7861,4.614,7.9592,7.4631,1.1535,2026-08-09
base4-4,Charizard,holofoil,Base Set 2,4,Rare Holo,Mitsuhiro Arita,Stage 2,6,Pokémon,2000/02/24,"tcgplayer,cardmarket",https://prices.pokemontcg.io/tcgplayer/base4-4,https://images.pokemontcg.io/base4/4_hires.png,2026/08/08,2026/07/01,466.74,296.69,460.25,3000.0,,,,,,333.3038,184.4908,264.636,0.0,115.35,336.672,277.4975,138.42,269.5383,258.1418,1.1535,2026-08-09
pl4-2,Froslass,holofoil,Arceus,2,Rare Holo,TOKIYA,Stage 1,478,Pokémon,2009/11/04,"tcgplayer,cardmarket",https://prices.pokemontcg.io/tcgplayer/pl4-2,https://images.pokemontcg.io/pl4/2_hires.png,2026/08/08,2026/07/01,8.1,2.68,9.48,79.99,,10.9,,,,2.9299,0.4499,2.9991,2.2147,2.2955,3.1721,2.8376,4.0373,2.0302,3.3567,1.1535,2026-08-09
bw8-2,Grotle,normal,Plasma Storm,2,Uncommon,Sumiyoshi Kizuki,Stage 1,388,Pokémon,2013/02/06,"tcgplayer,cardmarket",https://prices.pokemontcg.io/tcgplayer/bw8-2,https://images.pokemontcg.io/bw8/2_hires.png,2026/08/08,2026/07/01,0.48,0.27,0.47,18.92,,5.81,,,,0.346,0.0231,0.3807,5.7675,0.2884,0.4268,0.3345,1.1304,5.0985,2.2147,1.1535,2026-08-09
pop3-2,Flareon,normal,POP Series 3,2,Rare,Masakazu Fukuda,Stage 1,136,Pokémon,2006/04/01,"tcgplayer,cardmarket",https://prices.pokemontcg.io/tcgplayer/pop3-2,https://images.pokemontcg.io/pop3/2_hires.png,2026/08/08,2026/07/01,22.62,19.08,38.79,58.5,34.28,,,,,25.2963,5.7675,38.6192,0.0,9.2165,25.2963,30.6946,5.7098,10.8544,17.3256,1.1535,2026-08-09
xy11-3,Hoppip,normal,Steam Siege,3,Common,Mina Nakai,Basic,187,Pokémon,2016/08/03,"tcgplayer,cardmarket",https://prices.pokemontcg.io/tcgplayer/xy11-3,https://images.pokemontcg.io/xy11/3_hires.png,2026/08/08,2026/07/01,0.18,0.03,0.23,1000.0,,0.45,,,,0.0923,0.0231,0.0807,0.5075,0.0577,0.1154,0.0923,0.0231,0.3114,0.4268,1.1535,2026-08-09
sm3-2,Metapod,normal,Burning Shadows,2,Uncommon,Suwama Chiaki,Stage 1,11,Pokémon,2017/08/05,"tcgplayer,cardmarket",https://prices.pokemontcg.io/tcgplayer/sm3-2,https://images.pokemontcg.io/sm3/2_hires.png,2026/08/08,2026/07/01,0.22,0.01,0.22,4.0,,0.33,,,,0.1038,0.0231,0.0807,0.2884,0.0923,0.1154,0.1038,0.4037,0.2768,0.3114,1.1535,2026-08-09
swsh1-2,Roselia,normal,Sword & Shield,2,Common,sowsow,Basic,315,Pokémon,2020/02/07,"tcgplayer,cardmarket",https://prices.pokemontcg.io/tcgplayer/swsh1-2,https://images.pokemontcg.io/swsh1/2_hires.png,2026/08/08,2026/07/01,0.11,0.02,0.19,17.98,,0.34,,,,0.1269,0.0231,0.1269,0.3114,0.1038,0.15,0.1154,0.2307,0.346,0.323,1.1535,2026-08-09
pop9-2,Manaphy,normal,POP Series 9,2,Rare,Masakazu Fukuda,Basic,490,Pokémon,2009/03/01,"tcgplayer,cardmarket",https://prices.pokemontcg.io/tcgplayer/pop9-2,https://images.pokemontcg.io/pop9/2_hires.png,2026/08/08,2026/07/01,4.15,3.37,5.75,19.98,9.59,,,,,2.7107,0.173,4.614,0.0,1.7302,2.4916,3.968,3.4028,1.7879,1.5918,1.1535,2026-08-09
xy7-3,Vileplume,normal,Ancient Origins,3,Rare,Midori Harada,Stage 2,45,Pokémon,2015/08/12,"tcgplayer,cardmarket",https://prices.pokemontcg.io/tcgplayer/xy7-3,https://images.pokemontcg.io/xy7/3_hires.png,2026/08/08,2026/07/01,0.54,0.35,0.59,29.99,,1.95,,,,0.8421,0.1154,0.9113,2.0994,0.9228,0.8651,0.819,2.7107,1.9956,2.3185,1.1535,2026-08-09
bw10-3,Lileep,normal,Plasma Blast,3,Uncommon,Suwama Chiaki,Restored,345,Pokémon,2013/08/14,"tcgplayer,cardmarket",https://prices.pokemontcg.io/tcgplayer/bw10-3,https://images.pokemontcg.io/bw10/3_hires.png,2026/08/08,2026/07/01,0.63,0.09,0.5,19.98,,1.2,,,,0.5075,0.0231,0.2653,1.0381,0.0346,0.1961,0.3691,1.7302,0.8421,1.0497,1.1535,2026-08-09
bw4-2,Seedot,normal,Next Destinies,2,Common,Kagemaru Himeno,Basic,273,Pokémon,2012/02/08,"tcgplayer,cardmarket",https://prices.pokemontcg.io/tcgplayer/bw4-2,https://images.pokemontcg.io/bw4/2_hires.png,2026/08/08,2026/07/01,0.21,0.04,0.23,1000.0,,0.63,,,,0.1846,0.0231,0.2192,0.819,0.173,0.173,0.1384,1.4419,0.5191,0.5883,1.1535,2026-08-09
sm9-4,Kakuna,normal,Team Up,4,Uncommon,Yuka Morii,Stage 1,14,Pokémon,2019/02/01,"tcgplayer,cardmarket",https://prices.pokemontcg.io/tcgplayer/sm9-4,https://images.pokemontcg.io/sm9/4_hires.png,2026/08/08,2026/07/01,0.62,0.25,0.65,19.98,,2.31,,,,0.3576,0.0231,0.2999,1.0497,0.1038,0.2653,0.2999,0.8651,0.8421,0.8536,1.1535,2026-08-09
hgss4-4,Drapion,holofoil,HS—Triumphant,4,Rare Holo,Sumiyoshi Kizuki,Stage 1,452,Pokémon,2010/11/03,"tcgplayer,cardmarket",https://prices.pokemontcg.io/tcgplayer/hgss4-4,https://images.pokemontcg.io/hgss4/4_hires.png,2026/08/08,2026/07/01,3.32,1.99,3.32,96.95,,5.64,,,,2.7223,0.5075,4.787,4.2679,17.3025,4.8447,3.299,1.7302,3.3913,4.5794,1.1535,2026-08-09
ex13-3,Deoxys δ,holofoil,Holon Phantoms,3,Rare Holo,Mitsuhiro Arita,Basic,386,Pokémon,2006/05/01,"tcgplayer,cardmarket",https://prices.pokemontcg.io/tcgplayer/ex13-3,https://images.pokemontcg.io/ex13/3_hires.png,2026/08/08,2026/07/01,79.99,64.5,215.0,799.95,,124.51,,,,19.5172,6.921,31.652,125.1547,12.677,43.4293,24.558,28.8375,88.162,52.1959,1.1535,2026-08-09
sm5-2,Yanma,normal,Ultra Prism,2,Common,Akira Komayama,Basic,193,Pokémon,2018/02/02,"tcgplayer,cardmarket",https://prices.pokemontcg.io/tcgplayer/sm5-2,https://images.pokemontcg.io/sm5/2_hires.png,2026/08/08,2026/07/01,0.09,0.04,0.2,19.98,,0.31,,,,0.0346,0.0231,0.0923,0.2768,0.1038,0.1038,0.0923,0.5191,0.4268,0.3345,1.1535,2026-08-09
sm75-1,Charmander,normal,Dragon Majesty,1,Common,tetsuya koizumi,Basic,4,Pokémon,2018/09/07,"tcgplayer,cardmarket",https://prices.pokemontcg.io/tcgplayer/sm75-1,https://images.pokemontcg.io/sm75/1_hires.png,2026/08/08,2026/07/01,5.06,2.79,5.11,96.94,,25.53,,,,2.6646,0.5767,3.2298,19.275,4.0373,3.0106,2.7915,11.4197,17.5332,15.007,1.1535,2026-08-09
ex10-1,Ampharos,holofoil,Unseen Forces,1,Rare Holo,Kyoko Umemoto,Stage 2,181,Pokémon,2005/08/01,"tcgplayer,cardmarket",https://prices.pokemontcg.io/tcgplayer/ex10-1,https://images.pokemontcg.io/ex10/1_hires.png,2026/08/08,2026/07/01,91.59,84.98,99.95,980.0,,109.99,,,,8.5936,3.4605,14.8917,70.3289,17.291,18.8251,17.5101,9.228,60.4665,36.6352,1.1535,2026-08-09
bw6-1,Hoppip,normal,Dragons Exalted,1,Common,Kouki Saitou,Basic,187,Pokémon,2012/08/15,"tcgplayer,cardmarket",https://prices.pokemontcg.io/tcgplayer/bw6-1,https://images.pokemontcg.io/bw6/1_hires.png,2026/08/08,2026/07/01,0.35,0.15,0.34,19.98,,0.97,,,,0.2307,0.0231,0.2307,1.1881,0.1038,0.1846,0.2076,1.7302,1.3265,0.8421,1.1535,2026-08-09
si1-4,Togepi,reverseHolofoil,Southern Islands,4,,Keiko Fukuyama,Basic,175,Pokémon,2001/07/31,"tcgplayer,cardmarket",https://prices.pokemontcg.io/tcgplayer/si1-4,https://images.pokemontcg.io/si1/4_hires.png,2026/08/08,2026/07/01,191.03,119.99,185.33,1853.1,,,,,,101.0927,34.5935,94.91,0.0,22.9546,84.3324,94.1833,23.07,28.3184,22.9777,1.1535,2026-08-09
bw5-3,Venusaur,holofoil,Dark Explorers,3,Rare Holo,Masakazu Fukuda,Stage 2,3,Pokémon,2012/05/09,"tcgplayer,cardmarket",https://prices.pokemontcg.io/tcgplayer/bw5-3,https://images.pokemontcg.io/bw5/3_hires.png,2026/08/08,2026/07/01,15.96,9.99,15.8,99.9,,39.56,,,,7.6362,1.1535,6.7941,7.4747,4.0373,6.5865,6.2866,11.535,9.4472,8.3975,1.1535,2026-08-09
dp1-3,Electivire,holofoil,Diamond & Pearl,3,Rare Holo,Nakaoka,Stage 1,466,Pokémon,2007/05/01,"tcgplayer,cardmarket",https://prices.pokemontcg.io/tcgplayer/dp1-3,https://images.pokemontcg.io/dp1/3_hires.png,2026/08/08,2026/07/01,17.06,6.25,22.99,157.9,,11.67,,,,51.9075,23.07,30.3371,0.0,26.8189,28.6875,28.5837,0.0,0.0,0.0,1.1535,2026-08-09
xy11-4,Skiploom,normal,Steam Siege,4,Uncommon,Eri Yamaki,Stage 1,188,Pokémon,2016/08/03,"tcgplayer,cardmarket",https://prices.pokemontcg.io/tcgplayer/xy11-4,https://images.pokemontcg.io/xy11/4_hires.png,2026/08/08,2026/07/01,0.18,0.03,0.21,19.98,,0.49,,,,0.2192,0.0231,0.15,0.5191,0.0923,0.0923,0.1846,0.2307,0.4729,0.4614,1.1535,2026-08-09
hgss4-5,Mamoswine,holofoil,HS—Triumphant,5,Rare Holo,Kagemaru Himeno,Stage 2,473,Pokémon,2010/11/03,"tcgplayer,cardmarket",https://prices.pokemontcg.io/tcgplayer/hgss4-5,https://images.pokemontcg.io/hgss4/5_hires.png,2026/08/08,2026/07/01,3.68,2.46,3.93,41.77,,4.06,,,,3.5182,0.0807,3.5182,3.472,4.614,4.5794,2.6415,2.8261,3.7604,2.9299,1.1535,2026-08-09
sm12-3,Gloom,normal,Cosmic Eclipse,3,Uncommon,sui,Stage 1,44,Pokémon,2019/11/01,"tcgplayer,cardmarket",https://prices.pokemontcg.io/tcgplayer/sm12-3,https://images.pokemontcg.io/sm12/3_hires.png,2026/08/08,2026/07/01,0.2,0.09,0.25,10.0,,0.8,,,,0.1038,0.0231,0.0807,1.1535,0.0577,0.1269,0.1154,0.5767,0.6575,0.6575,1.1535,2026-08-09
ex7-4,Dark Electrode,normal,Team Rocket Returns,4,Rare Holo,Kouki Saitou,Stage 1,101,Pokémon,2004/11/01,"tcgplayer,cardmarket",https://prices.pokemontcg.io/tcgplayer/ex7-4,https://images.pokemontcg.io/ex7/4_hires.png,2026/08/08,2026/07/01,36.75,54.99,60.0,65.0,91.33,50.84,,,,40.3148,10.37,29.3104,25.3539,28.7798,34.9626,27.3841,40.361,35.9085,52.8534,1.1535,2026-08-09
sm5-3,Yanmega,normal,Ultra Prism,3,Uncommon,SATOSHI NAKAI,Stage 1,469,Pokémon,2018/02/02,"tcgplayer,cardmarket",https://prices.pokemontcg.io/tcgplayer/sm5-3,https://images.pokemontcg.io/sm5/3_hires.png,2026/08/08,2026/07/01,0.06,0.03,0.25,19.98,,0.32,,,,0.1154,0.0231,0.1269,0.3691,0.1615,0.1384,0.1384,0.8651,0.3691,0.4153,1.1535,2026-08-09
swsh1-3,Roselia,normal,Sword & Shield,3,Common,Naoyo Kimura,Basic,315,Pokémon,2020/02/07,"tcgplayer,cardmarket",https://prices.pokemontcg.io/tcgplayer/swsh1-3,https://images.pokemontcg.io/swsh1/3_hires.png,2026/08/08,2026/07/01,0.03,0.01,0.15,19.98,,0.25,,,,0.0692,0.0231,0.0577,0.4268,0.0923,0.0807,0.0923,0.2884,0.4383,0.3114,1.1535,2026-08-09
pl3-4,Electivire FB,holofoil,Supreme Victors,4,Rare Holo,Hironobu Yoshida,Basic|SP,466,Pokémon,2009/08/19,"tcgplayer,cardmarket",https://prices.pokemontcg.io/tcgplayer/pl3-4,https://images.pokemontcg.io/pl3/4_hires.png,2026/08/08,2026/07/01,23.58,5.7,21.3,399.0,,13.04,,,,5.5483,1.1304,4.5794,20.1863,5.1907,4.7293,5.3984,1.1535,8.3975,7.8438,1.1535,2026-08-09
hgss1-5,Hitmontop,holofoil,HeartGold & SoulSilver,5,Rare Holo,Ken Sugimori,Basic,237,Pokémon,2010/02/10,"tcgplayer,cardmarket",https://prices.pokemontcg.io/tcgplayer/hgss1-5,https://images.pokemontcg.io/hgss1/5_hires.png,2026/08/08,2026/07/01,8.04,3.0,6.12,88.7,,5.26,,,,4.2564,0.5767,3.8296,5.4445,4.6025,3.7258,3.5066,2.1916,5.4445,3.5528,1.1535,2026-08-09
ex12-5,Gengar,holofoil,Legend Maker,5,Rare Holo,Kouki Saitou,Stage 2,94,Pokémon,2006/02/01,"tcgplayer,cardmarket",https://prices.pokemontcg.io/tcgplayer/ex12-5,https://images.pokemontcg.io/ex12/5_hires.png,2026/08/08,2026/07/01,140.95,105.13,284.45,2496.42,,225.0,,,,44.2483,1.1535,54.5952,519.075,34.778,26.2306,37.8002,31.1445,342.428,147.1866,1.1535,2026-08-09
pl4-3,Heatran,holofoil,Arceus,3,Rare Holo,Keiko Moritsugu,Basic,485,Pokémon,2009/11/04,"tcgplayer,cardmarket",https://prices.pokemontcg.io/tcgplayer/pl4-3,https://images.pokemontcg.io/pl4/3_hires.png,2026/08/08,2026/07/01,3.24,1.5,3.09,44.64,,3.5,,,,2.63,0.173,2.0417,2.2609,0.2076,2.1109,2.157,1.0612,3.0798,2.3877,1.1535,2026-08-09
bw10-4,Cradily,normal,Plasma Blast,4,Rare,kawayoo,Stage 1,346,Pokémon,2013/08/14,"tcgplayer,cardmarket",https://prices.pokemontcg.io/tcgplayer/bw10-4,https://images.pokemontcg.io/bw10/4_hires.png,2026/08/08,2026/07/01,1.34,0.1,1.38,19.98,,6.42,,,,1.8802,0.2307,1.5918,2.7223,0.5767,1.7302,1.142,1.1535,2.307,2.3301,1.1535,2026-08-09
pop4-3,Flygon,normal,POP Series 4,3,Rare,Hisao Nakamura,Stage 2,330,Pokémon,2006/08/01,"tcgplayer,cardmarket",https://prices.pokemontcg.io/tcgplayer/pop4-3,https://images.pokemontcg.io/pop4/3_hires.png,2026/08/08,2026/07/01,101.34,38.25,119.12,199.99,32.24,,,,,3.945,0.2307,3.8412,0.2884,6.921,3.1952,2.9991,0.2884,4.1295,2.3416,1.1535,2026-08-09
ex3-5,Golem,holofoil,Dragon,5,Rare Holo,Hisao Nakamura,Stage 2,76,Pokémon,2003/11/24,"tcgplayer,cardmarket",https://prices.pokemontcg.io/tcgplayer/ex3-5,https://images.pokemontcg.io/ex3/5_hires.png,2026/08/08,2026/07/01,41.38,27.11,44.99,463.0,,23.14,,,,51.9075,2.307,20.6823,12.4001,13.5536,17.5332,15.2377,5.756,10.2315,9.1242,1.1535,2026-08-09
swsh4-2,Kakuna,normal,Vivid Voltage,2,Uncommon,Naoyo Kimura,Stage 1,14,Pokémon,2020/11/13,"tcgplayer,cardmarket",https://prices.pokemontcg.io/tcgplayer/swsh4-2,https://images.pokemontcg.io/swsh4/2_hires.png,2026/08/08,2026/07/01,0.06,0.01,0.15,25.06,,0.27,,,,0.0807,0.0231,0.1154,0.2192,0.1154,0.1038,0.0692,0.323,0.2192,0.2307,1.1535,2026-08-09
xy5-4,Tangela,normal,Primal Clash,4,Common,match,Basic,114,Pokémon,2015/02/04,"tcgplayer,cardmarket",https://prices.pokemontcg.io/tcgplayer/xy5-4,https://images.pokemontcg.io/xy5/4_hires.png,2026/08/08,2026/07/01,0.22,0.04,0.21,19.98,,0.51,,,,0.173,0.0231,0.0923,0.2884,0.1154,0.15,0.2768,2.4224,0.669,0.7382,1.1535,2026-08-09
ex9-4,Gardevoir,holofoil,Emerald,4,Rare Holo,Kagemaru Himeno,Stage 2,282,Pokémon,2005/05/01,"tcgplayer,cardmarket",https://prices.pokemontcg.io/tcgplayer/ex9-4,https://images.pokemontcg.io/ex9/4_hires.png,2026/08/08,2026/07/01,44.41,36.07,46.66,517.6,,149.2,,,,15.9183,2.8838,19.2634,51.2731,33.4515,17.7754,14.8571,10.37,63.6732,58.9323,1.1535,2026-08-09
ex11-5,Flareon δ,holofoil,Delta Species,5,Rare Holo,Kouki Saitou,Stage 1,136,Pokémon,2005/10/31,"tcgplayer,cardmarket",https://prices.pokemontcg.io/tcgplayer/ex11-5,https://images.pokemontcg.io/ex11/5_hires.png,2026/08/08,2026/07/01,132.17,142.0,201.48,1213.9,,108.98,,,,79.0147,11.535,67.4105,114.035,89.973,76.4655,58.8054,46.1285,103.5036,120.2293,1.1535,2026-08-09
ex4-3,Team Aqua's Kyogre,holofoil,Team Magma vs Team Aqua,3,Rare Holo,K. Hoshiba,Basic,382,Pokémon,2004/03/01,"tcgplayer,cardmarket",https://prices.pokemontcg.io/tcgplayer/ex4-3,https://images.pokemontcg.io/ex4/3_hires.png,2026/08/08,2026/07/01,228.3,250.0,533.65,699.98,,70.1,,,,8.732,1.0381,5.1446,34.5704,2.307,4.6255,8.7089,115.35,38.1578,18.6636,1.1535,2026-08-09
base3-5,Gengar,1stEditionHolofoil,Fossil,5,Rare Holo,Keiji Kinebuchi,Stage 2,94,Pokémon,1999/10/10,"tcgplayer,cardmarket",https://prices.pokemontcg.io/tcgplayer/base3-5,https://images.pokemontcg.io/base3/5_hires.png,2026/08/08,2026/07/01,601.49,600.0,631.04,799.99,,,,,"{""unlimitedHolofoil"": {""low"": 123.99, ""mid"": 194.85, ""high"": 1397.16, ""market"": 211.92, ""directLow"": 189.59}}",162.6435,17.3025,230.0656,0.0,49.6005,189.4739,183.2911,109.5825,36.1046,36.4045,1.1535,2026-08-09
dv1-5,Dragonite,holofoil,Dragon Vault,5,Rare Holo,Mitsuhiro Arita,Stage 2,149,Pokémon,2012/10/05,"tcgplayer,cardmarket",https://prices.pokemontcg.io/tcgplayer/dv1-5,https://images.pokemontcg.io/dv1/5_hires.png,2026/08/08,2026/07/01,31.94,18.95,29.99,293.44,,,,,,5.0639,0.5767,53.5109,4.9024,403.725,33.6245,22.251,4.0373,5.2484,4.6025,1.1535,2026-08-09
dp4-3,Darkrai,holofoil,Great Encounters,3,Rare Holo,Masakazu Fukuda,Basic,491,Pokémon,2008/02/01,"tcgplayer,cardmarket",https://prices.pokemontcg.io/tcgplayer/dp4-3,https://images.pokemontcg.io/dp4/3_hires.png,2026/08/08,2026/07/01,44.65,33.2,42.5,300.0,,58.31,,,,8.7666,0.8651,4.3833,19.0097,3.4605,6.1251,8.1322,7.4977,14.5456,10.9698,1.1535,2026-08-09
dp3-5,Flygon,holofoil,Secret Wonders,5,Rare Holo,Daisuke Ito,Stage 2,330,Pokémon,2007/11/01,"tcgplayer,cardmarket",https://prices.pokemontcg.io/tcgplayer/dp3-5,https://images.pokemontcg.io/dp3/5_hires.png,2026/08/08,2026/07/01,14.87,139.99,151.55,179.99,,35.68,,,,2.8261,0.5767,2.5954,2.653,5.756,3.3682,3.7719,2.307,2.5492,3.5758,1.1535,2026-08-09
bw1-3,Servine,normal,Black & White,3,Uncommon,Kagemaru Himeno,Stage 1,496,Pokémon,2011/04/25,"tcgplayer,cardmarket",https://prices.pokemontcg.io/tcgplayer/bw1-3,https://images.pokemontcg.io/bw1/3_hires.png,2026/08/08,2026/07/01,0.48,0.14,0.4,18.5,,2.45,,,,0.2192,0.0231,0.2422,2.2955,0.5767,0.3114,0.2422,2.2955,2.9184,2.5608,1.1535,2026-08-09
ecard2-H5,Bellossom,,Aquapolis,H5,Rare Holo,Sumiyoshi Kizuki,Stage 2,182,Pokémon,2003/01/15,cardmarket,https://prices.pokemontcg.io/cardmarket/ecard2-H5,https://images.pokemontcg.io/ecard2/H5_hires.png,,2026/07/01,,,,,,,,,,54.5375,17.3025,53.4417,0.0,23.07,51.7806,49.8889,8.0745,28.1569,17.1064,1.1535,2026-08-09
pop1-3,Rayquaza,normal,POP Series 1,3,Rare,Katsura Tabata,Basic,384,Pokémon,2004/09/01,"tcgplayer,cardmarket",https://prices.pokemontcg.io/tcgplayer/pop1-3,https://images.pokemontcg.io/pop1/3_hires.png,2026/08/08,2026/07/01,73.04,80.0,411.25,600.0,102.67,,,,,83.4788,80.7335,100.8736,0.0,55.7487,80.6296,66.3724,10.3815,26.7266,12.9999,1.1535,2026-08-09
gym2-4,Erika's Venusaur,1stEditionHolofoil,Gym Challenge,4,Rare Holo,Ken Sugimori,Stage 2,3,Pokémon,2000/10/16,"tcgplayer,cardmarket",https://prices.pokemontcg.io/tcgplayer/gym2-4,https://images.pokemontcg.io/gym2/4_hires.png,2026/08/08,2026/07/01,280.0,699.99,799.99,899.99,,,,,"{""unlimitedHolofoil"": {""low"": 138.0, ""mid"": 220.0, ""high"": 9999.0, ""market"": 176.93, ""directLow"": 799.99}}",195.5759,41.4106,132.5487,0.0,187.9398,189.2663,189.4508,69.21,52.6227,70.9864,1.1535,2026-08-09
xy4-3,Yanma,normal,Phantom Forces,3,Common,Shin Nagasawa,Basic,193,Pokémon,2014/11/05,"tcgplayer,cardmarket",https://prices.pokemontcg.io/tcgplayer/xy4-3,https://images.pokemontcg.io/xy4/3_hires.png,2026/08/08,2026/07/01,0.13,0.04,0.2,19.98,,0.41,,,,0.1615,0.0231,0.1384,0.5652,0.1154,0.1961,0.1384,0.4614,0.496,0.3691,1.1535,2026-08-09
ex10-2,Ariados,holofoil,Unseen Forces,2,Rare Holo,Mitsuhiro Arita,Stage 1,168,Pokémon,2005/08/01,"tcgplayer,cardmarket",https://prices.pokemontcg.io/tcgplayer/ex10-2,https://images.pokemontcg.io/ex10/2_hires.png,2026/08/08,2026/07/01,21.18,13.45,26.88,349.89,,14.3,,,,37.4887,2.1801,15.2493,16.1375,6.2404,14.4072,8.5705,9.2165,15.6991,11.9849,1.1535,2026-08-09
xy7-4,Bellossom,normal,Ancient Origins,4,Uncommon,Mizue,Stage 2,182,Pokémon,2015/08/12,"tcgplayer,cardmarket",https://prices.pokemontcg.io/tcgplayer/xy7-4,https://images.pokemontcg.io/xy7/4_hires.png,2026/08/08,2026/07/01,0.29,0.1,0.32,1000.0,,0.54,,,,0.4037,0.0231,0.4383,1.5342,0.5191,0.4614,0.496,1.3265,1.2458,1.6149,1.1535,2026-08-09
pl1-5,Dialga,holofoil,Platinum,5,Rare Holo,Mitsuhiro Arita,Basic,483,Pokémon,2009/02/11,"tcgplayer,cardmarket",https://prices.pokemontcg.io/tcgplayer/pl1-5,https://images.pokemontcg.io/pl1/5_hires.png,2026/08/08,2026/07/01,18.59,7.5,16.99,290.65,,10.72,,,,7.1171,1.1535,7.3939,6.4481,4.0373,7.1056,6.4481,6.3327,5.433,4.2679,1.1535,2026-08-09
pop3-3,Jolteon,normal,POP Series 3,3,Rare,Masakazu Fukuda,Stage 1,135,Pokémon,2006/04/01,"tcgplayer,cardmarket",https://prices.pokemontcg.io/tcgplayer/pop3-3,https://images.pokemontcg.io/pop3/3_hires.png,2026/08/08,2026/07/01,40.94,96.04,137.83,679.5,35.29,,,,,21.3397,6.9095,26.692,0.0,14.4187,19.8517,24.6734,23.0123,12.3194,15.5953,1.1535,2026-08-09
ex8-3,Breloom,normal,Deoxys,3,Rare Holo,Hajime Kusajima,Stage 1,286,Pokémon,2005/02/01,"tcgplayer,cardmarket",https://prices.pokemontcg.io/tcgplayer/ex8-3,https://images.pokemontcg.io/ex8/3_hires.png,2026/08/08,2026/07/01,26.94,17.98,18.89,20.68,28.86,104.98,,,,10.3008,1.8456,9.1588,11.8118,5.7675,7.7861,7.9707,19.6095,22.897,15.0762,1.1535,2026-08-09
basep-2,Electabuzz,normal,Wizards Black Star Promos,2,Promo,Ken Sugimori,Basic,125,Pokémon,1999/07/01,"tcgplayer,cardmarket",https://prices.pokemontcg.io/tcgplayer/basep-2,https://images.pokemontcg.io/basep/2_hires.png,2026/08/08,2026/07/01,12.38,7.15,11.8,88.23,,,,,,7.4285,0.4037,8.0745,0.0,2.5954,6.6442,7.4516,9.228,5.1677,4.3718,1.1535,2026-08-09
base6-3,Charizard,holofoil,Legendary Collection,3,Rare Holo,Mitsuhiro Arita,Stage 2,6,Pokémon,2002/05/24,"tcgplayer,cardmarket",https://prices.pokemontcg.io/tcgplayer/base6-3,https://images.pokemontcg.io/base6/3_hires.png,2026/08/08,2026/07/01,400.0,483.31,500.0,899.99,,1950.0,,,,162.3782,129.3073,272.8604,1576.4539,403.725,247.1028,266.2047,2710.725,1634.3711,1384.2692,1.1535,2026-08-09
bw4-3,Kricketot,normal,Next Destinies,3,Common,MAHOU,Basic,401,Pokémon,2012/02/08,"tcgplayer,cardmarket",https://prices.pokemontcg.io/tcgplayer/bw4-3,https://images.pokemontcg.io/bw4/3_hires.png,2026/08/08,2026/07/01,0.26,0.1,0.25,19.98,,0.66,,,,0.0923,0.0231,0.15,0.3114,0.2884,0.173,0.1154,1.7072,0.8997,0.5883,1.1535,2026-08-09
hgss2-2,Magmortar,holofoil,HS—Unleashed,2,Rare Holo,Hajime Kusajima,Stage 1,467,Pokémon,2010/05/12,"tcgplayer,cardmarket",https://prices.pokemontcg.io/tcgplayer/hgss2-2,https://images.pokemontcg.io/hgss2/2_hires.png,2026/08/08,2026/07/01,6.23,3.93,7.75,55.0,,5.49,,,,2.8261,0.2307,3.2529,2.7453,5.756,3.2644,3.3105,2.5262,3.6451,3.0337,1.1535,2026-08-09
bw11-3,Shuckle,normal,Legendary Treasures,3,Uncommon,MAHOU,Basic,213,Pokémon,2013/11/06,"tcgplayer,cardmarket",https://prices.pokemontcg.io/tcgplayer/bw11-3,https://images.pokemontcg.io/bw11/3_hires.png,2026/08/08,2026/07/01,7.72,4.78,7.99,44.52,,52.69,,,,3.2529,1.9494,3.8296,10.3815,8.0745,3.3336,3.5182,23.07,12.0656,7.8323,1.1535,2026-08-09
pop7-4,Latios,normal,POP Series 7,4,Rare,Daisuke Ito,Basic,381,Pokémon,2008/03/01,"tcgplayer,cardmarket",https://prices.pokemontcg.io/tcgplayer/pop7-4,https://images.pokemontcg.io/pop7/4_hires.png,2026/08/08,2026/07/01,25.93,11.26,29.94,299.6,26.62,,,,,8.1668,0.4614,7.913,0.0,8.0745,8.7781,7.5093,8.0745,5.929,4.2333,1.1535,2026-08-09
ru1-4,Heatran,normal,Pokémon Rumble,4,,Pokemon Rumble,Basic,485,Pokémon,2009/12/02,"tcgplayer,cardmarket",https://prices.pokemontcg.io/tcgplayer/ru1-4,https://images.pokemontcg.io/ru1/4_hires.png,2026/08/08,2026/07/01,109.98,77.35,106.99,109.98,,,,,,26.5305,13.2652,29.5296,0.0,23.07,26.8535,24.558,11.535,6.1251,6.1251,1.1535,2026-08-09
neo3-2,Blissey,1stEditionHolofoil,Neo Revelation,2,Rare Holo,Yuka Morii,Stage 1,242,Pokémon,2001/09/21,"tcgplayer,cardmarket",https://prices.pokemontcg.io/tcgplayer/neo3-2,https://images.pokemontcg.io/neo3/2_hires.png,2026/08/08,2026/07/01,170.0,189.99,292.99,1703.5,,,,,"{""unlimitedHolofoil"": {""low"": 70.26, ""mid"": 120.0, ""high"": 9999.0, ""market"": 122.1, ""directLow"": null}}",49.9696,8.0745,57.8134,0.0,29.7488,44.9058,41.5375,7.4401,15.9183,19.5749,1.1535,2026-08-09
mcd19-5,Lapras,holofoil,McDonald's Collection 2019,5,,Saya Tsuruta,Basic,131,Pokémon,2019/10/15,"tcgplayer,cardmarket",https://prices.pokemontcg.io/tcgplayer/mcd19-5,https://images.pokemontcg.io/mcd19/5_hires.png,2026/08/08,2026/07/01,17.55,12.0,17.62,200.31,,,,,,5.7444,0.346,5.0869,0.0,4.3602,7.1286,4.9831,6.0559,4.4871,3.8873,1.1535,2026-08-09
sm8-2,Tangrowth,normal,Lost Thunder,2,Rare,Atsuko Nishida,Stage 1,465,Pokémon,2018/11/02,"tcgplayer,cardmarket",https://prices.pokemontcg.io/tcgplayer/sm8-2,https://images.pokemontcg.io/sm8/2_hires.png,2026/08/08,2026/07/01,0.32,0.1,0.35,19.98,,0.55,,,,0.4268,0.0231,0.3922,1.0035,0.2192,0.3691,0.4383,0.2884,1.1996,1.0958,1.1535,2026-08-09
sm75-2,Charmeleon,normal,Dragon Majesty,2,Uncommon,kodama,Stage 1,5,Pokémon,2018/09/07,"tcgplayer,cardmarket",https://prices.pokemontcg.io/tcgplayer/sm75-2,https://images.pokemontcg.io/sm75/2_hires.png,2026/08/08,2026/07/01,0.89,0.44,0.89,19.98,,3.26,,,,1.3265,0.2884,1.1535,5.9521,1.1535,1.3035,1.3496,10.3815,6.3904,5.6637,1.1535,2026-08-09
sm9-5,Beedrill,normal,Team Up,5,Rare,You Iribi,Stage 2,15,Pokémon,2019/02/01,"tcgplayer,cardmarket",https://prices.pokemontcg.io/tcgplayer/sm9-5,https://images.pokemontcg.io/sm9/5_hires.png,2026/08/08,2026/07/01,0.33,0.18,0.38,1.49,,0.74,,,,0.5191,0.0461,0.5191,1.6495,0.4845,0.5537,0.5191,1.1535,1.6034,1.3035,1.1535,2026-08-09
bw6-2,Skiploom,normal,Dragons Exalted,2,Uncommon,Suwama Chiaki,Stage 1,188,Pokémon,2012/08/15,"tcgplayer,cardmarket",https://prices.pokemontcg.io/tcgplayer/bw6-2,https://images.pokemontcg.io/bw6/2_hires.png,2026/08/08,2026/07/01,0.24,0.09,0.3,1000.0,,0.89,,,,0.2768,0.0231,0.2999,1.3265,0.2884,0.2884,0.2192,1.4419,1.2112,0.9689,1.1535,2026-08-09
neo4-3,Dark Donphan,1stEditionHolofoil,Neo Destiny,3,Rare Holo,Shin-ichi Yoshida,Stage 1,232,Pokémon,2002/02/28,"tcgplayer,cardmarket",https://prices.pokemontcg.io/tcgplayer/neo4-3,https://images.pokemontcg.io/neo4/3_hires.png,2026/08/08,2026/07/01,125.0,115.0,215.99,1179.5,,,,,"{""unlimitedHolofoil"": {""low"": 47.0, ""mid"": 52.14, ""high"": 9999.0, ""market"": 56.48, ""directLow"": null}}",29.4142,11.5235,40.8685,0.0,41.526,42.2296,42.7718,8.063,18.3753,20.3131,1.1535,2026-08-09
bw7-3,Vileplume,holofoil,Boundaries Crossed,3,Rare Holo,Shin Nagasawa,Stage 2,45,Pokémon,2012/11/07,"tcgplayer,cardmarket",https://prices.pokemontcg.io/tcgplayer/bw7-3,https://images.pokemontcg.io/bw7/3_hires.png,2026/08/08,2026/07/01,4.25,2.13,5.59,48.5,,14.21,,,,1.5226,0.5767,1.4303,3.1145,1.3842,1.3611,1.984,2.3877,3.3913,3.2529,1.1535,2026-08-09
swsh35-4,Beedrill,normal,Champion's Path,4,Uncommon,Hideki Ishikawa,Stage 2,15,Pokémon,2020/09/25,"tcgplayer,cardmarket",https://prices.pokemontcg.io/tcgplayer/swsh35-4,https://images.pokemontcg.io/swsh35/4_hires.png,2026/08/08,2026/07/01,0.15,0.03,0.2,19.68,,0.17,,,,0.0692,0.0231,0.1269,0.3576,0.0346,0.0923,0.0807,0.173,0.2884,0.3576,1.1535,2026-08-09
pop9-3,Raichu,normal,POP Series 9,3,Rare,Midori Harada,Stage 1,26,Pokémon,2009/03/01,"tcgplayer,cardmarket",https://prices.pokemontcg.io/tcgplayer/pop9-3,https://images.pokemontcg.io/pop9/3_hires.png,2026/08/08,2026/07/01,11.88,10.98,21.25,190.0,,13.02,,,,17.5101,3.4605,21.2821,43.833,23.07,17.314,16.3451,43.833,33.8091,18.6521,1.1535,2026-08-09
dpp-DP03,Piplup,holofoil,DP Black Star Promos,DP03,Promo,Atsuko Nishida,Basic,393,Pokémon,2007/05/01,tcgplayer,https://prices.pokemontcg.io/tcgplayer/dpp-DP03,https://images.pokemontcg.io/dpp/DP03_hires.png,2026/08/08,,27.49,27.19,57.49,259.5,,,,,,,,,,,,,,,,,2026-08-09
xy10-2,Burmy,normal,Fates Collide,2,Common,Kouki Saitou,Basic,412,Pokémon,2016/05/02,"tcgplayer,cardmarket",https://prices.pokemontcg.io/tcgplayer/xy10-2,https://images.pokemontcg.io/xy10/2_hires.png,2026/08/08,2026/07/01,0.18,0.01,0.2,1000.0,,0.41,,,,0.0923,0.0231,0.0807,0.4614,0.0577,0.0692,0.0807,0.1961,0.4268,0.4268,1.1535,2026-08-09
sm115-4,Paras,normal,Hidden Fates,4,Common,OOYAMA,Basic,46,Pokémon,2019/08/23,"tcgplayer,cardmarket",https://prices.pokemontcg.io/tcgplayer/sm115-4,https://images.pokemontcg.io/sm115/4_hires.png,2026/08/08,2026/07/01,0.03,0.01,0.18,16.28,,0.34,,,,0.0807,0.0231,0.0692,0.2999,0.0346,0.0692,0.0692,0.5075,0.4153,0.323,1.1535,2026-08-09
base1-2,Blastoise,holofoil,Base,2,Rare Holo,Ken Sugimori,Stage 2,9,Pokémon,1999/01/09,"tcgplayer,cardmarket",https://prices.pokemontcg.io/tcgplayer/base1-2,https://images.pokemontcg.io/base1/2_hires.png,2026/08/08,2026/07/01,222.14,130.0,189.69,1582.56,,,,,,165.0658,31.7212,145.5832,0.0,196.0835,128.4192,162.1244,115.35,58.171,74.3546,1.1535,2026-08-09
sm3-3,Butterfree,normal,Burning Shadows,3,Rare,Shin Nagasawa,Stage 2,12,Pokémon,2017/08/05,"tcgplayer,cardmarket",https://prices.pokemontcg.io/tcgplayer/sm3-3,https://images.pokemontcg.io/sm3/3_hires.png,2026/08/08,2026/07/01,0.53,0.15,0.5,19.98,,0.55,,,,0.3807,0.0231,0.3922,0.6344,0.4383,0.4153,0.323,0.4499,0.7036,0.6921,1.1535,2026-08-09
xy2-5,Seedot,normal,Flashfire,5,Common,Naoyo Kimura,Basic,273,Pokémon,2014/05/07,"tcgplayer,cardmarket",https://prices.pokemontcg.io/tcgplayer/xy2-5,https://images.pokemontcg.io/xy2/5_hires.png,2026/08/08,2026/07/01,0.17,0.05,0.22,19.98,,0.45,,,,0.15,0.0231,0.1269,0.323,0.0577,0.1961,0.1269,0.5191,0.323,0.496,1.1535,2026-08-09
xy1-3,Weedle,normal,XY,3,Common,Suwama Chiaki,Basic,13,Pokémon,2014/02/05,"tcgplayer,cardmarket",https://prices.pokemontcg.io/tcgplayer/xy1-3,https://images.pokemontcg.io/xy1/3_hires.png,2026/08/08,2026/07/01,0.25,0.05,0.25,1000.0,,0.73,,,,0.15,0.0231,0.1038,0.7613,0.0461,0.1038,0.1154,0.7498,0.9689,0.6229,1.1535,2026-08-09
ex14-2,Blastoise δ,holofoil,Crystal Guardians,2,Rare Holo,Masakazu Fukuda,Stage 2,9,Pokémon,2006/08/01,"tcgplayer,cardmarket",https://prices.pokemontcg.io/tcgplayer/ex14-2,https://images.pokemontcg.io/ex14/2_hires.png,2026/08/08,2026/07/01,259.03,135.0,299.9,750.0,,204.89,,,,46.5322,8.0745,50.0273,87.7467,18.4445,51.4692,42.7141,43.8099,155.1919,92.107,1.1535,2026-08-09
det1-5,Charizard,holofoil,Detective Pikachu,5,Rare Ultra,Framestore,Stage 2,6,Pokémon,2019/04/05,"tcgplayer,cardmarket",https://prices.pokemontcg.io/tcgplayer/det1-5,https://images.pokemontcg.io/det1/5_hires.png,2026/08/08,2026/07/01,12.02,6.67,11.95,118.97,,,,,,12.4463,4.0373,10.4968,0.0,11.2466,10.4046,12.9769,20.1286,21.1321,21.5704,1.1535,2026-08-09
pl1-6,Dialga,holofoil,Platinum,6,Rare Holo,Kouki Saitou,Basic,483,Pokémon,2009/02/11,"tcgplayer,cardmarket",https://prices.pokemontcg.io/tcgplayer/pl1-6,https://images.pokemontcg.io/pl1/6_hires.png,2026/08/08,2026/07/01,20.37,10.99,27.5,78.0,,11.59,,,,9.2049,0.6806,8.3859,2.5723,6.921,11.2351,7.417,2.48,2.8145,5.8021,1.1535,2026-08-09
dpp-DP04,Pachirisu,holofoil,DP Black Star Promos,DP04,Promo,Atsuko Nishida,Basic,417,Pokémon,2007/05/01,tcgplayer,https://prices.pokemontcg.io/tcgplayer/dpp-DP04,https://images.pokemontcg.io/dpp/DP04_hires.png,2026/08/08,,23.0,9.99,13.3,249.9,,,,,,,,,,,,,,,,,2026-08-09
xy5-5,Tangrowth,normal,Primal Clash,5,Rare,MAHOU,Stage 1,465,Pokémon,2015/02/04,"tcgplayer,cardmarket",https://prices.pokemontcg.io/tcgplayer/xy5-5,https://images.pokemontcg.io/xy5/5_hires.png,2026/08/08,2026/07/01,0.32,0.09,0.36,19.98,,0.62,,,,0.3691,0.1154,0.4383,0.7844,0.4037,0.4037,0.5306,0.8651,0.9343,0.9343,1.1535,2026-08-09
pop6-5,Rampardos,normal,POP Series 6,5,Rare,Kazuyuki Kano,Stage 2,409,Pokémon,2007/09/01,"tcgplayer,cardmarket",https://prices.pokemontcg.io/tcgplayer/pop6-5,https://images.pokemontcg.io/pop6/5_hires.png,2026/08/08,2026/07/01,4.39,3.26,10.5,48.0,,,,,,3.9334,0.5767,2.6992,0.0,4.0257,3.3682,1.8687,0.0,0.0,0.0,1.1535,2026-08-09
xy2-6,Nuzleaf,normal,Flashfire,6,Uncommon,Midori Harada,Stage 1,274,Pokémon,2014/05/07,"tcgplayer,cardmarket",https://prices.pokemontcg.io/tcgplayer/xy2-6,https://images.pokemontcg.io/xy2/6_hires.png,2026/08/08,2026/07/01,0.18,0.04,0.25,19.98,,0.73,,,,0.1961,0.0231,0.2422,0.0,0.2884,0.2076,0.1384,1.1535,1.6149,0.7728,1.1535,2026-08-09
ex14-3,Camerupt,holofoil,Crystal Guardians,3,Rare Holo,Mitsuhiro Arita,Stage 1,323,Pokémon,2006/08/01,"tcgplayer,cardmarket",https://prices.pokemontcg.io/tcgplayer/ex14-3,https://images.pokemontcg.io/ex14/3_hires.png,2026/08/08,2026/07/01,10.93,5.25,17.5,96.8,,18.37,,,,4.8332,1.142,4.4986,10.2085,1.1535,3.7719,4.3718,19.6095,11.4543,10.4738,1.1535,2026-08-09
dv1-6,Bagon,holofoil,Dragon Vault,6,Rare Holo,Kouki Saitou,Basic,371,Pokémon,2012/10/05,"tcgplayer,cardmarket",https://prices.pokemontcg.io/tcgplayer/dv1-6,https://images.pokemontcg.io/dv1/6_hires.png,2026/08/08,2026/07/01,2.22,0.75,1.95,46.0,,,,,,15.2493,5.756,16.5989,0.0,13.842,13.3806,14.2803,3.4028,9.4933,9.4933,1.1535,2026-08-09
ex8-4,Camerupt,holofoil,Deoxys,4,Rare Holo,Tomokazu Komiya,Stage 1,323,Pokémon,2005/02/01,"tcgplayer,cardmarket",https://prices.pokemontcg.io/tcgplayer/ex8-4,https://images.pokemontcg.io/ex8/4_hires.png,2026/08/08,2026/07/01,32.89,29.33,40.54,299.0,,21.87,,,,8.236,0.4614,7.1978,15.1339,7.4977,7.7977,8.5128,34.5935,16.818,19.2173,1.1535,2026-08-09
dp4-4,Darkrai,holofoil,Great Encounters,4,Rare Holo,Ryo Ueda,Basic,491,Pokémon,2008/02/01,"tcgplayer,cardmarket",https://prices.pokemontcg.io/tcgplayer/dp4-4,https://images.pokemontcg.io/dp4/4_hires.png,2026/08/08,2026/07/01,33.14,20.0,99.98,418.92,,19.65,,,,5.2484,0.1615,4.1295,6.771,3.4605,4.3256,5.3176,10.3815,7.1517,6.598,1.1535,2026-08-09
pop4-4,Mew,normal,POP Series 4,4,Rare,Nakaoka,Basic,151,Pokémon,2006/08/01,"tcgplayer,cardmarket",https://prices.pokemontcg.io/tcgplayer/pop4-4,https://images.pokemontcg.io/pop4/4_hires.png,2026/08/08,2026/07/01,80.0,86.44,138.0,809.3,100.0,,,,,33.7399,13.8305,60.6741,0.0,16.1375,33.8322,53.3724,20.7053,28.3069,15.2723,1.1535,2026-08-09
neo3-3,Celebi,1stEditionHolofoil,Neo Revelation,3,Rare Holo,Hironobu Yoshida,Basic,251,Pokémon,2001/09/21,"tcgplayer,cardmarket",https://prices.pokemontcg.io/tcgplayer/neo3-3,https://images.pokemontcg.io/neo3/3_hires.png,2026/08/08,2026/07/01,349.99,346.5,349.97,1000.99,,,,,"{""unlimitedHolofoil"": {""low"": 149.99, ""mid"": 877.3, ""high"": 1249.9, ""market"": 132.57, ""directLow"": null}}",103.642,21.905,132.5141,0.0,97.9898,127.3118,87.7352,40.361,82.2676,53.6262,1.1535,2026-08-09
sm9-6,Paras,normal,Team Up,6,Common,Naoyo Kimura,Basic,46,Pokémon,2019/02/01,"tcgplayer,cardmarket",https://prices.pokemontcg.io/tcgplayer/sm9-6,https://images.pokemontcg.io/sm9/6_hires.png,2026/08/08,2026/07/01,0.2,0.02,0.22,19.98,,0.4,,,,0.1269,0.0231,0.0923,0.4729,0.0346,0.0923,0.1154,0.5767,0.4729,0.3807,1.1535,2026-08-09
sm8-3,Scyther,normal,Lost Thunder,3,Common,Kouki Saitou,Basic,123,Pokémon,2018/11/02,"tcgplayer,cardmarket",https://prices.pokemontcg.io/tcgplayer/sm8-3,https://images.pokemontcg.io/sm8/3_hires.png,2026/08/08,2026/07/01,0.3,0.13,0.29,19.98,,0.63,,,,0.3114,0.0231,0.2192,1.0381,0.173,0.2076,0.2653,0.173,0.8882,1.1766,1.1535,2026-08-09
hgss2-3,Manaphy,holofoil,HS—Unleashed,3,Rare Holo,Masakazu Fukuda,Basic,490,Pokémon,2010/05/12,"tcgplayer,cardmarket",https://prices.pokemontcg.io/tcgplayer/hgss2-3,https://images.pokemontcg.io/hgss2/3_hires.png,2026/08/08,2026/07/01,12.83,12.0,14.54,139.8,,9.64,,,,2.8722,0.1154,2.7338,7.1632,3.7258,2.8953,3.1952,8.0745,7.1632,4.9831,1.1535,2026-08-09
base5-3,Dark Blastoise,1stEditionHolofoil,Team Rocket,3,Rare Holo,Mitsuhiro Arita,Stage 2,9,Pokémon,2000/04/24,"tcgplayer,cardmarket",https://prices.pokemontcg.io/tcgplayer/base5-3,https://images.pokemontcg.io/base5/3_hires.png,2026/08/08,2026/07/01,431.75,448.51,557.32,4474.88,,,,,"{""unlimitedHolofoil"": {""low"": 148.99, ""mid"": 211.8, ""high"": 9999.0, ""market"": 204.75, ""directLow"": 148.99}}",137.9932,28.8375,294.2348,0.0,144.1875,287.9251,176.7162,16.149,70.2712,65.5303,1.1535,2026-08-09
dp1-4,Empoleon,holofoil,Diamond & Pearl,4,Rare Holo,Nakaoka,Stage 2,395,Pokémon,2007/05/01,"tcgplayer,cardmarket",https://prices.pokemontcg.io/tcgplayer/dp1-4,https://images.pokemontcg.io/dp1/4_hires.png,2026/08/08,2026/07/01,19.83,6.51,8.4,95.94,,12.35,,,,4.2218,0.2307,4.2564,6.3442,3.8758,3.7373,3.8758,4.0373,7.8899,4.8447,1.1535,2026-08-09
base3-6,Haunter,1stEditionHolofoil,Fossil,6,Rare Holo,Ken Sugimori,Stage 1,93,Pokémon,1999/10/10,"tcgplayer,cardmarket",https://prices.pokemontcg.io/tcgplayer/base3-6,https://images.pokemontcg.io/base3/6_hires.png,2026/08/08,2026/07/01,143.38,119.99,186.5,9999.0,,,,,"{""unlimitedHolofoil"": {""low"": 25.99, ""mid"": 34.88, ""high"": 1499.99, ""market"": 52.05, ""directLow"": 29.6}}",42.9679,8.5013,32.2865,0.0,22.9546,34.3974,43.0371,16.7257,20.4054,16.5412,1.1535,2026-08-09
neo4-4,Dark Espeon,,Neo Destiny,4,Rare Holo,Atsuko Nishida,Stage 1,196,Pokémon,2002/02/28,"tcgplayer,cardmarket",https://prices.pokemontcg.io/tcgplayer/neo4-4,https://images.pokemontcg.io/neo4/4_hires.png,2026/08/08,2026/07/01,,,,,,,,,"{""unlimitedHolofoil"": {""low"": 320.0, ""mid"": 399.93, ""high"": 4320.99, ""market"": 425.0, ""directLow"": 4320.99}}",417.8438,51.9075,342.5318,0.0,98.5666,300.6021,303.359,80.745,56.1408,51.7921,1.1535,2026-08-09
sm2-3,Victreebel,normal,Guardians Rising,3,Rare,TOKIYA,Stage 2,71,Pokémon,2017/05/05,"tcgplayer,cardmarket",https://prices.pokemontcg.io/tcgplayer/sm2-3,https://images.pokemontcg.io/sm2/3_hires.png,2026/08/08,2026/07/01,0.34,0.2,0.35,2.25,,0.48,,,,0.323,0.0231,0.2999,0.5421,0.1038,0.2999,0.3576,0.4614,0.5767,0.4729,1.1535,2026-08-09
bw10-5,Tropius,normal,Plasma Blast,5,Uncommon,Shigenori Negishi,Basic,357,Pokémon,2013/08/14,"tcgplayer,cardmarket",https://prices.pokemontcg.io/tcgplayer/bw10-5,https://images.pokemontcg.io/bw10/5_hires.png,2026/08/08,2026/07/01,0.3,0.15,0.31,16.06,,1.06,,,,0.4614,0.0231,0.5075,0.8421,0.7498,0.4383,0.3807,1.1535,0.992,1.1535,1.1535,2026-08-09
pop9-4,Regigigas,normal,POP Series 9,4,Rare,Kent Kanetsuna,Basic,486,Pokémon,2009/03/01,"tcgplayer,cardmarket",https://prices.pokemontcg.io/tcgplayer/pop9-4,https://images.pokemontcg.io/pop9/4_hires.png,2026/08/08,2026/07/01,3.51,1.42,2.65,43.1,6.55,,,,,2.2609,0.1154,4.3602,0.0,3.449,2.4339,3.2298,53.8338,19.2981,4.96,1.1535,2026-08-09
ex11-6,Gardevoir δ,holofoil,Delta Species,6,Rare Holo,Mitsuhiro Arita,Stage 2,282,Pokémon,2005/10/31,"tcgplayer,cardmarket",https://prices.pokemontcg.io/tcgplayer/ex11-6,https://images.pokemontcg.io/ex11/6_hires.png,2026/08/08,2026/07/01,92.5,89.99,150.0,949.9,,220.99,,,,30.1294,9.228,31.5944,39.8765,40.3725,30.1294,34.6627,28.8375,37.5464,39.4728,1.1535,2026-08-09
hgss4-6,Nidoking,holofoil,HS—Triumphant,6,Rare Holo,match,Stage 2,34,Pokémon,2010/11/03,"tcgplayer,cardmarket",https://prices.pokemontcg.io/tcgplayer/hgss4-6,https://images.pokemontcg.io/hgss4/6_hires.png,2026/08/08,2026/07/01,12.29,9.49,12.87,118.95,,9.56,,,,4.0026,0.1038,4.0719,4.8216,8.0745,4.937,3.4836,3.4605,4.8216,5.6637,1.1535,2026-08-09
ex10-3,Bellossom,holofoil,Unseen Forces,3,Rare Holo,Kouki Saitou,Stage 2,182,Pokémon,2005/08/01,"tcgplayer,cardmarket",https://prices.pokemontcg.io/tcgplayer/ex10-3,https://images.pokemontcg.io/ex10/3_hires.png,2026/08/08,2026/07/01,31.48,17.0,19.98,334.9,,32.61,,,,12.2271,2.8838,10.4968,19.6902,8.0745,9.9893,8.3744,11.535,17.6716,16.472,1.1535,2026-08-09
si1-5,Ivysaur,normal,Southern Islands,5,,Keiko Fukuyama,Stage 1,2,Pokémon,2001/07/31,"tcgplayer,cardmarket",https://prices.pokemontcg.io/tcgplayer/si1-5,https://images.pokemontcg.io/si1/5_hires.png,2026/08/08,2026/07/01,61.23,49.99,109.99,1013.0,,,,,,39.7842,28.8375,44.6981,0.0,50.4656,39.392,36.739,0.0,0.0,0.0,1.1535,2026-08-09
bw11-4,Cherubi,normal,Legendary Treasures,4,Uncommon,Atsuko Nishida,Basic,420,Pokémon,2013/11/06,"tcgplayer,cardmarket",https://prices.pokemontcg.io/tcgplayer/bw11-4,https://images.pokemontcg.io/bw11/4_hires.png,2026/08/08,2026/07/01,0.43,0.15,0.43,19.98,,2.61,,,,1.2689,0.173,0.819,0.0,2.6992,0.7382,0.5191,3.9796,2.5608,1.4419,1.1535,2026-08-09
swsh1-4,Roserade,normal,Sword & Shield,4,Rare,chibi,Stage 1,407,Pokémon,2020/02/07,"tcgplayer,cardmarket",https://prices.pokemontcg.io/tcgplayer/swsh1-4,https://images.pokemontcg.io/swsh1/4_hires.png,2026/08/08,2026/07/01,0.28,0.1,0.26,2.0,,0.43,,,,0.3691,0.0577,0.4037,1.0612,0.173,0.3807,0.2884,1.0266,1.0728,0.9459,1.1535,2026-08-09
bw7-4,Bellossom,normal,Boundaries Crossed,4,Rare,Mizue,Stage 2,182,Pokémon,2012/11/07,"tcgplayer,cardmarket",https://prices.pokemontcg.io/tcgplayer/bw7-4,https://images.pokemontcg.io/bw7/4_hires.png,2026/08/08,2026/07/01,0.76,0.62,0.84,19.98,,3.4,,,,0.7728,0.0577,0.5537,3.2644,0.2307,0.8767,0.6229,3.4605,2.1224,1.3727,1.1535,2026-08-09
bw8-3,Torterra,normal,Plasma Storm,3,Rare,5ban Graphics,Stage 2|Team Plasma,389,Pokémon,2013/02/06,"tcgplayer,cardmarket",https://prices.pokemontcg.io/tcgplayer/bw8-3,https://images.pokemontcg.io/bw8/3_hires.png,2026/08/08,2026/07/01,5.35,3.06,5.6,57.2,,14.5,,,,3.3451,0.4614,4.3948,11.5235,4.6025,3.0222,3.3682,11.5235,11.685,8.5244,1.1535,2026-08-09
ex7-5,Dark Houndoom,holofoil,Team Rocket Returns,5,Rare Holo,Mitsuhiro Arita,Stage 1,229,Pokémon,2004/11/01,"tcgplayer,cardmarket",https://prices.pokemontcg.io/tcgplayer/ex7-5,https://images.pokemontcg.io/ex7/5_hires.png,2026/08/08,2026/07/01,93.37,78.0,86.87,699.9,,125.0,,,,41.1684,11.535,47.1666,51.5038,43.2563,43.5562,40.6032,114.1965,54.203,46.313,1.1535,2026-08-09
xy10-3,Wormadam,normal,Fates Collide,3,Uncommon,kawayoo,Stage 1,413,Pokémon,2016/05/02,"tcgplayer,cardmarket",https://prices.pokemontcg.io/tcgplayer/xy10-3,https://images.pokemontcg.io/xy10/3_hires.png,2026/08/08,2026/07/01,0.27,0.05,0.27,32.0,,0.48,,,,0.1269,0.0231,0.1154,0.7613,0.0231,0.1269,0.15,0.8651,0.7498,0.6229,1.1535,2026-08-09
base1-3,Chansey,holofoil,Base,3,Rare Holo,Ken Sugimori,Basic,113,Pokémon,1999/01/09,"tcgplayer,cardmarket",https://prices.pokemontcg.io/tcgplayer/base1-3,https://images.pokemontcg.io/base1/3_hires.png,2026/08/08,2026/07/01,54.17,20.99,42.98,259.46,,,,,,29.5642,5.7675,41.6298,0.0,94.5985,37.5926,31.7212,20.1286,24.4773,22.1818,1.1535,2026-08-09
sm115-5,Scyther,normal,Hidden Fates,5,Uncommon,Hasuno,Basic,123,Pokémon,2019/08/23,"tcgplayer,cardmarket",https://prices.pokemontcg.io/tcgplayer/sm115-5,https://images.pokemontcg.io/sm115/5_hires.png,2026/08/08,2026/07/01,0.25,0.02,0.25,17.22,,0.39,,,,0.15,0.0231,0.1154,0.3922,0.0346,0.0692,0.1384,0.346,0.2653,0.4037,1.1535,2026-08-09
sm75-3,Charizard,holofoil,Dragon Majesty,3,Rare Holo,Ryota Murayama,Stage 2,6,Pokémon,2018/09/07,"tcgplayer,cardmarket",https://prices.pokemontcg.io/tcgplayer/sm75-3,https://images.pokemontcg.io/sm75/3_hires.png,2026/08/08,2026/07/01,15.43,8.15,15.44,299.89,,27.55,,,,5.7329,1.7302,5.929,0.0,4.3833,5.0177,6.1136,0.0,0.0,0.0,1.1535,2026-08-09
xy11-5,Jumpluff,normal,Steam Siege,5,Rare,Suwama Chiaki,Stage 2,189,Pokémon,2016/08/03,"tcgplayer,cardmarket",https://prices.pokemontcg.io/tcgplayer/xy11-5,https://images.pokemontcg.io/xy11/5_hires.png,2026/08/08,2026/07/01,0.31,0.09,0.31,19.98,,0.51,,,,0.3114,0.0231,0.3576,0.7267,0.5652,0.3576,0.3345,1.1535,0.669,0.8421,1.1535,2026-08-09
det1-6,Arcanine,holofoil,Detective Pikachu,6,Rare,MPC Film,Stage 1,59,Pokémon,2019/04/05,"tcgplayer,cardmarket",https://prices.pokemontcg.io/tcgplayer/det1-6,https://images.pokemontcg.io/det1/6_hires.png,2026/08/08,2026/07/01,4.56,0.5,3.61,25.6,,,,,,3.7489,0.4614,2.953,0.0,2.2378,2.8261,3.472,1.7302,5.1907,5.6752,1.1535,2026-08-09
ex9-5,Groudon,normal,Emerald,5,Rare Holo,Kouki Saitou,Basic,383,Pokémon,2005/05/01,"tcgplayer,cardmarket",https://prices.pokemontcg.io/tcgplayer/ex9-5,https://images.pokemontcg.io/ex9/5_hires.png,2026/08/08,2026/07/01,26.44,42.59,75.37,140.01,69.99,210.5,,,,18.1099,2.5377,22.3318,106.5027,72.0938,30.0833,24.1543,14.4187,99.1203,64.7229,1.1535,2026-08-09
pop1-4,Sceptile,normal,POP Series 1,4,Rare,Hiromichi Sugiyama,Stage 2,254,Pokémon,2004/09/01,"tcgplayer,cardmarket",https://prices.pokemontcg.io/tcgplayer/pop1-4,https://images.pokemontcg.io/pop1/4_hires.png,2026/08/08,2026/07/01,19.59,8.99,24.65,212.94,28.06,,,,,30.5678,0.9228,28.0877,0.0,1.1535,43.4062,22.3318,2.307,5.4791,3.5989,1.1535,2026-08-09
bw9-2,Kakuna,normal,Plasma Freeze,2,Uncommon,match,Stage 1,14,Pokémon,2013/05/08,"tcgplayer,cardmarket",https://prices.pokemontcg.io/tcgplayer/bw9-2,https://images.pokemontcg.io/bw9/2_hires.png,2026/08/08,2026/07/01,0.36,0.1,0.35,23.49,,0.5,,,,0.173,0.0231,0.15,1.3611,0.173,0.15,0.1615,0.8651,0.9459,0.669,1.1535,2026-08-09
pop3-4,Minun,normal,POP Series 3,4,Rare,Sumiyoshi Kizuki,Basic,312,Pokémon,2006/04/01,"tcgplayer,cardmarket",https://prices.pokemontcg.io/tcgplayer/pop3-4,https://images.pokemontcg.io/pop3/4_hires.png,2026/08/08,2026/07/01,50.0,37.99,105.0,1113.0,45.64,,,,,21.755,11.535,24.3504,0.0,10.9582,20.59,20.5208,4.5563,7.4516,6.4942,1.1535,2026-08-09
ex12-6,Golem,holofoil,Legend Maker,6,Rare Holo,Hajime Kusajima,Stage 2,76,Pokémon,2006/02/01,"tcgplayer,cardmarket",https://prices.pokemontcg.io/tcgplayer/ex12-6,https://images.pokemontcg.io/ex12/6_hires.png,2026/08/08,2026/07/01,11.67,6.46,12.37,129.9,,35.92,,,,5.7675,1.7302,18.2253,0.0,5.7675,17.8216,15.0186,4.6025,4.6025,4.6025,1.1535,2026-08-09
bw4-4,Kricketune,normal,Next Destinies,4,Uncommon,Naoyo Kimura,Stage 1,402,Pokémon,2012/02/08,"tcgplayer,cardmarket",https://prices.pokemontcg.io/tcgplayer/bw4-4,https://images.pokemontcg.io/bw4/4_hires.png,2026/08/08,2026/07/01,0.29,0.08,0.29,19.98,,0.48,,,,0.1846,0.0231,0.1846,0.8882,0.173,0.2192,0.1961,0.8536,0.8305,0.6344,1.1535,2026-08-09
base6-4,Dark Blastoise,holofoil,Legendary Collection,4,Rare Holo,Mitsuhiro Arita,Stage 2,9,Pokémon,2002/05/24,"tcgplayer,cardmarket",https://prices.pokemontcg.io/tcgplayer/base6-4,https://images.pokemontcg.io/base6/4_hires.png,2026/08/08,2026/07/01,142.39,154.95,154.96,399.99,,975.0,,,,58.9785,23.07,60.1896,467.1675,46.14,64.7344,65.4727,657.495,315.8744,276.4363,1.1535,2026-08-09
basep-3,Mewtwo,normal,Wizards Black Star Promos,3,Promo,Ken Sugimori,Basic,150,Pokémon,1999/07/01,"tcgplayer,cardmarket",https://prices.pokemontcg.io/tcgplayer/basep-3,https://images.pokemontcg.io/basep/3_hires.png,2026/08/08,2026/07/01,38.8,22.99,33.75,9999.0,,,,,,15.1108,1.0958,20.0824,0.0,14.511,13.8074,20.8091,11.5235,9.2626,5.5829,1.1535,2026-08-09
dp3-6,Gallade,holofoil,Secret Wonders,6,Rare Holo,Daisuke Ito,Stage 2,475,Pokémon,2007/11/01,"tcgplayer,cardmarket",https://prices.pokemontcg.io/tcgplayer/dp3-6,https://images.pokemontcg.io/dp3/6_hires.png,2026/08/08,2026/07/01,12.6,19.92,37.2,377.16,,18.99,,,,4.6832,0.5652,4.614,7.3017,2.2955,4.3256,5.1561,13.842,5.26,3.9796,1.1535,2026-08-09
hgss1-6,Jumpluff,holofoil,HeartGold & SoulSilver,6,Rare Holo,sui,Stage 2,189,Pokémon,2010/02/10,"tcgplayer,cardmarket",https://prices.pokemontcg.io/tcgplayer/hgss1-6,https://images.pokemontcg.io/hgss1/6_hires.png,2026/08/08,2026/07/01,7.32,7.0,15.0,115.8,,17.0,,,,3.6335,0.346,4.5909,4.5333,3.7835,4.6486,3.6681,4.4294,4.764,3.5758,1.1535,2026-08-09
mcd19-6,Pikachu,holofoil,McDonald's Collection 2019,6,,Kagemaru Himeno,Basic,25,Pokémon,2019/10/15,"tcgplayer,cardmarket",https://prices.pokemontcg.io/tcgplayer/mcd19-6,https://images.pokemontcg.io/mcd19/6_hires.png,2026/08/08,2026/07/01,33.4,24.95,36.86,497.19,,,,,,12.5039,0.5767,9.9662,0.0,5.7675,10.7737,11.858,5.7675,13.4613,10.6468,1.1535,2026-08-09
sm12-4,Vileplume-GX,holofoil,Cosmic Eclipse,4,Rare Holo GX,Kagemaru Himeno,Stage 2|GX,45,Pokémon,2019/11/01,"tcgplayer,cardmarket",https://prices.pokemontcg.io/tcgplayer/sm12-4,https://images.pokemontcg.io/sm12/4_hires.png,2026/08/08,2026/07/01,22.85,18.0,25.23,249.99,,,,,,15.5723,2.2493,17.7178,0.0,34.605,17.0603,15.6069,8.063,6.4596,4.4294,1.1535,2026-08-09
pop7-5,Mothim,normal,POP Series 7,5,Rare,Kazuyuki Kano,Stage 1,414,Pokémon,2008/03/01,"tcgplayer,cardmarket",https://prices.pokemontcg.io/tcgplayer/pop7-5,https://images.pokemontcg.io/pop7/5_hires.png,2026/08/08,2026/07/01,2.21,1.41,3.88,35.6,2.7,,,,,7.6823,0.6806,4.9254,0.0,14.984,5.1792,3.6797,0.9228,2.803,2.8722,1.1535,2026-08-09
swsh35-5,Eldegoss V,holofoil,Champion's Path,5,Rare Holo V,5ban Graphics,Basic|V,830,Pokémon,2020/09/25,"tcgplayer,cardmarket",https://prices.pokemontcg.io/tcgplayer/swsh35-5,https://images.pokemontcg.io/swsh35/5_hires.png,2026/08/08,2026/07/01,0.96,0.49,1.0,25.8,,,,,,1.2919,0.2307,1.4649,0.0,0.5767,1.2804,1.2804,1.7072,1.9263,2.0532,1.1535,2026-08-09
ex4-4,Team Aqua's Manectric,holofoil,Team Magma vs Team Aqua,4,Rare Holo,K. Utsunomiya,Stage 1,310,Pokémon,2004/03/01,"tcgplayer,cardmarket",https://prices.pokemontcg.io/tcgplayer/ex4-4,https://images.pokemontcg.io/ex4/4_hires.png,2026/08/08,2026/07/01,49.99,24.5,54.0,660.0,,18.99,,,,12.5847,1.1535,12.9192,13.8305,7.4862,7.0017,10.7622,11.535,10.9813,10.716,1.1535,2026-08-09
sm5-4,Roselia,normal,Ultra Prism,4,Common,Kyoko Umemoto,Basic,315,Pokémon,2018/02/02,"tcgplayer,cardmarket",https://prices.pokemontcg.io/tcgplayer/sm5-4,https://images.pokemontcg.io/sm5/4_hires.png,2026/08/08,2026/07/01,0.15,0.03,0.23,19.98,,0.43,,,,0.0461,0.0231,0.0461,0.4153,0.0577,0.0577,0.1038,0.8421,0.4268,0.346,1.1535,2026-08-09
bw6-3,Jumpluff,normal,Dragons Exalted,3,Rare,Kagemaru Himeno,Stage 2,189,Pokémon,2012/08/15,"tcgplayer,cardmarket",https://prices.pokemontcg.io/tcgplayer/bw6-3,https://images.pokemontcg.io/bw6/3_hires.png,2026/08/08,2026/07/01,1.07,0.4,1.11,19.98,,1.56,,,,0.5767,0.0807,0.9113,1.7072,1.2689,0.7267,0.9689,3.4605,1.8571,1.6034,1.1535,2026-08-09
ecard2-H6,Blissey,,Aquapolis,H6,Rare Holo,Naoyo Kimura,Stage 1,242,Pokémon,2003/01/15,cardmarket,https://prices.pokemontcg.io/cardmarket/ecard2-H6,https://images.pokemontcg.io/ecard2/H6_hires.png,,2026/07/01,,,,,,,,,,61.1355,11.5235,64.1692,0.0,86.4202,62.9926,59.0938,9.1127,8.9627,17.787,1.1535,2026-08-09
ru1-5,Starmie,normal,Pokémon Rumble,5,,Pokemon Rumble,Stage 1,121,Pokémon,2009/12/02,"tcgplayer,cardmarket",https://prices.pokemontcg.io/tcgplayer/ru1-5,https://images.pokemontcg.io/ru1/5_hires.png,2026/08/08,2026/07/01,119.98,99.99,149.99,1499.8,,,,,,50.5002,28.8375,47.3742,0.0,92.2685,43.7176,35.0087,15.5723,9.551,9.551,1.1535,2026-08-09
pl4-4,Kabutops,holofoil,Arceus,4,Rare Holo,Hajime Kusajima,Stage 2,141,Pokémon,2009/11/04,"tcgplayer,cardmarket",https://prices.pokemontcg.io/tcgplayer/pl4-4,https://images.pokemontcg.io/pl4/4_hires.png,2026/08/08,2026/07/01,18.38,7.0,19.36,165.72,,15.33,,,,8.8012,1.0266,7.071,5.7675,4.0142,5.779,7.244,13.8305,8.7897,7.4055,1.1535,2026-08-09
hgss2-4,Metagross,holofoil,HS—Unleashed,4,Rare Holo,Wataru Kawahara,Stage 2,376,Pokémon,2010/05/12,"tcgplayer,cardmarket",https://prices.pokemontcg.io/tcgplayer/hgss2-4,https://images.pokemontcg.io/hgss2/4_hires.png,2026/08/08,2026/07/01,15.79,6.99,13.75,100.0,,7.42,,,,3.0914,0.5075,4.291,4.2679,4.5563,2.5608,5.2254,2.2955,3.945,4.3833,1.1535,2026-08-09
dv1-7,Shelgon,holofoil,Dragon Vault,7,Rare Holo,Akira Komayama,Stage 1,372,Pokémon,2012/10/05,"tcgplayer,cardmarket",https://prices.pokemontcg.io/tcgplayer/dv1-7,https://images.pokemontcg.io/dv1/7_hires.png,2026/08/08,2026/07/01,1.86,0.82,1.63,26.84,,,,,,3.2067,0.173,2.4108,2.307,2.307,2.8376,2.4224,0.8074,2.2609,1.7649,1.1535,2026-08-09
col1-4,Espeon,holofoil,Call of Legends,4,Rare Holo,match,Stage 1,196,Pokémon,2011/02/09,"tcgplayer,cardmarket",https://prices.pokemontcg.io/tcgplayer/col1-4,https://images.pokemontcg.io/col1/4_hires.png,2026/08/08,2026/07/01,49.34,31.35,52.5,89.99,,63.86,,,,44.2137,5.1907,55.7487,11.4773,48.4355,43.0025,46.5899,11.4773,21.409,26.6112,1.1535,2026-08-09
gym1-4,Erika's Dragonair,1stEditionHolofoil,Gym Heroes,4,Rare Holo,Atsuko Nishida,Stage 1,148,Pokémon,2000/08/14,"tcgplayer,cardmarket",https://prices.pokemontcg.io/tcgplayer/gym1-4,https://images.pokemontcg.io/gym1/4_hires.png,2026/08/08,2026/07/01,387.0,368.94,483.75,699.69,,,,,"{""unlimitedHolofoil"": {""low"": 75.0, ""mid"": 105.5, ""high"": 955.3, ""market"": 117.24, ""directLow"": null}}",95.8443,28.7798,100.689,0.0,69.3946,104.3802,89.6154,13.842,43.7061,38.4577,1.1535,2026-08-09
sm8-4,Pinsir,normal,Lost Thunder,4,Uncommon,Suwama Chiaki,Basic,127,Pokémon,2018/11/02,"tcgplayer,cardmarket",https://prices.pokemontcg.io/tcgplayer/sm8-4,https://images.pokemontcg.io/sm8/4_hires.png,2026/08/08,2026/07/01,0.1,0.02,0.24,19.98,,0.48,,,,0.2768,0.0231,0.2999,0.6114,0.2192,0.2653,0.1846,0.6921,0.8421,1.0612,1.1535,2026-08-09
bw5-4,Scyther,normal,Dark Explorers,4,Uncommon,Naoki Saito,Basic,123,Pokémon,2012/05/09,"tcgplayer,cardmarket",https://prices.pokemontcg.io/tcgplayer/bw5-4,https://images.pokemontcg.io/bw5/4_hires.png,2026/08/08,2026/07/01,6.38,2.36,4.98,44.73,,33.99,,,,57.675,276.84,36.4506,0.0,57.675,34.432,26.4036,8.063,3.2067,3.2067,1.1535,2026-08-09
xy5-6,Treecko,normal,Primal Clash,6,Common,Akira Komayama,Basic,252,Pokémon,2015/02/04,"tcgplayer,cardmarket",https://prices.pokemontcg.io/tcgplayer/xy5-6,https://images.pokemontcg.io/xy5/6_hires.png,2026/08/08,2026/07/01,0.25,0.05,0.25,19.98,,0.89,,,,0.2884,0.0231,0.2999,2.7453,1.0958,0.2653,0.2999,2.9991,2.7799,2.0186,1.1535,2026-08-09
mcd19-7,Gastly,holofoil,McDonald's Collection 2019,7,,Shibuzoh.,Basic,92,Pokémon,2019/10/15,"tcgplayer,cardmarket",https://prices.pokemontcg.io/tcgplayer/mcd19-7,https://images.pokemontcg.io/mcd19/7_hires.png,2026/08/08,2026/07/01,14.14,5.5,8.35,15.81,,,,,,4.464,0.5767,4.0142,0.0,3.4605,4.0373,4.7524,1.0381,2.7223,2.5146,1.1535,2026-08-09
gym2-5,Giovanni's Gyarados,1stEditionHolofoil,Gym Challenge,5,Rare Holo,Ken Sugimori,Stage 1,130,Pokémon,2000/10/16,"tcgplayer,cardmarket",https://prices.pokemontcg.io/tcgplayer/gym2-5,https://images.pokemontcg.io/gym2/5_hires.png,2026/08/08,2026/07/01,321.99,209.99,314.0,399.99,,,,,"{""unlimitedHolofoil"": {""low"": 100.0, ""mid"": 120.19, ""high"": 920.0, ""market"": 124.65, ""directLow"": null}}",115.35,34.5935,119.8717,0.0,115.35,114.7732,108.5443,34.9164,37.3734,55.3911,1.1535,2026-08-09
sm3-4,Oddish,normal,Burning Shadows,4,Common,Sumiyoshi Kizuki,Basic,43,Pokémon,2017/08/05,"tcgplayer,cardmarket",https://prices.pokemontcg.io/tcgplayer/sm3-4,https://images.pokemontcg.io/sm3/4_hires.png,2026/08/08,2026/07/01,0.25,0.03,0.25,19.98,,0.47,,,,0.8074,0.0346,0.8767,0.0,1.1535,0.8074,0.6344,0.0,0.0,0.0,1.1535,2026-08-09
ex13-4,Deoxys δ,holofoil,Holon Phantoms,4,Rare Holo,Kagemaru Himeno,Basic,386,Pokémon,2006/05/01,"tcgplayer,cardmarket",https://prices.pokemontcg.io/tcgplayer/ex13-4,https://images.pokemontcg.io/ex13/4_hires.png,2026/08/08,2026/07/01,53.29,55.22,79.99,599.95,,240.0,,,,22.9431,2.8838,16.818,51.7691,16.0913,20.913,31.7212,16.968,42.7256,53.2225,1.1535,2026-08-09
sm115-6,Pinsir-GX,holofoil,Hidden Fates,6,Rare Holo GX,5ban Graphics,Basic|GX,127,Pokémon,2019/08/23,"tcgplayer,cardmarket",https://prices.pokemontcg.io/tcgplayer/sm115-6,https://images.pokemontcg.io/sm115/6_hires.png,2026/08/08,2026/07/01,1.62,0.78,1.68,5.19,,,,,,1.5226,0.8651,1.638,0.0,1.7187,1.7418,1.5803,1.5226,1.3496,1.488,1.1535,2026-08-09
xy7-5,Spinarak,normal,Ancient Origins,5,Common,Naoyo Kimura,Basic,167,Pokémon,2015/08/12,"tcgplayer,cardmarket",https://prices.pokemontcg.io/tcgplayer/xy7-5,https://images.pokemontcg.io/xy7/5_hires.png,2026/08/08,2026/07/01,0.06,0.01,0.2,1000.0,,0.39,,,,0.0577,0.0,0.0231,0.0,0.0577,0.1269,0.1269,0.0,0.0,0.0,1.1535,2026-08-09
xy2-7,Shiftry,holofoil,Flashfire,7,Rare Holo,Kouki Saitou,Stage 2,275,Pokémon,2014/05/07,"tcgplayer,cardmarket",https://prices.pokemontcg.io/tcgplayer/xy2-7,https://images.pokemontcg.io/xy2/7_hires.png,2026/08/08,2026/07/01,0.5,0.1,0.49,99.0,,0.67,,,,1.8341,0.1154,1.2458,1.2458,0.9228,1.488,1.2804,0.346,1.315,1.1996,1.1535,2026-08-09
base4-5,Clefable,holofoil,Base Set 2,5,Rare Holo,Mitsuhiro Arita,Stage 1,36,Pokémon,2000/02/24,"tcgplayer,cardmarket",https://prices.pokemontcg.io/tcgplayer/base4-5,https://images.pokemontcg.io/base4/5_hires.png,2026/08/08,2026/07/01,30.38,11.14,15.0,242.88,,,,,,20.4977,4.614,16.9795,0.0,17.2564,23.9236,17.81,11.4773,15.0647,11.5811,1.1535,2026-08-09
xy1-4,Kakuna,normal,XY,4,Uncommon,Kouki Saitou,Stage 1,14,Pokémon,2014/02/05,"tcgplayer,cardmarket",https://prices.pokemontcg.io/tcgplayer/xy1-4,https://images.pokemontcg.io/xy1/4_hires.png,2026/08/08,2026/07/01,0.34,0.1,0.33,1000.0,,0.6,,,,0.2076,0.0231,0.2192,1.0612,0.173,0.2192,0.2076,2.307,1.3842,0.7844,1.1535,2026-08-09
xy11-6,Yanma,normal,Steam Siege,6,Common,match,Basic,193,Pokémon,2016/08/03,"tcgplayer,cardmarket",https://prices.pokemontcg.io/tcgplayer/xy11-6,https://images.pokemontcg.io/xy11/6_hires.png,2026/08/08,2026/07/01,0.14,0.02,0.2,1000.0,,0.29,,,,0.0807,0.0231,0.0692,0.3345,0.1154,0.0692,0.0692,0.2307,0.323,0.2999,1.1535,2026-08-09
ex12-7,Kabutops,holofoil,Legend Maker,7,Rare Holo,Mitsuhiro Arita,Stage 2,141,Pokémon,2006/02/01,"tcgplayer,cardmarket",https://prices.pokemontcg.io/tcgplayer/ex12-7,https://images.pokemontcg.io/ex12/7_hires.png,2026/08/08,2026/07/01,45.16,44.75,80.0,399.83,,36.28,,,,10.866,1.1535,11.1313,22.4586,14.9378,11.1082,12.5962,34.605,24.4888,23.0931,1.1535,2026-08-09
pl4-5,Luxray,holofoil,Arceus,5,Rare Holo,kawayoo,Stage 2,405,Pokémon,2009/11/04,"tcgplayer,cardmarket",https://prices.pokemontcg.io/tcgplayer/pl4-5,https://images.pokemontcg.io/pl4/5_hires.png,2026/08/08,2026/07/01,6.38,4.56,9.92,62.0,,5.8,,,,2.0071,0.1154,2.0186,6.921,1.1535,2.63,1.8456,11.5235,5.4676,3.0222,1.1535,2026-08-09
xy4-4,Yanmega,normal,Phantom Forces,4,Rare,Mitsuhiro Arita,Stage 1,469,Pokémon,2014/11/05,"tcgplayer,cardmarket",https://prices.pokemontcg.io/tcgplayer/xy4-4,https://images.pokemontcg.io/xy4/4_hires.png,2026/08/08,2026/07/01,0.36,0.1,0.36,19.98,,0.49,,,,0.669,0.0577,0.5075,1.4303,0.5191,0.5883,0.4268,1.142,1.5111,1.315,1.1535,2026-08-09
hgss1-7,Ninetales,holofoil,HeartGold & SoulSilver,7,Rare Holo,TOKIYA,Stage 1,38,Pokémon,2010/02/10,"tcgplayer,cardmarket",https://prices.pokemontcg.io/tcgplayer/hgss1-7,https://images.pokemontcg.io/hgss1/7_hires.png,2026/08/08,2026/07/01,49.11,27.02,36.0,232.9,,35.5,,,,20.9014,1.7302,23.2546,11.0621,10.1393,15.1108,15.7568,14.984,11.0505,11.5004,1.1535,2026-08-09
bw7-5,Tangela,normal,Boundaries Crossed,5,Common,MAHOU,Basic,114,Pokémon,2012/11/07,"tcgplayer,cardmarket",https://prices.pokemontcg.io/tcgplayer/bw7-5,https://images.pokemontcg.io/bw7/5_hires.png,2026/08/08,2026/07/01,0.43,0.2,0.4,19.44,,1.56,,,,0.3114,0.0231,0.2768,1.2919,0.0923,0.2999,0.2884,1.4419,0.8074,0.8305,1.1535,2026-08-09
dp3-7,Gardevoir,holofoil,Secret Wonders,7,Rare Holo,Atsuko Nishida,Stage 2,282,Pokémon,2007/11/01,"tcgplayer,cardmarket",https://prices.pokemontcg.io/tcgplayer/dp3-7,https://images.pokemontcg.io/dp3/7_hires.png,2026/08/08,2026/07/01,60.09,40.0,48.99,270.0,,52.24,,,,13.5306,2.5954,15.2031,10.2777,3.3451,13.5306,13.1845,9.6894,9.6433,10.5084,1.1535,2026-08-09
bw1-4,Servine,normal,Black & White,4,Uncommon,5ban Graphics,Stage 1,496,Pokémon,2011/04/25,"tcgplayer,cardmarket",https://prices.pokemontcg.io/tcgplayer/bw1-4,https://images.pokemontcg.io/bw1/4_hires.png,2026/08/08,2026/07/01,0.5,0.23,0.5,17.06,,2.84,,,,0.8074,0.0231,0.4614,0.0,0.4037,0.8421,0.8997,3.2183,3.3682,3.0452,1.1535,2026-08-09
base3-7,Hitmonlee,1stEditionHolofoil,Fossil,7,Rare Holo,Ken Sugimori,Basic,106,Pokémon,1999/10/10,"tcgplayer,cardmarket",https://prices.pokemontcg.io/tcgplayer/base3-7,https://images.pokemontcg.io/base3/7_hires.png,2026/08/08,2026/07/01,86.53,57.98,82.71,9999.0,,,,,"{""unlimitedHolofoil"": {""low"": 25.0, ""mid"": 29.75, ""high"": 129.99, ""market"": 42.46, ""directLow"": 25.59}}",41.0069,6.921,42.2642,0.0,32.8747,51.4576,42.2181,8.063,24.1658,23.0123,1.1535,2026-08-09
base6-5,Dark Dragonite,holofoil,Legendary Collection,5,Rare Holo,Mitsuhiro Arita,Stage 2,149,Pokémon,2002/05/24,"tcgplayer,cardmarket",https://prices.pokemontcg.io/tcgplayer/base6-5,https://images.pokemontcg.io/base6/5_hires.png,2026/08/08,2026/07/01,229.55,100.94,224.99,299.99,,749.99,,,,62.8657,14.8225,82.1869,288.3404,57.6635,68.6217,57.7211,259.5375,300.1522,267.2775,1.1535,2026-08-09
sm5-5,Roserade,normal,Ultra Prism,5,Rare,Mitsuhiro Arita,Stage 1,407,Pokémon,2018/02/02,"tcgplayer,cardmarket",https://prices.pokemontcg.io/tcgplayer/sm5-5,https://images.pokemontcg.io/sm5/5_hires.png,2026/08/08,2026/07/01,0.25,0.15,0.31,19.98,,0.58,,,,0.2538,0.0231,0.3691,0.4268,0.819,0.4153,0.2768,0.5767,0.6575,0.6344,1.1535,2026-08-09
bw10-6,Karrablast,normal,Plasma Blast,6,Common,match,Basic,588,Pokémon,2013/08/14,"tcgplayer,cardmarket",https://prices.pokemontcg.io/tcgplayer/bw10-6,https://images.pokemontcg.io/bw10/6_hires.png,2026/08/08,2026/07/01,0.19,0.04,0.23,19.98,,0.49,,,,0.1846,0.0231,0.1846,0.5767,0.1154,0.1615,0.1615,0.5652,0.7382,0.5998,1.1535,2026-08-09
basep-4,Pikachu,normal,Wizards Black Star Promos,4,Promo,Ken Sugimori,Basic,25,Pokémon,1999/07/01,"tcgplayer,cardmarket",https://prices.pokemontcg.io/tcgplayer/basep-4,https://images.pokemontcg.io/basep/4_hires.png,2026/08/08,2026/07/01,41.86,24.95,42.96,9999.0,,,,,,24.9041,0.6344,26.7727,0.0,20.763,14.3149,23.8198,17.291,7.7169,5.1907,1.1535,2026-08-09
pop7-6,Delibird,normal,POP Series 7,6,Uncommon,Masakazu Fukuda,Basic,225,Pokémon,2008/03/01,"tcgplayer,cardmarket",https://prices.pokemontcg.io/tcgplayer/pop7-6,https://images.pokemontcg.io/pop7/6_hires.png,2026/08/08,2026/07/01,25.27,14.52,25.51,233.8,,,,,,6.921,2.8838,7.4747,0.0,9.2165,6.2404,5.8713,1.0958,1.0958,1.0958,1.1535,2026-08-09
si1-6,Raticate,normal,Southern Islands,6,,Keiko Fukuyama,Stage 1,20,Pokémon,2001/07/31,"tcgplayer,cardmarket",https://prices.pokemontcg.io/tcgplayer/si1-6,https://images.pokemontcg.io/si1/6_hires.png,2026/08/08,2026/07/01,33.01,24.69,34.16,96.95,,,,,,24.2466,13.8305,25.8961,0.0,28.826,23.6698,21.7665,0.0,0.0,0.0,1.1535,2026-08-09
det1-7,Psyduck,holofoil,Detective Pikachu,7,Common,Framestore,Basic,54,Pokémon,2019/04/05,"tcgplayer,cardmarket",https://prices.pokemontcg.io/tcgplayer/det1-7,https://images.pokemontcg.io/det1/7_hires.png,2026/08/08,2026/07/01,1.1,0.25,1.07,9.99,,,,,,0.8421,0.0231,0.4614,1.2112,0.1615,0.7613,0.7844,1.1535,1.1304,0.7613,1.1535,2026-08-09
dp1-5,Infernape,holofoil,Diamond & Pearl,5,Rare Holo,Nakaoka,Stage 2,392,Pokémon,2007/05/01,"tcgplayer,cardmarket",https://prices.pokemontcg.io/tcgplayer/dp1-5,https://images.pokemontcg.io/dp1/5_hires.png,2026/08/08,2026/07/01,22.62,5.45,22.36,290.94,,16.46,,,,4.1872,0.2884,2.7684,4.6717,3.8873,3.6566,3.8642,1.5572,4.7986,5.4791,1.1535,2026-08-09
pop3-5,Plusle,holofoil,POP Series 3,5,Rare,Sumiyoshi Kizuki,Basic,311,Pokémon,2006/04/01,"tcgplayer,cardmarket",https://prices.pokemontcg.io/tcgplayer/pop3-5,https://images.pokemontcg.io/pop3/5_hires.png,2026/08/08,2026/07/01,44.83,49.99,51.62,299.99,,,,,,17.2794,9.228,31.5136,0.0,17.3025,23.6929,28.3646,5.756,10.0239,6.2404,1.1535,2026-08-09
ex7-6,Dark Hypno,normal,Team Rocket Returns,6,Rare Holo,Kouki Saitou,Stage 1,97,Pokémon,2004/11/01,"tcgplayer,cardmarket",https://prices.pokemontcg.io/tcgplayer/ex7-6,https://images.pokemontcg.io/ex7/6_hires.png,2026/08/08,2026/07/01,56.32,24.99,24.99,24.99,64.29,101.97,,,,14.3611,3.4605,27.7417,41.0185,11.4197,29.5527,26.6574,86.501,48.5047,42.8987,1.1535,2026-08-09
pop9-5,Rotom,normal,POP Series 9,5,Rare,Masakazu Fukuda,Basic,479,Pokémon,2009/03/01,"tcgplayer,cardmarket",https://prices.pokemontcg.io/tcgplayer/pop9-5,https://images.pokemontcg.io/pop9/5_hires.png,2026/08/08,2026/07/01,4.47,2.25,5.0,45.6,5.52,,,,,3.5528,0.346,3.7604,0.0,4.6025,3.7489,3.2529,5.756,3.8065,1.5342,1.1535,2026-08-09
ex10-4,Feraligatr,holofoil,Unseen Forces,4,Rare Holo,Masakazu Fukuda,Stage 2,160,Pokémon,2005/08/01,"tcgplayer,cardmarket",https://prices.pokemontcg.io/tcgplayer/ex10-4,https://images.pokemontcg.io/ex10/4_hires.png,2026/08/08,2026/07/01,122.24,97.24,140.58,879.8,,249.49,,,,15.157,0.5652,14.5802,163.797,11.535,7.1863,21.3744,34.605,99.8931,91.4264,1.1535,2026-08-09
hgss4-7,Porygon-Z,holofoil,HS—Triumphant,7,Rare Holo,Kouki Saitou,Stage 2,474,Pokémon,2010/11/03,"tcgplayer,cardmarket",https://prices.pokemontcg.io/tcgplayer/hgss4-7,https://images.pokemontcg.io/hgss4/7_hires.png,2026/08/08,2026/07/01,7.92,4.99,10.39,95.2,,7.98,,,,2.0302,0.5767,3.2529,2.8838,3.449,2.1916,2.953,5.7675,3.4605,3.0452,1.1535,2026-08-09
neo3-4,Crobat,1stEditionHolofoil,Neo Revelation,4,Rare Holo,Shin-ichi Yoshida,Stage 2,169,Pokémon,2001/09/21,"tcgplayer,cardmarket",https://prices.pokemontcg.io/tcgplayer/neo3-4,https://images.pokemontcg.io/neo3/4_hires.png,2026/08/08,2026/07/01,129.99,119.99,138.95,1199.9,,,,,"{""unlimitedHolofoil"": {""low"": 38.42, ""mid"": 47.95, ""high"": 589.9, ""market"": 45.73, ""directLow"": null}}",34.3282,11.535,64.7344,0.0,28.8375,74.1585,53.0149,22.0203,21.3859,18.0869,1.1535,2026-08-09
sm2-4,Petilil,normal,Guardians Rising,4,Common,Naoki Saito,Basic,548,Pokémon,2017/05/05,"tcgplayer,cardmarket",https://prices.pokemontcg.io/tcgplayer/sm2-4,https://images.pokemontcg.io/sm2/4_hires.png,2026/08/08,2026/07/01,0.17,0.01,0.19,19.98,,0.41,,,,0.0807,0.0231,0.0692,0.2538,0.0346,0.0692,0.0807,0.2768,0.2653,0.2538,1.1535,2026-08-09
ex4-5,Team Aqua's Sharpedo,holofoil,Team Magma vs Team Aqua,5,Rare Holo,Katsura Tabata,Stage 1,319,Pokémon,2004/03/01,"tcgplayer,cardmarket",https://prices.pokemontcg.io/tcgplayer/ex4-5,https://images.pokemontcg.io/ex4/5_hires.png,2026/08/08,2026/07/01,61.99,49.0,55.0,555.43,,66.2,,,,17.0487,2.8722,8.5474,9.5394,5.7675,10.37,18.8021,23.0123,12.527,10.6353,1.1535,2026-08-09
base1-4,Charizard,holofoil,Base,4,Rare Holo,Mitsuhiro Arita,Stage 2,6,Pokémon,1999/01/09,"tcgplayer,cardmarket",https://prices.pokemontcg.io/tcgplayer/base1-4,https://images.pokemontcg.io/base1/4_hires.png,2026/08/08,2026/07/01,818.65,475.0,899.5,4590.63,,,,,,1766.0085,921.6465,4826.936,0.0,17244.825,4544.6514,2800.4558,0.0,0.0,0.0,1.1535,2026-08-09
pl3-5,Garchomp,holofoil,Supreme Victors,5,Rare Holo,Mitsuhiro Arita,Stage 2,445,Pokémon,2009/08/19,"tcgplayer,cardmarket",https://prices.pokemontcg.io/tcgplayer/pl3-5,https://images.pokemontcg.io/pl3/5_hires.png,2026/08/08,2026/07/01,44.91,18.19,36.93,421.9,,26.97,,,,196.0604,69.1985,131.5221,0.0,288.3173,126.3659,45.9439,2.8722,5.9175,4.614,1.1535,2026-08-09
pl1-7,Dialga G,holofoil,Platinum,7,Rare Holo,Yusuke Ishikawa,Basic|SP,483,Pokémon,2009/02/11,"tcgplayer,cardmarket",https://prices.pokemontcg.io/tcgplayer/pl1-7,https://images.pokemontcg.io/pl1/7_hires.png,2026/08/08,2026/07/01,17.55,9.62,17.55,132.7,,12.67,,,,9.9201,1.1535,12.2732,6.7249,9.228,11.0851,7.913,7.9592,7.0479,5.5714,1.1535,2026-08-09
dpp-DP05,Tropical Wind,normal,DP Black Star Promos,DP05,Promo,Sumiyoshi Kizuki,Item,,Trainer,2007/05/01,tcgplayer,https://prices.pokemontcg.io/tcgplayer/dpp-DP05,https://images.pokemontcg.io/dpp/DP05_hires.png,2026/03/09,,,575.0,575.0,575.0,,,,,,,,,,,,,,,,,2026-08-09
pop4-5,Sceptile,normal,POP Series 4,5,Rare,Atsuko Nishida,Stage 2,254,Pokémon,2006/08/01,"tcgplayer,cardmarket",https://prices.pokemontcg.io/tcgplayer/pop4-5,https://images.pokemontcg.io/pop4/5_hires.png,2026/06/23,2026/07/01,229.96,188660.48,188660.48,188660.48,,,,,,248.0025,230.7,185.4597,0.0,288.3635,169.726,71.3094,0.0,0.0,0.0,1.1535,2026-08-09
neo4-5,Dark Feraligatr,1stEditionHolofoil,Neo Destiny,5,Rare Holo,Atsuko Nishida,Stage 2,160,Pokémon,2002/02/28,"tcgplayer,cardmarket",https://prices.pokemontcg.io/tcgplayer/neo4-5,https://images.pokemontcg.io/neo4/5_hires.png,2026/08/08,2026/07/01,374.99,367.99,369.99,999.99,,,,,"{""unlimitedHolofoil"": {""low"": 119.99, ""mid"": 192.5, ""high"": 1089.9, ""market"": 166.12, ""directLow"": null}}",142.1458,11.535,178.8502,0.0,69.1523,55.1488,109.8247,17.291,28.2492,32.1711,1.1535,2026-08-09
pop5-3,Mew δ,normal,POP Series 5,3,Rare,Masakazu Fukuda,Basic,151,Pokémon,2007/03/01,"tcgplayer,cardmarket",https://prices.pokemontcg.io/tcgplayer/pop5-3,https://images.pokemontcg.io/pop5/3_hires.png,2026/08/08,2026/07/01,149.59,249.99,362.5,475.0,456.33,,,,,605.5644,576.75,1017.9291,0.0,922.7423,1306.904,559.3321,63.4425,61.7815,49.8427,1.1535,2026-08-09
base5-4,Dark Charizard,1stEditionHolofoil,Team Rocket,4,Rare Holo,Ken Sugimori,Stage 2,6,Pokémon,2000/04/24,"tcgplayer,cardmarket",https://prices.pokemontcg.io/tcgplayer/base5-4,https://images.pokemontcg.io/base5/4_hires.png,2026/08/08,2026/07/01,399.37,500.0,738.43,4999.99,,,,,"{""unlimitedHolofoil"": {""low"": 283.99, ""mid"": 310.0, ""high"": 2665.71, ""market"": 369.8, ""directLow"": null}}",522.374,79.5915,148.4439,0.0,167.246,189.4162,520.0555,183.4065,133.4369,132.5256,1.1535,2026-08-09
bw11-5,Carnivine,normal,Legendary Treasures,5,Uncommon,HiRON,Basic,455,Pokémon,2013/11/06,"tcgplayer,cardmarket",https://prices.pokemontcg.io/tcgplayer/bw11-5,https://images.pokemontcg.io/bw11/5_hires.png,2026/08/08,2026/07/01,0.37,0.1,0.34,19.98,,1.66,,,,0.323,0.2307,0.4268,0.0,0.2307,0.2999,0.3691,6.3442,4.9831,2.4339,1.1535,2026-08-09
sm1-3,Butterfree,normal,Sun & Moon,3,Rare,chibi,Stage 2,12,Pokémon,2017/02/03,"tcgplayer,cardmarket",https://prices.pokemontcg.io/tcgplayer/sm1-3,https://images.pokemontcg.io/sm1/3_hires.png,2026/08/08,2026/07/01,0.32,0.15,0.35,19.98,,0.77,,,,0.3576,0.0231,0.4037,0.7498,0.1846,0.346,0.3807,0.5652,0.6575,0.7959,1.1535,2026-08-09
ecard2-H7,Electrode,,Aquapolis,H7,Rare Holo,Shin-ichi Yoshida,Stage 1,101,Pokémon,2003/01/15,cardmarket,https://prices.pokemontcg.io/cardmarket/ecard2-H7,https://images.pokemontcg.io/ecard2/H7_hires.png,,2026/07/01,,,,,,,,,,41.6298,11.535,48.7815,0.0,57.6635,41.6298,40.2918,18.4445,16.3105,15.6069,1.1535,2026-08-09
swsh35-6,Vulpix,normal,Champion's Path,6,Common,Shibuzoh.,Basic,37,Pokémon,2020/09/25,"tcgplayer,cardmarket",https://prices.pokemontcg.io/tcgplayer/swsh35-6,https://images.pokemontcg.io/swsh35/6_hires.png,2026/08/08,2026/07/01,0.24,0.03,0.25,19.8,,0.43,,,,0.1154,0.0231,0.1154,0.4268,0.1154,0.1038,0.1038,0.173,0.4845,0.4383,1.1535,2026-08-09
pop1-5,Swampert,normal,POP Series 1,5,Rare,Hiromichi Sugiyama,Stage 2,260,Pokémon,2004/09/01,"tcgplayer,cardmarket",https://prices.pokemontcg.io/tcgplayer/pop1-5,https://images.pokemontcg.io/pop1/5_hires.png,2026/08/08,2026/07/01,25.36,14.81,24.9,34.99,44.72,,,,,7.6131,1.142,16.7719,0.0,5.756,7.7515,14.4534,7.4977,6.3096,4.3948,1.1535,2026-08-09
xy10-4,Mothim,normal,Fates Collide,4,Rare,MAHOU,Stage 1,414,Pokémon,2016/05/02,"tcgplayer,cardmarket",https://prices.pokemontcg.io/tcgplayer/xy10-4,https://images.pokemontcg.io/xy10/4_hires.png,2026/08/08,2026/07/01,0.37,0.09,0.36,19.98,,0.85,,,,0.2999,0.0231,0.3114,0.7959,0.2653,0.2999,0.3114,0.2884,0.7959,0.8767,1.1535,2026-08-09
bw9-3,Beedrill,normal,Plasma Freeze,3,Rare,kawayoo,Stage 2,15,Pokémon,2013/05/08,"tcgplayer,cardmarket",https://prices.pokemontcg.io/tcgplayer/bw9-3,https://images.pokemontcg.io/bw9/3_hires.png,2026/08/08,2026/07/01,0.98,0.35,0.79,19.99,,2.97,,,,0.6921,0.0231,0.6806,3.6566,0.3807,0.646,0.7152,2.2955,3.2298,2.6184,1.1535,2026-08-09
ex9-6,Kyogre,normal,Emerald,6,Rare Holo,Masakazu Fukuda,Basic,382,Pokémon,2005/05/01,"tcgplayer,cardmarket",https://prices.pokemontcg.io/tcgplayer/ex9-6,https://images.pokemontcg.io/ex9/6_hires.png,2026/08/08,2026/07/01,,35.0,35.0,35.0,70.23,218.0,,,,15.2723,4.6025,13.2422,54.7912,13.842,11.5235,19.8517,23.07,47.951,94.8869,1.1535,2026-08-09
bw6-4,Yanma,normal,Dragons Exalted,4,Common,Yukiko Baba,Basic,193,Pokémon,2012/08/15,"tcgplayer,cardmarket",https://prices.pokemontcg.io/tcgplayer/bw6-4,https://images.pokemontcg.io/bw6/4_hires.png,2026/08/08,2026/07/01,0.32,0.05,0.3,1000.0,,0.54,,,,0.2653,0.0231,0.3114,0.4268,0.5652,0.2884,0.2307,0.4499,0.5191,0.5075,1.1535,2026-08-09
ex3-6,Grumpig,holofoil,Dragon,6,Rare Holo,Midori Harada,Stage 1,326,Pokémon,2003/11/24,"tcgplayer,cardmarket",https://prices.pokemontcg.io/tcgplayer/ex3-6,https://images.pokemontcg.io/ex3/6_hires.png,2026/08/08,2026/07/01,18.06,18.0,74.99,189.9,,16.14,,,,19.6095,1.7302,10.0124,4.5909,5.7675,9.8624,9.0319,6.921,4.2679,5.4561,1.1535,2026-08-09
neo4-6,Dark Gengar,1stEditionHolofoil,Neo Destiny,6,Rare Holo,Aya Kusube,Stage 2,94,Pokémon,2002/02/28,"tcgplayer,cardmarket",https://prices.pokemontcg.io/tcgplayer/neo4-6,https://images.pokemontcg.io/neo4/6_hires.png,2026/08/08,2026/07/01,749.99,1899.0,1899.0,1899.0,,,,,"{""unlimitedHolofoil"": {""low"": 539.99, ""mid"": 604.25, ""high"": 3996.38, ""market"": 1051.5, ""directLow"": 1099.99}}",517.4486,103.815,281.3386,0.0,230.6885,299.6562,464.8951,27.684,51.2731,42.5988,1.1535,2026-08-09
dpp-DP06,Buneary,holofoil,DP Black Star Promos,DP06,Promo,Kagemaru Himeno,Basic,427,Pokémon,2007/05/01,tcgplayer,https://prices.pokemontcg.io/tcgplayer/dpp-DP06,https://images.pokemontcg.io/dpp/DP06_hires.png,2026/08/08,,8.93,4.2,4.99,109.8,,,,,,,,,,,,,,,,,2026-08-09
ru1-6,Gyarados,normal,Pokémon Rumble,6,,Pokemon Rumble,Stage 1,130,Pokémon,2009/12/02,"tcgplayer,cardmarket",https://prices.pokemontcg.io/tcgplayer/ru1-6,https://images.pokemontcg.io/ru1/6_hires.png,2026/08/08,2026/07/01,260.22,250.0,302.72,999.99,,,,,,146.1023,91.6917,196.1527,0.0,229.5465,330.9391,153.3924,26.5305,15.7799,15.7799,1.1535,2026-08-09
ex10-5,Flareon,holofoil,Unseen Forces,5,Rare Holo,Naoyo Kimura,Stage 1,136,Pokémon,2005/08/01,"tcgplayer,cardmarket",https://prices.pokemontcg.io/tcgplayer/ex10-5,https://images.pokemontcg.io/ex10/5_hires.png,2026/08/08,2026/07/01,88.28,114.99,169.99,899.9,,152.52,,,,35.7239,10.2661,79.2801,72.9589,57.6173,35.7239,37.1427,86.5125,72.9589,140.4617,1.1535,2026-08-09
ecard2-H8,Entei,,Aquapolis,H8,Rare Holo,Atsuko Nishida,Basic,244,Pokémon,2003/01/15,cardmarket,https://prices.pokemontcg.io/cardmarket/ecard2-H8,https://images.pokemontcg.io/ecard2/H8_hires.png,,2026/07/01,,,,,,,,,,100.4006,40.3725,80.0298,0.0,69.21,101.0466,109.5364,8.6512,23.6814,23.8659,1.1535,2026-08-09
base5-5,Dark Dragonite,1stEditionHolofoil,Team Rocket,5,Rare Holo,Mitsuhiro Arita,Stage 2,149,Pokémon,2000/04/24,"tcgplayer,cardmarket",https://prices.pokemontcg.io/tcgplayer/base5-5,https://images.pokemontcg.io/base5/5_hires.png,2026/08/08,2026/07/01,403.99,414.5,590.0,899.99,,,,,"{""unlimitedHolofoil"": {""low"": 158.99, ""mid"": 220.0, ""high"": 9999.0, ""market"": 186.04, ""directLow"": null}}",728.4352,21.8011,1701.0665,0.0,86.4548,1311.9563,614.2272,43.2563,64.2961,72.3129,1.1535,2026-08-09
gym2-6,Giovanni's Machamp,1stEditionHolofoil,Gym Challenge,6,Rare Holo,Ken Sugimori,Stage 2,68,Pokémon,2000/10/16,"tcgplayer,cardmarket",https://prices.pokemontcg.io/tcgplayer/gym2-6,https://images.pokemontcg.io/gym2/6_hires.png,2026/08/08,2026/07/01,167.49,98.89,449.44,799.99,,,,,"{""unlimitedHolofoil"": {""low"": 53.52, ""mid"": 100.0, ""high"": 849.8, ""market"": 80.66, ""directLow"": null}}",80.5604,17.3025,83.9171,0.0,126.885,75.1159,86.4548,31.133,34.5243,30.0371,1.1535,2026-08-09
hgss2-5,Mismagius,holofoil,HS—Unleashed,5,Rare Holo,Hideaki Hakozaki,Stage 1,429,Pokémon,2010/05/12,"tcgplayer,cardmarket",https://prices.pokemontcg.io/tcgplayer/hgss2-5,https://images.pokemontcg.io/hgss2/5_hires.png,2026/08/08,2026/07/01,6.15,5.0,7.75,79.2,,8.99,,,,2.803,0.1038,4.0142,2.6761,2.1916,2.7569,2.7223,0.6921,2.3877,2.2839,1.1535,2026-08-09
col1-5,Forretress,holofoil,Call of Legends,5,Rare Holo,Kyoko Umemoto,Stage 1,205,Pokémon,2011/02/09,"tcgplayer,cardmarket",https://prices.pokemontcg.io/tcgplayer/col1-5,https://images.pokemontcg.io/col1/5_hires.png,2026/08/08,2026/07/01,5.7,2.56,4.72,52.47,,3.18,,,,3.6105,0.5767,4.0488,2.8491,8.6397,3.6105,3.4144,2.5492,3.3913,3.6335,1.1535,2026-08-09
dv1-8,Salamence,holofoil,Dragon Vault,8,Rare Holo,BERUBURI,Stage 2,373,Pokémon,2012/10/05,"tcgplayer,cardmarket",https://prices.pokemontcg.io/tcgplayer/dv1-8,https://images.pokemontcg.io/dv1/8_hires.png,2026/08/08,2026/07/01,6.14,2.89,6.0,54.9,,,,,,4.6025,0.1154,6.252,0.0,3.4605,4.6371,5.5945,17.3025,8.0168,4.2564,1.1535,2026-08-09
sm3-5,Gloom,normal,Burning Shadows,5,Uncommon,Shibuzoh.,Stage 1,44,Pokémon,2017/08/05,"tcgplayer,cardmarket",https://prices.pokemontcg.io/tcgplayer/sm3-5,https://images.pokemontcg.io/sm3/5_hires.png,2026/08/08,2026/07/01,0.29,0.05,0.28,20.0,,0.5,,,,0.1269,0.0231,0.1384,0.4037,0.173,0.0923,0.1154,0.2884,0.3114,0.4268,1.1535,2026-08-09
pop6-6,Drifloon,normal,POP Series 6,6,Uncommon,Mitsuhiro Arita,Basic,425,Pokémon,2007/09/01,"tcgplayer,cardmarket",https://prices.pokemontcg.io/tcgplayer/pop6-6,https://images.pokemontcg.io/pop6/6_hires.png,2026/08/08,2026/07/01,83.33,180.0,199.99,1000.0,,,,,,33.4515,34.605,40.4417,0.0,33.4515,44.329,23.9236,0.0,0.0,0.0,1.1535,2026-08-09
basep-5,Dragonite,normal,Wizards Black Star Promos,5,Promo,Toshinao Aoki,Stage 2,149,Pokémon,1999/07/01,"tcgplayer,cardmarket",https://prices.pokemontcg.io/tcgplayer/basep-5,https://images.pokemontcg.io/basep/5_hires.png,2026/08/08,2026/07/01,71.38,37.73,70.99,154.95,,,,,,30.7869,2.1801,19.8517,0.0,15.8837,23.0239,26.692,25.377,23.6352,13.1499,1.1535,2026-08-09
si1-7,Ledyba,reverseHolofoil,Southern Islands,7,,Keiko Fukuyama,Basic,165,Pokémon,2001/07/31,"tcgplayer,cardmarket",https://prices.pokemontcg.io/tcgplayer/si1-7,https://images.pokemontcg.io/si1/7_hires.png,2026/08/08,2026/07/01,60.2,48.99,89.99,562.9,,,,,,28.7106,31.1445,33.5207,0.0,27.5917,28.5491,34.0052,14.984,12.8961,11.1313,1.1535,2026-08-09
mcd19-8,Mankey,holofoil,McDonald's Collection 2019,8,,Miki Tanaka,Basic,56,Pokémon,2019/10/15,"tcgplayer,cardmarket",https://prices.pokemontcg.io/tcgplayer/mcd19-8,https://images.pokemontcg.io/mcd19/8_hires.png,2026/08/08,2026/07/01,7.82,3.45,6.0,79.9,,,,,,2.3301,0.0577,2.6761,0.0,3.449,2.2839,2.307,1.7302,2.6992,2.2378,1.1535,2026-08-09
pl1-8,Gardevoir,holofoil,Platinum,8,Rare Holo,Kouki Saitou,Stage 2,282,Pokémon,2009/02/11,"tcgplayer,cardmarket",https://prices.pokemontcg.io/tcgplayer/pl1-8,https://images.pokemontcg.io/pl1/8_hires.png,2026/08/08,2026/07/01,48.19,26.9,47.98,499.9,,45.72,,,,4.9831,0.2884,3.5874,7.0594,11.5235,3.3221,6.1828,13.842,6.5173,5.2484,1.1535,2026-08-09
bw4-5,Shaymin-EX,holofoil,Next Destinies,5,Rare Holo EX,Shizurow,Basic|EX,492,Pokémon,2012/02/08,"tcgplayer,cardmarket",https://prices.pokemontcg.io/tcgplayer/bw4-5,https://images.pokemontcg.io/bw4/5_hires.png,2026/08/08,2026/07/01,10.3,8.39,25.25,199.57,,,,,,9.1934,1.1535,7.7746,0.0,0.2307,8.0284,8.1552,18.3983,7.6362,5.4445,1.1535,2026-08-09
pop7-7,Flaaffy,normal,POP Series 7,7,Uncommon,Kagemaru Himeno,Stage 1,180,Pokémon,2008/03/01,"tcgplayer,cardmarket",https://prices.pokemontcg.io/tcgplayer/pop7-7,https://images.pokemontcg.io/pop7/7_hires.png,2026/08/08,2026/07/01,30.33,15.0,39.0,390.0,,,,,,14.984,28.826,13.7382,0.0,28.826,16.0106,11.4543,0.0,0.0,0.0,1.1535,2026-08-09
xy5-7,Grovyle,normal,Primal Clash,7,Uncommon,match,Stage 1,253,Pokémon,2015/02/04,"tcgplayer,cardmarket",https://prices.pokemontcg.io/tcgplayer/xy5-7,https://images.pokemontcg.io/xy5/7_hires.png,2026/08/08,2026/07/01,0.46,0.15,0.45,19.98,,0.97,,,,0.3576,0.0231,1.0381,3.5643,5.7675,1.2458,0.6921,4.0373,4.1987,2.3416,1.1535,2026-08-09
sm2-5,Lilligant,normal,Guardians Rising,5,Rare,You Iribi,Stage 1,549,Pokémon,2017/05/05,"tcgplayer,cardmarket",https://prices.pokemontcg.io/tcgplayer/sm2-5,https://images.pokemontcg.io/sm2/5_hires.png,2026/08/08,2026/07/01,0.37,0.19,0.37,19.98,,0.49,,,,0.1961,0.0231,0.2192,1.2227,0.346,0.2307,0.2422,0.7152,0.819,0.5767,1.1535,2026-08-09
bw11-6,Snivy,normal,Legendary Treasures,6,Common,Aya Kusube,Basic,495,Pokémon,2013/11/06,"tcgplayer,cardmarket",https://prices.pokemontcg.io/tcgplayer/bw11-6,https://images.pokemontcg.io/bw11/6_hires.png,2026/08/08,2026/07/01,0.41,0.15,0.41,19.98,,1.47,,,,0.5421,0.0577,0.5306,2.8261,0.5421,0.7498,0.4845,2.8261,3.7719,2.3416,1.1535,2026-08-09
xy7-6,Ariados,normal,Ancient Origins,6,Uncommon,Hajime Kusajima,Stage 1,168,Pokémon,2015/08/12,"tcgplayer,cardmarket",https://prices.pokemontcg.io/tcgplayer/xy7-6,https://images.pokemontcg.io/xy7/6_hires.png,2026/08/08,2026/07/01,0.08,0.04,0.23,1000.0,,0.4,,,,0.1154,0.0,0.15,0.0,0.1154,0.173,0.173,0.0,0.0,0.0,1.1535,2026-08-09
ex11-7,Jolteon δ,holofoil,Delta Species,7,Rare Holo,Kouki Saitou,Stage 1,135,Pokémon,2005/10/31,"tcgplayer,cardmarket",https://prices.pokemontcg.io/tcgplayer/ex11-7,https://images.pokemontcg.io/ex11/7_hires.png,2026/08/08,2026/07/01,169.23,149.98,297.49,1763.1,,275.0,,,,64.8152,11.4197,74.2277,80.2605,86.5125,59.163,52.5881,461.4,112.87,116.5727,1.1535,2026-08-09
sm75-4,Torchic,normal,Dragon Majesty,4,Common,Kouki Saitou,Basic,255,Pokémon,2018/09/07,"tcgplayer,cardmarket",https://prices.pokemontcg.io/tcgplayer/sm75-4,https://images.pokemontcg.io/sm75/4_hires.png,2026/08/08,2026/07/01,0.3,0.09,0.29,1.67,,1.07,,,,0.2192,0.0231,0.2307,1.5457,0.2884,0.2422,0.2076,1.3727,1.5226,1.4419,1.1535,2026-08-09
bw9-4,Exeggcute,normal,Plasma Freeze,4,Uncommon,Shigenori Negishi,Basic,102,Pokémon,2013/05/08,"tcgplayer,cardmarket",https://prices.pokemontcg.io/tcgplayer/bw9-4,https://images.pokemontcg.io/bw9/4_hires.png,2026/08/08,2026/07/01,4.25,2.0,4.24,32.56,,7.23,,,,2.7453,0.0577,2.6069,9.9432,2.6877,2.4916,2.2493,17.2333,7.4747,4.6371,1.1535,2026-08-09
pop1-6,Beautifly,normal,POP Series 1,6,Uncommon,Ken Sugimori,Stage 2,267,Pokémon,2004/09/01,"tcgplayer,cardmarket",https://prices.pokemontcg.io/tcgplayer/pop1-6,https://images.pokemontcg.io/pop1/6_hires.png,2026/08/08,2026/07/01,11.64,9.49,11.0,182374.22,,,,,,7.267,1.1535,5.6868,0.0,6.0559,6.1943,4.5217,0.0,0.0,0.0,1.1535,2026-08-09
ex12-8,Lapras,holofoil,Legend Maker,8,Rare Holo,Kagemaru Himeno,Basic,131,Pokémon,2006/02/01,"tcgplayer,cardmarket",https://prices.pokemontcg.io/tcgplayer/ex12-8,https://images.pokemontcg.io/ex12/8_hires.png,2026/08/08,2026/07/01,54.24,39.46,57.49,599.71,,104.92,,,,18.4675,2.307,15.6645,44.0983,12.6654,20.913,18.0177,28.8375,37.7195,32.9324,1.1535,2026-08-09
swsh1-5,Cottonee,normal,Sword & Shield,5,Common,ryoma uratsuka,Basic,546,Pokémon,2020/02/07,"tcgplayer,cardmarket",https://prices.pokemontcg.io/tcgplayer/swsh1-5,https://images.pokemontcg.io/swsh1/5_hires.png,2026/08/08,2026/07/01,0.04,0.01,0.17,17.98,,0.31,,,,0.0807,0.0231,0.0807,0.2192,0.0231,0.0461,0.0692,0.1154,0.2422,0.2653,1.1535,2026-08-09
bw6-5,Yanmega,normal,Dragons Exalted,5,Rare,Naoki Saito,Stage 1,469,Pokémon,2012/08/15,"tcgplayer,cardmarket",https://prices.pokemontcg.io/tcgplayer/bw6-5,https://images.pokemontcg.io/bw6/5_hires.png,2026/08/08,2026/07/01,0.83,0.4,0.87,1.75,,1.09,,,,0.6114,0.2307,0.7959,1.0843,0.5652,0.7267,0.7267,1.142,1.7995,1.5342,1.1535,2026-08-09
base6-6,Dark Persian,holofoil,Legendary Collection,6,Rare Holo,Shin-ichi Yoshida,Stage 1,53,Pokémon,2002/05/24,"tcgplayer,cardmarket",https://prices.pokemontcg.io/tcgplayer/base6-6,https://images.pokemontcg.io/base6/6_hires.png,2026/08/08,2026/07/01,36.48,35.99,39.95,399.8,,140.0,,,,21.7781,9.8048,19.6441,0.0,16.0913,20.9591,22.2279,50.754,34.605,49.5659,1.1535,2026-08-09
bw8-4,Combee,normal,Plasma Storm,4,Common,Yukiko Baba,Basic,415,Pokémon,2013/02/06,"tcgplayer,cardmarket",https://prices.pokemontcg.io/tcgplayer/bw8-4,https://images.pokemontcg.io/bw8/4_hires.png,2026/08/08,2026/07/01,0.29,0.15,0.28,18.86,,0.75,,,,0.2422,0.0231,0.2422,0.5306,0.2884,0.2422,0.2307,0.5652,0.5075,0.5767,1.1535,2026-08-09
dp4-5,Pachirisu,holofoil,Great Encounters,5,Rare Holo,Hironobu Yoshida,Basic,417,Pokémon,2008/02/01,"tcgplayer,cardmarket",https://prices.pokemontcg.io/tcgplayer/dp4-5,https://images.pokemontcg.io/dp4/5_hires.png,2026/08/08,2026/07/01,20.06,15.4,31.0,780.0,,15.32,,,,5.0408,0.0577,5.3638,6.2404,5.7444,6.1828,5.3638,4.3833,5.8136,4.1987,1.1535,2026-08-09
xy1-5,Beedrill,normal,XY,5,Rare,Shin Nagasawa,Stage 2,15,Pokémon,2014/02/05,"tcgplayer,cardmarket",https://prices.pokemontcg.io/tcgplayer/xy1-5,https://images.pokemontcg.io/xy1/5_hires.png,2026/08/08,2026/07/01,0.65,0.35,0.69,19.99,,1.81,,,,0.8421,0.2192,1.0151,1.7879,1.142,1.0958,0.819,4.614,2.0648,1.8571,1.1535,2026-08-09
pl4-6,Mothim,holofoil,Arceus,6,Rare Holo,Kagemaru Himeno,Stage 1,414,Pokémon,2009/11/04,"tcgplayer,cardmarket",https://prices.pokemontcg.io/tcgplayer/pl4-6,https://images.pokemontcg.io/pl4/6_hires.png,2026/08/08,2026/07/01,3.64,2.38,3.57,50.1,,5.63,,,,2.9645,0.2192,2.3993,1.315,1.661,2.803,2.0532,1.7302,1.9956,2.157,1.1535,2026-08-09
base3-8,Hypno,1stEditionHolofoil,Fossil,8,Rare Holo,Ken Sugimori,Stage 1,97,Pokémon,1999/10/10,"tcgplayer,cardmarket",https://prices.pokemontcg.io/tcgplayer/base3-8,https://images.pokemontcg.io/base3/8_hires.png,2026/08/08,2026/07/01,71.54,52.74,79.99,567.5,,,,,"{""unlimitedHolofoil"": {""low"": 16.56, ""mid"": 22.45, ""high"": 313.04, ""market"": 39.11, ""directLow"": 20.63}}",33.4861,8.0745,29.0221,0.0,39.219,47.0167,37.0504,74.9775,21.0629,18.0061,1.1535,2026-08-09
dp3-8,Gastrodon East Sea,holofoil,Secret Wonders,8,Rare Holo,Kazuyuki Kano,Stage 1,423,Pokémon,2007/11/01,"tcgplayer,cardmarket",https://prices.pokemontcg.io/tcgplayer/dp3-8,https://images.pokemontcg.io/dp3/8_hires.png,2026/08/08,2026/07/01,13.73,8.68,24.0,71.1,,13.05,,,,2.6646,0.5652,2.307,2.8145,1.1535,3.2644,3.2067,0.9113,2.5838,2.9299,1.1535,2026-08-09
dp1-6,Lucario,holofoil,Diamond & Pearl,6,Rare Holo,Ken Sugimori,Stage 1,448,Pokémon,2007/05/01,"tcgplayer,cardmarket",https://prices.pokemontcg.io/tcgplayer/dp1-6,https://images.pokemontcg.io/dp1/6_hires.png,2026/08/08,2026/07/01,63.51,33.71,52.0,1115.37,,39.53,,,,11.0159,0.669,10.047,5.5714,20.1863,10.0124,10.2892,2.2955,3.8873,7.4516,1.1535,2026-08-09
sm1-4,Paras,normal,Sun & Moon,4,Common,Ayaka Yoshida,Basic,46,Pokémon,2017/02/03,"tcgplayer,cardmarket",https://prices.pokemontcg.io/tcgplayer/sm1-4,https://images.pokemontcg.io/sm1/4_hires.png,2026/08/08,2026/07/01,0.04,0.01,0.17,19.98,,0.26,,,,0.0923,0.0231,0.0923,0.2884,0.0577,0.0577,0.0807,0.2307,0.4499,0.3345,1.1535,2026-08-09
ex9-7,Manectric,normal,Emerald,7,Rare Holo,Masakazu Fukuda,Stage 1,310,Pokémon,2005/05/01,"tcgplayer,cardmarket",https://prices.pokemontcg.io/tcgplayer/ex9-7,https://images.pokemontcg.io/ex9/7_hires.png,2026/08/08,2026/07/01,9.32,4.46,4.93,74.9,10.73,43.11,,,,2.9645,0.0923,3.7373,7.5554,4.1987,3.8412,2.953,5.7675,11.2236,11.3966,1.1535,2026-08-09
bw7-6,Tangrowth,holofoil,Boundaries Crossed,6,Rare Holo,TOKIYA,Stage 1,465,Pokémon,2012/11/07,"tcgplayer,cardmarket",https://prices.pokemontcg.io/tcgplayer/bw7-6,https://images.pokemontcg.io/bw7/6_hires.png,2026/08/08,2026/07/01,2.93,2.0,3.3,43.5,,4.99,,,,2.5146,0.6344,2.8838,4.3833,1.8456,2.4454,2.6992,5.1907,4.0257,3.449,1.1535,2026-08-09
sm115-7,Charmander,normal,Hidden Fates,7,Common,Megumi Mizutani,Basic,4,Pokémon,2019/08/23,"tcgplayer,cardmarket",https://prices.pokemontcg.io/tcgplayer/sm115-7,https://images.pokemontcg.io/sm115/7_hires.png,2026/08/08,2026/07/01,0.29,0.1,0.29,19.98,,1.33,,,,0.1269,0.0231,0.1384,0.7267,0.1615,0.1384,0.1384,0.5191,0.6806,0.8305,1.1535,2026-08-09
base4-6,Clefairy,holofoil,Base Set 2,6,Rare Holo,Ken Sugimori,Basic,35,Pokémon,2000/02/24,"tcgplayer,cardmarket",https://prices.pokemontcg.io/tcgplayer/base4-6,https://images.pokemontcg.io/base4/6_hires.png,2026/08/08,2026/07/01,22.68,9.99,15.33,279.6,,,,,,13.6344,4.0373,17.1641,0.0,9.4241,16.0221,12.527,9.2165,7.74,9.2626,1.1535,2026-08-09
ex8-5,Claydol,normal,Deoxys,5,Rare Holo,Hajime Kusajima,Stage 1,344,Pokémon,2005/02/01,"tcgplayer,cardmarket",https://prices.pokemontcg.io/tcgplayer/ex8-5,https://images.pokemontcg.io/ex8/5_hires.png,2026/08/08,2026/07/01,14.99,8.15,23.0,77.9,14.53,19.62,,,,5.7444,1.4995,5.6522,6.9095,4.6025,4.5217,5.433,6.9095,8.409,10.5545,1.1535,2026-08-09
bw10-7,Shelmet,normal,Plasma Blast,7,Common,Sumiyoshi Kizuki,Basic,616,Pokémon,2013/08/14,"tcgplayer,cardmarket",https://prices.pokemontcg.io/tcgplayer/bw10-7,https://images.pokemontcg.io/bw10/7_hires.png,2026/08/08,2026/07/01,0.33,0.1,0.31,17.49,,0.71,,,,0.1615,0.0231,0.2422,0.346,0.7844,0.2076,0.1615,0.346,0.5306,0.6114,1.1535,2026-08-09
swsh4-3,Beedrill,normal,Vivid Voltage,3,Rare,KEIICHIRO ITO,Stage 2,15,Pokémon,2020/11/13,"tcgplayer,cardmarket",https://prices.pokemontcg.io/tcgplayer/swsh4-3,https://images.pokemontcg.io/swsh4/3_hires.png,2026/08/08,2026/07/01,0.22,0.04,0.22,999.99,,0.24,,,,0.1961,0.0231,0.2307,0.4614,0.2192,0.1961,0.1846,0.2884,0.3922,0.4153,1.1535,2026-08-09
xy11-7,Yanmega,normal,Steam Siege,7,Rare,Midori Harada,Stage 1,469,Pokémon,2016/08/03,"tcgplayer,cardmarket",https://prices.pokemontcg.io/tcgplayer/xy11-7,https://images.pokemontcg.io/xy11/7_hires.png,2026/08/08,2026/07/01,0.19,0.07,0.25,19.98,,0.54,,,,0.0,0.0,0.5306,0.0,0.5306,0.5306,0.5306,0.0,0.0,0.0,1.1535,2026-08-09
bw5-5,Carnivine,normal,Dark Explorers,5,Rare,Yukiko Baba,Basic,455,Pokémon,2012/05/09,"tcgplayer,cardmarket",https://prices.pokemontcg.io/tcgplayer/bw5-5,https://images.pokemontcg.io/bw5/5_hires.png,2026/08/08,2026/07/01,1.3,1.25,2.0,26.8,,1.79,,,,1.0843,0.173,1.0035,1.7302,0.8651,1.0151,0.9228,1.7302,1.984,1.6841,1.1535,2026-08-09
sm5-6,Turtwig,normal,Ultra Prism,6,Common,Ken Sugimori,Basic,387,Pokémon,2018/02/02,"tcgplayer,cardmarket",https://prices.pokemontcg.io/tcgplayer/sm5-6,https://images.pokemontcg.io/sm5/6_hires.png,2026/08/08,2026/07/01,1.04,0.58,0.9,14.99,,3.57,,,,0.2768,0.0231,0.2307,0.6921,0.1154,0.2307,0.2422,0.5652,0.9459,0.8767,1.1535,2026-08-09
det1-8,Magikarp,holofoil,Detective Pikachu,8,Common,Framestore,Basic,129,Pokémon,2019/04/05,"tcgplayer,cardmarket",https://prices.pokemontcg.io/tcgplayer/det1-8,https://images.pokemontcg.io/det1/8_hires.png,2026/08/08,2026/07/01,0.66,0.1,0.62,4.03,,,,,,0.3807,0.0231,0.2653,0.5767,0.4268,0.2076,0.346,4.0373,0.5306,0.6344,1.1535,2026-08-09
hgss1-8,Noctowl,holofoil,HeartGold & SoulSilver,8,Rare Holo,Suwama Chiaki,Stage 1,164,Pokémon,2010/02/10,"tcgplayer,cardmarket",https://prices.pokemontcg.io/tcgplayer/hgss1-8,https://images.pokemontcg.io/hgss1/8_hires.png,2026/08/08,2026/07/01,13.37,11.81,13.5,129.94,,7.91,,,,3.6681,0.346,4.3833,4.7293,7.1286,4.0834,4.0257,5.6983,5.3984,4.4179,1.1535,2026-08-09
xy4-5,Sewaddle,normal,Phantom Forces,5,Common,kawayoo,Basic,540,Pokémon,2014/11/05,"tcgplayer,cardmarket",https://prices.pokemontcg.io/tcgplayer/xy4-5,https://images.pokemontcg.io/xy4/5_hires.png,2026/08/08,2026/07/01,0.27,0.1,0.25,1000.0,,0.52,,,,0.2538,0.0231,0.4383,0.5998,0.1154,0.2884,0.346,0.3345,0.5767,0.4499,1.1535,2026-08-09
neo3-5,Delibird,1stEditionHolofoil,Neo Revelation,5,Rare Holo,Tomokazu Komiya,Basic,225,Pokémon,2001/09/21,"tcgplayer,cardmarket",https://prices.pokemontcg.io/tcgplayer/neo3-5,https://images.pokemontcg.io/neo3/5_hires.png,2026/08/08,2026/07/01,94.65,78.06,125.0,128.65,,,,,"{""unlimitedHolofoil"": {""low"": 33.0, ""mid"": 62.99, ""high"": 843.0, ""market"": 46.16, ""directLow"": null}}",45.5863,8.063,44.4905,0.0,29.4142,37.0043,45.0326,17.291,18.5021,15.5146,1.1535,2026-08-09
base1-5,Clefairy,holofoil,Base,5,Rare Holo,Ken Sugimori,Basic,35,Pokémon,1999/01/09,"tcgplayer,cardmarket",https://prices.pokemontcg.io/tcgplayer/base1-5,https://images.pokemontcg.io/base1/5_hires.png,2026/08/08,2026/07/01,41.33,21.98,28.0,211.88,,,,,,35.2164,5.7675,31.8135,0.0,59.4052,37.0273,36.7851,19.3903,13.8074,22.6432,1.1535,2026-08-09
pl3-6,Magmortar,holofoil,Supreme Victors,6,Rare Holo,Naoyo Kimura,Stage 1,467,Pokémon,2009/08/19,"tcgplayer,cardmarket",https://prices.pokemontcg.io/tcgplayer/pl3-6,https://images.pokemontcg.io/pl3/6_hires.png,2026/08/08,2026/07/01,11.84,3.55,8.39,335.94,,4.16,,,,3.7835,0.5652,3.8527,2.3762,5.7675,4.2564,3.3567,1.8225,2.3993,3.3913,1.1535,2026-08-09
pop3-6,Vaporeon,normal,POP Series 3,6,Rare,Masakazu Fukuda,Stage 1,134,Pokémon,2006/04/01,"tcgplayer,cardmarket",https://prices.pokemontcg.io/tcgplayer/pop3-6,https://images.pokemontcg.io/pop3/6_hires.png,2026/08/08,2026/07/01,29.18,150.0,175.75,289.9,32.22,,,,,20.1516,3.3336,21.9396,0.0,7.4862,16.5873,23.2084,25.377,12.181,14.7763,1.1535,2026-08-09
sm12-5,Tangela,normal,Cosmic Eclipse,5,Common,otumami,Basic,114,Pokémon,2019/11/01,"tcgplayer,cardmarket",https://prices.pokemontcg.io/tcgplayer/sm12-5,https://images.pokemontcg.io/sm12/5_hires.png,2026/08/08,2026/07/01,0.19,0.01,0.22,19.98,,0.5,,,,0.1038,0.0231,0.0923,1.0381,0.2307,0.0807,0.1038,0.6921,1.2573,0.7382,1.1535,2026-08-09
hgss4-8,Rapidash,holofoil,HS—Triumphant,8,Rare Holo,Kyoko Umemoto,Stage 1,78,Pokémon,2010/11/03,"tcgplayer,cardmarket",https://prices.pokemontcg.io/tcgplayer/hgss4-8,https://images.pokemontcg.io/hgss4/8_hires.png,2026/08/08,2026/07/01,25.06,20.0,31.49,114.6,,20.0,,,,5.9521,1.7187,0.0231,10.9929,9.8048,6.6557,19.1135,11.535,9.1357,7.2786,1.1535,2026-08-09
ex4-6,Team Aqua's Walrein,holofoil,Team Magma vs Team Aqua,6,Rare Holo,Ken Ikuji,Stage 2,365,Pokémon,2004/03/01,"tcgplayer,cardmarket",https://prices.pokemontcg.io/tcgplayer/ex4-6,https://images.pokemontcg.io/ex4/6_hires.png,2026/08/08,2026/07/01,10.51,4.97,9.88,99.0,,9.88,,,,5.6868,0.5767,6.8172,10.9582,3.3451,5.8828,5.2484,7.4977,7.0825,8.8127,1.1535,2026-08-09
ecard3-H1,Alakazam,,Skyridge,H1,Rare Holo,Kimiya Masago,Stage 2,65,Pokémon,2003/05/12,cardmarket,https://prices.pokemontcg.io/cardmarket/ecard3-H1,https://images.pokemontcg.io/ecard3/H1_hires.png,,2026/07/01,,,,,,,,,,268.9501,57.675,1429.0596,0.0,9228.0,1264.3975,602.8422,34.5935,52.392,50.3387,1.1535,2026-08-09
pl2-1,Arcanine,holofoil,Rising Rivals,1,Rare Holo,Masakazu Fukuda,Stage 1,59,Pokémon,2009/05/16,"tcgplayer,cardmarket",https://prices.pokemontcg.io/tcgplayer/pl2-1,https://images.pokemontcg.io/pl2/1_hires.png,2026/08/08,2026/07/01,59.14,39.71,50.89,398.99,,94.78,,,,7.267,0.9113,7.7515,5.7906,11.535,7.9245,8.0745,1.6149,6.4019,7.9592,1.1535,2026-08-09
xy8-1,Paras,normal,BREAKthrough,1,Common,Hajime Kusajima,Basic,46,Pokémon,2015/11/04,"tcgplayer,cardmarket",https://prices.pokemontcg.io/tcgplayer/xy8-1,https://images.pokemontcg.io/xy8/1_hires.png,2026/08/08,2026/07/01,0.18,0.04,0.2,1000.0,,0.5,,,,0.1384,0.0231,0.2307,1.1535,0.173,0.1846,0.1615,0.5767,0.6229,0.5421,1.1535,2026-08-09
xy6-1,Exeggcute,normal,Roaring Skies,1,Common,Tomokazu Komiya,Basic,102,Pokémon,2015/05/06,"tcgplayer,cardmarket",https://prices.pokemontcg.io/tcgplayer/xy6-1,https://images.pokemontcg.io/xy6/1_hires.png,2026/08/08,2026/07/01,0.35,0.09,0.31,19.98,,1.72,,,,0.2307,0.0231,0.2538,0.9228,0.0577,0.15,0.2307,0.5767,0.9805,0.8882,1.1535,2026-08-09
sm6-1,Exeggcute,normal,Forbidden Light,1,Common,Yuka Morii,Basic,102,Pokémon,2018/05/04,"tcgplayer,cardmarket",https://prices.pokemontcg.io/tcgplayer/sm6-1,https://images.pokemontcg.io/sm6/1_hires.png,2026/08/08,2026/07/01,0.63,0.25,0.75,19.98,,2.67,,,,0.2538,0.0231,0.2076,0.4153,0.2884,0.2307,0.2422,0.4614,0.5191,0.4499,1.1535,2026-08-09
ex14-4,Charizard δ,holofoil,Crystal Guardians,4,Rare Holo,Kouki Saitou,Stage 2,6,Pokémon,2006/08/01,"tcgplayer,cardmarket",https://prices.pokemontcg.io/tcgplayer/ex14-4,https://images.pokemontcg.io/ex14/4_hires.png,2026/08/08,2026/07/01,752.6,444.99,841.36,3807.49,,1199.99,,,,213.5936,46.14,177.5237,276.0095,346.05,155.9647,213.5821,403.725,268.9039,284.6031,1.1535,2026-08-09
bw6-6,Wurmple,normal,Dragons Exalted,6,Common,Kouki Saitou,Basic,265,Pokémon,2012/08/15,"tcgplayer,cardmarket",https://prices.pokemontcg.io/tcgplayer/bw6-6,https://images.pokemontcg.io/bw6/6_hires.png,2026/08/08,2026/07/01,0.28,0.14,0.3,19.98,,5.43,,,,0.173,0.0231,0.2192,0.7613,0.1038,0.1615,0.1846,0.5652,1.4995,1.1996,1.1535,2026-08-09
pop1-7,Masquerain,normal,POP Series 1,7,Uncommon,Kagemaru Himeno,Stage 1,284,Pokémon,2004/09/01,"tcgplayer,cardmarket",https://prices.pokemontcg.io/tcgplayer/pop1-7,https://images.pokemontcg.io/pop1/7_hires.png,2026/08/08,2026/07/01,5.54,5.0,6.49,69.0,,,,,,9.6087,0.6921,5.9982,0.0,4.0257,5.7098,3.2067,0.0,0.0,0.0,1.1535,2026-08-09
pl1-9,Giratina,holofoil,Platinum,9,Rare Holo,Kouki Saitou,Basic,487,Pokémon,2009/02/11,"tcgplayer,cardmarket",https://prices.pokemontcg.io/tcgplayer/pl1-9,https://images.pokemontcg.io/pl1/9_hires.png,2026/08/08,2026/07/01,33.12,28.0,99.99,3379.84,,28.6,,,,10.3123,0.5767,10.4276,8.4321,9.228,12.7462,9.0204,10.3815,9.8278,9.1242,1.1535,2026-08-09
sm12-6,Tangrowth,normal,Cosmic Eclipse,6,Uncommon,nagimiso,Stage 1,465,Pokémon,2019/11/01,"tcgplayer,cardmarket",https://prices.pokemontcg.io/tcgplayer/sm12-6,https://images.pokemontcg.io/sm12/6_hires.png,2026/08/08,2026/07/01,0.14,0.05,0.2,19.98,,0.47,,,,0.1269,0.0231,0.15,0.5767,0.2307,0.1384,0.1269,0.5767,0.5537,0.5767,1.1535,2026-08-09
gym1-5,Erika's Vileplume,1stEditionHolofoil,Gym Heroes,5,Rare Holo,Ken Sugimori,Stage 2,45,Pokémon,2000/08/14,"tcgplayer,cardmarket",https://prices.pokemontcg.io/tcgplayer/gym1-5,https://images.pokemontcg.io/gym1/5_hires.png,2026/08/08,2026/07/01,83.06,349.95,499.99,600.0,,,,,"{""unlimitedHolofoil"": {""low"": 17.65, ""mid"": 28.14, ""high"": 312.7, ""market"": 27.5, ""directLow"": null}}",26.2767,4.614,24.2004,0.0,38.5154,33.0132,30.5331,10.37,15.0993,16.2297,1.1535,2026-08-09
basep-6,Arcanine,normal,Wizards Black Star Promos,6,Promo,Ken Sugimori,Stage 1,59,Pokémon,1999/07/01,"tcgplayer,cardmarket",https://prices.pokemontcg.io/tcgplayer/basep-6,https://images.pokemontcg.io/basep/6_hires.png,2026/08/08,2026/07/01,32.91,16.73,32.65,9999.0,,,,,,17.0949,2.8838,13.6459,0.0,6.921,12.8385,15.5146,13.2652,5.5137,2.2378,1.1535,2026-08-09
swsh35-7,Victini,normal,Champion's Path,7,Uncommon,Taira Akitsu,Basic,494,Pokémon,2020/09/25,"tcgplayer,cardmarket",https://prices.pokemontcg.io/tcgplayer/swsh35-7,https://images.pokemontcg.io/swsh35/7_hires.png,2026/08/08,2026/07/01,0.21,0.01,0.21,19.98,,0.33,,,,0.0923,0.0231,0.173,0.323,0.15,0.0923,0.1038,0.2884,0.3576,0.346,1.1535,2026-08-09
xy11-8,Yanmega BREAK,holofoil,Steam Siege,8,Rare BREAK,5ban Graphics,BREAK,469,Pokémon,2016/08/03,"tcgplayer,cardmarket",https://prices.pokemontcg.io/tcgplayer/xy11-8,https://images.pokemontcg.io/xy11/8_hires.png,2026/08/08,2026/07/01,2.62,1.9,2.94,35.1,,,,,,3.7835,0.8651,4.4525,0.0,3.3451,3.4028,3.7373,9.228,4.0373,2.157,1.1535,2026-08-09
ex12-9,Machamp,holofoil,Legend Maker,9,Rare Holo,Kouki Saitou,Stage 2,68,Pokémon,2006/02/01,"tcgplayer,cardmarket",https://prices.pokemontcg.io/tcgplayer/ex12-9,https://images.pokemontcg.io/ex12/9_hires.png,2026/08/08,2026/07/01,24.99,62.7,171.2,352.99,,42.03,,,,11.6503,1.1535,18.4445,18.4329,11.535,16.299,13.0692,4.614,21.0744,17.0372,1.1535,2026-08-09
xy8-2,Parasect,normal,BREAKthrough,2,Rare,Sumiyoshi Kizuki,Stage 1,47,Pokémon,2015/11/04,"tcgplayer,cardmarket",https://prices.pokemontcg.io/tcgplayer/xy8-2,https://images.pokemontcg.io/xy8/2_hires.png,2026/08/08,2026/07/01,0.26,0.1,0.28,23.49,,0.5,,,,0.3345,0.0346,0.346,0.0,0.5767,0.3576,0.4153,0.7613,0.9574,1.2458,1.1535,2026-08-09
dp4-6,Porygon-Z,holofoil,Great Encounters,6,Rare Holo,Kent Kanetsuna,Stage 2,474,Pokémon,2008/02/01,"tcgplayer,cardmarket",https://prices.pokemontcg.io/tcgplayer/dp4-6,https://images.pokemontcg.io/dp4/6_hires.png,2026/08/08,2026/07/01,8.47,49.9,63.47,96.95,,17.2,,,,2.5492,0.1038,1.8225,5.4676,1.6956,2.5492,2.2724,3.4605,5.0177,2.9184,1.1535,2026-08-09
sm75-5,Combusken,normal,Dragon Majesty,5,Uncommon,Ken Sugimori,Stage 1,256,Pokémon,2018/09/07,"tcgplayer,cardmarket",https://prices.pokemontcg.io/tcgplayer/sm75-5,https://images.pokemontcg.io/sm75/5_hires.png,2026/08/08,2026/07/01,0.27,0.05,0.28,19.98,,0.87,,,,0.1961,0.0231,0.173,1.2573,0.15,0.173,0.2307,1.2573,1.4419,1.0843,1.1535,2026-08-09
sm8-5,Chikorita,normal,Lost Thunder,5,Common,Aya Kusube,Basic,152,Pokémon,2018/11/02,"tcgplayer,cardmarket",https://prices.pokemontcg.io/tcgplayer/sm8-5,https://images.pokemontcg.io/sm8/5_hires.png,2026/08/08,2026/07/01,0.46,0.15,0.5,2.99,,1.33,,,,0.2538,0.0231,0.3114,0.8651,0.15,0.4268,0.2768,0.5767,3.3682,1.9609,1.1535,2026-08-09
sm6-2,Alolan Exeggutor,normal,Forbidden Light,2,Rare,Satoshi Shirai,Stage 1,103,Pokémon,2018/05/04,"tcgplayer,cardmarket",https://prices.pokemontcg.io/tcgplayer/sm6-2,https://images.pokemontcg.io/sm6/2_hires.png,2026/08/08,2026/07/01,0.59,0.24,0.59,19.98,,0.87,,,,0.8997,0.0807,1.142,1.1996,0.4614,1.6956,0.7844,0.992,1.165,1.0266,1.1535,2026-08-09
swsh1-6,Whimsicott,normal,Sword & Shield,6,Rare,kodama,Stage 1,547,Pokémon,2020/02/07,"tcgplayer,cardmarket",https://prices.pokemontcg.io/tcgplayer/swsh1-6,https://images.pokemontcg.io/swsh1/6_hires.png,2026/08/08,2026/07/01,0.25,0.1,0.25,2.99,,0.61,,,,0.346,0.0231,0.3576,1.0035,0.2307,0.3691,0.323,1.3035,1.0497,0.8651,1.1535,2026-08-09
ex3-7,Minun,holofoil,Dragon,7,Rare Holo,Atsuko Nishida,Basic,312,Pokémon,2003/11/24,"tcgplayer,cardmarket",https://prices.pokemontcg.io/tcgplayer/ex3-7,https://images.pokemontcg.io/ex3/7_hires.png,2026/08/08,2026/07/01,91.87,116.62,450.55,899.9,,40.1,,,,34.8357,3.4605,33.3708,51.9075,40.3725,34.7204,39.9918,51.9075,35.6893,17.5563,1.1535,2026-08-09
bw11-7,Servine,normal,Legendary Treasures,7,Uncommon,Shigenori Negishi,Stage 1,496,Pokémon,2013/11/06,"tcgplayer,cardmarket",https://prices.pokemontcg.io/tcgplayer/bw11-7,https://images.pokemontcg.io/bw11/7_hires.png,2026/08/08,2026/07/01,1.25,0.37,0.99,19.98,,2.76,,,,0.3345,0.2884,0.8767,5.7675,1.0381,0.5075,0.7728,5.7675,5.8598,3.0683,1.1535,2026-08-09
xy5-8,Sceptile,normal,Primal Clash,8,Rare,Hajime Kusajima,Stage 2,254,Pokémon,2015/02/04,"tcgplayer,cardmarket",https://prices.pokemontcg.io/tcgplayer/xy5-8,https://images.pokemontcg.io/xy5/8_hires.png,2026/08/08,2026/07/01,3.76,1.5,2.5,5.11,,3.87,,,,6.4135,0.5767,3.9334,6.0213,1.1535,5.0754,2.8607,5.756,10.5661,5.9175,1.1535,2026-08-09
xy1-6,Ledyba,normal,XY,6,Common,Mizue,Basic,165,Pokémon,2014/02/05,"tcgplayer,cardmarket",https://prices.pokemontcg.io/tcgplayer/xy1-6,https://images.pokemontcg.io/xy1/6_hires.png,2026/08/08,2026/07/01,0.24,0.04,0.24,1000.0,,0.88,,,,0.1961,0.0231,0.2076,1.2804,0.1154,0.1384,0.173,2.307,1.3727,0.8305,1.1535,2026-08-09
base1-6,Gyarados,holofoil,Base,6,Rare Holo,Mitsuhiro Arita,Stage 1,130,Pokémon,1999/01/09,"tcgplayer,cardmarket",https://prices.pokemontcg.io/tcgplayer/base1-6,https://images.pokemontcg.io/base1/6_hires.png,2026/08/08,2026/07/01,50.48,19.99,40.0,100.0,,,,,,26.4728,2.307,26.3229,0.0,18.606,22.9662,25.1117,14.9263,16.0106,14.8455,1.1535,2026-08-09
bw9-5,Exeggutor,normal,Plasma Freeze,5,Rare,match,Stage 1,103,Pokémon,2013/05/08,"tcgplayer,cardmarket",https://prices.pokemontcg.io/tcgplayer/bw9-5,https://images.pokemontcg.io/bw9/5_hires.png,2026/08/08,2026/07/01,5.65,4.32,9.5,35.6,,8.22,,,,1.3035,0.1154,1.2112,2.4685,1.142,1.1766,1.0035,1.7302,2.0186,2.2032,1.1535,2026-08-09
hgss1-9,Quagsire,holofoil,HeartGold & SoulSilver,9,Rare Holo,match,Stage 1,195,Pokémon,2010/02/10,"tcgplayer,cardmarket",https://prices.pokemontcg.io/tcgplayer/hgss1-9,https://images.pokemontcg.io/hgss1/9_hires.png,2026/08/08,2026/07/01,21.92,15.81,21.83,219.5,,18.25,,,,4.6717,0.6921,4.464,6.1828,4.614,4.8562,4.7755,13.3114,7.1402,7.0825,1.1535,2026-08-09
bw4-6,Pansage,normal,Next Destinies,6,Common,Megumi Mizutani,Basic,511,Pokémon,2012/02/08,"tcgplayer,cardmarket",https://prices.pokemontcg.io/tcgplayer/bw4-6,https://images.pokemontcg.io/bw4/6_hires.png,2026/08/08,2026/07/01,0.28,0.05,0.25,19.98,,0.67,,,,0.1961,0.0231,0.2076,0.5767,0.2307,0.1961,0.1269,0.5767,0.7036,0.5883,1.1535,2026-08-09
bw8-5,Vespiquen,normal,Plasma Storm,5,Rare,Hajime Kusajima,Stage 1,416,Pokémon,2013/02/06,"tcgplayer,cardmarket",https://prices.pokemontcg.io/tcgplayer/bw8-5,https://images.pokemontcg.io/bw8/5_hires.png,2026/08/08,2026/07/01,0.73,0.34,0.68,19.98,,1.54,,,,1.3035,0.173,1.0151,1.6149,1.6034,1.1996,1.0381,1.6149,1.7533,1.4649,1.1535,2026-08-09
sm115-8,Charmeleon,normal,Hidden Fates,8,Uncommon,Shin Nagasawa,Stage 1,5,Pokémon,2019/08/23,"tcgplayer,cardmarket",https://prices.pokemontcg.io/tcgplayer/sm115-8,https://images.pokemontcg.io/sm115/8_hires.png,2026/08/08,2026/07/01,0.25,0.05,0.25,19.98,,0.47,,,,0.1384,0.0231,0.0923,0.5537,0.0577,0.1038,0.1269,0.3345,0.5652,0.5652,1.1535,2026-08-09
sm9-7,Parasect,normal,Team Up,7,Rare,Satoshi Shirai,Stage 1,47,Pokémon,2019/02/01,"tcgplayer,cardmarket",https://prices.pokemontcg.io/tcgplayer/sm9-7,https://images.pokemontcg.io/sm9/7_hires.png,2026/08/08,2026/07/01,0.36,0.18,0.38,19.98,,0.57,,,,0.6921,0.0923,0.5191,1.1074,0.1154,0.5998,0.4499,1.1535,1.0958,1.2342,1.1535,2026-08-09
ex7-7,Dark Marowak,holofoil,Team Rocket Returns,7,Rare Holo,Mitsuhiro Arita,Stage 1,105,Pokémon,2004/11/01,"tcgplayer,cardmarket",https://prices.pokemontcg.io/tcgplayer/ex7-7,https://images.pokemontcg.io/ex7/7_hires.png,2026/08/08,2026/07/01,156.54,99.99,109.41,1298.8,,169.99,,,,11.0159,1.7302,9.4126,87.7929,6.8633,15.976,16.6335,86.4548,106.1681,72.2206,1.1535,2026-08-09
ecard3-H2,Arcanine,,Skyridge,H2,Rare Holo,Aya Kusube,Stage 1,59,Pokémon,2003/05/12,cardmarket,https://prices.pokemontcg.io/cardmarket/ecard3-H2,https://images.pokemontcg.io/ecard3/H2_hires.png,,2026/07/01,,,,,,,,,,295.5613,46.14,326.8904,0.0,692.1,271.061,238.4977,51.9075,115.35,71.5055,1.1535,2026-08-09
sm3-6,Vileplume,holofoil,Burning Shadows,6,Rare Holo,chibi,Stage 2,45,Pokémon,2017/08/05,"tcgplayer,cardmarket",https://prices.pokemontcg.io/tcgplayer/sm3-6,https://images.pokemontcg.io/sm3/6_hires.png,2026/08/08,2026/07/01,0.77,0.15,0.79,5.0,,0.83,,,,0.7844,0.1154,0.5998,0.6806,0.0231,0.5075,0.6921,1.1535,0.7152,0.7036,1.1535,2026-08-09
ex13-5,Deoxys δ,holofoil,Holon Phantoms,5,Rare Holo,Kouki Saitou,Basic,386,Pokémon,2006/05/01,"tcgplayer,cardmarket",https://prices.pokemontcg.io/tcgplayer/ex13-5,https://images.pokemontcg.io/ex13/5_hires.png,2026/08/08,2026/07/01,136.34,85.99,186.52,1499.9,,349.99,,,,58.1018,4.614,77.3306,80.918,5.7675,88.4273,40.3033,103.815,83.5249,57.7557,1.1535,2026-08-09
bw1-5,Serperior,holofoil,Black & White,5,Rare Holo,Kagemaru Himeno,Stage 2,497,Pokémon,2011/04/25,"tcgplayer,cardmarket",https://prices.pokemontcg.io/tcgplayer/bw1-5,https://images.pokemontcg.io/bw1/5_hires.png,2026/08/08,2026/07/01,2.32,1.2,2.17,34.1,,5.62,,,,1.6264,0.0577,2.0186,3.6797,0.4614,2.0532,1.7072,0.669,2.6184,3.0337,1.1535,2026-08-09
si1-8,Jigglypuff,normal,Southern Islands,8,,Keiko Fukuyama,Basic,39,Pokémon,2001/07/31,"tcgplayer,cardmarket",https://prices.pokemontcg.io/tcgplayer/si1-8,https://images.pokemontcg.io/si1/8_hires.png,2026/08/08,2026/07/01,64.74,49.99,115.0,586.57,,,,,,44.7673,34.605,50.9962,0.0,49.0237,49.6582,39.3805,0.0,0.0,0.0,1.1535,2026-08-09
pop9-6,Buizel,normal,POP Series 9,6,Uncommon,Midori Harada,Basic,418,Pokémon,2009/03/01,"tcgplayer,cardmarket",https://prices.pokemontcg.io/tcgplayer/pop9-6,https://images.pokemontcg.io/pop9/6_hires.png,2026/08/08,2026/07/01,7.66,3.19,7.7,71.0,,,,,,5.3061,1.1535,5.2715,0.0,4.6025,4.6717,4.1987,1.9609,1.9609,1.9609,1.1535,2026-08-09
dv1-9,Latias,holofoil,Dragon Vault,9,Rare Holo,Hideaki Hakozaki,Basic,380,Pokémon,2012/10/05,"tcgplayer,cardmarket",https://prices.pokemontcg.io/tcgplayer/dv1-9,https://images.pokemontcg.io/dv1/9_hires.png,2026/08/08,2026/07/01,20.42,6.49,13.91,94.9,,,,,,6.3789,0.5652,7.4055,0.0,1.0266,9.0204,9.7009,2.1916,11.6503,7.567,1.1535,2026-08-09
swsh4-4,Exeggcute,normal,Vivid Voltage,4,Common,Hasuno,Basic,102,Pokémon,2020/11/13,"tcgplayer,cardmarket",https://prices.pokemontcg.io/tcgplayer/swsh4-4,https://images.pokemontcg.io/swsh4/4_hires.png,2026/08/08,2026/07/01,0.03,0.01,0.15,25.03,,0.27,,,,0.0461,0.0231,0.0461,0.2076,0.0346,0.0346,0.0346,0.2768,0.2076,0.2076,1.1535,2026-08-09
xy2-8,Roselia,normal,Flashfire,8,Common,kirisAki,Basic,315,Pokémon,2014/05/07,"tcgplayer,cardmarket",https://prices.pokemontcg.io/tcgplayer/xy2-8,https://images.pokemontcg.io/xy2/8_hires.png,2026/08/08,2026/07/01,0.17,0.05,0.21,19.98,,0.85,,,,0.1269,0.0231,0.15,1.2227,0.0231,0.1269,0.1154,0.5191,0.8074,0.5883,1.1535,2026-08-09
bw10-8,Accelgor,normal,Plasma Blast,8,Rare,5ban Graphics,Stage 1|Team Plasma,617,Pokémon,2013/08/14,"tcgplayer,cardmarket",https://prices.pokemontcg.io/tcgplayer/bw10-8,https://images.pokemontcg.io/bw10/8_hires.png,2026/08/08,2026/07/01,0.44,0.3,0.57,16.2,,0.98,,,,0.3922,0.1038,0.5075,0.7267,0.5652,0.4153,0.6229,0.9689,1.4995,1.1189,1.1535,2026-08-09
sm2-6,Phantump,normal,Guardians Rising,6,Common,Sanosuke Sakuma,Basic,708,Pokémon,2017/05/05,"tcgplayer,cardmarket",https://prices.pokemontcg.io/tcgplayer/sm2-6,https://images.pokemontcg.io/sm2/6_hires.png,2026/08/08,2026/07/01,0.28,0.05,0.27,4.0,,0.86,,,,0.0807,0.0231,0.1038,0.3576,0.2192,0.0807,0.1038,0.2653,0.4268,0.3922,1.1535,2026-08-09
ex9-8,Milotic,normal,Emerald,8,Rare Holo,Kagemaru Himeno,Stage 1,350,Pokémon,2005/05/01,"tcgplayer,cardmarket",https://prices.pokemontcg.io/tcgplayer/ex9-8,https://images.pokemontcg.io/ex9/8_hires.png,2026/08/08,2026/07/01,24.91,20.0,21.02,33.49,36.28,104.99,,,,5.3176,0.6921,7.8438,179.3692,6.3442,6.6096,5.3176,6.921,107.3908,41.1569,1.1535,2026-08-09
ex10-6,Forretress,holofoil,Unseen Forces,6,Rare Holo,Aya Kusube,Stage 1,205,Pokémon,2005/08/01,"tcgplayer,cardmarket",https://prices.pokemontcg.io/tcgplayer/ex10-6,https://images.pokemontcg.io/ex10/6_hires.png,2026/08/08,2026/07/01,15.26,13.99,15.72,164.9,,38.16,,,,13.3691,2.2493,15.33,11.4543,17.2448,20.0594,11.3735,5.7675,18.0177,12.5732,1.1535,2026-08-09
mcd19-9,Onix,holofoil,McDonald's Collection 2019,9,,Mitsuhiro Arita,Basic,95,Pokémon,2019/10/15,"tcgplayer,cardmarket",https://prices.pokemontcg.io/tcgplayer/mcd19-9,https://images.pokemontcg.io/mcd19/9_hires.png,2026/08/08,2026/07/01,9.41,4.8,6.0,52.5,,,,,,1.9148,0.173,2.2955,0.0,1.0958,1.3611,1.8917,1.7302,2.7915,2.1801,1.1535,2026-08-09
ecard2-H9,Espeon,,Aquapolis,H9,Rare Holo,Kyoko Umemoto,Stage 1,196,Pokémon,2003/01/15,cardmarket,https://prices.pokemontcg.io/cardmarket/ecard2-H9,https://images.pokemontcg.io/ecard2/H9_hires.png,,2026/07/01,,,,,,,,,,224.7364,63.4425,215.6468,0.0,92.28,231.2075,282.0884,28.8375,45.2287,44.8365,1.1535,2026-08-09
ex4-7,Team Magma's Aggron,holofoil,Team Magma vs Team Aqua,7,Rare Holo,Hiromichi Sugiyama,Stage 2,306,Pokémon,2004/03/01,"tcgplayer,cardmarket",https://prices.pokemontcg.io/tcgplayer/ex4-7,https://images.pokemontcg.io/ex4/7_hires.png,2026/08/08,2026/07/01,32.43,21.67,45.0,4319.13,,29.16,,,,9.6894,0.9228,11.5119,7.9361,3.4605,10.9352,8.4552,0.5767,8.9742,7.7631,1.1535,2026-08-09
xy7-7,Sceptile-EX,holofoil,Ancient Origins,7,Rare Holo EX,Eske Yoshinob,Basic|EX,254,Pokémon,2015/08/12,"tcgplayer,cardmarket",https://prices.pokemontcg.io/tcgplayer/xy7-7,https://images.pokemontcg.io/xy7/7_hires.png,2026/08/08,2026/07/01,7.55,3.97,6.77,52.0,,,,,,4.9024,2.5377,6.6672,0.0,5.7675,6.748,6.7364,2.0648,4.0603,4.7409,1.1535,2026-08-09
pl2-2,Bastiodon GL,holofoil,Rising Rivals,2,Rare Holo,Hajime Kusajima,Basic|SP,411,Pokémon,2009/05/16,"tcgplayer,cardmarket",https://prices.pokemontcg.io/tcgplayer/pl2-2,https://images.pokemontcg.io/pl2/2_hires.png,2026/08/08,2026/07/01,10.87,5.87,11.0,109.8,,10.27,,,,4.5102,0.2307,4.7986,4.5217,4.614,3.8873,4.1295,5.1907,3.7027,3.4259,1.1535,2026-08-09
base5-6,Dark Dugtrio,1stEditionHolofoil,Team Rocket,6,Rare Holo,Kagemaru Himeno,Stage 1,51,Pokémon,2000/04/24,"tcgplayer,cardmarket",https://prices.pokemontcg.io/tcgplayer/base5-6,https://images.pokemontcg.io/base5/6_hires.png,2026/08/08,2026/07/01,84.03,58.26,99.96,750.0,,,,,"{""unlimitedHolofoil"": {""low"": 32.17, ""mid"": 36.02, ""high"": 542.6, ""market"": 41.32, ""directLow"": 99.56}}",45.4479,5.1907,75.4735,0.0,201.8625,69.2561,48.8507,4.0257,30.6024,20.8784,1.1535,2026-08-09
ex11-8,Latias δ,holofoil,Delta Species,8,Rare Holo,Ryo Ueda,Basic,380,Pokémon,2005/10/31,"tcgplayer,cardmarket",https://prices.pokemontcg.io/tcgplayer/ex11-8,https://images.pokemontcg.io/ex11/8_hires.png,2026/08/08,2026/07/01,133.88,175.98,749.99,963.0,,159.33,,,,46.0939,2.2955,30.7638,89.0041,33.4515,38.2847,38.5384,115.3385,93.5835,64.5499,1.1535,2026-08-09
bw7-7,Scyther,normal,Boundaries Crossed,7,Common,kawayoo,Basic,123,Pokémon,2012/11/07,"tcgplayer,cardmarket",https://prices.pokemontcg.io/tcgplayer/bw7-7,https://images.pokemontcg.io/bw7/7_hires.png,2026/08/08,2026/07/01,1.52,0.5,1.0,96.85,,22.83,,,,0.646,0.0231,0.8305,6.8633,1.0381,0.7498,0.5652,3.3336,7.8207,4.9254,1.1535,2026-08-09
dp3-9,Gastrodon West Sea,holofoil,Secret Wonders,9,Rare Holo,Kazuyuki Kano,Stage 1,423,Pokémon,2007/11/01,"tcgplayer,cardmarket",https://prices.pokemontcg.io/tcgplayer/dp3-9,https://images.pokemontcg.io/dp3/9_hires.png,2026/08/08,2026/07/01,10.93,8.25,33.99,110.81,,10.06,,,,3.8181,0.5075,4.8678,3.8988,10.37,4.1526,3.2298,1.8341,4.8908,3.4374,1.1535,2026-08-09
gym2-7,Giovanni's Nidoking,1stEditionHolofoil,Gym Challenge,7,Rare Holo,Ken Sugimori,Stage 2,34,Pokémon,2000/10/16,"tcgplayer,cardmarket",https://prices.pokemontcg.io/tcgplayer/gym2-7,https://images.pokemontcg.io/gym2/7_hires.png,2026/08/08,2026/07/01,217.57,159.6,376.07,2268.6,,,,,"{""unlimitedHolofoil"": {""low"": 58.49, ""mid"": 75.0, ""high"": 692.47, ""market"": 75.94, ""directLow"": 692.47}}",69.9136,9.8048,76.1887,0.0,92.28,74.9775,94.0102,4.614,24.8002,30.9138,1.1535,2026-08-09
neo3-6,Entei,1stEditionHolofoil,Neo Revelation,6,Rare Holo,Ken Sugimori,Basic,244,Pokémon,2001/09/21,"tcgplayer,cardmarket",https://prices.pokemontcg.io/tcgplayer/neo3-6,https://images.pokemontcg.io/neo3/6_hires.png,2026/08/08,2026/07/01,500.0,616.09,639.99,10000.0,,,,,"{""unlimitedHolofoil"": {""low"": 141.45, ""mid"": 449.99, ""high"": 9999.0, ""market"": 184.92, ""directLow"": 449.99}}",168.2149,23.0585,96.6633,0.0,161.49,75.9118,158.3986,115.3385,92.776,55.9101,1.1535,2026-08-09
hgss4-9,Solrock,holofoil,HS—Triumphant,9,Rare Holo,Kouki Saitou,Basic,338,Pokémon,2010/11/03,"tcgplayer,cardmarket",https://prices.pokemontcg.io/tcgplayer/hgss4-9,https://images.pokemontcg.io/hgss4/9_hires.png,2026/08/08,2026/07/01,3.37,1.99,3.99,32.42,,1.94,,,,2.6992,0.2307,2.653,2.653,1.7187,2.9645,2.8953,3.4605,1.315,1.6149,1.1535,2026-08-09
col1-6,Groudon,holofoil,Call of Legends,6,Rare Holo,Ryo Ueda,Basic,383,Pokémon,2011/02/09,"tcgplayer,cardmarket",https://prices.pokemontcg.io/tcgplayer/col1-6,https://images.pokemontcg.io/col1/6_hires.png,2026/08/08,2026/07/01,39.19,21.95,57.49,497.9,,20.18,,,,10.6699,0.5075,6.8403,21.6281,23.0585,8.5244,16.645,28.8375,23.1161,13.6113,1.1535,2026-08-09
det1-9,Greninja,holofoil,Detective Pikachu,9,Rare Ultra,MPC Film,Stage 2,658,Pokémon,2019/04/05,"tcgplayer,cardmarket",https://prices.pokemontcg.io/tcgplayer/det1-9,https://images.pokemontcg.io/det1/9_hires.png,2026/08/08,2026/07/01,9.85,3.01,9.0,939.04,,,,,,6.1482,2.307,5.929,0.0,5.756,6.1136,7.5093,8.6512,9.9316,8.2475,1.1535,2026-08-09
xy6-2,Exeggutor,normal,Roaring Skies,2,Uncommon,Shin Nagasawa,Stage 1,103,Pokémon,2015/05/06,"tcgplayer,cardmarket",https://prices.pokemontcg.io/tcgplayer/xy6-2,https://images.pokemontcg.io/xy6/2_hires.png,2026/08/08,2026/07/01,0.23,0.07,0.25,19.98,,0.6,,,,0.1615,0.0231,0.1269,0.8305,0.2884,0.173,0.173,0.9228,0.9689,0.669,1.1535,2026-08-09
pop4-6,Combusken,normal,POP Series 4,6,Uncommon,Mitsuhiro Arita,Stage 1,256,Pokémon,2006/08/01,"tcgplayer,cardmarket",https://prices.pokemontcg.io/tcgplayer/pop4-6,https://images.pokemontcg.io/pop4/6_hires.png,2026/08/08,2026/07/01,12.25,19.0,26.5,107.0,22.5,,,,,3.449,0.173,1.8225,0.0,0.5652,3.0452,2.5954,0.5191,3.7373,1.9148,1.1535,2026-08-09
ex8-6,Crawdaunt,normal,Deoxys,6,Rare Holo,Tomoko Wakai,Stage 1,342,Pokémon,2005/02/01,"tcgplayer,cardmarket",https://prices.pokemontcg.io/tcgplayer/ex8-6,https://images.pokemontcg.io/ex8/6_hires.png,2026/08/08,2026/07/01,4.99,10.0,11.0,40.0,29.7,49.94,,,,9.4818,1.7302,11.5119,18.2022,6.8864,9.3549,9.9086,10.37,36.4506,20.0594,1.1535,2026-08-09
pop6-7,Gible,normal,POP Series 6,7,Uncommon,Kouki Saitou,Basic,443,Pokémon,2007/09/01,"tcgplayer,cardmarket",https://prices.pokemontcg.io/tcgplayer/pop6-7,https://images.pokemontcg.io/pop6/7_hires.png,2026/08/08,2026/07/01,21.05,26.72,113.36,200.0,8.0,,,,,8.1783,4.614,8.582,8.6512,8.063,8.3167,7.3593,8.6512,3.7719,2.4685,1.1535,2026-08-09
pl4-7,Probopass,holofoil,Arceus,7,Rare Holo,Kouki Saitou,Stage 1,476,Pokémon,2009/11/04,"tcgplayer,cardmarket",https://prices.pokemontcg.io/tcgplayer/pl4-7,https://images.pokemontcg.io/pl4/7_hires.png,2026/08/08,2026/07/01,1.58,0.96,1.84,28.1,,2.79,,,,1.7302,0.2307,1.5803,1.661,0.5421,1.7072,1.6149,0.5652,2.2493,1.9494,1.1535,2026-08-09
xy10-5,Snivy,normal,Fates Collide,5,Common,Atsuko Nishida,Basic,495,Pokémon,2016/05/02,"tcgplayer,cardmarket",https://prices.pokemontcg.io/tcgplayer/xy10-5,https://images.pokemontcg.io/xy10/5_hires.png,2026/08/08,2026/07/01,0.22,0.02,0.24,1000.0,,0.51,,,,0.0923,0.0231,0.1154,0.496,0.173,0.1269,0.1038,0.5652,0.6344,0.5306,1.1535,2026-08-09
dpp-DP07,Cranidos,holofoil,DP Black Star Promos,DP07,Promo,Mitsuhiro Arita,Stage 1,408,Pokémon,2007/05/01,tcgplayer,https://prices.pokemontcg.io/tcgplayer/dpp-DP07,https://images.pokemontcg.io/dpp/DP07_hires.png,2026/08/08,,15.51,5.24,18.0,175.64,,,,,,,,,,,,,,,,,2026-08-09
neo4-7,Dark Houndoom,1stEditionHolofoil,Neo Destiny,7,Rare Holo,Kagemaru Himeno,Stage 1,229,Pokémon,2002/02/28,"tcgplayer,cardmarket",https://prices.pokemontcg.io/tcgplayer/neo4-7,https://images.pokemontcg.io/neo4/7_hires.png,2026/08/08,2026/07/01,249.99,369.99,500.0,699.99,,,,,"{""unlimitedHolofoil"": {""low"": 189.0, ""mid"": 349.99, ""high"": 1212.98, ""market"": 246.69, ""directLow"": null}}",165.7695,11.535,168.0765,0.0,265.305,108.5674,127.9693,11.5235,24.3504,34.605,1.1535,2026-08-09
sm5-7,Turtwig,normal,Ultra Prism,7,Common,OOYAMA,Basic,387,Pokémon,2018/02/02,"tcgplayer,cardmarket",https://prices.pokemontcg.io/tcgplayer/sm5-7,https://images.pokemontcg.io/sm5/7_hires.png,2026/08/08,2026/07/01,0.25,0.18,0.3,16.42,,0.57,,,,0.1846,0.0231,0.1154,0.5191,0.1154,0.1038,0.1384,0.2884,0.5075,0.5075,1.1535,2026-08-09
base4-7,Gyarados,holofoil,Base Set 2,7,Rare Holo,Mitsuhiro Arita,Stage 1,130,Pokémon,2000/02/24,"tcgplayer,cardmarket",https://prices.pokemontcg.io/tcgplayer/base4-7,https://images.pokemontcg.io/base4/7_hires.png,2026/08/08,2026/07/01,43.63,28.26,40.0,599.2,,,,,,34.8357,5.7675,18.2368,0.0,14.4187,19.0789,35.4124,20.1863,15.3877,21.6512,1.1535,2026-08-09
sm1-5,Parasect,normal,Sun & Moon,5,Rare,Eri Yamaki,Stage 1,47,Pokémon,2017/02/03,"tcgplayer,cardmarket",https://prices.pokemontcg.io/tcgplayer/sm1-5,https://images.pokemontcg.io/sm1/5_hires.png,2026/08/08,2026/07/01,0.18,0.03,0.22,4.0,,0.36,,,,0.1846,0.0231,0.1384,0.5537,0.173,0.15,0.173,1.1535,0.7152,0.496,1.1535,2026-08-09
pop5-4,Double Rainbow Energy,normal,POP Series 5,4,Rare,Takumi Akabane,Special,,Energy,2007/03/01,"tcgplayer,cardmarket",https://prices.pokemontcg.io/tcgplayer/pop5-4,https://images.pokemontcg.io/pop5/4_hires.png,2026/08/08,2026/07/01,21.63,34.99,47.22,458.9,,,,,,16.149,32.298,13.3921,0.0,34.5935,14.0842,10.0816,0.0,0.0,0.0,1.1535,2026-08-09
ex2-1,Armaldo,holofoil,Sandstorm,1,Rare Holo,Mitsuhiro Arita,Stage 2,348,Pokémon,2003/09/18,"tcgplayer,cardmarket",https://prices.pokemontcg.io/tcgplayer/ex2-1,https://images.pokemontcg.io/ex2/1_hires.png,2026/08/08,2026/07/01,20.56,9.99,28.3,196.86,,20.88,,,,6.2289,0.5767,6.8864,11.535,5.5483,6.4942,6.1136,1.1535,8.3744,5.2946,1.1535,2026-08-09
sm7-1,Bellsprout,normal,Celestial Storm,1,Common,Masako Yamashita,Basic,69,Pokémon,2018/08/03,"tcgplayer,cardmarket",https://prices.pokemontcg.io/tcgplayer/sm7-1,https://images.pokemontcg.io/sm7/1_hires.png,2026/08/08,2026/07/01,0.29,0.1,0.29,19.98,,0.59,,,,0.1846,0.0231,0.2884,0.7152,0.15,0.2076,0.1615,0.7036,0.7267,0.5883,1.1535,2026-08-09
ex6-1,Beedrill,normal,FireRed & LeafGreen,1,Rare Holo,Hajime Kusajima,Stage 2,15,Pokémon,2004/09/01,"tcgplayer,cardmarket",https://prices.pokemontcg.io/tcgplayer/ex6-1,https://images.pokemontcg.io/ex6/1_hires.png,2026/08/08,2026/07/01,9.26,15.0,40.25,140.0,16.07,16.0,,,,4.1065,0.1154,3.4374,9.7125,4.6025,4.1757,4.4064,11.535,7.7746,6.425,1.1535,2026-08-09
hgss3-1,Bellossom,holofoil,HS—Undaunted,1,Rare Holo,Mitsuhiro Arita,Stage 2,182,Pokémon,2010/08/18,"tcgplayer,cardmarket",https://prices.pokemontcg.io/tcgplayer/hgss3-1,https://images.pokemontcg.io/hgss3/1_hires.png,2026/08/08,2026/07/01,8.14,3.0,5.99,80.0,,8.62,,,,2.2147,0.0346,2.8376,2.1109,1.9379,2.3877,2.4108,0.9228,2.3877,3.6797,1.1535,2026-08-09
dp2-1,Aggron,holofoil,Mysterious Treasures,1,Rare Holo,Kouki Saitou,Stage 2,306,Pokémon,2007/08/01,"tcgplayer,cardmarket",https://prices.pokemontcg.io/tcgplayer/dp2-1,https://images.pokemontcg.io/dp2/1_hires.png,2026/08/08,2026/07/01,15.81,4.5,7.0,23.99,,3.97,,,,3.945,0.4614,3.8412,2.1686,5.756,3.7604,4.3602,2.3185,2.307,4.5909,1.1535,2026-08-09
pop2-1,Entei,normal,POP Series 2,1,Rare,Kouki Saitou,Basic,244,Pokémon,2005/08/01,"tcgplayer,cardmarket",https://prices.pokemontcg.io/tcgplayer/pop2-1,https://images.pokemontcg.io/pop2/1_hires.png,2026/08/08,2026/07/01,41.0,23.41,37.75,444.0,54.91,,,,,69.21,21.9165,56.2331,0.0,36.912,55.6102,46.3015,11.535,12.7692,12.7231,1.1535,2026-08-09
bw2-1,Pansage,normal,Emerging Powers,1,Common,Kouki Saitou,Basic,511,Pokémon,2011/08/31,"tcgplayer,cardmarket",https://prices.pokemontcg.io/tcgplayer/bw2-1,https://images.pokemontcg.io/bw2/1_hires.png,2026/08/08,2026/07/01,0.26,0.05,0.25,19.98,,1.35,,,,0.2076,0.0231,0.2076,1.6495,0.1154,0.1846,0.173,0.8651,1.5457,1.1074,1.1535,2026-08-09
bwp-BW01,Snivy,holofoil,BW Black Star Promos,BW01,Promo,Ken Sugimori,Basic,495,Pokémon,2011/03/01,"tcgplayer,cardmarket",https://prices.pokemontcg.io/tcgplayer/bwp-BW01,https://images.pokemontcg.io/bwp/BW01_hires.png,2026/08/08,2026/07/01,2.73,1.34,2.86,45.5,,,,,,1.1996,0.0577,1.1304,0.0,1.0381,1.1074,1.4419,2.307,1.2227,0.7728,1.1535,2026-08-09
sma-SV1,Scyther,holofoil,Hidden Fates Shiny Vault,SV1,Rare Shiny,Shigenori Negishi,Basic,123,Pokémon,2019/08/23,"tcgplayer,cardmarket",https://prices.pokemontcg.io/tcgplayer/sma-SV1,https://images.pokemontcg.io/sma/SV1_hires.png,2026/08/08,2026/07/01,10.72,8.22,10.94,166.25,,,,,,11.535,4.0257,13.0922,0.0,4.614,18.3868,8.9512,6.9095,8.4321,11.3504,1.1535,2026-08-09
sm7-2,Weepinbell,normal,Celestial Storm,2,Uncommon,Miki Tanaka,Stage 1,70,Pokémon,2018/08/03,"tcgplayer,cardmarket",https://prices.pokemontcg.io/tcgplayer/sm7-2,https://images.pokemontcg.io/sm7/2_hires.png,2026/08/08,2026/07/01,0.35,0.15,0.35,2.99,,0.35,,,,0.2653,0.0231,0.2422,0.6229,0.1615,0.2076,0.2307,1.142,0.5537,0.5652,1.1535,2026-08-09
swsh35-8,Incineroar V,holofoil,Champion's Path,8,Rare Holo V,Kouki Saitou,Basic|V,727,Pokémon,2020/09/25,"tcgplayer,cardmarket",https://prices.pokemontcg.io/tcgplayer/swsh35-8,https://images.pokemontcg.io/swsh35/8_hires.png,2026/08/08,2026/07/01,1.75,1.0,1.94,125.0,,,,,,2.2263,0.5652,2.3762,0.0,2.0417,2.5146,2.2609,2.2147,2.0071,2.1455,1.1535,2026-08-09
ex4-8,Team Magma's Claydol,holofoil,Team Magma vs Team Aqua,8,Rare Holo,Zu-Ka,Stage 1,344,Pokémon,2004/03/01,"tcgplayer,cardmarket",https://prices.pokemontcg.io/tcgplayer/ex4-8,https://images.pokemontcg.io/ex4/8_hires.png,2026/08/08,2026/07/01,29.13,25.0,69.99,232.9,,25.0,,,,14.6264,2.0763,13.669,34.605,5.7675,10.7622,11.1313,34.605,17.5101,11.2466,1.1535,2026-08-09
base6-7,Dark Raichu,holofoil,Legendary Collection,7,Rare Holo,Mitsuhiro Arita,Stage 1,26,Pokémon,2002/05/24,"tcgplayer,cardmarket",https://prices.pokemontcg.io/tcgplayer/base6-7,https://images.pokemontcg.io/base6/7_hires.png,2026/08/08,2026/07/01,74.0,509.8,626.4,743.0,,399.99,,,,30.3024,17.3025,24.212,141.5575,23.07,25.8384,28.9644,127.4502,129.9764,113.0661,1.1535,2026-08-09
mcd19-10,Alolan Meowth,holofoil,McDonald's Collection 2019,10,,Akira Komayama,Basic,52,Pokémon,2019/10/15,"tcgplayer,cardmarket",https://prices.pokemontcg.io/tcgplayer/mcd19-10,https://images.pokemontcg.io/mcd19/10_hires.png,2026/08/08,2026/07/01,15.02,6.82,10.97,193.1,,,,,,3.1952,0.4614,2.2032,0.0,0.6921,3.0568,2.2032,3.4605,2.7223,2.4108,1.1535,2026-08-09
hgss1-10,Raichu,holofoil,HeartGold & SoulSilver,10,Rare Holo,match,Stage 1,26,Pokémon,2010/02/10,"tcgplayer,cardmarket",https://prices.pokemontcg.io/tcgplayer/hgss1-10,https://images.pokemontcg.io/hgss1/10_hires.png,2026/08/08,2026/07/01,31.52,19.399999618530273,35.279998779296875,195.97999572753906,,38.26,,,,10.889,1.1535,8.7089,15.33,11.53499984741211,10.8314,11.4312,6.921,14.3957,13.4152,1.1535,2026-08-09
sma-SV2,Rowlet,holofoil,Hidden Fates Shiny Vault,SV2,Rare Shiny,sui,Basic,722,Pokémon,2019/08/23,"tcgplayer,cardmarket",https://prices.pokemontcg.io/tcgplayer/sma-SV2,https://images.pokemontcg.io/sma/SV2_hires.png,2026/08/08,2026/07/01,5.83,3.119999885559082,7.96999979019165,116.1500015258789,,,,,,3.7373,2.307,3.9565,4.0257,3.264400005340576,3.8988,3.8412,4.6025,3.4951,4.1872,1.1535,2026-08-09
base3-9,Kabutops,1stEditionHolofoil,Fossil,9,Rare Holo,Ken Sugimori,Stage 2,141,Pokémon,1999/10/10,"tcgplayer,cardmarket",https://prices.pokemontcg.io/tcgplayer/base3-9,https://images.pokemontcg.io/base3/9_hires.png,2026/08/08,2026/07/01,115.14,71.5,191.33999633789062,1179.800048828125,,,,,"{""unlimitedHolofoil"": {""low"": 19.79, ""mid"": 26.31, ""high"": 96.94, ""market"": 40.01, ""directLow"": 96.82}}",36.4506,9.8048,47.4089,0.0,16.32200050354004,56.0601,42.8295,25.1809,18.8828,19.7133,1.1535,2026-08-09
sm75-6,Blaziken,holofoil,Dragon Majesty,6,Rare Holo,Kouki Saitou,Stage 2,257,Pokémon,2018/09/07,"tcgplayer,cardmarket",https://prices.pokemontcg.io/tcgplayer/sm75-6,https://images.pokemontcg.io/sm75/6_hires.png,2026/08/08,2026/07/01,2.68,1.2200000286102295,2.609999895095825,8.75,,8.67,,,,1.315,0.1154,2.1686,4.9024,1.6956000328063965,2.1916,1.5226,9.228,5.8367,7.3593,1.1535,2026-08-09
ex6-2,Butterfree,normal,FireRed & LeafGreen,2,Rare Holo,Atsuko Nishida,Stage 2,12,Pokémon,2004/09/01,"tcgplayer,cardmarket",https://prices.pokemontcg.io/tcgplayer/ex6-2,https://images.pokemontcg.io/ex6/2_hires.png,2026/08/08,2026/07/01,42.0,45.0,57.5,65.0,40.25,38.92,,,,9.5279,1.488,10.1277,18.456,18.225299835205078,9.6663,10.8544,36.3353,17.5447,13.0692,1.1535,2026-08-09
bw1-6,Serperior,holofoil,Black & White,6,Rare Holo,5ban Graphics,Stage 2,497,Pokémon,2011/04/25,"tcgplayer,cardmarket",https://prices.pokemontcg.io/tcgplayer/bw1-6,https://images.pokemontcg.io/bw1/6_hires.png,2026/08/08,2026/07/01,3.12,2.0,3.8499999046325684,57.900001525878906,,4.62,,,,3.0683,0.3345,3.8065,2.0071,2.8261001110076904,3.2413,4.5794,0.5652,2.3877,3.2413,1.1535,2026-08-09
si1-9,Butterfree,normal,Southern Islands,9,,Keiko Fukuyama,Stage 2,12,Pokémon,2001/07/31,"tcgplayer,cardmarket",https://prices.pokemontcg.io/tcgplayer/si1-9,https://images.pokemontcg.io/si1/9_hires.png,2026/08/08,2026/07/01,43.56,34.189998626708984,54.0,360.0,,,,,,27.9032,17.291,34.4204,0.0,57.6172981262207,32.9209,27.9493,8.063,8.063,8.063,1.1535,2026-08-09
pop2-2,Pidgeot,normal,POP Series 2,2,Rare,Ken Sugimori,Stage 2,18,Pokémon,2005/08/01,"tcgplayer,cardmarket",https://prices.pokemontcg.io/tcgplayer/pop2-2,https://images.pokemontcg.io/pop2/2_hires.png,2026/08/08,2026/07/01,13.78,10.0,16.56999969482422,33.75,5.93,,,,,12.1117,4.6025,11.6503,0.0,17.291000366210938,11.7888,14.7417,4.614,5.0408,5.9982,1.1535,2026-08-09
bw2-2,Simisage,normal,Emerging Powers,2,Rare,match,Stage 1,512,Pokémon,2011/08/31,"tcgplayer,cardmarket",https://prices.pokemontcg.io/tcgplayer/bw2-2,https://images.pokemontcg.io/bw2/2_hires.png,2026/08/08,2026/07/01,0.67,0.4000000059604645,0.6600000262260437,19.979999542236328,,1.94,,,,0.4614,0.0231,0.496,0.7613,0.7035999894142151,0.5191,0.4729,0.2307,0.7613,1.0728,1.1535,2026-08-09
ex7-8,Dark Octillery,normal,Team Rocket Returns,8,Rare Holo,Mitsuhiro Arita,Stage 1,224,Pokémon,2004/11/01,"tcgplayer,cardmarket",https://prices.pokemontcg.io/tcgplayer/ex7-8,https://images.pokemontcg.io/ex7/8_hires.png,2026/08/08,2026/07/01,21.19,21.489999771118164,24.280000686645508,202.88999938964844,27.11,67.5,,,,18.8713,4.614,29.1374,74.966,27.672500610351562,19.6556,21.905,8.0745,43.1524,35.0203,1.1535,2026-08-09
det1-10,Detective Pikachu,holofoil,Detective Pikachu,10,Rare,MPC Film,Basic,25,Pokémon,2019/04/05,"tcgplayer,cardmarket",https://prices.pokemontcg.io/tcgplayer/det1-10,https://images.pokemontcg.io/det1/10_hires.png,2026/08/08,2026/07/01,13.5,4.989999771118164,13.399999618530273,98.83000183105469,,,,,,13.6344,1.142,18.5137,6.3442,18.167600631713867,18.5598,14.6841,5.7675,11.039,11.1543,1.1535,2026-08-09
xy4-6,Swadloon,normal,Phantom Forces,6,Uncommon,Tomokazu Komiya,Stage 1,541,Pokémon,2014/11/05,"tcgplayer,cardmarket",https://prices.pokemontcg.io/tcgplayer/xy4-6,https://images.pokemontcg.io/xy4/6_hires.png,2026/08/08,2026/07/01,0.61,0.15000000596046448,0.5099999904632568,14.989999771118164,,1.33,,,,0.3807,0.0231,0.3922,2.6184,0.20759999752044678,0.2999,0.669,2.8838,3.0568,2.0071,1.1535,2026-08-09
base1-7,Hitmonchan,holofoil,Base,7,Rare Holo,Ken Sugimori,Basic,107,Pokémon,1999/01/09,"tcgplayer,cardmarket",https://prices.pokemontcg.io/tcgplayer/base1-7,https://images.pokemontcg.io/base1/7_hires.png,2026/08/08,2026/07/01,21.65,11.949999809265137,17.920000076293945,9999.0,,,,,,81.4486,20.4746,56.2562,0.0,34.60499954223633,74.7583,76.1541,0.0,0.0,0.0,1.1535,2026-08-09
sm3-7,Tangela,normal,Burning Shadows,7,Common,Shibuzoh.,Basic,114,Pokémon,2017/08/05,"tcgplayer,cardmarket",https://prices.pokemontcg.io/tcgplayer/sm3-7,https://images.pokemontcg.io/sm3/7_hires.png,2026/08/08,2026/07/01,0.19,0.009999999776482582,0.20999999344348907,19.979999542236328,,0.46,,,,0.1154,0.0231,0.1038,0.3576,0.13840000331401825,0.0807,0.1154,0.2307,0.2768,0.3807,1.1535,2026-08-09
pop6-8,Riolu,normal,POP Series 6,8,Uncommon,Kouki Saitou,Basic,447,Pokémon,2007/09/01,"tcgplayer,cardmarket",https://prices.pokemontcg.io/tcgplayer/pop6-8,https://images.pokemontcg.io/pop6/8_hires.png,2026/08/08,2026/07/01,29.58,10.630000114440918,30.0,300.0,23.97,,,,,51.9075,34.605,62.439,0.0,40.372501373291016,72.6705,32.1019,3.4605,2.5377,2.5377,1.1535,2026-08-09
hgss2-6,Octillery,holofoil,HS—Unleashed,6,Rare Holo,Ken Sugimori,Stage 1,224,Pokémon,2010/05/12,"tcgplayer,cardmarket",https://prices.pokemontcg.io/tcgplayer/hgss2-6,https://images.pokemontcg.io/hgss2/6_hires.png,2026/08/08,2026/07/01,3.6,2.190000057220459,3.5999999046325684,43.099998474121094,,5.0,,,,2.6184,0.3922,2.6992,5.1907,6.9095001220703125,2.9068,2.4224,6.9095,3.4259,3.3105,1.1535,2026-08-09
xy8-3,Pinsir,normal,BREAKthrough,3,Uncommon,Satoshi Shirai,Basic,127,Pokémon,2015/11/04,"tcgplayer,cardmarket",https://prices.pokemontcg.io/tcgplayer/xy8-3,https://images.pokemontcg.io/xy8/3_hires.png,2026/08/08,2026/07/01,0.19,0.07000000029802322,0.23999999463558197,1000.0,,0.48,,,,0.173,0.0231,0.15,0.2192,0.219200000166893,0.1846,0.173,1.7187,0.8882,0.6575,1.1535,2026-08-09
base5-7,Dark Golbat,1stEditionHolofoil,Team Rocket,7,Rare Holo,Mitsuhiro Arita,Stage 1,42,Pokémon,2000/04/24,"tcgplayer,cardmarket",https://prices.pokemontcg.io/tcgplayer/base5-7,https://images.pokemontcg.io/base5/7_hires.png,2026/08/08,2026/07/01,65.39,49.0,105.0,489.239990234375,,,,,"{""unlimitedHolofoil"": {""low"": 25.0, ""mid"": 31.41, ""high"": 116.23, ""market"": 30.3, ""directLow"": 31.59}}",40.3494,9.1127,28.9644,0.0,25.36549949645996,39.4843,41.5375,12.677,14.9609,18.5944,1.1535,2026-08-09
ex12-10,Mew,holofoil,Legend Maker,10,Rare Holo,Kouki Saitou,Basic,151,Pokémon,2006/02/01,"tcgplayer,cardmarket",https://prices.pokemontcg.io/tcgplayer/ex12-10,https://images.pokemontcg.io/ex12/10_hires.png,2026/08/08,2026/07/01,203.74,199.92999267578125,599.989990234375,2359.97998046875,,196.75,,,,73.7433,13.842,90.9189,289.0786,11.53499984741211,54.9412,122.8247,1153.5,330.3624,195.6682,1.1535,2026-08-09
xy2-9,Roserade,normal,Flashfire,9,Uncommon,Masakazu Fukuda,Stage 1,407,Pokémon,2014/05/07,"tcgplayer,cardmarket",https://prices.pokemontcg.io/tcgplayer/xy2-9,https://images.pokemontcg.io/xy2/9_hires.png,2026/08/08,2026/07/01,0.25,0.10000000149011612,0.25999999046325684,19.989999771118164,,1.0,,,,0.2768,0.0231,0.3922,0.8074,0.04610000178217888,0.3807,0.2653,0.6921,1.1535,0.7613,1.1535,2026-08-09
bw7-8,Heracross,normal,Boundaries Crossed,8,Uncommon,Naoki Saito,Basic,214,Pokémon,2012/11/07,"tcgplayer,cardmarket",https://prices.pokemontcg.io/tcgplayer/bw7-8,https://images.pokemontcg.io/bw7/8_hires.png,2026/08/08,2026/07/01,0.99,0.44999998807907104,0.9900000095367432,19.979999542236328,,7.65,,,,1.7533,0.0231,1.2458,2.7338,0.57669997215271,1.5688,1.1996,1.142,2.2955,2.4454,1.1535,2026-08-09
sm8-6,Chikorita,normal,Lost Thunder,6,Common,sowsow,Basic,152,Pokémon,2018/11/02,"tcgplayer,cardmarket",https://prices.pokemontcg.io/tcgplayer/sm8-6,https://images.pokemontcg.io/sm8/6_hires.png,2026/08/08,2026/07/01,0.31,0.09000000357627869,0.3400000035762787,19.979999542236328,,1.26,,,,0.1846,0.0231,0.4268,1.0612,0.11540000140666962,0.5421,0.2768,0.8651,1.5572,1.0728,1.1535,2026-08-09
gym1-6,Lt. Surge's Electabuzz,1stEditionHolofoil,Gym Heroes,6,Rare Holo,Ken Sugimori,Basic,125,Pokémon,2000/08/14,"tcgplayer,cardmarket",https://prices.pokemontcg.io/tcgplayer/gym1-6,https://images.pokemontcg.io/gym1/6_hires.png,2026/08/08,2026/07/01,98.12,105.30000305175781,540.02001953125,1020.7000122070312,,,,,"{""unlimitedHolofoil"": {""low"": 35.0, ""mid"": 51.49, ""high"": 312.0, ""market"": 37.68, ""directLow"": null}}",45.0326,10.9582,32.8863,0.0,39.103599548339844,42.7949,44.8596,9.228,19.9094,21.2705,1.1535,2026-08-09
dp2-2,Alakazam,holofoil,Mysterious Treasures,2,Rare Holo,Kouki Saitou,Stage 2,65,Pokémon,2007/08/01,"tcgplayer,cardmarket",https://prices.pokemontcg.io/tcgplayer/dp2-2,https://images.pokemontcg.io/dp2/2_hires.png,2026/08/08,2026/07/01,60.86,42.0,119.44000244140625,439.0,,39.74,,,,23.0469,1.7302,4.6371,5.8252,5.652200222015381,7.7746,13.2076,17.2448,9.1127,6.4135,1.1535,2026-08-09
ex11-9,Latios δ,holofoil,Delta Species,9,Rare Holo,Ryo Ueda,Basic,381,Pokémon,2005/10/31,"tcgplayer,cardmarket",https://prices.pokemontcg.io/tcgplayer/ex11-9,https://images.pokemontcg.io/ex11/9_hires.png,2026/08/08,2026/07/01,144.2,138.97999572753906,219.97999572753906,1696.9000244140625,,232.5,,,,40.3494,4.0373,36.7505,204.8616,41.79130172729492,46.4399,38.9883,298.7565,166.5193,109.9862,1.1535,2026-08-09
neo4-8,Dark Porygon2,1stEditionHolofoil,Neo Destiny,8,Rare Holo,"Shin-ichi Yoshikawa, CR CG gangs",Stage 1,233,Pokémon,2002/02/28,"tcgplayer,cardmarket",https://prices.pokemontcg.io/tcgplayer/neo4-8,https://images.pokemontcg.io/neo4/8_hires.png,2026/08/08,2026/07/01,95.81,6999.990234375,8499.5,9999.0,,,,,"{""unlimitedHolofoil"": {""low"": 71.99, ""mid"": 149.99, ""high"": 800.0, ""market"": 88.44, ""directLow"": 149.99}}",55.2873,15.3762,6.2289,0.0,41.5260009765625,63.1541,72.4744,11.1428,19.7479,20.0709,1.1535,2026-08-09
sm115-9,Charizard-GX,holofoil,Hidden Fates,9,Rare Holo GX,aky CG Works,Stage 2|GX,6,Pokémon,2019/08/23,"tcgplayer,cardmarket",https://prices.pokemontcg.io/tcgplayer/sm115-9,https://images.pokemontcg.io/sm115/9_hires.png,2026/08/08,2026/07/01,11.98,9.569999694824219,13.609999656677246,96.0,,,,,,14.338,4.0373,17.7985,0.0,10.888999938964844,10.5891,15.0532,9.9201,10.7968,10.22,1.1535,2026-08-09
ex2-2,Cacturne,holofoil,Sandstorm,2,Rare Holo,Atsuko Nishida,Stage 1,332,Pokémon,2003/09/18,"tcgplayer,cardmarket",https://prices.pokemontcg.io/tcgplayer/ex2-2,https://images.pokemontcg.io/ex2/2_hires.png,2026/08/08,2026/07/01,32.88,29.989999771118164,74.36000061035156,350.5799865722656,,20.99,,,,13.5882,3.4605,15.7683,8.7897,11.53499984741211,14.3957,13.8189,8.063,8.236,9.4126,1.1535,2026-08-09
sm9-8,Exeggcute,normal,Team Up,8,Common,Ken Sugimori,Basic,102,Pokémon,2019/02/01,"tcgplayer,cardmarket",https://prices.pokemontcg.io/tcgplayer/sm9-8,https://images.pokemontcg.io/sm9/8_hires.png,2026/08/08,2026/07/01,0.19,0.009999999776482582,0.20999999344348907,19.979999542236328,,0.31,,,,0.0923,0.0231,0.1038,0.4268,0.06920000165700912,0.0923,0.0807,0.1154,0.5998,0.5537,1.1535,2026-08-09
sm12-7,Sunkern,normal,Cosmic Eclipse,7,Common,0313,Basic,191,Pokémon,2019/11/01,"tcgplayer,cardmarket",https://prices.pokemontcg.io/tcgplayer/sm12-7,https://images.pokemontcg.io/sm12/7_hires.png,2026/08/08,2026/07/01,0.24,0.07999999821186066,0.25,19.979999542236328,,0.6,,,,0.1038,0.0231,0.1154,0.4845,0.11540000140666962,0.1038,0.0923,0.5767,0.4614,0.6575,1.1535,2026-08-09
xy1-7,Ledian,normal,XY,7,Uncommon,Hitoshi Ariga,Stage 1,166,Pokémon,2014/02/05,"tcgplayer,cardmarket",https://prices.pokemontcg.io/tcgplayer/xy1-7,https://images.pokemontcg.io/xy1/7_hires.png,2026/08/08,2026/07/01,0.28,0.10000000149011612,0.30000001192092896,1000.0,,0.72,,,,0.2538,0.0231,0.2884,0.0,0.28839999437332153,0.2768,0.2192,2.307,1.0381,0.7728,1.1535,2026-08-09
ru1-7,Pikachu,holofoil,Pokémon Rumble,7,,Pokemon Rumble,Basic,25,Pokémon,2009/12/02,"tcgplayer,cardmarket",https://prices.pokemontcg.io/tcgplayer/ru1-7,https://images.pokemontcg.io/ru1/7_hires.png,2026/06/30,2026/07/01,750.0,699.989990234375,699.989990234375,699.989990234375,,,,,,1243.842,346.05,1318.4274,0.0,2018.625,1354.532,635.417,46.1285,43.4985,18.5598,1.1535,2026-08-09
pop4-7,Grovyle,normal,POP Series 4,7,Uncommon,Mitsuhiro Arita,Stage 1,253,Pokémon,2006/08/01,"tcgplayer,cardmarket",https://prices.pokemontcg.io/tcgplayer/pop4-7,https://images.pokemontcg.io/pop4/7_hires.png,2026/08/08,2026/07/01,38.94,35.650001525878906,45.0,345.29998779296875,,,,,,17.291,5.7444,16.7142,0.0,22.43560028076172,16.2874,15.4569,0.0,0.0,0.0,1.1535,2026-08-09
pop3-7,Combusken,normal,POP Series 3,7,Uncommon,Mitsuhiro Arita,Stage 1,256,Pokémon,2006/04/01,"tcgplayer,cardmarket",https://prices.pokemontcg.io/tcgplayer/pop3-7,https://images.pokemontcg.io/pop3/7_hires.png,2026/08/08,2026/07/01,20.27,25.0,164.72000122070312,232.42999267578125,,,,,,11.2928,3.449,12.2271,0.0,23.058500289916992,12.9653,10.9006,17.3025,17.3025,17.3025,1.1535,2026-08-09
bw4-7,Simisage,normal,Next Destinies,7,Rare,kawayoo,Stage 1,512,Pokémon,2012/02/08,"tcgplayer,cardmarket",https://prices.pokemontcg.io/tcgplayer/bw4-7,https://images.pokemontcg.io/bw4/7_hires.png,2026/08/08,2026/07/01,0.59,0.25,0.5600000023841858,1.690000057220459,,0.55,,,,0.5191,0.0577,0.4153,1.3381,0.57669997215271,0.4268,0.6344,1.7187,1.3381,0.9805,1.1535,2026-08-09
ex9-9,Rayquaza,normal,Emerald,9,Rare Holo,Kouki Saitou,Basic,384,Pokémon,2005/05/01,"tcgplayer,cardmarket",https://prices.pokemontcg.io/tcgplayer/ex9-9,https://images.pokemontcg.io/ex9/9_hires.png,2026/08/08,2026/07/01,112.06,350.0,385.3500061035156,420.69000244140625,407.34,749.99,,,,76.8692,11.535,94.91,691.95,76.89230346679688,80.0414,80.4451,2305.8464,762.3135,417.1056,1.1535,2026-08-09
pl2-3,Darkrai G,holofoil,Rising Rivals,3,Rare Holo,Makoto Imai,Basic|SP,491,Pokémon,2009/05/16,"tcgplayer,cardmarket",https://prices.pokemontcg.io/tcgplayer/pl2-3,https://images.pokemontcg.io/pl2/3_hires.png,2026/08/08,2026/07/01,69.87,65.0,117.1500015258789,699.0,,121.79,,,,17.1641,2.8261,12.2386,16.299,9.227999687194824,19.6095,15.2608,19.598,17.3948,13.4729,1.1535,2026-08-09
ex13-6,Deoxys δ,holofoil,Holon Phantoms,6,Rare Holo,Masakazu Fukuda,Basic,386,Pokémon,2006/05/01,"tcgplayer,cardmarket",https://prices.pokemontcg.io/tcgplayer/ex13-6,https://images.pokemontcg.io/ex13/6_hires.png,2026/08/08,2026/07/01,92.62,84.98999786376953,247.5,964.97998046875,,222.5,,,,36.8197,5.7675,39.8534,149.0553,25.37700080871582,46.4168,36.7274,33.4515,101.4042,77.0769,1.1535,2026-08-09
swsh4-5,Exeggutor,normal,Vivid Voltage,5,Rare,miki kudo,Stage 1,103,Pokémon,2020/11/13,"tcgplayer,cardmarket",https://prices.pokemontcg.io/tcgplayer/swsh4-5,https://images.pokemontcg.io/swsh4/5_hires.png,2026/08/08,2026/07/01,0.26,0.03999999910593033,0.25999999046325684,2.990000009536743,,0.43,,,,0.1846,0.0231,0.2307,0.4614,0.11540000140666962,0.1846,0.173,0.2307,0.4845,0.496,1.1535,2026-08-09
ex10-7,Houndoom,holofoil,Unseen Forces,7,Rare Holo,Midori Harada,Stage 1,229,Pokémon,2005/08/01,"tcgplayer,cardmarket",https://prices.pokemontcg.io/tcgplayer/ex10-7,https://images.pokemontcg.io/ex10/7_hires.png,2026/08/08,2026/07/01,69.22,64.0,98.0,1014.7000122070312,,128.99,,,,34.7319,1.7302,46.4399,33.8898,46.128501892089844,35.1818,27.2111,6.921,41.0069,35.7239,1.1535,2026-08-09
sm1-6,Pinsir,normal,Sun & Moon,6,Uncommon,DemizuPosuka,Basic,127,Pokémon,2017/02/03,"tcgplayer,cardmarket",https://prices.pokemontcg.io/tcgplayer/sm1-6,https://images.pokemontcg.io/sm1/6_hires.png,2026/08/08,2026/07/01,0.18,0.019999999552965164,0.20000000298023224,19.979999542236328,,0.34,,,,0.1038,0.0231,0.0923,0.2999,0.05770000070333481,0.0577,0.0923,0.8651,0.3922,0.346,1.1535,2026-08-09
base4-8,Hitmonchan,holofoil,Base Set 2,8,Rare Holo,Ken Sugimori,Basic,107,Pokémon,2000/02/24,"tcgplayer,cardmarket",https://prices.pokemontcg.io/tcgplayer/base4-8,https://images.pokemontcg.io/base4/8_hires.png,2026/08/08,2026/07/01,23.87,14.430000305175781,18.420000076293945,204.0399932861328,,,,,,24.1197,6.921,14.4187,0.0,11.465800285339355,17.141,23.2546,20.1863,16.7257,15.0878,1.1535,2026-08-09
swsh1-7,Maractus,normal,Sword & Shield,7,Common,Atsuko Nishida,Basic,556,Pokémon,2020/02/07,"tcgplayer,cardmarket",https://prices.pokemontcg.io/tcgplayer/swsh1-7,https://images.pokemontcg.io/swsh1/7_hires.png,2026/08/08,2026/07/01,0.17,0.009999999776482582,0.20000000298023224,19.979999542236328,,0.26,,,,0.0923,0.0231,0.0577,0.4153,0.04610000178217888,0.0577,0.0923,0.3345,0.4153,0.3114,1.1535,2026-08-09
pop1-8,Murkrow,normal,POP Series 1,8,Uncommon,Ken Sugimori,Basic,198,Pokémon,2004/09/01,"tcgplayer,cardmarket",https://prices.pokemontcg.io/tcgplayer/pop1-8,https://images.pokemontcg.io/pop1/8_hires.png,2026/08/08,2026/07/01,20.87,18.0,23.610000610351562,277.79998779296875,,,,,,7.6477,2.2839,8.8935,0.0,11.53499984741211,8.0284,6.6211,0.0,0.0,0.0,1.1535,2026-08-09
bw6-7,Silcoon,normal,Dragons Exalted,7,Uncommon,Naoki Saito,Stage 1,266,Pokémon,2012/08/15,"tcgplayer,cardmarket",https://prices.pokemontcg.io/tcgplayer/bw6-7,https://images.pokemontcg.io/bw6/7_hires.png,2026/08/08,2026/07/01,0.42,0.20999999344348907,0.41999998688697815,19.979999542236328,,1.16,,,,0.2999,0.0231,0.2768,0.8074,0.28839999437332153,0.2999,0.2653,0.8074,0.9228,0.8651,1.1535,2026-08-09
pop7-8,Kirlia,normal,POP Series 7,8,Uncommon,Masakazu Fukuda,Stage 1,281,Pokémon,2008/03/01,"tcgplayer,cardmarket",https://prices.pokemontcg.io/tcgplayer/pop7-8,https://images.pokemontcg.io/pop7/8_hires.png,2026/08/08,2026/07/01,7.89,9.800000190734863,41.29999923706055,157.8000030517578,14.03,,,,,7.6592,1.142,8.0168,0.0,11.523500442504883,7.0017,6.1712,1.0381,1.7879,2.4916,1.1535,2026-08-09
dp3-10,Ho-Oh,holofoil,Secret Wonders,10,Rare Holo,Kazuyuki Kano,Basic,250,Pokémon,2007/11/01,"tcgplayer,cardmarket",https://prices.pokemontcg.io/tcgplayer/dp3-10,https://images.pokemontcg.io/dp3/10_hires.png,2026/08/08,2026/07/01,44.41,22.510000228881836,38.4900016784668,424.8999938964844,,34.57,,,,16.4835,1.1535,12.8731,14.6956,10.381500244140625,11.9618,14.9148,4.614,11.7772,8.6743,1.1535,2026-08-09
pl4-8,Salamence,holofoil,Arceus,8,Rare Holo,Shin Nagasawa,Stage 2,373,Pokémon,2009/11/04,"tcgplayer,cardmarket",https://prices.pokemontcg.io/tcgplayer/pl4-8,https://images.pokemontcg.io/pl4/8_hires.png,2026/08/08,2026/07/01,15.43,5.369999885559082,8.989999771118164,72.5,,9.74,,,,3.622,0.8421,4.5794,3.4605,3.691200017929077,4.9139,3.8296,5.606,3.6912,3.8296,1.1535,2026-08-09
ex8-7,Dusclops,normal,Deoxys,7,Rare Holo,Tomoko Wakai,Stage 1,356,Pokémon,2005/02/01,"tcgplayer,cardmarket",https://prices.pokemontcg.io/tcgplayer/ex8-7,https://images.pokemontcg.io/ex8/7_hires.png,2026/08/08,2026/07/01,18.0,18.940000534057617,25.0,202.0,41.52,68.2,,,,15.5146,2.1916,13.8189,45.6786,5.767499923706055,12.0887,9.4818,1.142,38.2155,19.1366,1.1535,2026-08-09
gym2-8,Giovanni's Persian,1stEditionHolofoil,Gym Challenge,8,Rare Holo,Ken Sugimori,Stage 1,53,Pokémon,2000/10/16,"tcgplayer,cardmarket",https://prices.pokemontcg.io/tcgplayer/gym2-8,https://images.pokemontcg.io/gym2/8_hires.png,2026/08/08,2026/07/01,249.99,239.99000549316406,349.989990234375,1599.9000244140625,,,,,"{""unlimitedHolofoil"": {""low"": 30.99, ""mid"": 36.7, ""high"": 9999.0, ""market"": 50.72, ""directLow"": 449.99}}",52.2305,10.9467,56.2331,0.0,34.59349822998047,39.9457,54.3299,9.2165,19.4365,21.9165,1.1535,2026-08-09
dv1-10,Latios,holofoil,Dragon Vault,10,Rare Holo,Ryo Ueda,Basic,381,Pokémon,2012/10/05,"tcgplayer,cardmarket",https://prices.pokemontcg.io/tcgplayer/dv1-10,https://images.pokemontcg.io/dv1/10_hires.png,2026/08/08,2026/07/01,9.99,5.949999809265137,9.979999542236328,66.22000122070312,,,,,,9.5048,0.5767,9.0665,14.9955,1.7302000522613525,5.6868,9.6779,2.307,8.7897,7.2094,1.1535,2026-08-09
pl1-10,Giratina,holofoil,Platinum,10,Rare Holo,Hajime Kusajima,Basic,487,Pokémon,2009/02/11,"tcgplayer,cardmarket",https://prices.pokemontcg.io/tcgplayer/pl1-10,https://images.pokemontcg.io/pl1/10_hires.png,2026/08/08,2026/07/01,64.85,45.0,420.79998779296875,446.8999938964844,,99.83,,,,24.1543,2.2955,27.2457,24.2812,16.14900016784668,29.5527,25.3193,63.4425,21.6281,18.1792,1.1535,2026-08-09
ex5-1,Banette,holofoil,Hidden Legends,1,Rare Holo,Midori Harada,Stage 1,354,Pokémon,2004/06/01,"tcgplayer,cardmarket",https://prices.pokemontcg.io/tcgplayer/ex5-1,https://images.pokemontcg.io/ex5/1_hires.png,2026/08/08,2026/07/01,35.05,31.489999771118164,38.349998474121094,619.9000244140625,,40.0,,,,10.0816,1.7302,11.5811,15.3646,2.8722000122070312,6.8403,10.9236,23.07,15.2608,12.9999,1.1535,2026-08-09
ecard3-H3,Articuno,,Skyridge,H3,Rare Holo,Hajime Kusajima,Basic,144,Pokémon,2003/05/12,cardmarket,https://prices.pokemontcg.io/cardmarket/ecard3-H3,https://images.pokemontcg.io/ecard3/H3_hires.png,,2026/07/01,,,,,,,,,,200.1322,95.7405,278.8702,0.0,346.04998779296875,274.383,306.4157,115.3385,81.3217,73.1319,1.1535,2026-08-09
ecard2-H10,Exeggutor,holofoil,Aquapolis,H10,Rare Holo,Yukiko Baba,Stage 1,103,Pokémon,2003/01/15,"tcgplayer,cardmarket",https://prices.pokemontcg.io/tcgplayer/ecard2-H10,https://images.pokemontcg.io/ecard2/H10_hires.png,2026/08/08,2026/07/01,162.49,180.0,300.9700012207031,1424.199951171875,,,,,,58.3556,20.7515,51.7575,0.0,26.530500411987305,59.4514,76.2348,11.5235,17.6716,17.4525,1.1535,2026-08-09
col1-7,Gyarados,holofoil,Call of Legends,7,Rare Holo,Mitsuhiro Arita,Stage 1,130,Pokémon,2011/02/09,"tcgplayer,cardmarket",https://prices.pokemontcg.io/tcgplayer/col1-7,https://images.pokemontcg.io/col1/7_hires.png,2026/08/08,2026/07/01,66.56,37.5,99.0,859.7999877929688,,31.1,,,,20.3131,2.8838,29.1836,25.55,45.563201904296875,23.4737,26.6112,4.5448,22.5394,45.4248,1.1535,2026-08-09
xy7-8,M Sceptile-EX,holofoil,Ancient Origins,8,Rare Holo EX,5ban Graphics,MEGA|EX,254,Pokémon,2015/08/12,"tcgplayer,cardmarket",https://prices.pokemontcg.io/tcgplayer/xy7-8,https://images.pokemontcg.io/xy7/8_hires.png,2026/08/08,2026/07/01,19.99,13.989999771118164,19.309999465942383,200.0,,,,,,21.3628,10.3815,9.5048,0.0,14.995499610900879,19.0789,29.4027,5.1907,7.0248,7.9822,1.1535,2026-08-09
xy11-9,Seedot,normal,Steam Siege,9,Common,sui,Basic,273,Pokémon,2016/08/03,"tcgplayer,cardmarket",https://prices.pokemontcg.io/tcgplayer/xy11-9,https://images.pokemontcg.io/xy11/9_hires.png,2026/08/08,2026/07/01,0.14,0.009999999776482582,0.20000000298023224,1000.0,,0.31,,,,0.0807,0.0231,0.0807,0.5306,0.04610000178217888,0.0807,0.0807,0.4037,0.323,0.2999,1.1535,2026-08-09
ex14-5,Dugtrio,holofoil,Crystal Guardians,5,Rare Holo,Tomokazu Komiya,Stage 1,51,Pokémon,2006/08/01,"tcgplayer,cardmarket",https://prices.pokemontcg.io/tcgplayer/ex14-5,https://images.pokemontcg.io/ex14/5_hires.png,2026/08/08,2026/07/01,22.87,18.889999389648438,26.600000381469727,118.0,,34.36,,,,6.102,2.307,6.0097,18.6752,2.306999921798706,6.1597,6.4942,16.1375,21.8242,14.4187,1.1535,2026-08-09
xy6-3,Wurmple,normal,Roaring Skies,3,Common,Naoyo Kimura,Basic,265,Pokémon,2015/05/06,"tcgplayer,cardmarket",https://prices.pokemontcg.io/tcgplayer/xy6-3,https://images.pokemontcg.io/xy6/3_hires.png,2026/08/08,2026/07/01,0.24,0.009999999776482582,0.23000000417232513,19.979999542236328,,0.44,,,,0.1038,0.0231,0.15,0.5883,0.05770000070333481,0.15,0.1269,0.9228,0.6229,0.5652,1.1535,2026-08-09
bw11-8,Serperior,holofoil,Legendary Treasures,8,Rare Holo,hatachu,Stage 2,497,Pokémon,2013/11/06,"tcgplayer,cardmarket",https://prices.pokemontcg.io/tcgplayer/bw11-8,https://images.pokemontcg.io/bw11/8_hires.png,2026/08/08,2026/07/01,2.25,1.4900000095367432,2.2200000286102295,99.98999786376953,,3.08,,,,4.9716,2.2955,7.1402,8.0745,2.306999921798706,8.6051,4.937,8.0745,13.6805,4.7986,1.1535,2026-08-09
sm5-8,Grotle,normal,Ultra Prism,8,Uncommon,Shigenori Negishi,Stage 1,388,Pokémon,2018/02/02,"tcgplayer,cardmarket",https://prices.pokemontcg.io/tcgplayer/sm5-8,https://images.pokemontcg.io/sm5/8_hires.png,2026/08/08,2026/07/01,0.06,0.03999999910593033,0.25,19.979999542236328,,0.68,,,,0.15,0.0231,0.1846,0.5883,0.2653000056743622,0.1384,0.1615,0.3114,0.669,0.5767,1.1535,2026-08-09
hgss3-2,Espeon,holofoil,HS—Undaunted,2,Rare Holo,match,Stage 1,196,Pokémon,2010/08/18,"tcgplayer,cardmarket",https://prices.pokemontcg.io/tcgplayer/hgss3-2,https://images.pokemontcg.io/hgss3/2_hires.png,2026/08/08,2026/07/01,73.75,33.040000915527344,67.83000183105469,599.2000122070312,,34.23,,,,11.362,0.5767,7.6477,14.4418,6.921000003814697,6.0674,10.1854,3.6912,14.7879,14.2342,1.1535,2026-08-09
sm2-7,Trevenant,normal,Guardians Rising,7,Rare,Hiroyuki Yamamoto,Stage 1,709,Pokémon,2017/05/05,"tcgplayer,cardmarket",https://prices.pokemontcg.io/tcgplayer/sm2-7,https://images.pokemontcg.io/sm2/7_hires.png,2026/08/08,2026/07/01,0.29,0.10000000149011612,0.28999999165534973,1.6399999856948853,,0.4,,,,0.2538,0.0231,0.2653,0.669,0.23070000112056732,0.2538,0.2192,0.5306,0.7959,0.496,1.1535,2026-08-09
swsh3-1,Butterfree V,holofoil,Darkness Ablaze,1,Rare Holo V,Saki Hayashiro,Basic|V,12,Pokémon,2020/08/14,"tcgplayer,cardmarket",https://prices.pokemontcg.io/tcgplayer/swsh3-1,https://images.pokemontcg.io/swsh3/1_hires.png,2026/08/08,2026/07/01,1.39,1.0,1.5399999618530273,20.0,,,,,,1.9956,1.0381,1.811,0.0,1.9955999851226807,1.7764,1.9725,1.7302,2.157,2.307,1.1535,2026-08-09
smp-SM01,Rowlet,holofoil,SM Black Star Promos,SM01,Promo,Mitsuhiro Arita,Basic,722,Pokémon,2017/02/03,"tcgplayer,cardmarket",https://prices.pokemontcg.io/tcgplayer/smp-SM01,https://images.pokemontcg.io/smp/SM01_hires.png,2026/08/08,2026/07/01,2.5,0.550000011920929,2.319999933242798,49.9900016784668,,,,,,3.9911,0.8651,4.464,0.0,3.4605000019073486,4.4064,4.1872,2.307,2.8376,2.7799,1.1535,2026-08-09
xy0-1,Weedle,normal,Kalos Starter Set,1,,Akira Komayama,Basic,13,Pokémon,2013/11/08,"tcgplayer,cardmarket",https://prices.pokemontcg.io/tcgplayer/xy0-1,https://images.pokemontcg.io/xy0/1_hires.png,2026/08/08,2026/07/01,1.22,0.47999998927116394,0.699999988079071,24.899999618530273,,,,,,0.7728,0.0461,0.669,0.0,0.6920999884605408,0.7728,0.6921,0.4614,0.4614,0.4614,1.1535,2026-08-09
sm11-1,Rowlet & Alolan Exeggutor-GX,holofoil,Unified Minds,1,Rare Holo GX,Mitsuhiro Arita,Basic|TAG TEAM|GX,103|722,Pokémon,2019/08/02,"tcgplayer,cardmarket",https://prices.pokemontcg.io/tcgplayer/sm11-1,https://images.pokemontcg.io/sm11/1_hires.png,2026/08/08,2026/07/01,20.64,14.460000038146973,22.100000381469727,306.3900146484375,,,,,,15.999,1.1535,15.3992,0.0,17.233299255371094,14.4534,15.653,5.4791,5.9867,7.267,1.1535,2026-08-09
swsh2-1,Caterpie,normal,Rebel Clash,1,Common,Uta,Basic,10,Pokémon,2020/05/01,"tcgplayer,cardmarket",https://prices.pokemontcg.io/tcgplayer/swsh2-1,https://images.pokemontcg.io/swsh2/1_hires.png,2026/08/08,2026/07/01,0.17,0.009999999776482582,0.20000000298023224,19.979999542236328,,0.38,,,,0.1038,0.0231,0.0461,0.4037,0.05770000070333481,0.0577,0.0923,0.1615,0.4268,0.323,1.1535,2026-08-09
xy12-1,Venusaur-EX,holofoil,Evolutions,1,Rare Holo EX,Eske Yoshinob,Basic|EX,3,Pokémon,2016/11/02,"tcgplayer,cardmarket",https://prices.pokemontcg.io/tcgplayer/xy12-1,https://images.pokemontcg.io/xy12/1_hires.png,2026/08/08,2026/07/01,4.51,3.1600000858306885,5.079999923706055,94.04000091552734,,,,,,6.6326,1.6034,5.6406,0.0,6.794099807739258,5.9636,6.3558,9.228,6.5403,9.7586,1.1535,2026-08-09
pop9-7,Croagunk,normal,POP Series 9,7,Uncommon,Midori Harada,Basic,453,Pokémon,2009/03/01,"tcgplayer,cardmarket",https://prices.pokemontcg.io/tcgplayer/pop9-7,https://images.pokemontcg.io/pop9/7_hires.png,2026/08/08,2026/07/01,4.21,3.0,4.210000038146973,45.5,,,,,,2.2724,0.5652,2.5492,0.0,2.2955000400543213,2.63,1.9263,16.149,9.0319,8.0168,1.1535,2026-08-09
xy10-6,Servine,normal,Fates Collide,6,Uncommon,Sumiyoshi Kizuki,Stage 1,496,Pokémon,2016/05/02,"tcgplayer,cardmarket",https://prices.pokemontcg.io/tcgplayer/xy10-6,https://images.pokemontcg.io/xy10/6_hires.png,2026/08/08,2026/07/01,0.29,0.09000000357627869,0.28999999165534973,1000.0,,1.09,,,,0.2192,0.0231,0.1615,1.2573,0.11540000140666962,0.2192,0.1846,0.2192,0.6114,1.0035,1.1535,2026-08-09
bw10-9,Virizion-EX,holofoil,Plasma Blast,9,Rare Holo EX,Ryo Ueda,Basic|EX,640,Pokémon,2013/08/14,"tcgplayer,cardmarket",https://prices.pokemontcg.io/tcgplayer/bw10-9,https://images.pokemontcg.io/bw10/9_hires.png,2026/08/08,2026/07/01,7.92,5.510000228881836,7.920000076293945,78.69999694824219,,,,,,10.8314,2.2955,13.0922,0.0,8.051400184631348,16.2182,9.5625,5.4791,4.4986,4.8678,1.1535,2026-08-09
bw9-6,Treecko,normal,Plasma Freeze,6,Common,Naoki Saito,Basic,252,Pokémon,2013/05/08,"tcgplayer,cardmarket",https://prices.pokemontcg.io/tcgplayer/bw9-6,https://images.pokemontcg.io/bw9/6_hires.png,2026/08/08,2026/07/01,0.6,0.1899999976158142,0.5199999809265137,23.489999771118164,,2.81,,,,0.1961,0.0231,0.1961,0.8651,0.03460000082850456,0.1384,0.1846,0.8651,1.6264,1.3957,1.1535,2026-08-09
xy2-10,Maractus,normal,Flashfire,10,Uncommon,match,Basic,556,Pokémon,2014/05/07,"tcgplayer,cardmarket",https://prices.pokemontcg.io/tcgplayer/xy2-10,https://images.pokemontcg.io/xy2/10_hires.png,2026/08/08,2026/07/01,0.27,0.10000000149011612,0.25999999046325684,19.979999542236328,,0.76,,,,0.2307,0.0231,0.2076,1.6726,0.05770000070333481,0.15,0.1615,2.2955,1.6149,1.0035,1.1535,2026-08-09
pl1-11,Manectric,holofoil,Platinum,11,Rare Holo,Kouki Saitou,Stage 1,310,Pokémon,2009/02/11,"tcgplayer,cardmarket",https://prices.pokemontcg.io/tcgplayer/pl1-11,https://images.pokemontcg.io/pl1/11_hires.png,2026/08/08,2026/07/01,4.43,3.5,4.420000076293945,51.599998474121094,,3.69,,,,3.6797,0.4499,3.3682,1.9263,2.768399953842163,3.5297,2.9299,0.8074,1.811,2.2724,1.1535,2026-08-09
pl2-4,Floatzel GL,holofoil,Rising Rivals,4,Rare Holo,Midori Harada,Basic|SP,419,Pokémon,2009/05/16,"tcgplayer,cardmarket",https://prices.pokemontcg.io/tcgplayer/pl2-4,https://images.pokemontcg.io/pl2/4_hires.png,2026/08/08,2026/07/01,7.79,5.239999771118164,35.9900016784668,50.58000183105469,,7.45,,,,3.4028,0.1154,4.7293,2.2378,8.07450008392334,5.2023,3.4259,2.976,2.4108,2.8491,1.1535,2026-08-09
sm8-7,Bayleef,normal,Lost Thunder,7,Uncommon,Kagemaru Himeno,Stage 1,153,Pokémon,2018/11/02,"tcgplayer,cardmarket",https://prices.pokemontcg.io/tcgplayer/sm8-7,https://images.pokemontcg.io/sm8/7_hires.png,2026/08/08,2026/07/01,0.86,0.3799999952316284,0.8600000143051147,96.94999694824219,,1.12,,,,0.4383,0.0231,0.3345,1.0266,0.11540000140666962,0.3576,0.4153,0.8997,0.8767,1.2458,1.1535,2026-08-09
base3-10,Lapras,1stEditionHolofoil,Fossil,10,Rare Holo,Ken Sugimori,Basic,131,Pokémon,1999/10/10,"tcgplayer,cardmarket",https://prices.pokemontcg.io/tcgplayer/base3-10,https://images.pokemontcg.io/base3/10_hires.png,2026/08/08,2026/07/01,156.67,119.98999786376953,248.94000244140625,764.9000244140625,,,,,"{""unlimitedHolofoil"": {""low"": 11.99, ""mid"": 15.16, ""high"": 194.89, ""market"": 21.59, ""directLow"": 12.49}}",14.9609,1.1535,11.9849,0.0,11.823399543762207,11.1197,13.9343,55.7487,27.3264,16.0106,1.1535,2026-08-09
ex8-8,Gyarados,normal,Deoxys,8,Rare Holo,Hisao Nakamura,Stage 1,130,Pokémon,2005/02/01,"tcgplayer,cardmarket",https://prices.pokemontcg.io/tcgplayer/ex8-8,https://images.pokemontcg.io/ex8/8_hires.png,2026/08/08,2026/07/01,86.84,174.99000549316406,174.99000549316406,174.99000549316406,169.67,300.0,,,,55.9794,8.063,50.5233,178.7925,9.574000358581543,56.4984,36.0815,23.0585,140.058,190.3852,1.1535,2026-08-09
pop2-3,Raikou,normal,POP Series 2,3,Rare,Kouki Saitou,Basic,243,Pokémon,2005/08/01,"tcgplayer,cardmarket",https://prices.pokemontcg.io/tcgplayer/pop2-3,https://images.pokemontcg.io/pop2/3_hires.png,2026/08/08,2026/07/01,24.36,49.0,231.5,264.6000061035156,38.2,,,,,92.28,11.535,90.2614,0.0,44.974998474121094,76.2579,56.2216,20.1863,17.3486,16.6796,1.1535,2026-08-09
sm11-2,Yanma,normal,Unified Minds,2,Common,Eri Yamaki,Basic,193,Pokémon,2019/08/02,"tcgplayer,cardmarket",https://prices.pokemontcg.io/tcgplayer/sm11-2,https://images.pokemontcg.io/sm11/2_hires.png,2026/08/08,2026/07/01,0.14,0.009999999776482582,0.20000000298023224,19.979999542236328,,0.37,,,,0.0923,0.0231,0.1154,0.5421,0.17299999296665192,0.1269,0.1038,0.4499,0.4614,0.346,1.1535,2026-08-09
xy4-7,Leavanny,normal,Phantom Forces,7,Rare,Atsuko Nishida,Stage 2,542,Pokémon,2014/11/05,"tcgplayer,cardmarket",https://prices.pokemontcg.io/tcgplayer/xy4-7,https://images.pokemontcg.io/xy4/7_hires.png,2026/08/08,2026/07/01,0.53,0.18000000715255737,0.5,19.979999542236328,,0.9,,,,0.6921,0.2307,0.6806,1.4534,0.57669997215271,0.7728,0.7152,1.7187,1.5572,1.2573,1.1535,2026-08-09
ex11-10,Marowak δ,holofoil,Delta Species,10,Rare Holo,Hajime Kusajima,Stage 1,105,Pokémon,2005/10/31,"tcgplayer,cardmarket",https://prices.pokemontcg.io/tcgplayer/ex11-10,https://images.pokemontcg.io/ex11/10_hires.png,2026/08/08,2026/07/01,40.76,26.920000076293945,199.89999389648438,294.69000244140625,,30.0,,,,17.6139,3.4605,13.9689,50.0388,8.07450008392334,13.8881,16.9795,10.9582,58.8977,44.652,1.1535,2026-08-09
ecard3-H4,Beedrill,,Skyridge,H4,Rare Holo,Hikaru Koike,Stage 2,15,Pokémon,2003/05/12,cardmarket,https://prices.pokemontcg.io/cardmarket/ecard3-H4,https://images.pokemontcg.io/ecard3/H4_hires.png,,2026/07/01,,,,,,,,,,77.5729,32.298,325.7484,0.0,73.05120086669922,100.4698,234.2643,80.6296,28.0531,33.7514,1.1535,2026-08-09
sm5-9,Torterra,holofoil,Ultra Prism,9,Rare Holo,kawayoo,Stage 2,389,Pokémon,2018/02/02,"tcgplayer,cardmarket",https://prices.pokemontcg.io/tcgplayer/sm5-9,https://images.pokemontcg.io/sm5/9_hires.png,2026/08/08,2026/07/01,1.72,1.2599999904632568,1.659999966621399,19.979999542236328,,3.41,,,,1.8917,0.2307,1.9609,2.8838,2.8838000297546387,1.8687,1.7187,1.1535,2.307,2.0994,1.1535,2026-08-09
ex4-9,Team Magma's Groudon,holofoil,Team Magma vs Team Aqua,9,Rare Holo,Kazuo Yazawa,Basic,383,Pokémon,2004/03/01,"tcgplayer,cardmarket",https://prices.pokemontcg.io/tcgplayer/ex4-9,https://images.pokemontcg.io/ex4/9_hires.png,2026/08/08,2026/07/01,121.74,165.0,934.9500122070312,1329.8399658203125,,96.98,,,,13.3806,0.4614,10.37,37.4657,2.306999921798706,10.1739,11.4658,31.6636,34.5012,21.8358,1.1535,2026-08-09
sm75-7,Victini ◇,holofoil,Dragon Majesty,7,Rare Prism Star,Shin Nagasawa,Basic|Prism Star,494,Pokémon,2018/09/07,"tcgplayer,cardmarket",https://prices.pokemontcg.io/tcgplayer/sm75-7,https://images.pokemontcg.io/sm75/7_hires.png,2026/08/08,2026/07/01,9.75,5.0,9.989999771118164,96.94999694824219,,,,,,5.5714,1.0381,5.8598,17.3025,4.556300163269043,5.8713,5.6868,17.3025,4.6832,3.4836,1.1535,2026-08-09
gym1-7,Lt. Surge's Fearow,1stEditionHolofoil,Gym Heroes,7,Rare Holo,Ken Sugimori,Stage 1,22,Pokémon,2000/08/14,"tcgplayer,cardmarket",https://prices.pokemontcg.io/tcgplayer/gym1-7,https://images.pokemontcg.io/gym1/7_hires.png,2026/08/08,2026/07/01,143.0,300.0,722.5800170898438,9999.0,,,,,"{""unlimitedHolofoil"": {""low"": 32.02, ""mid"": 37.14, ""high"": 405.9, ""market"": 39.74, ""directLow"": null}}",75.0467,12.6885,52.2651,0.0,34.0281982421875,36.0007,62.5428,9.2165,27.038,19.944,1.1535,2026-08-09
sm7-3,Victreebel,holofoil,Celestial Storm,3,Rare Holo,Miki Tanaka,Stage 2,71,Pokémon,2018/08/03,"tcgplayer,cardmarket",https://prices.pokemontcg.io/tcgplayer/sm7-3,https://images.pokemontcg.io/sm7/3_hires.png,2026/08/08,2026/07/01,1.09,0.8799999952316284,1.090000033378601,19.399999618530273,,1.23,,,,1.0958,0.5767,1.8341,1.0958,1.153499960899353,1.8341,2.0648,1.0958,1.3611,2.2032,1.1535,2026-08-09
ex6-3,Dewgong,normal,FireRed & LeafGreen,3,Rare Holo,Toshinao Aoki,Stage 1,87,Pokémon,2004/09/01,"tcgplayer,cardmarket",https://prices.pokemontcg.io/tcgplayer/ex6-3,https://images.pokemontcg.io/ex6/3_hires.png,2026/08/08,2026/07/01,22.92,37.0,48.25,456.8999938964844,40.88,27.73,,,,7.9015,0.5767,8.0514,22.5509,17.302499771118164,9.078,8.7666,6.921,13.7728,12.0425,1.1535,2026-08-09
xy1-8,Volbeat,normal,XY,8,Uncommon,Kanako Eo,Basic,313,Pokémon,2014/02/05,"tcgplayer,cardmarket",https://prices.pokemontcg.io/tcgplayer/xy1-8,https://images.pokemontcg.io/xy1/8_hires.png,2026/08/08,2026/07/01,0.35,0.17000000178813934,0.33000001311302185,18.219999313354492,,0.81,,,,0.4037,0.0231,0.323,0.7498,0.13840000331401825,0.1846,0.3345,0.346,1.0035,0.8536,1.1535,2026-08-09
bw4-8,Foongus,normal,Next Destinies,8,Common,Masakazu Fukuda,Basic,590,Pokémon,2012/02/08,"tcgplayer,cardmarket",https://prices.pokemontcg.io/tcgplayer/bw4-8,https://images.pokemontcg.io/bw4/8_hires.png,2026/08/08,2026/07/01,0.27,0.07000000029802322,0.27000001072883606,19.639999389648438,,0.99,,,,0.1269,0.0231,0.1384,1.0035,0.11540000140666962,0.15,0.1038,1.4419,0.5767,0.8305,1.1535,2026-08-09
ex2-3,Cradily,holofoil,Sandstorm,3,Rare Holo,Midori Harada,Stage 2,346,Pokémon,2003/09/18,"tcgplayer,cardmarket",https://prices.pokemontcg.io/tcgplayer/ex2-3,https://images.pokemontcg.io/ex2/3_hires.png,2026/08/08,2026/07/01,10.34,7.5,16.43000030517578,96.25,,8.65,,,,5.1446,0.346,5.7906,5.3638,5.190700054168701,5.0869,4.6025,3.4605,4.937,5.5829,1.1535,2026-08-09
bw6-8,Beautifly,normal,Dragons Exalted,8,Rare,Akira Komayama,Stage 2,267,Pokémon,2012/08/15,"tcgplayer,cardmarket",https://prices.pokemontcg.io/tcgplayer/bw6-8,https://images.pokemontcg.io/bw6/8_hires.png,2026/08/08,2026/07/01,1.04,0.6499999761581421,1.0199999809265137,19.979999542236328,,1.58,,,,0.8074,0.1154,0.7498,1.2227,0.46140000224113464,0.8074,0.819,1.142,1.3957,1.4995,1.1535,2026-08-09
hgss2-7,Politoed,holofoil,HS—Unleashed,7,Rare Holo,Naoyo Kimura,Stage 2,186,Pokémon,2010/05/12,"tcgplayer,cardmarket",https://prices.pokemontcg.io/tcgplayer/hgss2-7,https://images.pokemontcg.io/hgss2/7_hires.png,2026/08/08,2026/07/01,20.06,13.010000228881836,30.489999771118164,380.0,,22.87,,,,3.7027,0.5652,4.2679,16.4374,9.216500282287598,3.7027,4.3141,2.307,16.4374,6.771,1.1535,2026-08-09
neo3-7,Ho-oh,1stEditionHolofoil,Neo Revelation,7,Rare Holo,Kimiya Masago,Basic,250,Pokémon,2001/09/21,"tcgplayer,cardmarket",https://prices.pokemontcg.io/tcgplayer/neo3-7,https://images.pokemontcg.io/neo3/7_hires.png,2026/08/08,2026/07/01,488.52,300.0,300.0,300.0,,,,,"{""unlimitedHolofoil"": {""low"": 260.0, ""mid"": 374.99, ""high"": 9199.99, ""market"": 269.79, ""directLow"": null}}",222.6601,28.8375,311.7449,0.0,340.2825012207031,326.3251,202.843,161.4785,112.7431,75.3928,1.1535,2026-08-09
ex7-9,Dark Slowking,normal,Team Rocket Returns,9,Rare Holo,Kouki Saitou,Stage 1,199,Pokémon,2004/11/01,"tcgplayer,cardmarket",https://prices.pokemontcg.io/tcgplayer/ex7-9,https://images.pokemontcg.io/ex7/9_hires.png,2026/08/08,2026/07/01,42.3,63.4900016784668,288.75,449.989990234375,95.94,113.99,,,,77.6998,11.535,54.5721,77.8612,17.302499771118164,52.2997,46.14,86.5125,118.649,83.0059,1.1535,2026-08-09
pop9-8,Gabite,normal,POP Series 9,8,Uncommon,Kagemaru Himeno,Stage 1,444,Pokémon,2009/03/01,"tcgplayer,cardmarket",https://prices.pokemontcg.io/tcgplayer/pop9-8,https://images.pokemontcg.io/pop9/8_hires.png,2026/08/08,2026/07/01,3.33,1.9900000095367432,3.3299999237060547,40.599998474121094,,,,,,2.7338,0.5652,3.2413,0.0,2.8838000297546387,3.5528,2.6877,1.7187,2.307,2.307,1.1535,2026-08-09
swsh3-2,Butterfree VMAX,holofoil,Darkness Ablaze,2,Rare Holo VMAX,aky CG Works,VMAX,12,Pokémon,2020/08/14,"tcgplayer,cardmarket",https://prices.pokemontcg.io/tcgplayer/swsh3-2,https://images.pokemontcg.io/swsh3/2_hires.png,2026/08/08,2026/07/01,4.86,3.9000000953674316,5.860000133514404,37.4900016784668,,,,,,5.7214,2.653,5.7098,0.0,5.698299884796143,5.1677,5.9059,4.614,6.2404,8.4321,1.1535,2026-08-09
col1-8,Hitmontop,holofoil,Call of Legends,8,Rare Holo,Shigenori Negishi,Basic,237,Pokémon,2011/02/09,"tcgplayer,cardmarket",https://prices.pokemontcg.io/tcgplayer/col1-8,https://images.pokemontcg.io/col1/8_hires.png,2026/08/08,2026/07/01,5.18,1.9900000095367432,3.25,41.27000045776367,,3.99,,,,7.4862,0.0577,5.3292,6.3442,8.062999725341797,5.6752,3.3336,8.6512,6.2981,4.2564,1.1535,2026-08-09
ex5-2,Claydol,holofoil,Hidden Legends,2,Rare Holo,Kyoko Umemoto,Stage 1,344,Pokémon,2004/06/01,"tcgplayer,cardmarket",https://prices.pokemontcg.io/tcgplayer/ex5-2,https://images.pokemontcg.io/ex5/2_hires.png,2026/08/08,2026/07/01,16.24,11.4399995803833,37.5,149.5,,26.99,,,,7.567,0.5652,6.7826,9.8048,4.613999843597412,7.567,6.2866,9.8048,9.6202,7.8207,1.1535,2026-08-09
gym2-9,Koga's Beedrill,1stEditionHolofoil,Gym Challenge,9,Rare Holo,Ken Sugimori,Stage 2,15,Pokémon,2000/10/16,"tcgplayer,cardmarket",https://prices.pokemontcg.io/tcgplayer/gym2-9,https://images.pokemontcg.io/gym2/9_hires.png,2026/08/08,2026/07/01,133.72,99.98999786376953,145.13999938964844,1259.9000244140625,,,,,"{""unlimitedHolofoil"": {""low"": 24.0, ""mid"": 34.86, ""high"": 205.48, ""market"": 36.69, ""directLow"": 69.96}}",61.4239,5.7444,49.7851,0.0,34.43199920654297,24.3158,42.4488,10.3815,14.4187,14.7417,1.1535,2026-08-09
xy7-9,Combee,normal,Ancient Origins,9,Common,Sumiyoshi Kizuki,Basic,415,Pokémon,2015/08/12,"tcgplayer,cardmarket",https://prices.pokemontcg.io/tcgplayer/xy7-9,https://images.pokemontcg.io/xy7/9_hires.png,2026/08/08,2026/07/01,0.06,0.029999999329447746,0.20000000298023224,1000.0,,0.47,,,,0.2307,0.0,0.1038,0.0,0.23070000112056732,0.1961,0.1961,0.0,0.0,0.0,1.1535,2026-08-09
neo4-9,Dark Scizor,1stEditionHolofoil,Neo Destiny,9,Rare Holo,Mitsuhiro Arita,Stage 1,212,Pokémon,2002/02/28,"tcgplayer,cardmarket",https://prices.pokemontcg.io/tcgplayer/neo4-9,https://images.pokemontcg.io/neo4/9_hires.png,2026/08/08,2026/07/01,593.99,539.6699829101562,547.989990234375,999.989990234375,,,,,"{""unlimitedHolofoil"": {""low"": 150.0, ""mid"": 178.12, ""high"": 1929.8, ""market"": 186.24, ""directLow"": 169.99}}",224.4711,13.842,121.5674,0.0,46.128501892089844,244.4151,112.4663,12.6308,27.0265,27.5917,1.1535,2026-08-09
ecard2-H11,Houndoom,holofoil,Aquapolis,H11,Rare Holo,Hajime Kusajima,Stage 1,229,Pokémon,2003/01/15,"tcgplayer,cardmarket",https://prices.pokemontcg.io/tcgplayer/ecard2-H11,https://images.pokemontcg.io/ecard2/H11_hires.png,2026/08/08,2026/07/01,399.99,1000.0,1286.0,1571.989990234375,,,,,,264.1976,98.0244,462.7957,0.0,276.8399963378906,487.4114,418.4206,69.1985,71.344,48.4239,1.1535,2026-08-09
bw9-7,Grovyle,normal,Plasma Freeze,7,Uncommon,Suwama Chiaki,Stage 1,253,Pokémon,2013/05/08,"tcgplayer,cardmarket",https://prices.pokemontcg.io/tcgplayer/bw9-7,https://images.pokemontcg.io/bw9/7_hires.png,2026/08/08,2026/07/01,0.61,0.20999999344348907,0.5799999833106995,23.489999771118164,,2.39,,,,0.4153,0.0231,0.4499,3.7489,0.28839999437332153,0.4614,0.3807,3.7489,1.8225,1.3035,1.1535,2026-08-09
sm12-8,Sunflora,normal,Cosmic Eclipse,8,Rare,Yumi,Stage 1,192,Pokémon,2019/11/01,"tcgplayer,cardmarket",https://prices.pokemontcg.io/tcgplayer/sm12-8,https://images.pokemontcg.io/sm12/8_hires.png,2026/08/08,2026/07/01,0.35,0.20000000298023224,0.3799999952316284,20.0,,0.87,,,,0.3345,0.0231,0.3691,1.1189,0.23070000112056732,0.2999,0.3345,0.6344,0.8997,0.8305,1.1535,2026-08-09
bw2-3,Sewaddle,normal,Emerging Powers,3,Common,Kagemaru Himeno,Basic,540,Pokémon,2011/08/31,"tcgplayer,cardmarket",https://prices.pokemontcg.io/tcgplayer/bw2-3,https://images.pokemontcg.io/bw2/3_hires.png,2026/08/08,2026/07/01,0.35,0.10000000149011612,0.30000001192092896,19.979999542236328,,2.77,,,,0.2076,0.0231,0.15,1.1535,0.15000000596046448,0.15,0.1846,1.1535,1.7302,1.0035,1.1535,2026-08-09
dpp-DP08,Shieldon,holofoil,DP Black Star Promos,DP08,Promo,Kouki Saitou,Stage 1,410,Pokémon,2007/05/01,tcgplayer,https://prices.pokemontcg.io/tcgplayer/dpp-DP08,https://images.pokemontcg.io/dpp/DP08_hires.png,2026/08/08,,16.72,53.099998474121094,96.72000122070312,745.5800170898438,,,,,,,,,,,,,,,,,2026-08-09
base5-8,Dark Gyarados,1stEditionHolofoil,Team Rocket,8,Rare Holo,Kagemaru Himeno,Stage 1,130,Pokémon,2000/04/24,"tcgplayer,cardmarket",https://prices.pokemontcg.io/tcgplayer/base5-8,https://images.pokemontcg.io/base5/8_hires.png,2026/08/08,2026/07/01,199.05,126.69999694824219,269.989990234375,3306.510009765625,,,,,"{""unlimitedHolofoil"": {""low"": 55.6, ""mid"": 74.99, ""high"": 172.21, ""market"": 72.21, ""directLow"": 78.94}}",56.8906,20.763,68.4948,0.0,49.981201171875,58.9554,48.1702,25.8961,28.8029,27.5571,1.1535,2026-08-09
ru1-8,Zapdos,normal,Pokémon Rumble,8,,Pokemon Rumble,Basic,145,Pokémon,2009/12/02,"tcgplayer,cardmarket",https://prices.pokemontcg.io/tcgplayer/ru1-8,https://images.pokemontcg.io/ru1/8_hires.png,2026/08/08,2026/07/01,118.23,219.99000549316406,266.6600036621094,299.9800109863281,,,,,,119.3411,28.8375,169.8183,0.0,190.32749938964844,88.7272,97.8053,34.605,22.251,19.6672,1.1535,2026-08-09
pop7-9,Stantler,normal,POP Series 7,9,Uncommon,Kouki Saitou,Basic,234,Pokémon,2008/03/01,"tcgplayer,cardmarket",https://prices.pokemontcg.io/tcgplayer/pop7-9,https://images.pokemontcg.io/pop7/9_hires.png,2026/08/08,2026/07/01,13.39,4.329999923706055,12.100000381469727,191.8000030517578,,,,,,13.8305,10.2546,11.3966,0.0,16.137500762939453,11.362,7.0594,0.0,0.0,0.0,1.1535,2026-08-09
swsh1-8,Durant,normal,Sword & Shield,8,Rare,Miki Tanaka,Basic,632,Pokémon,2020/02/07,"tcgplayer,cardmarket",https://prices.pokemontcg.io/tcgplayer/swsh1-8,https://images.pokemontcg.io/swsh1/8_hires.png,2026/08/08,2026/07/01,0.06,0.029999999329447746,0.20000000298023224,19.979999542236328,,0.44,,,,0.15,0.0231,0.173,0.6921,0.13840000331401825,0.15,0.15,1.0728,0.7728,0.7152,1.1535,2026-08-09
dp3-11,Jumpluff,holofoil,Secret Wonders,11,Rare Holo,Kagemaru Himeno,Stage 2,189,Pokémon,2007/11/01,"tcgplayer,cardmarket",https://prices.pokemontcg.io/tcgplayer/dp3-11,https://images.pokemontcg.io/dp3/11_hires.png,2026/08/08,2026/07/01,7.91,4.519999980926514,10.470000267028809,86.19999694824219,,6.8,,,,5.6637,0.2307,5.9636,2.803,4.602499961853027,6.7134,4.9831,0.7382,3.0452,2.3762,1.1535,2026-08-09
swsh2-2,Metapod,normal,Rebel Clash,2,Uncommon,Asako Ito,Stage 1,11,Pokémon,2020/05/01,"tcgplayer,cardmarket",https://prices.pokemontcg.io/tcgplayer/swsh2-2,https://images.pokemontcg.io/swsh2/2_hires.png,2026/08/08,2026/07/01,0.57,0.10000000149011612,0.5899999737739563,19.979999542236328,,4.69,,,,0.1615,0.0231,0.1615,0.496,0.05770000070333481,0.1154,0.15,0.2307,0.4614,0.4383,1.1535,2026-08-09
xy5-9,Sceptile,holofoil,Primal Clash,9,Rare Holo,hatachu,Stage 2,254,Pokémon,2015/02/04,"tcgplayer,cardmarket",https://prices.pokemontcg.io/tcgplayer/xy5-9,https://images.pokemontcg.io/xy5/9_hires.png,2026/08/08,2026/07/01,17.64,5.920000076293945,17.34000015258789,93.45999908447266,,14.92,,,,11.2697,4.0949,12.9653,9.4702,9.227999687194824,9.5048,11.4658,10.37,9.5971,10.1508,1.1535,2026-08-09
bwp-BW02,Tepig,holofoil,BW Black Star Promos,BW02,Promo,Ken Sugimori,Basic,498,Pokémon,2011/03/01,"tcgplayer,cardmarket",https://prices.pokemontcg.io/tcgplayer/bwp-BW02,https://images.pokemontcg.io/bwp/BW02_hires.png,2026/08/08,2026/07/01,3.29,1.4900000095367432,3.430000066757202,59.9900016784668,,,,,,2.1455,0.1154,1.661,0.0,3.4489998817443848,1.1535,1.9033,2.1916,0.8997,0.8882,1.1535,2026-08-09
xy11-10,Nuzleaf,normal,Steam Siege,10,Uncommon,Ayaka Yoshida,Stage 1,274,Pokémon,2016/08/03,"tcgplayer,cardmarket",https://prices.pokemontcg.io/tcgplayer/xy11-10,https://images.pokemontcg.io/xy11/10_hires.png,2026/08/08,2026/07/01,0.11,0.03999999910593033,0.20000000298023224,19.979999542236328,,0.32,,,,0.0807,0.0231,0.0923,0.5421,0.05770000070333481,0.0923,0.0807,0.0231,0.6229,0.4499,1.1535,2026-08-09
ex12-11,Muk,holofoil,Legend Maker,11,Rare Holo,Midori Harada,Stage 1,89,Pokémon,2006/02/01,"tcgplayer,cardmarket",https://prices.pokemontcg.io/tcgplayer/ex12-11,https://images.pokemontcg.io/ex12/11_hires.png,2026/08/08,2026/07/01,19.65,10.949999809265137,21.309999465942383,199.8000030517578,,38.82,,,,6.4135,1.1535,7.1402,22.3664,9.631699562072754,7.4631,5.4561,3.4605,13.4844,11.5927,1.1535,2026-08-09
xy8-4,Cacnea,normal,BREAKthrough,4,Common,Yuka Morii,Basic,331,Pokémon,2015/11/04,"tcgplayer,cardmarket",https://prices.pokemontcg.io/tcgplayer/xy8-4,https://images.pokemontcg.io/xy8/4_hires.png,2026/08/08,2026/07/01,0.9,0.3499999940395355,0.8299999833106995,19.979999542236328,,2.69,,,,0.346,0.0231,0.3576,2.6877,0.40369999408721924,0.3691,0.346,0.0231,1.8456,1.5688,1.1535,2026-08-09
basep-7,Jigglypuff,normal,Wizards Black Star Promos,7,Promo,Keiji Kinebuchi,Basic,39,Pokémon,1999/07/01,"tcgplayer,cardmarket",https://prices.pokemontcg.io/tcgplayer/basep-7,https://images.pokemontcg.io/basep/7_hires.png,2026/08/08,2026/07/01,36.57,31.979999542236328,40.0,899.989990234375,,,,,,24.3273,1.7302,18.3637,0.0,6.921000003814697,19.1827,19.4595,0.5767,0.5767,0.5767,1.1535,2026-08-09
hgss4-10,Spiritomb,holofoil,HS—Triumphant,10,Rare Holo,Shizurow,Basic,442,Pokémon,2010/11/03,"tcgplayer,cardmarket",https://prices.pokemontcg.io/tcgplayer/hgss4-10,https://images.pokemontcg.io/hgss4/10_hires.png,2026/08/08,2026/07/01,4.82,3.25,4.920000076293945,53.099998474121094,,9.05,,,,3.8873,0.9459,3.6451,5.0754,4.556300163269043,3.6912,3.7027,2.9184,4.4986,4.0834,1.1535,2026-08-09
det1-11,Mr. Mime,holofoil,Detective Pikachu,11,Rare,MPC Film,Basic,122,Pokémon,2019/04/05,"tcgplayer,cardmarket",https://prices.pokemontcg.io/tcgplayer/det1-11,https://images.pokemontcg.io/det1/11_hires.png,2026/08/08,2026/07/01,2.9,0.9900000095367432,2.5899999141693115,96.55999755859375,,,,,,3.2067,0.1154,3.3798,3.6105,3.4605000019073486,3.8181,3.1606,4.614,4.1526,3.2067,1.1535,2026-08-09
swsh4-6,Yanma,normal,Vivid Voltage,6,Common,MAHOU,Basic,193,Pokémon,2020/11/13,"tcgplayer,cardmarket",https://prices.pokemontcg.io/tcgplayer/swsh4-6,https://images.pokemontcg.io/swsh4/6_hires.png,2026/08/08,2026/07/01,0.02,0.009999999776482582,0.15000000596046448,25.020000457763672,,0.28,,,,0.0577,0.0231,0.0577,0.1615,0.023099999874830246,0.0461,0.0461,0.1615,0.1384,0.1961,1.1535,2026-08-09
swsh35-9,Sizzlipede,normal,Champion's Path,9,Common,Akira Komayama,Basic,850,Pokémon,2020/09/25,"tcgplayer,cardmarket",https://prices.pokemontcg.io/tcgplayer/swsh35-9,https://images.pokemontcg.io/swsh35/9_hires.png,2026/08/08,2026/07/01,0.13,0.009999999776482582,0.15000000596046448,2.0,,0.11,,,,0.0461,0.0231,0.0461,0.2422,0.04610000178217888,0.0346,0.0346,0.4153,0.2884,0.2538,1.1535,2026-08-09
xy6-4,Silcoon,normal,Roaring Skies,4,Uncommon,Shigenori Negishi,Stage 1,266,Pokémon,2015/05/06,"tcgplayer,cardmarket",https://prices.pokemontcg.io/tcgplayer/xy6-4,https://images.pokemontcg.io/xy6/4_hires.png,2026/08/08,2026/07/01,0.2,0.05000000074505806,0.23999999463558197,18.219999313354492,,0.59,,,,0.2076,0.0231,0.2076,0.646,0.11540000140666962,0.1615,0.15,0.2307,0.5767,0.646,1.1535,2026-08-09
pop1-9,Pupitar,normal,POP Series 1,9,Uncommon,Hisao Nakamura,Stage 1,247,Pokémon,2004/09/01,"tcgplayer,cardmarket",https://prices.pokemontcg.io/tcgplayer/pop1-9,https://images.pokemontcg.io/pop1/9_hires.png,2026/08/08,2026/07/01,12.98,6.909999847412109,14.319999694824219,78.5,,,,,,6.4827,1.142,5.6752,0.0,9.216500282287598,4.4525,3.2067,0.0,0.0,0.0,1.1535,2026-08-09
bw10-10,Genesect,normal,Plasma Blast,10,Rare,Masakazu Fukuda,Basic,649,Pokémon,2013/08/14,"tcgplayer,cardmarket",https://prices.pokemontcg.io/tcgplayer/bw10-10,https://images.pokemontcg.io/bw10/10_hires.png,2026/08/08,2026/07/01,0.58,0.2199999988079071,0.5799999833106995,4.0,,1.48,,,,0.992,0.1154,1.315,3.1029,1.0151000022888184,1.0728,1.6495,1.2573,3.3913,2.8145,1.1535,2026-08-09
si1-10,Tentacruel,normal,Southern Islands,10,,Naoyo Kimura,Stage 1,73,Pokémon,2001/07/31,"tcgplayer,cardmarket",https://prices.pokemontcg.io/tcgplayer/si1-10,https://images.pokemontcg.io/si1/10_hires.png,2026/08/08,2026/07/01,49.54,45.0,73.76000213623047,519.9000244140625,,,,,,41.353,14.984,41.8951,0.0,41.23759841918945,42.1835,36.2545,3.4605,3.4605,3.4605,1.1535,2026-08-09
pl3-7,Metagross,holofoil,Supreme Victors,7,Rare Holo,Kagemaru Himeno,Stage 2,376,Pokémon,2009/08/19,"tcgplayer,cardmarket",https://prices.pokemontcg.io/tcgplayer/pl3-7,https://images.pokemontcg.io/pl3/7_hires.png,2026/08/08,2026/07/01,11.84,4.75,11.40999984741211,159.89999389648438,,19.18,,,,3.8181,0.5652,2.7569,3.2413,2.8838000297546387,5.5022,4.2564,1.7302,3.2644,2.5608,1.1535,2026-08-09
mcd19-11,Alolan Dugtrio,holofoil,McDonald's Collection 2019,11,,Megumi Mizutani,Stage 1,51,Pokémon,2019/10/15,"tcgplayer,cardmarket",https://prices.pokemontcg.io/tcgplayer/mcd19-11,https://images.pokemontcg.io/mcd19/11_hires.png,2026/08/08,2026/07/01,9.12,4.0,7.869999885559082,47.5,,,,,,2.9876,0.1154,2.7107,0.0,3.206700086593628,3.3682,2.4685,3.1721,1.9494,1.5457,1.1535,2026-08-09
sm1-7,Surskit,normal,Sun & Moon,7,Common,Kyoko Umemoto,Basic,283,Pokémon,2017/02/03,"tcgplayer,cardmarket",https://prices.pokemontcg.io/tcgplayer/sm1-7,https://images.pokemontcg.io/sm1/7_hires.png,2026/08/08,2026/07/01,0.04,0.009999999776482582,0.1899999976158142,19.979999542236328,,0.37,,,,0.0923,0.0231,0.1038,0.2768,0.04610000178217888,0.0923,0.0923,0.0231,0.346,0.323,1.1535,2026-08-09
pl4-9,Swalot,holofoil,Arceus,9,Rare Holo,Aya Kusube,Stage 1,317,Pokémon,2009/11/04,"tcgplayer,cardmarket",https://prices.pokemontcg.io/tcgplayer/pl4-9,https://images.pokemontcg.io/pl4/9_hires.png,2026/08/08,2026/07/01,4.07,2.299999952316284,4.070000171661377,96.94999694824219,,5.37,,,,1.8456,0.0577,1.4995,4.1295,0.57669997215271,1.8917,1.9609,4.6025,4.1987,2.3647,1.1535,2026-08-09
ex10-8,Jolteon,holofoil,Unseen Forces,8,Rare Holo,Mitsuhiro Arita,Stage 1,135,Pokémon,2005/08/01,"tcgplayer,cardmarket",https://prices.pokemontcg.io/tcgplayer/ex10-8,https://images.pokemontcg.io/ex10/8_hires.png,2026/08/08,2026/07/01,58.82,99.0,180.0,639.3599853515625,,179.99,,,,28.8375,6.3442,0.0231,110.6783,11.523500442504883,31.6405,99.1318,17.1871,94.6908,45.644,1.1535,2026-08-09
sm3-8,Tangrowth,normal,Burning Shadows,8,Rare,tetsuya koizumi,Stage 1,465,Pokémon,2017/08/05,"tcgplayer,cardmarket",https://prices.pokemontcg.io/tcgplayer/sm3-8,https://images.pokemontcg.io/sm3/8_hires.png,2026/08/08,2026/07/01,0.22,0.05000000074505806,0.25,19.979999542236328,,0.34,,,,0.2192,0.0231,0.173,0.2884,0.023099999874830246,0.1961,0.2538,0.2884,0.3345,0.4268,1.1535,2026-08-09
sm2-8,Wimpod,normal,Guardians Rising,8,Common,match,Basic,767,Pokémon,2017/05/05,"tcgplayer,cardmarket",https://prices.pokemontcg.io/tcgplayer/sm2-8,https://images.pokemontcg.io/sm2/8_hires.png,2026/08/08,2026/07/01,0.19,0.019999999552965164,0.20000000298023224,18.1200008392334,,0.31,,,,0.1269,0.0231,0.1269,0.323,0.5651999711990356,0.1384,0.1038,0.5767,0.3114,0.2653,1.1535,2026-08-09
xy12-2,M Venusaur-EX,holofoil,Evolutions,2,Rare Holo EX,5ban Graphics,MEGA|EX,3,Pokémon,2016/11/02,"tcgplayer,cardmarket",https://prices.pokemontcg.io/tcgplayer/xy12-2,https://images.pokemontcg.io/xy12/2_hires.png,2026/08/08,2026/07/01,12.57,8.5,13.3100004196167,80.63999938964844,,,,,,15.2031,2.307,15.8606,0.0,9.79319953918457,13.1268,15.2377,14.9955,14.6379,12.5847,1.1535,2026-08-09
sm9-9,Pinsir,normal,Team Up,9,Rare,Eri Yamaki,Basic,127,Pokémon,2019/02/01,"tcgplayer,cardmarket",https://prices.pokemontcg.io/tcgplayer/sm9-9,https://images.pokemontcg.io/sm9/9_hires.png,2026/08/08,2026/07/01,0.42,0.14000000059604645,0.4000000059604645,19.979999542236328,,0.65,,,,0.5191,0.1154,0.5306,0.7498,0.40369999408721924,0.646,0.4383,0.7498,0.9113,1.2919,1.1535,2026-08-09
xy10-7,Serperior,normal,Fates Collide,7,Rare,You Iribi,Stage 2,497,Pokémon,2016/05/02,"tcgplayer,cardmarket",https://prices.pokemontcg.io/tcgplayer/xy10-7,https://images.pokemontcg.io/xy10/7_hires.png,2026/08/08,2026/07/01,0.6,0.2199999988079071,0.6000000238418579,4.0,,1.09,,,,0.5998,0.0346,0.6114,1.7072,0.05770000070333481,0.5537,0.5421,2.4108,1.7418,1.7649,1.1535,2026-08-09
ex9-10,Sceptile,holofoil,Emerald,10,Rare Holo,Mitsuhiro Arita,Stage 2,254,Pokémon,2005/05/01,"tcgplayer,cardmarket",https://prices.pokemontcg.io/tcgplayer/ex9-10,https://images.pokemontcg.io/ex9/10_hires.png,2026/08/08,2026/07/01,41.61,12.5,12.989999771118164,61.150001525878906,,101.27,,,,5.8136,0.173,0.3576,167.8458,1.153499960899353,3.9104,10.5315,17.3025,152.7465,88.9348,1.1535,2026-08-09
dp1-7,Luxray,holofoil,Diamond & Pearl,7,Rare Holo,Mikiko Takeda,Stage 2,405,Pokémon,2007/05/01,"tcgplayer,cardmarket",https://prices.pokemontcg.io/tcgplayer/dp1-7,https://images.pokemontcg.io/dp1/7_hires.png,2026/08/08,2026/07/01,23.83,12.6899995803833,31.799999237060547,107.80000305175781,,24.49,,,,5.6406,0.4037,5.3638,3.3567,4.037300109863281,2.8838,6.5288,4.3833,4.4986,4.118,1.1535,2026-08-09
base1-8,Machamp,,Base,8,Rare Holo,Ken Sugimori,Stage 2,68,Pokémon,1999/01/09,cardmarket,https://prices.pokemontcg.io/tcgplayer/base1-8,https://images.pokemontcg.io/base1/8_hires.png,2023/03/27,2026/07/01,,,,,,,,,,53.1417,28.8375,130.1725,0.0,80.74500274658203,109.6978,93.7911,0.0,0.0,0.0,1.1535,2026-08-09
hgss3-3,Forretress,holofoil,HS—Undaunted,3,Rare Holo,Kyoko Umemoto,Stage 1,205,Pokémon,2010/08/18,"tcgplayer,cardmarket",https://prices.pokemontcg.io/tcgplayer/hgss3-3,https://images.pokemontcg.io/hgss3/3_hires.png,2026/08/08,2026/07/01,3.53,2.559999942779541,4.940000057220459,45.90999984741211,,2.11,,,,2.803,0.1154,2.6184,2.8722,0.57669997215271,2.4108,2.8376,5.756,2.9414,2.5723,1.1535,2026-08-09
hgss1-11,Shuckle,holofoil,HeartGold & SoulSilver,11,Rare Holo,Sumiyoshi Kizuki,Basic,213,Pokémon,2010/02/10,"tcgplayer,cardmarket",https://prices.pokemontcg.io/tcgplayer/hgss1-11,https://images.pokemontcg.io/hgss1/11_hires.png,2026/08/08,2026/07/01,29.78,16.989999771118164,29.739999771118164,138.67999267578125,,24.1,,,,4.7178,0.9805,4.8908,4.3256,4.556300163269043,4.9139,5.0523,3.449,4.8678,4.3141,1.1535,2026-08-09
ex13-7,Flygon δ,holofoil,Holon Phantoms,7,Rare Holo,Kagemaru Himeno,Stage 2,330,Pokémon,2006/05/01,"tcgplayer,cardmarket",https://prices.pokemontcg.io/tcgplayer/ex13-7,https://images.pokemontcg.io/ex13/7_hires.png,2026/08/08,2026/07/01,70.01,40.0,74.98999786376953,454.79998779296875,,100.0,,,,17.8677,3.9565,22.1011,44.4097,31.721200942993164,17.1295,20.913,28.8375,34.9626,47.8587,1.1535,2026-08-09
sm115-10,Magmar,normal,Hidden Fates,10,Uncommon,Satoshi Shirai,Basic,126,Pokémon,2019/08/23,"tcgplayer,cardmarket",https://prices.pokemontcg.io/tcgplayer/sm115-10,https://images.pokemontcg.io/sm115/10_hires.png,2026/08/08,2026/07/01,0.09,0.029999999329447746,0.20000000298023224,19.979999542236328,,0.26,,,,0.1038,0.0231,0.1154,0.3345,0.06920000165700912,0.0807,0.1038,0.4037,0.323,0.3691,1.1535,2026-08-09
bw11-9,Sewaddle,normal,Legendary Treasures,9,Common,Yuka Morii,Basic,540,Pokémon,2013/11/06,"tcgplayer,cardmarket",https://prices.pokemontcg.io/tcgplayer/bw11-9,https://images.pokemontcg.io/bw11/9_hires.png,2026/08/08,2026/07/01,1.39,0.7900000214576721,1.850000023841858,23.489999771118164,,12.82,,,,4.3026,0.346,4.7178,17.3025,8.062999725341797,4.0488,2.0417,16.7257,11.8926,4.764,1.1535,2026-08-09
xy0-2,Pansage,normal,Kalos Starter Set,2,,Masakazu Fukuda,Basic,511,Pokémon,2013/11/08,"tcgplayer,cardmarket",https://prices.pokemontcg.io/tcgplayer/xy0-2,https://images.pokemontcg.io/xy0/2_hires.png,2026/08/08,2026/07/01,0.54,0.2199999988079071,0.4699999988079071,19.979999542236328,,,,,,0.3922,0.0346,0.3691,0.0,0.9343000054359436,0.4383,0.3922,0.346,0.346,0.346,1.1535,2026-08-09
ecard1-1,Alakazam,holofoil,Expedition Base Set,1,Rare Holo,Hajime Kusajima,Stage 2,65,Pokémon,2002/09/15,"tcgplayer,cardmarket",https://prices.pokemontcg.io/tcgplayer/ecard1-1,https://images.pokemontcg.io/ecard1/1_hires.png,2026/08/08,2026/07/01,248.99,250.0,280.0,281.260009765625,,115.52,,,,0.0,25.2616,49.266,109.5825,80.74500274658203,36.6467,37.085,109.5825,66.557,41.872,1.1535,2026-08-09
neo1-1,Ampharos,1stEditionHolofoil,Neo Genesis,1,Rare Holo,Ken Sugimori,Stage 2,181,Pokémon,2000/12/16,"tcgplayer,cardmarket",https://prices.pokemontcg.io/tcgplayer/neo1-1,https://images.pokemontcg.io/neo1/1_hires.png,2026/08/08,2026/07/01,84.54,80.0,105.94999694824219,541.5399780273438,,,,,"{""unlimitedHolofoil"": {""low"": 30.69, ""mid"": 41.42, ""high"": 276.88, ""market"": 37.48, ""directLow"": 199.99}}",20.2324,2.2955,32.5979,0.0,22.920000076293945,19.8402,20.7053,8.732,8.5705,11.1197,1.1535,2026-08-09
neo2-1,Espeon,1stEditionHolofoil,Neo Discovery,1,Rare Holo,Atsuko Nishida,Stage 1,196,Pokémon,2001/06/01,"tcgplayer,cardmarket",https://prices.pokemontcg.io/tcgplayer/neo2-1,https://images.pokemontcg.io/neo2/1_hires.png,2026/08/08,2026/07/01,237.5,1599.949951171875,1599.949951171875,1599.949951171875,,,,,"{""unlimitedHolofoil"": {""low"": 250.46, ""mid"": 507.65, ""high"": 1765.0, ""market"": 326.39, ""directLow"": null}}",189.3586,33.4515,279.0547,0.0,132.07569885253906,314.3634,278.9278,23.0585,39.0344,50.3272,1.1535,2026-08-09
base2-1,Clefable,1stEditionHolofoil,Jungle,1,Rare Holo,Mitsuhiro Arita,Stage 1,36,Pokémon,1999/06/16,"tcgplayer,cardmarket",https://prices.pokemontcg.io/tcgplayer/base2-1,https://images.pokemontcg.io/base2/1_hires.png,2026/08/08,2026/07/01,119.81,99.05000305175781,125.98999786376953,1045.5999755859375,,,,,"{""unlimitedHolofoil"": {""low"": 18.0, ""mid"": 24.98, ""high"": 192.34, ""market"": 37.57, ""directLow"": null}}",838.2138,922.8,543.956,0.0,922.7999877929688,524.0466,338.7022,140.9808,140.9808,140.9808,1.1535,2026-08-09
sm10-1,Pheromosa & Buzzwole-GX,holofoil,Unbroken Bonds,1,Rare Holo GX,Mitsuhiro Arita,Basic|TAG TEAM|GX|Ultra Beast,794|795,Pokémon,2019/05/03,"tcgplayer,cardmarket",https://prices.pokemontcg.io/tcgplayer/sm10-1,https://images.pokemontcg.io/sm10/1_hires.png,2026/08/08,2026/07/01,14.05,9.770000457763672,14.0,86.0999984741211,,,,,,11.4543,1.7302,11.1082,0.0,12.68850040435791,11.2351,10.7622,1.3842,5.3984,3.9796,1.1535,2026-08-09
xyp-XY01,Chespin,holofoil,XY Black Star Promos,XY01,Promo,5ban Graphics,Basic,650,Pokémon,2013/10/12,"tcgplayer,cardmarket",https://prices.pokemontcg.io/tcgplayer/xyp-XY01,https://images.pokemontcg.io/xyp/XY01_hires.png,2026/08/08,2026/07/01,4.99,6.230000019073486,6.610000133514404,6.989999771118164,,,,,,10.4392,8.0745,11.4427,0.0,15.779899597167969,11.2005,12.2617,5.3984,4.96,5.1215,1.1535,2026-08-09
ex1-1,Aggron,holofoil,Ruby & Sapphire,1,Rare Holo,Mitsuhiro Arita,Stage 2,306,Pokémon,2003/07/01,"tcgplayer,cardmarket",https://prices.pokemontcg.io/tcgplayer/ex1-1,https://images.pokemontcg.io/ex1/1_hires.png,2026/08/08,2026/07/01,33.27,19.6299991607666,36.779998779296875,399.5,,40.02,,,,21.928,1.1535,21.1321,7.7861,13.265199661254883,23.5775,15.503,5.1792,7.567,7.8207,1.1535,2026-08-09
bw5-6,Leafeon,normal,Dark Explorers,6,Rare,Ryo Ueda,Stage 1,470,Pokémon,2012/05/09,"tcgplayer,cardmarket",https://prices.pokemontcg.io/tcgplayer/bw5-6,https://images.pokemontcg.io/bw5/6_hires.png,2026/08/08,2026/07/01,12.16,10.989999771118164,18.270000457763672,4969.14990234375,,29.5,,,,6.2866,0.8651,5.4561,6.5634,2.7569000720977783,5.6175,5.3638,3.4605,6.3673,14.015,1.1535,2026-08-09
sm35-1,Bulbasaur,normal,Shining Legends,1,Common,Mizue,Basic,1,Pokémon,2017/10/06,"tcgplayer,cardmarket",https://prices.pokemontcg.io/tcgplayer/sm35-1,https://images.pokemontcg.io/sm35/1_hires.png,2026/08/08,2026/07/01,0.73,0.25,0.7300000190734863,18.219999313354492,,3.49,,,,0.5306,0.0231,0.4729,1.9956,0.11540000140666962,0.1615,0.4153,3.795,1.7533,2.0186,1.1535,2026-08-09
pop8-1,Heatran,normal,POP Series 8,1,Rare,Ken Sugimori,Basic,485,Pokémon,2008/09/01,"tcgplayer,cardmarket",https://prices.pokemontcg.io/tcgplayer/pop8-1,https://images.pokemontcg.io/pop8/1_hires.png,2026/08/08,2026/07/01,2.03,0.6800000071525574,2.1700000762939453,33.099998474121094,4.28,,,,,3.5758,0.5191,2.8722,0.0,5.179200172424316,3.5528,2.8145,5.7675,1.5111,0.9805,1.1535,2026-08-09
pl1-12,Palkia G,holofoil,Platinum,12,Rare Holo,Yusuke Ishikawa,Basic|SP,484,Pokémon,2009/02/11,"tcgplayer,cardmarket",https://prices.pokemontcg.io/tcgplayer/pl1-12,https://images.pokemontcg.io/pl1/12_hires.png,2026/08/08,2026/06/30,22.51,11.109999656677246,14.020000457763672,147.0,,23.0,,,,5.5714,0.9228,6.6442,5.4791,2.4916000366210938,7.1056,6.4365,2.8838,4.3487,4.8216,1.1535,2026-08-09
ex6-4,Ditto,normal,FireRed & LeafGreen,4,Rare Holo,Miki Tanaka,Basic,132,Pokémon,2004/09/01,"tcgplayer,cardmarket",https://prices.pokemontcg.io/tcgplayer/ex6-4,https://images.pokemontcg.io/ex6/4_hires.png,2026/08/08,2026/07/01,111.98,149.99000549316406,162.5,175.0,148.6,112.85,,,,19.2288,4.8447,22.1703,45.5632,4.602499961853027,26.3575,22.5279,28.7798,39.2075,41.1223,1.1535,2026-08-09
bw4-9,Amoonguss,normal,Next Destinies,9,Rare,Kouki Saitou,Stage 1,591,Pokémon,2012/02/08,"tcgplayer,cardmarket",https://prices.pokemontcg.io/tcgplayer/bw4-9,https://images.pokemontcg.io/bw4/9_hires.png,2026/08/08,2026/07/01,0.46,0.23999999463558197,0.47999998927116394,19.979999542236328,,0.67,,,,0.5652,0.0577,0.5075,0.5998,0.23070000112056732,0.5075,0.6114,1.142,0.6114,0.819,1.1535,2026-08-09
base1-9,Magneton,holofoil,Base,9,Rare Holo,Keiji Kinebuchi,Stage 1,82,Pokémon,1999/01/09,"tcgplayer,cardmarket",https://prices.pokemontcg.io/tcgplayer/base1-9,https://images.pokemontcg.io/base1/9_hires.png,2026/08/08,2026/07/01,35.52,16.0,21.579999923706055,141.4199981689453,,,,,,27.7071,4.614,14.9724,0.0,16.391199111938477,18.3407,26.4267,10.1508,15.7914,14.9032,1.1535,2026-08-09
basep-8,Mew,normal,Wizards Black Star Promos,8,Promo,Ken Sugimori,Basic,151,Pokémon,1999/07/01,"tcgplayer,cardmarket",https://prices.pokemontcg.io/tcgplayer/basep-8,https://images.pokemontcg.io/basep/8_hires.png,2026/08/08,2026/07/01,9.73,5.5,9.720000267028809,9999.0,,,,,,10.0701,1.0381,15.2723,0.0,24.569499969482422,10.7852,10.3584,4.614,14.4187,16.0567,1.1535,2026-08-09
pl4-10,Tangrowth,holofoil,Arceus,10,Rare Holo,Masakazu Fukuda,Stage 1,465,Pokémon,2009/11/04,"tcgplayer,cardmarket",https://prices.pokemontcg.io/tcgplayer/pl4-10,https://images.pokemontcg.io/pl4/10_hires.png,2026/08/08,2026/07/01,3.79,2.0,3.7899999618530273,50.099998474121094,,3.63,,,,1.2458,0.1154,0.8882,2.3877,1.280400037765503,1.0612,1.2689,2.2493,1.9725,1.6149,1.1535,2026-08-09
bw1-7,Pansage,normal,Black & White,7,Common,sui,Basic,511,Pokémon,2011/04/25,"tcgplayer,cardmarket",https://prices.pokemontcg.io/tcgplayer/bw1-7,https://images.pokemontcg.io/bw1/7_hires.png,2026/08/08,2026/07/01,0.27,0.05999999865889549,0.25,19.979999542236328,,0.55,,,,0.1961,0.0231,0.2192,1.1766,0.28839999437332153,0.173,0.1384,0.1846,1.0035,0.8651,1.1535,2026-08-09
neo2-2,Forretress,1stEditionHolofoil,Neo Discovery,2,Rare Holo,CR CG gangs,Stage 1,205,Pokémon,2001/06/01,"tcgplayer,cardmarket",https://prices.pokemontcg.io/tcgplayer/neo2-2,https://images.pokemontcg.io/neo2/2_hires.png,2026/08/08,2026/07/01,65.0,175.0,257.260009765625,3996.02001953125,,,,,"{""unlimitedHolofoil"": {""low"": 18.99, ""mid"": 27.68, ""high"": 312.0, ""market"": 28.14, ""directLow"": null}}",44.5597,5.1907,36.7966,0.0,20.46310043334961,19.6326,27.2457,4.614,9.8278,11.9618,1.1535,2026-08-09
xyp-XY02,Fennekin,holofoil,XY Black Star Promos,XY02,Promo,5ban Graphics,Basic,653,Pokémon,2013/10/12,"tcgplayer,cardmarket",https://prices.pokemontcg.io/tcgplayer/xyp-XY02,https://images.pokemontcg.io/xyp/XY02_hires.png,2026/08/08,2026/07/01,8.01,1.25,33.0,34.54999923706055,,,,,,11.5119,9.228,13.3806,0.0,9.101099967956543,12.7577,13.3229,4.7986,7.6708,7.6246,1.1535,2026-08-09
bwp-BW03,Oshawott,holofoil,BW Black Star Promos,BW03,Promo,Ken Sugimori,Basic,501,Pokémon,2011/03/01,"tcgplayer,cardmarket",https://prices.pokemontcg.io/tcgplayer/bwp-BW03,https://images.pokemontcg.io/bwp/BW03_hires.png,2026/08/08,2026/07/01,9.74,2.950000047683716,9.789999961853027,238.0,,,,,,2.4224,0.0577,2.307,0.0,2.306999921798706,2.3993,1.9494,0.346,0.8997,1.0035,1.1535,2026-08-09
ex9-11,Swampert,holofoil,Emerald,11,Rare Holo,Atsuko Nishida,Stage 2,260,Pokémon,2005/05/01,"tcgplayer,cardmarket",https://prices.pokemontcg.io/tcgplayer/ex9-11,https://images.pokemontcg.io/ex9/11_hires.png,2026/08/08,2026/07/01,80.26,75.0,80.98999786376953,1017.5,,43.79,,,,13.1268,0.5652,11.2697,29.0682,7.993800163269043,9.6433,10.2892,57.675,25.6192,24.6157,1.1535,2026-08-09
bw2-4,Sewaddle,normal,Emerging Powers,4,Common,Naoki Saito,Basic,540,Pokémon,2011/08/31,"tcgplayer,cardmarket",https://prices.pokemontcg.io/tcgplayer/bw2-4,https://images.pokemontcg.io/bw2/4_hires.png,2026/08/08,2026/07/01,0.48,0.15000000596046448,0.4099999964237213,19.979999542236328,,2.05,,,,0.2307,0.0231,0.2076,0.5652,0.11540000140666962,0.1846,0.2076,0.4614,0.6575,0.9113,1.1535,2026-08-09
xy1-9,Illumise,normal,XY,9,Uncommon,Kanako Eo,Basic,314,Pokémon,2014/02/05,"tcgplayer,cardmarket",https://prices.pokemontcg.io/tcgplayer/xy1-9,https://images.pokemontcg.io/xy1/9_hires.png,2026/08/08,2026/07/01,0.34,0.10999999940395355,0.3199999928474426,1000.0,,0.94,,,,0.5537,0.0231,0.4729,1.3265,0.3921999931335449,0.3576,0.4268,1.0151,1.1535,0.8074,1.1535,2026-08-09
bw7-9,Celebi-EX,holofoil,Boundaries Crossed,9,Rare Holo EX,Toyste Beach,Basic|EX,251,Pokémon,2012/11/07,"tcgplayer,cardmarket",https://prices.pokemontcg.io/tcgplayer/bw7-9,https://images.pokemontcg.io/bw7/9_hires.png,2026/08/08,2026/07/01,29.6,18.989999771118164,33.0,268.45001220703125,,,,,,20.094,2.8838,19.9902,0.0,5.767499923706055,22.9893,13.4152,4.614,7.0594,7.0479,1.1535,2026-08-09
mcd19-12,Eevee,holofoil,McDonald's Collection 2019,12,,Atsuko Nishida,Basic,133,Pokémon,2019/10/15,"tcgplayer,cardmarket",https://prices.pokemontcg.io/tcgplayer/mcd19-12,https://images.pokemontcg.io/mcd19/12_hires.png,2026/08/08,2026/07/01,18.26,15.880000114440918,20.059999465942383,159.89999389648438,,,,,,6.0789,1.142,4.2795,0.0,3.4605000019073486,5.4907,6.1136,2.8838,3.7489,3.4605,1.1535,2026-08-09
pop2-4,Suicune,normal,POP Series 2,4,Rare,Kouki Saitou,Basic,245,Pokémon,2005/08/01,"tcgplayer,cardmarket",https://prices.pokemontcg.io/tcgplayer/pop2-4,https://images.pokemontcg.io/pop2/4_hires.png,2026/08/08,2026/07/01,49.51,29.989999771118164,50.0,172.39999389648438,40.22,,,,,78.8187,20.1863,57.6635,0.0,34.60499954223633,53.1994,43.9483,28.826,19.7018,19.2404,1.1535,2026-08-09
pl3-8,Rayquaza C,holofoil,Supreme Victors,8,Rare Holo,kawayoo,Basic|SP,384,Pokémon,2009/08/19,"tcgplayer,cardmarket",https://prices.pokemontcg.io/tcgplayer/pl3-8,https://images.pokemontcg.io/pl3/8_hires.png,2026/08/08,2026/07/01,70.51,149.99000549316406,448.8699951171875,497.8399963378906,,112.99,,,,40.0495,8.063,40.1072,36.3006,40.372501373291016,60.2127,40.1764,17.3025,28.1339,31.6636,1.1535,2026-08-09
ex8-9,Jirachi,holofoil,Deoxys,9,Rare Holo,Sumiyoshi Kizuki,Basic,385,Pokémon,2005/02/01,"tcgplayer,cardmarket",https://prices.pokemontcg.io/tcgplayer/ex8-9,https://images.pokemontcg.io/ex8/9_hires.png,2026/08/08,2026/07/01,253.33,108.04000091552734,283.69000244140625,1489.9000244140625,,253.0,,,,45.3441,11.9272,47.3512,32.2749,23.058500289916992,48.3086,35.5509,41.5145,35.5278,53.4186,1.1535,2026-08-09
smp-SM02,Litten,holofoil,SM Black Star Promos,SM02,Promo,Megumi Mizutani,Basic,725,Pokémon,2017/02/03,"tcgplayer,cardmarket",https://prices.pokemontcg.io/tcgplayer/smp-SM02,https://images.pokemontcg.io/smp/SM02_hires.png,2026/08/08,2026/07/01,1.97,0.6399999856948853,1.9700000286102295,95.0999984741211,,,,,,3.0222,0.5191,3.2298,0.0,2.306999921798706,2.5377,3.3451,2.0186,2.6646,2.6992,1.1535,2026-08-09
sm6-2a,Alolan Exeggutor,,Forbidden Light,2a,Rare,kawayoo,Stage 1,103,Pokémon,2018/05/04,cardmarket,https://prices.pokemontcg.io/cardmarket/sm6-2a,https://images.pokemontcg.io/sm6/2a_hires.png,,2026/07/01,,,,,,,,,,1.1766,0.4614,1.142,0.0,1.1419999599456787,1.1535,1.1766,0.9228,0.9343,1.0728,1.1535,2026-08-09
dp1-8,Magnezone,holofoil,Diamond & Pearl,8,Rare Holo,Nakaoka,Stage 2,462,Pokémon,2007/05/01,"tcgplayer,cardmarket",https://prices.pokemontcg.io/tcgplayer/dp1-8,https://images.pokemontcg.io/dp1/8_hires.png,2026/08/08,2026/07/01,12.78,11.079999923706055,14.5,82.4800033569336,,11.54,,,,2.5608,0.3345,1.8341,2.3993,2.306999921798706,3.126,2.9299,1.4303,2.1224,2.5262,1.1535,2026-08-09
sm75-8,Darumaka,normal,Dragon Majesty,8,Common,Mitsuhiro Arita,Basic,554,Pokémon,2018/09/07,"tcgplayer,cardmarket",https://prices.pokemontcg.io/tcgplayer/sm75-8,https://images.pokemontcg.io/sm75/8_hires.png,2026/08/08,2026/07/01,0.22,0.09000000357627869,0.25,19.979999542236328,,0.55,,,,0.1615,0.0231,0.1846,1.1189,0.17299999296665192,0.173,0.173,1.4419,1.0728,0.9228,1.1535,2026-08-09
hgss3-4,Gliscor,holofoil,HS—Undaunted,4,Rare Holo,Naoki Saito,Stage 1,472,Pokémon,2010/08/18,"tcgplayer,cardmarket",https://prices.pokemontcg.io/tcgplayer/hgss3-4,https://images.pokemontcg.io/hgss3/4_hires.png,2026/08/08,2026/07/01,7.89,4.920000076293945,7.75,89.83999633789062,,8.67,,,,4.6371,0.4614,4.7524,3.4144,5.1331000328063965,4.7063,4.3718,1.142,4.764,3.8412,1.1535,2026-08-09
xy5-10,Lotad,normal,Primal Clash,10,Common,Kanako Eo,Basic,270,Pokémon,2015/02/04,"tcgplayer,cardmarket",https://prices.pokemontcg.io/tcgplayer/xy5-10,https://images.pokemontcg.io/xy5/10_hires.png,2026/08/08,2026/07/01,0.27,0.07000000029802322,0.25,19.979999542236328,,0.74,,,,0.2192,0.0231,0.1846,0.5767,0.11540000140666962,0.1615,0.1961,0.4499,0.6575,0.7152,1.1535,2026-08-09
sm115-11,Psyduck,normal,Hidden Fates,11,Common,nagimiso,Basic,54,Pokémon,2019/08/23,"tcgplayer,cardmarket",https://prices.pokemontcg.io/tcgplayer/sm115-11,https://images.pokemontcg.io/sm115/11_hires.png,2026/08/08,2026/07/01,0.33,0.12999999523162842,0.36000001430511475,5.0,,4.04,,,,0.15,0.0231,0.1038,2.9991,0.06920000165700912,0.1038,0.1154,8.1898,2.7799,2.2493,1.1535,2026-08-09
neo4-10,Dark Typhlosion,1stEditionHolofoil,Neo Destiny,10,Rare Holo,Mitsuhiro Arita,Stage 2,157,Pokémon,2002/02/28,"tcgplayer,cardmarket",https://prices.pokemontcg.io/tcgplayer/neo4-10,https://images.pokemontcg.io/neo4/10_hires.png,2026/08/08,2026/07/01,290.0,1999.989990234375,1999.989990234375,1999.989990234375,,,,,"{""unlimitedHolofoil"": {""low"": 60.4, ""mid"": 168.16, ""high"": 597.88, ""market"": 168.16, ""directLow"": 201.79}}",37.6041,3.449,57.6058,0.0,41.468299865722656,43.4523,41.1107,11.535,15.6876,21.8358,1.1535,2026-08-09
swsh35-10,Centiskorch,holofoil,Champion's Path,10,Rare Holo,Shin Nagasawa,Stage 1,851,Pokémon,2020/09/25,"tcgplayer,cardmarket",https://prices.pokemontcg.io/tcgplayer/swsh35-10,https://images.pokemontcg.io/swsh35/10_hires.png,2026/08/08,2026/07/01,0.08,0.029999999329447746,0.25,5.0,,0.19,,,,0.1615,0.0231,0.2192,0.2422,0.23070000112056732,0.2538,0.1615,0.5767,0.346,0.3691,1.1535,2026-08-09
sm9-10,Shaymin ◇,holofoil,Team Up,10,Rare Prism Star,kawayoo,Basic|Prism Star,492,Pokémon,2019/02/01,"tcgplayer,cardmarket",https://prices.pokemontcg.io/tcgplayer/sm9-10,https://images.pokemontcg.io/sm9/10_hires.png,2026/08/08,2026/07/01,5.36,3.9800000190734863,5.900000095367432,39.9900016784668,,,,,,4.8562,0.346,4.291,5.3753,5.767499923706055,6.3442,4.8562,3.4605,4.614,3.5412,1.1535,2026-08-09
pop7-10,Wormadam Sandy Cloak,normal,POP Series 7,10,Uncommon,Kagemaru Himeno,Stage 1,413,Pokémon,2008/03/01,"tcgplayer,cardmarket",https://prices.pokemontcg.io/tcgplayer/pop7-10,https://images.pokemontcg.io/pop7/10_hires.png,2026/08/08,2026/07/01,8.41,4.860000133514404,7.949999809265137,69.9000015258789,,,,,,6.3327,0.3922,5.3407,0.0,6.9095001220703125,5.3522,5.4445,0.0,0.0,0.0,1.1535,2026-08-09
xy11-11,Shiftry,holofoil,Steam Siege,11,Rare Holo,Kagemaru Himeno,Stage 2,275,Pokémon,2016/08/03,"tcgplayer,cardmarket",https://prices.pokemontcg.io/tcgplayer/xy11-11,https://images.pokemontcg.io/xy11/11_hires.png,2026/08/08,2026/07/01,0.66,0.20000000298023224,0.6600000262260437,57.0,,1.23,,,,1.3842,0.2307,1.7995,2.4108,1.4880000352859497,1.7302,1.4995,3.1721,1.8571,1.9033,1.1535,2026-08-09
xy8-5,Pansage,normal,BREAKthrough,5,Common,Hajime Kusajima,Basic,511,Pokémon,2015/11/04,"tcgplayer,cardmarket",https://prices.pokemontcg.io/tcgplayer/xy8-5,https://images.pokemontcg.io/xy8/5_hires.png,2026/08/08,2026/07/01,0.14,0.009999999776482582,0.20000000298023224,19.979999542236328,,0.38,,,,0.1384,0.0231,0.15,0.8651,0.11540000140666962,0.1384,0.1269,0.4037,0.669,0.496,1.1535,2026-08-09
gym2-10,Koga's Ditto,1stEditionHolofoil,Gym Challenge,10,Rare Holo,Ken Sugimori,Basic,132,Pokémon,2000/10/16,"tcgplayer,cardmarket",https://prices.pokemontcg.io/tcgplayer/gym2-10,https://images.pokemontcg.io/gym2/10_hires.png,2026/08/08,2026/07/01,100.0,130.0,249.9499969482422,9999.0,,,,,"{""unlimitedHolofoil"": {""low"": 61.0, ""mid"": 70.0, ""high"": 9999.0, ""market"": 71.78, ""directLow"": 67.44}}",82.5445,18.456,90.3075,0.0,57.67499923706055,79.6838,81.8985,34.605,22.6893,23.7275,1.1535,2026-08-09
si1-11,Marill,reverseHolofoil,Southern Islands,11,,Naoyo Kimura,Basic,183,Pokémon,2001/07/31,"tcgplayer,cardmarket",https://prices.pokemontcg.io/tcgplayer/si1-11,https://images.pokemontcg.io/si1/11_hires.png,2026/08/08,2026/07/01,143.0,80.55000305175781,175.07000732421875,1249.97998046875,,,,,,101.3119,92.2685,105.9259,0.0,112.90460205078125,110.0554,93.0067,20.763,25.0194,14.7071,1.1535,2026-08-09
xy7-10,Vespiquen,normal,Ancient Origins,10,Uncommon,kawayoo,Stage 1,416,Pokémon,2015/08/12,"tcgplayer,cardmarket",https://prices.pokemontcg.io/tcgplayer/xy7-10,https://images.pokemontcg.io/xy7/10_hires.png,2026/08/08,2026/07/01,0.11,0.05000000074505806,0.23000000417232513,23.489999771118164,,0.37,,,,0.2307,0.0231,0.2076,1.0151,0.23070000112056732,0.2192,0.1846,2.307,0.8421,0.7382,1.1535,2026-08-09
xy10-8,Deerling,normal,Fates Collide,8,Common,Kanako Eo,Basic,585,Pokémon,2016/05/02,"tcgplayer,cardmarket",https://prices.pokemontcg.io/tcgplayer/xy10-8,https://images.pokemontcg.io/xy10/8_hires.png,2026/08/08,2026/07/01,0.45,0.10000000149011612,0.36000001430511475,4.0,,1.12,,,,0.15,0.0231,0.1384,0.6575,0.05770000070333481,0.1961,0.15,0.4037,0.6114,0.7959,1.1535,2026-08-09
col1-9,Ho-Oh,holofoil,Call of Legends,9,Rare Holo,Ryo Ueda,Basic,250,Pokémon,2011/02/09,"tcgplayer,cardmarket",https://prices.pokemontcg.io/tcgplayer/col1-9,https://images.pokemontcg.io/col1/9_hires.png,2026/08/08,2026/07/01,36.05,21.020000457763672,41.849998474121094,397.7300109863281,,20.36,,,,20.2901,2.1916,0.0231,21.2129,19.597999572753906,17.6255,202.4392,23.07,25.227,15.8606,1.1535,2026-08-09
ex5-3,Crobat,holofoil,Hidden Legends,3,Rare Holo,Midori Harada,Stage 2,169,Pokémon,2004/06/01,"tcgplayer,cardmarket",https://prices.pokemontcg.io/tcgplayer/ex5-3,https://images.pokemontcg.io/ex5/3_hires.png,2026/08/08,2026/07/01,22.64,22.350000381469727,99.98999786376953,249.89999389648438,,20.29,,,,7.3709,2.2955,8.0399,16.0337,4.602499961853027,6.2289,6.7018,7.4401,11.0621,9.8624,1.1535,2026-08-09
ex4-10,Team Magma's Houndoom,holofoil,Team Magma vs Team Aqua,10,Rare Holo,Ken Ikuji,Stage 1,229,Pokémon,2004/03/01,"tcgplayer,cardmarket",https://prices.pokemontcg.io/tcgplayer/ex4-10,https://images.pokemontcg.io/ex4/10_hires.png,2026/08/08,2026/07/01,157.52,98.51000213623047,365.0,1492.5,,61.99,,,,29.991,5.7675,67.2029,13.2652,51.907501220703125,67.226,53.7531,27.1073,20.094,27.5571,1.1535,2026-08-09
sm1-8,Masquerain,normal,Sun & Moon,8,Rare,miki kudo,Stage 1,284,Pokémon,2017/02/03,"tcgplayer,cardmarket",https://prices.pokemontcg.io/tcgplayer/sm1-8,https://images.pokemontcg.io/sm1/8_hires.png,2026/08/08,2026/07/01,0.2,0.03999999910593033,0.20000000298023224,18.1200008392334,,0.38,,,,0.2653,0.0231,0.173,0.5883,0.05770000070333481,0.15,0.2076,0.2884,0.4729,0.4499,1.1535,2026-08-09
bw6-9,Cascoon,normal,Dragons Exalted,9,Uncommon,match,Stage 1,268,Pokémon,2012/08/15,"tcgplayer,cardmarket",https://prices.pokemontcg.io/tcgplayer/bw6-9,https://images.pokemontcg.io/bw6/9_hires.png,2026/08/08,2026/07/01,0.39,0.14000000059604645,0.41999998688697815,19.979999542236328,,0.77,,,,0.1615,0.0461,0.2422,0.2307,0.10379999876022339,0.1615,0.1846,0.2307,1.2458,0.9113,1.1535,2026-08-09
bw5-7,Dwebble,normal,Dark Explorers,7,Common,Akira Komayama,Basic,557,Pokémon,2012/05/09,"tcgplayer,cardmarket",https://prices.pokemontcg.io/tcgplayer/bw5-7,https://images.pokemontcg.io/bw5/7_hires.png,2026/08/08,2026/07/01,0.32,0.15000000596046448,0.30000001192092896,19.979999542236328,,0.94,,,,0.173,0.0231,0.2192,0.2192,0.10379999876022339,0.1615,0.1961,1.7302,0.5421,0.6921,1.1535,2026-08-09
sm11-3,Yanmega,normal,Unified Minds,3,Uncommon,Hitoshi Ariga,Stage 1,469,Pokémon,2019/08/02,"tcgplayer,cardmarket",https://prices.pokemontcg.io/tcgplayer/sm11-3,https://images.pokemontcg.io/sm11/3_hires.png,2026/08/08,2026/07/01,0.24,0.05000000074505806,0.23999999463558197,19.979999542236328,,0.43,,,,0.1038,0.0231,0.1038,0.3807,0.17299999296665192,0.1269,0.1384,0.5191,0.7036,0.5421,1.1535,2026-08-09
xy4-8,Karrablast,normal,Phantom Forces,8,Common,Sanosuke Sakuma,Basic,588,Pokémon,2014/11/05,"tcgplayer,cardmarket",https://prices.pokemontcg.io/tcgplayer/xy4-8,https://images.pokemontcg.io/xy4/8_hires.png,2026/08/08,2026/07/01,0.14,0.03999999910593033,0.20000000298023224,19.979999542236328,,0.31,,,,0.0807,0.0231,0.1038,0.4037,0.05770000070333481,0.1154,0.0923,1.4995,0.5767,0.4153,1.1535,2026-08-09
ex13-8,Gyarados δ,holofoil,Holon Phantoms,8,Rare Holo,Hajime Kusajima,Stage 1,130,Pokémon,2006/05/01,"tcgplayer,cardmarket",https://prices.pokemontcg.io/tcgplayer/ex13-8,https://images.pokemontcg.io/ex13/8_hires.png,2026/08/08,2026/07/01,281.48,181.9199981689453,326.7799987792969,999.969970703125,,306.79,,,,83.8479,19.6095,73.2242,117.4263,82.18689727783203,68.7601,80.1106,253.7585,143.3224,119.2142,1.1535,2026-08-09
pop5-5,Charmeleon δ,normal,POP Series 5,5,Uncommon,Mitsuhiro Arita,Stage 1,5,Pokémon,2007/03/01,"tcgplayer,cardmarket",https://prices.pokemontcg.io/tcgplayer/pop5-5,https://images.pokemontcg.io/pop5/5_hires.png,2026/08/08,2026/07/01,89.99,73.16000366210938,103.1500015258789,899.9000244140625,,,,,,33.2785,13.7036,32.8632,34.5935,11.53499984741211,28.7568,28.1223,34.5935,34.5935,34.5935,1.1535,2026-08-09
ex11-11,Metagross δ,holofoil,Delta Species,11,Rare Holo,Masakazu Fukuda,Stage 2,376,Pokémon,2005/10/31,"tcgplayer,cardmarket",https://prices.pokemontcg.io/tcgplayer/ex11-11,https://images.pokemontcg.io/ex11/11_hires.png,2026/08/08,2026/07/01,107.27,129.99000549316406,244.99000549316406,543.2000122070312,,180.0,,,,45.1711,5.7675,36.589,52.1728,14.995499610900879,24.6503,39.3113,23.07,50.3733,49.3237,1.1535,2026-08-09
dv1-11,Rayquaza,holofoil,Dragon Vault,11,Rare Holo,5ban Graphics,Basic,384,Pokémon,2012/10/05,"tcgplayer,cardmarket",https://prices.pokemontcg.io/tcgplayer/dv1-11,https://images.pokemontcg.io/dv1/11_hires.png,2026/08/08,2026/07/01,49.05,27.770000457763672,40.689998626708984,529.9000244140625,,,,,,16.7604,1.1535,21.6281,48.3201,1.153499960899353,22.5163,17.8446,9.228,34.5935,24.3158,1.1535,2026-08-09
bw8-6,Cherubi,normal,Plasma Storm,6,Common,sui,Basic,420,Pokémon,2013/02/06,"tcgplayer,cardmarket",https://prices.pokemontcg.io/tcgplayer/bw8-6,https://images.pokemontcg.io/bw8/6_hires.png,2026/08/08,2026/07/01,0.34,0.20000000298023224,0.3499999940395355,19.979999542236328,,0.67,,,,0.1961,0.0231,0.1961,0.0,0.28839999437332153,0.2768,0.1846,0.3345,0.6921,0.669,1.1535,2026-08-09
gym1-8,Lt. Surge's Magneton,1stEditionHolofoil,Gym Heroes,8,Rare Holo,Ken Sugimori,Stage 1,82,Pokémon,2000/08/14,"tcgplayer,cardmarket",https://prices.pokemontcg.io/tcgplayer/gym1-8,https://images.pokemontcg.io/gym1/8_hires.png,2026/08/08,2026/07/01,87.37,69.5,472.7200012207031,875.9400024414062,,,,,"{""unlimitedHolofoil"": {""low"": 12.0, ""mid"": 19.67, ""high"": 99.99, ""market"": 27.0, ""directLow"": 26.47}}",39.6343,5.0639,36.093,0.0,9.804800033569336,20.9014,37.3965,7.0594,10.2777,14.834,1.1535,2026-08-09
xy2-11,Charizard-EX,holofoil,Flashfire,11,Rare Holo EX,Eske Yoshinob,Basic|EX,6,Pokémon,2014/05/07,"tcgplayer,cardmarket",https://prices.pokemontcg.io/tcgplayer/xy2-11,https://images.pokemontcg.io/xy2/11_hires.png,2026/08/08,2026/07/01,15.48,8.0,15.0,96.94999694824219,,,,,,9.4587,2.307,9.1011,0.0,9.227999687194824,9.4587,8.5936,11.5235,10.4161,6.598,1.1535,2026-08-09
neo3-8,Houndoom,1stEditionHolofoil,Neo Revelation,8,Rare Holo,Mitsuhiro Arita,Stage 1,229,Pokémon,2001/09/21,"tcgplayer,cardmarket",https://prices.pokemontcg.io/tcgplayer/neo3-8,https://images.pokemontcg.io/neo3/8_hires.png,2026/08/08,2026/07/01,439.99,375.0,722.5,999.9600219726562,,,,,"{""unlimitedHolofoil"": {""low"": 242.0, ""mid"": 383.2, ""high"": 1605.84, ""market"": 282.75, ""directLow"": 999.99}}",172.7366,14.984,143.5069,0.0,219.15350341796875,152.8964,172.9789,43.4408,45.5632,50.9501,1.1535,2026-08-09
swsh2-3,Butterfree,normal,Rebel Clash,3,Rare,Taira Akitsu,Stage 2,12,Pokémon,2020/05/01,"tcgplayer,cardmarket",https://prices.pokemontcg.io/tcgplayer/swsh2-3,https://images.pokemontcg.io/swsh2/3_hires.png,2026/08/08,2026/07/01,0.36,0.05000000074505806,0.3499999940395355,1.5,,1.06,,,,0.2884,0.0577,0.2653,1.1881,0.40369999408721924,0.2768,0.2884,1.0958,1.1189,0.8882,1.1535,2026-08-09
ex3-8,Plusle,holofoil,Dragon,8,Rare Holo,Atsuko Nishida,Basic,311,Pokémon,2003/11/24,"tcgplayer,cardmarket",https://prices.pokemontcg.io/tcgplayer/ex3-8,https://images.pokemontcg.io/ex3/8_hires.png,2026/08/08,2026/07/01,92.07,92.06999969482422,149.99000549316406,999.9000244140625,,52.4,,,,45.0211,3.4605,44.7789,43.2563,34.60499954223633,53.3494,31.7212,57.675,21.0514,20.7053,1.1535,2026-08-09
ex14-6,Ludicolo δ,holofoil,Crystal Guardians,6,Rare Holo,Masakazu Fukuda,Stage 2,272,Pokémon,2006/08/01,"tcgplayer,cardmarket",https://prices.pokemontcg.io/tcgplayer/ex14-6,https://images.pokemontcg.io/ex14/6_hires.png,2026/08/08,2026/07/01,30.28,20.0,29.989999771118164,41.5,,74.99,,,,13.3575,1.7302,10.9929,27.1995,22.493200302124023,14.8571,13.7151,20.1863,17.5909,22.1241,1.1535,2026-08-09
dpp-DP09,Torterra LV.X,holofoil,DP Black Star Promos,DP09,Promo,Shizurow,Level-Up,389,Pokémon,2007/05/01,tcgplayer,https://prices.pokemontcg.io/tcgplayer/dpp-DP09,https://images.pokemontcg.io/dpp/DP09_hires.png,2026/08/08,,61.56,32.02000045776367,48.689998626708984,352.19000244140625,,,,,,,,,,,,,,,,,2026-08-09
ru1-9,Mewtwo,holofoil,Pokémon Rumble,9,,Pokemon Rumble,Basic,150,Pokémon,2009/12/02,"tcgplayer,cardmarket",https://prices.pokemontcg.io/tcgplayer/ru1-9,https://images.pokemontcg.io/ru1/9_hires.png,2026/08/08,2026/07/01,550.0,300.0,850.72998046875,1401.4599609375,,,,,,199.8669,138.42,279.1585,0.0,201.8625030517578,200.1207,184.1101,51.9075,32.148,13.023,1.1535,2026-08-09
ex1-2,Beautifly,holofoil,Ruby & Sapphire,2,Rare Holo,Hajime Kusajima,Stage 2,267,Pokémon,2003/07/01,"tcgplayer,cardmarket",https://prices.pokemontcg.io/tcgplayer/ex1-2,https://images.pokemontcg.io/ex1/2_hires.png,2026/08/08,2026/07/01,20.23,12.9399995803833,28.729999542236328,1000.0,,24.3,,,,11.0967,1.7072,12.3309,12.8615,14.937800407409668,9.2049,13.8074,9.228,11.3274,7.1286,1.1535,2026-08-09
sm35-2,Ivysaur,normal,Shining Legends,2,Common,Kouki Saitou,Stage 1,2,Pokémon,2017/10/06,"tcgplayer,cardmarket",https://prices.pokemontcg.io/tcgplayer/sm35-2,https://images.pokemontcg.io/sm35/2_hires.png,2026/08/08,2026/07/01,0.39,0.07999999821186066,0.38999998569488525,19.979999542236328,,1.06,,,,0.1846,0.0231,0.1615,1.2342,0.04610000178217888,0.1384,0.1384,0.6344,1.0843,1.3611,1.1535,2026-08-09
base4-9,Magneton,holofoil,Base Set 2,9,Rare Holo,Keiji Kinebuchi,Stage 1,82,Pokémon,2000/02/24,"tcgplayer,cardmarket",https://prices.pokemontcg.io/tcgplayer/base4-9,https://images.pokemontcg.io/base4/9_hires.png,2026/08/08,2026/07/01,24.48,10.770000457763672,14.010000228881836,4320.10986328125,,,,,,15.2377,8.0745,12.5616,0.0,6.921000003814697,12.4809,15.2839,5.5253,12.0771,11.535,1.1535,2026-08-09
swsh1-9,Dhelmise V,holofoil,Sword & Shield,9,Rare Holo V,Eske Yoshinob,Basic|V,781,Pokémon,2020/02/07,"tcgplayer,cardmarket",https://prices.pokemontcg.io/tcgplayer/swsh1-9,https://images.pokemontcg.io/swsh1/9_hires.png,2026/08/08,2026/06/25,0.74,0.4000000059604645,0.949999988079071,19.979999542236328,,,,,,1.7302,0.2884,2.0417,0.0,2.249300003051758,2.1916,1.9033,2.4685,2.48,2.2839,1.1535,2026-08-09
bw11-10,Sewaddle,normal,Legendary Treasures,10,Common,Mitsuhiro Arita,Basic,540,Pokémon,2013/11/06,"tcgplayer,cardmarket",https://prices.pokemontcg.io/tcgplayer/bw11-10,https://images.pokemontcg.io/bw11/10_hires.png,2026/08/08,2026/07/01,0.32,0.05000000074505806,0.28999999165534973,19.979999542236328,,2.47,,,,0.2192,0.1038,0.2076,4.2679,0.2653000056743622,0.2307,0.2422,5.6522,4.1526,1.9725,1.1535,2026-08-09
pop8-2,Lucario,normal,POP Series 8,2,Rare,Kent Kanetsuna,Stage 1,448,Pokémon,2008/09/01,"tcgplayer,cardmarket",https://prices.pokemontcg.io/tcgplayer/pop8-2,https://images.pokemontcg.io/pop8/2_hires.png,2026/08/08,2026/07/01,24.78,24.770000457763672,36.34000015258789,224.8000030517578,18.84,,,,,8.9512,1.1535,8.6512,0.0,5.652200222015381,7.7977,6.3442,4.6025,4.614,2.9876,1.1535,2026-08-09
pop4-8,Heal Energy,normal,POP Series 4,8,Uncommon,Takumi Akabane,Special,,Energy,2006/08/01,"tcgplayer,cardmarket",https://prices.pokemontcg.io/tcgplayer/pop4-8,https://images.pokemontcg.io/pop4/8_hires.png,2026/08/08,2026/07/01,9.47,8.0,18.8700008392334,119.0,,,,,,12.1117,4.1411,9.3318,0.0,6.9095001220703125,10.0931,6.8749,0.0,0.0,0.0,1.1535,2026-08-09
base6-8,Dark Slowbro,holofoil,Legendary Collection,8,Rare Holo,Mitsuhiro Arita,Stage 1,80,Pokémon,2002/05/24,"tcgplayer,cardmarket",https://prices.pokemontcg.io/tcgplayer/base6-8,https://images.pokemontcg.io/base6/8_hires.png,2026/08/08,2026/07/01,43.2,30.520000457763672,34.619998931884766,429.8699951171875,,242.09,,,,32.2749,5.756,32.1942,49.0353,19.551799774169922,29.1374,26.6228,114.185,65.5995,115.4077,1.1535,2026-08-09
dp4-7,Rotom,holofoil,Great Encounters,7,Rare Holo,Daisuke Ito,Basic,479,Pokémon,2008/02/01,"tcgplayer,cardmarket",https://prices.pokemontcg.io/tcgplayer/dp4-7,https://images.pokemontcg.io/dp4/7_hires.png,2026/08/08,2026/07/01,41.16,40.75,45.0,250.0,,20.13,,,,2.6184,0.2307,3.5643,3.1952,2.306999921798706,4.1987,2.8722,0.5652,3.2298,2.2263,1.1535,2026-08-09
pop9-9,Lopunny,normal,POP Series 9,9,Uncommon,Midori Harada,Stage 1,428,Pokémon,2009/03/01,"tcgplayer,cardmarket",https://prices.pokemontcg.io/tcgplayer/pop9-9,https://images.pokemontcg.io/pop9/9_hires.png,2026/08/08,2026/07/01,1.76,0.9800000190734863,2.4800000190734863,33.099998474121094,4.85,,,,,2.7684,0.4614,4.7524,0.0,4.025700092315674,3.7489,3.5989,2.307,1.2342,1.2342,1.1535,2026-08-09
pop3-8,Donphan,normal,POP Series 3,8,Uncommon,Tomoaki Imakuni,Stage 1,232,Pokémon,2006/04/01,"tcgplayer,cardmarket",https://prices.pokemontcg.io/tcgplayer/pop3-8,https://images.pokemontcg.io/pop3/8_hires.png,2026/08/08,2026/07/01,20.86,21.0,111.62000274658203,239.89999389648438,,,,,,1.9494,1.1535,8.8589,0.0,19.597999572753906,7.7977,10.3469,17.3025,17.3025,17.3025,1.1535,2026-08-09
xy6-5,Beautifly,holofoil,Roaring Skies,5,Rare Holo,Midori Harada,Stage 2,267,Pokémon,2015/05/06,"tcgplayer,cardmarket",https://prices.pokemontcg.io/tcgplayer/xy6-5,https://images.pokemontcg.io/xy6/5_hires.png,2026/08/08,2026/07/01,0.84,0.1899999976158142,0.8399999737739563,3.0,,0.69,,,,1.811,0.4499,1.7649,1.8802,0.853600025177002,1.8456,1.2919,1.6149,1.4073,1.3957,1.1535,2026-08-09
base2-2,Electrode,1stEditionHolofoil,Jungle,2,Rare Holo,Mitsuhiro Arita,Stage 1,101,Pokémon,1999/06/16,"tcgplayer,cardmarket",https://prices.pokemontcg.io/tcgplayer/base2-2,https://images.pokemontcg.io/base2/2_hires.png,2026/08/08,2026/07/01,60.02,55.0,82.2300033569336,639.9000244140625,,,,,"{""unlimitedHolofoil"": {""low"": 16.5, ""mid"": 20.45, ""high"": 243.28, ""market"": 26.61, ""directLow"": null}}",24.2235,4.614,21.5474,0.0,8.062999725341797,26.6805,23.4622,8.4206,11.5927,13.023,1.1535,2026-08-09
bw10-11,Genesect-EX,holofoil,Plasma Blast,11,Rare Holo EX,Eske Yoshinob,Basic|EX|Team Plasma,649,Pokémon,2013/08/14,"tcgplayer,cardmarket",https://prices.pokemontcg.io/tcgplayer/bw10-11,https://images.pokemontcg.io/bw10/11_hires.png,2026/08/08,2026/06/29,25.03,10.989999771118164,24.25,100.80000305175781,,,,,,17.4986,2.307,11.4312,0.0,10.381500244140625,17.3256,13.7036,3.4605,4.2103,3.5643,1.1535,2026-08-09
ecard2-H12,Hypno,holofoil,Aquapolis,H12,Rare Holo,Mitsuhiro Arita,Stage 1,97,Pokémon,2003/01/15,"tcgplayer,cardmarket",https://prices.pokemontcg.io/tcgplayer/ecard2-H12,https://images.pokemontcg.io/ecard2/H12_hires.png,2026/08/08,2026/07/01,111.39,149.0,190.9499969482422,2614.8798828125,,,,,,72.7974,14.9955,82.3714,0.0,89.9729995727539,78.288,63.0042,21.905,18.4445,17.6601,1.1535,2026-08-09
ecard1-2,Ampharos,holofoil,Expedition Base Set,2,Rare Holo,Atsuko Nishida,Stage 2,181,Pokémon,2002/09/15,"tcgplayer,cardmarket",https://prices.pokemontcg.io/tcgplayer/ecard1-2,https://images.pokemontcg.io/ecard1/2_hires.png,2026/08/08,2026/07/01,175.0,123.23999786376953,168.41000366210938,1598.699951171875,,54.62,,,,53.9723,5.7675,66.1648,21.1437,40.372501373291016,75.6004,55.864,10.889,19.8402,32.8171,1.1535,2026-08-09
bw9-8,Sceptile,holofoil,Plasma Freeze,8,Rare Holo,kawayoo,Stage 2,254,Pokémon,2013/05/08,"tcgplayer,cardmarket",https://prices.pokemontcg.io/tcgplayer/bw9-8,https://images.pokemontcg.io/bw9/8_hires.png,2026/08/08,2026/07/01,7.18,5.110000133514404,8.069999694824219,73.19000244140625,,5.37,,,,3.5412,1.0381,3.0222,5.1907,4.037300109863281,3.5412,3.5874,5.1907,6.1366,5.0754,1.1535,2026-08-09
neo1-2,Azumarill,1stEditionHolofoil,Neo Genesis,2,Rare Holo,Ken Sugimori,Stage 1,184,Pokémon,2000/12/16,"tcgplayer,cardmarket",https://prices.pokemontcg.io/tcgplayer/neo1-2,https://images.pokemontcg.io/neo1/2_hires.png,2026/08/08,2026/07/01,94.25,80.0,179.99000549316406,729.7999877929688,,,,,"{""unlimitedHolofoil"": {""low"": 18.5, ""mid"": 28.56, ""high"": 9999.0, ""market"": 27.82, ""directLow"": null}}",27.9032,2.8838,15.2031,0.0,19.032800674438477,16.7604,23.8659,7.4862,7.8323,9.0319,1.1535,2026-08-09
swsh3-3,Paras,normal,Darkness Ablaze,3,Common,Atsuko Nishida,Basic,46,Pokémon,2020/08/14,"tcgplayer,cardmarket",https://prices.pokemontcg.io/tcgplayer/swsh3-3,https://images.pokemontcg.io/swsh3/3_hires.png,2026/08/08,2026/07/01,0.04,0.009999999776482582,0.15000000596046448,25.040000915527344,,0.27,,,,0.0461,0.0231,0.0461,0.323,0.023099999874830246,0.0461,0.0346,0.5767,0.3576,0.2768,1.1535,2026-08-09
dp2-3,Ambipom,holofoil,Mysterious Treasures,3,Rare Holo,Kouki Saitou,Stage 1,424,Pokémon,2007/08/01,"tcgplayer,cardmarket",https://prices.pokemontcg.io/tcgplayer/dp2-3,https://images.pokemontcg.io/dp2/3_hires.png,2026/08/08,2026/07/01,5.37,2.4800000190734863,3.2699999809265137,33.29999923706055,,2.83,,,,4.6832,0.5075,4.3487,2.307,3.4605000019073486,3.8412,3.8873,1.1535,2.0994,2.134,1.1535,2026-08-09
ex2-4,Dusclops,holofoil,Sandstorm,4,Rare Holo,Midori Harada,Stage 1,356,Pokémon,2003/09/18,"tcgplayer,cardmarket",https://prices.pokemontcg.io/tcgplayer/ex2-4,https://images.pokemontcg.io/ex2/4_hires.png,2026/08/08,2026/07/01,28.52,24.959999084472656,30.459999084472656,500.0,,25.22,,,,8.7897,1.7302,13.3229,3.4605,9.227999687194824,10.6237,14.0842,1.1535,5.8252,6.7826,1.1535,2026-08-09
pl2-5,Flygon,holofoil,Rising Rivals,5,Rare Holo,Kouki Saitou,Stage 2,330,Pokémon,2009/05/16,"tcgplayer,cardmarket",https://prices.pokemontcg.io/tcgplayer/pl2-5,https://images.pokemontcg.io/pl2/5_hires.png,2026/08/08,2026/07/01,22.99,15.0,18.0,114.4000015258789,,19.79,,,,3.8065,0.346,3.4605,4.9139,1.5111000537872314,3.2298,2.9991,1.4419,4.0488,3.9219,1.1535,2026-08-09
xy9-1,Chikorita,normal,BREAKpoint,1,Common,Akira Komayama,Basic,152,Pokémon,2016/02/03,"tcgplayer,cardmarket",https://prices.pokemontcg.io/tcgplayer/xy9-1,https://images.pokemontcg.io/xy9/1_hires.png,2026/08/08,2026/07/01,0.38,0.14000000059604645,0.3799999952316284,19.979999542236328,,0.72,,,,0.2076,0.0231,0.2076,1.3842,0.1615000069141388,0.2307,0.2307,1.6149,1.2689,1.2458,1.1535,2026-08-09
sma-SV3,Dartrix,holofoil,Hidden Fates Shiny Vault,SV3,Rare Shiny,Shigenori Negishi,Stage 1,723,Pokémon,2019/08/23,"tcgplayer,cardmarket",https://prices.pokemontcg.io/tcgplayer/sma-SV3,https://images.pokemontcg.io/sma/SV3_hires.png,2026/08/08,2026/07/01,2.39,1.590000033378601,2.490000009536743,6.800000190734863,,,,,,2.7338,1.1535,2.653,0.0,2.8722000122070312,2.3416,2.6415,3.4605,3.0798,4.1757,1.1535,2026-08-09
base5-9,Dark Hypno,1stEditionHolofoil,Team Rocket,9,Rare Holo,Kagemaru Himeno,Stage 1,97,Pokémon,2000/04/24,"tcgplayer,cardmarket",https://prices.pokemontcg.io/tcgplayer/base5-9,https://images.pokemontcg.io/base5/9_hires.png,2026/08/08,2026/07/01,87.32,63.91999816894531,124.48999786376953,728.0900268554688,,,,,"{""unlimitedHolofoil"": {""low"": 32.45, ""mid"": 39.45, ""high"": 99.99, ""market"": 42.22, ""directLow"": 34.98}}",37.2234,6.921,38.7461,0.0,56.52149963378906,37.0043,37.3503,10.9582,24.4311,22.3202,1.1535,2026-08-09
sm10-2,Caterpie,normal,Unbroken Bonds,2,Common,Shibuzoh.,Basic,10,Pokémon,2019/05/03,"tcgplayer,cardmarket",https://prices.pokemontcg.io/tcgplayer/sm10-2,https://images.pokemontcg.io/sm10/2_hires.png,2026/08/08,2026/07/01,0.3,0.05000000074505806,0.3100000023841858,19.979999542236328,,0.47,,,,0.173,0.0231,0.2538,0.4499,0.4499000012874603,0.2422,0.1615,0.4614,0.4499,0.5883,1.1535,2026-08-09
sm3-9,Ledyba,normal,Burning Shadows,9,Common,Ayaka Yoshida,Basic,165,Pokémon,2017/08/05,"tcgplayer,cardmarket",https://prices.pokemontcg.io/tcgplayer/sm3-9,https://images.pokemontcg.io/sm3/9_hires.png,2026/08/08,2026/07/01,0.2,0.019999999552965164,0.20000000298023224,19.979999542236328,,0.38,,,,0.0923,0.0231,0.0692,0.2768,0.05770000070333481,0.0807,0.0692,0.2307,0.2538,0.2653,1.1535,2026-08-09
hsp-HGSS01,Ho-Oh,holofoil,HGSS Black Star Promos,HGSS01,Promo,Takashi Yamaguchi,Basic,250,Pokémon,2010/02/10,tcgplayer,https://prices.pokemontcg.io/tcgplayer/hsp-HGSS01,https://images.pokemontcg.io/hsp/HGSS01_hires.png,2026/08/08,,47.03,73.98999786376953,329.75,509.70001220703125,,,,,,,,,,,,,,,,,2026-08-09
dc1-1,Team Magma's Numel,normal,Double Crisis,1,Common,Akira Komayama,Basic,322,Pokémon,2015/03/25,"tcgplayer,cardmarket",https://prices.pokemontcg.io/tcgplayer/dc1-1,https://images.pokemontcg.io/dc1/1_hires.png,2026/08/08,2026/07/01,1.41,0.949999988079071,1.3700000047683716,19.979999542236328,,7.12,,,,4.0949,0.346,4.5909,16.0337,3.691200017929077,4.8216,4.0026,11.3043,15.4338,11.8926,1.1535,2026-08-09
sm7-4,Scyther,normal,Celestial Storm,4,Uncommon,Hajime Kusajima,Basic,123,Pokémon,2018/08/03,"tcgplayer,cardmarket",https://prices.pokemontcg.io/tcgplayer/sm7-4,https://images.pokemontcg.io/sm7/4_hires.png,2026/08/08,2026/07/01,0.44,0.20000000298023224,0.46000000834465027,19.979999542236328,,1.98,,,,0.6806,0.0577,0.5421,1.661,0.5536999702453613,0.646,0.5075,4.0373,1.1189,0.992,1.1535,2026-08-09
sm4-1,Weedle,normal,Crimson Invasion,1,Common,Yukiko Baba,Basic,13,Pokémon,2017/11/03,"tcgplayer,cardmarket",https://prices.pokemontcg.io/tcgplayer/sm4-1,https://images.pokemontcg.io/sm4/1_hires.png,2026/08/08,2026/07/01,0.23,0.019999999552965164,0.2199999988079071,19.979999542236328,,0.41,,,,0.1038,0.0231,0.0577,0.4037,0.03460000082850456,0.1038,0.0923,0.2307,0.3807,0.3345,1.1535,2026-08-09
sm12-9,Heracross,normal,Cosmic Eclipse,9,Uncommon,Satoshi Shirai,Basic,214,Pokémon,2019/11/01,"tcgplayer,cardmarket",https://prices.pokemontcg.io/tcgplayer/sm12-9,https://images.pokemontcg.io/sm12/9_hires.png,2026/08/08,2026/06/27,0.25,0.05999999865889549,0.25,19.979999542236328,,0.64,,,,0.15,0.0231,0.1154,1.0151,0.05770000070333481,0.1038,0.1384,2.307,0.8997,0.819,1.1535,2026-08-09
base6-9,Dark Vaporeon,holofoil,Legendary Collection,9,Rare Holo,Mitsuhiro Arita,Stage 1,134,Pokémon,2002/05/24,"tcgplayer,cardmarket",https://prices.pokemontcg.io/tcgplayer/base6-9,https://images.pokemontcg.io/base6/9_hires.png,2026/08/08,2026/07/01,134.96,91.94999694824219,183.69000244140625,1873.800048828125,,337.5,,,,30.8677,11.5119,60.7433,137.601,23.06999969482422,49.0814,48.9776,219.0497,158.9408,147.3366,1.1535,2026-08-09
si1-12,Lapras,normal,Southern Islands,12,,Naoyo Kimura,Basic,131,Pokémon,2001/07/31,"tcgplayer,cardmarket",https://prices.pokemontcg.io/tcgplayer/si1-12,https://images.pokemontcg.io/si1/12_hires.png,2026/08/08,2026/07/01,65.06,58.97999954223633,100.0,487.79998779296875,,,,,,82.902,49.5659,82.6598,0.0,50.75400161743164,85.6474,76.9154,0.0,0.0,0.0,1.1535,2026-08-09
base4-10,Mewtwo,holofoil,Base Set 2,10,Rare Holo,Ken Sugimori,Basic,150,Pokémon,2000/02/24,"tcgplayer,cardmarket",https://prices.pokemontcg.io/tcgplayer/base4-10,https://images.pokemontcg.io/base4/10_hires.png,2026/08/08,2026/07/01,64.22,65.44000244140625,73.33000183105469,681.0,,,,,,32.3672,11.5235,28.9182,0.0,80.7219009399414,36.1738,40.4648,17.3025,26.5305,23.7506,1.1535,2026-08-09
pop4-9,Pokémon Fan Club,normal,POP Series 4,9,Uncommon,Ken Sugimori,Supporter,,Trainer,2006/08/01,"tcgplayer,cardmarket",https://prices.pokemontcg.io/tcgplayer/pop4-9,https://images.pokemontcg.io/pop4/9_hires.png,2026/08/08,2026/07/01,120.0,349.95001220703125,399.4700012207031,450.0,,,,,,201.8625,114.1965,142.2266,0.0,173.02499389648438,171.8715,81.4832,0.0,0.0,0.0,1.1535,2026-08-09
ex14-7,Luvdisc,holofoil,Crystal Guardians,7,Rare Holo,Kyoko Umemoto,Basic,370,Pokémon,2006/08/01,"tcgplayer,cardmarket",https://prices.pokemontcg.io/tcgplayer/ex14-7,https://images.pokemontcg.io/ex14/7_hires.png,2026/08/08,2026/07/01,15.42,9.0,15.390000343322754,235.0,,21.77,,,,5.2946,2.1801,5.7906,7.6823,8.524399757385254,5.0754,6.5403,5.756,9.724,10.0931,1.1535,2026-08-09
ex8-10,Ludicolo,normal,Deoxys,10,Rare Holo,Atsuko Nishida,Stage 2,272,Pokémon,2005/02/01,"tcgplayer,cardmarket",https://prices.pokemontcg.io/tcgplayer/ex8-10,https://images.pokemontcg.io/ex8/10_hires.png,2026/08/08,2026/07/01,8.48,20.0,25.079999923706055,25.989999771118164,24.97,42.17,,,,9.8048,2.307,10.0008,23.0123,7.497700214385986,10.4622,8.8935,4.6025,35.8623,17.2218,1.1535,2026-08-09
ex3-9,Roselia,holofoil,Dragon,9,Rare Holo,Atsuko Nishida,Basic,315,Pokémon,2003/11/24,"tcgplayer,cardmarket",https://prices.pokemontcg.io/tcgplayer/ex3-9,https://images.pokemontcg.io/ex3/9_hires.png,2026/08/08,2026/07/01,13.46,10.289999961853027,49.119998931884766,113.45999908447266,,14.99,,,,6.0443,0.5767,5.929,7.1171,6.344200134277344,5.0177,5.7444,2.4224,7.3824,4.4986,1.1535,2026-08-09
ex6-5,Exeggutor,normal,FireRed & LeafGreen,5,Rare Holo,Tomokazu Komiya,Stage 1,103,Pokémon,2004/09/01,"tcgplayer,cardmarket",https://prices.pokemontcg.io/tcgplayer/ex6-5,https://images.pokemontcg.io/ex6/5_hires.png,2026/08/08,2026/07/01,24.58,49.9900016784668,70.0,135.0,54.11,54.65,,,,21.755,4.6025,20.267,17.3025,11.419699668884277,20.1632,16.5527,17.3025,9.3895,14.5572,1.1535,2026-08-09
xy6-6,Cascoon,normal,Roaring Skies,6,Common,MAHOU,Stage 1,268,Pokémon,2015/05/06,"tcgplayer,cardmarket",https://prices.pokemontcg.io/tcgplayer/xy6-6,https://images.pokemontcg.io/xy6/6_hires.png,2026/08/08,2026/07/01,0.14,0.009999999776482582,0.20000000298023224,19.979999542236328,,0.29,,,,0.0923,0.0231,0.0807,0.5306,0.1615000069141388,0.0923,0.1038,0.8421,0.5767,0.5306,1.1535,2026-08-09
sm6-3,Snover,normal,Forbidden Light,3,Common,match,Basic,459,Pokémon,2018/05/04,"tcgplayer,cardmarket",https://prices.pokemontcg.io/tcgplayer/sm6-3,https://images.pokemontcg.io/sm6/3_hires.png,2026/08/08,2026/07/01,0.14,0.029999999329447746,0.20000000298023224,19.979999542236328,,0.29,,,,0.0807,0.0231,0.15,0.2422,0.03460000082850456,0.1154,0.0807,0.346,0.2422,0.3114,1.1535,2026-08-09
swsh2-4,Scyther,normal,Rebel Clash,4,Common,KEIICHIRO ITO,Basic,123,Pokémon,2020/05/01,"tcgplayer,cardmarket",https://prices.pokemontcg.io/tcgplayer/swsh2-4,https://images.pokemontcg.io/swsh2/4_hires.png,2026/08/08,2026/07/01,0.24,0.019999999552965164,0.23999999463558197,19.520000457763672,,0.4,,,,0.0923,0.0231,0.0577,0.346,0.023099999874830246,0.0692,0.0692,0.346,0.3807,0.323,1.1535,2026-08-09
pop8-3,Luxray,normal,POP Series 8,3,Rare,Ken Sugimori,Stage 2,405,Pokémon,2008/09/01,"tcgplayer,cardmarket",https://prices.pokemontcg.io/tcgplayer/pop8-3,https://images.pokemontcg.io/pop8/3_hires.png,2026/08/08,2026/07/01,18.1,18.8700008392334,36.869998931884766,157.0,34.94,,,,,11.9387,0.346,7.3593,0.0,8.651200294494629,10.9006,6.9441,2.7684,6.3096,2.7453,1.1535,2026-08-09
dpp-DP10,Infernape LV.X,holofoil,DP Black Star Promos,DP10,Promo,Shizurow,Level-Up,392,Pokémon,2007/05/01,tcgplayer,https://prices.pokemontcg.io/tcgplayer/dpp-DP10,https://images.pokemontcg.io/dpp/DP10_hires.png,2026/08/08,,94.61,57.06999969482422,60.9900016784668,1200.0,,,,,,,,,,,,,,,,,2026-08-09
sm1-9,Rowlet,normal,Sun & Moon,9,Common,Megumi Mizutani,Basic,722,Pokémon,2017/02/03,"tcgplayer,cardmarket",https://prices.pokemontcg.io/tcgplayer/sm1-9,https://images.pokemontcg.io/sm1/9_hires.png,2026/08/08,2026/07/01,0.07,0.019999999552965164,0.20000000298023224,19.420000076293945,,0.52,,,,0.0,0.0,0.2422,0.0,0.25380000472068787,0.2653,0.2653,0.0346,0.0346,0.0346,1.1535,2026-08-09
xy5-11,Lombre,normal,Primal Clash,11,Uncommon,Naoyo Kimura,Stage 1,271,Pokémon,2015/02/04,"tcgplayer,cardmarket",https://prices.pokemontcg.io/tcgplayer/xy5-11,https://images.pokemontcg.io/xy5/11_hires.png,2026/08/08,2026/07/01,0.19,0.029999999329447746,0.20999999344348907,19.979999542236328,,0.57,,,,0.2999,0.0231,0.1846,0.6229,0.3345000147819519,0.1961,0.2884,2.653,0.9113,0.5537,1.1535,2026-08-09
bw11-11,Swadloon,normal,Legendary Treasures,11,Uncommon,sui,Stage 1,541,Pokémon,2013/11/06,"tcgplayer,cardmarket",https://prices.pokemontcg.io/tcgplayer/bw11-11,https://images.pokemontcg.io/bw11/11_hires.png,2026/08/08,2026/07/01,1.11,0.3199999928474426,1.0,19.780000686645508,,5.3,,,,1.3611,0.5767,1.2458,0.0,0.5651999711990356,1.2227,0.7844,10.37,10.2315,4.764,1.1535,2026-08-09
bw5-8,Crustle,normal,Dark Explorers,8,Uncommon,Ryo Ueda,Stage 1,558,Pokémon,2012/05/09,"tcgplayer,cardmarket",https://prices.pokemontcg.io/tcgplayer/bw5-8,https://images.pokemontcg.io/bw5/8_hires.png,2026/08/08,2026/07/01,0.33,0.15000000596046448,0.3700000047683716,19.979999542236328,,1.0,,,,0.323,0.0231,0.3922,1.0035,0.4499000012874603,0.323,0.2884,0.6229,1.1881,1.1535,1.1535,2026-08-09
hgss2-8,Shaymin,holofoil,HS—Unleashed,8,Rare Holo,Hideaki Hakozaki,Basic,492,Pokémon,2010/05/12,"tcgplayer,cardmarket",https://prices.pokemontcg.io/tcgplayer/hgss2-8,https://images.pokemontcg.io/hgss2/8_hires.png,2026/08/08,2026/07/01,15.12,8.369999885559082,16.700000762939453,179.89999389648438,,16.66,,,,5.3061,0.2307,5.2369,2.8607,3.4719998836517334,6.102,5.0062,3.4836,3.8412,3.9334,1.1535,2026-08-09
ru1-10,Mew,normal,Pokémon Rumble,10,,Pokemon Rumble,Basic,151,Pokémon,2009/12/02,"tcgplayer,cardmarket",https://prices.pokemontcg.io/tcgplayer/ru1-10,https://images.pokemontcg.io/ru1/10_hires.png,2026/08/08,2026/07/01,367.1,799.989990234375,800.0,800.0,,,,,,189.1625,115.35,183.8564,0.0,221.07980346679688,195.0568,178.2042,8.6512,9.5048,9.5048,1.1535,2026-08-09
dp1-9,Manaphy,holofoil,Diamond & Pearl,9,Rare Holo,Nakaoka,Basic,490,Pokémon,2007/05/01,"tcgplayer,cardmarket",https://prices.pokemontcg.io/tcgplayer/dp1-9,https://images.pokemontcg.io/dp1/9_hires.png,2026/08/08,2026/07/01,17.9,6.0,10.0,187.39999389648438,,3.47,,,,3.0452,0.4614,3.8642,2.157,4.613999843597412,4.6832,3.3682,2.7684,2.2839,2.4916,1.1535,2026-08-09
gym1-9,Misty's Seadra,1stEditionHolofoil,Gym Heroes,9,Rare Holo,Atsuko Nishida,Stage 1,117,Pokémon,2000/08/14,"tcgplayer,cardmarket",https://prices.pokemontcg.io/tcgplayer/gym1-9,https://images.pokemontcg.io/gym1/9_hires.png,2026/08/08,2026/07/01,137.61,77.62000274658203,137.61000061035156,1787.6400146484375,,,,,"{""unlimitedHolofoil"": {""low"": 19.69, ""mid"": 30.99, ""high"": 4318.77, ""market"": 35.52, ""directLow"": 26.99}}",36.8082,5.7675,39.9226,0.0,51.907501220703125,32.4941,39.8419,9.6087,11.4312,15.8376,1.1535,2026-08-09
dv1-12,Axew,holofoil,Dragon Vault,12,Rare Holo,Mizue,Basic,610,Pokémon,2012/10/05,"tcgplayer,cardmarket",https://prices.pokemontcg.io/tcgplayer/dv1-12,https://images.pokemontcg.io/dv1/12_hires.png,2026/08/08,2026/07/01,2.1,0.7799999713897705,1.5,19.979999542236328,,,,,,1.5688,0.1154,1.9956,0.0,3.114500045776367,1.6034,1.8571,2.307,1.6956,1.3727,1.1535,2026-08-09
xy8-6,Simisage,normal,BREAKthrough,6,Rare,Kagemaru Himeno,Stage 1,512,Pokémon,2015/11/04,"tcgplayer,cardmarket",https://prices.pokemontcg.io/tcgplayer/xy8-6,https://images.pokemontcg.io/xy8/6_hires.png,2026/08/08,2026/07/01,0.23,0.07999999821186066,0.25,19.979999542236328,,0.56,,,,0.4499,0.0346,0.4268,2.307,0.57669997215271,0.4614,0.4153,0.5191,1.2458,1.2804,1.1535,2026-08-09
xy11-12,Foongus,normal,Steam Siege,12,Common,Yuka Morii,Basic,590,Pokémon,2016/08/03,"tcgplayer,cardmarket",https://prices.pokemontcg.io/tcgplayer/xy11-12,https://images.pokemontcg.io/xy11/12_hires.png,2026/08/08,2026/07/01,0.41,0.05000000074505806,0.4000000059604645,20.0,,0.81,,,,0.15,0.0231,0.1846,0.5191,0.18459999561309814,0.173,0.1846,0.4614,0.5421,0.496,1.1535,2026-08-09
xy7-11,Vespiquen,normal,Ancient Origins,11,Rare,Ayaka Yoshida,Stage 1,416,Pokémon,2015/08/12,"tcgplayer,cardmarket",https://prices.pokemontcg.io/tcgplayer/xy7-11,https://images.pokemontcg.io/xy7/11_hires.png,2026/08/08,2026/07/01,0.66,0.1899999976158142,0.5099999904632568,19.979999542236328,,1.81,,,,1.0035,0.1154,1.2573,4.3833,0.8651000261306763,1.2804,0.9574,6.2289,3.7835,2.9876,1.1535,2026-08-09
sm9-11,Charmander,normal,Team Up,11,Common,Naoyo Kimura,Basic,4,Pokémon,2019/02/01,"tcgplayer,cardmarket",https://prices.pokemontcg.io/tcgplayer/sm9-11,https://images.pokemontcg.io/sm9/11_hires.png,2026/08/08,2026/07/01,0.53,0.20000000298023224,0.550000011920929,17.899999618530273,,3.63,,,,0.5998,0.0231,0.7498,3.3682,0.7728000283241272,0.7498,0.6114,3.4028,2.7799,3.299,1.1535,2026-08-09
xy10-9,Moltres,normal,Fates Collide,9,Rare,OOYAMA,Basic,146,Pokémon,2016/05/02,"tcgplayer,cardmarket",https://prices.pokemontcg.io/tcgplayer/xy10-9,https://images.pokemontcg.io/xy10/9_hires.png,2026/08/08,2026/07/01,1.95,0.6299999952316284,1.2699999809265137,19.610000610351562,,9.92,,,,1.4303,0.1154,1.7187,4.5102,5.467599868774414,1.3265,1.3611,5.7675,6.3558,5.1331,1.1535,2026-08-09
ex12-12,Shiftry,holofoil,Legend Maker,12,Rare Holo,Mitsuhiro Arita,Stage 2,275,Pokémon,2006/02/01,"tcgplayer,cardmarket",https://prices.pokemontcg.io/tcgplayer/ex12-12,https://images.pokemontcg.io/ex12/12_hires.png,2026/08/08,2026/07/01,11.44,11.489999771118164,19.43000030517578,68.69999694824219,,24.99,,,,8.2591,1.4765,10.7506,21.409,9.216500282287598,9.078,8.4436,10.3815,12.9307,15.976,1.1535,2026-08-09
bw8-7,Cherrim,normal,Plasma Storm,7,Rare,Kagemaru Himeno,Stage 1,421,Pokémon,2013/02/06,"tcgplayer,cardmarket",https://prices.pokemontcg.io/tcgplayer/bw8-7,https://images.pokemontcg.io/bw8/7_hires.png,2026/08/08,2026/07/01,1.53,0.9200000166893005,1.5299999713897705,25.0,,2.93,,,,1.2112,0.2307,1.142,1.4419,0.6920999884605408,1.1881,1.2573,1.2112,1.9609,1.9725,1.1535,2026-08-09
base3-11,Magneton,1stEditionHolofoil,Fossil,11,Rare Holo,Ken Sugimori,Stage 1,82,Pokémon,1999/10/10,"tcgplayer,cardmarket",https://prices.pokemontcg.io/tcgplayer/base3-11,https://images.pokemontcg.io/base3/11_hires.png,2026/08/08,2026/07/01,48.27,39.95000076293945,74.98999786376953,433.20001220703125,,,,,"{""unlimitedHolofoil"": {""low"": 10.45, ""mid"": 16.37, ""high"": 169.52, ""market"": 19.26, ""directLow"": 26.95}}",22.1587,3.3451,19.8056,0.0,20.347700119018555,21.7319,22.1472,44.9865,19.8633,15.1916,1.1535,2026-08-09
pl1-13,Rampardos,holofoil,Platinum,13,Rare Holo,Masakazu Fukuda,Stage 2,409,Pokémon,2009/02/11,"tcgplayer,cardmarket",https://prices.pokemontcg.io/tcgplayer/pl1-13,https://images.pokemontcg.io/pl1/13_hires.png,2026/08/08,2026/06/30,21.1,9.989999771118164,26.850000381469727,174.44000244140625,,11.02,,,,4.0488,0.0346,4.6601,4.1411,6.9095001220703125,4.4525,3.7489,5.756,5.6752,3.7719,1.1535,2026-08-09
pl3-9,Regigigas FB,holofoil,Supreme Victors,9,Rare Holo,Shin Nagasawa,Basic|SP,486,Pokémon,2009/08/19,"tcgplayer,cardmarket",https://prices.pokemontcg.io/tcgplayer/pl3-9,https://images.pokemontcg.io/pl3/9_hires.png,2026/08/08,2026/07/01,10.33,7.710000038146973,17.84000015258789,25.0,,5.26,,,,6.3327,0.5652,6.3904,2.6069,1.038100004196167,6.6096,5.6868,3.2183,2.8953,3.795,1.1535,2026-08-09
pop2-5,Tauros,normal,POP Series 2,5,Rare,Kouki Saitou,Basic,128,Pokémon,2005/08/01,"tcgplayer,cardmarket",https://prices.pokemontcg.io/tcgplayer/pop2-5,https://images.pokemontcg.io/pop2/5_hires.png,2026/08/08,2026/07/01,4.3,1.3799999952316284,4.599999904632568,52.79999923706055,4.47,,,,,10.2315,4.0373,16.472,0.0,7.359300136566162,5.1907,8.2591,7.7284,10.2085,8.0053,1.1535,2026-08-09
sm11-4,Celebi,holofoil,Unified Minds,4,Rare Holo,Megumi Mizutani,Basic,251,Pokémon,2019/08/02,"tcgplayer,cardmarket",https://prices.pokemontcg.io/tcgplayer/sm11-4,https://images.pokemontcg.io/sm11/4_hires.png,2026/08/08,2026/07/01,3.1,2.0,3.9200000762939453,99.98999786376953,,2.89,,,,2.9876,0.5767,3.126,3.2298,4.037300109863281,3.2067,2.9876,2.3531,3.3567,2.9645,1.1535,2026-08-09
hgss3-5,Houndoom,holofoil,HS—Undaunted,5,Rare Holo,Kagemaru Himeno,Stage 1,229,Pokémon,2010/08/18,"tcgplayer,cardmarket",https://prices.pokemontcg.io/tcgplayer/hgss3-5,https://images.pokemontcg.io/hgss3/5_hires.png,2026/08/08,2026/07/01,17.37,22.0,30.040000915527344,2080.330078125,,28.5,,,,10.1393,2.307,12.3771,0.0,6.86329984664917,10.1623,9.2626,0.8651,0.7267,0.8997,1.1535,2026-08-09
hgss4-11,Venomoth,holofoil,HS—Triumphant,11,Rare Holo,Hideaki Hakozaki,Stage 1,49,Pokémon,2010/11/03,"tcgplayer,cardmarket",https://prices.pokemontcg.io/tcgplayer/hgss4-11,https://images.pokemontcg.io/hgss4/11_hires.png,2026/08/08,2026/07/01,4.37,2.6700000762939453,5.0,48.099998474121094,,5.81,,,,2.9299,0.1615,2.7915,2.5608,1.153499960899353,3.2759,2.6184,2.307,2.5377,2.7453,1.1535,2026-08-09
ex7-10,Dark Steelix,normal,Team Rocket Returns,10,Rare Holo,Kyoko Koizumi,Stage 1,208,Pokémon,2004/11/01,"tcgplayer,cardmarket",https://prices.pokemontcg.io/tcgplayer/ex7-10,https://images.pokemontcg.io/ex7/10_hires.png,2026/08/08,2026/07/01,,60.0,60.0,60.0,113.33,139.89,,,,20.0017,6.8056,12.5385,85.3475,96.89399719238281,28.5607,50.8693,46.1285,72.659,55.4949,1.1535,2026-08-09
pop1-10,Torkoal,normal,POP Series 1,10,Uncommon,Ken Sugimori,Basic,324,Pokémon,2004/09/01,"tcgplayer,cardmarket",https://prices.pokemontcg.io/tcgplayer/pop1-10,https://images.pokemontcg.io/pop1/10_hires.png,2026/08/08,2026/07/01,11.46,9.520000457763672,17.049999237060547,103.0,,,,,,7.7284,2.2493,7.3247,0.0,5.0177001953125,6.5173,5.606,0.0,0.0,0.0,1.1535,2026-08-09
sm2-9,Golisopod,holofoil,Guardians Rising,9,Rare Holo,Kouki Saitou,Stage 1,768,Pokémon,2017/05/05,"tcgplayer,cardmarket",https://prices.pokemontcg.io/tcgplayer/sm2-9,https://images.pokemontcg.io/sm2/9_hires.png,2026/08/08,2026/07/01,0.45,0.14000000059604645,0.4399999976158142,17.100000381469727,,0.49,,,,0.7036,0.0231,0.6806,0.819,0.28839999437332153,0.7498,0.5537,0.5652,0.8882,0.5652,1.1535,2026-08-09
pop5-6,Bill's Maintenance,normal,POP Series 5,6,Uncommon,Ken Sugimori,Supporter,,Trainer,2007/03/01,"tcgplayer,cardmarket",https://prices.pokemontcg.io/tcgplayer/pop5-6,https://images.pokemontcg.io/pop5/6_hires.png,2026/08/08,2026/07/01,17.95,6.0,15.0,209.0,,,,,,2.2263,1.7187,3.6105,0.0,2.6414999961853027,4.3026,3.0452,0.0,0.0,0.0,1.1535,2026-08-09
ex5-4,Dark Celebi,holofoil,Hidden Legends,4,Rare Holo,Ken Ikuji,Basic,251,Pokémon,2004/06/01,"tcgplayer,cardmarket",https://prices.pokemontcg.io/tcgplayer/ex5-4,https://images.pokemontcg.io/ex5/4_hires.png,2026/08/08,2026/07/01,69.82,50.0,79.98999786376953,412.42999267578125,,71.34,,,,21.3513,2.307,24.9041,21.5358,23.012300491333008,13.5306,24.6849,57.6635,24.8002,31.0753,1.1535,2026-08-09
hgss1-12,Slowking,holofoil,HeartGold & SoulSilver,12,Rare Holo,Sumiyoshi Kizuki,Stage 1,199,Pokémon,2010/02/10,"tcgplayer,cardmarket",https://prices.pokemontcg.io/tcgplayer/hgss1-12,https://images.pokemontcg.io/hgss1/12_hires.png,2026/08/08,2026/07/01,32.74,39.689998626708984,67.98999786376953,329.0,,19.2,,,,5.2369,1.1535,5.0293,6.0905,4.037300109863281,5.5945,5.8482,4.0257,5.8713,4.4986,1.1535,2026-08-09
dp3-12,Lickilicky,holofoil,Secret Wonders,12,Rare Holo,Kazuyuki Kano,Stage 1,463,Pokémon,2007/11/01,"tcgplayer,cardmarket",https://prices.pokemontcg.io/tcgplayer/dp3-12,https://images.pokemontcg.io/dp3/12_hires.png,2026/08/08,2026/07/01,16.37,16.3700008392334,19.989999771118164,131.3800048828125,,9.67,,,,3.6681,0.2192,4.3833,2.5492,2.2955000400543213,4.441,3.4605,6.4596,2.9414,2.3416,1.1535,2026-08-09
dp4-8,Sceptile,holofoil,Great Encounters,8,Rare Holo,Masakazu Fukuda,Stage 2,254,Pokémon,2008/02/01,"tcgplayer,cardmarket",https://prices.pokemontcg.io/tcgplayer/dp4-8,https://images.pokemontcg.io/dp4/8_hires.png,2026/08/08,2026/07/01,20.88,25.0,30.0,139.97999572753906,,2.97,,,,5.2715,0.9228,4.1987,8.8589,3.172100067138672,6.425,6.3442,1.6149,7.2555,6.2635,1.1535,2026-08-09
ex4-11,Team Magma's Rhydon,holofoil,Team Magma vs Team Aqua,11,Rare Holo,T. Honda,Stage 1,112,Pokémon,2004/03/01,"tcgplayer,cardmarket",https://prices.pokemontcg.io/tcgplayer/ex4-11,https://images.pokemontcg.io/ex4/11_hires.png,2026/08/08,2026/07/01,33.71,24.1200008392334,33.619998931884766,399.8999938964844,,36.64,,,,16.1144,2.307,14.4649,6.921,5.732900142669678,16.1144,12.3655,6.921,9.5394,10.1047,1.1535,2026-08-09
col1-10,Houndoom,holofoil,Call of Legends,10,Rare Holo,Kagemaru Himeno,Stage 1,229,Pokémon,2011/02/09,"tcgplayer,cardmarket",https://prices.pokemontcg.io/tcgplayer/col1-10,https://images.pokemontcg.io/col1/10_hires.png,2026/08/08,2026/07/01,23.76,22.239999771118164,31.43000030517578,260.0,,31.65,,,,12.1233,0.2307,10.6353,14.2573,9.804800033569336,10.543,9.2972,17.1871,13.4959,12.1694,1.1535,2026-08-09
ecard3-H5,Crobat,,Skyridge,H5,Rare Holo,Kimiya Masago,Stage 2,169,Pokémon,2003/05/12,cardmarket,https://prices.pokemontcg.io/cardmarket/ecard3-H5,https://images.pokemontcg.io/ecard3/H5_hires.png,,2026/07/01,,,,,,,,,,74.8968,35.5624,126.066,0.0,80.7334976196289,107.2409,180.5458,26.519,36.4852,31.4098,1.1535,2026-08-09
pop7-11,Burmy Plant Cloak,normal,POP Series 7,11,Common,Kouki Saitou,Basic,412,Pokémon,2008/03/01,"tcgplayer,cardmarket",https://prices.pokemontcg.io/tcgplayer/pop7-11,https://images.pokemontcg.io/pop7/11_hires.png,2026/08/08,2026/07/01,2.21,0.5899999737739563,1.0,19.979999542236328,,,,,,0.8767,0.4037,0.9805,0.0,1.7187000513076782,0.9343,0.992,0.0,0.0,0.0,1.1535,2026-08-09
sm75-9,Darmanitan,normal,Dragon Majesty,9,Uncommon,Masakazu Fukuda,Stage 1,555,Pokémon,2018/09/07,"tcgplayer,cardmarket",https://prices.pokemontcg.io/tcgplayer/sm75-9,https://images.pokemontcg.io/sm75/9_hires.png,2026/08/08,2026/07/01,0.23,0.05000000074505806,0.27000001072883606,1.690000057220459,,0.56,,,,0.323,0.0577,0.2999,0.8074,0.8073999881744385,0.3576,0.346,0.4614,0.7728,0.9574,1.1535,2026-08-09
neo4-11,Dark Tyranitar,1stEditionHolofoil,Neo Destiny,11,Rare Holo,Shin-ichi Yoshida,Stage 2,248,Pokémon,2002/02/28,"tcgplayer,cardmarket",https://prices.pokemontcg.io/tcgplayer/neo4-11,https://images.pokemontcg.io/neo4/11_hires.png,2026/08/08,2026/07/01,200.0,470.0,470.0,470.0,,,,,"{""unlimitedHolofoil"": {""low"": 290.0, ""mid"": 300.0, ""high"": 9999.0, ""market"": 285.29, ""directLow"": null}}",92.626,22.9546,153.3117,0.0,161.4322967529297,117.6455,145.9985,11.535,118.1299,71.9438,1.1535,2026-08-09
ex11-12,Mewtwo δ,holofoil,Delta Species,12,Rare Holo,Ryo Ueda,Basic,150,Pokémon,2005/10/31,"tcgplayer,cardmarket",https://prices.pokemontcg.io/tcgplayer/ex11-12,https://images.pokemontcg.io/ex11/12_hires.png,2026/08/08,2026/07/01,424.34,500.0,737.5,975.0,,100.0,,,,82.4753,13.842,77.1576,209.5333,28.81439971923828,84.7015,112.1663,1124.6625,340.271,227.6894,1.1535,2026-08-09
pop6-9,Pikachu,normal,POP Series 6,9,Uncommon,Kagemaru Himeno,Basic,25,Pokémon,2007/09/01,"tcgplayer,cardmarket",https://prices.pokemontcg.io/tcgplayer/pop6-9,https://images.pokemontcg.io/pop6/9_hires.png,2026/08/08,2026/07/01,95.12,139.99000549316406,750.0,1399.9000244140625,135.0,,,,,84.1248,28.8375,49.9004,0.0,17.302499771118164,69.1523,49.7159,0.0,0.0,0.0,1.1535,2026-08-09
ex10-9,Meganium,holofoil,Unseen Forces,9,Rare Holo,Atsuko Nishida,Stage 2,154,Pokémon,2005/08/01,"tcgplayer,cardmarket",https://prices.pokemontcg.io/tcgplayer/ex10-9,https://images.pokemontcg.io/ex10/9_hires.png,2026/08/08,2026/07/01,31.83,29.989999771118164,49.9900016784668,346.70001220703125,,34.99,,,,3.4605,0.2307,3.5412,15.1685,9.227999687194824,3.8296,4.6832,2.1916,15.976,23.1969,1.1535,2026-08-09
swsh35-11,Carvanha,normal,Champion's Path,11,Common,Shigenori Negishi,Basic,318,Pokémon,2020/09/25,"tcgplayer,cardmarket",https://prices.pokemontcg.io/tcgplayer/swsh35-11,https://images.pokemontcg.io/swsh35/11_hires.png,2026/08/08,2026/07/01,0.14,0.009999999776482582,0.15000000596046448,19.979999542236328,,0.23,,,,0.0461,0.0231,0.0461,0.2192,0.023099999874830246,0.0346,0.0346,0.173,0.2422,0.2653,1.1535,2026-08-09
smp-SM03,Popplio,holofoil,SM Black Star Promos,SM03,Promo,match,Basic,728,Pokémon,2017/02/03,"tcgplayer,cardmarket",https://prices.pokemontcg.io/tcgplayer/smp-SM03,https://images.pokemontcg.io/smp/SM03_hires.png,2026/08/08,2026/07/01,2.08,0.6200000047683716,1.5299999713897705,997.760009765625,,,,,,4.0026,0.8651,4.8216,0.0,4.8907999992370605,4.1872,4.2103,1.7302,3.7143,2.4916,1.1535,2026-08-09
xy0-3,Chespin,normal,Kalos Starter Set,3,,5ban Graphics,Basic,650,Pokémon,2013/11/08,"tcgplayer,cardmarket",https://prices.pokemontcg.io/tcgplayer/xy0-3,https://images.pokemontcg.io/xy0/3_hires.png,2026/08/08,2026/07/01,0.48,0.23999999463558197,0.4300000071525574,5.0,1.03,,,,,0.5883,0.0231,0.6806,0.2307,2.0185999870300293,0.496,0.7152,0.2307,0.7498,0.7498,1.1535,2026-08-09
bw6-10,Nincada,normal,Dragons Exalted,10,Common,MAHOU,Basic,290,Pokémon,2012/08/15,"tcgplayer,cardmarket",https://prices.pokemontcg.io/tcgplayer/bw6-10,https://images.pokemontcg.io/bw6/10_hires.png,2026/08/08,2026/07/01,0.29,0.1899999976158142,0.3499999940395355,19.979999542236328,,1.13,,,,0.173,0.0231,0.2653,0.346,0.46140000224113464,0.1961,0.2192,0.346,0.8074,0.5998,1.1535,2026-08-09
sm8-8,Meganium,holofoil,Lost Thunder,8,Rare Holo,nagimiso,Stage 2,154,Pokémon,2018/11/02,"tcgplayer,cardmarket",https://prices.pokemontcg.io/tcgplayer/sm8-8,https://images.pokemontcg.io/sm8/8_hires.png,2026/08/08,2026/07/01,5.61,3.559999942779541,5.610000133514404,9.180000305175781,,6.01,,,,3.449,2.307,6.275,5.6406,6.921000003814697,6.9787,5.4445,3.4605,5.6522,6.8518,1.1535,2026-08-09
det1-12,Mewtwo,holofoil,Detective Pikachu,12,Rare Ultra,MPC Film,Basic,150,Pokémon,2019/04/05,"tcgplayer,cardmarket",https://prices.pokemontcg.io/tcgplayer/det1-12,https://images.pokemontcg.io/det1/12_hires.png,2026/08/08,2026/07/01,9.34,4.96999979019165,8.949999809265137,955.3499755859375,,,,,,10.3815,1.7302,11.7772,0.0,7.29010009765625,12.3309,10.4968,7.6477,11.5004,11.3735,1.1535,2026-08-09
gym2-11,Lt. Surge's Raichu,1stEditionHolofoil,Gym Challenge,11,Rare Holo,Ken Sugimori,Stage 1,26,Pokémon,2000/10/16,"tcgplayer,cardmarket",https://prices.pokemontcg.io/tcgplayer/gym2-11,https://images.pokemontcg.io/gym2/11_hires.png,2026/08/08,2026/07/01,129.79,199.99000549316406,300.0,10003.98046875,,,,,"{""unlimitedHolofoil"": {""low"": 65.0, ""mid"": 84.97, ""high"": 788.08, ""market"": 78.64, ""directLow"": 432.53}}",66.0725,17.3025,67.3529,0.0,28.837499618530273,70.5827,79.6607,18.456,24.2696,26.023,1.1535,2026-08-09
sm5-10,Cherubi,normal,Ultra Prism,10,Common,Asako Ito,Basic,420,Pokémon,2018/02/02,"tcgplayer,cardmarket",https://prices.pokemontcg.io/tcgplayer/sm5-10,https://images.pokemontcg.io/sm5/10_hires.png,2026/08/08,2026/06/28,2.88,1.75,3.1700000762939453,19.979999542236328,,14.05,,,,0.2076,0.0231,0.15,0.5421,0.023099999874830246,0.1846,0.2076,0.4614,0.496,0.646,1.1535,2026-08-09
swshp-SWSH001,Grookey,holofoil,SWSH Black Star Promos,SWSH001,Promo,kirisAki,Basic,810,Pokémon,2019/11/15,"tcgplayer,cardmarket",https://prices.pokemontcg.io/tcgplayer/swshp-SWSH001,https://images.pokemontcg.io/swshp/SWSH001_hires.png,2026/08/08,2026/07/01,2.57,2.0,2.569999933242798,34.20000076293945,,,,,,2.9184,1.1535,4.4064,0.0,2.7569000720977783,3.0337,3.7604,5.756,4.9024,4.5333,1.1535,2026-08-09
g1-1,Venusaur-EX,holofoil,Generations,1,Rare Holo EX,Eske Yoshinob,Basic|EX,3,Pokémon,2016/02/22,"tcgplayer,cardmarket",https://prices.pokemontcg.io/tcgplayer/g1-1,https://images.pokemontcg.io/g1/1_hires.png,2026/08/08,2026/07/01,11.8,5.159999847412109,10.130000114440918,175.60000610351562,,,,,,7.4055,2.2955,7.3017,0.0,9.227999687194824,8.0745,7.9476,8.063,6.3673,5.8021,1.1535,2026-08-09
xy3-1,Bellsprout,normal,Furious Fists,1,Common,Kanako Eo,Basic,69,Pokémon,2014/08/13,"tcgplayer,cardmarket",https://prices.pokemontcg.io/tcgplayer/xy3-1,https://images.pokemontcg.io/xy3/1_hires.png,2026/08/08,2026/07/01,0.22,0.05999999865889549,0.25,1000.0,,0.52,,,,0.2653,0.0231,0.1615,0.6806,0.04610000178217888,0.3576,0.2999,0.5767,0.4845,0.7267,1.1535,2026-08-09
ex16-1,Aggron,holofoil,Power Keepers,1,Rare Holo,Ken Sugimori,Stage 2,306,Pokémon,2007/02/02,"tcgplayer,cardmarket",https://prices.pokemontcg.io/tcgplayer/ex16-1,https://images.pokemontcg.io/ex16/1_hires.png,2026/08/08,2026/07/01,22.15,9.979999542236328,29.969999313354492,193.69000244140625,,45.49,,,,7.4055,1.1535,7.9592,21.6166,10.369999885559082,11.6157,8.1898,9.2165,20.5092,12.4347,1.1535,2026-08-09
dp6-1,Deoxys Normal Forme,holofoil,Legends Awakened,1,Rare Holo,Kent Kanetsuna,Basic,386,Pokémon,2008/08/01,"tcgplayer,cardmarket",https://prices.pokemontcg.io/tcgplayer/dp6-1,https://images.pokemontcg.io/dp6/1_hires.png,2026/08/08,2026/07/01,43.23,34.9900016784668,47.70000076293945,509.79998779296875,,32.49,,,,7.2901,1.7302,10.393,5.7444,8.039899826049805,7.1517,7.0594,6.3327,5.4561,5.2369,1.1535,2026-08-09
bw3-1,Sewaddle,normal,Noble Victories,1,Common,Mizue,Basic,540,Pokémon,2011/11/16,"tcgplayer,cardmarket",https://prices.pokemontcg.io/tcgplayer/bw3-1,https://images.pokemontcg.io/bw3/1_hires.png,2026/08/08,2026/07/01,0.27,0.15000000596046448,0.28999999165534973,17.420000076293945,,1.01,,,,0.1961,0.0231,0.1846,1.1074,0.10379999876022339,0.1846,0.1615,1.2804,1.0728,0.8074,1.1535,2026-08-09
bw9-9,Cacnea,normal,Plasma Freeze,9,Common,Midori Harada,Basic,331,Pokémon,2013/05/08,"tcgplayer,cardmarket",https://prices.pokemontcg.io/tcgplayer/bw9-9,https://images.pokemontcg.io/bw9/9_hires.png,2026/08/08,2026/07/01,0.29,0.12999999523162842,0.28999999165534973,19.979999542236328,,0.26,,,,0.15,0.0231,0.173,1.4303,0.6229000091552734,0.1615,0.1615,1.142,1.0381,0.9343,1.1535,2026-08-09
sm115-12,Slowpoke,normal,Hidden Fates,12,Common,Misa Tsutsui,Basic,79,Pokémon,2019/08/23,"tcgplayer,cardmarket",https://prices.pokemontcg.io/tcgplayer/sm115-12,https://images.pokemontcg.io/sm115/12_hires.png,2026/08/08,2026/07/01,0.22,0.019999999552965164,0.23999999463558197,19.979999542236328,,1.41,,,,0.0923,0.0231,0.0923,0.4153,0.05770000070333481,0.0807,0.1038,0.5191,0.4153,0.4268,1.1535,2026-08-09
swsh1-10,Grookey,normal,Sword & Shield,10,Common,Naoki Saito,Basic,810,Pokémon,2020/02/07,"tcgplayer,cardmarket",https://prices.pokemontcg.io/tcgplayer/swsh1-10,https://images.pokemontcg.io/swsh1/10_hires.png,2026/08/08,2026/06/25,0.12,0.009999999776482582,0.17000000178813934,19.979999542236328,,0.29,,,,0.15,0.0231,0.4153,0.4845,0.03460000082850456,0.2538,0.1269,0.3807,0.4499,0.3691,1.1535,2026-08-09
swsh4-7,Yanmega,normal,Vivid Voltage,7,Rare,Uta,Stage 1,469,Pokémon,2020/11/13,"tcgplayer,cardmarket",https://prices.pokemontcg.io/tcgplayer/swsh4-7,https://images.pokemontcg.io/swsh4/7_hires.png,2026/08/08,2026/07/01,0.07,0.019999999552965164,0.20000000298023224,999.989990234375,,0.44,,,,0.1384,0.0231,0.1384,0.4614,0.219200000166893,0.1269,0.1846,0.2884,0.4153,0.4383,1.1535,2026-08-09
hgss4-12,Victreebel,holofoil,HS—Triumphant,12,Rare Holo,Midori Harada,Stage 2,71,Pokémon,2010/11/03,"tcgplayer,cardmarket",https://prices.pokemontcg.io/tcgplayer/hgss4-12,https://images.pokemontcg.io/hgss4/12_hires.png,2026/08/08,2026/07/01,4.08,4.079999923706055,5.980000019073486,40.119998931884766,,4.89,,,,2.3301,1.142,3.4836,3.3105,2.768399953842163,2.2032,3.1952,2.2955,3.9796,3.945,1.1535,2026-08-09
col1-11,Jirachi,holofoil,Call of Legends,11,Rare Holo,match,Basic,385,Pokémon,2011/02/09,"tcgplayer,cardmarket",https://prices.pokemontcg.io/tcgplayer/col1-11,https://images.pokemontcg.io/col1/11_hires.png,2026/08/08,2026/07/01,34.13,25.649999618530273,39.0,2065.389892578125,,30.88,,,,17.9485,1.0381,24.5119,28.8375,46.024600982666016,26.9227,18.1215,11.535,14.5802,16.818,1.1535,2026-08-09
ex3-10,Salamence,holofoil,Dragon,10,Rare Holo,Mitsuhiro Arita,Stage 2,373,Pokémon,2003/11/24,"tcgplayer,cardmarket",https://prices.pokemontcg.io/tcgplayer/ex3-10,https://images.pokemontcg.io/ex3/10_hires.png,2026/08/08,2026/07/01,207.91,145.0,199.99000549316406,999.989990234375,,75.99,,,,23.8313,2.307,38.1693,8.8358,32.29800033569336,32.4595,36.9581,14.9955,25.0309,17.9139,1.1535,2026-08-09
hsp-HGSS02,Lugia,holofoil,HGSS Black Star Promos,HGSS02,Promo,Takashi Yamaguchi,Basic,249,Pokémon,2010/02/10,tcgplayer,https://prices.pokemontcg.io/tcgplayer/hsp-HGSS02,https://images.pokemontcg.io/hsp/HGSS02_hires.png,2026/08/08,,117.65,75.0,599.989990234375,1003.0,,,,,,,,,,,,,,,,,2026-08-09
gym2-12,Misty's Golduck,1stEditionHolofoil,Gym Challenge,12,Rare Holo,Ken Sugimori,Stage 1,55,Pokémon,2000/10/16,"tcgplayer,cardmarket",https://prices.pokemontcg.io/tcgplayer/gym2-12,https://images.pokemontcg.io/gym2/12_hires.png,2026/08/08,2026/07/01,114.49,145.0,799.989990234375,3495.64990234375,,,,,"{""unlimitedHolofoil"": {""low"": 43.13, ""mid"": 71.5, ""high"": 561.86, ""market"": 59.02, ""directLow"": 62.99}}",56.4061,14.4072,67.0068,0.0,23.06999969482422,40.9031,59.0015,8.6512,24.2696,25.377,1.1535,2026-08-09
dp3-13,Ludicolo,holofoil,Secret Wonders,13,Rare Holo,Mitsuhiro Arita,Stage 2,272,Pokémon,2007/11/01,"tcgplayer,cardmarket",https://prices.pokemontcg.io/tcgplayer/dp3-13,https://images.pokemontcg.io/dp3/13_hires.png,2026/08/08,2026/07/01,8.52,7.5,19.850000381469727,96.62999725341797,,6.62,,,,3.9911,0.5767,2.9299,3.1721,5.190700054168701,2.8376,4.1757,1.7302,2.5492,2.8145,1.1535,2026-08-09
bw11-12,Leavanny,holofoil,Legendary Treasures,12,Rare Holo,match,Stage 2,542,Pokémon,2013/11/06,"tcgplayer,cardmarket",https://prices.pokemontcg.io/tcgplayer/bw11-12,https://images.pokemontcg.io/bw11/12_hires.png,2026/08/08,2026/07/01,1.4,0.8899999856948853,1.2699999809265137,49.9900016784668,,2.11,,,,5.3407,1.1535,2.8607,0.0,5.940499782562256,3.8873,3.2644,4.614,4.4986,2.2955,1.1535,2026-08-09
ex1-3,Blaziken,holofoil,Ruby & Sapphire,3,Rare Holo,Kouki Saitou,Stage 2,257,Pokémon,2003/07/01,"tcgplayer,cardmarket",https://prices.pokemontcg.io/tcgplayer/ex1-3,https://images.pokemontcg.io/ex1/3_hires.png,2026/08/08,2026/07/01,80.15,48.099998474121094,103.98999786376953,1049.800048828125,,126.04,,,,25.1002,3.795,19.4595,19.102,28.826000213623047,26.519,28.5722,20.763,21.3167,20.3593,1.1535,2026-08-09
bw3-2,Swadloon,normal,Noble Victories,2,Uncommon,Midori Harada,Stage 1,541,Pokémon,2011/11/16,"tcgplayer,cardmarket",https://prices.pokemontcg.io/tcgplayer/bw3-2,https://images.pokemontcg.io/bw3/2_hires.png,2026/08/08,2026/07/01,0.39,0.15000000596046448,0.4000000059604645,18.860000610351562,,1.17,,,,0.2653,0.0231,0.2999,0.0,0.10379999876022339,0.2076,0.2076,1.1535,1.2804,0.992,1.1535,2026-08-09
sm5-11,Cherrim,normal,Ultra Prism,11,Uncommon,MAHOU,Stage 1,421,Pokémon,2018/02/02,"tcgplayer,cardmarket",https://prices.pokemontcg.io/tcgplayer/sm5-11,https://images.pokemontcg.io/sm5/11_hires.png,2026/08/08,2026/06/28,0.4,0.25,0.5,19.979999542236328,,0.68,,,,0.2422,0.0231,0.2076,1.165,0.023099999874830246,0.2307,0.2422,0.5652,1.0381,0.6806,1.1535,2026-08-09
base5-10,Dark Machamp,1stEditionHolofoil,Team Rocket,10,Rare Holo,Mitsuhiro Arita,Stage 2,68,Pokémon,2000/04/24,"tcgplayer,cardmarket",https://prices.pokemontcg.io/tcgplayer/base5-10,https://images.pokemontcg.io/base5/10_hires.png,2026/08/08,2026/07/01,144.45,99.98999786376953,140.0,1117.9000244140625,,,,,"{""unlimitedHolofoil"": {""low"": 46.0, ""mid"": 62.46, ""high"": 504.18, ""market"": 60.63, ""directLow"": 299.98}}",69.6253,11.5235,37.9732,0.0,62.28900146484375,38.873,64.4922,14.984,25.1694,24.7426,1.1535,2026-08-09
xy2-12,Charizard-EX,holofoil,Flashfire,12,Rare Holo EX,PLANETA,Basic|EX,6,Pokémon,2014/05/07,"tcgplayer,cardmarket",https://prices.pokemontcg.io/tcgplayer/xy2-12,https://images.pokemontcg.io/xy2/12_hires.png,2026/08/08,2026/07/01,18.67,8.859999656677246,19.639999389648438,883.1199951171875,,,,,,24.062,6.3327,24.558,0.0,21.916500091552734,19.1135,26.7958,50.754,20.6707,17.1871,1.1535,2026-08-09
sm10-3,Metapod,normal,Unbroken Bonds,3,Uncommon,Shigenori Negishi,Stage 1,11,Pokémon,2019/05/03,"tcgplayer,cardmarket",https://prices.pokemontcg.io/tcgplayer/sm10-3,https://images.pokemontcg.io/sm10/3_hires.png,2026/08/08,2026/07/01,0.27,0.07000000029802322,0.25,19.979999542236328,,0.51,,,,0.1846,0.0231,0.2076,0.5652,0.5651999711990356,0.1846,0.173,0.5652,0.8882,0.6575,1.1535,2026-08-09
pop3-9,Forretress,normal,POP Series 3,9,Uncommon,Midori Harada,Stage 1,205,Pokémon,2006/04/01,"tcgplayer,cardmarket",https://prices.pokemontcg.io/tcgplayer/pop3-9,https://images.pokemontcg.io/pop3/9_hires.png,2026/08/08,2026/07/01,17.44,15.0,68.7300033569336,189.39999389648438,,,,,,6.9095,1.7302,3.7489,0.0,6.9095001220703125,5.2369,5.6522,0.9228,9.1127,9.1127,1.1535,2026-08-09
sm1-10,Dartrix,normal,Sun & Moon,10,Uncommon,Mizue,Stage 1,723,Pokémon,2017/02/03,"tcgplayer,cardmarket",https://prices.pokemontcg.io/tcgplayer/sm1-10,https://images.pokemontcg.io/sm1/10_hires.png,2026/08/08,2026/07/01,0.25,0.05000000074505806,0.25,4.0,,0.35,,,,0.0923,0.0231,0.1269,0.3345,0.219200000166893,0.1384,0.1038,0.7728,0.4037,0.4614,1.1535,2026-08-09
hgss2-9,Sudowoodo,holofoil,HS—Unleashed,9,Rare Holo,Sachiko Adachi,Basic,185,Pokémon,2010/05/12,"tcgplayer,cardmarket",https://prices.pokemontcg.io/tcgplayer/hgss2-9,https://images.pokemontcg.io/hgss2/9_hires.png,2026/08/08,2026/07/01,18.44,16.940000534057617,29.989999771118164,329.8999938964844,,19.72,,,,1.9379,0.4037,2.4916,7.9938,12.111700057983398,3.0914,3.2759,0.346,5.11,4.4871,1.1535,2026-08-09
neo3-9,Jumpluff,1stEditionHolofoil,Neo Revelation,9,Rare Holo,Kagemaru Himeno,Stage 2,189,Pokémon,2001/09/21,"tcgplayer,cardmarket",https://prices.pokemontcg.io/tcgplayer/neo3-9,https://images.pokemontcg.io/neo3/9_hires.png,2026/08/08,2026/07/01,52.99,60.97999954223633,94.98999786376953,459.8999938964844,,,,,"{""unlimitedHolofoil"": {""low"": 33.0, ""mid"": 44.75, ""high"": 334.7, ""market"": 35.53, ""directLow"": null}}",31.4444,5.7675,26.7958,0.0,8.07450008392334,25.2386,26.519,8.0745,11.9849,10.8429,1.1535,2026-08-09
base6-10,Flareon,holofoil,Legendary Collection,10,Rare Holo,Kagemaru Himeno,Stage 1,136,Pokémon,2002/05/24,"tcgplayer,cardmarket",https://prices.pokemontcg.io/tcgplayer/base6-10,https://images.pokemontcg.io/base6/10_hires.png,2026/08/08,2026/07/01,82.43,58.11000061035156,84.13999938964844,799.9199829101562,,156.79,,,,30.7177,4.614,28.9529,174.9513,53.337799072265625,29.4719,41.8605,285.4912,196.095,169.1954,1.1535,2026-08-09
basep-9,Mew,holofoil,Wizards Black Star Promos,9,Promo,Ken Sugimori,Basic,151,Pokémon,1999/07/01,"tcgplayer,cardmarket",https://prices.pokemontcg.io/tcgplayer/basep-9,https://images.pokemontcg.io/basep/9_hires.png,2026/08/08,2026/07/01,133.94,89.98999786376953,150.32000732421875,656.780029296875,,,,,,66.1532,11.535,71.9784,0.0,129.76870727539062,85.2321,65.8187,30.9369,26.692,32.3095,1.1535,2026-08-09
xy12-3,Caterpie,normal,Evolutions,3,Common,Ken Sugimori,Basic,10,Pokémon,2016/11/02,"tcgplayer,cardmarket",https://prices.pokemontcg.io/tcgplayer/xy12-3,https://images.pokemontcg.io/xy12/3_hires.png,2026/08/08,2026/07/01,0.2,0.009999999776482582,0.2199999988079071,19.139999389648438,,0.46,,,,0.1038,0.0231,0.1269,0.646,0.05770000070333481,0.0692,0.1038,1.1535,0.9574,0.7844,1.1535,2026-08-09
ex11-13,Rayquaza δ,holofoil,Delta Species,13,Rare Holo,Ryo Ueda,Basic,384,Pokémon,2005/10/31,"tcgplayer,cardmarket",https://prices.pokemontcg.io/tcgplayer/ex11-13,https://images.pokemontcg.io/ex11/13_hires.png,2026/08/08,2026/07/01,220.0,129.99000549316406,143.5,1999.800048828125,,226.69,,,,57.1444,23.07,90.8266,88.5888,33.439998626708984,83.8364,70.9633,86.501,115.673,147.1405,1.1535,2026-08-09
pop9-10,Pachirisu,normal,POP Series 9,10,Uncommon,Midori Harada,Basic,417,Pokémon,2009/03/01,"tcgplayer,cardmarket",https://prices.pokemontcg.io/tcgplayer/pop9-10,https://images.pokemontcg.io/pop9/10_hires.png,2026/08/08,2026/07/01,6.1,3.799999952316284,5.730000019073486,59.599998474121094,,,,,,10.3815,2.307,10.1162,0.0,2.8722000122070312,7.4977,7.567,4.614,3.7489,3.7489,1.1535,2026-08-09
pl3-10,Rhyperior,holofoil,Supreme Victors,10,Rare Holo,Hajime Kusajima,Stage 2,464,Pokémon,2009/08/19,"tcgplayer,cardmarket",https://prices.pokemontcg.io/tcgplayer/pl3-10,https://images.pokemontcg.io/pl3/10_hires.png,2026/08/08,2026/07/01,3.99,2.0,4.0,58.099998474121094,,3.2,,,,3.7143,0.7498,3.5066,2.2493,3.4489998817443848,3.8988,3.5989,1.7302,3.7027,6.8979,1.1535,2026-08-09
ex8-11,Metagross,normal,Deoxys,11,Rare Holo,Hisao Nakamura,Stage 2,376,Pokémon,2005/02/01,"tcgplayer,cardmarket",https://prices.pokemontcg.io/tcgplayer/ex8-11,https://images.pokemontcg.io/ex8/11_hires.png,2026/08/08,2026/07/01,15.5,15.0,15.0,15.0,58.74,55.65,,,,12.6308,2.307,12.0887,42.6795,5.190700054168701,10.866,14.1881,27.684,48.1125,34.9972,1.1535,2026-08-09
si1-13,Exeggutor,normal,Southern Islands,13,,Naoyo Kimura,Stage 1,103,Pokémon,2001/07/31,"tcgplayer,cardmarket",https://prices.pokemontcg.io/tcgplayer/si1-13,https://images.pokemontcg.io/si1/13_hires.png,2026/08/08,2026/07/01,36.43,25.68000030517578,49.9900016784668,227.0,,,,,,27.9378,13.8305,41.353,0.0,23.06999969482422,25.9307,37.5695,0.0,0.0,0.0,1.1535,2026-08-09
pl2-6,Froslass GL,holofoil,Rising Rivals,6,Rare Holo,Atsuko Nishida,Basic|SP,478,Pokémon,2009/05/16,"tcgplayer,cardmarket",https://prices.pokemontcg.io/tcgplayer/pl2-6,https://images.pokemontcg.io/pl2/6_hires.png,2026/08/08,2026/07/01,10.2,5.519999980926514,10.5600004196167,180.0,,10.58,,,,3.3567,0.5767,2.7338,3.6797,1.153499960899353,3.2413,3.5412,1.1535,3.1952,3.4028,1.1535,2026-08-09
gym1-10,Misty's Tentacruel,1stEditionHolofoil,Gym Heroes,10,Rare Holo,Ken Sugimori,Stage 1,73,Pokémon,2000/08/14,"tcgplayer,cardmarket",https://prices.pokemontcg.io/tcgplayer/gym1-10,https://images.pokemontcg.io/gym1/10_hires.png,2026/08/08,2026/07/01,90.24,70.0,250.0,841.3800048828125,,,,,"{""unlimitedHolofoil"": {""low"": 15.76, ""mid"": 23.55, ""high"": 274.36, ""market"": 29.23, ""directLow"": 17.68}}",27.8916,4.3833,11.6042,0.0,23.06999969482422,20.8322,35.9085,5.9405,13.7843,11.2236,1.1535,2026-08-09
bw10-12,Larvesta,normal,Plasma Blast,12,Common,Masakazu Fukuda,Basic,636,Pokémon,2013/08/14,"tcgplayer,cardmarket",https://prices.pokemontcg.io/tcgplayer/bw10-12,https://images.pokemontcg.io/bw10/12_hires.png,2026/08/08,2026/06/29,0.22,0.05999999865889549,0.23999999463558197,19.979999542236328,,0.51,,,,0.1154,0.0231,0.1154,0.0,0.05770000070333481,0.1038,0.15,0.4614,0.8305,0.6806,1.1535,2026-08-09
sm8-9,Spinarak,normal,Lost Thunder,9,Common,Misa Tsutsui,Basic,167,Pokémon,2018/11/02,"tcgplayer,cardmarket",https://prices.pokemontcg.io/tcgplayer/sm8-9,https://images.pokemontcg.io/sm8/9_hires.png,2026/08/08,2026/07/01,0.16,0.009999999776482582,0.20000000298023224,19.979999542236328,,0.37,,,,0.0923,0.0231,0.0807,0.6114,0.05770000070333481,0.1038,0.1038,0.2307,0.5191,0.4037,1.1535,2026-08-09
dp5-1,Articuno,holofoil,Majestic Dawn,1,Rare Holo,Masakazu Fukuda,Basic,144,Pokémon,2008/05/01,"tcgplayer,cardmarket",https://prices.pokemontcg.io/tcgplayer/dp5-1,https://images.pokemontcg.io/dp5/1_hires.png,2026/08/08,2026/07/01,41.66,42.369998931884766,99.98999786376953,3493.780029296875,,61.47,,,,21.755,2.2955,20.6476,6.6326,11.98490047454834,12.7462,14.0266,11.535,10.4276,9.0434,1.1535,2026-08-09
dp7-1,Dusknoir,holofoil,Stormfront,1,Rare Holo,Mitsuhiro Arita,Stage 2,477,Pokémon,2008/11/01,"tcgplayer,cardmarket",https://prices.pokemontcg.io/tcgplayer/dp7-1,https://images.pokemontcg.io/dp7/1_hires.png,2026/08/08,2026/07/01,12.27,3.0,12.0,449.8999938964844,,4.48,,,,3.0222,0.5537,3.5758,5.1215,2.2955000400543213,3.9796,3.1491,5.1907,4.7063,3.2875,1.1535,2026-08-09
pop8-4,Probopass,normal,POP Series 8,4,Rare,Ken Sugimori,Stage 1,476,Pokémon,2008/09/01,"tcgplayer,cardmarket",https://prices.pokemontcg.io/tcgplayer/pop8-4,https://images.pokemontcg.io/pop8/4_hires.png,2026/08/08,2026/07/01,4.91,2.5,4.909999847412109,94.58000183105469,6.96,,,,,3.9796,1.142,3.7604,0.0,4.948500156402588,4.6255,4.1065,3.4028,3.4028,3.4028,1.1535,2026-08-09
sm7-5,Spinarak,normal,Celestial Storm,5,Common,Sachiko Adachi,Basic,167,Pokémon,2018/08/03,"tcgplayer,cardmarket",https://prices.pokemontcg.io/tcgplayer/sm7-5,https://images.pokemontcg.io/sm7/5_hires.png,2026/08/08,2026/07/01,0.31,0.05000000074505806,0.30000001192092896,19.979999542236328,,0.61,,,,0.1269,0.0231,0.1384,0.2422,0.10379999876022339,0.173,0.1384,0.2307,0.3576,0.4499,1.1535,2026-08-09
ex16-2,Altaria,holofoil,Power Keepers,2,Rare Holo,Ken Sugimori,Stage 1,334,Pokémon,2007/02/02,"tcgplayer,cardmarket",https://prices.pokemontcg.io/tcgplayer/ex16-2,https://images.pokemontcg.io/ex16/2_hires.png,2026/08/08,2026/07/01,27.57,14.430000305175781,28.520000457763672,199.99000549316406,,25.0,,,,8.086,1.7302,8.3975,14.4764,4.613999843597412,8.4206,7.2786,10.9467,15.7914,9.9086,1.1535,2026-08-09
dv1-13,Axew,holofoil,Dragon Vault,13,Rare Holo,TOKIYA,Basic,610,Pokémon,2012/10/05,"tcgplayer,cardmarket",https://prices.pokemontcg.io/tcgplayer/dv1-13,https://images.pokemontcg.io/dv1/13_hires.png,2026/08/08,2026/07/01,2.08,0.9900000095367432,1.5,27.0,,,,,,1.7302,0.1154,3.2413,0.0,4.025700092315674,2.8145,2.0994,0.2192,2.0417,2.3301,1.1535,2026-08-09
sm75-10,Heatmor,normal,Dragon Majesty,10,Uncommon,Ken Sugimori,Basic,631,Pokémon,2018/09/07,"tcgplayer,cardmarket",https://prices.pokemontcg.io/tcgplayer/sm75-10,https://images.pokemontcg.io/sm75/10_hires.png,2026/08/08,2026/07/01,0.28,0.05000000074505806,0.2800000011920929,2.0,,0.75,,,,0.3922,0.0577,0.3807,0.7613,0.28839999437332153,0.346,0.323,1.1535,1.0266,0.7613,1.1535,2026-08-09
sm2-10,Victini,holofoil,Guardians Rising,10,Rare Holo,kodama,Basic,494,Pokémon,2017/05/05,"tcgplayer,cardmarket",https://prices.pokemontcg.io/tcgplayer/sm2-10,https://images.pokemontcg.io/sm2/10_hires.png,2026/08/08,2026/07/01,1.02,0.4399999976158142,1.0199999809265137,17.170000076293945,,1.21,,,,0.7613,0.1384,0.5075,1.0497,0.34599998593330383,0.4845,0.7036,0.5767,0.8421,1.0035,1.1535,2026-08-09
xy5-12,Ludicolo,holofoil,Primal Clash,12,Rare Holo,Mizue,Stage 2,272,Pokémon,2015/02/04,"tcgplayer,cardmarket",https://prices.pokemontcg.io/tcgplayer/xy5-12,https://images.pokemontcg.io/xy5/12_hires.png,2026/08/08,2026/07/01,0.81,0.49000000953674316,0.8600000143051147,19.979999542236328,,1.02,,,,2.2032,0.5767,2.0878,2.2955,2.2955000400543213,2.2147,2.1109,2.2955,4.4871,3.6912,1.1535,2026-08-09
sm35-3,Venusaur,normal,Shining Legends,3,Uncommon,Eske Yoshinob,Stage 2,3,Pokémon,2017/10/06,"tcgplayer,cardmarket",https://prices.pokemontcg.io/tcgplayer/sm35-3,https://images.pokemontcg.io/sm35/3_hires.png,2026/08/08,2026/07/01,1.97,0.5,2.0,19.040000915527344,,2.44,,,,1.142,0.0231,1.0035,1.7764,0.57669997215271,0.8421,1.1074,3.9565,2.2609,1.9609,1.1535,2026-08-09
dc1-2,Team Magma's Camerupt,holofoil,Double Crisis,2,Rare Holo,Shin Nagasawa,Stage 1,323,Pokémon,2015/03/25,"tcgplayer,cardmarket",https://prices.pokemontcg.io/tcgplayer/dc1-2,https://images.pokemontcg.io/dc1/2_hires.png,2026/08/08,2026/07/01,3.05,1.0700000524520874,2.6500000953674316,35.310001373291016,,7.33,,,,4.3256,1.1535,3.8412,5.0177,2.306999921798706,3.4605,4.0488,6.921,6.5865,7.2555,1.1535,2026-08-09
hgss1-13,Wobbuffet,holofoil,HeartGold & SoulSilver,13,Rare Holo,Yuka Morii,Basic,202,Pokémon,2010/02/10,"tcgplayer,cardmarket",https://prices.pokemontcg.io/tcgplayer/hgss1-13,https://images.pokemontcg.io/hgss1/13_hires.png,2026/08/08,2026/07/01,25.13,24.690000534057617,84.83999633789062,499.79998779296875,,21.0,,,,8.1206,1.7302,10.2546,8.409,20.18630027770996,13.5998,8.9166,6.9671,8.8012,6.1597,1.1535,2026-08-09
xy10-10,Fennekin,normal,Fates Collide,10,Common,Akira Komayama,Basic,653,Pokémon,2016/05/02,"tcgplayer,cardmarket",https://prices.pokemontcg.io/tcgplayer/xy10-10,https://images.pokemontcg.io/xy10/10_hires.png,2026/08/08,2026/07/01,0.26,0.009999999776482582,0.27000001072883606,1000.0,,2.9,,,,0.1384,0.0231,0.15,1.4419,0.219200000166893,0.1038,0.1384,2.307,1.5342,1.4073,1.1535,2026-08-09
xy2-13,M Charizard-EX,holofoil,Flashfire,13,Rare Holo EX,5ban Graphics,MEGA|EX,6,Pokémon,2014/05/07,"tcgplayer,cardmarket",https://prices.pokemontcg.io/tcgplayer/xy2-13,https://images.pokemontcg.io/xy2/13_hires.png,2026/08/08,2026/06/26,65.93,49.630001068115234,67.0199966430664,713.0,,,,,,19.0328,12.6885,47.7664,0.0,21.916500091552734,42.5411,44.2944,20.7515,27.9724,24.2235,1.1535,2026-08-09
ex2-5,Flareon,holofoil,Sandstorm,5,Rare Holo,Midori Harada,Stage 1,136,Pokémon,2003/09/18,"tcgplayer,cardmarket",https://prices.pokemontcg.io/tcgplayer/ex2-5,https://images.pokemontcg.io/ex2/5_hires.png,2026/08/08,2026/07/01,113.32,114.98999786376953,969.7999877929688,1149.9000244140625,,66.49,,,,77.942,11.535,84.1363,48.4009,34.60499954223633,74.7122,60.5472,23.07,38.8614,29.8295,1.1535,2026-08-09
base2-3,Flareon,1stEditionHolofoil,Jungle,3,Rare Holo,Kagemaru Himeno,Stage 1,136,Pokémon,1999/06/16,"tcgplayer,cardmarket",https://prices.pokemontcg.io/tcgplayer/base2-3,https://images.pokemontcg.io/base2/3_hires.png,2026/08/08,2026/07/01,149.74,165.0,287.5,949.9000244140625,,,,,"{""unlimitedHolofoil"": {""low"": 55.99, ""mid"": 72.41, ""high"": 327.36, ""market"": 96.05, ""directLow"": 61.31}}",60.6049,9.2165,115.7883,0.0,138.4199981689453,114.531,85.209,23.0585,36.1392,30.4639,1.1535,2026-08-09
dp2-4,Azelf,holofoil,Mysterious Treasures,4,Rare Holo,Ryo Ueda,Basic,482,Pokémon,2007/08/01,"tcgplayer,cardmarket",https://prices.pokemontcg.io/tcgplayer/dp2-4,https://images.pokemontcg.io/dp2/4_hires.png,2026/08/08,2026/07/01,18.92,15.0,30.90999984741211,158.4499969482422,,15.95,,,,11.9041,0.5652,9.5394,3.3336,5.110000133514404,6.2058,7.6938,6.921,3.0337,3.4259,1.1535,2026-08-09
base4-11,Nidoking,holofoil,Base Set 2,11,Rare Holo,Ken Sugimori,Stage 2,34,Pokémon,2000/02/24,"tcgplayer,cardmarket",https://prices.pokemontcg.io/tcgplayer/base4-11,https://images.pokemontcg.io/base4/11_hires.png,2026/08/08,2026/07/01,42.69,17.0,22.549999237060547,153.75,,,,,,24.1312,8.0745,21.5474,0.0,19.551799774169922,20.3247,23.8082,15.7453,16.8757,19.5288,1.1535,2026-08-09
xyp-XY03,Froakie,holofoil,XY Black Star Promos,XY03,Promo,5ban Graphics,Basic,656,Pokémon,2013/10/12,"tcgplayer,cardmarket",https://prices.pokemontcg.io/tcgplayer/xyp-XY03,https://images.pokemontcg.io/xyp/XY03_hires.png,2026/08/08,2026/07/01,11.14,13.199999809265137,17.270000457763672,99.4000015258789,,,,,,13.842,2.8838,18.7444,0.0,13.784299850463867,21.7435,15.5261,3.449,3.9565,4.2218,1.1535,2026-08-09
dp1-10,Mismagius,holofoil,Diamond & Pearl,10,Rare Holo,Mikiko Takeda,Stage 1,429,Pokémon,2007/05/01,"tcgplayer,cardmarket",https://prices.pokemontcg.io/tcgplayer/dp1-10,https://images.pokemontcg.io/dp1/10_hires.png,2026/08/08,2026/07/01,12.47,5.489999771118164,12.350000381469727,115.30000305175781,,18.31,,,,3.0222,0.346,4.1757,3.3798,3.4605000019073486,3.8412,3.9104,4.1411,3.3798,3.3567,1.1535,2026-08-09
pl2-7,Jirachi,holofoil,Rising Rivals,7,Rare Holo,Kenkichi Toyama,Basic,385,Pokémon,2009/05/16,"tcgplayer,cardmarket",https://prices.pokemontcg.io/tcgplayer/pl2-7,https://images.pokemontcg.io/pl2/7_hires.png,2026/08/08,2026/07/01,44.55,29.989999771118164,69.98999786376953,583.6300048828125,,25.84,,,,6.9902,0.9228,7.0133,11.2697,5.767499923706055,7.7284,7.8092,8.063,12.031,5.5599,1.1535,2026-08-09
bw8-8,Sewaddle,normal,Plasma Storm,8,Common,Atsuko Nishida,Basic,540,Pokémon,2013/02/06,"tcgplayer,cardmarket",https://prices.pokemontcg.io/tcgplayer/bw8-8,https://images.pokemontcg.io/bw8/8_hires.png,2026/08/08,2026/07/01,0.36,0.15000000596046448,0.36000001430511475,5.0,,0.81,,,,0.2653,0.0231,0.3345,1.2573,1.1419999599456787,0.323,0.2999,0.346,0.9459,0.7382,1.1535,2026-08-09
bw4-10,Growlithe,normal,Next Destinies,10,Common,Masakazu Fukuda,Basic,58,Pokémon,2012/02/08,"tcgplayer,cardmarket",https://prices.pokemontcg.io/tcgplayer/bw4-10,https://images.pokemontcg.io/bw4/10_hires.png,2026/08/08,2026/07/01,0.61,0.33000001311302185,0.6000000238418579,19.540000915527344,,23.52,,,,0.346,0.0231,0.4499,2.1686,0.36910000443458557,0.6806,0.4499,2.0532,2.4224,2.6069,1.1535,2026-08-09
sm11-5,Shroomish,normal,Unified Minds,5,Common,Ken Sugimori,Basic,285,Pokémon,2019/08/02,"tcgplayer,cardmarket",https://prices.pokemontcg.io/tcgplayer/sm11-5,https://images.pokemontcg.io/sm11/5_hires.png,2026/08/08,2026/06/30,0.25,0.029999999329447746,0.25,19.979999542236328,,0.44,,,,0.1038,0.0231,0.1384,0.8536,0.05770000070333481,0.1038,0.0923,0.346,0.6575,0.4845,1.1535,2026-08-09
sm12-10,Lileep,normal,Cosmic Eclipse,10,Uncommon,Misa Tsutsui,Stage 1,345,Pokémon,2019/11/01,"tcgplayer,cardmarket",https://prices.pokemontcg.io/tcgplayer/sm12-10,https://images.pokemontcg.io/sm12/10_hires.png,2026/08/08,2026/06/27,0.27,0.10000000149011612,0.30000001192092896,10.0,,1.2,,,,0.1615,0.0231,0.1615,1.0035,0.17299999296665192,0.1615,0.15,2.2955,0.8882,0.8421,1.1535,2026-08-09
ex6-6,Kangaskhan,normal,FireRed & LeafGreen,6,Rare Holo,Naoyo Kimura,Basic,115,Pokémon,2004/09/01,"tcgplayer,cardmarket",https://prices.pokemontcg.io/tcgplayer/ex6-6,https://images.pokemontcg.io/ex6/6_hires.png,2026/08/08,2026/07/01,35.0,375.9599914550781,382.9800109863281,390.0,77.12,45.66,,,,14.6379,1.0381,15.0416,10.393,9.79319953918457,10.2431,11.9964,4.4986,10.5891,15.3992,1.1535,2026-08-09
ex4-12,Team Magma's Torkoal,holofoil,Team Magma vs Team Aqua,12,Rare Holo,K. Hoshiba,Basic,324,Pokémon,2004/03/01,"tcgplayer,cardmarket",https://prices.pokemontcg.io/tcgplayer/ex4-12,https://images.pokemontcg.io/ex4/12_hires.png,2026/08/08,2026/07/01,46.32,29.0,46.59000015258789,999.9000244140625,,49.98,,,,14.2803,1.7302,12.7577,7.2901,4.59089994430542,9.4587,13.4613,5.0754,15.3185,10.889,1.1535,2026-08-09
mcd16-1,Vulpix,,McDonald's Collection 2016,1,,kirisAki,Basic,37,Pokémon,2016/08/19,cardmarket,https://prices.pokemontcg.io/cardmarket/mcd16-1,https://images.pokemontcg.io/mcd16/1_hires.png,,2026/07/01,,,,,,,,,,16.2644,0.1038,22.5163,0.0,34.59349822998047,19.2865,11.6388,2.8838,1.9609,1.4534,1.1535,2026-08-09
xy0-4,Quilladin,normal,Kalos Starter Set,4,,5ban Graphics,Stage 1,651,Pokémon,2013/11/08,"tcgplayer,cardmarket",https://prices.pokemontcg.io/tcgplayer/xy0-4,https://images.pokemontcg.io/xy0/4_hires.png,2026/08/08,2026/07/01,1.07,0.5,1.0,19.979999542236328,2.61,,,,,1.984,0.0231,0.8882,0.0,0.46140000224113464,0.7728,2.1455,0.0577,0.5191,0.5191,1.1535,2026-08-09
pop1-11,Larvitar,normal,POP Series 1,11,Common,Hisao Nakamura,Basic,246,Pokémon,2004/09/01,"tcgplayer,cardmarket",https://prices.pokemontcg.io/tcgplayer/pop1-11,https://images.pokemontcg.io/pop1/11_hires.png,2026/08/08,2026/07/01,3.13,1.399999976158142,3.990000009536743,26.84000015258789,,,,,,1.5803,0.1038,1.5803,0.0,3.4605000019073486,1.9148,2.134,2.2955,2.2955,2.2955,1.1535,2026-08-09
pop6-10,Staravia,normal,POP Series 6,10,Uncommon,Masakazu Fukuda,Stage 1,397,Pokémon,2007/09/01,"tcgplayer,cardmarket",https://prices.pokemontcg.io/tcgplayer/pop6-10,https://images.pokemontcg.io/pop6/10_hires.png,2026/08/08,2026/07/01,24.7,30.0,39.9900016784668,317.5,,,,,,18.9866,17.3025,16.495,0.0,22.481700897216797,15.3415,11.0275,0.0,0.0,0.0,1.1535,2026-08-09
pop7-12,Burmy Sandy Cloak,normal,POP Series 7,12,Common,Midori Harada,Basic,412,Pokémon,2008/03/01,"tcgplayer,cardmarket",https://prices.pokemontcg.io/tcgplayer/pop7-12,https://images.pokemontcg.io/pop7/12_hires.png,2026/08/08,2026/07/01,1.52,0.75,1.340000033378601,19.979999542236328,,,,,,1.142,0.2884,0.9689,0.0,1.7187000513076782,1.0266,0.8074,0.0,0.0,0.0,1.1535,2026-08-09
hgss3-6,Magcargo,holofoil,HS—Undaunted,6,Rare Holo,Yuka Morii,Stage 1,219,Pokémon,2010/08/18,"tcgplayer,cardmarket",https://prices.pokemontcg.io/tcgplayer/hgss3-6,https://images.pokemontcg.io/hgss3/6_hires.png,2026/08/08,2026/07/01,27.61,25.0,35.5,348.5199890136719,,30.75,,,,5.3292,0.4614,5.3292,3.9334,9.804800033569336,5.779,4.7524,1.9609,4.2679,4.0834,1.1535,2026-08-09
sm4-2,Kakuna,normal,Crimson Invasion,2,Uncommon,miki kudo,Stage 1,14,Pokémon,2017/11/03,"tcgplayer,cardmarket",https://prices.pokemontcg.io/tcgplayer/sm4-2,https://images.pokemontcg.io/sm4/2_hires.png,2026/08/08,2026/07/01,0.19,0.009999999776482582,0.20000000298023224,18.639999389648438,,0.36,,,,0.0923,0.0231,0.1269,0.4037,0.023099999874830246,0.1269,0.1038,0.5767,0.4268,0.3691,1.1535,2026-08-09
neo1-3,Bellossom,1stEditionHolofoil,Neo Genesis,3,Rare Holo,Atsuko Nishida,Stage 2,182,Pokémon,2000/12/16,"tcgplayer,cardmarket",https://prices.pokemontcg.io/tcgplayer/neo1-3,https://images.pokemontcg.io/neo1/3_hires.png,2026/08/08,2026/07/01,89.92,60.0,89.91999816894531,1497.8599853515625,,,,,"{""unlimitedHolofoil"": {""low"": 19.0, ""mid"": 26.83, ""high"": 248.32, ""market"": 27.11, ""directLow"": 26.82}}",20.763,2.1916,17.1064,0.0,17.464000701904297,11.3389,18.5944,7.1863,12.1117,11.8695,1.1535,2026-08-09
pop4-10,Scramble Energy,normal,POP Series 4,10,Uncommon,Takumi Akabane,Special,,Energy,2006/08/01,"tcgplayer,cardmarket",https://prices.pokemontcg.io/tcgplayer/pop4-10,https://images.pokemontcg.io/pop4/10_hires.png,2026/08/08,2026/07/01,6.96,5.039999961853027,11.489999771118164,94.5,,,,,,2.8838,2.2493,5.9751,0.0,6.217400074005127,7.8553,6.0559,0.0,0.0,0.0,1.1535,2026-08-09
ex14-8,Manectric,holofoil,Crystal Guardians,8,Rare Holo,Hisao Nakamura,Stage 1,310,Pokémon,2006/08/01,"tcgplayer,cardmarket",https://prices.pokemontcg.io/tcgplayer/ex14-8,https://images.pokemontcg.io/ex14/8_hires.png,2026/08/08,2026/07/01,19.23,13.989999771118164,30.0,162.25999450683594,,16.5,,,,8.5359,1.1535,8.8243,14.5802,3.7950000762939453,9.0088,7.7284,13.842,14.6725,14.0842,1.1535,2026-08-09
g1-2,M Venusaur-EX,holofoil,Generations,2,Rare Holo EX,5ban Graphics,MEGA|EX,3,Pokémon,2016/02/22,"tcgplayer,cardmarket",https://prices.pokemontcg.io/tcgplayer/g1-2,https://images.pokemontcg.io/g1/2_hires.png,2026/08/08,2026/07/01,23.83,12.350000381469727,22.780000686645508,499.989990234375,,,,,,18.7559,5.756,45.1595,0.0,23.012300491333008,54.5259,30.0371,8.6397,7.7861,8.7551,1.1535,2026-08-09
ex5-5,Electrode,holofoil,Hidden Legends,5,Rare Holo,Kyoko Umemoto,Stage 1,101,Pokémon,2004/06/01,"tcgplayer,cardmarket",https://prices.pokemontcg.io/tcgplayer/ex5-5,https://images.pokemontcg.io/ex5/5_hires.png,2026/08/08,2026/07/01,28.46,19.989999771118164,51.9900016784668,1150.0,,27.46,,,,5.1561,1.1535,4.4525,5.929,5.75600004196167,4.7409,5.9059,5.1792,6.0328,10.1739,1.1535,2026-08-09
ex10-10,Octillery,holofoil,Unseen Forces,10,Rare Holo,Naoyo Kimura,Stage 1,224,Pokémon,2005/08/01,"tcgplayer,cardmarket",https://prices.pokemontcg.io/tcgplayer/ex10-10,https://images.pokemontcg.io/ex10/10_hires.png,2026/08/08,2026/07/01,11.73,7.0,8.789999961853027,107.69999694824219,,24.27,,,,6.9095,0.5767,5.1792,21.6743,1.153499960899353,5.9982,7.6592,7.4977,21.1552,12.9769,1.1535,2026-08-09
ecard3-H6,Dewgong,,Skyridge,H6,Rare Holo,Kouki Saitou,Stage 1,87,Pokémon,2003/05/12,cardmarket,https://prices.pokemontcg.io/cardmarket/ecard3-H6,https://images.pokemontcg.io/ecard3/H6_hires.png,,2026/07/01,,,,,,,,,,113.0315,28.8375,117.3456,0.0,230.6999969482422,129.838,132.3757,44.9865,37.0043,26.2191,1.1535,2026-08-09
xy11-13,Amoonguss,normal,Steam Siege,13,Rare,Ken Sugimori,Stage 1,591,Pokémon,2016/08/03,"tcgplayer,cardmarket",https://prices.pokemontcg.io/tcgplayer/xy11-13,https://images.pokemontcg.io/xy11/13_hires.png,2026/08/08,2026/07/01,0.28,0.07999999821186066,0.27000001072883606,19.979999542236328,,0.43,,,,0.2192,0.0231,0.2422,0.7267,0.04610000178217888,0.2076,0.2538,0.5767,0.8651,0.7267,1.1535,2026-08-09
swsh35-12,Sharpedo,normal,Champion's Path,12,Uncommon,Ryuta Fuse,Stage 1,319,Pokémon,2020/09/25,"tcgplayer,cardmarket",https://prices.pokemontcg.io/tcgplayer/swsh35-12,https://images.pokemontcg.io/swsh35/12_hires.png,2026/08/08,2026/07/01,0.19,0.009999999776482582,0.20000000298023224,2.990000009536743,,0.35,,,,0.0577,0.0231,0.0577,0.2422,0.08070000261068344,0.0577,0.0577,0.3691,0.3345,0.2999,1.1535,2026-08-09
base1-10,Mewtwo,holofoil,Base,10,Rare Holo,Ken Sugimori,Basic,150,Pokémon,1999/01/09,"tcgplayer,cardmarket",https://prices.pokemontcg.io/tcgplayer/base1-10,https://images.pokemontcg.io/base1/10_hires.png,2026/08/08,2026/07/01,74.16,36.0,64.02999877929688,500.0,,,,,,141.2922,57.6635,252.2012,0.0,651.7274780273438,297.7414,208.8296,0.0,0.0,0.0,1.1535,2026-08-09
xy3-2,Weepinbell,normal,Furious Fists,2,Uncommon,Mizue,Stage 1,70,Pokémon,2014/08/13,"tcgplayer,cardmarket",https://prices.pokemontcg.io/tcgplayer/xy3-2,https://images.pokemontcg.io/xy3/2_hires.png,2026/08/08,2026/07/01,0.33,0.10000000149011612,0.3199999928474426,1000.0,,1.93,,,,0.2999,0.0231,0.1846,0.9228,0.09229999780654907,0.2538,0.2653,0.346,0.9689,0.8305,1.1535,2026-08-09
hgss2-10,Torterra,holofoil,HS—Unleashed,10,Rare Holo,match,Stage 2,389,Pokémon,2010/05/12,"tcgplayer,cardmarket",https://prices.pokemontcg.io/tcgplayer/hgss2-10,https://images.pokemontcg.io/hgss2/10_hires.png,2026/08/08,2026/07/01,11.37,7.150000095367432,13.989999771118164,139.4199981689453,,15.5,,,,4.5102,0.2307,5.7675,2.48,2.0185999870300293,6.7941,4.7293,2.8722,3.6335,4.4179,1.1535,2026-08-09
swsh3-4,Parasect,normal,Darkness Ablaze,4,Uncommon,Miki Tanaka,Stage 1,47,Pokémon,2020/08/14,"tcgplayer,cardmarket",https://prices.pokemontcg.io/tcgplayer/swsh3-4,https://images.pokemontcg.io/swsh3/4_hires.png,2026/08/08,2026/07/01,0.04,0.009999999776482582,0.1899999976158142,25.040000915527344,,0.27,,,,0.0692,0.0231,0.0692,0.3922,0.023099999874830246,0.0577,0.0692,0.1846,0.3576,0.3576,1.1535,2026-08-09
xy4-9,Fletchinder,normal,Phantom Forces,9,Uncommon,Suwama Chiaki,Stage 1,662,Pokémon,2014/11/05,"tcgplayer,cardmarket",https://prices.pokemontcg.io/tcgplayer/xy4-9,https://images.pokemontcg.io/xy4/9_hires.png,2026/08/08,2026/07/01,0.19,0.05999999865889549,0.23999999463558197,19.979999542236328,,0.53,,,,0.2307,0.0346,0.173,1.165,0.57669997215271,0.2307,0.2307,0.4037,0.9343,0.7036,1.1535,2026-08-09
ex13-9,Kabutops δ,holofoil,Holon Phantoms,9,Rare Holo,Masakazu Fukuda,Stage 2,141,Pokémon,2006/05/01,"tcgplayer,cardmarket",https://prices.pokemontcg.io/tcgplayer/ex13-9,https://images.pokemontcg.io/ex13/9_hires.png,2026/08/08,2026/07/01,75.0,40.0,139.4600067138672,363.6000061035156,,124.94,,,,26.6228,4.6025,25.9768,50.9501,5.709799766540527,20.4977,18.5137,62.289,48.3086,30.0256,1.1535,2026-08-09
bw2-5,Swadloon,normal,Emerging Powers,5,Uncommon,Naoki Saito,Stage 1,541,Pokémon,2011/08/31,"tcgplayer,cardmarket",https://prices.pokemontcg.io/tcgplayer/bw2-5,https://images.pokemontcg.io/bw2/5_hires.png,2026/08/08,2026/07/01,0.4,0.05000000074505806,0.4000000059604645,19.979999542236328,,0.96,,,,0.3114,0.0231,0.3576,0.3691,0.5536999702453613,0.3922,0.2884,0.6344,0.4499,0.6229,1.1535,2026-08-09
ecard2-H13,Jumpluff,holofoil,Aquapolis,H13,Rare Holo,Yuka Morii,Stage 2,189,Pokémon,2003/01/15,"tcgplayer,cardmarket",https://prices.pokemontcg.io/tcgplayer/ecard2-H13,https://images.pokemontcg.io/ecard2/H13_hires.png,2026/08/08,2026/07/01,89.57,87.0,185.0,1500.0,,,,,,311.9987,11.535,211.3904,0.0,34.59349822998047,281.1772,124.6011,14.9955,24.4542,18.4906,1.1535,2026-08-09
smp-SM04,Pikachu,holofoil,SM Black Star Promos,SM04,Promo,kirisAki,Basic,25,Pokémon,2017/02/03,"tcgplayer,cardmarket",https://prices.pokemontcg.io/tcgplayer/smp-SM04,https://images.pokemontcg.io/smp/SM04_hires.png,2026/08/08,2026/07/01,13.71,14.989999771118164,15.039999961853027,15.079999923706055,,,,,,33.9244,31.1445,34.0282,0.0,57.6172981262207,36.9697,31.6751,34.605,22.0088,16.818,1.1535,2026-08-09
xy6-7,Dustox,normal,Roaring Skies,7,Uncommon,Akira Komayama,Stage 2,269,Pokémon,2015/05/06,"tcgplayer,cardmarket",https://prices.pokemontcg.io/tcgplayer/xy6-7,https://images.pokemontcg.io/xy6/7_hires.png,2026/08/08,2026/07/01,0.25,0.05000000074505806,0.25,1000.0,,0.38,,,,0.1615,0.0231,0.1846,0.2307,0.11540000140666962,0.2076,0.1846,0.2307,0.3922,0.496,1.1535,2026-08-09
pl4-11,Toxicroak,holofoil,Arceus,11,Rare Holo,Kouki Saitou,Stage 1,454,Pokémon,2009/11/04,"tcgplayer,cardmarket",https://prices.pokemontcg.io/tcgplayer/pl4-11,https://images.pokemontcg.io/pl4/11_hires.png,2026/08/08,2026/07/01,2.98,2.069999933242798,3.0,35.599998474121094,,5.64,,,,2.9299,0.2307,0.0231,3.6681,3.4489998817443848,2.803,2.9991,4.4986,3.1145,2.0994,1.1535,2026-08-09
sm6-4,Abomasnow,normal,Forbidden Light,4,Rare,Masakazu Fukuda,Stage 1,460,Pokémon,2018/05/04,"tcgplayer,cardmarket",https://prices.pokemontcg.io/tcgplayer/sm6-4,https://images.pokemontcg.io/sm6/4_hires.png,2026/08/08,2026/07/01,0.22,0.10000000149011612,0.25999999046325684,19.979999542236328,,0.49,,,,0.2538,0.0577,0.2999,1.0612,0.3230000138282776,0.3691,0.2768,0.5767,1.0151,0.7036,1.1535,2026-08-09
dp4-9,Swampert,holofoil,Great Encounters,9,Rare Holo,Kouki Saitou,Stage 2,260,Pokémon,2008/02/01,"tcgplayer,cardmarket",https://prices.pokemontcg.io/tcgplayer/dp4-9,https://images.pokemontcg.io/dp4/9_hires.png,2026/08/08,2026/07/01,24.61,24.899999618530273,49.880001068115234,515.489990234375,,59.92,,,,5.2484,0.2307,4.8793,6.3327,1.1419999599456787,5.26,4.6601,4.0257,6.3442,5.1446,1.1535,2026-08-09
bw1-8,Simisage,normal,Black & White,8,Uncommon,Masakazu Fukuda,Stage 1,512,Pokémon,2011/04/25,"tcgplayer,cardmarket",https://prices.pokemontcg.io/tcgplayer/bw1-8,https://images.pokemontcg.io/bw1/8_hires.png,2026/08/08,2026/07/01,0.41,0.18000000715255737,0.4000000059604645,19.979999542236328,,1.09,,,,0.4729,0.0231,0.3345,0.9113,0.8073999881744385,0.5075,0.4268,0.5652,1.142,0.8421,1.1535,2026-08-09
bw11-13,Dwebble,normal,Legendary Treasures,13,Common,sui,Basic,557,Pokémon,2013/11/06,"tcgplayer,cardmarket",https://prices.pokemontcg.io/tcgplayer/bw11-13,https://images.pokemontcg.io/bw11/13_hires.png,2026/08/08,2026/07/01,0.3,0.14000000059604645,0.28999999165534973,19.979999542236328,,1.99,,,,0.5306,0.0692,0.496,4.614,0.8073999881744385,0.5306,0.3922,4.614,2.8607,1.7879,1.1535,2026-08-09
swsh4-8,Pineco,normal,Vivid Voltage,8,Common,Tomokazu Komiya,Basic,204,Pokémon,2020/11/13,"tcgplayer,cardmarket",https://prices.pokemontcg.io/tcgplayer/swsh4-8,https://images.pokemontcg.io/swsh4/8_hires.png,2026/08/08,2026/07/01,0.17,0.009999999776482582,0.20000000298023224,25.15999984741211,,0.24,,,,0.0923,0.0231,0.1038,0.2192,0.3230000138282776,0.1038,0.0807,0.5767,0.3114,0.2538,1.1535,2026-08-09
pl1-14,Shaymin,holofoil,Platinum,14,Rare Holo,Kagemaru Himeno,Basic,492,Pokémon,2009/02/11,"tcgplayer,cardmarket",https://prices.pokemontcg.io/tcgplayer/pl1-14,https://images.pokemontcg.io/pl1/14_hires.png,2026/08/08,2026/06/30,28.41,19.100000381469727,40.33000183105469,192.0,,17.46,,,,4.8562,0.8651,5.606,4.0142,2.306999921798706,5.4791,5.1446,2.307,3.945,4.4179,1.1535,2026-08-09
ex3-11,Shedinja,holofoil,Dragon,11,Rare Holo,Kagemaru Himeno,Stage 1,292,Pokémon,2003/11/24,"tcgplayer,cardmarket",https://prices.pokemontcg.io/tcgplayer/ex3-11,https://images.pokemontcg.io/ex3/11_hires.png,2026/08/08,2026/07/01,63.28,49.0,109.98999786376953,946.2000122070312,,30.27,,,,18.1676,3.1145,16.0337,7.2094,22.954599380493164,21.1783,19.125,11.5235,10.0931,12.7,1.1535,2026-08-09
sm7-6,Ariados,holofoil,Celestial Storm,6,Rare Holo,Mitsuhiro Arita,Stage 1,168,Pokémon,2018/08/03,"tcgplayer,cardmarket",https://prices.pokemontcg.io/tcgplayer/sm7-6,https://images.pokemontcg.io/sm7/6_hires.png,2026/08/08,2026/07/01,0.75,0.47999998927116394,0.75,19.979999542236328,,1.03,,,,2.1224,0.2884,1.8687,0.0,2.306999921798706,2.1224,1.661,1.1535,1.488,1.6149,1.1535,2026-08-09
base6-11,Gengar,holofoil,Legendary Collection,11,Rare Holo,Keiji Kinebuchi,Stage 2,94,Pokémon,2002/05/24,"tcgplayer,cardmarket",https://prices.pokemontcg.io/tcgplayer/base6-11,https://images.pokemontcg.io/base6/11_hires.png,2026/08/08,2026/07/01,160.0,300.0,1174.9000244140625,1852.780029296875,,1599.99,,,,54.4452,34.605,70.2828,574.8006,86.51249694824219,60.2127,61.7699,749.775,620.5484,715.8506,1.1535,2026-08-09
pop2-6,Venusaur,normal,POP Series 2,6,Rare,Mitsuhiro Arita,Stage 2,3,Pokémon,2005/08/01,"tcgplayer,cardmarket",https://prices.pokemontcg.io/tcgplayer/pop2-6,https://images.pokemontcg.io/pop2/6_hires.png,2026/08/08,2026/07/01,23.06,21.469999313354492,32.470001220703125,339.8999938964844,33.76,,,,,66.3263,34.5358,61.4239,0.0,40.372501373291016,67.7681,71.4939,28.8375,29.322,24.5349,1.1535,2026-08-09
bw4-11,Growlithe,normal,Next Destinies,11,Common,Mizue,Basic,58,Pokémon,2012/02/08,"tcgplayer,cardmarket",https://prices.pokemontcg.io/tcgplayer/bw4-11,https://images.pokemontcg.io/bw4/11_hires.png,2026/08/08,2026/07/01,0.49,0.10000000149011612,0.44999998807907104,19.979999542236328,,11.66,,,,0.3114,0.0231,0.1846,2.307,0.219200000166893,0.5767,0.346,2.8838,3.5297,2.7223,1.1535,2026-08-09
pop9-11,Pichu,normal,POP Series 9,11,Uncommon,Midori Harada,Basic,172,Pokémon,2009/03/01,"tcgplayer,cardmarket",https://prices.pokemontcg.io/tcgplayer/pop9-11,https://images.pokemontcg.io/pop9/11_hires.png,2026/08/08,2026/07/01,20.53,18.989999771118164,23.610000610351562,349.989990234375,,,,,,10.866,5.1907,11.4081,0.0,11.523500442504883,11.5235,10.4507,8.0168,8.2591,8.1898,1.1535,2026-08-09
bw3-3,Leavanny,holofoil,Noble Victories,3,Rare Holo,5ban Graphics,Stage 2,542,Pokémon,2011/11/16,"tcgplayer,cardmarket",https://prices.pokemontcg.io/tcgplayer/bw3-3,https://images.pokemontcg.io/bw3/3_hires.png,2026/08/08,2026/07/01,1.42,1.0700000524520874,1.350000023841858,25.200000762939453,,1.51,,,,1.5342,0.0231,0.8882,1.3035,2.8838000297546387,1.0266,1.3265,1.1535,1.7995,1.6956,1.1535,2026-08-09
dp7-2,Empoleon,holofoil,Stormfront,2,Rare Holo,Kouki Saitou,Stage 2,395,Pokémon,2008/11/01,"tcgplayer,cardmarket",https://prices.pokemontcg.io/tcgplayer/dp7-2,https://images.pokemontcg.io/dp7/2_hires.png,2026/08/08,2026/07/01,11.78,10.0,34.75,57.91999816894531,,7.84,,,,5.9405,0.2307,7.8553,4.0488,4.902400016784668,7.1978,4.4986,3.6797,3.8181,2.9876,1.1535,2026-08-09
base5-11,Dark Magneton,1stEditionHolofoil,Team Rocket,11,Rare Holo,Miki Tanaka,Stage 1,82,Pokémon,2000/04/24,"tcgplayer,cardmarket",https://prices.pokemontcg.io/tcgplayer/base5-11,https://images.pokemontcg.io/base5/11_hires.png,2026/08/08,2026/07/01,100.17,68.0,162.13999938964844,95000.0,,,,,"{""unlimitedHolofoil"": {""low"": 32.49, ""mid"": 41.99, ""high"": 148.99, ""market"": 44.11, ""directLow"": 148.6}}",43.9714,8.0745,33.117,0.0,42.679500579833984,33.6591,45.8055,11.5235,24.708,21.8358,1.1535,2026-08-09
sm5-12,Carnivine,normal,Ultra Prism,12,Common,Anesaki Dynamic,Basic,455,Pokémon,2018/02/02,"tcgplayer,cardmarket",https://prices.pokemontcg.io/tcgplayer/sm5-12,https://images.pokemontcg.io/sm5/12_hires.png,2026/08/08,2026/06/25,0.06,0.009999999776482582,0.20999999344348907,19.979999542236328,,0.33,,,,0.0692,0.0231,0.0692,0.2999,0.23070000112056732,0.0807,0.0923,0.3345,0.3691,0.3922,1.1535,2026-08-09
xy10-11,Fennekin,normal,Fates Collide,11,Common,kirisAki,Basic,653,Pokémon,2016/05/02,"tcgplayer,cardmarket",https://prices.pokemontcg.io/tcgplayer/xy10-11,https://images.pokemontcg.io/xy10/11_hires.png,2026/08/08,2026/07/01,0.18,0.03999999910593033,0.20999999344348907,1000.0,,0.37,,,,0.1154,0.0231,0.1038,0.5998,0.04610000178217888,0.0923,0.1269,0.4037,0.6575,0.5883,1.1535,2026-08-09
ex7-11,Jumpluff,normal,Team Rocket Returns,11,Rare Holo,Kyoko Umemoto,Stage 2,189,Pokémon,2004/11/01,"tcgplayer,cardmarket",https://prices.pokemontcg.io/tcgplayer/ex7-11,https://images.pokemontcg.io/ex7/11_hires.png,2026/08/08,2026/07/01,14.97,17.68000030517578,17.68000030517578,17.68000030517578,19.41,65.0,,,,5.4791,4.6025,8.8589,0.0,1.7302000522613525,7.1286,11.6157,8.6512,16.8642,12.9538,1.1535,2026-08-09
bw7-10,Shaymin,normal,Boundaries Crossed,10,Rare,Kagemaru Himeno,Basic,492,Pokémon,2012/11/07,"tcgplayer,cardmarket",https://prices.pokemontcg.io/tcgplayer/bw7-10,https://images.pokemontcg.io/bw7/10_hires.png,2026/08/08,2026/07/01,2.27,1.25,2.619999885559082,25.899999618530273,,8.03,,,,2.1801,0.1038,2.6761,5.4676,2.8722000122070312,4.1872,2.307,5.4676,3.7258,2.9414,1.1535,2026-08-09
sm115-13,Staryu,normal,Hidden Fates,13,Common,Ken Sugimori,Basic,120,Pokémon,2019/08/23,"tcgplayer,cardmarket",https://prices.pokemontcg.io/tcgplayer/sm115-13,https://images.pokemontcg.io/sm115/13_hires.png,2026/08/08,2026/07/01,0.03,0.009999999776482582,0.20000000298023224,2.990000009536743,,0.32,,,,0.0692,0.0231,0.0692,0.3576,0.023099999874830246,0.0923,0.0692,0.15,0.3576,0.3345,1.1535,2026-08-09
ex1-4,Camerupt,holofoil,Ruby & Sapphire,4,Rare Holo,Ken Sugimori,Stage 1,323,Pokémon,2003/07/01,"tcgplayer,cardmarket",https://prices.pokemontcg.io/tcgplayer/ex1-4,https://images.pokemontcg.io/ex1/4_hires.png,2026/08/08,2026/07/01,15.3,8.0,15.229999542236328,199.5,,12.38,,,,14.3149,1.0958,16.0913,6.425,8.07450008392334,10.8544,9.8048,25.6308,10.6583,7.1978,1.1535,2026-08-09
ex12-13,Victreebel,holofoil,Legend Maker,13,Rare Holo,Sumiyoshi Kizuki,Stage 2,71,Pokémon,2006/02/01,"tcgplayer,cardmarket",https://prices.pokemontcg.io/tcgplayer/ex12-13,https://images.pokemontcg.io/ex12/13_hires.png,2026/08/08,2026/07/01,25.37,28.75,35.0,130.89999389648438,,51.74,,,,6.2404,2.307,8.6974,17.1756,7.463099956512451,8.905,8.3859,12.6885,17.7293,15.4684,1.1535,2026-08-09
xy7-12,Virizion,holofoil,Ancient Origins,12,Rare Holo,match,Basic,640,Pokémon,2015/08/12,"tcgplayer,cardmarket",https://prices.pokemontcg.io/tcgplayer/xy7-12,https://images.pokemontcg.io/xy7/12_hires.png,2026/08/08,2026/07/01,0.58,0.15000000596046448,0.550000011920929,19.979999542236328,,0.6,,,,1.0728,0.2192,0.9343,1.7302,0.219200000166893,0.7382,0.9805,0.9228,1.7302,1.6841,1.1535,2026-08-09
pl3-11,Staraptor FB,holofoil,Supreme Victors,11,Rare Holo,Hiroki Fuchino,Basic|SP,398,Pokémon,2009/08/19,"tcgplayer,cardmarket",https://prices.pokemontcg.io/tcgplayer/pl3-11,https://images.pokemontcg.io/pl3/11_hires.png,2026/08/08,2026/07/01,10.9,5.5,10.569999694824219,138.0,,7.21,,,,5.4791,1.7302,6.1136,3.2759,7.382400035858154,5.8944,5.0639,5.0177,3.4605,8.2245,1.1535,2026-08-09
sm9-12,Charmander,normal,Team Up,12,Common,Atsuko Nishida,Basic,4,Pokémon,2019/02/01,"tcgplayer,cardmarket",https://prices.pokemontcg.io/tcgplayer/sm9-12,https://images.pokemontcg.io/sm9/12_hires.png,2026/08/08,2026/07/01,0.5,0.15000000596046448,0.5,19.979999542236328,,4.57,,,,0.3807,0.0231,0.5998,5.9751,0.426800012588501,0.5652,0.4153,11.5235,5.5945,4.0142,1.1535,2026-08-09
bw10-13,Volcarona,normal,Plasma Blast,13,Rare,5ban Graphics,Stage 1|Team Plasma,637,Pokémon,2013/08/14,"tcgplayer,cardmarket",https://prices.pokemontcg.io/tcgplayer/bw10-13,https://images.pokemontcg.io/bw10/13_hires.png,2026/08/08,2026/06/29,0.68,0.27000001072883606,0.6299999952316284,19.979999542236328,,1.89,,,,1.1189,0.0231,1.4995,2.0186,1.153499960899353,1.4073,1.0728,2.0071,1.9148,2.2032,1.1535,2026-08-09
dp5-2,Cresselia,holofoil,Majestic Dawn,2,Rare Holo,Mitsuhiro Arita,Basic,488,Pokémon,2008/05/01,"tcgplayer,cardmarket",https://prices.pokemontcg.io/tcgplayer/dp5-2,https://images.pokemontcg.io/dp5/2_hires.png,2026/08/08,2026/07/01,13.1,9.989999771118164,20.0,299.0,,14.99,,,,6.2635,0.8651,6.7018,5.6175,6.9095001220703125,6.748,5.8367,1.315,5.3984,3.8296,1.1535,2026-08-09
sm10-4,Butterfree,normal,Unbroken Bonds,4,Rare,Midori Harada,Stage 2,12,Pokémon,2019/05/03,"tcgplayer,cardmarket",https://prices.pokemontcg.io/tcgplayer/sm10-4,https://images.pokemontcg.io/sm10/4_hires.png,2026/08/08,2026/07/01,0.51,0.20000000298023224,0.5,10.0,,0.93,,,,0.5998,0.1154,0.7036,2.6646,1.1419999599456787,0.7152,0.646,0.346,1.9725,1.7995,1.1535,2026-08-09
ex11-14,Salamence δ,holofoil,Delta Species,14,Rare Holo,Ryo Ueda,Stage 2,373,Pokémon,2005/10/31,"tcgplayer,cardmarket",https://prices.pokemontcg.io/tcgplayer/ex11-14,https://images.pokemontcg.io/ex11/14_hires.png,2026/08/08,2026/07/01,63.53,43.95000076293945,57.0,1160.0,,95.73,,,,13.346,1.1535,14.3265,43.6254,6.805600166320801,12.7116,12.8961,5.6522,37.0966,41.7567,1.1535,2026-08-09
si1-14,Slowking,reverseHolofoil,Southern Islands,14,,Naoyo Kimura,Stage 1,199,Pokémon,2001/07/31,"tcgplayer,cardmarket",https://prices.pokemontcg.io/tcgplayer/si1-14,https://images.pokemontcg.io/si1/14_hires.png,2026/08/08,2026/07/01,253.47,198.99000549316406,299.989990234375,2999.89990234375,,,,,,166.0117,69.21,196.6487,0.0,138.4084930419922,178.2157,157.9142,19.6095,26.6574,23.8428,1.1535,2026-08-09
mcd16-2,Torchic,,McDonald's Collection 2016,2,,sui,Basic,255,Pokémon,2016/08/19,cardmarket,https://prices.pokemontcg.io/cardmarket/mcd16-2,https://images.pokemontcg.io/mcd16/2_hires.png,,2026/07/01,,,,,,,,,,3.5528,0.2768,2.8838,0.0,0.57669997215271,3.3798,4.7178,0.7152,0.8536,0.8997,1.1535,2026-08-09
col1-12,Kyogre,holofoil,Call of Legends,12,Rare Holo,Ryo Ueda,Basic,382,Pokémon,2011/02/09,"tcgplayer,cardmarket",https://prices.pokemontcg.io/tcgplayer/col1-12,https://images.pokemontcg.io/col1/12_hires.png,2026/08/08,2026/07/01,42.61,18.989999771118164,57.22999954223633,492.3999938964844,,33.29,,,,16.1721,3.3451,13.3921,9.8278,11.53499984741211,15.7568,13.9343,42.4488,17.9946,18.9059,1.1535,2026-08-09
gym1-11,Rocket's Hitmonchan,1stEditionHolofoil,Gym Heroes,11,Rare Holo,Ken Sugimori,Basic,107,Pokémon,2000/08/14,"tcgplayer,cardmarket",https://prices.pokemontcg.io/tcgplayer/gym1-11,https://images.pokemontcg.io/gym1/11_hires.png,2026/08/08,2026/07/01,135.71,123.76000213623047,1007.5,1319.2900390625,,,,,"{""unlimitedHolofoil"": {""low"": 32.5, ""mid"": 54.82, ""high"": 9999.0, ""market"": 51.0, ""directLow"": 73.99}}",83.9748,11.5235,83.9287,0.0,28.837499618530273,51.7575,70.9402,13.8305,20.1747,23.3007,1.1535,2026-08-09
dp6-2,Dragonite,holofoil,Legends Awakened,2,Rare Holo,Mitsuhiro Arita,Stage 2,149,Pokémon,2008/08/01,"tcgplayer,cardmarket",https://prices.pokemontcg.io/tcgplayer/dp6-2,https://images.pokemontcg.io/dp6/2_hires.png,2026/08/08,2026/07/01,199.14,171.5,372.2099914550781,1365.1800537109375,,180.49,,,,40.8108,6.9095,35.2279,33.9475,22.493200302124023,37.9732,37.7195,7.4977,34.6627,23.739,1.1535,2026-08-09
bw9-10,Cacturne,normal,Plasma Freeze,10,Rare,Suwama Chiaki,Stage 1,332,Pokémon,2013/05/08,"tcgplayer,cardmarket",https://prices.pokemontcg.io/tcgplayer/bw9-10,https://images.pokemontcg.io/bw9/10_hires.png,2026/08/08,2026/07/01,0.51,0.25,0.5,23.489999771118164,,1.84,,,,0.6575,0.1615,0.7152,1.7187,1.038100004196167,0.6575,0.6806,2.2955,2.48,1.9956,1.1535,2026-08-09
neo3-10,Magneton,1stEditionHolofoil,Neo Revelation,10,Rare Holo,"""Big Mama"" Tagawa, CR CG gangs",Stage 1,82,Pokémon,2001/09/21,"tcgplayer,cardmarket",https://prices.pokemontcg.io/tcgplayer/neo3-10,https://images.pokemontcg.io/neo3/10_hires.png,2026/08/08,2026/07/01,83.91,57.5,92.47000122070312,804.5999755859375,,,,,"{""unlimitedHolofoil"": {""low"": 27.89, ""mid"": 33.89, ""high"": 313.1, ""market"": 30.62, ""directLow"": null}}",23.7621,4.6025,24.0966,0.0,28.826000213623047,21.1321,26.4267,17.6601,13.8305,14.2227,1.1535,2026-08-09
sm11-6,Sewaddle,normal,Unified Minds,6,Common,Naoyo Kimura,Basic,540,Pokémon,2019/08/02,"tcgplayer,cardmarket",https://prices.pokemontcg.io/tcgplayer/sm11-6,https://images.pokemontcg.io/sm11/6_hires.png,2026/08/08,2026/06/30,0.23,0.09000000357627869,0.25,19.979999542236328,,0.54,,,,0.0807,0.0231,0.0923,0.5652,0.05770000070333481,0.1154,0.1269,0.5767,0.5652,0.496,1.1535,2026-08-09
xy9-2,Bayleef,normal,BREAKpoint,2,Uncommon,Mizue,Stage 1,153,Pokémon,2016/02/03,"tcgplayer,cardmarket",https://prices.pokemontcg.io/tcgplayer/xy9-2,https://images.pokemontcg.io/xy9/2_hires.png,2026/08/08,2026/07/01,0.46,0.20000000298023224,0.46000000834465027,19.989999771118164,,2.37,,,,0.4614,0.0231,0.0923,3.622,0.05770000070333481,0.3922,0.5306,3.4605,3.1606,2.2724,1.1535,2026-08-09
swshp-SWSH002,Scorbunny,holofoil,SWSH Black Star Promos,SWSH002,Promo,Hitoshi Ariga,Basic,813,Pokémon,2019/11/15,"tcgplayer,cardmarket",https://prices.pokemontcg.io/tcgplayer/swshp-SWSH002,https://images.pokemontcg.io/swshp/SWSH002_hires.png,2026/08/08,2026/06/30,3.65,1.7899999618530273,3.9600000381469727,43.0,,,,,,2.8261,1.1535,2.5146,0.0,2.249300003051758,2.307,2.0878,0.0,0.0,0.0,1.1535,2026-08-09
bw6-11,Ninjask,normal,Dragons Exalted,11,Uncommon,Masakazu Fukuda,Stage 1,291,Pokémon,2012/08/15,"tcgplayer,cardmarket",https://prices.pokemontcg.io/tcgplayer/bw6-11,https://images.pokemontcg.io/bw6/11_hires.png,2026/08/08,2026/07/01,0.47,0.23999999463558197,0.49000000953674316,87.26000213623047,,1.73,,,,0.4383,0.0231,0.4614,0.0,0.911300003528595,0.4499,0.3576,1.7302,1.7995,1.0612,1.1535,2026-08-09
base2-4,Jolteon,1stEditionHolofoil,Jungle,4,Rare Holo,Kagemaru Himeno,Stage 1,135,Pokémon,1999/06/16,"tcgplayer,cardmarket",https://prices.pokemontcg.io/tcgplayer/base2-4,https://images.pokemontcg.io/base2/4_hires.png,2026/08/08,2026/07/01,243.46,155.75,241.0500030517578,1909.800048828125,,,,,"{""unlimitedHolofoil"": {""low"": 59.27, ""mid"": 72.44, ""high"": 299.99, ""market"": 99.08, ""directLow"": 67.48}}",49.439,5.7675,47.628,0.0,17.66010093688965,49.0699,47.455,12.4924,21.6973,22.2972,1.1535,2026-08-09
pop3-10,High Pressure System,normal,POP Series 3,10,Uncommon,Ken Ikuji,Stadium,,Trainer,2006/04/01,"tcgplayer,cardmarket",https://prices.pokemontcg.io/tcgplayer/pop3-10,https://images.pokemontcg.io/pop3/10_hires.png,2026/08/08,2026/07/01,9.77,2.200000047683716,3.75,5.489999771118164,,,,,,4.6025,0.5652,3.0222,0.0,4.602499961853027,3.8527,2.6646,11.535,4.441,4.441,1.1535,2026-08-09
neo2-3,Hitmontop,1stEditionHolofoil,Neo Discovery,3,Rare Holo,Sumiyoshi Kizuki,Basic,237,Pokémon,2001/06/01,"tcgplayer,cardmarket",https://prices.pokemontcg.io/tcgplayer/neo2-3,https://images.pokemontcg.io/neo2/3_hires.png,2026/08/08,2026/07/01,192.45,49.0,98.98999786376953,640.0,,,,,"{""unlimitedHolofoil"": {""low"": 13.49, ""mid"": 21.0, ""high"": 350.97, ""market"": 20.55, ""directLow"": null}}",15.6184,1.7302,17.5217,0.0,11.085100173950195,15.7568,15.0416,3.1721,10.0931,8.236,1.1535,2026-08-09
xy1-10,Pansage,normal,XY,10,Common,Midori Harada,Basic,511,Pokémon,2014/02/05,"tcgplayer,cardmarket",https://prices.pokemontcg.io/tcgplayer/xy1-10,https://images.pokemontcg.io/xy1/10_hires.png,2026/08/08,2026/07/01,0.28,0.10000000149011612,0.27000001072883606,19.979999542236328,,0.53,,,,0.1269,0.0231,0.0923,1.4419,0.05770000070333481,0.15,0.173,0.5767,1.0151,0.7613,1.1535,2026-08-09
sm1-11,Decidueye,normal,Sun & Moon,11,Rare,Kouki Saitou,Stage 2,724,Pokémon,2017/02/03,"tcgplayer,cardmarket",https://prices.pokemontcg.io/tcgplayer/sm1-11,https://images.pokemontcg.io/sm1/11_hires.png,2026/08/08,2026/07/01,0.16,0.05000000074505806,0.25,4.0,,0.38,,,,0.4037,0.0231,0.4499,0.3691,0.05770000070333481,0.5075,0.3345,0.2999,0.3807,0.5306,1.1535,2026-08-09
sma-SV4,Wimpod,holofoil,Hidden Fates Shiny Vault,SV4,Rare Shiny,SATOSHI NAKAI,Basic,767,Pokémon,2019/08/23,"tcgplayer,cardmarket",https://prices.pokemontcg.io/tcgplayer/sma-SV4,https://images.pokemontcg.io/sma/SV4_hires.png,2026/08/08,2026/07/01,2.5,0.9900000095367432,2.549999952316284,6.989999771118164,,,,,,2.6646,1.1535,2.7107,0.0,3.4374001026153564,2.7223,2.3993,1.488,2.8145,3.4836,1.1535,2026-08-09
xy8-7,Chespin,normal,BREAKthrough,7,Common,Megumi Mizutani,Basic,650,Pokémon,2015/11/04,"tcgplayer,cardmarket",https://prices.pokemontcg.io/tcgplayer/xy8-7,https://images.pokemontcg.io/xy8/7_hires.png,2026/08/08,2026/07/01,0.38,0.20000000298023224,0.3799999952316284,19.979999542236328,,0.82,,,,0.3807,0.0231,0.2884,0.8074,0.11540000140666962,0.2768,0.3807,0.3345,0.9689,1.7533,1.1535,2026-08-09
bw5-9,Karrablast,normal,Dark Explorers,9,Common,Kagemaru Himeno,Basic,588,Pokémon,2012/05/09,"tcgplayer,cardmarket",https://prices.pokemontcg.io/tcgplayer/bw5-9,https://images.pokemontcg.io/bw5/9_hires.png,2026/08/08,2026/07/01,0.28,0.17000000178813934,0.2800000011920929,2.990000009536743,,0.45,,,,0.1384,0.0231,0.1846,0.4499,0.08070000261068344,0.1384,0.15,0.5652,0.7267,0.646,1.1535,2026-08-09
neo4-12,Light Arcanine,,Neo Destiny,12,Rare Holo,Atsuko Nishida,Stage 1,59,Pokémon,2002/02/28,"tcgplayer,cardmarket",https://prices.pokemontcg.io/tcgplayer/neo4-12,https://images.pokemontcg.io/neo4/12_hires.png,2026/08/08,2026/07/01,,,,,,,,,"{""unlimitedHolofoil"": {""low"": 176.95, ""mid"": 245.0, ""high"": 9999.0, ""market"": 380.39, ""directLow"": null}}",108.1637,34.605,211.7595,0.0,461.38848876953125,201.3434,153.7269,34.5935,47.5357,54.3645,1.1535,2026-08-09
ecard2-H14,Kingdra,holofoil,Aquapolis,H14,Rare Holo,Atsuko Nishida,Stage 2,230,Pokémon,2003/01/15,"tcgplayer,cardmarket",https://prices.pokemontcg.io/tcgplayer/ecard2-H14,https://images.pokemontcg.io/ecard2/H14_hires.png,2026/08/08,2026/07/01,196.57,350.0,574.0599975585938,798.1099853515625,,,,,,74.9544,13.842,103.9188,0.0,46.13999938964844,82.0485,98.7627,26.3344,21.3051,17.9715,1.1535,2026-08-09
dp3-14,Lugia,holofoil,Secret Wonders,14,Rare Holo,Kazuyuki Kano,Basic,249,Pokémon,2007/11/01,"tcgplayer,cardmarket",https://prices.pokemontcg.io/tcgplayer/dp3-14,https://images.pokemontcg.io/dp3/14_hires.png,2026/08/08,2026/07/01,117.95,90.0,201.69000244140625,1000.0,,153.0,,,,41.0531,3.4605,40.6147,10.8083,26.530500411987305,25.8269,30.0256,9.228,10.4738,19.448,1.1535,2026-08-09
ex6-7,Marowak,normal,FireRed & LeafGreen,7,Rare Holo,Aya Kusube,Stage 1,105,Pokémon,2004/09/01,"tcgplayer,cardmarket",https://prices.pokemontcg.io/tcgplayer/ex6-7,https://images.pokemontcg.io/ex6/7_hires.png,2026/08/08,2026/07/01,33.33,133.74000549316406,234.14999389648438,450.0,36.28,44.78,,,,15.7222,4.1526,18.7444,34.7896,13.830499649047852,14.7533,15.6415,40.3725,27.7532,21.9742,1.1535,2026-08-09
sm2-11,Litwick,normal,Guardians Rising,11,Common,Mitsuhiro Arita,Basic,607,Pokémon,2017/05/05,"tcgplayer,cardmarket",https://prices.pokemontcg.io/tcgplayer/sm2-11,https://images.pokemontcg.io/sm2/11_hires.png,2026/08/08,2026/07/01,0.2,0.03999999910593033,0.20000000298023224,19.979999542236328,,0.41,,,,0.0577,0.0231,0.1154,0.4499,0.03460000082850456,0.1269,0.0692,0.346,0.3922,0.3345,1.1535,2026-08-09
bwp-BW004,Reshiram,holofoil,BW Black Star Promos,BW004,Promo,5ban Graphics,Basic,643,Pokémon,2011/03/01,tcgplayer,https://prices.pokemontcg.io/tcgplayer/bwp-BW004,https://images.pokemontcg.io/bwp/BW004_hires.png,2026/08/08,,4.56,2.890000104904175,4.949999809265137,190.91000366210938,,,,,,,,,,,,,,,,,2026-08-09
pop5-7,Rare Candy,normal,POP Series 5,7,Uncommon,Ryo Ueda,Item,,Trainer,2007/03/01,"tcgplayer,cardmarket",https://prices.pokemontcg.io/tcgplayer/pop5-7,https://images.pokemontcg.io/pop5/7_hires.png,2026/08/08,2026/07/01,23.0,25.549999237060547,28.389999389648438,274.7200012207031,,,,,,2.307,2.2955,9.7471,0.0,2.306999921798706,10.1277,5.3176,8.0745,8.0745,8.0745,1.1535,2026-08-09
base3-12,Moltres,1stEditionHolofoil,Fossil,12,Rare Holo,Mitsuhiro Arita,Basic,146,Pokémon,1999/10/10,"tcgplayer,cardmarket",https://prices.pokemontcg.io/tcgplayer/base3-12,https://images.pokemontcg.io/base3/12_hires.png,2026/08/08,2026/07/01,190.86,142.6699981689453,173.6999969482422,1572.5999755859375,,,,,"{""unlimitedHolofoil"": {""low"": 40.0, ""mid"": 47.24, ""high"": 400.0, ""market"": 68.56, ""directLow"": null}}",71.4016,6.921,53.1994,0.0,46.13999938964844,59.7282,68.4602,77.8612,39.8996,32.1596,1.1535,2026-08-09
ex15-1,Ampharos δ,holofoil,Dragon Frontiers,1,Rare Holo,Kagemaru Himeno,Stage 2,181,Pokémon,2006/11/01,"tcgplayer,cardmarket",https://prices.pokemontcg.io/tcgplayer/ex15-1,https://images.pokemontcg.io/ex15/1_hires.png,2026/08/08,2026/07/01,53.22,49.9900016784668,75.0,739.1500244140625,,103.99,,,,21.5704,2.307,24.7887,45.3325,4.602499961853027,39.6689,18.0984,51.9075,58.2056,27.2803,1.1535,2026-08-09
xy0-5,Chesnaught,normal,Kalos Starter Set,5,,5ban Graphics,Stage 2,652,Pokémon,2013/11/08,"tcgplayer,cardmarket",https://prices.pokemontcg.io/tcgplayer/xy0-5,https://images.pokemontcg.io/xy0/5_hires.png,2026/08/08,2026/07/01,3.54,0.6399999856948853,2.7200000286102295,62.5,3.36,,,,,0.6575,0.3345,2.2032,1.7302,4.014200210571289,2.0417,2.8722,1.7302,3.0683,2.3531,1.1535,2026-08-09
dp2-5,Blissey,holofoil,Mysterious Treasures,5,Rare Holo,Kagemaru Himeno,Stage 1,242,Pokémon,2007/08/01,"tcgplayer,cardmarket",https://prices.pokemontcg.io/tcgplayer/dp2-5,https://images.pokemontcg.io/dp2/5_hires.png,2026/08/08,2026/07/01,9.75,6.0,14.0,79.9000015258789,,7.3,,,,4.1641,0.5767,3.4374,3.1837,1.4419000148773193,5.0869,3.8642,3.4605,4.5333,4.4294,1.1535,2026-08-09
ru1-11,Diglett,normal,Pokémon Rumble,11,,Pokemon Rumble,Basic,50,Pokémon,2009/12/02,"tcgplayer,cardmarket",https://prices.pokemontcg.io/tcgplayer/ru1-11,https://images.pokemontcg.io/ru1/11_hires.png,2026/08/08,2026/07/01,129.96,80.06999969482422,119.98999786376953,969.9000244140625,,,,,,23.3584,28.7798,46.6937,0.0,12.68850040435791,32.4018,32.0904,5.7675,7.4747,7.4747,1.1535,2026-08-09
pop8-5,Yanmega,normal,POP Series 8,5,Rare,Ken Sugimori,Stage 1,469,Pokémon,2008/09/01,"tcgplayer,cardmarket",https://prices.pokemontcg.io/tcgplayer/pop8-5,https://images.pokemontcg.io/pop8/5_hires.png,2026/08/08,2026/07/01,4.79,2.240000009536743,4.730000019073486,53.099998474121094,6.66,,,,,3.3105,0.5767,3.3567,0.0,4.602499961853027,4.5563,2.4916,10.3815,2.5492,1.4073,1.1535,2026-08-09
ex16-3,Armaldo,holofoil,Power Keepers,3,Rare Holo,Ken Sugimori,Stage 2,348,Pokémon,2007/02/02,"tcgplayer,cardmarket",https://prices.pokemontcg.io/tcgplayer/ex16-3,https://images.pokemontcg.io/ex16/3_hires.png,2026/08/08,2026/07/01,14.25,5.690000057220459,36.0,199.89999389648438,,0.35,,,,4.9716,1.1535,4.764,11.7657,3.4028000831604004,4.7293,5.0062,3.4605,10.5776,8.7551,1.1535,2026-08-09
hgss2-11,Xatu,holofoil,HS—Unleashed,11,Rare Holo,sui,Stage 1,178,Pokémon,2010/05/12,"tcgplayer,cardmarket",https://prices.pokemontcg.io/tcgplayer/hgss2-11,https://images.pokemontcg.io/hgss2/11_hires.png,2026/08/08,2026/07/01,7.95,3.869999885559082,8.880000114440918,99.9000015258789,,5.76,,,,2.653,0.5652,2.4224,5.3061,0.6344000101089478,2.5146,2.653,3.4605,4.8447,3.1721,1.1535,2026-08-09
ex12-14,Wailord,holofoil,Legend Maker,14,Rare Holo,Kouki Saitou,Stage 1,321,Pokémon,2006/02/01,"tcgplayer,cardmarket",https://prices.pokemontcg.io/tcgplayer/ex12-14,https://images.pokemontcg.io/ex12/14_hires.png,2026/08/08,2026/07/01,53.36,27.270000457763672,56.95000076293945,522.9000244140625,,44.16,,,,11.4197,0.7959,7.6016,31.6174,5.190700054168701,11.2466,10.6583,27.6725,32.3557,25.2732,1.1535,2026-08-09
ex15-2,Feraligatr δ,holofoil,Dragon Frontiers,2,Rare Holo,Kouki Saitou,Stage 2,160,Pokémon,2006/11/01,"tcgplayer,cardmarket",https://prices.pokemontcg.io/tcgplayer/ex15-2,https://images.pokemontcg.io/ex15/2_hires.png,2026/08/08,2026/07/01,69.45,38.0,61.45000076293945,501.9700012207031,,111.5,,,,11.4658,2.307,9.4702,44.7212,13.842000007629395,11.3043,11.708,5.7675,37.6964,51.1693,1.1535,2026-08-09
sm35-4,Shroomish,normal,Shining Legends,4,Common,kawayoo,Basic,285,Pokémon,2017/10/06,"tcgplayer,cardmarket",https://prices.pokemontcg.io/tcgplayer/sm35-4,https://images.pokemontcg.io/sm35/4_hires.png,2026/08/08,2026/07/01,0.23,0.029999999329447746,0.2199999988079071,19.979999542236328,,0.39,,,,0.1038,0.0231,0.1154,0.4729,0.17299999296665192,0.0807,0.0807,0.8651,0.5191,0.4383,1.1535,2026-08-09
xy3-3,Victreebel,holofoil,Furious Fists,3,Rare Holo,Sanosuke Sakuma,Stage 2,71,Pokémon,2014/08/13,"tcgplayer,cardmarket",https://prices.pokemontcg.io/tcgplayer/xy3-3,https://images.pokemontcg.io/xy3/3_hires.png,2026/08/08,2026/07/01,0.9,0.5,0.8999999761581421,19.979999542236328,,1.04,,,,1.5803,0.0577,1.4649,2.9991,0.8073999881744385,1.4303,1.315,1.7764,2.0648,1.8341,1.1535,2026-08-09
det1-13,Machamp,holofoil,Detective Pikachu,13,Rare,MPC Film,Stage 2,68,Pokémon,2019/04/05,"tcgplayer,cardmarket",https://prices.pokemontcg.io/tcgplayer/det1-13,https://images.pokemontcg.io/det1/13_hires.png,2026/08/08,2026/07/01,1.79,0.5,1.7000000476837158,3.2300000190734863,,,,,,1.5342,0.0923,1.1996,0.5767,0.51910001039505,1.488,1.6034,0.5767,2.3762,2.1455,1.1535,2026-08-09
gym2-13,Misty's Gyarados,1stEditionHolofoil,Gym Challenge,13,Rare Holo,Ken Sugimori,Stage 1,130,Pokémon,2000/10/16,"tcgplayer,cardmarket",https://prices.pokemontcg.io/tcgplayer/gym2-13,https://images.pokemontcg.io/gym2/13_hires.png,2026/08/08,2026/07/01,348.33,3799.989990234375,3999.989990234375,9999.0,,,,,"{""unlimitedHolofoil"": {""low"": 116.95, ""mid"": 163.58, ""high"": 1621.59, ""market"": 159.14, ""directLow"": 177.99}}",160.2211,34.4896,149.805,0.0,22.954599380493164,161.3054,146.3907,44.9865,51.5615,47.282,1.1535,2026-08-09
pl4-12,Zapdos G,holofoil,Arceus,12,Rare Holo,Ryota Saito,Basic|SP,145,Pokémon,2009/11/04,"tcgplayer,cardmarket",https://prices.pokemontcg.io/tcgplayer/pl4-12,https://images.pokemontcg.io/pl4/12_hires.png,2026/08/08,2026/07/01,17.31,13.979999542236328,17.65999984741211,169.89999389648438,,31.14,,,,6.1828,0.9228,3.795,7.567,5.767499923706055,4.1065,6.7826,16.149,7.0363,10.0239,1.1535,2026-08-09
pop7-13,Corsola,normal,POP Series 7,13,Common,Midori Harada,Basic,222,Pokémon,2008/03/01,"tcgplayer,cardmarket",https://prices.pokemontcg.io/tcgplayer/pop7-13,https://images.pokemontcg.io/pop7/13_hires.png,2026/08/08,2026/07/01,1.94,0.699999988079071,2.200000047683716,33.099998474121094,,,,,,1.0381,0.5767,1.0728,0.0,1.7187000513076782,0.9805,0.9343,0.2192,0.2192,0.2192,1.1535,2026-08-09
dpp-DP11,Empoleon LV.X,holofoil,DP Black Star Promos,DP11,Promo,Shizurow,Level-Up,395,Pokémon,2007/05/01,tcgplayer,https://prices.pokemontcg.io/tcgplayer/dpp-DP11,https://images.pokemontcg.io/dpp/DP11_hires.png,2026/08/08,,84.16,34.0,81.95999908447266,1177.4000244140625,,,,,,,,,,,,,,,,,2026-08-09
sm12-11,Cradily,normal,Cosmic Eclipse,11,Rare,otumami,Stage 2,346,Pokémon,2019/11/01,"tcgplayer,cardmarket",https://prices.pokemontcg.io/tcgplayer/sm12-11,https://images.pokemontcg.io/sm12/11_hires.png,2026/08/08,2026/06/27,0.63,0.10000000149011612,0.6399999856948853,19.979999542236328,,1.36,,,,0.4729,0.0577,0.496,2.2032,0.5074999928474426,0.496,0.5421,2.8722,1.9494,1.3496,1.1535,2026-08-09
xy9-3,Meganium,holofoil,BREAKpoint,3,Rare Holo,kawayoo,Stage 2,154,Pokémon,2016/02/03,"tcgplayer,cardmarket",https://prices.pokemontcg.io/tcgplayer/xy9-3,https://images.pokemontcg.io/xy9/3_hires.png,2026/08/08,2026/07/01,2.2,0.4000000059604645,2.1500000953674316,1538.18994140625,,3.44,,,,4.4179,0.5767,3.8181,0.0,4.613999843597412,4.0373,2.3301,0.4037,0.4037,0.5421,1.1535,2026-08-09
base1-11,Nidoking,holofoil,Base,11,Rare Holo,Ken Sugimori,Stage 2,34,Pokémon,1999/01/09,"tcgplayer,cardmarket",https://prices.pokemontcg.io/tcgplayer/base1-11,https://images.pokemontcg.io/base1/11_hires.png,2026/08/08,2026/07/01,38.02,17.790000915527344,29.989999771118164,388.8800048828125,,,,,,228.3815,57.675,157.7988,0.0,513.3074951171875,185.3674,125.4547,0.0,0.0,0.0,1.1535,2026-08-09
xyp-XY04,Sylveon,holofoil,XY Black Star Promos,XY04,Promo,5ban Graphics,Stage 1,700,Pokémon,2013/10/12,"tcgplayer,cardmarket",https://prices.pokemontcg.io/tcgplayer/xyp-XY04,https://images.pokemontcg.io/xyp/XY04_hires.png,2026/08/08,2026/07/01,47.13,26.5,49.0,209.89999389648438,,,,,,21.086,0.4614,17.6716,0.0,7.959199905395508,20.1055,21.2475,5.7675,3.9104,4.787,1.1535,2026-08-09
dv1-14,Fraxure,holofoil,Dragon Vault,14,Rare Holo,Shin Nagasawa,Stage 1,611,Pokémon,2012/10/05,"tcgplayer,cardmarket",https://prices.pokemontcg.io/tcgplayer/dv1-14,https://images.pokemontcg.io/dv1/14_hires.png,2026/08/08,2026/07/01,1.86,0.6000000238418579,1.5700000524520874,19.979999542236328,,,,,,2.0071,0.15,2.48,2.307,4.198699951171875,2.3993,2.3993,1.1535,2.2609,1.5918,1.1535,2026-08-09
pop6-11,Bidoof,normal,POP Series 6,11,Common,Mitsuhiro Arita,Basic,399,Pokémon,2007/09/01,"tcgplayer,cardmarket",https://prices.pokemontcg.io/tcgplayer/pop6-11,https://images.pokemontcg.io/pop6/11_hires.png,2026/08/08,2026/07/01,34.33,20.780000686645508,34.9900016784668,395.0,,,,,,9.228,6.921,11.3389,0.0,11.523500442504883,11.8234,9.3087,0.0,0.0,0.0,1.1535,2026-08-09
xy12-4,Metapod,normal,Evolutions,4,Uncommon,Ken Sugimori,Stage 1,11,Pokémon,2016/11/02,"tcgplayer,cardmarket",https://prices.pokemontcg.io/tcgplayer/xy12-4,https://images.pokemontcg.io/xy12/4_hires.png,2026/08/08,2026/07/01,0.26,0.03999999910593033,0.25,19.979999542236328,,0.41,,,,0.1038,0.0231,0.1384,0.5883,0.023099999874830246,0.0807,0.1154,2.307,0.8997,0.6921,1.1535,2026-08-09
sm4-3,Beedrill,normal,Crimson Invasion,3,Rare,kirisAki,Stage 2,15,Pokémon,2017/11/03,"tcgplayer,cardmarket",https://prices.pokemontcg.io/tcgplayer/sm4-3,https://images.pokemontcg.io/sm4/3_hires.png,2026/08/08,2026/07/01,0.35,0.09000000357627869,0.33000001311302185,19.979999542236328,,0.45,,,,0.1846,0.0231,0.173,0.8421,0.3345000147819519,0.173,0.2192,0.346,0.7382,0.7036,1.1535,2026-08-09
dp1-11,Palkia,holofoil,Diamond & Pearl,11,Rare Holo,Nakaoka,Basic,484,Pokémon,2007/05/01,"tcgplayer,cardmarket",https://prices.pokemontcg.io/tcgplayer/dp1-11,https://images.pokemontcg.io/dp1/11_hires.png,2026/08/08,2026/07/01,25.78,9.5,21.899999618530273,102.0,,8.99,,,,5.5137,0.5767,6.1828,4.0719,4.383299827575684,7.244,7.1171,10.3815,3.8296,4.3372,1.1535,2026-08-09
ex10-11,Poliwrath,holofoil,Unseen Forces,11,Rare Holo,Hajime Kusajima,Stage 2,62,Pokémon,2005/08/01,"tcgplayer,cardmarket",https://prices.pokemontcg.io/tcgplayer/ex10-11,https://images.pokemontcg.io/ex10/11_hires.png,2026/08/08,2026/07/01,30.9,24.360000610351562,35.9900016784668,299.8999938964844,,97.5,,,,6.6903,1.9494,13.5075,26.9804,9.458700180053711,8.7089,11.1197,11.5235,20.2555,22.8508,1.1535,2026-08-09
pl2-8,Lucario GL,holofoil,Rising Rivals,8,Rare Holo,Kagemaru Himeno,Basic|SP,448,Pokémon,2009/05/16,"tcgplayer,cardmarket",https://prices.pokemontcg.io/tcgplayer/pl2-8,https://images.pokemontcg.io/pl2/8_hires.png,2026/08/08,2026/07/01,27.87,21.829999923706055,34.189998626708984,243.0,,27.07,,,,5.7906,0.0577,5.779,13.7382,5.75600004196167,5.0523,6.3558,23.0585,11.385,7.7746,1.1535,2026-08-09
ex9-12,Chimecho,normal,Emerald,12,Rare,Kagemaru Himeno,Basic,358,Pokémon,2005/05/01,"tcgplayer,cardmarket",https://prices.pokemontcg.io/tcgplayer/ex9-12,https://images.pokemontcg.io/ex9/12_hires.png,2026/08/08,2026/07/01,2.04,1.0,2.0,30.899999618530273,,26.84,,,,1.1766,0.1038,1.2458,9.228,1.1649999618530273,0.9689,1.5918,9.228,12.9307,8.7435,1.1535,2026-08-09
ecard3-H7,Flareon,,Skyridge,H7,Rare Holo,Kyoko Umemoto,Stage 1,136,Pokémon,2003/05/12,cardmarket,https://prices.pokemontcg.io/cardmarket/ecard3-H7,https://images.pokemontcg.io/ecard3/H7_hires.png,,2026/07/01,,,,,,,,,,126.885,69.1754,433.9467,0.0,69.20999908447266,453.1755,339.452,17.291,106.9756,57.1675,1.1535,2026-08-09
sm8-10,Ariados,normal,Lost Thunder,10,Uncommon,Suwama Chiaki,Stage 1,168,Pokémon,2018/11/02,"tcgplayer,cardmarket",https://prices.pokemontcg.io/tcgplayer/sm8-10,https://images.pokemontcg.io/sm8/10_hires.png,2026/08/08,2026/07/01,0.21,0.05000000074505806,0.23999999463558197,19.979999542236328,,0.44,,,,0.0807,0.0231,0.0923,1.3265,0.09229999780654907,0.1154,0.1269,2.307,1.0381,0.8074,1.1535,2026-08-09
sm6-5,Scatterbug,normal,Forbidden Light,5,Common,kirisAki,Basic,664,Pokémon,2018/05/04,"tcgplayer,cardmarket",https://prices.pokemontcg.io/tcgplayer/sm6-5,https://images.pokemontcg.io/sm6/5_hires.png,2026/08/08,2026/07/01,0.2,0.019999999552965164,0.23000000417232513,19.979999542236328,,0.41,,,,0.1384,0.0231,0.1615,0.5421,0.10379999876022339,0.1384,0.1269,0.496,0.5767,0.4383,1.1535,2026-08-09
base3-13,Muk,1stEditionHolofoil,Fossil,13,Rare Holo,Mitsuhiro Arita,Stage 1,89,Pokémon,1999/10/10,"tcgplayer,cardmarket",https://prices.pokemontcg.io/tcgplayer/base3-13,https://images.pokemontcg.io/base3/13_hires.png,2026/08/08,2026/07/01,56.97,34.9900016784668,49.9900016784668,420.0,,,,,"{""unlimitedHolofoil"": {""low"": 4.4, ""mid"": 9.27, ""high"": 97.0, ""market"": 10.87, ""directLow"": 10.18}}",10.2892,0.5767,6.1482,0.0,9.07800006866455,7.5439,10.0816,17.8331,8.7551,6.7826,1.1535,2026-08-09
bw8-9,Swadloon,normal,Plasma Storm,9,Uncommon,Kyoko Umemoto,Stage 1,541,Pokémon,2013/02/06,"tcgplayer,cardmarket",https://prices.pokemontcg.io/tcgplayer/bw8-9,https://images.pokemontcg.io/bw8/9_hires.png,2026/08/08,2026/07/01,0.4,0.20000000298023224,0.4000000059604645,17.6200008392334,,5.0,,,,0.2999,0.0231,0.3576,0.0,0.28839999437332153,0.2999,0.3807,0.5767,1.2112,1.1304,1.1535,2026-08-09
smp-SM05,Snorlax-GX,holofoil,SM Black Star Promos,SM05,Promo,5ban Graphics,Basic|GX,143,Pokémon,2017/02/03,"tcgplayer,cardmarket",https://prices.pokemontcg.io/tcgplayer/smp-SM05,https://images.pokemontcg.io/smp/SM05_hires.png,2026/08/08,2026/07/01,16.72,8.989999771118164,16.760000228881836,9999.0,,,,,,8.5128,1.1535,6.0443,0.0,4.556300163269043,6.102,8.8127,11.5235,4.4871,3.6335,1.1535,2026-08-09
neo1-4,Feraligatr,1stEditionHolofoil,Neo Genesis,4,Rare Holo,Ken Sugimori,Stage 2,160,Pokémon,2000/12/16,"tcgplayer,cardmarket",https://prices.pokemontcg.io/tcgplayer/neo1-4,https://images.pokemontcg.io/neo1/4_hires.png,2026/08/08,2026/07/01,200.0,289.989990234375,349.2799987792969,4320.990234375,,,,,"{""unlimitedHolofoil"": {""low"": 73.0, ""mid"": 159.99, ""high"": 6494.81, ""market"": 121.39, ""directLow"": 155.25}}",58.3094,5.756,71.2517,0.0,53.52239990234375,50.6271,55.8871,19.6095,17.3371,21.1437,1.1535,2026-08-09
ex4-13,Raichu,normal,Team Magma vs Team Aqua,13,Rare,Ken Sugimori,Stage 1,26,Pokémon,2004/03/01,"tcgplayer,cardmarket",https://prices.pokemontcg.io/tcgplayer/ex4-13,https://images.pokemontcg.io/ex4/13_hires.png,2026/08/08,2026/07/01,13.85,12.1899995803833,14.979999542236328,104.9000015258789,,40.0,,,,3.8527,0.2884,4.3026,21.905,1.153499960899353,3.1837,3.299,46.1285,17.3025,19.1481,1.1535,2026-08-09
dp5-3,Darkrai,holofoil,Majestic Dawn,3,Rare Holo,Mitsuhiro Arita,Basic,491,Pokémon,2008/05/01,"tcgplayer,cardmarket",https://prices.pokemontcg.io/tcgplayer/dp5-3,https://images.pokemontcg.io/dp5/3_hires.png,2026/08/08,2026/07/01,53.72,65.0,76.6500015258789,549.7999877929688,,50.0,,,,18.9866,1.1535,12.7346,26.5074,5.767499923706055,13.9689,15.2723,3.5182,18.306,13.4498,1.1535,2026-08-09
swsh1-11,Grookey,normal,Sword & Shield,11,Common,Kouki Saitou,Basic,810,Pokémon,2020/02/07,"tcgplayer,cardmarket",https://prices.pokemontcg.io/tcgplayer/swsh1-11,https://images.pokemontcg.io/swsh1/11_hires.png,2026/08/08,2026/06/24,0.11,0.019999999552965164,0.20000000298023224,19.979999542236328,,0.24,,,,0.1269,0.0231,0.1615,0.3576,0.04610000178217888,0.1961,0.1154,0.323,0.3576,0.3345,1.1535,2026-08-09
xy2-14,Ponyta,normal,Flashfire,14,Common,Tomokazu Komiya,Basic,77,Pokémon,2014/05/07,"tcgplayer,cardmarket",https://prices.pokemontcg.io/tcgplayer/xy2-14,https://images.pokemontcg.io/xy2/14_hires.png,2026/08/08,2026/06/26,0.45,0.15000000596046448,0.4099999964237213,19.979999542236328,,1.25,,,,0.2538,0.0231,0.1961,1.0958,0.11540000140666962,0.2999,0.3114,0.8651,1.3496,1.0612,1.1535,2026-08-09
xy6-8,Dustox,normal,Roaring Skies,8,Rare,match,Stage 2,269,Pokémon,2015/05/06,"tcgplayer,cardmarket",https://prices.pokemontcg.io/tcgplayer/xy6-8,https://images.pokemontcg.io/xy6/8_hires.png,2026/08/08,2026/07/01,0.69,0.25,0.7099999785423279,45.0,,2.98,,,,1.2227,0.1154,1.1535,3.4374,0.911300003528595,1.0958,1.1535,0.5652,2.9876,3.2875,1.1535,2026-08-09
xy8-8,Chespin,normal,BREAKthrough,8,Common,Megumi Mizutani,Basic,650,Pokémon,2015/11/04,"tcgplayer,cardmarket",https://prices.pokemontcg.io/tcgplayer/xy8-8,https://images.pokemontcg.io/xy8/8_hires.png,2026/08/08,2026/07/01,0.36,0.12999999523162842,0.3700000047683716,9.989999771118164,,0.71,,,,0.2999,0.0231,0.3576,3.9911,0.10379999876022339,0.4268,0.323,2.5608,3.1837,1.811,1.1535,2026-08-09
hgss4-13,Ambipom,normal,HS—Triumphant,13,Rare,Naoyo Kimura,Stage 1,424,Pokémon,2010/11/03,"tcgplayer,cardmarket",https://prices.pokemontcg.io/tcgplayer/hgss4-13,https://images.pokemontcg.io/hgss4/13_hires.png,2026/08/08,2026/07/01,0.69,0.4699999988079071,0.7699999809265137,19.979999542236328,,2.32,,,,1.2227,0.173,1.2458,2.63,1.499500036239624,1.3727,1.0612,2.7338,2.6415,2.6877,1.1535,2026-08-09
gym1-12,Rocket's Moltres,1stEditionHolofoil,Gym Heroes,12,Rare Holo,Ken Sugimori,Basic,146,Pokémon,2000/08/14,"tcgplayer,cardmarket",https://prices.pokemontcg.io/tcgplayer/gym1-12,https://images.pokemontcg.io/gym1/12_hires.png,2026/08/08,2026/07/01,230.63,200.0,329.989990234375,399.989990234375,,,,,"{""unlimitedHolofoil"": {""low"": 62.0, ""mid"": 80.13, ""high"": 745.0, ""market"": 80.26, ""directLow"": null}}",75.4274,18.456,44.8365,0.0,92.22229766845703,69.1985,102.7999,14.984,36.0238,45.4248,1.1535,2026-08-09
hgss1-14,Ampharos,normal,HeartGold & SoulSilver,14,Rare,Masakazu Fukuda,Stage 2,181,Pokémon,2010/02/10,"tcgplayer,cardmarket",https://prices.pokemontcg.io/tcgplayer/hgss1-14,https://images.pokemontcg.io/hgss1/14_hires.png,2026/08/08,2026/07/01,6.76,4.309999942779541,6.960000038146973,1463.3900146484375,,23.89,,,,1.7187,0.1154,1.6841,6.3673,3.114500045776367,1.638,2.0648,8.8243,8.3052,5.4561,1.1535,2026-08-09
swsh35-13,Wailord V,holofoil,Champion's Path,13,Rare Holo V,PLANETA Mochizuki,Basic|V,321,Pokémon,2020/09/25,"tcgplayer,cardmarket",https://prices.pokemontcg.io/tcgplayer/swsh35-13,https://images.pokemontcg.io/swsh35/13_hires.png,2026/08/08,2026/07/01,1.72,0.7400000095367432,1.7599999904632568,39.9900016784668,,,,,,2.0071,0.8651,2.1109,0.0,2.1224000453948975,2.0071,1.9725,1.142,1.6841,2.1455,1.1535,2026-08-09
hsp-HGSS03,Pikachu,holofoil,HGSS Black Star Promos,HGSS03,Promo,Kanako Eo,Basic,25,Pokémon,2010/02/10,tcgplayer,https://prices.pokemontcg.io/tcgplayer/hsp-HGSS03,https://images.pokemontcg.io/hsp/HGSS03_hires.png,2026/08/08,,36.94,22.610000610351562,38.310001373291016,298.3999938964844,,,,,,,,,,,,,,,,,2026-08-09
base6-12,Gyarados,holofoil,Legendary Collection,12,Rare Holo,Mitsuhiro Arita,Stage 1,130,Pokémon,2002/05/24,"tcgplayer,cardmarket",https://prices.pokemontcg.io/tcgplayer/base6-12,https://images.pokemontcg.io/base6/12_hires.png,2026/08/08,2026/07/01,47.95,31.309999465942383,37.5,302.5,,156.39,,,,17.2794,3.4028,23.0585,244.1844,42.65639877319336,27.9839,31.2022,5.7675,212.89,140.5655,1.1535,2026-08-09
ex2-6,Jolteon,holofoil,Sandstorm,6,Rare Holo,Atsuko Nishida,Stage 1,135,Pokémon,2003/09/18,"tcgplayer,cardmarket",https://prices.pokemontcg.io/tcgplayer/ex2-6,https://images.pokemontcg.io/ex2/6_hires.png,2026/08/08,2026/07/01,125.0,243.99000549316406,349.989990234375,897.0,,167.19,,,,32.5864,17.3025,41.4914,23.07,49.60049819946289,37.5003,45.2057,23.07,24.7772,32.2519,1.1535,2026-08-09
hgss3-7,Scizor,holofoil,HS—Undaunted,7,Rare Holo,Kent Kanetsuna/Direc. Shinji Higuchi,Stage 1,212,Pokémon,2010/08/18,"tcgplayer,cardmarket",https://prices.pokemontcg.io/tcgplayer/hgss3-7,https://images.pokemontcg.io/hgss3/7_hires.png,2026/08/08,2026/07/01,57.94,41.5,57.939998626708984,940.0,,60.0,,,,16.6565,1.4419,12.6193,7.8553,10.369999885559082,14.5572,15.5723,6.8633,7.4747,14.2227,1.1535,2026-08-09
bw2-6,Swadloon,normal,Emerging Powers,6,Uncommon,MAHOU,Stage 1,541,Pokémon,2011/08/31,"tcgplayer,cardmarket",https://prices.pokemontcg.io/tcgplayer/bw2-6,https://images.pokemontcg.io/bw2/6_hires.png,2026/08/08,2026/07/01,0.46,0.05000000074505806,0.4399999976158142,19.979999542236328,,0.95,,,,0.2538,0.0231,0.2307,0.7267,0.11540000140666962,0.1615,0.2307,0.2307,0.6921,0.7382,1.1535,2026-08-09
sm5-13,Leafeon-GX,holofoil,Ultra Prism,13,Rare Holo GX,5ban Graphics,Stage 1|GX,470,Pokémon,2018/02/02,"tcgplayer,cardmarket",https://prices.pokemontcg.io/tcgplayer/sm5-13,https://images.pokemontcg.io/sm5/13_hires.png,2026/08/08,2026/06/23,9.15,4.739999771118164,9.25,61.52000045776367,,,,,,5.8598,1.7302,5.9751,0.0,6.805600166320801,6.6903,5.5829,5.1331,4.9831,5.2254,1.1535,2026-08-09
sm75-11,Reshiram-GX,holofoil,Dragon Majesty,11,Rare Holo GX,PLANETA Otani,Basic|GX,643,Pokémon,2018/09/07,"tcgplayer,cardmarket",https://prices.pokemontcg.io/tcgplayer/sm75-11,https://images.pokemontcg.io/sm75/11_hires.png,2026/08/08,2026/07/01,9.18,5.400000095367432,9.579999923706055,96.27999877929688,,,,,,9.8394,1.0381,8.905,0.0,5.767499923706055,9.897,9.2511,4.614,4.937,6.4481,1.1535,2026-08-09
sm3-10,Ledian,normal,Burning Shadows,10,Rare,Atsuko Nishida,Stage 1,166,Pokémon,2017/08/05,"tcgplayer,cardmarket",https://prices.pokemontcg.io/tcgplayer/sm3-10,https://images.pokemontcg.io/sm3/10_hires.png,2026/08/08,2026/06/30,0.31,0.10000000149011612,0.3100000023841858,3.0,,0.43,,,,0.2192,0.0231,0.2307,0.3345,0.46140000224113464,0.173,0.2307,0.4729,0.6575,0.5191,1.1535,2026-08-09
g1-3,Caterpie,normal,Generations,3,Common,Sumiyoshi Kizuki,Basic,10,Pokémon,2016/02/22,"tcgplayer,cardmarket",https://prices.pokemontcg.io/tcgplayer/g1-3,https://images.pokemontcg.io/g1/3_hires.png,2026/08/08,2026/07/01,0.29,0.009999999776482582,0.27000001072883606,19.979999542236328,,0.68,,,,0.1961,0.0231,0.1615,0.9574,0.23070000112056732,0.1615,0.1846,0.4614,0.8997,0.9228,1.1535,2026-08-09
ex14-9,Mawile,holofoil,Crystal Guardians,9,Rare Holo,Kagemaru Himeno,Basic,303,Pokémon,2006/08/01,"tcgplayer,cardmarket",https://prices.pokemontcg.io/tcgplayer/ex14-9,https://images.pokemontcg.io/ex14/9_hires.png,2026/08/08,2026/07/01,27.6,9.0,27.719999313354492,232.8000030517578,,40.24,,,,6.4596,1.2689,2.9876,10.1508,6.921000003814697,6.8403,8.9512,11.7196,10.9929,9.1242,1.1535,2026-08-09
ecard1-3,Arbok,holofoil,Expedition Base Set,3,Rare Holo,Kyoko Umemoto,Stage 1,24,Pokémon,2002/09/15,"tcgplayer,cardmarket",https://prices.pokemontcg.io/tcgplayer/ecard1-3,https://images.pokemontcg.io/ecard1/3_hires.png,2026/08/08,2026/07/01,137.5,99.98999786376953,173.77000427246094,1463.0999755859375,,44.16,,,,61.9199,4.0373,39.5881,17.8792,43.82149887084961,28.5722,41.9067,17.3025,16.4028,12.9653,1.1535,2026-08-09
xy4-10,Talonflame,normal,Phantom Forces,10,Rare,Mitsuhiro Arita,Stage 2,663,Pokémon,2014/11/05,"tcgplayer,cardmarket",https://prices.pokemontcg.io/tcgplayer/xy4-10,https://images.pokemontcg.io/xy4/10_hires.png,2026/08/08,2026/07/01,0.43,0.15000000596046448,0.4300000071525574,1.8899999856948853,,0.6,,,,0.0,0.173,1.4534,0.0,1.499500036239624,1.7649,1.6956,0.5767,0.6806,0.6806,1.1535,2026-08-09
dc1-3,Team Aqua's Spheal,normal,Double Crisis,3,Common,Sanosuke Sakuma,Basic,363,Pokémon,2015/03/25,"tcgplayer,cardmarket",https://prices.pokemontcg.io/tcgplayer/dc1-3,https://images.pokemontcg.io/dc1/3_hires.png,2026/08/08,2026/07/01,4.27,1.0,4.170000076293945,96.62999725341797,,16.79,,,,8.6397,1.0958,7.4285,25.0886,4.037300109863281,7.8553,6.3904,16.149,15.7683,11.2697,1.1535,2026-08-09
bw11-14,Crustle,normal,Legendary Treasures,14,Uncommon,Naoki Saito,Stage 1,558,Pokémon,2013/11/06,"tcgplayer,cardmarket",https://prices.pokemontcg.io/tcgplayer/bw11-14,https://images.pokemontcg.io/bw11/14_hires.png,2026/08/08,2026/07/01,0.67,0.15000000596046448,0.6000000238418579,9.989999771118164,,3.09,,,,0.9113,0.346,0.7728,2.8838,0.1615000069141388,0.7728,0.5883,2.8838,1.7995,1.4534,1.1535,2026-08-09
bw1-9,Petilil,normal,Black & White,9,Common,Kagemaru Himeno,Basic,548,Pokémon,2011/04/25,"tcgplayer,cardmarket",https://prices.pokemontcg.io/tcgplayer/bw1-9,https://images.pokemontcg.io/bw1/9_hires.png,2026/08/08,2026/07/01,0.36,0.10000000149011612,0.27000001072883606,19.979999542236328,,3.6,,,,0.1846,0.0231,0.173,0.5191,0.17299999296665192,0.1846,0.15,0.323,0.7498,1.3727,1.1535,2026-08-09
base4-12,Nidoqueen,holofoil,Base Set 2,12,Rare Holo,Ken Sugimori,Stage 2,31,Pokémon,2000/02/24,"tcgplayer,cardmarket",https://prices.pokemontcg.io/tcgplayer/base4-12,https://images.pokemontcg.io/base4/12_hires.png,2026/08/08,2026/07/01,32.28,17.770000457763672,29.860000610351562,199.8800048828125,,,,,,29.1836,9.1588,23.7506,0.0,13.32289981842041,21.7896,27.9954,19.0328,15.3531,14.834,1.1535,2026-08-09
pop4-11,Mudkip,normal,POP Series 4,11,Common,Masakazu Fukuda,Basic,258,Pokémon,2006/08/01,"tcgplayer,cardmarket",https://prices.pokemontcg.io/tcgplayer/pop4-11,https://images.pokemontcg.io/pop4/11_hires.png,2026/08/08,2026/07/01,36.52,34.9900016784668,48.0099983215332,369.79998779296875,71.1,,,,,13.9343,0.5767,15.9183,0.0,3.4605000019073486,18.0638,9.378,6.921,2.4685,2.3877,1.1535,2026-08-09
np-1,Kyogre ex,normal,Nintendo Black Star Promos,1,Promo,Hiromichi Sugiyama,Basic|EX,382,Pokémon,2003/10/01,"tcgplayer,cardmarket",https://prices.pokemontcg.io/tcgplayer/np-1,https://images.pokemontcg.io/np/1_hires.png,2026/08/08,2026/07/01,41.93,44.9900016784668,85.0,309.79998779296875,250.0,,,,,33.6245,23.07,83.2712,0.0,28.837499618530273,76.8692,74.643,32.4364,24.385,20.2785,1.1535,2026-08-09
ex12-15,Absol,normal,Legend Maker,15,Rare,Midori Harada,Basic,359,Pokémon,2006/02/01,"tcgplayer,cardmarket",https://prices.pokemontcg.io/tcgplayer/ex12-15,https://images.pokemontcg.io/ex12/15_hires.png,2026/08/08,2026/07/01,15.74,7.760000228881836,16.739999771118164,180.33999633789062,,66.13,,,,3.3913,0.2884,7.913,65.4842,0.35760000348091125,2.5608,3.6335,3.4605,48.9315,27.9147,1.1535,2026-08-09
ex5-6,Exploud,holofoil,Hidden Legends,6,Rare Holo,Tomokazu Komiya,Stage 2,295,Pokémon,2004/06/01,"tcgplayer,cardmarket",https://prices.pokemontcg.io/tcgplayer/ex5-6,https://images.pokemontcg.io/ex5/6_hires.png,2026/08/08,2026/07/01,24.21,24.209999084472656,192.1999969482422,605.9400024414062,,48.99,,,,9.378,1.1535,10.9236,15.1224,12.677000045776367,9.551,9.9893,8.0745,15.653,12.3424,1.1535,2026-08-09
ex13-10,Kingdra δ,holofoil,Holon Phantoms,10,Rare Holo,Masakazu Fukuda,Stage 2,230,Pokémon,2006/05/01,"tcgplayer,cardmarket",https://prices.pokemontcg.io/tcgplayer/ex13-10,https://images.pokemontcg.io/ex13/10_hires.png,2026/08/08,2026/07/01,68.06,49.9900016784668,82.48999786376953,819.9000244140625,,225.53,,,,13.6344,4.5909,15.0762,66.903,4.602499961853027,14.984,21.2821,34.5704,32.8632,35.6431,1.1535,2026-08-09
xy2-15,Rapidash,normal,Flashfire,15,Uncommon,Akira Komayama,Stage 1,78,Pokémon,2014/05/07,"tcgplayer,cardmarket",https://prices.pokemontcg.io/tcgplayer/xy2-15,https://images.pokemontcg.io/xy2/15_hires.png,2026/08/08,2026/06/26,0.56,0.10000000149011612,0.5,19.979999542236328,,1.85,,,,0.4845,0.0231,0.4268,4.7524,1.153499960899353,0.496,0.5537,5.756,3.2529,1.7533,1.1535,2026-08-09
pop5-8,Boost Energy,normal,POP Series 5,8,Uncommon,Shin-ichi Yoshikawa,Special,,Energy,2007/03/01,"tcgplayer,cardmarket",https://prices.pokemontcg.io/tcgplayer/pop5-8,https://images.pokemontcg.io/pop5/8_hires.png,2026/08/08,2026/07/01,6.71,3.75,4.53000020980835,60.0,,,,,,4.6025,1.1535,5.7675,0.0,4.602499961853027,7.1402,3.7604,1.7072,2.3993,2.3993,1.1535,2026-08-09
pop1-12,Minun,normal,POP Series 1,12,Common,Ken Sugimori,Basic,312,Pokémon,2004/09/01,"tcgplayer,cardmarket",https://prices.pokemontcg.io/tcgplayer/pop1-12,https://images.pokemontcg.io/pop1/12_hires.png,2026/08/08,2026/07/01,4.84,0.9900000095367432,18.969999313354492,34.0,,,,,,3.968,0.173,3.8527,0.0,5.75600004196167,4.6947,4.0719,0.1615,0.1615,0.1615,1.1535,2026-08-09
dp6-3,Froslass,holofoil,Legends Awakened,3,Rare Holo,Kagemaru Himeno,Stage 1,478,Pokémon,2008/08/01,"tcgplayer,cardmarket",https://prices.pokemontcg.io/tcgplayer/dp6-3,https://images.pokemontcg.io/dp6/3_hires.png,2026/08/08,2026/07/01,9.92,6.809999942779541,9.430000305175781,170.0,,15.48,,,,3.8065,1.1304,4.1065,3.9911,6.344200134277344,3.9565,3.5758,1.7302,3.9911,2.7799,1.1535,2026-08-09
bw4-12,Arcanine,normal,Next Destinies,12,Rare,Mitsuhiro Arita,Stage 1,59,Pokémon,2012/02/08,"tcgplayer,cardmarket",https://prices.pokemontcg.io/tcgplayer/bw4-12,https://images.pokemontcg.io/bw4/12_hires.png,2026/08/08,2026/07/01,3.11,1.7000000476837158,2.5,40.0,,9.52,,,,7.1517,0.173,20.763,4.4525,7.486199855804443,9.0088,28.5376,0.1154,7.6708,4.5217,1.1535,2026-08-09
swsh35-14,Drednaw V,holofoil,Champion's Path,14,Rare Holo V,aky CG Works,Basic|V,834,Pokémon,2020/09/25,"tcgplayer,cardmarket",https://prices.pokemontcg.io/tcgplayer/swsh35-14,https://images.pokemontcg.io/swsh35/14_hires.png,2026/08/08,2026/07/01,0.9,0.4000000059604645,1.0,9.989999771118164,,,,,,1.1074,0.4614,1.142,0.0,1.7187000513076782,1.1881,1.1535,0.9228,1.5572,1.6841,1.1535,2026-08-09
mcd16-3,Fennekin,,McDonald's Collection 2016,3,,5ban Graphics,Basic,653,Pokémon,2016/08/19,cardmarket,https://prices.pokemontcg.io/cardmarket/mcd16-3,https://images.pokemontcg.io/mcd16/3_hires.png,,2026/07/01,,,,,,,,,,2.3877,0.1615,2.8145,0.0,2.306999921798706,2.5262,2.457,1.1535,1.2919,1.3381,1.1535,2026-08-09
base1-12,Ninetales,holofoil,Base,12,Rare Holo,Ken Sugimori,Stage 1,38,Pokémon,1999/01/09,"tcgplayer,cardmarket",https://prices.pokemontcg.io/tcgplayer/base1-12,https://images.pokemontcg.io/base1/12_hires.png,2026/08/08,2026/07/01,35.1,16.979999542236328,28.110000610351562,358.1199951171875,,,,,,17.8908,1.1535,19.6902,0.0,5.813600063323975,19.9555,17.9715,12.85,13.2999,14.9032,1.1535,2026-08-09
xy10-12,Braixen,normal,Fates Collide,12,Uncommon,kirisAki,Stage 1,654,Pokémon,2016/05/02,"tcgplayer,cardmarket",https://prices.pokemontcg.io/tcgplayer/xy10-12,https://images.pokemontcg.io/xy10/12_hires.png,2026/08/08,2026/06/30,0.28,0.03999999910593033,0.2800000011920929,17.739999771118164,,0.62,,,,1.0035,0.4614,1.4765,0.0,4.602499961853027,1.165,1.0497,0.2307,0.3576,0.3576,1.1535,2026-08-09
bw9-11,Leafeon,normal,Plasma Freeze,11,Rare,5ban Graphics,Stage 1|Team Plasma,470,Pokémon,2013/05/08,"tcgplayer,cardmarket",https://prices.pokemontcg.io/tcgplayer/bw9-11,https://images.pokemontcg.io/bw9/11_hires.png,2026/08/08,2026/07/01,10.26,7.090000152587891,10.0,93.0,,42.35,,,,8.3744,0.2192,9.7817,16.4835,0.51910001039505,8.7897,6.921,11.535,16.7142,11.3966,1.1535,2026-08-09
xy12-5,Weedle,normal,Evolutions,5,Common,Mitsuhiro Arita,Basic,13,Pokémon,2016/11/02,"tcgplayer,cardmarket",https://prices.pokemontcg.io/tcgplayer/xy12-5,https://images.pokemontcg.io/xy12/5_hires.png,2026/08/08,2026/07/01,0.09,0.009999999776482582,0.20000000298023224,5.949999809265137,,0.39,,,,0.0692,0.0231,0.0923,0.7152,0.04610000178217888,0.0807,0.0692,0.5191,0.323,0.8536,1.1535,2026-08-09
bw1-10,Lilligant,normal,Black & White,10,Rare,Atsuko Nishida,Stage 1,549,Pokémon,2011/04/25,"tcgplayer,cardmarket",https://prices.pokemontcg.io/tcgplayer/bw1-10,https://images.pokemontcg.io/bw1/10_hires.png,2026/08/08,2026/07/01,2.4,0.6000000238418579,1.309999942779541,19.139999389648438,,3.99,,,,0.7267,0.1154,0.9459,2.3185,1.153499960899353,0.9805,1.0497,1.6726,2.7569,2.157,1.1535,2026-08-09
ex10-12,Porygon2,holofoil,Unseen Forces,12,Rare Holo,Kagemaru Himeno,Stage 1,233,Pokémon,2005/08/01,"tcgplayer,cardmarket",https://prices.pokemontcg.io/tcgplayer/ex10-12,https://images.pokemontcg.io/ex10/12_hires.png,2026/08/08,2026/07/01,22.45,15.0,33.470001220703125,424.7799987792969,,49.83,,,,8.3398,1.1535,11.7311,21.8819,9.804800033569336,9.1473,10.6237,51.9075,30.3832,14.8455,1.1535,2026-08-09
ecard3-H8,Forretress,,Skyridge,H8,Rare Holo,Midori Harada,Stage 1,205,Pokémon,2003/05/12,cardmarket,https://prices.pokemontcg.io/cardmarket/ecard3-H8,https://images.pokemontcg.io/ecard3/H8_hires.png,,2026/07/01,,,,,,,,,,89.7654,23.07,83.6287,0.0,16.137500762939453,85.855,107.1832,11.535,63.4194,35.5163,1.1535,2026-08-09
col1-13,Leafeon,holofoil,Call of Legends,13,Rare Holo,match,Stage 1,470,Pokémon,2011/02/09,"tcgplayer,cardmarket",https://prices.pokemontcg.io/tcgplayer/col1-13,https://images.pokemontcg.io/col1/13_hires.png,2026/08/08,2026/07/01,35.06,33.9900016784668,84.98999786376953,387.0,,39.95,,,,22.2395,1.7302,25.3078,7.7515,17.302499771118164,20.2324,19.3673,7.9592,7.8438,23.7852,1.1535,2026-08-09
bwp-BW005,Zekrom,holofoil,BW Black Star Promos,BW005,Promo,5ban Graphics,Basic,644,Pokémon,2011/03/01,tcgplayer,https://prices.pokemontcg.io/tcgplayer/bwp-BW005,https://images.pokemontcg.io/bwp/BW005_hires.png,2026/08/08,,7.67,2.430000066757202,4.199999809265137,50.0,,,,,,,,,,,,,,,,,2026-08-09
dp7-3,Infernape,holofoil,Stormfront,3,Rare Holo,Mitsuhiro Arita,Stage 2,392,Pokémon,2008/11/01,"tcgplayer,cardmarket",https://prices.pokemontcg.io/tcgplayer/dp7-3,https://images.pokemontcg.io/dp7/3_hires.png,2026/08/08,2026/07/01,21.43,9.369999885559082,19.989999771118164,229.89999389648438,,19.51,,,,12.0425,1.142,15.3877,7.0363,4.556300163269043,3.6912,8.4206,1.8456,3.9334,4.1526,1.1535,2026-08-09
ex14-10,Sableye,holofoil,Crystal Guardians,10,Rare Holo,Yukiko Baba,Basic,302,Pokémon,2006/08/01,"tcgplayer,cardmarket",https://prices.pokemontcg.io/tcgplayer/ex14-10,https://images.pokemontcg.io/ex14/10_hires.png,2026/08/08,2026/07/01,55.52,40.0,55.5,199.97000122070312,,68.12,,,,11.9503,1.1535,8.8704,7.8438,4.602499961853027,9.9086,12.5732,10.3815,7.8438,27.6033,1.1535,2026-08-09
bw6-12,Roselia,normal,Dragons Exalted,12,Uncommon,Suwama Chiaki,Basic,315,Pokémon,2012/08/15,"tcgplayer,cardmarket",https://prices.pokemontcg.io/tcgplayer/bw6-12,https://images.pokemontcg.io/bw6/12_hires.png,2026/08/08,2026/07/01,0.81,0.49000000953674316,0.8100000023841858,17.719999313354492,,4.54,,,,0.5537,0.0231,0.5767,2.307,0.28839999437332153,0.3807,0.5421,1.142,1.9033,1.2573,1.1535,2026-08-09
bw11-15,Virizion,holofoil,Legendary Treasures,15,Rare Holo,Atsuko Nishida,Basic,640,Pokémon,2013/11/06,"tcgplayer,cardmarket",https://prices.pokemontcg.io/tcgplayer/bw11-15,https://images.pokemontcg.io/bw11/15_hires.png,2026/08/08,2026/07/01,1.68,0.699999988079071,1.5700000524520874,49.9900016784668,,2.19,,,,2.8491,1.6149,2.6069,0.0,2.237799882888794,2.7453,2.7569,6.1136,4.6717,3.2298,1.1535,2026-08-09
base3-14,Raichu,1stEditionHolofoil,Fossil,14,Rare Holo,Mitsuhiro Arita,Stage 1,26,Pokémon,1999/10/10,"tcgplayer,cardmarket",https://prices.pokemontcg.io/tcgplayer/base3-14,https://images.pokemontcg.io/base3/14_hires.png,2026/08/08,2026/07/01,118.63,99.98999786376953,225.0,1013.0,,,,,"{""unlimitedHolofoil"": {""low"": 27.5, ""mid"": 38.15, ""high"": 236.6, ""market"": 47.83, ""directLow"": 169.99}}",40.2687,4.614,64.4922,0.0,66.17630004882812,60.8702,44.9404,29.991,20.117,23.0008,1.1535,2026-08-09
gym1-13,Rocket's Scyther,1stEditionHolofoil,Gym Heroes,13,Rare Holo,Ken Sugimori,Basic,123,Pokémon,2000/08/14,"tcgplayer,cardmarket",https://prices.pokemontcg.io/tcgplayer/gym1-13,https://images.pokemontcg.io/gym1/13_hires.png,2026/08/08,2026/07/01,349.99,208.7100067138672,333.3299865722656,499.989990234375,,,,,"{""unlimitedHolofoil"": {""low"": 59.99, ""mid"": 89.26, ""high"": 9999.0, ""market"": 85.01, ""directLow"": 89.96}}",67.895,17.291,72.9012,0.0,155.72250366210938,79.5915,80.6989,16.149,42.5872,33.6707,1.1535,2026-08-09
pl3-12,Swampert,holofoil,Supreme Victors,12,Rare Holo,Kagemaru Himeno,Stage 2,260,Pokémon,2009/08/19,"tcgplayer,cardmarket",https://prices.pokemontcg.io/tcgplayer/pl3-12,https://images.pokemontcg.io/pl3/12_hires.png,2026/08/08,2026/07/01,23.32,27.0,34.0,250.0,,60.47,,,,3.8181,0.173,3.5989,4.3833,11.53499984741211,3.7143,3.5297,2.307,19.621,8.5936,1.1535,2026-08-09
xy1-11,Simisage,normal,XY,11,Rare,Shigenori Negishi,Stage 1,512,Pokémon,2014/02/05,"tcgplayer,cardmarket",https://prices.pokemontcg.io/tcgplayer/xy1-11,https://images.pokemontcg.io/xy1/11_hires.png,2026/08/08,2026/07/01,0.47,0.23000000417232513,0.4699999988079071,19.989999771118164,,0.56,,,,0.6806,0.2307,0.669,1.5342,0.5997999906539917,0.6344,0.6921,0.8074,1.2342,1.0151,1.1535,2026-08-09
hgss3-8,Smeargle,holofoil,HS—Undaunted,8,Rare Holo,Midori Harada,Basic,235,Pokémon,2010/08/18,"tcgplayer,cardmarket",https://prices.pokemontcg.io/tcgplayer/hgss3-8,https://images.pokemontcg.io/hgss3/8_hires.png,2026/08/08,2026/07/01,8.24,4.619999885559082,11.369999885559082,89.4800033569336,,9.54,,,,2.6415,0.2884,3.1375,3.7373,8.07450008392334,2.6992,3.4836,2.307,3.8642,4.2564,1.1535,2026-08-09
base2-5,Kangaskhan,1stEditionHolofoil,Jungle,5,Rare Holo,Mitsuhiro Arita,Basic,115,Pokémon,1999/06/16,"tcgplayer,cardmarket",https://prices.pokemontcg.io/tcgplayer/base2-5,https://images.pokemontcg.io/base2/5_hires.png,2026/08/08,2026/07/01,81.52,60.95000076293945,69.98999786376953,795.4000244140625,,,,,"{""unlimitedHolofoil"": {""low"": 6.99, ""mid"": 12.99, ""high"": 69.99, ""market"": 17.39, ""directLow"": 10.79}}",12.7692,0.5767,8.9396,0.0,5.894400119781494,15.3185,12.677,2.9414,5.1907,6.1251,1.1535,2026-08-09
xy0-6,Slugma,normal,Kalos Starter Set,6,,Mitsuhiro Arita,Basic,218,Pokémon,2013/11/08,"tcgplayer,cardmarket",https://prices.pokemontcg.io/tcgplayer/xy0-6,https://images.pokemontcg.io/xy0/6_hires.png,2026/08/08,2026/07/01,1.23,0.20000000298023224,0.7400000095367432,19.979999542236328,,,,,,0.4729,0.0346,0.4037,0.0,0.57669997215271,0.4729,0.4499,0.0,0.0,0.0,1.1535,2026-08-09
swsh4-9,Celebi,holofoil,Vivid Voltage,9,Amazing Rare,5ban Graphics,Basic,251,Pokémon,2020/11/13,"tcgplayer,cardmarket",https://prices.pokemontcg.io/tcgplayer/swsh4-9,https://images.pokemontcg.io/swsh4/9_hires.png,2026/08/08,2026/07/01,6.52,5.400000095367432,8.850000381469727,805.4400024414062,,,,,,17.7293,3.3451,18.5367,0.0,13.70359992980957,20.2785,18.5367,17.8792,18.3637,19.598,1.1535,2026-08-09
bw7-11,Snivy,normal,Boundaries Crossed,11,Common,Mizue,Basic,495,Pokémon,2012/11/07,"tcgplayer,cardmarket",https://prices.pokemontcg.io/tcgplayer/bw7-11,https://images.pokemontcg.io/bw7/11_hires.png,2026/08/08,2026/07/01,0.42,0.10000000149011612,0.3100000023841858,1.1399999856948853,,3.33,,,,0.2653,0.0231,0.2538,2.7453,0.10379999876022339,0.2653,0.2422,2.307,2.2147,1.2919,1.1535,2026-08-09
dp1-12,Rhyperior,holofoil,Diamond & Pearl,12,Rare Holo,Nakaoka,Stage 2,464,Pokémon,2007/05/01,"tcgplayer,cardmarket",https://prices.pokemontcg.io/tcgplayer/dp1-12,https://images.pokemontcg.io/dp1/12_hires.png,2026/08/08,2026/07/01,7.48,6.360000133514404,13.829999923706055,220.0,,10.99,,,,2.0994,0.4614,2.6761,2.3531,0.3806999921798706,2.5954,2.63,2.307,2.2378,2.6069,1.1535,2026-08-09
xy7-13,Flareon,normal,Ancient Origins,13,Uncommon,sui,Stage 1,136,Pokémon,2015/08/12,"tcgplayer,cardmarket",https://prices.pokemontcg.io/tcgplayer/xy7-13,https://images.pokemontcg.io/xy7/13_hires.png,2026/08/08,2026/07/01,0.64,0.25,0.6600000262260437,39.9900016784668,,5.11,,,,1.5572,0.1615,1.811,5.8944,0.6920999884605408,1.9725,1.4303,18.1561,6.1597,6.0213,1.1535,2026-08-09
ex6-8,Nidoking,holofoil,FireRed & LeafGreen,8,Rare Holo,Hisao Nakamura,Stage 2,34,Pokémon,2004/09/01,"tcgplayer,cardmarket",https://prices.pokemontcg.io/tcgplayer/ex6-8,https://images.pokemontcg.io/ex6/8_hires.png,2026/08/08,2026/07/01,68.68,59.9900016784668,79.98999786376953,926.4000244140625,,58.99,,,,15.1801,1.1535,17.1871,18.2945,23.06999969482422,14.0612,16.3451,21.9165,16.1259,16.6219,1.1535,2026-08-09
xy11-14,Larvesta,normal,Steam Siege,14,Common,Tomokazu Komiya,Basic,636,Pokémon,2016/08/03,"tcgplayer,cardmarket",https://prices.pokemontcg.io/tcgplayer/xy11-14,https://images.pokemontcg.io/xy11/14_hires.png,2026/08/08,2026/07/01,0.26,0.009999999776482582,0.25,1000.0,,0.42,,,,0.1961,0.0231,0.1154,0.5767,0.05770000070333481,0.1038,0.173,0.3345,0.4499,0.5191,1.1535,2026-08-09
sm115-14,Starmie-GX,holofoil,Hidden Fates,14,Rare Holo GX,PLANETA Otani,Stage 1|GX,121,Pokémon,2019/08/23,"tcgplayer,cardmarket",https://prices.pokemontcg.io/tcgplayer/sm115-14,https://images.pokemontcg.io/sm115/14_hires.png,2026/08/08,2026/07/01,1.92,1.0,2.130000114440918,1984.0,,,,,,1.8341,0.5767,1.5226,0.0,1.153499960899353,1.7533,1.8225,1.5803,1.4188,1.5803,1.1535,2026-08-09
gym2-14,Rocket's Mewtwo,1stEditionHolofoil,Gym Challenge,14,Rare Holo,Shin-ichi Yoshida,Basic,150,Pokémon,2000/10/16,"tcgplayer,cardmarket",https://prices.pokemontcg.io/tcgplayer/gym2-14,https://images.pokemontcg.io/gym2/14_hires.png,2026/08/08,2026/07/01,323.33,950.0,980.4199829101562,1299.989990234375,,,,,"{""unlimitedHolofoil"": {""low"": 220.04, ""mid"": 294.15, ""high"": 1656.6, ""market"": 245.14, ""directLow"": null}}",195.9566,46.14,192.9113,0.0,259.54901123046875,150.7624,225.9822,57.675,54.872,56.3369,1.1535,2026-08-09
sm9-13,Charmeleon,normal,Team Up,13,Uncommon,Ayaka Yoshida,Stage 1,5,Pokémon,2019/02/01,"tcgplayer,cardmarket",https://prices.pokemontcg.io/tcgplayer/sm9-13,https://images.pokemontcg.io/sm9/13_hires.png,2026/08/08,2026/07/01,0.29,0.05000000074505806,0.30000001192092896,19.979999542236328,,1.12,,,,0.2076,0.0231,0.1269,1.7418,0.09229999780654907,0.2192,0.2422,0.4614,1.6264,1.5342,1.1535,2026-08-09
sm3-11,Heracross,normal,Burning Shadows,11,Rare,Shin Nagasawa,Basic,214,Pokémon,2017/08/05,"tcgplayer,cardmarket",https://prices.pokemontcg.io/tcgplayer/sm3-11,https://images.pokemontcg.io/sm3/11_hires.png,2026/08/08,2026/06/30,0.3,0.11999999731779099,0.30000001192092896,19.979999542236328,,0.5,,,,0.4153,0.0231,0.3922,0.5883,0.4499000012874603,0.4153,0.3691,0.1615,0.6575,0.5537,1.1535,2026-08-09
dv1-15,Fraxure,holofoil,Dragon Vault,15,Rare Holo,match,Stage 1,611,Pokémon,2012/10/05,"tcgplayer,cardmarket",https://prices.pokemontcg.io/tcgplayer/dv1-15,https://images.pokemontcg.io/dv1/15_hires.png,2026/08/08,2026/07/01,1.55,0.75,1.5,26.200000762939453,,,,,,1.2919,0.173,1.5918,2.307,1.9033000469207764,1.4419,1.5803,2.307,1.8456,1.1881,1.1535,2026-08-09
bw5-10,Shelmet,normal,Dark Explorers,10,Common,Shigenori Negishi,Basic,616,Pokémon,2012/05/09,"tcgplayer,cardmarket",https://prices.pokemontcg.io/tcgplayer/bw5-10,https://images.pokemontcg.io/bw5/10_hires.png,2026/08/08,2026/07/01,0.3,0.15000000596046448,0.30000001192092896,19.979999542236328,,0.43,,,,0.1269,0.0231,0.1038,0.669,0.12690000236034393,0.1269,0.1269,0.992,0.8651,0.8074,1.1535,2026-08-09
ex7-12,Kingdra,normal,Team Rocket Returns,12,Rare Holo,Kagemaru Himeno,Stage 2,230,Pokémon,2004/11/01,"tcgplayer,cardmarket",https://prices.pokemontcg.io/tcgplayer/ex7-12,https://images.pokemontcg.io/ex7/12_hires.png,2026/08/08,2026/07/01,5.0,16.940000534057617,16.940000534057617,16.940000534057617,49.92,64.06,,,,18.1676,2.307,17.5332,28.826,11.523500442504883,14.338,16.1836,27.1073,20.6592,24.731,1.1535,2026-08-09
ecard1-4,Blastoise,holofoil,Expedition Base Set,4,Rare Holo,Kimiya Masago,Stage 2,9,Pokémon,2002/09/15,"tcgplayer,cardmarket",https://prices.pokemontcg.io/tcgplayer/ecard1-4,https://images.pokemontcg.io/ecard1/4_hires.png,2026/08/08,2026/07/01,400.0,649.989990234375,790.3400268554688,944.989990234375,,499.95,,,,139.8388,11.535,203.6966,130.9338,253.7584991455078,152.2389,148.5939,57.5596,87.7352,81.2064,1.1535,2026-08-09
xy3-4,Heracross-EX,holofoil,Furious Fists,4,Rare Holo EX,Eske Yoshinob,Basic|EX,214,Pokémon,2014/08/13,"tcgplayer,cardmarket",https://prices.pokemontcg.io/tcgplayer/xy3-4,https://images.pokemontcg.io/xy3/4_hires.png,2026/08/08,2026/07/01,6.11,3.690000057220459,6.0,56.599998474121094,,,,,,7.74,1.1535,7.1402,0.0,1.153499960899353,7.5554,6.0328,1.7302,3.0683,3.4951,1.1535,2026-08-09
bw8-10,Leavanny,normal,Plasma Storm,10,Rare,Mitsuhiro Arita,Stage 2,542,Pokémon,2013/02/06,"tcgplayer,cardmarket",https://prices.pokemontcg.io/tcgplayer/bw8-10,https://images.pokemontcg.io/bw8/10_hires.png,2026/08/08,2026/06/30,0.74,0.2199999988079071,0.7699999809265137,19.979999542236328,,1.05,,,,0.8882,0.173,0.8421,1.8225,0.6344000101089478,0.8651,0.7498,1.3842,1.9379,1.315,1.1535,2026-08-09
dp3-15,Mew,holofoil,Secret Wonders,15,Rare Holo,Kagemaru Himeno,Basic,151,Pokémon,2007/11/01,"tcgplayer,cardmarket",https://prices.pokemontcg.io/tcgplayer/dp3-15,https://images.pokemontcg.io/dp3/15_hires.png,2026/08/08,2026/07/01,182.59,150.0,274.7900085449219,1199.9000244140625,,94.5,,,,39.4612,2.307,25.9884,27.9724,7.959199905395508,22.0665,44.8365,13.842,25.4347,22.0434,1.1535,2026-08-09
sm10-5,Oddish,normal,Unbroken Bonds,5,Common,0313,Basic,43,Pokémon,2019/05/03,"tcgplayer,cardmarket",https://prices.pokemontcg.io/tcgplayer/sm10-5,https://images.pokemontcg.io/sm10/5_hires.png,2026/08/08,2026/07/01,0.25,0.05999999865889549,0.30000001192092896,19.979999542236328,,0.63,,,,0.2422,0.0231,0.2422,0.4383,0.09229999780654907,0.1846,0.2192,0.9805,0.5306,0.496,1.1535,2026-08-09
ex2-7,Ludicolo,holofoil,Sandstorm,7,Rare Holo,Tomokazu Komiya,Stage 2,272,Pokémon,2003/09/18,"tcgplayer,cardmarket",https://prices.pokemontcg.io/tcgplayer/ex2-7,https://images.pokemontcg.io/ex2/7_hires.png,2026/08/08,2026/07/01,53.33,55.0,124.98999786376953,389.5,,40.35,,,,28.6875,13.842,28.353,34.3628,23.06999969482422,22.0434,28.999,69.1985,29.0451,24.5695,1.1535,2026-08-09
xy6-9,Nincada,normal,Roaring Skies,9,Common,Kyoko Umemoto,Basic,290,Pokémon,2015/05/06,"tcgplayer,cardmarket",https://prices.pokemontcg.io/tcgplayer/xy6-9,https://images.pokemontcg.io/xy6/9_hires.png,2026/08/08,2026/07/01,0.17,0.05000000074505806,0.20000000298023224,1000.0,,0.37,,,,0.1154,0.0231,0.1384,0.173,0.11540000140666962,0.1269,0.1154,0.346,0.2192,0.4729,1.1535,2026-08-09
np-2,Groudon ex,normal,Nintendo Black Star Promos,2,Promo,Kazuo Yazawa,Basic|EX,383,Pokémon,2003/10/01,"tcgplayer,cardmarket",https://prices.pokemontcg.io/tcgplayer/np-2,https://images.pokemontcg.io/np/2_hires.png,2026/08/08,2026/07/01,31.31,29.989999771118164,36.349998474121094,270.0,,,,,,196.0835,34.605,155.6533,0.0,345.9923095703125,152.112,87.0662,2.2955,32.3787,26.2306,1.1535,2026-08-09
sm7-7,Treecko,normal,Celestial Storm,7,Common,Sekio,Basic,252,Pokémon,2018/08/03,"tcgplayer,cardmarket",https://prices.pokemontcg.io/tcgplayer/sm7-7,https://images.pokemontcg.io/sm7/7_hires.png,2026/08/08,2026/07/01,0.38,0.10000000149011612,0.3799999952316284,2.309999942779541,,0.64,,,,0.1615,0.0231,0.1154,0.7844,0.023099999874830246,0.1269,0.15,1.7302,0.9343,0.7267,1.1535,2026-08-09
ex9-13,Glalie,normal,Emerald,13,Rare,Atsuko Nishida,Stage 1,362,Pokémon,2005/05/01,"tcgplayer,cardmarket",https://prices.pokemontcg.io/tcgplayer/ex9-13,https://images.pokemontcg.io/ex9/13_hires.png,2026/08/08,2026/07/01,1.24,0.4399999976158142,1.2400000095367432,19.979999542236328,,18.47,,,,0.6575,0.0577,0.8074,10.3354,0.5421000123023987,0.6921,0.7267,10.37,10.7276,11.6734,1.1535,2026-08-09
swshp-SWSH003,Sobble,holofoil,SWSH Black Star Promos,SWSH003,Promo,Mizue,Basic,816,Pokémon,2019/11/15,"tcgplayer,cardmarket",https://prices.pokemontcg.io/tcgplayer/swshp-SWSH003,https://images.pokemontcg.io/swshp/SWSH003_hires.png,2026/08/08,2026/06/30,5.0,3.200000047683716,4.690000057220459,43.5,,,,,,1.7072,0.6921,2.3301,0.0,2.249300003051758,2.2032,1.9725,0.0,0.0,0.0,1.1535,2026-08-09
pop3-11,Low Pressure System,normal,POP Series 3,11,Uncommon,Shin-ichi Yoshikawa,Stadium,,Trainer,2006/04/01,"tcgplayer,cardmarket",https://prices.pokemontcg.io/tcgplayer/pop3-11,https://images.pokemontcg.io/pop3/11_hires.png,2026/08/08,2026/07/01,7.37,5.5,8.300000190734863,86.0999984741211,,,,,,3.0798,0.5652,5.433,0.0,5.75600004196167,11.1889,5.2946,11.535,11.535,11.535,1.1535,2026-08-09
dpp-DP12,Lucario LV.X,holofoil,DP Black Star Promos,DP12,Promo,Ryo Ueda,Level-Up,448,Pokémon,2007/05/01,tcgplayer,https://prices.pokemontcg.io/tcgplayer/dpp-DP12,https://images.pokemontcg.io/dpp/DP12_hires.png,2026/08/08,,130.29,120.0,140.0,752.8800048828125,,,,,,,,,,,,,,,,,2026-08-09
si1-15,Wartortle,normal,Southern Islands,15,,Naoyo Kimura,Stage 1,8,Pokémon,2001/07/31,"tcgplayer,cardmarket",https://prices.pokemontcg.io/tcgplayer/si1-15,https://images.pokemontcg.io/si1/15_hires.png,2026/08/08,2026/07/01,71.1,67.97000122070312,100.0,599.9000244140625,,,,,,75.3466,23.07,81.391,0.0,115.3499984741211,84.0671,60.7202,0.0,0.0,0.0,1.1535,2026-08-09
base4-13,Ninetales,holofoil,Base Set 2,13,Rare Holo,Ken Sugimori,Stage 1,38,Pokémon,2000/02/24,"tcgplayer,cardmarket",https://prices.pokemontcg.io/tcgplayer/base4-13,https://images.pokemontcg.io/base4/13_hires.png,2026/08/08,2026/07/01,33.22,16.989999771118164,24.989999771118164,269.79998779296875,,,,,,26.3805,5.7675,19.5518,0.0,9.170299530029297,13.173,22.5163,13.8305,16.0567,13.2306,1.1535,2026-08-09
ex3-12,Torkoal,holofoil,Dragon,12,Rare Holo,Kagemaru Himeno,Basic,324,Pokémon,2003/11/24,"tcgplayer,cardmarket",https://prices.pokemontcg.io/tcgplayer/ex3-12,https://images.pokemontcg.io/ex3/12_hires.png,2026/08/08,2026/07/01,66.36,38.97999954223633,152.49000549316406,520.0,,38.5,,,,22.7124,2.1916,23.0585,17.3025,17.302499771118164,22.2856,18.0523,2.2493,15.2954,8.8473,1.1535,2026-08-09
neo2-4,Houndoom,1stEditionHolofoil,Neo Discovery,4,Rare Holo,Shin-ichi Yoshida,Stage 1,229,Pokémon,2001/06/01,"tcgplayer,cardmarket",https://prices.pokemontcg.io/tcgplayer/neo2-4,https://images.pokemontcg.io/neo2/4_hires.png,2026/08/08,2026/07/01,195.0,299.989990234375,350.0,600.47998046875,,,,,"{""unlimitedHolofoil"": {""low"": 99.99, ""mid"": 199.99, ""high"": 719.9, ""market"": 83.65, ""directLow"": null}}",69.8214,7.9476,21.7089,0.0,41.81439971923828,41.6875,58.4825,5.7675,49.5774,34.4666,1.1535,2026-08-09
hgss4-14,Banette,normal,HS—Triumphant,14,Rare,Ryo Ueda,Stage 1,354,Pokémon,2010/11/03,"tcgplayer,cardmarket",https://prices.pokemontcg.io/tcgplayer/hgss4-14,https://images.pokemontcg.io/hgss4/14_hires.png,2026/08/08,2026/07/01,1.4,0.4399999976158142,0.9900000095367432,19.979999542236328,,9.91,,,,1.0958,0.0577,0.5075,3.5874,0.8073999881744385,0.7036,1.0151,11.5235,4.464,4.8678,1.1535,2026-08-09
sm12-12,Tropius,normal,Cosmic Eclipse,12,Uncommon,sowsow,Basic,357,Pokémon,2019/11/01,"tcgplayer,cardmarket",https://prices.pokemontcg.io/tcgplayer/sm12-12,https://images.pokemontcg.io/sm12/12_hires.png,2026/08/08,2026/06/27,0.27,0.10000000149011612,0.2800000011920929,19.979999542236328,,0.84,,,,0.15,0.0231,0.15,0.7613,0.17299999296665192,0.1846,0.1961,0.4037,0.7498,0.7382,1.1535,2026-08-09
base6-13,Hitmonlee,holofoil,Legendary Collection,13,Rare Holo,Ken Sugimori,Basic,106,Pokémon,2002/05/24,"tcgplayer,cardmarket",https://prices.pokemontcg.io/tcgplayer/base6-13,https://images.pokemontcg.io/base6/13_hires.png,2026/08/08,2026/07/01,37.43,25.0,36.369998931884766,377.989990234375,,196.97,,,,15.5723,5.7675,12.2732,47.8472,5.190700054168701,14.0842,17.314,34.5935,119.1219,77.2153,1.1535,2026-08-09
sm1-12,Decidueye-GX,holofoil,Sun & Moon,12,Rare Holo GX,5ban Graphics,Stage 2|GX,724,Pokémon,2017/02/03,"tcgplayer,cardmarket",https://prices.pokemontcg.io/tcgplayer/sm1-12,https://images.pokemontcg.io/sm1/12_hires.png,2026/08/08,2026/06/30,2.54,1.5,2.890000104904175,96.94999694824219,,,,,,4.9831,0.0,6.2635,0.0,4.602499961853027,5.6983,5.7906,2.8722,1.9494,1.9494,1.1535,2026-08-09
ecard2-H15,Lanturn,,Aquapolis,H15,Rare Holo,Yuka Morii,Stage 1,171,Pokémon,2003/01/15,cardmarket,https://prices.pokemontcg.io/cardmarket/ecard2-H15,https://images.pokemontcg.io/ecard2/H15_hires.png,,2026/07/01,,,,,,,,,,59.336,6.921,53.6147,0.0,34.60499954223633,44.6981,48.5739,8.063,18.2945,15.7222,1.1535,2026-08-09
swsh2-5,Shuckle,normal,Rebel Clash,5,Uncommon,HYOGONOSUKE,Basic,213,Pokémon,2020/05/01,"tcgplayer,cardmarket",https://prices.pokemontcg.io/tcgplayer/swsh2-5,https://images.pokemontcg.io/swsh2/5_hires.png,2026/08/08,2026/07/01,0.19,0.03999999910593033,0.23999999463558197,19.979999542236328,,0.46,,,,0.1154,0.0231,0.0923,0.4037,0.17299999296665192,0.1384,0.1384,0.4729,0.3922,0.3922,1.1535,2026-08-09
bw10-14,Squirtle,normal,Plasma Blast,14,Common,Akira Komayama,Basic,7,Pokémon,2013/08/14,"tcgplayer,cardmarket",https://prices.pokemontcg.io/tcgplayer/bw10-14,https://images.pokemontcg.io/bw10/14_hires.png,2026/08/08,2026/06/29,3.88,1.0,2.4000000953674316,10.0,,12.61,,,,1.0728,0.0231,1.1881,14.7071,1.5341999530792236,0.9343,1.0728,20.7515,10.3008,6.6672,1.1535,2026-08-09
sm5-14,Mow Rotom,normal,Ultra Prism,14,Rare,kawayoo,Basic,479,Pokémon,2018/02/02,"tcgplayer,cardmarket",https://prices.pokemontcg.io/tcgplayer/sm5-14,https://images.pokemontcg.io/sm5/14_hires.png,2026/08/08,2026/06/23,0.47,0.30000001192092896,0.5,19.979999542236328,,0.75,,,,0.4729,0.0346,0.5191,0.6921,0.4959999918937683,0.5191,0.3576,0.4383,0.6344,0.5998,1.1535,2026-08-09
g1-4,Metapod,normal,Generations,4,Uncommon,kawayoo,Stage 1,11,Pokémon,2016/02/22,"tcgplayer,cardmarket",https://prices.pokemontcg.io/tcgplayer/g1-4,https://images.pokemontcg.io/g1/4_hires.png,2026/08/08,2026/07/01,0.37,0.12999999523162842,0.3499999940395355,19.979999542236328,,1.24,,,,0.4729,0.0231,0.4037,1.0612,0.3921999931335449,0.4383,0.4037,0.8074,1.1189,0.8882,1.1535,2026-08-09
sm4-4,Exeggcute,normal,Crimson Invasion,4,Common,Kouki Saitou,Basic,102,Pokémon,2017/11/03,"tcgplayer,cardmarket",https://prices.pokemontcg.io/tcgplayer/sm4-4,https://images.pokemontcg.io/sm4/4_hires.png,2026/08/08,2026/07/01,0.22,0.009999999776482582,0.2199999988079071,19.979999542236328,,0.3,,,,0.0807,0.0231,0.1038,0.2076,0.03460000082850456,0.0692,0.0807,0.2307,0.2538,0.1961,1.1535,2026-08-09
ex15-3,Heracross δ,holofoil,Dragon Frontiers,3,Rare Holo,Mitsuhiro Arita,Basic,214,Pokémon,2006/11/01,"tcgplayer,cardmarket",https://prices.pokemontcg.io/tcgplayer/ex15-3,https://images.pokemontcg.io/ex15/3_hires.png,2026/08/08,2026/07/01,43.67,36.400001525878906,51.95000076293945,399.8999938964844,,84.71,,,,17.9139,3.3451,35.92,27.9262,5.75600004196167,38.5961,19.3788,23.0469,24.9502,20.8668,1.1535,2026-08-09
ru1-12,Lucario,normal,Pokémon Rumble,12,,Pokemon Rumble,Stage 1,448,Pokémon,2009/12/02,"tcgplayer,cardmarket",https://prices.pokemontcg.io/tcgplayer/ru1-12,https://images.pokemontcg.io/ru1/12_hires.png,2026/08/08,2026/07/01,280.48,329.989990234375,2999.179931640625,2999.18994140625,,,,,,213.386,138.4085,150.0357,0.0,155.72250366210938,181.088,102.3731,23.07,8.0976,8.0976,1.1535,2026-08-09
neo4-13,Light Azumarill,1stEditionHolofoil,Neo Destiny,13,Rare Holo,Yuka Morii,Stage 1,184,Pokémon,2002/02/28,"tcgplayer,cardmarket",https://prices.pokemontcg.io/tcgplayer/neo4-13,https://images.pokemontcg.io/neo4/13_hires.png,2026/08/08,2026/07/01,151.48,239.9499969482422,1024.8800048828125,1809.800048828125,,,,,"{""unlimitedHolofoil"": {""low"": 23.45, ""mid"": 30.0, ""high"": 9999.0, ""market"": 29.59, ""directLow"": null}}",16.795,2.0763,17.8446,0.0,20.16320037841797,17.787,15.7568,4.4871,6.9902,8.9166,1.1535,2026-08-09
ex11-15,Starmie δ,holofoil,Delta Species,15,Rare Holo,Masakazu Fukuda,Stage 1,121,Pokémon,2005/10/31,"tcgplayer,cardmarket",https://prices.pokemontcg.io/tcgplayer/ex11-15,https://images.pokemontcg.io/ex11/15_hires.png,2026/08/08,2026/07/01,38.23,38.95000076293945,98.0,309.8999938964844,,49.99,,,,30.4178,3.1721,18.6752,23.1853,11.53499984741211,25.3424,15.8952,8.6512,21.109,21.259,1.1535,2026-08-09
hgss1-15,Ariados,normal,HeartGold & SoulSilver,15,Rare,Ken Sugimori,Stage 1,168,Pokémon,2010/02/10,"tcgplayer,cardmarket",https://prices.pokemontcg.io/tcgplayer/hgss1-15,https://images.pokemontcg.io/hgss1/15_hires.png,2026/08/08,2026/07/01,1.21,0.4000000059604645,0.949999988079071,19.979999542236328,,2.52,,,,1.5803,0.1384,1.5226,1.7187,0.9228000044822693,1.3727,1.4073,1.3727,1.811,1.7764,1.1535,2026-08-09
neo3-11,Misdreavus,1stEditionHolofoil,Neo Revelation,11,Rare Holo,Ken Sugimori,Basic,200,Pokémon,2001/09/21,"tcgplayer,cardmarket",https://prices.pokemontcg.io/tcgplayer/neo3-11,https://images.pokemontcg.io/neo3/11_hires.png,2026/08/08,2026/07/01,143.0,130.0,249.99000549316406,9999.0,,,,,"{""unlimitedHolofoil"": {""low"": 50.0, ""mid"": 113.49, ""high"": 338.98, ""market"": 72.09, ""directLow"": null}}",69.8214,9.228,63.2579,0.0,28.606800079345703,61.8737,60.7779,22.2856,20.44,19.6095,1.1535,2026-08-09
bw3-4,Petilil,normal,Noble Victories,4,Common,Shigenori Negishi,Basic,548,Pokémon,2011/11/16,"tcgplayer,cardmarket",https://prices.pokemontcg.io/tcgplayer/bw3-4,https://images.pokemontcg.io/bw3/4_hires.png,2026/08/08,2026/07/01,0.29,0.15000000596046448,0.30000001192092896,19.979999542236328,,1.21,,,,0.2076,0.0231,0.1846,0.9228,0.023099999874830246,0.1038,0.1615,1.2458,0.7844,0.5883,1.1535,2026-08-09
xy8-9,Chespin,normal,BREAKthrough,9,Common,Kouki Saitou,Basic,650,Pokémon,2015/11/04,"tcgplayer,cardmarket",https://prices.pokemontcg.io/tcgplayer/xy8-9,https://images.pokemontcg.io/xy8/9_hires.png,2026/08/08,2026/07/01,0.45,0.30000001192092896,0.46000000834465027,40.0,,5.92,,,,0.4845,0.0231,1.7649,3.5643,4.060299873352051,1.9494,0.8305,0.2192,2.8953,2.2724,1.1535,2026-08-09
sm2-12,Lampent,normal,Guardians Rising,12,Uncommon,0313,Stage 1,608,Pokémon,2017/05/05,"tcgplayer,cardmarket",https://prices.pokemontcg.io/tcgplayer/sm2-12,https://images.pokemontcg.io/sm2/12_hires.png,2026/08/08,2026/07/01,0.2,0.05000000074505806,0.20999999344348907,19.979999542236328,,0.4,,,,0.1038,0.0231,0.2192,0.4037,0.7958999872207642,0.1961,0.1038,0.323,0.4268,0.346,1.1535,2026-08-09
sm6-6,Scatterbug,normal,Forbidden Light,6,Common,Ken Sugimori,Basic,664,Pokémon,2018/05/04,"tcgplayer,cardmarket",https://prices.pokemontcg.io/tcgplayer/sm6-6,https://images.pokemontcg.io/sm6/6_hires.png,2026/08/08,2026/07/01,0.19,0.03999999910593033,0.20000000298023224,19.979999542236328,,0.36,,,,0.1154,0.0231,0.1384,0.4614,0.23070000112056732,0.15,0.0923,0.4037,0.4037,0.3807,1.1535,2026-08-09
dp5-4,Dialga,holofoil,Majestic Dawn,4,Rare Holo,Masakazu Fukuda,Basic,483,Pokémon,2008/05/01,"tcgplayer,cardmarket",https://prices.pokemontcg.io/tcgplayer/dp5-4,https://images.pokemontcg.io/dp5/4_hires.png,2026/08/08,2026/07/01,45.99,30.0,45.9900016784668,643.0,,27.3,,,,11.4658,2.1916,11.0736,8.5013,5.75600004196167,10.8544,10.5315,7.0133,8.7781,10.37,1.1535,2026-08-09
ex16-4,Banette,holofoil,Power Keepers,4,Rare Holo,Ken Sugimori,Stage 1,354,Pokémon,2007/02/02,"tcgplayer,cardmarket",https://prices.pokemontcg.io/tcgplayer/ex16-4,https://images.pokemontcg.io/ex16/4_hires.png,2026/08/08,2026/07/01,13.23,6.900000095367432,18.399999618530273,167.39999389648438,,38.5,,,,7.2555,1.7302,6.1482,5.5714,5.75600004196167,7.9822,6.0443,4.0373,7.9361,7.8784,1.1535,2026-08-09
sm75-12,Litten,normal,Dragon Majesty,12,Common,Ryota Murayama,Basic,725,Pokémon,2018/09/07,"tcgplayer,cardmarket",https://prices.pokemontcg.io/tcgplayer/sm75-12,https://images.pokemontcg.io/sm75/12_hires.png,2026/08/08,2026/07/01,0.46,0.10999999940395355,0.4000000059604645,19.979999542236328,,0.99,,,,0.3345,0.0231,0.15,0.8305,0.05770000070333481,0.1846,0.2653,0.4845,1.0612,1.4995,1.1535,2026-08-09
swsh3-5,Carnivine,normal,Darkness Ablaze,5,Uncommon,Masakazu Fukuda,Basic,455,Pokémon,2020/08/14,"tcgplayer,cardmarket",https://prices.pokemontcg.io/tcgplayer/swsh3-5,https://images.pokemontcg.io/swsh3/5_hires.png,2026/08/08,2026/06/30,0.07,0.009999999776482582,0.17000000178813934,25.049999237060547,,0.2,,,,0.0807,0.0231,0.1038,0.2999,0.023099999874830246,0.1269,0.0807,0.2307,0.2768,0.3345,1.1535,2026-08-09
ex1-5,Delcatty,holofoil,Ruby & Sapphire,5,Rare Holo,Atsuko Nishida,Stage 1,301,Pokémon,2003/07/01,"tcgplayer,cardmarket",https://prices.pokemontcg.io/tcgplayer/ex1-5,https://images.pokemontcg.io/ex1/5_hires.png,2026/08/08,2026/07/01,33.66,19.389999389648438,37.0,400.0,,18.16,,,,12.3078,1.7302,10.9929,7.8899,9.216500282287598,13.3229,10.393,6.3442,8.2937,8.9512,1.1535,2026-08-09
ex8-12,Mightyena,holofoil,Deoxys,12,Rare Holo,Naoyo Kimura,Stage 1,262,Pokémon,2005/02/01,"tcgplayer,cardmarket",https://prices.pokemontcg.io/tcgplayer/ex8-12,https://images.pokemontcg.io/ex8/12_hires.png,2026/08/08,2026/07/01,39.7,22.0,31.979999542236328,192.10000610351562,,35.3,,,,6.0559,2.307,20.7399,15.1685,98.04750061035156,18.1676,11.4658,19.598,26.7843,20.9014,1.1535,2026-08-09
det1-14,Jigglypuff,holofoil,Detective Pikachu,14,Common,Framestore,Basic,39,Pokémon,2019/04/05,"tcgplayer,cardmarket",https://prices.pokemontcg.io/tcgplayer/det1-14,https://images.pokemontcg.io/det1/14_hires.png,2026/08/08,2026/07/01,0.75,0.10000000149011612,0.7099999785423279,5.0,,,,,,0.4845,0.0231,0.2884,0.4729,0.17299999296665192,0.3345,0.4729,0.2307,0.4614,0.5537,1.1535,2026-08-09
dp4-10,Tangrowth,holofoil,Great Encounters,10,Rare Holo,Kent Kanetsuna,Stage 1,465,Pokémon,2008/02/01,"tcgplayer,cardmarket",https://prices.pokemontcg.io/tcgplayer/dp4-10,https://images.pokemontcg.io/dp4/10_hires.png,2026/08/08,2026/07/01,5.81,4.989999771118164,5.760000228881836,45.400001525878906,,4.9,,,,2.7915,0.2307,1.9725,3.2413,1.153499960899353,1.3842,2.5954,1.4419,2.953,2.48,1.1535,2026-08-09
pl2-9,Luxray GL,holofoil,Rising Rivals,9,Rare Holo,Kouki Saitou,Basic|SP,405,Pokémon,2009/05/16,"tcgplayer,cardmarket",https://prices.pokemontcg.io/tcgplayer/pl2-9,https://images.pokemontcg.io/pl2/9_hires.png,2026/08/08,2026/07/01,20.52,21.670000076293945,35.38999938964844,199.89999389648438,,21.75,,,,8.7781,1.1535,8.9166,5.7214,8.639699935913086,7.7861,7.4747,8.0745,6.0443,6.2866,1.1535,2026-08-09
ecard1-5,Butterfree,holofoil,Expedition Base Set,5,Rare Holo,Sumiyoshi Kizuki,Stage 2,12,Pokémon,2002/09/15,"tcgplayer,cardmarket",https://prices.pokemontcg.io/tcgplayer/ecard1-5,https://images.pokemontcg.io/ecard1/5_hires.png,2026/08/08,2026/07/01,153.12,100.0,157.16000366210938,1129.5999755859375,,159.97,,,,41.8144,4.5794,119.6295,16.8757,28.837499618530273,50.8924,50.8693,17.291,20.4169,21.7089,1.1535,2026-08-09
sm2-13,Chandelure,holofoil,Guardians Rising,13,Rare Holo,Kouki Saitou,Stage 2,609,Pokémon,2017/05/05,"tcgplayer,cardmarket",https://prices.pokemontcg.io/tcgplayer/sm2-13,https://images.pokemontcg.io/sm2/13_hires.png,2026/08/08,2026/07/01,0.52,0.23999999463558197,0.5299999713897705,19.139999389648438,,0.61,,,,0.496,0.0577,0.3691,0.6229,0.219200000166893,0.2653,0.4729,0.6921,0.7267,0.8305,1.1535,2026-08-09
pl1-15,Shaymin,holofoil,Platinum,15,Rare Holo,Atsuko Nishida,Basic,492,Pokémon,2009/02/11,"tcgplayer,cardmarket",https://prices.pokemontcg.io/tcgplayer/pl1-15,https://images.pokemontcg.io/pl1/15_hires.png,2026/08/08,2026/06/30,15.63,11.829999923706055,29.989999771118164,499.6000061035156,,9.43,,,,5.4907,0.9805,5.11,2.953,2.1800999641418457,5.9636,4.6947,1.5342,3.5412,2.8722,1.1535,2026-08-09
sma-SV5,Pheromosa,holofoil,Hidden Fates Shiny Vault,SV5,Rare Shiny,Mizue,Basic|Ultra Beast,795,Pokémon,2019/08/23,"tcgplayer,cardmarket",https://prices.pokemontcg.io/tcgplayer/sma-SV5,https://images.pokemontcg.io/sma/SV5_hires.png,2026/08/08,2026/07/01,9.99,7.559999942779541,10.520000457763672,90.0,,,,,,11.0505,4.3256,10.9121,0.0,9.804800033569336,9.7125,9.3895,4.614,4.4179,3.7719,1.1535,2026-08-09
xy9-4,Seedot,normal,BREAKpoint,4,Common,Kanako Eo,Basic,273,Pokémon,2016/02/03,"tcgplayer,cardmarket",https://prices.pokemontcg.io/tcgplayer/xy9-4,https://images.pokemontcg.io/xy9/4_hires.png,2026/08/08,2026/07/01,0.1,0.029999999329447746,0.20000000298023224,1000.0,,0.62,,,,0.0923,0.0231,0.1038,0.3345,0.03460000082850456,0.0807,0.0923,0.4037,0.346,0.4729,1.1535,2026-08-09
sm35-5,Breloom,normal,Shining Legends,5,Common,Mizue,Stage 1,286,Pokémon,2017/10/06,"tcgplayer,cardmarket",https://prices.pokemontcg.io/tcgplayer/sm35-5,https://images.pokemontcg.io/sm35/5_hires.png,2026/08/08,2026/07/01,0.24,0.029999999329447746,0.23999999463558197,18.84000015258789,,0.5,,,,0.0807,0.0231,0.0923,0.3807,0.05770000070333481,0.0923,0.0692,0.2768,0.4153,0.3345,1.1535,2026-08-09
hgss2-12,Beedrill,normal,HS—Unleashed,12,Rare,Kyoko Umemoto,Stage 2,15,Pokémon,2010/05/12,"tcgplayer,cardmarket",https://prices.pokemontcg.io/tcgplayer/hgss2-12,https://images.pokemontcg.io/hgss2/12_hires.png,2026/08/08,2026/07/01,2.49,0.7400000095367432,2.25,28.100000381469727,,14.99,,,,1.0266,0.0807,0.9343,2.5031,0.25380000472068787,0.8651,0.9459,7.4747,3.7719,3.6912,1.1535,2026-08-09
pop7-14,Mareep,normal,POP Series 7,14,Common,Atsuko Nishida,Basic,179,Pokémon,2008/03/01,"tcgplayer,cardmarket",https://prices.pokemontcg.io/tcgplayer/pop7-14,https://images.pokemontcg.io/pop7/14_hires.png,2026/08/08,2026/07/01,5.62,3.0,6.5,54.310001373291016,,,,,,3.7835,1.1535,2.5608,0.0,1.7187000513076782,3.2067,2.5031,0.0,0.0,0.0,1.1535,2026-08-09
pop8-6,Cherrim,normal,POP Series 8,6,Uncommon,Atsuko Nishida,Stage 1,421,Pokémon,2008/09/01,"tcgplayer,cardmarket",https://prices.pokemontcg.io/tcgplayer/pop8-6,https://images.pokemontcg.io/pop8/6_hires.png,2026/08/08,2026/07/01,12.42,2.6500000953674316,12.420000076293945,102.48999786376953,,10.56,,,,1.0035,0.4614,1.3727,1.0035,2.2955000400543213,1.3727,1.3727,1.1535,1.1766,0.9113,1.1535,2026-08-09
smp-SM06,Rockruff,holofoil,SM Black Star Promos,SM06,Promo,match,Basic,744,Pokémon,2017/02/03,"tcgplayer,cardmarket",https://prices.pokemontcg.io/tcgplayer/smp-SM06,https://images.pokemontcg.io/smp/SM06_hires.png,2026/08/08,2026/07/01,1.46,0.30000001192092896,0.9700000286102295,14.640000343322754,,,,,,1.2342,0.173,1.7649,0.0,1.4419000148773193,1.2342,1.2919,1.7302,0.992,0.7959,1.1535,2026-08-09
pl4-13,Aerodactyl,normal,Arceus,13,Rare,Masakazu Fukuda,Stage 1,142,Pokémon,2009/11/04,"tcgplayer,cardmarket",https://prices.pokemontcg.io/tcgplayer/pl4-13,https://images.pokemontcg.io/pl4/13_hires.png,2026/08/08,2026/07/01,3.41,1.7200000286102295,3.1500000953674316,32.0,,5.97,,,,2.2263,0.2307,1.5688,19.0328,1.7302000522613525,1.7995,2.2839,4.6025,8.0284,5.4215,1.1535,2026-08-09
hsp-HGSS04,Wobbuffet,holofoil,HGSS Black Star Promos,HGSS04,Promo,match,Basic,202,Pokémon,2010/02/10,tcgplayer,https://prices.pokemontcg.io/tcgplayer/hsp-HGSS04,https://images.pokemontcg.io/hsp/HGSS04_hires.png,2026/08/08,,11.5,5.079999923706055,24.989999771118164,349.8999938964844,,,,,,,,,,,,,,,,,2026-08-09
pop2-7,Ivysaur,normal,POP Series 2,7,Uncommon,Ken Sugimori,Stage 1,2,Pokémon,2005/08/01,"tcgplayer,cardmarket",https://prices.pokemontcg.io/tcgplayer/pop2-7,https://images.pokemontcg.io/pop2/7_hires.png,2026/08/08,2026/07/01,44.62,34.9900016784668,71.02999877929688,899.9000244140625,,,,,,12.6193,5.1907,18.0869,0.0,8.062999725341797,17.4294,13.7151,17.3025,9.228,9.228,1.1535,2026-08-09
ex6-9,Nidoqueen,normal,FireRed & LeafGreen,9,Rare Holo,Naoyo Kimura,Stage 2,31,Pokémon,2004/09/01,"tcgplayer,cardmarket",https://prices.pokemontcg.io/tcgplayer/ex6-9,https://images.pokemontcg.io/ex6/9_hires.png,2026/08/08,2026/07/01,35.58,19.219999313354492,38.130001068115234,170.89999389648438,31.38,32.05,,,,7.0594,2.307,8.3744,15.1916,11.523500442504883,11.2351,9.5625,14.984,15.6299,13.7959,1.1535,2026-08-09
bw6-13,Roselia,normal,Dragons Exalted,13,Common,Shin Nagasawa,Basic,315,Pokémon,2012/08/15,"tcgplayer,cardmarket",https://prices.pokemontcg.io/tcgplayer/bw6-13,https://images.pokemontcg.io/bw6/13_hires.png,2026/08/08,2026/06/30,0.25,0.12999999523162842,0.25,19.979999542236328,,0.63,,,,0.1961,0.0231,0.2307,1.1535,0.023099999874830246,0.173,0.1615,1.1535,0.6229,0.7959,1.1535,2026-08-09
xy5-13,Surskit,normal,Primal Clash,13,Common,Sumiyoshi Kizuki,Basic,283,Pokémon,2015/02/04,"tcgplayer,cardmarket",https://prices.pokemontcg.io/tcgplayer/xy5-13,https://images.pokemontcg.io/xy5/13_hires.png,2026/08/08,2026/07/01,0.15,0.03999999910593033,0.20000000298023224,19.979999542236328,,0.51,,,,0.1615,0.0231,0.1961,1.1766,0.15000000596046448,0.2192,0.1615,0.346,0.9343,0.6344,1.1535,2026-08-09
xyp-XY05,Xerneas,holofoil,XY Black Star Promos,XY05,Promo,5ban Graphics,Basic,716,Pokémon,2013/10/12,"tcgplayer,cardmarket",https://prices.pokemontcg.io/tcgplayer/xyp-XY05,https://images.pokemontcg.io/xyp/XY05_hires.png,2026/08/08,2026/07/01,10.28,6.579999923706055,7.980000019073486,8.930000305175781,,,,,,8.1898,1.1535,8.0514,0.0,22.481700897216797,7.9476,5.2254,1.1535,4.441,3.4259,1.1535,2026-08-09
pop9-12,Buneary,normal,POP Series 9,12,Common,Midori Harada,Basic,427,Pokémon,2009/03/01,"tcgplayer,cardmarket",https://prices.pokemontcg.io/tcgplayer/pop9-12,https://images.pokemontcg.io/pop9/12_hires.png,2026/08/08,2026/07/01,0.75,0.25,0.7699999809265137,19.979999542236328,,,,,,0.4614,0.1154,0.5306,0.0,0.23070000112056732,0.5652,0.4845,0.1154,0.1154,0.1154,1.1535,2026-08-09
xy10-13,Delphox,holofoil,Fates Collide,13,Rare Holo,Kagemaru Himeno,Stage 2,655,Pokémon,2016/05/02,"tcgplayer,cardmarket",https://prices.pokemontcg.io/tcgplayer/xy10-13,https://images.pokemontcg.io/xy10/13_hires.png,2026/08/08,2026/06/30,0.47,0.25,0.49000000953674316,19.979999542236328,,1.07,,,,1.1996,0.7613,1.4303,0.0,1.153499960899353,1.4073,1.2112,0.5191,0.5652,0.5421,1.1535,2026-08-09
col1-14,Lucario,holofoil,Call of Legends,14,Rare Holo,Takashi Yamaguchi,Stage 1,448,Pokémon,2011/02/09,"tcgplayer,cardmarket",https://prices.pokemontcg.io/tcgplayer/col1-14,https://images.pokemontcg.io/col1/14_hires.png,2026/08/08,2026/07/01,13.83,18.989999771118164,39.5,71.4800033569336,,36.66,,,,7.4862,0.0231,6.8633,7.7169,0.46140000224113464,5.6291,6.5057,1.142,11.9503,11.039,1.1535,2026-08-09
sm115-15,Magikarp,normal,Hidden Fates,15,Common,Shigenori Negishi,Basic,129,Pokémon,2019/08/23,"tcgplayer,cardmarket",https://prices.pokemontcg.io/tcgplayer/sm115-15,https://images.pokemontcg.io/sm115/15_hires.png,2026/08/08,2026/07/01,0.28,0.03999999910593033,0.28999999165534973,19.979999542236328,,1.69,,,,0.0923,0.0231,0.15,0.4845,0.24220000207424164,0.1384,0.1038,0.4614,0.3922,0.5421,1.1535,2026-08-09
sm9-14,Charizard,normal,Team Up,14,Rare,Masakazu Fukuda,Stage 2,6,Pokémon,2019/02/01,"tcgplayer,cardmarket",https://prices.pokemontcg.io/tcgplayer/sm9-14,https://images.pokemontcg.io/sm9/14_hires.png,2026/08/08,2026/07/01,18.13,8.949999809265137,19.489999771118164,101.13999938964844,,32.85,,,,21.8934,1.7302,14.2573,22.401,4.602499961853027,13.9804,20.9245,42.6795,21.0283,28.5607,1.1535,2026-08-09
dp7-4,Lumineon,holofoil,Stormfront,4,Rare Holo,Kent Kanetsuna,Stage 1,457,Pokémon,2008/11/01,"tcgplayer,cardmarket",https://prices.pokemontcg.io/tcgplayer/dp7-4,https://images.pokemontcg.io/dp7/4_hires.png,2026/08/08,2026/07/01,4.75,2.609999895095825,4.800000190734863,58.5,,4.3,,,,3.2644,0.5537,3.2644,4.5909,2.8722000122070312,3.8181,3.1375,1.7302,3.6681,3.0914,1.1535,2026-08-09
xy2-16,Torkoal,normal,Flashfire,16,Uncommon,Akira Komayama,Basic,324,Pokémon,2014/05/07,"tcgplayer,cardmarket",https://prices.pokemontcg.io/tcgplayer/xy2-16,https://images.pokemontcg.io/xy2/16_hires.png,2026/08/08,2026/06/26,0.24,0.05000000074505806,0.25,19.989999771118164,,1.23,,,,0.2653,0.0231,0.346,2.8261,0.11540000140666962,0.2307,0.1615,2.8261,1.638,0.8997,1.1535,2026-08-09
hgss4-15,Bronzong,normal,HS—Triumphant,15,Rare,Yuka Morii,Stage 1,437,Pokémon,2010/11/03,"tcgplayer,cardmarket",https://prices.pokemontcg.io/tcgplayer/hgss4-15,https://images.pokemontcg.io/hgss4/15_hires.png,2026/08/08,2026/07/01,15.26,33.810001373291016,69.55000305175781,98.88999938964844,,31.36,,,,4.3718,1.5572,4.4756,6.1482,4.037300109863281,4.0026,3.5989,5.7675,6.5057,7.4285,1.1535,2026-08-09
basep-10,Meowth,holofoil,Wizards Black Star Promos,10,Promo,Kagemaru Himeno,Basic,52,Pokémon,1999/07/01,"tcgplayer,cardmarket",https://prices.pokemontcg.io/tcgplayer/basep-10,https://images.pokemontcg.io/basep/10_hires.png,2026/08/08,2026/07/01,59.65,39.95000076293945,59.09000015258789,550.2999877929688,,,,,,15.1108,3.4605,15.8145,0.0,25.919099807739258,17.9369,15.8722,10.8429,8.7551,7.0017,1.1535,2026-08-09
swsh1-12,Thwackey,normal,Sword & Shield,12,Uncommon,Megumi Mizutani,Stage 1,811,Pokémon,2020/02/07,"tcgplayer,cardmarket",https://prices.pokemontcg.io/tcgplayer/swsh1-12,https://images.pokemontcg.io/swsh1/12_hires.png,2026/08/08,2026/06/22,0.07,0.009999999776482582,0.20000000298023224,19.979999542236328,,0.71,,,,0.1384,0.0231,0.1154,0.6229,0.05770000070333481,0.0923,0.1269,0.7959,0.5652,0.6344,1.1535,2026-08-09
sm5-15,Shaymin,holofoil,Ultra Prism,15,Rare Holo,Mizue,Basic,492,Pokémon,2018/02/02,"tcgplayer,cardmarket",https://prices.pokemontcg.io/tcgplayer/sm5-15,https://images.pokemontcg.io/sm5/15_hires.png,2026/08/08,2026/06/23,4.88,3.140000104904175,4.96999979019165,43.400001525878906,,6.06,,,,2.5608,0.2192,2.8722,9.7586,3.4605000019073486,2.803,2.307,0.5767,6.6442,3.4259,1.1535,2026-08-09
base5-12,Dark Slowbro,1stEditionHolofoil,Team Rocket,12,Rare Holo,Mitsuhiro Arita,Stage 1,80,Pokémon,2000/04/24,"tcgplayer,cardmarket",https://prices.pokemontcg.io/tcgplayer/base5-12,https://images.pokemontcg.io/base5/12_hires.png,2026/08/08,2026/07/01,99.64,90.0,111.5999984741211,1279.5,,,,,"{""unlimitedHolofoil"": {""low"": 35.57, ""mid"": 51.51, ""high"": 299.99, ""market"": 51.51, ""directLow"": 50.25}}",54.6298,11.4197,43.0371,0.0,17.302499771118164,53.061,53.4647,17.3025,32.5056,21.1898,1.1535,2026-08-09
bw2-7,Leavanny,normal,Emerging Powers,7,Rare,Kouki Saitou,Stage 2,542,Pokémon,2011/08/31,"tcgplayer,cardmarket",https://prices.pokemontcg.io/tcgplayer/bw2-7,https://images.pokemontcg.io/bw2/7_hires.png,2026/08/08,2026/07/01,0.91,0.6499999761581421,0.8899999856948853,19.979999542236328,,2.77,,,,0.819,0.1038,0.8074,1.1535,0.7958999872207642,0.8074,0.819,1.1535,1.2804,1.7187,1.1535,2026-08-09
pop6-12,Buneary,normal,POP Series 6,12,Common,Kagemaru Himeno,Basic,427,Pokémon,2007/09/01,"tcgplayer,cardmarket",https://prices.pokemontcg.io/tcgplayer/pop6-12,https://images.pokemontcg.io/pop6/12_hires.png,2026/08/08,2026/07/01,36.99,26.670000076293945,36.9900016784668,399.0,,,,,,2.8838,1.7302,2.7453,0.0,3.4489998817443848,2.7684,1.6726,0.0,0.0,0.0,1.1535,2026-08-09
base2-6,Mr. Mime,1stEditionHolofoil,Jungle,6,Rare Holo,Ken Sugimori,Basic,122,Pokémon,1999/06/16,"tcgplayer,cardmarket",https://prices.pokemontcg.io/tcgplayer/base2-6,https://images.pokemontcg.io/base2/6_hires.png,2026/08/08,2026/07/01,134.09,66.4800033569336,379.5,866.0999755859375,,,,,"{""unlimitedHolofoil"": {""low"": 20.0, ""mid"": 25.08, ""high"": 288.68, ""market"": 33.82, ""directLow"": 23.98}}",29.6219,3.3451,24.5234,0.0,5.767499923706055,29.1374,28.1108,11.535,13.5882,12.0425,1.1535,2026-08-09
swsh4-10,Seedot,normal,Vivid Voltage,10,Common,Suwama Chiaki,Basic,273,Pokémon,2020/11/13,"tcgplayer,cardmarket",https://prices.pokemontcg.io/tcgplayer/swsh4-10,https://images.pokemontcg.io/swsh4/10_hires.png,2026/08/08,2026/07/01,0.04,0.009999999776482582,0.15000000596046448,25.049999237060547,,0.24,,,,0.0461,0.0231,0.0461,0.1615,0.023099999874830246,0.0577,0.0346,0.2653,0.15,0.2192,1.1535,2026-08-09
np-3,Treecko,reverseHolofoil,Nintendo Black Star Promos,3,Promo,Atsuko Nishida,Basic,252,Pokémon,2003/10/01,"tcgplayer,cardmarket",https://prices.pokemontcg.io/tcgplayer/np-3,https://images.pokemontcg.io/np/3_hires.png,2026/08/08,2026/07/01,72.05,50.0099983215332,80.98999786376953,499.8999938964844,,,,,,30.5447,8.6512,26.3805,0.0,15.514599800109863,30.2909,16.8872,3.4605,3.126,2.6992,1.1535,2026-08-09
xy0-7,Pansear,normal,Kalos Starter Set,7,,Naoyo Kimura,Basic,513,Pokémon,2013/11/08,"tcgplayer,cardmarket",https://prices.pokemontcg.io/tcgplayer/xy0-7,https://images.pokemontcg.io/xy0/7_hires.png,2026/08/08,2026/07/01,0.46,0.14000000059604645,0.41999998688697815,19.979999542236328,,,,,,0.7844,0.0231,0.5998,0.0,0.28839999437332153,0.5191,0.4845,0.0,0.0,0.0,1.1535,2026-08-09
bwp-BW06,Snivy,holofoil,BW Black Star Promos,BW06,Promo,Shizurow,Basic,495,Pokémon,2011/03/01,"tcgplayer,cardmarket",https://prices.pokemontcg.io/tcgplayer/bwp-BW06,https://images.pokemontcg.io/bwp/BW06_hires.png,2026/08/08,2026/07/01,3.73,1.1100000143051147,3.75,96.70999908447266,,,,,,5.5368,2.8838,8.2706,0.0,6.86329984664917,8.1206,6.9671,2.307,2.2378,1.7879,1.1535,2026-08-09
bw9-12,Flareon,normal,Plasma Freeze,12,Uncommon,5ban Graphics,Stage 1|Team Plasma,136,Pokémon,2013/05/08,"tcgplayer,cardmarket",https://prices.pokemontcg.io/tcgplayer/bw9-12,https://images.pokemontcg.io/bw9/12_hires.png,2026/08/08,2026/07/01,4.96,2.0,4.5,54.52000045776367,,38.49,,,,3.3336,0.0577,3.9334,9.401,2.2955000400543213,2.6877,3.5758,1.4995,11.9964,17.9139,1.1535,2026-08-09
sm6-7,Spewpa,normal,Forbidden Light,7,Uncommon,Miki Tanaka,Stage 1,665,Pokémon,2018/05/04,"tcgplayer,cardmarket",https://prices.pokemontcg.io/tcgplayer/sm6-7,https://images.pokemontcg.io/sm6/7_hires.png,2026/08/08,2026/07/01,0.22,0.05999999865889549,0.25,19.979999542236328,,0.54,,,,0.173,0.0231,0.1846,0.5883,0.28839999437332153,0.1846,0.1615,0.4614,0.5767,0.5075,1.1535,2026-08-09
ex5-7,Heracross,holofoil,Hidden Legends,7,Rare Holo,Hajime Kusajima,Basic,214,Pokémon,2004/06/01,"tcgplayer,cardmarket",https://prices.pokemontcg.io/tcgplayer/ex5-7,https://images.pokemontcg.io/ex5/7_hires.png,2026/08/08,2026/07/01,50.26,49.79999923706055,60.310001373291016,626.9000244140625,,44.52,,,,15.976,1.142,20.8437,21.0398,11.419699668884277,12.2386,14.0958,11.4773,21.5128,13.2768,1.1535,2026-08-09
ecard2-H16,Magneton,holofoil,Aquapolis,H16,Rare Holo,Hikaru Koike,Stage 1,82,Pokémon,2003/01/15,"tcgplayer,cardmarket",https://prices.pokemontcg.io/tcgplayer/ecard2-H16,https://images.pokemontcg.io/ecard2/H16_hires.png,2026/08/08,2026/07/01,120.0,119.98999786376953,349.989990234375,1219.9000244140625,,,,,,58.021,8.063,64.942,0.0,126.87349700927734,66.1532,51.4115,46.1285,25.3885,19.5288,1.1535,2026-08-09
xy3-5,M Heracross-EX,holofoil,Furious Fists,5,Rare Holo EX,5ban Graphics,MEGA|EX,214,Pokémon,2014/08/13,"tcgplayer,cardmarket",https://prices.pokemontcg.io/tcgplayer/xy3-5,https://images.pokemontcg.io/xy3/5_hires.png,2026/08/08,2026/07/01,16.48,8.489999771118164,15.180000305175781,199.99000549316406,,,,,,13.1384,4.614,16.1605,0.0,23.058500289916992,11.039,16.0221,5.1331,5.0754,5.6637,1.1535,2026-08-09
ex7-13,Piloswine,normal,Team Rocket Returns,13,Rare Holo,Tomokazu Komiya,Stage 1,221,Pokémon,2004/11/01,"tcgplayer,cardmarket",https://prices.pokemontcg.io/tcgplayer/ex7-13,https://images.pokemontcg.io/ex7/13_hires.png,2026/08/08,2026/07/01,31.49,27.0,29.989999771118164,40.0,26.99,39.0,,,,24.212,18.456,28.7221,27.4764,31.08679962158203,26.865,22.2279,26.5305,29.3566,27.7071,1.1535,2026-08-09
neo4-14,Light Dragonite,1stEditionHolofoil,Neo Destiny,14,Rare Holo,Atsuko Nishida,Stage 2,149,Pokémon,2002/02/28,"tcgplayer,cardmarket",https://prices.pokemontcg.io/tcgplayer/neo4-14,https://images.pokemontcg.io/neo4/14_hires.png,2026/08/08,2026/07/01,500.0,699.989990234375,699.989990234375,699.989990234375,,,,,"{""unlimitedHolofoil"": {""low"": 284.99, ""mid"": 499.98, ""high"": 9999.0, ""market"": 416.99, ""directLow"": null}}",343.7315,31.0868,287.8329,0.0,53.06100082397461,186.5671,220.9875,23.07,28.6875,56.6138,1.1535,2026-08-09
swsh3-6,Pansage,normal,Darkness Ablaze,6,Common,Mina Nakai,Basic,511,Pokémon,2020/08/14,"tcgplayer,cardmarket",https://prices.pokemontcg.io/tcgplayer/swsh3-6,https://images.pokemontcg.io/swsh3/6_hires.png,2026/08/08,2026/06/30,0.03,0.009999999776482582,0.15000000596046448,25.030000686645508,,0.24,,,,0.0461,0.0231,0.0461,0.3576,0.023099999874830246,0.0346,0.0346,0.323,0.323,0.2653,1.1535,2026-08-09
dp1-13,Roserade,holofoil,Diamond & Pearl,13,Rare Holo,Nakaoka,Stage 1,407,Pokémon,2007/05/01,"tcgplayer,cardmarket",https://prices.pokemontcg.io/tcgplayer/dp1-13,https://images.pokemontcg.io/dp1/13_hires.png,2026/08/08,2026/07/01,19.31,4.989999771118164,15.430000305175781,127.69999694824219,,12.2,,,,3.1606,0.4614,2.6415,2.9876,1.1419999599456787,2.0532,3.0452,1.3265,3.0914,3.299,1.1535,2026-08-09
bw10-15,Wartortle,normal,Plasma Blast,15,Uncommon,Akira Komayama,Stage 1,8,Pokémon,2013/08/14,"tcgplayer,cardmarket",https://prices.pokemontcg.io/tcgplayer/bw10-15,https://images.pokemontcg.io/bw10/15_hires.png,2026/08/08,2026/06/27,1.81,0.9900000095367432,1.7899999618530273,19.979999542236328,,6.56,,,,1.5111,0.2307,1.4534,5.0869,0.9228000044822693,0.9805,1.5803,4.4294,4.8216,4.0373,1.1535,2026-08-09
ecard3-H9,Gengar,,Skyridge,H9,Rare Holo,Kyoko Umemoto,Stage 2,94,Pokémon,2003/05/12,cardmarket,https://prices.pokemontcg.io/cardmarket/ecard3-H9,https://images.pokemontcg.io/ecard3/H9_hires.png,,2026/07/01,,,,,,,,,,5679.061,657.4835,1757.5417,0.0,7486.21484375,2107.2944,1341.9242,125.2124,101.2542,66.4993,1.1535,2026-08-09
si1-16,Lickitung,normal,Southern Islands,16,,Naoyo Kimura,Basic,108,Pokémon,2001/07/31,"tcgplayer,cardmarket",https://prices.pokemontcg.io/tcgplayer/si1-16,https://images.pokemontcg.io/si1/16_hires.png,2026/08/08,2026/07/01,39.23,26.520000457763672,43.65999984741211,359.79998779296875,,,,,,36.8313,27.684,35.0549,0.0,39.21900177001953,39.5535,25.9884,8.0745,8.0745,8.0745,1.1535,2026-08-09
ex16-5,Blaziken,holofoil,Power Keepers,5,Rare Holo,Masakazu Fukuda,Stage 2,257,Pokémon,2007/02/02,"tcgplayer,cardmarket",https://prices.pokemontcg.io/tcgplayer/ex16-5,https://images.pokemontcg.io/ex16/5_hires.png,2026/08/08,2026/07/01,30.29,19.889999389648438,39.630001068115234,493.1000061035156,,129.68,,,,7.5093,1.7302,6.5865,27.2572,2.8838000297546387,6.1482,9.0434,9.1703,29.5181,22.2972,1.1535,2026-08-09
dv1-16,Haxorus,holofoil,Dragon Vault,16,Rare Holo,Eske Yoshinob,Stage 2,612,Pokémon,2012/10/05,"tcgplayer,cardmarket",https://prices.pokemontcg.io/tcgplayer/dv1-16,https://images.pokemontcg.io/dv1/16_hires.png,2026/08/08,2026/07/01,3.87,2.240000009536743,3.8299999237060547,41.400001525878906,,,,,,5.5368,0.3345,6.3096,0.0,4.613999843597412,5.11,4.9831,2.307,13.2422,6.921,1.1535,2026-08-09
neo2-5,Houndour,1stEditionHolofoil,Neo Discovery,5,Rare Holo,Aya Kusube,Basic,228,Pokémon,2001/06/01,"tcgplayer,cardmarket",https://prices.pokemontcg.io/tcgplayer/neo2-5,https://images.pokemontcg.io/neo2/5_hires.png,2026/08/08,2026/07/01,139.24,350.0,435.0,639.6300048828125,,,,,"{""unlimitedHolofoil"": {""low"": 78.49, ""mid"": 119.95, ""high"": 1682.26, ""market"": 94.52, ""directLow"": 1682.26}}",128.7191,10.2661,52.7034,0.0,92.26850128173828,40.6263,102.5,40.3148,19.5288,19.4019,1.1535,2026-08-09
dc1-4,Team Aqua's Sealeo,normal,Double Crisis,4,Common,Naoki Saito,Stage 1,364,Pokémon,2015/03/25,"tcgplayer,cardmarket",https://prices.pokemontcg.io/tcgplayer/dc1-4,https://images.pokemontcg.io/dc1/4_hires.png,2026/08/08,2026/07/01,1.06,0.30000001192092896,1.0,19.979999542236328,,8.53,,,,4.118,0.9228,4.0834,11.2351,2.249300003051758,4.4871,2.953,9.2165,9.551,9.3203,1.1535,2026-08-09
dp2-6,Bronzong,holofoil,Mysterious Treasures,6,Rare Holo,Daisuke Ito,Stage 1,437,Pokémon,2007/08/01,"tcgplayer,cardmarket",https://prices.pokemontcg.io/tcgplayer/dp2-6,https://images.pokemontcg.io/dp2/6_hires.png,2026/08/08,2026/07/01,4.49,2.0999999046325684,4.440000057220459,34.400001525878906,,6.9,,,,2.3877,0.2884,1.7072,3.3798,2.8838000297546387,2.8261,2.7799,3.7258,2.9414,1.9148,1.1535,2026-08-09
bw7-12,Servine,normal,Boundaries Crossed,12,Uncommon,Mizue,Stage 1,496,Pokémon,2012/11/07,"tcgplayer,cardmarket",https://prices.pokemontcg.io/tcgplayer/bw7-12,https://images.pokemontcg.io/bw7/12_hires.png,2026/08/08,2026/07/01,0.7,0.3700000047683716,0.699999988079071,19.979999542236328,,10.08,,,,0.3345,0.0346,0.3691,3.3451,1.003499984741211,0.4499,0.3114,0.8074,3.3336,1.984,1.1535,2026-08-09
ru1-13,Skuntank,normal,Pokémon Rumble,13,,Pokemon Rumble,Stage 1,435,Pokémon,2009/12/02,"tcgplayer,cardmarket",https://prices.pokemontcg.io/tcgplayer/ru1-13,https://images.pokemontcg.io/ru1/13_hires.png,2026/08/08,2026/07/01,52.37,50.0,98.69000244140625,999.7999877929688,,,,,,26.8881,11.5235,33.9821,0.0,34.59349822998047,60.3396,26.5997,11.5235,6.3327,6.3327,1.1535,2026-08-09
gym2-15,Rocket's Zapdos,1stEditionHolofoil,Gym Challenge,15,Rare Holo,Shin-ichi Yoshida,Basic,145,Pokémon,2000/10/16,"tcgplayer,cardmarket",https://prices.pokemontcg.io/tcgplayer/gym2-15,https://images.pokemontcg.io/gym2/15_hires.png,2026/08/08,2026/07/01,213.99,599.989990234375,999.97998046875,2028.6199951171875,,,,,"{""unlimitedHolofoil"": {""low"": 89.96, ""mid"": 153.62, ""high"": 9999.0, ""market"": 97.4, ""directLow"": 89.96}}",136.7244,23.07,159.7482,0.0,98.04750061035156,145.7563,132.4564,39.219,65.8418,52.9918,1.1535,2026-08-09
mcd16-4,Magikarp,,McDonald's Collection 2016,4,,Akira Komayama,Basic,129,Pokémon,2016/08/19,cardmarket,https://prices.pokemontcg.io/cardmarket/mcd16-4,https://images.pokemontcg.io/mcd16/4_hires.png,,2026/07/01,,,,,,,,,,18.606,0.173,18.4329,0.0,23.06999969482422,17.8677,15.4223,0.8305,2.9414,1.7649,1.1535,2026-08-09
xy11-15,Volcarona,normal,Steam Siege,15,Rare,Kouki Saitou,Stage 1,637,Pokémon,2016/08/03,"tcgplayer,cardmarket",https://prices.pokemontcg.io/tcgplayer/xy11-15,https://images.pokemontcg.io/xy11/15_hires.png,2026/08/08,2026/06/30,0.95,0.25,0.8999999761581421,19.979999542236328,,3.37,,,,13.842,9.228,11.362,0.0,16.14900016784668,12.0195,10.0585,2.307,2.2609,2.2609,1.1535,2026-08-09
pl3-13,Venusaur,holofoil,Supreme Victors,13,Rare Holo,Kouki Saitou,Stage 2,3,Pokémon,2009/08/19,"tcgplayer,cardmarket",https://prices.pokemontcg.io/tcgplayer/pl3-13,https://images.pokemontcg.io/pl3/13_hires.png,2026/08/08,2026/07/01,45.86,27.010000228881836,47.0,319.70001220703125,,46.13,,,,9.6087,0.7498,5.1331,14.0035,6.344200134277344,5.8367,8.7205,3.4605,12.6654,12.6885,1.1535,2026-08-09
pop4-12,Pidgey,normal,POP Series 4,12,Common,Hisao Nakamura,Basic,16,Pokémon,2006/08/01,"tcgplayer,cardmarket",https://prices.pokemontcg.io/tcgplayer/pop4-12,https://images.pokemontcg.io/pop4/12_hires.png,2026/08/08,2026/07/01,27.37,12.979999542236328,40.970001220703125,419.79998779296875,,,,,,14.9955,0.2884,12.9307,0.0,14.995499610900879,9.1473,7.1632,0.0,0.0,0.0,1.1535,2026-08-09
base4-14,Pidgeot,holofoil,Base Set 2,14,Rare Holo,Kagemaru Himeno,Stage 2,18,Pokémon,2000/02/24,"tcgplayer,cardmarket",https://prices.pokemontcg.io/tcgplayer/base4-14,https://images.pokemontcg.io/base4/14_hires.png,2026/08/08,2026/07/01,39.41,19.0,24.639999389648438,560.75,,,,,,24.6503,2.307,20.0363,0.0,23.012300491333008,23.0469,24.9271,8.063,18.1792,15.9298,1.1535,2026-08-09
sm8-11,Hoppip,normal,Lost Thunder,11,Common,Mizue,Basic,187,Pokémon,2018/11/02,"tcgplayer,cardmarket",https://prices.pokemontcg.io/tcgplayer/sm8-11,https://images.pokemontcg.io/sm8/11_hires.png,2026/08/08,2026/07/01,0.19,0.07999999821186066,0.23999999463558197,19.979999542236328,,0.43,,,,0.1269,0.0231,0.1269,0.3807,0.05770000070333481,0.15,0.1384,0.2192,0.4153,0.4499,1.1535,2026-08-09
sm4-5,Cacnea,normal,Crimson Invasion,5,Common,Anesaki Dynamic,Basic,331,Pokémon,2017/11/03,"tcgplayer,cardmarket",https://prices.pokemontcg.io/tcgplayer/sm4-5,https://images.pokemontcg.io/sm4/5_hires.png,2026/08/08,2026/07/01,0.19,0.009999999776482582,0.20000000298023224,19.979999542236328,,0.32,,,,0.0577,0.0231,0.0461,0.346,0.05770000070333481,0.0807,0.0692,0.346,0.3807,0.3345,1.1535,2026-08-09
swsh35-15,Drednaw VMAX,holofoil,Champion's Path,15,Rare Holo VMAX,aky CG Works,VMAX,834,Pokémon,2020/09/25,"tcgplayer,cardmarket",https://prices.pokemontcg.io/tcgplayer/swsh35-15,https://images.pokemontcg.io/swsh35/15_hires.png,2026/08/08,2026/07/01,2.33,1.8799999952316284,2.5899999141693115,99.0,,,,,,2.8607,0.8651,2.7915,0.0,2.8838000297546387,2.8491,2.8607,4.614,5.0293,5.5945,1.1535,2026-08-09
bw4-13,Arcanine,normal,Next Destinies,13,Uncommon,Ryo Ueda,Stage 1,59,Pokémon,2012/02/08,"tcgplayer,cardmarket",https://prices.pokemontcg.io/tcgplayer/bw4-13,https://images.pokemontcg.io/bw4/13_hires.png,2026/08/08,2026/07/01,1.47,0.3100000023841858,1.100000023841858,19.979999542236328,,9.8,,,,0.9574,0.0231,1.0035,1.1535,0.03460000082850456,1.3265,0.8651,1.142,1.9725,2.5954,1.1535,2026-08-09
base1-13,Poliwrath,holofoil,Base,13,Rare Holo,Ken Sugimori,Stage 2,62,Pokémon,1999/01/09,"tcgplayer,cardmarket",https://prices.pokemontcg.io/tcgplayer/base1-13,https://images.pokemontcg.io/base1/13_hires.png,2026/08/08,2026/07/01,41.1,18.0,28.459999084472656,9999.0,,,,,,29.1028,4.6025,36.0469,0.0,16.091299057006836,21.8011,27.8801,10.3354,25.4577,22.0088,1.1535,2026-08-09
ex9-14,Groudon,normal,Emerald,14,Rare,Kouki Saitou,Basic,383,Pokémon,2005/05/01,"tcgplayer,cardmarket",https://prices.pokemontcg.io/tcgplayer/ex9-14,https://images.pokemontcg.io/ex9/14_hires.png,2026/08/08,2026/07/01,15.77,27.989999771118164,54.9900016784668,128.72000122070312,,279.99,,,,4.9254,0.5767,5.8136,29.9449,31.721200942993164,8.1206,7.3593,92.2223,71.667,50.8001,1.1535,2026-08-09
xy1-12,Chespin,normal,XY,12,Common,5ban Graphics,Basic,650,Pokémon,2014/02/05,"tcgplayer,cardmarket",https://prices.pokemontcg.io/tcgplayer/xy1-12,https://images.pokemontcg.io/xy1/12_hires.png,2026/08/08,2026/07/01,0.4,0.15000000596046448,0.38999998569488525,19.979999542236328,,1.3,,,,0.2192,0.0231,0.2307,2.0878,0.426800012588501,0.2422,0.2538,5.1907,2.0994,1.1996,1.1535,2026-08-09
pop1-13,Plusle,normal,POP Series 1,13,Common,Ken Sugimori,Basic,311,Pokémon,2004/09/01,"tcgplayer,cardmarket",https://prices.pokemontcg.io/tcgplayer/pop1-13,https://images.pokemontcg.io/pop1/13_hires.png,2026/08/08,2026/07/01,5.59,3.0799999237060547,5.619999885559082,41.08000183105469,,,,,,3.1145,0.173,5.7098,0.0,2.2955000400543213,8.7781,3.9565,0.0,0.0,0.0,1.1535,2026-08-09
dp3-16,Raikou,holofoil,Secret Wonders,16,Rare Holo,Ryo Ueda,Basic,243,Pokémon,2007/11/01,"tcgplayer,cardmarket",https://prices.pokemontcg.io/tcgplayer/dp3-16,https://images.pokemontcg.io/dp3/16_hires.png,2026/08/08,2026/07/01,24.37,15.0,112.76000213623047,402.7799987792969,,15.92,,,,9.3433,0.5767,3.126,4.4064,3.4605000019073486,5.7444,9.574,7.4285,5.5945,5.8713,1.1535,2026-08-09
bw1-11,Maractus,normal,Black & White,11,Uncommon,Kagemaru Himeno,Basic,556,Pokémon,2011/04/25,"tcgplayer,cardmarket",https://prices.pokemontcg.io/tcgplayer/bw1-11,https://images.pokemontcg.io/bw1/11_hires.png,2026/08/08,2026/07/01,0.35,0.14000000059604645,0.3199999928474426,19.979999542236328,,1.74,,,,0.5306,0.0231,0.3576,0.8074,0.11540000140666962,0.5537,0.3807,0.9228,0.7267,1.1189,1.1535,2026-08-09
base3-15,Zapdos,1stEditionHolofoil,Fossil,15,Rare Holo,Mitsuhiro Arita,Basic,145,Pokémon,1999/10/10,"tcgplayer,cardmarket",https://prices.pokemontcg.io/tcgplayer/base3-15,https://images.pokemontcg.io/base3/15_hires.png,2026/08/08,2026/07/01,142.99,100.0,179.99000549316406,1341.0,,,,,"{""unlimitedHolofoil"": {""low"": 16.0, ""mid"": 25.33, ""high"": 404.39, ""market"": 41.55, ""directLow"": 169.36}}",41.18,4.4986,33.0016,0.0,17.291000366210938,30.2332,37.5926,31.6982,22.2279,20.1286,1.1535,2026-08-09
ex10-13,Slowbro,holofoil,Unseen Forces,13,Rare Holo,Midori Harada,Stage 1,80,Pokémon,2005/08/01,"tcgplayer,cardmarket",https://prices.pokemontcg.io/tcgplayer/ex10-13,https://images.pokemontcg.io/ex10/13_hires.png,2026/08/08,2026/07/01,44.45,59.9900016784668,354.8500061035156,412.7799987792969,,46.99,,,,5.8944,1.1535,8.2129,20.4285,8.016799926757812,5.8944,8.2475,7.3824,8.0399,16.3797,1.1535,2026-08-09
ex15-4,Meganium δ,holofoil,Dragon Frontiers,4,Rare Holo,Sumiyoshi Kizuki,Stage 2,154,Pokémon,2006/11/01,"tcgplayer,cardmarket",https://prices.pokemontcg.io/tcgplayer/ex15-4,https://images.pokemontcg.io/ex15/4_hires.png,2026/08/08,2026/07/01,65.78,33.959999084472656,63.84000015258789,270.0,,99.95,,,,12.4693,4.614,12.9192,58.667,10.958200454711914,15.6069,12.3424,161.49,34.282,31.9404,1.1535,2026-08-09
dpp-DP13,Buizel,holofoil,DP Black Star Promos,DP13,Promo,Mitsuhiro Arita,Basic,418,Pokémon,2007/05/01,tcgplayer,https://prices.pokemontcg.io/tcgplayer/dpp-DP13,https://images.pokemontcg.io/dpp/DP13_hires.png,2026/08/08,,18.03,15.289999961853027,49.9900016784668,101.0,,,,,,,,,,,,,,,,,2026-08-09
sm7-8,Treecko,normal,Celestial Storm,8,Common,tetsuya koizumi,Basic,252,Pokémon,2018/08/03,"tcgplayer,cardmarket",https://prices.pokemontcg.io/tcgplayer/sm7-8,https://images.pokemontcg.io/sm7/8_hires.png,2026/08/08,2026/07/01,0.37,0.10000000149011612,0.3499999940395355,19.68000030517578,,0.63,,,,0.2422,0.0231,0.0231,0.9343,0.15000000596046448,0.1384,0.4614,1.142,6.1136,3.2413,1.1535,2026-08-09
bw11-16,Genesect,holofoil,Legendary Treasures,16,Rare Holo,Ayaka Yoshida,Basic,649,Pokémon,2013/11/06,"tcgplayer,cardmarket",https://prices.pokemontcg.io/tcgplayer/bw11-16,https://images.pokemontcg.io/bw11/16_hires.png,2026/08/08,2026/07/01,1.96,1.100000023841858,1.9900000095367432,29.989999771118164,,4.46,,,,3.1029,2.0763,4.0142,0.0,3.4028000831604004,3.4605,4.1641,9.1127,7.7284,3.8642,1.1535,2026-08-09
swsh2-6,Heracross,normal,Rebel Clash,6,Uncommon,otumami,Basic,214,Pokémon,2020/05/01,"tcgplayer,cardmarket",https://prices.pokemontcg.io/tcgplayer/swsh2-6,https://images.pokemontcg.io/swsh2/6_hires.png,2026/08/08,2026/07/01,0.19,0.019999999552965164,0.20000000298023224,19.979999542236328,,0.33,,,,0.0923,0.0231,0.0923,0.5421,0.023099999874830246,0.0461,0.0807,0.2884,0.5421,0.4614,1.1535,2026-08-09
ex13-11,Latias δ,holofoil,Holon Phantoms,11,Rare Holo,Masakazu Fukuda,Basic,380,Pokémon,2006/05/01,"tcgplayer,cardmarket",https://prices.pokemontcg.io/tcgplayer/ex13-11,https://images.pokemontcg.io/ex13/11_hires.png,2026/08/08,2026/07/01,101.57,65.98999786376953,104.9800033569336,1496.800048828125,,140.4,,,,22.2626,8.0745,38.3077,127.7501,115.3499984741211,35.2394,22.7009,46.0823,84.5054,59.1745,1.1535,2026-08-09
bw3-5,Lilligant,normal,Noble Victories,5,Rare,Akira Komayama,Stage 1,549,Pokémon,2011/11/16,"tcgplayer,cardmarket",https://prices.pokemontcg.io/tcgplayer/bw3-5,https://images.pokemontcg.io/bw3/5_hires.png,2026/08/08,2026/07/01,2.04,1.0099999904632568,2.119999885559082,31.0,,7.36,,,,0.7613,0.0231,0.9689,0.0,0.5651999711990356,0.8074,0.6806,1.7302,2.5838,2.307,1.1535,2026-08-09
xy6-10,Ninjask,normal,Roaring Skies,10,Uncommon,Sumiyoshi Kizuki,Stage 1,291,Pokémon,2015/05/06,"tcgplayer,cardmarket",https://prices.pokemontcg.io/tcgplayer/xy6-10,https://images.pokemontcg.io/xy6/10_hires.png,2026/08/08,2026/07/01,0.19,0.05000000074505806,0.25,1000.0,,0.73,,,,0.1846,0.0231,0.173,0.5767,0.17299999296665192,0.1846,0.1961,0.4614,0.5767,0.5652,1.1535,2026-08-09
ex1-6,Dustox,holofoil,Ruby & Sapphire,6,Rare Holo,Midori Harada,Stage 2,269,Pokémon,2003/07/01,"tcgplayer,cardmarket",https://prices.pokemontcg.io/tcgplayer/ex1-6,https://images.pokemontcg.io/ex1/6_hires.png,2026/08/08,2026/07/01,17.02,11.779999732971191,16.5,180.0,,17.34,,,,16.4028,1.1535,13.9227,10.0816,10.958200454711914,11.8118,13.2306,5.9636,7.567,7.1171,1.1535,2026-08-09
hgss3-9,Togekiss,holofoil,HS—Undaunted,9,Rare Holo,Atsuko Nishida,Stage 2,468,Pokémon,2010/08/18,"tcgplayer,cardmarket",https://prices.pokemontcg.io/tcgplayer/hgss3-9,https://images.pokemontcg.io/hgss3/9_hires.png,2026/08/08,2026/07/01,14.45,13.0,19.200000762939453,199.8000030517578,,18.88,,,,2.8722,0.2884,4.3948,2.48,3.8180999755859375,3.4028,2.8145,1.7187,5.4791,5.11,1.1535,2026-08-09
sm10-6,Oddish,normal,Unbroken Bonds,6,Common,Asako Ito,Basic,43,Pokémon,2019/05/03,"tcgplayer,cardmarket",https://prices.pokemontcg.io/tcgplayer/sm10-6,https://images.pokemontcg.io/sm10/6_hires.png,2026/08/08,2026/07/01,2.1,1.25,2.0999999046325684,19.979999542236328,,8.22,,,,0.4153,0.0231,0.1269,4.2333,0.31139999628067017,0.2538,0.4268,0.5767,3.7719,1.6956,1.1535,2026-08-09
xy12-6,Kakuna,normal,Evolutions,6,Uncommon,Keiji Kinebuchi,Stage 1,14,Pokémon,2016/11/02,"tcgplayer,cardmarket",https://prices.pokemontcg.io/tcgplayer/xy12-6,https://images.pokemontcg.io/xy12/6_hires.png,2026/08/08,2026/07/01,0.07,0.009999999776482582,0.20000000298023224,19.979999542236328,,0.31,,,,0.0923,0.0231,0.1615,0.6575,0.023099999874830246,0.1154,0.0923,0.5767,0.7613,0.6575,1.1535,2026-08-09
sm12-13,Kricketot,normal,Cosmic Eclipse,13,Common,Ken Sugimori,Basic,401,Pokémon,2019/11/01,"tcgplayer,cardmarket",https://prices.pokemontcg.io/tcgplayer/sm12-13,https://images.pokemontcg.io/sm12/13_hires.png,2026/08/08,2026/06/27,0.18,0.009999999776482582,0.20000000298023224,19.920000076293945,,0.4,,,,0.0923,0.0231,0.1038,0.496,0.08070000261068344,0.1154,0.0807,0.3922,0.5421,0.5537,1.1535,2026-08-09
neo1-5,Feraligatr,1stEditionHolofoil,Neo Genesis,5,Rare Holo,Ken Sugimori,Stage 2,160,Pokémon,2000/12/16,"tcgplayer,cardmarket",https://prices.pokemontcg.io/tcgplayer/neo1-5,https://images.pokemontcg.io/neo1/5_hires.png,2026/08/08,2026/07/01,118.32,349.989990234375,501.9700012207031,504.94000244140625,,,,,"{""unlimitedHolofoil"": {""low"": 76.45, ""mid"": 171.98, ""high"": 1106.2, ""market"": 136.49, ""directLow"": 999.98}}",57.9864,11.535,44.4905,0.0,91.12650299072266,50.7425,66.4993,44.8712,19.5634,28.8375,1.1535,2026-08-09
xy4-11,Litleo,normal,Phantom Forces,11,Common,Atsuko Nishida,Basic,667,Pokémon,2014/11/05,"tcgplayer,cardmarket",https://prices.pokemontcg.io/tcgplayer/xy4-11,https://images.pokemontcg.io/xy4/11_hires.png,2026/08/08,2026/07/01,0.38,0.05000000074505806,0.30000001192092896,19.979999542236328,,0.49,,,,0.1615,0.0231,0.1846,0.7267,0.29989999532699585,0.2076,0.1615,0.4614,0.7728,0.5652,1.1535,2026-08-09
xy7-14,Entei,normal,Ancient Origins,14,Rare,Naoki Saito,Basic,244,Pokémon,2015/08/12,"tcgplayer,cardmarket",https://prices.pokemontcg.io/tcgplayer/xy7-14,https://images.pokemontcg.io/xy7/14_hires.png,2026/08/08,2026/07/01,0.48,0.15000000596046448,0.47999998927116394,23.489999771118164,,3.04,,,,0.7728,0.1154,0.8882,4.6947,1.707200050354004,1.0612,0.992,3.4605,4.937,3.6797,1.1535,2026-08-09
g1-5,Butterfree,holofoil,Generations,5,Rare Holo,miki kudo,Stage 2,12,Pokémon,2016/02/22,"tcgplayer,cardmarket",https://prices.pokemontcg.io/tcgplayer/g1-5,https://images.pokemontcg.io/g1/5_hires.png,2026/08/08,2026/07/01,3.56,1.840000033378601,3.8499999046325684,39.9900016784668,,3.74,,,,4.1295,0.2307,4.9485,4.8793,4.337200164794922,4.7524,3.795,4.3833,5.0985,5.4791,1.1535,2026-08-09
swshp-SWSH004,Meowth V,holofoil,SWSH Black Star Promos,SWSH004,Promo,aky CG Works,Basic|V,52,Pokémon,2019/11/15,"tcgplayer,cardmarket",https://prices.pokemontcg.io/tcgplayer/swshp-SWSH004,https://images.pokemontcg.io/swshp/SWSH004_hires.png,2026/08/08,2026/06/30,4.04,1.9900000095367432,4.429999828338623,16.8700008392334,,,,,,3.2529,0.5767,3.126,0.0,3.9219000339508057,3.1952,3.2644,2.8838,2.6069,2.7107,1.1535,2026-08-09
base2-7,Nidoqueen,1stEditionHolofoil,Jungle,7,Rare Holo,Ken Sugimori,Stage 2,31,Pokémon,1999/06/16,"tcgplayer,cardmarket",https://prices.pokemontcg.io/tcgplayer/base2-7,https://images.pokemontcg.io/base2/7_hires.png,2026/08/08,2026/07/01,108.57,64.1500015258789,139.99000549316406,992.97998046875,,,,,"{""unlimitedHolofoil"": {""low"": 20.0, ""mid"": 35.99, ""high"": 409.1, ""market"": 57.25, ""directLow"": 409.1}}",30.0948,5.1907,37.6618,0.0,177.63900756835938,47.1781,33.1747,4.3833,17.4063,14.6264,1.1535,2026-08-09
ex7-14,Togetic,holofoil,Team Rocket Returns,14,Rare Holo,Sumiyoshi Kizuki,Stage 1,176,Pokémon,2004/11/01,"tcgplayer,cardmarket",https://prices.pokemontcg.io/tcgplayer/ex7-14,https://images.pokemontcg.io/ex7/14_hires.png,2026/08/08,2026/07/01,129.99,249.99000549316406,1299.989990234375,1309.800048828125,,141.81,,,,9.228,8.6512,40.0034,60.5587,92.22229766845703,40.1303,28.4684,60.5587,46.5437,38.8268,1.1535,2026-08-09
xy8-10,Quilladin,normal,BREAKthrough,10,Uncommon,Miki Tanaka,Stage 1,651,Pokémon,2015/11/04,"tcgplayer,cardmarket",https://prices.pokemontcg.io/tcgplayer/xy8-10,https://images.pokemontcg.io/xy8/10_hires.png,2026/08/08,2026/07/01,0.71,0.25,0.7200000286102295,1000.0,,1.47,,,,2.63,0.2307,1.7533,9.6087,0.4499000012874603,2.653,2.1455,10.37,5.0408,4.9139,1.1535,2026-08-09
bw9-13,Heatran-EX,holofoil,Plasma Freeze,13,Rare Holo EX,Eske Yoshinob,Basic|EX|Team Plasma,485,Pokémon,2013/05/08,"tcgplayer,cardmarket",https://prices.pokemontcg.io/tcgplayer/bw9-13,https://images.pokemontcg.io/bw9/13_hires.png,2026/08/08,2026/07/01,21.29,6.03000020980835,10.529999732971191,180.60000610351562,,,,,,11.2005,1.3842,11.9618,0.0,6.921000003814697,11.2005,11.2466,2.2493,4.8216,4.1987,1.1535,2026-08-09
dp2-7,Celebi,holofoil,Mysterious Treasures,7,Rare Holo,Kagemaru Himeno,Basic,251,Pokémon,2007/08/01,"tcgplayer,cardmarket",https://prices.pokemontcg.io/tcgplayer/dp2-7,https://images.pokemontcg.io/dp2/7_hires.png,2026/08/08,2026/07/01,60.9,20.0,44.97999954223633,315.75,,21.33,,,,7.1402,1.1189,5.8367,9.8048,5.75600004196167,7.8438,8.9281,5.756,9.2857,7.1286,1.1535,2026-08-09
xy0-8,Fennekin,normal,Kalos Starter Set,8,,5ban Graphics,Basic,653,Pokémon,2013/11/08,"tcgplayer,cardmarket",https://prices.pokemontcg.io/tcgplayer/xy0-8,https://images.pokemontcg.io/xy0/8_hires.png,2026/08/08,2026/07/01,0.24,0.05000000074505806,0.23999999463558197,19.979999542236328,4.5,,,,,0.4729,0.0231,0.5652,0.2307,1.7302000522613525,0.4383,0.3576,0.2307,0.6344,0.5998,1.1535,2026-08-09
xy1-13,Quilladin,normal,XY,13,Uncommon,5ban Graphics,Stage 1,651,Pokémon,2014/02/05,"tcgplayer,cardmarket",https://prices.pokemontcg.io/tcgplayer/xy1-13,https://images.pokemontcg.io/xy1/13_hires.png,2026/08/08,2026/07/01,1.05,0.6299999952316284,1.0199999809265137,19.979999542236328,,5.49,,,,1.488,0.0231,1.6264,0.0,1.7302000522613525,1.1766,1.8225,20.763,5.929,3.8642,1.1535,2026-08-09
ex8-13,Ninjask,normal,Deoxys,13,Rare Holo,Katsura Tabata,Stage 1,291,Pokémon,2005/02/01,"tcgplayer,cardmarket",https://prices.pokemontcg.io/tcgplayer/ex8-13,https://images.pokemontcg.io/ex8/13_hires.png,2026/08/08,2026/07/01,9.53,5.0,52.70000076293945,100.4000015258789,20.34,29.66,,,,7.8323,1.1535,7.3247,5.756,3.345099925994873,7.59,6.7941,3.449,34.6396,16.6335,1.1535,2026-08-09
sm8-12,Hoppip,normal,Lost Thunder,12,Common,kawayoo,Basic,187,Pokémon,2018/11/02,"tcgplayer,cardmarket",https://prices.pokemontcg.io/tcgplayer/sm8-12,https://images.pokemontcg.io/sm8/12_hires.png,2026/08/08,2026/07/01,0.24,0.10000000149011612,0.25,5.0,,0.55,,,,0.3114,0.0231,0.1961,0.7152,0.15000000596046448,0.1384,0.1961,0.5306,0.7152,0.5767,1.1535,2026-08-09
bw3-6,Dwebble,normal,Noble Victories,6,Common,MAHOU,Basic,557,Pokémon,2011/11/16,"tcgplayer,cardmarket",https://prices.pokemontcg.io/tcgplayer/bw3-6,https://images.pokemontcg.io/bw3/6_hires.png,2026/08/08,2026/07/01,0.3,0.15000000596046448,0.3499999940395355,19.979999542236328,,3.04,,,,0.1961,0.0231,0.2422,1.2573,0.51910001039505,0.1961,0.2076,1.0958,1.3727,1.2342,1.1535,2026-08-09
pop1-14,Surskit,normal,POP Series 1,14,Common,Kagemaru Himeno,Basic,283,Pokémon,2004/09/01,"tcgplayer,cardmarket",https://prices.pokemontcg.io/tcgplayer/pop1-14,https://images.pokemontcg.io/pop1/14_hires.png,2026/08/08,2026/07/01,1.44,0.5,1.440000057220459,19.979999542236328,,,,,,1.3035,0.1154,1.142,0.0,1.7878999710083008,1.4419,1.0266,0.0,0.0,0.0,1.1535,2026-08-09
sm10-7,Gloom,normal,Unbroken Bonds,7,Uncommon,Anesaki Dynamic,Stage 1,44,Pokémon,2019/05/03,"tcgplayer,cardmarket",https://prices.pokemontcg.io/tcgplayer/sm10-7,https://images.pokemontcg.io/sm10/7_hires.png,2026/08/08,2026/07/01,0.44,0.20000000298023224,0.4300000071525574,19.979999542236328,,1.49,,,,0.346,0.0231,0.3922,0.7959,0.57669997215271,0.3576,0.3114,1.7187,0.8882,0.8997,1.1535,2026-08-09
sm3-12,Pansage,normal,Burning Shadows,12,Common,Shigenori Negishi,Basic,511,Pokémon,2017/08/05,"tcgplayer,cardmarket",https://prices.pokemontcg.io/tcgplayer/sm3-12,https://images.pokemontcg.io/sm3/12_hires.png,2026/08/08,2026/06/27,0.12,0.009999999776482582,0.20000000298023224,19.979999542236328,,0.28,,,,0.0461,0.0231,0.0346,0.1846,0.05770000070333481,0.0461,0.0461,0.1615,0.1846,0.2884,1.1535,2026-08-09
det1-15,Snubbull,holofoil,Detective Pikachu,15,Common,Framestore,Basic,209,Pokémon,2019/04/05,"tcgplayer,cardmarket",https://prices.pokemontcg.io/tcgplayer/det1-15,https://images.pokemontcg.io/det1/15_hires.png,2026/08/08,2026/07/01,0.36,0.07999999821186066,0.4000000059604645,19.700000762939453,,,,,,0.2884,0.0231,0.2768,0.5998,0.23070000112056732,0.346,0.2768,0.5767,0.4845,0.4729,1.1535,2026-08-09
dp3-17,Roserade,holofoil,Secret Wonders,17,Rare Holo,Ken Sugimori,Stage 1,407,Pokémon,2007/11/01,"tcgplayer,cardmarket",https://prices.pokemontcg.io/tcgplayer/dp3-17,https://images.pokemontcg.io/dp3/17_hires.png,2026/08/08,2026/07/01,5.64,2.0,4.119999885559082,51.900001525878906,,6.67,,,,2.2609,0.1154,2.4339,4.7293,2.4223999977111816,1.9956,2.3993,11.535,4.2449,2.0186,1.1535,2026-08-09
pop5-9,δ Rainbow Energy,normal,POP Series 5,9,Uncommon,Takumi Akabane,Special,,Energy,2007/03/01,"tcgplayer,cardmarket",https://prices.pokemontcg.io/tcgplayer/pop5-9,https://images.pokemontcg.io/pop5/9_hires.png,2026/08/08,2026/07/01,14.38,9.989999771118164,15.180000305175781,112.0,,,,,,5.4215,4.0373,4.937,0.0,5.421500205993652,5.26,4.8447,0.9574,0.9574,0.9574,1.1535,2026-08-09
hgss3-10,Umbreon,holofoil,HS—Undaunted,10,Rare Holo,Mitsuhiro Arita,Stage 1,197,Pokémon,2010/08/18,"tcgplayer,cardmarket",https://prices.pokemontcg.io/tcgplayer/hgss3-10,https://images.pokemontcg.io/hgss3/10_hires.png,2026/08/08,2026/07/01,96.83,65.19000244140625,142.5,679.5,,199.99,,,,21.1437,1.1535,17.314,27.6263,14.568699836730957,15.0762,20.3131,5.7675,23.1738,30.3024,1.1535,2026-08-09
xy6-11,Shedinja,normal,Roaring Skies,11,Rare,Aya Kusube,Stage 1,292,Pokémon,2015/05/06,"tcgplayer,cardmarket",https://prices.pokemontcg.io/tcgplayer/xy6-11,https://images.pokemontcg.io/xy6/11_hires.png,2026/08/08,2026/07/01,0.41,0.15000000596046448,0.4300000071525574,19.989999771118164,,0.75,,,,0.7498,0.0231,0.646,1.0612,0.46140000224113464,0.8074,0.5652,0.8651,0.8997,1.5803,1.1535,2026-08-09
xy9-5,Kricketot,normal,BREAKpoint,5,Common,Sumiyoshi Kizuki,Basic,401,Pokémon,2016/02/03,"tcgplayer,cardmarket",https://prices.pokemontcg.io/tcgplayer/xy9-5,https://images.pokemontcg.io/xy9/5_hires.png,2026/08/08,2026/07/01,0.2,0.05000000074505806,0.20999999344348907,1000.0,,0.43,,,,0.1154,0.0231,0.0807,0.2307,0.04610000178217888,0.0923,0.1154,0.5767,0.2653,0.4153,1.1535,2026-08-09
base4-15,Poliwrath,holofoil,Base Set 2,15,Rare Holo,Ken Sugimori,Stage 2,62,Pokémon,2000/02/24,"tcgplayer,cardmarket",https://prices.pokemontcg.io/tcgplayer/base4-15,https://images.pokemontcg.io/base4/15_hires.png,2026/08/08,2026/07/01,17.7,10.989999771118164,15.520000457763672,128.94000244140625,,,,,,14.5918,4.5794,16.322,0.0,4.556300163269043,11.9964,14.9148,9.228,10.1508,10.0931,1.1535,2026-08-09
base6-14,Jolteon,holofoil,Legendary Collection,14,Rare Holo,Kagemaru Himeno,Stage 1,135,Pokémon,2002/05/24,"tcgplayer,cardmarket",https://prices.pokemontcg.io/tcgplayer/base6-14,https://images.pokemontcg.io/base6/14_hires.png,2026/08/08,2026/07/01,71.66,55.349998474121094,72.98999786376953,3000.0,,226.25,,,,26.0345,7.9592,34.109,110.3438,19.609500885009766,23.9582,48.1125,178.781,125.4662,213.9166,1.1535,2026-08-09
sm1-13,Grubbin,normal,Sun & Moon,13,Common,Akira Komayama,Basic,736,Pokémon,2017/02/03,"tcgplayer,cardmarket",https://prices.pokemontcg.io/tcgplayer/sm1-13,https://images.pokemontcg.io/sm1/13_hires.png,2026/08/08,2026/06/27,0.05,0.009999999776482582,0.15000000596046448,19.979999542236328,,0.33,,,,0.0577,0.0231,0.0577,0.323,0.04610000178217888,0.0692,0.0577,0.173,0.3114,0.2999,1.1535,2026-08-09
neo3-12,Porygon2,1stEditionHolofoil,Neo Revelation,12,Rare Holo,Keiji Kinebuchi,Stage 1,233,Pokémon,2001/09/21,"tcgplayer,cardmarket",https://prices.pokemontcg.io/tcgplayer/neo3-12,https://images.pokemontcg.io/neo3/12_hires.png,2026/08/08,2026/07/01,99.0,69.98999786376953,160.0,9999.0,,,,,"{""unlimitedHolofoil"": {""low"": 35.9, ""mid"": 46.54, ""high"": 762.2, ""market"": 48.44, ""directLow"": 762.2}}",45.2633,9.8048,36.6121,0.0,17.279399871826172,36.9235,39.888,22.1933,17.6255,14.4764,1.1535,2026-08-09
swsh2-7,Lotad,normal,Rebel Clash,7,Common,Sumiyoshi Kizuki,Basic,270,Pokémon,2020/05/01,"tcgplayer,cardmarket",https://prices.pokemontcg.io/tcgplayer/swsh2-7,https://images.pokemontcg.io/swsh2/7_hires.png,2026/08/08,2026/07/01,0.16,0.019999999552965164,0.20000000298023224,19.979999542236328,,0.29,,,,0.0577,0.0231,0.0346,0.346,0.023099999874830246,0.0346,0.0461,0.2307,0.3114,0.3114,1.1535,2026-08-09
swsh3-7,Simisage,normal,Darkness Ablaze,7,Uncommon,Hasegawa Saki,Stage 1,512,Pokémon,2020/08/14,"tcgplayer,cardmarket",https://prices.pokemontcg.io/tcgplayer/swsh3-7,https://images.pokemontcg.io/swsh3/7_hires.png,2026/08/08,2026/06/30,0.04,0.009999999776482582,0.17000000178813934,25.040000915527344,,0.24,,,,0.0692,0.0231,0.0692,0.2192,0.023099999874830246,0.0692,0.0461,0.1154,0.1615,0.2653,1.1535,2026-08-09
ex4-14,Team Aqua's Crawdaunt,normal,Team Magma vs Team Aqua,14,Rare,Nakaoka,Stage 1,342,Pokémon,2004/03/01,"tcgplayer,cardmarket",https://prices.pokemontcg.io/tcgplayer/ex4-14,https://images.pokemontcg.io/ex4/14_hires.png,2026/08/08,2026/07/01,1.94,1.3700000047683716,1.9299999475479126,29.0,,8.42,,,,2.1801,0.2307,2.3647,6.5057,2.768399953842163,2.157,1.5803,6.921,9.2972,5.5483,1.1535,2026-08-09
bw8-11,Maractus,normal,Plasma Storm,11,Uncommon,Shigenori Negishi,Basic,556,Pokémon,2013/02/06,"tcgplayer,cardmarket",https://prices.pokemontcg.io/tcgplayer/bw8-11,https://images.pokemontcg.io/bw8/11_hires.png,2026/08/08,2026/06/30,0.34,0.20000000298023224,0.38999998569488525,19.979999542236328,,1.79,,,,0.3576,0.0231,0.3807,1.142,0.34599998593330383,0.3345,0.4153,0.5537,1.488,1.6264,1.1535,2026-08-09
ex11-16,Tyranitar δ,holofoil,Delta Species,16,Rare Holo,Mitsuhiro Arita,Stage 2,248,Pokémon,2005/10/31,"tcgplayer,cardmarket",https://prices.pokemontcg.io/tcgplayer/ex11-16,https://images.pokemontcg.io/ex11/16_hires.png,2026/08/08,2026/07/01,192.97,369.989990234375,437.5,1599.800048828125,,297.2,,,,37.904,10.3815,43.2563,163.0588,69.20999908447266,41.0531,67.9988,110.6783,163.0588,90.4344,1.1535,2026-08-09
pl1-16,Slaking,holofoil,Platinum,16,Rare Holo,Masakazu Fukuda,Stage 2,289,Pokémon,2009/02/11,"tcgplayer,cardmarket",https://prices.pokemontcg.io/tcgplayer/pl1-16,https://images.pokemontcg.io/pl1/16_hires.png,2026/08/08,2026/06/30,4.65,3.7300000190734863,4.650000095367432,55.20000076293945,,5.23,,,,2.4108,0.4614,2.9991,1.3035,2.306999921798706,2.3531,2.48,2.2955,2.6069,2.2839,1.1535,2026-08-09
pop6-13,Cherubi,normal,POP Series 6,13,Common,Atsuko Nishida,Basic,420,Pokémon,2007/09/01,"tcgplayer,cardmarket",https://prices.pokemontcg.io/tcgplayer/pop6-13,https://images.pokemontcg.io/pop6/13_hires.png,2026/08/08,2026/07/01,15.53,7.210000038146973,20.0,259.0,,,,,,2.1916,1.1535,2.5838,0.0,2.6414999961853027,2.63,1.6956,0.0,0.0,0.0,1.1535,2026-08-09
sma-SV6,Charmander,holofoil,Hidden Fates Shiny Vault,SV6,Rare Shiny,kirisAki,Basic,4,Pokémon,2019/08/23,"tcgplayer,cardmarket",https://prices.pokemontcg.io/tcgplayer/sma-SV6,https://images.pokemontcg.io/sma/SV6_hires.png,2026/08/08,2026/07/01,33.56,30.0,36.0,96.94999694824219,,,,,,30.5678,8.0745,35.1702,0.0,25.953699111938477,37.6733,22.6547,11.535,21.905,31.6636,1.1535,2026-08-09
ex2-8,Lunatone,holofoil,Sandstorm,8,Rare Holo,Hajime Kusajima,Basic,337,Pokémon,2003/09/18,"tcgplayer,cardmarket",https://prices.pokemontcg.io/tcgplayer/ex2-8,https://images.pokemontcg.io/ex2/8_hires.png,2026/08/08,2026/07/01,31.51,26.540000915527344,41.13999938964844,240.0,,22.87,,,,18.952,1.6149,13.1153,10.37,4.602499961853027,16.0798,16.1144,12.6193,10.3469,6.8172,1.1535,2026-08-09
pl3-14,Yanmega,holofoil,Supreme Victors,14,Rare Holo,Masakazu Fukuda,Stage 1,469,Pokémon,2009/08/19,"tcgplayer,cardmarket",https://prices.pokemontcg.io/tcgplayer/pl3-14,https://images.pokemontcg.io/pl3/14_hires.png,2026/08/08,2026/07/01,9.51,7.989999771118164,21.110000610351562,70.87999725341797,,6.41,,,,2.3416,0.346,2.134,1.6726,3.4605000019073486,2.8261,2.5954,0.4614,16.7604,5.8598,1.1535,2026-08-09
ex6-10,Pidgeot,normal,FireRed & LeafGreen,10,Rare Holo,Midori Harada,Stage 2,18,Pokémon,2004/09/01,"tcgplayer,cardmarket",https://prices.pokemontcg.io/tcgplayer/ex6-10,https://images.pokemontcg.io/ex6/10_hires.png,2026/08/08,2026/07/01,17.99,20.0,29.0,184.41000366210938,15.64,39.0,,,,6.1251,1.1535,7.2094,9.1703,5.75600004196167,5.3407,6.3904,6.7941,8.7435,10.5661,1.1535,2026-08-09
ex14-11,Swalot,holofoil,Crystal Guardians,11,Rare Holo,Mitsuhiro Arita,Stage 1,317,Pokémon,2006/08/01,"tcgplayer,cardmarket",https://prices.pokemontcg.io/tcgplayer/ex14-11,https://images.pokemontcg.io/ex14/11_hires.png,2026/08/08,2026/07/01,10.13,7.5,37.0,183.8000030517578,,39.99,,,,5.4791,0.5767,5.3638,10.7045,5.952099800109863,5.5829,4.5102,4.614,8.2475,8.4898,1.1535,2026-08-09
bw6-14,Roserade,normal,Dragons Exalted,14,Uncommon,Kyoko Umemoto,Stage 1,407,Pokémon,2012/08/15,"tcgplayer,cardmarket",https://prices.pokemontcg.io/tcgplayer/bw6-14,https://images.pokemontcg.io/bw6/14_hires.png,2026/08/08,2026/06/30,0.35,0.2199999988079071,0.3799999952316284,19.979999542236328,,1.36,,,,0.2192,0.0231,0.3114,1.6726,0.17299999296665192,0.2307,0.2653,1.142,1.4534,1.142,1.1535,2026-08-09
sm2-14,Oricorio,normal,Guardians Rising,14,Rare,Shin Nagasawa,Basic,741,Pokémon,2017/05/05,"tcgplayer,cardmarket",https://prices.pokemontcg.io/tcgplayer/sm2-14,https://images.pokemontcg.io/sm2/14_hires.png,2026/08/08,2026/06/19,0.34,0.14000000059604645,0.3400000035762787,19.979999542236328,,0.45,,,,0.5998,0.0231,0.6114,0.0,0.5651999711990356,0.6344,0.5191,0.2307,0.3691,0.2192,1.1535,2026-08-09
pop9-13,Chimchar,normal,POP Series 9,13,Common,Midori Harada,Basic,390,Pokémon,2009/03/01,"tcgplayer,cardmarket",https://prices.pokemontcg.io/tcgplayer/pop9-13,https://images.pokemontcg.io/pop9/13_hires.png,2026/08/08,2026/07/01,1.05,0.5400000214576721,0.9800000190734863,19.299999237060547,,,,,,3.6566,0.0577,4.5217,0.0,0.46140000224113464,5.11,1.9609,11.535,12.1579,10.7506,1.1535,2026-08-09
neo4-15,Light Togetic,1stEditionHolofoil,Neo Destiny,15,Rare Holo,Naoyo Kimura,Stage 1,176,Pokémon,2002/02/28,"tcgplayer,cardmarket",https://prices.pokemontcg.io/tcgplayer/neo4-15,https://images.pokemontcg.io/neo4/15_hires.png,2026/08/08,2026/07/01,290.0,9999.0,9999.0,9999.0,,,,,"{""unlimitedHolofoil"": {""low"": 86.94, ""mid"": 151.98, ""high"": 733.1, ""market"": 62.64, ""directLow"": null}}",85.705,12.8154,58.9323,0.0,27.395599365234375,88.0928,90.1114,19.598,66.7876,33.6361,1.1535,2026-08-09
ex12-16,Girafarig,normal,Legend Maker,16,Rare,Aya Kusube,Basic,203,Pokémon,2006/02/01,"tcgplayer,cardmarket",https://prices.pokemontcg.io/tcgplayer/ex12-16,https://images.pokemontcg.io/ex12/16_hires.png,2026/08/08,2026/07/01,2.83,1.8899999856948853,3.5199999809265137,34.5,,30.99,,,,6.5403,0.1154,4.9947,12.677,1.499500036239624,4.5217,2.9299,9.7932,12.2617,17.0487,1.1535,2026-08-09
bw11-17,Charmander,normal,Legendary Treasures,17,Common,match,Basic,4,Pokémon,2013/11/06,"tcgplayer,cardmarket",https://prices.pokemontcg.io/tcgplayer/bw11-17,https://images.pokemontcg.io/bw11/17_hires.png,2026/08/08,2026/07/01,1.59,0.4699999988079071,1.0,29.989999771118164,,25.16,,,,3.4605,1.1535,3.4836,0.0,2.8838000297546387,3.968,3.299,23.0585,21.7435,19.4711,1.1535,2026-08-09
ex5-8,Jirachi,holofoil,Hidden Legends,8,Rare Holo,Ryo Ueda,Basic,385,Pokémon,2004/06/01,"tcgplayer,cardmarket",https://prices.pokemontcg.io/tcgplayer/ex5-8,https://images.pokemontcg.io/ex5/8_hires.png,2026/08/08,2026/07/01,34.97,24.399999618530273,58.4900016784668,440.8900146484375,,89.01,,,,6.921,1.142,8.9742,24.4196,7.486199855804443,8.9627,12.85,4.0373,21.9626,17.4755,1.1535,2026-08-09
dp5-5,Glaceon,holofoil,Majestic Dawn,5,Rare Holo,Atsuko Nishida,Stage 1,471,Pokémon,2008/05/01,"tcgplayer,cardmarket",https://prices.pokemontcg.io/tcgplayer/dp5-5,https://images.pokemontcg.io/dp5/5_hires.png,2026/08/08,2026/07/01,316.28,76.63999938964844,142.99000549316406,999.97998046875,,139.99,,,,21.109,1.1535,22.5394,24.9387,9.227999687194824,21.109,23.416,34.605,23.4622,14.6379,1.1535,2026-08-09
hgss2-13,Blastoise,normal,HS—Unleashed,13,Rare,Masakazu Fukuda,Stage 2,9,Pokémon,2010/05/12,"tcgplayer,cardmarket",https://prices.pokemontcg.io/tcgplayer/hgss2-13,https://images.pokemontcg.io/hgss2/13_hires.png,2026/08/08,2026/07/01,14.26,14.0,20.5,623.0999755859375,,59.99,,,,10.9236,0.5652,10.0354,9.078,6.921000003814697,13.7843,7.9822,20.7284,17.7178,16.9795,1.1535,2026-08-09
smp-SM07,Pikipek,holofoil,SM Black Star Promos,SM07,Promo,match,Basic,731,Pokémon,2017/02/03,"tcgplayer,cardmarket",https://prices.pokemontcg.io/tcgplayer/smp-SM07,https://images.pokemontcg.io/smp/SM07_hires.png,2026/08/08,2026/07/01,0.59,0.15000000596046448,0.5600000023841858,19.979999542236328,,,,,,1.1766,0.1154,1.165,0.0,1.153499960899353,1.1766,0.9689,2.1801,1.0958,0.6806,1.1535,2026-08-09
pop8-7,Carnivine,normal,POP Series 8,7,Uncommon,Kouki Saitou,Basic,455,Pokémon,2008/09/01,"tcgplayer,cardmarket",https://prices.pokemontcg.io/tcgplayer/pop8-7,https://images.pokemontcg.io/pop8/7_hires.png,2026/08/08,2026/07/01,6.33,2.5899999141693115,5.989999771118164,62.400001525878906,,5.08,,,,2.6761,0.8651,3.0568,0.0,4.025700092315674,2.9991,2.8607,17.2448,8.0399,8.0399,1.1535,2026-08-09
ecard1-6,Charizard,holofoil,Expedition Base Set,6,Rare Holo,Hiromichi Sugiyama,Stage 2,6,Pokémon,2002/09/15,"tcgplayer,cardmarket",https://prices.pokemontcg.io/tcgplayer/ecard1-6,https://images.pokemontcg.io/ecard1/6_hires.png,2026/08/08,2026/07/01,465.0,500.0,999.989990234375,999.989990234375,,493.04,,,,391.2441,51.9075,439.9334,234.2643,374.88751220703125,455.6325,405.5129,80.6296,222.1872,146.9328,1.1535,2026-08-09
xy4-12,Pyroar,holofoil,Phantom Forces,12,Rare Holo,Naoki Saito,Stage 1,668,Pokémon,2014/11/05,"tcgplayer,cardmarket",https://prices.pokemontcg.io/tcgplayer/xy4-12,https://images.pokemontcg.io/xy4/12_hires.png,2026/08/08,2026/07/01,0.95,0.38999998569488525,0.9900000095367432,22.489999771118164,,0.98,,,,1.1535,0.1154,0.9228,1.7187,1.7302000522613525,1.1535,1.142,1.1535,2.5262,2.0648,1.1535,2026-08-09
si1-17,Vileplume,reverseHolofoil,Southern Islands,17,,Naoyo Kimura,Stage 2,45,Pokémon,2001/07/31,"tcgplayer,cardmarket",https://prices.pokemontcg.io/tcgplayer/si1-17,https://images.pokemontcg.io/si1/17_hires.png,2026/08/08,2026/07/01,89.11,59.81999969482422,93.5199966430664,650.0,,,,,,47.5588,14.984,49.8658,0.0,69.20999908447266,54.1914,49.6697,16.7257,13.5075,13.2422,1.1535,2026-08-09
basep-11,Eevee,holofoil,Wizards Black Star Promos,11,Promo,Kagemaru Himeno,Basic,133,Pokémon,1999/07/01,"tcgplayer,cardmarket",https://prices.pokemontcg.io/tcgplayer/basep-11,https://images.pokemontcg.io/basep/11_hires.png,2026/08/08,2026/07/01,50.53,38.459999084472656,51.0,2000.0,,,,,,221.0913,322.98,137.0243,0.0,201.8625030517578,122.3979,59.5206,0.0,0.0,0.0,1.1535,2026-08-09
ex10-14,Slowking,holofoil,Unseen Forces,14,Rare Holo,Midori Harada,Stage 1,199,Pokémon,2005/08/01,"tcgplayer,cardmarket",https://prices.pokemontcg.io/tcgplayer/ex10-14,https://images.pokemontcg.io/ex10/14_hires.png,2026/08/08,2026/07/01,76.38,48.0,72.5,899.9000244140625,,58.74,,,,18.283,2.8838,18.7328,42.1028,23.06999969482422,18.0984,21.5358,18.4329,29.4027,33.3938,1.1535,2026-08-09
hsp-HGSS05,Hoothoot,holofoil,HGSS Black Star Promos,HGSS05,Promo,Masakazu Fukuda,Basic,163,Pokémon,2010/02/10,tcgplayer,https://prices.pokemontcg.io/tcgplayer/hsp-HGSS05,https://images.pokemontcg.io/hsp/HGSS05_hires.png,2026/08/08,,5.75,19.989999771118164,37.5,199.99000549316406,,,,,,,,,,,,,,,,,2026-08-09
sm115-16,Gyarados-GX,holofoil,Hidden Fates,16,Rare Holo GX,5ban Graphics,Stage 1|GX,130,Pokémon,2019/08/23,"tcgplayer,cardmarket",https://prices.pokemontcg.io/tcgplayer/sm115-16,https://images.pokemontcg.io/sm115/16_hires.png,2026/08/08,2026/07/01,6.17,3.6500000953674316,6.150000095367432,20.0,,,,,,3.6335,1.1535,3.8296,0.0,3.3336000442504883,3.622,3.5758,2.4916,2.2147,2.4224,1.1535,2026-08-09
col1-15,Lugia,holofoil,Call of Legends,15,Rare Holo,Ryo Ueda,Basic,249,Pokémon,2011/02/09,"tcgplayer,cardmarket",https://prices.pokemontcg.io/tcgplayer/col1-15,https://images.pokemontcg.io/col1/15_hires.png,2026/08/08,2026/07/01,168.45,224.99000549316406,240.44000244140625,1468.9000244140625,,121.06,,,,55.6564,4.614,66.0379,71.7016,43.08319854736328,53.0149,50.5348,86.5125,57.0175,55.1142,1.1535,2026-08-09
neo1-6,Heracross,1stEditionHolofoil,Neo Genesis,6,Rare Holo,Ken Sugimori,Basic,214,Pokémon,2000/12/16,"tcgplayer,cardmarket",https://prices.pokemontcg.io/tcgplayer/neo1-6,https://images.pokemontcg.io/neo1/6_hires.png,2026/08/08,2026/07/01,192.9,159.99000549316406,213.49000549316406,1111.1300048828125,,,,,"{""unlimitedHolofoil"": {""low"": 34.92, ""mid"": 48.0, ""high"": 299.98, ""market"": 44.04, ""directLow"": 34.92}}",31.2368,3.4605,18.8251,0.0,5.190700054168701,29.7372,31.0984,7.4977,10.6007,13.2306,1.1535,2026-08-09
dc1-5,Team Aqua's Walrein,holofoil,Double Crisis,5,Rare Holo,Hitoshi Ariga,Stage 2,365,Pokémon,2015/03/25,"tcgplayer,cardmarket",https://prices.pokemontcg.io/tcgplayer/dc1-5,https://images.pokemontcg.io/dc1/5_hires.png,2026/08/08,2026/07/01,2.41,1.1200000047683716,2.4000000953674316,17.979999542236328,,5.56,,,,4.2679,1.1535,4.7178,0.0,4.267899990081787,4.3602,4.464,8.0745,11.9157,7.6016,1.1535,2026-08-09
ecard2-H17,Muk,holofoil,Aquapolis,H17,Rare Holo,Hajime Kusajima,Stage 1,89,Pokémon,2003/01/15,"tcgplayer,cardmarket",https://prices.pokemontcg.io/tcgplayer/ecard2-H17,https://images.pokemontcg.io/ecard2/H17_hires.png,2026/08/08,2026/07/01,260.8,279.989990234375,846.0,1412.0,,,,,,115.3385,26.519,86.2472,0.0,115.3385009765625,71.344,56.1178,23.07,17.3486,16.9334,1.1535,2026-08-09
sm5-16,Dewpider,normal,Ultra Prism,16,Common,Midori Harada,Basic,751,Pokémon,2018/02/02,"tcgplayer,cardmarket",https://prices.pokemontcg.io/tcgplayer/sm5-16,https://images.pokemontcg.io/sm5/16_hires.png,2026/08/08,2026/06/23,0.05,0.009999999776482582,0.20000000298023224,19.280000686645508,,0.35,,,,0.0692,0.0231,0.0577,0.1846,0.023099999874830246,0.0577,0.0692,0.1154,0.2422,0.2999,1.1535,2026-08-09
ex3-13,Crawdaunt,normal,Dragon,13,Rare,Kagemaru Himeno,Stage 1,342,Pokémon,2003/11/24,"tcgplayer,cardmarket",https://prices.pokemontcg.io/tcgplayer/ex3-13,https://images.pokemontcg.io/ex3/13_hires.png,2026/08/08,2026/07/01,0.98,0.5,0.9900000095367432,19.979999542236328,,10.57,,,,0.8421,0.0577,0.7382,0.0,0.5997999906539917,0.5998,0.6806,6.8056,5.1561,5.4791,1.1535,2026-08-09
bw4-14,Moltres,holofoil,Next Destinies,14,Rare Holo,Ryo Ueda,Basic,146,Pokémon,2012/02/08,"tcgplayer,cardmarket",https://prices.pokemontcg.io/tcgplayer/bw4-14,https://images.pokemontcg.io/bw4/14_hires.png,2026/08/08,2026/07/01,3.64,2.0,3.9700000286102295,26.0,,2.86,,,,2.307,0.2884,4.118,4.4756,4.602499961853027,3.7489,3.0568,3.4605,3.7373,3.0914,1.1535,2026-08-09
xy10-14,Delphox BREAK,holofoil,Fates Collide,14,Rare BREAK,5ban Graphics,BREAK,655,Pokémon,2016/05/02,"tcgplayer,cardmarket",https://prices.pokemontcg.io/tcgplayer/xy10-14,https://images.pokemontcg.io/xy10/14_hires.png,2026/08/08,2026/06/30,3.92,1.9800000190734863,3.700000047683716,15.0,,,,,,4.0488,1.142,5.6983,0.0,5.456099987030029,5.11,4.2333,4.0373,2.8376,2.953,1.1535,2026-08-09
ex1-7,Gardevoir,holofoil,Ruby & Sapphire,7,Rare Holo,Ken Sugimori,Stage 2,282,Pokémon,2003/07/01,"tcgplayer,cardmarket",https://prices.pokemontcg.io/tcgplayer/ex1-7,https://images.pokemontcg.io/ex1/7_hires.png,2026/08/08,2026/07/01,56.82,40.79999923706055,83.55000305175781,543.1599731445312,,53.83,,,,21.3974,1.1535,22.2741,16.2528,14.395700454711914,21.3744,19.2288,51.9075,27.534,21.259,1.1535,2026-08-09
pl4-14,Bronzong,normal,Arceus,14,Rare,Atsuko Nishida,Stage 1,437,Pokémon,2009/11/04,"tcgplayer,cardmarket",https://prices.pokemontcg.io/tcgplayer/pl4-14,https://images.pokemontcg.io/pl4/14_hires.png,2026/08/08,2026/07/01,0.68,0.25,0.6499999761581421,19.979999542236328,,3.07,,,,0.6114,0.1038,0.5191,1.5688,0.6344000101089478,0.5306,0.496,5.7214,2.0186,1.5918,1.1535,2026-08-09
ex13-12,Latios δ,holofoil,Holon Phantoms,12,Rare Holo,Mitsuhiro Arita,Basic,381,Pokémon,2006/05/01,"tcgplayer,cardmarket",https://prices.pokemontcg.io/tcgplayer/ex13-12,https://images.pokemontcg.io/ex13/12_hires.png,2026/08/08,2026/07/01,99.59,199.99000549316406,251.52000427246094,870.0,,247.5,,,,21.3282,3.4605,17.6139,28.0647,33.451499938964844,16.795,20.7515,8.0745,90.5498,68.7255,1.1535,2026-08-09
bw5-11,Accelgor,normal,Dark Explorers,11,Rare,Kouki Saitou,Stage 1,617,Pokémon,2012/05/09,"tcgplayer,cardmarket",https://prices.pokemontcg.io/tcgplayer/bw5-11,https://images.pokemontcg.io/bw5/11_hires.png,2026/08/08,2026/07/01,1.48,0.75,1.3600000143051147,19.979999542236328,,2.53,,,,0.9689,0.2307,0.5075,1.9379,2.249300003051758,0.9689,0.8882,2.8838,2.9299,2.2147,1.1535,2026-08-09
ex9-15,Kyogre,normal,Emerald,15,Rare,Kouki Saitou,Basic,382,Pokémon,2005/05/01,"tcgplayer,cardmarket",https://prices.pokemontcg.io/tcgplayer/ex9-15,https://images.pokemontcg.io/ex9/15_hires.png,2026/08/08,2026/07/01,20.52,13.720000267028809,30.0,129.89999389648438,,56.43,,,,4.7986,0.2192,5.5829,82.6713,0.7843999862670898,6.4365,4.3833,69.21,60.7202,53.9146,1.1535,2026-08-09
sm12-14,Kricketune,normal,Cosmic Eclipse,14,Uncommon,Anesaki Dynamic,Stage 1,402,Pokémon,2019/11/01,"tcgplayer,cardmarket",https://prices.pokemontcg.io/tcgplayer/sm12-14,https://images.pokemontcg.io/sm12/14_hires.png,2026/08/08,2026/06/17,0.21,0.05999999865889549,0.2199999988079071,19.979999542236328,,0.49,,,,0.1615,0.0231,0.15,0.7498,0.05770000070333481,0.173,0.1615,2.0071,0.7613,0.5998,1.1535,2026-08-09
dpp-DP14,Chatot,holofoil,DP Black Star Promos,DP14,Promo,Masakazu Fukuda,Basic,441,Pokémon,2007/05/01,tcgplayer,https://prices.pokemontcg.io/tcgplayer/dpp-DP14,https://images.pokemontcg.io/dpp/DP14_hires.png,2026/08/08,,19.9,11.0,17.149999618530273,100.0,,,,,,,,,,,,,,,,,2026-08-09
ru1-14,Bastiodon,normal,Pokémon Rumble,14,,Pokemon Rumble,Stage 2,411,Pokémon,2009/12/02,"tcgplayer,cardmarket",https://prices.pokemontcg.io/tcgplayer/ru1-14,https://images.pokemontcg.io/ru1/14_hires.png,2026/08/08,2026/07/01,89.98,63.09000015258789,73.16000366210938,669.9000244140625,,,,,,24.9848,11.535,37.7079,0.0,17.291000366210938,74.3431,30.7984,8.063,7.3478,7.3478,1.1535,2026-08-09
bw10-16,Blastoise,holofoil,Plasma Blast,16,Rare Holo,Satoshi Shirai,Stage 2,9,Pokémon,2013/08/14,"tcgplayer,cardmarket",https://prices.pokemontcg.io/tcgplayer/bw10-16,https://images.pokemontcg.io/bw10/16_hires.png,2026/08/08,2026/06/27,21.92,7.0,17.989999771118164,149.0800018310547,,14.58,,,,8.0053,1.1535,9.7586,0.0,8.07450008392334,8.9512,11.385,4.1526,7.3939,8.5359,1.1535,2026-08-09
xy5-14,Masquerain,normal,Primal Clash,14,Uncommon,Kanako Eo,Stage 1,284,Pokémon,2015/02/04,"tcgplayer,cardmarket",https://prices.pokemontcg.io/tcgplayer/xy5-14,https://images.pokemontcg.io/xy5/14_hires.png,2026/08/08,2026/07/01,0.21,0.09000000357627869,0.20999999344348907,19.979999542236328,,0.46,,,,0.2884,0.0231,0.2538,2.3301,0.05770000070333481,0.2538,0.2538,1.0381,1.661,0.7959,1.1535,2026-08-09
sm4-6,Cacturne,normal,Crimson Invasion,6,Rare,Mina Nakai,Stage 1,332,Pokémon,2017/11/03,"tcgplayer,cardmarket",https://prices.pokemontcg.io/tcgplayer/sm4-6,https://images.pokemontcg.io/sm4/6_hires.png,2026/08/08,2026/07/01,0.34,0.05000000074505806,0.3499999940395355,18.540000915527344,,0.51,,,,0.2422,0.0231,0.3807,0.3922,0.4383000135421753,0.323,0.2768,0.2307,0.3922,0.496,1.1535,2026-08-09
gym2-16,Sabrina's Alakazam,1stEditionHolofoil,Gym Challenge,16,Rare Holo,Ken Sugimori,Stage 2,65,Pokémon,2000/10/16,"tcgplayer,cardmarket",https://prices.pokemontcg.io/tcgplayer/gym2-16,https://images.pokemontcg.io/gym2/16_hires.png,2026/08/08,2026/07/01,259.25,245.14999389648438,350.0,799.989990234375,,,,,"{""unlimitedHolofoil"": {""low"": 59.0, ""mid"": 73.2, ""high"": 818.4, ""market"": 69.61, ""directLow"": 67.48}}",66.8799,11.5235,55.3219,0.0,109.5824966430664,68.8524,119.4449,18.456,23.5314,27.6148,1.1535,2026-08-09
sm7-9,Grovyle,normal,Celestial Storm,9,Uncommon,Shin Nagasawa,Stage 1,253,Pokémon,2018/08/03,"tcgplayer,cardmarket",https://prices.pokemontcg.io/tcgplayer/sm7-9,https://images.pokemontcg.io/sm7/9_hires.png,2026/08/08,2026/07/01,0.51,0.20000000298023224,0.5,19.979999542236328,,1.55,,,,0.5998,0.0346,0.5306,0.8651,0.10379999876022339,0.4499,0.4845,0.8651,1.0381,0.8997,1.1535,2026-08-09
xy11-16,Ponyta,normal,Steam Siege,16,Common,Sumiyoshi Kizuki,Basic,77,Pokémon,2016/08/03,"tcgplayer,cardmarket",https://prices.pokemontcg.io/tcgplayer/xy11-16,https://images.pokemontcg.io/xy11/16_hires.png,2026/08/08,2026/06/27,0.2,0.029999999329447746,0.2199999988079071,1000.0,,0.64,,,,0.1038,0.0231,0.1846,0.4614,0.5651999711990356,0.1269,0.1154,0.1154,0.5306,0.5075,1.1535,2026-08-09
pl2-10,Mismagius GL,holofoil,Rising Rivals,10,Rare Holo,Naoyo Kimura,Basic|SP,429,Pokémon,2009/05/16,"tcgplayer,cardmarket",https://prices.pokemontcg.io/tcgplayer/pl2-10,https://images.pokemontcg.io/pl2/10_hires.png,2026/08/08,2026/07/01,11.28,10.0,24.489999771118164,115.0,,8.99,,,,4.1641,1.142,4.6832,4.3487,1.6033999919891357,4.6025,5.1792,2.2032,4.8678,3.6681,1.1535,2026-08-09
bwp-BW07,Tepig,holofoil,BW Black Star Promos,BW07,Promo,Shin Nagasawa,Basic,498,Pokémon,2011/03/01,"tcgplayer,cardmarket",https://prices.pokemontcg.io/tcgplayer/bwp-BW07,https://images.pokemontcg.io/bwp/BW07_hires.png,2026/08/08,2026/07/01,1.93,0.9700000286102295,2.069999933242798,19.979999542236328,,,,,,5.7329,1.7302,4.6486,0.0,3.4028000831604004,5.3292,3.8296,1.1535,2.48,2.157,1.1535,2026-08-09
base3-16,Aerodactyl,unlimited,Fossil,16,Rare,Kagemaru Himeno,Stage 1,142,Pokémon,1999/10/10,"tcgplayer,cardmarket",https://prices.pokemontcg.io/tcgplayer/base3-16,https://images.pokemontcg.io/base3/16_hires.png,2026/08/08,2026/07/01,6.13,3.509999990463257,5.989999771118164,71.58000183105469,,,,,"{""1stEdition"": {""low"": 10.0, ""mid"": 22.86, ""high"": 434.59, ""market"": 22.85, ""directLow"": 310.42}}",12.3078,1.1535,10.3123,0.0,5.75600004196167,9.6779,11.6388,2.5838,14.165,18.629,1.1535,2026-08-09
hgss4-16,Carnivine,normal,HS—Triumphant,16,Rare,Ryo Ueda,Basic,455,Pokémon,2010/11/03,"tcgplayer,cardmarket",https://prices.pokemontcg.io/tcgplayer/hgss4-16,https://images.pokemontcg.io/hgss4/16_hires.png,2026/08/08,2026/07/01,0.66,0.36000001430511475,0.6000000238418579,19.979999542236328,,1.56,,,,0.8651,0.1154,0.7267,3.1721,1.0843000411987305,0.4268,0.8767,1.7187,3.0222,3.7143,1.1535,2026-08-09
dp4-11,Togekiss,holofoil,Great Encounters,11,Rare Holo,Kent Kanetsuna,Stage 2,468,Pokémon,2008/02/01,"tcgplayer,cardmarket",https://prices.pokemontcg.io/tcgplayer/dp4-11,https://images.pokemontcg.io/dp4/11_hires.png,2026/08/08,2026/07/01,22.63,18.0,23.3799991607666,350.0,,29.31,,,,2.9184,0.5652,2.3877,5.4561,1.7302000522613525,2.6069,3.5182,2.653,5.4215,4.441,1.1535,2026-08-09
xy2-17,Fletchinder,normal,Flashfire,17,Uncommon,5ban Graphics,Stage 1,662,Pokémon,2014/05/07,"tcgplayer,cardmarket",https://prices.pokemontcg.io/tcgplayer/xy2-17,https://images.pokemontcg.io/xy2/17_hires.png,2026/08/08,2026/06/26,0.24,0.10000000149011612,0.25,1000.0,,0.91,,,,0.1961,0.0231,0.2192,1.0381,0.34599998593330383,0.2192,0.1615,1.0381,1.0497,0.5998,1.1535,2026-08-09
swsh4-11,Nuzleaf,normal,Vivid Voltage,11,Uncommon,otumami,Stage 1,274,Pokémon,2020/11/13,"tcgplayer,cardmarket",https://prices.pokemontcg.io/tcgplayer/swsh4-11,https://images.pokemontcg.io/swsh4/11_hires.png,2026/08/08,2026/06/27,0.08,0.009999999776482582,0.15000000596046448,25.079999923706055,,0.22,,,,0.0461,0.0231,0.0692,0.2192,0.023099999874830246,0.0577,0.0461,0.5767,0.2076,0.2422,1.1535,2026-08-09
np-4,Grovyle,normal,Nintendo Black Star Promos,4,Promo,Midori Harada,Stage 1,253,Pokémon,2003/10/01,"tcgplayer,cardmarket",https://prices.pokemontcg.io/tcgplayer/np-4,https://images.pokemontcg.io/np/4_hires.png,2026/08/08,2026/07/01,94.75,175.0,506.54998779296875,838.0999755859375,,,,,,0.0,0.0,0.0,0.0,0.0,0.0,0.0,0.0,0.0,0.0,1.1535,2026-08-09
dp7-5,Magnezone,holofoil,Stormfront,5,Rare Holo,Masakazu Fukuda,Stage 2,462,Pokémon,2008/11/01,"tcgplayer,cardmarket",https://prices.pokemontcg.io/tcgplayer/dp7-5,https://images.pokemontcg.io/dp7/5_hires.png,2026/08/08,2026/07/01,2.57,2.440000057220459,3.0,35.5,,5.97,,,,2.7453,0.2884,2.4108,3.8296,2.283900022506714,2.7915,2.5838,1.1535,3.2759,2.5954,1.1535,2026-08-09
sm6-8,Vivillon,normal,Forbidden Light,8,Rare,Akira Komayama,Stage 2,666,Pokémon,2018/05/04,"tcgplayer,cardmarket",https://prices.pokemontcg.io/tcgplayer/sm6-8,https://images.pokemontcg.io/sm6/8_hires.png,2026/08/08,2026/06/29,0.29,0.1899999976158142,0.30000001192092896,19.979999542236328,,0.61,,,,0.4037,0.0231,0.4037,1.0958,0.4499000012874603,0.4729,0.346,0.2884,0.496,0.6575,1.1535,2026-08-09
dp6-4,Giratina,holofoil,Legends Awakened,4,Rare Holo,Kazuaki Aihara,Basic,487,Pokémon,2008/08/01,"tcgplayer,cardmarket",https://prices.pokemontcg.io/tcgplayer/dp6-4,https://images.pokemontcg.io/dp6/4_hires.png,2026/08/08,2026/07/01,95.45,39.9900016784668,77.0,942.8800048828125,,38.04,,,,16.0683,0.2307,16.0798,11.1197,6.921000003814697,19.2058,11.1659,12.9769,10.6699,7.7284,1.1535,2026-08-09
bw7-13,Serperior,holofoil,Boundaries Crossed,13,Rare Holo,Mizue,Stage 2,497,Pokémon,2012/11/07,"tcgplayer,cardmarket",https://prices.pokemontcg.io/tcgplayer/bw7-13,https://images.pokemontcg.io/bw7/13_hires.png,2026/08/08,2026/07/01,5.1,3.25,5.050000190734863,52.9900016784668,,7.89,,,,2.8722,0.5652,3.1952,5.756,2.8722000122070312,3.2529,3.2067,5.756,5.8482,4.1411,1.1535,2026-08-09
base1-14,Raichu,holofoil,Base,14,Rare Holo,Ken Sugimori,Stage 1,26,Pokémon,1999/01/09,"tcgplayer,cardmarket",https://prices.pokemontcg.io/tcgplayer/base1-14,https://images.pokemontcg.io/base1/14_hires.png,2026/08/08,2026/07/01,72.82,52.91999816894531,78.37000274658203,394.8800048828125,,,,,,300.4406,44.6289,265.2589,0.0,57.6172981262207,258.1879,182.7375,0.0,0.0,0.0,1.1535,2026-08-09
pop7-15,Ralts,normal,POP Series 7,15,Common,Sumiyoshi Kizuki,Basic,280,Pokémon,2008/03/01,"tcgplayer,cardmarket",https://prices.pokemontcg.io/tcgplayer/pop7-15,https://images.pokemontcg.io/pop7/15_hires.png,2026/08/08,2026/07/01,5.97,2.990000009536743,5.929999828338623,86.19999694824219,,,,,,2.0532,0.4499,2.7453,0.0,2.8838000297546387,2.2147,2.0878,0.0,0.0,0.0,1.1535,2026-08-09
gym1-14,Sabrina's Gengar,1stEditionHolofoil,Gym Heroes,14,Rare Holo,Ken Sugimori,Stage 2,94,Pokémon,2000/08/14,"tcgplayer,cardmarket",https://prices.pokemontcg.io/tcgplayer/gym1-14,https://images.pokemontcg.io/gym1/14_hires.png,2026/08/08,2026/07/01,600.87,2000.0,9499.990234375,10000.0,,,,,"{""unlimitedHolofoil"": {""low"": 338.88, ""mid"": 568.15, ""high"": 2197.07, ""market"": 465.66, ""directLow"": 999.99}}",299.7716,126.885,250.9324,0.0,311.44500732421875,254.9235,285.6412,46.1285,77.273,71.9323,1.1535,2026-08-09
dp1-14,Shiftry,holofoil,Diamond & Pearl,14,Rare Holo,Masakazu Fukuda,Stage 2,275,Pokémon,2007/05/01,"tcgplayer,cardmarket",https://prices.pokemontcg.io/tcgplayer/dp1-14,https://images.pokemontcg.io/dp1/14_hires.png,2026/08/08,2026/07/01,8.33,4.519999980926514,7.079999923706055,100.0,,5.66,,,,1.7879,0.3114,2.0186,3.1721,3.4605000019073486,2.134,2.3762,2.5377,3.0106,3.3567,1.1535,2026-08-09
sm9-15,Vulpix,normal,Team Up,15,Common,Ken Sugimori,Basic,37,Pokémon,2019/02/01,"tcgplayer,cardmarket",https://prices.pokemontcg.io/tcgplayer/sm9-15,https://images.pokemontcg.io/sm9/15_hires.png,2026/08/08,2026/07/01,0.36,0.12999999523162842,0.36000001430511475,19.979999542236328,,1.64,,,,0.0,0.0,0.6575,0.0,0.57669997215271,0.3576,0.3576,0.0,0.0,0.0,1.1535,2026-08-09
swsh1-13,Thwackey,normal,Sword & Shield,13,Uncommon,Akira Komayama,Stage 1,811,Pokémon,2020/02/07,"tcgplayer,cardmarket",https://prices.pokemontcg.io/tcgplayer/swsh1-13,https://images.pokemontcg.io/swsh1/13_hires.png,2026/08/08,2026/06/18,0.05,0.009999999776482582,0.1899999976158142,1.4900000095367432,,0.49,,,,0.1154,0.0231,0.0807,0.8767,0.1615000069141388,0.1384,0.1269,1.142,1.0381,0.8767,1.1535,2026-08-09
ecard3-H10,Gyarados,holofoil,Skyridge,H10,Rare Holo,Kimiya Masago,Stage 1,130,Pokémon,2003/05/12,"tcgplayer,cardmarket",https://prices.pokemontcg.io/tcgplayer/ecard3-H10,https://images.pokemontcg.io/ecard3/H10_hires.png,2026/06/29,2026/07/01,1249.94,1999.989990234375,1999.989990234375,1999.989990234375,,,,,,1474.3575,115.35,1202.8467,0.0,1557.2249755859375,1243.0808,802.9744,86.5125,73.328,71.021,1.1535,2026-08-09
sm6-9,Skiddo,normal,Forbidden Light,9,Common,Suwama Chiaki,Basic,672,Pokémon,2018/05/04,"tcgplayer,cardmarket",https://prices.pokemontcg.io/tcgplayer/sm6-9,https://images.pokemontcg.io/sm6/9_hires.png,2026/08/08,2026/06/29,0.15,0.009999999776482582,0.20000000298023224,19.979999542236328,,0.39,,,,0.1038,0.0231,0.1154,0.4037,0.23070000112056732,0.15,0.0923,0.346,0.4037,0.323,1.1535,2026-08-09
ex4-15,Team Aqua's Mightyena,normal,Team Magma vs Team Aqua,15,Rare,Shin-ichi Yoshikawa,Stage 1,262,Pokémon,2004/03/01,"tcgplayer,cardmarket",https://prices.pokemontcg.io/tcgplayer/ex4-15,https://images.pokemontcg.io/ex4/15_hires.png,2026/08/08,2026/07/01,2.76,2.4000000953674316,3.0,96.83999633789062,,20.99,,,,1.6034,0.4614,1.638,8.0514,2.3993000984191895,1.9494,1.8341,8.8819,9.2165,15.2608,1.1535,2026-08-09
sm75-13,Salandit,normal,Dragon Majesty,13,Common,MAHOU,Basic,757,Pokémon,2018/09/07,"tcgplayer,cardmarket",https://prices.pokemontcg.io/tcgplayer/sm75-13,https://images.pokemontcg.io/sm75/13_hires.png,2026/08/08,2026/07/01,0.29,0.10000000149011612,0.30000001192092896,19.979999542236328,,0.89,,,,0.1846,0.0231,0.173,0.8421,0.18459999561309814,0.1846,0.1846,1.7187,1.0151,1.1881,1.1535,2026-08-09
bw1-12,Maractus,normal,Black & White,12,Rare,Kouki Saitou,Basic,556,Pokémon,2011/04/25,"tcgplayer,cardmarket",https://prices.pokemontcg.io/tcgplayer/bw1-12,https://images.pokemontcg.io/bw1/12_hires.png,2026/08/08,2026/07/01,0.77,0.3499999940395355,0.6399999856948853,19.979999542236328,,8.64,,,,0.6114,0.0231,0.9805,0.8421,1.153499960899353,1.0151,0.7382,1.142,1.0035,1.5111,1.1535,2026-08-09
sm115-17,Lapras,normal,Hidden Fates,17,Rare,kodama,Basic,131,Pokémon,2019/08/23,"tcgplayer,cardmarket",https://prices.pokemontcg.io/tcgplayer/sm115-17,https://images.pokemontcg.io/sm115/17_hires.png,2026/08/08,2026/07/01,0.39,0.18000000715255737,0.38999998569488525,19.479999542236328,,1.66,,,,0.4037,0.0231,0.3345,2.3301,0.3345000147819519,0.3691,0.4037,2.2839,2.5146,1.9494,1.1535,2026-08-09
neo2-6,Kabutops,1stEditionHolofoil,Neo Discovery,6,Rare Holo,Kimiya Masago,Stage 2,141,Pokémon,2001/06/01,"tcgplayer,cardmarket",https://prices.pokemontcg.io/tcgplayer/neo2-6,https://images.pokemontcg.io/neo2/6_hires.png,2026/08/08,2026/07/01,124.74,349.989990234375,749.989990234375,4101.97998046875,,,,,"{""unlimitedHolofoil"": {""low"": 58.54, ""mid"": 114.0, ""high"": 9999.0, ""market"": 85.92, ""directLow"": 394.87}}",82.6137,4.614,62.2775,0.0,48.446998596191406,41.9182,67.8258,11.7657,35.3432,29.5065,1.1535,2026-08-09
xy7-15,Entei,holofoil,Ancient Origins,15,Rare Holo,Mitsuhiro Arita,Basic,244,Pokémon,2015/08/12,"tcgplayer,cardmarket",https://prices.pokemontcg.io/tcgplayer/xy7-15,https://images.pokemontcg.io/xy7/15_hires.png,2026/08/08,2026/07/01,9.24,5.25,10.180000305175781,49.91999816894531,,10.91,,,,11.0505,1.0958,15.0993,8.5705,16.14900016784668,11.0505,10.9813,8.6512,8.1783,9.574,1.1535,2026-08-09
swshp-SWSH005,Meowth VMAX,holofoil,SWSH Black Star Promos,SWSH005,Promo,aky CG Works,VMAX,52,Pokémon,2019/11/15,"tcgplayer,cardmarket",https://prices.pokemontcg.io/tcgplayer/swshp-SWSH005,https://images.pokemontcg.io/swshp/SWSH005_hires.png,2026/08/08,2026/06/30,10.6,9.199999809265137,12.079999923706055,96.94999694824219,,,,,,3.1145,0.5767,3.945,0.0,4.037300109863281,3.0798,3.8296,3.4605,3.622,3.1375,1.1535,2026-08-09
ex13-13,Omastar δ,holofoil,Holon Phantoms,13,Rare Holo,Midori Harada,Stage 2,139,Pokémon,2006/05/01,"tcgplayer,cardmarket",https://prices.pokemontcg.io/tcgplayer/ex13-13,https://images.pokemontcg.io/ex13/13_hires.png,2026/08/08,2026/07/01,22.08,13.510000228881836,28.790000915527344,383.79998779296875,,37.22,,,,8.9281,2.307,9.6202,15.3762,14.984000205993652,7.1517,8.5359,13.842,14.0842,16.2413,1.1535,2026-08-09
ex9-16,Manectric,normal,Emerald,16,Rare,Kagemaru Himeno,Stage 1,310,Pokémon,2005/05/01,"tcgplayer,cardmarket",https://prices.pokemontcg.io/tcgplayer/ex9-16,https://images.pokemontcg.io/ex9/16_hires.png,2026/08/08,2026/07/01,2.27,1.3200000524520874,2.5399999618530273,30.600000381469727,,29.08,,,,2.6646,0.1154,2.9645,14.984,2.814500093460083,2.157,1.9033,11.535,35.1471,17.0949,1.1535,2026-08-09
pop5-10,Charmander δ,normal,POP Series 5,10,Common,Mitsuhiro Arita,Basic,4,Pokémon,2007/03/01,"tcgplayer,cardmarket",https://prices.pokemontcg.io/tcgplayer/pop5-10,https://images.pokemontcg.io/pop5/10_hires.png,2026/08/08,2026/07/01,38.17,19.0,32.689998626708984,360.0,,,,,,17.7293,11.535,21.8358,0.0,17.302499771118164,20.6938,14.6033,0.0,0.0,0.0,1.1535,2026-08-09
bw8-12,Foongus,normal,Plasma Storm,12,Common,Mitsuhiro Arita,Basic,590,Pokémon,2013/02/06,"tcgplayer,cardmarket",https://prices.pokemontcg.io/tcgplayer/bw8-12,https://images.pokemontcg.io/bw8/12_hires.png,2026/08/08,2026/06/30,0.26,0.10000000149011612,0.25,19.979999542236328,,0.64,,,,0.1269,0.0231,0.0923,0.5767,0.08070000261068344,0.15,0.1269,0.5767,0.5537,0.5883,1.1535,2026-08-09
dp3-18,Salamence,holofoil,Secret Wonders,18,Rare Holo,Kazuyuki Kano,Stage 2,373,Pokémon,2007/11/01,"tcgplayer,cardmarket",https://prices.pokemontcg.io/tcgplayer/dp3-18,https://images.pokemontcg.io/dp3/18_hires.png,2026/08/08,2026/06/27,36.96,23.709999084472656,47.22999954223633,365.8999938964844,,12.99,,,,9.3664,0.5652,9.897,7.6362,14.984000205993652,10.5891,6.6903,10.2661,5.8598,4.2333,1.1535,2026-08-09
si1-18,Primeape,normal,Southern Islands,18,,Naoyo Kimura,Stage 1,57,Pokémon,2001/07/31,"tcgplayer,cardmarket",https://prices.pokemontcg.io/tcgplayer/si1-18,https://images.pokemontcg.io/si1/18_hires.png,2026/08/08,2026/07/01,34.93,36.68000030517578,44.5,394.0,,,,,,36.3237,26.5305,23.1969,0.0,46.13999938964844,33.9475,30.8677,4.0373,4.0373,4.0373,1.1535,2026-08-09
swsh4-12,Shiftry,normal,Vivid Voltage,12,Rare,Uta,Stage 2,275,Pokémon,2020/11/13,"tcgplayer,cardmarket",https://prices.pokemontcg.io/tcgplayer/swsh4-12,https://images.pokemontcg.io/swsh4/12_hires.png,2026/08/08,2026/06/27,0.28,0.03999999910593033,0.25,19.979999542236328,,0.39,,,,0.2422,0.0231,0.173,0.4268,0.12690000236034393,0.0692,0.173,0.4499,0.5998,0.4153,1.1535,2026-08-09
mcd16-5,Totodile,,McDonald's Collection 2016,5,,Kagemaru Himeno,Basic,158,Pokémon,2016/08/19,cardmarket,https://prices.pokemontcg.io/cardmarket/mcd16-5,https://images.pokemontcg.io/mcd16/5_hires.png,,2026/07/01,,,,,,,,,,6.3212,0.2307,9.4933,0.0,1.7302000522613525,3.3798,5.0408,0.8651,0.9689,1.1766,1.1535,2026-08-09
xy2-18,Litleo,normal,Flashfire,18,Common,5ban Graphics,Basic,667,Pokémon,2014/05/07,"tcgplayer,cardmarket",https://prices.pokemontcg.io/tcgplayer/xy2-18,https://images.pokemontcg.io/xy2/18_hires.png,2026/08/08,2026/06/26,0.23,0.05000000074505806,0.25,19.979999542236328,,0.49,,,,0.1269,0.0231,0.2192,0.9228,0.5651999711990356,0.1615,0.2538,0.173,0.992,0.669,1.1535,2026-08-09
neo1-7,Jumpluff,1stEditionHolofoil,Neo Genesis,7,Rare Holo,Atsuko Nishida,Stage 2,189,Pokémon,2000/12/16,"tcgplayer,cardmarket",https://prices.pokemontcg.io/tcgplayer/neo1-7,https://images.pokemontcg.io/neo1/7_hires.png,2026/08/08,2026/07/01,63.41,64.29000091552734,108.25,229.89999389648438,,,,,"{""unlimitedHolofoil"": {""low"": 6.69, ""mid"": 10.13, ""high"": 9999.0, ""market"": 11.27, ""directLow"": null}}",8.9973,1.0381,10.2085,0.0,10.600700378417969,8.6743,8.8358,4.7755,4.7409,4.118,1.1535,2026-08-09
sm7-10,Sceptile,normal,Celestial Storm,10,Rare,Mitsuhiro Arita,Stage 2,254,Pokémon,2018/08/03,"tcgplayer,cardmarket",https://prices.pokemontcg.io/tcgplayer/sm7-10,https://images.pokemontcg.io/sm7/10_hires.png,2026/08/08,2026/06/29,2.7,1.600000023841858,2.6500000953674316,26.979999542236328,,5.51,,,,2.2147,0.4614,2.3301,3.795,2.306999921798706,2.3647,1.7995,3.449,4.2333,3.8181,1.1535,2026-08-09
pop2-8,Mr. Briney's Compassion,normal,POP Series 2,8,Uncommon,Ken Sugimori,Supporter,,Trainer,2005/08/01,"tcgplayer,cardmarket",https://prices.pokemontcg.io/tcgplayer/pop2-8,https://images.pokemontcg.io/pop2/8_hires.png,2026/08/08,2026/07/01,14.56,6.269999980926514,11.0,150.0,,,,,,10.2661,1.4419,6.5634,0.0,11.292799949645996,7.8553,4.3141,23.07,23.07,23.07,1.1535,2026-08-09
pop7-16,Sentret,normal,POP Series 7,16,Common,Midori Harada,Basic,161,Pokémon,2008/03/01,"tcgplayer,cardmarket",https://prices.pokemontcg.io/tcgplayer/pop7-16,https://images.pokemontcg.io/pop7/16_hires.png,2026/08/08,2026/07/01,4.2,1.0,4.739999771118164,19.979999542236328,,,,,,2.1455,0.5652,1.8571,0.0,2.6414999961853027,1.9725,1.8802,0.0,0.0,0.0,1.1535,2026-08-09
smp-SM08,Litten,holofoil,SM Black Star Promos,SM08,Promo,Kouki Saitou,Basic,725,Pokémon,2017/02/03,"tcgplayer,cardmarket",https://prices.pokemontcg.io/tcgplayer/smp-SM08,https://images.pokemontcg.io/smp/SM08_hires.png,2026/08/08,2026/07/01,2.05,0.25,2.049999952316284,49.97999954223633,,,,,,0.7382,0.0231,0.7844,0.0,0.3345000147819519,0.646,0.646,1.1535,0.5652,0.7382,1.1535,2026-08-09
swsh2-8,Lombre,normal,Rebel Clash,8,Uncommon,Miki Tanaka,Stage 1,271,Pokémon,2020/05/01,"tcgplayer,cardmarket",https://prices.pokemontcg.io/tcgplayer/swsh2-8,https://images.pokemontcg.io/swsh2/8_hires.png,2026/08/08,2026/07/01,0.07,0.019999999552965164,0.20000000298023224,19.979999542236328,,0.34,,,,0.1038,0.0231,0.1038,0.5306,0.023099999874830246,0.1269,0.0692,1.3842,0.5537,0.3691,1.1535,2026-08-09
bwp-BW08,Oshawott,holofoil,BW Black Star Promos,BW08,Promo,Mitsuhiro Arita,Basic,501,Pokémon,2011/03/01,"tcgplayer,cardmarket",https://prices.pokemontcg.io/tcgplayer/bwp-BW08,https://images.pokemontcg.io/bwp/BW08_hires.png,2026/08/08,2026/07/01,8.08,2.9800000190734863,8.039999961853027,65.55999755859375,,,,,,5.1907,2.307,6.6096,0.0,11.523500442504883,6.4019,5.0293,4.6025,2.4224,1.8687,1.1535,2026-08-09
sm11-7,Sewaddle,normal,Unified Minds,7,Common,Shigenori Negishi,Basic,540,Pokémon,2019/08/02,"tcgplayer,cardmarket",https://prices.pokemontcg.io/tcgplayer/sm11-7,https://images.pokemontcg.io/sm11/7_hires.png,2026/08/08,2026/06/30,0.25,0.07999999821186066,0.25,2.5,,0.68,,,,0.0923,0.0231,0.0923,0.6229,0.05770000070333481,0.0807,0.1038,0.2884,0.496,0.4037,1.1535,2026-08-09
pop1-15,Swellow,normal,POP Series 1,15,Common,Kagemaru Himeno,Stage 1,277,Pokémon,2004/09/01,"tcgplayer,cardmarket",https://prices.pokemontcg.io/tcgplayer/pop1-15,https://images.pokemontcg.io/pop1/15_hires.png,2026/08/08,2026/07/01,1.82,1.399999976158142,1.8700000047683716,11.0,,,,,,1.3381,0.1154,1.142,0.0,0.3806999921798706,0.9113,1.1189,0.0,0.0,0.0,1.1535,2026-08-09
bw7-14,Cottonee,normal,Boundaries Crossed,14,Common,sui,Basic,546,Pokémon,2012/11/07,"tcgplayer,cardmarket",https://prices.pokemontcg.io/tcgplayer/bw7-14,https://images.pokemontcg.io/bw7/14_hires.png,2026/08/08,2026/07/01,0.45,0.1599999964237213,0.41999998688697815,19.979999542236328,,1.36,,,,0.2192,0.0231,0.2653,0.5191,0.10379999876022339,0.3691,0.2653,2.8838,0.9805,1.0381,1.1535,2026-08-09
bw11-18,Charmeleon,normal,Legendary Treasures,18,Uncommon,Akira Komayama,Stage 1,5,Pokémon,2013/11/06,"tcgplayer,cardmarket",https://prices.pokemontcg.io/tcgplayer/bw11-18,https://images.pokemontcg.io/bw11/18_hires.png,2026/08/08,2026/07/01,7.65,4.25,7.710000038146973,102.48999786376953,,19.33,,,,9.1357,7.7284,12.7462,22.6778,8.639699935913086,10.5315,9.6663,23.0585,22.1011,14.3265,1.1535,2026-08-09
ecard1-7,Clefable,holofoil,Expedition Base Set,7,Rare Holo,Kagemaru Himeno,Stage 1,36,Pokémon,2002/09/15,"tcgplayer,cardmarket",https://prices.pokemontcg.io/tcgplayer/ecard1-7,https://images.pokemontcg.io/ecard1/7_hires.png,2026/08/08,2026/07/01,153.97,120.0,894.9099731445312,1541.3599853515625,,42.61,,,,60.4665,5.7098,60.132,18.6636,21.905000686645508,62.0929,69.6137,23.0585,27.9608,18.2138,1.1535,2026-08-09
ex11-17,Umbreon δ,holofoil,Delta Species,17,Rare Holo,Ryo Ueda,Stage 1,197,Pokémon,2005/10/31,"tcgplayer,cardmarket",https://prices.pokemontcg.io/tcgplayer/ex11-17,https://images.pokemontcg.io/ex11/17_hires.png,2026/08/08,2026/07/01,454.27,220.99000549316406,302.54998779296875,704.760009765625,,305.96,,,,161.3862,44.9865,177.466,103.815,115.3385009765625,180.2344,180.1306,64.5845,162.7012,215.8314,1.1535,2026-08-09
xy11-17,Rapidash,normal,Steam Siege,17,Uncommon,Yukiko Baba,Stage 1,78,Pokémon,2016/08/03,"tcgplayer,cardmarket",https://prices.pokemontcg.io/tcgplayer/xy11-17,https://images.pokemontcg.io/xy11/17_hires.png,2026/08/08,2026/06/27,0.23,0.07999999821186066,0.23999999463558197,19.979999542236328,,0.65,,,,0.15,0.0231,0.1269,0.9459,0.06920000165700912,0.1384,0.1615,0.819,0.8651,0.8651,1.1535,2026-08-09
dpp-DP15,Shinx,holofoil,DP Black Star Promos,DP15,Promo,Kagemaru Himeno,Basic,403,Pokémon,2007/05/01,tcgplayer,https://prices.pokemontcg.io/tcgplayer/dpp-DP15,https://images.pokemontcg.io/dpp/DP15_hires.png,2026/08/08,,63.33,14.25,19.600000381469727,24.940000534057617,,,,,,,,,,,,,,,,,2026-08-09
pop6-14,Chimchar,normal,POP Series 6,14,Common,Kagemaru Himeno,Basic,390,Pokémon,2007/09/01,"tcgplayer,cardmarket",https://prices.pokemontcg.io/tcgplayer/pop6-14,https://images.pokemontcg.io/pop6/14_hires.png,2026/08/08,2026/07/01,3.46,4.090000152587891,5.090000152587891,53.099998474121094,7.76,,,,,3.5758,0.1154,4.0373,0.0,2.2955000400543213,3.2644,2.976,2.307,1.0035,0.7728,1.1535,2026-08-09
sm8-13,Skiploom,normal,Lost Thunder,13,Uncommon,Hitoshi Ariga,Stage 1,188,Pokémon,2018/11/02,"tcgplayer,cardmarket",https://prices.pokemontcg.io/tcgplayer/sm8-13,https://images.pokemontcg.io/sm8/13_hires.png,2026/08/08,2026/07/01,0.34,0.15000000596046448,0.3499999940395355,15.520000457763672,,0.6,,,,0.2768,0.0231,0.3114,0.8651,0.23070000112056732,0.2076,0.2653,0.4614,0.6806,0.5767,1.1535,2026-08-09
gym2-17,Blaine,1stEditionHolofoil,Gym Challenge,17,Rare Holo,Ken Sugimori,,,Trainer,2000/10/16,"tcgplayer,cardmarket",https://prices.pokemontcg.io/tcgplayer/gym2-17,https://images.pokemontcg.io/gym2/17_hires.png,2026/08/08,2026/07/01,75.52,73.94999694824219,146.99000549316406,787.9000244140625,,,,,"{""unlimitedHolofoil"": {""low"": 26.11, ""mid"": 36.34, ""high"": 349.9, ""market"": 35.34, ""directLow"": null}}",49.7505,19.1481,55.1719,0.0,112.45469665527344,65.2189,54.872,36.912,34.1436,25.873,1.1535,2026-08-09
dp6-5,Gliscor,holofoil,Legends Awakened,5,Rare Holo,Kent Kanetsuna,Stage 1,472,Pokémon,2008/08/01,"tcgplayer,cardmarket",https://prices.pokemontcg.io/tcgplayer/dp6-5,https://images.pokemontcg.io/dp6/5_hires.png,2026/08/08,2026/07/01,23.42,9.949999809265137,23.110000610351562,57.5,,8.92,,,,1.6264,0.2307,1.0612,5.5945,3.4489998817443848,1.4534,2.1916,11.535,4.5102,3.2413,1.1535,2026-08-09
sma-SV7,Charmeleon,holofoil,Hidden Fates Shiny Vault,SV7,Rare Shiny,nagimiso,Stage 1,5,Pokémon,2019/08/23,"tcgplayer,cardmarket",https://prices.pokemontcg.io/tcgplayer/sma-SV7,https://images.pokemontcg.io/sma/SV7_hires.png,2026/08/08,2026/07/01,17.81,14.300000190734863,19.639999389648438,40.0,,,,,,13.5767,7.9592,11.7311,11.4773,11.53499984741211,13.0807,14.1534,10.9582,17.8677,43.833,1.1535,2026-08-09
ex5-9,Machamp,holofoil,Hidden Legends,9,Rare Holo,Hajime Kusajima,Stage 2,68,Pokémon,2004/06/01,"tcgplayer,cardmarket",https://prices.pokemontcg.io/tcgplayer/ex5-9,https://images.pokemontcg.io/ex5/9_hires.png,2026/08/08,2026/07/01,42.47,59.95000076293945,166.1300048828125,413.0,,84.99,,,,13.173,1.1535,6.102,32.7133,16.033700942993164,8.5359,21.2705,18.4445,34.9857,16.8526,1.1535,2026-08-09
pl2-11,Rampardos GL,holofoil,Rising Rivals,11,Rare Holo,Suwama Chiaki,Basic|SP,409,Pokémon,2009/05/16,"tcgplayer,cardmarket",https://prices.pokemontcg.io/tcgplayer/pl2-11,https://images.pokemontcg.io/pl2/11_hires.png,2026/08/08,2026/07/01,12.47,5.989999771118164,12.729999542236328,77.4000015258789,,9.95,,,,4.5679,0.346,4.7986,6.4827,8.086000442504883,4.7409,4.8793,3.4605,5.7098,4.7986,1.1535,2026-08-09
xy0-9,Braixen,normal,Kalos Starter Set,9,,5ban Graphics,Stage 1,654,Pokémon,2013/11/08,"tcgplayer,cardmarket",https://prices.pokemontcg.io/tcgplayer/xy0-9,https://images.pokemontcg.io/xy0/9_hires.png,2026/08/08,2026/07/01,0.44,0.23000000417232513,0.4399999976158142,19.979999542236328,1.04,,,,,0.3345,0.0231,0.4268,0.0,0.57669997215271,0.4037,0.346,4.614,1.3611,1.3611,1.1535,2026-08-09
ex15-5,Milotic δ,holofoil,Dragon Frontiers,5,Rare Holo,Midori Harada,Stage 1,350,Pokémon,2006/11/01,"tcgplayer,cardmarket",https://prices.pokemontcg.io/tcgplayer/ex15-5,https://images.pokemontcg.io/ex15/5_hires.png,2026/08/08,2026/07/01,109.27,46.220001220703125,99.44000244140625,799.989990234375,,150.0,,,,27.0496,2.8838,29.9795,95.6944,8.07450008392334,28.18,25.3539,28.7221,86.7201,52.1613,1.1535,2026-08-09
hgss3-11,Dodrio,normal,HS—Undaunted,11,Rare,Yukiko Baba,Stage 1,85,Pokémon,2010/08/18,"tcgplayer,cardmarket",https://prices.pokemontcg.io/tcgplayer/hgss3-11,https://images.pokemontcg.io/hgss3/11_hires.png,2026/08/08,2026/07/01,0.74,0.3400000035762787,0.699999988079071,19.979999542236328,,9.62,,,,0.5191,0.0231,0.496,3.7027,0.426800012588501,0.5306,0.5306,4.6025,3.6451,3.2183,1.1535,2026-08-09
swsh1-14,Rillaboom,holofoil,Sword & Shield,14,Rare Holo,Anesaki Dynamic,Stage 2,812,Pokémon,2020/02/07,"tcgplayer,cardmarket",https://prices.pokemontcg.io/tcgplayer/swsh1-14,https://images.pokemontcg.io/swsh1/14_hires.png,2026/08/08,2026/06/18,0.3,0.03999999910593033,0.3100000023841858,19.979999542236328,,0.48,,,,0.6229,0.0577,0.4614,0.7728,0.34599998593330383,0.5537,0.6921,1.142,0.8421,0.8421,1.1535,2026-08-09
dp1-15,Skuntank,holofoil,Diamond & Pearl,15,Rare Holo,Hiroaki Ito,Stage 1,435,Pokémon,2007/05/01,"tcgplayer,cardmarket",https://prices.pokemontcg.io/tcgplayer/dp1-15,https://images.pokemontcg.io/dp1/15_hires.png,2026/08/08,2026/07/01,4.58,2.5,4.610000133514404,55.0,,8.08,,,,3.6681,0.173,3.7489,1.7995,1.580299973487854,4.9139,3.2529,4.0373,1.8802,2.0532,1.1535,2026-08-09
dc1-6,Team Aqua's Kyogre-EX,holofoil,Double Crisis,6,Rare Ultra,nagimiso,Basic|EX,382,Pokémon,2015/03/25,"tcgplayer,cardmarket",https://prices.pokemontcg.io/tcgplayer/dc1-6,https://images.pokemontcg.io/dc1/6_hires.png,2026/08/08,2026/07/01,503.84,430.0,712.0,1899.989990234375,,,,,,478.7025,86.5125,598.4473,0.0,737.0864868164062,582.3906,417.6939,103.7573,45.7824,34.6281,1.1535,2026-08-09
xy1-14,Chesnaught,holofoil,XY,14,Rare Holo,5ban Graphics,Stage 2,652,Pokémon,2014/02/05,"tcgplayer,cardmarket",https://prices.pokemontcg.io/tcgplayer/xy1-14,https://images.pokemontcg.io/xy1/14_hires.png,2026/08/08,2026/07/01,2.55,0.9900000095367432,2.2799999713897705,39.9900016784668,,2.9,,,,2.307,0.346,4.0949,5.2715,4.613999843597412,4.3948,3.6451,5.6406,4.3372,3.6335,1.1535,2026-08-09
pop4-13,Pikachu,normal,POP Series 4,13,Common,Kouki Saitou,Basic,25,Pokémon,2006/08/01,"tcgplayer,cardmarket",https://prices.pokemontcg.io/tcgplayer/pop4-13,https://images.pokemontcg.io/pop4/13_hires.png,2026/08/08,2026/07/01,34.85,39.9900016784668,48.75,300.0,62.16,,,,,51.1347,9.228,30.7062,0.0,51.895999908447266,54.3529,43.1755,23.07,19.6095,13.8651,1.1535,2026-08-09
bw6-15,Roserade,normal,Dragons Exalted,15,Rare,Shin Nagasawa,Stage 1,407,Pokémon,2012/08/15,"tcgplayer,cardmarket",https://prices.pokemontcg.io/tcgplayer/bw6-15,https://images.pokemontcg.io/bw6/15_hires.png,2026/08/08,2026/06/27,25.61,20.0,25.610000610351562,246.9499969482422,,28.65,,,,10.6468,3.4028,11.8003,21.6051,11.53499984741211,10.2777,10.6007,22.4356,13.2076,15.007,1.1535,2026-08-09
xy6-12,Tropius,normal,Roaring Skies,12,Uncommon,Kyoko Umemoto,Basic,357,Pokémon,2015/05/06,"tcgplayer,cardmarket",https://prices.pokemontcg.io/tcgplayer/xy6-12,https://images.pokemontcg.io/xy6/12_hires.png,2026/08/08,2026/06/30,0.19,0.05000000074505806,0.20999999344348907,1000.0,,0.31,,,,0.2076,0.0231,0.1384,0.4383,0.12690000236034393,0.2422,0.1961,0.5767,0.4383,0.5537,1.1535,2026-08-09
sm12-15,Deerling,normal,Cosmic Eclipse,15,Common,Shibuzoh.,Basic,585,Pokémon,2019/11/01,"tcgplayer,cardmarket",https://prices.pokemontcg.io/tcgplayer/sm12-15,https://images.pokemontcg.io/sm12/15_hires.png,2026/08/08,2026/06/17,0.27,0.10000000149011612,0.2800000011920929,19.979999542236328,,1.15,,,,0.1038,0.0231,0.15,0.8882,0.23070000112056732,0.1269,0.1038,0.3345,0.8651,0.6806,1.1535,2026-08-09
sm4-7,Karrablast,normal,Crimson Invasion,7,Common,OOYAMA,Basic,588,Pokémon,2017/11/03,"tcgplayer,cardmarket",https://prices.pokemontcg.io/tcgplayer/sm4-7,https://images.pokemontcg.io/sm4/7_hires.png,2026/08/08,2026/07/01,0.15,0.009999999776482582,0.20000000298023224,19.979999542236328,,0.26,,,,0.0807,0.0231,0.0461,0.2653,0.023099999874830246,0.0461,0.0807,0.5652,0.2768,0.2653,1.1535,2026-08-09
g1-6,Paras,normal,Generations,6,Common,Aya Kusube,Basic,46,Pokémon,2016/02/22,"tcgplayer,cardmarket",https://prices.pokemontcg.io/tcgplayer/g1-6,https://images.pokemontcg.io/g1/6_hires.png,2026/08/08,2026/07/01,0.36,0.10000000149011612,0.30000001192092896,7.989999771118164,,1.11,,,,0.2192,0.0231,0.2884,1.2112,0.17299999296665192,0.2076,0.2076,1.7187,1.5226,1.3727,1.1535,2026-08-09
ru1-15,Rattata,normal,Pokémon Rumble,15,,Pokemon Rumble,Basic,19,Pokémon,2009/12/02,"tcgplayer,cardmarket",https://prices.pokemontcg.io/tcgplayer/ru1-15,https://images.pokemontcg.io/ru1/15_hires.png,2026/08/08,2026/07/01,111.97,89.98999786376953,111.9800033569336,1119.800048828125,,,,,,32.5864,17.3025,38.896,0.0,34.60499954223633,47.3512,28.9875,2.2493,6.3212,6.3212,1.1535,2026-08-09
pl1-17,Weavile G,holofoil,Platinum,17,Rare Holo,Makoto Imai,Basic|SP,461,Pokémon,2009/02/11,"tcgplayer,cardmarket",https://prices.pokemontcg.io/tcgplayer/pl1-17,https://images.pokemontcg.io/pl1/17_hires.png,2026/08/08,2026/06/27,9.8,8.0,58.25,99.80000305175781,,8.66,,,,2.8376,0.8651,2.5031,4.3141,2.6530001163482666,3.2759,4.2679,6.2289,4.0834,3.8873,1.1535,2026-08-09
pl3-15,Arcanine G,normal,Supreme Victors,15,Rare,Yusuke Ishikawa,Basic|SP,59,Pokémon,2009/08/19,"tcgplayer,cardmarket",https://prices.pokemontcg.io/tcgplayer/pl3-15,https://images.pokemontcg.io/pl3/15_hires.png,2026/08/08,2026/06/30,22.36,10.460000038146973,22.229999542236328,129.89999389648438,,27.73,,,,15.7453,2.307,11.6619,0.0,8.939599990844727,17.2333,16.8642,4.5563,1.9494,1.5688,1.1535,2026-08-09
hgss1-16,Butterfree,normal,HeartGold & SoulSilver,16,Rare,Tomokazu Komiya,Stage 2,12,Pokémon,2010/02/10,"tcgplayer,cardmarket",https://prices.pokemontcg.io/tcgplayer/hgss1-16,https://images.pokemontcg.io/hgss1/16_hires.png,2026/08/08,2026/06/30,10.9,10.220000267028809,27.0,40.0,,22.76,,,,5.0639,1.4419,4.2449,4.9024,4.613999843597412,4.4871,5.0754,3.4605,7.567,6.598,1.1535,2026-08-09
dp4-12,Altaria,normal,Great Encounters,12,Rare,Kagemaru Himeno,Stage 1,334,Pokémon,2008/02/01,"tcgplayer,cardmarket",https://prices.pokemontcg.io/tcgplayer/dp4-12,https://images.pokemontcg.io/dp4/12_hires.png,2026/08/08,2026/07/01,3.5,1.4900000095367432,3.4600000381469727,42.099998474121094,,18.66,,,,0.992,0.2884,0.8767,1.7533,1.153499960899353,0.9343,1.1304,1.7302,1.4303,2.3416,1.1535,2026-08-09
pop8-8,Luxio,normal,POP Series 8,8,Uncommon,Kagemaru Himeno,Stage 1,404,Pokémon,2008/09/01,"tcgplayer,cardmarket",https://prices.pokemontcg.io/tcgplayer/pop8-8,https://images.pokemontcg.io/pop8/8_hires.png,2026/08/08,2026/07/01,7.77,7.0,10.359999656677246,99.9000015258789,15.82,,,,,1.5688,0.2884,1.7995,2.5146,3.4489998817443848,1.8341,1.7302,2.9991,1.661,1.4995,1.1535,2026-08-09
swsh3-8,Karrablast,normal,Darkness Ablaze,8,Common,Mizue,Basic,588,Pokémon,2020/08/14,"tcgplayer,cardmarket",https://prices.pokemontcg.io/tcgplayer/swsh3-8,https://images.pokemontcg.io/swsh3/8_hires.png,2026/08/08,2026/06/30,0.03,0.009999999776482582,0.15000000596046448,25.059999465942383,,0.22,,,,0.0461,0.0231,0.0577,0.2538,0.05770000070333481,0.0461,0.0346,0.0577,0.1961,0.2422,1.1535,2026-08-09
dv1-17,Druddigon,holofoil,Dragon Vault,17,Rare Holo,kawayoo,Basic,621,Pokémon,2012/10/05,"tcgplayer,cardmarket",https://prices.pokemontcg.io/tcgplayer/dv1-17,https://images.pokemontcg.io/dv1/17_hires.png,2026/08/08,2026/07/01,2.82,1.8899999856948853,2.5299999713897705,44.900001525878906,,,,,,2.7223,0.4614,3.7719,5.3868,5.75600004196167,3.1029,5.8482,1.1535,5.9521,4.7524,1.1535,2026-08-09
bw10-17,Lapras,normal,Plasma Blast,17,Common,Kouki Saitou,Basic,131,Pokémon,2013/08/14,"tcgplayer,cardmarket",https://prices.pokemontcg.io/tcgplayer/bw10-17,https://images.pokemontcg.io/bw10/17_hires.png,2026/08/08,2026/06/27,0.43,0.10000000149011612,0.4399999976158142,19.979999542236328,,5.01,,,,0.2768,0.0231,0.323,4.3833,0.23070000112056732,0.2999,0.3922,1.7302,4.8562,2.953,1.1535,2026-08-09
xy4-13,Krabby,normal,Phantom Forces,13,Common,kirisAki,Basic,98,Pokémon,2014/11/05,"tcgplayer,cardmarket",https://prices.pokemontcg.io/tcgplayer/xy4-13,https://images.pokemontcg.io/xy4/13_hires.png,2026/08/08,2026/07/01,0.25,0.03999999910593033,0.25,1000.0,,0.59,,,,0.1846,0.0231,0.1154,0.0,0.11540000140666962,0.15,0.173,1.1535,1.4188,1.0151,1.1535,2026-08-09
ex8-14,Shedinja,normal,Deoxys,14,Rare Holo,Yukiko Baba,Stage 1,292,Pokémon,2005/02/01,"tcgplayer,cardmarket",https://prices.pokemontcg.io/tcgplayer/ex8-14,https://images.pokemontcg.io/ex8/14_hires.png,2026/08/08,2026/07/01,33.77,11.380000114440918,57.4900016784668,67.0,35.49,48.0,,,,5.5599,0.8074,5.6983,69.21,2.134000062942505,4.937,4.7409,69.21,26.196,18.4214,1.1535,2026-08-09
pop9-14,Gible,normal,POP Series 9,14,Common,Hiroki Fuchino,Basic,443,Pokémon,2009/03/01,"tcgplayer,cardmarket",https://prices.pokemontcg.io/tcgplayer/pop9-14,https://images.pokemontcg.io/pop9/14_hires.png,2026/08/08,2026/07/01,0.7,0.27000001072883606,0.699999988079071,19.979999542236328,,,,,,0.6575,0.1038,0.8305,0.0,0.28839999437332153,0.8997,0.6344,0.2884,0.2884,0.2884,1.1535,2026-08-09
xy10-15,Seel,normal,Fates Collide,15,Common,Hasuno,Basic,86,Pokémon,2016/05/02,"tcgplayer,cardmarket",https://prices.pokemontcg.io/tcgplayer/xy10-15,https://images.pokemontcg.io/xy10/15_hires.png,2026/08/08,2026/06/30,0.16,0.03999999910593033,0.20000000298023224,1000.0,,0.55,,,,0.0923,0.0231,0.1038,0.4614,0.03460000082850456,0.0923,0.0923,0.4614,0.4268,0.4383,1.1535,2026-08-09
bw3-7,Crustle,normal,Noble Victories,7,Uncommon,Naoyo Kimura,Stage 1,558,Pokémon,2011/11/16,"tcgplayer,cardmarket",https://prices.pokemontcg.io/tcgplayer/bw3-7,https://images.pokemontcg.io/bw3/7_hires.png,2026/08/08,2026/07/01,0.5,0.15000000596046448,0.47999998927116394,19.979999542236328,,1.17,,,,0.2422,0.0231,0.2653,0.9228,0.11540000140666962,0.1961,0.2076,0.9228,1.3957,1.0381,1.1535,2026-08-09
xy12-7,Beedrill,normal,Evolutions,7,Rare,Ken Sugimori,Stage 2,15,Pokémon,2016/11/02,"tcgplayer,cardmarket",https://prices.pokemontcg.io/tcgplayer/xy12-7,https://images.pokemontcg.io/xy12/7_hires.png,2026/08/08,2026/07/01,0.3,0.05000000074505806,0.28999999165534973,19.65999984741211,,1.54,,,,0.2422,0.0231,0.2422,2.9068,0.15000000596046448,0.2422,0.2422,1.1535,2.1109,3.2644,1.1535,2026-08-09
xyp-XY06,Yveltal,holofoil,XY Black Star Promos,XY06,Promo,5ban Graphics,Basic,717,Pokémon,2013/10/12,"tcgplayer,cardmarket",https://prices.pokemontcg.io/tcgplayer/xyp-XY06,https://images.pokemontcg.io/xyp/XY06_hires.png,2026/08/08,2026/07/01,19.52,5.389999866485596,10.880000114440918,99.58999633789062,,,,,,4.3372,0.5767,4.6947,0.0,9.112700462341309,4.9485,5.2484,5.7675,6.0443,4.5333,1.1535,2026-08-09
ex12-17,Gorebyss,normal,Legend Maker,17,Rare,Atsuko Nishida,Stage 1,368,Pokémon,2006/02/01,"tcgplayer,cardmarket",https://prices.pokemontcg.io/tcgplayer/ex12-17,https://images.pokemontcg.io/ex12/17_hires.png,2026/08/08,2026/07/01,0.97,0.4399999976158142,1.0,24.0,,25.43,,,,1.3265,0.0231,1.3496,4.0373,0.08070000261068344,0.5652,1.2342,5.756,4.614,7.3939,1.1535,2026-08-09
bw4-15,Pansear,normal,Next Destinies,15,Common,James Turner,Basic,513,Pokémon,2012/02/08,"tcgplayer,cardmarket",https://prices.pokemontcg.io/tcgplayer/bw4-15,https://images.pokemontcg.io/bw4/15_hires.png,2026/08/08,2026/07/01,0.3,0.10000000149011612,0.2800000011920929,1000.0,,0.71,,,,0.1961,0.0231,0.2076,0.5652,0.28839999437332153,0.2768,0.1384,0.5652,0.6575,0.5883,1.1535,2026-08-09
hgss2-14,Crobat,normal,HS—Unleashed,14,Rare,kawayoo,Stage 2,169,Pokémon,2010/05/12,"tcgplayer,cardmarket",https://prices.pokemontcg.io/tcgplayer/hgss2-14,https://images.pokemontcg.io/hgss2/14_hires.png,2026/08/08,2026/07/01,4.91,1.25,4.679999828338623,96.91999816894531,,15.49,,,,3.2067,2.1916,3.1721,0.0,3.4605000019073486,3.5412,3.2644,0.7498,0.9459,0.9228,1.1535,2026-08-09
ex14-12,Tauros,holofoil,Crystal Guardians,12,Rare Holo,Hajime Kusajima,Basic,128,Pokémon,2006/08/01,"tcgplayer,cardmarket",https://prices.pokemontcg.io/tcgplayer/ex14-12,https://images.pokemontcg.io/ex14/12_hires.png,2026/08/08,2026/07/01,24.2,14.5,23.329999923706055,286.7900085449219,,31.33,,,,7.1632,2.307,0.0231,16.0567,5.190700054168701,7.5208,19.598,17.3025,16.4143,13.5075,1.1535,2026-08-09
sm10-8,Vileplume,holofoil,Unbroken Bonds,8,Rare Holo,Suwama Chiaki,Stage 2,45,Pokémon,2019/05/03,"tcgplayer,cardmarket",https://prices.pokemontcg.io/tcgplayer/sm10-8,https://images.pokemontcg.io/sm10/8_hires.png,2026/08/08,2026/07/01,0.96,0.5,0.9900000095367432,19.0,,1.16,,,,1.165,0.4845,1.3611,2.2955,1.153499960899353,1.488,1.4995,1.2689,1.4073,1.8225,1.1535,2026-08-09
xy9-6,Kricketune,normal,BREAKpoint,6,Uncommon,Suwama Chiaki,Stage 1,402,Pokémon,2016/02/03,"tcgplayer,cardmarket",https://prices.pokemontcg.io/tcgplayer/xy9-6,https://images.pokemontcg.io/xy9/6_hires.png,2026/08/08,2026/07/01,0.07,0.05000000074505806,0.2199999988079071,1000.0,,0.64,,,,0.1038,0.0231,0.2076,1.0035,0.10379999876022339,0.1961,0.1384,0.1384,0.8074,0.5998,1.1535,2026-08-09
base1-15,Venusaur,holofoil,Base,15,Rare Holo,Mitsuhiro Arita,Stage 2,3,Pokémon,1999/01/09,"tcgplayer,cardmarket",https://prices.pokemontcg.io/tcgplayer/base1-15,https://images.pokemontcg.io/base1/15_hires.png,2026/08/08,2026/07/01,173.02,97.0,129.14999389648438,1199.0,,,,,,196.095,164.8351,970.8202,0.0,230.6999969482422,1180.5265,581.8139,0.0,0.0,0.0,1.1535,2026-08-09
base4-16,Raichu,holofoil,Base Set 2,16,Rare Holo,Ken Sugimori,Stage 1,26,Pokémon,2000/02/24,"tcgplayer,cardmarket",https://prices.pokemontcg.io/tcgplayer/base4-16,https://images.pokemontcg.io/base4/16_hires.png,2026/08/08,2026/07/01,55.92,24.389999389648438,33.31999969482422,1111.0,,,,,,30.9715,9.2165,40.5801,0.0,23.012300491333008,33.0247,28.1685,12.9769,24.8695,20.5323,1.1535,2026-08-09
dp7-6,Magnezone,holofoil,Stormfront,6,Rare Holo,Tomoaki Imakuni,Stage 2,462,Pokémon,2008/11/01,"tcgplayer,cardmarket",https://prices.pokemontcg.io/tcgplayer/dp7-6,https://images.pokemontcg.io/dp7/6_hires.png,2026/08/08,2026/07/01,5.47,3.3299999237060547,5.739999771118164,53.0,,5.86,,,,1.984,0.4037,3.2067,5.1215,6.0559000968933105,2.6992,4.118,3.8065,5.7906,2.9414,1.1535,2026-08-09
np-5,Mudkip,holofoil,Nintendo Black Star Promos,5,Promo,Ken Sugimori,Basic,258,Pokémon,2003/10/01,"tcgplayer,cardmarket",https://prices.pokemontcg.io/tcgplayer/np-5,https://images.pokemontcg.io/np/5_hires.png,2026/05/19,2026/07/01,,1500.0,1500.0,1500.0,,,,,,328.7475,5767.5,272.7335,0.0,328.74749755859375,289.4247,223.9405,46.1285,77.1345,57.825,1.1535,2026-08-09
ex10-15,Sudowoodo,holofoil,Unseen Forces,15,Rare Holo,Tomokazu Komiya,Basic,185,Pokémon,2005/08/01,"tcgplayer,cardmarket",https://prices.pokemontcg.io/tcgplayer/ex10-15,https://images.pokemontcg.io/ex10/15_hires.png,2026/08/08,2026/07/01,48.14,37.88999938964844,67.44999694824219,402.9800109863281,,16.99,,,,15.7222,6.921,18.8943,25.7577,23.06999969482422,19.3211,18.6982,14.984,20.1863,17.3371,1.1535,2026-08-09
xy5-15,Shroomish,normal,Primal Clash,15,Common,Mizue,Basic,285,Pokémon,2015/02/04,"tcgplayer,cardmarket",https://prices.pokemontcg.io/tcgplayer/xy5-15,https://images.pokemontcg.io/xy5/15_hires.png,2026/08/08,2026/07/01,0.3,0.10000000149011612,0.25999999046325684,7.989999771118164,,0.63,,,,0.1846,0.0231,0.2538,1.6264,0.11540000140666962,0.2307,0.2192,1.1535,1.3611,0.9459,1.1535,2026-08-09
sm9-16,Ninetales,normal,Team Up,16,Rare,You Iribi,Stage 1,38,Pokémon,2019/02/01,"tcgplayer,cardmarket",https://prices.pokemontcg.io/tcgplayer/sm9-16,https://images.pokemontcg.io/sm9/16_hires.png,2026/08/08,2026/07/01,1.57,0.5799999833106995,1.559999942779541,19.979999542236328,,6.05,,,,1.4534,0.1154,1.6956,4.7755,2.249300003051758,1.7302,1.3727,4.6025,4.5679,4.4064,1.1535,2026-08-09
bw9-14,Litwick,normal,Plasma Freeze,14,Common,Naoyo Kimura,Basic,607,Pokémon,2013/05/08,"tcgplayer,cardmarket",https://prices.pokemontcg.io/tcgplayer/bw9-14,https://images.pokemontcg.io/bw9/14_hires.png,2026/08/08,2026/07/01,0.38,0.05000000074505806,0.3400000035762787,1000.0,,1.23,,,,0.3114,0.0231,0.3114,1.0958,0.11540000140666962,0.3807,0.2076,0.4614,1.2573,1.1189,1.1535,2026-08-09
pl4-15,Cherrim,normal,Arceus,15,Rare,Midori Harada,Stage 1,421,Pokémon,2009/11/04,"tcgplayer,cardmarket",https://prices.pokemontcg.io/tcgplayer/pl4-15,https://images.pokemontcg.io/pl4/15_hires.png,2026/08/08,2026/07/01,7.23,5.5,7.0,100.0,,14.52,,,,1.638,0.0461,1.6495,8.6512,0.6920999884605408,1.6956,1.5111,9.8048,4.6255,2.8838,1.1535,2026-08-09
neo3-13,Raikou,1stEditionHolofoil,Neo Revelation,13,Rare Holo,Ken Sugimori,Basic,243,Pokémon,2001/09/21,"tcgplayer,cardmarket",https://prices.pokemontcg.io/tcgplayer/neo3-13,https://images.pokemontcg.io/neo3/13_hires.png,2026/08/08,2026/07/01,498.99,492.0,504.4800109863281,6396.0,,,,,"{""unlimitedHolofoil"": {""low"": 129.99, ""mid"": 164.06, ""high"": 1529.5, ""market"": 201.36, ""directLow"": null}}",184.0409,16.1375,195.3914,0.0,115.29229736328125,167.7304,176.5547,38.4346,63.0042,48.9084,1.1535,2026-08-09
swsh35-16,Gardevoir V,holofoil,Champion's Path,16,Rare Holo V,Kagemaru Himeno,Basic|V,282,Pokémon,2020/09/25,"tcgplayer,cardmarket",https://prices.pokemontcg.io/tcgplayer/swsh35-16,https://images.pokemontcg.io/swsh35/16_hires.png,2026/08/08,2026/06/28,1.87,1.0,2.009999990463257,18.90999984741211,,,,,,2.0302,0.8651,2.2147,0.0,2.595400094985962,2.0763,1.9725,1.7187,1.5457,1.7649,1.1535,2026-08-09
ex7-15,Dark Dragonite,normal,Team Rocket Returns,15,Rare,Nakaoka,Stage 2,149,Pokémon,2004/11/01,"tcgplayer,cardmarket",https://prices.pokemontcg.io/tcgplayer/ex7-15,https://images.pokemontcg.io/ex7/15_hires.png,2026/08/08,2026/07/01,91.0,74.98999786376953,97.98999786376953,958.7999877929688,,299.99,,,,111.0705,4.614,67.3298,109.5825,22.89699935913086,34.7434,79.107,103.815,192.473,410.4038,1.1535,2026-08-09
ecard3-H11,Houndoom,holofoil,Skyridge,H11,Rare Holo,Kimiya Masago,Stage 1,229,Pokémon,2003/05/12,"tcgplayer,cardmarket",https://prices.pokemontcg.io/tcgplayer/ecard3-H11,https://images.pokemontcg.io/ecard3/H11_hires.png,2026/07/15,2026/07/01,1000.0,2000.0,2000.0,2000.0,,,,,,178.7925,109.5825,584.3746,0.0,2132.821533203125,379.8822,300.9481,86.5125,42.7602,74.8506,1.1535,2026-08-09
dp5-6,Kabutops,holofoil,Majestic Dawn,6,Rare Holo,Kouki Saitou,Stage 2,141,Pokémon,2008/05/01,"tcgplayer,cardmarket",https://prices.pokemontcg.io/tcgplayer/dp5-6,https://images.pokemontcg.io/dp5/6_hires.png,2026/08/08,2026/07/01,32.95,18.549999237060547,34.27000045776367,399.0,,24.5,,,,6.275,0.2307,8.8473,3.968,9.216500282287598,7.8899,8.2937,1.7302,3.7835,6.4942,1.1535,2026-08-09
pop3-12,Ditto,normal,POP Series 3,12,Common,Yuka Morii,Basic,132,Pokémon,2006/04/01,"tcgplayer,cardmarket",https://prices.pokemontcg.io/tcgplayer/pop3-12,https://images.pokemontcg.io/pop3/12_hires.png,2026/08/08,2026/07/01,56.3,100.0,500.0,9999.0,,,,,,22.92,5.11,18.9405,0.0,8.628199577331543,16.7604,18.0061,3.4605,3.4605,3.4605,1.1535,2026-08-09
hsp-HGSS06,Noctowl,holofoil,HGSS Black Star Promos,HGSS06,Promo,Masakazu Fukuda,Stage 1,164,Pokémon,2010/02/10,tcgplayer,https://prices.pokemontcg.io/tcgplayer/hsp-HGSS06,https://images.pokemontcg.io/hsp/HGSS06_hires.png,2026/08/08,,11.57,6.090000152587891,20.0,140.0,,,,,,,,,,,,,,,,,2026-08-09
ex6-11,Poliwrath,holofoil,FireRed & LeafGreen,11,Rare Holo,Ken Sugimori,Stage 2,62,Pokémon,2004/09/01,"tcgplayer,cardmarket",https://prices.pokemontcg.io/tcgplayer/ex6-11,https://images.pokemontcg.io/ex6/11_hires.png,2026/08/08,2026/07/01,25.38,99.98999786376953,132.97000122070312,199.99000549316406,,40.16,,,,13.3691,2.307,10.0701,14.6841,11.073599815368652,12.3194,11.1659,11.535,22.8739,13.992,1.1535,2026-08-09
bw5-12,Flareon,normal,Dark Explorers,12,Uncommon,Suwama Chiaki,Stage 1,136,Pokémon,2012/05/09,"tcgplayer,cardmarket",https://prices.pokemontcg.io/tcgplayer/bw5-12,https://images.pokemontcg.io/bw5/12_hires.png,2026/08/08,2026/07/01,4.36,3.0,6.389999866485596,49.5,,17.72,,,,67.7681,51.9075,75.2774,0.0,92.26850128173828,58.8285,66.2224,28.8375,17.0487,15.8491,1.1535,2026-08-09
ecard2-H18,Nidoking,holofoil,Aquapolis,H18,Rare Holo,Naoyo Kimura,Stage 2,34,Pokémon,2003/01/15,"tcgplayer,cardmarket",https://prices.pokemontcg.io/tcgplayer/ecard2-H18,https://images.pokemontcg.io/ecard2/H18_hires.png,2026/08/08,2026/07/01,230.98,114.9800033569336,125.0,329.989990234375,,,,,,117.4032,13.842,120.114,0.0,23.058500289916992,129.7687,94.91,5.756,51.6076,30.0025,1.1535,2026-08-09
sm1-14,Fomantis,normal,Sun & Moon,14,Common,Kagemaru Himeno,Basic,753,Pokémon,2017/02/03,"tcgplayer,cardmarket",https://prices.pokemontcg.io/tcgplayer/sm1-14,https://images.pokemontcg.io/sm1/14_hires.png,2026/08/08,2026/06/27,0.06,0.009999999776482582,0.1899999976158142,19.079999923706055,,0.34,,,,0.0807,0.0231,0.0923,0.2076,0.08070000261068344,0.0807,0.0692,0.1269,0.2076,0.323,1.1535,2026-08-09
base6-15,Machamp,holofoil,Legendary Collection,15,Rare Holo,Ken Sugimori,Stage 2,68,Pokémon,2002/05/24,"tcgplayer,cardmarket",https://prices.pokemontcg.io/tcgplayer/base6-15,https://images.pokemontcg.io/base6/15_hires.png,2026/08/08,2026/07/01,49.99,40.34000015258789,267.5,487.55999755859375,,176.0,,,,16.795,3.449,13.9573,57.7327,40.372501373291016,12.677,11.7772,115.35,74.9775,109.6517,1.1535,2026-08-09
ex3-14,Dragonair,normal,Dragon,14,Rare,Aya Kusube,Stage 1,148,Pokémon,2003/11/24,"tcgplayer,cardmarket",https://prices.pokemontcg.io/tcgplayer/ex3-14,https://images.pokemontcg.io/ex3/14_hires.png,2026/08/08,2026/07/01,9.57,11.0,23.520000457763672,58.869998931884766,,47.5,,,,2.9991,0.4614,3.4836,13.2652,4.613999843597412,3.1029,3.8181,23.07,11.2812,19.2981,1.1535,2026-08-09
hgss4-17,Ditto,normal,HS—Triumphant,17,Rare,match,Basic,132,Pokémon,2010/11/03,"tcgplayer,cardmarket",https://prices.pokemontcg.io/tcgplayer/hgss4-17,https://images.pokemontcg.io/hgss4/17_hires.png,2026/08/08,2026/07/01,21.13,23.6299991607666,39.9900016784668,429.8999938964844,,102.31,,,,6.0328,1.142,6.2404,13.842,8.062999725341797,5.4791,5.8482,14.8802,9.7125,8.3167,1.1535,2026-08-09
ex2-9,Mawile,holofoil,Sandstorm,9,Rare Holo,Mitsuhiro Arita,Basic,303,Pokémon,2003/09/18,"tcgplayer,cardmarket",https://prices.pokemontcg.io/tcgplayer/ex2-9,https://images.pokemontcg.io/ex2/9_hires.png,2026/08/08,2026/07/01,65.0,49.72999954223633,65.0,637.9000244140625,,60.81,,,,20.3131,3.4605,26.9112,9.6087,11.53499984741211,22.5394,20.267,23.07,21.1783,17.8216,1.1535,2026-08-09
det1-16,Lickitung,holofoil,Detective Pikachu,16,Common,MPC Film,Basic,108,Pokémon,2019/04/05,"tcgplayer,cardmarket",https://prices.pokemontcg.io/tcgplayer/det1-16,https://images.pokemontcg.io/det1/16_hires.png,2026/08/08,2026/07/01,0.31,0.05000000074505806,0.3700000047683716,5.0,,,,,,0.3114,0.0231,0.4499,0.4037,0.219200000166893,0.2999,0.3114,0.6806,0.4614,0.5537,1.1535,2026-08-09
swsh1-15,Rillaboom,normal,Sword & Shield,15,Rare,Shin Nagasawa,Stage 2,812,Pokémon,2020/02/07,"tcgplayer,cardmarket",https://prices.pokemontcg.io/tcgplayer/swsh1-15,https://images.pokemontcg.io/swsh1/15_hires.png,2026/08/08,2026/06/18,0.32,0.1899999976158142,0.3199999928474426,17.979999542236328,,0.54,,,,1.2919,0.0231,0.992,1.0035,0.8073999881744385,1.0266,1.1766,1.6726,1.3381,1.3842,1.1535,2026-08-09
ex3-15,Flygon,normal,Dragon,15,Rare,Hajime Kusajima,Stage 2,330,Pokémon,2003/11/24,"tcgplayer,cardmarket",https://prices.pokemontcg.io/tcgplayer/ex3-15,https://images.pokemontcg.io/ex3/15_hires.png,2026/08/08,2026/07/01,1.79,0.75,1.7599999904632568,21.93000030517578,,21.37,,,,58.021,5.756,58.6324,0.0,0.23070000112056732,19.9555,38.0194,0.0,0.0,0.0,1.1535,2026-08-09
xy12-8,Tangela,normal,Evolutions,8,Common,Mitsuhiro Arita,Basic,114,Pokémon,2016/11/02,"tcgplayer,cardmarket",https://prices.pokemontcg.io/tcgplayer/xy12-8,https://images.pokemontcg.io/xy12/8_hires.png,2026/08/08,2026/07/01,0.21,0.009999999776482582,0.20999999344348907,18.540000915527344,,0.48,,,,0.0807,0.0231,0.1154,0.5191,0.06920000165700912,0.0923,0.0807,1.142,0.9689,0.646,1.1535,2026-08-09
swsh2-9,Ludicolo,normal,Rebel Clash,9,Rare,Masakazu Fukuda,Stage 2,272,Pokémon,2020/05/01,"tcgplayer,cardmarket",https://prices.pokemontcg.io/tcgplayer/swsh2-9,https://images.pokemontcg.io/swsh2/9_hires.png,2026/08/08,2026/06/30,0.19,0.12999999523162842,0.25,2.990000009536743,,0.65,,,,0.1384,0.1038,0.173,0.5421,0.23070000112056732,0.15,0.2192,0.3345,0.4614,0.6921,1.1535,2026-08-09
dp6-6,Heatran,holofoil,Legends Awakened,6,Rare Holo,Kent Kanetsuna,Basic,485,Pokémon,2008/08/01,"tcgplayer,cardmarket",https://prices.pokemontcg.io/tcgplayer/dp6-6,https://images.pokemontcg.io/dp6/6_hires.png,2026/08/08,2026/07/01,7.69,4.0,7.170000076293945,75.0,,8.13,,,,4.8793,0.4614,4.1641,3.1145,1.3610999584197998,4.3141,4.4064,8.0745,3.2413,2.5146,1.1535,2026-08-09
hgss3-12,Drifblim,normal,HS—Undaunted,12,Rare,Kagemaru Himeno,Stage 1,426,Pokémon,2010/08/18,"tcgplayer,cardmarket",https://prices.pokemontcg.io/tcgplayer/hgss3-12,https://images.pokemontcg.io/hgss3/12_hires.png,2026/08/08,2026/07/01,0.72,0.3100000023841858,0.6499999761581421,18.040000915527344,,2.74,,,,0.7152,0.1154,0.7728,1.315,0.40369999408721924,0.7382,0.6344,1.2227,1.4649,1.7995,1.1535,2026-08-09
g1-7,Parasect,normal,Generations,7,Rare,Sumiyoshi Kizuki,Stage 1,47,Pokémon,2016/02/22,"tcgplayer,cardmarket",https://prices.pokemontcg.io/tcgplayer/g1-7,https://images.pokemontcg.io/g1/7_hires.png,2026/08/08,2026/07/01,0.3,0.10000000149011612,0.33000001311302185,23.489999771118164,,2.08,,,,0.2884,0.0231,0.3922,2.3185,0.5651999711990356,0.3922,0.3345,0.5767,2.0763,2.0994,1.1535,2026-08-09
pl4-16,Gengar,normal,Arceus,16,Rare,Midori Harada,Stage 2,94,Pokémon,2009/11/04,"tcgplayer,cardmarket",https://prices.pokemontcg.io/tcgplayer/pl4-16,https://images.pokemontcg.io/pl4/16_hires.png,2026/08/08,2026/07/01,41.71,25.5,40.0,549.7999877929688,,182.65,,,,13.6228,5.1907,10.3815,41.526,3.4605000019073486,9.4241,14.4764,41.526,55.3219,40.2456,1.1535,2026-08-09
xy7-16,Larvesta,normal,Ancient Origins,16,Common,Satoshi Shirai,Basic,636,Pokémon,2015/08/12,"tcgplayer,cardmarket",https://prices.pokemontcg.io/tcgplayer/xy7-16,https://images.pokemontcg.io/xy7/16_hires.png,2026/08/08,2026/07/01,0.04,0.009999999776482582,0.20000000298023224,1000.0,,0.33,,,,0.1615,0.0231,0.1269,0.5652,0.05770000070333481,0.1154,0.2192,0.2192,0.5075,0.5537,1.1535,2026-08-09
xy8-11,Chesnaught,holofoil,BREAKthrough,11,Rare Holo,Mitsuhiro Arita,Stage 2,652,Pokémon,2015/11/04,"tcgplayer,cardmarket",https://prices.pokemontcg.io/tcgplayer/xy8-11,https://images.pokemontcg.io/xy8/11_hires.png,2026/08/08,2026/07/01,1.65,0.5299999713897705,1.6399999856948853,19.979999542236328,,2.42,,,,5.2023,0.346,4.8678,4.3602,3.4028000831604004,3.9796,4.0834,6.921,4.6601,4.3141,1.1535,2026-08-09
sm3-13,Simisage,normal,Burning Shadows,13,Uncommon,tetsuya koizumi,Stage 1,512,Pokémon,2017/08/05,"tcgplayer,cardmarket",https://prices.pokemontcg.io/tcgplayer/sm3-13,https://images.pokemontcg.io/sm3/13_hires.png,2026/08/08,2026/06/27,0.17,0.029999999329447746,0.20000000298023224,19.979999542236328,,0.29,,,,0.0692,0.0231,0.1038,0.2538,0.08070000261068344,0.0923,0.0807,0.2307,0.2192,0.2653,1.1535,2026-08-09
det1-17,Ditto,holofoil,Detective Pikachu,17,Rare Ultra,MPC Film,Basic,132,Pokémon,2019/04/05,"tcgplayer,cardmarket",https://prices.pokemontcg.io/tcgplayer/det1-17,https://images.pokemontcg.io/det1/17_hires.png,2026/08/08,2026/07/01,12.22,6.5,12.260000228881836,1083.260009765625,,,,,,7.1517,1.3842,6.7364,0.0,9.216500282287598,6.4942,7.1748,7.7631,6.4481,7.5439,1.1535,2026-08-09
xy3-6,Shroomish,normal,Furious Fists,6,Common,Kyoko Umemoto,Basic,285,Pokémon,2014/08/13,"tcgplayer,cardmarket",https://prices.pokemontcg.io/tcgplayer/xy3-6,https://images.pokemontcg.io/xy3/6_hires.png,2026/08/08,2026/07/01,0.25,0.009999999776482582,0.25,19.979999542236328,,0.5,,,,0.15,0.0231,0.173,0.6229,0.023099999874830246,0.1269,0.1269,0.5767,0.5652,0.5767,1.1535,2026-08-09
bw10-18,Remoraid,normal,Plasma Blast,18,Common,Masakazu Fukuda,Basic,223,Pokémon,2013/08/14,"tcgplayer,cardmarket",https://prices.pokemontcg.io/tcgplayer/bw10-18,https://images.pokemontcg.io/bw10/18_hires.png,2026/08/08,2026/06/27,0.22,0.10000000149011612,0.25,18.18000030517578,,0.5,,,,0.0923,0.0231,0.1154,0.4729,0.11540000140666962,0.0692,0.1038,0.5537,0.5306,0.5652,1.1535,2026-08-09
ex9-17,Nosepass,normal,Emerald,17,Rare,Kouki Saitou,Basic,299,Pokémon,2005/05/01,"tcgplayer,cardmarket",https://prices.pokemontcg.io/tcgplayer/ex9-17,https://images.pokemontcg.io/ex9/17_hires.png,2026/08/08,2026/07/01,1.25,0.949999988079071,1.5700000524520874,19.979999542236328,,11.99,,,,1.2689,0.173,1.9494,7.1056,0.57669997215271,1.8341,1.3611,8.0745,7.244,7.1286,1.1535,2026-08-09
basep-12,Mewtwo,normal,Wizards Black Star Promos,12,Promo,Christopher Rush,Basic,150,Pokémon,1999/07/01,"tcgplayer,cardmarket",https://prices.pokemontcg.io/tcgplayer/basep-12,https://images.pokemontcg.io/basep/12_hires.png,2026/08/08,2026/07/01,133.26,134.25999450683594,227.16000366210938,369.0,,,,,,225.3593,115.35,241.6006,0.0,194.94149780273438,225.3593,297.3723,46.14,27.3956,27.3956,1.1535,2026-08-09
xy2-19,Litleo,normal,Flashfire,19,Common,5ban Graphics,Basic,667,Pokémon,2014/05/07,"tcgplayer,cardmarket",https://prices.pokemontcg.io/tcgplayer/xy2-19,https://images.pokemontcg.io/xy2/19_hires.png,2026/08/08,2026/06/08,0.27,0.03999999910593033,0.25,17.860000610351562,,0.58,,,,0.1154,0.0231,0.1615,0.5998,0.3921999931335449,0.15,0.1038,0.7267,0.4383,0.3576,1.1535,2026-08-09
bw4-16,Simisear,normal,Next Destinies,16,Rare,Kouki Saitou,Stage 1,514,Pokémon,2012/02/08,"tcgplayer,cardmarket",https://prices.pokemontcg.io/tcgplayer/bw4-16,https://images.pokemontcg.io/bw4/16_hires.png,2026/08/08,2026/07/01,0.57,0.05000000074505806,0.5699999928474426,19.979999542236328,,0.82,,,,0.4729,0.0577,0.4268,0.7498,0.219200000166893,0.4729,0.5652,0.1154,0.7498,0.8536,1.1535,2026-08-09
xy1-15,Scatterbug,normal,XY,15,Common,5ban Graphics,Basic,664,Pokémon,2014/02/05,"tcgplayer,cardmarket",https://prices.pokemontcg.io/tcgplayer/xy1-15,https://images.pokemontcg.io/xy1/15_hires.png,2026/08/08,2026/07/01,0.28,0.029999999329447746,0.25,19.979999542236328,,0.52,,,,0.1615,0.0231,0.1384,1.4419,0.04610000178217888,0.0923,0.1384,1.7302,1.1996,0.6229,1.1535,2026-08-09
dv1-18,Exp. Share,holofoil,Dragon Vault,18,,Ryo Ueda,Pokémon Tool,,Trainer,2012/10/05,"tcgplayer,cardmarket",https://prices.pokemontcg.io/tcgplayer/dv1-18,https://images.pokemontcg.io/dv1/18_hires.png,2026/08/08,2026/07/01,1.73,0.8799999952316284,1.690000057220459,19.979999542236328,,,,,,2.134,0.1154,2.2839,0.0,1.153499960899353,2.7799,2.2955,4.0373,2.1916,1.4419,1.1535,2026-08-09
sm4-8,Shelmet,normal,Crimson Invasion,8,Common,OOYAMA,Basic,616,Pokémon,2017/11/03,"tcgplayer,cardmarket",https://prices.pokemontcg.io/tcgplayer/sm4-8,https://images.pokemontcg.io/sm4/8_hires.png,2026/08/08,2026/07/01,0.2,0.029999999329447746,0.20000000298023224,19.979999542236328,,0.37,,,,0.0577,0.0231,0.0692,0.3576,0.11540000140666962,0.0807,0.0807,0.1615,0.4614,0.346,1.1535,2026-08-09
sm6-10,Gogoat,normal,Forbidden Light,10,Uncommon,Anesaki Dynamic,Stage 1,673,Pokémon,2018/05/04,"tcgplayer,cardmarket",https://prices.pokemontcg.io/tcgplayer/sm6-10,https://images.pokemontcg.io/sm6/10_hires.png,2026/08/08,2026/06/27,0.2,0.019999999552965164,0.25,19.979999542236328,,0.48,,,,0.1384,0.0231,0.1615,0.6921,0.05770000070333481,0.1384,0.1154,0.4037,0.5652,0.4845,1.1535,2026-08-09
pop5-11,Meowth δ,normal,POP Series 5,11,Common,Mitsuhiro Arita,Basic,52,Pokémon,2007/03/01,"tcgplayer,cardmarket",https://prices.pokemontcg.io/tcgplayer/pop5-11,https://images.pokemontcg.io/pop5/11_hires.png,2026/08/08,2026/07/01,19.43,13.0,108.11000061035156,209.0,,,,,,8.8012,9.1703,12.8615,0.0,14.984000205993652,11.8234,5.9636,0.0,0.0,0.0,1.1535,2026-08-09
bw2-8,Leavanny,normal,Emerging Powers,8,Rare,Masakazu Fukuda,Stage 2,542,Pokémon,2011/08/31,"tcgplayer,cardmarket",https://prices.pokemontcg.io/tcgplayer/bw2-8,https://images.pokemontcg.io/bw2/8_hires.png,2026/08/08,2026/07/01,1.08,0.699999988079071,1.149999976158142,19.979999542236328,,1.56,,,,0.8421,0.1038,1.0035,2.2032,0.6920999884605408,0.8074,0.7728,1.7187,2.2032,2.653,1.1535,2026-08-09
base5-13,Dark Vileplume,1stEditionHolofoil,Team Rocket,13,Rare Holo,Kagemaru Himeno,Stage 2,45,Pokémon,2000/04/24,"tcgplayer,cardmarket",https://prices.pokemontcg.io/tcgplayer/base5-13,https://images.pokemontcg.io/base5/13_hires.png,2026/08/08,2026/07/01,65.25,46.9900016784668,68.5199966430664,754.9400024414062,,,,,"{""unlimitedHolofoil"": {""low"": 22.98, ""mid"": 36.96, ""high"": 4318.77, ""market"": 38.88, ""directLow"": 31.82}}",39.6689,8.6512,49.266,0.0,44.98649978637695,43.487,38.5961,15.5492,22.251,19.3788,1.1535,2026-08-09
bw8-13,Amoonguss,normal,Plasma Storm,13,Uncommon,5ban Graphics,Stage 1|Team Plasma,591,Pokémon,2013/02/06,"tcgplayer,cardmarket",https://prices.pokemontcg.io/tcgplayer/bw8-13,https://images.pokemontcg.io/bw8/13_hires.png,2026/08/08,2026/06/30,0.36,0.10000000149011612,0.3499999940395355,19.979999542236328,,2.51,,,,0.2422,0.0231,0.2768,3.449,0.11540000140666962,0.2653,0.2538,3.449,4.0373,2.8145,1.1535,2026-08-09
xy10-16,Dewgong,normal,Fates Collide,16,Uncommon,Naoyo Kimura,Stage 1,87,Pokémon,2016/05/02,"tcgplayer,cardmarket",https://prices.pokemontcg.io/tcgplayer/xy10-16,https://images.pokemontcg.io/xy10/16_hires.png,2026/08/08,2026/06/30,0.24,0.05000000074505806,0.25,1000.0,,1.15,,,,0.2768,0.0231,0.1961,1.165,0.1615000069141388,0.2884,0.2768,0.5767,1.0843,1.1996,1.1535,2026-08-09
ex13-14,Pidgeot δ,holofoil,Holon Phantoms,14,Rare Holo,Kouki Saitou,Stage 2,18,Pokémon,2006/05/01,"tcgplayer,cardmarket",https://prices.pokemontcg.io/tcgplayer/ex13-14,https://images.pokemontcg.io/ex13/14_hires.png,2026/08/08,2026/07/01,45.12,37.9900016784668,56.09000015258789,439.79998779296875,,64.33,,,,11.0736,3.8642,14.165,33.3823,13.842000007629395,14.1304,16.9911,11.535,19.1942,28.9182,1.1535,2026-08-09
col1-16,Magmortar,holofoil,Call of Legends,16,Rare Holo,Hajime Kusajima,Stage 1,467,Pokémon,2011/02/09,"tcgplayer,cardmarket",https://prices.pokemontcg.io/tcgplayer/col1-16,https://images.pokemontcg.io/col1/16_hires.png,2026/08/08,2026/06/28,7.57,1.4800000190734863,6.800000190734863,94.44999694824219,,1.97,,,,5.7098,0.2307,4.7409,5.2369,5.7444000244140625,5.1446,5.8713,6.9095,4.4525,5.0754,1.1535,2026-08-09
swshp-SWSH006,Rillaboom,holofoil,SWSH Black Star Promos,SWSH006,Promo,Kouki Saitou,Stage 2,812,Pokémon,2019/11/15,"tcgplayer,cardmarket",https://prices.pokemontcg.io/tcgplayer/swshp-SWSH006,https://images.pokemontcg.io/swshp/SWSH006_hires.png,2026/08/08,2026/06/30,6.1,4.409999847412109,6.170000076293945,9.0,,,,,,18.6521,5.7098,12.4924,0.0,13.842000007629395,17.1987,21.3744,3.4605,7.5093,9.1357,1.1535,2026-08-09
pop1-16,Armaldo ex,normal,POP Series 1,16,Rare,Hikaru Koike,Stage 2|ex,348,Pokémon,2004/09/01,"tcgplayer,cardmarket",https://prices.pokemontcg.io/tcgplayer/pop1-16,https://images.pokemontcg.io/pop1/16_hires.png,2026/08/08,2026/07/01,23.94,24.989999771118164,140.8000030517578,256.6000061035156,,,,,,78.784,28.8375,71.1479,0.0,115.3385009765625,65.8879,63.0965,46.1285,23.3122,23.3122,1.1535,2026-08-09
sm5-17,Araquanid,normal,Ultra Prism,17,Rare,Shin Nagasawa,Stage 1,752,Pokémon,2018/02/02,"tcgplayer,cardmarket",https://prices.pokemontcg.io/tcgplayer/sm5-17,https://images.pokemontcg.io/sm5/17_hires.png,2026/08/08,2026/06/15,0.24,0.07000000029802322,0.30000001192092896,2.990000009536743,,0.31,,,,0.2999,0.0231,0.2999,0.2653,0.1615000069141388,0.2653,0.2192,0.8536,0.6114,0.5306,1.1535,2026-08-09
dp3-19,Suicune,holofoil,Secret Wonders,19,Rare Holo,Ryo Ueda,Basic,245,Pokémon,2007/11/01,"tcgplayer,cardmarket",https://prices.pokemontcg.io/tcgplayer/dp3-19,https://images.pokemontcg.io/dp3/19_hires.png,2026/08/08,2026/06/27,44.28,20.0,49.95000076293945,299.95001220703125,,28.04,,,,8.9858,1.1535,5.6522,8.7435,3.4605000019073486,8.6859,6.9671,5.4099,10.4968,7.8092,1.1535,2026-08-09
pop7-17,Spinda,normal,POP Series 7,17,Common,Atsuko Nishida,Basic,327,Pokémon,2008/03/01,"tcgplayer,cardmarket",https://prices.pokemontcg.io/tcgplayer/pop7-17,https://images.pokemontcg.io/pop7/17_hires.png,2026/08/08,2026/07/01,3.07,1.649999976158142,3.880000114440918,19.979999542236328,,,,,,2.2263,0.2884,2.0417,0.0,2.6414999961853027,2.3647,1.661,0.0,0.0,0.0,1.1535,2026-08-09
gym1-15,Brock,1stEditionHolofoil,Gym Heroes,15,Rare Holo,Ken Sugimori,,,Trainer,2000/08/14,"tcgplayer,cardmarket",https://prices.pokemontcg.io/tcgplayer/gym1-15,https://images.pokemontcg.io/gym1/15_hires.png,2026/08/08,2026/07/01,83.24,63.0,102.5,812.5,,,,,"{""unlimitedHolofoil"": {""low"": 28.89, ""mid"": 50.0, ""high"": 227.5, ""market"": 43.44, ""directLow"": 68.22}}",42.1258,11.535,30.7408,0.0,23.058500289916992,41.3299,49.3929,34.5935,29.9103,17.6601,1.1535,2026-08-09
dp7-7,Mismagius,holofoil,Stormfront,7,Rare Holo,Midori Harada,Stage 1,429,Pokémon,2008/11/01,"tcgplayer,cardmarket",https://prices.pokemontcg.io/tcgplayer/dp7-7,https://images.pokemontcg.io/dp7/7_hires.png,2026/08/08,2026/07/01,8.05,3.809999942779541,7.5,95.83999633789062,,6.27,,,,3.1029,0.2307,3.5758,2.953,4.602499961853027,2.2955,3.1029,4.6025,3.0337,2.653,1.1535,2026-08-09
pop9-15,Pikachu,normal,POP Series 9,15,Common,Midori Harada,Basic,25,Pokémon,2009/03/01,"tcgplayer,cardmarket",https://prices.pokemontcg.io/tcgplayer/pop9-15,https://images.pokemontcg.io/pop9/15_hires.png,2026/08/08,2026/07/01,19.98,14.989999771118164,20.360000610351562,4319.27001953125,,,,,,19.3327,4.0373,14.4995,14.4187,17.302499771118164,13.5652,25.4231,11.535,18.952,13.7266,1.1535,2026-08-09
dp2-8,Feraligatr,holofoil,Mysterious Treasures,8,Rare Holo,Kazuyuki Kano,Stage 2,160,Pokémon,2007/08/01,"tcgplayer,cardmarket",https://prices.pokemontcg.io/tcgplayer/dp2-8,https://images.pokemontcg.io/dp2/8_hires.png,2026/08/08,2026/07/01,35.45,13.0,34.9900016784668,109.5199966430664,,13.72,,,,9.0665,0.6921,8.5128,5.8367,8.062999725341797,7.3824,6.4711,9.2049,5.3176,4.8562,1.1535,2026-08-09
pop3-13,Eevee,normal,POP Series 3,13,Common,Masakazu Fukuda,Basic,133,Pokémon,2006/04/01,"tcgplayer,cardmarket",https://prices.pokemontcg.io/tcgplayer/pop3-13,https://images.pokemontcg.io/pop3/13_hires.png,2026/08/08,2026/07/01,34.26,28.5,41.97999954223633,329.5,,,,,,18.629,4.6025,25.6308,0.0,23.058500289916992,27.511,20.2555,5.7675,5.7675,5.7675,1.1535,2026-08-09
sm11-8,Swadloon,normal,Unified Minds,8,Uncommon,Shibuzoh.,Stage 1,541,Pokémon,2019/08/02,"tcgplayer,cardmarket",https://prices.pokemontcg.io/tcgplayer/sm11-8,https://images.pokemontcg.io/sm11/8_hires.png,2026/08/08,2026/06/30,0.32,0.14000000059604645,0.33000001311302185,19.979999542236328,,0.88,,,,0.1846,0.0231,0.1846,0.7267,0.10379999876022339,0.1846,0.1615,0.6806,0.7267,0.8536,1.1535,2026-08-09
ecard2-H19,Ninetales,holofoil,Aquapolis,H19,Rare Holo,Kagemaru Himeno,Stage 1,38,Pokémon,2003/01/15,"tcgplayer,cardmarket",https://prices.pokemontcg.io/tcgplayer/ecard2-H19,https://images.pokemontcg.io/ecard2/H19_hires.png,2026/08/08,2026/07/01,399.99,180.0,200.0,200.0,,,,,,100.3314,17.291,216.9041,0.0,103.81500244140625,276.8285,123.3322,20.763,40.9492,26.9919,1.1535,2026-08-09
hgss4-18,Dragonite,normal,HS—Triumphant,18,Rare,Mitsuhiro Arita,Stage 2,149,Pokémon,2010/11/03,"tcgplayer,cardmarket",https://prices.pokemontcg.io/tcgplayer/hgss4-18,https://images.pokemontcg.io/hgss4/18_hires.png,2026/08/08,2026/07/01,18.65,11.0,14.149999618530273,119.9000015258789,,234.28,,,,6.0905,0.1154,5.4561,15.4338,1.3841999769210815,3.8296,6.2289,2.307,13.9458,15.2723,1.1535,2026-08-09
dp5-7,Leafeon,holofoil,Majestic Dawn,7,Rare Holo,Kouki Saitou,Stage 1,470,Pokémon,2008/05/01,"tcgplayer,cardmarket",https://prices.pokemontcg.io/tcgplayer/dp5-7,https://images.pokemontcg.io/dp5/7_hires.png,2026/08/08,2026/07/01,90.77,50.0,84.58000183105469,850.7999877929688,,52.0,,,,17.2102,4.5909,16.795,12.8846,17.302499771118164,19.6902,22.8624,40.3725,18.2022,16.9565,1.1535,2026-08-09
neo1-8,Kingdra,1stEditionHolofoil,Neo Genesis,8,Rare Holo,Ken Sugimori,Stage 2,230,Pokémon,2000/12/16,"tcgplayer,cardmarket",https://prices.pokemontcg.io/tcgplayer/neo1-8,https://images.pokemontcg.io/neo1/8_hires.png,2026/08/08,2026/07/01,82.5,198.0,249.99000549316406,550.0,,,,,"{""unlimitedHolofoil"": {""low"": 10.91, ""mid"": 15.33, ""high"": 178.97, ""market"": 22.69, ""directLow"": 22.49}}",14.661,0.8074,11.3966,0.0,4.613999843597412,8.8704,14.0496,6.8979,6.921,7.9938,1.1535,2026-08-09
ex16-6,Charizard,holofoil,Power Keepers,6,Rare Holo,Ken Sugimori,Stage 2,6,Pokémon,2007/02/02,"tcgplayer,cardmarket",https://prices.pokemontcg.io/tcgplayer/ex16-6,https://images.pokemontcg.io/ex16/6_hires.png,2026/08/08,2026/07/01,300.0,293.70001220703125,505.95001220703125,2039.9000244140625,,272.97,,,,84.5285,23.07,65.1843,136.4937,50.75400161743164,70.5827,74.7353,161.49,121.1175,106.3642,1.1535,2026-08-09
ex11-18,Vaporeon δ,holofoil,Delta Species,18,Rare Holo,Kouki Saitou,Stage 1,134,Pokémon,2005/10/31,"tcgplayer,cardmarket",https://prices.pokemontcg.io/tcgplayer/ex11-18,https://images.pokemontcg.io/ex11/18_hires.png,2026/08/08,2026/07/01,134.07,115.0,189.5,1399.9000244140625,,199.99,,,,35.1702,10.3815,74.1124,43.3716,115.3385009765625,53.6262,57.4789,89.973,45.5632,103.3767,1.1535,2026-08-09
sm8-14,Jumpluff,holofoil,Lost Thunder,14,Rare Holo,Masakazu Fukuda,Stage 2,189,Pokémon,2018/11/02,"tcgplayer,cardmarket",https://prices.pokemontcg.io/tcgplayer/sm8-14,https://images.pokemontcg.io/sm8/14_hires.png,2026/08/08,2026/07/01,0.98,0.5,0.9800000190734863,19.979999542236328,,1.13,,,,0.7959,0.0577,1.4419,1.3035,1.3841999769210815,0.8882,1.7072,2.307,1.2227,1.7072,1.1535,2026-08-09
sm35-6,Carnivine,normal,Shining Legends,6,Uncommon,Tomokazu Komiya,Basic,455,Pokémon,2017/10/06,"tcgplayer,cardmarket",https://prices.pokemontcg.io/tcgplayer/sm35-6,https://images.pokemontcg.io/sm35/6_hires.png,2026/08/08,2026/07/01,0.31,0.029999999329447746,0.28999999165534973,19.979999542236328,,0.83,,,,0.2422,0.0231,0.4153,0.5537,1.038100004196167,0.1846,0.2192,1.0266,0.5191,0.7267,1.1535,2026-08-09
sm1-15,Lurantis-GX,holofoil,Sun & Moon,15,Rare Holo GX,5ban Graphics,Stage 1|GX,754,Pokémon,2017/02/03,"tcgplayer,cardmarket",https://prices.pokemontcg.io/tcgplayer/sm1-15,https://images.pokemontcg.io/sm1/15_hires.png,2026/08/08,2026/06/27,1.37,0.9900000095367432,1.5700000524520874,18.719999313354492,,,,,,2.157,0.4614,2.5377,0.0,3.4605000019073486,2.2839,2.157,1.7302,2.3647,2.3877,1.1535,2026-08-09
ex10-16,Sunflora,holofoil,Unseen Forces,16,Rare Holo,Sumiyoshi Kizuki,Stage 1,192,Pokémon,2005/08/01,"tcgplayer,cardmarket",https://prices.pokemontcg.io/tcgplayer/ex10-16,https://images.pokemontcg.io/ex10/16_hires.png,2026/08/08,2026/07/01,20.87,15.050000190734863,29.989999771118164,158.5800018310547,,28.33,,,,6.3442,2.307,13.8766,14.7994,63.442501068115234,13.4152,8.5013,8.9281,11.5235,12.5962,1.1535,2026-08-09
mcd16-6,Pikachu,,McDonald's Collection 2016,6,,Naoki Saito,Basic,25,Pokémon,2016/08/19,cardmarket,https://prices.pokemontcg.io/cardmarket/mcd16-6,https://images.pokemontcg.io/mcd16/6_hires.png,,2026/07/01,,,,,,,,,,11.4658,1.6149,18.8367,0.0,69.20999908447266,17.1525,15.8837,4.0373,6.921,5.4099,1.1535,2026-08-09
dc1-7,Team Aqua's Grimer,normal,Double Crisis,7,Common,kawayoo,Basic,88,Pokémon,2015/03/25,"tcgplayer,cardmarket",https://prices.pokemontcg.io/tcgplayer/dc1-7,https://images.pokemontcg.io/dc1/7_hires.png,2026/08/08,2026/07/01,1.96,1.0299999713897705,1.909999966621399,28.100000381469727,,7.74,,,,3.8412,0.4614,3.8296,13.0692,3.22979998588562,3.1721,2.7684,2.307,10.543,8.4206,1.1535,2026-08-09
sm10-9,Venonat,normal,Unbroken Bonds,9,Common,kirisAki,Basic,48,Pokémon,2019/05/03,"tcgplayer,cardmarket",https://prices.pokemontcg.io/tcgplayer/sm10-9,https://images.pokemontcg.io/sm10/9_hires.png,2026/08/08,2026/07/01,0.21,0.029999999329447746,0.2199999988079071,19.979999542236328,,0.39,,,,0.2076,0.0231,0.2653,0.346,0.29989999532699585,0.1961,0.1846,0.3345,0.3922,0.4499,1.1535,2026-08-09
sm2-15,Salandit,normal,Guardians Rising,15,Common,TOKIYA,Basic,757,Pokémon,2017/05/05,"tcgplayer,cardmarket",https://prices.pokemontcg.io/tcgplayer/sm2-15,https://images.pokemontcg.io/sm2/15_hires.png,2026/08/08,2026/06/19,0.15,0.009999999776482582,0.20000000298023224,19.979999542236328,,0.36,,,,0.0692,0.0231,0.0346,0.4845,0.03460000082850456,0.0461,0.0923,0.2884,0.3114,0.323,1.1535,2026-08-09
bw7-15,Whimsicott,normal,Boundaries Crossed,15,Rare,Kagemaru Himeno,Stage 1,547,Pokémon,2012/11/07,"tcgplayer,cardmarket",https://prices.pokemontcg.io/tcgplayer/bw7-15,https://images.pokemontcg.io/bw7/15_hires.png,2026/08/08,2026/07/01,0.47,0.30000001192092896,0.49000000953674316,19.979999542236328,,1.71,,,,0.6229,0.0692,0.6806,3.0106,0.911300003528595,0.8421,0.5652,3.4259,2.4339,1.7072,1.1535,2026-08-09
dpp-DP16,Pikachu,holofoil,DP Black Star Promos,DP16,Promo,Sumiyoshi Kizuki,Basic,25,Pokémon,2007/05/01,tcgplayer,https://prices.pokemontcg.io/tcgplayer/dpp-DP16,https://images.pokemontcg.io/dpp/DP16_hires.png,2026/08/08,,119.95,249.99000549316406,899.989990234375,9999.0,,,,,,,,,,,,,,,,,2026-08-09
pop2-9,Multi Technical Machine 01,normal,POP Series 2,9,Uncommon,"""Big Mama"" Tagawa",Technical Machine,,Trainer,2005/08/01,"tcgplayer,cardmarket",https://prices.pokemontcg.io/tcgplayer/pop2-9,https://images.pokemontcg.io/pop2/9_hires.png,2026/08/08,2026/07/01,3.53,2.5,3.0,33.099998474121094,,,,,,3.299,0.5767,4.4179,0.0,0.9228000044822693,4.441,2.6184,1.3842,2.6761,2.6761,1.1535,2026-08-09
xy9-7,Petilil,normal,BREAKpoint,7,Common,Naoyo Kimura,Basic,548,Pokémon,2016/02/03,"tcgplayer,cardmarket",https://prices.pokemontcg.io/tcgplayer/xy9-7,https://images.pokemontcg.io/xy9/7_hires.png,2026/08/08,2026/07/01,0.11,0.019999999552965164,0.20000000298023224,1000.0,,0.5,,,,0.0807,0.0231,0.0807,0.6114,0.04610000178217888,0.0807,0.0807,0.3345,0.5075,0.4614,1.1535,2026-08-09
sm7-10a,Sceptile,,Celestial Storm,10a,Rare Holo,Hitoshi Ariga,Stage 2,254,Pokémon,2018/08/03,cardmarket,https://prices.pokemontcg.io/cardmarket/sm7-10a,https://images.pokemontcg.io/sm7/10a_hires.png,,2026/06/29,,,,,,,,,,2.9991,0.5767,2.9991,0.0,5.75600004196167,2.7799,3.8642,0.3345,0.992,0.8074,1.1535,2026-08-09
base2-8,Pidgeot,1stEditionHolofoil,Jungle,8,Rare Holo,Kagemaru Himeno,Stage 2,18,Pokémon,1999/06/16,"tcgplayer,cardmarket",https://prices.pokemontcg.io/tcgplayer/base2-8,https://images.pokemontcg.io/base2/8_hires.png,2026/08/08,2026/07/01,140.95,134.0,177.08999633789062,1414.300048828125,,,,,"{""unlimitedHolofoil"": {""low"": 24.42, ""mid"": 38.39, ""high"": 266.45, ""market"": 53.43, ""directLow"": 29.93}}",44.2598,5.7675,32.3441,0.0,32.2864990234375,35.6431,43.2101,12.2963,17.9369,17.4063,1.1535,2026-08-09
pop8-9,Night Maintenance,normal,POP Series 8,9,Uncommon,Ryo Ueda,Item,,Trainer,2008/09/01,"tcgplayer,cardmarket",https://prices.pokemontcg.io/tcgplayer/pop8-9,https://images.pokemontcg.io/pop8/9_hires.png,2026/08/08,2026/07/01,2.79,2.240000009536743,3.3299999237060547,43.900001525878906,,,,,,4.0719,1.488,3.5066,0.0,4.602499961853027,3.8065,3.6797,0.0,0.0,0.0,1.1535,2026-08-09
xy4-14,Kingler,normal,Phantom Forces,14,Uncommon,match,Stage 1,99,Pokémon,2014/11/05,"tcgplayer,cardmarket",https://prices.pokemontcg.io/tcgplayer/xy4-14,https://images.pokemontcg.io/xy4/14_hires.png,2026/08/08,2026/07/01,0.43,0.10000000149011612,0.3799999952316284,1000.0,,1.08,,,,0.4614,0.0461,0.3922,2.3416,0.11540000140666962,0.3114,0.3691,5.11,2.2147,1.4188,1.1535,2026-08-09
neo2-7,Magnemite,1stEditionHolofoil,Neo Discovery,7,Rare Holo,"K. Hoshiba, CR CG gangs",Basic,81,Pokémon,2001/06/01,"tcgplayer,cardmarket",https://prices.pokemontcg.io/tcgplayer/neo2-7,https://images.pokemontcg.io/neo2/7_hires.png,2026/08/08,2026/07/01,76.02,99.98999786376953,128.6300048828125,2578.989990234375,,,,,"{""unlimitedHolofoil"": {""low"": 18.69, ""mid"": 35.99, ""high"": 9999.0, ""market"": 27.3, ""directLow"": null}}",115.004,2.2955,60.5126,0.0,21.80109977722168,23.0354,49.7043,5.7675,9.1588,19.4826,1.1535,2026-08-09
sm9-17,Ponyta,normal,Team Up,17,Common,Saya Tsuruta,Basic,77,Pokémon,2019/02/01,"tcgplayer,cardmarket",https://prices.pokemontcg.io/tcgplayer/sm9-17,https://images.pokemontcg.io/sm9/17_hires.png,2026/08/08,2026/07/01,0.29,0.09000000357627869,0.2800000011920929,19.979999542236328,,0.54,,,,0.1154,0.0231,0.1846,1.1189,0.03460000082850456,0.0923,0.1269,0.7382,1.0266,0.7498,1.1535,2026-08-09
pop4-14,Squirtle,normal,POP Series 4,14,Common,Atsuko Nishida,Basic,7,Pokémon,2006/08/01,"tcgplayer,cardmarket",https://prices.pokemontcg.io/tcgplayer/pop4-14,https://images.pokemontcg.io/pop4/14_hires.png,2026/08/08,2026/07/01,58.2,69.98999786376953,99.9800033569336,9999.0,,,,,,30.2448,4.614,41.1223,0.0,80.74500274658203,42.2412,40.6378,5.7098,5.7098,5.7098,1.1535,2026-08-09
sm75-14,Salazzle,normal,Dragon Majesty,14,Uncommon,Naoki Saito,Stage 1,758,Pokémon,2018/09/07,"tcgplayer,cardmarket",https://prices.pokemontcg.io/tcgplayer/sm75-14,https://images.pokemontcg.io/sm75/14_hires.png,2026/08/08,2026/07/01,0.23,0.10000000149011612,0.25,19.979999542236328,,0.7,,,,0.346,0.0231,0.2999,1.9033,0.06920000165700912,0.2768,0.3114,3.449,1.1996,1.1074,1.1535,2026-08-09
dp1-16,Staraptor,holofoil,Diamond & Pearl,16,Rare Holo,Masahiko Ishii,Stage 2,398,Pokémon,2007/05/01,"tcgplayer,cardmarket",https://prices.pokemontcg.io/tcgplayer/dp1-16,https://images.pokemontcg.io/dp1/16_hires.png,2026/08/08,2026/06/30,20.99,8.510000228881836,19.200000762939453,213.0,,10.28,,,,4.5217,0.0577,4.787,3.3105,1.2689000368118286,4.7409,3.7489,8.0514,2.7569,3.2298,1.1535,2026-08-09
ex1-8,Hariyama,holofoil,Ruby & Sapphire,8,Rare Holo,Naoyo Kimura,Stage 1,297,Pokémon,2003/07/01,"tcgplayer,cardmarket",https://prices.pokemontcg.io/tcgplayer/ex1-8,https://images.pokemontcg.io/ex1/8_hires.png,2026/08/08,2026/07/01,11.66,7.880000114440918,18.56999969482422,119.80000305175781,,11.58,,,,3.0683,1.1535,8.2706,3.4605,5.767499923706055,8.6051,8.0514,6.2866,5.756,6.4481,1.1535,2026-08-09
pl1-18,Altaria,normal,Platinum,18,Rare,Naoyo Kimura,Stage 1,334,Pokémon,2009/02/11,"tcgplayer,cardmarket",https://prices.pokemontcg.io/tcgplayer/pl1-18,https://images.pokemontcg.io/pl1/18_hires.png,2026/08/08,2026/06/27,3.15,0.9900000095367432,3.990000009536743,33.20000076293945,,5.67,,,,1.7418,0.1154,1.9263,4.1065,0.28839999437332153,1.8571,1.4419,7.4401,4.6832,3.1491,1.1535,2026-08-09
sma-SV8,Alolan Vulpix,holofoil,Hidden Fates Shiny Vault,SV8,Rare Shiny,Kouki Saitou,Basic,37,Pokémon,2019/08/23,"tcgplayer,cardmarket",https://prices.pokemontcg.io/tcgplayer/sma-SV8,https://images.pokemontcg.io/sma/SV8_hires.png,2026/08/08,2026/07/01,12.47,10.25,13.579999923706055,44.689998626708984,,,,,,5.0869,3.4605,4.0949,5.6868,5.767499923706055,6.2058,6.5057,7.8438,5.5253,5.1446,1.1535,2026-08-09
hgss2-15,Fearow,normal,HS—Unleashed,15,Rare,Kagemaru Himeno,Stage 1,22,Pokémon,2010/05/12,"tcgplayer,cardmarket",https://prices.pokemontcg.io/tcgplayer/hgss2-15,https://images.pokemontcg.io/hgss2/15_hires.png,2026/08/08,2026/07/01,0.64,0.25,0.6200000047683716,19.979999542236328,,3.89,,,,1.4765,0.0577,1.0843,2.9645,0.15000000596046448,0.992,1.0381,5.756,2.8491,2.9299,1.1535,2026-08-09
gym2-18,Giovanni,1stEditionHolofoil,Gym Challenge,18,Rare Holo,Ken Sugimori,,,Trainer,2000/10/16,"tcgplayer,cardmarket",https://prices.pokemontcg.io/tcgplayer/gym2-18,https://images.pokemontcg.io/gym2/18_hires.png,2026/08/08,2026/07/01,99.09,98.66000366210938,170.0,1289.9000244140625,,,,,"{""unlimitedHolofoil"": {""low"": 39.99, ""mid"": 46.99, ""high"": 429.9, ""market"": 45.21, ""directLow"": null}}",80.0068,27.684,64.596,0.0,161.49000549316406,67.0068,90.5844,17.3025,41.526,28.353,1.1535,2026-08-09
xy11-18,Chimchar,normal,Steam Siege,18,Common,Shibuzoh.,Basic,390,Pokémon,2016/08/03,"tcgplayer,cardmarket",https://prices.pokemontcg.io/tcgplayer/xy11-18,https://images.pokemontcg.io/xy11/18_hires.png,2026/08/08,2026/06/27,0.19,0.019999999552965164,0.20000000298023224,1000.0,,0.55,,,,0.1038,0.0231,0.1038,0.5537,0.023099999874830246,0.1154,0.1038,1.5803,0.8767,0.6114,1.1535,2026-08-09
base4-17,Scyther,holofoil,Base Set 2,17,Rare Holo,Ken Sugimori,Basic,123,Pokémon,2000/02/24,"tcgplayer,cardmarket",https://prices.pokemontcg.io/tcgplayer/base4-17,https://images.pokemontcg.io/base4/17_hires.png,2026/08/08,2026/07/01,33.88,20.0,27.989999771118164,479.5400085449219,,,,,,29.0451,6.9095,28.0416,0.0,12.769200325012207,19.2404,26.3113,23.0469,17.1179,17.5447,1.1535,2026-08-09
xy0-10,Delphox,normal,Kalos Starter Set,10,,5ban Graphics,Stage 2,655,Pokémon,2013/11/08,"tcgplayer,cardmarket",https://prices.pokemontcg.io/tcgplayer/xy0-10,https://images.pokemontcg.io/xy0/10_hires.png,2026/08/08,2026/07/01,1.17,0.4000000059604645,0.949999988079071,19.979999542236328,0.78,,,,,1.2227,0.1154,1.6264,0.0,2.306999921798706,1.5342,1.3496,2.2955,1.7302,1.6264,1.1535,2026-08-09
base6-16,Muk,holofoil,Legendary Collection,16,Rare Holo,Mitsuhiro Arita,Stage 1,89,Pokémon,2002/05/24,"tcgplayer,cardmarket",https://prices.pokemontcg.io/tcgplayer/base6-16,https://images.pokemontcg.io/base6/16_hires.png,2026/08/08,2026/07/01,19.78,11.300000190734863,12.699999809265137,189.8000030517578,,87.99,,,,11.1543,2.307,27.3956,105.6952,6.9095001220703125,12.3309,20.3708,36.912,88.162,75.3582,1.1535,2026-08-09
sm115-18,Vaporeon,holofoil,Hidden Fates,18,Rare Holo,Masakazu Fukuda,Stage 1,134,Pokémon,2019/08/23,"tcgplayer,cardmarket",https://prices.pokemontcg.io/tcgplayer/sm115-18,https://images.pokemontcg.io/sm115/18_hires.png,2026/08/08,2026/07/01,1.01,0.3499999940395355,1.2999999523162842,18.979999542236328,,1.85,,,,0.992,0.1154,1.0035,2.8607,1.153499960899353,1.1189,1.0266,2.307,2.8261,2.7107,1.1535,2026-08-09
bw3-8,Karrablast,normal,Noble Victories,8,Common,sui,Basic,588,Pokémon,2011/11/16,"tcgplayer,cardmarket",https://prices.pokemontcg.io/tcgplayer/bw3-8,https://images.pokemontcg.io/bw3/8_hires.png,2026/08/08,2026/07/01,0.23,0.05000000074505806,0.25,19.979999542236328,,0.63,,,,0.173,0.0231,0.1961,0.7498,0.05770000070333481,0.1154,0.1154,0.8074,0.7267,0.5652,1.1535,2026-08-09
ex15-6,Nidoking δ,holofoil,Dragon Frontiers,6,Rare Holo,Mitsuhiro Arita,Stage 2,34,Pokémon,2006/11/01,"tcgplayer,cardmarket",https://prices.pokemontcg.io/tcgplayer/ex15-6,https://images.pokemontcg.io/ex15/6_hires.png,2026/08/08,2026/07/01,56.18,59.9900016784668,233.8300018310547,478.010009765625,,69.79,,,,17.141,3.3451,10.3354,18.8367,17.302499771118164,15.9414,55.5872,31.7212,18.8828,53.4417,1.1535,2026-08-09
neo3-14,Suicune,1stEditionHolofoil,Neo Revelation,14,Rare Holo,Ken Sugimori,Basic,245,Pokémon,2001/09/21,"tcgplayer,cardmarket",https://prices.pokemontcg.io/tcgplayer/neo3-14,https://images.pokemontcg.io/neo3/14_hires.png,2026/08/08,2026/07/01,346.65,339.989990234375,400.0,9999.0,,,,,"{""unlimitedHolofoil"": {""low"": 183.0, ""mid"": 216.64, ""high"": 9999.0, ""market"": 214.2, ""directLow"": null}}",98.6243,25.377,123.0669,0.0,92.22229766845703,129.7572,132.4103,68.6333,69.1985,56.7983,1.1535,2026-08-09
ex5-10,Medicham,holofoil,Hidden Legends,10,Rare Holo,Atsuko Nishida,Stage 1,308,Pokémon,2004/06/01,"tcgplayer,cardmarket",https://prices.pokemontcg.io/tcgplayer/ex5-10,https://images.pokemontcg.io/ex5/10_hires.png,2026/08/08,2026/07/01,11.67,9.649999618530273,11.25,115.9000015258789,,23.75,,,,5.26,1.7187,9.078,5.779,6.9095001220703125,5.5368,6.6557,6.748,5.4561,5.3292,1.1535,2026-08-09
ex12-18,Huntail,normal,Legend Maker,18,Rare,Midori Harada,Stage 1,367,Pokémon,2006/02/01,"tcgplayer,cardmarket",https://prices.pokemontcg.io/tcgplayer/ex12-18,https://images.pokemontcg.io/ex12/18_hires.png,2026/08/08,2026/07/01,1.09,0.5,1.090000033378601,19.979999542236328,,25.67,,,,1.315,0.2307,0.8651,11.1313,0.57669997215271,0.9113,1.0151,8.7551,10.7045,9.7125,1.1535,2026-08-09
ecard3-H12,Jolteon,holofoil,Skyridge,H12,Rare Holo,Hikaru Koike,Stage 1,135,Pokémon,2003/05/12,"tcgplayer,cardmarket",https://prices.pokemontcg.io/tcgplayer/ecard3-H12,https://images.pokemontcg.io/ecard3/H12_hires.png,2026/08/07,2026/07/01,204.97,239.99000549316406,239.99000549316406,239.99000549316406,,,,,,147.0136,28.826,462.1267,0.0,69.19850158691406,749.6596,435.9653,69.21,57.5481,58.1595,1.1535,2026-08-09
swsh35-17,Gardevoir VMAX,holofoil,Champion's Path,17,Rare Holo VMAX,5ban Graphics,VMAX,282,Pokémon,2020/09/25,"tcgplayer,cardmarket",https://prices.pokemontcg.io/tcgplayer/swsh35-17,https://images.pokemontcg.io/swsh35/17_hires.png,2026/08/08,2026/06/28,4.23,2.6700000762939453,4.579999923706055,4318.77001953125,,,,,,4.1987,1.1304,4.8332,0.0,3.0452001094818115,5.3292,4.1987,5.8482,4.9716,5.0754,1.1535,2026-08-09
base1-16,Zapdos,holofoil,Base,16,Rare Holo,Ken Sugimori,Basic,145,Pokémon,1999/01/09,"tcgplayer,cardmarket",https://prices.pokemontcg.io/tcgplayer/base1-16,https://images.pokemontcg.io/base1/16_hires.png,2026/08/08,2026/07/01,57.71,30.0,41.9900016784668,127.55999755859375,,,,,,44.3521,4.614,24.7541,0.0,12.965299606323242,18.3407,37.7656,15.1916,24.6272,24.9733,1.1535,2026-08-09
pl2-12,Roserade GL,holofoil,Rising Rivals,12,Rare Holo,Kanako Eo,Basic|SP,407,Pokémon,2009/05/16,"tcgplayer,cardmarket",https://prices.pokemontcg.io/tcgplayer/pl2-12,https://images.pokemontcg.io/pl2/12_hires.png,2026/08/08,2026/07/01,7.23,6.0,10.239999771118164,76.5,,5.81,,,,3.0106,0.5767,2.5608,2.2263,0.46140000224113464,3.126,3.472,2.2378,2.4108,3.2298,1.1535,2026-08-09
ex7-16,Dark Muk,normal,Team Rocket Returns,16,Rare,Mitsuhiro Arita,Stage 1,89,Pokémon,2004/11/01,"tcgplayer,cardmarket",https://prices.pokemontcg.io/tcgplayer/ex7-16,https://images.pokemontcg.io/ex7/16_hires.png,2026/08/08,2026/07/01,8.38,6.800000190734863,9.0,89.9000015258789,,47.23,,,,6.771,1.7302,5.1907,57.2713,3.4028000831604004,4.8793,5.8136,92.2685,55.0335,44.7558,1.1535,2026-08-09
smp-SM09,Togedemaru,holofoil,SM Black Star Promos,SM09,Promo,match,Basic,777,Pokémon,2017/02/03,"tcgplayer,cardmarket",https://prices.pokemontcg.io/tcgplayer/smp-SM09,https://images.pokemontcg.io/smp/SM09_hires.png,2026/08/08,2026/07/01,0.92,0.3499999940395355,0.75,20.90999984741211,,,,,,0.4037,0.0577,0.5537,0.0,0.46140000224113464,0.496,0.5306,0.1154,0.5883,0.4383,1.1535,2026-08-09
ex14-13,Wigglytuff,holofoil,Crystal Guardians,13,Rare Holo,Mitsuhiro Arita,Stage 1,40,Pokémon,2006/08/01,"tcgplayer,cardmarket",https://prices.pokemontcg.io/tcgplayer/ex14-13,https://images.pokemontcg.io/ex14/13_hires.png,2026/08/08,2026/07/01,21.23,14.949999809265137,22.290000915527344,213.9499969482422,,31.91,,,,7.0594,2.1916,7.1978,7.7169,5.767499923706055,7.8438,6.1597,6.9095,7.1286,13.2768,1.1535,2026-08-09
bw1-13,Deerling,normal,Black & White,13,Common,Atsuko Nishida,Basic,585,Pokémon,2011/04/25,"tcgplayer,cardmarket",https://prices.pokemontcg.io/tcgplayer/bw1-13,https://images.pokemontcg.io/bw1/13_hires.png,2026/08/08,2026/07/01,0.54,0.20000000298023224,0.550000011920929,1.4900000095367432,,10.92,,,,0.2999,0.0231,0.2884,1.1766,0.11540000140666962,0.15,0.2422,0.8074,1.1304,1.1074,1.1535,2026-08-09
hsp-HGSS07,Feraligatr,holofoil,HGSS Black Star Promos,HGSS07,Promo,Kent Kanetsuna,Stage 2|Prime,160,Pokémon,2010/02/10,tcgplayer,https://prices.pokemontcg.io/tcgplayer/hsp-HGSS07,https://images.pokemontcg.io/hsp/HGSS07_hires.png,2026/08/08,,72.61,87.0,199.99000549316406,517.239990234375,,,,,,,,,,,,,,,,,2026-08-09
bw6-16,Maractus,normal,Dragons Exalted,16,Uncommon,sui,Basic,556,Pokémon,2012/08/15,"tcgplayer,cardmarket",https://prices.pokemontcg.io/tcgplayer/bw6-16,https://images.pokemontcg.io/bw6/16_hires.png,2026/08/08,2026/06/27,0.28,0.20000000298023224,0.36000001430511475,19.979999542236328,,1.25,,,,0.3922,0.0346,0.5075,2.1224,0.28839999437332153,0.4383,0.4037,5.7675,1.811,1.315,1.1535,2026-08-09
swsh3-9,Shelmet,normal,Darkness Ablaze,9,Common,Megumi Mizutani,Basic,616,Pokémon,2020/08/14,"tcgplayer,cardmarket",https://prices.pokemontcg.io/tcgplayer/swsh3-9,https://images.pokemontcg.io/swsh3/9_hires.png,2026/08/08,2026/06/30,0.03,0.009999999776482582,0.15000000596046448,25.030000686645508,,0.25,,,,0.0346,0.0231,0.0346,0.3345,0.023099999874830246,0.0346,0.0346,0.173,0.2884,0.2884,1.1535,2026-08-09
base3-17,Articuno,unlimited,Fossil,17,Rare,Mitsuhiro Arita,Basic,144,Pokémon,1999/10/10,"tcgplayer,cardmarket",https://prices.pokemontcg.io/tcgplayer/base3-17,https://images.pokemontcg.io/base3/17_hires.png,2026/08/08,2026/07/01,9.75,5.400000095367432,8.0,69.69000244140625,,,,,"{""1stEdition"": {""low"": 15.6, ""mid"": 26.67, ""high"": 206.57, ""market"": 26.93, ""directLow"": 53.34}}",12.4001,2.4108,10.3584,0.0,18.72130012512207,12.6193,12.527,34.605,28.007,31.2022,1.1535,2026-08-09
xy5-16,Breloom,normal,Primal Clash,16,Rare,Suwama Chiaki,Stage 1,286,Pokémon,2015/02/04,"tcgplayer,cardmarket",https://prices.pokemontcg.io/tcgplayer/xy5-16,https://images.pokemontcg.io/xy5/16_hires.png,2026/08/08,2026/07/01,0.37,0.1899999976158142,0.3700000047683716,19.979999542236328,,0.59,,,,0.4614,0.0231,0.5767,0.7844,0.17299999296665192,0.646,0.9228,2.653,1.1535,1.0728,1.1535,2026-08-09
pop6-15,Piplup,normal,POP Series 6,15,Common,Atsuko Nishida,Basic,393,Pokémon,2007/09/01,"tcgplayer,cardmarket",https://prices.pokemontcg.io/tcgplayer/pop6-15,https://images.pokemontcg.io/pop6/15_hires.png,2026/08/08,2026/07/01,25.57,24.0,31.0,399.79998779296875,22.87,,,,,5.4215,0.5767,9.5048,0.0,23.06999969482422,8.9166,4.937,3.449,1.4188,1.315,1.1535,2026-08-09
hgss1-17,Cleffa,normal,HeartGold & SoulSilver,17,Rare,Masakazu Fukuda,Basic,173,Pokémon,2010/02/10,"tcgplayer,cardmarket",https://prices.pokemontcg.io/tcgplayer/hgss1-17,https://images.pokemontcg.io/hgss1/17_hires.png,2026/08/08,2026/06/28,5.26,3.990000009536743,4.230000019073486,59.099998474121094,,10.96,,,,3.1606,0.4037,3.1837,9.055,1.4419000148773193,3.3567,2.7684,6.9095,9.897,5.5137,1.1535,2026-08-09
ex4-16,Team Aqua's Sealeo,normal,Team Magma vs Team Aqua,16,Rare,T. Honda,Stage 1,364,Pokémon,2004/03/01,"tcgplayer,cardmarket",https://prices.pokemontcg.io/tcgplayer/ex4-16,https://images.pokemontcg.io/ex4/16_hires.png,2026/08/08,2026/07/01,2.13,0.9900000095367432,2.1500000953674316,31.600000381469727,,19.75,,,,1.7879,0.0577,1.6726,5.7444,1.7302000522613525,1.3496,1.9263,1.1535,4.8332,6.0674,1.1535,2026-08-09
mcd16-7,Scraggy,,McDonald's Collection 2016,7,,Tomokazu Komiya,Basic,559,Pokémon,2016/08/19,cardmarket,https://prices.pokemontcg.io/cardmarket/mcd16-7,https://images.pokemontcg.io/mcd16/7_hires.png,,2026/07/01,,,,,,,,,,12.1925,0.0346,11.0736,0.0,0.7152000069618225,17.0026,9.3895,0.346,0.5075,0.9228,1.1535,2026-08-09
pop3-14,Ivysaur,normal,POP Series 3,14,Common,Midori Harada,Stage 1,2,Pokémon,2006/04/01,"tcgplayer,cardmarket",https://prices.pokemontcg.io/tcgplayer/pop3-14,https://images.pokemontcg.io/pop3/14_hires.png,2026/08/08,2026/07/01,12.61,7.25,34.5,119.5,,,,,,2.3301,0.4614,1.6149,0.0,4.025700092315674,2.5146,3.3682,3.4605,1.8802,1.8802,1.1535,2026-08-09
sm4-9,Accelgor,normal,Crimson Invasion,9,Uncommon,tetsuya koizumi,Stage 1,617,Pokémon,2017/11/03,"tcgplayer,cardmarket",https://prices.pokemontcg.io/tcgplayer/sm4-9,https://images.pokemontcg.io/sm4/9_hires.png,2026/08/08,2026/07/01,0.19,0.019999999552965164,0.20000000298023224,18.1200008392334,,0.41,,,,0.0461,0.0231,0.0346,0.4614,0.04610000178217888,0.0577,0.0692,0.1615,0.3691,0.4268,1.1535,2026-08-09
pl1-19,Banette,normal,Platinum,19,Rare,Tomokazu Komiya,Stage 1,354,Pokémon,2009/02/11,"tcgplayer,cardmarket",https://prices.pokemontcg.io/tcgplayer/pl1-19,https://images.pokemontcg.io/pl1/19_hires.png,2026/08/08,2026/06/27,10.35,10.239999771118164,17.489999771118164,81.4000015258789,,22.02,,,,2.3301,0.5767,2.63,5.3292,1.3841999769210815,2.5723,2.7338,5.7098,6.9556,6.1136,1.1535,2026-08-09
pl2-13,Shiftry,holofoil,Rising Rivals,13,Rare Holo,Kagemaru Himeno,Stage 2,275,Pokémon,2009/05/16,"tcgplayer,cardmarket",https://prices.pokemontcg.io/tcgplayer/pl2-13,https://images.pokemontcg.io/pl2/13_hires.png,2026/08/08,2026/07/01,4.89,3.0,4.989999771118164,51.25,,2.2,,,,2.2493,0.4383,1.984,2.6184,1.1419999599456787,2.3531,2.1686,4.6486,2.8261,2.3993,1.1535,2026-08-09
swsh1-16,Blipbug,normal,Sword & Shield,16,Common,nagimiso,Basic,824,Pokémon,2020/02/07,"tcgplayer,cardmarket",https://prices.pokemontcg.io/tcgplayer/swsh1-16,https://images.pokemontcg.io/swsh1/16_hires.png,2026/08/08,2026/06/18,0.05,0.009999999776482582,0.15000000596046448,2.990000009536743,,0.22,,,,0.0577,0.0231,0.0461,0.3922,0.023099999874830246,0.0461,0.0692,0.2307,0.3114,0.2422,1.1535,2026-08-09
hgss2-16,Floatzel,normal,HS—Unleashed,16,Rare,Masakazu Fukuda,Stage 1,419,Pokémon,2010/05/12,"tcgplayer,cardmarket",https://prices.pokemontcg.io/tcgplayer/hgss2-16,https://images.pokemontcg.io/hgss2/16_hires.png,2026/08/08,2026/06/28,0.97,0.4000000059604645,0.9300000071525574,19.979999542236328,,5.49,,,,0.8651,0.0231,0.7959,3.449,0.46140000224113464,0.7382,0.9113,0.5767,2.5954,2.0186,1.1535,2026-08-09
neo2-8,Politoed,1stEditionHolofoil,Neo Discovery,8,Rare Holo,Tomokazu Komiya,Stage 2,186,Pokémon,2001/06/01,"tcgplayer,cardmarket",https://prices.pokemontcg.io/tcgplayer/neo2-8,https://images.pokemontcg.io/neo2/8_hires.png,2026/08/08,2026/07/01,189.36,90.0,162.49000549316406,175.0,,,,,"{""unlimitedHolofoil"": {""low"": 52.33, ""mid"": 78.47, ""high"": 9999.0, ""market"": 72.51, ""directLow"": null}}",80.2375,4.6025,73.0627,0.0,15.814499855041504,90.5267,72.4859,28.8375,18.3637,18.7098,1.1535,2026-08-09
bw7-16,Petilil,normal,Boundaries Crossed,16,Uncommon,sui,Basic,548,Pokémon,2012/11/07,"tcgplayer,cardmarket",https://prices.pokemontcg.io/tcgplayer/bw7-16,https://images.pokemontcg.io/bw7/16_hires.png,2026/08/08,2026/07/01,0.41,0.2199999988079071,0.4000000059604645,19.979999542236328,,5.27,,,,0.3114,0.0231,0.2307,1.638,0.18459999561309814,0.3114,0.1961,1.8571,1.4188,1.0151,1.1535,2026-08-09
ex11-19,Azumarill δ,normal,Delta Species,19,Rare,Atsuko Nishida,Stage 1,184,Pokémon,2005/10/31,"tcgplayer,cardmarket",https://prices.pokemontcg.io/tcgplayer/ex11-19,https://images.pokemontcg.io/ex11/19_hires.png,2026/08/08,2026/07/01,9.4,6.409999847412109,10.34000015258789,83.51000213623047,,78.99,,,,4.8447,1.1535,5.1215,15.999,4.59089994430542,4.5333,4.2564,22.9546,15.9875,16.5643,1.1535,2026-08-09
swsh35-18,Hatenna,normal,Champion's Path,18,Common,Akira Komayama,Basic,856,Pokémon,2020/09/25,"tcgplayer,cardmarket",https://prices.pokemontcg.io/tcgplayer/swsh35-18,https://images.pokemontcg.io/swsh35/18_hires.png,2026/08/08,2026/06/27,0.15,0.009999999776482582,0.18000000715255737,16.979999542236328,,0.15,,,,0.0461,0.0231,0.1154,0.2653,0.36910000443458557,0.1269,0.0577,0.173,0.2768,0.2653,1.1535,2026-08-09
base2-9,Pinsir,1stEditionHolofoil,Jungle,9,Rare Holo,Kagemaru Himeno,Basic,127,Pokémon,1999/06/16,"tcgplayer,cardmarket",https://prices.pokemontcg.io/tcgplayer/base2-9,https://images.pokemontcg.io/base2/9_hires.png,2026/08/08,2026/07/01,85.64,59.9900016784668,85.98999786376953,1040.0,,,,,"{""unlimitedHolofoil"": {""low"": 17.0, ""mid"": 24.99, ""high"": 281.73, ""market"": 30.61, ""directLow"": 279.99}}",32.1826,4.614,31.4213,0.0,10.75059986114502,38.1232,32.6094,8.9281,13.6805,16.495,1.1535,2026-08-09
hsp-HGSS08,Meganium,holofoil,HGSS Black Star Promos,HGSS08,Promo,Noriko Hotta,Stage 2|Prime,154,Pokémon,2010/02/10,tcgplayer,https://prices.pokemontcg.io/tcgplayer/hsp-HGSS08,https://images.pokemontcg.io/hsp/HGSS08_hires.png,2026/08/08,,47.39,22.950000762939453,52.75,499.8999938964844,,,,,,,,,,,,,,,,,2026-08-09
ex2-10,Sableye,holofoil,Sandstorm,10,Rare Holo,Hajime Kusajima,Basic,302,Pokémon,2003/09/18,"tcgplayer,cardmarket",https://prices.pokemontcg.io/tcgplayer/ex2-10,https://images.pokemontcg.io/ex2/10_hires.png,2026/08/08,2026/07/01,116.41,44.9900016784668,497.45001220703125,949.9000244140625,,48.23,,,,43.0602,3.4605,58.7362,14.6264,92.22229766845703,50.085,39.8765,40.361,17.4755,21.7319,1.1535,2026-08-09
bw11-19,Charizard,holofoil,Legendary Treasures,19,Rare Holo,TOKIYA,Stage 2,6,Pokémon,2013/11/06,"tcgplayer,cardmarket",https://prices.pokemontcg.io/tcgplayer/bw11-19,https://images.pokemontcg.io/bw11/19_hires.png,2026/08/08,2026/07/01,59.61,34.5,43.349998474121094,306.70001220703125,,59.75,,,,49.8312,13.842,57.7442,109.5825,369.1199951171875,89.9038,112.0971,34.0282,66.3955,58.6439,1.1535,2026-08-09
sm75-15,Horsea,normal,Dragon Majesty,15,Common,Yukiko Baba,Basic,116,Pokémon,2018/09/07,"tcgplayer,cardmarket",https://prices.pokemontcg.io/tcgplayer/sm75-15,https://images.pokemontcg.io/sm75/15_hires.png,2026/08/08,2026/07/01,0.29,0.10000000149011612,0.28999999165534973,19.979999542236328,,0.89,,,,0.15,0.0231,0.1615,0.8421,0.3345000147819519,0.1615,0.1961,0.8651,0.7267,0.9689,1.1535,2026-08-09
xy2-20,Pyroar,holofoil,Flashfire,20,Rare Holo,5ban Graphics,Stage 1,668,Pokémon,2014/05/07,"tcgplayer,cardmarket",https://prices.pokemontcg.io/tcgplayer/xy2-20,https://images.pokemontcg.io/xy2/20_hires.png,2026/08/08,2026/06/08,0.78,0.25,0.8199999928474426,59.9900016784668,,1.54,,,,2.8607,0.1615,2.1224,4.1872,4.602499961853027,1.9956,1.3035,7.9592,2.457,1.7533,1.1535,2026-08-09
smp-SM10,Shiinotic,holofoil,SM Black Star Promos,SM10,Promo,Mizue,Stage 1,756,Pokémon,2017/02/03,"tcgplayer,cardmarket",https://prices.pokemontcg.io/tcgplayer/smp-SM10,https://images.pokemontcg.io/smp/SM10_hires.png,2026/08/08,2026/07/01,20.96,22.010000228881836,33.25,219.61000061035156,,,,,,0.0,10.3815,39.565,0.0,16.14900016784668,41.7682,25.1348,4.9024,4.5333,6.4365,1.1535,2026-08-09
bwp-BW09,Zoroark,holofoil,BW Black Star Promos,BW09,Promo,Naoki Saito,Stage 1,571,Pokémon,2011/03/01,"tcgplayer,cardmarket",https://prices.pokemontcg.io/tcgplayer/bwp-BW09,https://images.pokemontcg.io/bwp/BW09_hires.png,2026/08/08,2026/07/01,4.78,2.3499999046325684,4.099999904632568,50.29999923706055,,,,,,2.2724,0.2307,2.3647,0.0,2.306999921798706,2.48,3.8296,2.2955,1.3035,1.3496,1.1535,2026-08-09
det1-18,Slaking,holofoil,Detective Pikachu,18,Rare,Framestore,Stage 2,289,Pokémon,2019/04/05,"tcgplayer,cardmarket",https://prices.pokemontcg.io/tcgplayer/det1-18,https://images.pokemontcg.io/det1/18_hires.png,2026/08/08,2026/07/01,1.41,0.25,1.090000033378601,19.959999084472656,,,,,,2.7223,0.2307,2.5608,4.614,1.153499960899353,2.9414,2.7453,2.2493,3.2067,2.5146,1.1535,2026-08-09
ex7-17,Dark Raticate,normal,Team Rocket Returns,17,Rare,Kouki Saitou,Stage 1,20,Pokémon,2004/11/01,"tcgplayer,cardmarket",https://prices.pokemontcg.io/tcgplayer/ex7-17,https://images.pokemontcg.io/ex7/17_hires.png,2026/08/08,2026/07/01,4.49,2.809999942779541,5.699999809265137,55.5,,80.0,,,,4.1065,1.1535,2.803,22.7009,4.556300163269043,4.8332,4.0719,57.5481,27.0611,42.2412,1.1535,2026-08-09
basep-13,Venusaur,holofoil,Wizards Black Star Promos,13,Promo,Ken Sugimori,Stage 2,3,Pokémon,1999/07/01,"tcgplayer,cardmarket",https://prices.pokemontcg.io/tcgplayer/basep-13,https://images.pokemontcg.io/basep/13_hires.png,2026/08/08,2026/07/01,250.49,205.0,245.61000061035156,9999.0,,,,,,153.3578,51.9075,137.2088,0.0,149.94349670410156,110.5168,134.9249,19.598,85.9357,75.7273,1.1535,2026-08-09
xy1-16,Spewpa,normal,XY,16,Uncommon,5ban Graphics,Stage 1,665,Pokémon,2014/02/05,"tcgplayer,cardmarket",https://prices.pokemontcg.io/tcgplayer/xy1-16,https://images.pokemontcg.io/xy1/16_hires.png,2026/08/08,2026/06/27,0.28,0.12999999523162842,0.2800000011920929,1000.0,,0.84,,,,0.2422,0.0231,0.1038,0.7959,0.18459999561309814,0.2884,0.4845,1.0958,0.7498,0.9343,1.1535,2026-08-09
xy3-7,Leafeon,normal,Furious Fists,7,Rare,Naoyo Kimura,Stage 1,470,Pokémon,2014/08/13,"tcgplayer,cardmarket",https://prices.pokemontcg.io/tcgplayer/xy3-7,https://images.pokemontcg.io/xy3/7_hires.png,2026/08/08,2026/07/01,2.84,1.2400000095367432,2.799999952316284,32.2400016784668,,7.86,,,,2.48,0.2307,6.0328,9.2626,1.153499960899353,7.3824,3.3913,17.1871,9.7125,7.4401,1.1535,2026-08-09
ru1-16,Bibarel,normal,Pokémon Rumble,16,,Pokemon Rumble,Stage 1,400,Pokémon,2009/12/02,"tcgplayer,cardmarket",https://prices.pokemontcg.io/tcgplayer/ru1-16,https://images.pokemontcg.io/ru1/16_hires.png,2026/08/08,2026/07/01,93.15,53.75,92.5,1099.800048828125,,,,,,33.0478,16.149,36.243,0.0,23.06999969482422,36.589,25.7346,8.0745,6.9787,6.9787,1.1535,2026-08-09
hgss4-19,Dugtrio,normal,HS—Triumphant,19,Rare,Shizurow,Stage 1,51,Pokémon,2010/11/03,"tcgplayer,cardmarket",https://prices.pokemontcg.io/tcgplayer/hgss4-19,https://images.pokemontcg.io/hgss4/19_hires.png,2026/08/08,2026/06/26,1.08,0.6000000238418579,1.3300000429153442,19.979999542236328,,5.49,,,,1.0958,0.2884,1.2573,2.1455,0.57669997215271,1.0958,1.2689,1.142,4.7178,3.4951,1.1535,2026-08-09
ex1-9,Manectric,holofoil,Ruby & Sapphire,9,Rare Holo,Mitsuhiro Arita,Stage 1,310,Pokémon,2003/07/01,"tcgplayer,cardmarket",https://prices.pokemontcg.io/tcgplayer/ex1-9,https://images.pokemontcg.io/ex1/9_hires.png,2026/08/08,2026/07/01,17.17,9.5,17.93000030517578,109.9000015258789,,20.33,,,,10.4276,1.1535,10.889,5.8598,3.6796998977661133,14.9148,9.7125,4.6025,6.3327,7.071,1.1535,2026-08-09
bw1-14,Sawsbuck,normal,Black & White,14,Rare,Naoyo Kimura,Stage 1,586,Pokémon,2011/04/25,"tcgplayer,cardmarket",https://prices.pokemontcg.io/tcgplayer/bw1-14,https://images.pokemontcg.io/bw1/14_hires.png,2026/08/08,2026/07/01,7.48,4.0,5.75,94.98999786376953,,11.08,,,,1.6264,0.0231,1.5572,1.1766,2.1570000648498535,2.157,2.1224,0.8997,1.9956,2.3877,1.1535,2026-08-09
bw4-17,Darumaka,normal,Next Destinies,17,Common,Atsuko Nishida,Basic,554,Pokémon,2012/02/08,"tcgplayer,cardmarket",https://prices.pokemontcg.io/tcgplayer/bw4-17,https://images.pokemontcg.io/bw4/17_hires.png,2026/08/08,2026/07/01,0.25,0.03999999910593033,0.25,19.979999542236328,,1.0,,,,0.1269,0.0231,0.1615,0.0,0.023099999874830246,0.1038,0.1384,0.2307,0.669,0.4614,1.1535,2026-08-09
pop2-10,Pokémon Park,normal,POP Series 2,10,Uncommon,Kazuo Yazawa,Stadium,,Trainer,2005/08/01,"tcgplayer,cardmarket",https://prices.pokemontcg.io/tcgplayer/pop2-10,https://images.pokemontcg.io/pop2/10_hires.png,2026/08/08,2026/07/01,48.32,33.9900016784668,37.900001525878906,509.79998779296875,,,,,,3.4836,3.4605,5.6983,0.0,3.4605000019073486,6.9671,4.6486,17.3025,17.3025,17.3025,1.1535,2026-08-09
sm2-16,Salazzle,normal,Guardians Rising,16,Rare,Mitsuhiro Arita,Stage 1,758,Pokémon,2017/05/05,"tcgplayer,cardmarket",https://prices.pokemontcg.io/tcgplayer/sm2-16,https://images.pokemontcg.io/sm2/16_hires.png,2026/08/08,2026/06/19,0.25,0.05000000074505806,0.25,19.979999542236328,,0.36,,,,0.2192,0.0231,0.2422,1.1304,0.11540000140666962,0.4037,0.2307,0.3345,0.7844,0.7036,1.1535,2026-08-09
xy6-13,Victini,normal,Roaring Skies,13,Rare,Kouki Saitou,Basic,494,Pokémon,2015/05/06,"tcgplayer,cardmarket",https://prices.pokemontcg.io/tcgplayer/xy6-13,https://images.pokemontcg.io/xy6/13_hires.png,2026/08/08,2026/06/30,0.37,0.10000000149011612,0.3799999952316284,19.979999542236328,,0.72,,,,1.7764,0.0231,1.638,1.142,0.3230000138282776,2.7223,1.0958,0.8305,2.0648,1.6034,1.1535,2026-08-09
pop8-10,Rare Candy,normal,POP Series 8,10,Uncommon,Ryo Ueda,Item,,Trainer,2008/09/01,"tcgplayer,cardmarket",https://prices.pokemontcg.io/tcgplayer/pop8-10,https://images.pokemontcg.io/pop8/10_hires.png,2026/08/08,2026/07/01,7.38,5.550000190734863,7.260000228881836,78.0,,,,,,3.3105,1.7187,3.5528,0.0,6.9095001220703125,4.4756,3.9911,1.1535,1.9033,1.9033,1.1535,2026-08-09
swsh2-10,Surskit,normal,Rebel Clash,10,Common,Masakazu Fukuda,Basic,283,Pokémon,2020/05/01,"tcgplayer,cardmarket",https://prices.pokemontcg.io/tcgplayer/swsh2-10,https://images.pokemontcg.io/swsh2/10_hires.png,2026/08/08,2026/06/30,0.04,0.009999999776482582,0.1899999976158142,20.0,,0.29,,,,0.0923,0.0231,0.0692,0.3922,0.05770000070333481,0.0692,0.0577,0.7498,0.4499,0.2884,1.1535,2026-08-09
sm9-18,Rapidash,normal,Team Up,18,Uncommon,Shigenori Negishi,Stage 1,78,Pokémon,2019/02/01,"tcgplayer,cardmarket",https://prices.pokemontcg.io/tcgplayer/sm9-18,https://images.pokemontcg.io/sm9/18_hires.png,2026/08/08,2026/07/01,0.26,0.09000000357627869,0.25999999046325684,19.979999542236328,,0.58,,,,0.2422,0.0231,0.2307,0.8882,0.11540000140666962,0.1961,0.2076,0.5767,0.8421,0.7959,1.1535,2026-08-09
pop9-16,Piplup,normal,POP Series 9,16,Common,Midori Harada,Basic,393,Pokémon,2009/03/01,"tcgplayer,cardmarket",https://prices.pokemontcg.io/tcgplayer/pop9-16,https://images.pokemontcg.io/pop9/16_hires.png,2026/08/08,2026/07/01,8.36,5.0,8.300000190734863,49.9900016784668,,,,,,3.472,0.5191,5.9405,0.0,28.826000213623047,4.0834,5.7329,74.9775,22.3318,22.3318,1.1535,2026-08-09
sm3-14,Dewpider,normal,Burning Shadows,14,Common,Kouki Saitou,Basic,751,Pokémon,2017/08/05,"tcgplayer,cardmarket",https://prices.pokemontcg.io/tcgplayer/sm3-14,https://images.pokemontcg.io/sm3/14_hires.png,2026/08/08,2026/06/27,0.06,0.009999999776482582,0.20000000298023224,19.979999542236328,,0.26,,,,0.0807,0.0231,0.0692,0.1615,0.10379999876022339,0.0461,0.0692,0.1615,0.2768,0.2538,1.1535,2026-08-09
xy4-15,Totodile,normal,Phantom Forces,15,Common,Kagemaru Himeno,Basic,158,Pokémon,2014/11/05,"tcgplayer,cardmarket",https://prices.pokemontcg.io/tcgplayer/xy4-15,https://images.pokemontcg.io/xy4/15_hires.png,2026/08/08,2026/07/01,0.38,0.15000000596046448,0.3499999940395355,19.979999542236328,,1.17,,,,0.2307,0.0231,0.2192,0.7844,0.23070000112056732,0.2999,0.2307,0.5652,1.1996,1.1996,1.1535,2026-08-09
ex8-15,Slaking,holofoil,Deoxys,15,Rare Holo,Mitsuhiro Arita,Stage 2,289,Pokémon,2005/02/01,"tcgplayer,cardmarket",https://prices.pokemontcg.io/tcgplayer/ex8-15,https://images.pokemontcg.io/ex8/15_hires.png,2026/08/08,2026/07/01,19.25,19.989999771118164,23.6299991607666,313.0,,23.94,,,,7.3939,2.307,13.6574,19.8979,7.474699974060059,7.4055,10.7852,9.2165,35.6431,19.1135,1.1535,2026-08-09
swshp-SWSH007,Frosmoth,holofoil,SWSH Black Star Promos,SWSH007,Promo,kirisAki,Stage 1,873,Pokémon,2019/11/15,"tcgplayer,cardmarket",https://prices.pokemontcg.io/tcgplayer/swshp-SWSH007,https://images.pokemontcg.io/swshp/SWSH007_hires.png,2026/08/08,2026/06/30,78.58,69.98999786376953,79.94999694824219,799.9000244140625,,,,,,13.9804,5.7098,23.4391,0.0,5.67519998550415,16.0221,21.9396,21.9165,14.5456,10.9582,1.1535,2026-08-09
sma-SV9,Wooper,holofoil,Hidden Fates Shiny Vault,SV9,Rare Shiny,Misa Tsutsui,Basic,194,Pokémon,2019/08/23,"tcgplayer,cardmarket",https://prices.pokemontcg.io/tcgplayer/sma-SV9,https://images.pokemontcg.io/sma/SV9_hires.png,2026/08/08,2026/07/01,26.16,23.790000915527344,30.600000381469727,210.75999450683594,,,,,,8.7435,4.0373,10.2546,0.0,13.265199661254883,9.1588,8.1552,5.1792,4.2449,5.1792,1.1535,2026-08-09
sm7-11,Seedot,normal,Celestial Storm,11,Common,miki kudo,Basic,273,Pokémon,2018/08/03,"tcgplayer,cardmarket",https://prices.pokemontcg.io/tcgplayer/sm7-11,https://images.pokemontcg.io/sm7/11_hires.png,2026/08/08,2026/06/27,0.22,0.05000000074505806,0.25,19.979999542236328,,0.52,,,,0.1846,0.0231,0.1615,0.2768,0.023099999874830246,0.173,0.1269,0.173,0.3691,0.3922,1.1535,2026-08-09
dp5-8,Manaphy,holofoil,Majestic Dawn,8,Rare Holo,Suwama Chiaki,Basic,490,Pokémon,2008/05/01,"tcgplayer,cardmarket",https://prices.pokemontcg.io/tcgplayer/dp5-8,https://images.pokemontcg.io/dp5/8_hires.png,2026/08/08,2026/07/01,9.64,7.230000019073486,23.1200008392334,70.0,,8.12,,,,3.945,0.6921,3.8988,10.5315,3.4605000019073486,4.441,3.472,17.8792,9.4818,4.464,1.1535,2026-08-09
ex12-19,Lanturn,normal,Legend Maker,19,Rare,Kagemaru Himeno,Stage 1,171,Pokémon,2006/02/01,"tcgplayer,cardmarket",https://prices.pokemontcg.io/tcgplayer/ex12-19,https://images.pokemontcg.io/ex12/19_hires.png,2026/08/08,2026/07/01,1.09,0.6800000071525574,1.0299999713897705,19.979999542236328,,18.48,,,,2.7915,0.1154,2.63,13.6344,0.57669997215271,2.3877,1.6495,11.6273,11.8349,12.5501,1.1535,2026-08-09
sm12-16,Sawsbuck,holofoil,Cosmic Eclipse,16,Rare Holo,sui,Stage 1,586,Pokémon,2019/11/01,"tcgplayer,cardmarket",https://prices.pokemontcg.io/tcgplayer/sm12-16,https://images.pokemontcg.io/sm12/16_hires.png,2026/08/08,2026/06/17,2.03,1.399999976158142,2.009999990463257,19.979999542236328,,1.78,,,,1.1304,0.1154,0.9574,1.3957,1.1419999599456787,0.9574,1.3611,2.307,1.488,1.5572,1.1535,2026-08-09
ex3-16,Girafarig,normal,Dragon,16,Rare,Midori Harada,Basic,203,Pokémon,2003/11/24,"tcgplayer,cardmarket",https://prices.pokemontcg.io/tcgplayer/ex3-16,https://images.pokemontcg.io/ex3/16_hires.png,2026/08/08,2026/07/01,1.64,0.6000000238418579,1.5399999618530273,22.489999771118164,,9.51,,,,1.0035,0.0692,0.9228,5.7444,0.57669997215271,0.7844,0.992,5.7675,6.0559,7.094,1.1535,2026-08-09
base1-17,Beedrill,normal,Base,17,Rare,Ken Sugimori,Stage 2,15,Pokémon,1999/01/09,"tcgplayer,cardmarket",https://prices.pokemontcg.io/tcgplayer/base1-17,https://images.pokemontcg.io/base1/17_hires.png,2026/08/08,2026/07/01,5.88,1.5,3.990000009536743,9999.0,,,,,,25.7461,8.063,21.5704,0.0,34.547298431396484,22.9893,28.2146,0.0,0.0,0.0,1.1535,2026-08-09
gym1-16,Erika,1stEditionHolofoil,Gym Heroes,16,Rare Holo,Ken Sugimori,,,Trainer,2000/08/14,"tcgplayer,cardmarket",https://prices.pokemontcg.io/tcgplayer/gym1-16,https://images.pokemontcg.io/gym1/16_hires.png,2026/08/08,2026/07/01,96.0,80.0,112.98999786376953,1847.3800048828125,,,,,"{""unlimitedHolofoil"": {""low"": 23.5, ""mid"": 39.31, ""high"": 315.48, ""market"": 39.07, ""directLow"": 31.28}}",44.8596,14.4072,40.5917,0.0,39.18439865112305,38.227,42.3796,63.431,51.4,29.5873,1.1535,2026-08-09
xy7-17,Volcarona,holofoil,Ancient Origins,17,Rare Holo,Kyoko Umemoto,Stage 1,637,Pokémon,2015/08/12,"tcgplayer,cardmarket",https://prices.pokemontcg.io/tcgplayer/xy7-17,https://images.pokemontcg.io/xy7/17_hires.png,2026/08/08,2026/07/01,0.7,0.28999999165534973,0.6700000166893005,19.989999771118164,,0.82,,,,1.315,0.1154,1.1074,1.1304,1.153499960899353,1.0958,1.0151,0.8651,1.0612,1.3265,1.1535,2026-08-09
base4-18,Venusaur,holofoil,Base Set 2,18,Rare Holo,Mitsuhiro Arita,Stage 2,3,Pokémon,2000/02/24,"tcgplayer,cardmarket",https://prices.pokemontcg.io/tcgplayer/base4-18,https://images.pokemontcg.io/base4/18_hires.png,2026/08/08,2026/07/01,99.41,69.98999786376953,76.94999694824219,735.0,,,,,,65.1035,21.9165,79.753,0.0,138.4199981689453,83.1904,84.5631,34.605,83.0405,91.115,1.1535,2026-08-09
ex16-7,Cradily,holofoil,Power Keepers,7,Rare Holo,Ken Sugimori,Stage 2,346,Pokémon,2007/02/02,"tcgplayer,cardmarket",https://prices.pokemontcg.io/tcgplayer/ex16-7,https://images.pokemontcg.io/ex16/7_hires.png,2026/08/08,2026/07/01,9.52,4.119999885559082,9.420000076293945,94.95999908447266,,18.47,,,,4.9947,1.1535,5.5483,8.6282,5.75600004196167,4.5563,4.5217,5.3407,7.417,6.748,1.1535,2026-08-09
np-6,Torchic,holofoil,Nintendo Black Star Promos,6,Promo,Ken Sugimori,Basic,255,Pokémon,2003/10/01,"tcgplayer,cardmarket",https://prices.pokemontcg.io/tcgplayer/np-6,https://images.pokemontcg.io/np/6_hires.png,2026/08/08,2026/07/01,,178.1999969482422,178.1999969482422,178.1999969482422,,,,,,0.0,2883.75,904.3209,0.0,1730.25,719.2765,455.8055,103.815,89.3962,82.6598,1.1535,2026-08-09
xyp-XY07,Xerneas-EX,holofoil,XY Black Star Promos,XY07,Promo,5ban Graphics,Basic|EX,716,Pokémon,2013/10/12,"tcgplayer,cardmarket",https://prices.pokemontcg.io/tcgplayer/xyp-XY07,https://images.pokemontcg.io/xyp/XY07_hires.png,2026/08/08,2026/07/01,7.17,3.0,4.610000133514404,64.77999877929688,,,,,,4.8562,0.5767,6.3442,0.0,3.4605000019073486,5.4099,5.0062,5.6522,5.2254,3.472,1.1535,2026-08-09
xy12-9,Charmander,normal,Evolutions,9,Common,Mitsuhiro Arita,Basic,4,Pokémon,2016/11/02,"tcgplayer,cardmarket",https://prices.pokemontcg.io/tcgplayer/xy12-9,https://images.pokemontcg.io/xy12/9_hires.png,2026/08/08,2026/07/01,0.28,0.029999999329447746,0.27000001072883606,19.979999542236328,,2.34,,,,0.3922,0.0231,0.2076,3.6566,0.15000000596046448,0.173,0.3691,0.3345,1.984,3.3798,1.1535,2026-08-09
sm6-11,Pheromosa,holofoil,Forbidden Light,11,Rare Holo,Hitoshi Ariga,Basic|Ultra Beast,795,Pokémon,2018/05/04,"tcgplayer,cardmarket",https://prices.pokemontcg.io/tcgplayer/sm6-11,https://images.pokemontcg.io/sm6/11_hires.png,2026/08/08,2026/06/27,8.78,7.769999980926514,10.0,72.05999755859375,,8.98,,,,14.7417,8.0745,15.2839,5.7675,9.804800033569336,14.7071,9.2741,5.7675,12.031,8.732,1.1535,2026-08-09
xy11-19,Monferno,normal,Steam Siege,19,Uncommon,Mizue,Stage 1,391,Pokémon,2016/08/03,"tcgplayer,cardmarket",https://prices.pokemontcg.io/tcgplayer/xy11-19,https://images.pokemontcg.io/xy11/19_hires.png,2026/08/08,2026/06/22,0.21,0.009999999776482582,0.2199999988079071,4.0,,0.59,,,,0.15,0.0231,0.0807,0.5537,0.11540000140666962,0.1038,0.173,0.8305,0.5652,0.5652,1.1535,2026-08-09
col1-17,Ninetales,holofoil,Call of Legends,17,Rare Holo,TOKIYA,Stage 1,38,Pokémon,2011/02/09,"tcgplayer,cardmarket",https://prices.pokemontcg.io/tcgplayer/col1-17,https://images.pokemontcg.io/col1/17_hires.png,2026/08/08,2026/06/28,50.58,45.599998474121094,74.0,99.98999786376953,,55.58,,,,11.9272,1.1535,14.4995,0.0,10.093099594116211,9.7586,9.6548,25.3655,23.0469,16.8757,1.1535,2026-08-09
bw3-9,Foongus,normal,Noble Victories,9,Common,match,Basic,590,Pokémon,2011/11/16,"tcgplayer,cardmarket",https://prices.pokemontcg.io/tcgplayer/bw3-9,https://images.pokemontcg.io/bw3/9_hires.png,2026/08/08,2026/07/01,0.28,0.05000000074505806,0.2800000011920929,19.979999542236328,,0.63,,,,0.2307,0.0231,0.2307,1.0497,0.10379999876022339,0.1269,0.1615,0.6921,0.8882,0.6575,1.1535,2026-08-09
dc1-8,Team Aqua's Muk,holofoil,Double Crisis,8,Rare Holo,Kouki Saitou,Stage 1,89,Pokémon,2015/03/25,"tcgplayer,cardmarket",https://prices.pokemontcg.io/tcgplayer/dc1-8,https://images.pokemontcg.io/dc1/8_hires.png,2026/08/08,2026/07/01,2.52,1.0,2.2300000190734863,96.93000030517578,,6.95,,,,5.8944,0.8651,5.5022,11.4773,4.290999889373779,5.0523,4.787,11.535,10.0239,10.4276,1.1535,2026-08-09
neo1-9,Lugia,1stEditionHolofoil,Neo Genesis,9,Rare Holo,Hironobu Yoshida,Basic,249,Pokémon,2000/12/16,"tcgplayer,cardmarket",https://prices.pokemontcg.io/tcgplayer/neo1-9,https://images.pokemontcg.io/neo1/9_hires.png,2026/08/08,2026/07/01,1299.96,7499.990234375,8000.0,10000.0,,,,,"{""unlimitedHolofoil"": {""low"": 498.74, ""mid"": 499.49, ""high"": 1500.0, ""market"": 518.99, ""directLow"": null}}",340.9054,43.833,359.1768,0.0,283.0920104980469,249.6635,320.3616,54.203,81.1257,90.8612,1.1535,2026-08-09
pop5-12,Pikachu,normal,POP Series 5,12,Common,Naoyo Kimura,Basic,25,Pokémon,2007/03/01,"tcgplayer,cardmarket",https://prices.pokemontcg.io/tcgplayer/pop5-12,https://images.pokemontcg.io/pop5/12_hires.png,2026/08/08,2026/07/01,62.87,55.970001220703125,149.99000549316406,456.32000732421875,434.85,,,,,92.4415,25.377,127.1849,0.0,53.04949951171875,84.0555,83.8479,363.3525,138.916,79.4877,1.1535,2026-08-09
base5-14,Dark Weezing,1stEditionHolofoil,Team Rocket,14,Rare Holo,Shin-ichi Yoshida,Stage 1,110,Pokémon,2000/04/24,"tcgplayer,cardmarket",https://prices.pokemontcg.io/tcgplayer/base5-14,https://images.pokemontcg.io/base5/14_hires.png,2026/08/08,2026/07/01,46.77,31.5,44.93000030517578,437.1600036621094,,,,,"{""unlimitedHolofoil"": {""low"": 4.99, ""mid"": 9.61, ""high"": 230.49, ""market"": 12.07, ""directLow"": 6.89}}",12.9884,1.0381,13.0692,0.0,18.42140007019043,12.3424,12.8269,2.8607,7.0479,6.8864,1.1535,2026-08-09
hgss1-18,Exeggutor,normal,HeartGold & SoulSilver,18,Rare,Miki Tanaka,Stage 1,103,Pokémon,2010/02/10,"tcgplayer,cardmarket",https://prices.pokemontcg.io/tcgplayer/hgss1-18,https://images.pokemontcg.io/hgss1/18_hires.png,2026/08/08,2026/06/27,2.0,0.9800000190734863,2.0,35.599998474121094,,11.03,,,,0.6229,0.0577,0.6921,5.4561,0.6920999884605408,0.6344,0.9459,2.2955,5.2023,3.5989,1.1535,2026-08-09
ex13-15,Raichu δ,holofoil,Holon Phantoms,15,Rare Holo,Masakazu Fukuda,Stage 1,26,Pokémon,2006/05/01,"tcgplayer,cardmarket",https://prices.pokemontcg.io/tcgplayer/ex13-15,https://images.pokemontcg.io/ex13/15_hires.png,2026/08/08,2026/07/01,102.83,87.0,178.99000549316406,999.9000244140625,,201.33,,,,19.9325,3.4605,28.4222,52.5304,43.83300018310547,28.1569,21.2129,62.289,57.5943,60.0627,1.1535,2026-08-09
ex14-14,Blastoise,normal,Crystal Guardians,14,Rare,Kouki Saitou,Stage 2,9,Pokémon,2006/08/01,"tcgplayer,cardmarket",https://prices.pokemontcg.io/tcgplayer/ex14-14,https://images.pokemontcg.io/ex14/14_hires.png,2026/08/08,2026/07/01,17.92,8.140000343322754,15.449999809265137,173.89999389648438,,130.0,,,,26.2075,0.5191,43.5908,42.8179,2.249300003051758,5.3753,23.8774,44.9865,45.1826,46.6591,1.1535,2026-08-09
ecard3-H13,Kabutops,holofoil,Skyridge,H13,Rare Holo,Kouki Saitou,Stage 2,141,Pokémon,2003/05/12,"tcgplayer,cardmarket",https://prices.pokemontcg.io/tcgplayer/ecard3-H13,https://images.pokemontcg.io/ecard3/H13_hires.png,2026/08/08,2026/07/01,399.99,349.989990234375,349.989990234375,349.989990234375,,,,,,143.9568,46.1285,110.24,0.0,82.18689727783203,125.9276,168.4687,46.14,43.7753,40.2225,1.1535,2026-08-09
ecard1-8,Cloyster,holofoil,Expedition Base Set,8,Rare Holo,Kyoko Umemoto,Stage 1,91,Pokémon,2002/09/15,"tcgplayer,cardmarket",https://prices.pokemontcg.io/tcgplayer/ecard1-8,https://images.pokemontcg.io/ecard1/8_hires.png,2026/08/08,2026/07/01,93.37,82.0,464.0,846.0,,50.64,,,,54.1914,3.4605,46.9128,16.5758,34.59349822998047,54.1914,50.2465,19.598,17.0026,17.2564,1.1535,2026-08-09
ex15-7,Nidoqueen δ,holofoil,Dragon Frontiers,7,Rare Holo,Kouki Saitou,Stage 2,31,Pokémon,2006/11/01,"tcgplayer,cardmarket",https://prices.pokemontcg.io/tcgplayer/ex15-7,https://images.pokemontcg.io/ex15/7_hires.png,2026/08/08,2026/07/01,31.02,21.34000015258789,38.02000045776367,206.89999389648438,,52.48,,,,14.1534,2.307,14.488,17.7985,6.332699775695801,12.527,15.3415,20.7515,15.7914,40.5686,1.1535,2026-08-09
neo4-16,Miracle Energy,1stEditionHolofoil,Neo Destiny,16,Rare Holo,Milky Isobe,Special,,Energy,2002/02/28,"tcgplayer,cardmarket",https://prices.pokemontcg.io/tcgplayer/neo4-16,https://images.pokemontcg.io/neo4/16_hires.png,2026/08/08,2026/07/01,69.0,89.98999786376953,89.98999786376953,670.5,,,,,"{""unlimitedHolofoil"": {""low"": 22.38, ""mid"": 27.07, ""high"": 9999.0, ""market"": 23.02, ""directLow"": 39.99}}",35.9661,9.2626,28.8952,0.0,11.53499984741211,31.133,32.471,6.6326,23.7736,17.0141,1.1535,2026-08-09
pl3-16,Articuno,normal,Supreme Victors,16,Rare,Mitsuhiro Arita,Basic,144,Pokémon,2009/08/19,"tcgplayer,cardmarket",https://prices.pokemontcg.io/tcgplayer/pl3-16,https://images.pokemontcg.io/pl3/16_hires.png,2026/08/08,2026/06/30,12.01,6.920000076293945,15.0,199.94000244140625,,21.99,,,,7.6016,2.134,7.4285,7.2901,2.249300003051758,6.7249,5.6637,5.7675,8.2937,7.5324,1.1535,2026-08-09
neo3-15,Aerodactyl,unlimited,Neo Revelation,15,Rare,Shin-ichi Yoshida,Stage 1,142,Pokémon,2001/09/21,"tcgplayer,cardmarket",https://prices.pokemontcg.io/tcgplayer/neo3-15,https://images.pokemontcg.io/neo3/15_hires.png,2026/08/08,2026/07/01,7.64,5.989999771118164,9.0,60.900001525878906,,,,,"{""1stEdition"": {""low"": 24.0, ""mid"": 39.45, ""high"": 245.8, ""market"": 33.63, ""directLow"": null}}",11.4197,0.8074,9.7817,0.0,6.897900104522705,6.8172,9.7355,13.842,22.7932,11.0159,1.1535,2026-08-09
ecard2-H20,Octillery,holofoil,Aquapolis,H20,Rare Holo,Kouki Saitou,Stage 1,224,Pokémon,2003/01/15,"tcgplayer,cardmarket",https://prices.pokemontcg.io/tcgplayer/ecard2-H20,https://images.pokemontcg.io/ecard2/H20_hires.png,2026/08/08,2026/07/01,70.31,224.99000549316406,249.1199951171875,726.9600219726562,,,,,,35.0318,11.4197,54.9181,0.0,80.68730163574219,39.1959,53.0956,28.826,16.4374,13.519,1.1535,2026-08-09
sm35-7,Shaymin,holofoil,Shining Legends,7,Rare Holo,Mizue,Basic,492,Pokémon,2017/10/06,"tcgplayer,cardmarket",https://prices.pokemontcg.io/tcgplayer/sm35-7,https://images.pokemontcg.io/sm35/7_hires.png,2026/08/08,2026/07/01,0.41,0.15000000596046448,0.41999998688697815,4.25,,1.3,,,,0.3922,0.1154,0.5652,0.9459,0.23070000112056732,0.5075,0.4614,1.1535,0.9574,0.8536,1.1535,2026-08-09
xy8-12,Chesnaught BREAK,holofoil,BREAKthrough,12,Rare BREAK,5ban Graphics,BREAK,652,Pokémon,2015/11/04,"tcgplayer,cardmarket",https://prices.pokemontcg.io/tcgplayer/xy8-12,https://images.pokemontcg.io/xy8/12_hires.png,2026/08/08,2026/07/01,2.91,1.5,3.0,26.100000381469727,,,,,,6.598,1.1535,6.3789,0.0,4.602499961853027,10.5661,5.4099,1.7302,2.953,2.7569,1.1535,2026-08-09
dp7-8,Raichu,holofoil,Stormfront,8,Rare Holo,Kagemaru Himeno,Stage 1,26,Pokémon,2008/11/01,"tcgplayer,cardmarket",https://prices.pokemontcg.io/tcgplayer/dp7-8,https://images.pokemontcg.io/dp7/8_hires.png,2026/08/08,2026/07/01,28.01,15.680000305175781,24.100000381469727,139.8000030517578,,19.1,,,,7.9361,0.5767,8.0284,7.1402,8.00529956817627,6.4135,7.0825,3.3336,6.3673,5.7214,1.1535,2026-08-09
dp3-20,Venusaur,holofoil,Secret Wonders,20,Rare Holo,Kazuyuki Kano,Stage 2,3,Pokémon,2007/11/01,"tcgplayer,cardmarket",https://prices.pokemontcg.io/tcgplayer/dp3-20,https://images.pokemontcg.io/dp3/20_hires.png,2026/08/08,2026/06/27,47.37,29.5,99.98999786376953,602.8800048828125,,40.51,,,,7.4631,0.5767,3.8873,7.4977,9.631699562072754,10.9121,8.8473,12.4001,6.8056,8.6628,1.1535,2026-08-09
gym2-19,Koga,1stEditionHolofoil,Gym Challenge,19,Rare Holo,Ken Sugimori,,,Trainer,2000/10/16,"tcgplayer,cardmarket",https://prices.pokemontcg.io/tcgplayer/gym2-19,https://images.pokemontcg.io/gym2/19_hires.png,2026/08/08,2026/07/01,49.99,448.0,802.25,1156.489990234375,,,,,"{""unlimitedHolofoil"": {""low"": 27.46, ""mid"": 39.48, ""high"": 9999.0, ""market"": 37.78, ""directLow"": 349.81}}",55.1142,22.9546,55.7256,0.0,46.13999938964844,54.1222,53.1648,46.1285,33.2093,26.8189,1.1535,2026-08-09
base3-18,Ditto,unlimited,Fossil,18,Rare,Keiji Kinebuchi,Basic,132,Pokémon,1999/10/10,"tcgplayer,cardmarket",https://prices.pokemontcg.io/tcgplayer/base3-18,https://images.pokemontcg.io/base3/18_hires.png,2026/08/08,2026/07/01,14.54,5.690000057220459,12.5,129.99000549316406,,,,,"{""1stEdition"": {""low"": 17.68, ""mid"": 22.06, ""high"": 199.91, ""market"": 22.45, ""directLow"": 89.0}}",8.6282,0.9113,9.8855,0.0,7.186299800872803,9.7471,8.9858,8.0745,9.874,17.7985,1.1535,2026-08-09
pop6-16,Starly,normal,POP Series 6,16,Common,Masakazu Fukuda,Basic,396,Pokémon,2007/09/01,"tcgplayer,cardmarket",https://prices.pokemontcg.io/tcgplayer/pop6-16,https://images.pokemontcg.io/pop6/16_hires.png,2026/08/08,2026/07/01,6.17,2.940000057220459,10.970000267028809,44.08000183105469,,,,,,2.5262,0.5767,2.9068,0.0,3.4489998817443848,2.9184,2.3531,0.0,0.0,0.0,1.1535,2026-08-09
dpp-DP17,Dialga LV.X,holofoil,DP Black Star Promos,DP17,Promo,Ryo Ueda,Level-Up,483,Pokémon,2007/05/01,tcgplayer,https://prices.pokemontcg.io/tcgplayer/dpp-DP17,https://images.pokemontcg.io/dpp/DP17_hires.png,2026/08/08,,97.84,49.0,185.50999450683594,1248.5799560546875,,,,,,,,,,,,,,,,,2026-08-09
xy9-8,Lilligant,normal,BREAKpoint,8,Rare,Shin Nagasawa,Stage 1,549,Pokémon,2016/02/03,"tcgplayer,cardmarket",https://prices.pokemontcg.io/tcgplayer/xy9-8,https://images.pokemontcg.io/xy9/8_hires.png,2026/08/08,2026/07/01,0.38,0.15000000596046448,0.4000000059604645,19.989999771118164,,0.9,,,,0.2538,0.0231,0.2307,0.7959,0.13840000331401825,0.2884,0.2538,2.307,0.8767,0.9689,1.1535,2026-08-09
dp2-9,Garchomp,holofoil,Mysterious Treasures,9,Rare Holo,Kazuyuki Kano,Stage 2,445,Pokémon,2007/08/01,"tcgplayer,cardmarket",https://prices.pokemontcg.io/tcgplayer/dp2-9,https://images.pokemontcg.io/dp2/9_hires.png,2026/08/08,2026/07/01,42.75,15.65999984741211,46.099998474121094,397.5199890136719,,28.97,,,,7.5439,1.142,6.6096,3.3567,4.025700092315674,8.1783,7.7054,1.142,3.449,3.9334,1.1535,2026-08-09
ex6-12,Raichu,holofoil,FireRed & LeafGreen,12,Rare Holo,Midori Harada,Stage 1,26,Pokémon,2004/09/01,"tcgplayer,cardmarket",https://prices.pokemontcg.io/tcgplayer/ex6-12,https://images.pokemontcg.io/ex6/12_hires.png,2026/08/08,2026/07/01,33.16,49.9900016784668,74.98999786376953,499.989990234375,,46.02,,,,29.6796,0.9228,14.1073,22.6432,11.523500442504883,28.18,22.574,46.0823,21.5589,44.5943,1.1535,2026-08-09
dp6-7,Kingdra,holofoil,Legends Awakened,7,Rare Holo,Mitsuhiro Arita,Stage 2,230,Pokémon,2008/08/01,"tcgplayer,cardmarket",https://prices.pokemontcg.io/tcgplayer/dp6-7,https://images.pokemontcg.io/dp6/7_hires.png,2026/08/08,2026/07/01,16.32,12.0,15.6899995803833,299.79998779296875,,18.04,,,,6.7249,1.0958,7.8669,6.5634,4.337200164794922,7.4401,5.8944,8.6512,6.5634,5.8713,1.1535,2026-08-09
swsh4-13,Nincada,normal,Vivid Voltage,13,Common,Sekio,Basic,290,Pokémon,2020/11/13,"tcgplayer,cardmarket",https://prices.pokemontcg.io/tcgplayer/swsh4-13,https://images.pokemontcg.io/swsh4/13_hires.png,2026/08/08,2026/06/27,0.05,0.009999999776482582,0.15000000596046448,25.059999465942383,,0.24,,,,0.0461,0.0231,0.0577,0.1846,0.05770000070333481,0.0346,0.0346,0.2307,0.173,0.2192,1.1535,2026-08-09
bw2-9,Cottonee,normal,Emerging Powers,9,Common,Atsuko Nishida,Basic,546,Pokémon,2011/08/31,"tcgplayer,cardmarket",https://prices.pokemontcg.io/tcgplayer/bw2-9,https://images.pokemontcg.io/bw2/9_hires.png,2026/08/08,2026/07/01,0.35,0.05999999865889549,0.33000001311302185,30.0,,2.15,,,,0.1846,0.0231,0.2076,0.0,0.11540000140666962,0.2653,0.1961,3.2298,1.2342,1.0151,1.1535,2026-08-09
sm5-18,Magmar,normal,Ultra Prism,18,Common,Yumi,Basic,126,Pokémon,2018/02/02,"tcgplayer,cardmarket",https://prices.pokemontcg.io/tcgplayer/sm5-18,https://images.pokemontcg.io/sm5/18_hires.png,2026/08/08,2026/06/08,0.06,0.029999999329447746,0.20000000298023224,19.979999542236328,,0.41,,,,0.0577,0.0231,0.0692,0.4153,0.11540000140666962,0.0923,0.1038,0.4499,0.4153,0.3576,1.1535,2026-08-09
pop4-15,Treecko δ,normal,POP Series 4,15,Common,Masakazu Fukuda,Basic,252,Pokémon,2006/08/01,"tcgplayer,cardmarket",https://prices.pokemontcg.io/tcgplayer/pop4-15,https://images.pokemontcg.io/pop4/15_hires.png,2026/08/08,2026/07/01,25.32,21.56999969482422,29.989999771118164,203.24000549316406,,,,,,24.5003,4.614,22.7124,0.0,34.59349822998047,25.527,8.236,0.0,0.0,0.0,1.1535,2026-08-09
dv1-19,First Ticket,holofoil,Dragon Vault,19,,5ban Graphics,Item,,Trainer,2012/10/05,"tcgplayer,cardmarket",https://prices.pokemontcg.io/tcgplayer/dv1-19,https://images.pokemontcg.io/dv1/19_hires.png,2026/08/08,2026/07/01,0.9,0.33000001311302185,0.8500000238418579,19.979999542236328,,,,,,1.984,0.346,2.0648,0.0,0.8651000261306763,1.9148,1.8225,0.8651,1.488,1.4188,1.1535,2026-08-09
ex4-17,Team Aqua's Seviper,normal,Team Magma vs Team Aqua,17,Rare,Jungo Suzuki,Basic,336,Pokémon,2004/03/01,"tcgplayer,cardmarket",https://prices.pokemontcg.io/tcgplayer/ex4-17,https://images.pokemontcg.io/ex4/17_hires.png,2026/08/08,2026/07/01,4.53,3.2899999618530273,4.989999771118164,50.599998474121094,,8.0,,,,2.7107,0.1154,2.6877,17.4409,1.038100004196167,3.4028,1.9494,5.0754,12.3194,5.7098,1.1535,2026-08-09
bw6-17,Foongus,normal,Dragons Exalted,17,Common,Shin Nagasawa,Basic,590,Pokémon,2012/08/15,"tcgplayer,cardmarket",https://prices.pokemontcg.io/tcgplayer/bw6-17,https://images.pokemontcg.io/bw6/17_hires.png,2026/08/08,2026/06/27,0.34,0.18000000715255737,0.3400000035762787,19.979999542236328,,0.8,,,,0.1615,0.0231,0.15,1.1535,0.08070000261068344,0.173,0.1846,1.1535,0.9574,0.7036,1.1535,2026-08-09
sm11-9,Leavanny,normal,Unified Minds,9,Rare,Kagemaru Himeno,Stage 2,542,Pokémon,2019/08/02,"tcgplayer,cardmarket",https://prices.pokemontcg.io/tcgplayer/sm11-9,https://images.pokemontcg.io/sm11/9_hires.png,2026/08/08,2026/06/30,0.49,0.25,0.49000000953674316,19.979999542236328,,1.45,,,,0.2076,0.0461,0.2538,1.1189,0.2653000056743622,0.1846,0.3345,1.7302,1.1189,1.1074,1.1535,2026-08-09
bw8-14,Moltres-EX,holofoil,Plasma Storm,14,Rare Holo EX,Eske Yoshinob,Basic|EX|Team Plasma,146,Pokémon,2013/02/06,"tcgplayer,cardmarket",https://prices.pokemontcg.io/tcgplayer/bw8-14,https://images.pokemontcg.io/bw8/14_hires.png,2026/08/08,2026/06/30,9.46,4.699999809265137,9.630000114440918,86.31999969482422,,,,,,8.9281,2.8838,7.0248,0.0,10.208499908447266,8.7666,12.7,6.8979,6.1482,6.0905,1.1535,2026-08-09
hgss3-13,Forretress,normal,HS—Undaunted,13,Rare,Kagemaru Himeno,Stage 1,205,Pokémon,2010/08/18,"tcgplayer,cardmarket",https://prices.pokemontcg.io/tcgplayer/hgss3-13,https://images.pokemontcg.io/hgss3/13_hires.png,2026/08/08,2026/07/01,0.67,0.4000000059604645,0.75,19.979999542236328,,18.0,,,,0.992,0.1038,0.5537,3.0568,1.153499960899353,0.8651,0.992,5.756,2.9068,2.6761,1.1535,2026-08-09
bw10-19,Octillery,normal,Plasma Blast,19,Uncommon,5ban Graphics,Stage 1|Team Plasma,224,Pokémon,2013/08/14,"tcgplayer,cardmarket",https://prices.pokemontcg.io/tcgplayer/bw10-19,https://images.pokemontcg.io/bw10/19_hires.png,2026/08/08,2026/06/27,0.35,0.10000000149011612,0.3499999940395355,19.979999542236328,,0.87,,,,0.496,0.0231,0.5883,1.4995,0.23070000112056732,0.7728,0.346,0.4037,1.3035,0.9574,1.1535,2026-08-09
sm1-16,Morelull,normal,Sun & Moon,16,Common,Saya Tsuruta,Basic,755,Pokémon,2017/02/03,"tcgplayer,cardmarket",https://prices.pokemontcg.io/tcgplayer/sm1-16,https://images.pokemontcg.io/sm1/16_hires.png,2026/08/08,2026/06/27,0.19,0.019999999552965164,0.20000000298023224,19.979999542236328,,0.39,,,,0.1154,0.0231,0.1269,0.2307,0.10379999876022339,0.1154,0.1154,0.2076,0.2192,0.2768,1.1535,2026-08-09
dp4-13,Beedrill,normal,Great Encounters,13,Rare,Kouki Saitou,Stage 2,15,Pokémon,2008/02/01,"tcgplayer,cardmarket",https://prices.pokemontcg.io/tcgplayer/dp4-13,https://images.pokemontcg.io/dp4/13_hires.png,2026/08/08,2026/07/01,1.32,0.75,1.2799999713897705,96.76000213623047,,7.23,,,,1.0151,0.0577,1.3611,1.8456,1.9608999490737915,1.5111,0.9113,2.5954,1.5918,1.5111,1.1535,2026-08-09
ex10-17,Typhlosion,holofoil,Unseen Forces,17,Rare Holo,Hajime Kusajima,Stage 2,157,Pokémon,2005/08/01,"tcgplayer,cardmarket",https://prices.pokemontcg.io/tcgplayer/ex10-17,https://images.pokemontcg.io/ex10/17_hires.png,2026/08/08,2026/07/01,100.46,86.41000366210938,295.6600036621094,980.0,,159.98,,,,10.7045,0.5767,5.0293,17.8446,2.52620005607605,3.2644,9.1934,28.826,52.0459,52.7034,1.1535,2026-08-09
swsh3-10,Accelgor,normal,Darkness Ablaze,10,Rare,Shigenori Negishi,Stage 1,617,Pokémon,2020/08/14,"tcgplayer,cardmarket",https://prices.pokemontcg.io/tcgplayer/swsh3-10,https://images.pokemontcg.io/swsh3/10_hires.png,2026/08/08,2026/06/30,0.07,0.03999999910593033,0.2199999988079071,19.979999542236328,,0.34,,,,0.1038,0.0231,0.15,0.4729,0.03460000082850456,0.0923,0.1615,0.173,0.4037,0.5883,1.1535,2026-08-09
ex12-20,Lunatone,normal,Legend Maker,20,Rare,Hisao Nakamura,Basic,337,Pokémon,2006/02/01,"tcgplayer,cardmarket",https://prices.pokemontcg.io/tcgplayer/ex12-20,https://images.pokemontcg.io/ex12/20_hires.png,2026/08/08,2026/07/01,2.51,1.0099999904632568,2.0,96.94999694824219,,26.03,,,,6.7364,0.346,7.6362,10.2085,2.595400094985962,8.8935,3.8988,10.8198,11.2236,10.4046,1.1535,2026-08-09
bw4-18,Litwick,normal,Next Destinies,18,Common,Kanako Eo,Basic,607,Pokémon,2012/02/08,"tcgplayer,cardmarket",https://prices.pokemontcg.io/tcgplayer/bw4-18,https://images.pokemontcg.io/bw4/18_hires.png,2026/08/08,2026/06/22,0.3,0.05000000074505806,0.27000001072883606,19.979999542236328,,2.09,,,,0.0692,0.0231,0.2422,0.5191,0.10379999876022339,0.2999,0.1269,1.4419,1.0612,0.8536,1.1535,2026-08-09
xy12-10,Charmeleon,normal,Evolutions,10,Uncommon,Mitsuhiro Arita,Stage 1,5,Pokémon,2016/11/02,"tcgplayer,cardmarket",https://prices.pokemontcg.io/tcgplayer/xy12-10,https://images.pokemontcg.io/xy12/10_hires.png,2026/08/08,2026/07/01,0.31,0.07000000029802322,0.27000001072883606,19.979999542236328,,0.85,,,,0.2422,0.0231,0.2884,1.9033,0.5536999702453613,0.2538,0.2422,1.0381,1.9033,3.9911,1.1535,2026-08-09
pop4-16,Wobbuffet,normal,POP Series 4,16,Common,Kagemaru Himeno,Basic,202,Pokémon,2006/08/01,"tcgplayer,cardmarket",https://prices.pokemontcg.io/tcgplayer/pop4-16,https://images.pokemontcg.io/pop4/16_hires.png,2026/08/08,2026/07/01,5.28,1.0,5.0,27.299999237060547,7.5,,,,,2.0417,0.3345,2.5377,0.0,1.153499960899353,2.0417,2.4454,1.142,2.7799,2.7799,1.1535,2026-08-09
xy0-11,Panpour,normal,Kalos Starter Set,11,,Shin Nagasawa,Basic,515,Pokémon,2013/11/08,"tcgplayer,cardmarket",https://prices.pokemontcg.io/tcgplayer/xy0-11,https://images.pokemontcg.io/xy0/11_hires.png,2026/08/08,2026/07/01,0.81,0.30000001192092896,0.7699999809265137,19.979999542236328,,,,,,4.8332,0.0231,1.6495,0.0,1.707200050354004,1.8802,0.8536,0.0,0.0,0.0,1.1535,2026-08-09
sm9-19,Moltres,holofoil,Team Up,19,Rare Holo,Shin Nagasawa,Basic,146,Pokémon,2019/02/01,"tcgplayer,cardmarket",https://prices.pokemontcg.io/tcgplayer/sm9-19,https://images.pokemontcg.io/sm9/19_hires.png,2026/08/08,2026/07/01,2.85,2.0,2.950000047683716,6.679999828338623,,2.88,,,,6.8056,0.6921,3.6681,3.1837,7.474699974060059,3.9104,7.4862,3.1145,3.9104,3.4951,1.1535,2026-08-09
col1-18,Pachirisu,holofoil,Call of Legends,18,Rare Holo,Noriko Hotta,Basic,417,Pokémon,2011/02/09,"tcgplayer,cardmarket",https://prices.pokemontcg.io/tcgplayer/col1-18,https://images.pokemontcg.io/col1/18_hires.png,2026/08/08,2026/06/27,8.49,4.489999771118164,5.329999923706055,69.88999938964844,,14.75,,,,9.3549,1.165,8.8704,3.968,8.616600036621094,9.1819,9.1819,20.1863,8.0976,8.2937,1.1535,2026-08-09
sm1-17,Shiinotic,holofoil,Sun & Moon,17,Rare Holo,Mizue,Stage 1,756,Pokémon,2017/02/03,"tcgplayer,cardmarket",https://prices.pokemontcg.io/tcgplayer/sm1-17,https://images.pokemontcg.io/sm1/17_hires.png,2026/08/08,2026/06/27,0.49,0.20000000298023224,0.5,19.979999542236328,,0.53,,,,0.496,0.0231,0.4729,1.3957,1.038100004196167,0.5306,0.5191,2.2955,1.3611,0.9805,1.1535,2026-08-09
bw7-17,Lilligant,normal,Boundaries Crossed,17,Rare,Kanako Eo,Stage 1,549,Pokémon,2012/11/07,"tcgplayer,cardmarket",https://prices.pokemontcg.io/tcgplayer/bw7-17,https://images.pokemontcg.io/bw7/17_hires.png,2026/08/08,2026/07/01,0.83,0.47999998927116394,0.8600000143051147,19.979999542236328,,4.37,,,,1.2458,0.1154,0.7728,2.5838,0.7958999872207642,1.142,0.8882,2.8722,3.2759,2.2724,1.1535,2026-08-09
bw3-10,Amoonguss,normal,Noble Victories,10,Uncommon,Kagemaru Himeno,Stage 1,591,Pokémon,2011/11/16,"tcgplayer,cardmarket",https://prices.pokemontcg.io/tcgplayer/bw3-10,https://images.pokemontcg.io/bw3/10_hires.png,2026/08/08,2026/07/01,0.68,0.20000000298023224,0.47999998927116394,5.0,,2.99,,,,0.5767,0.0231,0.4729,0.8074,0.34599998593330383,0.5883,0.3807,0.5075,1.4419,1.4765,1.1535,2026-08-09
ex3-17,Magneton,normal,Dragon,17,Rare,Midori Harada,Stage 1,82,Pokémon,2003/11/24,"tcgplayer,cardmarket",https://prices.pokemontcg.io/tcgplayer/ex3-17,https://images.pokemontcg.io/ex3/17_hires.png,2026/08/08,2026/07/01,1.81,1.149999976158142,1.850000023841858,24.989999771118164,,39.99,,,,1.4649,0.2192,1.2227,17.7408,2.2955000400543213,1.315,1.2227,5.6522,8.6743,6.0443,1.1535,2026-08-09
ex7-18,Dark Sandslash,normal,Team Rocket Returns,18,Rare,Masakazu Fukuda,Stage 1,28,Pokémon,2004/11/01,"tcgplayer,cardmarket",https://prices.pokemontcg.io/tcgplayer/ex7-18,https://images.pokemontcg.io/ex7/18_hires.png,2026/08/08,2026/07/01,13.3,10.489999771118164,13.069999694824219,130.0,,85.0,,,,5.9521,2.2955,6.4827,0.0,4.025700092315674,5.9175,5.9405,40.361,29.7257,32.8286,1.1535,2026-08-09
bw6-18,Vulpix,normal,Dragons Exalted,18,Common,MAHOU,Basic,37,Pokémon,2012/08/15,"tcgplayer,cardmarket",https://prices.pokemontcg.io/tcgplayer/bw6-18,https://images.pokemontcg.io/bw6/18_hires.png,2026/08/08,2026/06/27,4.52,2.240000009536743,4.929999828338623,29.989999771118164,,15.74,,,,1.2689,0.0231,1.5111,6.4365,0.8881999850273132,1.1304,1.0381,13.7843,5.1907,4.7409,1.1535,2026-08-09
sm4-10,Skiddo,normal,Crimson Invasion,10,Common,Naoki Saito,Basic,672,Pokémon,2017/11/03,"tcgplayer,cardmarket",https://prices.pokemontcg.io/tcgplayer/sm4-10,https://images.pokemontcg.io/sm4/10_hires.png,2026/08/08,2026/07/01,0.19,0.009999999776482582,0.20000000298023224,19.979999542236328,,0.27,,,,0.0577,0.0231,0.0577,0.346,0.023099999874830246,0.0577,0.0692,0.0577,0.2884,0.2538,1.1535,2026-08-09
ex9-18,Relicanth,normal,Emerald,18,Rare,Atsuko Nishida,Basic,369,Pokémon,2005/05/01,"tcgplayer,cardmarket",https://prices.pokemontcg.io/tcgplayer/ex9-18,https://images.pokemontcg.io/ex9/18_hires.png,2026/08/08,2026/07/01,2.5,1.9500000476837158,2.640000104904175,35.79999923706055,,39.99,,,,1.7764,0.0577,1.4303,5.5483,0.7498000264167786,1.5226,1.3381,8.0745,5.9175,8.0745,1.1535,2026-08-09
sm2-17,Turtonator,normal,Guardians Rising,17,Rare,Shin Nagasawa,Basic,776,Pokémon,2017/05/05,"tcgplayer,cardmarket",https://prices.pokemontcg.io/tcgplayer/sm2-17,https://images.pokemontcg.io/sm2/17_hires.png,2026/08/08,2026/06/19,0.21,0.10000000149011612,0.25,19.979999542236328,,0.26,,,,0.1961,0.0231,0.173,0.4268,0.23070000112056732,0.2076,0.2422,0.2653,0.6806,0.5306,1.1535,2026-08-09
dp6-8,Luxray,holofoil,Legends Awakened,8,Rare Holo,Mitsuhiro Arita,Stage 2,405,Pokémon,2008/08/01,"tcgplayer,cardmarket",https://prices.pokemontcg.io/tcgplayer/dp6-8,https://images.pokemontcg.io/dp6/8_hires.png,2026/08/08,2026/06/30,32.26,16.0,29.989999771118164,137.5500030517578,,11.97,,,,9.1588,1.0381,9.7125,8.5936,9.700900077819824,9.6433,8.8473,4.3256,8.6051,6.252,1.1535,2026-08-09
dp1-17,Torterra,holofoil,Diamond & Pearl,17,Rare Holo,Masahiko Ishii,Stage 2,389,Pokémon,2007/05/01,"tcgplayer,cardmarket",https://prices.pokemontcg.io/tcgplayer/dp1-17,https://images.pokemontcg.io/dp1/17_hires.png,2026/08/08,2026/06/30,14.69,4.409999847412109,12.380000114440918,141.0,,33.99,,,,4.3948,0.2307,5.929,4.6371,2.2955000400543213,7.1171,4.1757,8.063,5.11,4.1987,1.1535,2026-08-09
dp5-9,Mewtwo,holofoil,Majestic Dawn,9,Rare Holo,Kent Kanetsuna,Basic,150,Pokémon,2008/05/01,"tcgplayer,cardmarket",https://prices.pokemontcg.io/tcgplayer/dp5-9,https://images.pokemontcg.io/dp5/9_hires.png,2026/08/08,2026/07/01,79.98,80.54000091552734,125.37999725341797,769.7999877929688,,27.97,,,,14.0266,2.307,16.3336,9.7009,3.345099925994873,10.6468,12.7692,23.07,11.5696,11.0044,1.1535,2026-08-09
ecard2-H21,Scizor,holofoil,Aquapolis,H21,Rare Holo,Hisao Nakamura,Stage 1,212,Pokémon,2003/01/15,"tcgplayer,cardmarket",https://prices.pokemontcg.io/tcgplayer/ecard2-H21,https://images.pokemontcg.io/ecard2/H21_hires.png,2026/08/08,2026/07/01,188.99,499.989990234375,1249.8499755859375,1999.699951171875,,,,,,67.9527,21.3974,78.7033,0.0,69.19850158691406,67.5144,73.5702,11.5235,30.6716,17.5793,1.1535,2026-08-09
xy4-16,Croconaw,normal,Phantom Forces,16,Uncommon,Sumiyoshi Kizuki,Stage 1,159,Pokémon,2014/11/05,"tcgplayer,cardmarket",https://prices.pokemontcg.io/tcgplayer/xy4-16,https://images.pokemontcg.io/xy4/16_hires.png,2026/08/08,2026/07/01,0.38,0.10000000149011612,0.3499999940395355,19.239999771118164,,2.07,,,,0.4153,0.0231,0.4268,2.157,0.11540000140666962,0.3114,0.3114,4.3833,2.5954,1.6149,1.1535,2026-08-09
sm3-15,Araquanid,normal,Burning Shadows,15,Rare,Naoki Saito,Stage 1,752,Pokémon,2017/08/05,"tcgplayer,cardmarket",https://prices.pokemontcg.io/tcgplayer/sm3-15,https://images.pokemontcg.io/sm3/15_hires.png,2026/08/08,2026/06/27,0.24,0.05999999865889549,0.25,19.979999542236328,,0.3,,,,0.2307,0.0231,0.2653,0.4268,0.219200000166893,0.2192,0.2076,0.2192,0.3576,0.4268,1.1535,2026-08-09
sm5-19,Magmortar,holofoil,Ultra Prism,19,Rare Holo,nagimiso,Stage 1,467,Pokémon,2018/02/02,"tcgplayer,cardmarket",https://prices.pokemontcg.io/tcgplayer/sm5-19,https://images.pokemontcg.io/sm5/19_hires.png,2026/08/08,2026/06/08,0.58,0.3400000035762787,0.5799999833106995,18.559999465942383,,0.72,,,,1.0266,0.2307,1.0612,1.1881,1.118899941444397,1.2458,0.9228,1.7302,1.2573,1.1074,1.1535,2026-08-09
pop8-11,Roseanne's Research,normal,POP Series 8,11,Uncommon,Kanako Eo,Supporter,,Trainer,2008/09/01,"tcgplayer,cardmarket",https://prices.pokemontcg.io/tcgplayer/pop8-11,https://images.pokemontcg.io/pop8/11_hires.png,2026/08/08,2026/07/01,10.36,6.0,18.25,81.69999694824219,,,,,,9.0896,3.4605,7.1863,0.0,9.86240005493164,9.1357,4.0719,0.0,0.0,0.0,1.1535,2026-08-09
dv1-20,Super Rod,holofoil,Dragon Vault,20,Rare Holo,5ban Graphics,Item,,Trainer,2012/10/05,"tcgplayer,cardmarket",https://prices.pokemontcg.io/tcgplayer/dv1-20,https://images.pokemontcg.io/dv1/20_hires.png,2026/08/08,2026/07/01,5.97,1.4500000476837158,6.0,54.0,,,,,,6.4596,0.4037,3.9104,1.1535,1.6726000308990479,4.8216,5.11,1.1535,4.1295,2.9414,1.1535,2026-08-09
hgss1-19,Farfetch'd,normal,HeartGold & SoulSilver,19,Rare,Aya Kusube,Basic,83,Pokémon,2010/02/10,"tcgplayer,cardmarket",https://prices.pokemontcg.io/tcgplayer/hgss1-19,https://images.pokemontcg.io/hgss1/19_hires.png,2026/08/08,2026/06/27,5.85,3.0,7.440000057220459,39.83000183105469,,12.32,,,,2.0417,0.4614,2.8838,4.0488,4.037300109863281,2.4108,2.0417,4.1872,4.4871,4.5217,1.1535,2026-08-09
bw9-15,Lampent,normal,Plasma Freeze,15,Uncommon,Kagemaru Himeno,Stage 1,608,Pokémon,2013/05/08,"tcgplayer,cardmarket",https://prices.pokemontcg.io/tcgplayer/bw9-15,https://images.pokemontcg.io/bw9/15_hires.png,2026/08/08,2026/07/01,0.27,0.15000000596046448,0.27000001072883606,19.979999542236328,,0.75,,,,0.3807,0.0231,0.2884,1.4649,0.23070000112056732,0.4499,0.346,1.142,1.3842,0.8767,1.1535,2026-08-09
g1-8,Tangela,normal,Generations,8,Common,match,Basic,114,Pokémon,2016/02/22,"tcgplayer,cardmarket",https://prices.pokemontcg.io/tcgplayer/g1-8,https://images.pokemontcg.io/g1/8_hires.png,2026/08/08,2026/07/01,0.24,0.10000000149011612,0.23999999463558197,17.68000030517578,,0.82,,,,0.1961,0.0231,0.2999,0.8767,0.3921999931335449,0.2192,0.173,1.142,0.669,0.819,1.1535,2026-08-09
base2-10,Scyther,1stEditionHolofoil,Jungle,10,Rare Holo,Ken Sugimori,Basic,123,Pokémon,1999/06/16,"tcgplayer,cardmarket",https://prices.pokemontcg.io/tcgplayer/base2-10,https://images.pokemontcg.io/base2/10_hires.png,2026/08/08,2026/07/01,139.25,114.94999694824219,192.0399932861328,803.4400024414062,,,,,"{""unlimitedHolofoil"": {""low"": 29.0, ""mid"": 41.08, ""high"": 9999.0, ""market"": 57.3, ""directLow"": 39.99}}",40.0265,6.6903,31.0638,0.0,14.130399703979492,38.3308,40.0957,9.0204,22.2279,17.6486,1.1535,2026-08-09
dp4-14,Butterfree,normal,Great Encounters,14,Rare,Sumiyoshi Kizuki,Stage 2,12,Pokémon,2008/02/01,"tcgplayer,cardmarket",https://prices.pokemontcg.io/tcgplayer/dp4-14,https://images.pokemontcg.io/dp4/14_hires.png,2026/08/08,2026/06/30,6.16,2.25,43.099998474121094,75.4000015258789,,9.61,,,,1.9725,0.0577,2.1109,1.4188,0.5651999711990356,1.8687,1.811,1.1535,1.4534,2.953,1.1535,2026-08-09
hgss3-14,Hariyama,normal,HS—Undaunted,14,Rare,Tomokazu Komiya,Stage 1,297,Pokémon,2010/08/18,"tcgplayer,cardmarket",https://prices.pokemontcg.io/tcgplayer/hgss3-14,https://images.pokemontcg.io/hgss3/14_hires.png,2026/08/08,2026/07/01,4.05,60.599998474121094,60.599998474121094,61.70000076293945,,15.02,,,,3.7719,0.1154,0.323,6.0559,12.677000045776367,3.5412,7.8669,5.756,11.5119,7.1517,1.1535,2026-08-09
mcd16-8,Jigglypuff,,McDonald's Collection 2016,8,,Kanako Eo,Basic,39,Pokémon,2016/08/19,cardmarket,https://prices.pokemontcg.io/cardmarket/mcd16-8,https://images.pokemontcg.io/mcd16/8_hires.png,,2026/07/01,,,,,,,,,,7.7169,0.5652,10.2892,0.0,3.4605000019073486,9.6663,7.9361,9.228,2.5608,1.6841,1.1535,2026-08-09
bw1-15,Tepig,normal,Black & White,15,Common,Kouki Saitou,Basic,498,Pokémon,2011/04/25,"tcgplayer,cardmarket",https://prices.pokemontcg.io/tcgplayer/bw1-15,https://images.pokemontcg.io/bw1/15_hires.png,2026/08/08,2026/07/01,0.36,0.11999999731779099,0.3199999928474426,19.979999542236328,,1.93,,,,1.0497,1.0381,4.8216,0.0,1.7302000522613525,1.5457,1.8341,0.5191,0.5652,0.5652,1.1535,2026-08-09
swsh35-19,Hattrem,normal,Champion's Path,19,Uncommon,Hitoshi Ariga,Stage 1,857,Pokémon,2020/09/25,"tcgplayer,cardmarket",https://prices.pokemontcg.io/tcgplayer/swsh35-19,https://images.pokemontcg.io/swsh35/19_hires.png,2026/08/08,2026/06/27,0.24,0.029999999329447746,0.23000000417232513,19.979999542236328,,0.34,,,,0.0692,0.0231,0.0923,0.2653,0.08070000261068344,0.173,0.0923,0.4499,0.2884,0.2884,1.1535,2026-08-09
base6-17,Ninetales,holofoil,Legendary Collection,17,Rare Holo,Ken Sugimori,Stage 1,38,Pokémon,2002/05/24,"tcgplayer,cardmarket",https://prices.pokemontcg.io/tcgplayer/base6-17,https://images.pokemontcg.io/base6/17_hires.png,2026/08/08,2026/07/01,67.42,35.619998931884766,42.43000030517578,680.4000244140625,,350.95,,,,27.8455,2.307,29.2297,0.0,7.832300186157227,36.2776,25.4116,194.9415,280.3005,127.381,1.1535,2026-08-09
bwp-BW10,Axew,holofoil,BW Black Star Promos,BW10,Promo,Masakazu Fukuda,Basic,610,Pokémon,2011/03/01,"tcgplayer,cardmarket",https://prices.pokemontcg.io/tcgplayer/bwp-BW10,https://images.pokemontcg.io/bwp/BW10_hires.png,2026/08/08,2026/07/01,3.87,2.0299999713897705,16.84000015258789,49.5099983215332,,,,,,6.8864,2.307,13.4037,0.0,5.767499923706055,15.2262,8.8243,3.1721,1.9725,1.6495,1.1535,2026-08-09
ex5-11,Metagross,holofoil,Hidden Legends,11,Rare Holo,Kouki Saitou,Stage 2,376,Pokémon,2004/06/01,"tcgplayer,cardmarket",https://prices.pokemontcg.io/tcgplayer/ex5-11,https://images.pokemontcg.io/ex5/11_hires.png,2026/08/08,2026/07/01,39.57,37.0,45.68000030517578,732.010009765625,,100.31,,,,7.2209,0.4614,8.7089,15.2839,6.0559000968933105,7.5324,9.8855,17.3025,14.165,13.7266,1.1535,2026-08-09
dp3-21,Absol,normal,Secret Wonders,21,Rare,Ken Sugimori,Basic,359,Pokémon,2007/11/01,"tcgplayer,cardmarket",https://prices.pokemontcg.io/tcgplayer/dp3-21,https://images.pokemontcg.io/dp3/21_hires.png,2026/08/08,2026/06/27,9.23,2.8499999046325684,6.28000020980835,77.5,,35.81,,,,2.6646,0.1154,2.8145,4.7063,1.1419999599456787,1.8571,2.0186,2.5377,4.7063,4.4179,1.1535,2026-08-09
ex15-8,Ninetales δ,holofoil,Dragon Frontiers,8,Rare Holo,Hajime Kusajima,Stage 1,38,Pokémon,2006/11/01,"tcgplayer,cardmarket",https://prices.pokemontcg.io/tcgplayer/ex15-8,https://images.pokemontcg.io/ex15/8_hires.png,2026/08/08,2026/07/01,185.68,114.98999786376953,255.5,4320.990234375,,290.36,,,,39.5535,8.6397,40.0841,32.5518,17.244800567626953,36.4967,37.1427,10.2661,33.5669,58.1595,1.1535,2026-08-09
pop6-17,Turtwig,normal,POP Series 6,17,Common,Masakazu Fukuda,Basic,387,Pokémon,2007/09/01,"tcgplayer,cardmarket",https://prices.pokemontcg.io/tcgplayer/pop6-17,https://images.pokemontcg.io/pop6/17_hires.png,2026/08/08,2026/07/01,14.38,7.71999979019165,17.600000381469727,159.5,16.89,,,,,2.9645,0.2307,3.9219,0.0,5.709799766540527,3.1952,3.8296,17.3025,3.4951,1.4188,1.1535,2026-08-09
smp-SM11,Bruxish,holofoil,SM Black Star Promos,SM11,Promo,Mizue,Basic,779,Pokémon,2017/02/03,"tcgplayer,cardmarket",https://prices.pokemontcg.io/tcgplayer/smp-SM11,https://images.pokemontcg.io/smp/SM11_hires.png,2026/08/08,2026/07/01,10.22,7.349999904632568,49.95000076293945,9999.0,,,,,,22.9546,8.0745,21.9742,0.0,13.842000007629395,15.2147,18.3983,4.6025,9.2972,7.7054,1.1535,2026-08-09
neo1-10,Meganium,1stEditionHolofoil,Neo Genesis,10,Rare Holo,Ken Sugimori,Stage 2,154,Pokémon,2000/12/16,"tcgplayer,cardmarket",https://prices.pokemontcg.io/tcgplayer/neo1-10,https://images.pokemontcg.io/neo1/10_hires.png,2026/08/08,2026/07/01,133.87,125.0,153.49000549316406,200.0,,,,,"{""unlimitedHolofoil"": {""low"": 52.86, ""mid"": 71.98, ""high"": 9999.0, ""market"": 65.67, ""directLow"": null}}",67.9411,10.9582,62.4274,0.0,37.48870086669922,54.9643,61.8161,9.2049,16.645,24.1658,1.1535,2026-08-09
dp7-9,Regigigas,holofoil,Stormfront,9,Rare Holo,Masakazu Fukuda,Basic,486,Pokémon,2008/11/01,"tcgplayer,cardmarket",https://prices.pokemontcg.io/tcgplayer/dp7-9,https://images.pokemontcg.io/dp7/9_hires.png,2026/08/08,2026/07/01,6.51,4.0,6.510000228881836,99.0,,6.04,,,,3.0106,0.2307,3.8065,2.8838,5.75600004196167,3.2875,3.0798,2.307,3.2067,3.0683,1.1535,2026-08-09
neo4-17,Dark Ariados,unlimited,Neo Destiny,17,Rare,Toshinao Aoki,Stage 1,168,Pokémon,2002/02/28,"tcgplayer,cardmarket",https://prices.pokemontcg.io/tcgplayer/neo4-17,https://images.pokemontcg.io/neo4/17_hires.png,2026/08/08,2026/07/01,6.62,5.630000114440918,7.789999961853027,70.4000015258789,,,,,"{""1stEdition"": {""low"": 12.0, ""mid"": 20.0, ""high"": 190.0, ""market"": 15.02, ""directLow"": null}}",8.5244,0.5767,8.236,0.0,5.190700054168701,9.2857,9.0434,0.0,0.0,0.0,1.1535,2026-08-09
basep-14,Mewtwo,normal,Wizards Black Star Promos,14,Promo,Benimaru Itoh,Basic,150,Pokémon,1999/07/01,"tcgplayer,cardmarket",https://prices.pokemontcg.io/tcgplayer/basep-14,https://images.pokemontcg.io/basep/14_hires.png,2026/08/08,2026/07/01,29.27,11.949999809265137,19.860000610351562,279.79998779296875,,,,,,6.921,0.2307,13.2999,0.0,11.719599723815918,7.8784,7.7515,1.1535,1.2919,1.0151,1.1535,2026-08-09
swsh2-11,Masquerain,normal,Rebel Clash,11,Uncommon,chibi,Stage 1,284,Pokémon,2020/05/01,"tcgplayer,cardmarket",https://prices.pokemontcg.io/tcgplayer/swsh2-11,https://images.pokemontcg.io/swsh2/11_hires.png,2026/08/08,2026/06/29,0.06,0.009999999776482582,0.20000000298023224,19.979999542236328,,0.35,,,,0.0923,0.0231,0.1269,0.323,0.05770000070333481,0.0923,0.0461,0.2307,0.2884,0.2653,1.1535,2026-08-09
pop2-11,TV Reporter,normal,POP Series 2,11,Uncommon,Ken Sugimori,Supporter,,Trainer,2005/08/01,"tcgplayer,cardmarket",https://prices.pokemontcg.io/tcgplayer/pop2-11,https://images.pokemontcg.io/pop2/11_hires.png,2026/08/08,2026/07/01,4.72,2.880000114440918,4.599999904632568,40.29999923706055,,,,,,3.0568,0.4499,3.6681,0.0,1.4419000148773193,3.3798,2.7107,17.3025,17.3025,17.3025,1.1535,2026-08-09
pop5-13,Pikachu δ,normal,POP Series 5,13,Common,Ryo Ueda,Basic,25,Pokémon,2007/03/01,"tcgplayer,cardmarket",https://prices.pokemontcg.io/tcgplayer/pop5-13,https://images.pokemontcg.io/pop5/13_hires.png,2026/08/08,2026/07/01,48.28,38.0,50.22999954223633,549.2000122070312,,,,,,38.2039,17.3025,37.3273,0.0,46.13999938964844,42.1143,38.6653,0.0,0.0,0.0,1.1535,2026-08-09
neo3-16,Celebi,unlimited,Neo Revelation,16,Rare,Sumiyoshi Kizuki,Basic,251,Pokémon,2001/09/21,"tcgplayer,cardmarket",https://prices.pokemontcg.io/tcgplayer/neo3-16,https://images.pokemontcg.io/neo3/16_hires.png,2026/08/08,2026/07/01,16.91,11.0,17.010000228881836,141.6999969482422,,,,,"{""1stEdition"": {""low"": 26.56, ""mid"": 55.0, ""high"": 229.9, ""market"": 33.79, ""directLow"": null}}",14.0266,2.8838,10.3238,0.0,17.302499771118164,19.6787,15.2493,39.219,30.8561,20.5438,1.1535,2026-08-09
xy2-21,Qwilfish,normal,Flashfire,21,Rare,Kouki Saitou,Basic,211,Pokémon,2014/05/07,"tcgplayer,cardmarket",https://prices.pokemontcg.io/tcgplayer/xy2-21,https://images.pokemontcg.io/xy2/21_hires.png,2026/08/08,2026/06/08,0.38,0.14000000059604645,0.4000000059604645,19.989999771118164,,0.83,,,,0.5998,0.0577,0.5998,1.4649,0.46140000224113464,0.646,0.4729,1.142,2.4339,1.4534,1.1535,2026-08-09
pop9-17,Turtwig,normal,POP Series 9,17,Common,Midori Harada,Basic,387,Pokémon,2009/03/01,"tcgplayer,cardmarket",https://prices.pokemontcg.io/tcgplayer/pop9-17,https://images.pokemontcg.io/pop9/17_hires.png,2026/08/08,2026/07/01,2.66,0.4000000059604645,1.7599999904632568,21.25,,,,,,1.0381,0.0577,1.4995,0.0,3.2990000247955322,1.3611,0.8305,0.1154,0.1154,0.1154,1.1535,2026-08-09
swshp-SWSH008,Galarian Perrserker,holofoil,SWSH Black Star Promos,SWSH008,Promo,Akira Komayama,Stage 1,863,Pokémon,2019/11/15,"tcgplayer,cardmarket",https://prices.pokemontcg.io/tcgplayer/swshp-SWSH008,https://images.pokemontcg.io/swshp/SWSH008_hires.png,2026/08/08,2026/06/28,4.94,4.480000019073486,5.119999885559082,119.5999984741211,,,,,,12.2617,4.0257,11.9272,0.0,9.216500282287598,12.8038,12.8846,9.8048,7.7054,9.3895,1.1535,2026-08-09
sm12-17,Rowlet,normal,Cosmic Eclipse,17,Common,Yuka Morii,Basic,722,Pokémon,2019/11/01,"tcgplayer,cardmarket",https://prices.pokemontcg.io/tcgplayer/sm12-17,https://images.pokemontcg.io/sm12/17_hires.png,2026/08/08,2026/06/05,0.69,0.20999999344348907,0.6899999976158142,19.6200008392334,,7.42,,,,0.2307,0.0231,0.0577,2.9991,0.04610000178217888,0.1961,0.2076,0.6921,2.7338,2.1801,1.1535,2026-08-09
xy6-14,Fletchinder,normal,Roaring Skies,14,Uncommon,Naoyo Kimura,Stage 1,662,Pokémon,2015/05/06,"tcgplayer,cardmarket",https://prices.pokemontcg.io/tcgplayer/xy6-14,https://images.pokemontcg.io/xy6/14_hires.png,2026/08/08,2026/06/27,0.16,0.029999999329447746,0.20000000298023224,19.979999542236328,,0.42,,,,0.15,0.0231,0.1615,0.5883,0.11540000140666962,0.1154,0.1269,0.9805,1.4073,0.9689,1.1535,2026-08-09
ecard3-H14,Ledian,holofoil,Skyridge,H14,Rare Holo,Hikaru Koike,Stage 1,166,Pokémon,2003/05/12,"tcgplayer,cardmarket",https://prices.pokemontcg.io/tcgplayer/ecard3-H14,https://images.pokemontcg.io/ecard3/H14_hires.png,2026/08/08,2026/07/01,158.33,149.97999572753906,187.0800018310547,200.0,,,,,,131.2106,24.2235,67.3413,0.0,98.04750061035156,114.531,132.7794,39.2075,21.9742,23.0469,1.1535,2026-08-09
pl3-17,Butterfree FB,normal,Supreme Victors,17,Rare,Lee HyunJung,Basic|SP,12,Pokémon,2009/08/19,"tcgplayer,cardmarket",https://prices.pokemontcg.io/tcgplayer/pl3-17,https://images.pokemontcg.io/pl3/17_hires.png,2026/08/08,2026/06/27,8.57,3.9800000190734863,8.800000190734863,120.0,,15.87,,,,12.8038,3.3451,14.984,0.0,86.51249694824219,12.9423,7.3939,0.8074,0.7844,0.8305,1.1535,2026-08-09
xyp-XY08,Yveltal-EX,holofoil,XY Black Star Promos,XY08,Promo,5ban Graphics,Basic|EX,717,Pokémon,2013/10/12,"tcgplayer,cardmarket",https://prices.pokemontcg.io/tcgplayer/xyp-XY08,https://images.pokemontcg.io/xyp/XY08_hires.png,2026/08/08,2026/07/01,10.83,3.490000009536743,10.710000038146973,289.7699890136719,,,,,,5.6983,1.1189,6.1597,0.0,2.283900022506714,5.7906,5.8367,3.4605,4.1872,2.976,1.1535,2026-08-09
xy5-17,Volbeat,normal,Primal Clash,17,Common,Tomokazu Komiya,Basic,313,Pokémon,2015/02/04,"tcgplayer,cardmarket",https://prices.pokemontcg.io/tcgplayer/xy5-17,https://images.pokemontcg.io/xy5/17_hires.png,2026/08/08,2026/07/01,0.35,0.05000000074505806,0.33000001311302185,19.979999542236328,,1.66,,,,0.4037,0.0231,0.0461,2.5377,0.23070000112056732,0.2999,0.3807,1.1535,2.3416,2.0994,1.1535,2026-08-09
sm7-12,Seedot,normal,Celestial Storm,12,Common,Misa Tsutsui,Basic,273,Pokémon,2018/08/03,"tcgplayer,cardmarket",https://prices.pokemontcg.io/tcgplayer/sm7-12,https://images.pokemontcg.io/sm7/12_hires.png,2026/08/08,2026/06/27,0.15,0.03999999910593033,0.23000000417232513,19.979999542236328,,0.36,,,,0.0807,0.0231,0.0577,0.4499,0.04610000178217888,0.0807,0.0923,0.6344,0.4383,0.3922,1.1535,2026-08-09
pop1-17,Tyranitar ex,holofoil,POP Series 1,17,Rare,Hisao Nakamura,Stage 2|ex,248,Pokémon,2004/09/01,"tcgplayer,cardmarket",https://prices.pokemontcg.io/tcgplayer/pop1-17,https://images.pokemontcg.io/pop1/17_hires.png,2026/08/08,2026/07/01,335.66,184.99000549316406,299.989990234375,1439.800048828125,,,,,,31.9981,4.5563,23.8428,0.0,51.907501220703125,23.4737,28.2607,3.4605,9.5625,9.1703,1.1535,2026-08-09
dpp-DP18,Palkia LV.X,holofoil,DP Black Star Promos,DP18,Promo,Ryo Ueda,Level-Up,484,Pokémon,2007/05/01,tcgplayer,https://prices.pokemontcg.io/tcgplayer/dpp-DP18,https://images.pokemontcg.io/dpp/DP18_hires.png,2026/08/08,,64.99,75.0,97.16000366210938,548.2999877929688,,,,,,,,,,,,,,,,,2026-08-09
np-7,Treecko,holofoil,Nintendo Black Star Promos,7,Promo,Ken Sugimori,Basic,252,Pokémon,2003/10/01,"tcgplayer,cardmarket",https://prices.pokemontcg.io/tcgplayer/np-7,https://images.pokemontcg.io/np/7_hires.png,2026/01/09,2026/07/01,374.95,374.95001220703125,374.95001220703125,374.95001220703125,,,,,,0.0,5767.4883,210.7791,0.0,230.6999969482422,175.3897,150.8893,103.8035,150.5894,150.5894,1.1535,2026-08-09
gym2-20,Sabrina,1stEditionHolofoil,Gym Challenge,20,Rare Holo,Ken Sugimori,,,Trainer,2000/10/16,"tcgplayer,cardmarket",https://prices.pokemontcg.io/tcgplayer/gym2-20,https://images.pokemontcg.io/gym2/20_hires.png,2026/08/08,2026/07/01,99.95,316.55999755859375,388.9700012207031,399.94000244140625,,,,,"{""unlimitedHolofoil"": {""low"": 50.0, ""mid"": 87.98, ""high"": 462.1, ""market"": 76.33, ""directLow"": 149.98}}",53.9492,25.3655,50.8924,0.0,103.7573013305664,59.5552,85.2783,34.605,30.0717,26.8996,1.1535,2026-08-09
ex8-16,Deoxys,normal,Deoxys,16,Rare,Hironobu Yoshida,Basic,386,Pokémon,2005/02/01,"tcgplayer,cardmarket",https://prices.pokemontcg.io/tcgplayer/ex8-16,https://images.pokemontcg.io/ex8/16_hires.png,2026/08/08,2026/07/01,8.86,4.21999979019165,15.9399995803833,94.33000183105469,,204.98,,,,34.605,12.6885,36.8774,0.0,63.442501068115234,27.6033,24.4311,0.0,0.0,0.0,1.1535,2026-08-09
xy9-9,Durant,normal,BREAKpoint,9,Uncommon,Kouki Saitou,Basic,632,Pokémon,2016/02/03,"tcgplayer,cardmarket",https://prices.pokemontcg.io/tcgplayer/xy9-9,https://images.pokemontcg.io/xy9/9_hires.png,2026/08/08,2026/07/01,0.05,0.029999999329447746,0.23000000417232513,17.780000686645508,,0.43,,,,0.0923,0.0231,0.0692,0.7152,0.04610000178217888,0.0577,0.1384,0.2307,0.8305,0.6344,1.1535,2026-08-09
hsp-HGSS09,Typhlosion,holofoil,HGSS Black Star Promos,HGSS09,Promo,Wataru Kawahara,Stage 2|Prime,157,Pokémon,2010/02/10,tcgplayer,https://prices.pokemontcg.io/tcgplayer/hsp-HGSS09,https://images.pokemontcg.io/hsp/HGSS09_hires.png,2026/08/08,,55.06,80.0,444.8999938964844,649.7000122070312,,,,,,,,,,,,,,,,,2026-08-09
xy10-17,Omanyte,normal,Fates Collide,17,Uncommon,Shigenori Negishi,Restored,138,Pokémon,2016/05/02,"tcgplayer,cardmarket",https://prices.pokemontcg.io/tcgplayer/xy10-17,https://images.pokemontcg.io/xy10/17_hires.png,2026/08/08,2026/06/30,0.34,0.03999999910593033,0.30000001192092896,1000.0,,0.59,,,,0.2538,0.0231,0.2538,0.5767,0.05770000070333481,0.2192,0.2653,1.1535,0.646,0.6921,1.1535,2026-08-09
neo2-9,Poliwrath,1stEditionHolofoil,Neo Discovery,9,Rare Holo,Shin-ichi Yoshida,Stage 2,62,Pokémon,2001/06/01,"tcgplayer,cardmarket",https://prices.pokemontcg.io/tcgplayer/neo2-9,https://images.pokemontcg.io/neo2/9_hires.png,2026/08/08,2026/07/01,78.9,79.98999786376953,117.9800033569336,155.97000122070312,,,,,"{""unlimitedHolofoil"": {""low"": 29.98, ""mid"": 39.99, ""high"": 384.9, ""market"": 35.53, ""directLow"": null}}",29.8872,4.0257,31.2945,0.0,31.08679962158203,34.5819,25.6769,28.8375,9.6548,12.7808,1.1535,2026-08-09
pop3-15,Marshtomp,normal,POP Series 3,15,Common,Midori Harada,Stage 1,259,Pokémon,2006/04/01,"tcgplayer,cardmarket",https://prices.pokemontcg.io/tcgplayer/pop3-15,https://images.pokemontcg.io/pop3/15_hires.png,2026/08/08,2026/07/01,10.57,4.199999809265137,12.720000267028809,164.8000030517578,,,,,,0.6575,0.1038,0.4499,0.0,0.46140000224113464,0.5421,1.2342,3.4605,3.4605,3.4605,1.1535,2026-08-09
base3-19,Dragonite,unlimited,Fossil,19,Rare,Kagemaru Himeno,Stage 2,149,Pokémon,1999/10/10,"tcgplayer,cardmarket",https://prices.pokemontcg.io/tcgplayer/base3-19,https://images.pokemontcg.io/base3/19_hires.png,2026/08/08,2026/07/01,29.94,16.0,20.889999389648438,152.3000030517578,,,,,"{""1stEdition"": {""low"": 59.88, ""mid"": 99.99, ""high"": 510.28, ""market"": 101.59, ""directLow"": null}}",30.5908,3.4605,41.1453,0.0,62.28900146484375,43.9022,32.4134,33.4515,24.0505,43.4408,1.1535,2026-08-09
bw2-10,Cottonee,normal,Emerging Powers,10,Common,Kagemaru Himeno,Basic,546,Pokémon,2011/08/31,"tcgplayer,cardmarket",https://prices.pokemontcg.io/tcgplayer/bw2-10,https://images.pokemontcg.io/bw2/10_hires.png,2026/08/08,2026/07/01,0.25,0.15000000596046448,0.25,19.979999542236328,,0.76,,,,0.173,0.0231,0.173,1.0497,0.17299999296665192,0.1384,0.1615,0.8651,0.9689,0.992,1.1535,2026-08-09
bw11-20,Vulpix,normal,Legendary Treasures,20,Common,Masakazu Fukuda,Basic,37,Pokémon,2013/11/06,"tcgplayer,cardmarket",https://prices.pokemontcg.io/tcgplayer/bw11-20,https://images.pokemontcg.io/bw11/20_hires.png,2026/08/08,2026/07/01,0.46,0.30000001192092896,0.4699999988079071,19.989999771118164,,7.63,,,,2.8722,0.5767,2.953,8.4321,1.153499960899353,3.7604,1.6034,11.5235,8.2245,5.5945,1.1535,2026-08-09
base5-15,Here Comes Team Rocket!,1stEditionHolofoil,Team Rocket,15,Rare Holo,Ken Sugimori,,,Trainer,2000/04/24,"tcgplayer,cardmarket",https://prices.pokemontcg.io/tcgplayer/base5-15,https://images.pokemontcg.io/base5/15_hires.png,2026/08/08,2026/07/01,65.26,50.83000183105469,71.5,455.1000061035156,,,,,"{""unlimitedHolofoil"": {""low"": 15.0, ""mid"": 25.99, ""high"": 9999.0, ""market"": 27.14, ""directLow"": 243.6}}",47.8356,11.535,42.1604,0.0,27.672500610351562,31.7789,43.7638,20.5554,17.2564,18.3637,1.1535,2026-08-09
bw5-13,Entei-EX,holofoil,Dark Explorers,13,Rare Holo EX,Shizurow,Basic|EX,244,Pokémon,2012/05/09,"tcgplayer,cardmarket",https://prices.pokemontcg.io/tcgplayer/bw5-13,https://images.pokemontcg.io/bw5/13_hires.png,2026/08/08,2026/07/01,49.24,34.0,44.630001068115234,359.8999938964844,,,,,,22.3202,2.5954,17.4986,0.0,38.06549835205078,22.7124,16.8642,4.0373,7.0594,8.0514,1.1535,2026-08-09
sm8-15,Pineco,normal,Lost Thunder,15,Common,Misa Tsutsui,Basic,204,Pokémon,2018/11/02,"tcgplayer,cardmarket",https://prices.pokemontcg.io/tcgplayer/sm8-15,https://images.pokemontcg.io/sm8/15_hires.png,2026/08/08,2026/06/22,0.21,0.03999999910593033,0.2199999988079071,19.979999542236328,,0.35,,,,0.0807,0.0231,0.1269,0.2884,0.11540000140666962,0.1038,0.1269,0.3576,0.4499,0.4383,1.1535,2026-08-09
swsh4-14,Ninjask,normal,Vivid Voltage,14,Rare,Tomokazu Komiya,Stage 1,291,Pokémon,2020/11/13,"tcgplayer,cardmarket",https://prices.pokemontcg.io/tcgplayer/swsh4-14,https://images.pokemontcg.io/swsh4/14_hires.png,2026/08/08,2026/06/22,0.31,0.10000000149011612,0.3199999928474426,999.989990234375,,0.78,,,,0.3691,0.0231,0.2307,0.4499,0.19609999656677246,0.2076,0.3691,0.346,0.5652,0.5537,1.1535,2026-08-09
xy7-18,Volcarona,normal,Ancient Origins,18,Rare,Kagemaru Himeno,Stage 1,637,Pokémon,2015/08/12,"tcgplayer,cardmarket",https://prices.pokemontcg.io/tcgplayer/xy7-18,https://images.pokemontcg.io/xy7/18_hires.png,2026/08/08,2026/06/25,1.29,0.28999999165534973,1.0,19.989999771118164,,2.93,,,,1.7649,0.346,1.4995,3.449,1.7302000522613525,1.2919,1.5688,7.4977,4.6717,4.3256,1.1535,2026-08-09
dp2-10,Honchkrow,holofoil,Mysterious Treasures,10,Rare Holo,Kazuyuki Kano,Stage 1,430,Pokémon,2007/08/01,"tcgplayer,cardmarket",https://prices.pokemontcg.io/tcgplayer/dp2-10,https://images.pokemontcg.io/dp2/10_hires.png,2026/08/08,2026/07/01,5.41,2.6700000762939453,4.800000190734863,53.0,,5.62,,,,3.3682,0.3345,2.48,3.3798,4.302599906921387,2.2609,4.8562,1.1535,3.0798,2.976,1.1535,2026-08-09
ex4-18,Team Aqua's Sharpedo,normal,Team Magma vs Team Aqua,18,Rare,Katsura Tabata,Stage 1,319,Pokémon,2004/03/01,"tcgplayer,cardmarket",https://prices.pokemontcg.io/tcgplayer/ex4-18,https://images.pokemontcg.io/ex4/18_hires.png,2026/08/08,2026/07/01,4.0,2.75,5.480000019073486,42.29999923706055,,48.99,,,,4.1872,0.2884,3.6566,6.4711,2.7569000720977783,4.1987,2.5608,8.0514,5.5829,5.779,1.1535,2026-08-09
xy1-17,Vivillon,holofoil,XY,17,Rare Holo,5ban Graphics,Stage 2,666,Pokémon,2014/02/05,"tcgplayer,cardmarket",https://prices.pokemontcg.io/tcgplayer/xy1-17,https://images.pokemontcg.io/xy1/17_hires.png,2026/08/08,2026/06/27,6.4,4.849999904632568,7.25,63.400001525878906,,7.9,,,,7.267,0.5191,31.629,214.2626,5.179200172424316,6.7018,19.8056,7.4862,67.6643,26.2075,1.1535,2026-08-09
sm10-10,Venonat,normal,Unbroken Bonds,10,Common,Yuka Morii,Basic,48,Pokémon,2019/05/03,"tcgplayer,cardmarket",https://prices.pokemontcg.io/tcgplayer/sm10-10,https://images.pokemontcg.io/sm10/10_hires.png,2026/08/08,2026/07/01,1.06,0.15000000596046448,1.0099999904632568,19.979999542236328,,1.72,,,,0.3922,0.0231,0.496,0.646,0.6920999884605408,0.5652,0.4383,0.5652,0.8074,0.7382,1.1535,2026-08-09
dc1-9,Team Aqua's Seviper,normal,Double Crisis,9,Common,Naoki Saito,Basic,336,Pokémon,2015/03/25,"tcgplayer,cardmarket",https://prices.pokemontcg.io/tcgplayer/dc1-9,https://images.pokemontcg.io/dc1/9_hires.png,2026/08/08,2026/07/01,1.1,0.41999998688697815,1.0099999904632568,19.979999542236328,,12.06,,,,4.6371,0.2884,3.7143,15.1685,4.498600006103516,3.6105,3.126,11.5235,14.8917,9.0896,1.1535,2026-08-09
ex16-8,Delcatty,holofoil,Power Keepers,8,Rare Holo,Masakazu Fukuda,Stage 1,301,Pokémon,2007/02/02,"tcgplayer,cardmarket",https://prices.pokemontcg.io/tcgplayer/ex16-8,https://images.pokemontcg.io/ex16/8_hires.png,2026/08/08,2026/07/01,8.06,6.070000171661377,9.430000305175781,93.5,,29.49,,,,2.7915,0.2192,2.9299,8.4321,1.3726999759674072,2.63,2.7338,1.7302,8.2129,10.1969,1.1535,2026-08-09
xy11-20,Infernape,holofoil,Steam Siege,20,Rare Holo,Naoki Saito,Stage 2,392,Pokémon,2016/08/03,"tcgplayer,cardmarket",https://prices.pokemontcg.io/tcgplayer/xy11-20,https://images.pokemontcg.io/xy11/20_hires.png,2026/08/08,2026/06/22,1.3,0.23999999463558197,0.8700000047683716,25.0,,1.18,,,,0.992,0.1154,1.0728,2.0302,0.28839999437332153,1.2112,0.9228,2.307,2.0417,1.661,1.1535,2026-08-09
ex14-15,Cacturne δ,normal,Crystal Guardians,15,Rare,Kouki Saitou,Stage 1,332,Pokémon,2006/08/01,"tcgplayer,cardmarket",https://prices.pokemontcg.io/tcgplayer/ex14-15,https://images.pokemontcg.io/ex14/15_hires.png,2026/08/08,2026/07/01,2.01,1.0,2.7300000190734863,96.8499984741211,,24.43,,,,1.6956,0.173,2.2263,12.0887,0.57669997215271,1.6956,1.6495,8.5359,12.0771,8.8589,1.1535,2026-08-09
base4-19,Wigglytuff,holofoil,Base Set 2,19,Rare Holo,Mitsuhiro Arita,Stage 1,40,Pokémon,2000/02/24,"tcgplayer,cardmarket",https://prices.pokemontcg.io/tcgplayer/base4-19,https://images.pokemontcg.io/base4/19_hires.png,2026/08/08,2026/07/01,20.82,11.539999961853027,15.0,122.95999908447266,,,,,,13.1268,4.0373,13.3575,0.0,14.361100196838379,11.8811,13.0461,14.984,10.4276,8.559,1.1535,2026-08-09
ex1-10,Mightyena,holofoil,Ruby & Sapphire,10,Rare Holo,Atsuko Nishida,Stage 1,262,Pokémon,2003/07/01,"tcgplayer,cardmarket",https://prices.pokemontcg.io/tcgplayer/ex1-10,https://images.pokemontcg.io/ex1/10_hires.png,2026/08/08,2026/07/01,26.78,15.0,21.6200008392334,112.4000015258789,,16.81,,,,8.6166,2.1916,12.3655,12.6193,20.76300048828125,12.6193,8.7666,46.14,12.1233,11.2236,1.1535,2026-08-09
ecard1-9,Dragonite,holofoil,Expedition Base Set,9,Rare Holo,Kagemaru Himeno,Stage 2,149,Pokémon,2002/09/15,"tcgplayer,cardmarket",https://prices.pokemontcg.io/tcgplayer/ecard1-9,https://images.pokemontcg.io/ecard1/9_hires.png,2026/08/08,2026/07/01,799.69,449.0,799.989990234375,929.989990234375,,599.75,,,,281.6962,43.8215,247.7833,117.8531,57.66350173950195,278.478,253.5393,56.5215,110.0208,96.1904,1.1535,2026-08-09
hgss2-17,Kingdra,normal,HS—Unleashed,17,Rare,Shin Nagasawa,Stage 2,230,Pokémon,2010/05/12,"tcgplayer,cardmarket",https://prices.pokemontcg.io/tcgplayer/hgss2-17,https://images.pokemontcg.io/hgss2/17_hires.png,2026/08/08,2026/06/28,3.84,1.9600000381469727,3.759999990463257,51.099998474121094,,6.95,,,,1.4995,0.2192,1.5457,9.9316,1.003499984741211,1.5457,1.638,8.6397,8.7897,7.5439,1.1535,2026-08-09
swsh1-17,Blipbug,normal,Sword & Shield,17,Common,Mina Nakai,Basic,824,Pokémon,2020/02/07,"tcgplayer,cardmarket",https://prices.pokemontcg.io/tcgplayer/swsh1-17,https://images.pokemontcg.io/swsh1/17_hires.png,2026/08/08,2026/06/18,0.04,0.009999999776482582,0.15000000596046448,2.990000009536743,,0.26,,,,0.1038,0.0231,0.0807,0.2884,0.06920000165700912,0.0692,0.0807,0.5652,0.323,0.2884,1.1535,2026-08-09
sm115-19,Pikachu,normal,Hidden Fates,19,Common,Kagemaru Himeno,Basic,25,Pokémon,2019/08/23,"tcgplayer,cardmarket",https://prices.pokemontcg.io/tcgplayer/sm115-19,https://images.pokemontcg.io/sm115/19_hires.png,2026/08/08,2026/06/25,1.06,0.17000000178813934,1.149999976158142,19.280000686645508,,8.54,,,,0.6921,0.1038,1.1881,5.6752,0.8421000242233276,1.0151,0.7267,6.3442,6.3212,5.7444,1.1535,2026-08-09
pl2-14,Aggron,normal,Rising Rivals,14,Rare,Naoyo Kimura,Stage 2,306,Pokémon,2009/05/16,"tcgplayer,cardmarket",https://prices.pokemontcg.io/tcgplayer/pl2-14,https://images.pokemontcg.io/pl2/14_hires.png,2026/08/08,2026/07/01,2.57,1.5,2.2899999618530273,33.29999923706055,,4.63,,,,1.3957,0.1154,1.3957,9.0204,1.6610000133514404,1.9956,1.638,2.8722,5.1907,3.1952,1.1535,2026-08-09
bw8-15,Chimchar,normal,Plasma Storm,15,Common,sui,Basic,390,Pokémon,2013/02/06,"tcgplayer,cardmarket",https://prices.pokemontcg.io/tcgplayer/bw8-15,https://images.pokemontcg.io/bw8/15_hires.png,2026/08/08,2026/06/25,0.33,0.10000000149011612,0.30000001192092896,19.979999542236328,,3.32,,,,0.2192,0.0231,0.2422,1.9263,0.3230000138282776,0.2653,0.2422,1.142,3.1375,2.0994,1.1535,2026-08-09
sm35-8,Virizion,holofoil,Shining Legends,8,Rare Holo,kawayoo,Basic,640,Pokémon,2017/10/06,"tcgplayer,cardmarket",https://prices.pokemontcg.io/tcgplayer/sm35-8,https://images.pokemontcg.io/sm35/8_hires.png,2026/08/08,2026/07/01,0.36,0.07999999821186066,0.36000001430511475,4.25,,0.46,,,,0.2768,0.0461,0.2884,0.992,0.13840000331401825,0.3114,0.323,0.2307,1.142,0.6344,1.1535,2026-08-09
bw10-20,Suicune,normal,Plasma Blast,20,Rare,kawayoo,Basic,245,Pokémon,2013/08/14,"tcgplayer,cardmarket",https://prices.pokemontcg.io/tcgplayer/bw10-20,https://images.pokemontcg.io/bw10/20_hires.png,2026/08/08,2026/06/22,3.7,0.75,1.2999999523162842,60.0,,10.02,,,,2.1224,0.5767,2.0302,9.6894,3.4489998817443848,2.1224,1.8802,6.8633,6.3096,5.7444,1.1535,2026-08-09
sma-SV10,Quagsire,holofoil,Hidden Fates Shiny Vault,SV10,Rare Shiny,Saya Tsuruta,Stage 1,195,Pokémon,2019/08/23,"tcgplayer,cardmarket",https://prices.pokemontcg.io/tcgplayer/sma-SV10,https://images.pokemontcg.io/sma/SV10_hires.png,2026/08/08,2026/07/01,15.88,12.420000076293945,18.0,128.39999389648438,,,,,,10.2661,1.142,10.2661,0.0,5.732900142669678,5.1907,7.6477,4.3833,3.4144,4.7524,1.1535,2026-08-09
sm115-20,Raichu-GX,holofoil,Hidden Fates,20,Rare Holo GX,5ban Graphics,Stage 1|GX,26,Pokémon,2019/08/23,"tcgplayer,cardmarket",https://prices.pokemontcg.io/tcgplayer/sm115-20,https://images.pokemontcg.io/sm115/20_hires.png,2026/08/08,2026/06/25,2.87,1.5,3.0399999618530273,27.389999389648438,,,,,,2.9299,1.1304,3.1491,0.0,2.0762999057769775,5.0177,3.3336,2.2839,1.7879,1.7764,1.1535,2026-08-09
sm35-9,Shining Genesect,holofoil,Shining Legends,9,Rare Shining,Hitoshi Ariga,Basic,649,Pokémon,2017/10/06,"tcgplayer,cardmarket",https://prices.pokemontcg.io/tcgplayer/sm35-9,https://images.pokemontcg.io/sm35/9_hires.png,2026/08/08,2026/07/01,13.09,9.0,13.989999771118164,50.0,,,,,,21.1552,4.614,25.5731,0.0,6.678800106048584,23.1969,19.6787,12.6885,21.3859,27.7071,1.1535,2026-08-09
swsh2-12,Snover,normal,Rebel Clash,12,Common,Shibuzoh.,Basic,459,Pokémon,2020/05/01,"tcgplayer,cardmarket",https://prices.pokemontcg.io/tcgplayer/swsh2-12,https://images.pokemontcg.io/swsh2/12_hires.png,2026/08/08,2026/06/29,0.06,0.009999999776482582,0.17000000178813934,2.990000009536743,,0.3,,,,0.0577,0.0231,0.0692,0.3807,0.06920000165700912,0.0692,0.0461,0.2307,0.4383,0.3114,1.1535,2026-08-09
xy1-18,Skiddo,normal,XY,18,Common,5ban Graphics,Basic,672,Pokémon,2014/02/05,"tcgplayer,cardmarket",https://prices.pokemontcg.io/tcgplayer/xy1-18,https://images.pokemontcg.io/xy1/18_hires.png,2026/08/08,2026/06/27,0.19,0.05999999865889549,0.25,19.979999542236328,,0.65,,,,0.1384,0.0231,0.15,0.8305,0.11540000140666962,0.1615,0.2653,0.5537,0.646,0.5652,1.1535,2026-08-09
sm3-16,Wimpod,normal,Burning Shadows,16,Common,Kagemaru Himeno,Basic,767,Pokémon,2017/08/05,"tcgplayer,cardmarket",https://prices.pokemontcg.io/tcgplayer/sm3-16,https://images.pokemontcg.io/sm3/16_hires.png,2026/08/08,2026/06/25,0.16,0.019999999552965164,0.20000000298023224,19.979999542236328,,0.25,,,,0.1961,0.0,0.15,0.0,0.17299999296665192,0.15,0.1615,0.0,0.0,0.0,1.1535,2026-08-09
sm4-11,Gogoat,holofoil,Crimson Invasion,11,Rare Holo,You Iribi,Stage 1,673,Pokémon,2017/11/03,"tcgplayer,cardmarket",https://prices.pokemontcg.io/tcgplayer/sm4-11,https://images.pokemontcg.io/sm4/11_hires.png,2026/08/08,2026/07/01,0.5,0.1899999976158142,0.5,3.0,,0.51,,,,0.4383,0.0231,0.5767,0.5075,0.23070000112056732,0.4268,0.5191,0.2768,0.5075,0.669,1.1535,2026-08-09
dp1-18,Azumarill,normal,Diamond & Pearl,18,Rare,Naoyo Kimura,Stage 1,184,Pokémon,2007/05/01,"tcgplayer,cardmarket",https://prices.pokemontcg.io/tcgplayer/dp1-18,https://images.pokemontcg.io/dp1/18_hires.png,2026/08/08,2026/06/27,2.56,1.100000023841858,1.9900000095367432,43.880001068115234,,7.26,,,,1.2804,0.1615,1.2804,2.1686,0.853600025177002,1.3727,1.3035,3.4028,2.2724,2.2839,1.1535,2026-08-09
bw8-16,Monferno,normal,Plasma Storm,16,Uncommon,Masakazu Fukuda,Stage 1,391,Pokémon,2013/02/06,"tcgplayer,cardmarket",https://prices.pokemontcg.io/tcgplayer/bw8-16,https://images.pokemontcg.io/bw8/16_hires.png,2026/08/08,2026/06/22,0.41,0.14000000059604645,0.4000000059604645,2.9800000190734863,,3.16,,,,0.3345,0.0231,0.2884,0.5767,0.20759999752044678,0.323,0.2884,0.5767,2.2263,1.4995,1.1535,2026-08-09
bw9-16,Chandelure,holofoil,Plasma Freeze,16,Rare Holo,5ban Graphics,Stage 2|Team Plasma,609,Pokémon,2013/05/08,"tcgplayer,cardmarket",https://prices.pokemontcg.io/tcgplayer/bw9-16,https://images.pokemontcg.io/bw9/16_hires.png,2026/08/08,2026/07/01,6.46,3.990000009536743,7.300000190734863,43.0,,9.22,,,,4.1872,1.142,4.3026,10.3815,1.7302000522613525,3.7489,3.5989,1.7302,8.2706,6.5288,1.1535,2026-08-09
sm6-12,Alolan Marowak,normal,Forbidden Light,12,Rare,Suwama Chiaki,Stage 1,105,Pokémon,2018/05/04,"tcgplayer,cardmarket",https://prices.pokemontcg.io/tcgplayer/sm6-12,https://images.pokemontcg.io/sm6/12_hires.png,2026/08/08,2026/06/27,0.74,0.30000001192092896,0.6899999976158142,1.690000057220459,,1.39,,,,0.7036,0.1154,0.7382,2.2724,0.34599998593330383,0.646,0.6114,0.4614,2.0417,1.4765,1.1535,2026-08-09
gym1-17,Lt. Surge,1stEditionHolofoil,Gym Heroes,17,Rare Holo,Ken Sugimori,,,Trainer,2000/08/14,"tcgplayer,cardmarket",https://prices.pokemontcg.io/tcgplayer/gym1-17,https://images.pokemontcg.io/gym1/17_hires.png,2026/08/08,2026/07/01,83.77,79.98999786376953,151.44000244140625,669.7000122070312,,,,,"{""unlimitedHolofoil"": {""low"": 23.5, ""mid"": 44.25, ""high"": 527.8, ""market"": 36.29, ""directLow"": 46.46}}",49.4044,8.0745,44.2137,0.0,28.837499618530273,49.9812,42.5872,19.0328,28.5953,25.527,1.1535,2026-08-09
ecard1-10,Dugtrio,holofoil,Expedition Base Set,10,Rare Holo,Masako Yamashita,Stage 1,51,Pokémon,2002/09/15,"tcgplayer,cardmarket",https://prices.pokemontcg.io/tcgplayer/ecard1-10,https://images.pokemontcg.io/ecard1/10_hires.png,2026/08/08,2026/07/01,76.75,62.25,335.0,694.5,,42.06,,,,37.9155,2.8838,43.7638,18.7328,34.547298431396484,39.3574,30.3024,11.5235,16.1836,15.9298,1.1535,2026-08-09
ex2-11,Seviper,holofoil,Sandstorm,11,Rare Holo,Hajime Kusajima,Basic,336,Pokémon,2003/09/18,"tcgplayer,cardmarket",https://prices.pokemontcg.io/tcgplayer/ex2-11,https://images.pokemontcg.io/ex2/11_hires.png,2026/08/08,2026/07/01,33.21,30.260000228881836,34.5,360.0,,24.41,,,,16.5527,4.1526,12.8846,8.3975,10.946700096130371,15.5838,28.1223,8.063,8.409,7.4977,1.1535,2026-08-09
dp5-10,Moltres,holofoil,Majestic Dawn,10,Rare Holo,Kagemaru Himeno,Basic,146,Pokémon,2008/05/01,"tcgplayer,cardmarket",https://prices.pokemontcg.io/tcgplayer/dp5-10,https://images.pokemontcg.io/dp5/10_hires.png,2026/08/08,2026/07/01,47.6,25.75,48.95000076293945,499.5,,25.93,,,,10.6929,1.1535,13.6459,6.1251,17.291000366210938,7.9592,10.8083,3.449,4.8678,5.4445,1.1535,2026-08-09
dp7-10,Sceptile,holofoil,Stormfront,10,Rare Holo,Suwama Chiaki,Stage 2,254,Pokémon,2008/11/01,"tcgplayer,cardmarket",https://prices.pokemontcg.io/tcgplayer/dp7-10,https://images.pokemontcg.io/dp7/10_hires.png,2026/08/08,2026/07/01,49.94,40.0,49.40999984741211,250.0,,16.37,,,,3.6335,0.5652,5.0869,3.4836,11.500399589538574,5.6752,3.6912,28.8375,9.7009,5.5022,1.1535,2026-08-09
pop5-14,Pelipper δ,normal,POP Series 5,14,Common,Mitsuhiro Arita,Stage 1,279,Pokémon,2007/03/01,"tcgplayer,cardmarket",https://prices.pokemontcg.io/tcgplayer/pop5-14,https://images.pokemontcg.io/pop5/14_hires.png,2026/08/08,2026/07/01,4.06,1.4900000095367432,5.25,67.30000305175781,11.35,,,,,3.4259,1.1535,2.8491,0.0,1.7187000513076782,3.1145,4.0026,2.8838,3.0106,3.0106,1.1535,2026-08-09
sm5-20,Chimchar,normal,Ultra Prism,20,Common,Ken Sugimori,Basic,390,Pokémon,2018/02/02,"tcgplayer,cardmarket",https://prices.pokemontcg.io/tcgplayer/sm5-20,https://images.pokemontcg.io/sm5/20_hires.png,2026/08/08,2026/06/08,0.3,0.029999999329447746,0.3199999928474426,19.979999542236328,,0.5,,,,0.1154,0.0231,0.0577,0.7844,0.023099999874830246,0.0692,0.1038,0.5421,0.7382,0.7036,1.1535,2026-08-09
hgss4-20,Electivire,normal,HS—Triumphant,20,Rare,TOKIYA,Stage 1,466,Pokémon,2010/11/03,"tcgplayer,cardmarket",https://prices.pokemontcg.io/tcgplayer/hgss4-20,https://images.pokemontcg.io/hgss4/20_hires.png,2026/08/08,2026/06/22,1.86,0.9100000262260437,2.7100000381469727,27.0,,25.09,,,,2.8838,0.5652,3.5874,4.9947,0.8651000261306763,2.6646,5.3407,4.614,5.433,6.4942,1.1535,2026-08-09
swsh35-20,Hatterene,holofoil,Champion's Path,20,Rare Holo,Naoki Saito,Stage 2,858,Pokémon,2020/09/25,"tcgplayer,cardmarket",https://prices.pokemontcg.io/tcgplayer/swsh35-20,https://images.pokemontcg.io/swsh35/20_hires.png,2026/08/08,2026/06/27,0.21,0.009999999776482582,0.25,15.239999771118164,,0.21,,,,0.2768,0.0231,0.3922,0.4614,0.15000000596046448,0.3576,0.2768,0.2076,0.4268,0.4499,1.1535,2026-08-09
sm11-10,Dwebble,normal,Unified Minds,10,Common,kawayoo,Basic,557,Pokémon,2019/08/02,"tcgplayer,cardmarket",https://prices.pokemontcg.io/tcgplayer/sm11-10,https://images.pokemontcg.io/sm11/10_hires.png,2026/08/08,2026/06/29,0.36,0.09000000357627869,0.36000001430511475,19.979999542236328,,15.27,,,,0.1384,0.0231,0.173,10.0354,0.11540000140666962,0.15,0.1384,9.2165,8.5705,3.449,1.1535,2026-08-09
sm1-18,Bounsweet,normal,Sun & Moon,18,Common,Akira Komayama,Basic,761,Pokémon,2017/02/03,"tcgplayer,cardmarket",https://prices.pokemontcg.io/tcgplayer/sm1-18,https://images.pokemontcg.io/sm1/18_hires.png,2026/08/08,2026/06/27,0.04,0.009999999776482582,0.1899999976158142,19.979999542236328,,0.28,,,,0.0807,0.0231,0.1038,0.2999,0.09229999780654907,0.0923,0.0692,0.5191,0.2768,0.346,1.1535,2026-08-09
gym2-21,Blaine's Ninetales,unlimited,Gym Challenge,21,Rare,Ken Sugimori,Stage 1,38,Pokémon,2000/10/16,"tcgplayer,cardmarket",https://prices.pokemontcg.io/tcgplayer/gym2-21,https://images.pokemontcg.io/gym2/21_hires.png,2026/08/08,2026/07/01,23.41,14.670000076293945,20.0,52.0,,,,,"{""1stEdition"": {""low"": 40.79, ""mid"": 51.99, ""high"": 2594.5, ""market"": 48.96, ""directLow"": 69.95}}",16.1605,5.0754,9.7355,0.0,9.227999687194824,17.2333,16.299,1.7187,1.9494,1.9494,1.1535,2026-08-09
bw11-21,Ninetales,normal,Legendary Treasures,21,Rare,Satoshi Shirai,Stage 1,38,Pokémon,2013/11/06,"tcgplayer,cardmarket",https://prices.pokemontcg.io/tcgplayer/bw11-21,https://images.pokemontcg.io/bw11/21_hires.png,2026/08/08,2026/07/01,2.49,1.0,1.3600000143051147,19.979999542236328,,18.16,,,,2.7569,1.1535,2.7223,28.2607,3.4489998817443848,2.8491,2.3531,28.826,18.3407,9.6663,1.1535,2026-08-09
xy8-13,Scatterbug,normal,BREAKthrough,13,Common,Sumiyoshi Kizuki,Basic,664,Pokémon,2015/11/04,"tcgplayer,cardmarket",https://prices.pokemontcg.io/tcgplayer/xy8-13,https://images.pokemontcg.io/xy8/13_hires.png,2026/08/08,2026/07/01,0.14,0.019999999552965164,0.20000000298023224,1000.0,,0.4,,,,0.1384,0.0231,0.15,0.6806,0.40369999408721924,0.1384,0.15,0.5652,0.6921,0.5421,1.1535,2026-08-09
xy2-22,Feebas,normal,Flashfire,22,Common,Shigenori Negishi,Basic,349,Pokémon,2014/05/07,"tcgplayer,cardmarket",https://prices.pokemontcg.io/tcgplayer/xy2-22,https://images.pokemontcg.io/xy2/22_hires.png,2026/08/08,2026/06/08,0.3,0.05000000074505806,0.25999999046325684,19.979999542236328,,0.58,,,,0.2076,0.0231,0.2538,0.5998,0.11540000140666962,0.1615,0.1846,1.1535,0.5191,0.4268,1.1535,2026-08-09
ex3-18,Ninjask,normal,Dragon,18,Rare,Hajime Kusajima,Stage 1,291,Pokémon,2003/11/24,"tcgplayer,cardmarket",https://prices.pokemontcg.io/tcgplayer/ex3-18,https://images.pokemontcg.io/ex3/18_hires.png,2026/08/08,2026/07/01,1.13,0.7300000190734863,1.0499999523162842,21.139999389648438,,19.82,,,,0.8651,0.0577,0.7844,0.0,0.945900022983551,0.8074,0.819,6.921,7.2209,3.3913,1.1535,2026-08-09
ex12-21,Magmar,normal,Legend Maker,21,Rare,Sumiyoshi Kizuki,Basic,126,Pokémon,2006/02/01,"tcgplayer,cardmarket",https://prices.pokemontcg.io/tcgplayer/ex12-21,https://images.pokemontcg.io/ex12/21_hires.png,2026/08/08,2026/07/01,3.6,2.0899999141693115,3.5999999046325684,38.5,,98.27,,,,2.7223,0.0923,2.3531,18.6406,2.134000062942505,1.9263,2.7684,8.8243,20.7399,15.0186,1.1535,2026-08-09
xy6-15,Talonflame,normal,Roaring Skies,15,Rare,Masakazu Fukuda,Stage 2,663,Pokémon,2015/05/06,"tcgplayer,cardmarket",https://prices.pokemontcg.io/tcgplayer/xy6-15,https://images.pokemontcg.io/xy6/15_hires.png,2026/08/08,2026/06/27,0.35,0.07000000029802322,0.3499999940395355,20.479999542236328,,0.55,,,,0.5537,0.0346,0.4268,0.9228,0.023099999874830246,0.2999,0.4729,0.5767,0.8651,0.7959,1.1535,2026-08-09
bw5-14,Torchic,normal,Dark Explorers,14,Common,Masakazu Fukuda,Basic,255,Pokémon,2012/05/09,"tcgplayer,cardmarket",https://prices.pokemontcg.io/tcgplayer/bw5-14,https://images.pokemontcg.io/bw5/14_hires.png,2026/08/08,2026/07/01,0.45,0.1899999976158142,0.44999998807907104,29.989999771118164,,6.98,,,,0.4153,0.0231,0.4499,1.315,0.6344000101089478,0.2538,0.4614,1.1535,1.4188,1.488,1.1535,2026-08-09
base4-20,Zapdos,holofoil,Base Set 2,20,Rare Holo,Ken Sugimori,Basic,145,Pokémon,2000/02/24,"tcgplayer,cardmarket",https://prices.pokemontcg.io/tcgplayer/base4-20,https://images.pokemontcg.io/base4/20_hires.png,2026/08/08,2026/07/01,39.56,20.0,40.22999954223633,299.4200134277344,,,,,,44.6289,8.2475,20.9476,0.0,28.260700225830078,48.4009,65.0689,28.826,38.1347,24.8118,1.1535,2026-08-09
swsh1-18,Dottler,normal,Sword & Shield,18,Uncommon,Misa Tsutsui,Stage 1,825,Pokémon,2020/02/07,"tcgplayer,cardmarket",https://prices.pokemontcg.io/tcgplayer/swsh1-18,https://images.pokemontcg.io/swsh1/18_hires.png,2026/08/08,2026/06/18,0.06,0.009999999776482582,0.1599999964237213,18.68000030517578,,0.33,,,,0.0807,0.0231,0.0577,0.7267,0.11540000140666962,0.1038,0.0923,0.9113,0.669,0.5998,1.1535,2026-08-09
base2-11,Snorlax,1stEditionHolofoil,Jungle,11,Rare Holo,Ken Sugimori,Basic,143,Pokémon,1999/06/16,"tcgplayer,cardmarket",https://prices.pokemontcg.io/tcgplayer/base2-11,https://images.pokemontcg.io/base2/11_hires.png,2026/08/08,2026/07/01,342.03,275.739990234375,500.1499938964844,600.0,,,,,"{""unlimitedHolofoil"": {""low"": 76.12, ""mid"": 120.75, ""high"": 699.67, ""market"": 154.98, ""directLow"": 329.2}}",81.7255,10.3815,101.831,0.0,18.45599937438965,142.2727,82.6944,24.6503,21.2129,20.44,1.1535,2026-08-09
bwp-BW11,Pansage,holofoil,BW Black Star Promos,BW11,Promo,Akira Komayama,Basic,511,Pokémon,2011/03/01,"tcgplayer,cardmarket",https://prices.pokemontcg.io/tcgplayer/bwp-BW11,https://images.pokemontcg.io/bwp/BW11_hires.png,2026/08/08,2026/07/01,3.02,2.119999885559082,7.090000152587891,96.75,,,,,,3.4605,1.8341,5.1215,0.0,3.4605000019073486,5.1677,4.1872,3.4605,2.1224,1.9609,1.1535,2026-08-09
np-8,Torchic,reverseHolofoil,Nintendo Black Star Promos,8,Promo,Atsuko Nishida,Basic,255,Pokémon,2003/10/01,"tcgplayer,cardmarket",https://prices.pokemontcg.io/tcgplayer/np-8,https://images.pokemontcg.io/np/8_hires.png,2026/08/08,2026/07/01,32.58,99.0,241.38999938964844,327.3900146484375,,,,,,24.7887,16.1375,0.0231,0.0,20.75149917602539,22.1357,126.3775,2.0648,2.5723,1.9609,1.1535,2026-08-09
sm10-11,Venomoth,normal,Unbroken Bonds,11,Rare,Mina Nakai,Stage 1,49,Pokémon,2019/05/03,"tcgplayer,cardmarket",https://prices.pokemontcg.io/tcgplayer/sm10-11,https://images.pokemontcg.io/sm10/11_hires.png,2026/08/08,2026/07/01,0.46,0.30000001192092896,0.4699999988079071,19.979999542236328,,0.68,,,,0.646,0.0577,1.0381,1.7995,0.8073999881744385,0.8882,0.7959,1.7302,1.6034,1.4073,1.1535,2026-08-09
basep-15,Cool Porygon,holofoil,Wizards Black Star Promos,15,Promo,Hiromichi Sugiyama,Basic,137,Pokémon,1999/07/01,"tcgplayer,cardmarket",https://prices.pokemontcg.io/tcgplayer/basep-15,https://images.pokemontcg.io/basep/15_hires.png,2026/08/08,2026/07/01,87.48,77.37999725341797,87.7300033569336,1399.989990234375,,,,,,72.8089,17.291,59.313,0.0,69.20999908447266,65.415,61.5046,14.3611,24.1774,25.7115,1.1535,2026-08-09
ex5-12,Milotic,holofoil,Hidden Legends,12,Rare Holo,Atsuko Nishida,Stage 1,350,Pokémon,2004/06/01,"tcgplayer,cardmarket",https://prices.pokemontcg.io/tcgplayer/ex5-12,https://images.pokemontcg.io/ex5/12_hires.png,2026/08/08,2026/07/01,71.76,44.0,83.0,699.7999877929688,,116.99,,,,28.1685,2.307,18.6867,29.5065,2.8838000297546387,21.3167,25.1463,8.8704,23.5775,20.5438,1.1535,2026-08-09
sm12-18,Rowlet,normal,Cosmic Eclipse,18,Common,Saya Tsuruta,Basic,722,Pokémon,2019/11/01,"tcgplayer,cardmarket",https://prices.pokemontcg.io/tcgplayer/sm12-18,https://images.pokemontcg.io/sm12/18_hires.png,2026/08/08,2026/06/05,0.28,0.03999999910593033,0.2800000011920929,20.0,,1.34,,,,0.1269,0.0231,0.0807,1.4765,0.03460000082850456,0.0807,0.1154,2.2955,2.1224,1.3381,1.1535,2026-08-09
base6-18,Venusaur,holofoil,Legendary Collection,18,Rare Holo,Mitsuhiro Arita,Stage 2,3,Pokémon,2002/05/24,"tcgplayer,cardmarket",https://prices.pokemontcg.io/tcgplayer/base6-18,https://images.pokemontcg.io/base6/18_hires.png,2026/08/08,2026/07/01,160.65,80.62000274658203,144.19000244140625,2008.989990234375,,799.99,,,,73.5126,18.4445,63.6963,326.2098,80.74500274658203,58.9323,73.674,392.1785,263.1595,378.5556,1.1535,2026-08-09
xy3-8,Shelmet,normal,Furious Fists,8,Common,sui,Basic,616,Pokémon,2014/08/13,"tcgplayer,cardmarket",https://prices.pokemontcg.io/tcgplayer/xy3-8,https://images.pokemontcg.io/xy3/8_hires.png,2026/08/08,2026/07/01,0.17,0.009999999776482582,0.20000000298023224,19.979999542236328,,0.41,,,,3.4605,2.307,3.5874,0.0,3.4605000019073486,4.0834,4.2103,2.2839,2.8722,2.8722,1.1535,2026-08-09
dp3-22,Arcanine,normal,Secret Wonders,22,Rare,Kouki Saitou,Stage 1,59,Pokémon,2007/11/01,"tcgplayer,cardmarket",https://prices.pokemontcg.io/tcgplayer/dp3-22,https://images.pokemontcg.io/dp3/22_hires.png,2026/08/08,2026/06/27,6.37,1.899999976158142,6.769999980926514,55.29999923706055,,35.6,,,,0.9228,0.0461,0.2999,4.614,0.28839999437332153,0.8767,1.6495,1.142,3.2067,4.4179,1.1535,2026-08-09
sm7-13,Nuzleaf,normal,Celestial Storm,13,Uncommon,Ken Sugimori,Stage 1,274,Pokémon,2018/08/03,"tcgplayer,cardmarket",https://prices.pokemontcg.io/tcgplayer/sm7-13,https://images.pokemontcg.io/sm7/13_hires.png,2026/08/08,2026/06/21,0.2,0.09000000357627869,0.25,19.979999542236328,,0.38,,,,0.1384,0.0231,0.1615,0.5075,0.09229999780654907,0.1384,0.1961,0.4614,0.4037,0.4845,1.1535,2026-08-09
xy4-17,Feraligatr,holofoil,Phantom Forces,17,Rare Holo,Shin Nagasawa,Stage 2,160,Pokémon,2014/11/05,"tcgplayer,cardmarket",https://prices.pokemontcg.io/tcgplayer/xy4-17,https://images.pokemontcg.io/xy4/17_hires.png,2026/08/08,2026/07/01,2.85,1.4900000095367432,2.1600000858306885,59.9900016784668,,3.32,,,,2.6415,0.1154,2.5954,2.2955,0.51910001039505,1.9033,2.5954,11.4197,6.0674,4.7755,1.1535,2026-08-09
dp2-11,Lumineon,holofoil,Mysterious Treasures,11,Rare Holo,Mitsuhiro Arita,Stage 1,457,Pokémon,2007/08/01,"tcgplayer,cardmarket",https://prices.pokemontcg.io/tcgplayer/dp2-11,https://images.pokemontcg.io/dp2/11_hires.png,2026/08/08,2026/07/01,7.36,3.0,6.940000057220459,64.9000015258789,,4.37,,,,2.7915,0.2884,4.0142,4.2333,3.4605000019073486,3.622,2.8145,0.7728,3.1952,2.2955,1.1535,2026-08-09
neo2-10,Scizor,1stEditionHolofoil,Neo Discovery,10,Rare Holo,Kimiya Masago,Stage 1,212,Pokémon,2001/06/01,"tcgplayer,cardmarket",https://prices.pokemontcg.io/tcgplayer/neo2-10,https://images.pokemontcg.io/neo2/10_hires.png,2026/08/08,2026/07/01,98.66,199.0,199.99000549316406,199.99000549316406,,,,,"{""unlimitedHolofoil"": {""low"": 50.0, ""mid"": 75.0, ""high"": 766.25, ""market"": 70.71, ""directLow"": 65.54}}",65.588,6.6788,34.9626,0.0,9.227999687194824,33.7976,66.6608,19.598,18.3868,25.377,1.1535,2026-08-09
dp6-9,Mamoswine,holofoil,Legends Awakened,9,Rare Holo,Kouki Saitou,Stage 2,473,Pokémon,2008/08/01,"tcgplayer,cardmarket",https://prices.pokemontcg.io/tcgplayer/dp6-9,https://images.pokemontcg.io/dp6/9_hires.png,2026/08/08,2026/06/30,12.95,7.869999885559082,10.1899995803833,122.19999694824219,,11.33,,,,2.2955,0.0577,2.953,3.1491,1.3726999759674072,2.5608,2.5262,9.228,3.2413,2.7569,1.1535,2026-08-09
ex9-19,Rhydon,normal,Emerald,19,Rare,Kouki Saitou,Stage 1,112,Pokémon,2005/05/01,"tcgplayer,cardmarket",https://prices.pokemontcg.io/tcgplayer/ex9-19,https://images.pokemontcg.io/ex9/19_hires.png,2026/08/08,2026/07/01,1.71,0.8999999761581421,1.9199999570846558,28.700000762939453,,28.99,,,,1.0497,0.0577,0.8651,45.3672,1.003499984741211,0.669,0.9113,40.3725,28.7568,18.5137,1.1535,2026-08-09
sm2-18,Turtonator-GX,holofoil,Guardians Rising,18,Rare Holo GX,5ban Graphics,Basic|GX,776,Pokémon,2017/05/05,"tcgplayer,cardmarket",https://prices.pokemontcg.io/tcgplayer/sm2-18,https://images.pokemontcg.io/sm2/18_hires.png,2026/08/08,2026/06/11,2.17,1.2000000476837158,2.1700000762939453,8.65999984741211,,,,,,2.3416,0.4037,2.5031,0.0,3.518199920654297,2.5377,2.3762,2.457,2.4916,2.4224,1.1535,2026-08-09
ecard3-H15,Machamp,holofoil,Skyridge,H15,Rare Holo,Naoyo Kimura,Stage 2,68,Pokémon,2003/05/12,"tcgplayer,cardmarket",https://prices.pokemontcg.io/tcgplayer/ecard3-H15,https://images.pokemontcg.io/ecard3/H15_hires.png,2026/08/01,2026/07/01,419.99,159.99000549316406,159.99000549316406,159.99000549316406,,,,,,77.942,34.605,103.5266,0.0,46.128501892089844,73.9624,128.3384,28.8375,124.901,53.3263,1.1535,2026-08-09
dpp-DP19,Darkrai LV.X,holofoil,DP Black Star Promos,DP19,Promo,Shizurow,Level-Up,491,Pokémon,2007/05/01,tcgplayer,https://prices.pokemontcg.io/tcgplayer/dpp-DP19,https://images.pokemontcg.io/dpp/DP19_hires.png,2026/08/08,,94.36,114.69000244140625,121.11000061035156,473.20001220703125,,,,,,,,,,,,,,,,,2026-08-09
dv1-21,Kyurem,holofoil,Dragon Vault,21,,Ryo Ueda,Basic,646,Pokémon,2012/10/05,"tcgplayer,cardmarket",https://prices.pokemontcg.io/tcgplayer/dv1-21,https://images.pokemontcg.io/dv1/21_hires.png,2026/08/08,2026/07/01,74.73,69.1500015258789,106.94999694824219,679.7999877929688,,,,,,80.745,20.763,64.3307,0.0,86.45480346679688,77.3191,56.5907,34.605,56.3485,43.7061,1.1535,2026-08-09
bw2-11,Whimsicott,normal,Emerging Powers,11,Uncommon,sui,Stage 1,547,Pokémon,2011/08/31,"tcgplayer,cardmarket",https://prices.pokemontcg.io/tcgplayer/bw2-11,https://images.pokemontcg.io/bw2/11_hires.png,2026/08/08,2026/07/01,0.37,0.15000000596046448,0.3700000047683716,19.979999542236328,,0.8,,,,0.346,0.0231,0.323,0.7382,0.23070000112056732,0.3576,0.3114,0.3691,0.646,0.7728,1.1535,2026-08-09
base5-16,Rocket's Sneak Attack,1stEditionHolofoil,Team Rocket,16,Rare Holo,Ken Sugimori,,,Trainer,2000/04/24,"tcgplayer,cardmarket",https://prices.pokemontcg.io/tcgplayer/base5-16,https://images.pokemontcg.io/base5/16_hires.png,2026/08/08,2026/07/01,41.05,34.349998474121094,42.279998779296875,444.79998779296875,,,,,"{""unlimitedHolofoil"": {""low"": 16.05, ""mid"": 20.45, ""high"": 219.8, ""market"": 21.89, ""directLow"": null}}",32.9324,4.614,40.3264,0.0,28.72209930419922,40.9377,33.5784,17.3025,15.0416,14.7071,1.1535,2026-08-09
xy0-12,Froakie,normal,Kalos Starter Set,12,,5ban Graphics,Basic,656,Pokémon,2013/11/08,"tcgplayer,cardmarket",https://prices.pokemontcg.io/tcgplayer/xy0-12,https://images.pokemontcg.io/xy0/12_hires.png,2026/08/08,2026/07/01,0.56,0.25,0.5,19.979999542236328,1.71,,,,,0.5421,0.0231,0.5652,0.0,0.57669997215271,0.4499,0.5537,7.9592,3.4836,3.4836,1.1535,2026-08-09
xy9-10,Growlithe,normal,BREAKpoint,10,Common,match,Basic,58,Pokémon,2016/02/03,"tcgplayer,cardmarket",https://prices.pokemontcg.io/tcgplayer/xy9-10,https://images.pokemontcg.io/xy9/10_hires.png,2026/08/08,2026/07/01,0.3,0.05000000074505806,0.2800000011920929,1000.0,,0.82,,,,0.1846,0.0231,0.1846,0.7613,0.28839999437332153,0.1384,0.1846,0.346,0.5306,0.8536,1.1535,2026-08-09
pl3-18,Camerupt,normal,Supreme Victors,18,Rare,Yukiko Baba,Stage 1,323,Pokémon,2009/08/19,"tcgplayer,cardmarket",https://prices.pokemontcg.io/tcgplayer/pl3-18,https://images.pokemontcg.io/pl3/18_hires.png,2026/08/08,2026/06/27,1.17,0.7300000190734863,1.2799999713897705,19.979999542236328,,3.24,,,,1.7533,0.1154,1.7418,0.8421,5.767499923706055,1.7533,1.165,1.1535,1.9379,2.3301,1.1535,2026-08-09
bw1-16,Tepig,normal,Black & White,16,Common,5ban Graphics,Basic,498,Pokémon,2011/04/25,"tcgplayer,cardmarket",https://prices.pokemontcg.io/tcgplayer/bw1-16,https://images.pokemontcg.io/bw1/16_hires.png,2026/08/08,2026/06/27,0.38,0.14000000059604645,0.3400000035762787,19.979999542236328,,1.68,,,,0.2192,0.0231,0.2653,1.2112,0.28839999437332153,0.2999,0.2653,1.6149,1.3727,1.7879,1.1535,2026-08-09
ex10-18,Ursaring,holofoil,Unseen Forces,18,Rare Holo,Atsuko Nishida,Stage 1,217,Pokémon,2005/08/01,"tcgplayer,cardmarket",https://prices.pokemontcg.io/tcgplayer/ex10-18,https://images.pokemontcg.io/ex10/18_hires.png,2026/08/08,2026/07/01,26.78,16.0,37.18000030517578,300.1000061035156,,50.2,,,,8.8012,1.7302,10.7391,42.2988,28.826000213623047,13.992,9.5856,5.7675,22.2279,17.1064,1.1535,2026-08-09
xy7-19,Magikarp,normal,Ancient Origins,19,Common,Akira Komayama,Basic,129,Pokémon,2015/08/12,"tcgplayer,cardmarket",https://prices.pokemontcg.io/tcgplayer/xy7-19,https://images.pokemontcg.io/xy7/19_hires.png,2026/08/08,2026/06/25,0.29,0.05000000074505806,0.30000001192092896,1000.0,,3.07,,,,0.5191,0.0231,0.0231,0.9689,0.023099999874830246,0.1384,0.3691,1.7302,1.4995,1.488,1.1535,2026-08-09
ex14-16,Combusken,normal,Crystal Guardians,16,Rare,Suwama Chiaki,Stage 1,256,Pokémon,2006/08/01,"tcgplayer,cardmarket",https://prices.pokemontcg.io/tcgplayer/ex14-16,https://images.pokemontcg.io/ex14/16_hires.png,2026/08/08,2026/07/01,1.19,0.8199999928474426,1.149999976158142,19.979999542236328,,21.45,,,,2.2724,0.1154,2.7107,12.6078,0.57669997215271,2.3877,2.0186,2.1916,9.4587,7.567,1.1535,2026-08-09
swsh3-11,Rowlet,normal,Darkness Ablaze,11,Common,HYOGONOSUKE,Basic,722,Pokémon,2020/08/14,"tcgplayer,cardmarket",https://prices.pokemontcg.io/tcgplayer/swsh3-11,https://images.pokemontcg.io/swsh3/11_hires.png,2026/08/08,2026/06/30,0.05,0.019999999552965164,0.15000000596046448,25.059999465942383,,0.23,,,,0.0692,0.0231,0.0923,0.3345,0.08070000261068344,0.0923,0.0577,0.2076,0.2538,0.2999,1.1535,2026-08-09
smp-SM12,Passimian,holofoil,SM Black Star Promos,SM12,Promo,Naoki Saito,Basic,766,Pokémon,2017/02/03,"tcgplayer,cardmarket",https://prices.pokemontcg.io/tcgplayer/smp-SM12,https://images.pokemontcg.io/smp/SM12_hires.png,2026/08/08,2026/07/01,9.66,8.149999618530273,9.569999694824219,90.30000305175781,,,,,,14.9609,4.614,16.1836,0.0,6.9095001220703125,12.7462,20.1055,9.1703,7.2094,8.3398,1.1535,2026-08-09
hgss1-20,Feraligatr,normal,HeartGold & SoulSilver,20,Rare,kawayoo,Stage 2,160,Pokémon,2010/02/10,"tcgplayer,cardmarket",https://prices.pokemontcg.io/tcgplayer/hgss1-20,https://images.pokemontcg.io/hgss1/20_hires.png,2026/08/08,2026/06/27,9.07,6.0,10.569999694824219,114.9000015258789,,49.95,,,,3.8412,0.0577,3.7143,9.078,5.905900001525879,4.2795,4.6255,13.842,8.6512,7.7054,1.1535,2026-08-09
sma-SV11,Froakie,holofoil,Hidden Fates Shiny Vault,SV11,Rare Shiny,sui,Basic,656,Pokémon,2019/08/23,"tcgplayer,cardmarket",https://prices.pokemontcg.io/tcgplayer/sma-SV11,https://images.pokemontcg.io/sma/SV11_hires.png,2026/08/08,2026/07/01,9.2,5.0,9.6899995803833,194.39999389648438,,,,,,3.5182,2.2955,3.5989,3.4028,3.4374001026153564,2.8953,3.4259,3.4028,3.2413,3.5528,1.1535,2026-08-09
bw6-19,Ninetales,holofoil,Dragons Exalted,19,Rare Holo,Hideaki Hakozaki,Stage 1,38,Pokémon,2012/08/15,"tcgplayer,cardmarket",https://prices.pokemontcg.io/tcgplayer/bw6-19,https://images.pokemontcg.io/bw6/19_hires.png,2026/08/08,2026/06/27,9.75,4.0,10.0,137.89999389648438,,10.49,,,,5.0062,0.346,4.9716,5.7329,2.1916000843048096,4.2795,4.2218,8.6397,6.3327,5.2023,1.1535,2026-08-09
hgss3-15,Honchkrow,normal,HS—Undaunted,15,Rare,kawayoo,Stage 1,430,Pokémon,2010/08/18,"tcgplayer,cardmarket",https://prices.pokemontcg.io/tcgplayer/hgss3-15,https://images.pokemontcg.io/hgss3/15_hires.png,2026/08/08,2026/07/01,0.92,0.5799999833106995,0.9200000166893005,19.979999542236328,,6.38,,,,0.9343,0.2192,0.9459,2.653,0.51910001039505,0.9343,0.9228,3.0914,2.5031,2.9299,1.1535,2026-08-09
dp4-15,Claydol,normal,Great Encounters,15,Rare,Midori Harada,Stage 1,344,Pokémon,2008/02/01,"tcgplayer,cardmarket",https://prices.pokemontcg.io/tcgplayer/dp4-15,https://images.pokemontcg.io/dp4/15_hires.png,2026/08/08,2026/06/30,5.06,4.0,5.28000020980835,58.79999923706055,,6.76,,,,1.3381,0.1384,1.2458,2.6877,1.153499960899353,1.4649,1.2112,1.1535,2.4685,2.2378,1.1535,2026-08-09
bw7-18,Charmander,normal,Boundaries Crossed,18,Common,Akira Komayama,Basic,4,Pokémon,2012/11/07,"tcgplayer,cardmarket",https://prices.pokemontcg.io/tcgplayer/bw7-18,https://images.pokemontcg.io/bw7/18_hires.png,2026/08/08,2026/07/01,3.18,1.75,2.5,30.600000381469727,,29.45,,,,3.4605,0.0231,3.0683,22.1933,1.8456000089645386,4.4179,3.2298,25.377,19.8748,11.7772,1.1535,2026-08-09
sm8-16,Shuckle,normal,Lost Thunder,16,Uncommon,Masakazu Fukuda,Basic,213,Pokémon,2018/11/02,"tcgplayer,cardmarket",https://prices.pokemontcg.io/tcgplayer/sm8-16,https://images.pokemontcg.io/sm8/16_hires.png,2026/08/08,2026/06/22,0.35,0.10000000149011612,0.3499999940395355,19.979999542236328,,1.16,,,,0.2076,0.0231,0.173,1.1535,0.17299999296665192,0.15,0.1961,1.1535,0.9343,0.9343,1.1535,2026-08-09
ex4-19,Team Magma's Camerupt,normal,Team Magma vs Team Aqua,19,Rare,Katsura Tabata,Stage 1,323,Pokémon,2004/03/01,"tcgplayer,cardmarket",https://prices.pokemontcg.io/tcgplayer/ex4-19,https://images.pokemontcg.io/ex4/19_hires.png,2026/08/08,2026/07/01,3.41,2.490000009536743,3.299999952316284,60.0,,19.98,,,,1.7995,0.2307,1.7418,8.4552,0.57669997215271,1.4649,2.0071,18.4445,8.9281,7.094,1.1535,2026-08-09
ex15-9,Pinsir δ,holofoil,Dragon Frontiers,9,Rare Holo,Yukiko Baba,Basic,127,Pokémon,2006/11/01,"tcgplayer,cardmarket",https://prices.pokemontcg.io/tcgplayer/ex15-9,https://images.pokemontcg.io/ex15/9_hires.png,2026/08/08,2026/07/01,23.7,15.989999771118164,34.9900016784668,247.89999389648438,,54.23,,,,11.3389,2.0648,10.6237,21.1437,8.062999725341797,11.0275,8.0976,17.1871,20.1286,17.7639,1.1535,2026-08-09
ex6-13,Rapidash,normal,FireRed & LeafGreen,13,Rare Holo,Ken Sugimori,Stage 1,78,Pokémon,2004/09/01,"tcgplayer,cardmarket",https://prices.pokemontcg.io/tcgplayer/ex6-13,https://images.pokemontcg.io/ex6/13_hires.png,2026/08/08,2026/07/01,31.0,19.8799991607666,646.0,647.7000122070312,62.77,64.05,,,,20.613,1.7302,20.1055,24.9848,5.75600004196167,11.1428,18.0061,25.377,25.4924,16.7027,1.1535,2026-08-09
ex8-17,Deoxys,normal,Deoxys,17,Rare,Hironobu Yoshida,Basic,386,Pokémon,2005/02/01,"tcgplayer,cardmarket",https://prices.pokemontcg.io/tcgplayer/ex8-17,https://images.pokemontcg.io/ex8/17_hires.png,2026/08/08,2026/07/01,8.75,6.5,12.0,298.4200134277344,,149.21,,,,9.401,1.0381,11.4543,317.2125,5.190700054168701,4.6601,6.9325,8.0745,73.328,54.226,1.1535,2026-08-09
col1-19,Palkia,holofoil,Call of Legends,19,Rare Holo,Daisuke Iwamoto,Basic,484,Pokémon,2011/02/09,"tcgplayer,cardmarket",https://prices.pokemontcg.io/tcgplayer/col1-19,https://images.pokemontcg.io/col1/19_hires.png,2026/08/08,2026/06/27,18.93,10.430000305175781,19.899999618530273,84.0,,10.0,,,,6.1943,0.4614,13.4383,11.039,1.6956000328063965,7.4055,11.2236,23.0123,18.0869,10.1623,1.1535,2026-08-09
swshp-SWSH009,Cinccino,holofoil,SWSH Black Star Promos,SWSH009,Promo,Shibuzoh.,Stage 1,573,Pokémon,2019/11/15,"tcgplayer,cardmarket",https://prices.pokemontcg.io/tcgplayer/swshp-SWSH009,https://images.pokemontcg.io/swshp/SWSH009_hires.png,2026/08/08,2026/06/28,127.85,194.0,195.0,1599.9000244140625,,,,,,17.3025,9.228,16.0567,0.0,9.227999687194824,17.6601,19.4134,6.921,10.4507,13.0346,1.1535,2026-08-09
xyp-XY09,Garchomp-EX,holofoil,XY Black Star Promos,XY09,Promo,Ryo Ueda,Basic|EX,445,Pokémon,2013/10/12,"tcgplayer,cardmarket",https://prices.pokemontcg.io/tcgplayer/xyp-XY09,https://images.pokemontcg.io/xyp/XY09_hires.png,2026/08/08,2026/07/01,16.12,9.0,16.93000030517578,193.39999389648438,,,,,,5.0177,0.9805,5.2946,0.0,5.652200222015381,5.3522,5.1446,2.7107,4.5563,4.6832,1.1535,2026-08-09
bw4-19,Lampent,normal,Next Destinies,19,Uncommon,Midori Harada,Stage 1,608,Pokémon,2012/02/08,"tcgplayer,cardmarket",https://prices.pokemontcg.io/tcgplayer/bw4-19,https://images.pokemontcg.io/bw4/19_hires.png,2026/08/08,2026/06/22,0.31,0.10000000149011612,0.28999999165534973,19.979999542236328,,0.57,,,,0.2076,0.0231,0.2768,0.8651,0.4499000012874603,0.2653,0.2538,1.0958,0.7498,0.7267,1.1535,2026-08-09
ex1-11,Sceptile,holofoil,Ruby & Sapphire,11,Rare Holo,Midori Harada,Stage 2,254,Pokémon,2003/07/01,"tcgplayer,cardmarket",https://prices.pokemontcg.io/tcgplayer/ex1-11,https://images.pokemontcg.io/ex1/11_hires.png,2026/08/08,2026/07/01,81.97,60.0,189.99000549316406,539.9000244140625,,80.12,,,,31.6059,2.307,30.0487,19.7248,21.916500091552734,29.1951,38.4808,6.5173,15.3185,15.9183,1.1535,2026-08-09
pl4-17,Gengar,normal,Arceus,17,Rare,Mitsuhiro Arita,Stage 2,94,Pokémon,2009/11/04,"tcgplayer,cardmarket",https://prices.pokemontcg.io/tcgplayer/pl4-17,https://images.pokemontcg.io/pl4/17_hires.png,2026/08/08,2026/07/01,58.52,34.59000015258789,57.86000061035156,604.9000244140625,,108.49,,,,14.6379,4.441,13.6574,93.1221,5.75600004196167,13.9804,15.7222,161.4323,50.0965,44.7904,1.1535,2026-08-09
xy12-11,Charizard,holofoil,Evolutions,11,Rare Holo,Mitsuhiro Arita,Stage 2,6,Pokémon,2016/11/02,"tcgplayer,cardmarket",https://prices.pokemontcg.io/tcgplayer/xy12-11,https://images.pokemontcg.io/xy12/11_hires.png,2026/08/08,2026/07/01,101.99,76.0,107.30000305175781,10000.0,,102.04,,,,187.6744,33.4515,191.6425,81.1372,98.04750061035156,121.7404,168.3187,40.361,81.91,116.3305,1.1535,2026-08-09
neo1-11,Meganium,1stEditionHolofoil,Neo Genesis,11,Rare Holo,Ken Sugimori,Stage 2,154,Pokémon,2000/12/16,"tcgplayer,cardmarket",https://prices.pokemontcg.io/tcgplayer/neo1-11,https://images.pokemontcg.io/neo1/11_hires.png,2026/08/08,2026/07/01,229.53,399.989990234375,1074.969970703125,1965.699951171875,,,,,"{""unlimitedHolofoil"": {""low"": 61.0, ""mid"": 103.15, ""high"": 9999.0, ""market"": 104.16, ""directLow"": null}}",49.9812,10.3815,42.4027,0.0,63.442501068115234,48.4239,58.4709,17.291,15.1339,21.928,1.1535,2026-08-09
hsp-HGSS10,Latias,holofoil,HGSS Black Star Promos,HGSS10,Promo,Wataru Kawahara,Basic,380,Pokémon,2010/02/10,tcgplayer,https://prices.pokemontcg.io/tcgplayer/hsp-HGSS10,https://images.pokemontcg.io/hsp/HGSS10_hires.png,2026/08/08,,46.71,31.68000030517578,41.0,59.9900016784668,,,,,,,,,,,,,,,,,2026-08-09
hgss2-18,Lanturn,normal,HS—Unleashed,18,Rare,sui,Stage 1,171,Pokémon,2010/05/12,"tcgplayer,cardmarket",https://prices.pokemontcg.io/tcgplayer/hgss2-18,https://images.pokemontcg.io/hgss2/18_hires.png,2026/08/08,2026/06/27,0.98,0.699999988079071,1.0499999523162842,19.979999542236328,,4.53,,,,1.0843,0.1961,1.2227,2.0302,0.8766999840736389,1.0381,0.8421,2.307,2.653,1.9956,1.1535,2026-08-09
mcd16-9,Togepi,,McDonald's Collection 2016,9,,HiRON,Basic,175,Pokémon,2016/08/19,cardmarket,https://prices.pokemontcg.io/cardmarket/mcd16-9,https://images.pokemontcg.io/mcd16/9_hires.png,,2026/07/01,,,,,,,,,,7.1517,0.2307,7.6477,0.0,0.57669997215271,6.1943,5.756,5.9982,2.7915,1.7072,1.1535,2026-08-09
pop8-12,Chimchar,normal,POP Series 8,12,Common,Kagemaru Himeno,Basic,390,Pokémon,2008/09/01,"tcgplayer,cardmarket",https://prices.pokemontcg.io/tcgplayer/pop8-12,https://images.pokemontcg.io/pop8/12_hires.png,2026/08/08,2026/07/01,2.38,0.5600000023841858,2.2899999618530273,19.979999542236328,,35.0,,,,0.5998,0.2192,1.0035,0.0,0.28839999437332153,0.992,0.8536,46.1285,19.0328,19.0328,1.1535,2026-08-09
sm9-20,Litten,normal,Team Up,20,Common,sui,Basic,725,Pokémon,2019/02/01,"tcgplayer,cardmarket",https://prices.pokemontcg.io/tcgplayer/sm9-20,https://images.pokemontcg.io/sm9/20_hires.png,2026/08/08,2026/05/16,0.28,0.029999999329447746,0.25,19.979999542236328,,0.43,,,,0.1038,0.0231,0.0923,0.6921,0.17299999296665192,0.1269,0.1154,0.4499,0.646,0.6114,1.1535,2026-08-09
bw3-11,Shelmet,normal,Noble Victories,11,Common,Midori Harada,Basic,616,Pokémon,2011/11/16,"tcgplayer,cardmarket",https://prices.pokemontcg.io/tcgplayer/bw3-11,https://images.pokemontcg.io/bw3/11_hires.png,2026/08/08,2026/07/01,0.24,0.09000000357627869,0.25,19.979999542236328,,0.71,,,,0.173,0.0231,0.1961,0.5767,0.1615000069141388,0.15,0.15,0.1154,0.7728,0.646,1.1535,2026-08-09
bw10-21,Snorunt,normal,Plasma Blast,21,Common,Kyoko Umemoto,Basic,361,Pokémon,2013/08/14,"tcgplayer,cardmarket",https://prices.pokemontcg.io/tcgplayer/bw10-21,https://images.pokemontcg.io/bw10/21_hires.png,2026/08/08,2026/06/22,0.26,0.009999999776482582,0.25,23.489999771118164,,0.57,,,,0.1846,0.0231,0.2307,1.142,0.11540000140666962,0.2076,0.2192,1.4995,1.0612,0.819,1.1535,2026-08-09
dc1-10,Team Magma's Baltoy,normal,Double Crisis,10,Common,Mitsuhiro Arita,Basic,343,Pokémon,2015/03/25,"tcgplayer,cardmarket",https://prices.pokemontcg.io/tcgplayer/dc1-10,https://images.pokemontcg.io/dc1/10_hires.png,2026/08/08,2026/07/01,0.61,0.38999998569488525,0.5799999833106995,19.979999542236328,,3.0,,,,2.2263,0.4614,1.9609,10.0701,1.6726000308990479,1.8917,2.0648,1.7302,6.102,5.9521,1.1535,2026-08-09
ex16-9,Gardevoir,holofoil,Power Keepers,9,Rare Holo,Midori Harada,Stage 2,282,Pokémon,2007/02/02,"tcgplayer,cardmarket",https://prices.pokemontcg.io/tcgplayer/ex16-9,https://images.pokemontcg.io/ex16/9_hires.png,2026/08/08,2026/07/01,29.63,21.860000610351562,31.049999237060547,289.3500061035156,,53.33,,,,7.7284,0.5767,5.3292,22.8624,6.921000003814697,7.094,8.582,11.5235,22.8624,17.5563,1.1535,2026-08-09
pop3-16,Pichu Bros.,normal,POP Series 3,16,Common,Kagemaru Himeno,Basic,172,Pokémon,2006/04/01,"tcgplayer,cardmarket",https://prices.pokemontcg.io/tcgplayer/pop3-16,https://images.pokemontcg.io/pop3/16_hires.png,2026/08/08,2026/07/01,80.61,115.0,155.0,647.0999755859375,,,,,,23.243,5.7675,41.2607,0.0,10.381500244140625,52.1151,32.0096,2.307,10.1277,10.1277,1.1535,2026-08-09
xy11-21,Talonflame BREAK,holofoil,Steam Siege,21,Rare BREAK,5ban Graphics,BREAK,663,Pokémon,2016/08/03,"tcgplayer,cardmarket",https://prices.pokemontcg.io/tcgplayer/xy11-21,https://images.pokemontcg.io/xy11/21_hires.png,2026/08/08,2026/06/22,5.39,3.4800000190734863,5.389999866485596,43.099998474121094,,,,,,11.4773,1.1535,17.0603,0.0,4.037300109863281,23.9351,8.5936,4.0257,4.6371,3.1606,1.1535,2026-08-09
pop4-17,Deoxys ex,normal,POP Series 4,17,Rare,Hiromichi Sugiyama,Basic|ex,386,Pokémon,2006/08/01,"tcgplayer,cardmarket",https://prices.pokemontcg.io/tcgplayer/pop4-17,https://images.pokemontcg.io/pop4/17_hires.png,2026/08/02,2026/07/01,299.0,250.0,250.0,250.0,,,,,,311.445,288.375,267.3813,0.0,311.44500732421875,270.911,190.5813,173.025,173.025,173.025,1.1535,2026-08-09
pl2-15,Beedrill,normal,Rising Rivals,15,Rare,Kagemaru Himeno,Stage 2,15,Pokémon,2009/05/16,"tcgplayer,cardmarket",https://prices.pokemontcg.io/tcgplayer/pl2-15,https://images.pokemontcg.io/pl2/15_hires.png,2026/08/08,2026/07/01,1.0,0.6200000047683716,1.0,19.979999542236328,,2.9,,,,0.4729,0.0231,0.3345,4.4294,0.23070000112056732,0.4499,0.496,1.5918,3.3798,2.0994,1.1535,2026-08-09
ex7-19,Dark Tyranitar,normal,Team Rocket Returns,19,Rare,Nakaoka,Stage 2,248,Pokémon,2004/11/01,"tcgplayer,cardmarket",https://prices.pokemontcg.io/tcgplayer/ex7-19,https://images.pokemontcg.io/ex7/19_hires.png,2026/08/08,2026/07/01,73.38,38.9900016784668,69.98999786376953,79.98999786376953,,241.07,,,,28.7221,2.307,24.9041,151.097,32.18259811401367,37.8463,27.511,334.515,187.8705,134.0021,1.1535,2026-08-09
xy10-18,Omastar,normal,Fates Collide,18,Rare,Hasuno,Stage 1,139,Pokémon,2016/05/02,"tcgplayer,cardmarket",https://prices.pokemontcg.io/tcgplayer/xy10-18,https://images.pokemontcg.io/xy10/18_hires.png,2026/08/08,2026/06/30,0.39,0.17000000178813934,0.4099999964237213,2.990000009536743,,0.84,,,,0.5421,0.0346,0.4614,1.7764,0.34599998593330383,0.3807,0.5421,2.0763,1.6264,1.4765,1.1535,2026-08-09
ex13-16,Rayquaza δ,holofoil,Holon Phantoms,16,Rare Holo,Mitsuhiro Arita,Basic,384,Pokémon,2006/05/01,"tcgplayer,cardmarket",https://prices.pokemontcg.io/tcgplayer/ex13-16,https://images.pokemontcg.io/ex13/16_hires.png,2026/08/08,2026/07/01,283.19,314.1000061035156,999.989990234375,1099.989990234375,,387.49,,,,117.3225,29.991,133.2639,136.4821,69.20999908447266,64.8036,93.3066,149.955,173.0135,170.6488,1.1535,2026-08-09
neo4-18,Dark Magcargo,unlimited,Neo Destiny,18,Rare,Toshinao Aoki,Stage 1,219,Pokémon,2002/02/28,"tcgplayer,cardmarket",https://prices.pokemontcg.io/tcgplayer/neo4-18,https://images.pokemontcg.io/neo4/18_hires.png,2026/08/08,2026/07/01,3.88,1.9700000286102295,3.1500000953674316,96.94999694824219,,,,,"{""1stEdition"": {""low"": 17.75, ""mid"": 22.0, ""high"": 207.0, ""market"": 20.49, ""directLow"": null}}",3.4144,0.5767,3.2875,0.0,2.779900074005127,3.5643,3.3567,0.0,0.0,0.0,1.1535,2026-08-09
xy5-18,Illumise,normal,Primal Clash,18,Common,Tomokazu Komiya,Basic,314,Pokémon,2015/02/04,"tcgplayer,cardmarket",https://prices.pokemontcg.io/tcgplayer/xy5-18,https://images.pokemontcg.io/xy5/18_hires.png,2026/08/08,2026/07/01,0.4,0.07999999821186066,0.36000001430511475,19.979999542236328,,1.25,,,,0.5075,0.0231,0.3691,1.5111,0.46140000224113464,0.5306,0.4845,3.3451,1.638,1.4188,1.1535,2026-08-09
dp2-12,Magmortar,holofoil,Mysterious Treasures,12,Rare Holo,Hiroaki Ito,Stage 1,467,Pokémon,2007/08/01,"tcgplayer,cardmarket",https://prices.pokemontcg.io/tcgplayer/dp2-12,https://images.pokemontcg.io/dp2/12_hires.png,2026/08/08,2026/06/30,7.16,3.799999952316284,7.260000228881836,72.19999694824219,,5.12,,,,4.4294,0.2884,4.8216,7.8784,5.75600004196167,4.5333,3.7143,1.6841,4.1526,4.0603,1.1535,2026-08-09
sm35-10,Entei-GX,holofoil,Shining Legends,10,Rare Holo GX,5ban Graphics,Basic|GX,244,Pokémon,2017/10/06,"tcgplayer,cardmarket",https://prices.pokemontcg.io/tcgplayer/sm35-10,https://images.pokemontcg.io/sm35/10_hires.png,2026/08/08,2026/07/01,4.51,3.240000009536743,4.960000038146973,99.95999908447266,,,,,,3.6681,1.1535,3.622,0.0,2.699199914932251,3.6335,3.6335,4.6025,3.3913,3.4374,1.1535,2026-08-09
xy2-23,Milotic,holofoil,Flashfire,23,Rare Holo,Shin Nagasawa,Stage 1,350,Pokémon,2014/05/07,"tcgplayer,cardmarket",https://prices.pokemontcg.io/tcgplayer/xy2-23,https://images.pokemontcg.io/xy2/23_hires.png,2026/08/08,2026/06/08,1.82,0.75,1.7300000190734863,39.9900016784668,,3.22,,,,1.6034,0.0231,1.7649,3.3451,1.0728000402450562,1.6149,1.3035,1.0958,3.4605,2.0417,1.1535,2026-08-09
sm10-12,Venomoth-GX,holofoil,Unbroken Bonds,12,Rare Holo GX,5ban Graphics,Stage 1|GX,49,Pokémon,2019/05/03,"tcgplayer,cardmarket",https://prices.pokemontcg.io/tcgplayer/sm10-12,https://images.pokemontcg.io/sm10/12_hires.png,2026/08/08,2026/07/01,4.74,2.240000009536743,5.0,42.56999969482422,,,,,,7.3132,0.6806,8.0976,0.0,8.07450008392334,7.9476,7.1171,2.307,3.5297,3.2298,1.1535,2026-08-09
ex13-17,Vileplume δ,holofoil,Holon Phantoms,17,Rare Holo,Mitsuhiro Arita,Stage 2,45,Pokémon,2006/05/01,"tcgplayer,cardmarket",https://prices.pokemontcg.io/tcgplayer/ex13-17,https://images.pokemontcg.io/ex13/17_hires.png,2026/08/08,2026/07/01,34.25,17.1200008392334,40.0,374.8999938964844,,65.6,,,,7.7977,3.4605,3.5412,32.1134,6.0559000968933105,7.0594,12.2502,14.984,31.2714,21.8242,1.1535,2026-08-09
ex1-12,Slaking,holofoil,Ruby & Sapphire,12,Rare Holo,Ken Sugimori,Stage 2,289,Pokémon,2003/07/01,"tcgplayer,cardmarket",https://prices.pokemontcg.io/tcgplayer/ex1-12,https://images.pokemontcg.io/ex1/12_hires.png,2026/08/08,2026/07/01,19.74,12.670000076293945,24.989999771118164,204.89999389648438,,22.41,,,,10.6814,0.5767,11.5811,5.9867,5.75600004196167,14.9609,11.1197,0.8651,5.5599,7.6708,1.1535,2026-08-09
gym1-18,Misty,1stEditionHolofoil,Gym Heroes,18,Rare Holo,Ken Sugimori,,,Trainer,2000/08/14,"tcgplayer,cardmarket",https://prices.pokemontcg.io/tcgplayer/gym1-18,https://images.pokemontcg.io/gym1/18_hires.png,2026/08/08,2026/07/01,170.68,168.99000549316406,179.60000610351562,1697.93994140625,,,,,"{""unlimitedHolofoil"": {""low"": 43.0, ""mid"": 62.41, ""high"": 4318.77, ""market"": 67.98, ""directLow"": 71.92}}",64.2269,16.0913,62.9004,0.0,49.60049819946289,63.3502,66.3609,23.0585,21.5128,18.9405,1.1535,2026-08-09
bw6-20,Magmar,normal,Dragons Exalted,20,Common,Kagemaru Himeno,Basic,126,Pokémon,2012/08/15,"tcgplayer,cardmarket",https://prices.pokemontcg.io/tcgplayer/bw6-20,https://images.pokemontcg.io/bw6/20_hires.png,2026/08/08,2026/06/27,0.3,0.10000000149011612,0.30000001192092896,17.860000610351562,,3.79,,,,0.323,0.0231,0.3345,1.0035,0.8305000066757202,0.3345,0.2653,0.4614,1.2227,1.2573,1.1535,2026-08-09
hgss1-21,Furret,normal,HeartGold & SoulSilver,21,Rare,MAHOU,Stage 1,162,Pokémon,2010/02/10,"tcgplayer,cardmarket",https://prices.pokemontcg.io/tcgplayer/hgss1-21,https://images.pokemontcg.io/hgss1/21_hires.png,2026/08/08,2026/06/27,8.27,4.989999771118164,8.75,99.9000015258789,,11.91,,,,2.2378,0.1154,2.3993,11.6965,4.025700092315674,2.0071,2.1224,11.5235,8.0284,5.4099,1.1535,2026-08-09
xy1-19,Gogoat,holofoil,XY,19,Rare Holo,5ban Graphics,Stage 1,673,Pokémon,2014/02/05,"tcgplayer,cardmarket",https://prices.pokemontcg.io/tcgplayer/xy1-19,https://images.pokemontcg.io/xy1/19_hires.png,2026/08/08,2026/06/27,0.92,0.25,0.9200000166893005,29.989999771118164,,0.81,,,,2.2839,0.346,2.2147,2.3762,1.4419000148773193,2.134,1.4303,2.2955,2.1109,1.6495,1.1535,2026-08-09
smp-SM13,Oranguru,holofoil,SM Black Star Promos,SM13,Promo,Mitsuhiro Arita,Basic,765,Pokémon,2017/02/03,"tcgplayer,cardmarket",https://prices.pokemontcg.io/tcgplayer/smp-SM13,https://images.pokemontcg.io/smp/SM13_hires.png,2026/08/08,2026/07/01,19.73,34.5099983215332,64.47000122070312,199.4600067138672,,,,,,46.14,23.0585,31.4444,0.0,16.137500762939453,32.298,23.4853,20.7053,14.7648,15.7568,1.1535,2026-08-09
neo2-11,Smeargle,1stEditionHolofoil,Neo Discovery,11,Rare Holo,Hironobu Yoshida,Basic,235,Pokémon,2001/06/01,"tcgplayer,cardmarket",https://prices.pokemontcg.io/tcgplayer/neo2-11,https://images.pokemontcg.io/neo2/11_hires.png,2026/08/08,2026/07/01,118.74,60.0,89.9000015258789,109.98999786376953,,,,,"{""unlimitedHolofoil"": {""low"": 34.99, ""mid"": 53.54, ""high"": 120.0, ""market"": 50.99, ""directLow"": null}}",39.0575,5.7675,27.4418,0.0,20.416900634765625,36.3237,37.3388,18.4445,8.9742,17.3602,1.1535,2026-08-09
sm5-21,Chimchar,normal,Ultra Prism,21,Common,Kouki Saitou,Basic,390,Pokémon,2018/02/02,"tcgplayer,cardmarket",https://prices.pokemontcg.io/tcgplayer/sm5-21,https://images.pokemontcg.io/sm5/21_hires.png,2026/08/08,2026/06/08,0.07,0.05000000074505806,0.25,19.979999542236328,,0.52,,,,0.1269,0.0231,0.0923,0.5767,0.05770000070333481,0.0807,0.1269,0.4383,0.5306,0.5075,1.1535,2026-08-09
ecard1-11,Fearow,holofoil,Expedition Base Set,11,Rare Holo,Kyoko Umemoto,Stage 1,22,Pokémon,2002/09/15,"tcgplayer,cardmarket",https://prices.pokemontcg.io/tcgplayer/ecard1-11,https://images.pokemontcg.io/ecard1/11_hires.png,2026/08/08,2026/07/01,98.14,63.0,370.45001220703125,1007.5,,29.69,,,,50.9501,5.7675,1.6264,16.149,46.13999938964844,42.4257,87.3661,10.9467,17.2102,17.0833,1.1535,2026-08-09
sm6-13,Heatran,normal,Forbidden Light,13,Rare,tetsuya koizumi,Basic,485,Pokémon,2018/05/04,"tcgplayer,cardmarket",https://prices.pokemontcg.io/tcgplayer/sm6-13,https://images.pokemontcg.io/sm6/13_hires.png,2026/08/08,2026/06/27,0.26,0.18000000715255737,0.3199999928474426,16.760000228881836,,0.46,,,,0.346,0.0577,0.4729,0.7382,0.46140000224113464,0.3576,0.3576,0.8536,0.7152,0.8421,1.1535,2026-08-09
col1-20,Rayquaza,holofoil,Call of Legends,20,Rare Holo,Ryo Ueda,Basic,384,Pokémon,2011/02/09,"tcgplayer,cardmarket",https://prices.pokemontcg.io/tcgplayer/col1-20,https://images.pokemontcg.io/col1/20_hires.png,2026/08/08,2026/06/27,536.45,265.0,629.9500122070312,1649.9000244140625,,143.32,,,,55.6679,1.811,52.0575,48.9315,28.72209930419922,70.0867,40.857,56.5215,48.9315,36.6236,1.1535,2026-08-09
sma-SV12,Frogadier,holofoil,Hidden Fates Shiny Vault,SV12,Rare Shiny,Anesaki Dynamic,Stage 1,657,Pokémon,2019/08/23,"tcgplayer,cardmarket",https://prices.pokemontcg.io/tcgplayer/sma-SV12,https://images.pokemontcg.io/sma/SV12_hires.png,2026/08/08,2026/07/01,6.91,2.990000009536743,7.0,120.19000244140625,,,,,,4.5217,2.0763,5.3176,0.0,3.4489998817443848,3.5528,4.3026,3.4028,7.6131,4.9485,1.1535,2026-08-09
base6-19,Zapdos,holofoil,Legendary Collection,19,Rare Holo,Ken Sugimori,Basic,145,Pokémon,2002/05/24,"tcgplayer,cardmarket",https://prices.pokemontcg.io/tcgplayer/base6-19,https://images.pokemontcg.io/base6/19_hires.png,2026/08/08,2026/07/01,43.36,39.9900016784668,79.94999694824219,4318.77001953125,,412.99,,,,20.0363,4.9024,18.3522,313.752,57.6172981262207,18.629,21.6627,396.804,221.7719,196.8448,1.1535,2026-08-09
basep-16,Computer Error,normal,Wizards Black Star Promos,16,Promo,Sumiyoshi Kizuki,Rocket's Secret Machine,,Trainer,1999/07/01,"tcgplayer,cardmarket",https://prices.pokemontcg.io/tcgplayer/basep-16,https://images.pokemontcg.io/basep/16_hires.png,2026/08/08,2026/07/01,6.69,3.549999952316284,7.46999979019165,94.0,,,,,,8.9512,1.1304,8.4552,0.0,3.9219000339508057,16.1951,8.5705,0.2192,0.2884,0.3345,1.1535,2026-08-09
pop3-17,Ho-Oh ex,normal,POP Series 3,17,Rare,Mitsuhiro Arita,Basic|ex,250,Pokémon,2006/04/01,"tcgplayer,cardmarket",https://prices.pokemontcg.io/tcgplayer/pop3-17,https://images.pokemontcg.io/pop3/17_hires.png,2026/08/08,2026/07/01,116.66,49.95000076293945,90.73999786376953,900.0,,,,,,65.415,4.614,49.9927,0.0,11.53499984741211,33.8552,40.707,79.5915,15.4108,8.6051,1.1535,2026-08-09
hgss3-16,Honchkrow,normal,HS—Undaunted,16,Rare,Masakazu Fukuda,Stage 1,430,Pokémon,2010/08/18,"tcgplayer,cardmarket",https://prices.pokemontcg.io/tcgplayer/hgss3-16,https://images.pokemontcg.io/hgss3/16_hires.png,2026/08/08,2026/07/01,0.49,0.25,0.49000000953674316,18.559999465942383,,2.99,,,,0.7036,0.0461,0.5537,3.3336,1.153499960899353,0.7959,0.669,0.7036,2.653,4.3487,1.1535,2026-08-09
ex11-20,Azurill,normal,Delta Species,20,Rare,Midori Harada,Basic,298,Pokémon,2005/10/31,"tcgplayer,cardmarket",https://prices.pokemontcg.io/tcgplayer/ex11-20,https://images.pokemontcg.io/ex11/20_hires.png,2026/08/08,2026/06/28,10.19,7.5,14.40999984741211,89.80000305175781,,46.33,,,,4.464,1.3842,5.5945,15.7568,6.344200134277344,5.8252,4.7293,15.5261,16.8296,11.3966,1.1535,2026-08-09
sm75-16,Horsea,normal,Dragon Majesty,16,Common,Mizue,Basic,116,Pokémon,2018/09/07,"tcgplayer,cardmarket",https://prices.pokemontcg.io/tcgplayer/sm75-16,https://images.pokemontcg.io/sm75/16_hires.png,2026/08/08,2026/06/28,0.28,0.10000000149011612,0.28999999165534973,19.979999542236328,,1.31,,,,0.1846,0.0231,0.1846,5.756,0.023099999874830246,0.1384,0.1615,5.756,2.0878,1.488,1.1535,2026-08-09
dc1-11,Team Magma's Claydol,holofoil,Double Crisis,11,Rare Holo,Masakazu Fukuda,Stage 1,344,Pokémon,2015/03/25,"tcgplayer,cardmarket",https://prices.pokemontcg.io/tcgplayer/dc1-11,https://images.pokemontcg.io/dc1/11_hires.png,2026/08/08,2026/07/01,2.79,0.9900000095367432,2.25,22.520000457763672,,10.47,,,,5.5829,1.1535,4.3141,11.535,2.4570000171661377,4.5333,3.7835,11.535,5.9636,4.4871,1.1535,2026-08-09
base1-18,Dragonair,normal,Base,18,Rare,Mitsuhiro Arita,Stage 1,148,Pokémon,1999/01/09,"tcgplayer,cardmarket",https://prices.pokemontcg.io/tcgplayer/base1-18,https://images.pokemontcg.io/base1/18_hires.png,2026/08/08,2026/07/01,18.5,8.0,11.970000267028809,146.27000427246094,,,,,,33.8091,20.1863,66.3955,0.0,34.59349822998047,59.809,86.2126,0.0,0.0,0.0,1.1535,2026-08-09
bw7-19,Charmeleon,normal,Boundaries Crossed,19,Uncommon,Masakazu Fukuda,Stage 1,5,Pokémon,2012/11/07,"tcgplayer,cardmarket",https://prices.pokemontcg.io/tcgplayer/bw7-19,https://images.pokemontcg.io/bw7/19_hires.png,2026/08/08,2026/07/01,2.23,0.8500000238418579,2.0999999046325684,40.75,,8.34,,,,2.8491,0.1154,1.6841,10.3815,0.7958999872207642,4.1872,2.6761,11.2466,9.1819,7.7169,1.1535,2026-08-09
swsh2-13,Abomasnow,normal,Rebel Clash,13,Rare,Kazuma Koda,Stage 1,460,Pokémon,2020/05/01,"tcgplayer,cardmarket",https://prices.pokemontcg.io/tcgplayer/swsh2-13,https://images.pokemontcg.io/swsh2/13_hires.png,2026/08/08,2026/06/29,0.28,0.05000000074505806,0.2800000011920929,20.0,,0.44,,,,0.1154,0.0231,0.1615,0.7267,0.57669997215271,0.1615,0.1846,1.142,0.7498,0.9228,1.1535,2026-08-09
ex4-20,Team Magma's Lairon,normal,Team Magma vs Team Aqua,20,Rare,Hiromichi Sugiyama,Stage 1,305,Pokémon,2004/03/01,"tcgplayer,cardmarket",https://prices.pokemontcg.io/tcgplayer/ex4-20,https://images.pokemontcg.io/ex4/20_hires.png,2026/08/08,2026/07/01,2.82,1.9199999570846558,3.369999885559082,37.20000076293945,,17.6,,,,2.1686,0.2307,2.5838,9.1127,1.038100004196167,2.2839,2.1109,9.1127,7.1748,5.1446,1.1535,2026-08-09
sm1-19,Steenee,normal,Sun & Moon,19,Uncommon,Mizue,Stage 1,762,Pokémon,2017/02/03,"tcgplayer,cardmarket",https://prices.pokemontcg.io/tcgplayer/sm1-19,https://images.pokemontcg.io/sm1/19_hires.png,2026/08/08,2026/06/27,0.16,0.009999999776482582,0.20000000298023224,19.979999542236328,,0.29,,,,0.0923,0.0231,0.0807,0.3922,0.10379999876022339,0.1154,0.1038,0.5767,0.4037,0.3807,1.1535,2026-08-09
g1-9,Pinsir,normal,Generations,9,Rare,Satoshi Shirai,Basic,127,Pokémon,2016/02/22,"tcgplayer,cardmarket",https://prices.pokemontcg.io/tcgplayer/g1-9,https://images.pokemontcg.io/g1/9_hires.png,2026/08/08,2026/07/01,0.33,0.09000000357627869,0.3499999940395355,19.989999771118164,,2.34,,,,0.4383,0.0231,0.4153,2.6184,0.5651999711990356,0.4729,0.3576,1.7302,2.5377,3.5412,1.1535,2026-08-09
ex16-10,Kabutops,holofoil,Power Keepers,10,Rare Holo,Ken Sugimori,Stage 2,141,Pokémon,2007/02/02,"tcgplayer,cardmarket",https://prices.pokemontcg.io/tcgplayer/ex16-10,https://images.pokemontcg.io/ex16/10_hires.png,2026/08/08,2026/07/01,17.02,14.0,17.989999771118164,219.8000030517578,,31.2,,,,6.0443,0.9228,7.0248,13.0576,8.07450008392334,6.0443,6.8172,10.3238,9.401,7.8553,1.1535,2026-08-09
pl4-18,Glalie,normal,Arceus,18,Rare,Hiroki Fuchino,Stage 1,362,Pokémon,2009/11/04,"tcgplayer,cardmarket",https://prices.pokemontcg.io/tcgplayer/pl4-18,https://images.pokemontcg.io/pl4/18_hires.png,2026/08/08,2026/07/01,1.03,0.3499999940395355,0.6600000262260437,2.0999999046325684,,2.94,,,,0.7152,0.0577,0.8305,6.9095,0.51910001039505,0.6921,0.7959,6.9095,2.63,1.9033,1.1535,2026-08-09
bw5-15,Torchic,normal,Dark Explorers,15,Common,Atsuko Nishida,Basic,255,Pokémon,2012/05/09,"tcgplayer,cardmarket",https://prices.pokemontcg.io/tcgplayer/bw5-15,https://images.pokemontcg.io/bw5/15_hires.png,2026/08/08,2026/06/27,0.46,0.4000000059604645,0.8700000047683716,34.0,,6.28,,,,0.2768,0.0231,0.2076,2.5723,0.28839999437332153,0.2192,0.4153,5.1907,3.0222,2.953,1.1535,2026-08-09
ex3-19,Salamence,normal,Dragon,19,Rare,Kouki Saitou,Stage 2,373,Pokémon,2003/11/24,"tcgplayer,cardmarket",https://prices.pokemontcg.io/tcgplayer/ex3-19,https://images.pokemontcg.io/ex3/19_hires.png,2026/08/08,2026/07/01,2.83,1.2799999713897705,2.990000009536743,96.94999694824219,,37.96,,,,49.7966,0.2884,34.9741,0.0,5.767499923706055,50.9155,52.9226,16.3912,16.3912,16.3912,1.1535,2026-08-09
dp4-16,Dialga,normal,Great Encounters,16,Rare,Daisuke Ito,Basic,483,Pokémon,2008/02/01,"tcgplayer,cardmarket",https://prices.pokemontcg.io/tcgplayer/dp4-16,https://images.pokemontcg.io/dp4/16_hires.png,2026/08/08,2026/06/30,2.51,1.0,3.25,33.0,,3.88,,,,1.3842,0.173,1.4995,2.1224,2.306999921798706,1.9379,1.4649,2.307,2.1455,3.1837,1.1535,2026-08-09
bw3-12,Accelgor,normal,Noble Victories,12,Rare,Kagemaru Himeno,Stage 1,617,Pokémon,2011/11/16,"tcgplayer,cardmarket",https://prices.pokemontcg.io/tcgplayer/bw3-12,https://images.pokemontcg.io/bw3/12_hires.png,2026/08/08,2026/07/01,0.95,0.25,0.8899999856948853,2.240000009536743,,0.87,,,,5.7675,2.7107,3.0683,0.0,5.767499923706055,3.7604,5.3292,1.142,2.2032,2.5146,1.1535,2026-08-09
xy7-20,Gyarados,normal,Ancient Origins,20,Rare,Shin Nagasawa,Stage 1,130,Pokémon,2015/08/12,"tcgplayer,cardmarket",https://prices.pokemontcg.io/tcgplayer/xy7-20,https://images.pokemontcg.io/xy7/20_hires.png,2026/08/08,2026/06/08,1.04,0.23999999463558197,0.9900000095367432,29.989999771118164,,4.39,,,,1.4765,0.2192,1.4073,5.5368,1.153499960899353,1.7187,1.6841,4.4871,4.5679,3.7143,1.1535,2026-08-09
ex5-13,Pinsir,holofoil,Hidden Legends,13,Rare Holo,Hajime Kusajima,Basic,127,Pokémon,2004/06/01,"tcgplayer,cardmarket",https://prices.pokemontcg.io/tcgplayer/ex5-13,https://images.pokemontcg.io/ex5/13_hires.png,2026/08/08,2026/07/01,19.65,13.039999961853027,119.66000366210938,198.92999267578125,,20.95,,,,7.6016,1.0381,6.7018,14.9955,4.383299827575684,6.8172,5.3407,10.9582,9.9662,7.7515,1.1535,2026-08-09
pl1-20,Bastiodon,normal,Platinum,20,Rare,Kagemaru Himeno,Stage 2,411,Pokémon,2009/02/11,"tcgplayer,cardmarket",https://prices.pokemontcg.io/tcgplayer/pl1-20,https://images.pokemontcg.io/pl1/20_hires.png,2026/08/08,2026/06/27,1.44,0.9399999976158142,1.2699999809265137,25.200000762939453,,5.75,,,,1.165,0.1154,1.1996,1.6956,2.0185999870300293,1.4995,1.3496,2.307,1.811,2.2378,1.1535,2026-08-09
sm9-21,Torracat,normal,Team Up,21,Uncommon,Sanosuke Sakuma,Stage 1,726,Pokémon,2019/02/01,"tcgplayer,cardmarket",https://prices.pokemontcg.io/tcgplayer/sm9-21,https://images.pokemontcg.io/sm9/21_hires.png,2026/08/08,2026/05/16,0.35,0.11999999731779099,0.3499999940395355,19.979999542236328,,0.42,,,,0.1154,0.0231,0.0577,0.6229,0.12690000236034393,0.1154,0.15,0.5652,0.5998,0.4845,1.1535,2026-08-09
base3-20,Gengar,unlimited,Fossil,20,Rare,Keiji Kinebuchi,Stage 2,94,Pokémon,1999/10/10,"tcgplayer,cardmarket",https://prices.pokemontcg.io/tcgplayer/base3-20,https://images.pokemontcg.io/base3/20_hires.png,2026/08/08,2026/07/01,40.99,22.989999771118164,35.0,198.0500030517578,,,,,"{""1stEdition"": {""low"": 68.0, ""mid"": 199.0, ""high"": 1551.78, ""market"": 100.98, ""directLow"": null}}",32.471,5.6522,25.9307,0.0,32.29800033569336,30.8561,33.613,6.3442,32.2173,26.4728,1.1535,2026-08-09
swsh1-19,Orbeetle,normal,Sword & Shield,19,Rare,Hitoshi Ariga,Stage 2,826,Pokémon,2020/02/07,"tcgplayer,cardmarket",https://prices.pokemontcg.io/tcgplayer/swsh1-19,https://images.pokemontcg.io/swsh1/19_hires.png,2026/08/08,2026/05/19,0.12,0.05000000074505806,0.23000000417232513,19.979999542236328,,0.36,,,,0.2768,0.0346,0.2884,1.0381,0.34599998593330383,0.2768,0.2538,0.5767,0.8767,0.8997,1.1535,2026-08-09
bw2-12,Whimsicott,normal,Emerging Powers,12,Rare,Mizue,Stage 1,547,Pokémon,2011/08/31,"tcgplayer,cardmarket",https://prices.pokemontcg.io/tcgplayer/bw2-12,https://images.pokemontcg.io/bw2/12_hires.png,2026/08/08,2026/07/01,1.66,0.6000000238418579,1.659999966621399,96.94999694824219,,4.88,,,,0.8882,0.0231,1.2112,0.6806,0.911300003528595,1.1074,0.9113,0.6806,1.8341,1.6726,1.1535,2026-08-09
sm8-17,Shuckle-GX,holofoil,Lost Thunder,17,Rare Holo GX,5ban Graphics,Basic|GX,213,Pokémon,2018/11/02,"tcgplayer,cardmarket",https://prices.pokemontcg.io/tcgplayer/sm8-17,https://images.pokemontcg.io/sm8/17_hires.png,2026/08/08,2026/06/22,10.95,5.28000020980835,11.0,61.81999969482422,,,,,,3.5989,0.8074,3.9796,0.0,2.7915000915527344,3.7373,3.7373,2.2955,2.653,2.7684,1.1535,2026-08-09
gym2-22,Brock's Dugtrio,unlimited,Gym Challenge,22,Rare,Ken Sugimori,Stage 1,51,Pokémon,2000/10/16,"tcgplayer,cardmarket",https://prices.pokemontcg.io/tcgplayer/gym2-22,https://images.pokemontcg.io/gym2/22_hires.png,2026/08/08,2026/07/01,9.62,7.5,9.5,116.36000061035156,,,,,"{""1stEdition"": {""low"": 14.0, ""mid"": 20.3, ""high"": 169.9, ""market"": 20.6, ""directLow"": null}}",11.1889,2.307,12.1925,0.0,6.344200134277344,10.0931,10.7968,9.228,3.4028,3.4028,1.1535,2026-08-09
sm4-12,Alolan Marowak,holofoil,Crimson Invasion,12,Rare Holo,Mitsuhiro Arita,Stage 1,105,Pokémon,2017/11/03,"tcgplayer,cardmarket",https://prices.pokemontcg.io/tcgplayer/sm4-12,https://images.pokemontcg.io/sm4/12_hires.png,2026/08/08,2026/07/01,0.85,0.30000001192092896,0.8899999856948853,18.920000076293945,,1.51,,,,1.142,0.2307,1.315,1.3035,1.153499960899353,1.0381,1.1996,1.6956,1.5111,1.3035,1.1535,2026-08-09
ex10-19,Vaporeon,holofoil,Unseen Forces,19,Rare Holo,Atsuko Nishida,Stage 1,134,Pokémon,2005/08/01,"tcgplayer,cardmarket",https://prices.pokemontcg.io/tcgplayer/ex10-19,https://images.pokemontcg.io/ex10/19_hires.png,2026/08/08,2026/07/01,115.3,80.91000366210938,100.0,945.9000244140625,,162.66,,,,31.2483,9.2165,23.1507,60.5587,17.302499771118164,26.9688,23.22,34.605,68.1142,82.7406,1.1535,2026-08-09
xy8-14,Spewpa,normal,BREAKthrough,14,Uncommon,Saya Tsuruta,Stage 1,665,Pokémon,2015/11/04,"tcgplayer,cardmarket",https://prices.pokemontcg.io/tcgplayer/xy8-14,https://images.pokemontcg.io/xy8/14_hires.png,2026/08/08,2026/06/30,0.24,0.10000000149011612,0.25,19.979999542236328,,0.69,,,,0.1961,0.0231,0.1038,0.5883,0.28839999437332153,0.2999,0.3691,1.0958,0.6921,0.5652,1.1535,2026-08-09
swshp-SWSH010,Gossifleur,holofoil,SWSH Black Star Promos,SWSH010,Promo,Naoki Saito,Basic,829,Pokémon,2019/11/15,"tcgplayer,cardmarket",https://prices.pokemontcg.io/tcgplayer/swshp-SWSH010,https://images.pokemontcg.io/swshp/SWSH010_hires.png,2026/08/08,2026/06/28,0.52,0.25,0.5400000214576721,3.0,,,,,,2.0071,0.5767,1.7533,0.0,2.306999921798706,2.0071,2.0532,4.5563,6.0443,6.0443,1.1535,2026-08-09
ex6-14,Slowbro,normal,FireRed & LeafGreen,14,Rare Holo,Yuka Morii,Stage 1,80,Pokémon,2004/09/01,"tcgplayer,cardmarket",https://prices.pokemontcg.io/tcgplayer/ex6-14,https://images.pokemontcg.io/ex6/14_hires.png,2026/08/08,2026/07/01,50.0,129.99000549316406,129.99000549316406,129.99000549316406,66.95,79.45,,,,21.6397,8.6397,32.471,47.5357,23.06999969482422,19.2981,47.1205,17.3025,44.6635,81.4025,1.1535,2026-08-09
bwp-BW12,Zorua,holofoil,BW Black Star Promos,BW12,Promo,Tomokazu Komiya,Basic,570,Pokémon,2011/03/01,"tcgplayer,cardmarket",https://prices.pokemontcg.io/tcgplayer/bwp-BW12,https://images.pokemontcg.io/bwp/BW12_hires.png,2026/08/08,2026/07/01,73.44,45.189998626708984,61.060001373291016,696.7999877929688,,,,,,48.9084,17.3025,38.3885,0.0,86.51249694824219,41.03,27.2457,5.1907,2.6992,1.984,1.1535,2026-08-09
hsp-HGSS11,Latios,holofoil,HGSS Black Star Promos,HGSS11,Promo,Wataru Kawahara,Basic,381,Pokémon,2010/02/10,tcgplayer,https://prices.pokemontcg.io/tcgplayer/hsp-HGSS11,https://images.pokemontcg.io/hsp/HGSS11_hires.png,2026/08/08,,31.88,20.209999084472656,52.0,299.989990234375,,,,,,,,,,,,,,,,,2026-08-09
swsh3-12,Dartrix,normal,Darkness Ablaze,12,Uncommon,Mitsuhiro Arita,Stage 1,723,Pokémon,2020/08/14,"tcgplayer,cardmarket",https://prices.pokemontcg.io/tcgplayer/swsh3-12,https://images.pokemontcg.io/swsh3/12_hires.png,2026/08/08,2026/06/30,0.02,0.009999999776482582,0.17000000178813934,25.040000915527344,,0.22,,,,0.0807,0.0231,0.0692,0.2422,0.05770000070333481,0.0923,0.0577,0.2307,0.1961,0.3345,1.1535,2026-08-09
bw10-22,Glalie,normal,Plasma Blast,22,Uncommon,5ban Graphics,Stage 1|Team Plasma,362,Pokémon,2013/08/14,"tcgplayer,cardmarket",https://prices.pokemontcg.io/tcgplayer/bw10-22,https://images.pokemontcg.io/bw10/22_hires.png,2026/08/08,2026/06/22,0.4,0.10000000149011612,0.38999998569488525,19.979999542236328,,0.99,,,,0.4729,0.0231,0.4383,1.1535,0.05770000070333481,0.323,0.4037,2.8722,1.488,1.2112,1.1535,2026-08-09
np-9,Combusken,normal,Nintendo Black Star Promos,9,Promo,Kouki Saitou,Stage 1,256,Pokémon,2003/10/01,"tcgplayer,cardmarket",https://prices.pokemontcg.io/tcgplayer/np-9,https://images.pokemontcg.io/np/9_hires.png,2026/08/08,2026/07/01,107.5,150.0,524.5,967.8800048828125,,,,,,92.28,57.6635,109.0634,0.0,115.3499984741211,93.099,50.581,5.7098,5.4907,5.4907,1.1535,2026-08-09
xy9-11,Arcanine,normal,BREAKpoint,11,Uncommon,match,Stage 1,59,Pokémon,2016/02/03,"tcgplayer,cardmarket",https://prices.pokemontcg.io/tcgplayer/xy9-11,https://images.pokemontcg.io/xy9/11_hires.png,2026/08/08,2026/07/01,0.49,0.20000000298023224,0.4000000059604645,1000.0,,6.0,,,,0.4153,0.0346,0.2653,9.7009,0.05770000070333481,0.3807,0.4614,4.4986,9.3087,6.0443,1.1535,2026-08-09
base4-21,Beedrill,normal,Base Set 2,21,Rare,Ken Sugimori,Stage 2,15,Pokémon,2000/02/24,"tcgplayer,cardmarket",https://prices.pokemontcg.io/tcgplayer/base4-21,https://images.pokemontcg.io/base4/21_hires.png,2026/08/08,2026/07/01,3.0,0.5899999737739563,2.0,35.79999923706055,,,,,,1.9609,0.2307,2.6069,0.0,0.911300003528595,2.9876,2.3877,5.1215,3.1145,3.1145,1.1535,2026-08-09
sm7-14,Shiftry-GX,holofoil,Celestial Storm,14,Rare Holo GX,PLANETA Igarashi,Stage 2|GX,275,Pokémon,2018/08/03,"tcgplayer,cardmarket",https://prices.pokemontcg.io/tcgplayer/sm7-14,https://images.pokemontcg.io/sm7/14_hires.png,2026/08/08,2026/06/21,2.24,1.7899999618530273,2.3399999141693115,96.94999694824219,,,,,,3.4605,0.9228,3.1721,0.0,2.5376999378204346,2.9876,3.1837,3.4605,2.63,3.126,1.1535,2026-08-09
xy12-12,Charizard-EX,holofoil,Evolutions,12,Rare Holo EX,PLANETA,Basic|EX,6,Pokémon,2016/11/02,"tcgplayer,cardmarket",https://prices.pokemontcg.io/tcgplayer/xy12-12,https://images.pokemontcg.io/xy12/12_hires.png,2026/08/08,2026/07/01,16.42,9.510000228881836,17.989999771118164,500.0,,,,,,18.5598,5.1907,17.9369,0.0,16.92180061340332,18.0177,18.8713,26.4844,25.1578,28.8952,1.1535,2026-08-09
ecard2-H22,Slowking,holofoil,Aquapolis,H22,Rare Holo,Aya Kusube,Stage 1,199,Pokémon,2003/01/15,"tcgplayer,cardmarket",https://prices.pokemontcg.io/tcgplayer/ecard2-H22,https://images.pokemontcg.io/ecard2/H22_hires.png,2026/08/03,2026/07/01,274.5,178.58999633789062,178.58999633789062,178.58999633789062,,,,,,78.0112,23.0585,120.7138,0.0,74.96600341796875,78.4841,124.2666,26.519,21.2475,14.8686,1.1535,2026-08-09
sm2-19,Alolan Sandshrew,normal,Guardians Rising,19,Common,Mizue,Basic,27,Pokémon,2017/05/05,"tcgplayer,cardmarket",https://prices.pokemontcg.io/tcgplayer/sm2-19,https://images.pokemontcg.io/sm2/19_hires.png,2026/08/08,2026/06/11,0.21,0.05000000074505806,0.25,19.979999542236328,,0.68,,,,0.5767,0.1154,0.8074,0.0,0.9228000044822693,0.992,0.4383,0.2884,0.2884,0.2884,1.1535,2026-08-09
bw9-17,Reshiram,holofoil,Plasma Freeze,17,Rare Holo,Shin Nagasawa,Basic,643,Pokémon,2013/05/08,"tcgplayer,cardmarket",https://prices.pokemontcg.io/tcgplayer/bw9-17,https://images.pokemontcg.io/bw9/17_hires.png,2026/08/08,2026/07/01,7.1,4.010000228881836,14.0,99.98999786376953,,9.15,,,,4.441,0.8074,5.0754,6.7249,4.602499961853027,4.6717,5.8828,4.0373,5.7329,5.1677,1.1535,2026-08-09
sm12-19,Dartrix,normal,Cosmic Eclipse,19,Uncommon,Akira Komayama,Stage 1,723,Pokémon,2019/11/01,"tcgplayer,cardmarket",https://prices.pokemontcg.io/tcgplayer/sm12-19,https://images.pokemontcg.io/sm12/19_hires.png,2026/08/08,2026/06/05,0.26,0.07999999821186066,0.25,19.979999542236328,,0.41,,,,0.0923,0.0231,0.1269,0.8882,0.20759999752044678,0.173,0.1038,0.9689,0.8074,0.7959,1.1535,2026-08-09
ex14-17,Dusclops,normal,Crystal Guardians,17,Rare,Kagemaru Himeno,Stage 1,356,Pokémon,2006/08/01,"tcgplayer,cardmarket",https://prices.pokemontcg.io/tcgplayer/ex14-17,https://images.pokemontcg.io/ex14/17_hires.png,2026/08/08,2026/07/01,1.22,0.75,1.190000057220459,19.979999542236328,,16.26,,,,1.3842,0.1038,1.5226,9.3433,1.3035000562667847,1.2919,1.5457,16.149,14.3034,10.9698,1.1535,2026-08-09
ex8-18,Deoxys,normal,Deoxys,18,Rare,Hironobu Yoshida,Basic,386,Pokémon,2005/02/01,"tcgplayer,cardmarket",https://prices.pokemontcg.io/tcgplayer/ex8-18,https://images.pokemontcg.io/ex8/18_hires.png,2026/08/08,2026/07/01,12.24,9.0,24.0,329.94000244140625,,45.55,,,,4.0603,0.2307,4.118,28.826,1.7302000522613525,3.8527,3.9911,28.826,64.9536,34.5243,1.1535,2026-08-09
xy3-9,Accelgor,normal,Furious Fists,9,Uncommon,Shin Nagasawa,Stage 1,617,Pokémon,2014/08/13,"tcgplayer,cardmarket",https://prices.pokemontcg.io/tcgplayer/xy3-9,https://images.pokemontcg.io/xy3/9_hires.png,2026/08/08,2026/07/01,0.22,0.03999999910593033,0.25,19.979999542236328,,0.55,,,,0.1961,0.0231,0.1384,1.3035,0.09229999780654907,0.2076,0.1961,1.1535,1.315,0.8074,1.1535,2026-08-09
xy6-16,Articuno,normal,Roaring Skies,16,Rare,Naoki Saito,Basic,144,Pokémon,2015/05/06,"tcgplayer,cardmarket",https://prices.pokemontcg.io/tcgplayer/xy6-16,https://images.pokemontcg.io/xy6/16_hires.png,2026/08/08,2026/06/27,1.07,0.4399999976158142,0.8999999761581421,18.459999084472656,,2.66,,,,1.5803,0.1154,1.3611,3.3798,0.7958999872207642,1.4534,1.8571,5.7675,4.7409,3.5643,1.1535,2026-08-09
bw4-20,Chandelure,holofoil,Next Destinies,20,Rare Holo,5ban Graphics,Stage 2,609,Pokémon,2012/02/08,"tcgplayer,cardmarket",https://prices.pokemontcg.io/tcgplayer/bw4-20,https://images.pokemontcg.io/bw4/20_hires.png,2026/08/08,2026/06/22,1.78,0.6600000262260437,1.590000033378601,24.440000534057617,,2.75,,,,0.9343,0.0231,0.819,1.1189,1.0958000421524048,1.2919,1.0843,1.7302,1.3035,1.6264,1.1535,2026-08-09
hgss4-21,Elekid,normal,HS—Triumphant,21,Rare,TOKIYA,Basic,239,Pokémon,2010/11/03,"tcgplayer,cardmarket",https://prices.pokemontcg.io/tcgplayer/hgss4-21,https://images.pokemontcg.io/hgss4/21_hires.png,2026/08/08,2026/06/22,3.04,1.899999976158142,3.0,92.87999725341797,,11.43,,,,2.6761,0.3345,2.8491,6.425,5.1331000328063965,2.6415,2.4685,4.0373,5.7444,5.1215,1.1535,2026-08-09
sm11-11,Crustle,normal,Unified Minds,11,Rare,Tomokazu Komiya,Stage 1,558,Pokémon,2019/08/02,"tcgplayer,cardmarket",https://prices.pokemontcg.io/tcgplayer/sm11-11,https://images.pokemontcg.io/sm11/11_hires.png,2026/08/08,2026/06/29,0.69,0.2199999988079071,0.6899999976158142,19.979999542236328,,1.39,,,,0.5306,0.1154,0.9805,0.8882,1.7302000522613525,0.7613,0.6575,1.7187,0.9574,1.1304,1.1535,2026-08-09
bw1-17,Pignite,normal,Black & White,17,Uncommon,Kouki Saitou,Stage 1,499,Pokémon,2011/04/25,"tcgplayer,cardmarket",https://prices.pokemontcg.io/tcgplayer/bw1-17,https://images.pokemontcg.io/bw1/17_hires.png,2026/08/08,2026/06/27,0.66,0.23000000417232513,0.5,3.9800000190734863,,3.02,,,,0.2653,0.0231,0.3114,1.4303,0.23070000112056732,0.2999,0.4153,1.7187,1.1766,1.2689,1.1535,2026-08-09
neo3-17,Entei,unlimited,Neo Revelation,17,Rare,Naoyo Kimura,Basic,244,Pokémon,2001/09/21,"tcgplayer,cardmarket",https://prices.pokemontcg.io/tcgplayer/neo3-17,https://images.pokemontcg.io/neo3/17_hires.png,2026/08/08,2026/07/01,20.22,14.5,18.020000457763672,186.5800018310547,,,,,"{""1stEdition"": {""low"": 17.99, ""mid"": 83.5, ""high"": 849.0, ""market"": 82.45, ""directLow"": null}}",15.8029,1.1535,12.7462,0.0,20.174699783325195,17.6024,17.4178,33.44,10.1277,7.8784,1.1535,2026-08-09
ex15-10,Snorlax δ,holofoil,Dragon Frontiers,10,Rare Holo,Masakazu Fukuda,Basic,143,Pokémon,2006/11/01,"tcgplayer,cardmarket",https://prices.pokemontcg.io/tcgplayer/ex15-10,https://images.pokemontcg.io/ex15/10_hires.png,2026/08/08,2026/07/01,199.57,163.58999633789062,232.9499969482422,425.0,,334.76,,,,25.2963,8.0745,35.6662,60.6856,69.20999908447266,30.1756,45.3672,5.7675,60.155,83.052,1.1535,2026-08-09
dp1-19,Beautifly,normal,Diamond & Pearl,19,Rare,Atsuko Nishida,Stage 2,267,Pokémon,2007/05/01,"tcgplayer,cardmarket",https://prices.pokemontcg.io/tcgplayer/dp1-19,https://images.pokemontcg.io/dp1/19_hires.png,2026/08/08,2026/06/27,1.41,0.25,0.9700000286102295,19.979999542236328,,6.99,,,,0.9574,0.0231,0.8421,1.2919,0.1615000069141388,1.0035,0.8651,3.2875,1.3496,1.3727,1.1535,2026-08-09
mcd16-10,Dedenne,,McDonald's Collection 2016,10,,5ban Graphics,Basic,702,Pokémon,2016/08/19,cardmarket,https://prices.pokemontcg.io/cardmarket/mcd16-10,https://images.pokemontcg.io/mcd16/10_hires.png,,2026/07/01,,,,,,,,,,5.3984,0.0807,6.0905,0.0,0.2768000066280365,5.8713,7.094,0.5767,1.142,1.142,1.1535,2026-08-09
pl2-16,Bronzong E4,normal,Rising Rivals,16,Rare,Mitsuhiro Arita,Basic|SP,437,Pokémon,2009/05/16,"tcgplayer,cardmarket",https://prices.pokemontcg.io/tcgplayer/pl2-16,https://images.pokemontcg.io/pl2/16_hires.png,2026/08/08,2026/07/01,1.67,0.6299999952316284,1.5499999523162842,19.979999542236328,,2.16,,,,1.2804,0.1154,1.4188,2.7338,1.0843000411987305,1.488,1.1189,2.0763,2.8491,2.1801,1.1535,2026-08-09
ex12-22,Magneton,normal,Legend Maker,22,Rare,Hisao Nakamura,Stage 1,82,Pokémon,2006/02/01,"tcgplayer,cardmarket",https://prices.pokemontcg.io/tcgplayer/ex12-22,https://images.pokemontcg.io/ex12/22_hires.png,2026/08/08,2026/07/01,1.17,0.5,1.2000000476837158,19.979999542236328,,39.33,,,,0.7844,0.1154,0.6575,4.0373,0.2768000066280365,0.6229,1.0266,6.9095,17.3371,26.3229,1.1535,2026-08-09
sm3-17,Golisopod-GX,holofoil,Burning Shadows,17,Rare Holo GX,5ban Graphics,Stage 1|GX,768,Pokémon,2017/08/05,"tcgplayer,cardmarket",https://prices.pokemontcg.io/tcgplayer/sm3-17,https://images.pokemontcg.io/sm3/17_hires.png,2026/08/08,2026/06/25,1.61,0.7599999904632568,1.75,7.150000095367432,,,,,,4.0373,0.0,3.1491,0.0,4.037300109863281,3.622,3.3336,1.6149,1.6149,1.6149,1.1535,2026-08-09
neo1-12,Pichu,1stEditionHolofoil,Neo Genesis,12,Rare Holo,Ken Sugimori,Baby,172,Pokémon,2000/12/16,"tcgplayer,cardmarket",https://prices.pokemontcg.io/tcgplayer/neo1-12,https://images.pokemontcg.io/neo1/12_hires.png,2026/08/08,2026/07/01,290.45,319.989990234375,3099.989990234375,5999.990234375,,,,,"{""unlimitedHolofoil"": {""low"": 97.73, ""mid"": 120.4, ""high"": 1109.3, ""market"": 120.41, ""directLow"": null}}",65.3804,7.4977,103.169,0.0,17.440900802612305,88.2312,72.3706,15.7568,32.0327,36.2199,1.1535,2026-08-09
xy11-22,Litleo,normal,Steam Siege,22,Common,Kyoko Umemoto,Basic,667,Pokémon,2016/08/03,"tcgplayer,cardmarket",https://prices.pokemontcg.io/tcgplayer/xy11-22,https://images.pokemontcg.io/xy11/22_hires.png,2026/08/08,2026/06/22,0.12,0.009999999776482582,0.20000000298023224,1000.0,,0.3,,,,0.0807,0.0231,0.1038,0.2884,0.12690000236034393,0.0692,0.0807,0.1961,0.2538,0.2768,1.1535,2026-08-09
hgss2-19,Lucario,normal,HS—Unleashed,19,Rare,Kouki Saitou,Stage 1,448,Pokémon,2010/05/12,"tcgplayer,cardmarket",https://prices.pokemontcg.io/tcgplayer/hgss2-19,https://images.pokemontcg.io/hgss2/19_hires.png,2026/08/08,2026/06/27,5.91,3.5,5.570000171661377,63.0,,7.0,,,,1.5111,0.0577,1.6034,8.8358,1.153499960899353,2.1224,1.3381,1.1535,4.3718,7.3478,1.1535,2026-08-09
swsh4-15,Shaymin,holofoil,Vivid Voltage,15,Rare Holo,Shibuzoh.,Basic,492,Pokémon,2020/11/13,"tcgplayer,cardmarket",https://prices.pokemontcg.io/tcgplayer/swsh4-15,https://images.pokemontcg.io/swsh4/15_hires.png,2026/08/08,2026/06/22,0.32,0.03999999910593033,0.3499999940395355,999.989990234375,,0.3,,,,0.4268,0.0577,0.2884,0.6344,0.17299999296665192,0.3114,0.3922,0.5767,0.5767,0.5537,1.1535,2026-08-09
sm115-21,Voltorb,normal,Hidden Fates,21,Common,SATOSHI NAKAI,Basic,100,Pokémon,2019/08/23,"tcgplayer,cardmarket",https://prices.pokemontcg.io/tcgplayer/sm115-21,https://images.pokemontcg.io/sm115/21_hires.png,2026/08/08,2026/06/25,0.04,0.009999999776482582,0.18000000715255737,19.979999542236328,,0.34,,,,0.0461,0.0231,0.0692,0.2653,0.05770000070333481,0.0577,0.0577,0.2422,0.2884,0.323,1.1535,2026-08-09
xyp-XY10,Dragalge,holofoil,XY Black Star Promos,XY10,Promo,5ban Graphics,Stage 1,691,Pokémon,2013/10/12,"tcgplayer,cardmarket",https://prices.pokemontcg.io/tcgplayer/xyp-XY10,https://images.pokemontcg.io/xyp/XY10_hires.png,2026/08/08,2026/07/01,13.52,15.0,50.689998626708984,149.99000549316406,,,,,,7.7515,5.7675,10.4046,0.0,9.747099876403809,11.3274,8.9166,11.535,3.9219,3.3221,1.1535,2026-08-09
pop8-13,Croagunk,normal,POP Series 8,13,Common,Kouki Saitou,Basic,453,Pokémon,2008/09/01,"tcgplayer,cardmarket",https://prices.pokemontcg.io/tcgplayer/pop8-13,https://images.pokemontcg.io/pop8/13_hires.png,2026/08/08,2026/07/01,0.57,0.33000001311302185,0.6100000143051147,19.979999542236328,18.98,,,,,0.6344,0.0807,0.7728,0.8767,1.7187000513076782,0.6114,0.5652,0.2307,0.7613,0.9574,1.1535,2026-08-09
bw11-22,Moltres,holofoil,Legendary Treasures,22,Rare Holo,Mitsuhiro Arita,Basic,146,Pokémon,2013/11/06,"tcgplayer,cardmarket",https://prices.pokemontcg.io/tcgplayer/bw11-22,https://images.pokemontcg.io/bw11/22_hires.png,2026/08/08,2026/07/01,4.5,1.7100000381469727,4.480000019073486,44.0,,6.09,,,,7.8207,2.307,7.8323,0.0,4.037300109863281,6.9787,6.6672,15.1108,13.5882,7.1978,1.1535,2026-08-09
xy0-13,Frogadier,normal,Kalos Starter Set,13,,5ban Graphics,Stage 1,657,Pokémon,2013/11/08,"tcgplayer,cardmarket",https://prices.pokemontcg.io/tcgplayer/xy0-13,https://images.pokemontcg.io/xy0/13_hires.png,2026/08/08,2026/07/01,0.58,0.25,0.5799999833106995,19.979999542236328,3.01,,,,,1.5572,0.0231,1.0958,0.0,0.46140000224113464,1.5457,0.7844,1.3842,1.6956,1.6956,1.1535,2026-08-09
ex9-20,Seviper,normal,Emerald,20,Rare,Mitsuhiro Arita,Basic,336,Pokémon,2005/05/01,"tcgplayer,cardmarket",https://prices.pokemontcg.io/tcgplayer/ex9-20,https://images.pokemontcg.io/ex9/20_hires.png,2026/08/08,2026/07/01,2.33,1.5,2.3299999237060547,31.100000381469727,,23.0,,,,2.9414,0.2192,2.9068,10.9006,7.486199855804443,4.5563,2.134,11.5004,10.1162,13.346,1.1535,2026-08-09
pop2-12,Bulbasaur,normal,POP Series 2,12,Common,Midori Harada,Basic,1,Pokémon,2005/08/01,"tcgplayer,cardmarket",https://prices.pokemontcg.io/tcgplayer/pop2-12,https://images.pokemontcg.io/pop2/12_hires.png,2026/08/08,2026/07/01,47.2,39.9900016784668,59.97999954223633,9999.0,,,,,,22.2049,8.0745,20.4977,0.0,10.958200454711914,24.2927,24.5695,5.7675,5.7675,5.7675,1.1535,2026-08-09
base2-12,Vaporeon,1stEditionHolofoil,Jungle,12,Rare Holo,Kagemaru Himeno,Stage 1,134,Pokémon,1999/06/16,"tcgplayer,cardmarket",https://prices.pokemontcg.io/tcgplayer/base2-12,https://images.pokemontcg.io/base2/12_hires.png,2026/08/08,2026/07/01,10.99,176.8300018310547,239.99000549316406,1530.4000244140625,,,,,"{""unlimitedHolofoil"": {""low"": 24.0, ""mid"": 30.45, ""high"": 196.94, ""market"": 49.34, ""directLow"": null}}",20.6246,1.0381,21.0514,0.0,6.921000003814697,20.3247,19.9094,3.7489,8.6166,8.8358,1.1535,2026-08-09
neo4-19,Dark Omastar,unlimited,Neo Destiny,19,Rare,Tomokazu Komiya,Stage 2,139,Pokémon,2002/02/28,"tcgplayer,cardmarket",https://prices.pokemontcg.io/tcgplayer/neo4-19,https://images.pokemontcg.io/neo4/19_hires.png,2026/08/08,2026/07/01,17.55,14.930000305175781,30.0,249.89999389648438,,,,,"{""1stEdition"": {""low"": 50.0, ""mid"": 157.3, ""high"": 377.48, ""market"": 41.56, ""directLow"": 377.48}}",12.4001,5.7675,16.2874,0.0,23.035400390625,15.6069,16.4604,0.0,0.0,0.0,1.1535,2026-08-09
xy5-19,Trevenant-EX,holofoil,Primal Clash,19,Rare Holo EX,Eske Yoshinob,Basic|EX,709,Pokémon,2015/02/04,"tcgplayer,cardmarket",https://prices.pokemontcg.io/tcgplayer/xy5-19,https://images.pokemontcg.io/xy5/19_hires.png,2026/08/08,2026/07/01,2.7,1.2000000476837158,2.869999885559082,99.0,,,,,,4.5333,1.1535,4.8793,0.0,5.1331000328063965,4.6717,5.0062,1.9494,2.8261,2.8607,1.1535,2026-08-09
xy4-18,Finneon,normal,Phantom Forces,18,Common,Shigenori Negishi,Basic,456,Pokémon,2014/11/05,"tcgplayer,cardmarket",https://prices.pokemontcg.io/tcgplayer/xy4-18,https://images.pokemontcg.io/xy4/18_hires.png,2026/08/08,2026/07/01,0.24,0.05000000074505806,0.25,1000.0,,0.59,,,,0.1269,0.0231,0.1384,0.346,0.11540000140666962,0.1269,0.1269,0.346,0.5075,0.4845,1.1535,2026-08-09
dp6-10,Metagross,holofoil,Legends Awakened,10,Rare Holo,Kent Kanetsuna,Stage 2,376,Pokémon,2008/08/01,"tcgplayer,cardmarket",https://prices.pokemontcg.io/tcgplayer/dp6-10,https://images.pokemontcg.io/dp6/10_hires.png,2026/08/08,2026/06/30,21.96,8.75,11.850000381469727,172.6999969482422,,19.6,,,,2.1455,0.1154,3.4144,2.953,1.153499960899353,3.3336,2.2493,1.1535,2.3993,3.2529,1.1535,2026-08-09
ecard3-H16,Magcargo,holofoil,Skyridge,H16,Rare Holo,Hajime Kusajima,Stage 1,219,Pokémon,2003/05/12,"tcgplayer,cardmarket",https://prices.pokemontcg.io/tcgplayer/ecard3-H16,https://images.pokemontcg.io/ecard3/H16_hires.png,2026/06/21,2026/07/01,219.99,133.0,133.0,133.0,,,,,,72.3244,23.07,118.3837,0.0,46.128501892089844,65.2881,102.6154,20.6476,19.5864,17.5678,1.1535,2026-08-09
dp3-23,Banette,normal,Secret Wonders,23,Rare,Kouki Saitou,Stage 1,354,Pokémon,2007/11/01,"tcgplayer,cardmarket",https://prices.pokemontcg.io/tcgplayer/dp3-23,https://images.pokemontcg.io/dp3/23_hires.png,2026/08/08,2026/06/27,1.91,0.9399999976158142,1.8899999856948853,33.0,,6.56,,,,0.8651,0.1154,0.8651,1.4303,0.2653000056743622,1.0151,0.9343,1.1535,1.5226,1.8225,1.1535,2026-08-09
xy10-19,Omastar BREAK,holofoil,Fates Collide,19,Rare BREAK,5ban Graphics,BREAK,139,Pokémon,2016/05/02,"tcgplayer,cardmarket",https://prices.pokemontcg.io/tcgplayer/xy10-19,https://images.pokemontcg.io/xy10/19_hires.png,2026/08/08,2026/06/20,3.3,1.399999976158142,3.630000114440918,32.599998474121094,,,,,,2.7107,0.5767,2.7915,0.0,3.4605000019073486,2.3647,3.3221,4.0257,5.2254,3.6451,1.1535,2026-08-09
bw8-17,Infernape,holofoil,Plasma Storm,17,Rare Holo,5ban Graphics,Stage 2|Team Plasma,392,Pokémon,2013/02/06,"tcgplayer,cardmarket",https://prices.pokemontcg.io/tcgplayer/bw8-17,https://images.pokemontcg.io/bw8/17_hires.png,2026/08/08,2026/06/22,8.85,4.230000019073486,7.46999979019165,105.51000213623047,,14.68,,,,2.2378,0.346,2.4454,9.228,0.8421000242233276,2.5377,2.2839,20.763,10.3815,6.6096,1.1535,2026-08-09
xy3-10,Magmar,normal,Furious Fists,10,Common,MAHOU,Basic,126,Pokémon,2014/08/13,"tcgplayer,cardmarket",https://prices.pokemontcg.io/tcgplayer/xy3-10,https://images.pokemontcg.io/xy3/10_hires.png,2026/08/08,2026/07/01,0.2,0.029999999329447746,0.23000000417232513,1000.0,,0.47,,,,0.496,0.0231,0.2999,0.992,0.023099999874830246,0.8074,0.323,1.142,0.6921,0.646,1.1535,2026-08-09
dp4-17,Exploud,normal,Great Encounters,17,Rare,Daisuke Ito,Stage 2,295,Pokémon,2008/02/01,"tcgplayer,cardmarket",https://prices.pokemontcg.io/tcgplayer/dp4-17,https://images.pokemontcg.io/dp4/17_hires.png,2026/08/08,2026/06/30,1.34,0.38999998569488525,1.3300000429153442,19.979999542236328,,2.69,,,,0.8305,0.0461,0.646,3.7604,1.3841999769210815,0.646,0.9113,1.1535,3.126,2.5838,1.1535,2026-08-09
xy10-20,Glaceon-EX,holofoil,Fates Collide,20,Rare Holo EX,Ayaka Yoshida,Basic|EX,471,Pokémon,2016/05/02,"tcgplayer,cardmarket",https://prices.pokemontcg.io/tcgplayer/xy10-20,https://images.pokemontcg.io/xy10/20_hires.png,2026/08/08,2026/06/18,15.37,6.0,15.4399995803833,119.0,,,,,,17.7293,5.1792,18.0061,0.0,9.227999687194824,21.6166,16.0567,8.6512,7.8438,7.2209,1.1535,2026-08-09
bw10-23,Froslass,normal,Plasma Blast,23,Rare,5ban Graphics,Stage 1|Team Plasma,478,Pokémon,2013/08/14,"tcgplayer,cardmarket",https://prices.pokemontcg.io/tcgplayer/bw10-23,https://images.pokemontcg.io/bw10/23_hires.png,2026/08/08,2026/06/22,0.83,0.25,0.8500000238418579,19.979999542236328,,1.97,,,,0.7959,0.1154,0.8651,1.1304,0.7498000264167786,0.7844,0.8997,2.307,1.2919,1.9263,1.1535,2026-08-09
ecard2-H23,Steelix,holofoil,Aquapolis,H23,Rare Holo,Hajime Kusajima,Stage 1,208,Pokémon,2003/01/15,"tcgplayer,cardmarket",https://prices.pokemontcg.io/tcgplayer/ecard2-H23,https://images.pokemontcg.io/ecard2/H23_hires.png,2026/08/08,2026/07/01,299.95,179.99000549316406,215.0,250.0,,,,,,101.6349,22.9085,182.0223,0.0,173.02499389648438,169.8067,144.2221,10.3584,31.9173,28.6645,1.1535,2026-08-09
ex14-18,Fearow δ,normal,Crystal Guardians,18,Rare,Kouki Saitou,Stage 1,22,Pokémon,2006/08/01,"tcgplayer,cardmarket",https://prices.pokemontcg.io/tcgplayer/ex14-18,https://images.pokemontcg.io/ex14/18_hires.png,2026/08/08,2026/07/01,2.85,1.4800000190734863,2.8499999046325684,39.9900016784668,,27.12,,,,1.1996,0.0577,1.0728,20.3823,1.0266000032424927,1.4534,1.2804,17.3025,13.3575,16.8988,1.1535,2026-08-09
ex11-21,Holon's Electrode,normal,Delta Species,21,Rare,Hisao Nakamura,Stage 1,101,Pokémon,2005/10/31,"tcgplayer,cardmarket",https://prices.pokemontcg.io/tcgplayer/ex11-21,https://images.pokemontcg.io/ex11/21_hires.png,2026/08/08,2026/06/28,2.89,1.4900000095367432,3.0,33.5,,13.99,,,,1.0843,0.173,1.315,9.6663,1.61489999294281,1.142,1.2573,5.7098,9.6663,9.9432,1.1535,2026-08-09
sm4-13,Numel,normal,Crimson Invasion,13,Common,sui,Basic,322,Pokémon,2017/11/03,"tcgplayer,cardmarket",https://prices.pokemontcg.io/tcgplayer/sm4-13,https://images.pokemontcg.io/sm4/13_hires.png,2026/08/08,2026/07/01,0.19,0.009999999776482582,0.20000000298023224,19.979999542236328,,0.31,,,,0.0807,0.0231,0.0692,0.2538,0.11540000140666962,0.0577,0.0692,0.1038,0.1961,0.323,1.1535,2026-08-09
gym1-19,The Rocket's Trap,1stEditionHolofoil,Gym Heroes,19,Rare Holo,Ken Sugimori,,,Trainer,2000/08/14,"tcgplayer,cardmarket",https://prices.pokemontcg.io/tcgplayer/gym1-19,https://images.pokemontcg.io/gym1/19_hires.png,2026/08/08,2026/07/01,48.8,59.9900016784668,186.0,595.5,,,,,"{""unlimitedHolofoil"": {""low"": 19.66, ""mid"": 27.64, ""high"": 202.17, ""market"": 25.13, ""directLow"": 49.97}}",47.0513,11.5235,45.6555,0.0,29.97949981689453,34.3512,36.0007,13.2652,22.401,24.1774,1.1535,2026-08-09
base3-21,Haunter,unlimited,Fossil,21,Rare,Ken Sugimori,Stage 1,93,Pokémon,1999/10/10,"tcgplayer,cardmarket",https://prices.pokemontcg.io/tcgplayer/base3-21,https://images.pokemontcg.io/base3/21_hires.png,2026/08/08,2026/07/01,12.96,4.0,7.099999904632568,93.58999633789062,,,,,"{""1stEdition"": {""low"": 14.17, ""mid"": 20.0, ""high"": 218.6, ""market"": 25.09, ""directLow"": null}}",9.5048,0.9228,8.8243,0.0,1.153499960899353,10.3354,9.2741,13.842,19.0097,12.0541,1.1535,2026-08-09
dp5-11,Palkia,holofoil,Majestic Dawn,11,Rare Holo,Masakazu Fukuda,Basic,484,Pokémon,2008/05/01,"tcgplayer,cardmarket",https://prices.pokemontcg.io/tcgplayer/dp5-11,https://images.pokemontcg.io/dp5/11_hires.png,2026/08/08,2026/07/01,65.92,65.80000305175781,78.0,547.510009765625,,26.67,,,,17.3371,0.8074,17.5217,4.96,17.291000366210938,19.9555,14.3265,4.614,5.7675,8.5013,1.1535,2026-08-09
gym2-23,Giovanni's Nidoqueen,unlimited,Gym Challenge,23,Rare,Ken Sugimori,Stage 2,31,Pokémon,2000/10/16,"tcgplayer,cardmarket",https://prices.pokemontcg.io/tcgplayer/gym2-23,https://images.pokemontcg.io/gym2/23_hires.png,2026/08/08,2026/07/01,15.14,9.0,14.800000190734863,339.7900085449219,,,,,"{""1stEdition"": {""low"": 23.95, ""mid"": 31.92, ""high"": 291.7, ""market"": 31.46, ""directLow"": 49.99}}",19.8748,4.0373,21.5474,0.0,23.06999969482422,19.5864,19.7825,9.1703,6.0213,6.0213,1.1535,2026-08-09
bw4-21,Reshiram,normal,Next Destinies,21,Rare,5ban Graphics,Basic,643,Pokémon,2012/02/08,"tcgplayer,cardmarket",https://prices.pokemontcg.io/tcgplayer/bw4-21,https://images.pokemontcg.io/bw4/21_hires.png,2026/08/08,2026/06/22,0.72,0.3499999940395355,0.6200000047683716,19.979999542236328,,4.08,,,,1.2689,0.0461,1.1535,1.3727,0.11540000140666962,0.8997,0.8767,1.142,1.7764,2.6877,1.1535,2026-08-09
xy6-17,Articuno,normal,Roaring Skies,17,Rare,5ban Graphics,Basic,144,Pokémon,2015/05/06,"tcgplayer,cardmarket",https://prices.pokemontcg.io/tcgplayer/xy6-17,https://images.pokemontcg.io/xy6/17_hires.png,2026/08/08,2026/06/27,3.26,0.75,3.319999933242798,32.31999969482422,,8.93,,,,3.945,0.6921,4.96,7.7861,3.8642001152038574,3.9911,3.8412,10.9582,9.7701,9.897,1.1535,2026-08-09
base4-22,Dragonair,normal,Base Set 2,22,Rare,Mitsuhiro Arita,Stage 1,148,Pokémon,2000/02/24,"tcgplayer,cardmarket",https://prices.pokemontcg.io/tcgplayer/base4-22,https://images.pokemontcg.io/base4/22_hires.png,2026/08/08,2026/07/01,10.08,4.0,7.5,85.44000244140625,,,,,,8.1091,4.5909,10.393,0.0,8.062999725341797,9.874,9.6894,1.6034,1.6726,1.6726,1.1535,2026-08-09
base6-20,Beedrill,normal,Legendary Collection,20,Rare,Ken Sugimori,Stage 2,15,Pokémon,2002/05/24,"tcgplayer,cardmarket",https://prices.pokemontcg.io/tcgplayer/base6-20,https://images.pokemontcg.io/base6/20_hires.png,2026/08/08,2026/07/01,5.69,3.0,5.099999904632568,61.400001525878906,,149.99,,,,2.6992,0.6344,2.3877,86.4779,0.8651000261306763,2.1916,2.5954,67.9411,75.2659,71.9092,1.1535,2026-08-09
bw7-20,Charizard,holofoil,Boundaries Crossed,20,Rare Holo,hatachu,Stage 2,6,Pokémon,2012/11/07,"tcgplayer,cardmarket",https://prices.pokemontcg.io/tcgplayer/bw7-20,https://images.pokemontcg.io/bw7/20_hires.png,2026/08/08,2026/07/01,51.05,30.100000381469727,64.80000305175781,902.97998046875,,45.6,,,,41.2953,5.7675,48.8507,78.8187,23.06999969482422,42.3796,48.9315,100.9312,56.3831,46.0593,1.1535,2026-08-09
base5-17,Rainbow Energy,1stEditionHolofoil,Team Rocket,17,Rare Holo,Takumi Akabane,Special,,Energy,2000/04/24,"tcgplayer,cardmarket",https://prices.pokemontcg.io/tcgplayer/base5-17,https://images.pokemontcg.io/base5/17_hires.png,2026/08/08,2026/07/01,43.34,29.489999771118164,44.16999816894531,471.3399963378906,,,,,"{""unlimitedHolofoil"": {""low"": 16.97, ""mid"": 22.0, ""high"": 248.95, ""market"": 27.51, ""directLow"": 248.95}}",34.3166,6.921,34.3743,0.0,22.493200302124023,38.0078,35.5047,16.7142,21.409,18.3176,1.1535,2026-08-09
base2-13,Venomoth,1stEditionHolofoil,Jungle,13,Rare Holo,Ken Sugimori,Stage 1,49,Pokémon,1999/06/16,"tcgplayer,cardmarket",https://prices.pokemontcg.io/tcgplayer/base2-13,https://images.pokemontcg.io/base2/13_hires.png,2026/08/08,2026/07/01,89.35,46.0,59.9900016784668,899.0,,,,,"{""unlimitedHolofoil"": {""low"": 15.0, ""mid"": 21.99, ""high"": 266.85, ""market"": 37.18, ""directLow"": 49.99}}",35.92,4.614,26.5536,0.0,25.37700080871582,25.1578,31.2252,8.6166,14.1419,11.2466,1.1535,2026-08-09
pl3-19,Camerupt G,normal,Supreme Victors,19,Rare,Ryota Saito,Basic|SP,323,Pokémon,2009/08/19,"tcgplayer,cardmarket",https://prices.pokemontcg.io/tcgplayer/pl3-19,https://images.pokemontcg.io/pl3/19_hires.png,2026/08/08,2026/06/27,0.91,0.3799999952316284,0.9100000262260437,19.979999542236328,,5.79,,,,0.7613,0.0577,1.1074,1.811,0.46140000224113464,1.1535,0.646,3.4605,1.4534,2.1109,1.1535,2026-08-09
pop8-14,Happiny,normal,POP Series 8,14,Common,Yuka Morii,Basic,440,Pokémon,2008/09/01,"tcgplayer,cardmarket",https://prices.pokemontcg.io/tcgplayer/pop8-14,https://images.pokemontcg.io/pop8/14_hires.png,2026/08/08,2026/07/01,14.23,11.989999771118164,14.970000267028809,157.0,14.42,,,,,5.1331,2.8838,5.1331,0.0,6.332699775695801,5.2254,4.6947,2.307,1.2689,0.9805,1.1535,2026-08-09
ex15-11,Togetic δ,holofoil,Dragon Frontiers,11,Rare Holo,Kouki Saitou,Stage 1,176,Pokémon,2006/11/01,"tcgplayer,cardmarket",https://prices.pokemontcg.io/tcgplayer/ex15-11,https://images.pokemontcg.io/ex15/11_hires.png,2026/08/08,2026/07/01,21.26,24.979999542236328,27.09000015258789,234.89999389648438,,69.99,,,,12.0656,2.8838,18.8828,24.2696,24.223499298095703,10.6353,13.7843,36.3353,24.5349,20.0017,1.1535,2026-08-09
xy1-20,Slugma,normal,XY,20,Common,Kagemaru Himeno,Basic,218,Pokémon,2014/02/05,"tcgplayer,cardmarket",https://prices.pokemontcg.io/tcgplayer/xy1-20,https://images.pokemontcg.io/xy1/20_hires.png,2026/08/08,2026/06/25,0.25,0.10000000149011612,0.25,1000.0,,0.6,,,,1.3611,0.0231,0.8882,0.5767,0.10379999876022339,0.2307,1.0381,0.5652,0.6806,0.5075,1.1535,2026-08-09
sm6-14,Fennekin,normal,Forbidden Light,14,Common,Ken Sugimori,Basic,653,Pokémon,2018/05/04,"tcgplayer,cardmarket",https://prices.pokemontcg.io/tcgplayer/sm6-14,https://images.pokemontcg.io/sm6/14_hires.png,2026/08/08,2026/06/27,0.32,0.03999999910593033,0.30000001192092896,19.979999542236328,,0.49,,,,0.1615,0.0231,0.1269,0.6806,0.023099999874830246,0.1038,0.15,0.6344,0.646,0.6921,1.1535,2026-08-09
bw2-13,Petilil,normal,Emerging Powers,13,Common,Sumiyoshi Kizuki,Basic,548,Pokémon,2011/08/31,"tcgplayer,cardmarket",https://prices.pokemontcg.io/tcgplayer/bw2-13,https://images.pokemontcg.io/bw2/13_hires.png,2026/08/08,2026/07/01,0.31,0.14000000059604645,0.30000001192092896,1000.0,,1.59,,,,0.1384,0.0231,0.1384,0.8767,0.11540000140666962,0.1154,0.1384,0.5652,1.0381,0.9459,1.1535,2026-08-09
bw11-23,Victini,holofoil,Legendary Treasures,23,Rare Holo,Tomokazu Komiya,Basic,494,Pokémon,2013/11/06,"tcgplayer,cardmarket",https://prices.pokemontcg.io/tcgplayer/bw11-23,https://images.pokemontcg.io/bw11/23_hires.png,2026/08/08,2026/06/22,7.65,4.949999809265137,10.0,179.4600067138672,,14.02,,,,10.866,8.6512,11.0505,0.0,9.227999687194824,11.2351,11.9387,28.826,20.6707,13.6228,1.1535,2026-08-09
swshp-SWSH011,Wooloo,holofoil,SWSH Black Star Promos,SWSH011,Promo,Hitoshi Ariga,Basic,831,Pokémon,2019/11/15,"tcgplayer,cardmarket",https://prices.pokemontcg.io/tcgplayer/swshp-SWSH011,https://images.pokemontcg.io/swshp/SWSH011_hires.png,2026/08/08,2026/06/28,2.03,0.550000011920929,1.2899999618530273,6.0,,,,,,2.7453,1.0151,2.5608,0.0,2.8838000297546387,2.4454,2.3762,6.1712,10.7276,10.7276,1.1535,2026-08-09
swsh3-13,Decidueye,holofoil,Darkness Ablaze,13,Rare Holo,Ryota Murayama,Stage 2,724,Pokémon,2020/08/14,"tcgplayer,cardmarket",https://prices.pokemontcg.io/tcgplayer/swsh3-13,https://images.pokemontcg.io/swsh3/13_hires.png,2026/08/08,2026/06/30,0.27,0.10000000149011612,0.30000001192092896,19.979999542236328,,0.46,,,,0.3691,0.0231,0.3922,1.0843,0.57669997215271,0.346,0.4153,1.1535,1.0728,0.992,1.1535,2026-08-09
ex10-20,Chansey,normal,Unseen Forces,20,Rare,Yukiko Baba,Basic,113,Pokémon,2005/08/01,"tcgplayer,cardmarket",https://prices.pokemontcg.io/tcgplayer/ex10-20,https://images.pokemontcg.io/ex10/20_hires.png,2026/08/08,2026/07/01,4.46,3.390000104904175,4.949999809265137,50.0,,66.49,,,,2.5954,0.0577,3.2644,12.6885,0.57669997215271,3.126,1.9725,10.3815,19.1942,19.4941,1.1535,2026-08-09
sm11-12,Karrablast,normal,Unified Minds,12,Common,Ken Sugimori,Basic,588,Pokémon,2019/08/02,"tcgplayer,cardmarket",https://prices.pokemontcg.io/tcgplayer/sm11-12,https://images.pokemontcg.io/sm11/12_hires.png,2026/08/08,2026/06/25,0.14,0.009999999776482582,0.20000000298023224,19.979999542236328,,0.37,,,,0.0692,0.0231,0.0231,0.346,0.05770000070333481,0.0577,0.1038,0.2307,0.4037,0.4383,1.1535,2026-08-09
ex4-21,Team Magma's Mightyena,normal,Team Magma vs Team Aqua,21,Rare,Shin-ichi Yoshikawa,Stage 1,262,Pokémon,2004/03/01,"tcgplayer,cardmarket",https://prices.pokemontcg.io/tcgplayer/ex4-21,https://images.pokemontcg.io/ex4/21_hires.png,2026/08/08,2026/07/01,4.19,4.28000020980835,19.989999771118164,96.72000122070312,,16.49,,,,2.7453,0.323,3.2298,2.1109,6.344200134277344,2.4916,2.134,92.28,16.0683,19.7018,1.1535,2026-08-09
dc1-12,Team Magma's Aron,normal,Double Crisis,12,Common,Akira Komayama,Basic,304,Pokémon,2015/03/25,"tcgplayer,cardmarket",https://prices.pokemontcg.io/tcgplayer/dc1-12,https://images.pokemontcg.io/dc1/12_hires.png,2026/08/08,2026/07/01,2.17,1.059999942779541,2.0,19.979999542236328,,8.41,,,,3.4951,0.5767,4.0142,17.3025,2.630000114440918,3.2413,3.3336,17.3025,11.6619,10.7506,1.1535,2026-08-09
ex2-12,Shiftry,holofoil,Sandstorm,12,Rare Holo,Atsuko Nishida,Stage 2,275,Pokémon,2003/09/18,"tcgplayer,cardmarket",https://prices.pokemontcg.io/tcgplayer/ex2-12,https://images.pokemontcg.io/ex2/12_hires.png,2026/08/08,2026/07/01,35.86,22.399999618530273,37.36000061035156,438.6000061035156,,14.47,,,,12.0656,1.6149,15.7568,4.4525,12.677000045776367,9.7355,12.9769,4.0373,8.0976,6.8287,1.1535,2026-08-09
neo4-20,Dark Slowking,unlimited,Neo Destiny,20,Rare,Tomokazu Komiya,Stage 1,199,Pokémon,2002/02/28,"tcgplayer,cardmarket",https://prices.pokemontcg.io/tcgplayer/neo4-20,https://images.pokemontcg.io/neo4/20_hires.png,2026/08/08,2026/07/01,38.4,32.4900016784668,69.0,9999.0,,,,,"{""1stEdition"": {""low"": 200.0, ""mid"": 420.0, ""high"": 2098.5, ""market"": 140.14, ""directLow"": null}}",19.8863,8.0745,22.1241,0.0,46.9474983215332,28.4222,21.8011,4.614,2.8838,2.8838,1.1535,2026-08-09
sm10-13,Bellsprout,normal,Unbroken Bonds,13,Common,Ken Sugimori,Basic,69,Pokémon,2019/05/03,"tcgplayer,cardmarket",https://prices.pokemontcg.io/tcgplayer/sm10-13,https://images.pokemontcg.io/sm10/13_hires.png,2026/08/08,2026/07/01,0.1,0.029999999329447746,0.20999999344348907,19.979999542236328,,0.35,,,,0.1384,0.0231,0.1961,0.4383,0.28839999437332153,0.1615,0.1269,0.346,0.4729,0.4037,1.1535,2026-08-09
hgss3-17,Leafeon,normal,HS—Undaunted,17,Rare,Noriko Hotta,Stage 1,470,Pokémon,2010/08/18,"tcgplayer,cardmarket",https://prices.pokemontcg.io/tcgplayer/hgss3-17,https://images.pokemontcg.io/hgss3/17_hires.png,2026/08/08,2026/07/01,10.14,8.390000343322754,27.489999771118164,80.5999984741211,,24.99,,,,3.968,0.4614,7.2901,10.37,10.381500244140625,6.0789,5.6291,10.3815,14.3034,19.2981,1.1535,2026-08-09
dp7-11,Torterra,holofoil,Stormfront,11,Rare Holo,Masakazu Fukuda,Stage 2,389,Pokémon,2008/11/01,"tcgplayer,cardmarket",https://prices.pokemontcg.io/tcgplayer/dp7-11,https://images.pokemontcg.io/dp7/11_hires.png,2026/08/08,2026/07/01,13.22,8.890000343322754,15.0,157.39999389648438,,18.22,,,,5.1561,0.2307,4.6601,4.1872,5.75600004196167,5.1331,4.3718,2.4224,3.8296,4.9716,1.1535,2026-08-09
pop2-13,Cacnea,normal,POP Series 2,13,Common,Ken Sugimori,Basic,331,Pokémon,2005/08/01,"tcgplayer,cardmarket",https://prices.pokemontcg.io/tcgplayer/pop2-13,https://images.pokemontcg.io/pop2/13_hires.png,2026/08/08,2026/07/01,0.91,0.49000000953674316,1.090000033378601,19.979999542236328,,,,,,0.7959,0.173,0.5306,0.0,1.038100004196167,0.7728,0.7498,3.4605,1.8802,1.8802,1.1535,2026-08-09
ex7-20,Dark Tyranitar,normal,Team Rocket Returns,20,Rare,Kyoko Koizumi,Stage 2,248,Pokémon,2004/11/01,"tcgplayer,cardmarket",https://prices.pokemontcg.io/tcgplayer/ex7-20,https://images.pokemontcg.io/ex7/20_hires.png,2026/08/08,2026/07/01,20.47,14.90999984741211,24.5,170.0,,250.0,,,,14.9148,1.1535,17.5332,0.0,17.291000366210938,15.5607,16.5181,28.826,124.1051,70.9633,1.1535,2026-08-09
bw3-13,Virizion,holofoil,Noble Victories,13,Rare Holo,5ban Graphics,Basic,640,Pokémon,2011/11/16,"tcgplayer,cardmarket",https://prices.pokemontcg.io/tcgplayer/bw3-13,https://images.pokemontcg.io/bw3/13_hires.png,2026/08/08,2026/07/01,1.8,0.949999988079071,1.7999999523162842,24.899999618530273,,2.38,,,,0.992,0.0577,1.8225,0.4614,0.57669997215271,1.0381,1.8687,0.4614,1.165,1.984,1.1535,2026-08-09
bw6-21,Magmortar,normal,Dragons Exalted,21,Rare,Akira Komayama,Stage 1,467,Pokémon,2012/08/15,"tcgplayer,cardmarket",https://prices.pokemontcg.io/tcgplayer/bw6-21,https://images.pokemontcg.io/bw6/21_hires.png,2026/08/08,2026/06/27,0.92,0.3199999928474426,0.8299999833106995,19.979999542236328,,1.55,,,,1.4073,0.173,1.0381,1.661,1.153499960899353,1.165,1.0151,1.5111,4.8678,2.9645,1.1535,2026-08-09
ex3-20,Shelgon,normal,Dragon,20,Rare,Mitsuhiro Arita,Stage 1,372,Pokémon,2003/11/24,"tcgplayer,cardmarket",https://prices.pokemontcg.io/tcgplayer/ex3-20,https://images.pokemontcg.io/ex3/20_hires.png,2026/08/08,2026/07/01,1.42,0.75,1.3899999856948853,17.889999389648438,,9.11,,,,1.638,0.0461,1.7072,6.1482,0.6344000101089478,1.5457,1.0151,5.7675,4.4294,5.3061,1.1535,2026-08-09
sm75-17,Seadra,normal,Dragon Majesty,17,Uncommon,Yumi,Stage 1,117,Pokémon,2018/09/07,"tcgplayer,cardmarket",https://prices.pokemontcg.io/tcgplayer/sm75-17,https://images.pokemontcg.io/sm75/17_hires.png,2026/08/08,2026/06/28,0.33,0.15000000596046448,0.3499999940395355,19.979999542236328,,1.48,,,,0.2538,0.0231,0.2653,1.7649,0.023099999874830246,0.2538,0.2768,3.622,1.1996,2.0994,1.1535,2026-08-09
neo3-18,Ho-oh,unlimited,Neo Revelation,18,Rare,Aya Kusube,Basic,250,Pokémon,2001/09/21,"tcgplayer,cardmarket",https://prices.pokemontcg.io/tcgplayer/neo3-18,https://images.pokemontcg.io/neo3/18_hires.png,2026/08/08,2026/07/01,25.18,20.010000228881836,37.0099983215332,192.5,,,,,"{""1stEdition"": {""low"": 64.0, ""mid"": 110.09, ""high"": 9999.0, ""market"": 63.33, ""directLow"": null}}",40.9262,3.4259,31.4444,0.0,109.5248031616211,22.9777,32.7133,19.2519,16.818,12.4809,1.1535,2026-08-09
xy7-21,Gyarados,holofoil,Ancient Origins,21,Rare Holo,TOKIYA,Stage 1,130,Pokémon,2015/08/12,"tcgplayer,cardmarket",https://prices.pokemontcg.io/tcgplayer/xy7-21,https://images.pokemontcg.io/xy7/21_hires.png,2026/08/08,2026/06/08,64.98,35.0,64.51000213623047,368.9800109863281,,62.93,,,,46.8436,5.1907,58.3325,64.3538,47.4203987121582,46.6245,44.1906,57.675,62.3697,55.7948,1.1535,2026-08-09
swsh4-16,Genesect,holofoil,Vivid Voltage,16,Rare Holo,kawayoo,Basic,649,Pokémon,2020/11/13,"tcgplayer,cardmarket",https://prices.pokemontcg.io/tcgplayer/swsh4-16,https://images.pokemontcg.io/swsh4/16_hires.png,2026/08/08,2026/06/22,0.33,0.07999999821186066,0.3400000035762787,999.989990234375,,0.22,,,,0.4845,0.0461,0.5537,0.7959,0.19609999656677246,0.4383,0.4614,0.6806,0.8421,0.7267,1.1535,2026-08-09
sm12-20,Decidueye,holofoil,Cosmic Eclipse,20,Rare Holo,kawayoo,Stage 2,724,Pokémon,2019/11/01,"tcgplayer,cardmarket",https://prices.pokemontcg.io/tcgplayer/sm12-20,https://images.pokemontcg.io/sm12/20_hires.png,2026/08/08,2026/05/16,1.09,0.6899999976158142,1.100000023841858,19.979999542236328,,0.96,,,,1.0843,0.2192,0.9459,1.6841,0.5651999711990356,1.0266,1.2804,0.8651,1.7187,1.5918,1.1535,2026-08-09
xy9-12,Numel,normal,BREAKpoint,12,Common,MAHOU,Basic,322,Pokémon,2016/02/03,"tcgplayer,cardmarket",https://prices.pokemontcg.io/tcgplayer/xy9-12,https://images.pokemontcg.io/xy9/12_hires.png,2026/08/08,2026/06/27,0.16,0.029999999329447746,0.20000000298023224,1000.0,,0.4,,,,0.0923,0.0231,0.0923,0.8767,0.17299999296665192,0.1038,0.0807,0.5767,0.8305,0.5652,1.1535,2026-08-09
pop5-15,Zangoose δ,normal,POP Series 5,15,Common,Kouki Saitou,Basic,335,Pokémon,2007/03/01,"tcgplayer,cardmarket",https://prices.pokemontcg.io/tcgplayer/pop5-15,https://images.pokemontcg.io/pop5/15_hires.png,2026/08/08,2026/07/01,3.6,2.0899999141693115,5.989999771118164,60.5,15.0,,,,,2.8838,0.3345,2.8722,0.0,2.306999921798706,3.8988,2.5146,5.7675,4.4525,4.4525,1.1535,2026-08-09
sm3-18,Charmander,normal,Burning Shadows,18,Common,Kagemaru Himeno,Basic,4,Pokémon,2017/08/05,"tcgplayer,cardmarket",https://prices.pokemontcg.io/tcgplayer/sm3-18,https://images.pokemontcg.io/sm3/18_hires.png,2026/08/08,2026/06/25,0.32,0.03999999910593033,0.30000001192092896,19.979999542236328,,0.82,,,,0.2192,0.0231,0.3807,1.2227,1.153499960899353,0.4268,0.2192,0.1154,1.4995,1.1881,1.1535,2026-08-09
pl1-21,Beautifly,normal,Platinum,21,Rare,Suwama Chiaki,Stage 2,267,Pokémon,2009/02/11,"tcgplayer,cardmarket",https://prices.pokemontcg.io/tcgplayer/pl1-21,https://images.pokemontcg.io/pl1/21_hires.png,2026/08/08,2026/06/27,1.0,0.6600000262260437,1.0,19.979999542236328,,3.19,,,,0.7728,0.1154,1.0266,1.8456,0.8651000261306763,1.0958,0.5883,1.7302,1.8225,2.3762,1.1535,2026-08-09
hgss4-22,Golduck,normal,HS—Triumphant,22,Rare,Naoki Saito,Stage 1,55,Pokémon,2010/11/03,"tcgplayer,cardmarket",https://prices.pokemontcg.io/tcgplayer/hgss4-22,https://images.pokemontcg.io/hgss4/22_hires.png,2026/08/08,2026/06/22,2.13,1.059999942779541,2.059999942779541,26.0,,9.4,,,,1.1535,0.2307,1.0843,3.7143,1.153499960899353,1.165,1.142,2.5377,3.6566,3.9911,1.1535,2026-08-09
dpp-DP20,Magmortar,holofoil,DP Black Star Promos,DP20,Promo,Daisuke Ito,Stage 1,467,Pokémon,2007/05/01,tcgplayer,https://prices.pokemontcg.io/tcgplayer/dpp-DP20,https://images.pokemontcg.io/dpp/DP20_hires.png,2026/08/08,,16.39,5.5,8.479999542236328,170.77999877929688,,,,,,,,,,,,,,,,,2026-08-09
base1-19,Dugtrio,normal,Base,19,Rare,Keiji Kinebuchi,Stage 1,51,Pokémon,1999/01/09,"tcgplayer,cardmarket",https://prices.pokemontcg.io/tcgplayer/base1-19,https://images.pokemontcg.io/base1/19_hires.png,2026/08/08,2026/07/01,11.87,3.8299999237060547,6.53000020980835,96.43000030517578,,,,,,8.9396,0.2192,10.6583,0.0,13.818900108337402,10.5199,10.22,5.7675,2.8261,2.5146,1.1535,2026-08-09
ex1-13,Swampert,holofoil,Ruby & Sapphire,13,Rare Holo,Mitsuhiro Arita,Stage 2,260,Pokémon,2003/07/01,"tcgplayer,cardmarket",https://prices.pokemontcg.io/tcgplayer/ex1-13,https://images.pokemontcg.io/ex1/13_hires.png,2026/08/08,2026/07/01,66.21,70.0,92.9800033569336,1999.9000244140625,,52.77,,,,27.4994,3.4605,24.8118,15.0762,12.884599685668945,26.2306,36.4967,34.5473,17.5332,14.9263,1.1535,2026-08-09
ex8-19,Ludicolo,normal,Deoxys,19,Rare,Ken Sugimori,Stage 2,272,Pokémon,2005/02/01,"tcgplayer,cardmarket",https://prices.pokemontcg.io/tcgplayer/ex8-19,https://images.pokemontcg.io/ex8/19_hires.png,2026/08/08,2026/07/01,0.81,0.38999998569488525,0.8999999761581421,19.979999542236328,,29.99,,,,0.8997,0.1154,0.8651,31.9173,1.1419999599456787,0.9805,0.9459,8.0745,19.1135,11.4773,1.1535,2026-08-09
pl2-17,Drapion E4,normal,Rising Rivals,17,Rare,Kouki Saitou,Basic|SP,452,Pokémon,2009/05/16,"tcgplayer,cardmarket",https://prices.pokemontcg.io/tcgplayer/pl2-17,https://images.pokemontcg.io/pl2/17_hires.png,2026/08/08,2026/07/01,1.77,0.4000000059604645,1.8200000524520874,29.600000381469727,,4.39,,,,1.7072,0.1154,1.7649,2.8722,0.8305000066757202,1.6034,1.3611,5.7675,3.3913,3.1145,1.1535,2026-08-09
xy8-15,Vivillon,holofoil,BREAKthrough,15,Rare Holo,Mizue,Stage 2,666,Pokémon,2015/11/04,"tcgplayer,cardmarket",https://prices.pokemontcg.io/tcgplayer/xy8-15,https://images.pokemontcg.io/xy8/15_hires.png,2026/08/08,2026/06/30,0.63,0.10999999940395355,0.6200000047683716,16.920000076293945,,0.92,,,,2.307,0.346,2.2609,1.7302,2.8261001110076904,2.3993,1.638,3.0568,2.1686,2.5031,1.1535,2026-08-09
xy0-14,Greninja,normal,Kalos Starter Set,14,,5ban Graphics,Stage 2,658,Pokémon,2013/11/08,"tcgplayer,cardmarket",https://prices.pokemontcg.io/tcgplayer/xy0-14,https://images.pokemontcg.io/xy0/14_hires.png,2026/08/08,2026/07/01,4.85,4.489999771118164,5.21999979019165,347.94000244140625,12.88,,,,,6.3096,0.1154,3.9911,3.9104,4.717800140380859,3.5758,4.6601,3.9104,2.6761,2.5492,1.1535,2026-08-09
xy12-13,M Charizard-EX,holofoil,Evolutions,13,Rare Holo EX,5ban Graphics,MEGA|EX,6,Pokémon,2016/11/02,"tcgplayer,cardmarket",https://prices.pokemontcg.io/tcgplayer/xy12-13,https://images.pokemontcg.io/xy12/13_hires.png,2026/08/08,2026/07/01,43.02,28.489999771118164,46.880001068115234,318.3599853515625,,,,,,48.1702,10.37,45.5056,0.0,54.19139862060547,48.0317,46.7283,38.9306,38.1347,40.707,1.1535,2026-08-09
xy2-24,Spheal,normal,Flashfire,24,Common,Kagemaru Himeno,Basic,363,Pokémon,2014/05/07,"tcgplayer,cardmarket",https://prices.pokemontcg.io/tcgplayer/xy2-24,https://images.pokemontcg.io/xy2/24_hires.png,2026/08/08,2026/06/08,0.32,0.05000000074505806,0.25,1000.0,,0.8,,,,0.2422,0.0231,0.3114,0.8421,0.5421000123023987,0.2422,0.3114,0.496,1.1881,0.9228,1.1535,2026-08-09
swsh2-14,Phantump,normal,Rebel Clash,14,Common,sui,Basic,708,Pokémon,2020/05/01,"tcgplayer,cardmarket",https://prices.pokemontcg.io/tcgplayer/swsh2-14,https://images.pokemontcg.io/swsh2/14_hires.png,2026/08/08,2026/06/18,0.11,0.009999999776482582,0.17000000178813934,19.979999542236328,,0.33,,,,0.0577,0.0231,0.0807,0.2653,0.1615000069141388,0.1269,0.0461,0.173,0.2768,0.2422,1.1535,2026-08-09
dp2-13,Meganium,holofoil,Mysterious Treasures,13,Rare Holo,Daisuke Ito,Stage 2,154,Pokémon,2007/08/01,"tcgplayer,cardmarket",https://prices.pokemontcg.io/tcgplayer/dp2-13,https://images.pokemontcg.io/dp2/13_hires.png,2026/08/08,2026/06/30,17.57,8.760000228881836,13.979999542236328,169.89999389648438,,24.99,,,,6.1828,0.8651,7.7169,6.7018,17.291000366210938,7.417,6.102,6.8518,7.1748,5.1331,1.1535,2026-08-09
bw1-18,Pignite,normal,Black & White,18,Uncommon,5ban Graphics,Stage 1,499,Pokémon,2011/04/25,"tcgplayer,cardmarket",https://prices.pokemontcg.io/tcgplayer/bw1-18,https://images.pokemontcg.io/bw1/18_hires.png,2026/08/08,2026/06/27,0.82,0.28999999165534973,0.6499999761581421,96.94999694824219,,3.04,,,,0.1615,0.0231,0.2999,0.5191,0.23070000112056732,0.2192,0.3345,0.5191,1.0958,1.4534,1.1535,2026-08-09
dp3-24,Dugtrio,normal,Secret Wonders,24,Rare,Ken Sugimori,Stage 1,51,Pokémon,2007/11/01,"tcgplayer,cardmarket",https://prices.pokemontcg.io/tcgplayer/dp3-24,https://images.pokemontcg.io/dp3/24_hires.png,2026/08/08,2026/06/26,0.91,0.550000011920929,0.9100000262260437,19.979999542236328,,2.58,,,,0.6921,0.1038,0.7036,3.0683,1.4419000148773193,0.6575,0.7382,6.921,2.4108,1.8802,1.1535,2026-08-09
sm5-22,Monferno,normal,Ultra Prism,22,Uncommon,Shigenori Negishi,Stage 1,391,Pokémon,2018/02/02,"tcgplayer,cardmarket",https://prices.pokemontcg.io/tcgplayer/sm5-22,https://images.pokemontcg.io/sm5/22_hires.png,2026/08/08,2026/06/08,0.16,0.12999999523162842,0.25,19.979999542236328,,0.51,,,,0.1615,0.0231,0.1846,0.7152,0.05770000070333481,0.1961,0.1615,0.5191,0.7267,0.5767,1.1535,2026-08-09
ex6-15,Snorlax,normal,FireRed & LeafGreen,15,Rare Holo,Kagemaru Himeno,Basic,143,Pokémon,2004/09/01,"tcgplayer,cardmarket",https://prices.pokemontcg.io/tcgplayer/ex6-15,https://images.pokemontcg.io/ex6/15_hires.png,2026/08/08,2026/07/01,102.8,140.0,140.0,140.0,127.9,207.39,,,,52.5881,3.4605,40.8916,103.815,144.1875,42.7602,28.9759,13.2652,65.1035,49.7851,1.1535,2026-08-09
ecard1-12,Feraligatr,holofoil,Expedition Base Set,12,Rare Holo,Mitsuhiro Arita,Stage 2,160,Pokémon,2002/09/15,"tcgplayer,cardmarket",https://prices.pokemontcg.io/tcgplayer/ecard1-12,https://images.pokemontcg.io/ecard1/12_hires.png,2026/08/08,2026/07/01,331.83,295.989990234375,499.9800109863281,499.989990234375,,173.74,,,,45.7709,11.4658,91.4033,37.235,80.74500274658203,51.0654,72.1284,83.052,42.9679,47.1435,1.1535,2026-08-09
basep-17,Dark Persian,holofoil,Wizards Black Star Promos,17,Promo,Ken Sugimori,Stage 1,53,Pokémon,1999/07/01,"tcgplayer,cardmarket",https://prices.pokemontcg.io/tcgplayer/basep-17,https://images.pokemontcg.io/basep/17_hires.png,2026/08/08,2026/07/01,115.23,77.0,182.5,9999.0,,,,,,27.4879,9.7932,26.8535,0.0,17.302499771118164,24.2466,28.503,31.0868,21.755,14.7763,1.1535,2026-08-09
hgss1-22,Granbull,normal,HeartGold & SoulSilver,22,Rare,Ken Sugimori,Stage 1,210,Pokémon,2010/02/10,"tcgplayer,cardmarket",https://prices.pokemontcg.io/tcgplayer/hgss1-22,https://images.pokemontcg.io/hgss1/22_hires.png,2026/08/08,2026/06/27,0.79,0.25999999046325684,0.7699999809265137,19.979999542236328,,3.47,,,,0.7267,0.1038,0.7498,3.1721,0.8073999881744385,0.8305,0.9228,1.1535,3.4259,2.457,1.1535,2026-08-09
sm8-18,Heracross,normal,Lost Thunder,18,Uncommon,Ken Sugimori,Basic,214,Pokémon,2018/11/02,"tcgplayer,cardmarket",https://prices.pokemontcg.io/tcgplayer/sm8-18,https://images.pokemontcg.io/sm8/18_hires.png,2026/08/08,2026/06/22,0.32,0.11999999731779099,0.30000001192092896,13.0,,0.64,,,,0.2192,0.0231,0.2076,1.0266,0.23070000112056732,0.2538,0.1961,0.5767,0.9574,0.7844,1.1535,2026-08-09
bw8-18,Victini-EX,holofoil,Plasma Storm,18,Rare Holo EX,Eske Yoshinob,Basic|EX,494,Pokémon,2013/02/06,"tcgplayer,cardmarket",https://prices.pokemontcg.io/tcgplayer/bw8-18,https://images.pokemontcg.io/bw8/18_hires.png,2026/08/08,2026/06/22,12.45,8.470000267028809,12.449999809265137,150.0,,,,,,12.7,1.1535,10.8198,0.0,8.016799926757812,9.874,10.6353,4.614,6.0559,4.8678,1.1535,2026-08-09
ex13-18,Absol,normal,Holon Phantoms,18,Rare,Masakazu Fukuda,Basic,359,Pokémon,2006/05/01,"tcgplayer,cardmarket",https://prices.pokemontcg.io/tcgplayer/ex13-18,https://images.pokemontcg.io/ex13/18_hires.png,2026/08/08,2026/07/01,9.43,3.359999895095825,10.0,98.0,,77.31,,,,3.2759,1.0381,1.9609,27.684,1.7187000513076782,2.5954,3.8412,17.3025,27.0265,20.8668,1.1535,2026-08-09
neo1-13,Skarmory,1stEditionHolofoil,Neo Genesis,13,Rare Holo,Ken Sugimori,Basic,227,Pokémon,2000/12/16,"tcgplayer,cardmarket",https://prices.pokemontcg.io/tcgplayer/neo1-13,https://images.pokemontcg.io/neo1/13_hires.png,2026/08/08,2026/07/01,77.52,49.0,470.30999755859375,849.9000244140625,,,,,"{""unlimitedHolofoil"": {""low"": 14.39, ""mid"": 29.0, ""high"": 240.0, ""market"": 30.23, ""directLow"": null}}",20.0017,3.449,23.3238,0.0,5.167699813842773,16.2297,20.1632,6.0328,6.8979,10.1508,1.1535,2026-08-09
neo2-12,Tyranitar,1stEditionHolofoil,Neo Discovery,12,Rare Holo,Hironobu Yoshida,Stage 2,248,Pokémon,2001/06/01,"tcgplayer,cardmarket",https://prices.pokemontcg.io/tcgplayer/neo2-12,https://images.pokemontcg.io/neo2/12_hires.png,2026/08/08,2026/07/01,450.0,799.989990234375,799.989990234375,799.989990234375,,,,,"{""unlimitedHolofoil"": {""low"": 110.0, ""mid"": 175.0, ""high"": 299.99, ""market"": 146.25, ""directLow"": 299.99}}",100.862,8.6397,97.1016,0.0,115.29229736328125,86.501,93.768,57.675,38.227,50.9962,1.1535,2026-08-09
ex16-11,Machamp,holofoil,Power Keepers,11,Rare Holo,Ken Sugimori,Stage 2,68,Pokémon,2007/02/02,"tcgplayer,cardmarket",https://prices.pokemontcg.io/tcgplayer/ex16-11,https://images.pokemontcg.io/ex16/11_hires.png,2026/08/08,2026/07/01,24.59,14.600000381469727,24.989999771118164,170.0,,29.96,,,,9.7009,1.1535,12.7231,12.0079,10.369999885559082,16.2759,7.7631,25.9537,13.842,12.7231,1.1535,2026-08-09
sm2-19a,Alolan Sandshrew,,Guardians Rising,19a,Common,Hideki Ishikawa,Basic,27,Pokémon,2017/05/05,cardmarket,https://prices.pokemontcg.io/cardmarket/sm2-19a,https://images.pokemontcg.io/sm2/19a_hires.png,,2026/06/11,,,,,,,,,,3.8181,1.1535,3.126,0.0,1.153499960899353,3.3336,3.3913,2.307,1.6149,1.3957,1.1535,2026-08-09
col1-21,Smeargle,holofoil,Call of Legends,21,Rare Holo,Midori Harada,Basic,235,Pokémon,2011/02/09,"tcgplayer,cardmarket",https://prices.pokemontcg.io/tcgplayer/col1-21,https://images.pokemontcg.io/col1/21_hires.png,2026/08/08,2026/06/27,10.08,8.329999923706055,21.239999771118164,102.19999694824219,,10.5,,,,8.3052,1.3842,7.1402,8.1552,3.4605000019073486,6.6903,7.6246,2.5262,12.0887,9.7355,1.1535,2026-08-09
g1-10,Leafeon-EX,holofoil,Generations,10,Rare Holo EX,Naoki Saito,Basic|EX,470,Pokémon,2016/02/22,"tcgplayer,cardmarket",https://prices.pokemontcg.io/tcgplayer/g1-10,https://images.pokemontcg.io/g1/10_hires.png,2026/08/08,2026/07/01,46.85,18.229999542236328,42.02000045776367,258.7200012207031,,,,,,28.2146,9.2165,26.1152,0.0,20.76300048828125,27.0957,27.7647,6.921,12.031,13.7843,1.1535,2026-08-09
dp6-11,Mewtwo,holofoil,Legends Awakened,11,Rare Holo,Ken Sugimori,Basic,150,Pokémon,2008/08/01,"tcgplayer,cardmarket",https://prices.pokemontcg.io/tcgplayer/dp6-11,https://images.pokemontcg.io/dp6/11_hires.png,2026/08/08,2026/06/30,109.29,139.99000549316406,340.3699951171875,1000.0,,97.3,,,,11.8349,1.0381,10.4046,18.6175,8.07450008392334,11.4197,14.3265,20.763,16.9449,15.999,1.1535,2026-08-09
sm1-20,Tsareena,holofoil,Sun & Moon,20,Rare Holo,Shin Nagasawa,Stage 2,763,Pokémon,2017/02/03,"tcgplayer,cardmarket",https://prices.pokemontcg.io/tcgplayer/sm1-20,https://images.pokemontcg.io/sm1/20_hires.png,2026/08/08,2026/06/27,0.44,0.10000000149011612,0.44999998807907104,19.979999542236328,,0.51,,,,6.3442,5.1792,7.7169,0.0,5.767499923706055,7.1748,7.8784,1.3842,1.4995,1.4995,1.1535,2026-08-09
dp1-20,Bibarel,normal,Diamond & Pearl,20,Rare,Ken Sugimori,Stage 1,400,Pokémon,2007/05/01,"tcgplayer,cardmarket",https://prices.pokemontcg.io/tcgplayer/dp1-20,https://images.pokemontcg.io/dp1/20_hires.png,2026/08/08,2026/06/27,2.54,1.1100000143051147,1.899999976158142,33.099998474121094,,4.98,,,,1.2919,0.0807,1.2227,2.9414,0.23070000112056732,0.5883,1.1189,3.4374,2.9414,2.2724,1.1535,2026-08-09
sm7-15,Surskit,normal,Celestial Storm,15,Common,Ken Sugimori,Basic,283,Pokémon,2018/08/03,"tcgplayer,cardmarket",https://prices.pokemontcg.io/tcgplayer/sm7-15,https://images.pokemontcg.io/sm7/15_hires.png,2026/08/08,2026/06/21,0.2,0.05000000074505806,0.23000000417232513,19.979999542236328,,0.45,,,,0.1154,0.0231,0.1615,0.7498,0.023099999874830246,0.1269,0.0923,0.7498,0.4729,0.4153,1.1535,2026-08-09
ex9-21,Zangoose,normal,Emerald,21,Rare,Midori Harada,Basic,335,Pokémon,2005/05/01,"tcgplayer,cardmarket",https://prices.pokemontcg.io/tcgplayer/ex9-21,https://images.pokemontcg.io/ex9/21_hires.png,2026/08/08,2026/07/01,4.74,3.7899999618530273,4.75,55.0,,45.88,,,,2.3531,0.3345,1.5688,12.9653,0.51910001039505,2.2839,1.5226,4.5794,14.4072,14.1188,1.1535,2026-08-09
bw9-18,Horsea,normal,Plasma Freeze,18,Common,Midori Harada,Basic,116,Pokémon,2013/05/08,"tcgplayer,cardmarket",https://prices.pokemontcg.io/tcgplayer/bw9-18,https://images.pokemontcg.io/bw9/18_hires.png,2026/08/08,2026/07/01,0.33,0.10000000149011612,0.30000001192092896,18.600000381469727,,1.0,,,,0.1961,0.0231,0.1846,0.0,0.25380000472068787,0.1615,0.173,3.1606,1.5803,1.0035,1.1535,2026-08-09
xy4-19,Lumineon,normal,Phantom Forces,19,Uncommon,sui,Stage 1,457,Pokémon,2014/11/05,"tcgplayer,cardmarket",https://prices.pokemontcg.io/tcgplayer/xy4-19,https://images.pokemontcg.io/xy4/19_hires.png,2026/08/08,2026/07/01,0.5,0.10000000149011612,0.4000000059604645,1000.0,,1.12,,,,0.4268,0.0231,0.323,0.5767,0.17299999296665192,0.4037,0.323,0.5767,0.8651,0.6575,1.1535,2026-08-09
pl4-19,Golem,normal,Arceus,19,Rare,Masakazu Fukuda,Stage 2,76,Pokémon,2009/11/04,"tcgplayer,cardmarket",https://prices.pokemontcg.io/tcgplayer/pl4-19,https://images.pokemontcg.io/pl4/19_hires.png,2026/08/08,2026/07/01,1.7,0.8999999761581421,1.5099999904632568,19.979999542236328,,6.7,,,,1.0728,0.1154,0.992,1.4995,1.153499960899353,1.0958,0.9459,1.7302,1.2804,1.3265,1.1535,2026-08-09
bw5-16,Combusken,normal,Dark Explorers,16,Uncommon,Sumiyoshi Kizuki,Stage 1,256,Pokémon,2012/05/09,"tcgplayer,cardmarket",https://prices.pokemontcg.io/tcgplayer/bw5-16,https://images.pokemontcg.io/bw5/16_hires.png,2026/08/08,2026/06/27,0.75,0.3499999940395355,0.6899999976158142,19.979999542236328,,2.19,,,,0.4845,0.0231,0.4153,0.0,0.46140000224113464,0.4845,0.669,2.307,2.2839,1.9494,1.1535,2026-08-09
sm35-10a,Entei-GX,,Shining Legends,10a,Rare Holo GX,5ban Graphics,Basic|GX,244,Pokémon,2017/10/06,cardmarket,https://prices.pokemontcg.io/cardmarket/sm35-10a,https://images.pokemontcg.io/sm35/10a_hires.png,,2026/07/01,,,,,,,,,,4.9947,1.7302,15.6184,0.0,92.27999877929688,15.5838,7.094,2.307,4.8678,6.748,1.1535,2026-08-09
sm115-22,Electrode,normal,Hidden Fates,22,Rare,Anesaki Dynamic,Stage 1,101,Pokémon,2019/08/23,"tcgplayer,cardmarket",https://prices.pokemontcg.io/tcgplayer/sm115-22,https://images.pokemontcg.io/sm115/22_hires.png,2026/08/08,2026/06/21,0.12,0.05000000074505806,0.25,2.990000009536743,,0.61,,,,0.2422,0.0231,0.2884,0.6229,0.28839999437332153,0.3345,0.2653,0.4614,0.6114,0.6344,1.1535,2026-08-09
swsh35-21,Galarian Cursola V,holofoil,Champion's Path,21,Rare Holo V,5ban Graphics,Basic|V,864,Pokémon,2020/09/25,"tcgplayer,cardmarket",https://prices.pokemontcg.io/tcgplayer/swsh35-21,https://images.pokemontcg.io/swsh35/21_hires.png,2026/08/08,2026/06/27,1.29,0.6499999761581421,1.2899999618530273,16.139999389648438,,,,,,1.5342,0.2307,1.315,0.0,0.9804999828338623,1.3265,1.4765,1.1881,1.4303,1.6495,1.1535,2026-08-09
np-10,Mudkip,reverseHolofoil,Nintendo Black Star Promos,10,Promo,Atsuko Nishida,Basic,258,Pokémon,2003/10/01,"tcgplayer,cardmarket",https://prices.pokemontcg.io/tcgplayer/np-10,https://images.pokemontcg.io/np/10_hires.png,2026/08/08,2026/07/01,86.16,225.0,249.99000549316406,400.0,,,,,,25.1002,19.6095,24.2004,0.0,26.518999099731445,25.9653,22.6547,3.449,3.3105,1.9379,1.1535,2026-08-09
ex5-14,Shiftry,holofoil,Hidden Legends,14,Rare Holo,Hisao Nakamura,Stage 2,275,Pokémon,2004/06/01,"tcgplayer,cardmarket",https://prices.pokemontcg.io/tcgplayer/ex5-14,https://images.pokemontcg.io/ex5/14_hires.png,2026/08/08,2026/07/01,21.74,15.0,22.760000228881836,207.1999969482422,,16.92,,,,4.2333,1.142,7.1632,10.9582,2.8838000297546387,5.0177,8.4321,10.9582,10.0354,8.5936,1.1535,2026-08-09
mcd16-11,Meowth,,McDonald's Collection 2016,11,,Kanako Eo,Basic,52,Pokémon,2016/08/19,cardmarket,https://prices.pokemontcg.io/cardmarket/mcd16-11,https://images.pokemontcg.io/mcd16/11_hires.png,,2026/07/01,,,,,,,,,,6.8749,0.3345,5.2715,0.0,0.57669997215271,5.1446,6.275,1.0958,1.0497,0.992,1.1535,2026-08-09
xy11-23,Pyroar,normal,Steam Siege,23,Rare,Yumi,Stage 1,668,Pokémon,2016/08/03,"tcgplayer,cardmarket",https://prices.pokemontcg.io/tcgplayer/xy11-23,https://images.pokemontcg.io/xy11/23_hires.png,2026/08/08,2026/06/22,0.27,0.10000000149011612,0.2800000011920929,18.1200008392334,,0.57,,,,0.2884,0.0231,0.3345,0.5652,0.11540000140666962,0.2307,0.2653,0.2307,0.7613,0.8767,1.1535,2026-08-09
xy5-20,Vulpix,normal,Primal Clash,20,Common,kirisAki,Basic,37,Pokémon,2015/02/04,"tcgplayer,cardmarket",https://prices.pokemontcg.io/tcgplayer/xy5-20,https://images.pokemontcg.io/xy5/20_hires.png,2026/08/08,2026/07/01,0.38,0.12999999523162842,0.3499999940395355,19.979999542236328,,1.18,,,,0.3576,0.0231,0.2422,3.4028,0.28839999437332153,0.2076,0.3114,3.4028,3.1606,2.0186,1.1535,2026-08-09
ecard3-H17,Magcargo,holofoil,Skyridge,H17,Rare Holo,Mitsuhiro Arita,Stage 1,219,Pokémon,2003/05/12,"tcgplayer,cardmarket",https://prices.pokemontcg.io/tcgplayer/ecard3-H17,https://images.pokemontcg.io/ecard3/H17_hires.png,2026/08/08,2026/07/01,188.75,1849.9000244140625,1849.9000244140625,1849.9000244140625,,,,,,84.863,26.519,83.0174,0.0,98.04750061035156,88.6695,96.9401,14.9955,33.6707,25.1578,1.1535,2026-08-09
hgss2-20,Ninetales,normal,HS—Unleashed,20,Rare,Hajime Kusajima,Stage 1,38,Pokémon,2010/05/12,"tcgplayer,cardmarket",https://prices.pokemontcg.io/tcgplayer/hgss2-20,https://images.pokemontcg.io/hgss2/20_hires.png,2026/08/08,2026/06/27,12.37,5.489999771118164,14.699999809265137,93.0,,23.1,,,,2.3185,0.0577,2.3531,4.5679,1.153499960899353,1.9956,2.0994,16.0798,11.3504,7.9245,1.1535,2026-08-09
xyp-XY11,Skiddo,holofoil,XY Black Star Promos,XY11,Promo,5ban Graphics,Basic,672,Pokémon,2013/10/12,"tcgplayer,cardmarket",https://prices.pokemontcg.io/tcgplayer/xyp-XY11,https://images.pokemontcg.io/xyp/XY11_hires.png,2026/08/08,2026/07/01,1.75,0.8500000238418579,1.2100000381469727,27.989999771118164,,,,,,9.2165,10.3238,12.0195,0.0,8.016799926757812,13.2883,8.4782,6.0674,5.1331,4.0719,1.1535,2026-08-09
ex16-12,Raichu,holofoil,Power Keepers,12,Rare Holo,Hajime Kusajima,Stage 1,26,Pokémon,2007/02/02,"tcgplayer,cardmarket",https://prices.pokemontcg.io/tcgplayer/ex16-12,https://images.pokemontcg.io/ex16/12_hires.png,2026/08/08,2026/07/01,31.78,24.399999618530273,38.279998779296875,813.0999755859375,,73.31,,,,13.4037,2.2955,11.0736,22.7239,17.302499771118164,13.5536,12.4347,16.1375,20.6476,20.7284,1.1535,2026-08-09
hsp-HGSS12,Cleffa,holofoil,HGSS Black Star Promos,HGSS12,Promo,Masakazu Fukuda,Basic,173,Pokémon,2010/02/10,tcgplayer,https://prices.pokemontcg.io/tcgplayer/hsp-HGSS12,https://images.pokemontcg.io/hsp/HGSS12_hires.png,2026/08/08,,21.88,15.390000343322754,20.34000015258789,199.5,,,,,,,,,,,,,,,,,2026-08-09
ex1-14,Wailord,holofoil,Ruby & Sapphire,14,Rare Holo,Ken Sugimori,Stage 1,321,Pokémon,2003/07/01,"tcgplayer,cardmarket",https://prices.pokemontcg.io/tcgplayer/ex1-14,https://images.pokemontcg.io/ex1/14_hires.png,2026/08/08,2026/07/01,44.45,47.5,140.0,695.9400024414062,,18.67,,,,8.6397,0.5652,8.732,10.5084,9.516400337219238,8.8589,8.6859,17.3025,9.9086,7.9938,1.1535,2026-08-09
col1-22,Umbreon,holofoil,Call of Legends,22,Rare Holo,Mitsuhiro Arita,Stage 1,197,Pokémon,2011/02/09,"tcgplayer,cardmarket",https://prices.pokemontcg.io/tcgplayer/col1-22,https://images.pokemontcg.io/col1/22_hires.png,2026/08/08,2026/06/27,172.83,154.0399932861328,1099.9000244140625,1749.800048828125,,132.5,,,,65.4265,14.9955,89.477,52.2074,115.3499984741211,67.9065,64.3076,115.35,48.0202,46.1285,1.1535,2026-08-09
base3-22,Hitmonlee,unlimited,Fossil,22,Rare,Ken Sugimori,Basic,106,Pokémon,1999/10/10,"tcgplayer,cardmarket",https://prices.pokemontcg.io/tcgplayer/base3-22,https://images.pokemontcg.io/base3/22_hires.png,2026/08/08,2026/07/01,5.41,2.5,4.820000171661377,53.619998931884766,,,,,"{""1stEdition"": {""low"": 8.4, ""mid"": 13.2, ""high"": 134.99, ""market"": 13.2, ""directLow"": 134.86}}",9.3664,1.0381,8.3513,0.0,6.9095001220703125,7.59,9.2741,23.07,16.472,13.4152,1.1535,2026-08-09
xy11-24,Pyroar BREAK,holofoil,Steam Siege,24,Rare BREAK,5ban Graphics,BREAK,668,Pokémon,2016/08/03,"tcgplayer,cardmarket",https://prices.pokemontcg.io/tcgplayer/xy11-24,https://images.pokemontcg.io/xy11/24_hires.png,2026/08/08,2026/06/22,3.43,1.659999966621399,3.5,29.899999618530273,,,,,,2.7799,0.9228,2.8838,0.0,3.4489998817443848,3.0222,2.6761,0.0231,2.6415,3.449,1.1535,2026-08-09
xy3-11,Magmortar,normal,Furious Fists,11,Rare,PLANETA,Stage 1,467,Pokémon,2014/08/13,"tcgplayer,cardmarket",https://prices.pokemontcg.io/tcgplayer/xy3-11,https://images.pokemontcg.io/xy3/11_hires.png,2026/08/08,2026/06/30,0.48,0.14000000059604645,0.47999998927116394,24.989999771118164,,1.0,,,,1.5803,0.1154,1.0497,1.3727,0.57669997215271,1.1074,0.9689,3.3451,1.6726,1.7302,1.1535,2026-08-09
xy0-15,Clauncher,normal,Kalos Starter Set,15,,5ban Graphics,Basic,692,Pokémon,2013/11/08,"tcgplayer,cardmarket",https://prices.pokemontcg.io/tcgplayer/xy0-15,https://images.pokemontcg.io/xy0/15_hires.png,2026/08/08,2026/07/01,0.53,0.30000001192092896,0.5799999833106995,19.979999542236328,,,,,,1.0266,0.0231,0.8536,0.0,1.153499960899353,0.992,0.5767,0.0,0.0,0.0,1.1535,2026-08-09
sm75-18,Kingdra-GX,holofoil,Dragon Majesty,18,Rare Holo GX,5ban Graphics,Stage 2|GX,230,Pokémon,2018/09/07,"tcgplayer,cardmarket",https://prices.pokemontcg.io/tcgplayer/sm75-18,https://images.pokemontcg.io/sm75/18_hires.png,2026/08/08,2026/06/28,4.3,3.1500000953674316,4.639999866485596,96.94999694824219,,,,,,6.9787,1.9609,8.8127,0.0,3.2874999046325684,7.8553,6.6442,3.449,4.7178,4.4986,1.1535,2026-08-09
sm7-16,Masquerain,normal,Celestial Storm,16,Uncommon,Yukiko Baba,Stage 1,284,Pokémon,2018/08/03,"tcgplayer,cardmarket",https://prices.pokemontcg.io/tcgplayer/sm7-16,https://images.pokemontcg.io/sm7/16_hires.png,2026/08/08,2026/06/21,0.22,0.05000000074505806,0.25,19.979999542236328,,0.44,,,,0.3114,0.0231,0.2768,0.5998,0.20759999752044678,0.3114,0.2076,0.7844,0.6114,0.4729,1.1535,2026-08-09
sm12-21,Buzzwole,holofoil,Cosmic Eclipse,21,Rare Holo,Anesaki Dynamic,Basic|Ultra Beast,794,Pokémon,2019/11/01,"tcgplayer,cardmarket",https://prices.pokemontcg.io/tcgplayer/sm12-21,https://images.pokemontcg.io/sm12/21_hires.png,2026/08/08,2026/05/16,2.85,1.7999999523162842,2.9000000953674316,49.0,,6.04,,,,1.8802,1.1535,2.0878,1.8456,5.479100227355957,2.6184,2.1224,1.5572,2.7107,2.2032,1.1535,2026-08-09
bw1-19,Emboar,holofoil,Black & White,19,Rare Holo,Kouki Saitou,Stage 2,500,Pokémon,2011/04/25,"tcgplayer,cardmarket",https://prices.pokemontcg.io/tcgplayer/bw1-19,https://images.pokemontcg.io/bw1/19_hires.png,2026/08/08,2026/06/27,2.06,1.0,2.140000104904175,29.989999771118164,,3.23,,,,0.8074,0.0231,0.5075,3.8873,0.57669997215271,0.7036,1.2458,5.7675,2.48,1.9494,1.1535,2026-08-09
g1-11,Charizard-EX,holofoil,Generations,11,Rare Holo EX,Eske Yoshinob,Basic|EX,6,Pokémon,2016/02/22,"tcgplayer,cardmarket",https://prices.pokemontcg.io/tcgplayer/g1-11,https://images.pokemontcg.io/g1/11_hires.png,2026/08/08,2026/07/01,26.38,15.0,27.229999542236328,217.10000610351562,,,,,,23.5314,6.921,22.7701,0.0,17.302499771118164,20.3247,23.6929,44.9865,26.7151,30.8446,1.1535,2026-08-09
xy5-21,Ninetales,normal,Primal Clash,21,Rare,Kanako Eo,Stage 1,38,Pokémon,2015/02/04,"tcgplayer,cardmarket",https://prices.pokemontcg.io/tcgplayer/xy5-21,https://images.pokemontcg.io/xy5/21_hires.png,2026/08/08,2026/06/22,1.71,0.8600000143051147,1.649999976158142,24.989999771118164,,3.66,,,,1.6034,0.2307,1.5111,1.7764,1.6726000308990479,1.488,1.6034,3.4605,2.6415,4.0142,1.1535,2026-08-09
smp-SM14,Lycanroc-GX,holofoil,SM Black Star Promos,SM14,Promo,5ban Graphics,Stage 1|GX,745,Pokémon,2017/02/03,"tcgplayer,cardmarket",https://prices.pokemontcg.io/tcgplayer/smp-SM14,https://images.pokemontcg.io/smp/SM14_hires.png,2026/08/08,2026/07/01,1.14,0.7400000095367432,1.4199999570846558,17.200000762939453,,,,,,1.6495,0.5191,1.7418,0.0,1.7302000522613525,1.7187,1.7533,2.8491,2.7915,2.953,1.1535,2026-08-09
bwp-BW13,Minccino,holofoil,BW Black Star Promos,BW13,Promo,Atsuko Nishida,Basic,572,Pokémon,2011/03/01,"tcgplayer,cardmarket",https://prices.pokemontcg.io/tcgplayer/bwp-BW13,https://images.pokemontcg.io/bwp/BW13_hires.png,2026/08/08,2026/07/01,30.28,40.0,165.8800048828125,349.79998779296875,,,,,,20.1863,9.228,18.6521,0.0,28.826000213623047,19.4595,19.1596,4.0373,2.976,2.8261,1.1535,2026-08-09
base5-18,Dark Alakazam,unlimited,Team Rocket,18,Rare,Ken Sugimori,Stage 2,65,Pokémon,2000/04/24,"tcgplayer,cardmarket",https://prices.pokemontcg.io/tcgplayer/base5-18,https://images.pokemontcg.io/base5/18_hires.png,2026/08/08,2026/07/01,21.65,9.989999771118164,13.0,107.2300033569336,,,,,"{""1stEdition"": {""low"": 18.99, ""mid"": 31.99, ""high"": 298.12, ""market"": 32.27, ""directLow"": 298.12}}",18.8943,1.7302,17.464,0.0,11.53499984741211,15.7337,17.0257,17.3025,15.6991,8.3859,1.1535,2026-08-09
xy8-16,Skiddo,normal,BREAKthrough,16,Common,Kanako Eo,Basic,672,Pokémon,2015/11/04,"tcgplayer,cardmarket",https://prices.pokemontcg.io/tcgplayer/xy8-16,https://images.pokemontcg.io/xy8/16_hires.png,2026/08/08,2026/06/27,0.19,0.05000000074505806,0.2199999988079071,1000.0,,0.44,,,,0.1615,0.0231,0.0577,0.7844,0.023099999874830246,0.1615,0.2538,0.7959,0.6575,0.6344,1.1535,2026-08-09
swsh2-15,Trevenant,normal,Rebel Clash,15,Rare,kawayoo,Stage 1,709,Pokémon,2020/05/01,"tcgplayer,cardmarket",https://prices.pokemontcg.io/tcgplayer/swsh2-15,https://images.pokemontcg.io/swsh2/15_hires.png,2026/08/08,2026/06/18,0.04,0.009999999776482582,0.25,19.979999542236328,,0.6,,,,0.3345,0.0346,0.4153,0.5767,0.15000000596046448,0.2653,0.3114,0.9574,0.5998,0.669,1.1535,2026-08-09
sm6-15,Fennekin,normal,Forbidden Light,15,Common,Atsuko Nishida,Basic,653,Pokémon,2018/05/04,"tcgplayer,cardmarket",https://prices.pokemontcg.io/tcgplayer/sm6-15,https://images.pokemontcg.io/sm6/15_hires.png,2026/08/08,2026/06/27,0.24,0.03999999910593033,0.25,19.979999542236328,,0.56,,,,0.1384,0.0231,0.1038,6.8287,0.023099999874830246,0.1384,0.15,0.8074,6.3558,2.5838,1.1535,2026-08-09
ex12-23,Omastar,normal,Legend Maker,23,Rare,Mitsuhiro Arita,Stage 2,139,Pokémon,2006/02/01,"tcgplayer,cardmarket",https://prices.pokemontcg.io/tcgplayer/ex12-23,https://images.pokemontcg.io/ex12/23_hires.png,2026/08/08,2026/07/01,2.05,1.600000023841858,2.319999933242798,27.600000381469727,,49.99,,,,1.5342,0.1269,1.2458,11.5811,2.306999921798706,1.0497,1.9956,23.6468,12.9999,16.4835,1.1535,2026-08-09
ex7-21,Delibird,normal,Team Rocket Returns,21,Rare,Yuka Morii,Basic,225,Pokémon,2004/11/01,"tcgplayer,cardmarket",https://prices.pokemontcg.io/tcgplayer/ex7-21,https://images.pokemontcg.io/ex7/21_hires.png,2026/08/08,2026/07/01,17.84,17.979999542236328,49.9900016784668,224.9499969482422,,69.68,,,,8.8358,4.4986,10.0701,41.8144,17.302499771118164,11.8464,8.8704,24.2235,37.2696,26.1498,1.1535,2026-08-09
bw3-14,Victini,holofoil,Noble Victories,14,Rare Holo,5ban Graphics,Basic,494,Pokémon,2011/11/16,"tcgplayer,cardmarket",https://prices.pokemontcg.io/tcgplayer/bw3-14,https://images.pokemontcg.io/bw3/14_hires.png,2026/08/08,2026/07/01,12.72,7.0,12.930000305175781,317.94000244140625,,10.49,,,,4.2795,0.2307,5.3638,6.8633,0.9228000044822693,4.2795,4.5563,13.8305,6.2404,4.3372,1.1535,2026-08-09
xy12-14,Vulpix,normal,Evolutions,14,Common,Ken Sugimori,Basic,37,Pokémon,2016/11/02,"tcgplayer,cardmarket",https://prices.pokemontcg.io/tcgplayer/xy12-14,https://images.pokemontcg.io/xy12/14_hires.png,2026/08/08,2026/07/01,0.19,0.009999999776482582,0.23000000417232513,5.949999809265137,,0.69,,,,0.1154,0.0231,0.1961,1.0266,0.05770000070333481,0.1154,0.1384,0.9805,1.488,0.992,1.1535,2026-08-09
swshp-SWSH012,Morpeko,holofoil,SWSH Black Star Promos,SWSH012,Promo,Kagemaru Himeno,Basic,877,Pokémon,2019/11/15,"tcgplayer,cardmarket",https://prices.pokemontcg.io/tcgplayer/swshp-SWSH012,https://images.pokemontcg.io/swshp/SWSH012_hires.png,2026/08/08,2026/06/22,2.7,2.390000104904175,2.9700000286102295,19.940000534057617,,,,,,2.1455,0.2192,2.6761,0.0,1.153499960899353,2.9068,2.5954,1.8802,1.4534,1.0035,1.1535,2026-08-09
hgss4-23,Grumpig,normal,HS—Triumphant,23,Rare,Yukiko Baba,Stage 1,326,Pokémon,2010/11/03,"tcgplayer,cardmarket",https://prices.pokemontcg.io/tcgplayer/hgss4-23,https://images.pokemontcg.io/hgss4/23_hires.png,2026/08/08,2026/06/22,0.58,0.3799999952316284,0.6000000238418579,19.979999542236328,,3.12,,,,0.496,0.0231,0.5306,2.0186,0.17299999296665192,0.5998,0.6114,1.1304,1.9148,1.9148,1.1535,2026-08-09
gym1-20,Brock's Golem,unlimited,Gym Heroes,20,Rare,Ken Sugimori,Stage 2,76,Pokémon,2000/08/14,"tcgplayer,cardmarket",https://prices.pokemontcg.io/tcgplayer/gym1-20,https://images.pokemontcg.io/gym1/20_hires.png,2026/08/08,2026/07/01,18.07,11.300000190734863,18.0,103.13999938964844,,,,,"{""1stEdition"": {""low"": 18.98, ""mid"": 30.85, ""high"": 1496.44, ""market"": 32.48, ""directLow"": null}}",19.2981,3.4605,19.5288,0.0,5.190700054168701,17.7408,18.9405,4.6025,5.8367,5.8367,1.1535,2026-08-09
ex10-21,Cleffa,normal,Unseen Forces,21,Rare,Yuka Morii,Basic,173,Pokémon,2005/08/01,"tcgplayer,cardmarket",https://prices.pokemontcg.io/tcgplayer/ex10-21,https://images.pokemontcg.io/ex10/21_hires.png,2026/08/08,2026/07/01,26.84,26.399999618530273,32.400001525878906,299.3999938964844,,78.5,,,,4.7524,0.173,5.26,43.2563,4.221799850463867,4.0719,4.9139,8.063,35.92,18.0061,1.1535,2026-08-09
dpp-DP21,Raichu,holofoil,DP Black Star Promos,DP21,Promo,Daisuke Ito,Stage 1,26,Pokémon,2007/05/01,tcgplayer,https://prices.pokemontcg.io/tcgplayer/dpp-DP21,https://images.pokemontcg.io/dpp/DP21_hires.png,2026/08/08,,32.34,24.989999771118164,39.5,187.67999267578125,,,,,,,,,,,,,,,,,2026-08-09
dp4-18,Houndoom,normal,Great Encounters,18,Rare,Ken Sugimori,Stage 1,229,Pokémon,2008/02/01,"tcgplayer,cardmarket",https://prices.pokemontcg.io/tcgplayer/dp4-18,https://images.pokemontcg.io/dp4/18_hires.png,2026/08/08,2026/06/27,5.6,7.110000133514404,21.989999771118164,59.900001525878906,,16.66,,,,0.992,0.1154,0.9113,4.9254,1.9608999490737915,0.7267,1.0266,0.1615,5.2254,4.9024,1.1535,2026-08-09
pop5-16,Espeon ★,normal,POP Series 5,16,Rare,Masakazu Fukuda,Basic|Star,196,Pokémon,2007/03/01,"tcgplayer,cardmarket",https://prices.pokemontcg.io/tcgplayer/pop5-16,https://images.pokemontcg.io/pop5/16_hires.png,2026/05/18,2026/07/01,1900.0,4150.0,4150.0,4150.0,,,,,,3979.575,9228.0,6810.956,0.0,3979.574951171875,8009.477,3285.4333,0.0,0.0,0.0,1.1535,2026-08-09
dp3-25,Electivire,normal,Secret Wonders,25,Rare,Kouki Saitou,Stage 1,466,Pokémon,2007/11/01,"tcgplayer,cardmarket",https://prices.pokemontcg.io/tcgplayer/dp3-25,https://images.pokemontcg.io/dp3/25_hires.png,2026/08/08,2026/06/26,1.89,0.5,0.9900000095367432,19.979999542236328,,7.11,,,,1.3957,0.1038,1.5803,4.4179,5.75600004196167,1.7649,1.5572,4.0373,3.8527,2.4339,1.1535,2026-08-09
ex2-13,Solrock,holofoil,Sandstorm,13,Rare Holo,Hajime Kusajima,Basic,338,Pokémon,2003/09/18,"tcgplayer,cardmarket",https://prices.pokemontcg.io/tcgplayer/ex2-13,https://images.pokemontcg.io/ex2/13_hires.png,2026/08/08,2026/07/01,26.5,27.450000762939453,49.95000076293945,399.29998779296875,,23.41,,,,12.6654,1.7302,19.4365,14.1304,17.291000366210938,15.2723,18.3522,46.14,8.8935,7.3939,1.1535,2026-08-09
sm115-23,Jolteon,normal,Hidden Fates,23,Rare,Kouki Saitou,Stage 1,135,Pokémon,2019/08/23,"tcgplayer,cardmarket",https://prices.pokemontcg.io/tcgplayer/sm115-23,https://images.pokemontcg.io/sm115/23_hires.png,2026/08/08,2026/06/21,0.65,0.30000001192092896,0.6000000238418579,2.549999952316284,,0.92,,,,0.669,0.0923,0.4845,2.2955,0.9804999828338623,0.5767,0.5191,1.5342,1.0035,1.8225,1.1535,2026-08-09
dp2-14,Mesprit,holofoil,Mysterious Treasures,14,Rare Holo,Ryo Ueda,Basic,481,Pokémon,2007/08/01,"tcgplayer,cardmarket",https://prices.pokemontcg.io/tcgplayer/dp2-14,https://images.pokemontcg.io/dp2/14_hires.png,2026/08/08,2026/06/30,16.17,12.0,37.0,162.8800048828125,,13.74,,,,8.4206,0.5191,7.9015,1.9609,2.8838000297546387,4.614,13.6574,3.4605,2.5146,3.2067,1.1535,2026-08-09
ex6-16,Tauros,normal,FireRed & LeafGreen,16,Rare Holo,Masakazu Fukuda,Basic,128,Pokémon,2004/09/01,"tcgplayer,cardmarket",https://prices.pokemontcg.io/tcgplayer/ex6-16,https://images.pokemontcg.io/ex6/16_hires.png,2026/08/08,2026/07/01,22.6,37.95000076293945,89.44999694824219,380.0,41.83,20.32,,,,9.3203,2.2955,10.4392,8.2014,20.174699783325195,12.1579,8.8473,4.5563,7.6823,12.5385,1.1535,2026-08-09
bw9-19,Seadra,normal,Plasma Freeze,19,Uncommon,Kyoko Umemoto,Stage 1,117,Pokémon,2013/05/08,"tcgplayer,cardmarket",https://prices.pokemontcg.io/tcgplayer/bw9-19,https://images.pokemontcg.io/bw9/19_hires.png,2026/08/08,2026/06/22,0.36,0.20000000298023224,0.3700000047683716,23.489999771118164,,1.33,,,,0.2192,0.0231,0.3691,1.0843,0.23070000112056732,0.5191,0.2884,1.0381,0.9574,0.9113,1.1535,2026-08-09
dp5-12,Phione,holofoil,Majestic Dawn,12,Rare Holo,Daisuke Ito,Basic,489,Pokémon,2008/05/01,"tcgplayer,cardmarket",https://prices.pokemontcg.io/tcgplayer/dp5-12,https://images.pokemontcg.io/dp5/12_hires.png,2026/08/08,2026/07/01,8.27,3.0,8.25,397.5400085449219,,5.29,,,,4.0603,0.4614,4.4756,2.803,2.8838000297546387,3.449,3.6335,2.7684,3.3567,2.2839,1.1535,2026-08-09
ex8-20,Magcargo,normal,Deoxys,20,Rare,Midori Harada,Stage 1,219,Pokémon,2005/02/01,"tcgplayer,cardmarket",https://prices.pokemontcg.io/tcgplayer/ex8-20,https://images.pokemontcg.io/ex8/20_hires.png,2026/08/08,2026/07/01,2.61,1.2200000286102295,2.5,32.599998474121094,,18.14,,,,2.2493,0.0577,2.63,12.7346,4.602499961853027,2.2147,1.8341,5.7675,11.9041,11.5465,1.1535,2026-08-09
ecard3-H18,Magneton,holofoil,Skyridge,H18,Rare Holo,Hajime Kusajima,Stage 1,82,Pokémon,2003/05/12,"tcgplayer,cardmarket",https://prices.pokemontcg.io/tcgplayer/ecard3-H18,https://images.pokemontcg.io/ecard3/H18_hires.png,2026/08/08,2026/07/01,73.85,299.989990234375,299.989990234375,299.989990234375,,,,,,85.7858,34.605,125.6623,0.0,51.84980010986328,85.7858,123.8628,25.0886,24.7541,22.078,1.1535,2026-08-09
gym2-24,Giovanni's Pinsir,unlimited,Gym Challenge,24,Rare,Ken Sugimori,Basic,127,Pokémon,2000/10/16,"tcgplayer,cardmarket",https://prices.pokemontcg.io/tcgplayer/gym2-24,https://images.pokemontcg.io/gym2/24_hires.png,2026/08/08,2026/07/01,11.32,6.25,11.0,95.23999786376953,,,,,"{""1stEdition"": {""low"": 14.5, ""mid"": 25.0, ""high"": 280.0, ""market"": 25.76, ""directLow"": null}}",17.2333,2.1916,18.8482,0.0,11.53499984741211,18.5137,16.4028,0.0,0.0,0.0,1.1535,2026-08-09
dp1-21,Carnivine,normal,Diamond & Pearl,21,Rare,Kouki Saitou,Basic,455,Pokémon,2007/05/01,"tcgplayer,cardmarket",https://prices.pokemontcg.io/tcgplayer/dp1-21,https://images.pokemontcg.io/dp1/21_hires.png,2026/08/08,2026/06/27,1.59,0.30000001192092896,0.949999988079071,19.979999542236328,,6.29,,,,1.4419,0.0577,1.315,1.315,0.7267000079154968,0.8997,1.0151,0.8651,1.8571,2.6069,1.1535,2026-08-09
sm1-21,Growlithe,normal,Sun & Moon,21,Common,MAHOU,Basic,58,Pokémon,2017/02/03,"tcgplayer,cardmarket",https://prices.pokemontcg.io/tcgplayer/sm1-21,https://images.pokemontcg.io/sm1/21_hires.png,2026/08/08,2026/06/22,0.25,0.009999999776482582,0.25,15.239999771118164,,0.63,,,,0.173,0.0231,0.1961,0.7844,0.13840000331401825,0.1846,0.15,0.5767,0.8074,0.5306,1.1535,2026-08-09
swsh1-20,Gossifleur,normal,Sword & Shield,20,Common,Saya Tsuruta,Basic,829,Pokémon,2020/02/07,"tcgplayer,cardmarket",https://prices.pokemontcg.io/tcgplayer/swsh1-20,https://images.pokemontcg.io/swsh1/20_hires.png,2026/08/08,2026/05/19,0.14,0.009999999776482582,0.18000000715255737,20.0,,0.3,,,,0.1154,0.0231,0.1154,0.4499,0.06920000165700912,0.0692,0.1038,0.2307,0.3576,0.3345,1.1535,2026-08-09
bw6-22,Ho-Oh-EX,holofoil,Dragons Exalted,22,Rare Holo EX,Eske Yoshinob,Basic|EX,250,Pokémon,2012/08/15,"tcgplayer,cardmarket",https://prices.pokemontcg.io/tcgplayer/bw6-22,https://images.pokemontcg.io/bw6/22_hires.png,2026/08/08,2026/06/27,6.28,2.990000009536743,6.329999923706055,36.41999816894531,,,,,,6.8056,1.1535,5.8021,0.0,9.227999687194824,5.9521,6.9902,3.3336,5.8482,5.9175,1.1535,2026-08-09
bw5-17,Blaziken,holofoil,Dark Explorers,17,Rare Holo,TOKIYA,Stage 2,257,Pokémon,2012/05/09,"tcgplayer,cardmarket",https://prices.pokemontcg.io/tcgplayer/bw5-17,https://images.pokemontcg.io/bw5/17_hires.png,2026/08/08,2026/06/27,16.0,8.539999961853027,17.1299991607666,172.5,,21.46,,,,4.5333,0.5767,5.433,7.7169,1.153499960899353,3.8527,5.3407,8.0745,7.4631,6.0674,1.1535,2026-08-09
ex13-19,Bellossom δ,normal,Holon Phantoms,19,Rare,Kagemaru Himeno,Stage 2,182,Pokémon,2006/05/01,"tcgplayer,cardmarket",https://prices.pokemontcg.io/tcgplayer/ex13-19,https://images.pokemontcg.io/ex13/19_hires.png,2026/08/08,2026/07/01,3.84,2.4600000381469727,4.75,43.099998474121094,,28.38,,,,2.6992,0.2884,2.6184,12.0079,1.7302000522613525,1.8687,2.0763,9.8048,12.6078,16.1029,1.1535,2026-08-09
bw11-24,Victini-EX,holofoil,Legendary Treasures,24,Rare Holo EX,Eske Yoshinob,Basic|EX,494,Pokémon,2013/11/06,"tcgplayer,cardmarket",https://prices.pokemontcg.io/tcgplayer/bw11-24,https://images.pokemontcg.io/bw11/24_hires.png,2026/08/08,2026/06/22,8.59,4.159999847412109,6.5,79.9000015258789,,,,,,14.3611,1.0381,7.4977,0.0,5.767499923706055,8.0514,5.9405,4.8332,4.2449,3.6566,1.1535,2026-08-09
sm10-14,Weepinbell,normal,Unbroken Bonds,14,Uncommon,otumami,Stage 1,70,Pokémon,2019/05/03,"tcgplayer,cardmarket",https://prices.pokemontcg.io/tcgplayer/sm10-14,https://images.pokemontcg.io/sm10/14_hires.png,2026/08/08,2026/06/25,0.05,0.019999999552965164,0.20999999344348907,19.979999542236328,,0.42,,,,0.2999,0.0231,0.323,0.3576,0.17299999296665192,0.3114,0.2538,0.3691,0.5998,0.8074,1.1535,2026-08-09
bw7-21,Numel,normal,Boundaries Crossed,21,Common,match,Basic,322,Pokémon,2012/11/07,"tcgplayer,cardmarket",https://prices.pokemontcg.io/tcgplayer/bw7-21,https://images.pokemontcg.io/bw7/21_hires.png,2026/08/08,2026/06/18,0.29,0.019999999552965164,0.27000001072883606,19.979999542236328,,0.7,,,,0.1846,0.0231,0.2307,0.6921,0.12690000236034393,0.2076,0.1846,1.6726,1.2689,0.9228,1.1535,2026-08-09
sm3-18a,Charmander,,Burning Shadows,18a,Common,Masakazu Fukuda,Basic,4,Pokémon,2017/08/05,cardmarket,https://prices.pokemontcg.io/cardmarket/sm3-18a,https://images.pokemontcg.io/sm3/18a_hires.png,,2026/06/25,,,,,,,,,,17.9946,19.6095,13.4383,0.0,11.523500442504883,15.8952,10.7737,13.7151,7.5439,4.3372,1.1535,2026-08-09
sm11-13,Foongus,normal,Unified Minds,13,Common,Ken Sugimori,Basic,590,Pokémon,2019/08/02,"tcgplayer,cardmarket",https://prices.pokemontcg.io/tcgplayer/sm11-13,https://images.pokemontcg.io/sm11/13_hires.png,2026/08/08,2026/06/21,0.23,0.009999999776482582,0.23000000417232513,19.84000015258789,,0.43,,,,0.0807,0.0231,0.0923,0.2538,0.05770000070333481,0.1269,0.0807,0.173,0.3114,0.4614,1.1535,2026-08-09
neo2-13,Umbreon,,Neo Discovery,13,Rare Holo,Kimiya Masago,Stage 1,197,Pokémon,2001/06/01,"tcgplayer,cardmarket",https://prices.pokemontcg.io/tcgplayer/neo2-13,https://images.pokemontcg.io/neo2/13_hires.png,2026/08/08,2026/07/01,,,,,,,,,"{""unlimitedHolofoil"": {""low"": 445.16, ""mid"": 1024.5, ""high"": 4320.99, ""market"": 404.69, ""directLow"": 899.99}}",705.3999,74.9775,646.2138,0.0,346.04998779296875,537.2657,724.0173,40.3725,73.5818,72.5321,1.1535,2026-08-09
ex9-22,Breloom,normal,Emerald,22,Uncommon,Mitsuhiro Arita,Stage 1,286,Pokémon,2005/05/01,"tcgplayer,cardmarket",https://prices.pokemontcg.io/tcgplayer/ex9-22,https://images.pokemontcg.io/ex9/22_hires.png,2026/08/08,2026/06/28,1.67,1.5,1.9600000381469727,28.0,,70.0,,,,1.9263,0.0577,1.7995,20.1747,3.4605000019073486,2.3416,1.6264,9.5048,16.7142,13.669,1.1535,2026-08-09
pl3-20,Charizard G,normal,Supreme Victors,20,Rare,Wataru Kawahara,Basic|SP,6,Pokémon,2009/08/19,"tcgplayer,cardmarket",https://prices.pokemontcg.io/tcgplayer/pl3-20,https://images.pokemontcg.io/pl3/20_hires.png,2026/08/08,2026/06/27,82.41,35.650001525878906,47.869998931884766,409.79998779296875,,67.97,,,,16.7719,5.7675,14.3495,38.9306,15.549200057983398,17.4063,24.0966,20.1863,35.5047,34.5012,1.1535,2026-08-09
bw8-19,Pansear,normal,Plasma Storm,19,Common,Atsuko Nishida,Basic,513,Pokémon,2013/02/06,"tcgplayer,cardmarket",https://prices.pokemontcg.io/tcgplayer/bw8-19,https://images.pokemontcg.io/bw8/19_hires.png,2026/08/08,2026/06/22,0.32,0.09000000357627869,0.30000001192092896,1000.0,,0.64,,,,0.15,0.0231,0.1615,0.3576,0.28839999437332153,0.1615,0.15,0.5652,0.6229,0.7844,1.1535,2026-08-09
swsh4-17,Skiddo,normal,Vivid Voltage,17,Common,Saya Tsuruta,Basic,672,Pokémon,2020/11/13,"tcgplayer,cardmarket",https://prices.pokemontcg.io/tcgplayer/swsh4-17,https://images.pokemontcg.io/swsh4/17_hires.png,2026/08/08,2026/06/22,0.05,0.009999999776482582,0.15000000596046448,25.06999969482422,,0.25,,,,0.0577,0.0231,0.0461,0.2307,0.023099999874830246,0.0461,0.0461,0.2884,0.2076,0.2307,1.1535,2026-08-09
pl4-20,Hariyama,normal,Arceus,20,Rare,Midori Harada,Stage 1,297,Pokémon,2009/11/04,"tcgplayer,cardmarket",https://prices.pokemontcg.io/tcgplayer/pl4-20,https://images.pokemontcg.io/pl4/20_hires.png,2026/08/08,2026/06/27,0.72,0.3499999940395355,0.6800000071525574,19.979999542236328,,3.54,,,,0.7036,0.1154,0.6806,1.811,1.153499960899353,0.8305,0.646,2.6761,1.5803,1.4995,1.1535,2026-08-09
xy7-22,Vaporeon,normal,Ancient Origins,22,Uncommon,kirisAki,Stage 1,134,Pokémon,2015/08/12,"tcgplayer,cardmarket",https://prices.pokemontcg.io/tcgplayer/xy7-22,https://images.pokemontcg.io/xy7/22_hires.png,2026/08/08,2026/06/08,1.38,0.25,1.0,29.989999771118164,,2.8,,,,0.9343,0.0231,0.646,4.7524,0.17299999296665192,0.8536,0.8651,2.0763,3.9219,3.945,1.1535,2026-08-09
sma-SV13,Voltorb,holofoil,Hidden Fates Shiny Vault,SV13,Rare Shiny,Shin Nagasawa,Basic,100,Pokémon,2019/08/23,"tcgplayer,cardmarket",https://prices.pokemontcg.io/tcgplayer/sma-SV13,https://images.pokemontcg.io/sma/SV13_hires.png,2026/08/08,2026/06/27,3.78,2.5199999809265137,4.190000057220459,33.65999984741211,,,,,,3.5066,2.2724,3.6912,0.0,5.456099987030029,3.8758,3.8873,2.2955,3.1837,6.2058,1.1535,2026-08-09
xy2-25,Sealeo,normal,Flashfire,25,Uncommon,Mitsuhiro Arita,Stage 1,364,Pokémon,2014/05/07,"tcgplayer,cardmarket",https://prices.pokemontcg.io/tcgplayer/xy2-25,https://images.pokemontcg.io/xy2/25_hires.png,2026/08/08,2026/05/08,0.29,0.05000000074505806,0.25,17.65999984741211,,1.41,,,,0.15,0.0231,0.5421,1.9263,3.4605000019073486,0.5537,0.2192,0.9805,1.142,0.7498,1.1535,2026-08-09
sm9-22,Squirtle,normal,Team Up,22,Common,sui,Basic,7,Pokémon,2019/02/01,"tcgplayer,cardmarket",https://prices.pokemontcg.io/tcgplayer/sm9-22,https://images.pokemontcg.io/sm9/22_hires.png,2026/08/08,2026/05/14,2.54,0.949999988079071,2.630000114440918,96.94999694824219,,12.81,,,,0.7267,0.0231,0.669,3.795,0.57669997215271,0.5998,0.7152,0.7498,3.3913,3.0798,1.1535,2026-08-09
xyp-XY12,Honedge,holofoil,XY Black Star Promos,XY12,Promo,5ban Graphics,Basic,679,Pokémon,2013/10/12,"tcgplayer,cardmarket",https://prices.pokemontcg.io/tcgplayer/xyp-XY12,https://images.pokemontcg.io/xyp/XY12_hires.png,2026/08/08,2026/07/01,3.23,1.2899999618530273,2.0,41.20000076293945,,,,,,8.6512,10.3238,7.567,0.0,9.216500282287598,7.5208,6.3558,5.6522,3.2067,3.0683,1.1535,2026-08-09
swsh35-22,Alcremie V,holofoil,Champion's Path,22,Rare Holo V,Ayaka Yoshida,Basic|V,869,Pokémon,2020/09/25,"tcgplayer,cardmarket",https://prices.pokemontcg.io/tcgplayer/swsh35-22,https://images.pokemontcg.io/swsh35/22_hires.png,2026/08/08,2026/06/25,2.84,1.2699999809265137,2.8499999046325684,79.98999786376953,,,,,,1.8802,0.4614,1.7995,0.0,1.499500036239624,2.0878,1.9379,3.4605,1.5918,1.6495,1.1535,2026-08-09
swsh3-14,Bounsweet,normal,Darkness Ablaze,14,Common,Yuka Morii,Basic,761,Pokémon,2020/08/14,"tcgplayer,cardmarket",https://prices.pokemontcg.io/tcgplayer/swsh3-14,https://images.pokemontcg.io/swsh3/14_hires.png,2026/08/08,2026/06/27,0.28,0.07000000029802322,0.2800000011920929,25.270000457763672,,0.43,,,,0.1038,0.0231,0.15,0.3922,0.023099999874830246,0.1038,0.0807,0.173,0.323,0.3345,1.1535,2026-08-09
sm2-20,Alolan Sandslash,normal,Guardians Rising,20,Rare,TOKIYA,Stage 1,28,Pokémon,2017/05/05,"tcgplayer,cardmarket",https://prices.pokemontcg.io/tcgplayer/sm2-20,https://images.pokemontcg.io/sm2/20_hires.png,2026/08/08,2026/06/11,0.37,0.09000000357627869,0.3799999952316284,19.079999923706055,,0.89,,,,0.1961,0.0231,0.15,0.8882,0.46140000224113464,0.2076,0.2307,0.2192,0.5767,0.7498,1.1535,2026-08-09
base2-14,Victreebel,1stEditionHolofoil,Jungle,14,Rare Holo,Ken Sugimori,Stage 2,71,Pokémon,1999/06/16,"tcgplayer,cardmarket",https://prices.pokemontcg.io/tcgplayer/base2-14,https://images.pokemontcg.io/base2/14_hires.png,2026/08/08,2026/07/01,114.61,89.98999786376953,139.99000549316406,1069.9000244140625,,,,,"{""unlimitedHolofoil"": {""low"": 23.0, ""mid"": 28.67, ""high"": 99.58, ""market"": 41.67, ""directLow"": 31.3}}",32.3672,5.5368,26.6805,0.0,44.98649978637695,30.8446,32.3903,6.8403,17.0949,13.9689,1.1535,2026-08-09
sm5-23,Infernape,holofoil,Ultra Prism,23,Rare Holo,nagimiso,Stage 2,392,Pokémon,2018/02/02,"tcgplayer,cardmarket",https://prices.pokemontcg.io/tcgplayer/sm5-23,https://images.pokemontcg.io/sm5/23_hires.png,2026/08/08,2026/06/08,2.03,1.2400000095367432,2.0199999809265137,7.929999828338623,,1.9,,,,1.3265,0.5652,1.1304,0.0,0.5651999711990356,1.2919,1.0381,0.5767,0.1961,0.2422,1.1535,2026-08-09
neo1-14,Slowking,1stEditionHolofoil,Neo Genesis,14,Rare Holo,Ken Sugimori,Stage 1,199,Pokémon,2000/12/16,"tcgplayer,cardmarket",https://prices.pokemontcg.io/tcgplayer/neo1-14,https://images.pokemontcg.io/neo1/14_hires.png,2026/08/08,2026/07/01,202.94,270.0,499.989990234375,1459.9000244140625,,,,,"{""unlimitedHolofoil"": {""low"": 67.67, ""mid"": 129.7, ""high"": 499.98, ""market"": 72.62, ""directLow"": 127.15}}",38.2501,3.4605,33.0478,0.0,80.68730163574219,36.3814,36.0238,5.7675,10.6122,10.6007,1.1535,2026-08-09
np-11,Marshtomp,normal,Nintendo Black Star Promos,11,Promo,Mitsuhiro Arita,Stage 1,259,Pokémon,2003/10/01,"tcgplayer,cardmarket",https://prices.pokemontcg.io/tcgplayer/np-11,https://images.pokemontcg.io/np/11_hires.png,2026/08/08,2026/07/01,85.14,849.5,849.5,849.5,,,,,,126.885,0.0,126.885,0.0,126.88500213623047,88.8195,88.8195,0.0,0.0,0.0,1.1535,2026-08-09
neo4-21,Dark Ursaring,unlimited,Neo Destiny,21,Rare,Mitsuhiro Arita,Stage 1,217,Pokémon,2002/02/28,"tcgplayer,cardmarket",https://prices.pokemontcg.io/tcgplayer/neo4-21,https://images.pokemontcg.io/neo4/21_hires.png,2026/08/08,2026/07/01,13.5,10.720000267028809,13.630000114440918,130.0,,,,,"{""1stEdition"": {""low"": 34.99, ""mid"": 64.97, ""high"": 547.99, ""market"": 43.86, ""directLow"": 59.95}}",12.2156,2.307,9.897,0.0,6.032800197601318,12.0079,13.5882,11.5235,11.5235,11.5235,1.1535,2026-08-09
xy4-20,Frillish,normal,Phantom Forces,20,Common,Kyoko Umemoto,Basic,592,Pokémon,2014/11/05,"tcgplayer,cardmarket",https://prices.pokemontcg.io/tcgplayer/xy4-20,https://images.pokemontcg.io/xy4/20_hires.png,2026/08/08,2026/07/01,0.29,0.09000000357627869,0.27000001072883606,9.989999771118164,,0.54,,,,0.1615,0.0231,0.15,0.5998,0.05770000070333481,0.173,0.15,0.4037,0.4499,0.5191,1.1535,2026-08-09
ecard1-13,Gengar,holofoil,Expedition Base Set,13,Rare Holo,Yukiko Baba,Stage 2,94,Pokémon,2002/09/15,"tcgplayer,cardmarket",https://prices.pokemontcg.io/tcgplayer/ecard1-13,https://images.pokemontcg.io/ecard1/13_hires.png,2026/08/08,2026/07/01,670.39,349.9800109863281,550.0,600.0,,799.98,,,,185.056,80.745,0.0231,356.1316,1153.5,304.2587,678.8232,634.425,494.021,216.0506,1.1535,2026-08-09
ex4-22,Team Magma's Rhydon,normal,Team Magma vs Team Aqua,22,Rare,T. Honda,Stage 1,112,Pokémon,2004/03/01,"tcgplayer,cardmarket",https://prices.pokemontcg.io/tcgplayer/ex4-22,https://images.pokemontcg.io/ex4/22_hires.png,2026/08/08,2026/07/01,2.87,2.450000047683716,3.0,37.400001525878906,,14.6,,,,1.8571,0.346,2.1455,9.7471,4.025700092315674,2.2147,2.0071,14.8802,10.8083,7.2094,1.1535,2026-08-09
xy10-21,White Kyurem,holofoil,Fates Collide,21,Rare Holo,kawayoo,Basic,646,Pokémon,2016/05/02,"tcgplayer,cardmarket",https://prices.pokemontcg.io/tcgplayer/xy10-21,https://images.pokemontcg.io/xy10/21_hires.png,2026/08/08,2026/06/18,0.63,0.3499999940395355,0.6200000047683716,16.8799991607666,,0.96,,,,1.0266,0.0231,1.1074,58.6555,1.153499960899353,1.0381,1.0035,1.1535,34.3858,8.8589,1.1535,2026-08-09
ex11-22,Holon's Magneton,normal,Delta Species,22,Rare,Katsura Tabata,Stage 1,82,Pokémon,2005/10/31,"tcgplayer,cardmarket",https://prices.pokemontcg.io/tcgplayer/ex11-22,https://images.pokemontcg.io/ex11/22_hires.png,2026/08/08,2026/06/28,6.84,4.989999771118164,6.840000152587891,149.89999389648438,,30.32,,,,2.9414,0.2307,2.7338,21.0514,2.768399953842163,2.5492,3.0914,45.8516,17.4294,14.7187,1.1535,2026-08-09
ex14-19,Grovyle δ,normal,Crystal Guardians,19,Rare,Masakazu Fukuda,Stage 1,253,Pokémon,2006/08/01,"tcgplayer,cardmarket",https://prices.pokemontcg.io/tcgplayer/ex14-19,https://images.pokemontcg.io/ex14/19_hires.png,2026/08/08,2026/06/28,5.25,2.7300000190734863,6.75,69.98999786376953,,35.0,,,,4.1295,0.346,2.976,65.588,1.3265000581741333,4.3026,5.3407,34.5473,60.6626,27.7647,1.1535,2026-08-09
pop2-14,Luvdisc,normal,POP Series 2,14,Common,Atsuko Nishida,Basic,370,Pokémon,2005/08/01,"tcgplayer,cardmarket",https://prices.pokemontcg.io/tcgplayer/pop2-14,https://images.pokemontcg.io/pop2/14_hires.png,2026/08/08,2026/07/01,2.1,1.9900000095367432,3.490000009536743,25.299999237060547,,,,,,1.3842,0.2307,1.4073,0.0,0.40369999408721924,1.0728,1.1996,3.4605,3.4605,3.4605,1.1535,2026-08-09
hgss1-23,Hypno,normal,HeartGold & SoulSilver,23,Rare,Masakazu Fukuda,Stage 1,97,Pokémon,2010/02/10,"tcgplayer,cardmarket",https://prices.pokemontcg.io/tcgplayer/hgss1-23,https://images.pokemontcg.io/hgss1/23_hires.png,2026/08/08,2026/06/27,1.33,0.8500000238418579,1.440000057220459,25.0,,4.74,,,,0.7728,0.1154,1.0497,4.0142,3.114500045776367,1.0035,0.9343,4.5563,4.0142,3.1952,1.1535,2026-08-09
neo3-19,Kingdra,unlimited,Neo Revelation,19,Rare,Mitsuhiro Arita,Stage 2,230,Pokémon,2001/09/21,"tcgplayer,cardmarket",https://prices.pokemontcg.io/tcgplayer/neo3-19,https://images.pokemontcg.io/neo3/19_hires.png,2026/08/08,2026/07/01,8.7,6.75,8.6899995803833,4318.93017578125,,,,,"{""1stEdition"": {""low"": 14.0, ""mid"": 30.0, ""high"": 197.76, ""market"": 21.17, ""directLow"": 179.99}}",14.8571,1.1535,7.5554,0.0,9.170299530029297,7.9592,12.7116,4.4986,10.2892,7.9592,1.1535,2026-08-09
pl1-22,Blissey,normal,Platinum,22,Rare,Atsuko Nishida,Stage 1,242,Pokémon,2009/02/11,"tcgplayer,cardmarket",https://prices.pokemontcg.io/tcgplayer/pl1-22,https://images.pokemontcg.io/pl1/22_hires.png,2026/08/08,2026/06/27,4.23,3.309999942779541,4.820000171661377,39.77000045776367,,7.95,,,,1.638,0.1154,1.315,2.8261,1.3841999769210815,1.5803,1.8341,4.1295,3.4836,2.7915,1.1535,2026-08-09
pl2-18,Espeon E4,normal,Rising Rivals,18,Rare,Mitsuhiro Arita,Basic|SP,196,Pokémon,2009/05/16,"tcgplayer,cardmarket",https://prices.pokemontcg.io/tcgplayer/pl2-18,https://images.pokemontcg.io/pl2/18_hires.png,2026/08/08,2026/07/01,15.09,9.640000343322754,29.0,173.0,,33.03,,,,8.4667,2.1916,9.1934,17.5793,5.75600004196167,9.2049,7.2786,27.684,19.2058,13.5767,1.1535,2026-08-09
basep-18,Team Rocket's Meowth,normal,Wizards Black Star Promos,18,Promo,Kunihiko Yuyama,Basic,52,Pokémon,1999/07/01,"tcgplayer,cardmarket",https://prices.pokemontcg.io/tcgplayer/basep-18,https://images.pokemontcg.io/basep/18_hires.png,2026/08/08,2026/07/01,27.7,19.950000762939453,28.06999969482422,123.48999786376953,,,,,,70.6519,30.8792,86.8701,0.0,98.04750061035156,86.2241,50.6963,12.6885,12.0887,12.0887,1.1535,2026-08-09
hgss3-18,Metagross,normal,HS—Undaunted,18,Rare,TOKIYA,Stage 2,376,Pokémon,2010/08/18,"tcgplayer,cardmarket",https://prices.pokemontcg.io/tcgplayer/hgss3-18,https://images.pokemontcg.io/hgss3/18_hires.png,2026/08/08,2026/07/01,2.7,1.25,2.0199999809265137,54.900001525878906,,10.6,,,,1.5342,0.0577,1.4303,6.0213,0.7498000264167786,1.1189,1.3611,2.0763,4.8908,6.7364,1.1535,2026-08-09
sm8-19,Celebi ◇,holofoil,Lost Thunder,19,Rare Prism Star,Masakazu Fukuda,Basic|Prism Star,251,Pokémon,2018/11/02,"tcgplayer,cardmarket",https://prices.pokemontcg.io/tcgplayer/sm8-19,https://images.pokemontcg.io/sm8/19_hires.png,2026/08/08,2026/06/22,11.15,4.989999771118164,10.819999694824219,149.99000549316406,,,,,,8.086,1.142,6.7364,5.3061,8.07450008392334,8.7205,7.8553,4.8447,8.8704,5.5368,1.1535,2026-08-09
ex3-21,Skarmory,normal,Dragon,21,Rare,Hisao Nakamura,Basic,227,Pokémon,2003/11/24,"tcgplayer,cardmarket",https://prices.pokemontcg.io/tcgplayer/ex3-21,https://images.pokemontcg.io/ex3/21_hires.png,2026/08/08,2026/07/01,2.25,1.9199999570846558,2.809999942779541,32.79999923706055,,36.47,,,,1.2573,0.2307,1.2112,12.677,1.0612000226974487,0.9343,1.1189,12.677,18.629,11.8118,1.1535,2026-08-09
dp6-12,Politoed,holofoil,Legends Awakened,12,Rare Holo,Masakazu Fukuda,Stage 2,186,Pokémon,2008/08/01,"tcgplayer,cardmarket",https://prices.pokemontcg.io/tcgplayer/dp6-12,https://images.pokemontcg.io/dp6/12_hires.png,2026/08/08,2026/06/30,26.91,30.0,40.84000015258789,281.7099914550781,,31.0,,,,10.6929,0.5767,13.0692,10.1854,34.60499954223633,15.8376,7.9938,2.307,13.5767,6.275,1.1535,2026-08-09
xy1-21,Magcargo,normal,XY,21,Rare,kawayoo,Stage 1,219,Pokémon,2014/02/05,"tcgplayer,cardmarket",https://prices.pokemontcg.io/tcgplayer/xy1-21,https://images.pokemontcg.io/xy1/21_hires.png,2026/08/08,2026/06/25,0.53,0.23000000417232513,0.5,24.989999771118164,,0.79,,,,0.7152,0.1154,0.819,1.1766,0.6114000082015991,0.7267,0.5767,1.3727,2.0071,1.5572,1.1535,2026-08-09
mcd16-12,Eevee,,McDonald's Collection 2016,12,,Kouki Saitou,Basic,133,Pokémon,2016/08/19,cardmarket,https://prices.pokemontcg.io/cardmarket/mcd16-12,https://images.pokemontcg.io/mcd16/12_hires.png,,2026/07/01,,,,,,,,,,15.3531,0.2884,10.5315,0.0,1.1303999423980713,14.5802,19.1481,0.9228,1.9725,1.8917,1.1535,2026-08-09
sm4-14,Camerupt,normal,Crimson Invasion,14,Rare,Anesaki Dynamic,Stage 1,323,Pokémon,2017/11/03,"tcgplayer,cardmarket",https://prices.pokemontcg.io/tcgplayer/sm4-14,https://images.pokemontcg.io/sm4/14_hires.png,2026/08/08,2026/07/01,0.24,0.07999999821186066,0.25,19.979999542236328,,0.33,,,,0.1269,0.0231,0.1615,0.8074,0.219200000166893,0.15,0.1961,0.8074,0.7498,0.669,1.1535,2026-08-09
ex5-15,Walrein,holofoil,Hidden Legends,15,Rare Holo,Atsuko Nishida,Stage 2,365,Pokémon,2004/06/01,"tcgplayer,cardmarket",https://prices.pokemontcg.io/tcgplayer/ex5-15,https://images.pokemontcg.io/ex5/15_hires.png,2026/08/08,2026/07/01,15.49,11.850000381469727,29.0,180.0,,21.68,,,,5.5022,1.7302,4.7063,12.5732,11.53499984741211,5.7906,6.4019,4.2564,8.8358,8.3283,1.1535,2026-08-09
base1-20,Electabuzz,normal,Base,20,Rare,Ken Sugimori,Basic,125,Pokémon,1999/01/09,"tcgplayer,cardmarket",https://prices.pokemontcg.io/tcgplayer/base1-20,https://images.pokemontcg.io/base1/20_hires.png,2026/08/08,2026/07/01,9.73,4.0,7.190000057220459,94.76000213623047,,,,,,11.858,0.2884,12.3309,0.0,14.418700218200684,10.3469,11.5581,9.228,6.0905,3.622,1.1535,2026-08-09
pop8-15,Piplup,normal,POP Series 8,15,Common,Atsuko Nishida,Basic,393,Pokémon,2008/09/01,"tcgplayer,cardmarket",https://prices.pokemontcg.io/tcgplayer/pop8-15,https://images.pokemontcg.io/pop8/15_hires.png,2026/08/08,2026/07/01,18.11,14.25,17.559999465942383,149.75,,,,,,5.8482,0.5767,5.0639,0.0,5.652200222015381,4.1872,3.8642,0.1038,0.1038,0.1038,1.1535,2026-08-09
ecard2-H24,Sudowoodo,holofoil,Aquapolis,H24,Rare Holo,Kagemaru Himeno,Basic,185,Pokémon,2003/01/15,"tcgplayer,cardmarket",https://prices.pokemontcg.io/tcgplayer/ecard2-H24,https://images.pokemontcg.io/ecard2/H24_hires.png,2026/08/08,2026/07/01,165.0,120.0,149.0,178.0,,,,,,61.6661,21.905,61.9314,0.0,57.67499923706055,63.2464,61.5508,13.842,17.0949,19.944,1.1535,2026-08-09
bw4-22,Reshiram-EX,holofoil,Next Destinies,22,Rare Holo EX,Shizurow,Basic|EX,643,Pokémon,2012/02/08,"tcgplayer,cardmarket",https://prices.pokemontcg.io/tcgplayer/bw4-22,https://images.pokemontcg.io/bw4/22_hires.png,2026/08/08,2026/06/22,18.85,10.0,16.8700008392334,186.5,,,,,,21.2244,2.5954,15.976,0.0,6.125100135803223,16.0337,13.2537,3.4605,4.3718,4.3718,1.1535,2026-08-09
bw10-24,Relicanth,normal,Plasma Blast,24,Uncommon,5ban Graphics,Basic|Team Plasma,369,Pokémon,2013/08/14,"tcgplayer,cardmarket",https://prices.pokemontcg.io/tcgplayer/bw10-24,https://images.pokemontcg.io/bw10/24_hires.png,2026/08/08,2026/06/08,0.37,0.15000000596046448,0.3700000047683716,19.979999542236328,,1.0,,,,0.2192,0.0231,0.4845,1.638,0.23070000112056732,0.5652,0.3114,0.5767,1.7302,1.1881,1.1535,2026-08-09
dp7-12,Abomasnow,normal,Stormfront,12,Rare,Mitsuhiro Arita,Stage 1,460,Pokémon,2008/11/01,"tcgplayer,cardmarket",https://prices.pokemontcg.io/tcgplayer/dp7-12,https://images.pokemontcg.io/dp7/12_hires.png,2026/08/08,2026/07/01,2.6,0.5,1.9700000286102295,19.979999542236328,,4.55,,,,0.496,0.0461,0.5767,3.0337,0.23070000112056732,0.8305,0.5075,0.5767,2.5262,2.3185,1.1535,2026-08-09
xy6-18,Wingull,normal,Roaring Skies,18,Common,MAHOU,Basic,278,Pokémon,2015/05/06,"tcgplayer,cardmarket",https://prices.pokemontcg.io/tcgplayer/xy6-18,https://images.pokemontcg.io/xy6/18_hires.png,2026/08/08,2026/06/27,0.15,0.009999999776482582,0.20000000298023224,1000.0,,0.47,,,,0.1269,0.0231,0.1615,0.3807,0.219200000166893,0.1384,0.1038,0.3922,0.3576,0.3576,1.1535,2026-08-09
ex16-13,Slaking,holofoil,Power Keepers,13,Rare Holo,Midori Harada,Stage 2,289,Pokémon,2007/02/02,"tcgplayer,cardmarket",https://prices.pokemontcg.io/tcgplayer/ex16-13,https://images.pokemontcg.io/ex16/13_hires.png,2026/08/08,2026/07/01,6.94,5.989999771118164,6.590000152587891,75.70999908447266,,3.98,,,,3.2067,0.8074,5.0408,5.3292,4.025700092315674,4.7063,3.7489,5.3292,5.3638,6.1482,1.1535,2026-08-09
base5-19,Dark Arbok,unlimited,Team Rocket,19,Rare,Mitsuhiro Arita,Stage 1,24,Pokémon,2000/04/24,"tcgplayer,cardmarket",https://prices.pokemontcg.io/tcgplayer/base5-19,https://images.pokemontcg.io/base5/19_hires.png,2026/08/08,2026/07/01,8.61,3.0,5.239999771118164,89.38999938964844,,,,,"{""1stEdition"": {""low"": 5.2, ""mid"": 10.65, ""high"": 118.94, ""market"": 11.09, ""directLow"": 118.92}}",9.2049,1.1535,9.4356,0.0,6.574999809265137,9.1703,9.055,7.4977,9.9662,6.3212,1.1535,2026-08-09
sm115-24,Zapdos,holofoil,Hidden Fates,24,Rare Holo,Shin Nagasawa,Basic,145,Pokémon,2019/08/23,"tcgplayer,cardmarket",https://prices.pokemontcg.io/tcgplayer/sm115-24,https://images.pokemontcg.io/sm115/24_hires.png,2026/08/08,2026/06/21,0.59,0.15000000596046448,0.6000000238418579,8.0,,0.97,,,,0.7613,0.1154,0.7844,1.5803,0.4383000135421753,0.5998,0.7498,1.1535,1.5457,1.5688,1.1535,2026-08-09
xy6-19,Pelipper,normal,Roaring Skies,19,Uncommon,Midori Harada,Stage 1,279,Pokémon,2015/05/06,"tcgplayer,cardmarket",https://prices.pokemontcg.io/tcgplayer/xy6-19,https://images.pokemontcg.io/xy6/19_hires.png,2026/08/08,2026/06/18,0.18,0.03999999910593033,0.20000000298023224,19.979999542236328,,0.39,,,,0.173,0.0231,0.2307,0.4614,0.11540000140666962,0.2076,0.173,0.5652,0.4614,0.4614,1.1535,2026-08-09
sm7-17,Volbeat,normal,Celestial Storm,17,Uncommon,Saya Tsuruta,Basic,313,Pokémon,2018/08/03,"tcgplayer,cardmarket",https://prices.pokemontcg.io/tcgplayer/sm7-17,https://images.pokemontcg.io/sm7/17_hires.png,2026/08/08,2026/06/21,0.38,0.20000000298023224,0.3799999952316284,19.979999542236328,,0.63,,,,0.346,0.0346,0.3114,0.9228,0.3230000138282776,0.3922,0.2538,0.9228,0.7152,0.6806,1.1535,2026-08-09
bw3-15,Victini,holofoil,Noble Victories,15,Rare Holo,Naoki Saito,Basic,494,Pokémon,2011/11/16,"tcgplayer,cardmarket",https://prices.pokemontcg.io/tcgplayer/bw3-15,https://images.pokemontcg.io/bw3/15_hires.png,2026/08/08,2026/07/01,5.29,2.9100000858306885,3.5999999046325684,38.099998474121094,,6.47,,,,1.4303,0.2192,0.6344,6.2174,1.1303999423980713,2.1801,2.7453,2.307,5.3176,3.4144,1.1535,2026-08-09
sma-SV14,Xurkitree,holofoil,Hidden Fates Shiny Vault,SV14,Rare Shiny,Naoki Saito,Basic|Ultra Beast,796,Pokémon,2019/08/23,"tcgplayer,cardmarket",https://prices.pokemontcg.io/tcgplayer/sma-SV14,https://images.pokemontcg.io/sma/SV14_hires.png,2026/08/08,2026/06/25,5.33,2.990000009536743,5.340000152587891,100.0,,,,,,3.5066,1.7187,3.9565,0.0,6.9095001220703125,3.9104,3.4836,1.7187,2.6992,3.4259,1.1535,2026-08-09
ex4-23,Team Magma's Zangoose,normal,Team Magma vs Team Aqua,23,Rare,Zu-Ka,Basic,335,Pokémon,2004/03/01,"tcgplayer,cardmarket",https://prices.pokemontcg.io/tcgplayer/ex4-23,https://images.pokemontcg.io/ex4/23_hires.png,2026/08/08,2026/07/01,6.56,4.199999809265137,6.599999904632568,89.9000015258789,,67.6,,,,3.0222,0.346,3.0222,20.1632,3.4258999824523926,2.953,2.5262,23.6468,24.2927,11.0505,1.1535,2026-08-09
sm75-19,Magikarp,normal,Dragon Majesty,19,Common,Sekio,Basic,129,Pokémon,2018/09/07,"tcgplayer,cardmarket",https://prices.pokemontcg.io/tcgplayer/sm75-19,https://images.pokemontcg.io/sm75/19_hires.png,2026/08/08,2026/06/25,0.54,0.15000000596046448,0.5400000214576721,19.600000381469727,,10.05,,,,0.5652,0.0577,0.6114,3.8412,0.36910000443458557,0.5537,0.4499,5.7675,3.8412,3.8988,1.1535,2026-08-09
xy4-21,Jellicent,normal,Phantom Forces,21,Rare,Masakazu Fukuda,Stage 1,593,Pokémon,2014/11/05,"tcgplayer,cardmarket",https://prices.pokemontcg.io/tcgplayer/xy4-21,https://images.pokemontcg.io/xy4/21_hires.png,2026/08/08,2026/07/01,0.9,0.47999998927116394,0.8799999952316284,2.7799999713897705,,1.78,,,,1.1304,0.0231,1.1074,2.134,2.5376999378204346,1.0035,0.8882,1.0381,2.4454,1.6841,1.1535,2026-08-09
dp4-19,Hypno,normal,Great Encounters,19,Rare,Mitsuhiro Arita,Stage 1,97,Pokémon,2008/02/01,"tcgplayer,cardmarket",https://prices.pokemontcg.io/tcgplayer/dp4-19,https://images.pokemontcg.io/dp4/19_hires.png,2026/08/08,2026/06/27,2.0,1.309999942779541,1.899999976158142,96.83999633789062,,8.24,,,,1.2919,0.0231,1.4419,2.1224,0.9228000044822693,1.0497,1.0958,1.1535,2.2955,1.8917,1.1535,2026-08-09
dpp-DP22,Mime Jr.,holofoil,DP Black Star Promos,DP22,Promo,Mitsuhiro Arita,Basic,439,Pokémon,2007/05/01,tcgplayer,https://prices.pokemontcg.io/tcgplayer/dpp-DP22,https://images.pokemontcg.io/dpp/DP22_hires.png,2026/08/08,,13.87,8.800000190734863,12.0,60.29999923706055,,,,,,,,,,,,,,,,,2026-08-09
xyp-XY13,Machamp,holofoil,XY Black Star Promos,XY13,Promo,PLANETA,Stage 2,68,Pokémon,2013/10/12,"tcgplayer,cardmarket",https://prices.pokemontcg.io/tcgplayer/xyp-XY13,https://images.pokemontcg.io/xyp/XY13_hires.png,2026/08/08,2026/07/01,19.54,20.0,39.970001220703125,9999.0,,,,,,32.1134,11.535,25.8153,0.0,16.125900268554688,32.1596,21.0514,5.756,6.4711,4.9947,1.1535,2026-08-09
pl2-19,Flareon,normal,Rising Rivals,19,Rare,Midori Harada,Stage 1,136,Pokémon,2009/05/16,"tcgplayer,cardmarket",https://prices.pokemontcg.io/tcgplayer/pl2-19,https://images.pokemontcg.io/pl2/19_hires.png,2026/08/08,2026/07/01,13.57,6.949999809265137,9.739999771118164,133.10000610351562,,29.0,,,,7.567,1.142,7.1748,14.0727,1.7302000522613525,7.0825,5.929,4.614,9.1242,9.4356,1.1535,2026-08-09
ex8-21,Pelipper,normal,Deoxys,21,Rare,Tomokazu Komiya,Stage 1,279,Pokémon,2005/02/01,"tcgplayer,cardmarket",https://prices.pokemontcg.io/tcgplayer/ex8-21,https://images.pokemontcg.io/ex8/21_hires.png,2026/08/08,2026/07/01,7.36,7.599999904632568,9.989999771118164,1133.699951171875,,97.0,,,,6.5057,0.5767,5.9405,31.7097,11.53499984741211,7.1402,6.9095,31.7097,12.0195,17.3371,1.1535,2026-08-09
swsh1-21,Eldegoss,normal,Sword & Shield,21,Uncommon,Kagemaru Himeno,Stage 1,830,Pokémon,2020/02/07,"tcgplayer,cardmarket",https://prices.pokemontcg.io/tcgplayer/swsh1-21,https://images.pokemontcg.io/swsh1/21_hires.png,2026/08/08,2026/05/19,0.05,0.019999999552965164,0.1899999976158142,19.979999542236328,,0.47,,,,0.1154,0.0231,0.1384,0.1961,0.11540000140666962,0.1038,0.1038,0.4499,0.3691,0.4383,1.1535,2026-08-09
neo1-15,Steelix,1stEditionHolofoil,Neo Genesis,15,Rare Holo,Ken Sugimori,Stage 1,208,Pokémon,2000/12/16,"tcgplayer,cardmarket",https://prices.pokemontcg.io/tcgplayer/neo1-15,https://images.pokemontcg.io/neo1/15_hires.png,2026/08/08,2026/07/01,107.36,180.0,324.8299865722656,906.0399780273438,,,,,"{""unlimitedHolofoil"": {""low"": 30.0, ""mid"": 35.73, ""high"": 399.99, ""market"": 46.7, ""directLow"": 34.27}}",67.5259,3.4605,23.5314,0.0,80.68730163574219,34.2474,61.2624,4.3141,10.7045,13.2076,1.1535,2026-08-09
sm10-15,Victreebel,normal,Unbroken Bonds,15,Rare,Anesaki Dynamic,Stage 2,71,Pokémon,2019/05/03,"tcgplayer,cardmarket",https://prices.pokemontcg.io/tcgplayer/sm10-15,https://images.pokemontcg.io/sm10/15_hires.png,2026/08/08,2026/06/08,0.4,0.30000001192092896,0.44999998807907104,18.719999313354492,,0.58,,,,0.7036,0.1154,0.7152,1.5803,0.8073999881744385,0.5883,0.669,2.0763,1.4534,1.4073,1.1535,2026-08-09
base1-21,Electrode,normal,Base,21,Rare,Keiji Kinebuchi,Stage 1,101,Pokémon,1999/01/09,"tcgplayer,cardmarket",https://prices.pokemontcg.io/tcgplayer/base1-21,https://images.pokemontcg.io/base1/21_hires.png,2026/08/08,2026/07/01,9.08,3.0,6.0,9999.0,,,,,,17.2679,14.4072,31.9173,0.0,11.477299690246582,27.0611,31.2137,0.0,0.0,0.0,1.1535,2026-08-09
gym2-25,Koga's Arbok,unlimited,Gym Challenge,25,Rare,Ken Sugimori,Stage 1,24,Pokémon,2000/10/16,"tcgplayer,cardmarket",https://prices.pokemontcg.io/tcgplayer/gym2-25,https://images.pokemontcg.io/gym2/25_hires.png,2026/08/08,2026/07/01,8.99,7.579999923706055,10.739999771118164,87.94999694824219,,,,,"{""1stEdition"": {""low"": 11.22, ""mid"": 16.75, ""high"": 185.9, ""market"": 16.75, ""directLow"": null}}",15.2839,1.7302,23.4507,0.0,6.9095001220703125,15.5607,11.535,3.3451,3.3451,3.3451,1.1535,2026-08-09
dc1-13,Team Magma's Lairon,normal,Double Crisis,13,Common,Masakazu Fukuda,Stage 1,305,Pokémon,2015/03/25,"tcgplayer,cardmarket",https://prices.pokemontcg.io/tcgplayer/dc1-13,https://images.pokemontcg.io/dc1/13_hires.png,2026/08/08,2026/07/01,0.79,0.23999999463558197,0.7900000214576721,19.979999542236328,,7.62,,,,4.2564,0.4614,3.9565,7.4747,1.7302000522613525,2.5608,2.8953,4.6025,6.8172,6.9787,1.1535,2026-08-09
bw4-23,Staryu,normal,Next Destinies,23,Common,Naoyo Kimura,Basic,120,Pokémon,2012/02/08,"tcgplayer,cardmarket",https://prices.pokemontcg.io/tcgplayer/bw4-23,https://images.pokemontcg.io/bw4/23_hires.png,2026/08/08,2026/06/11,0.33,0.10000000149011612,0.3199999928474426,1000.0,,1.1,,,,0.2422,0.0231,0.3691,0.6344,0.11540000140666962,0.3576,0.2422,0.5652,0.7267,0.5652,1.1535,2026-08-09
g1-12,M Charizard-EX,holofoil,Generations,12,Rare Holo EX,5ban Graphics,MEGA|EX,6,Pokémon,2016/02/22,"tcgplayer,cardmarket",https://prices.pokemontcg.io/tcgplayer/g1-12,https://images.pokemontcg.io/g1/12_hires.png,2026/08/08,2026/07/01,163.54,101.83000183105469,153.69000244140625,989.47998046875,,,,,,113.2622,28.8375,112.7085,0.0,95.1636962890625,116.3766,115.2,20.913,40.3725,65.8649,1.1535,2026-08-09
dp7-13,Bronzong,normal,Stormfront,13,Rare,Kyoko Umemoto,Stage 1,437,Pokémon,2008/11/01,"tcgplayer,cardmarket",https://prices.pokemontcg.io/tcgplayer/dp7-13,https://images.pokemontcg.io/dp7/13_hires.png,2026/08/08,2026/07/01,0.93,0.5099999904632568,0.8899999856948853,19.979999542236328,,2.09,,,,0.6806,0.173,0.7267,3.0683,0.57669997215271,0.8074,0.6806,4.787,3.1837,2.0071,1.1535,2026-08-09
dp1-22,Clefable,normal,Diamond & Pearl,22,Rare,Ken Sugimori,Stage 1,36,Pokémon,2007/05/01,"tcgplayer,cardmarket",https://prices.pokemontcg.io/tcgplayer/dp1-22,https://images.pokemontcg.io/dp1/22_hires.png,2026/08/08,2026/06/27,3.3,1.0,1.7899999618530273,56.900001525878906,,6.04,,,,1.9609,0.2192,1.5572,2.6184,0.34599998593330383,0.8651,1.4765,1.0381,1.7879,1.8802,1.1535,2026-08-09
dp2-15,Raichu,holofoil,Mysterious Treasures,15,Rare Holo,Daisuke Ito,Stage 1,26,Pokémon,2007/08/01,"tcgplayer,cardmarket",https://prices.pokemontcg.io/tcgplayer/dp2-15,https://images.pokemontcg.io/dp2/15_hires.png,2026/08/08,2026/06/30,20.68,15.0,27.440000534057617,459.79998779296875,,22.16,,,,8.4782,1.2689,7.4631,6.1828,4.037300109863281,7.1632,8.1898,11.535,7.6592,6.0328,1.1535,2026-08-09
xy12-15,Ninetales,holofoil,Evolutions,15,Rare Holo,Ken Sugimori,Stage 1,38,Pokémon,2016/11/02,"tcgplayer,cardmarket",https://prices.pokemontcg.io/tcgplayer/xy12-15,https://images.pokemontcg.io/xy12/15_hires.png,2026/08/08,2026/07/01,6.11,3.4800000190734863,6.210000038146973,123.5999984741211,,6.18,,,,6.8287,0.5767,6.8403,5.5137,5.1331000328063965,5.3984,6.7018,11.9618,6.2289,5.5137,1.1535,2026-08-09
bw7-22,Camerupt,normal,Boundaries Crossed,22,Rare,Akira Komayama,Stage 1,323,Pokémon,2012/11/07,"tcgplayer,cardmarket",https://prices.pokemontcg.io/tcgplayer/bw7-22,https://images.pokemontcg.io/bw7/22_hires.png,2026/08/08,2026/06/18,0.36,0.15000000596046448,0.36000001430511475,2.259999990463257,,0.93,,,,0.4614,0.0231,0.6114,2.7684,0.34599998593330383,0.3807,0.4499,2.7684,2.0532,1.4765,1.1535,2026-08-09
dp5-13,Rotom,holofoil,Majestic Dawn,13,Rare Holo,Kagemaru Himeno,Basic,479,Pokémon,2008/05/01,"tcgplayer,cardmarket",https://prices.pokemontcg.io/tcgplayer/dp5-13,https://images.pokemontcg.io/dp5/13_hires.png,2026/08/08,2026/07/01,18.5,9.760000228881836,29.950000762939453,113.69999694824219,,14.15,,,,3.3336,0.2884,2.7338,3.3567,1.153499960899353,2.4108,3.3221,2.8838,4.291,3.6335,1.1535,2026-08-09
mcd12-1,Servine,holofoil,McDonald's Collection 2012,1,,Kagemaru Himeno,Stage 1,496,Pokémon,2012/06/15,"tcgplayer,cardmarket",https://prices.pokemontcg.io/tcgplayer/mcd12-1,https://images.pokemontcg.io/mcd12/1_hires.png,2026/08/08,2026/07/01,9.56,1.9900000095367432,3.549999952316284,45.599998474121094,,,,,,17.291,0.0,18.4791,0.0,17.291000366210938,24.6849,15.5838,11.535,5.0639,5.0639,1.1535,2026-08-09
xy2-26,Walrein,normal,Flashfire,26,Rare,Naoki Saito,Stage 2,365,Pokémon,2014/05/07,"tcgplayer,cardmarket",https://prices.pokemontcg.io/tcgplayer/xy2-26,https://images.pokemontcg.io/xy2/26_hires.png,2026/08/08,2026/05/07,0.48,0.23999999463558197,0.4699999988079071,23.489999771118164,,1.24,,,,0.4268,0.0346,0.5421,0.6114,0.46140000224113464,0.5652,0.4383,0.5767,1.4303,1.2804,1.1535,2026-08-09
xy3-12,Torchic,normal,Furious Fists,12,Common,Sanosuke Sakuma,Basic,255,Pokémon,2014/08/13,"tcgplayer,cardmarket",https://prices.pokemontcg.io/tcgplayer/xy3-12,https://images.pokemontcg.io/xy3/12_hires.png,2026/08/08,2026/06/29,0.28,0.05000000074505806,0.33000001311302185,1000.0,,0.61,,,,0.2192,0.0231,0.1961,0.8651,0.04610000178217888,0.2422,0.2768,0.8074,1.0035,0.669,1.1535,2026-08-09
base2-15,Vileplume,1stEditionHolofoil,Jungle,15,Rare Holo,Keiji Kinebuchi,Stage 2,45,Pokémon,1999/06/16,"tcgplayer,cardmarket",https://prices.pokemontcg.io/tcgplayer/base2-15,https://images.pokemontcg.io/base2/15_hires.png,2026/08/08,2026/07/01,90.97,75.0,87.98999786376953,929.9000244140625,,,,,"{""unlimitedHolofoil"": {""low"": 18.49, ""mid"": 24.49, ""high"": 409.9, ""market"": 38.57, ""directLow"": null}}",25.3655,3.4605,33.5784,0.0,16.898799896240234,26.1037,26.1844,5.4561,11.6619,10.5661,1.1535,2026-08-09
ex5-16,Bellossom,normal,Hidden Legends,16,Rare,Yuka Morii,Stage 2,182,Pokémon,2004/06/01,"tcgplayer,cardmarket",https://prices.pokemontcg.io/tcgplayer/ex5-16,https://images.pokemontcg.io/ex5/16_hires.png,2026/08/08,2026/07/01,6.17,4.0,6.110000133514404,96.94000244140625,,46.28,,,,1.9379,0.0231,2.0763,0.0,2.0185999870300293,2.4916,1.7072,1.7302,6.8979,5.6752,1.1535,2026-08-09
ex12-24,Pinsir,normal,Legend Maker,24,Rare,Mitsuhiro Arita,Basic,127,Pokémon,2006/02/01,"tcgplayer,cardmarket",https://prices.pokemontcg.io/tcgplayer/ex12-24,https://images.pokemontcg.io/ex12/24_hires.png,2026/08/08,2026/06/28,0.82,0.44999998807907104,0.8199999928474426,19.979999542236328,,37.8,,,,1.6956,0.0231,1.0151,11.4889,1.0958000421524048,0.7498,1.0843,11.535,8.6628,13.6574,1.1535,2026-08-09
sm2-21,Alolan Vulpix,normal,Guardians Rising,21,Common,You Iribi,Basic,37,Pokémon,2017/05/05,"tcgplayer,cardmarket",https://prices.pokemontcg.io/tcgplayer/sm2-21,https://images.pokemontcg.io/sm2/21_hires.png,2026/08/08,2026/06/11,0.88,0.25,0.75,19.600000381469727,,2.33,,,,2.5838,1.7302,2.457,0.0,2.306999921798706,2.5838,2.4685,0.4614,0.4614,0.4614,1.1535,2026-08-09
col1-23,Ampharos,normal,Call of Legends,23,Rare,Masakazu Fukuda,Stage 2,181,Pokémon,2011/02/09,"tcgplayer,cardmarket",https://prices.pokemontcg.io/tcgplayer/col1-23,https://images.pokemontcg.io/col1/23_hires.png,2026/08/08,2026/06/27,2.93,1.4900000095367432,1.9700000286102295,31.5,,19.08,,,,1.9494,0.0577,1.4765,21.6281,2.249300003051758,1.8802,1.9033,23.07,14.0266,7.6592,1.1535,2026-08-09
pop8-16,Riolu,normal,POP Series 8,16,Common,Masakazu Fukuda,Basic,447,Pokémon,2008/09/01,"tcgplayer,cardmarket",https://prices.pokemontcg.io/tcgplayer/pop8-16,https://images.pokemontcg.io/pop8/16_hires.png,2026/08/08,2026/07/01,3.78,1.899999976158142,3.9600000381469727,159.5800018310547,,35.0,,,,1.5457,0.1154,3.0222,0.0,1.153499960899353,4.4525,1.6956,46.1285,13.5421,13.5421,1.1535,2026-08-09
xy7-23,Relicanth,normal,Ancient Origins,23,Common,Kagemaru Himeno,Basic,369,Pokémon,2015/08/12,"tcgplayer,cardmarket",https://prices.pokemontcg.io/tcgplayer/xy7-23,https://images.pokemontcg.io/xy7/23_hires.png,2026/08/08,2026/06/08,0.11,0.009999999776482582,0.20000000298023224,4.0,,0.37,,,,0.1384,0.0231,0.15,0.5421,0.11540000140666962,0.15,0.15,0.5767,0.4729,0.3922,1.1535,2026-08-09
bw8-20,Simisear,normal,Plasma Storm,20,Uncommon,Naoki Saito,Stage 1,514,Pokémon,2013/02/06,"tcgplayer,cardmarket",https://prices.pokemontcg.io/tcgplayer/bw8-20,https://images.pokemontcg.io/bw8/20_hires.png,2026/08/08,2026/06/22,0.34,0.18000000715255737,0.3400000035762787,17.239999771118164,,0.81,,,,0.3576,0.0231,0.346,1.1535,0.51910001039505,0.2768,0.2653,1.1535,1.1766,1.1996,1.1535,2026-08-09
sm12-22,Charizard & Braixen-GX,holofoil,Cosmic Eclipse,22,Rare Holo GX,Mitsuhiro Arita,Basic|TAG TEAM|GX,6|654,Pokémon,2019/11/01,"tcgplayer,cardmarket",https://prices.pokemontcg.io/tcgplayer/sm12-22,https://images.pokemontcg.io/sm12/22_hires.png,2026/08/08,2026/05/14,37.15,25.0,44.040000915527344,199.99000549316406,,,,,,28.849,8.0745,28.9298,0.0,28.433799743652344,30.6024,29.2412,9.3203,9.9086,10.0701,1.1535,2026-08-09
base4-23,Dugtrio,normal,Base Set 2,23,Rare,Keiji Kinebuchi,Stage 1,51,Pokémon,2000/02/24,"tcgplayer,cardmarket",https://prices.pokemontcg.io/tcgplayer/base4-23,https://images.pokemontcg.io/base4/23_hires.png,2026/08/08,2026/07/01,4.2,1.9299999475479126,3.0,41.0099983215332,,,,,,5.4215,0.5767,5.0408,0.0,4.602499961853027,5.5599,5.0869,3.4605,3.4605,3.4605,1.1535,2026-08-09
neo3-20,Lugia,unlimited,Neo Revelation,20,Rare,Aya Kusube,Basic,249,Pokémon,2001/09/21,"tcgplayer,cardmarket",https://prices.pokemontcg.io/tcgplayer/neo3-20,https://images.pokemontcg.io/neo3/20_hires.png,2026/08/08,2026/07/01,45.21,36.66999816894531,48.290000915527344,9999.0,,,,,"{""1stEdition"": {""low"": 333.33, ""mid"": 423.33, ""high"": 4351.36, ""market"": 118.31, ""directLow"": 379.99}}",23.7621,5.1907,25.5731,0.0,28.837499618530273,32.944,28.7221,3.4605,5.2946,5.2946,1.1535,2026-08-09
sm35-11,Torkoal,normal,Shining Legends,11,Common,Suwama Chiaki,Basic,324,Pokémon,2017/10/06,"tcgplayer,cardmarket",https://prices.pokemontcg.io/tcgplayer/sm35-11,https://images.pokemontcg.io/sm35/11_hires.png,2026/08/08,2026/07/01,0.2,0.029999999329447746,0.20000000298023224,19.979999542236328,,0.41,,,,0.1038,0.0231,0.0923,0.3345,0.05770000070333481,0.0807,0.0577,0.5767,0.4268,0.5075,1.1535,2026-08-09
sm6-16,Braixen,normal,Forbidden Light,16,Uncommon,Kagemaru Himeno,Stage 1,654,Pokémon,2018/05/04,"tcgplayer,cardmarket",https://prices.pokemontcg.io/tcgplayer/sm6-16,https://images.pokemontcg.io/sm6/16_hires.png,2026/08/08,2026/06/27,0.16,0.009999999776482582,0.25,19.979999542236328,,0.6,,,,0.2192,0.0231,0.2192,1.3381,0.23070000112056732,0.1961,0.173,1.1535,1.0381,0.992,1.1535,2026-08-09
pop5-17,Umbreon ★,normal,POP Series 5,17,Rare,Masakazu Fukuda,Basic|Star,197,Pokémon,2007/03/01,"tcgplayer,cardmarket",https://prices.pokemontcg.io/tcgplayer/pop5-17,https://images.pokemontcg.io/pop5/17_hires.png,2025/11/16,2026/07/01,51.99,47.0,47.0,47.0,,,,,,17302.488,36900.465,7281.192,0.0,17302.48828125,6985.919,3815.3281,634.425,519.075,519.075,1.1535,2026-08-09
ex9-23,Camerupt,normal,Emerald,23,Uncommon,Masakazu Fukuda,Stage 1,323,Pokémon,2005/05/01,"tcgplayer,cardmarket",https://prices.pokemontcg.io/tcgplayer/ex9-23,https://images.pokemontcg.io/ex9/23_hires.png,2026/08/08,2026/06/28,0.82,0.30000001192092896,0.8299999833106995,20.84000015258789,,27.48,,,,2.1686,0.0231,1.9494,7.4977,0.51910001039505,3.4144,1.2804,7.4977,9.0665,8.2706,1.1535,2026-08-09
bw10-25,Snover,normal,Plasma Blast,25,Common,Shigenori Negishi,Basic,459,Pokémon,2013/08/14,"tcgplayer,cardmarket",https://prices.pokemontcg.io/tcgplayer/bw10-25,https://images.pokemontcg.io/bw10/25_hires.png,2026/08/08,2026/06/08,0.28,0.10000000149011612,0.25,19.979999542236328,,0.6,,,,0.1269,0.0231,0.1038,0.5652,0.11540000140666962,0.1615,0.1384,0.5652,0.9805,0.646,1.1535,2026-08-09
ex2-14,Zangoose,holofoil,Sandstorm,14,Rare Holo,Kagemaru Himeno,Basic,335,Pokémon,2003/09/18,"tcgplayer,cardmarket",https://prices.pokemontcg.io/tcgplayer/ex2-14,https://images.pokemontcg.io/ex2/14_hires.png,2026/08/08,2026/07/01,40.41,28.0,46.470001220703125,439.79998779296875,,29.29,,,,21.0744,1.9725,18.8021,7.9592,26.530500411987305,21.755,17.0026,6.6788,26.7266,16.818,1.1535,2026-08-09
swshp-SWSH013,Galarian Ponyta,holofoil,SWSH Black Star Promos,SWSH013,Promo,kirisAki,Basic,77,Pokémon,2019/11/15,"tcgplayer,cardmarket",https://prices.pokemontcg.io/tcgplayer/swshp-SWSH013,https://images.pokemontcg.io/swshp/SWSH013_hires.png,2026/08/08,2026/06/22,13.18,8.210000038146973,13.5,95.36000061035156,,,,,,5.9521,1.0381,6.7826,0.0,5.767499923706055,8.3052,5.5022,2.8838,2.0186,1.3727,1.1535,2026-08-09
sm9-23,Squirtle,normal,Team Up,23,Common,HYOGONOSUKE,Basic,7,Pokémon,2019/02/01,"tcgplayer,cardmarket",https://prices.pokemontcg.io/tcgplayer/sm9-23,https://images.pokemontcg.io/sm9/23_hires.png,2026/08/08,2026/05/13,2.05,0.41999998688697815,1.6100000143051147,96.94999694824219,,9.03,,,,0.5537,0.0231,0.4037,3.6912,0.57669997215271,0.323,0.4845,3.449,4.0603,2.9184,1.1535,2026-08-09
sm3-19,Charmeleon,normal,Burning Shadows,19,Uncommon,kawayoo,Stage 1,5,Pokémon,2017/08/05,"tcgplayer,cardmarket",https://prices.pokemontcg.io/tcgplayer/sm3-19,https://images.pokemontcg.io/sm3/19_hires.png,2026/08/08,2026/06/25,0.27,0.05000000074505806,0.30000001192092896,19.979999542236328,,0.59,,,,0.2768,0.0231,0.4153,0.6921,0.06920000165700912,0.2192,0.3807,0.3345,0.5652,0.7844,1.1535,2026-08-09
gym1-21,Brock's Onix,unlimited,Gym Heroes,21,Rare,Benimaru Itoh,Basic,95,Pokémon,2000/08/14,"tcgplayer,cardmarket",https://prices.pokemontcg.io/tcgplayer/gym1-21,https://images.pokemontcg.io/gym1/21_hires.png,2026/08/08,2026/07/01,8.79,6.369999885559082,9.5,65.43000030517578,,,,,"{""1stEdition"": {""low"": 8.66, ""mid"": 19.99, ""high"": 210.33, ""market"": 13.76, ""directLow"": 127.77}}",8.4782,1.7302,8.6974,0.0,5.1331000328063965,7.1863,8.0514,2.5723,1.984,1.984,1.1535,2026-08-09
ex11-23,Hypno,normal,Delta Species,23,Rare,Midori Harada,Stage 1,97,Pokémon,2005/10/31,"tcgplayer,cardmarket",https://prices.pokemontcg.io/tcgplayer/ex11-23,https://images.pokemontcg.io/ex11/23_hires.png,2026/08/08,2026/06/28,2.85,1.350000023841858,3.7100000381469727,95.05000305175781,,30.56,,,,3.0683,0.5191,4.7178,13.519,6.9095001220703125,3.2413,3.5758,17.2448,12.9884,32.9786,1.1535,2026-08-09
bw6-23,Magikarp,normal,Dragons Exalted,23,Common,Mizue,Basic,129,Pokémon,2012/08/15,"tcgplayer,cardmarket",https://prices.pokemontcg.io/tcgplayer/bw6-23,https://images.pokemontcg.io/bw6/23_hires.png,2026/08/08,2026/06/27,1.08,0.44999998807907104,0.7799999713897705,18.600000381469727,,14.41,,,,0.346,0.0231,0.4268,3.8412,0.11540000140666962,0.3922,0.4383,2.2955,3.0798,3.5989,1.1535,2026-08-09
pl4-21,Lopunny,normal,Arceus,21,Rare,Kyoko Umemoto,Stage 1,428,Pokémon,2009/11/04,"tcgplayer,cardmarket",https://prices.pokemontcg.io/tcgplayer/pl4-21,https://images.pokemontcg.io/pl4/21_hires.png,2026/08/08,2026/06/27,6.11,2.859999895095825,4.809999942779541,96.94999694824219,,7.89,,,,0.8882,0.1038,0.8421,1.7649,1.3726999759674072,0.8882,0.7959,2.7569,1.5226,1.8802,1.1535,2026-08-09
hgss3-19,Mismagius,normal,HS—Undaunted,19,Rare,Suwama Chiaki,Stage 1,429,Pokémon,2010/08/18,"tcgplayer,cardmarket",https://prices.pokemontcg.io/tcgplayer/hgss3-19,https://images.pokemontcg.io/hgss3/19_hires.png,2026/08/08,2026/07/01,1.97,0.3400000035762787,1.0,20.0,,3.4,,,,1.0728,0.0577,1.4073,1.638,2.237799882888794,1.3035,1.0728,0.5767,1.6034,2.2147,1.1535,2026-08-09
sm11-14,Amoonguss,normal,Unified Minds,14,Rare,Midori Harada,Stage 1,591,Pokémon,2019/08/02,"tcgplayer,cardmarket",https://prices.pokemontcg.io/tcgplayer/sm11-14,https://images.pokemontcg.io/sm11/14_hires.png,2026/08/08,2026/06/21,0.28,0.10000000149011612,0.2800000011920929,19.979999542236328,,0.43,,,,0.2768,0.0231,0.323,1.7302,0.25380000472068787,0.2653,0.2999,0.173,0.7844,0.8536,1.1535,2026-08-09
sm1-22,Arcanine,holofoil,Sun & Moon,22,Rare Holo,kodama,Stage 1,59,Pokémon,2017/02/03,"tcgplayer,cardmarket",https://prices.pokemontcg.io/tcgplayer/sm1-22,https://images.pokemontcg.io/sm1/22_hires.png,2026/08/08,2026/06/22,2.71,1.4700000286102295,2.75,19.979999542236328,,2.93,,,,2.6992,0.9228,2.9876,3.0683,2.306999921798706,2.8145,2.6184,3.4605,4.0142,4.6832,1.1535,2026-08-09
hgss1-24,Lapras,normal,HeartGold & SoulSilver,24,Rare,Suwama Chiaki,Basic,131,Pokémon,2010/02/10,"tcgplayer,cardmarket",https://prices.pokemontcg.io/tcgplayer/hgss1-24,https://images.pokemontcg.io/hgss1/24_hires.png,2026/08/08,2026/06/27,13.52,2.75,7.590000152587891,137.3000030517578,,37.27,,,,3.2298,0.1154,3.1029,13.7382,2.2955000400543213,3.2759,2.7453,11.5235,14.338,8.5936,1.1535,2026-08-09
dp6-13,Probopass,holofoil,Legends Awakened,13,Rare Holo,Kent Kanetsuna,Stage 1,476,Pokémon,2008/08/01,"tcgplayer,cardmarket",https://prices.pokemontcg.io/tcgplayer/dp6-13,https://images.pokemontcg.io/dp6/13_hires.png,2026/08/08,2026/06/30,6.19,2.990000009536743,5.099999904632568,52.560001373291016,,4.8,,,,3.5412,0.8651,3.2298,3.4605,4.602499961853027,3.0106,3.1837,4.0373,3.7027,2.4685,1.1535,2026-08-09
swsh4-18,Gogoat,normal,Vivid Voltage,18,Uncommon,Mina Nakai,Stage 1,673,Pokémon,2020/11/13,"tcgplayer,cardmarket",https://prices.pokemontcg.io/tcgplayer/swsh4-18,https://images.pokemontcg.io/swsh4/18_hires.png,2026/08/08,2026/06/22,0.18,0.009999999776482582,0.18000000715255737,25.18000030517578,,0.07,,,,0.0461,0.0231,0.0692,0.2307,0.03460000082850456,0.0577,0.0461,0.5767,0.323,0.2768,1.1535,2026-08-09
pop2-15,Phanpy,normal,POP Series 2,15,Common,Tomokazu Komiya,Basic,231,Pokémon,2005/08/01,"tcgplayer,cardmarket",https://prices.pokemontcg.io/tcgplayer/pop2-15,https://images.pokemontcg.io/pop2/15_hires.png,2026/08/08,2026/07/01,18.39,16.979999542236328,18.3799991607666,219.8000030517578,,,,,,16.8872,8.6397,22.078,0.0,9.96619987487793,17.141,18.629,3.4605,3.4605,3.4605,1.1535,2026-08-09
ex13-20,Blaziken,normal,Holon Phantoms,20,Rare,Hiromichi Sugiyama,Stage 2,257,Pokémon,2006/05/01,"tcgplayer,cardmarket",https://prices.pokemontcg.io/tcgplayer/ex13-20,https://images.pokemontcg.io/ex13/20_hires.png,2026/08/08,2026/07/01,6.62,2.690000057220459,8.180000305175781,50.79999923706055,,123.24,,,,2.3762,0.1154,3.6681,18.1676,9.227999687194824,2.8722,2.5492,11.5235,18.2945,21.0398,1.1535,2026-08-09
bw11-25,Tepig,normal,Legendary Treasures,25,Common,Kanako Eo,Basic,498,Pokémon,2013/11/06,"tcgplayer,cardmarket",https://prices.pokemontcg.io/tcgplayer/bw11-25,https://images.pokemontcg.io/bw11/25_hires.png,2026/08/08,2026/06/22,1.72,0.4000000059604645,1.0,22.489999771118164,,18.43,,,,1.9725,0.5767,3.6335,5.7675,8.07450008392334,3.3567,2.5146,14.9955,9.8278,6.4365,1.1535,2026-08-09
base3-23,Hypno,unlimited,Fossil,23,Rare,Ken Sugimori,Stage 1,97,Pokémon,1999/10/10,"tcgplayer,cardmarket",https://prices.pokemontcg.io/tcgplayer/base3-23,https://images.pokemontcg.io/base3/23_hires.png,2026/08/08,2026/07/01,4.92,2.4800000190734863,4.130000114440918,9999.0,,,,,"{""1stEdition"": {""low"": 9.0, ""mid"": 15.21, ""high"": 9999.0, ""market"": 15.89, ""directLow"": 119.99}}",8.8819,1.1535,8.0053,0.0,8.443599700927734,8.7435,8.8473,34.605,17.5332,17.9715,1.1535,2026-08-09
bw2-14,Lilligant,normal,Emerging Powers,14,Uncommon,Shin Nagasawa,Stage 1,549,Pokémon,2011/08/31,"tcgplayer,cardmarket",https://prices.pokemontcg.io/tcgplayer/bw2-14,https://images.pokemontcg.io/bw2/14_hires.png,2026/08/08,2026/07/01,0.74,0.23999999463558197,0.5,18.780000686645508,,0.9,,,,0.2884,0.0231,0.2884,0.6229,0.20759999752044678,0.2768,0.2884,0.346,0.6229,0.7498,1.1535,2026-08-09
xy5-22,Slugma,normal,Primal Clash,22,Common,Miki Tanaka,Basic,218,Pokémon,2015/02/04,"tcgplayer,cardmarket",https://prices.pokemontcg.io/tcgplayer/xy5-22,https://images.pokemontcg.io/xy5/22_hires.png,2026/08/08,2026/06/11,0.17,0.03999999910593033,0.20000000298023224,1000.0,,0.67,,,,0.7728,0.0231,0.4037,0.8997,0.1615000069141388,0.1384,0.346,0.173,1.1996,0.646,1.1535,2026-08-09
xy11-25,Volcanion,normal,Steam Siege,25,Rare,5ban Graphics,Basic,721,Pokémon,2016/08/03,"tcgplayer,cardmarket",https://prices.pokemontcg.io/tcgplayer/xy11-25,https://images.pokemontcg.io/xy11/25_hires.png,2026/08/08,2026/06/22,0.35,0.20000000298023224,0.3799999952316284,16.459999084472656,,0.56,,,,1.1996,0.2884,1.6264,0.0,1.153499960899353,1.2458,1.2689,0.9228,1.0381,0.8305,1.1535,2026-08-09
bwp-BW14,Pansage,normal,BW Black Star Promos,BW14,Promo,Akira Komayama,Basic,511,Pokémon,2011/03/01,"tcgplayer,cardmarket",https://prices.pokemontcg.io/tcgplayer/bwp-BW14,https://images.pokemontcg.io/bwp/BW14_hires.png,2026/08/08,2026/07/01,65.0,54.9900016784668,67.5,763.0999755859375,,,,,,2.307,3.4605,26.2537,0.0,2.306999921798706,31.3752,17.5563,3.4605,4.2333,4.2333,1.1535,2026-08-09
neo2-14,Unown [A],1stEditionHolofoil,Neo Discovery,14,Rare Holo,CR CG gangs,Basic,201,Pokémon,2001/06/01,"tcgplayer,cardmarket",https://prices.pokemontcg.io/tcgplayer/neo2-14,https://images.pokemontcg.io/neo2/14_hires.png,2026/08/08,2026/07/01,84.99,400.0,425.5,867.0999755859375,,,,,"{""unlimitedHolofoil"": {""low"": 13.0, ""mid"": 17.22, ""high"": 9999.0, ""market"": 18.37, ""directLow"": 158.18}}",20.7284,1.7302,0.0231,0.0,8.4552001953125,9.9547,19.6787,4.6025,10.7506,7.7977,1.1535,2026-08-09
ex7-22,Furret,normal,Team Rocket Returns,22,Rare,Yuka Morii,Stage 1,162,Pokémon,2004/11/01,"tcgplayer,cardmarket",https://prices.pokemontcg.io/tcgplayer/ex7-22,https://images.pokemontcg.io/ex7/22_hires.png,2026/08/08,2026/07/01,24.59,19.5,33.959999084472656,199.88999938964844,,63.5,,,,12.4693,6.9095,11.5811,56.5215,13.842000007629395,12.4232,11.0851,132.6525,45.3095,24.9502,1.1535,2026-08-09
swsh2-16,Grubbin,normal,Rebel Clash,16,Common,Tomokazu Komiya,Basic,736,Pokémon,2020/05/01,"tcgplayer,cardmarket",https://prices.pokemontcg.io/tcgplayer/swsh2-16,https://images.pokemontcg.io/swsh2/16_hires.png,2026/08/08,2026/06/18,0.17,0.009999999776482582,0.20000000298023224,19.979999542236328,,0.26,,,,0.0923,0.0231,0.1384,0.346,0.11540000140666962,0.1154,0.0692,0.6806,0.3922,0.346,1.1535,2026-08-09
swsh3-15,Steenee,normal,Darkness Ablaze,15,Uncommon,sui,Stage 1,762,Pokémon,2020/08/14,"tcgplayer,cardmarket",https://prices.pokemontcg.io/tcgplayer/swsh3-15,https://images.pokemontcg.io/swsh3/15_hires.png,2026/08/08,2026/06/27,0.08,0.009999999776482582,0.17000000178813934,25.079999923706055,,0.27,,,,0.0577,0.0231,0.0461,0.2653,0.023099999874830246,0.0577,0.0461,0.173,0.2653,0.2884,1.1535,2026-08-09
xy8-17,Gogoat,normal,BREAKthrough,17,Uncommon,Masakazu Fukuda,Stage 1,673,Pokémon,2015/11/04,"tcgplayer,cardmarket",https://prices.pokemontcg.io/tcgplayer/xy8-17,https://images.pokemontcg.io/xy8/17_hires.png,2026/08/08,2026/06/27,0.17,0.029999999329447746,0.20000000298023224,19.979999542236328,,0.46,,,,0.1961,0.0231,0.4729,1.4419,0.17299999296665192,0.2076,0.3922,1.7302,0.8074,0.7844,1.1535,2026-08-09
ex15-12,Typhlosion δ,holofoil,Dragon Frontiers,12,Rare Holo,Hisao Nakamura,Stage 2,157,Pokémon,2006/11/01,"tcgplayer,cardmarket",https://prices.pokemontcg.io/tcgplayer/ex15-12,https://images.pokemontcg.io/ex15/12_hires.png,2026/08/08,2026/07/01,77.42,43.5,100.75,750.489990234375,,90.17,,,,19.621,1.7302,14.8802,20.1863,3.345099925994873,18.9751,18.8251,10.3815,16.9103,28.849,1.1535,2026-08-09
ecard2-H25,Suicune,holofoil,Aquapolis,H25,Rare Holo,Atsuko Nishida,Basic,245,Pokémon,2003/01/15,"tcgplayer,cardmarket",https://prices.pokemontcg.io/tcgplayer/ecard2-H25,https://images.pokemontcg.io/ecard2/H25_hires.png,2026/08/08,2026/07/01,539.99,275.0,275.0,440.94000244140625,,,,,,36.5198,22.9546,59.4629,0.0,34.59349822998047,61.4239,51.1,10.3815,29.991,29.991,1.1535,2026-08-09
neo4-22,Light Dragonair,unlimited,Neo Destiny,22,Rare,Atsuko Nishida,Stage 1,148,Pokémon,2002/02/28,"tcgplayer,cardmarket",https://prices.pokemontcg.io/tcgplayer/neo4-22,https://images.pokemontcg.io/neo4/22_hires.png,2026/08/08,2026/07/01,39.15,25.0,37.9900016784668,558.9000244140625,,,,,"{""1stEdition"": {""low"": 89.99, ""mid"": 99.0, ""high"": 175.0, ""market"": 84.85, ""directLow"": null}}",32.6787,4.614,15.8837,0.0,40.361000061035156,38.7691,44.2252,6.6326,12.9653,12.9653,1.1535,2026-08-09
swsh35-23,Alcremie VMAX,holofoil,Champion's Path,23,Rare Holo VMAX,5ban Graphics,VMAX,869,Pokémon,2020/09/25,"tcgplayer,cardmarket",https://prices.pokemontcg.io/tcgplayer/swsh35-23,https://images.pokemontcg.io/swsh35/23_hires.png,2026/08/08,2026/06/25,6.93,4.920000076293945,6.650000095367432,4318.77001953125,,,,,,5.3292,2.0763,4.3948,0.0,4.440999984741211,4.4986,5.2715,4.5909,4.3948,5.9521,1.1535,2026-08-09
dp3-26,Electrode,normal,Secret Wonders,26,Rare,Ken Sugimori,Stage 1,101,Pokémon,2007/11/01,"tcgplayer,cardmarket",https://prices.pokemontcg.io/tcgplayer/dp3-26,https://images.pokemontcg.io/dp3/26_hires.png,2026/08/08,2026/06/26,0.43,0.20000000298023224,0.4300000071525574,19.979999542236328,,3.97,,,,0.6114,0.0231,0.4614,1.0035,0.219200000166893,0.4383,0.4037,1.6149,0.9459,1.2573,1.1535,2026-08-09
xy0-16,Poochyena,normal,Kalos Starter Set,16,,Mizue,Basic,261,Pokémon,2013/11/08,"tcgplayer,cardmarket",https://prices.pokemontcg.io/tcgplayer/xy0-16,https://images.pokemontcg.io/xy0/16_hires.png,2026/08/08,2026/07/01,0.76,0.20000000298023224,0.5,19.979999542236328,,,,,,0.4153,0.0346,0.5652,0.0,0.57669997215271,0.646,0.7267,0.0,0.0,0.0,1.1535,2026-08-09
bw9-20,Vaporeon,normal,Plasma Freeze,20,Uncommon,5ban Graphics,Stage 1|Team Plasma,134,Pokémon,2013/05/08,"tcgplayer,cardmarket",https://prices.pokemontcg.io/tcgplayer/bw9-20,https://images.pokemontcg.io/bw9/20_hires.png,2026/08/08,2026/06/22,4.25,1.9700000286102295,4.260000228881836,52.400001525878906,,49.3,,,,2.5031,0.0461,2.134,13.8881,0.23070000112056732,2.457,2.4916,9.228,11.8926,12.6885,1.1535,2026-08-09
sm4-15,Staryu,normal,Crimson Invasion,15,Common,Yukiko Baba,Basic,120,Pokémon,2017/11/03,"tcgplayer,cardmarket",https://prices.pokemontcg.io/tcgplayer/sm4-15,https://images.pokemontcg.io/sm4/15_hires.png,2026/08/08,2026/07/01,0.17,0.009999999776482582,0.20000000298023224,19.979999542236328,,0.36,,,,0.0807,0.0231,0.1038,0.2422,0.04610000178217888,0.0692,0.0923,0.2307,0.2076,0.2999,1.1535,2026-08-09
np-12,Pikachu,holofoil,Nintendo Black Star Promos,12,Promo,Kouki Saitou,Basic,25,Pokémon,2003/10/01,"tcgplayer,cardmarket",https://prices.pokemontcg.io/tcgplayer/np-12,https://images.pokemontcg.io/np/12_hires.png,2026/08/08,2026/07/01,130.15,135.0,230.4499969482422,1995.72998046875,,,,,,414.8678,173.025,282.3191,0.0,51.84980010986328,324.3873,177.1199,34.5473,50.2349,42.2873,1.1535,2026-08-09
sm7-18,Illumise,normal,Celestial Storm,18,Uncommon,Saya Tsuruta,Basic,314,Pokémon,2018/08/03,"tcgplayer,cardmarket",https://prices.pokemontcg.io/tcgplayer/sm7-18,https://images.pokemontcg.io/sm7/18_hires.png,2026/08/08,2026/06/11,0.39,0.10000000149011612,0.38999998569488525,19.979999542236328,,0.51,,,,0.3345,0.0231,0.4153,0.7267,0.5421000123023987,0.3576,0.3114,0.5767,0.7844,0.7728,1.1535,2026-08-09
sm8-20,Treecko,normal,Lost Thunder,20,Common,Tomokazu Komiya,Basic,252,Pokémon,2018/11/02,"tcgplayer,cardmarket",https://prices.pokemontcg.io/tcgplayer/sm8-20,https://images.pokemontcg.io/sm8/20_hires.png,2026/08/08,2026/06/22,0.59,0.25,0.6000000238418579,19.979999542236328,,7.95,,,,0.4037,0.0231,0.4153,3.3336,0.4499000012874603,0.346,0.4037,3.4028,2.5608,2.8722,1.1535,2026-08-09
sm12-23,Ponyta,normal,Cosmic Eclipse,23,Common,Uta,Basic,77,Pokémon,2019/11/01,"tcgplayer,cardmarket",https://prices.pokemontcg.io/tcgplayer/sm12-23,https://images.pokemontcg.io/sm12/23_hires.png,2026/08/08,2026/05/14,0.31,0.03999999910593033,0.30000001192092896,19.3799991607666,,0.74,,,,0.1154,0.0231,0.1269,0.8536,0.15000000596046448,0.1269,0.1154,0.346,1.3727,0.9459,1.1535,2026-08-09
dp1-23,Drapion,normal,Diamond & Pearl,23,Rare,Kouki Saitou,Stage 1,452,Pokémon,2007/05/01,"tcgplayer,cardmarket",https://prices.pokemontcg.io/tcgplayer/dp1-23,https://images.pokemontcg.io/dp1/23_hires.png,2026/08/08,2026/06/27,2.3,1.1699999570846558,1.899999976158142,36.099998474121094,,5.09,,,,1.7533,0.1154,2.2263,2.1686,1.3265000581741333,1.638,1.4419,3.4374,2.1686,2.4339,1.1535,2026-08-09
neo4-23,Light Lanturn,unlimited,Neo Destiny,23,Rare,Miki Tanaka,Stage 1,171,Pokémon,2002/02/28,"tcgplayer,cardmarket",https://prices.pokemontcg.io/tcgplayer/neo4-23,https://images.pokemontcg.io/neo4/23_hires.png,2026/08/08,2026/07/01,6.54,5.75,9.399999618530273,61.79999923706055,,,,,"{""1stEdition"": {""low"": 13.75, ""mid"": 19.38, ""high"": 149.7, ""market"": 11.78, ""directLow"": null}}",7.417,1.7302,8.0514,0.0,17.302499771118164,9.5394,7.0363,2.2955,14.1996,14.1996,1.1535,2026-08-09
ex12-25,Solrock,normal,Legend Maker,25,Rare,Hisao Nakamura,Basic,338,Pokémon,2006/02/01,"tcgplayer,cardmarket",https://prices.pokemontcg.io/tcgplayer/ex12-25,https://images.pokemontcg.io/ex12/25_hires.png,2026/08/08,2026/06/28,3.82,2.0999999046325684,3.9000000953674316,38.0,,25.61,,,,2.0648,0.0577,1.0035,9.401,2.306999921798706,1.811,1.4649,34.605,10.7045,14.9148,1.1535,2026-08-09
ex16-14,Dusclops,normal,Power Keepers,14,Rare,Ken Sugimori,Stage 1,356,Pokémon,2007/02/02,"tcgplayer,cardmarket",https://prices.pokemontcg.io/tcgplayer/ex16-14,https://images.pokemontcg.io/ex16/14_hires.png,2026/08/08,2026/07/01,0.67,0.28999999165534973,0.6800000071525574,19.979999542236328,,7.8,,,,0.5537,0.0231,0.496,5.5599,0.6805999875068665,0.8421,0.8882,3.449,5.3061,3.7835,1.1535,2026-08-09
xy11-26,Volcanion-EX,holofoil,Steam Siege,26,Rare Holo EX,5ban Graphics,Basic|EX,721,Pokémon,2016/08/03,"tcgplayer,cardmarket",https://prices.pokemontcg.io/tcgplayer/xy11-26,https://images.pokemontcg.io/xy11/26_hires.png,2026/08/08,2026/06/22,2.4,1.4800000190734863,2.5999999046325684,15.0,,,,,,17.1871,2.307,16.968,0.0,17.18709945678711,11.1082,11.1082,0.0,0.0,0.0,1.1535,2026-08-09
dp5-14,Zapdos,holofoil,Majestic Dawn,14,Rare Holo,Mitsuhiro Arita,Basic,145,Pokémon,2008/05/01,"tcgplayer,cardmarket",https://prices.pokemontcg.io/tcgplayer/dp5-14,https://images.pokemontcg.io/dp5/14_hires.png,2026/08/08,2026/07/01,47.27,42.0,267.6600036621094,619.8200073242188,,28.81,,,,25.55,0.8074,40.8916,8.7089,51.907501220703125,13.669,16.9795,2.2955,9.2165,7.094,1.1535,2026-08-09
neo1-16,Togetic,1stEditionHolofoil,Neo Genesis,16,Rare Holo,Ken Sugimori,Stage 1,176,Pokémon,2000/12/16,"tcgplayer,cardmarket",https://prices.pokemontcg.io/tcgplayer/neo1-16,https://images.pokemontcg.io/neo1/16_hires.png,2026/08/08,2026/07/01,175.0,95.0,150.0,2001.97998046875,,,,,"{""unlimitedHolofoil"": {""low"": 29.45, ""mid"": 49.99, ""high"": 559.8, ""market"": 43.89, ""directLow"": null}}",33.936,4.614,59.7859,0.0,6.0559000968933105,15.5607,29.818,8.063,12.1694,10.6122,1.1535,2026-08-09
bw10-26,Abomasnow,normal,Plasma Blast,26,Uncommon,kawayoo,Stage 1,460,Pokémon,2013/08/14,"tcgplayer,cardmarket",https://prices.pokemontcg.io/tcgplayer/bw10-26,https://images.pokemontcg.io/bw10/26_hires.png,2026/08/08,2026/06/08,0.29,0.20000000298023224,0.30000001192092896,19.979999542236328,,0.91,,,,0.2192,0.0231,0.2999,0.4729,0.2768000066280365,0.2538,0.3345,0.2884,0.8305,0.8651,1.1535,2026-08-09
base5-20,Dark Blastoise,unlimited,Team Rocket,20,Rare,Mitsuhiro Arita,Stage 2,9,Pokémon,2000/04/24,"tcgplayer,cardmarket",https://prices.pokemontcg.io/tcgplayer/base5-20,https://images.pokemontcg.io/base5/20_hires.png,2026/08/08,2026/07/01,42.19,20.0,40.869998931884766,96.61000061035156,,,,,"{""1stEdition"": {""low"": 46.27, ""mid"": 70.55, ""high"": 689.76, ""market"": 71.3, ""directLow"": 67.95}}",43.3716,6.921,27.6033,0.0,31.99810028076172,35.2625,41.4799,29.991,45.4133,30.1756,1.1535,2026-08-09
bw4-24,Starmie,normal,Next Destinies,24,Uncommon,Shin Nagasawa,Stage 1,121,Pokémon,2012/02/08,"tcgplayer,cardmarket",https://prices.pokemontcg.io/tcgplayer/bw4-24,https://images.pokemontcg.io/bw4/24_hires.png,2026/08/08,2026/06/11,0.53,0.11999999731779099,0.5,19.979999542236328,,0.82,,,,0.2768,0.0231,0.2999,1.315,0.11540000140666962,0.3345,0.3345,0.5652,1.1304,0.7036,1.1535,2026-08-09
bw2-15,Deerling,normal,Emerging Powers,15,Common,sui,Basic,585,Pokémon,2011/08/31,"tcgplayer,cardmarket",https://prices.pokemontcg.io/tcgplayer/bw2-15,https://images.pokemontcg.io/bw2/15_hires.png,2026/08/08,2026/07/01,0.43,0.17000000178813934,0.4300000071525574,19.979999542236328,,4.65,,,,0.2192,0.0231,0.173,0.5767,0.11540000140666962,0.1615,0.2076,4.4871,1.5572,1.4765,1.1535,2026-08-09
bw9-21,Wooper,normal,Plasma Freeze,21,Common,sui,Basic,194,Pokémon,2013/05/08,"tcgplayer,cardmarket",https://prices.pokemontcg.io/tcgplayer/bw9-21,https://images.pokemontcg.io/bw9/21_hires.png,2026/08/08,2026/06/22,2.48,1.1299999952316284,2.4800000190734863,19.979999542236328,,25.74,,,,0.2999,0.0231,0.2538,2.9876,0.11540000140666962,0.2538,0.2653,3.7489,3.0568,2.3877,1.1535,2026-08-09
dc1-14,Team Magma's Aggron,holofoil,Double Crisis,14,Rare Holo,TOKIYA,Stage 2,306,Pokémon,2015/03/25,"tcgplayer,cardmarket",https://prices.pokemontcg.io/tcgplayer/dc1-14,https://images.pokemontcg.io/dc1/14_hires.png,2026/08/08,2026/07/01,3.26,1.4199999570846558,3.0999999046325684,33.099998474121094,,10.82,,,,6.6442,1.142,6.0559,10.37,3.4605000019073486,6.7018,7.4055,17.2794,10.9582,10.0008,1.1535,2026-08-09
neo2-15,Ursaring,1stEditionHolofoil,Neo Discovery,15,Rare Holo,Naoyo Kimura,Stage 1,217,Pokémon,2001/06/01,"tcgplayer,cardmarket",https://prices.pokemontcg.io/tcgplayer/neo2-15,https://images.pokemontcg.io/neo2/15_hires.png,2026/08/08,2026/07/01,100.4,168.99000549316406,197.49000549316406,886.1699829101562,,,,,"{""unlimitedHolofoil"": {""low"": 34.36, ""mid"": 50.0, ""high"": 4319.07, ""market"": 42.65, ""directLow"": null}}",59.8782,3.449,35.9315,0.0,74.97750091552734,31.0522,46.9705,124.0012,40.7416,21.1437,1.1535,2026-08-09
ex8-22,Rayquaza,normal,Deoxys,22,Rare,Hiromichi Sugiyama,Basic,384,Pokémon,2005/02/01,"tcgplayer,cardmarket",https://prices.pokemontcg.io/tcgplayer/ex8-22,https://images.pokemontcg.io/ex8/22_hires.png,2026/08/08,2026/07/01,26.57,26.0,55.0,231.83999633789062,,581.92,,,,24.7426,1.0381,39.046,123.4245,33.451499938964844,35.9431,27.015,86.5125,96.8825,109.0519,1.1535,2026-08-09
bw7-23,Victini,normal,Boundaries Crossed,23,Rare,Masakazu Fukuda,Basic,494,Pokémon,2012/11/07,"tcgplayer,cardmarket",https://prices.pokemontcg.io/tcgplayer/bw7-23,https://images.pokemontcg.io/bw7/23_hires.png,2026/08/08,2026/06/18,1.05,0.30000001192092896,1.059999942779541,19.979999542236328,,2.84,,,,0.7382,0.1154,0.9113,2.2955,1.153499960899353,0.6921,1.142,2.2955,2.8491,2.1455,1.1535,2026-08-09
pop8-17,Turtwig,normal,POP Series 8,17,Common,Masakazu Fukuda,Basic,387,Pokémon,2008/09/01,"tcgplayer,cardmarket",https://prices.pokemontcg.io/tcgplayer/pop8-17,https://images.pokemontcg.io/pop8/17_hires.png,2026/08/08,2026/07/01,5.36,1.5099999904632568,4.5,154.89999389648438,,,,,,1.2342,0.3345,1.0035,0.0,1.0958000421524048,1.2919,1.2342,0.1154,0.1154,0.1154,1.1535,2026-08-09
ecard2-H26,Tentacruel,holofoil,Aquapolis,H26,Rare Holo,Hajime Kusajima,Stage 1,73,Pokémon,2003/01/15,"tcgplayer,cardmarket",https://prices.pokemontcg.io/tcgplayer/ecard2-H26,https://images.pokemontcg.io/ecard2/H26_hires.png,2026/08/08,2026/07/01,174.3,117.98999786376953,564.5499877929688,1759.0,,,,,,43.2793,11.535,28.8029,0.0,28.837499618530273,43.3601,70.1328,20.7169,19.4019,15.5607,1.1535,2026-08-09
xyp-XY14,Trevenant,holofoil,XY Black Star Promos,XY14,Promo,Kouki Saitou,Stage 1,709,Pokémon,2013/10/12,"tcgplayer,cardmarket",https://prices.pokemontcg.io/tcgplayer/xyp-XY14,https://images.pokemontcg.io/xyp/XY14_hires.png,2026/08/08,2026/07/01,0.75,0.4000000059604645,0.8100000023841858,17.860000610351562,,,,,,1.4765,0.5652,1.1881,0.0,1.7302000522613525,1.2112,1.4534,1.0728,0.8536,1.142,1.1535,2026-08-09
sm1-23,Torkoal,normal,Sun & Moon,23,Common,sui,Basic,324,Pokémon,2017/02/03,"tcgplayer,cardmarket",https://prices.pokemontcg.io/tcgplayer/sm1-23,https://images.pokemontcg.io/sm1/23_hires.png,2026/08/08,2026/06/22,0.15,0.019999999552965164,0.20000000298023224,19.979999542236328,,0.3,,,,0.0923,0.0231,0.0923,0.3576,0.10379999876022339,0.1154,0.1038,0.1154,0.4037,0.3691,1.1535,2026-08-09
dp3-27,Furret,normal,Secret Wonders,27,Rare,Kagemaru Himeno,Stage 1,162,Pokémon,2007/11/01,"tcgplayer,cardmarket",https://prices.pokemontcg.io/tcgplayer/dp3-27,https://images.pokemontcg.io/dp3/27_hires.png,2026/08/08,2026/06/17,2.98,1.6100000143051147,3.069999933242798,38.5,,11.36,,,,1.4649,0.0577,1.6956,2.457,1.2689000368118286,1.4765,1.7879,1.8687,2.0763,2.5262,1.1535,2026-08-09
sm75-20,Gyarados,holofoil,Dragon Majesty,20,Rare Holo,kawayoo,Stage 1,130,Pokémon,2018/09/07,"tcgplayer,cardmarket",https://prices.pokemontcg.io/tcgplayer/sm75-20,https://images.pokemontcg.io/sm75/20_hires.png,2026/08/08,2026/06/25,2.44,1.6399999856948853,2.7100000381469727,33.20000076293945,,5.92,,,,4.0373,0.5767,3.7027,7.59,1.7302000522613525,4.3487,2.9414,1.0958,7.1286,7.0594,1.1535,2026-08-09
ex3-22,Vibrava,normal,Dragon,22,Rare,Kagemaru Himeno,Stage 1,329,Pokémon,2003/11/24,"tcgplayer,cardmarket",https://prices.pokemontcg.io/tcgplayer/ex3-22,https://images.pokemontcg.io/ex3/22_hires.png,2026/08/08,2026/07/01,1.3,0.6600000262260437,1.3200000524520874,21.399999618530273,,17.5,,,,0.8305,0.0577,0.7267,4.2218,0.23070000112056732,0.7267,0.646,4.614,5.11,3.5643,1.1535,2026-08-09
bw6-24,Gyarados,normal,Dragons Exalted,24,Rare,Mizue,Stage 1,130,Pokémon,2012/08/15,"tcgplayer,cardmarket",https://prices.pokemontcg.io/tcgplayer/bw6-24,https://images.pokemontcg.io/bw6/24_hires.png,2026/08/08,2026/06/25,2.9,1.850000023841858,3.380000114440918,33.099998474121094,,21.53,,,,5.9636,0.173,6.3096,7.3017,5.767499923706055,6.3673,5.3984,3.449,7.7284,6.0097,1.1535,2026-08-09
xy5-23,Magcargo,normal,Primal Clash,23,Uncommon,Shigenori Negishi,Stage 1,219,Pokémon,2015/02/04,"tcgplayer,cardmarket",https://prices.pokemontcg.io/tcgplayer/xy5-23,https://images.pokemontcg.io/xy5/23_hires.png,2026/08/08,2026/06/11,0.26,0.10000000149011612,0.25,1000.0,,0.49,,,,0.496,0.0577,0.5191,1.0958,0.4959999918937683,0.4499,0.3114,0.6344,0.8767,0.6921,1.1535,2026-08-09
hgss1-25,Ledian,normal,HeartGold & SoulSilver,25,Rare,Yuka Morii,Stage 1,166,Pokémon,2010/02/10,"tcgplayer,cardmarket",https://prices.pokemontcg.io/tcgplayer/hgss1-25,https://images.pokemontcg.io/hgss1/25_hires.png,2026/08/08,2026/06/27,9.97,9.630000114440918,12.859999656677246,29.989999771118164,,16.64,,,,2.953,0.4037,3.4836,4.764,7.786099910736084,3.622,2.8491,5.7675,5.9636,4.0834,1.1535,2026-08-09
sm3-20,Charizard-GX,holofoil,Burning Shadows,20,Rare Holo GX,5ban Graphics,Stage 2|GX,6,Pokémon,2017/08/05,"tcgplayer,cardmarket",https://prices.pokemontcg.io/tcgplayer/sm3-20,https://images.pokemontcg.io/sm3/20_hires.png,2026/08/08,2026/06/08,24.78,14.989999771118164,24.729999542236328,133.66000366210938,,,,,,16.4258,4.4871,17.6716,0.0,21.708900451660156,15.8376,16.3912,14.4187,19.6326,23.1969,1.1535,2026-08-09
smp-SM15,Zygarde,holofoil,SM Black Star Promos,SM15,Promo,kawayoo,Basic,718,Pokémon,2017/02/03,"tcgplayer,cardmarket",https://prices.pokemontcg.io/tcgplayer/smp-SM15,https://images.pokemontcg.io/smp/SM15_hires.png,2026/08/08,2026/07/01,1.26,0.7799999713897705,1.2699999809265137,18.84000015258789,,,,,,1.0266,0.1154,1.0035,0.0,0.4499000012874603,1.1189,1.0151,0.5767,0.9805,0.6229,1.1535,2026-08-09
base3-24,Kabutops,unlimited,Fossil,24,Rare,Ken Sugimori,Stage 2,141,Pokémon,1999/10/10,"tcgplayer,cardmarket",https://prices.pokemontcg.io/tcgplayer/base3-24,https://images.pokemontcg.io/base3/24_hires.png,2026/08/08,2026/07/01,5.94,3.190000057220459,5.0,42.79999923706055,,,,,"{""1stEdition"": {""low"": 11.57, ""mid"": 16.71, ""high"": 267.44, ""market"": 22.68, ""directLow"": 264.99}}",9.9432,1.1535,9.7009,0.0,3.4605000019073486,9.4818,9.7355,16.149,16.3912,13.9227,1.1535,2026-08-09
pl4-22,Manectric,normal,Arceus,22,Rare,Mana Ibe,Stage 1,310,Pokémon,2009/11/04,"tcgplayer,cardmarket",https://prices.pokemontcg.io/tcgplayer/pl4-22,https://images.pokemontcg.io/pl4/22_hires.png,2026/08/08,2026/06/27,0.63,0.25,0.6000000238418579,19.979999542236328,,4.93,,,,0.3576,0.0231,0.4268,1.5918,0.23070000112056732,0.4037,0.4037,2.307,1.5111,1.3035,1.1535,2026-08-09
sm10-16,Tangela,normal,Unbroken Bonds,16,Common,Naoyo Kimura,Basic,114,Pokémon,2019/05/03,"tcgplayer,cardmarket",https://prices.pokemontcg.io/tcgplayer/sm10-16,https://images.pokemontcg.io/sm10/16_hires.png,2026/08/08,2026/06/08,0.24,0.029999999329447746,0.25,19.979999542236328,,0.36,,,,0.1269,0.0231,0.173,0.3576,0.17299999296665192,0.1615,0.15,0.5191,0.3922,0.4268,1.1535,2026-08-09
ex9-24,Claydol,normal,Emerald,24,Uncommon,Yuka Morii,Stage 1,344,Pokémon,2005/05/01,"tcgplayer,cardmarket",https://prices.pokemontcg.io/tcgplayer/ex9-24,https://images.pokemontcg.io/ex9/24_hires.png,2026/08/08,2026/06/28,14.41,11.6899995803833,15.84000015258789,24.989999771118164,,41.49,,,,3.5989,0.0923,3.126,9.2165,5.075399875640869,3.2298,3.1375,9.2165,10.2431,13.8305,1.1535,2026-08-09
sma-SV15,Seviper,holofoil,Hidden Fates Shiny Vault,SV15,Rare Shiny,SATOSHI NAKAI,Basic,336,Pokémon,2019/08/23,"tcgplayer,cardmarket",https://prices.pokemontcg.io/tcgplayer/sma-SV15,https://images.pokemontcg.io/sma/SV15_hires.png,2026/08/08,2026/06/25,2.51,1.4900000095367432,2.680000066757202,32.5,,,,,,2.0878,1.1535,2.1916,0.0,2.8722000122070312,2.2609,2.2263,1.4995,3.0106,3.8527,1.1535,2026-08-09
xy1-22,Pansear,normal,XY,22,Common,Tomokazu Komiya,Basic,513,Pokémon,2014/02/05,"tcgplayer,cardmarket",https://prices.pokemontcg.io/tcgplayer/xy1-22,https://images.pokemontcg.io/xy1/22_hires.png,2026/08/08,2026/05/25,0.46,0.10000000149011612,0.4699999988079071,9.989999771118164,,1.04,,,,0.2653,0.0231,0.2422,1.2919,0.40369999408721924,0.2538,0.3576,1.1535,1.984,1.7879,1.1535,2026-08-09
pl1-23,Dialga,normal,Platinum,23,Rare,Kent Kanetsuna,Basic,483,Pokémon,2009/02/11,"tcgplayer,cardmarket",https://prices.pokemontcg.io/tcgplayer/pl1-23,https://images.pokemontcg.io/pl1/23_hires.png,2026/08/08,2026/06/27,2.87,1.0,2.7799999713897705,38.970001220703125,,15.95,,,,1.5226,0.1154,1.2573,3.3567,2.306999921798706,1.4649,1.6495,5.7675,6.5173,4.441,1.1535,2026-08-09
base6-21,Butterfree,normal,Legendary Collection,21,Rare,Kagemaru Himeno,Stage 2,12,Pokémon,2002/05/24,"tcgplayer,cardmarket",https://prices.pokemontcg.io/tcgplayer/base6-21,https://images.pokemontcg.io/base6/21_hires.png,2026/08/08,2026/07/01,9.66,3.9000000953674316,8.1899995803833,113.0999984741211,,163.21,,,,4.4294,0.5767,2.2955,87.0546,1.5571999549865723,3.2644,4.7409,115.35,72.7166,49.762,1.1535,2026-08-09
hgss2-21,Poliwrath,normal,HS—Unleashed,21,Rare,Naoyo Kimura,Stage 2,62,Pokémon,2010/05/12,"tcgplayer,cardmarket",https://prices.pokemontcg.io/tcgplayer/hgss2-21,https://images.pokemontcg.io/hgss2/21_hires.png,2026/08/08,2026/06/27,3.9,0.9900000095367432,3.3299999237060547,19.979999542236328,,10.72,,,,1.3957,0.15,1.0266,4.7293,0.6920999884605408,1.0728,1.5111,0.9113,3.2413,3.4144,1.1535,2026-08-09
swsh35-24,Machop,normal,Champion's Path,24,Common,Shibuzoh.,Basic,66,Pokémon,2020/09/25,"tcgplayer,cardmarket",https://prices.pokemontcg.io/tcgplayer/swsh35-24,https://images.pokemontcg.io/swsh35/24_hires.png,2026/08/08,2026/06/25,0.23,0.009999999776482582,0.20999999344348907,17.8799991607666,,0.39,,,,0.0577,0.0231,0.0807,0.323,0.04610000178217888,0.0807,0.0577,0.5767,0.323,0.2999,1.1535,2026-08-09
sm4-16,Starmie,normal,Crimson Invasion,16,Rare,Yuka Morii,Stage 1,121,Pokémon,2017/11/03,"tcgplayer,cardmarket",https://prices.pokemontcg.io/tcgplayer/sm4-16,https://images.pokemontcg.io/sm4/16_hires.png,2026/08/08,2026/06/25,1.0,0.44999998807907104,0.8500000238418579,19.979999542236328,,2.53,,,,0.346,0.0346,0.4614,1.315,0.9228000044822693,0.2999,0.3576,0.4499,1.3265,1.0151,1.1535,2026-08-09
xy10-22,Binacle,normal,Fates Collide,22,Common,Tomokazu Komiya,Basic,688,Pokémon,2016/05/02,"tcgplayer,cardmarket",https://prices.pokemontcg.io/tcgplayer/xy10-22,https://images.pokemontcg.io/xy10/22_hires.png,2026/08/08,2026/06/18,0.28,0.05000000074505806,0.27000001072883606,19.979999542236328,,0.49,,,,0.173,0.0231,0.1384,0.646,0.09229999780654907,0.1615,0.173,0.4614,0.5767,0.5883,1.1535,2026-08-09
dpp-DP23,Glameow,holofoil,DP Black Star Promos,DP23,Promo,Mitsuhiro Arita,Basic,431,Pokémon,2007/05/01,tcgplayer,https://prices.pokemontcg.io/tcgplayer/dpp-DP23,https://images.pokemontcg.io/dpp/DP23_hires.png,2026/08/08,,15.49,14.989999771118164,25.309999465942383,96.94999694824219,,,,,,,,,,,,,,,,,2026-08-09
gym1-22,Brock's Rhyhorn,unlimited,Gym Heroes,22,Rare,Ken Sugimori,Basic,111,Pokémon,2000/08/14,"tcgplayer,cardmarket",https://prices.pokemontcg.io/tcgplayer/gym1-22,https://images.pokemontcg.io/gym1/22_hires.png,2026/08/08,2026/07/01,11.84,8.0,10.75,203.58999633789062,,,,,"{""1stEdition"": {""low"": 13.29, ""mid"": 22.99, ""high"": 181.6, ""market"": 19.23, ""directLow"": null}}",17.9715,2.307,14.5687,0.0,10.26609992980957,14.3841,14.0612,0.0,0.0,0.0,1.1535,2026-08-09
bw8-21,Litwick,normal,Plasma Storm,21,Common,Kouki Saitou,Basic,607,Pokémon,2013/02/06,"tcgplayer,cardmarket",https://prices.pokemontcg.io/tcgplayer/bw8-21,https://images.pokemontcg.io/bw8/21_hires.png,2026/08/08,2026/06/22,0.38,0.10000000149011612,0.3400000035762787,15.800000190734863,,1.02,,,,0.2653,0.0231,0.1961,1.4188,0.28839999437332153,0.2192,0.2538,0.5767,1.1881,0.8305,1.1535,2026-08-09
bw1-20,Emboar,holofoil,Black & White,20,Rare Holo,5ban Graphics,Stage 2,500,Pokémon,2011/04/25,"tcgplayer,cardmarket",https://prices.pokemontcg.io/tcgplayer/bw1-20,https://images.pokemontcg.io/bw1/20_hires.png,2026/08/08,2026/06/27,2.87,2.200000047683716,3.0799999237060547,40.900001525878906,,4.58,,,,4.2218,0.4614,4.1641,5.5714,8.07450008392334,4.2103,3.2413,8.6512,4.614,9.2972,1.1535,2026-08-09
g1-13,Ninetales-EX,holofoil,Generations,13,Rare Holo EX,Eske Yoshinob,Basic|EX,38,Pokémon,2016/02/22,"tcgplayer,cardmarket",https://prices.pokemontcg.io/tcgplayer/g1-13,https://images.pokemontcg.io/g1/13_hires.png,2026/08/08,2026/07/01,5.5,3.0,4.980000019073486,55.599998474121094,,,,,,6.6211,2.6415,8.3398,0.0,5.652200222015381,8.7205,7.0363,4.614,5.5253,5.3638,1.1535,2026-08-09
bw5-18,Torkoal,normal,Dark Explorers,18,Uncommon,Masakazu Fukuda,Basic,324,Pokémon,2012/05/09,"tcgplayer,cardmarket",https://prices.pokemontcg.io/tcgplayer/bw5-18,https://images.pokemontcg.io/bw5/18_hires.png,2026/08/08,2026/06/27,0.56,0.25,0.5400000214576721,19.979999542236328,,7.64,,,,0.3345,0.0231,0.323,0.0,0.11540000140666962,0.2653,0.2884,0.9228,1.2689,1.2919,1.1535,2026-08-09
dp7-14,Cherrim,normal,Stormfront,14,Rare,Suwama Chiaki,Stage 1,421,Pokémon,2008/11/01,"tcgplayer,cardmarket",https://prices.pokemontcg.io/tcgplayer/dp7-14,https://images.pokemontcg.io/dp7/14_hires.png,2026/08/08,2026/07/01,3.36,1.6100000143051147,3.880000114440918,41.70000076293945,,5.0,,,,1.3035,0.173,1.1881,2.1916,0.8651000261306763,1.0381,1.1304,1.7302,2.1455,2.7338,1.1535,2026-08-09
sm35-12,Larvesta,normal,Shining Legends,12,Common,kawayoo,Basic,636,Pokémon,2017/10/06,"tcgplayer,cardmarket",https://prices.pokemontcg.io/tcgplayer/sm35-12,https://images.pokemontcg.io/sm35/12_hires.png,2026/08/08,2026/07/01,0.12,0.05000000074505806,0.20000000298023224,19.979999542236328,,0.35,,,,0.0692,0.0231,0.0692,0.2884,0.11540000140666962,0.0807,0.0577,0.8651,0.3345,0.3345,1.1535,2026-08-09
pl3-21,Chimecho,normal,Supreme Victors,21,Rare,Yukiko Baba,Basic,358,Pokémon,2009/08/19,"tcgplayer,cardmarket",https://prices.pokemontcg.io/tcgplayer/pl3-21,https://images.pokemontcg.io/pl3/21_hires.png,2026/08/08,2026/06/27,1.38,0.9300000071525574,1.2000000476837158,19.979999542236328,,3.47,,,,2.0071,0.1154,2.1455,2.5031,2.8838000297546387,2.134,1.3381,2.307,1.9379,1.9033,1.1535,2026-08-09
base4-24,Electabuzz,normal,Base Set 2,24,Rare,Ken Sugimori,Basic,125,Pokémon,2000/02/24,"tcgplayer,cardmarket",https://prices.pokemontcg.io/tcgplayer/base4-24,https://images.pokemontcg.io/base4/24_hires.png,2026/08/08,2026/07/01,3.47,1.6299999952316284,2.859999895095825,39.25,,,,,,5.929,0.5767,4.8678,0.0,5.709799766540527,4.8332,5.3638,2.2493,2.2493,2.2493,1.1535,2026-08-09
np-13,Meowth,holofoil,Nintendo Black Star Promos,13,Promo,Kouki Saitou,Basic,52,Pokémon,2003/10/01,"tcgplayer,cardmarket",https://prices.pokemontcg.io/tcgplayer/np-13,https://images.pokemontcg.io/np/13_hires.png,2026/08/08,2026/07/01,43.2,35.0,55.0,497.4599914550781,,,,,,65.4611,40.361,89.5231,0.0,89.38469696044922,55.9909,49.6466,4.614,8.1552,5.8944,1.1535,2026-08-09
ex6-17,Victreebel,holofoil,FireRed & LeafGreen,17,Rare Holo,Tomokazu Komiya,Stage 2,71,Pokémon,2004/09/01,"tcgplayer,cardmarket",https://prices.pokemontcg.io/tcgplayer/ex6-17,https://images.pokemontcg.io/ex6/17_hires.png,2026/08/08,2026/07/01,37.69,24.729999542236328,45.279998779296875,390.0,,22.5,,,,20.7399,4.614,14.6264,13.0115,20.76300048828125,20.7399,12.4809,8.6512,13.7843,13.6459,1.1535,2026-08-09
ex10-22,Electabuzz,normal,Unseen Forces,22,Rare,Mitsuhiro Arita,Basic,125,Pokémon,2005/08/01,"tcgplayer,cardmarket",https://prices.pokemontcg.io/tcgplayer/ex10-22,https://images.pokemontcg.io/ex10/22_hires.png,2026/08/08,2026/07/01,1.98,0.949999988079071,1.9900000095367432,19.979999542236328,,64.98,,,,4.7293,0.0231,2.7799,14.7187,1.118899941444397,2.7569,2.6877,29.9795,17.8446,16.2644,1.1535,2026-08-09
ex7-23,Ledian,normal,Team Rocket Returns,23,Rare,Kagemaru Himeno,Stage 1,166,Pokémon,2004/11/01,"tcgplayer,cardmarket",https://prices.pokemontcg.io/tcgplayer/ex7-23,https://images.pokemontcg.io/ex7/23_hires.png,2026/08/08,2026/07/01,2.16,1.2999999523162842,2.2200000286102295,28.0,,22.22,,,,1.488,0.4614,2.0071,0.0,1.0958000421524048,1.488,1.7649,12.6885,24.1658,18.9405,1.1535,2026-08-09
ex2-15,Arcanine,normal,Sandstorm,15,Rare,Hajime Kusajima,Stage 1,59,Pokémon,2003/09/18,"tcgplayer,cardmarket",https://prices.pokemontcg.io/tcgplayer/ex2-15,https://images.pokemontcg.io/ex2/15_hires.png,2026/08/08,2026/07/01,12.07,8.0,10.550000190734863,81.19999694824219,,221.68,,,,3.299,0.1154,1.661,76.4078,0.8996999859809875,2.6184,3.3913,16.149,67.8027,29.0797,1.1535,2026-08-09
xy6-20,Pikachu,normal,Roaring Skies,20,Common,Naoki Saito,Basic,25,Pokémon,2015/05/06,"tcgplayer,cardmarket",https://prices.pokemontcg.io/tcgplayer/xy6-20,https://images.pokemontcg.io/xy6/20_hires.png,2026/08/08,2026/06/18,1.64,0.5,1.25,17.979999542236328,,6.69,,,,2.0763,0.0231,2.2724,7.5208,1.6495000123977661,2.134,2.134,4.0373,7.3247,7.7631,1.1535,2026-08-09
bw3-16,Pansear,normal,Noble Victories,16,Common,Shin Nagasawa,Basic,513,Pokémon,2011/11/16,"tcgplayer,cardmarket",https://prices.pokemontcg.io/tcgplayer/bw3-16,https://images.pokemontcg.io/bw3/16_hires.png,2026/08/08,2026/07/01,0.26,0.05000000074505806,0.25,17.020000457763672,,0.42,,,,0.2076,0.0231,0.2422,0.7844,0.28839999437332153,0.2076,0.173,1.1535,0.8882,0.7036,1.1535,2026-08-09
xy0-17,Mightyena,normal,Kalos Starter Set,17,,Mitsuhiro Arita,Stage 1,262,Pokémon,2013/11/08,"tcgplayer,cardmarket",https://prices.pokemontcg.io/tcgplayer/xy0-17,https://images.pokemontcg.io/xy0/17_hires.png,2026/08/08,2026/07/01,1.9,0.699999988079071,1.2999999523162842,37.099998474121094,,,,,,0.7844,0.0461,0.7267,0.0,0.23070000112056732,0.7036,1.1189,0.0,0.0,0.0,1.1535,2026-08-09
xy8-18,Cyndaquil,normal,BREAKthrough,18,Common,Tomokazu Komiya,Basic,155,Pokémon,2015/11/04,"tcgplayer,cardmarket",https://prices.pokemontcg.io/tcgplayer/xy8-18,https://images.pokemontcg.io/xy8/18_hires.png,2026/08/08,2026/06/22,1.85,0.25,1.0,12.989999771118164,,11.99,,,,0.9574,0.0231,0.8421,12.0771,1.3035000562667847,0.7959,0.9459,13.8305,14.7879,8.9627,1.1535,2026-08-09
xy9-13,Camerupt,normal,BREAKpoint,13,Rare,Shigenori Negishi,Stage 1,323,Pokémon,2016/02/03,"tcgplayer,cardmarket",https://prices.pokemontcg.io/tcgplayer/xy9-13,https://images.pokemontcg.io/xy9/13_hires.png,2026/08/08,2026/06/27,0.1,0.07999999821186066,0.25,19.989999771118164,,0.54,,,,0.4499,0.0346,0.3691,1.6956,0.23070000112056732,0.2768,0.2999,0.5767,1.4419,0.7382,1.1535,2026-08-09
ecard1-14,Golem,holofoil,Expedition Base Set,14,Rare Holo,Aya Kusube,Stage 2,76,Pokémon,2002/09/15,"tcgplayer,cardmarket",https://prices.pokemontcg.io/tcgplayer/ecard1-14,https://images.pokemontcg.io/ecard1/14_hires.png,2026/08/08,2026/07/01,52.81,67.80999755859375,120.30000305175781,1670.97998046875,,29.41,,,,33.7629,3.4605,31.2599,16.1259,43.25630187988281,38.4692,27.3264,42.022,21.8127,21.6743,1.1535,2026-08-09
xy3-13,Combusken,normal,Furious Fists,13,Uncommon,Shin Nagasawa,Stage 1,256,Pokémon,2014/08/13,"tcgplayer,cardmarket",https://prices.pokemontcg.io/tcgplayer/xy3-13,https://images.pokemontcg.io/xy3/13_hires.png,2026/08/08,2026/06/27,0.35,0.10000000149011612,0.3499999940395355,1000.0,,0.71,,,,0.5306,0.0461,0.5652,16.149,0.17299999296665192,0.5767,0.346,16.149,3.299,1.7302,1.1535,2026-08-09
col1-24,Cleffa,normal,Call of Legends,24,Rare,sui,Basic,173,Pokémon,2011/02/09,"tcgplayer,cardmarket",https://prices.pokemontcg.io/tcgplayer/col1-24,https://images.pokemontcg.io/col1/24_hires.png,2026/08/08,2026/06/27,6.47,6.199999809265137,8.0,42.4900016784668,,15.0,,,,5.3522,0.2307,4.7986,8.063,1.9608999490737915,5.3522,3.945,2.8722,7.3478,6.4481,1.1535,2026-08-09
xy12-16,Ninetales BREAK,holofoil,Evolutions,16,Rare BREAK,5ban Graphics,BREAK,38,Pokémon,2016/11/02,"tcgplayer,cardmarket",https://prices.pokemontcg.io/tcgplayer/xy12-16,https://images.pokemontcg.io/xy12/16_hires.png,2026/08/08,2026/07/01,5.07,3.25,4.5,19.989999771118164,,,,,,4.2103,1.1535,5.2023,0.0,3.4605000019073486,4.6255,4.2564,17.3025,7.3132,6.2866,1.1535,2026-08-09
sm6-17,Delphox,holofoil,Forbidden Light,17,Rare Holo,kawayoo,Stage 2,655,Pokémon,2018/05/04,"tcgplayer,cardmarket",https://prices.pokemontcg.io/tcgplayer/sm6-17,https://images.pokemontcg.io/sm6/17_hires.png,2026/08/08,2026/06/27,1.55,0.75,1.409999966621399,20.829999923706055,,1.73,,,,1.2689,0.2884,1.3496,1.7302,0.17299999296665192,1.2804,1.1766,1.1535,1.6841,1.2227,1.1535,2026-08-09
sm9-24,Wartortle,normal,Team Up,24,Uncommon,Misa Tsutsui,Stage 1,8,Pokémon,2019/02/01,"tcgplayer,cardmarket",https://prices.pokemontcg.io/tcgplayer/sm9-24,https://images.pokemontcg.io/sm9/24_hires.png,2026/08/08,2026/05/13,0.52,0.25,0.5600000023841858,19.979999542236328,,2.11,,,,0.3114,0.0231,0.3345,1.8571,0.023099999874830246,0.2768,0.2884,0.173,1.8341,2.2955,1.1535,2026-08-09
sm5-24,Heat Rotom,normal,Ultra Prism,24,Rare,Shin Nagasawa,Basic,479,Pokémon,2018/02/02,"tcgplayer,cardmarket",https://prices.pokemontcg.io/tcgplayer/sm5-24,https://images.pokemontcg.io/sm5/24_hires.png,2026/08/08,2026/06/08,0.43,0.15000000596046448,0.5,19.979999542236328,,0.85,,,,0.2538,0.0231,0.2422,0.8421,0.1615000069141388,0.173,0.2999,1.5457,0.7036,0.7267,1.1535,2026-08-09
swsh4-19,Dhelmise,normal,Vivid Voltage,19,Uncommon,Masakazu Fukuda,Basic,781,Pokémon,2020/11/13,"tcgplayer,cardmarket",https://prices.pokemontcg.io/tcgplayer/swsh4-19,https://images.pokemontcg.io/swsh4/19_hires.png,2026/08/08,2026/06/22,0.02,0.009999999776482582,0.15000000596046448,25.020000457763672,,0.26,,,,0.0461,0.0231,0.0577,0.2192,0.03460000082850456,0.0461,0.0577,0.0577,0.15,0.2076,1.1535,2026-08-09
bwp-BW15,Pidove,normal,BW Black Star Promos,BW15,Promo,Naoki Saito,Basic,519,Pokémon,2011/03/01,"tcgplayer,cardmarket",https://prices.pokemontcg.io/tcgplayer/bwp-BW15,https://images.pokemontcg.io/bwp/BW15_hires.png,2026/05/12,2026/07/01,68.33,100.0,100.0,100.0,,,,,,138.4085,0.0,202.9122,0.0,138.4084930419922,158.3179,139.9657,0.0,0.0,0.0,1.1535,2026-08-09
pop2-16,Pikachu,normal,POP Series 2,16,Common,Yuka Morii,Basic,25,Pokémon,2005/08/01,"tcgplayer,cardmarket",https://prices.pokemontcg.io/tcgplayer/pop2-16,https://images.pokemontcg.io/pop2/16_hires.png,2026/08/08,2026/07/01,50.3,44.0099983215332,80.0,360.0,,,,,,28.18,5.7675,34.0282,0.0,57.66350173950195,30.314,29.6796,9.8048,9.0319,9.0319,1.1535,2026-08-09
swsh3-16,Tsareena,normal,Darkness Ablaze,16,Rare,so-taro,Stage 2,763,Pokémon,2020/08/14,"tcgplayer,cardmarket",https://prices.pokemontcg.io/tcgplayer/swsh3-16,https://images.pokemontcg.io/swsh3/16_hires.png,2026/08/08,2026/06/27,0.24,0.10000000149011612,0.25,19.440000534057617,,0.13,,,,0.173,0.0231,0.1961,0.8882,0.3345000147819519,0.15,0.2422,0.9228,0.8882,0.7498,1.1535,2026-08-09
swsh2-17,Rillaboom V,holofoil,Rebel Clash,17,Rare Holo V,5ban Graphics,Basic|V,812,Pokémon,2020/05/01,"tcgplayer,cardmarket",https://prices.pokemontcg.io/tcgplayer/swsh2-17,https://images.pokemontcg.io/swsh2/17_hires.png,2026/08/08,2026/06/18,0.91,0.4000000059604645,1.0,19.979999542236328,,,,,,1.8225,0.3345,1.6034,0.0,1.038100004196167,2.1686,1.661,3.8065,2.5723,2.6415,1.1535,2026-08-09
xy2-27,Luvdisc,normal,Flashfire,27,Uncommon,Atsuko Nishida,Basic,370,Pokémon,2014/05/07,"tcgplayer,cardmarket",https://prices.pokemontcg.io/tcgplayer/xy2-27,https://images.pokemontcg.io/xy2/27_hires.png,2026/08/08,2026/05/07,0.33,0.09000000357627869,0.3100000023841858,19.979999542236328,,1.23,,,,0.1961,0.0231,0.1961,0.8651,0.17299999296665192,0.1846,0.1615,0.6921,1.0612,0.7728,1.1535,2026-08-09
pl2-20,Gallade E4,normal,Rising Rivals,20,Rare,Mitsuhiro Arita,Basic|SP,475,Pokémon,2009/05/16,"tcgplayer,cardmarket",https://prices.pokemontcg.io/tcgplayer/pl2-20,https://images.pokemontcg.io/pl2/20_hires.png,2026/08/08,2026/07/01,3.62,1.5,3.75,63.0,,10.72,,,,0.9113,0.0231,1.1881,1.7764,3.4605000019073486,1.1189,0.9574,2.8838,1.9494,1.8917,1.1535,2026-08-09
base2-16,Wigglytuff,1stEditionHolofoil,Jungle,16,Rare Holo,Mitsuhiro Arita,Stage 1,40,Pokémon,1999/06/16,"tcgplayer,cardmarket",https://prices.pokemontcg.io/tcgplayer/base2-16,https://images.pokemontcg.io/base2/16_hires.png,2026/08/08,2026/07/01,78.38,66.98999786376953,73.6500015258789,693.7999877929688,,,,,"{""unlimitedHolofoil"": {""low"": 21.0, ""mid"": 27.24, ""high"": 569.9, ""market"": 42.22, ""directLow"": null}}",27.7878,2.8722,32.5402,0.0,13.842000007629395,37.5118,30.8677,11.535,18.8367,18.3176,1.1535,2026-08-09
ecard3-H19,Magneton,holofoil,Skyridge,H19,Rare Holo,Kouki Saitou,Stage 1,82,Pokémon,2003/05/12,"tcgplayer,cardmarket",https://prices.pokemontcg.io/tcgplayer/ecard3-H19,https://images.pokemontcg.io/ecard3/H19_hires.png,2026/08/08,2026/07/01,199.99,249.99000549316406,300.1600036621094,1385.0,,,,,,705.5498,17.3025,461.7807,0.0,40.32640075683594,563.0349,214.4241,6.9095,26.9688,24.2235,1.1535,2026-08-09
base1-22,Pidgeotto,normal,Base,22,Rare,Ken Sugimori,Stage 1,17,Pokémon,1999/01/09,"tcgplayer,cardmarket",https://prices.pokemontcg.io/tcgplayer/base1-22,https://images.pokemontcg.io/base1/22_hires.png,2026/08/08,2026/07/01,11.32,6.0,9.050000190734863,110.23999786376953,,,,,,51.6076,11.5235,50.0042,0.0,40.361000061035156,61.5508,49.8543,0.0,0.0,0.0,1.1535,2026-08-09
mcd12-2,Pansage,holofoil,McDonald's Collection 2012,2,,Kouki Saitou,Basic,511,Pokémon,2012/06/15,"tcgplayer,cardmarket",https://prices.pokemontcg.io/tcgplayer/mcd12-2,https://images.pokemontcg.io/mcd12/2_hires.png,2026/08/08,2026/07/01,4.44,2.5,4.440000057220459,52.79999923706055,,,,,,14.4072,20.7515,15.3646,0.0,17.291000366210938,17.6139,12.354,5.7675,3.4605,3.4605,1.1535,2026-08-09
xy7-24,Regice,normal,Ancient Origins,24,Rare,Miki Tanaka,Basic,378,Pokémon,2015/08/12,"tcgplayer,cardmarket",https://prices.pokemontcg.io/tcgplayer/xy7-24,https://images.pokemontcg.io/xy7/24_hires.png,2026/08/08,2026/05/27,0.23,0.10000000149011612,0.28999999165534973,19.979999542236328,,0.77,,,,0.2999,0.0231,0.4499,1.5688,1.1419999599456787,0.4268,0.3922,1.6726,1.4419,1.3035,1.1535,2026-08-09
swsh1-22,Vulpix,normal,Sword & Shield,22,Common,Taira Akitsu,Basic,37,Pokémon,2020/02/07,"tcgplayer,cardmarket",https://prices.pokemontcg.io/tcgplayer/swsh1-22,https://images.pokemontcg.io/swsh1/22_hires.png,2026/08/08,2026/05/17,0.23,0.009999999776482582,0.25,19.979999542236328,,0.43,,,,0.1154,0.0231,0.1384,0.3576,0.10379999876022339,0.1269,0.1038,0.5767,0.4383,0.5075,1.1535,2026-08-09
ex1-15,Blaziken,normal,Ruby & Sapphire,15,Rare,Ken Sugimori,Stage 2,257,Pokémon,2003/07/01,"tcgplayer,cardmarket",https://prices.pokemontcg.io/tcgplayer/ex1-15,https://images.pokemontcg.io/ex1/15_hires.png,2026/08/08,2026/07/01,4.0,0.9900000095367432,3.4700000286102295,19.979999542236328,,45.49,,,,2.307,0.1154,2.307,36.5544,2.27239990234375,1.4419,2.1686,5.7675,29.0797,14.5687,1.1535,2026-08-09
dp2-16,Typhlosion,holofoil,Mysterious Treasures,16,Rare Holo,Kazuyuki Kano,Stage 2,157,Pokémon,2007/08/01,"tcgplayer,cardmarket",https://prices.pokemontcg.io/tcgplayer/dp2-16,https://images.pokemontcg.io/dp2/16_hires.png,2026/08/08,2026/06/30,36.4,21.0,35.0,499.8999938964844,,34.23,,,,7.9015,1.142,7.5093,5.5483,8.07450008392334,7.6708,6.9095,5.5368,5.9751,6.5403,1.1535,2026-08-09
sm2-21a,Alolan Vulpix,,Guardians Rising,21a,Common,kirisAki,Basic,37,Pokémon,2017/05/05,cardmarket,https://prices.pokemontcg.io/cardmarket/sm2-21a,https://images.pokemontcg.io/sm2/21a_hires.png,,2026/06/11,,,,,,,,,,4.3372,1.7302,4.5102,0.0,2.1916000843048096,5.0293,3.6335,0.4614,1.4303,2.1686,1.1535,2026-08-09
dp6-14,Rayquaza,holofoil,Legends Awakened,14,Rare Holo,Kent Kanetsuna,Basic,384,Pokémon,2008/08/01,"tcgplayer,cardmarket",https://prices.pokemontcg.io/tcgplayer/dp6-14,https://images.pokemontcg.io/dp6/14_hires.png,2026/08/08,2026/06/30,144.33,235.0,250.0,599.989990234375,,62.26,,,,26.7381,5.1907,31.2022,16.5412,25.953699111938477,24.2235,24.5465,11.535,13.8305,17.6601,1.1535,2026-08-09
hgss4-24,Kricketune,normal,HS—Triumphant,24,Rare,Tomokazu Komiya,Stage 1,402,Pokémon,2010/11/03,"tcgplayer,cardmarket",https://prices.pokemontcg.io/tcgplayer/hgss4-24,https://images.pokemontcg.io/hgss4/24_hires.png,2026/08/08,2026/06/21,2.72,0.6600000262260437,1.409999966621399,7.159999847412109,,11.73,,,,2.2263,0.173,2.3993,4.9024,0.17299999296665192,3.5528,2.3762,4.0373,7.9245,4.8678,1.1535,2026-08-09
bw7-24,Tepig,normal,Boundaries Crossed,24,Common,Shin Nagasawa,Basic,498,Pokémon,2012/11/07,"tcgplayer,cardmarket",https://prices.pokemontcg.io/tcgplayer/bw7-24,https://images.pokemontcg.io/bw7/24_hires.png,2026/08/08,2026/06/18,0.41,0.23999999463558197,0.46000000834465027,17.040000915527344,,5.19,,,,0.1269,0.0231,0.15,0.7498,0.11540000140666962,0.1615,0.173,0.3345,1.2342,0.8651,1.1535,2026-08-09
sm8-21,Grovyle,normal,Lost Thunder,21,Uncommon,Ayaka Yoshida,Stage 1,253,Pokémon,2018/11/02,"tcgplayer,cardmarket",https://prices.pokemontcg.io/tcgplayer/sm8-21,https://images.pokemontcg.io/sm8/21_hires.png,2026/08/08,2026/05/31,0.6,0.30000001192092896,0.5899999737739563,19.979999542236328,,4.1,,,,0.5537,0.0231,0.5191,2.8838,0.2768000066280365,0.4729,0.5421,2.8838,2.7107,2.2955,1.1535,2026-08-09
ex7-24,Magby,normal,Team Rocket Returns,24,Rare,Yukiko Baba,Basic,240,Pokémon,2004/11/01,"tcgplayer,cardmarket",https://prices.pokemontcg.io/tcgplayer/ex7-24,https://images.pokemontcg.io/ex7/24_hires.png,2026/08/08,2026/07/01,3.2,1.350000023841858,3.549999952316284,45.900001525878906,,86.9,,,,3.0798,0.4614,3.6797,84.5862,1.1419999599456787,3.1375,3.1606,57.6173,98.8665,49.589,1.1535,2026-08-09
swsh1-23,Ninetales,normal,Sword & Shield,23,Rare,Megumi Higuchi,Stage 1,38,Pokémon,2020/02/07,"tcgplayer,cardmarket",https://prices.pokemontcg.io/tcgplayer/swsh1-23,https://images.pokemontcg.io/swsh1/23_hires.png,2026/08/08,2026/05/17,0.48,0.14000000059604645,0.4399999976158142,4.0,,1.44,,,,0.2768,0.0231,0.346,3.1606,0.57669997215271,0.2538,0.323,2.8838,2.5146,2.5031,1.1535,2026-08-09
sm35-13,Volcarona,normal,Shining Legends,13,Uncommon,nagimiso,Stage 1,637,Pokémon,2017/10/06,"tcgplayer,cardmarket",https://prices.pokemontcg.io/tcgplayer/sm35-13,https://images.pokemontcg.io/sm35/13_hires.png,2026/08/08,2026/07/01,0.2,0.09000000357627869,0.23000000417232513,19.979999542236328,,0.44,,,,0.1384,0.0231,0.1154,0.4153,0.023099999874830246,0.0807,0.1154,0.2307,0.3922,0.496,1.1535,2026-08-09
swshp-SWSH014,Rillaboom V,holofoil,SWSH Black Star Promos,SWSH014,Promo,5ban Graphics,Basic|V,812,Pokémon,2019/11/15,"tcgplayer,cardmarket",https://prices.pokemontcg.io/tcgplayer/swshp-SWSH014,https://images.pokemontcg.io/swshp/SWSH014_hires.png,2026/08/08,2026/06/20,0.98,0.5,1.0,5.949999809265137,,,,,,1.9725,0.2307,1.4649,0.0,1.0958000421524048,2.5608,1.811,2.8838,1.9956,2.1801,1.1535,2026-08-09
bw8-22,Lampent,normal,Plasma Storm,22,Uncommon,Kouki Saitou,Stage 1,608,Pokémon,2013/02/06,"tcgplayer,cardmarket",https://prices.pokemontcg.io/tcgplayer/bw8-22,https://images.pokemontcg.io/bw8/22_hires.png,2026/08/08,2026/06/22,0.27,0.15000000596046448,0.25999999046325684,19.979999542236328,,1.14,,,,0.2768,0.0231,0.2653,0.0,0.17299999296665192,0.2999,0.2192,0.4037,1.4995,1.2112,1.1535,2026-08-09
sm5-25,Salandit,normal,Ultra Prism,25,Common,Misa Tsutsui,Basic,757,Pokémon,2018/02/02,"tcgplayer,cardmarket",https://prices.pokemontcg.io/tcgplayer/sm5-25,https://images.pokemontcg.io/sm5/25_hires.png,2026/08/08,2026/05/31,0.03,0.009999999776482582,0.20000000298023224,19.979999542236328,,0.5,,,,0.0577,0.0231,0.0577,0.2422,0.023099999874830246,0.0346,0.0577,0.5191,0.323,0.3345,1.1535,2026-08-09
bw4-25,Lapras,normal,Next Destinies,25,Rare,Kouki Saitou,Basic,131,Pokémon,2012/02/08,"tcgplayer,cardmarket",https://prices.pokemontcg.io/tcgplayer/bw4-25,https://images.pokemontcg.io/bw4/25_hires.png,2026/08/08,2026/06/11,0.57,0.1899999976158142,0.550000011920929,2.990000009536743,,4.96,,,,1.6841,0.0577,1.1881,5.9867,0.20759999752044678,1.5226,1.0266,11.5235,4.8447,3.2183,1.1535,2026-08-09
ex3-23,Bagon,normal,Dragon,23,Uncommon,Mitsuhiro Arita,Basic,371,Pokémon,2003/11/24,"tcgplayer,cardmarket",https://prices.pokemontcg.io/tcgplayer/ex3-23,https://images.pokemontcg.io/ex3/23_hires.png,2026/08/08,2026/07/01,1.89,1.7999999523162842,2.9700000286102295,38.29999923706055,,10.41,,,,2.2724,0.346,2.2724,3.9796,0.8651000261306763,2.2378,2.2147,11.535,3.8758,4.764,1.1535,2026-08-09
bw11-26,Pignite,normal,Legendary Treasures,26,Uncommon,Kanako Eo,Stage 1,499,Pokémon,2013/11/06,"tcgplayer,cardmarket",https://prices.pokemontcg.io/tcgplayer/bw11-26,https://images.pokemontcg.io/bw11/26_hires.png,2026/08/08,2026/06/22,6.74,3.0,4.800000190734863,136.55999755859375,,28.57,,,,5.756,2.8838,5.9751,17.3025,9.79319953918457,6.6788,5.7906,20.763,16.6219,9.5048,1.1535,2026-08-09
sm7-19,Cacnea,normal,Celestial Storm,19,Common,Atsuko Nishida,Basic,331,Pokémon,2018/08/03,"tcgplayer,cardmarket",https://prices.pokemontcg.io/tcgplayer/sm7-19,https://images.pokemontcg.io/sm7/19_hires.png,2026/08/08,2026/06/11,0.2,0.05000000074505806,0.23000000417232513,19.979999542236328,,0.48,,,,0.0923,0.0231,0.1154,0.1961,0.31139999628067017,0.1154,0.1154,0.5767,0.4268,0.4037,1.1535,2026-08-09
neo3-21,Raichu,unlimited,Neo Revelation,21,Rare,Masako Yamashita,Stage 1,26,Pokémon,2001/09/21,"tcgplayer,cardmarket",https://prices.pokemontcg.io/tcgplayer/neo3-21,https://images.pokemontcg.io/neo3/21_hires.png,2026/08/08,2026/07/01,16.23,7.5,16.729999542236328,80.44000244140625,,,,,"{""1stEdition"": {""low"": 49.95, ""mid"": 51.72, ""high"": 382.49, ""market"": 36.48, ""directLow"": null}}",17.637,1.0728,14.165,0.0,8.016799926757812,6.3212,13.669,2.5954,4.1295,4.1295,1.1535,2026-08-09
neo1-17,Typhlosion,1stEditionHolofoil,Neo Genesis,17,Rare Holo,Shin-ichi Yoshida,Stage 2,157,Pokémon,2000/12/16,"tcgplayer,cardmarket",https://prices.pokemontcg.io/tcgplayer/neo1-17,https://images.pokemontcg.io/neo1/17_hires.png,2026/08/08,2026/07/01,321.0,395.0,399.989990234375,7000.0,,,,,"{""unlimitedHolofoil"": {""low"": 170.0, ""mid"": 199.6, ""high"": 2012.98, ""market"": 197.96, ""directLow"": 2012.98}}",80.9872,11.535,79.3147,0.0,74.94290161132812,85.0706,84.9783,42.2988,36.7966,78.9225,1.1535,2026-08-09
col1-25,Feraligatr,normal,Call of Legends,25,Rare,kawayoo,Stage 2,160,Pokémon,2011/02/09,"tcgplayer,cardmarket",https://prices.pokemontcg.io/tcgplayer/col1-25,https://images.pokemontcg.io/col1/25_hires.png,2026/08/08,2026/06/27,7.55,3.5,8.390000343322754,72.9000015258789,,33.43,,,,7.3593,0.5767,6.8172,16.7257,3.7142999172210693,6.0674,6.0905,23.07,14.8109,10.2777,1.1535,2026-08-09
sm3-21,Ho-Oh-GX,holofoil,Burning Shadows,21,Rare Holo GX,PLANETA,Basic|GX,250,Pokémon,2017/08/05,"tcgplayer,cardmarket",https://prices.pokemontcg.io/tcgplayer/sm3-21,https://images.pokemontcg.io/sm3/21_hires.png,2026/08/08,2026/06/08,5.56,2.990000009536743,5.550000190734863,928.5700073242188,,,,,,6.0559,2.1916,6.598,0.0,7.440100193023682,6.3442,5.8944,4.764,4.8678,5.4561,1.1535,2026-08-09
mcd12-3,Dwebble,holofoil,McDonald's Collection 2012,3,,MAHOU,Basic,557,Pokémon,2012/06/15,"tcgplayer,cardmarket",https://prices.pokemontcg.io/tcgplayer/mcd12-3,https://images.pokemontcg.io/mcd12/3_hires.png,2026/08/08,2026/07/01,11.15,7.349999904632568,54.810001373291016,319.7699890136719,,,,,,10.3238,23.0585,23.6583,0.0,10.323800086975098,28.5145,22.9546,5.7675,3.0106,3.0106,1.1535,2026-08-09
xy12-17,Growlithe,normal,Evolutions,17,Common,Ken Sugimori,Basic,58,Pokémon,2016/11/02,"tcgplayer,cardmarket",https://prices.pokemontcg.io/tcgplayer/xy12-17,https://images.pokemontcg.io/xy12/17_hires.png,2026/08/08,2026/07/01,0.2,0.029999999329447746,0.23000000417232513,18.200000762939453,,0.53,,,,0.1269,0.0231,0.1615,0.6921,0.10379999876022339,0.1269,0.1269,2.9991,0.8074,0.7959,1.1535,2026-08-09
xy2-28,Buizel,normal,Flashfire,28,Common,sui,Basic,418,Pokémon,2014/05/07,"tcgplayer,cardmarket",https://prices.pokemontcg.io/tcgplayer/xy2-28,https://images.pokemontcg.io/xy2/28_hires.png,2026/08/08,2026/04/27,0.2,0.029999999329447746,0.23999999463558197,19.989999771118164,,0.65,,,,0.1269,0.0231,0.2422,1.165,0.23070000112056732,0.2422,0.1269,0.346,1.165,0.5421,1.1535,2026-08-09
dp5-15,Aerodactyl,normal,Majestic Dawn,15,Rare,Kouki Saitou,Stage 1,142,Pokémon,2008/05/01,"tcgplayer,cardmarket",https://prices.pokemontcg.io/tcgplayer/dp5-15,https://images.pokemontcg.io/dp5/15_hires.png,2026/08/08,2026/07/01,8.82,4.0,11.199999809265137,104.9000015258789,,16.0,,,,2.953,0.5767,3.3451,7.9938,5.767499923706055,3.4374,3.4951,6.0559,6.7134,6.7826,1.1535,2026-08-09
xy10-23,Barbaracle,normal,Fates Collide,23,Rare,Shin Nagasawa,Stage 1,689,Pokémon,2016/05/02,"tcgplayer,cardmarket",https://prices.pokemontcg.io/tcgplayer/xy10-23,https://images.pokemontcg.io/xy10/23_hires.png,2026/08/08,2026/06/08,0.4,0.10000000149011612,0.4000000059604645,2.990000009536743,,0.69,,,,0.5537,0.0346,0.5652,1.0612,0.5536999702453613,0.3807,0.496,1.6149,1.165,0.8882,1.1535,2026-08-09
sm1-24,Litten,normal,Sun & Moon,24,Common,Akira Komayama,Basic,725,Pokémon,2017/02/03,"tcgplayer,cardmarket",https://prices.pokemontcg.io/tcgplayer/sm1-24,https://images.pokemontcg.io/sm1/24_hires.png,2026/08/08,2026/05/14,0.23,0.019999999552965164,0.23999999463558197,18.700000762939453,,0.4,,,,0.0692,0.0231,0.0461,0.4268,0.04610000178217888,0.0807,0.0923,0.346,0.4499,0.3807,1.1535,2026-08-09
xy0-18,Inkay,normal,Kalos Starter Set,18,,5ban Graphics,Basic,686,Pokémon,2013/11/08,"tcgplayer,cardmarket",https://prices.pokemontcg.io/tcgplayer/xy0-18,https://images.pokemontcg.io/xy0/18_hires.png,2026/08/08,2026/07/01,0.44,0.25,0.4399999976158142,19.979999542236328,,,,,,0.2653,0.0346,0.7152,0.0,3.4605000019073486,0.5306,0.4499,0.0577,0.0577,0.0577,1.1535,2026-08-09
dpp-DP24,Darkrai,holofoil,DP Black Star Promos,DP24,Promo,Kouki Saitou,Basic,491,Pokémon,2007/05/01,tcgplayer,https://prices.pokemontcg.io/tcgplayer/dpp-DP24,https://images.pokemontcg.io/dpp/DP24_hires.png,2026/08/08,,32.66,19.75,37.56999969482422,138.0,,,,,,,,,,,,,,,,,2026-08-09
sm11-15,Fomantis,normal,Unified Minds,15,Common,Yuka Morii,Basic,753,Pokémon,2019/08/02,"tcgplayer,cardmarket",https://prices.pokemontcg.io/tcgplayer/sm11-15,https://images.pokemontcg.io/sm11/15_hires.png,2026/08/08,2026/06/21,0.54,0.15000000596046448,0.6499999761581421,2.75,,2.54,,,,0.1846,0.0231,0.2422,0.646,0.17299999296665192,0.2422,0.2076,0.1154,0.5652,0.669,1.1535,2026-08-09
ex4-24,Team Aqua's Cacnea,normal,Team Magma vs Team Aqua,24,Uncommon,K. Utsunomiya,Basic,331,Pokémon,2004/03/01,"tcgplayer,cardmarket",https://prices.pokemontcg.io/tcgplayer/ex4-24,https://images.pokemontcg.io/ex4/24_hires.png,2026/08/08,2026/07/01,2.85,1.850000023841858,3.5,35.900001525878906,,10.26,,,,2.1801,0.2307,2.2493,6.7941,0.5651999711990356,2.0763,1.7418,8.0745,6.1482,4.2795,1.1535,2026-08-09
bw3-17,Simisear,normal,Noble Victories,17,Uncommon,Shin Nagasawa,Stage 1,514,Pokémon,2011/11/16,"tcgplayer,cardmarket",https://prices.pokemontcg.io/tcgplayer/bw3-17,https://images.pokemontcg.io/bw3/17_hires.png,2026/08/08,2026/06/28,0.33,0.10000000149011612,0.28999999165534973,19.979999542236328,,0.68,,,,0.5652,0.0231,0.4499,0.0,1.153499960899353,0.496,0.2653,0.5767,0.5998,0.8305,1.1535,2026-08-09
np-14,Latias,normal,Nintendo Black Star Promos,14,Promo,Ken Sugimori,Basic,380,Pokémon,2003/10/01,"tcgplayer,cardmarket",https://prices.pokemontcg.io/tcgplayer/np-14,https://images.pokemontcg.io/np/14_hires.png,2026/08/08,2026/07/01,26.85,14.890000343322754,34.0,216.60000610351562,,,,,,27.361,28.2607,29.5411,0.0,25.94219970703125,26.8189,22.0895,0.0,0.0,0.0,1.1535,2026-08-09
sm6-18,Litleo,normal,Forbidden Light,18,Common,Yuka Morii,Basic,667,Pokémon,2018/05/04,"tcgplayer,cardmarket",https://prices.pokemontcg.io/tcgplayer/sm6-18,https://images.pokemontcg.io/sm6/18_hires.png,2026/08/08,2026/06/08,0.65,0.1899999976158142,0.6399999856948853,19.979999542236328,,3.38,,,,0.2076,0.0231,0.323,1.3611,0.484499990940094,0.2076,0.1961,2.5954,1.4073,0.8882,1.1535,2026-08-09
xy1-23,Simisear,normal,XY,23,Rare,sui,Stage 1,514,Pokémon,2014/02/05,"tcgplayer,cardmarket",https://prices.pokemontcg.io/tcgplayer/xy1-23,https://images.pokemontcg.io/xy1/23_hires.png,2026/08/08,2026/05/25,0.49,0.23000000417232513,0.5,19.989999771118164,,0.68,,,,0.4845,0.0577,0.4614,0.7844,0.5651999711990356,0.5883,0.5421,1.1535,0.6921,0.8536,1.1535,2026-08-09
bw6-25,Wailmer,normal,Dragons Exalted,25,Uncommon,Atsuko Nishida,Basic,320,Pokémon,2012/08/15,"tcgplayer,cardmarket",https://prices.pokemontcg.io/tcgplayer/bw6-25,https://images.pokemontcg.io/bw6/25_hires.png,2026/08/08,2026/06/25,0.52,0.18000000715255737,0.44999998807907104,19.979999542236328,,2.55,,,,0.2768,0.0231,0.346,2.4339,0.5651999711990356,0.346,0.2884,3.4605,3.1606,1.5688,1.1535,2026-08-09
dc1-15,Team Magma's Groudon-EX,holofoil,Double Crisis,15,Rare Ultra,nagimiso,Basic|EX,383,Pokémon,2015/03/25,"tcgplayer,cardmarket",https://prices.pokemontcg.io/tcgplayer/dc1-15,https://images.pokemontcg.io/dc1/15_hires.png,2026/08/08,2026/07/01,472.2,303.5899963378906,397.5,699.989990234375,,,,,,325.8637,74.9775,439.0452,0.0,610.2014770507812,435.6308,413.8758,74.9775,77.3537,36.9235,1.1535,2026-08-09
sm75-21,Lapras,normal,Dragon Majesty,21,Uncommon,Saya Tsuruta,Basic,131,Pokémon,2018/09/07,"tcgplayer,cardmarket",https://prices.pokemontcg.io/tcgplayer/sm75-21,https://images.pokemontcg.io/sm75/21_hires.png,2026/08/08,2026/06/25,0.56,0.28999999165534973,0.550000011920929,19.979999542236328,,6.04,,,,0.7382,0.0346,0.6575,2.307,1.3265000581741333,0.7613,1.0151,11.8234,7.5324,5.1215,1.1535,2026-08-09
ex13-21,Latias δ,normal,Holon Phantoms,21,Rare,Mitsuhiro Arita,Basic,380,Pokémon,2006/05/01,"tcgplayer,cardmarket",https://prices.pokemontcg.io/tcgplayer/ex13-21,https://images.pokemontcg.io/ex13/21_hires.png,2026/08/08,2026/07/01,18.24,17.09000015258789,30.0,299.989990234375,,118.65,,,,7.7284,0.5767,9.5625,42.8641,5.767499923706055,3.8988,7.0594,2.2955,34.455,17.464,1.1535,2026-08-09
ex9-25,Combusken,normal,Emerald,25,Uncommon,Midori Harada,Stage 1,256,Pokémon,2005/05/01,"tcgplayer,cardmarket",https://prices.pokemontcg.io/tcgplayer/ex9-25,https://images.pokemontcg.io/ex9/25_hires.png,2026/08/08,2026/06/28,0.94,0.5,0.9399999976158142,19.979999542236328,,25.0,,,,0.6575,0.0231,0.4153,30.5678,0.17299999296665192,0.5421,0.669,26.5305,28.503,15.2147,1.1535,2026-08-09
hsp-HGSS13,Smoochum,holofoil,HGSS Black Star Promos,HGSS13,Promo,Midori Harada,Basic,238,Pokémon,2010/02/10,tcgplayer,https://prices.pokemontcg.io/tcgplayer/hsp-HGSS13,https://images.pokemontcg.io/hsp/HGSS13_hires.png,2026/08/08,,35.33,21.309999465942383,33.400001525878906,51.970001220703125,,,,,,,,,,,,,,,,,2026-08-09
swsh35-25,Machoke,normal,Champion's Path,25,Uncommon,AKIRA EGAWA,Stage 1,67,Pokémon,2020/09/25,"tcgplayer,cardmarket",https://prices.pokemontcg.io/tcgplayer/swsh35-25,https://images.pokemontcg.io/swsh35/25_hires.png,2026/08/08,2026/06/25,0.21,0.03999999910593033,0.20999999344348907,19.979999542236328,,0.21,,,,0.1154,0.0231,0.1269,0.4268,0.05770000070333481,0.2076,0.1384,0.3345,0.4845,0.3807,1.1535,2026-08-09
sm12-24,Rapidash,normal,Cosmic Eclipse,24,Uncommon,Misa Tsutsui,Stage 1,78,Pokémon,2019/11/01,"tcgplayer,cardmarket",https://prices.pokemontcg.io/tcgplayer/sm12-24,https://images.pokemontcg.io/sm12/24_hires.png,2026/08/08,2026/05/07,0.27,0.05000000074505806,0.2800000011920929,19.979999542236328,,0.63,,,,0.1615,0.0231,0.15,1.4303,0.03460000082850456,0.1615,0.1615,0.9689,1.4995,1.0728,1.1535,2026-08-09
base4-25,Electrode,normal,Base Set 2,25,Rare,Keiji Kinebuchi,Stage 1,101,Pokémon,2000/02/24,"tcgplayer,cardmarket",https://prices.pokemontcg.io/tcgplayer/base4-25,https://images.pokemontcg.io/base4/25_hires.png,2026/08/08,2026/07/01,5.3,1.9900000095367432,4.329999923706055,95.4000015258789,,,,,,4.441,1.1535,5.6175,0.0,3.4028000831604004,5.929,4.3487,2.2493,2.2493,2.2493,1.1535,2026-08-09
ecard2-H27,Togetic,holofoil,Aquapolis,H27,Rare Holo,Kagemaru Himeno,Stage 1,176,Pokémon,2003/01/15,"tcgplayer,cardmarket",https://prices.pokemontcg.io/tcgplayer/ecard2-H27,https://images.pokemontcg.io/ecard2/H27_hires.png,2026/08/08,2026/07/01,183.33,149.97999572753906,171.49000549316406,192.99000549316406,,,,,,94.4486,17.3025,88.5427,0.0,80.7334976196289,89.0041,98.1975,11.535,15.0647,17.4871,1.1535,2026-08-09
pl4-23,Omastar,normal,Arceus,23,Rare,Hajime Kusajima,Stage 2,139,Pokémon,2009/11/04,"tcgplayer,cardmarket",https://prices.pokemontcg.io/tcgplayer/pl4-23,https://images.pokemontcg.io/pl4/23_hires.png,2026/08/08,2026/06/27,2.73,1.2999999523162842,2.9000000953674316,30.399999618530273,,4.46,,,,0.7728,0.1384,0.6575,6.4596,0.57669997215271,0.7267,1.0266,5.1792,5.6522,3.4144,1.1535,2026-08-09
ex11-24,Mightyena δ,normal,Delta Species,24,Rare,Hajime Kusajima,Stage 1,262,Pokémon,2005/10/31,"tcgplayer,cardmarket",https://prices.pokemontcg.io/tcgplayer/ex11-24,https://images.pokemontcg.io/ex11/24_hires.png,2026/08/08,2026/06/28,9.49,9.989999771118164,14.880000114440918,93.0999984741211,,59.0,,,,12.2617,1.142,12.7923,14.338,4.59089994430542,15.3531,7.9245,6.7364,18.5367,21.7435,1.1535,2026-08-09
base1-23,Arcanine,normal,Base,23,Uncommon,Ken Sugimori,Stage 1,59,Pokémon,1999/01/09,"tcgplayer,cardmarket",https://prices.pokemontcg.io/tcgplayer/base1-23,https://images.pokemontcg.io/base1/23_hires.png,2026/08/08,2026/07/01,5.01,0.8600000143051147,2.6600000858306885,95.3499984741211,,,,,,4.7178,0.0577,5.7098,0.0,5.663700103759766,5.1331,4.8101,0.0577,3.2413,3.2413,1.1535,2026-08-09
sm10-17,Tangrowth,normal,Unbroken Bonds,17,Rare,kodama,Stage 1,465,Pokémon,2019/05/03,"tcgplayer,cardmarket",https://prices.pokemontcg.io/tcgplayer/sm10-17,https://images.pokemontcg.io/sm10/17_hires.png,2026/08/08,2026/06/08,0.44,0.1899999976158142,0.4399999976158142,19.979999542236328,,0.58,,,,0.4268,0.0692,0.3345,0.8882,0.34599998593330383,0.3576,0.4729,1.0958,0.8767,0.8536,1.1535,2026-08-09
base5-21,Dark Charizard,unlimited,Team Rocket,21,Rare,Ken Sugimori,Stage 2,6,Pokémon,2000/04/24,"tcgplayer,cardmarket",https://prices.pokemontcg.io/tcgplayer/base5-21,https://images.pokemontcg.io/base5/21_hires.png,2026/08/08,2026/07/01,89.89,41.9900016784668,73.25,1556.0899658203125,,,,,"{""1stEdition"": {""low"": 122.22, ""mid"": 219.97, ""high"": 1652.85, ""market"": 177.33, ""directLow"": null}}",69.5676,17.3025,80.7335,0.0,149.9550018310547,53.3378,65.588,11.535,33.613,29.0797,1.1535,2026-08-09
bw10-27,Tirtouga,normal,Plasma Blast,27,Uncommon,Midori Harada,Restored,564,Pokémon,2013/08/14,"tcgplayer,cardmarket",https://prices.pokemontcg.io/tcgplayer/bw10-27,https://images.pokemontcg.io/bw10/27_hires.png,2026/08/08,2026/05/14,1.14,0.3400000035762787,0.9700000286102295,19.979999542236328,,2.42,,,,0.3114,0.0231,0.3345,0.5191,0.11540000140666962,0.3114,0.496,0.5191,1.9956,1.661,1.1535,2026-08-09
xyp-XY15,Slurpuff,holofoil,XY Black Star Promos,XY15,Promo,Kagemaru Himeno,Stage 1,685,Pokémon,2013/10/12,"tcgplayer,cardmarket",https://prices.pokemontcg.io/tcgplayer/xyp-XY15,https://images.pokemontcg.io/xyp/XY15_hires.png,2026/08/08,2026/07/01,2.53,1.0,2.5199999809265137,105.54000091552734,,,,,,1.0151,0.346,1.3035,0.0,1.0151000022888184,1.142,1.0612,1.0728,1.2804,1.0612,1.1535,2026-08-09
base3-25,Lapras,unlimited,Fossil,25,Rare,Ken Sugimori,Basic,131,Pokémon,1999/10/10,"tcgplayer,cardmarket",https://prices.pokemontcg.io/tcgplayer/base3-25,https://images.pokemontcg.io/base3/25_hires.png,2026/08/08,2026/07/01,10.5,3.9800000190734863,5.25,125.2699966430664,,,,,"{""1stEdition"": {""low"": 13.75, ""mid"": 25.27, ""high"": 9999.0, ""market"": 25.42, ""directLow"": 50.54}}",11.1082,1.0381,11.2005,0.0,20.128599166870117,11.1313,10.8775,1.1535,4.7755,9.574,1.1535,2026-08-09
sm2-22,Alolan Ninetales-GX,holofoil,Guardians Rising,22,Rare Holo GX,5ban Graphics,Stage 1|GX,38,Pokémon,2017/05/05,"tcgplayer,cardmarket",https://prices.pokemontcg.io/tcgplayer/sm2-22,https://images.pokemontcg.io/sm2/22_hires.png,2026/08/08,2026/06/11,7.17,5.0,7.989999771118164,96.87000274658203,,,,,,4.5448,0.2307,5.4791,0.0,5.767499923706055,6.9095,4.9254,5.1215,3.8642,3.7143,1.1535,2026-08-09
basep-19,Sabrina's Abra,normal,Wizards Black Star Promos,19,Promo,Atsuko Nishida,Basic,63,Pokémon,1999/07/01,"tcgplayer,cardmarket",https://prices.pokemontcg.io/tcgplayer/basep-19,https://images.pokemontcg.io/basep/19_hires.png,2026/08/08,2026/07/01,50.45,38.93000030517578,49.9900016784668,469.3999938964844,,,,,,26.1383,10.3815,20.5438,0.0,14.995499610900879,16.7142,23.6698,5.0754,2.9876,2.9876,1.1535,2026-08-09
swsh2-18,Rillaboom VMAX,holofoil,Rebel Clash,18,Rare Holo VMAX,5ban Graphics,VMAX,812,Pokémon,2020/05/01,"tcgplayer,cardmarket",https://prices.pokemontcg.io/tcgplayer/swsh2-18,https://images.pokemontcg.io/swsh2/18_hires.png,2026/08/08,2026/06/18,2.23,1.4900000095367432,2.4200000762939453,31.25,,,,,,3.126,1.0381,2.2032,0.0,5.5945000648498535,3.126,3.126,5.7675,8.6282,8.6282,1.1535,2026-08-09
bwp-BW16,Axew,normal,BW Black Star Promos,BW16,Promo,Masakazu Fukuda,Basic,610,Pokémon,2011/03/01,"tcgplayer,cardmarket",https://prices.pokemontcg.io/tcgplayer/bwp-BW16,https://images.pokemontcg.io/bwp/BW16_hires.png,2026/08/08,2026/07/01,68.75,50.0,77.0,780.0,,,,,,6.3442,5.6522,25.8615,0.0,6.344200134277344,9.8048,24.8925,17.1871,5.7444,5.7444,1.1535,2026-08-09
hgss3-20,Rotom,normal,HS—Undaunted,20,Rare,MAHOU,Basic,479,Pokémon,2010/08/18,"tcgplayer,cardmarket",https://prices.pokemontcg.io/tcgplayer/hgss3-20,https://images.pokemontcg.io/hgss3/20_hires.png,2026/08/08,2026/06/27,9.92,13.279999732971191,15.0,52.20000076293945,,27.0,,,,1.1996,0.1154,1.142,0.0,1.4419000148773193,1.2342,1.0151,1.3842,1.9379,2.0763,1.1535,2026-08-09
bw5-19,Heatmor,normal,Dark Explorers,19,Rare,Mitsuhiro Arita,Basic,631,Pokémon,2012/05/09,"tcgplayer,cardmarket",https://prices.pokemontcg.io/tcgplayer/bw5-19,https://images.pokemontcg.io/bw5/19_hires.png,2026/08/08,2026/06/27,0.63,0.36000001430511475,0.5899999737739563,19.979999542236328,,1.32,,,,0.6575,0.0577,0.8997,2.8722,1.0958000421524048,1.0266,0.9805,4.5909,2.1801,2.1916,1.1535,2026-08-09
ex14-20,Grumpig,normal,Crystal Guardians,20,Rare,Mitsuhiro Arita,Stage 1,326,Pokémon,2006/08/01,"tcgplayer,cardmarket",https://prices.pokemontcg.io/tcgplayer/ex14-20,https://images.pokemontcg.io/ex14/20_hires.png,2026/08/08,2026/06/28,0.93,0.47999998927116394,0.9900000095367432,19.979999542236328,,18.41,,,,1.0035,0.2307,1.0035,4.6025,1.1303999423980713,1.1535,1.0151,1.7302,3.6797,5.6752,1.1535,2026-08-09
xy9-14,Emboar-EX,holofoil,BREAKpoint,14,Rare Holo EX,Eske Yoshinob,Basic|EX,500,Pokémon,2016/02/03,"tcgplayer,cardmarket",https://prices.pokemontcg.io/tcgplayer/xy9-14,https://images.pokemontcg.io/xy9/14_hires.png,2026/08/08,2026/06/27,3.13,1.5,2.5,29.989999771118164,,,,,,4.291,1.7302,5.1215,0.0,17.302499771118164,6.4135,4.6832,2.2493,4.2679,3.5528,1.1535,2026-08-09
swsh4-20,Orbeetle V,holofoil,Vivid Voltage,20,Rare Holo V,5ban Graphics,Basic|V,826,Pokémon,2020/11/13,"tcgplayer,cardmarket",https://prices.pokemontcg.io/tcgplayer/swsh4-20,https://images.pokemontcg.io/swsh4/20_hires.png,2026/08/08,2026/05/19,0.7,0.4000000059604645,0.9900000095367432,25.549999237060547,,,,,,0.6921,0.2307,0.8997,0.0,0.7613000273704529,0.7959,0.7036,1.488,1.4303,1.5688,1.1535,2026-08-09
ex12-26,Spinda,normal,Legend Maker,26,Rare,Motofumi Fujiwara,Basic,327,Pokémon,2006/02/01,"tcgplayer,cardmarket",https://prices.pokemontcg.io/tcgplayer/ex12-26,https://images.pokemontcg.io/ex12/26_hires.png,2026/08/08,2026/06/28,1.46,0.7799999713897705,1.4600000381469727,19.979999542236328,,37.66,,,,2.0071,0.0577,2.48,21.8934,1.499500036239624,1.5572,1.315,11.535,20.9822,12.4347,1.1535,2026-08-09
xy8-19,Quilava,normal,BREAKthrough,19,Uncommon,Shin Nagasawa,Stage 1,156,Pokémon,2015/11/04,"tcgplayer,cardmarket",https://prices.pokemontcg.io/tcgplayer/xy8-19,https://images.pokemontcg.io/xy8/19_hires.png,2026/08/08,2026/06/22,0.36,0.10000000149011612,0.33000001311302185,1000.0,,2.07,,,,0.2307,0.0231,0.0231,3.1029,0.20759999752044678,0.1961,0.5767,3.1029,2.157,1.5572,1.1535,2026-08-09
hgss1-26,Meganium,normal,HeartGold & SoulSilver,26,Rare,Shin Nagasawa,Stage 2,154,Pokémon,2010/02/10,"tcgplayer,cardmarket",https://prices.pokemontcg.io/tcgplayer/hgss1-26,https://images.pokemontcg.io/hgss1/26_hires.png,2026/08/08,2026/06/27,7.32,3.3499999046325684,7.989999771118164,509.94000244140625,,11.98,,,,5.283,0.2307,5.8252,5.1215,3.4028000831604004,5.3753,3.9219,6.4019,6.2866,5.5945,1.1535,2026-08-09
xy3-14,Blaziken,holofoil,Furious Fists,14,Rare Holo,PLANETA,Stage 2,257,Pokémon,2014/08/13,"tcgplayer,cardmarket",https://prices.pokemontcg.io/tcgplayer/xy3-14,https://images.pokemontcg.io/xy3/14_hires.png,2026/08/08,2026/06/27,3.6,1.25,2.0399999618530273,39.380001068115234,,5.88,,,,21.5243,6.921,14.661,0.0,12.677000045776367,16.3797,16.6681,5.1792,3.795,3.3221,1.1535,2026-08-09
bw2-16,Sawsbuck,normal,Emerging Powers,16,Rare,Kagemaru Himeno,Stage 1,586,Pokémon,2011/08/31,"tcgplayer,cardmarket",https://prices.pokemontcg.io/tcgplayer/bw2-16,https://images.pokemontcg.io/bw2/16_hires.png,2026/08/08,2026/07/01,2.33,0.949999988079071,1.4199999570846558,34.0,,5.2,,,,1.811,0.0577,1.6495,2.0417,0.8073999881744385,1.661,1.5111,1.0958,1.7418,1.8917,1.1535,2026-08-09
ecard1-15,Kingler,holofoil,Expedition Base Set,15,Rare Holo,Shin-ichi Yoshida,Stage 1,99,Pokémon,2002/09/15,"tcgplayer,cardmarket",https://prices.pokemontcg.io/tcgplayer/ecard1-15,https://images.pokemontcg.io/ecard1/15_hires.png,2026/08/08,2026/07/01,58.64,144.99000549316406,170.07000732421875,200.0,,45.04,,,,51.4461,3.4605,34.1897,12.1117,5.1331000328063965,37.1427,34.3974,2.8722,11.1313,11.0159,1.1535,2026-08-09
dp3-28,Golduck,normal,Secret Wonders,28,Rare,Ken Sugimori,Stage 1,55,Pokémon,2007/11/01,"tcgplayer,cardmarket",https://prices.pokemontcg.io/tcgplayer/dp3-28,https://images.pokemontcg.io/dp3/28_hires.png,2026/08/08,2026/06/14,0.91,0.6000000238418579,0.9200000166893005,19.979999542236328,,6.33,,,,0.9805,0.2768,1.1074,1.7533,1.6033999919891357,1.2689,1.0843,2.1916,1.9725,1.4188,1.1535,2026-08-09
bw1-21,Pansear,normal,Black & White,21,Common,match,Basic,513,Pokémon,2011/04/25,"tcgplayer,cardmarket",https://prices.pokemontcg.io/tcgplayer/bw1-21,https://images.pokemontcg.io/bw1/21_hires.png,2026/08/08,2026/06/21,0.21,0.029999999329447746,0.25,5.0,,0.58,,,,0.1154,0.0231,0.1384,1.0958,0.23070000112056732,0.1384,0.1154,0.7959,0.6575,0.9343,1.1535,2026-08-09
ex10-23,Elekid,normal,Unseen Forces,23,Rare,Yuka Morii,Basic,239,Pokémon,2005/08/01,"tcgplayer,cardmarket",https://prices.pokemontcg.io/tcgplayer/ex10-23,https://images.pokemontcg.io/ex10/23_hires.png,2026/08/08,2026/07/01,23.69,20.989999771118164,123.0,198.66000366210938,,80.43,,,,3.2413,0.4614,4.3833,26.8189,4.602499961853027,4.4179,3.6566,46.14,14.4764,10.1277,1.1535,2026-08-09
xy4-22,Alomomola,normal,Phantom Forces,22,Common,Kouki Saitou,Basic,594,Pokémon,2014/11/05,"tcgplayer,cardmarket",https://prices.pokemontcg.io/tcgplayer/xy4-22,https://images.pokemontcg.io/xy4/22_hires.png,2026/08/08,2026/06/18,0.19,0.09000000357627869,0.23000000417232513,1000.0,,0.54,,,,0.1961,0.0231,0.173,2.8491,0.28839999437332153,0.1846,0.1154,1.7187,1.165,0.7267,1.1535,2026-08-09
gym1-23,Brock's Sandslash,unlimited,Gym Heroes,23,Rare,Ken Sugimori,Stage 1,28,Pokémon,2000/08/14,"tcgplayer,cardmarket",https://prices.pokemontcg.io/tcgplayer/gym1-23,https://images.pokemontcg.io/gym1/23_hires.png,2026/08/08,2026/07/01,13.28,10.15999984741211,13.140000343322754,240.5399932861328,,,,,"{""1stEdition"": {""low"": 14.98, ""mid"": 23.44, ""high"": 244.7, ""market"": 22.75, ""directLow"": null}}",14.9263,4.614,12.6885,0.0,11.477299690246582,12.3886,14.4995,0.0,0.0,0.0,1.1535,2026-08-09
neo2-16,Wobbuffet,1stEditionHolofoil,Neo Discovery,16,Rare Holo,Hironobu Yoshida,Basic,202,Pokémon,2001/06/01,"tcgplayer,cardmarket",https://prices.pokemontcg.io/tcgplayer/neo2-16,https://images.pokemontcg.io/neo2/16_hires.png,2026/08/08,2026/07/01,104.74,199.99000549316406,249.99000549316406,1740.0,,,,,"{""unlimitedHolofoil"": {""low"": 27.35, ""mid"": 83.5, ""high"": 302.05, ""market"": 29.75, ""directLow"": 198.16}}",45.4018,2.8838,12.9192,0.0,8.016799926757812,30.1756,38.7691,8.6512,10.4392,14.7302,1.1535,2026-08-09
dp1-24,Drifblim,normal,Diamond & Pearl,24,Rare,Mitsuhiro Arita,Stage 1,426,Pokémon,2007/05/01,"tcgplayer,cardmarket",https://prices.pokemontcg.io/tcgplayer/dp1-24,https://images.pokemontcg.io/dp1/24_hires.png,2026/08/08,2026/06/27,1.59,0.8700000047683716,1.590000033378601,26.100000381469727,,4.29,,,,0.819,0.1038,1.1074,1.4649,2.237799882888794,0.8074,1.1074,4.0257,1.5572,1.4995,1.1535,2026-08-09
base2-17,Clefable,unlimited,Jungle,17,Rare,Mitsuhiro Arita,Stage 1,36,Pokémon,1999/06/16,"tcgplayer,cardmarket",https://prices.pokemontcg.io/tcgplayer/base2-17,https://images.pokemontcg.io/base2/17_hires.png,2026/08/08,2026/07/01,7.11,2.7799999713897705,5.0,4318.77001953125,,,,,"{""1stEdition"": {""low"": 8.73, ""mid"": 14.65, ""high"": 155.5, ""market"": 14.74, ""directLow"": null}}",6.1482,0.8651,6.1251,0.0,10.058500289916992,4.8332,5.5137,2.8838,13.2652,12.031,1.1535,2026-08-09
pop2-17,Celebi ex,normal,POP Series 2,17,Rare,Ryo Ueda,Basic|ex,251,Pokémon,2005/08/01,"tcgplayer,cardmarket",https://prices.pokemontcg.io/tcgplayer/pop2-17,https://images.pokemontcg.io/pop2/17_hires.png,2026/08/08,2026/07/01,60.9,99.98999786376953,142.0,598.5,,,,,,27.361,5.756,25.873,0.0,20.75149917602539,34.7665,40.1187,2.307,6.9787,8.582,1.1535,2026-08-09
dp2-17,Tyranitar,holofoil,Mysterious Treasures,17,Rare Holo,Masakazu Fukuda,Stage 2,248,Pokémon,2007/08/01,"tcgplayer,cardmarket",https://prices.pokemontcg.io/tcgplayer/dp2-17,https://images.pokemontcg.io/dp2/17_hires.png,2026/08/08,2026/06/30,33.11,17.719999313354492,50.400001525878906,367.5400085449219,,31.04,,,,9.2741,0.8651,5.4445,6.575,3.4605000019073486,8.5359,7.7169,7.4977,7.9707,5.26,1.1535,2026-08-09
xy11-27,Mantine,normal,Steam Siege,27,Common,DemizuPosuka,Basic,226,Pokémon,2016/08/03,"tcgplayer,cardmarket",https://prices.pokemontcg.io/tcgplayer/xy11-27,https://images.pokemontcg.io/xy11/27_hires.png,2026/08/08,2026/06/22,0.17,0.029999999329447746,0.20999999344348907,1000.0,,0.44,,,,0.0807,0.0231,0.0577,0.2307,0.03460000082850456,0.0692,0.0923,1.1535,0.5191,0.346,1.1535,2026-08-09
swsh3-17,Wimpod,normal,Darkness Ablaze,17,Common,MAHOU,Basic,767,Pokémon,2020/08/14,"tcgplayer,cardmarket",https://prices.pokemontcg.io/tcgplayer/swsh3-17,https://images.pokemontcg.io/swsh3/17_hires.png,2026/08/08,2026/06/27,0.04,0.009999999776482582,0.15000000596046448,25.049999237060547,,0.27,,,,0.0807,0.0231,0.0692,0.4614,0.03460000082850456,0.0577,0.0461,0.5767,0.4268,0.2538,1.1535,2026-08-09
ex8-23,Sableye,normal,Deoxys,23,Rare,Aya Kusube,Basic,302,Pokémon,2005/02/01,"tcgplayer,cardmarket",https://prices.pokemontcg.io/tcgplayer/ex8-23,https://images.pokemontcg.io/ex8/23_hires.png,2026/08/08,2026/07/01,37.75,30.0,41.09000015258789,149.0,,174.3,,,,15.4454,1.0381,15.7683,111.4973,7.682300090789795,12.354,10.9698,138.4085,123.1015,106.7795,1.1535,2026-08-09
ex6-18,Arcanine,normal,FireRed & LeafGreen,18,Rare,Ken Sugimori,Stage 1,59,Pokémon,2004/09/01,"tcgplayer,cardmarket",https://prices.pokemontcg.io/tcgplayer/ex6-18,https://images.pokemontcg.io/ex6/18_hires.png,2026/08/08,2026/07/01,1.89,0.7400000095367432,1.7899999618530273,42.4900016784668,,85.3,,,,1.811,0.0231,1.3265,41.8144,0.5997999906539917,1.488,2.0071,57.675,33.1516,26.2191,1.1535,2026-08-09
ecard3-H20,Moltres,holofoil,Skyridge,H20,Rare Holo,Kouki Saitou,Basic,146,Pokémon,2003/05/12,"tcgplayer,cardmarket",https://prices.pokemontcg.io/tcgplayer/ecard3-H20,https://images.pokemontcg.io/ecard3/H20_hires.png,2026/07/15,2026/07/01,338.0,299.989990234375,299.989990234375,299.989990234375,,,,,,163.797,17.3025,150.0242,0.0,167.25750732421875,157.7411,190.4659,40.361,63.1772,65.2304,1.1535,2026-08-09
bw9-22,Quagsire,normal,Plasma Freeze,22,Rare,Atsuko Nishida,Stage 1,195,Pokémon,2013/05/08,"tcgplayer,cardmarket",https://prices.pokemontcg.io/tcgplayer/bw9-22,https://images.pokemontcg.io/bw9/22_hires.png,2026/08/08,2026/06/22,4.92,4.800000190734863,10.289999961853027,58.290000915527344,,14.24,,,,1.2804,0.0231,1.4649,2.307,1.4765000343322754,1.2804,1.2804,2.307,2.4108,2.2839,1.1535,2026-08-09
hgss2-22,Primeape,normal,HS—Unleashed,22,Rare,Sachiko Adachi,Stage 1,57,Pokémon,2010/05/12,"tcgplayer,cardmarket",https://prices.pokemontcg.io/tcgplayer/hgss2-22,https://images.pokemontcg.io/hgss2/22_hires.png,2026/08/08,2026/06/25,2.02,1.9500000476837158,4.260000228881836,26.299999237060547,,25.0,,,,0.6921,0.0231,0.4729,2.4685,0.23070000112056732,0.8074,0.8536,1.1535,2.2839,2.5262,1.1535,2026-08-09
neo4-24,Light Ledian,unlimited,Neo Destiny,24,Rare,Tomokazu Komiya,Stage 1,166,Pokémon,2002/02/28,"tcgplayer,cardmarket",https://prices.pokemontcg.io/tcgplayer/neo4-24,https://images.pokemontcg.io/neo4/24_hires.png,2026/08/08,2026/07/01,17.48,10.229999542236328,16.84000015258789,123.0,,,,,"{""1stEdition"": {""low"": 23.45, ""mid"": 39.95, ""high"": 279.4, ""market"": 32.46, ""directLow"": null}}",12.2156,2.307,11.685,0.0,14.937800407409668,8.9281,11.362,0.0,0.0,0.0,1.1535,2026-08-09
dp6-15,Regigigas,holofoil,Legends Awakened,15,Rare Holo,Ryo Ueda,Basic,486,Pokémon,2008/08/01,"tcgplayer,cardmarket",https://prices.pokemontcg.io/tcgplayer/dp6-15,https://images.pokemontcg.io/dp6/15_hires.png,2026/08/08,2026/06/30,11.81,10.789999961853027,14.600000381469727,95.0,,10.79,,,,5.0293,1.142,5.4099,6.0443,5.190700054168701,5.3176,5.7098,1.2458,4.614,5.2254,1.1535,2026-08-09
xy7-25,Kyurem-EX,holofoil,Ancient Origins,25,Rare Holo EX,PLANETA,Basic|EX,646,Pokémon,2015/08/12,"tcgplayer,cardmarket",https://prices.pokemontcg.io/tcgplayer/xy7-25,https://images.pokemontcg.io/xy7/25_hires.png,2026/08/08,2026/05/27,4.59,3.0,4.610000133514404,32.400001525878906,,,,,,7.0133,0.5652,7.4516,0.0,5.767499923706055,6.6557,6.771,4.3256,2.9414,4.3141,1.1535,2026-08-09
sm115-25,Ekans,normal,Hidden Fates,25,Common,MAHOU,Basic,23,Pokémon,2019/08/23,"tcgplayer,cardmarket",https://prices.pokemontcg.io/tcgplayer/sm115-25,https://images.pokemontcg.io/sm115/25_hires.png,2026/08/08,2026/06/21,0.13,0.019999999552965164,0.20000000298023224,18.920000076293945,,0.42,,,,0.0807,0.0231,0.0807,0.346,0.219200000166893,0.0807,0.0807,0.173,0.2884,0.3114,1.1535,2026-08-09
base5-22,Dark Dragonite,unlimited,Team Rocket,22,Rare,Mitsuhiro Arita,Stage 2,149,Pokémon,2000/04/24,"tcgplayer,cardmarket",https://prices.pokemontcg.io/tcgplayer/base5-22,https://images.pokemontcg.io/base5/22_hires.png,2026/08/08,2026/07/01,38.43,18.0,31.649999618530273,9999.0,,,,,"{""1stEdition"": {""low"": 54.99, ""mid"": 72.76, ""high"": 939.1, ""market"": 73.67, ""directLow"": null}}",25.1232,2.8838,31.5136,0.0,16.14900016784668,35.9546,28.2723,16.0337,36.3237,17.1871,1.1535,2026-08-09
sm10-18,Grubbin,normal,Unbroken Bonds,18,Common,Yuka Morii,Basic,736,Pokémon,2019/05/03,"tcgplayer,cardmarket",https://prices.pokemontcg.io/tcgplayer/sm10-18,https://images.pokemontcg.io/sm10/18_hires.png,2026/08/08,2026/06/08,0.41,0.15000000596046448,0.47999998927116394,19.979999542236328,,1.41,,,,0.2653,0.0231,0.3576,0.5306,0.8190000057220459,0.2768,0.2422,0.5767,0.5421,0.5191,1.1535,2026-08-09
ex13-22,Latios δ,normal,Holon Phantoms,22,Rare,Masakazu Fukuda,Basic,381,Pokémon,2006/05/01,"tcgplayer,cardmarket",https://prices.pokemontcg.io/tcgplayer/ex13-22,https://images.pokemontcg.io/ex13/22_hires.png,2026/08/08,2026/07/01,15.42,9.989999771118164,22.0,129.89999389648438,,109.99,,,,7.7515,0.7498,7.0825,39.369,5.709799766540527,8.1091,7.3132,28.7106,29.6796,36.266,1.1535,2026-08-09
ex10-24,Hitmonchan,normal,Unseen Forces,24,Rare,Hisao Nakamura,Basic,107,Pokémon,2005/08/01,"tcgplayer,cardmarket",https://prices.pokemontcg.io/tcgplayer/ex10-24,https://images.pokemontcg.io/ex10/24_hires.png,2026/08/08,2026/07/01,6.31,1.9900000095367432,4.800000190734863,126.02999877929688,,29.99,,,,2.6877,0.173,2.953,11.9618,7.151700019836426,3.3913,3.0798,11.535,11.1313,17.1295,1.1535,2026-08-09
xyp-XY16,Gogoat,holofoil,XY Black Star Promos,XY16,Promo,5ban Graphics,Stage 1,673,Pokémon,2013/10/12,"tcgplayer,cardmarket",https://prices.pokemontcg.io/tcgplayer/xyp-XY16,https://images.pokemontcg.io/xyp/XY16_hires.png,2026/08/08,2026/07/01,5.82,0.9900000095367432,4.0,51.79999923706055,,,,,,4.9831,5.756,7.0248,0.0,6.9095001220703125,6.2635,7.0479,8.0745,7.4747,6.3212,1.1535,2026-08-09
swshp-SWSH015,Cinderace V,holofoil,SWSH Black Star Promos,SWSH015,Promo,5ban Graphics,Basic|V,815,Pokémon,2019/11/15,"tcgplayer,cardmarket",https://prices.pokemontcg.io/tcgplayer/swshp-SWSH015,https://images.pokemontcg.io/swshp/SWSH015_hires.png,2026/08/08,2026/06/20,0.92,0.30000001192092896,1.0,15.970000267028809,,,,,,1.7649,0.2076,1.6495,0.0,1.7187000513076782,1.8802,1.6495,1.142,1.4303,1.811,1.1535,2026-08-09
pl1-24,Dugtrio,normal,Platinum,24,Rare,Sumiyoshi Kizuki,Stage 1,51,Pokémon,2009/02/11,"tcgplayer,cardmarket",https://prices.pokemontcg.io/tcgplayer/pl1-24,https://images.pokemontcg.io/pl1/24_hires.png,2026/08/08,2026/06/27,0.72,0.3400000035762787,0.7799999713897705,19.979999542236328,,3.3,,,,0.4614,0.0231,0.4614,2.8953,0.28839999437332153,0.6229,0.4729,2.307,2.6761,1.6034,1.1535,2026-08-09
base6-22,Electrode,normal,Legendary Collection,22,Rare,Mitsuhiro Arita,Stage 1,101,Pokémon,2002/05/24,"tcgplayer,cardmarket",https://prices.pokemontcg.io/tcgplayer/base6-22,https://images.pokemontcg.io/base6/22_hires.png,2026/08/08,2026/07/01,3.83,2.4000000953674316,3.5,45.5,,70.77,,,,2.63,0.8074,3.2644,36.8774,5.1331000328063965,3.126,2.976,34.4896,55.0104,54.1799,1.1535,2026-08-09
dp7-15,Drapion,normal,Stormfront,15,Rare,Kent Kanetsuna,Stage 1,452,Pokémon,2008/11/01,"tcgplayer,cardmarket",https://prices.pokemontcg.io/tcgplayer/dp7-15,https://images.pokemontcg.io/dp7/15_hires.png,2026/08/08,2026/07/01,1.14,0.5600000023841858,1.0,19.979999542236328,,1.71,,,,0.8767,0.0577,0.8651,2.4454,0.3921999931335449,0.9689,0.9574,1.1189,2.0994,1.6841,1.1535,2026-08-09
mcd12-4,Pignite,holofoil,McDonald's Collection 2012,4,,Kouki Saitou,Stage 1,499,Pokémon,2012/06/15,"tcgplayer,cardmarket",https://prices.pokemontcg.io/tcgplayer/mcd12-4,https://images.pokemontcg.io/mcd12/4_hires.png,2026/08/08,2026/07/01,12.87,4.71999979019165,12.579999923706055,228.25999450683594,,,,,,6.9095,5.7675,20.2324,0.0,6.9095001220703125,18.606,17.1179,5.7675,6.1482,6.1482,1.1535,2026-08-09
bw5-20,Larvesta,normal,Dark Explorers,20,Common,match,Basic,636,Pokémon,2012/05/09,"tcgplayer,cardmarket",https://prices.pokemontcg.io/tcgplayer/bw5-20,https://images.pokemontcg.io/bw5/20_hires.png,2026/08/08,2026/06/27,0.36,0.10000000149011612,0.3199999928474426,19.18000030517578,,2.66,,,,0.2307,0.0231,0.2768,0.5767,0.10379999876022339,0.2422,0.2422,0.5767,0.8305,0.7728,1.1535,2026-08-09
col1-26,Granbull,normal,Call of Legends,26,Rare,Mizue,Stage 1,210,Pokémon,2011/02/09,"tcgplayer,cardmarket",https://prices.pokemontcg.io/tcgplayer/col1-26,https://images.pokemontcg.io/col1/26_hires.png,2026/08/08,2026/06/27,0.82,0.36000001430511475,0.6700000166893005,19.979999542236328,,3.03,,,,1.315,0.1154,1.5918,3.449,0.7152000069618225,1.811,1.2804,3.449,3.3336,4.7755,1.1535,2026-08-09
sm35-14,Reshiram,holofoil,Shining Legends,14,Rare Holo,TOKIYA,Basic,643,Pokémon,2017/10/06,"tcgplayer,cardmarket",https://prices.pokemontcg.io/tcgplayer/sm35-14,https://images.pokemontcg.io/sm35/14_hires.png,2026/08/08,2026/07/01,0.53,0.25,0.5899999737739563,19.979999542236328,,1.14,,,,0.4153,0.1154,0.5306,1.5457,0.3230000138282776,0.5883,0.4845,0.5537,1.5572,1.9609,1.1535,2026-08-09
xy2-29,Floatzel,normal,Flashfire,29,Rare,Kanako Eo,Stage 1,419,Pokémon,2014/05/07,"tcgplayer,cardmarket",https://prices.pokemontcg.io/tcgplayer/xy2-29,https://images.pokemontcg.io/xy2/29_hires.png,2026/08/08,2026/03/11,0.5,0.20000000298023224,0.47999998927116394,29.989999771118164,,0.94,,,,0.4153,0.0231,0.3576,1.8456,0.23070000112056732,0.3922,0.4729,1.3842,1.5918,0.992,1.1535,2026-08-09
gym2-26,Koga's Muk,unlimited,Gym Challenge,26,Rare,Ken Sugimori,Stage 1,89,Pokémon,2000/10/16,"tcgplayer,cardmarket",https://prices.pokemontcg.io/tcgplayer/gym2-26,https://images.pokemontcg.io/gym2/26_hires.png,2026/08/08,2026/07/01,11.98,8.0,12.0,127.06999969482422,,,,,"{""1stEdition"": {""low"": 13.48, ""mid"": 18.9, ""high"": 202.8, ""market"": 16.31, ""directLow"": null}}",27.1303,2.307,34.5358,0.0,3.7950000762939453,42.2758,18.3868,1.7187,2.0417,2.0417,1.1535,2026-08-09
dp3-29,Golem,normal,Secret Wonders,29,Rare,Naoyo Kimura,Stage 2,76,Pokémon,2007/11/01,"tcgplayer,cardmarket",https://prices.pokemontcg.io/tcgplayer/dp3-29,https://images.pokemontcg.io/dp3/29_hires.png,2026/08/08,2026/06/14,1.95,0.8399999737739563,1.909999966621399,28.100000381469727,,2.26,,,,1.0381,0.0577,0.7613,1.8917,0.5651999711990356,0.8536,1.1304,0.6229,2.48,2.5492,1.1535,2026-08-09
sm3-22,Pansear,normal,Burning Shadows,22,Common,Miki Tanaka,Basic,513,Pokémon,2017/08/05,"tcgplayer,cardmarket",https://prices.pokemontcg.io/tcgplayer/sm3-22,https://images.pokemontcg.io/sm3/22_hires.png,2026/08/08,2026/06/08,0.06,0.009999999776482582,0.20000000298023224,19.979999542236328,,0.24,,,,0.0577,0.0231,0.0461,0.15,0.04610000178217888,0.0461,0.0461,0.1154,0.1154,0.173,1.1535,2026-08-09
ex11-25,Porygon2,normal,Delta Species,25,Rare,Hisao Nakamura,Stage 1,233,Pokémon,2005/10/31,"tcgplayer,cardmarket",https://prices.pokemontcg.io/tcgplayer/ex11-25,https://images.pokemontcg.io/ex11/25_hires.png,2026/08/08,2026/06/28,3.25,2.180000066757202,3.25,40.400001525878906,,35.47,,,,0.9113,0.0577,1.5457,10.716,0.46140000224113464,1.2919,1.165,6.9095,10.37,12.6193,1.1535,2026-08-09
ex7-25,Misdreavus,normal,Team Rocket Returns,25,Rare,Aya Kusube,Basic,200,Pokémon,2004/11/01,"tcgplayer,cardmarket",https://prices.pokemontcg.io/tcgplayer/ex7-25,https://images.pokemontcg.io/ex7/25_hires.png,2026/08/08,2026/07/01,3.42,2.549999952316284,4.039999961853027,48.400001525878906,,62.4,,,,7.0479,0.2307,0.0231,34.605,2.0185999870300293,6.5519,20.4862,23.0585,37.6272,33.4054,1.1535,2026-08-09
sm6-19,Pyroar,holofoil,Forbidden Light,19,Rare Holo,Mitsuhiro Arita,Stage 1,668,Pokémon,2018/05/04,"tcgplayer,cardmarket",https://prices.pokemontcg.io/tcgplayer/sm6-19,https://images.pokemontcg.io/sm6/19_hires.png,2026/08/08,2026/06/08,0.57,0.3499999940395355,0.5899999737739563,2.7899999618530273,,0.62,,,,0.5537,0.0577,0.7613,0.6806,0.5997999906539917,0.5883,0.7613,2.2955,0.8421,0.8305,1.1535,2026-08-09
swsh2-19,Eldegoss V,holofoil,Rebel Clash,19,Rare Holo V,5ban Graphics,Basic|V,830,Pokémon,2020/05/01,"tcgplayer,cardmarket",https://prices.pokemontcg.io/tcgplayer/swsh2-19,https://images.pokemontcg.io/swsh2/19_hires.png,2026/08/08,2026/06/18,0.96,0.49000000953674316,1.0499999523162842,19.979999542236328,,,,,,1.2342,0.2307,1.1766,0.0,1.153499960899353,1.4765,1.2919,2.5492,3.1837,2.8376,1.1535,2026-08-09
ex3-24,Camerupt,normal,Dragon,24,Uncommon,Naoyo Kimura,Stage 1,323,Pokémon,2003/11/24,"tcgplayer,cardmarket",https://prices.pokemontcg.io/tcgplayer/ex3-24,https://images.pokemontcg.io/ex3/24_hires.png,2026/08/08,2026/07/01,0.57,0.20000000298023224,0.5699999928474426,20.579999923706055,,6.83,,,,0.8305,0.0231,0.9574,6.0789,0.6114000082015991,0.7728,0.6921,6.921,4.9485,4.0719,1.1535,2026-08-09
bw6-26,Wailord,holofoil,Dragons Exalted,26,Rare Holo,match,Stage 1,321,Pokémon,2012/08/15,"tcgplayer,cardmarket",https://prices.pokemontcg.io/tcgplayer/bw6-26,https://images.pokemontcg.io/bw6/26_hires.png,2026/08/08,2026/06/25,3.47,2.430000066757202,3.430000066757202,28.399999618530273,,3.84,,,,2.6877,0.2884,3.4374,3.449,6.9095001220703125,2.9068,3.0798,3.449,2.7223,3.2183,1.1535,2026-08-09
dp6-16,Spiritomb,holofoil,Legends Awakened,16,Rare Holo,Ryo Ueda,Basic,442,Pokémon,2008/08/01,"tcgplayer,cardmarket",https://prices.pokemontcg.io/tcgplayer/dp6-16,https://images.pokemontcg.io/dp6/16_hires.png,2026/08/08,2026/06/27,12.75,7.199999809265137,10.0,19.989999771118164,,11.0,,,,4.3141,0.4268,4.3487,2.9876,3.4605000019073486,4.5563,3.6105,5.7675,3.1721,3.3798,1.1535,2026-08-09
sm4-17,Magikarp,normal,Crimson Invasion,17,Common,TOKIYA,Basic,129,Pokémon,2017/11/03,"tcgplayer,cardmarket",https://prices.pokemontcg.io/tcgplayer/sm4-17,https://images.pokemontcg.io/sm4/17_hires.png,2026/08/08,2026/06/21,0.34,0.09000000357627869,0.36000001430511475,19.299999237060547,,1.57,,,,0.1615,0.0231,0.15,0.5998,0.12690000236034393,0.1384,0.173,0.8997,0.6921,0.7613,1.1535,2026-08-09
bw7-25,Pignite,normal,Boundaries Crossed,25,Uncommon,Shin Nagasawa,Stage 1,499,Pokémon,2012/11/07,"tcgplayer,cardmarket",https://prices.pokemontcg.io/tcgplayer/bw7-25,https://images.pokemontcg.io/bw7/25_hires.png,2026/08/08,2026/06/18,1.03,0.3700000047683716,1.0499999523162842,96.94000244140625,,3.49,,,,0.2422,0.0231,0.5998,1.142,0.28839999437332153,0.3576,0.4845,0.9228,1.5572,1.2573,1.1535,2026-08-09
swsh3-18,Golisopod,holofoil,Darkness Ablaze,18,Rare Holo,Ryuta Fuse,Stage 1,768,Pokémon,2020/08/14,"tcgplayer,cardmarket",https://prices.pokemontcg.io/tcgplayer/swsh3-18,https://images.pokemontcg.io/swsh3/18_hires.png,2026/08/08,2026/06/27,0.29,0.03999999910593033,0.30000001192092896,19.979999542236328,,0.38,,,,0.5306,0.0346,0.6344,0.9343,0.36910000443458557,0.7152,0.4499,1.142,1.0266,0.8651,1.1535,2026-08-09
g1-14,Ponyta,normal,Generations,14,Common,Tomokazu Komiya,Basic,77,Pokémon,2016/02/22,"tcgplayer,cardmarket",https://prices.pokemontcg.io/tcgplayer/g1-14,https://images.pokemontcg.io/g1/14_hires.png,2026/08/08,2026/07/01,0.35,0.17000000178813934,0.3499999940395355,19.979999542236328,,2.72,,,,0.323,0.0231,0.1384,2.307,0.03460000082850456,0.2192,0.2538,2.8607,2.4224,2.0417,1.1535,2026-08-09
xy6-21,Voltorb,normal,Roaring Skies,21,Common,Suwama Chiaki,Basic,100,Pokémon,2015/05/06,"tcgplayer,cardmarket",https://prices.pokemontcg.io/tcgplayer/xy6-21,https://images.pokemontcg.io/xy6/21_hires.png,2026/08/08,2026/06/18,0.1,0.009999999776482582,0.20000000298023224,1000.0,,0.44,,,,0.1269,0.0231,0.1961,0.5306,0.3345000147819519,0.1384,0.1154,0.9459,0.5652,0.7382,1.1535,2026-08-09
ex16-15,Lanturn,normal,Power Keepers,15,Rare,Midori Harada,Stage 1,171,Pokémon,2007/02/02,"tcgplayer,cardmarket",https://prices.pokemontcg.io/tcgplayer/ex16-15,https://images.pokemontcg.io/ex16/15_hires.png,2026/08/08,2026/07/01,1.2,0.4000000059604645,0.9900000095367432,18.0,,20.0,,,,1.1304,0.173,1.2804,3.9796,0.51910001039505,1.4303,1.2573,8.6512,5.4676,4.9831,1.1535,2026-08-09
ex5-17,Chimecho,normal,Hidden Legends,17,Rare,Miki Tanaka,Basic,358,Pokémon,2004/06/01,"tcgplayer,cardmarket",https://prices.pokemontcg.io/tcgplayer/ex5-17,https://images.pokemontcg.io/ex5/17_hires.png,2026/08/08,2026/07/01,1.61,1.149999976158142,1.6299999952316284,95.62999725341797,,5.51,,,,1.2227,0.1154,1.5457,16.5297,1.7302000522613525,1.4188,1.2458,11.535,11.4081,6.6788,1.1535,2026-08-09
xy1-24,Fennekin,normal,XY,24,Common,5ban Graphics,Basic,653,Pokémon,2014/02/05,"tcgplayer,cardmarket",https://prices.pokemontcg.io/tcgplayer/xy1-24,https://images.pokemontcg.io/xy1/24_hires.png,2026/08/08,2026/05/25,0.31,0.10000000149011612,0.30000001192092896,9.989999771118164,,0.63,,,,0.1961,0.0231,0.1846,1.0381,0.4383000135421753,0.2076,0.173,0.8651,1.0728,0.8997,1.1535,2026-08-09
bw3-18,Heatmor,normal,Noble Victories,18,Uncommon,Kouki Saitou,Basic,631,Pokémon,2011/11/16,"tcgplayer,cardmarket",https://prices.pokemontcg.io/tcgplayer/bw3-18,https://images.pokemontcg.io/bw3/18_hires.png,2026/08/08,2026/06/22,0.33,0.15000000596046448,0.4000000059604645,19.979999542236328,,0.96,,,,0.6575,0.0231,0.323,0.4037,0.34599998593330383,0.6344,0.5306,0.4037,1.0266,0.8651,1.1535,2026-08-09
ex1-16,Breloom,normal,Ruby & Sapphire,16,Rare,Ken Sugimori,Stage 1,286,Pokémon,2003/07/01,"tcgplayer,cardmarket",https://prices.pokemontcg.io/tcgplayer/ex1-16,https://images.pokemontcg.io/ex1/16_hires.png,2026/08/08,2026/07/01,2.07,0.8999999761581421,2.0,30.799999237060547,,17.33,,,,1.0497,0.0577,0.8421,5.5368,0.57669997215271,1.2689,1.0497,2.8838,8.3629,5.8367,1.1535,2026-08-09
bw1-22,Simisear,normal,Black & White,22,Uncommon,Shin Nagasawa,Stage 1,514,Pokémon,2011/04/25,"tcgplayer,cardmarket",https://prices.pokemontcg.io/tcgplayer/bw1-22,https://images.pokemontcg.io/bw1/22_hires.png,2026/08/08,2026/06/18,0.28,0.10000000149011612,0.27000001072883606,1.4900000095367432,,0.58,,,,0.3114,0.0231,0.2884,0.5652,0.19609999656677246,0.346,0.2653,0.5767,0.5652,1.2689,1.1535,2026-08-09
ex14-21,Igglybuff,normal,Crystal Guardians,21,Rare,Miki Tanaka,Basic,174,Pokémon,2006/08/01,"tcgplayer,cardmarket",https://prices.pokemontcg.io/tcgplayer/ex14-21,https://images.pokemontcg.io/ex14/21_hires.png,2026/08/08,2026/06/27,6.46,4.690000057220459,7.130000114440918,70.0,,34.64,,,,2.7107,0.5767,2.2955,9.8048,3.1837000846862793,2.9068,2.9184,13.842,10.7968,8.2591,1.1535,2026-08-09
sm7-20,Cacturne,normal,Celestial Storm,20,Uncommon,Atsuko Nishida,Stage 1,332,Pokémon,2018/08/03,"tcgplayer,cardmarket",https://prices.pokemontcg.io/tcgplayer/sm7-20,https://images.pokemontcg.io/sm7/20_hires.png,2026/08/08,2026/06/08,0.27,0.15000000596046448,0.28999999165534973,19.979999542236328,,0.43,,,,0.1615,0.0231,0.2076,0.2999,0.219200000166893,0.2653,0.1846,0.4614,0.4614,0.669,1.1535,2026-08-09
dp5-16,Bronzong,normal,Majestic Dawn,16,Rare,Kouki Saitou,Stage 1,437,Pokémon,2008/05/01,"tcgplayer,cardmarket",https://prices.pokemontcg.io/tcgplayer/dp5-16,https://images.pokemontcg.io/dp5/16_hires.png,2026/08/08,2026/07/01,1.71,0.9900000095367432,1.5,19.979999542236328,,8.37,,,,1.0151,0.1154,1.3842,2.6992,1.3265000581741333,1.1304,1.0381,5.4215,2.4224,1.8802,1.1535,2026-08-09
base1-24,Charmeleon,normal,Base,24,Uncommon,Mitsuhiro Arita,Stage 1,5,Pokémon,1999/01/09,"tcgplayer,cardmarket",https://prices.pokemontcg.io/tcgplayer/base1-24,https://images.pokemontcg.io/base1/24_hires.png,2026/08/08,2026/07/01,3.0,0.25,1.309999942779541,15.739999771118164,,,,,,2.7223,0.0231,5.2138,0.0,30.2908992767334,6.9556,3.7258,6.3442,12.2732,9.055,1.1535,2026-08-09
sm2-23,Tentacool,normal,Guardians Rising,23,Common,Shibuzoh.,Basic,72,Pokémon,2017/05/05,"tcgplayer,cardmarket",https://prices.pokemontcg.io/tcgplayer/sm2-23,https://images.pokemontcg.io/sm2/23_hires.png,2026/08/08,2026/06/11,0.14,0.009999999776482582,0.20000000298023224,19.979999542236328,,0.33,,,,0.0807,0.0231,0.0577,0.3691,0.05770000070333481,0.0692,0.0692,0.8651,0.4499,0.3807,1.1535,2026-08-09
sm12-25,Flareon,normal,Cosmic Eclipse,25,Uncommon,AKIRA EGAWA,Stage 1,136,Pokémon,2019/11/01,"tcgplayer,cardmarket",https://prices.pokemontcg.io/tcgplayer/sm12-25,https://images.pokemontcg.io/sm12/25_hires.png,2026/08/08,2026/05/07,0.87,0.25,1.0,19.979999542236328,,6.44,,,,0.7152,0.0577,0.7959,5.283,0.57669997215271,0.646,0.7613,5.756,5.8482,5.5368,1.1535,2026-08-09
hgss2-23,Roserade,normal,HS—Unleashed,23,Rare,Takashi Yamaguchi,Stage 1,407,Pokémon,2010/05/12,"tcgplayer,cardmarket",https://prices.pokemontcg.io/tcgplayer/hgss2-23,https://images.pokemontcg.io/hgss2/23_hires.png,2026/08/08,2026/06/25,0.79,0.4000000059604645,0.699999988079071,19.979999542236328,,6.12,,,,0.4268,0.0231,0.3922,2.307,0.8073999881744385,0.4268,0.4845,2.307,1.3496,2.5608,1.1535,2026-08-09
xy5-24,Magcargo,normal,Primal Clash,24,Rare,Kagemaru Himeno,Stage 1,219,Pokémon,2015/02/04,"tcgplayer,cardmarket",https://prices.pokemontcg.io/tcgplayer/xy5-24,https://images.pokemontcg.io/xy5/24_hires.png,2026/08/08,2026/06/11,0.87,0.49000000953674316,0.9800000190734863,18.559999465942383,,2.18,,,,1.5803,0.5767,1.8225,17.1871,1.2111999988555908,1.7995,1.7187,1.3842,4.8908,3.8181,1.1535,2026-08-09
pl4-24,Pelipper,normal,Arceus,24,Rare,Miki Tanaka,Stage 1,279,Pokémon,2009/11/04,"tcgplayer,cardmarket",https://prices.pokemontcg.io/tcgplayer/pl4-24,https://images.pokemontcg.io/pl4/24_hires.png,2026/08/08,2026/06/27,0.84,0.3799999952316284,0.699999988079071,19.979999542236328,,2.3,,,,0.7382,0.1384,0.6114,2.3647,0.34599998593330383,0.8074,0.646,0.323,2.2493,2.134,1.1535,2026-08-09
sm8-22,Sceptile-GX,holofoil,Lost Thunder,22,Rare Holo GX,Yoshinobu Saito,Stage 2|GX,254,Pokémon,2018/11/02,"tcgplayer,cardmarket",https://prices.pokemontcg.io/tcgplayer/sm8-22,https://images.pokemontcg.io/sm8/22_hires.png,2026/08/08,2026/05/31,10.3,6.400000095367432,10.279999732971191,894.0399780273438,,,,,,8.3513,0.9228,9.2741,0.0,8.47819995880127,14.0381,10.0701,4.614,3.9334,3.1721,1.1535,2026-08-09
sma-SV16,Shuppet,holofoil,Hidden Fates Shiny Vault,SV16,Rare Shiny,sui,Basic,353,Pokémon,2019/08/23,"tcgplayer,cardmarket",https://prices.pokemontcg.io/tcgplayer/sma-SV16,https://images.pokemontcg.io/sma/SV16_hires.png,2026/08/08,2026/06/25,3.37,2.2200000286102295,3.759999990463257,38.099998474121094,,,,,,3.0798,1.6034,2.63,2.7569,2.560800075531006,3.2759,2.8261,2.7569,4.3141,3.8296,1.1535,2026-08-09
dpp-DP25,Tropical Wind,,DP Black Star Promos,DP25,Promo,Sumiyoshi Kizuki,Item,,Trainer,2007/05/01,,https://prices.pokemontcg.io/tcgplayer/dpp-DP25,https://images.pokemontcg.io/dpp/DP25_hires.png,2023/03/27,,,,,,,,,,,,,,,,,,,,,,2026-08-09
sm1-25,Torracat,normal,Sun & Moon,25,Uncommon,TOKIYA,Stage 1,726,Pokémon,2017/02/03,"tcgplayer,cardmarket",https://prices.pokemontcg.io/tcgplayer/sm1-25,https://images.pokemontcg.io/sm1/25_hires.png,2026/08/08,2026/05/14,0.25,0.05000000074505806,0.23999999463558197,19.979999542236328,,0.37,,,,0.1154,0.0231,0.173,0.5537,0.023099999874830246,0.1154,0.1038,0.1154,0.496,0.4845,1.1535,2026-08-09
dp4-20,Kingler,normal,Great Encounters,20,Rare,Mitsuhiro Arita,Stage 1,99,Pokémon,2008/02/01,"tcgplayer,cardmarket",https://prices.pokemontcg.io/tcgplayer/dp4-20,https://images.pokemontcg.io/dp4/20_hires.png,2026/08/08,2026/06/27,2.05,0.8999999761581421,2.5,31.899999618530273,,6.14,,,,0.6229,0.1154,0.9574,2.0071,0.9228000044822693,0.6114,0.7382,2.8838,1.9494,1.6495,1.1535,2026-08-09
bw10-28,Carracosta,normal,Plasma Blast,28,Rare,Mitsuhiro Arita,Stage 1,565,Pokémon,2013/08/14,"tcgplayer,cardmarket",https://prices.pokemontcg.io/tcgplayer/bw10-28,https://images.pokemontcg.io/bw10/28_hires.png,2026/08/08,2026/05/14,0.97,0.4000000059604645,0.9700000286102295,19.979999542236328,,2.02,,,,1.2342,0.3922,0.9343,0.0,2.5376999378204346,1.2342,1.2112,4.5563,2.9184,2.7338,1.1535,2026-08-09
ex6-19,Chansey,normal,FireRed & LeafGreen,19,Rare,Miki Tanaka,Basic,113,Pokémon,2004/09/01,"tcgplayer,cardmarket",https://prices.pokemontcg.io/tcgplayer/ex6-19,https://images.pokemontcg.io/ex6/19_hires.png,2026/08/08,2026/07/01,6.38,7.019999980926514,14.449999809265137,66.80000305175781,,9.97,,,,2.2955,0.346,2.7223,19.7364,1.9608999490737915,2.5262,2.9299,6.921,23.8428,16.2297,1.1535,2026-08-09
hsp-HGSS14,Lapras,holofoil,HGSS Black Star Promos,HGSS14,Promo,Masakazu Fukuda,Basic,131,Pokémon,2010/02/10,tcgplayer,https://prices.pokemontcg.io/tcgplayer/hsp-HGSS14,https://images.pokemontcg.io/hsp/HGSS14_hires.png,2026/08/08,,32.75,32.9900016784668,158.1999969482422,997.3599853515625,,,,,,,,,,,,,,,,,2026-08-09
gym1-24,Brock's Zubat,unlimited,Gym Heroes,24,Rare,Ken Sugimori,Basic,41,Pokémon,2000/08/14,"tcgplayer,cardmarket",https://prices.pokemontcg.io/tcgplayer/gym1-24,https://images.pokemontcg.io/gym1/24_hires.png,2026/08/08,2026/07/01,11.65,8.529999732971191,10.020000457763672,39.9900016784668,,,,,"{""1stEdition"": {""low"": 11.26, ""mid"": 20.36, ""high"": 193.8, ""market"": 16.41, ""directLow"": null}}",13.2999,5.7675,13.8651,0.0,11.53499984741211,12.5847,11.5696,0.0,0.0,0.0,1.1535,2026-08-09
bw8-23,Heatmor,normal,Plasma Storm,23,Uncommon,Suwama Chiaki,Basic,631,Pokémon,2013/02/06,"tcgplayer,cardmarket",https://prices.pokemontcg.io/tcgplayer/bw8-23,https://images.pokemontcg.io/bw8/23_hires.png,2026/08/08,2026/05/18,0.36,0.1899999976158142,0.36000001430511475,19.979999542236328,,0.73,,,,0.5191,0.0231,0.3691,0.0,0.28839999437332153,0.4153,0.4037,1.0958,0.8305,0.9343,1.1535,2026-08-09
ex9-26,Dodrio,normal,Emerald,26,Uncommon,Hajime Kusajima,Stage 1,85,Pokémon,2005/05/01,"tcgplayer,cardmarket",https://prices.pokemontcg.io/tcgplayer/ex9-26,https://images.pokemontcg.io/ex9/26_hires.png,2026/08/08,2026/06/28,1.46,0.9100000262260437,1.6799999475479126,25.600000381469727,,24.99,,,,2.7799,0.0577,1.8802,16.9103,0.9228000044822693,2.7107,1.7649,4.5794,17.637,10.889,1.1535,2026-08-09
sm11-16,Lurantis,normal,Unified Minds,16,Uncommon,AKIRA EGAWA,Stage 1,754,Pokémon,2019/08/02,"tcgplayer,cardmarket",https://prices.pokemontcg.io/tcgplayer/sm11-16,https://images.pokemontcg.io/sm11/16_hires.png,2026/08/08,2026/06/08,0.3,0.1899999976158142,0.30000001192092896,19.979999542236328,,0.66,,,,0.173,0.0231,0.2768,0.5998,0.10379999876022339,0.2422,0.1961,0.346,0.6806,0.6806,1.1535,2026-08-09
pl2-21,Gastrodon East Sea,normal,Rising Rivals,21,Rare,Ken Sugimori,Stage 1,423,Pokémon,2009/05/16,"tcgplayer,cardmarket",https://prices.pokemontcg.io/tcgplayer/pl2-21,https://images.pokemontcg.io/pl2/21_hires.png,2026/08/08,2026/06/27,2.2,1.25,2.25,33.099998474121094,,4.84,,,,0.8767,0.0577,1.0958,2.9876,1.4765000343322754,1.0381,0.992,2.307,2.3185,1.9379,1.1535,2026-08-09
dc1-16,Team Aqua's Poochyena,normal,Double Crisis,16,Common,Kouki Saitou,Basic,261,Pokémon,2015/03/25,"tcgplayer,cardmarket",https://prices.pokemontcg.io/tcgplayer/dc1-16,https://images.pokemontcg.io/dc1/16_hires.png,2026/08/08,2026/07/01,1.61,0.7699999809265137,1.4199999570846558,4.0,,7.73,,,,2.7223,0.1154,2.9299,8.5359,2.8261001110076904,3.5297,2.8838,7.2094,8.3283,8.3167,1.1535,2026-08-09
xy0-19,Pawniard,normal,Kalos Starter Set,19,,Kouki Saitou,Basic,624,Pokémon,2013/11/08,"tcgplayer,cardmarket",https://prices.pokemontcg.io/tcgplayer/xy0-19,https://images.pokemontcg.io/xy0/19_hires.png,2026/08/08,2026/07/01,0.46,0.12999999523162842,0.4000000059604645,19.979999542236328,,,,,,0.2538,0.0231,0.2192,0.0,0.46140000224113464,0.2768,0.2538,0.0,0.0,0.0,1.1535,2026-08-09
pl3-22,Claydol,normal,Supreme Victors,22,Rare,Kouki Saitou,Stage 1,344,Pokémon,2009/08/19,"tcgplayer,cardmarket",https://prices.pokemontcg.io/tcgplayer/pl3-22,https://images.pokemontcg.io/pl3/22_hires.png,2026/08/08,2026/06/27,0.68,0.3799999952316284,0.6800000071525574,19.979999542236328,,0.95,,,,0.7267,0.0577,0.9459,1.4649,3.4489998817443848,1.142,0.9343,2.1916,1.5342,1.5111,1.1535,2026-08-09
bw4-26,Lapras,normal,Next Destinies,26,Uncommon,Mizue,Basic,131,Pokémon,2012/02/08,"tcgplayer,cardmarket",https://prices.pokemontcg.io/tcgplayer/bw4-26,https://images.pokemontcg.io/bw4/26_hires.png,2026/08/08,2026/06/11,1.08,0.25,0.8799999952316284,96.38999938964844,,2.89,,,,0.6114,0.0231,0.9459,2.2493,0.23070000112056732,0.7036,0.8421,1.7187,1.9725,1.7649,1.1535,2026-08-09
bw9-23,Glaceon,normal,Plasma Freeze,23,Rare,5ban Graphics,Stage 1|Team Plasma,471,Pokémon,2013/05/08,"tcgplayer,cardmarket",https://prices.pokemontcg.io/tcgplayer/bw9-23,https://images.pokemontcg.io/bw9/23_hires.png,2026/08/08,2026/06/22,6.4,2.75,5.75,64.0999984741211,,44.71,,,,42.8987,23.0123,38.4808,0.0,32.29800033569336,46.959,37.062,5.1907,6.0213,4.8793,1.1535,2026-08-09
ecard3-H21,Nidoqueen,holofoil,Skyridge,H21,Rare Holo,Mitsuhiro Arita,Stage 2,31,Pokémon,2003/05/12,"tcgplayer,cardmarket",https://prices.pokemontcg.io/tcgplayer/ecard3-H21,https://images.pokemontcg.io/ecard3/H21_hires.png,2026/08/08,2026/07/01,208.33,119.98999786376953,999.0,999.989990234375,,,,,,3575.85,34.8357,504.6678,0.0,138.685302734375,565.0996,228.889,11.535,26.0345,30.0141,1.1535,2026-08-09
basep-20,Psyduck,normal,Wizards Black Star Promos,20,Promo,Kagemaru Himeno,Basic,54,Pokémon,1999/07/01,"tcgplayer,cardmarket",https://prices.pokemontcg.io/tcgplayer/basep-20,https://images.pokemontcg.io/basep/20_hires.png,2026/08/08,2026/07/01,77.35,60.0,84.9800033569336,666.4199829101562,,,,,,108.9827,57.675,111.9587,0.0,115.29229736328125,96.6518,101.8425,11.535,11.535,11.535,1.1535,2026-08-09
ex8-24,Seaking,normal,Deoxys,24,Rare,Atsuko Nishida,Stage 1,119,Pokémon,2005/02/01,"tcgplayer,cardmarket",https://prices.pokemontcg.io/tcgplayer/ex8-24,https://images.pokemontcg.io/ex8/24_hires.png,2026/08/08,2026/07/01,1.37,0.8600000143051147,1.3600000143051147,96.94999694824219,,12.99,,,,0.7267,0.0577,1.1304,8.0399,1.038100004196167,1.4995,1.3265,2.2378,12.6539,8.3283,1.1535,2026-08-09
xy4-23,Manectric-EX,holofoil,Phantom Forces,23,Rare Holo EX,Eske Yoshinob,Basic|EX,310,Pokémon,2014/11/05,"tcgplayer,cardmarket",https://prices.pokemontcg.io/tcgplayer/xy4-23,https://images.pokemontcg.io/xy4/23_hires.png,2026/08/08,2026/06/18,2.77,1.4900000095367432,3.2200000286102295,31.979999542236328,,,,,,3.5528,1.1535,3.5528,0.0,3.4489998817443848,3.5643,4.6255,2.2955,2.8838,2.9068,1.1535,2026-08-09
sm75-22,Totodile,normal,Dragon Majesty,22,Common,Hironobu Yoshida,Basic,158,Pokémon,2018/09/07,"tcgplayer,cardmarket",https://prices.pokemontcg.io/tcgplayer/sm75-22,https://images.pokemontcg.io/sm75/22_hires.png,2026/08/08,2026/06/25,0.37,0.25,0.41999998688697815,1.690000057220459,,7.73,,,,0.2884,0.0231,0.2422,0.0,0.41530001163482666,0.323,0.2538,4.614,3.7489,2.8145,1.1535,2026-08-09
neo1-18,Typhlosion,1stEditionHolofoil,Neo Genesis,18,Rare Holo,Ken Sugimori,Stage 2,157,Pokémon,2000/12/16,"tcgplayer,cardmarket",https://prices.pokemontcg.io/tcgplayer/neo1-18,https://images.pokemontcg.io/neo1/18_hires.png,2026/08/08,2026/07/01,699.99,345.989990234375,470.3999938964844,760.0499877929688,,,,,"{""unlimitedHolofoil"": {""low"": 101.21, ""mid"": 500.56, ""high"": 899.13, ""market"": 140.29, ""directLow"": 899.13}}",83.3519,12.4578,52.9687,0.0,39.599700927734375,48.9315,85.7627,38.054,39.4151,43.1409,1.1535,2026-08-09
hgss1-27,Persian,normal,HeartGold & SoulSilver,27,Rare,Kagemaru Himeno,Stage 1,53,Pokémon,2010/02/10,"tcgplayer,cardmarket",https://prices.pokemontcg.io/tcgplayer/hgss1-27,https://images.pokemontcg.io/hgss1/27_hires.png,2026/08/08,2026/06/27,3.4,1.4900000095367432,3.4200000762939453,33.29999923706055,,14.92,,,,1.142,0.1154,1.2227,2.4685,0.3230000138282776,1.1074,0.9459,4.2218,3.4951,3.5182,1.1535,2026-08-09
xy8-20,Typhlosion,holofoil,BREAKthrough,20,Rare Holo,Megumi Mizutani,Stage 2,157,Pokémon,2015/11/04,"tcgplayer,cardmarket",https://prices.pokemontcg.io/tcgplayer/xy8-20,https://images.pokemontcg.io/xy8/20_hires.png,2026/08/08,2026/06/22,5.23,2.799999952316284,5.119999885559082,51.9900016784668,,5.12,,,,5.5483,1.7302,6.3096,12.8731,2.306999921798706,5.7329,5.1792,2.8838,8.4321,7.0248,1.1535,2026-08-09
ex15-13,Arbok δ,normal,Dragon Frontiers,13,Rare,Hisao Nakamura,Stage 1,24,Pokémon,2006/11/01,"tcgplayer,cardmarket",https://prices.pokemontcg.io/tcgplayer/ex15-13,https://images.pokemontcg.io/ex15/13_hires.png,2026/08/08,2026/07/01,2.23,0.8899999856948853,2.200000047683716,37.900001525878906,,51.4,,,,1.2804,0.1154,1.0497,14.7071,0.11540000140666962,1.0843,1.3381,14.984,13.7266,12.9884,1.1535,2026-08-09
swsh1-24,Torkoal V,holofoil,Sword & Shield,24,Rare Holo V,Ayaka Yoshida,Basic|V,324,Pokémon,2020/02/07,"tcgplayer,cardmarket",https://prices.pokemontcg.io/tcgplayer/swsh1-24,https://images.pokemontcg.io/swsh1/24_hires.png,2026/08/08,2026/05/17,0.95,0.6499999761581421,1.0399999618530273,8.369999885559082,,,,,,1.9263,0.5191,1.9148,0.0,1.5917999744415283,1.8802,1.9033,2.307,3.1029,2.7684,1.1535,2026-08-09
sm9-25,Blastoise,normal,Team Up,25,Rare,Hitoshi Ariga,Stage 2,9,Pokémon,2019/02/01,"tcgplayer,cardmarket",https://prices.pokemontcg.io/tcgplayer/sm9-25,https://images.pokemontcg.io/sm9/25_hires.png,2026/08/08,2026/05/13,10.46,6.949999809265137,10.5600004196167,96.44999694824219,,26.02,,,,6.1366,1.142,6.3212,10.7622,3.9679999351501465,5.4791,5.8598,5.7675,9.724,8.1668,1.1535,2026-08-09
xy10-24,Rotom,normal,Fates Collide,24,Rare,Tomokazu Komiya,Basic,479,Pokémon,2016/05/02,"tcgplayer,cardmarket",https://prices.pokemontcg.io/tcgplayer/xy10-24,https://images.pokemontcg.io/xy10/24_hires.png,2026/08/08,2026/06/08,0.57,0.05000000074505806,0.5699999928474426,4.989999771118164,,1.39,,,,1.3611,0.1154,0.7267,1.9033,0.6805999875068665,0.8421,1.0151,1.142,1.7533,1.5111,1.1535,2026-08-09
xy3-15,Poliwag,normal,Furious Fists,15,Common,MAHOU,Basic,60,Pokémon,2014/08/13,"tcgplayer,cardmarket",https://prices.pokemontcg.io/tcgplayer/xy3-15,https://images.pokemontcg.io/xy3/15_hires.png,2026/08/08,2026/06/27,0.23,0.05000000074505806,0.25999999046325684,19.979999542236328,,0.55,,,,0.173,0.0231,0.1615,0.4729,0.1615000069141388,0.2192,0.1615,0.5075,0.5075,0.4845,1.1535,2026-08-09
bw4-27,Articuno,holofoil,Next Destinies,27,Rare Holo,Ryo Ueda,Basic,144,Pokémon,2012/02/08,"tcgplayer,cardmarket",https://prices.pokemontcg.io/tcgplayer/bw4-27,https://images.pokemontcg.io/bw4/27_hires.png,2026/08/08,2026/06/11,10.14,3.3299999237060547,10.380000114440918,98.48999786376953,,9.76,,,,5.4907,0.346,4.8562,6.4711,12.976900100708008,6.6672,4.7178,1.9033,6.5403,4.8908,1.1535,2026-08-09
hsp-HGSS15,Shuckle,holofoil,HGSS Black Star Promos,HGSS15,Promo,match,Basic,213,Pokémon,2010/02/10,tcgplayer,https://prices.pokemontcg.io/tcgplayer/hsp-HGSS15,https://images.pokemontcg.io/hsp/HGSS15_hires.png,2026/08/08,,47.94,14.0,22.5,679.5,,,,,,,,,,,,,,,,,2026-08-09
xy1-25,Braixen,normal,XY,25,Uncommon,5ban Graphics,Stage 1,654,Pokémon,2014/02/05,"tcgplayer,cardmarket",https://prices.pokemontcg.io/tcgplayer/xy1-25,https://images.pokemontcg.io/xy1/25_hires.png,2026/08/08,2026/05/18,0.4,0.10000000149011612,0.3499999940395355,1000.0,,1.33,,,,0.323,0.0231,0.2768,1.0035,0.23070000112056732,0.2076,0.2653,0.4037,1.2342,1.3611,1.1535,2026-08-09
dp1-25,Dustox,normal,Diamond & Pearl,25,Rare,Kouki Saitou,Stage 2,269,Pokémon,2007/05/01,"tcgplayer,cardmarket",https://prices.pokemontcg.io/tcgplayer/dp1-25,https://images.pokemontcg.io/dp1/25_hires.png,2026/08/08,2026/06/27,1.45,0.9700000286102295,1.350000023841858,27.700000762939453,,5.28,,,,0.5306,0.0577,0.6229,2.3993,0.2768000066280365,0.4729,1.2573,2.2263,2.0763,2.157,1.1535,2026-08-09
dp7-16,Drifblim,normal,Stormfront,16,Rare,Hajime Kusajima,Stage 1,426,Pokémon,2008/11/01,"tcgplayer,cardmarket",https://prices.pokemontcg.io/tcgplayer/dp7-16,https://images.pokemontcg.io/dp7/16_hires.png,2026/08/08,2026/07/01,2.23,0.8899999856948853,1.7599999904632568,31.100000381469727,,4.69,,,,1.2227,0.173,1.1074,2.307,1.4072999954223633,1.1881,0.9113,1.4419,1.9033,1.5688,1.1535,2026-08-09
dp2-18,Uxie,holofoil,Mysterious Treasures,18,Rare Holo,Ryo Ueda,Basic,480,Pokémon,2007/08/01,"tcgplayer,cardmarket",https://prices.pokemontcg.io/tcgplayer/dp2-18,https://images.pokemontcg.io/dp2/18_hires.png,2026/08/08,2026/06/27,25.88,8.0,29.0,82.5999984741211,,23.46,,,,10.9698,1.142,10.2315,1.7995,13.553600311279297,9.7701,8.6974,5.7675,2.2263,3.2875,1.1535,2026-08-09
hgss2-24,Steelix,normal,HS—Unleashed,24,Rare,Masakazu Fukuda,Stage 1,208,Pokémon,2010/05/12,"tcgplayer,cardmarket",https://prices.pokemontcg.io/tcgplayer/hgss2-24,https://images.pokemontcg.io/hgss2/24_hires.png,2026/08/08,2026/06/25,3.01,1.0,1.8300000429153442,29.989999771118164,,4.07,,,,1.7649,0.0231,2.6646,1.0728,10.369999885559082,2.4224,1.5688,4.6025,2.2378,1.8802,1.1535,2026-08-09
ex4-25,Team Aqua's Carvanha,normal,Team Magma vs Team Aqua,25,Uncommon,Mt. TBT,Basic,318,Pokémon,2004/03/01,"tcgplayer,cardmarket",https://prices.pokemontcg.io/tcgplayer/ex4-25,https://images.pokemontcg.io/ex4/25_hires.png,2026/08/08,2026/07/01,1.34,0.9599999785423279,1.4900000095367432,19.979999542236328,,4.96,,,,1.4995,0.0231,1.1535,2.7684,0.57669997215271,1.0381,0.8651,1.8571,3.1375,3.5874,1.1535,2026-08-09
hgss3-21,Skarmory,normal,HS—Undaunted,21,Rare,Midori Harada,Basic,227,Pokémon,2010/08/18,"tcgplayer,cardmarket",https://prices.pokemontcg.io/tcgplayer/hgss3-21,https://images.pokemontcg.io/hgss3/21_hires.png,2026/08/08,2026/06/27,0.46,0.3499999940395355,0.5099999904632568,19.979999542236328,,13.33,,,,0.5075,0.0231,0.2884,2.0302,0.219200000166893,0.4499,0.5767,2.1686,2.6415,2.3531,1.1535,2026-08-09
ex10-25,Hitmonlee,normal,Unseen Forces,25,Rare,Hisao Nakamura,Basic,106,Pokémon,2005/08/01,"tcgplayer,cardmarket",https://prices.pokemontcg.io/tcgplayer/ex10-25,https://images.pokemontcg.io/ex10/25_hires.png,2026/08/08,2026/07/01,3.29,2.259999990463257,3.740000009536743,43.099998474121094,,46.35,,,,2.4339,0.173,2.4224,20.763,1.1419999599456787,2.2609,2.3993,21.7435,14.7533,17.6255,1.1535,2026-08-09
dp6-17,Yanmega,holofoil,Legends Awakened,17,Rare Holo,Kent Kanetsuna,Stage 1,469,Pokémon,2008/08/01,"tcgplayer,cardmarket",https://prices.pokemontcg.io/tcgplayer/dp6-17,https://images.pokemontcg.io/dp6/17_hires.png,2026/08/08,2026/06/27,9.69,3.5799999237060547,5.75,156.60000610351562,,6.06,,,,1.6264,0.173,1.7649,1.7072,1.153499960899353,1.8571,1.5918,3.4605,1.8456,1.811,1.1535,2026-08-09
xy4-24,M Manectric-EX,holofoil,Phantom Forces,24,Rare Holo EX,5ban Graphics,MEGA|EX,310,Pokémon,2014/11/05,"tcgplayer,cardmarket",https://prices.pokemontcg.io/tcgplayer/xy4-24,https://images.pokemontcg.io/xy4/24_hires.png,2026/08/08,2026/06/18,13.98,5.949999809265137,11.949999809265137,102.0999984741211,,,,,,11.8349,5.756,12.7462,0.0,9.227999687194824,8.8358,12.677,2.2955,3.4951,4.5909,1.1535,2026-08-09
base3-26,Magneton,unlimited,Fossil,26,Rare,Ken Sugimori,Stage 1,82,Pokémon,1999/10/10,"tcgplayer,cardmarket",https://prices.pokemontcg.io/tcgplayer/base3-26,https://images.pokemontcg.io/base3/26_hires.png,2026/08/08,2026/07/01,5.42,2.0,4.619999885559082,113.33000183105469,,,,,"{""1stEdition"": {""low"": 7.97, ""mid"": 13.47, ""high"": 99.99, ""market"": 14.11, ""directLow"": null}}",9.574,0.5767,8.5013,0.0,11.719599723815918,9.4472,9.724,13.8305,21.7319,17.1756,1.1535,2026-08-09
ex12-27,Torkoal,normal,Legend Maker,27,Rare,Atsuko Nishida,Basic,324,Pokémon,2006/02/01,"tcgplayer,cardmarket",https://prices.pokemontcg.io/tcgplayer/ex12-27,https://images.pokemontcg.io/ex12/27_hires.png,2026/08/08,2026/06/28,2.0,0.7799999713897705,1.7899999618530273,25.200000762939453,,21.78,,,,3.945,0.2307,2.4454,11.3043,6.9095001220703125,4.1987,2.7107,17.3025,8.8127,9.1127,1.1535,2026-08-09
ex8-25,Shiftry,normal,Deoxys,25,Rare,Kouki Saitou,Stage 2,275,Pokémon,2005/02/01,"tcgplayer,cardmarket",https://prices.pokemontcg.io/tcgplayer/ex8-25,https://images.pokemontcg.io/ex8/25_hires.png,2026/08/08,2026/06/28,0.95,0.25,0.9399999976158142,19.979999542236328,,22.97,,,,5.5714,0.0231,8.3398,17.291,0.28839999437332153,0.4268,0.646,17.291,15.6876,16.9911,1.1535,2026-08-09
pl4-25,Pichu,normal,Arceus,25,Rare,Kanako Eo,Basic,172,Pokémon,2009/11/04,"tcgplayer,cardmarket",https://prices.pokemontcg.io/tcgplayer/pl4-25,https://images.pokemontcg.io/pl4/25_hires.png,2026/08/08,2026/06/27,10.71,8.899999618530273,12.869999885559082,114.80000305175781,,26.57,,,,8.7435,1.1535,4.6832,11.3274,2.2955000400543213,2.8145,5.1215,19.0328,10.6353,7.7169,1.1535,2026-08-09
gym1-25,Erika's Clefairy,unlimited,Gym Heroes,25,Rare,Ken Sugimori,Basic,35,Pokémon,2000/08/14,"tcgplayer,cardmarket",https://prices.pokemontcg.io/tcgplayer/gym1-25,https://images.pokemontcg.io/gym1/25_hires.png,2026/08/08,2026/07/01,13.09,5.75,10.0,4320.89013671875,,,,,"{""1stEdition"": {""low"": 13.6, ""mid"": 164.18, ""high"": 9999.0, ""market"": 25.74, ""directLow"": 231.28}}",10.7737,1.1535,11.7657,0.0,6.921000003814697,11.8464,9.8509,4.6025,3.8412,3.8412,1.1535,2026-08-09
ex1-17,Donphan,normal,Ruby & Sapphire,17,Rare,Kagemaru Himeno,Stage 1,232,Pokémon,2003/07/01,"tcgplayer,cardmarket",https://prices.pokemontcg.io/tcgplayer/ex1-17,https://images.pokemontcg.io/ex1/17_hires.png,2026/08/08,2026/07/01,1.89,1.0,1.809999942779541,25.600000381469727,,15.0,,,,0.9113,0.0231,0.6114,0.0,0.8651000261306763,0.9574,0.8997,0.2307,3.1837,3.5758,1.1535,2026-08-09
ex2-16,Espeon,normal,Sandstorm,16,Rare,Mitsuhiro Arita,Stage 1,196,Pokémon,2003/09/18,"tcgplayer,cardmarket",https://prices.pokemontcg.io/tcgplayer/ex2-16,https://images.pokemontcg.io/ex2/16_hires.png,2026/08/08,2026/07/01,18.43,12.989999771118164,28.280000686645508,132.55999755859375,,85.02,,,,6.2635,1.1535,5.7329,9.5164,2.2955000400543213,6.3212,6.2289,13.842,14.5687,29.1489,1.1535,2026-08-09
pl3-23,Crawdaunt G,normal,Supreme Victors,23,Rare,Wataru Kawahara,Basic|SP,342,Pokémon,2009/08/19,"tcgplayer,cardmarket",https://prices.pokemontcg.io/tcgplayer/pl3-23,https://images.pokemontcg.io/pl3/23_hires.png,2026/08/08,2026/06/27,3.11,1.7999999523162842,2.140000104904175,43.099998474121094,,3.58,,,,1.811,0.2884,2.1224,1.638,2.306999921798706,1.9379,2.1801,3.449,2.2955,2.8722,1.1535,2026-08-09
sm10-19,Kartana,holofoil,Unbroken Bonds,19,Rare Holo,Shin Nagasawa,Basic|Ultra Beast,798,Pokémon,2019/05/03,"tcgplayer,cardmarket",https://prices.pokemontcg.io/tcgplayer/sm10-19,https://images.pokemontcg.io/sm10/19_hires.png,2026/08/08,2026/06/08,0.94,0.699999988079071,1.0099999904632568,19.979999542236328,,1.18,,,,2.1455,0.4499,2.1686,0.5767,1.4419000148773193,1.7995,2.0532,1.3842,1.8687,2.2609,1.1535,2026-08-09
hgss4-25,Lunatone,normal,HS—Triumphant,25,Rare,Kouki Saitou,Basic,337,Pokémon,2010/11/03,"tcgplayer,cardmarket",https://prices.pokemontcg.io/tcgplayer/hgss4-25,https://images.pokemontcg.io/hgss4/25_hires.png,2026/08/08,2026/06/21,0.39,0.3100000023841858,0.4099999964237213,19.979999542236328,,2.61,,,,1.661,0.1038,1.4419,2.8953,0.28839999437332153,1.2458,1.0612,2.307,2.2724,2.8722,1.1535,2026-08-09
neo3-22,Raikou,unlimited,Neo Revelation,22,Rare,Naoyo Kimura,Basic,243,Pokémon,2001/09/21,"tcgplayer,cardmarket",https://prices.pokemontcg.io/tcgplayer/neo3-22,https://images.pokemontcg.io/neo3/22_hires.png,2026/08/08,2026/07/01,15.68,10.5,16.0,130.0,,,,,"{""1stEdition"": {""low"": 36.75, ""mid"": 45.0, ""high"": 263.1, ""market"": 50.87, ""directLow"": 73.97}}",12.5616,1.6726,13.9458,0.0,23.06999969482422,13.8535,13.4152,4.0373,5.0062,5.0062,1.1535,2026-08-09
ex9-27,Electrode,normal,Emerald,27,Uncommon,Masakazu Fukuda,Stage 1,101,Pokémon,2005/05/01,"tcgplayer,cardmarket",https://prices.pokemontcg.io/tcgplayer/ex9-27,https://images.pokemontcg.io/ex9/27_hires.png,2026/08/08,2026/06/27,1.51,0.699999988079071,1.5,19.979999542236328,,70.65,,,,1.2227,0.0231,1.5803,7.8323,0.11540000140666962,1.6956,0.7152,4.614,9.3549,10.7622,1.1535,2026-08-09
bw10-29,Ducklett,normal,Plasma Blast,29,Common,Naoki Saito,Basic,580,Pokémon,2013/08/14,"tcgplayer,cardmarket",https://prices.pokemontcg.io/tcgplayer/bw10-29,https://images.pokemontcg.io/bw10/29_hires.png,2026/08/08,2026/05/14,0.3,0.10000000149011612,0.30000001192092896,19.979999542236328,,1.07,,,,0.3691,0.0231,0.2422,0.4614,0.04610000178217888,0.3807,0.2422,0.6921,1.4649,0.9805,1.1535,2026-08-09
sm9-26,Psyduck,normal,Team Up,26,Common,Kouki Saitou,Basic,54,Pokémon,2019/02/01,"tcgplayer,cardmarket",https://prices.pokemontcg.io/tcgplayer/sm9-26,https://images.pokemontcg.io/sm9/26_hires.png,2026/08/08,2026/05/13,0.95,0.49000000953674316,0.9900000095367432,19.979999542236328,,18.02,,,,0.3114,0.0231,0.496,6.6096,0.57669997215271,0.3114,0.2999,0.2884,6.0674,6.9441,1.1535,2026-08-09
bw3-19,Larvesta,normal,Noble Victories,19,Common,Kagemaru Himeno,Basic,636,Pokémon,2011/11/16,"tcgplayer,cardmarket",https://prices.pokemontcg.io/tcgplayer/bw3-19,https://images.pokemontcg.io/bw3/19_hires.png,2026/08/08,2026/06/22,0.32,0.15000000596046448,0.30000001192092896,19.979999542236328,,11.95,,,,0.346,0.0231,0.3114,1.4534,0.05770000070333481,0.2999,0.2192,0.5191,1.4649,1.3496,1.1535,2026-08-09
base1-25,Dewgong,normal,Base,25,Uncommon,Mitsuhiro Arita,Stage 1,87,Pokémon,1999/01/09,"tcgplayer,cardmarket",https://prices.pokemontcg.io/tcgplayer/base1-25,https://images.pokemontcg.io/base1/25_hires.png,2026/08/08,2026/07/01,3.45,0.5899999737739563,1.899999976158142,19.459999084472656,,,,,,12.5155,2.307,9.2049,0.0,16.091299057006836,9.8278,15.9183,0.0,0.0,0.0,1.1535,2026-08-09
xy11-28,Shellos,normal,Steam Siege,28,Common,Sanosuke Sakuma,Basic,422,Pokémon,2016/08/03,"tcgplayer,cardmarket",https://prices.pokemontcg.io/tcgplayer/xy11-28,https://images.pokemontcg.io/xy11/28_hires.png,2026/08/08,2026/06/08,0.2,0.03999999910593033,0.2199999988079071,1000.0,,0.48,,,,0.15,0.0231,0.1038,0.3691,0.05770000070333481,0.0807,0.1038,0.5652,0.5998,0.4037,1.1535,2026-08-09
sm35-15,Litten,normal,Shining Legends,15,Common,Mitsuhiro Arita,Basic,725,Pokémon,2017/10/06,"tcgplayer,cardmarket",https://prices.pokemontcg.io/tcgplayer/sm35-15,https://images.pokemontcg.io/sm35/15_hires.png,2026/08/08,2026/07/01,0.21,0.05000000074505806,0.23000000417232513,19.979999542236328,,0.52,,,,0.0923,0.0231,0.1038,0.5306,0.05770000070333481,0.0807,0.0577,0.346,0.5306,0.5652,1.1535,2026-08-09
base4-26,Kangaskhan,normal,Base Set 2,26,Rare,Mitsuhiro Arita,Basic,115,Pokémon,2000/02/24,"tcgplayer,cardmarket",https://prices.pokemontcg.io/tcgplayer/base4-26,https://images.pokemontcg.io/base4/26_hires.png,2026/08/08,2026/07/01,4.59,1.1699999570846558,3.990000009536743,43.0,,,,,,4.8908,0.8536,5.5829,0.0,4.371799945831299,6.771,4.3141,5.7675,2.9184,2.6184,1.1535,2026-08-09
bw11-27,Emboar,holofoil,Legendary Treasures,27,Rare Holo,Kanako Eo,Stage 2,500,Pokémon,2013/11/06,"tcgplayer,cardmarket",https://prices.pokemontcg.io/tcgplayer/bw11-27,https://images.pokemontcg.io/bw11/27_hires.png,2026/08/08,2026/06/09,23.98,17.020000457763672,34.9900016784668,4319.8701171875,,33.92,,,,20.1747,17.8792,24.6388,0.0,17.302499771118164,24.062,21.5935,28.849,21.582,17.8446,1.1535,2026-08-09
sm8-23,Wurmple,normal,Lost Thunder,23,Common,kirisAki,Basic,265,Pokémon,2018/11/02,"tcgplayer,cardmarket",https://prices.pokemontcg.io/tcgplayer/sm8-23,https://images.pokemontcg.io/sm8/23_hires.png,2026/08/08,2026/05/31,0.23,0.05000000074505806,0.23000000417232513,19.979999542236328,,0.43,,,,0.0923,0.0231,0.1038,0.5191,0.1615000069141388,0.1154,0.1038,0.5191,0.5191,0.3576,1.1535,2026-08-09
bw6-27,Feebas,normal,Dragons Exalted,27,Common,Kouki Saitou,Basic,349,Pokémon,2012/08/15,"tcgplayer,cardmarket",https://prices.pokemontcg.io/tcgplayer/bw6-27,https://images.pokemontcg.io/bw6/27_hires.png,2026/08/08,2026/06/25,0.34,0.05000000074505806,0.30000001192092896,1000.0,,1.1,,,,0.2538,0.0231,0.3114,0.0,0.5651999711990356,0.2192,0.2192,1.1535,0.8421,0.9689,1.1535,2026-08-09
sma-SV17,Inkay,holofoil,Hidden Fates Shiny Vault,SV17,Rare Shiny,Shigenori Negishi,Basic,686,Pokémon,2019/08/23,"tcgplayer,cardmarket",https://prices.pokemontcg.io/tcgplayer/sma-SV17,https://images.pokemontcg.io/sma/SV17_hires.png,2026/08/08,2026/06/20,2.55,1.4900000095367432,2.859999895095825,30.299999237060547,,,,,,1.9494,1.1304,1.9148,1.1535,1.1419999599456787,1.6726,1.8341,1.1535,2.0417,2.4108,1.1535,2026-08-09
sm115-26,Ekans,normal,Hidden Fates,26,Common,Masakazu Fukuda,Basic,23,Pokémon,2019/08/23,"tcgplayer,cardmarket",https://prices.pokemontcg.io/tcgplayer/sm115-26,https://images.pokemontcg.io/sm115/26_hires.png,2026/08/08,2026/06/21,0.22,0.029999999329447746,0.20999999344348907,19.979999542236328,,0.74,,,,0.0692,0.0231,0.1384,0.4845,0.05770000070333481,0.0923,0.0692,0.4153,0.6114,0.4845,1.1535,2026-08-09
base6-23,Exeggutor,normal,Legendary Collection,23,Rare,Kagemaru Himeno,Stage 1,103,Pokémon,2002/05/24,"tcgplayer,cardmarket",https://prices.pokemontcg.io/tcgplayer/base6-23,https://images.pokemontcg.io/base6/23_hires.png,2026/08/08,2026/07/01,4.58,2.0,4.5,52.099998474121094,,68.81,,,,4.0026,1.1535,5.0869,305.2968,11.477299690246582,5.9521,4.118,40.361,166.2655,68.0219,1.1535,2026-08-09
neo4-25,Light Machamp,unlimited,Neo Destiny,25,Rare,Miki Tanaka,Stage 2,68,Pokémon,2002/02/28,"tcgplayer,cardmarket",https://prices.pokemontcg.io/tcgplayer/neo4-25,https://images.pokemontcg.io/neo4/25_hires.png,2026/08/08,2026/07/01,12.3,9.5,12.4399995803833,107.33000183105469,,,,,"{""1stEdition"": {""low"": 13.0, ""mid"": 69.24, ""high"": 84.12, ""market"": 43.67, ""directLow"": null}}",7.9938,1.0151,7.3593,0.0,8.916600227355957,6.6211,7.7515,0.0,0.0,0.0,1.1535,2026-08-09
sm12-26,Slugma,normal,Cosmic Eclipse,26,Common,Ken Sugimori,Basic,218,Pokémon,2019/11/01,"tcgplayer,cardmarket",https://prices.pokemontcg.io/tcgplayer/sm12-26,https://images.pokemontcg.io/sm12/26_hires.png,2026/08/08,2026/05/07,0.23,0.019999999552965164,0.23000000417232513,19.979999542236328,,0.53,,,,0.0807,0.0231,0.0231,0.646,0.05770000070333481,0.0577,0.1154,1.1304,0.5075,0.6114,1.1535,2026-08-09
bw7-26,Emboar,holofoil,Boundaries Crossed,26,Rare Holo,Shin Nagasawa,Stage 2,500,Pokémon,2012/11/07,"tcgplayer,cardmarket",https://prices.pokemontcg.io/tcgplayer/bw7-26,https://images.pokemontcg.io/bw7/26_hires.png,2026/08/08,2026/06/18,4.46,3.0,4.369999885559082,50.099998474121094,,4.61,,,,3.8296,0.1038,4.2564,0.0,4.602499961853027,3.6681,3.472,3.2298,2.8607,2.7684,1.1535,2026-08-09
hgss1-28,Pichu,normal,HeartGold & SoulSilver,28,Rare,match,Basic,172,Pokémon,2010/02/10,"tcgplayer,cardmarket",https://prices.pokemontcg.io/tcgplayer/hgss1-28,https://images.pokemontcg.io/hgss1/28_hires.png,2026/08/08,2026/06/11,10.57,10.220000267028809,16.790000915527344,109.69999694824219,,40.31,,,,12.2271,2.307,9.3895,14.2227,5.456099987030029,10.2661,12.4463,9.228,11.7657,15.2839,1.1535,2026-08-09
np-15,Latios,normal,Nintendo Black Star Promos,15,Promo,Ken Sugimori,Basic,381,Pokémon,2003/10/01,"tcgplayer,cardmarket",https://prices.pokemontcg.io/tcgplayer/np-15,https://images.pokemontcg.io/np/15_hires.png,2026/08/08,2026/07/01,26.75,20.0,24.0,152.8800048828125,,,,,,27.684,28.8375,30.3601,0.0,23.058500289916992,30.6254,21.3859,9.2165,9.2165,9.2165,1.1535,2026-08-09
xy12-18,Arcanine,normal,Evolutions,18,Rare,Ken Sugimori,Stage 1,59,Pokémon,2016/11/02,"tcgplayer,cardmarket",https://prices.pokemontcg.io/tcgplayer/xy12-18,https://images.pokemontcg.io/xy12/18_hires.png,2026/08/08,2026/07/01,0.32,0.09000000357627869,0.3499999940395355,25.0,,4.02,,,,0.496,0.0231,0.4729,4.8216,0.6114000082015991,0.5306,0.5306,8.0745,4.6947,5.0177,1.1535,2026-08-09
dp5-17,Empoleon,normal,Majestic Dawn,17,Rare,Kent Kanetsuna,Stage 2,395,Pokémon,2008/05/01,"tcgplayer,cardmarket",https://prices.pokemontcg.io/tcgplayer/dp5-17,https://images.pokemontcg.io/dp5/17_hires.png,2026/08/08,2026/07/01,1.43,0.5,1.2599999904632568,19.979999542236328,,18.0,,,,1.1535,0.0346,0.8882,7.7284,0.7958999872207642,0.8767,0.9343,2.0186,4.7986,4.6255,1.1535,2026-08-09
sm5-26,Salazzle,normal,Ultra Prism,26,Rare,Kagemaru Himeno,Stage 1,758,Pokémon,2018/02/02,"tcgplayer,cardmarket",https://prices.pokemontcg.io/tcgplayer/sm5-26,https://images.pokemontcg.io/sm5/26_hires.png,2026/08/08,2026/05/06,0.28,0.14000000059604645,0.30000001192092896,19.979999542236328,,0.65,,,,0.2884,0.0231,0.1961,0.4268,0.03460000082850456,0.2307,0.2422,0.2307,0.3576,0.4383,1.1535,2026-08-09
ecard1-16,Machamp,holofoil,Expedition Base Set,16,Rare Holo,Shin-ichi Yoshida,Stage 2,68,Pokémon,2002/09/15,"tcgplayer,cardmarket",https://prices.pokemontcg.io/tcgplayer/ecard1-16,https://images.pokemontcg.io/ecard1/16_hires.png,2026/08/08,2026/07/01,133.59,111.94999694824219,499.989990234375,1352.8800048828125,,75.37,,,,118.4414,2.8838,120.3908,30.2794,19.597999572753906,133.6214,81.8062,34.605,28.0993,19.2288,1.1535,2026-08-09
neo2-17,Yanma,1stEditionHolofoil,Neo Discovery,17,Rare Holo,Atsuko Nishida,Basic,193,Pokémon,2001/06/01,"tcgplayer,cardmarket",https://prices.pokemontcg.io/tcgplayer/neo2-17,https://images.pokemontcg.io/neo2/17_hires.png,2026/08/08,2026/07/01,72.23,76.19999694824219,81.45999908447266,1299.9000244140625,,,,,"{""unlimitedHolofoil"": {""low"": 16.99, ""mid"": 26.78, ""high"": 286.8, ""market"": 25.72, ""directLow"": null}}",24.0735,4.3833,32.0327,0.0,23.485300064086914,17.5101,23.716,3.3451,13.9573,10.4738,1.1535,2026-08-09
xy7-26,Jolteon,holofoil,Ancient Origins,26,Rare Holo,Sanosuke Sakuma,Stage 1,135,Pokémon,2015/08/12,"tcgplayer,cardmarket",https://prices.pokemontcg.io/tcgplayer/xy7-26,https://images.pokemontcg.io/xy7/26_hires.png,2026/08/08,2026/05/07,3.46,1.9900000095367432,3.7100000381469727,49.9900016784668,,4.58,,,,6.8979,0.5767,7.3017,4.2449,9.227999687194824,7.8784,5.5022,3.449,4.764,5.8021,1.1535,2026-08-09
swsh3-19,Charizard V,holofoil,Darkness Ablaze,19,Rare Holo V,aky CG Works,Basic|V,6,Pokémon,2020/08/14,"tcgplayer,cardmarket",https://prices.pokemontcg.io/tcgplayer/swsh3-19,https://images.pokemontcg.io/swsh3/19_hires.png,2026/08/08,2026/06/27,9.65,6.320000171661377,10.0,500.0,,,,,,11.1659,3.449,9.3664,0.0,6.275000095367432,13.6344,10.4507,13.2306,14.1765,14.6841,1.1535,2026-08-09
base2-18,Electrode,unlimited,Jungle,18,Rare,Mitsuhiro Arita,Stage 1,101,Pokémon,1999/06/16,"tcgplayer,cardmarket",https://prices.pokemontcg.io/tcgplayer/base2-18,https://images.pokemontcg.io/base2/18_hires.png,2026/08/08,2026/07/01,7.96,1.9900000095367432,4.989999771118164,57.7599983215332,,,,,"{""1stEdition"": {""low"": 24.97, ""mid"": 47.63, ""high"": 254.4, ""market"": 47.63, ""directLow"": null}}",6.598,0.5767,6.4827,0.0,2.134000062942505,7.8323,6.9325,1.8456,7.1863,10.7391,1.1535,2026-08-09
swsh4-21,Orbeetle VMAX,holofoil,Vivid Voltage,21,Rare Holo VMAX,5ban Graphics,VMAX,826,Pokémon,2020/11/13,"tcgplayer,cardmarket",https://prices.pokemontcg.io/tcgplayer/swsh4-21,https://images.pokemontcg.io/swsh4/21_hires.png,2026/08/08,2026/05/19,1.39,0.5,1.7200000286102295,12.329999923706055,,,,,,1.5572,0.5767,1.9033,0.0,1.153499960899353,1.6264,1.6726,4.2103,4.2564,4.6025,1.1535,2026-08-09
xy6-22,Electrode,normal,Roaring Skies,22,Uncommon,Tomokazu Komiya,Stage 1,101,Pokémon,2015/05/06,"tcgplayer,cardmarket",https://prices.pokemontcg.io/tcgplayer/xy6-22,https://images.pokemontcg.io/xy6/22_hires.png,2026/08/08,2026/06/11,0.3,0.11999999731779099,0.3199999928474426,19.979999542236328,,3.64,,,,0.5421,0.0231,0.5998,9.2626,0.1615000069141388,0.4845,0.496,2.8838,4.3602,2.5723,1.1535,2026-08-09
ex5-18,Gorebyss,normal,Hidden Legends,18,Rare,Kagemaru Himeno,Stage 1,368,Pokémon,2004/06/01,"tcgplayer,cardmarket",https://prices.pokemontcg.io/tcgplayer/ex5-18,https://images.pokemontcg.io/ex5/18_hires.png,2026/08/08,2026/07/01,3.36,2.5,5.75,42.400001525878906,,14.99,,,,1.9033,0.2307,1.7072,8.3052,2.2955000400543213,1.811,1.488,4.614,8.409,6.8056,1.1535,2026-08-09
sm7-21,Tropius,normal,Celestial Storm,21,Uncommon,Kagemaru Himeno,Basic,357,Pokémon,2018/08/03,"tcgplayer,cardmarket",https://prices.pokemontcg.io/tcgplayer/sm7-21,https://images.pokemontcg.io/sm7/21_hires.png,2026/08/08,2026/06/08,0.28,0.18000000715255737,0.28999999165534973,19.979999542236328,,0.48,,,,0.2192,0.0231,0.1846,0.7267,0.1615000069141388,0.2768,0.2076,0.8651,0.7267,0.7152,1.1535,2026-08-09
bw8-24,Squirtle,normal,Plasma Storm,24,Common,Naoki Saito,Basic,7,Pokémon,2013/02/06,"tcgplayer,cardmarket",https://prices.pokemontcg.io/tcgplayer/bw8-24,https://images.pokemontcg.io/bw8/24_hires.png,2026/08/08,2026/05/16,3.06,1.2400000095367432,2.0399999618530273,4.5,,18.38,,,,1.3265,0.0923,1.8571,12.7923,6.45959997177124,1.8341,1.315,11.4773,8.0284,5.6291,1.1535,2026-08-09
dpp-DP26,Dialga,holofoil,DP Black Star Promos,DP26,Promo,Kazuyuki Kano,Basic,483,Pokémon,2007/05/01,tcgplayer,https://prices.pokemontcg.io/tcgplayer/dpp-DP26,https://images.pokemontcg.io/dpp/DP26_hires.png,2026/08/08,,19.52,8.0,19.989999771118164,151.0,,,,,,,,,,,,,,,,,2026-08-09
bw1-23,Darumaka,normal,Black & White,23,Common,Kouki Saitou,Basic,554,Pokémon,2011/04/25,"tcgplayer,cardmarket",https://prices.pokemontcg.io/tcgplayer/bw1-23,https://images.pokemontcg.io/bw1/23_hires.png,2026/08/08,2026/06/18,0.26,0.019999999552965164,0.25,19.979999542236328,,1.32,,,,0.1269,0.0231,0.173,1.142,0.13840000331401825,0.173,0.1038,0.5652,0.8074,1.0381,1.1535,2026-08-09
g1-15,Rapidash,normal,Generations,15,Rare,DemizuPosuka,Stage 1,78,Pokémon,2016/02/22,"tcgplayer,cardmarket",https://prices.pokemontcg.io/tcgplayer/g1-15,https://images.pokemontcg.io/g1/15_hires.png,2026/08/08,2026/07/01,0.68,0.3400000035762787,0.6600000262260437,29.989999771118164,,2.64,,,,0.7498,0.0692,0.7036,1.8456,0.46140000224113464,0.6921,0.6806,1.1535,1.7418,2.2378,1.1535,2026-08-09
pl1-25,Dustox,normal,Platinum,25,Rare,Yukiko Baba,Stage 2,269,Pokémon,2009/02/11,"tcgplayer,cardmarket",https://prices.pokemontcg.io/tcgplayer/pl1-25,https://images.pokemontcg.io/pl1/25_hires.png,2026/08/08,2026/06/27,2.24,2.0399999618530273,2.640000104904175,55.5,,7.16,,,,1.1304,0.0577,0.8997,2.3993,0.8651000261306763,1.2919,0.9113,1.4419,2.3993,1.8571,1.1535,2026-08-09
sm75-23,Croconaw,normal,Dragon Majesty,23,Uncommon,Ken Sugimori,Stage 1,159,Pokémon,2018/09/07,"tcgplayer,cardmarket",https://prices.pokemontcg.io/tcgplayer/sm75-23,https://images.pokemontcg.io/sm75/23_hires.png,2026/08/08,2026/06/25,0.45,0.1899999976158142,0.4300000071525574,19.979999542236328,,0.98,,,,0.2999,0.0231,0.3114,1.3496,0.23070000112056732,0.2999,0.2884,2.2955,2.0763,2.1109,1.1535,2026-08-09
xy8-21,Houndoom-EX,holofoil,BREAKthrough,21,Rare Holo EX,Eske Yoshinob,Basic|EX,229,Pokémon,2015/11/04,"tcgplayer,cardmarket",https://prices.pokemontcg.io/tcgplayer/xy8-21,https://images.pokemontcg.io/xy8/21_hires.png,2026/08/08,2026/06/22,6.47,3.680000066757202,6.449999809265137,133.0,,,,,,6.0443,3.449,6.275,0.0,10.369999885559082,6.2174,6.425,2.7684,4.1411,3.3221,1.1535,2026-08-09
xy5-25,Torchic,normal,Primal Clash,25,Common,sui,Basic,255,Pokémon,2015/02/04,"tcgplayer,cardmarket",https://prices.pokemontcg.io/tcgplayer/xy5-25,https://images.pokemontcg.io/xy5/25_hires.png,2026/08/08,2026/05/14,0.26,0.05000000074505806,0.25999999046325684,1000.0,,0.96,,,,0.1038,0.0231,1.5572,2.2839,11.53499984741211,1.7649,0.3922,1.1535,1.9148,1.0958,1.1535,2026-08-09
sm12-27,Magcargo,normal,Cosmic Eclipse,27,Rare,Miki Tanaka,Stage 1,219,Pokémon,2019/11/01,"tcgplayer,cardmarket",https://prices.pokemontcg.io/tcgplayer/sm12-27,https://images.pokemontcg.io/sm12/27_hires.png,2026/08/08,2026/05/07,0.3,0.09000000357627869,0.30000001192092896,19.979999542236328,,0.5,,,,0.4037,0.0231,0.323,0.9805,0.51910001039505,0.346,0.3922,0.9228,1.0728,0.6921,1.1535,2026-08-09
bw9-24,Tympole,normal,Plasma Freeze,24,Common,MAHOU,Basic,535,Pokémon,2013/05/08,"tcgplayer,cardmarket",https://prices.pokemontcg.io/tcgplayer/bw9-24,https://images.pokemontcg.io/bw9/24_hires.png,2026/08/08,2026/06/22,0.2,0.07000000029802322,0.25,19.979999542236328,,0.68,,,,0.173,0.0231,0.1846,0.8536,0.17299999296665192,0.15,0.1615,0.5537,0.8305,0.7036,1.1535,2026-08-09
xy8-22,M Houndoom-EX,holofoil,BREAKthrough,22,Rare Holo EX,5ban Graphics,MEGA|EX,229,Pokémon,2015/11/04,"tcgplayer,cardmarket",https://prices.pokemontcg.io/tcgplayer/xy8-22,https://images.pokemontcg.io/xy8/22_hires.png,2026/08/08,2026/06/22,22.66,14.0,22.489999771118164,197.85000610351562,,,,,,26.7958,8.6512,24.1889,0.0,11.53499984741211,22.1933,24.2696,2.8838,4.9139,5.6868,1.1535,2026-08-09
np-16,Treecko,holofoil,Nintendo Black Star Promos,16,Promo,Kagemaru Himeno,Basic,252,Pokémon,2003/10/01,"tcgplayer,cardmarket",https://prices.pokemontcg.io/tcgplayer/np-16,https://images.pokemontcg.io/np/16_hires.png,2026/08/08,2026/07/01,25.91,20.670000076293945,33.970001220703125,1055.93994140625,,,,,,15.9298,1.7302,12.9538,0.0,5.75600004196167,14.9494,13.1845,1.7187,2.6069,2.0994,1.1535,2026-08-09
sm10-20,Reshiram & Charizard-GX,holofoil,Unbroken Bonds,20,Rare Holo GX,Mitsuhiro Arita,Basic|TAG TEAM|GX,6|643,Pokémon,2019/05/03,"tcgplayer,cardmarket",https://prices.pokemontcg.io/tcgplayer/sm10-20,https://images.pokemontcg.io/sm10/20_hires.png,2026/08/08,2026/06/08,60.17,44.869998931884766,59.45000076293945,541.530029296875,,,,,,11.535,0.0,13.2422,0.0,11.53499984741211,13.7843,13.7843,0.0,0.0,0.0,1.1535,2026-08-09
xy1-26,Delphox,holofoil,XY,26,Rare Holo,5ban Graphics,Stage 2,655,Pokémon,2014/02/05,"tcgplayer,cardmarket",https://prices.pokemontcg.io/tcgplayer/xy1-26,https://images.pokemontcg.io/xy1/26_hires.png,2026/08/08,2026/05/18,3.11,1.0,2.0,1064.3399658203125,,2.06,,,,1.9494,0.173,2.4454,4.118,3.4605000019073486,2.457,1.9725,4.0373,2.63,2.7684,1.1535,2026-08-09
xy10-25,Alakazam-EX,holofoil,Fates Collide,25,Rare Holo EX,PLANETA,Basic|EX,65,Pokémon,2016/05/02,"tcgplayer,cardmarket",https://prices.pokemontcg.io/tcgplayer/xy10-25,https://images.pokemontcg.io/xy10/25_hires.png,2026/08/08,2026/06/08,12.81,4.0,12.789999961853027,119.5999984741211,,,,,,6.6903,2.307,8.2245,0.0,17.302499771118164,8.8473,7.2786,2.8838,6.7826,5.5714,1.1535,2026-08-09
swsh2-20,Applin,normal,Rebel Clash,20,Common,Mizue,Basic,840,Pokémon,2020/05/01,"tcgplayer,cardmarket",https://prices.pokemontcg.io/tcgplayer/swsh2-20,https://images.pokemontcg.io/swsh2/20_hires.png,2026/08/08,2026/06/18,0.23,0.009999999776482582,0.23000000417232513,19.979999542236328,,0.35,,,,0.0577,0.0231,0.1384,0.2884,0.05770000070333481,0.2192,0.0807,0.173,0.2653,0.2653,1.1535,2026-08-09
swshp-SWSH016,Inteleon V,holofoil,SWSH Black Star Promos,SWSH016,Promo,5ban Graphics,Basic|V,818,Pokémon,2019/11/15,"tcgplayer,cardmarket",https://prices.pokemontcg.io/tcgplayer/swshp-SWSH016,https://images.pokemontcg.io/swshp/SWSH016_hires.png,2026/08/08,2026/06/20,1.01,0.30000001192092896,1.0099999904632568,17.020000457763672,,,,,,1.2458,0.2192,1.2573,0.0,1.153499960899353,1.3265,1.1996,1.488,1.8687,2.134,1.1535,2026-08-09
ex12-28,Wobbuffet,normal,Legend Maker,28,Rare,Kouki Saitou,Basic,202,Pokémon,2006/02/01,"tcgplayer,cardmarket",https://prices.pokemontcg.io/tcgplayer/ex12-28,https://images.pokemontcg.io/ex12/28_hires.png,2026/08/08,2026/06/28,3.2,0.8100000023841858,2.5,19.75,,44.84,,,,2.5031,0.1038,2.134,8.582,1.0958000421524048,2.5031,2.1224,3.8412,7.5208,9.4356,1.1535,2026-08-09
ex14-22,Kingler δ,normal,Crystal Guardians,22,Rare,Masakazu Fukuda,Stage 1,99,Pokémon,2006/08/01,"tcgplayer,cardmarket",https://prices.pokemontcg.io/tcgplayer/ex14-22,https://images.pokemontcg.io/ex14/22_hires.png,2026/08/08,2026/06/27,5.95,2.0,4.96999979019165,88.30000305175781,,48.61,,,,3.3451,0.6344,3.8758,24.7426,3.80649995803833,2.953,3.3105,20.763,18.5829,19.0443,1.1535,2026-08-09
mcd12-5,Dewott,holofoil,McDonald's Collection 2012,5,,Masakazu Fukuda,Stage 1,502,Pokémon,2012/06/15,"tcgplayer,cardmarket",https://prices.pokemontcg.io/tcgplayer/mcd12-5,https://images.pokemontcg.io/mcd12/5_hires.png,2026/08/08,2026/07/01,7.14,3.049999952316284,3.490000009536743,100.0,,,,,,12.5501,7.9592,13.7959,0.0,14.361100196838379,15.503,13.842,5.7675,4.6601,4.6601,1.1535,2026-08-09
ex5-19,Huntail,normal,Hidden Legends,19,Rare,Kagemaru Himeno,Stage 1,367,Pokémon,2004/06/01,"tcgplayer,cardmarket",https://prices.pokemontcg.io/tcgplayer/ex5-19,https://images.pokemontcg.io/ex5/19_hires.png,2026/08/08,2026/07/01,0.96,0.20000000298023224,0.8399999737739563,19.979999542236328,,10.76,,,,0.6806,0.0577,0.646,3.4605,0.05770000070333481,0.6921,0.646,3.4605,3.5182,3.0798,1.1535,2026-08-09
basep-21,Moltres,normal,Wizards Black Star Promos,21,Promo,Toshinao Aoki,Basic,146,Pokémon,1999/07/01,"tcgplayer,cardmarket",https://prices.pokemontcg.io/tcgplayer/basep-21,https://images.pokemontcg.io/basep/21_hires.png,2026/08/08,2026/07/01,19.58,9.0,19.899999618530273,9999.0,,,,,,9.6894,0.2192,11.3735,0.0,8.2475004196167,9.8163,9.9201,1.7187,1.5572,1.5572,1.1535,2026-08-09
pl4-26,Porygon-Z G,normal,Arceus,26,Rare,Nobuyuki Fujimoto,Basic|SP,474,Pokémon,2009/11/04,"tcgplayer,cardmarket",https://prices.pokemontcg.io/tcgplayer/pl4-26,https://images.pokemontcg.io/pl4/26_hires.png,2026/08/08,2026/06/18,1.89,1.0,1.8300000429153442,19.979999542236328,,8.07,,,,0.8651,0.1038,0.8651,2.7915,1.3726999759674072,0.9574,0.9689,2.8838,3.0798,1.7995,1.1535,2026-08-09
xyp-XY17,Charizard-EX,holofoil,XY Black Star Promos,XY17,Promo,5ban Graphics,Basic|EX,6,Pokémon,2013/10/12,"tcgplayer,cardmarket",https://prices.pokemontcg.io/tcgplayer/xyp-XY17,https://images.pokemontcg.io/xyp/XY17_hires.png,2026/08/08,2026/07/01,35.02,17.290000915527344,34.790000915527344,272.95001220703125,,,,,,36.8543,3.4605,31.0753,0.0,6.921000003814697,18.3868,27.3495,10.3815,17.3025,14.7994,1.1535,2026-08-09
ex7-26,Quagsire,normal,Team Rocket Returns,26,Rare,Miki Tanaka,Stage 1,195,Pokémon,2004/11/01,"tcgplayer,cardmarket",https://prices.pokemontcg.io/tcgplayer/ex7-26,https://images.pokemontcg.io/ex7/26_hires.png,2026/08/08,2026/06/29,7.52,8.75,11.739999771118164,59.900001525878906,,84.54,,,,2.5492,0.2884,3.3913,0.0,3.4028000831604004,2.5031,2.8145,50.754,31.6405,21.582,1.1535,2026-08-09
sm4-18,Gyarados-GX,holofoil,Crimson Invasion,18,Rare Holo GX,5ban Graphics,Stage 1|GX,130,Pokémon,2017/11/03,"tcgplayer,cardmarket",https://prices.pokemontcg.io/tcgplayer/sm4-18,https://images.pokemontcg.io/sm4/18_hires.png,2026/08/08,2026/06/21,19.61,11.529999732971191,20.84000015258789,300.0,,,,,,26.7843,1.1535,60.9509,0.0,14.822500228881836,48.62,21.4666,5.5714,6.0328,6.102,1.1535,2026-08-09
ex6-20,Cloyster,normal,FireRed & LeafGreen,20,Rare,Aya Kusube,Stage 1,91,Pokémon,2004/09/01,"tcgplayer,cardmarket",https://prices.pokemontcg.io/tcgplayer/ex6-20,https://images.pokemontcg.io/ex6/20_hires.png,2026/08/08,2026/07/01,2.54,1.850000023841858,3.059999942779541,30.100000381469727,,34.82,,,,2.7223,0.1154,2.3647,6.9441,1.6610000133514404,2.0071,2.6069,6.3327,35.6893,13.7382,1.1535,2026-08-09
ecard3-H22,Piloswine,holofoil,Skyridge,H22,Rare Holo,Yuka Morii,Stage 1,221,Pokémon,2003/05/12,"tcgplayer,cardmarket",https://prices.pokemontcg.io/tcgplayer/ecard3-H22,https://images.pokemontcg.io/ecard3/H22_hires.png,2026/08/08,2026/07/01,388.45,144.89999389648438,975.0,1000.0,,,,,,129.3766,46.1285,210.2946,0.0,126.88500213623047,120.0101,199.1518,21.905,22.6432,22.4817,1.1535,2026-08-09
hgss2-25,Torkoal,normal,HS—Unleashed,25,Rare,Hideaki Hakozaki,Basic,324,Pokémon,2010/05/12,"tcgplayer,cardmarket",https://prices.pokemontcg.io/tcgplayer/hgss2-25,https://images.pokemontcg.io/hgss2/25_hires.png,2026/08/08,2026/06/25,0.84,0.4399999976158142,0.7099999785423279,19.979999542236328,,14.99,,,,0.5191,0.0231,0.5883,3.6912,0.05770000070333481,0.4383,0.6114,3.7143,2.4224,2.9645,1.1535,2026-08-09
hgss4-26,Machamp,normal,HS—Triumphant,26,Rare,Shin Nagasawa,Stage 2,68,Pokémon,2010/11/03,"tcgplayer,cardmarket",https://prices.pokemontcg.io/tcgplayer/hgss4-26,https://images.pokemontcg.io/hgss4/26_hires.png,2026/08/08,2026/06/21,1.72,0.9399999976158142,1.600000023841858,19.979999542236328,,16.05,,,,2.0071,0.0577,1.6264,5.6291,1.1419999599456787,1.1535,1.5572,1.4419,5.1677,4.3256,1.1535,2026-08-09
ex13-23,Mawile,normal,Holon Phantoms,23,Rare,Mitsuhiro Arita,Basic,303,Pokémon,2006/05/01,"tcgplayer,cardmarket",https://prices.pokemontcg.io/tcgplayer/ex13-23,https://images.pokemontcg.io/ex13/23_hires.png,2026/08/08,2026/07/01,5.38,2.5799999237060547,6.75,95.81999969482422,,49.21,,,,1.5342,0.4614,1.7187,25.7577,3.4605000019073486,2.2378,2.8376,20.763,22.5509,19.102,1.1535,2026-08-09
bw3-20,Larvesta,normal,Noble Victories,20,Common,Naoki Saito,Basic,636,Pokémon,2011/11/16,"tcgplayer,cardmarket",https://prices.pokemontcg.io/tcgplayer/bw3-20,https://images.pokemontcg.io/bw3/20_hires.png,2026/08/08,2026/06/22,0.32,0.09000000357627869,0.30000001192092896,19.979999542236328,,1.04,,,,0.173,0.0231,0.1384,1.1304,0.11540000140666962,0.0692,0.1384,1.1535,1.1766,0.7613,1.1535,2026-08-09
bw2-17,Virizion,holofoil,Emerging Powers,17,Rare Holo,5ban Graphics,Basic,640,Pokémon,2011/08/31,"tcgplayer,cardmarket",https://prices.pokemontcg.io/tcgplayer/bw2-17,https://images.pokemontcg.io/bw2/17_hires.png,2026/08/08,2026/06/30,1.4,0.49000000953674316,1.5700000524520874,96.94999694824219,,1.76,,,,1.7764,0.1154,1.7187,0.9343,0.34599998593330383,1.2342,1.5226,3.3451,1.9956,1.6841,1.1535,2026-08-09
ex16-16,Magneton,normal,Power Keepers,16,Rare,Masakazu Fukuda,Stage 1,82,Pokémon,2007/02/02,"tcgplayer,cardmarket",https://prices.pokemontcg.io/tcgplayer/ex16-16,https://images.pokemontcg.io/ex16/16_hires.png,2026/08/08,2026/07/01,3.07,0.8999999761581421,2.190000057220459,43.06999969482422,,18.45,,,,2.1686,0.2192,1.6841,5.6406,0.23070000112056732,2.0648,1.2112,5.756,6.4365,6.3096,1.1535,2026-08-09
ex2-17,Golduck,normal,Sandstorm,17,Rare,Hajime Kusajima,Stage 1,55,Pokémon,2003/09/18,"tcgplayer,cardmarket",https://prices.pokemontcg.io/tcgplayer/ex2-17,https://images.pokemontcg.io/ex2/17_hires.png,2026/08/08,2026/07/01,3.23,1.75,4.949999809265137,33.79999923706055,,30.8,,,,1.3265,0.2307,1.1881,44.8481,1.6033999919891357,1.6956,1.5342,13.8305,22.424,14.1188,1.1535,2026-08-09
sm1-26,Incineroar,normal,Sun & Moon,26,Rare,Hitoshi Ariga,Stage 2,727,Pokémon,2017/02/03,"tcgplayer,cardmarket",https://prices.pokemontcg.io/tcgplayer/sm1-26,https://images.pokemontcg.io/sm1/26_hires.png,2026/08/08,2026/05/14,0.36,0.07999999821186066,0.30000001192092896,19.579999923706055,,0.46,,,,0.2768,0.0231,0.2538,0.4037,0.5651999711990356,0.2884,0.2768,0.2192,0.4037,0.5998,1.1535,2026-08-09
base4-27,Mr. Mime,normal,Base Set 2,27,Rare,Ken Sugimori,Basic,122,Pokémon,2000/02/24,"tcgplayer,cardmarket",https://prices.pokemontcg.io/tcgplayer/base4-27,https://images.pokemontcg.io/base4/27_hires.png,2026/08/08,2026/07/01,6.45,2.890000104904175,4.880000114440918,64.31999969482422,,,,,,5.0177,0.5767,5.4561,0.0,4.613999843597412,5.8828,5.4561,2.8838,3.6681,3.6681,1.1535,2026-08-09
xy0-20,Bisharp,normal,Kalos Starter Set,20,,Kagemaru Himeno,Stage 1,625,Pokémon,2013/11/08,"tcgplayer,cardmarket",https://prices.pokemontcg.io/tcgplayer/xy0-20,https://images.pokemontcg.io/xy0/20_hires.png,2026/08/08,2026/07/01,0.56,0.3199999928474426,0.5400000214576721,19.979999542236328,,,,,,2.3762,0.0231,1.1881,0.0,1.3035000562667847,2.0302,0.992,0.0,0.0,0.0,1.1535,2026-08-09
ex11-26,Rain Castform,normal,Delta Species,26,Rare,Miki Tanaka,Basic,351,Pokémon,2005/10/31,"tcgplayer,cardmarket",https://prices.pokemontcg.io/tcgplayer/ex11-26,https://images.pokemontcg.io/ex11/26_hires.png,2026/08/08,2026/06/27,5.28,2.569999933242798,6.489999771118164,78.5,,21.0,,,,7.1056,0.346,6.2404,10.2661,3.345099925994873,6.6326,3.3105,11.535,10.4276,9.3895,1.1535,2026-08-09
sm2-24,Tentacruel,normal,Guardians Rising,24,Uncommon,Masakazu Fukuda,Stage 1,73,Pokémon,2017/05/05,"tcgplayer,cardmarket",https://prices.pokemontcg.io/tcgplayer/sm2-24,https://images.pokemontcg.io/sm2/24_hires.png,2026/08/08,2026/06/11,0.16,0.05000000074505806,0.20000000298023224,19.979999542236328,,0.31,,,,0.1154,0.0231,0.0577,0.3807,0.1615000069141388,0.0923,0.1269,0.8421,0.5306,0.4037,1.1535,2026-08-09
sm75-24,Feraligatr,holofoil,Dragon Majesty,24,Rare Holo,Ken Sugimori,Stage 2,160,Pokémon,2018/09/07,"tcgplayer,cardmarket",https://prices.pokemontcg.io/tcgplayer/sm75-24,https://images.pokemontcg.io/sm75/24_hires.png,2026/08/08,2026/06/11,2.94,0.7400000095367432,2.9100000858306885,11.0,,10.71,,,,1.8341,0.173,2.2032,9.574,1.7302000522613525,1.811,1.661,2.307,7.4977,5.929,1.1535,2026-08-09
base1-26,Dratini,normal,Base,26,Uncommon,Ken Sugimori,Basic,147,Pokémon,1999/01/09,"tcgplayer,cardmarket",https://prices.pokemontcg.io/tcgplayer/base1-26,https://images.pokemontcg.io/base1/26_hires.png,2026/08/08,2026/07/01,3.76,0.4000000059604645,1.3799999952316284,69.9800033569336,,,,,,27.8109,3.4605,31.0753,0.0,4.602499961853027,27.8109,21.0398,0.0,0.0,0.0,1.1535,2026-08-09
ex15-14,Cloyster δ,normal,Dragon Frontiers,14,Rare,Mitsuhiro Arita,Stage 1,91,Pokémon,2006/11/01,"tcgplayer,cardmarket",https://prices.pokemontcg.io/tcgplayer/ex15-14,https://images.pokemontcg.io/ex15/14_hires.png,2026/08/08,2026/07/01,1.39,0.6200000047683716,1.3899999856948853,19.979999542236328,,23.71,,,,1.3381,0.1154,1.3265,5.7098,2.1800999641418457,0.992,1.5457,5.7675,10.3469,10.5661,1.1535,2026-08-09
sm6-20,Palkia-GX,holofoil,Forbidden Light,20,Rare Holo GX,5ban Graphics,Basic|GX,484,Pokémon,2018/05/04,"tcgplayer,cardmarket",https://prices.pokemontcg.io/tcgplayer/sm6-20,https://images.pokemontcg.io/sm6/20_hires.png,2026/08/08,2026/05/31,5.29,3.9200000762939453,5.239999771118164,48.099998474121094,,,,,,6.1943,1.6726,4.6255,0.0,2.1916000843048096,5.8713,6.252,7.59,7.5554,6.6903,1.1535,2026-08-09
dp4-21,Lapras,normal,Great Encounters,21,Rare,Atsuko Nishida,Basic,131,Pokémon,2008/02/01,"tcgplayer,cardmarket",https://prices.pokemontcg.io/tcgplayer/dp4-21,https://images.pokemontcg.io/dp4/21_hires.png,2026/08/08,2026/06/27,16.96,10.229999542236328,48.5,159.89999389648438,,37.32,,,,3.0798,0.5767,1.8687,5.6406,0.8651000261306763,3.0798,3.4951,3.4605,5.6868,6.1597,1.1535,2026-08-09
bw6-28,Milotic,holofoil,Dragons Exalted,28,Rare Holo,Mizue,Stage 1,350,Pokémon,2012/08/15,"tcgplayer,cardmarket",https://prices.pokemontcg.io/tcgplayer/bw6-28,https://images.pokemontcg.io/bw6/28_hires.png,2026/08/08,2026/06/25,3.78,1.9800000190734863,3.640000104904175,39.20000076293945,,6.5,,,,1.984,0.0923,3.622,2.9991,1.153499960899353,1.8456,3.7489,2.307,3.0106,3.1837,1.1535,2026-08-09
hgss1-29,Sandslash,normal,HeartGold & SoulSilver,29,Rare,Yukiko Baba,Stage 1,28,Pokémon,2010/02/10,"tcgplayer,cardmarket",https://prices.pokemontcg.io/tcgplayer/hgss1-29,https://images.pokemontcg.io/hgss1/29_hires.png,2026/08/08,2026/06/08,2.79,0.6499999761581421,2.75,67.19999694824219,,6.95,,,,1.0843,0.1154,0.8074,2.5838,2.2955000400543213,1.0035,1.2342,2.2955,2.6761,2.5838,1.1535,2026-08-09
neo4-26,Light Piloswine,unlimited,Neo Destiny,26,Rare,Yukiko Baba,Stage 1,221,Pokémon,2002/02/28,"tcgplayer,cardmarket",https://prices.pokemontcg.io/tcgplayer/neo4-26,https://images.pokemontcg.io/neo4/26_hires.png,2026/08/08,2026/07/01,14.97,12.539999961853027,18.940000534057617,814.1400146484375,,,,,"{""1stEdition"": {""low"": 24.95, ""mid"": 45.63, ""high"": 407.5, ""market"": 39.88, ""directLow"": null}}",9.551,1.7302,10.1508,0.0,23.058500289916992,10.8083,11.1543,1.7302,2.5146,2.5146,1.1535,2026-08-09
bw1-24,Darumaka,normal,Black & White,24,Uncommon,Masakazu Fukuda,Basic,554,Pokémon,2011/04/25,"tcgplayer,cardmarket",https://prices.pokemontcg.io/tcgplayer/bw1-24,https://images.pokemontcg.io/bw1/24_hires.png,2026/08/08,2026/06/18,0.47,0.15000000596046448,0.4699999988079071,19.31999969482422,,4.95,,,,0.2653,0.0231,0.1961,0.0,0.426800012588501,0.2768,0.2653,1.0728,1.1189,1.5111,1.1535,2026-08-09
pl2-22,Gastrodon West Sea,normal,Rising Rivals,22,Rare,Kyoko Umemoto,Stage 1,423,Pokémon,2009/05/16,"tcgplayer,cardmarket",https://prices.pokemontcg.io/tcgplayer/pl2-22,https://images.pokemontcg.io/pl2/22_hires.png,2026/08/08,2026/06/27,2.97,4.989999771118164,28.0,35.20000076293945,,8.45,,,,2.3647,0.0923,2.0763,1.9609,0.51910001039505,1.9033,1.3496,1.4995,1.6841,1.7879,1.1535,2026-08-09
gym2-27,Koga's Pidgeotto,unlimited,Gym Challenge,27,Rare,Ken Sugimori,Stage 1,17,Pokémon,2000/10/16,"tcgplayer,cardmarket",https://prices.pokemontcg.io/tcgplayer/gym2-27,https://images.pokemontcg.io/gym2/27_hires.png,2026/08/08,2026/07/01,10.78,6.989999771118164,10.210000038146973,102.0,,,,,"{""1stEdition"": {""low"": 19.9, ""mid"": 23.81, ""high"": 349.9, ""market"": 20.07, ""directLow"": null}}",13.3575,2.307,15.8029,0.0,34.46659851074219,16.0337,12.0195,0.0,0.0,0.0,1.1535,2026-08-09
smp-SM16,Solgaleo-GX,holofoil,SM Black Star Promos,SM16,Promo,5ban Graphics,Stage 2|GX,791,Pokémon,2017/02/03,"tcgplayer,cardmarket",https://prices.pokemontcg.io/tcgplayer/smp-SM16,https://images.pokemontcg.io/smp/SM16_hires.png,2026/08/08,2026/07/01,2.51,1.3899999856948853,2.5,29.979999542236328,,,,,,2.7684,0.3807,2.3531,0.0,1.118899941444397,2.8491,3.0106,2.307,3.3336,3.5412,1.1535,2026-08-09
xy2-30,Bergmite,normal,Flashfire,30,Common,5ban Graphics,Basic,712,Pokémon,2014/05/07,"tcgplayer,cardmarket",https://prices.pokemontcg.io/tcgplayer/xy2-30,https://images.pokemontcg.io/xy2/30_hires.png,2026/08/08,2026/03/11,0.24,0.03999999910593033,0.23000000417232513,1000.0,,0.53,,,,0.0692,0.0231,0.0692,0.5767,0.05770000070333481,0.0692,0.1038,0.5767,0.5767,0.4268,1.1535,2026-08-09
swsh35-26,Machamp,holofoil,Champion's Path,26,Rare Holo,Anesaki Dynamic,Stage 2,68,Pokémon,2020/09/25,"tcgplayer,cardmarket",https://prices.pokemontcg.io/tcgplayer/swsh35-26,https://images.pokemontcg.io/swsh35/26_hires.png,2026/08/08,2026/06/18,0.27,0.09000000357627869,0.30000001192092896,3.690000057220459,,0.36,,,,0.2422,0.0231,0.2538,0.3922,0.20759999752044678,0.2422,0.2422,0.4614,0.496,0.3922,1.1535,2026-08-09
dp3-30,Jynx,normal,Secret Wonders,30,Rare,Kagemaru Himeno,Basic,124,Pokémon,2007/11/01,"tcgplayer,cardmarket",https://prices.pokemontcg.io/tcgplayer/dp3-30,https://images.pokemontcg.io/dp3/30_hires.png,2026/08/08,2026/06/11,0.85,0.5,0.800000011920929,19.979999542236328,,3.18,,,,1.0958,0.1154,0.8536,0.9574,0.8651000261306763,0.5883,1.1304,2.5954,1.2804,1.3496,1.1535,2026-08-09
bwp-BW17,Ducklett,holofoil,BW Black Star Promos,BW17,Promo,Kagemaru Himeno,Basic,580,Pokémon,2011/03/01,"tcgplayer,cardmarket",https://prices.pokemontcg.io/tcgplayer/bwp-BW17,https://images.pokemontcg.io/bwp/BW17_hires.png,2026/08/08,2026/07/01,1.76,0.7200000286102295,1.6699999570846558,29.299999237060547,,,,,,5.929,4.614,6.1828,0.0,4.498600006103516,6.0328,4.8678,2.8722,3.0222,3.0222,1.1535,2026-08-09
ecard2-H28,Tyranitar,holofoil,Aquapolis,H28,Rare Holo,Naoyo Kimura,Stage 2,248,Pokémon,2003/01/15,"tcgplayer,cardmarket",https://prices.pokemontcg.io/tcgplayer/ecard2-H28,https://images.pokemontcg.io/ecard2/H28_hires.png,2026/08/08,2026/07/01,700.0,725.010009765625,729.3900146484375,1800.0,,,,,,481.6785,98.0475,521.209,0.0,922.7999877929688,304.6278,390.5982,138.4085,65.0459,55.2988,1.1535,2026-08-09
sm3-23,Simisear,normal,Burning Shadows,23,Uncommon,kirisAki,Stage 1,514,Pokémon,2017/08/05,"tcgplayer,cardmarket",https://prices.pokemontcg.io/tcgplayer/sm3-23,https://images.pokemontcg.io/sm3/23_hires.png,2026/08/08,2026/05/14,0.02,0.009999999776482582,0.20000000298023224,19.979999542236328,,0.3,,,,0.0577,0.0231,0.0692,0.1961,0.11540000140666962,0.0577,0.0577,0.0231,0.2076,0.2653,1.1535,2026-08-09
sm11-17,Bounsweet,normal,Unified Minds,17,Common,Mizue,Basic,761,Pokémon,2019/08/02,"tcgplayer,cardmarket",https://prices.pokemontcg.io/tcgplayer/sm11-17,https://images.pokemontcg.io/sm11/17_hires.png,2026/08/08,2026/06/08,0.22,0.05000000074505806,0.23000000417232513,5.0,,0.41,,,,0.0923,0.0231,0.0461,0.5075,0.04610000178217888,0.0577,0.0692,0.5652,0.5652,0.4499,1.1535,2026-08-09
dc1-17,Team Magma's Poochyena,normal,Double Crisis,17,Common,TOKIYA,Basic,261,Pokémon,2015/03/25,"tcgplayer,cardmarket",https://prices.pokemontcg.io/tcgplayer/dc1-17,https://images.pokemontcg.io/dc1/17_hires.png,2026/08/08,2026/07/01,2.28,1.0,1.590000033378601,4.0,,11.67,,,,7.1632,2.2493,5.8598,14.5918,5.190700054168701,5.8944,5.0523,10.3815,13.5421,10.4161,1.1535,2026-08-09
base5-23,Dark Dugtrio,unlimited,Team Rocket,23,Rare,Kagemaru Himeno,Stage 1,51,Pokémon,2000/04/24,"tcgplayer,cardmarket",https://prices.pokemontcg.io/tcgplayer/base5-23,https://images.pokemontcg.io/base5/23_hires.png,2026/08/08,2026/07/01,13.53,4.489999771118164,7.5,84.48999786376953,,,,,"{""1stEdition"": {""low"": 9.95, ""mid"": 13.08, ""high"": 9999.0, ""market"": 14.59, ""directLow"": 10.49}}",11.6273,1.4419,12.5501,0.0,11.038999557495117,11.1543,12.0541,5.1907,3.3682,3.1145,1.1535,2026-08-09
bw4-28,Panpour,normal,Next Destinies,28,Common,Reiko Tanoue,Basic,515,Pokémon,2012/02/08,"tcgplayer,cardmarket",https://prices.pokemontcg.io/tcgplayer/bw4-28,https://images.pokemontcg.io/bw4/28_hires.png,2026/08/08,2026/05/14,0.26,0.05000000074505806,0.28999999165534973,19.979999542236328,,0.98,,,,0.1846,0.0231,0.1846,0.1154,0.34599998593330383,0.2422,0.1961,0.1154,0.7382,0.5883,1.1535,2026-08-09
xy11-29,Gastrodon,normal,Steam Siege,29,Rare,Aya Kusube,Stage 1,423,Pokémon,2016/08/03,"tcgplayer,cardmarket",https://prices.pokemontcg.io/tcgplayer/xy11-29,https://images.pokemontcg.io/xy11/29_hires.png,2026/08/08,2026/06/08,0.51,0.25,0.5199999809265137,2.990000009536743,,0.86,,,,0.346,0.0577,0.346,0.7267,0.2768000066280365,0.4383,0.4037,0.5191,0.7036,0.8651,1.1535,2026-08-09
swsh1-25,Victini V,holofoil,Sword & Shield,25,Rare Holo V,PLANETA Tsuji,Basic|V,494,Pokémon,2020/02/07,"tcgplayer,cardmarket",https://prices.pokemontcg.io/tcgplayer/swsh1-25,https://images.pokemontcg.io/swsh1/25_hires.png,2026/08/08,2026/03/11,1.15,0.800000011920929,1.2400000095367432,19.979999542236328,,,,,,1.7302,0.5767,1.5342,0.0,1.0266000032424927,1.3727,1.7072,6.3327,5.6291,5.4445,1.1535,2026-08-09
base3-27,Moltres,unlimited,Fossil,27,Rare,Mitsuhiro Arita,Basic,146,Pokémon,1999/10/10,"tcgplayer,cardmarket",https://prices.pokemontcg.io/tcgplayer/base3-27,https://images.pokemontcg.io/base3/27_hires.png,2026/08/08,2026/07/01,10.82,5.0,8.5,94.66999816894531,,,,,"{""1stEdition"": {""low"": 15.14, ""mid"": 30.0, ""high"": 138.65, ""market"": 29.7, ""directLow"": 15.14}}",14.3611,1.1535,10.3238,0.0,16.14900016784668,10.0816,14.3149,13.842,16.2182,21.2359,1.1535,2026-08-09
sm7-22,Dhelmise,normal,Celestial Storm,22,Rare,Kyoko Umemoto,Basic,781,Pokémon,2018/08/03,"tcgplayer,cardmarket",https://prices.pokemontcg.io/tcgplayer/sm7-22,https://images.pokemontcg.io/sm7/22_hires.png,2026/08/08,2026/06/08,0.3,0.10000000149011612,0.30000001192092896,19.979999542236328,,0.47,,,,0.5191,0.0577,0.3345,1.2112,0.17299999296665192,0.3576,0.2538,0.5767,1.1535,1.0958,1.1535,2026-08-09
xy9-15,Heatmor,normal,BREAKpoint,15,Uncommon,match,Basic,631,Pokémon,2016/02/03,"tcgplayer,cardmarket",https://prices.pokemontcg.io/tcgplayer/xy9-15,https://images.pokemontcg.io/xy9/15_hires.png,2026/08/08,2026/06/27,0.03,0.009999999776482582,0.20000000298023224,1000.0,,0.36,,,,0.1038,0.0231,0.1038,1.0728,0.11540000140666962,0.1038,0.1038,0.992,0.5652,0.5191,1.1535,2026-08-09
neo1-19,Metal Energy,1stEditionHolofoil,Neo Genesis,19,Rare Holo,Milky Isobe,Special,,Energy,2000/12/16,"tcgplayer,cardmarket",https://prices.pokemontcg.io/tcgplayer/neo1-19,https://images.pokemontcg.io/neo1/19_hires.png,2026/08/08,2026/07/01,27.77,16.989999771118164,25.549999237060547,251.27000427246094,,,,,"{""unlimitedHolofoil"": {""low"": 9.75, ""mid"": 11.49, ""high"": 147.25, ""market"": 15.12, ""directLow"": 147.25}}",11.1543,0.9113,9.1127,0.0,9.216500282287598,8.6051,10.7506,2.307,7.5093,5.9059,1.1535,2026-08-09
bw10-30,Kyurem-EX,holofoil,Plasma Blast,30,Rare Holo EX,Eske Yoshinob,Basic|EX,646,Pokémon,2013/08/14,"tcgplayer,cardmarket",https://prices.pokemontcg.io/tcgplayer/bw10-30,https://images.pokemontcg.io/bw10/30_hires.png,2026/08/08,2026/05/14,13.81,6.5,13.850000381469727,166.1999969482422,,,,,,18.133,2.307,11.0505,0.0,9.216500282287598,13.6459,8.9166,3.4605,4.3256,4.0603,1.1535,2026-08-09
xy3-16,Poliwhirl,normal,Furious Fists,16,Uncommon,Kanako Eo,Stage 1,61,Pokémon,2014/08/13,"tcgplayer,cardmarket",https://prices.pokemontcg.io/tcgplayer/xy3-16,https://images.pokemontcg.io/xy3/16_hires.png,2026/08/08,2026/06/25,0.88,0.17000000178813934,0.5099999904632568,19.989999771118164,,1.24,,,,0.4037,0.0577,0.4153,1.165,1.0151000022888184,0.3691,0.3807,4.0373,1.8341,1.6956,1.1535,2026-08-09
col1-27,Meganium,normal,Call of Legends,27,Rare,Shin Nagasawa,Stage 2,154,Pokémon,2011/02/09,"tcgplayer,cardmarket",https://prices.pokemontcg.io/tcgplayer/col1-27,https://images.pokemontcg.io/col1/27_hires.png,2026/08/08,2026/06/27,4.79,1.9900000095367432,3.9200000762939453,50.599998474121094,,4.25,,,,3.5182,0.1154,2.8491,11.8003,1.038100004196167,3.622,3.3682,13.7843,9.6779,8.0745,1.1535,2026-08-09
xy9-16,Psyduck,normal,BREAKpoint,16,Common,Kagemaru Himeno,Basic,54,Pokémon,2016/02/03,"tcgplayer,cardmarket",https://prices.pokemontcg.io/tcgplayer/xy9-16,https://images.pokemontcg.io/xy9/16_hires.png,2026/08/08,2026/06/27,1.25,0.3100000023841858,1.2000000476837158,19.989999771118164,,14.53,,,,1.0035,0.0231,0.9459,13.5536,0.15000000596046448,1.1881,1.0266,10.3815,15.999,8.6397,1.1535,2026-08-09
bw1-25,Darmanitan,normal,Black & White,25,Rare,Naoki Saito,Stage 1,555,Pokémon,2011/04/25,"tcgplayer,cardmarket",https://prices.pokemontcg.io/tcgplayer/bw1-25,https://images.pokemontcg.io/bw1/25_hires.png,2026/08/08,2026/06/18,0.8,0.38999998569488525,0.75,19.979999542236328,,2.33,,,,0.7036,0.0231,0.3576,1.142,1.3265000581741333,0.7267,0.7498,1.142,2.1109,1.6726,1.1535,2026-08-09
bw11-28,Reshiram,holofoil,Legendary Treasures,28,Rare Holo,Aya Kusube,Basic,643,Pokémon,2013/11/06,"tcgplayer,cardmarket",https://prices.pokemontcg.io/tcgplayer/bw11-28,https://images.pokemontcg.io/bw11/28_hires.png,2026/08/08,2026/06/08,31.54,12.989999771118164,32.54999923706055,197.39999389648438,,38.19,,,,22.2626,14.984,0.0231,23.0123,28.779800415039062,22.0434,69.7983,23.0123,21.409,22.0895,1.1535,2026-08-09
swsh1-26,Heatmor,normal,Sword & Shield,26,Uncommon,kawayoo,Basic,631,Pokémon,2020/02/07,"tcgplayer,cardmarket",https://prices.pokemontcg.io/tcgplayer/swsh1-26,https://images.pokemontcg.io/swsh1/26_hires.png,2026/08/08,2026/03/11,0.02,0.009999999776482582,0.1599999964237213,19.979999542236328,,0.37,,,,0.0923,0.0231,0.0807,0.5306,0.09229999780654907,0.0807,0.0923,0.4499,0.4845,0.5537,1.1535,2026-08-09
sm75-25,Wooper,normal,Dragon Majesty,25,Common,Shibuzoh.,Basic,194,Pokémon,2018/09/07,"tcgplayer,cardmarket",https://prices.pokemontcg.io/tcgplayer/sm75-25,https://images.pokemontcg.io/sm75/25_hires.png,2026/08/08,2026/06/11,2.62,1.9900000095367432,2.630000114440918,25.600000381469727,,16.34,,,,0.5191,0.0231,0.346,1.3496,0.17299999296665192,0.4383,0.496,0.8074,2.4454,3.4836,1.1535,2026-08-09
ex9-28,Grovyle,normal,Emerald,28,Uncommon,Mitsuhiro Arita,Stage 1,253,Pokémon,2005/05/01,"tcgplayer,cardmarket",https://prices.pokemontcg.io/tcgplayer/ex9-28,https://images.pokemontcg.io/ex9/28_hires.png,2026/08/08,2026/06/27,1.64,0.550000011920929,1.9900000095367432,19.59000015258789,,125.0,,,,0.6229,0.0231,0.4614,31.7212,0.8651000261306763,0.8997,0.6114,28.826,21.5358,17.8562,1.1535,2026-08-09
sm9-27,Golduck,normal,Team Up,27,Uncommon,Masakazu Fukuda,Stage 1,55,Pokémon,2019/02/01,"tcgplayer,cardmarket",https://prices.pokemontcg.io/tcgplayer/sm9-27,https://images.pokemontcg.io/sm9/27_hires.png,2026/08/08,2026/05/13,0.25,0.09000000357627869,0.25,19.979999542236328,,0.45,,,,0.1961,0.0231,0.1615,0.4729,0.219200000166893,0.1846,0.1615,0.5767,0.4153,0.4614,1.1535,2026-08-09
swsh3-20,Charizard VMAX,holofoil,Darkness Ablaze,20,Rare Holo VMAX,aky CG Works,VMAX,6,Pokémon,2020/08/14,"tcgplayer,cardmarket",https://prices.pokemontcg.io/tcgplayer/swsh3-20,https://images.pokemontcg.io/swsh3/20_hires.png,2026/08/08,2026/06/27,50.13,40.0,52.9900016784668,383.94000244140625,,,,,,47.0051,19.6095,51.5384,0.0,37.984798431396484,48.0779,50.1773,98.036,98.4051,96.7902,1.1535,2026-08-09
bw2-18,Pansear,normal,Emerging Powers,18,Common,Masakazu Fukuda,Basic,513,Pokémon,2011/08/31,"tcgplayer,cardmarket",https://prices.pokemontcg.io/tcgplayer/bw2-18,https://images.pokemontcg.io/bw2/18_hires.png,2026/08/08,2026/06/30,0.23,0.07999999821186066,0.25,5.0,,1.4,,,,0.1384,0.0231,0.1154,1.3611,0.05770000070333481,0.1269,0.15,1.3611,1.8456,1.1304,1.1535,2026-08-09
ex6-21,Dodrio,normal,FireRed & LeafGreen,21,Rare,Kagemaru Himeno,Stage 1,85,Pokémon,2004/09/01,"tcgplayer,cardmarket",https://prices.pokemontcg.io/tcgplayer/ex6-21,https://images.pokemontcg.io/ex6/21_hires.png,2026/08/08,2026/07/01,1.39,0.6499999761581421,1.4199999570846558,25.600000381469727,,19.52,,,,1.1881,0.2307,0.9689,8.0514,1.6033999919891357,0.9574,1.142,11.5235,7.0479,7.1171,1.1535,2026-08-09
swsh4-22,Zarude V,holofoil,Vivid Voltage,22,Rare Holo V,PLANETA Igarashi,Basic|V,893,Pokémon,2020/11/13,"tcgplayer,cardmarket",https://prices.pokemontcg.io/tcgplayer/swsh4-22,https://images.pokemontcg.io/swsh4/22_hires.png,2026/08/08,2026/05/19,0.65,0.25,0.9900000095367432,25.639999389648438,,,,,,1.0958,0.2884,0.9113,0.0,0.8421000242233276,1.1189,1.142,1.5572,1.661,1.9263,1.1535,2026-08-09
dp1-26,Floatzel,normal,Diamond & Pearl,26,Rare,Masahiko Ishii,Stage 1,419,Pokémon,2007/05/01,"tcgplayer,cardmarket",https://prices.pokemontcg.io/tcgplayer/dp1-26,https://images.pokemontcg.io/dp1/26_hires.png,2026/08/08,2026/06/27,1.04,0.20000000298023224,0.6800000071525574,19.979999542236328,,3.42,,,,0.5306,0.0231,0.5652,1.3842,0.51910001039505,0.4499,0.5537,1.3727,1.3496,2.457,1.1535,2026-08-09
np-17,Torchic,holofoil,Nintendo Black Star Promos,17,Promo,Kagemaru Himeno,Basic,255,Pokémon,2003/10/01,"tcgplayer,cardmarket",https://prices.pokemontcg.io/tcgplayer/np-17,https://images.pokemontcg.io/np/17_hires.png,2026/08/08,2026/07/01,18.85,20.510000228881836,31.8700008392334,174.5,,,,,,11.3504,1.142,10.1623,0.0,4.613999843597412,10.7622,17.0257,0.5652,2.5608,1.7418,1.1535,2026-08-09
bw5-21,Larvesta,normal,Dark Explorers,21,Common,Kouki Saitou,Basic,636,Pokémon,2012/05/09,"tcgplayer,cardmarket",https://prices.pokemontcg.io/tcgplayer/bw5-21,https://images.pokemontcg.io/bw5/21_hires.png,2026/08/08,2026/06/22,0.28,0.20999999344348907,0.27000001072883606,19.979999542236328,,2.99,,,,0.2768,0.0231,0.2653,4.5563,0.23070000112056732,0.2538,0.323,4.5563,1.7187,1.5226,1.1535,2026-08-09
sm115-27,Arbok,normal,Hidden Fates,27,Rare,kirisAki,Stage 1,24,Pokémon,2019/08/23,"tcgplayer,cardmarket",https://prices.pokemontcg.io/tcgplayer/sm115-27,https://images.pokemontcg.io/sm115/27_hires.png,2026/08/08,2026/05/08,0.38,0.11999999731779099,0.3499999940395355,19.979999542236328,,1.42,,,,0.7382,0.0577,0.323,0.669,0.5651999711990356,0.4383,0.6114,1.7302,0.7036,0.7152,1.1535,2026-08-09
ex16-17,Mawile,normal,Power Keepers,17,Rare,Ken Sugimori,Basic,303,Pokémon,2007/02/02,"tcgplayer,cardmarket",https://prices.pokemontcg.io/tcgplayer/ex16-17,https://images.pokemontcg.io/ex16/17_hires.png,2026/08/08,2026/07/01,2.48,1.1200000047683716,2.3299999237060547,19.979999542236328,,26.44,,,,1.4765,0.0577,1.1304,4.4756,1.7878999710083008,1.8225,1.2919,3.4605,4.9485,5.8944,1.1535,2026-08-09
sm4-19,Swinub,normal,Crimson Invasion,19,Common,Eri Yamaki,Basic,220,Pokémon,2017/11/03,"tcgplayer,cardmarket",https://prices.pokemontcg.io/tcgplayer/sm4-19,https://images.pokemontcg.io/sm4/19_hires.png,2026/08/08,2026/06/08,0.28,0.019999999552965164,0.25,19.979999542236328,,0.53,,,,0.1154,0.0231,0.1038,0.1961,0.03460000082850456,0.1384,0.1154,0.346,0.2422,0.4268,1.1535,2026-08-09
gym2-28,Lt. Surge's Jolteon,unlimited,Gym Challenge,28,Rare,Ken Sugimori,Stage 1,135,Pokémon,2000/10/16,"tcgplayer,cardmarket",https://prices.pokemontcg.io/tcgplayer/gym2-28,https://images.pokemontcg.io/gym2/28_hires.png,2026/08/08,2026/07/01,22.48,17.420000076293945,23.3799991607666,176.1999969482422,,,,,"{""1stEdition"": {""low"": 34.99, ""mid"": 49.99, ""high"": 148.85, ""market"": 48.93, ""directLow"": 99.99}}",23.6121,7.3824,24.9387,0.0,20.76300048828125,24.9848,21.1206,1.7302,1.7302,1.7302,1.1535,2026-08-09
xy2-31,Avalugg,normal,Flashfire,31,Uncommon,5ban Graphics,Stage 1,713,Pokémon,2014/05/07,"tcgplayer,cardmarket",https://prices.pokemontcg.io/tcgplayer/xy2-31,https://images.pokemontcg.io/xy2/31_hires.png,2026/08/08,2026/03/11,0.27,0.07999999821186066,0.27000001072883606,19.989999771118164,,0.86,,,,0.2076,0.0231,0.2076,1.142,0.23070000112056732,0.2307,0.1961,0.5652,0.7036,0.5998,1.1535,2026-08-09
neo3-23,Skarmory,unlimited,Neo Revelation,23,Rare,Aya Kusube,Basic,227,Pokémon,2001/09/21,"tcgplayer,cardmarket",https://prices.pokemontcg.io/tcgplayer/neo3-23,https://images.pokemontcg.io/neo3/23_hires.png,2026/08/08,2026/07/01,12.38,6.829999923706055,12.1899995803833,87.5,,,,,"{""1stEdition"": {""low"": 21.9, ""mid"": 34.34, ""high"": 279.4, ""market"": 28.26, ""directLow"": null}}",7.4747,0.9805,21.5358,0.0,6.86329984664917,17.4755,10.2546,3.4605,2.7569,2.7569,1.1535,2026-08-09
ecard1-17,Magby,holofoil,Expedition Base Set,17,Rare Holo,Mitsuhiro Arita,Baby,240,Pokémon,2002/09/15,"tcgplayer,cardmarket",https://prices.pokemontcg.io/tcgplayer/ecard1-17,https://images.pokemontcg.io/ecard1/17_hires.png,2026/08/08,2026/07/01,85.0,82.95999908447266,122.05999755859375,891.4000244140625,,46.25,,,,105.8567,4.614,86.9162,36.1738,69.19850158691406,91.2534,48.101,34.5935,31.3983,17.5563,1.1535,2026-08-09
dpp-DP27,Palkia,holofoil,DP Black Star Promos,DP27,Promo,Daisuke Ito,Basic,484,Pokémon,2007/05/01,tcgplayer,https://prices.pokemontcg.io/tcgplayer/dpp-DP27,https://images.pokemontcg.io/dpp/DP27_hires.png,2026/08/08,,16.98,6.03000020980835,19.989999771118164,199.89999389648438,,,,,,,,,,,,,,,,,2026-08-09
base5-24,Dark Golbat,unlimited,Team Rocket,24,Rare,Mitsuhiro Arita,Stage 1,42,Pokémon,2000/04/24,"tcgplayer,cardmarket",https://prices.pokemontcg.io/tcgplayer/base5-24,https://images.pokemontcg.io/base5/24_hires.png,2026/08/08,2026/07/01,7.01,4.5,6.420000076293945,47.7400016784668,,,,,"{""1stEdition"": {""low"": 5.24, ""mid"": 12.61, ""high"": 29.99, ""market"": 14.79, ""directLow"": null}}",13.3229,1.1535,12.4232,0.0,10.842900276184082,15.8029,14.0958,19.6095,9.4356,4.4871,1.1535,2026-08-09
ex4-26,Team Aqua's Corphish,normal,Team Magma vs Team Aqua,26,Uncommon,Jungo Suzuki,Basic,341,Pokémon,2004/03/01,"tcgplayer,cardmarket",https://prices.pokemontcg.io/tcgplayer/ex4-26,https://images.pokemontcg.io/ex4/26_hires.png,2026/08/08,2026/07/01,1.57,1.2200000286102295,2.390000104904175,40.900001525878906,,11.16,,,,1.7302,0.2192,1.488,26.0922,1.153499960899353,1.4649,1.488,3.4605,19.3442,7.6246,1.1535,2026-08-09
pl1-26,Empoleon,normal,Platinum,26,Rare,Mitsuhiro Arita,Stage 2,395,Pokémon,2009/02/11,"tcgplayer,cardmarket",https://prices.pokemontcg.io/tcgplayer/pl1-26,https://images.pokemontcg.io/pl1/26_hires.png,2026/08/08,2026/06/27,2.92,1.4900000095367432,2.8499999046325684,58.099998474121094,,9.21,,,,1.9379,0.1154,2.0071,8.2591,0.8651000261306763,1.811,1.6264,3.4605,5.5483,4.4179,1.1535,2026-08-09
sm6-21,Froakie,normal,Forbidden Light,21,Common,Ken Sugimori,Basic,656,Pokémon,2018/05/04,"tcgplayer,cardmarket",https://prices.pokemontcg.io/tcgplayer/sm6-21,https://images.pokemontcg.io/sm6/21_hires.png,2026/08/08,2026/05/31,0.27,0.10000000149011612,0.28999999165534973,2.990000009536743,,0.62,,,,0.15,0.0231,0.1384,0.2999,0.04610000178217888,0.1038,0.1269,0.3345,0.323,0.4268,1.1535,2026-08-09
sma-SV18,Malamar,holofoil,Hidden Fates Shiny Vault,SV18,Rare Shiny,Hideki Ishikawa,Stage 1,687,Pokémon,2019/08/23,"tcgplayer,cardmarket",https://prices.pokemontcg.io/tcgplayer/sma-SV18,https://images.pokemontcg.io/sma/SV18_hires.png,2026/08/08,2026/06/08,2.94,1.5199999809265137,3.0299999713897705,29.600000381469727,,,,,,2.3993,1.1535,2.5377,0.0,3.4489998817443848,2.976,2.5723,2.2955,2.0878,3.6105,1.1535,2026-08-09
pl3-24,Dewgong,normal,Supreme Victors,24,Rare,Kanako Eo,Stage 1,87,Pokémon,2009/08/19,"tcgplayer,cardmarket",https://prices.pokemontcg.io/tcgplayer/pl3-24,https://images.pokemontcg.io/pl3/24_hires.png,2026/08/08,2026/06/08,2.62,1.5,5.639999866485596,61.0,,6.47,,,,2.5146,0.346,2.0532,2.2609,0.57669997215271,2.2724,2.0532,2.307,2.0763,1.9379,1.1535,2026-08-09
basep-22,Articuno,normal,Wizards Black Star Promos,22,Promo,Toshinao Aoki,Basic,144,Pokémon,1999/07/01,"tcgplayer,cardmarket",https://prices.pokemontcg.io/tcgplayer/basep-22,https://images.pokemontcg.io/basep/22_hires.png,2026/08/08,2026/07/01,19.7,11.899999618530273,19.25,9999.0,,,,,,17.6947,0.346,8.6051,0.0,2.6530001163482666,6.9325,16.8296,1.3842,3.2183,2.7799,1.1535,2026-08-09
sm5-27,Turtonator,normal,Ultra Prism,27,Uncommon,Anesaki Dynamic,Basic,776,Pokémon,2018/02/02,"tcgplayer,cardmarket",https://prices.pokemontcg.io/tcgplayer/sm5-27,https://images.pokemontcg.io/sm5/27_hires.png,2026/08/08,2026/05/06,0.06,0.05000000074505806,0.25,19.979999542236328,,0.3,,,,0.1038,0.0231,0.1269,0.3807,0.06920000165700912,0.0923,0.0923,0.669,0.4153,0.3576,1.1535,2026-08-09
bw4-29,Simipour,normal,Next Destinies,29,Rare,Akira Komayama,Stage 1,516,Pokémon,2012/02/08,"tcgplayer,cardmarket",https://prices.pokemontcg.io/tcgplayer/bw4-29,https://images.pokemontcg.io/bw4/29_hires.png,2026/08/08,2026/05/14,0.36,0.28999999165534973,0.5,19.979999542236328,,0.55,,,,0.5075,0.0346,0.496,0.819,0.28839999437332153,0.4153,0.5421,0.5191,0.7613,0.7728,1.1535,2026-08-09
pl2-23,Golem E4,normal,Rising Rivals,23,Rare,Kagemaru Himeno,Basic|SP,76,Pokémon,2009/05/16,"tcgplayer,cardmarket",https://prices.pokemontcg.io/tcgplayer/pl2-23,https://images.pokemontcg.io/pl2/23_hires.png,2026/08/08,2026/06/27,2.0,1.0,1.9900000095367432,24.989999771118164,,6.11,,,,1.6264,0.1154,1.2919,2.6992,1.153499960899353,1.5111,1.5572,0.5652,2.2609,3.5297,1.1535,2026-08-09
sm11-18,Steenee,normal,Unified Minds,18,Uncommon,Kagemaru Himeno,Stage 1,762,Pokémon,2019/08/02,"tcgplayer,cardmarket",https://prices.pokemontcg.io/tcgplayer/sm11-18,https://images.pokemontcg.io/sm11/18_hires.png,2026/08/08,2026/06/08,0.17,0.07999999821186066,0.20000000298023224,19.979999542236328,,0.46,,,,0.1269,0.0231,0.1384,0.6806,0.13840000331401825,0.1038,0.1269,0.2307,0.7382,0.4845,1.1535,2026-08-09
bwp-BW18,Darumaka,holofoil,BW Black Star Promos,BW18,Promo,Akira Komayama,Basic,554,Pokémon,2011/03/01,"tcgplayer,cardmarket",https://prices.pokemontcg.io/tcgplayer/bwp-BW18,https://images.pokemontcg.io/bwp/BW18_hires.png,2026/08/08,2026/07/01,13.94,28.0,34.9900016784668,147.67999267578125,,,,,,2.48,1.4995,8.2129,0.0,2.4800000190734863,8.1552,6.4596,1.7302,1.2919,1.3381,1.1535,2026-08-09
hsp-HGSS16,Plusle,holofoil,HGSS Black Star Promos,HGSS16,Promo,Kouki Saitou,Basic,311,Pokémon,2010/02/10,tcgplayer,https://prices.pokemontcg.io/tcgplayer/hsp-HGSS16,https://images.pokemontcg.io/hsp/HGSS16_hires.png,2026/08/08,,28.93,23.0,42.560001373291016,139.5,,,,,,,,,,,,,,,,,2026-08-09
gym1-26,Erika's Victreebel,unlimited,Gym Heroes,26,Rare,Ken Sugimori,Stage 2,71,Pokémon,2000/08/14,"tcgplayer,cardmarket",https://prices.pokemontcg.io/tcgplayer/gym1-26,https://images.pokemontcg.io/gym1/26_hires.png,2026/08/08,2026/07/01,13.94,8.699999809265137,10.789999961853027,49.9900016784668,,,,,"{""1stEdition"": {""low"": 14.12, ""mid"": 23.65, ""high"": 4318.77, ""market"": 23.65, ""directLow"": 315.55}}",13.5882,4.614,11.5465,0.0,28.837499618530273,12.2156,16.0452,6.9095,6.9095,6.9095,1.1535,2026-08-09
ex3-25,Combusken,normal,Dragon,25,Uncommon,Atsuko Nishida,Stage 1,256,Pokémon,2003/11/24,"tcgplayer,cardmarket",https://prices.pokemontcg.io/tcgplayer/ex3-25,https://images.pokemontcg.io/ex3/25_hires.png,2026/08/08,2026/07/01,1.22,0.75,1.2300000190734863,21.31999969482422,,6.82,,,,1.7764,0.1154,1.4303,11.535,1.153499960899353,1.7764,0.9574,11.535,8.0745,6.5403,1.1535,2026-08-09
sm7-23,Slugma,normal,Celestial Storm,23,Common,Midori Harada,Basic,218,Pokémon,2018/08/03,"tcgplayer,cardmarket",https://prices.pokemontcg.io/tcgplayer/sm7-23,https://images.pokemontcg.io/sm7/23_hires.png,2026/08/08,2026/06/08,0.28,0.10000000149011612,0.25999999046325684,19.979999542236328,,0.67,,,,0.1961,0.0231,0.2076,0.3114,0.11540000140666962,0.173,0.15,0.3922,0.323,0.496,1.1535,2026-08-09
hgss3-22,Tropius,normal,HS—Undaunted,22,Rare,Masakazu Fukuda,Basic,357,Pokémon,2010/08/18,"tcgplayer,cardmarket",https://prices.pokemontcg.io/tcgplayer/hgss3-22,https://images.pokemontcg.io/hgss3/22_hires.png,2026/08/08,2026/06/27,0.83,0.4300000071525574,0.7900000214576721,1.5,,12.0,,,,0.8536,0.1154,1.0381,1.6495,1.038100004196167,0.8882,0.7613,0.5652,1.7764,2.0878,1.1535,2026-08-09
ex8-26,Skarmory,normal,Deoxys,26,Rare,Kouki Saitou,Basic,227,Pokémon,2005/02/01,"tcgplayer,cardmarket",https://prices.pokemontcg.io/tcgplayer/ex8-26,https://images.pokemontcg.io/ex8/26_hires.png,2026/08/08,2026/06/28,1.66,0.75,1.5299999713897705,26.0,,48.0,,,,34.109,0.0577,18.0984,16.149,0.28839999437332153,25.8384,6.7941,16.149,24.8579,18.7444,1.1535,2026-08-09
bw8-25,Articuno-EX,holofoil,Plasma Storm,25,Rare Holo EX,Toyste Beach,Basic|EX|Team Plasma,144,Pokémon,2013/02/06,"tcgplayer,cardmarket",https://prices.pokemontcg.io/tcgplayer/bw8-25,https://images.pokemontcg.io/bw8/25_hires.png,2026/08/08,2026/05/16,18.89,8.800000190734863,14.979999542236328,149.11000061035156,,,,,,23.8544,5.7675,24.4081,0.0,16.55270004272461,21.6973,22.0665,7.4401,9.6433,8.7551,1.1535,2026-08-09
ex1-18,Nosepass,normal,Ruby & Sapphire,18,Rare,Mitsuhiro Arita,Basic,299,Pokémon,2003/07/01,"tcgplayer,cardmarket",https://prices.pokemontcg.io/tcgplayer/ex1-18,https://images.pokemontcg.io/ex1/18_hires.png,2026/08/08,2026/07/01,1.45,0.8500000238418579,1.409999966621399,19.979999542236328,,11.33,,,,0.8651,0.0577,0.8074,0.7498,0.34599998593330383,1.0035,0.8305,4.0373,2.6184,3.5412,1.1535,2026-08-09
ex13-24,Mewtwo δ,normal,Holon Phantoms,24,Rare,Ryo Ueda,Basic,150,Pokémon,2006/05/01,"tcgplayer,cardmarket",https://prices.pokemontcg.io/tcgplayer/ex13-24,https://images.pokemontcg.io/ex13/24_hires.png,2026/08/08,2026/07/01,47.48,35.97999954223633,98.68000030517578,499.8999938964844,,287.5,,,,16.6796,3.4605,12.8615,112.72,14.130399703979492,13.1384,15.653,23.07,75.8657,90.2498,1.1535,2026-08-09
ex10-26,Hitmontop,normal,Unseen Forces,26,Rare,Hisao Nakamura,Basic,237,Pokémon,2005/08/01,"tcgplayer,cardmarket",https://prices.pokemontcg.io/tcgplayer/ex10-26,https://images.pokemontcg.io/ex10/26_hires.png,2026/08/08,2026/07/01,2.03,1.1299999952316284,1.75,31.200000762939453,,41.14,,,,3.6105,0.2192,5.7444,0.0,2.306999921798706,5.2484,2.6415,8.0745,12.5039,20.6707,1.1535,2026-08-09
xy6-23,Zapdos,normal,Roaring Skies,23,Rare,Hitoshi Ariga,Basic,145,Pokémon,2015/05/06,"tcgplayer,cardmarket",https://prices.pokemontcg.io/tcgplayer/xy6-23,https://images.pokemontcg.io/xy6/23_hires.png,2026/08/08,2026/06/11,0.84,0.2199999988079071,0.7799999713897705,4.989999771118164,,1.9,,,,1.2573,0.1154,1.0266,3.6566,0.3345000147819519,1.1074,1.4765,1.7302,3.9334,2.3301,1.1535,2026-08-09
dp7-17,Dusknoir,normal,Stormfront,17,Rare,Tomoaki Imakuni,Stage 2,477,Pokémon,2008/11/01,"tcgplayer,cardmarket",https://prices.pokemontcg.io/tcgplayer/dp7-17,https://images.pokemontcg.io/dp7/17_hires.png,2026/08/08,2026/06/27,1.25,0.699999988079071,1.2699999809265137,34.70000076293945,,3.89,,,,1.1996,0.1154,1.2227,2.0186,0.8651000261306763,0.9689,1.2919,2.8838,3.5182,2.5146,1.1535,2026-08-09
dp6-18,Armaldo,normal,Legends Awakened,18,Rare,Kazuaki Aihara,Stage 2,348,Pokémon,2008/08/01,"tcgplayer,cardmarket",https://prices.pokemontcg.io/tcgplayer/dp6-18,https://images.pokemontcg.io/dp6/18_hires.png,2026/08/08,2026/06/27,3.46,2.5399999618530273,3.880000114440918,30.5,,7.23,,,,1.984,0.346,2.2839,2.2955,1.8456000089645386,2.3762,1.9148,1.1535,2.2955,2.7915,1.1535,2026-08-09
mcd12-6,Emolga,holofoil,McDonald's Collection 2012,6,,Kouki Saitou,Basic,587,Pokémon,2012/06/15,"tcgplayer,cardmarket",https://prices.pokemontcg.io/tcgplayer/mcd12-6,https://images.pokemontcg.io/mcd12/6_hires.png,2026/08/08,2026/07/01,10.33,6.730000019073486,7.989999771118164,113.0999984741211,,,,,,31.2368,11.535,22.6317,0.0,33.68220138549805,26.0576,15.8606,8.0745,8.4206,8.4206,1.1535,2026-08-09
sm3-24,Heatmor,normal,Burning Shadows,24,Uncommon,Anesaki Dynamic,Basic,631,Pokémon,2017/08/05,"tcgplayer,cardmarket",https://prices.pokemontcg.io/tcgplayer/sm3-24,https://images.pokemontcg.io/sm3/24_hires.png,2026/08/08,2026/05/14,0.12,0.029999999329447746,0.20000000298023224,19.979999542236328,,0.31,,,,0.0461,0.0231,0.0692,0.2884,0.05770000070333481,0.0923,0.0577,0.0577,0.2422,0.2768,1.1535,2026-08-09
ecard2-H29,Umbreon,holofoil,Aquapolis,H29,Rare Holo,Mitsuhiro Arita,Stage 1,197,Pokémon,2003/01/15,"tcgplayer,cardmarket",https://prices.pokemontcg.io/tcgplayer/ecard2-H29,https://images.pokemontcg.io/ecard2/H29_hires.png,2026/08/08,2026/07/01,1252.62,1800.0,2825.0,3850.0,,,,,,1036.0852,219.165,1069.8136,0.0,354.7012939453125,1417.9976,679.573,80.745,102.4423,60.478,1.1535,2026-08-09
neo1-20,Cleffa,unlimited,Neo Genesis,20,Rare,Kagemaru Himeno,Baby,173,Pokémon,2000/12/16,"tcgplayer,cardmarket",https://prices.pokemontcg.io/tcgplayer/neo1-20,https://images.pokemontcg.io/neo1/20_hires.png,2026/08/08,2026/07/01,14.66,8.180000305175781,11.90999984741211,4321.0,,,,,"{""1stEdition"": {""low"": 14.27, ""mid"": 22.4, ""high"": 174.13, ""market"": 22.4, ""directLow"": null}}",7.2901,1.142,9.6087,0.0,3.4489998817443848,18.1099,9.7355,7.4977,8.1322,7.4862,1.1535,2026-08-09
smp-SM17,Lunala-GX,holofoil,SM Black Star Promos,SM17,Promo,5ban Graphics,Stage 2|GX,792,Pokémon,2017/02/03,"tcgplayer,cardmarket",https://prices.pokemontcg.io/tcgplayer/smp-SM17,https://images.pokemontcg.io/smp/SM17_hires.png,2026/08/08,2026/07/01,4.11,2.490000009536743,4.0,75.0,,,,,,4.5102,0.346,3.6451,0.0,2.1916000843048096,4.1526,4.4294,2.8838,3.449,2.803,1.1535,2026-08-09
ecard3-H23,Politoed,holofoil,Skyridge,H23,Rare Holo,Atsuko Nishida,Stage 2,186,Pokémon,2003/05/12,"tcgplayer,cardmarket",https://prices.pokemontcg.io/tcgplayer/ecard3-H23,https://images.pokemontcg.io/ecard3/H23_hires.png,2026/08/08,2026/07/01,450.0,3666.659912109375,3833.330078125,3999.989990234375,,,,,,135.5362,32.8747,111.6819,0.0,155.72250366210938,122.5594,238.3938,65.2881,49.8427,39.8188,1.1535,2026-08-09
base6-24,Golem,normal,Legendary Collection,24,Rare,Kagemaru Himeno,Stage 2,76,Pokémon,2002/05/24,"tcgplayer,cardmarket",https://prices.pokemontcg.io/tcgplayer/base6-24,https://images.pokemontcg.io/base6/24_hires.png,2026/08/08,2026/07/01,5.26,2.8299999237060547,4.579999923706055,50.0,,91.74,,,,6.0328,0.9228,5.6752,161.4785,1.3841999769210815,6.275,5.2023,33.4515,153.6231,86.6048,1.1535,2026-08-09
bw7-27,Darumaka,normal,Boundaries Crossed,27,Common,Aya Kusube,Basic,554,Pokémon,2012/11/07,"tcgplayer,cardmarket",https://prices.pokemontcg.io/tcgplayer/bw7-27,https://images.pokemontcg.io/bw7/27_hires.png,2026/08/08,2026/06/18,0.27,0.05000000074505806,0.27000001072883606,19.979999542236328,,0.72,,,,0.2307,0.0231,0.323,0.4499,0.4499000012874603,0.2422,0.2307,0.5767,0.4383,0.8074,1.1535,2026-08-09
xy4-24a,M Manectric-EX,,Phantom Forces,24a,Rare Ultra,5ban Graphics,MEGA|EX,310,Pokémon,2014/11/05,cardmarket,https://prices.pokemontcg.io/tcgplayer/xy4-24a,https://images.pokemontcg.io/xy4/24a_hires.png,2023/03/27,2026/05/14,,,,,,,,,,29.991,27.9608,58.2056,0.0,25.37700080871582,84.2747,46.1285,4.614,5.3868,4.4871,1.1535,2026-08-09
sm2-25,Politoed,holofoil,Guardians Rising,25,Rare Holo,Saya Tsuruta,Stage 2,186,Pokémon,2017/05/05,"tcgplayer,cardmarket",https://prices.pokemontcg.io/tcgplayer/sm2-25,https://images.pokemontcg.io/sm2/25_hires.png,2026/08/08,2026/03/11,2.52,1.059999942779541,2.8399999141693115,19.979999542236328,,3.67,,,,1.1881,0.0577,1.2227,0.9113,1.153499960899353,0.8997,1.0151,0.5767,0.8305,0.8767,1.1535,2026-08-09
sm8-24,Wurmple,normal,Lost Thunder,24,Common,Mina Nakai,Basic,265,Pokémon,2018/11/02,"tcgplayer,cardmarket",https://prices.pokemontcg.io/tcgplayer/sm8-24,https://images.pokemontcg.io/sm8/24_hires.png,2026/08/08,2026/05/31,0.31,0.05000000074505806,0.30000001192092896,1.690000057220459,,0.44,,,,0.1038,0.0231,0.1615,0.7844,0.15000000596046448,0.1961,0.1269,0.173,0.5537,0.5191,1.1535,2026-08-09
dp5-18,Espeon,normal,Majestic Dawn,18,Rare,Naoyo Kimura,Stage 1,196,Pokémon,2008/05/01,"tcgplayer,cardmarket",https://prices.pokemontcg.io/tcgplayer/dp5-18,https://images.pokemontcg.io/dp5/18_hires.png,2026/08/08,2026/07/01,13.29,7.5,14.989999771118164,202.1999969482422,,100.0,,,,3.1145,0.173,4.1295,10.7622,3.80649995803833,3.4028,3.4836,6.921,20.094,13.4844,1.1535,2026-08-09
bw3-21,Volcarona,normal,Noble Victories,21,Rare,Mitsuhiro Arita,Stage 1,637,Pokémon,2011/11/16,"tcgplayer,cardmarket",https://prices.pokemontcg.io/tcgplayer/bw3-21,https://images.pokemontcg.io/bw3/21_hires.png,2026/08/08,2026/06/22,1.26,0.7200000286102295,1.1699999570846558,60.70000076293945,,3.63,,,,0.5998,0.0231,0.7267,2.307,0.28839999437332153,0.6575,0.7267,2.307,2.1109,2.7107,1.1535,2026-08-09
sm35-16,Torracat,normal,Shining Legends,16,Common,Shin Nagasawa,Stage 1,726,Pokémon,2017/10/06,"tcgplayer,cardmarket",https://prices.pokemontcg.io/tcgplayer/sm35-16,https://images.pokemontcg.io/sm35/16_hires.png,2026/08/08,2026/07/01,0.21,0.029999999329447746,0.2199999988079071,19.65999984741211,,0.53,,,,0.0807,0.0231,0.0577,0.5306,0.04610000178217888,0.0692,0.0692,0.3345,0.5075,0.4268,1.1535,2026-08-09
xy7-27,Ampharos-EX,holofoil,Ancient Origins,27,Rare Holo EX,Eske Yoshinob,Basic|EX,181,Pokémon,2015/08/12,"tcgplayer,cardmarket",https://prices.pokemontcg.io/tcgplayer/xy7-27,https://images.pokemontcg.io/xy7/27_hires.png,2026/08/08,2026/05/07,5.44,2.990000009536743,5.75,96.94000244140625,,,,,,7.3824,1.4419,7.2901,0.0,6.921000003814697,6.9325,6.3096,3.4605,5.3868,4.3833,1.1535,2026-08-09
ex14-23,Loudred,normal,Crystal Guardians,23,Rare,Midori Harada,Stage 1,294,Pokémon,2006/08/01,"tcgplayer,cardmarket",https://prices.pokemontcg.io/tcgplayer/ex14-23,https://images.pokemontcg.io/ex14/23_hires.png,2026/08/08,2026/06/27,0.77,0.4000000059604645,0.7699999809265137,17.600000381469727,,10.77,,,,0.4729,0.0231,0.646,7.3017,0.57669997215271,0.6114,0.7152,5.7675,6.2866,8.1783,1.1535,2026-08-09
xy12-19,Ponyta,normal,Evolutions,19,Common,Ken Sugimori,Basic,77,Pokémon,2016/11/02,"tcgplayer,cardmarket",https://prices.pokemontcg.io/tcgplayer/xy12-19,https://images.pokemontcg.io/xy12/19_hires.png,2026/08/08,2026/07/01,0.09,0.009999999776482582,0.20000000298023224,5.949999809265137,,0.47,,,,0.0807,0.0231,0.1038,0.8305,0.03460000082850456,0.0692,0.0807,1.2689,0.7959,0.8305,1.1535,2026-08-09
sm12-28,Entei,normal,Cosmic Eclipse,28,Rare,Shin Nagasawa,Basic,244,Pokémon,2019/11/01,"tcgplayer,cardmarket",https://prices.pokemontcg.io/tcgplayer/sm12-28,https://images.pokemontcg.io/sm12/28_hires.png,2026/08/08,2026/04/04,0.69,0.20000000298023224,0.6899999976158142,19.979999542236328,,0.98,,,,1.315,0.2192,1.0266,2.2147,0.4383000135421753,1.0266,0.9228,1.5457,2.2839,2.1224,1.1535,2026-08-09
dp2-19,Abomasnow,normal,Mysterious Treasures,19,Rare,Kazuyuki Kano,Stage 1,460,Pokémon,2007/08/01,"tcgplayer,cardmarket",https://prices.pokemontcg.io/tcgplayer/dp2-19,https://images.pokemontcg.io/dp2/19_hires.png,2026/08/08,2026/06/26,0.73,0.4000000059604645,0.7799999713897705,19.979999542236328,,3.51,,,,0.8651,0.0923,0.819,0.7728,2.0185999870300293,0.8305,1.0035,0.5652,0.7382,1.6264,1.1535,2026-08-09
ex15-15,Dewgong δ,normal,Dragon Frontiers,15,Rare,Atsuko Nishida,Stage 1,87,Pokémon,2006/11/01,"tcgplayer,cardmarket",https://prices.pokemontcg.io/tcgplayer/ex15-15,https://images.pokemontcg.io/ex15/15_hires.png,2026/08/08,2026/07/01,3.38,1.399999976158142,2.390000104904175,54.95000076293945,,36.76,,,,2.0417,0.2884,1.8687,9.1127,3.4605000019073486,2.134,2.7223,49.6005,19.8287,12.4693,1.1535,2026-08-09
g1-16,Magmar,normal,Generations,16,Common,Hideki Ishikawa,Basic,126,Pokémon,2016/02/22,"tcgplayer,cardmarket",https://prices.pokemontcg.io/tcgplayer/g1-16,https://images.pokemontcg.io/g1/16_hires.png,2026/08/08,2026/06/27,0.25,0.10000000149011612,0.25,1000.0,,1.59,,,,0.1384,0.0231,0.1269,1.1996,0.06920000165700912,0.1154,0.1154,1.6956,1.1996,1.2342,1.1535,2026-08-09
swsh35-27,Lucario V,holofoil,Champion's Path,27,Rare Holo V,AKIRA EGAWA,Basic|V,448,Pokémon,2020/09/25,"tcgplayer,cardmarket",https://prices.pokemontcg.io/tcgplayer/swsh35-27,https://images.pokemontcg.io/swsh35/27_hires.png,2026/08/08,2026/06/18,4.23,2.7100000381469727,4.269999980926514,99.0,,,,,,2.4108,1.0381,2.1224,0.0,2.0532000064849854,2.2032,2.3185,1.5572,1.4765,1.5918,1.1535,2026-08-09
swshp-SWSH017,Toxtricity V,holofoil,SWSH Black Star Promos,SWSH017,Promo,5ban Graphics,Basic|V,849,Pokémon,2019/11/15,"tcgplayer,cardmarket",https://prices.pokemontcg.io/tcgplayer/swshp-SWSH017,https://images.pokemontcg.io/swshp/SWSH017_hires.png,2026/08/08,2026/06/11,1.27,0.8999999761581421,1.340000033378601,18.020000457763672,,,,,,2.7223,0.8651,2.5838,0.0,1.153499960899353,2.2724,2.5492,2.0763,2.3416,2.0994,1.1535,2026-08-09
hgss4-27,Magmortar,normal,HS—Triumphant,27,Rare,Masakazu Fukuda,Stage 1,467,Pokémon,2010/11/03,"tcgplayer,cardmarket",https://prices.pokemontcg.io/tcgplayer/hgss4-27,https://images.pokemontcg.io/hgss4/27_hires.png,2026/08/08,2026/05/14,1.23,0.6800000071525574,1.0499999523162842,19.979999542236328,,5.99,,,,1.7764,0.2307,2.1224,3.4374,3.4605000019073486,1.9494,1.6841,4.0373,3.299,2.8261,1.1535,2026-08-09
ex2-18,Kecleon,normal,Sandstorm,18,Rare,Kagemaru Himeno,Basic,352,Pokémon,2003/09/18,"tcgplayer,cardmarket",https://prices.pokemontcg.io/tcgplayer/ex2-18,https://images.pokemontcg.io/ex2/18_hires.png,2026/08/08,2026/07/01,1.84,0.9900000095367432,1.7200000286102295,4.989999771118164,,34.99,,,,0.8882,0.1154,0.8651,31.6751,0.57669997215271,0.8536,1.0728,2.6415,19.9555,6.9902,1.1535,2026-08-09
pl3-25,Dodrio,normal,Supreme Victors,25,Rare,Kouki Saitou,Stage 1,85,Pokémon,2009/08/19,"tcgplayer,cardmarket",https://prices.pokemontcg.io/tcgplayer/pl3-25,https://images.pokemontcg.io/pl3/25_hires.png,2026/08/08,2026/06/08,1.54,0.8299999833106995,1.4800000190734863,27.200000762939453,,3.66,,,,1.2227,0.2307,1.3727,2.8261,1.153499960899353,1.2227,1.2919,1.1535,3.6335,2.7453,1.1535,2026-08-09
ex8-27,Tropius,normal,Deoxys,27,Rare,Miki Tanaka,Basic,357,Pokémon,2005/02/01,"tcgplayer,cardmarket",https://prices.pokemontcg.io/tcgplayer/ex8-27,https://images.pokemontcg.io/ex8/27_hires.png,2026/08/08,2026/06/26,1.61,1.0399999618530273,1.6399999856948853,29.100000381469727,,35.09,,,,3.4605,0.0231,3.4605,17.6486,1.5571999549865723,4.1411,2.3647,19.6095,14.2342,12.5039,1.1535,2026-08-09
swsh3-21,Houndoom V,holofoil,Darkness Ablaze,21,Rare Holo V,Ayaka Yoshida,Basic|V,229,Pokémon,2020/08/14,"tcgplayer,cardmarket",https://prices.pokemontcg.io/tcgplayer/swsh3-21,https://images.pokemontcg.io/swsh3/21_hires.png,2026/08/08,2026/06/27,2.23,1.0,2.0,99.0,,,,,,2.2493,0.4614,1.9148,0.0,1.4072999954223633,1.9033,2.1916,2.2147,2.134,2.6184,1.1535,2026-08-09
ex15-16,Gligar δ,normal,Dragon Frontiers,16,Rare,Kagemaru Himeno,Basic,207,Pokémon,2006/11/01,"tcgplayer,cardmarket",https://prices.pokemontcg.io/tcgplayer/ex15-16,https://images.pokemontcg.io/ex15/16_hires.png,2026/08/08,2026/07/01,2.29,1.1100000143051147,2.8499999046325684,30.600000381469727,,31.13,,,,1.8802,0.346,1.9263,8.9281,3.4605000019073486,1.4419,2.0763,6.4711,9.7125,8.9166,1.1535,2026-08-09
ecard2-H30,Victreebel,holofoil,Aquapolis,H30,Rare Holo,Miki Tanaka,Stage 2,71,Pokémon,2003/01/15,"tcgplayer,cardmarket",https://prices.pokemontcg.io/tcgplayer/ecard2-H30,https://images.pokemontcg.io/ecard2/H30_hires.png,2026/08/08,2026/06/27,154.94,127.75,813.3800048828125,1499.0,,,,,,57.3866,10.3123,63.3387,0.0,39.57659912109375,50.927,44.5828,13.842,15.3992,13.7728,1.1535,2026-08-09
dp7-18,Gengar,normal,Stormfront,18,Rare,Hajime Kusajima,Stage 2,94,Pokémon,2008/11/01,"tcgplayer,cardmarket",https://prices.pokemontcg.io/tcgplayer/dp7-18,https://images.pokemontcg.io/dp7/18_hires.png,2026/08/08,2026/06/27,60.49,35.95000076293945,59.13999938964844,522.780029296875,,139.73,,,,16.1721,0.2884,15.9298,40.361,16.72570037841797,18.8021,18.0523,17.3025,37.0504,39.0114,1.1535,2026-08-09
xy9-17,Golduck,normal,BREAKpoint,17,Rare,Mitsuhiro Arita,Stage 1,55,Pokémon,2016/02/03,"tcgplayer,cardmarket",https://prices.pokemontcg.io/tcgplayer/xy9-17,https://images.pokemontcg.io/xy9/17_hires.png,2026/08/08,2026/06/23,0.29,0.10000000149011612,0.3100000023841858,23.489999771118164,,0.79,,,,0.3576,0.0231,0.2884,1.8802,0.34599998593330383,0.2884,0.3807,0.7959,1.8225,1.4188,1.1535,2026-08-09
xy8-23,Pansear,normal,BREAKthrough,23,Common,sui,Basic,513,Pokémon,2015/11/04,"tcgplayer,cardmarket",https://prices.pokemontcg.io/tcgplayer/xy8-23,https://images.pokemontcg.io/xy8/23_hires.png,2026/08/08,2026/06/22,0.15,0.019999999552965164,0.20000000298023224,1000.0,,0.39,,,,0.1038,0.0231,0.1269,0.6344,0.05770000070333481,0.1038,0.0923,0.2307,0.4499,0.5306,1.1535,2026-08-09
bw10-31,Tynamo,normal,Plasma Blast,31,Common,Shigenori Negishi,Basic,602,Pokémon,2013/08/14,"tcgplayer,cardmarket",https://prices.pokemontcg.io/tcgplayer/bw10-31,https://images.pokemontcg.io/bw10/31_hires.png,2026/08/08,2026/05/14,0.26,0.05999999865889549,0.25,19.979999542236328,,0.42,,,,0.1269,0.0231,0.1846,0.7613,0.4499000012874603,0.2307,0.15,0.0231,0.819,0.7267,1.1535,2026-08-09
bw5-22,Volcarona,holofoil,Dark Explorers,22,Rare Holo,Shin Nagasawa,Stage 1,637,Pokémon,2012/05/09,"tcgplayer,cardmarket",https://prices.pokemontcg.io/tcgplayer/bw5-22,https://images.pokemontcg.io/bw5/22_hires.png,2026/08/08,2026/06/22,2.34,1.2899999618530273,2.1600000858306885,32.599998474121094,,2.48,,,,1.8917,0.4037,1.2458,3.449,2.2955000400543213,1.7649,1.9263,1.1535,2.134,2.3301,1.1535,2026-08-09
swshp-SWSH018,Zacian V,holofoil,SWSH Black Star Promos,SWSH018,Promo,5ban Graphics,Basic|V,888,Pokémon,2019/11/15,"tcgplayer,cardmarket",https://prices.pokemontcg.io/tcgplayer/swshp-SWSH018,https://images.pokemontcg.io/swshp/SWSH018_hires.png,2026/08/08,2026/06/11,1.05,0.44999998807907104,1.149999976158142,9.449999809265137,,,,,,1.7187,0.2307,2.2724,0.0,1.7302000522613525,2.3762,1.6726,3.5528,3.299,3.5066,1.1535,2026-08-09
sm10-21,Growlithe,normal,Unbroken Bonds,21,Common,tetsuya koizumi,Basic,58,Pokémon,2019/05/03,"tcgplayer,cardmarket",https://prices.pokemontcg.io/tcgplayer/sm10-21,https://images.pokemontcg.io/sm10/21_hires.png,2026/08/08,2026/06/08,0.37,0.10000000149011612,0.3700000047683716,19.979999542236328,,1.05,,,,0.2999,0.0231,0.3691,0.7152,0.5651999711990356,0.3345,0.2653,0.8651,0.9113,0.7613,1.1535,2026-08-09
neo4-27,Unown [G],unlimited,Neo Destiny,27,Rare,CR CG gangs,Basic,201,Pokémon,2002/02/28,"tcgplayer,cardmarket",https://prices.pokemontcg.io/tcgplayer/neo4-27,https://images.pokemontcg.io/neo4/27_hires.png,2026/08/08,2026/07/01,15.27,12.5,18.75,199.99000549316406,,,,,"{""1stEdition"": {""low"": 20.0, ""mid"": 107.95, ""high"": 256.6, ""market"": 24.58, ""directLow"": null}}",10.4738,2.2609,14.2227,0.0,5.998199939727783,14.0842,10.5084,0.0,0.0,0.0,1.1535,2026-08-09
ex13-25,Nosepass,normal,Holon Phantoms,25,Rare,Kagemaru Himeno,Basic,299,Pokémon,2006/05/01,"tcgplayer,cardmarket",https://prices.pokemontcg.io/tcgplayer/ex13-25,https://images.pokemontcg.io/ex13/25_hires.png,2026/08/08,2026/07/01,0.8,0.4399999976158142,0.7900000214576721,19.979999542236328,,18.12,,,,1.0843,0.0231,1.0381,7.6477,0.57669997215271,0.7844,0.8074,9.2165,11.0851,6.921,1.1535,2026-08-09
dp6-19,Azelf,normal,Legends Awakened,19,Rare,Ken Sugimori,Basic,482,Pokémon,2008/08/01,"tcgplayer,cardmarket",https://prices.pokemontcg.io/tcgplayer/dp6-19,https://images.pokemontcg.io/dp6/19_hires.png,2026/08/08,2026/06/27,11.52,7.730000019073486,10.989999771118164,125.9000015258789,,13.09,,,,4.7178,3.4605,5.756,0.0,3.4605000019073486,4.9947,5.5483,1.5572,1.0958,1.4649,1.1535,2026-08-09
dp3-31,Magmortar,normal,Secret Wonders,31,Rare,Kouki Saitou,Stage 1,467,Pokémon,2007/11/01,"tcgplayer,cardmarket",https://prices.pokemontcg.io/tcgplayer/dp3-31,https://images.pokemontcg.io/dp3/31_hires.png,2026/08/08,2026/06/11,1.06,0.6000000238418579,1.059999942779541,19.979999542236328,,3.04,,,,0.9113,0.0346,1.0266,1.1766,5.767499923706055,1.1189,1.0958,1.1535,1.1881,1.4765,1.1535,2026-08-09
base3-28,Muk,unlimited,Fossil,28,Rare,Mitsuhiro Arita,Stage 1,89,Pokémon,1999/10/10,"tcgplayer,cardmarket",https://prices.pokemontcg.io/tcgplayer/base3-28,https://images.pokemontcg.io/base3/28_hires.png,2026/08/08,2026/07/01,4.84,2.5,4.150000095367432,9999.0,,,,,"{""1stEdition"": {""low"": 8.0, ""mid"": 15.0, ""high"": 137.82, ""market"": 14.21, ""directLow"": 44.99}}",7.9592,0.2307,7.6362,0.0,8.524399757385254,7.2209,7.7861,2.0763,6.2981,5.0177,1.1535,2026-08-09
dp5-19,Flareon,normal,Majestic Dawn,19,Rare,Mitsuhiro Arita,Stage 1,136,Pokémon,2008/05/01,"tcgplayer,cardmarket",https://prices.pokemontcg.io/tcgplayer/dp5-19,https://images.pokemontcg.io/dp5/19_hires.png,2026/08/08,2026/07/01,13.16,10.430000305175781,12.760000228881836,309.8999938964844,,49.99,,,,5.5945,1.1535,4.5679,9.2165,4.579400062561035,5.5599,4.764,6.3442,8.6397,7.7861,1.1535,2026-08-09
sm5-28,Alolan Sandshrew,normal,Ultra Prism,28,Common,Shin Nagasawa,Basic,27,Pokémon,2018/02/02,"tcgplayer,cardmarket",https://prices.pokemontcg.io/tcgplayer/sm5-28,https://images.pokemontcg.io/sm5/28_hires.png,2026/08/08,2026/03/11,0.25,0.10999999940395355,0.25999999046325684,2.990000009536743,,0.57,,,,0.0807,0.0231,0.0923,0.4614,0.19609999656677246,0.1038,0.1038,0.346,0.3345,0.3345,1.1535,2026-08-09
np-18,Mudkip,holofoil,Nintendo Black Star Promos,18,Promo,Kagemaru Himeno,Basic,258,Pokémon,2003/10/01,"tcgplayer,cardmarket",https://prices.pokemontcg.io/tcgplayer/np-18,https://images.pokemontcg.io/np/18_hires.png,2026/08/08,2026/07/01,21.15,20.0,69.94999694824219,249.6699981689453,,,,,,25.2732,6.6903,22.1357,0.0,6.344200134277344,17.2218,18.606,11.5235,7.6016,4.9139,1.1535,2026-08-09
sm75-26,Quagsire,normal,Dragon Majesty,26,Uncommon,Ken Sugimori,Stage 1,195,Pokémon,2018/09/07,"tcgplayer,cardmarket",https://prices.pokemontcg.io/tcgplayer/sm75-26,https://images.pokemontcg.io/sm75/26_hires.png,2026/08/08,2026/06/11,1.71,0.6899999976158142,1.659999966621399,19.979999542236328,,11.08,,,,0.7382,0.0577,1.1304,1.7764,1.7302000522613525,0.6806,1.0266,0.9805,1.6495,2.5492,1.1535,2026-08-09
gym2-29,Sabrina's Gengar,unlimited,Gym Challenge,29,Rare,Ken Sugimori,Stage 2,94,Pokémon,2000/10/16,"tcgplayer,cardmarket",https://prices.pokemontcg.io/tcgplayer/gym2-29,https://images.pokemontcg.io/gym2/29_hires.png,2026/08/08,2026/07/01,194.66,114.9800033569336,200.0,9999.0,,,,,"{""1stEdition"": {""low"": 999.99, ""mid"": 1049.99, ""high"": 1099.99, ""market"": 272.0, ""directLow"": 1099.99}}",186.8901,57.675,197.3638,0.0,103.81500244140625,226.5705,187.9744,27.684,15.5723,15.5723,1.1535,2026-08-09
xy5-26,Torchic,normal,Primal Clash,26,Uncommon,5ban Graphics,Basic,255,Pokémon,2015/02/04,"tcgplayer,cardmarket",https://prices.pokemontcg.io/tcgplayer/xy5-26,https://images.pokemontcg.io/xy5/26_hires.png,2026/08/08,2026/05/14,3.89,1.5,3.680000066757202,38.099998474121094,,14.76,,,,3.6912,0.2307,4.2679,12.1117,5.617499828338623,4.4986,4.2103,5.6522,10.8775,8.3283,1.1535,2026-08-09
sm6-22,Froakie,normal,Forbidden Light,22,Common,Aya Kusube,Basic,656,Pokémon,2018/05/04,"tcgplayer,cardmarket",https://prices.pokemontcg.io/tcgplayer/sm6-22,https://images.pokemontcg.io/sm6/22_hires.png,2026/08/08,2026/05/31,0.31,0.1899999976158142,0.3100000023841858,2.990000009536743,,1.27,,,,0.173,0.0231,0.1615,0.7498,0.04610000178217888,0.1615,0.173,1.1074,0.8536,0.9574,1.1535,2026-08-09
bw7-28,Darmanitan,normal,Boundaries Crossed,28,Uncommon,kawayoo,Stage 1,555,Pokémon,2012/11/07,"tcgplayer,cardmarket",https://prices.pokemontcg.io/tcgplayer/bw7-28,https://images.pokemontcg.io/bw7/28_hires.png,2026/08/08,2026/06/18,0.39,0.15000000596046448,0.4000000059604645,5.0,,1.6,,,,0.4614,0.0231,0.5537,1.0381,0.4499000012874603,0.4499,0.2653,1.0381,0.6575,0.9228,1.1535,2026-08-09
ex1-19,Pelipper,normal,Ruby & Sapphire,19,Rare,Kouki Saitou,Stage 1,279,Pokémon,2003/07/01,"tcgplayer,cardmarket",https://prices.pokemontcg.io/tcgplayer/ex1-19,https://images.pokemontcg.io/ex1/19_hires.png,2026/08/08,2026/07/01,1.17,0.5,1.1299999952316284,18.399999618530273,,6.21,,,,0.7036,0.0346,0.4153,6.5288,1.153499960899353,0.5652,0.7267,5.7675,4.7755,3.9104,1.1535,2026-08-09
xyp-XY18,Chesnaught-EX,holofoil,XY Black Star Promos,XY18,Promo,5ban Graphics,Basic|EX,652,Pokémon,2013/10/12,"tcgplayer,cardmarket",https://prices.pokemontcg.io/tcgplayer/xyp-XY18,https://images.pokemontcg.io/xyp/XY18_hires.png,2026/08/08,2026/06/27,5.34,2.609999895095825,5.260000228881836,48.439998626708984,,,,,,3.5989,0.5767,3.8065,0.0,2.2955000400543213,2.953,3.5297,2.2955,2.6877,2.6646,1.1535,2026-08-09
sm12-29,Torkoal,normal,Cosmic Eclipse,29,Uncommon,0313,Basic,324,Pokémon,2019/11/01,"tcgplayer,cardmarket",https://prices.pokemontcg.io/tcgplayer/sm12-29,https://images.pokemontcg.io/sm12/29_hires.png,2026/08/08,2026/04/04,0.24,0.05000000074505806,0.25,10.0,,0.53,,,,0.0923,0.0231,0.0923,0.8651,0.09229999780654907,0.1038,0.1038,0.5767,0.6344,0.496,1.1535,2026-08-09
swsh1-27,Salandit,normal,Sword & Shield,27,Common,SATOSHI NAKAI,Basic,757,Pokémon,2020/02/07,"tcgplayer,cardmarket",https://prices.pokemontcg.io/tcgplayer/swsh1-27,https://images.pokemontcg.io/swsh1/27_hires.png,2026/08/08,2026/03/11,0.05,0.009999999776482582,0.15000000596046448,19.979999542236328,,0.24,,,,0.0461,0.0231,0.0577,0.3345,0.023099999874830246,0.0692,0.0577,0.4499,0.3576,0.3345,1.1535,2026-08-09
xy12-20,Magmar,normal,Evolutions,20,Uncommon,Ken Sugimori,Basic,126,Pokémon,2016/11/02,"tcgplayer,cardmarket",https://prices.pokemontcg.io/tcgplayer/xy12-20,https://images.pokemontcg.io/xy12/20_hires.png,2026/08/08,2026/06/25,0.15,0.03999999910593033,0.20000000298023224,19.979999542236328,,0.43,,,,0.1615,0.0231,0.2192,0.9805,0.4499000012874603,0.2307,0.173,1.0381,1.3035,1.0035,1.1535,2026-08-09
sm11-19,Tsareena,holofoil,Unified Minds,19,Rare Holo,kirisAki,Stage 2,763,Pokémon,2019/08/02,"tcgplayer,cardmarket",https://prices.pokemontcg.io/tcgplayer/sm11-19,https://images.pokemontcg.io/sm11/19_hires.png,2026/08/08,2026/06/08,0.55,0.25,0.5600000023841858,19.979999542236328,,0.62,,,,0.8305,0.1154,0.9113,1.5457,0.11540000140666962,0.9228,1.0843,1.0266,1.5688,1.2804,1.1535,2026-08-09
ex11-27,Sandslash δ,normal,Delta Species,27,Rare,Mitsuhiro Arita,Stage 1,28,Pokémon,2005/10/31,"tcgplayer,cardmarket",https://prices.pokemontcg.io/tcgplayer/ex11-27,https://images.pokemontcg.io/ex11/27_hires.png,2026/08/08,2026/06/22,8.67,6.659999847412109,10.0,75.30000305175781,,38.92,,,,4.3833,0.8074,4.3026,28.4453,4.037300109863281,4.0373,3.7719,11.4773,29.4835,23.8659,1.1535,2026-08-09
sm9-28,Staryu,normal,Team Up,28,Common,Ken Sugimori,Basic,120,Pokémon,2019/02/01,"tcgplayer,cardmarket",https://prices.pokemontcg.io/tcgplayer/sm9-28,https://images.pokemontcg.io/sm9/28_hires.png,2026/08/08,2026/04/26,0.19,0.029999999329447746,0.2199999988079071,19.979999542236328,,0.35,,,,0.0923,0.0231,0.0923,0.4268,0.04610000178217888,0.0692,0.0923,0.5767,0.3345,0.3576,1.1535,2026-08-09
xy1-27,Fletchinder,normal,XY,27,Uncommon,5ban Graphics,Stage 1,662,Pokémon,2014/02/05,"tcgplayer,cardmarket",https://prices.pokemontcg.io/tcgplayer/xy1-27,https://images.pokemontcg.io/xy1/27_hires.png,2026/08/08,2026/05/18,0.29,0.10000000149011612,0.28999999165534973,1000.0,,0.74,,,,0.2192,0.0231,0.2192,0.669,0.03460000082850456,0.2422,0.2422,0.9343,0.5537,0.7152,1.1535,2026-08-09
sm1-27,Incineroar-GX,holofoil,Sun & Moon,27,Rare Holo GX,5ban Graphics,Stage 2|GX,727,Pokémon,2017/02/03,"tcgplayer,cardmarket",https://prices.pokemontcg.io/tcgplayer/sm1-27,https://images.pokemontcg.io/sm1/27_hires.png,2026/08/08,2026/05/14,2.76,1.4500000476837158,2.990000009536743,29.989999771118164,,,,,,2.63,0.4614,2.2839,0.0,1.7302000522613525,2.0532,2.5262,2.2493,2.8261,3.5758,1.1535,2026-08-09
xy3-17,Poliwrath,holofoil,Furious Fists,17,Rare Holo,Mitsuhiro Arita,Stage 2,62,Pokémon,2014/08/13,"tcgplayer,cardmarket",https://prices.pokemontcg.io/tcgplayer/xy3-17,https://images.pokemontcg.io/xy3/17_hires.png,2026/08/08,2026/06/25,1.57,0.6000000238418579,1.5,99.98999786376953,,1.34,,,,1.811,0.3345,2.0532,2.2378,3.4489998817443848,1.9263,1.5918,2.0763,3.0914,3.1491,1.1535,2026-08-09
bw8-26,Swinub,normal,Plasma Storm,26,Common,Kouki Saitou,Basic,220,Pokémon,2013/02/06,"tcgplayer,cardmarket",https://prices.pokemontcg.io/tcgplayer/bw8-26,https://images.pokemontcg.io/bw8/26_hires.png,2026/08/08,2026/05/16,0.28,0.15000000596046448,0.3400000035762787,19.979999542236328,,1.09,,,,0.1384,0.0231,0.1269,0.646,0.11540000140666962,0.1615,0.2076,0.346,0.8421,0.646,1.1535,2026-08-09
ex9-29,Grumpig,normal,Emerald,29,Uncommon,Kagemaru Himeno,Stage 1,326,Pokémon,2005/05/01,"tcgplayer,cardmarket",https://prices.pokemontcg.io/tcgplayer/ex9-29,https://images.pokemontcg.io/ex9/29_hires.png,2026/08/08,2026/06/26,1.2,0.5,1.2200000286102295,19.979999542236328,,19.19,,,,1.3842,0.0231,1.2573,11.4773,0.9804999828338623,1.3265,1.0035,11.4773,8.8243,7.1863,1.1535,2026-08-09
ecard3-H24,Poliwrath,holofoil,Skyridge,H24,Rare Holo,Naoyo Kimura,Stage 2,62,Pokémon,2003/05/12,"tcgplayer,cardmarket",https://prices.pokemontcg.io/tcgplayer/ecard3-H24,https://images.pokemontcg.io/ecard3/H24_hires.png,2026/06/09,2026/07/01,400.48,285.0,285.0,285.0,,,,,,127.2657,69.21,102.6615,0.0,57.65190124511719,144.2452,204.3079,34.605,44.6751,35.8392,1.1535,2026-08-09
ex14-24,Marshtomp,normal,Crystal Guardians,24,Rare,Kagemaru Himeno,Stage 1,259,Pokémon,2006/08/01,"tcgplayer,cardmarket",https://prices.pokemontcg.io/tcgplayer/ex14-24,https://images.pokemontcg.io/ex14/24_hires.png,2026/08/08,2026/06/27,2.8,1.6799999475479126,2.759999990463257,31.1200008392334,,27.25,,,,2.7223,0.3576,2.9876,15.6645,5.409900188446045,3.2759,2.2378,34.5935,21.5012,13.5882,1.1535,2026-08-09
xy2-32,Shinx,normal,Flashfire,32,Common,Sanosuke Sakuma,Basic,403,Pokémon,2014/05/07,"tcgplayer,cardmarket",https://prices.pokemontcg.io/tcgplayer/xy2-32,https://images.pokemontcg.io/xy2/32_hires.png,2026/08/08,2026/03/11,0.33,0.05000000074505806,0.30000001192092896,19.989999771118164,,0.61,,,,0.1615,0.0231,0.0923,0.8651,0.13840000331401825,0.0923,0.1615,0.4614,0.5652,0.496,1.1535,2026-08-09
pl4-27,Raichu,normal,Arceus,27,Rare,Suwama Chiaki,Stage 1,26,Pokémon,2009/11/04,"tcgplayer,cardmarket",https://prices.pokemontcg.io/tcgplayer/pl4-27,https://images.pokemontcg.io/pl4/27_hires.png,2026/08/08,2026/06/17,6.0,3.2799999713897705,5.0,96.76000213623047,,26.1,,,,3.5182,0.2884,8.3052,9.2857,2.6530001163482666,1.9956,2.976,2.8145,8.6282,7.4401,1.1535,2026-08-09
sm115-28,Koffing,normal,Hidden Fates,28,Common,Saya Tsuruta,Basic,109,Pokémon,2019/08/23,"tcgplayer,cardmarket",https://prices.pokemontcg.io/tcgplayer/sm115-28,https://images.pokemontcg.io/sm115/28_hires.png,2026/08/08,2026/05/07,0.04,0.019999999552965164,0.1899999976158142,19.979999542236328,,0.34,,,,0.0807,0.0231,0.0807,0.4268,0.17299999296665192,0.0807,0.0692,0.2653,0.3922,0.3691,1.1535,2026-08-09
hgss1-30,Smoochum,normal,HeartGold & SoulSilver,30,Rare,Midori Harada,Basic,238,Pokémon,2010/02/10,"tcgplayer,cardmarket",https://prices.pokemontcg.io/tcgplayer/hgss1-30,https://images.pokemontcg.io/hgss1/30_hires.png,2026/08/08,2026/05/14,4.98,2.9000000953674316,5.199999809265137,53.099998474121094,,6.82,,,,1.4765,0.1154,1.8802,1.8917,0.9228000044822693,2.4916,1.8571,4.0373,2.3762,3.0914,1.1535,2026-08-09
dp2-20,Ariados,normal,Mysterious Treasures,20,Rare,Midori Harada,Stage 1,168,Pokémon,2007/08/01,"tcgplayer,cardmarket",https://prices.pokemontcg.io/tcgplayer/dp2-20,https://images.pokemontcg.io/dp2/20_hires.png,2026/08/08,2026/06/26,0.55,0.10000000149011612,0.5,19.979999542236328,,2.28,,,,0.4383,0.0231,0.496,1.5342,0.40369999408721924,0.3114,0.4383,2.0186,2.0532,1.0958,1.1535,2026-08-09
sm2-26,Delibird,normal,Guardians Rising,26,Common,sui,Basic,225,Pokémon,2017/05/05,"tcgplayer,cardmarket",https://prices.pokemontcg.io/tcgplayer/sm2-26,https://images.pokemontcg.io/sm2/26_hires.png,2026/08/08,2026/03/11,0.23,0.05000000074505806,0.23000000417232513,19.979999542236328,,0.48,,,,0.0692,0.0231,0.0577,0.4268,0.023099999874830246,0.0692,0.0692,0.6229,0.496,0.3922,1.1535,2026-08-09
ex6-22,Dugtrio,normal,FireRed & LeafGreen,22,Rare,Hajime Kusajima,Stage 1,51,Pokémon,2004/09/01,"tcgplayer,cardmarket",https://prices.pokemontcg.io/tcgplayer/ex6-22,https://images.pokemontcg.io/ex6/22_hires.png,2026/08/08,2026/07/01,2.29,1.4500000476837158,2.4000000953674316,31.559999465942383,,22.01,,,,2.5146,0.0577,3.0337,9.5971,2.2955000400543213,2.2032,2.3185,17.3025,10.1739,8.3167,1.1535,2026-08-09
ex2-19,Omastar,normal,Sandstorm,19,Rare,Kouki Saitou,Stage 2,139,Pokémon,2003/09/18,"tcgplayer,cardmarket",https://prices.pokemontcg.io/tcgplayer/ex2-19,https://images.pokemontcg.io/ex2/19_hires.png,2026/08/08,2026/07/01,1.92,0.9900000095367432,2.2200000286102295,27.899999618530273,,11.74,,,,1.3727,0.2307,1.2227,6.8979,1.7532999515533447,1.1996,1.315,9.1011,9.0204,7.0017,1.1535,2026-08-09
base4-28,Pidgeotto,normal,Base Set 2,28,Rare,Ken Sugimori,Stage 1,17,Pokémon,2000/02/24,"tcgplayer,cardmarket",https://prices.pokemontcg.io/tcgplayer/base4-28,https://images.pokemontcg.io/base4/28_hires.png,2026/08/08,2026/07/01,5.13,2.009999990463257,4.690000057220459,8.869999885559082,,,,,,5.0523,1.142,5.6868,0.0,3.7488999366760254,6.0443,5.2715,1.7187,2.0186,2.0186,1.1535,2026-08-09
pl1-27,Giratina,normal,Platinum,27,Rare,Mitsuhiro Arita,Basic,487,Pokémon,2009/02/11,"tcgplayer,cardmarket",https://prices.pokemontcg.io/tcgplayer/pl1-27,https://images.pokemontcg.io/pl1/27_hires.png,2026/08/08,2026/06/27,9.85,8.65999984741211,14.989999771118164,96.0,,24.99,,,,3.1837,0.5767,3.4028,8.8473,0.34599998593330383,2.0071,2.0302,34.605,8.8473,6.9902,1.1535,2026-08-09
xy7-28,M Ampharos-EX,holofoil,Ancient Origins,28,Rare Holo EX,5ban Graphics,MEGA|EX,181,Pokémon,2015/08/12,"tcgplayer,cardmarket",https://prices.pokemontcg.io/tcgplayer/xy7-28,https://images.pokemontcg.io/xy7/28_hires.png,2026/08/08,2026/05/07,17.81,12.899999618530273,18.190000534057617,308.0,,,,,,21.3859,5.7675,21.2359,0.0,17.302499771118164,20.5669,20.5554,4.0373,5.7906,6.4481,1.1535,2026-08-09
dp4-22,Latias,normal,Great Encounters,22,Rare,Daisuke Ito,Basic,380,Pokémon,2008/02/01,"tcgplayer,cardmarket",https://prices.pokemontcg.io/tcgplayer/dp4-22,https://images.pokemontcg.io/dp4/22_hires.png,2026/08/08,2026/06/27,13.22,6.639999866485596,13.880000114440918,209.89999389648438,,15.0,,,,2.2147,0.4614,1.8917,3.5412,2.6530001163482666,2.4224,2.7799,2.2493,4.3487,3.9796,1.1535,2026-08-09
hgss4-28,Nidoqueen,normal,HS—Triumphant,28,Rare,sui,Stage 2,31,Pokémon,2010/11/03,"tcgplayer,cardmarket",https://prices.pokemontcg.io/tcgplayer/hgss4-28,https://images.pokemontcg.io/hgss4/28_hires.png,2026/08/08,2026/05/14,1.9,0.800000011920929,2.049999952316284,39.0,,9.1,,,,2.8261,0.3345,2.9645,4.3026,3.022200107574463,2.7338,2.1455,6.3096,3.4259,3.7373,1.1535,2026-08-09
ex3-26,Dratini,normal,Dragon,26,Uncommon,Aya Kusube,Basic,147,Pokémon,2003/11/24,"tcgplayer,cardmarket",https://prices.pokemontcg.io/tcgplayer/ex3-26,https://images.pokemontcg.io/ex3/26_hires.png,2026/08/08,2026/07/01,10.88,8.989999771118164,11.350000381469727,121.19999694824219,,54.85,,,,3.4028,0.173,3.5989,14.9955,5.767499923706055,3.3567,3.0798,16.149,13.8305,10.9006,1.1535,2026-08-09
sm4-20,Piloswine,normal,Crimson Invasion,20,Uncommon,Kouki Saitou,Stage 1,221,Pokémon,2017/11/03,"tcgplayer,cardmarket",https://prices.pokemontcg.io/tcgplayer/sm4-20,https://images.pokemontcg.io/sm4/20_hires.png,2026/08/08,2026/06/08,0.21,0.019999999552965164,0.20999999344348907,18.1200008392334,,0.35,,,,0.1038,0.0231,0.1038,0.5537,0.11540000140666962,0.1038,0.0923,0.173,0.5306,0.4037,1.1535,2026-08-09
swsh4-23,Charmander,normal,Vivid Voltage,23,Common,MAHOU,Basic,4,Pokémon,2020/11/13,"tcgplayer,cardmarket",https://prices.pokemontcg.io/tcgplayer/swsh4-23,https://images.pokemontcg.io/swsh4/23_hires.png,2026/08/08,2026/05/19,0.27,0.05000000074505806,0.25,25.0,,0.51,,,,0.1615,0.0231,5.0523,0.4614,0.4959999918937683,1.9033,0.646,0.5191,0.7959,0.5883,1.1535,2026-08-09
xy6-24,Electrike,normal,Roaring Skies,24,Common,Akira Komayama,Basic,309,Pokémon,2015/05/06,"tcgplayer,cardmarket",https://prices.pokemontcg.io/tcgplayer/xy6-24,https://images.pokemontcg.io/xy6/24_hires.png,2026/08/08,2026/06/11,0.13,0.019999999552965164,0.20000000298023224,19.979999542236328,,0.36,,,,0.0807,0.0231,0.0923,0.2884,0.04610000178217888,0.0692,0.0807,0.4614,0.2999,0.4153,1.1535,2026-08-09
xy10-26,M Alakazam-EX,holofoil,Fates Collide,26,Rare Holo EX,5ban Graphics,MEGA|EX,65,Pokémon,2016/05/02,"tcgplayer,cardmarket",https://prices.pokemontcg.io/tcgplayer/xy10-26,https://images.pokemontcg.io/xy10/26_hires.png,2026/08/08,2026/06/08,17.44,10.65999984741211,17.440000534057617,111.94000244140625,,,,,,24.0735,7.5785,21.7896,0.0,18.45599937438965,19.4826,22.4932,9.1127,6.7134,6.598,1.1535,2026-08-09
bw2-19,Simisear,normal,Emerging Powers,19,Rare,Mitsuhiro Arita,Stage 1,514,Pokémon,2011/08/31,"tcgplayer,cardmarket",https://prices.pokemontcg.io/tcgplayer/bw2-19,https://images.pokemontcg.io/bw2/19_hires.png,2026/08/08,2026/06/30,0.42,0.05000000074505806,0.44999998807907104,19.979999542236328,,1.03,,,,0.3807,0.0231,0.3691,0.5652,0.46140000224113464,0.2768,0.3345,1.1535,0.7036,1.0497,1.1535,2026-08-09
sm8-25,Silcoon,normal,Lost Thunder,25,Uncommon,Satoshi Shirai,Stage 1,266,Pokémon,2018/11/02,"tcgplayer,cardmarket",https://prices.pokemontcg.io/tcgplayer/sm8-25,https://images.pokemontcg.io/sm8/25_hires.png,2026/08/08,2026/05/06,0.27,0.10000000149011612,0.25,19.979999542236328,,0.39,,,,0.0923,0.0231,0.1154,0.2884,0.20759999752044678,0.0923,0.1154,0.5075,0.3922,0.3807,1.1535,2026-08-09
sma-SV19,Poipole,holofoil,Hidden Fates Shiny Vault,SV19,Rare Shiny,Akira Komayama,Basic|Ultra Beast,803,Pokémon,2019/08/23,"tcgplayer,cardmarket",https://prices.pokemontcg.io/tcgplayer/sma-SV19,https://images.pokemontcg.io/sma/SV19_hires.png,2026/08/08,2026/06/08,5.9,4.550000190734863,6.179999828338623,114.80000305175781,,,,,,3.5297,2.1801,3.3798,0.0,2.8838000297546387,3.6912,4.0719,2.1801,2.5608,3.8642,1.1535,2026-08-09
neo2-18,Beedrill,unlimited,Neo Discovery,18,Rare,Aya Kusube,Stage 2,15,Pokémon,2001/06/01,"tcgplayer,cardmarket",https://prices.pokemontcg.io/tcgplayer/neo2-18,https://images.pokemontcg.io/neo2/18_hires.png,2026/08/08,2026/07/01,10.69,6.690000057220459,12.989999771118164,86.9000015258789,,,,,"{""1stEdition"": {""low"": 18.0, ""mid"": 27.5, ""high"": 209.9, ""market"": 26.44, ""directLow"": null}}",7.2555,1.1535,6.6903,0.0,3.4605000019073486,11.2697,9.1357,11.535,14.6494,9.1357,1.1535,2026-08-09
ecard1-18,Meganium,holofoil,Expedition Base Set,18,Rare Holo,Hajime Kusajima,Stage 2,154,Pokémon,2002/09/15,"tcgplayer,cardmarket",https://prices.pokemontcg.io/tcgplayer/ecard1-18,https://images.pokemontcg.io/ecard1/18_hires.png,2026/08/08,2026/07/01,180.01,91.69000244140625,93.68000030517578,249.99000549316406,,72.76,,,,79.2685,8.8819,53.7762,30.2448,103.81500244140625,70.3404,61.6084,18.4906,23.716,22.7355,1.1535,2026-08-09
bw4-30,Basculin,normal,Next Destinies,30,Uncommon,Kagemaru Himeno,Basic,550,Pokémon,2012/02/08,"tcgplayer,cardmarket",https://prices.pokemontcg.io/tcgplayer/bw4-30,https://images.pokemontcg.io/bw4/30_hires.png,2026/08/08,2026/05/14,0.3,0.05999999865889549,0.2800000011920929,5.0,,0.72,,,,0.2307,0.0231,0.173,0.173,0.28839999437332153,0.15,0.173,0.8536,0.669,0.5767,1.1535,2026-08-09
ex12-29,Anorith,normal,Legend Maker,29,Uncommon,Atsuko Nishida,Stage 1,347,Pokémon,2006/02/01,"tcgplayer,cardmarket",https://prices.pokemontcg.io/tcgplayer/ex12-29,https://images.pokemontcg.io/ex12/29_hires.png,2026/08/08,2026/06/28,0.79,0.27000001072883606,0.7900000214576721,19.979999542236328,,11.6,,,,0.496,0.0231,0.6229,8.0284,2.0532000064849854,0.7036,0.496,7.9361,7.6477,9.5048,1.1535,2026-08-09
basep-23,Zapdos,normal,Wizards Black Star Promos,23,Promo,Toshinao Aoki,Basic,145,Pokémon,1999/07/01,"tcgplayer,cardmarket",https://prices.pokemontcg.io/tcgplayer/basep-23,https://images.pokemontcg.io/basep/23_hires.png,2026/08/08,2026/07/01,21.08,11.470000267028809,19.809999465942383,9999.0,,,,,,13.2422,0.9228,30.5678,0.0,6.921000003814697,30.1064,15.5376,1.1535,0.5191,0.5191,1.1535,2026-08-09
gym1-27,Lt. Surge's Electabuzz,unlimited,Gym Heroes,27,Rare,Ken Sugimori,Basic,125,Pokémon,2000/08/14,"tcgplayer,cardmarket",https://prices.pokemontcg.io/tcgplayer/gym1-27,https://images.pokemontcg.io/gym1/27_hires.png,2026/08/08,2026/07/01,9.09,5.820000171661377,8.0,64.80000305175781,,,,,"{""1stEdition"": {""low"": 11.95, ""mid"": 19.49, ""high"": 180.0, ""market"": 17.57, ""directLow"": null}}",11.9157,2.0186,11.7888,0.0,5.709799766540527,7.6592,9.8278,2.307,1.6149,1.6149,1.1535,2026-08-09
ex5-20,Masquerain,normal,Hidden Legends,20,Rare,Toshinao Aoki,Stage 1,284,Pokémon,2004/06/01,"tcgplayer,cardmarket",https://prices.pokemontcg.io/tcgplayer/ex5-20,https://images.pokemontcg.io/ex5/20_hires.png,2026/08/08,2026/07/01,1.22,0.8899999856948853,1.2000000476837158,19.979999542236328,,12.66,,,,1.0266,0.1154,0.8651,6.8864,0.34599998593330383,1.0035,1.0958,2.307,5.2138,4.2679,1.1535,2026-08-09
dp1-27,Gengar,normal,Diamond & Pearl,27,Rare,Kagemaru Himeno,Stage 2,94,Pokémon,2007/05/01,"tcgplayer,cardmarket",https://prices.pokemontcg.io/tcgplayer/dp1-27,https://images.pokemontcg.io/dp1/27_hires.png,2026/08/08,2026/06/22,78.85,40.0,51.56999969482422,516.739990234375,,199.99,,,,20.2555,4.0373,16.0452,36.1968,8.062999725341797,24.9502,21.0975,79.58,27.4418,34.6857,1.1535,2026-08-09
bw3-22,Tympole,normal,Noble Victories,22,Common,Atsuko Nishida,Basic,535,Pokémon,2011/11/16,"tcgplayer,cardmarket",https://prices.pokemontcg.io/tcgplayer/bw3-22,https://images.pokemontcg.io/bw3/22_hires.png,2026/08/08,2026/06/20,0.26,0.10000000149011612,0.25999999046325684,19.979999542236328,,0.66,,,,0.2422,0.0231,0.2538,0.7728,0.20759999752044678,0.346,0.1846,1.0381,1.165,0.9689,1.1535,2026-08-09
bw11-29,Reshiram-EX,holofoil,Legendary Treasures,29,Rare Holo EX,Shizurow,Basic|EX,643,Pokémon,2013/11/06,"tcgplayer,cardmarket",https://prices.pokemontcg.io/tcgplayer/bw11-29,https://images.pokemontcg.io/bw11/29_hires.png,2026/08/08,2026/06/08,11.64,4.289999961853027,11.550000190734863,59.79999923706055,,,,,,10.7622,5.1792,10.5661,0.0,19.897899627685547,11.1197,9.5164,5.6406,5.1446,4.2679,1.1535,2026-08-09
hgss3-23,Vespiquen,normal,HS—Undaunted,23,Rare,Naoyo Kimura,Stage 1,416,Pokémon,2010/08/18,"tcgplayer,cardmarket",https://prices.pokemontcg.io/tcgplayer/hgss3-23,https://images.pokemontcg.io/hgss3/23_hires.png,2026/08/08,2026/06/27,0.82,0.4000000059604645,0.6899999976158142,19.979999542236328,,8.14,,,,0.819,0.0346,0.819,3.2644,0.8996999859809875,0.7036,0.7036,1.7302,3.9334,3.1837,1.1535,2026-08-09
hsp-HGSS17,Minun,holofoil,HGSS Black Star Promos,HGSS17,Promo,Kouki Saitou,Basic,312,Pokémon,2010/02/10,tcgplayer,https://prices.pokemontcg.io/tcgplayer/hsp-HGSS17,https://images.pokemontcg.io/hsp/HGSS17_hires.png,2026/08/08,,36.98,25.020000457763672,49.709999084472656,745.1799926757812,,,,,,,,,,,,,,,,,2026-08-09
sm35-17,Incineroar,normal,Shining Legends,17,Uncommon,Emi Ando,Stage 2,727,Pokémon,2017/10/06,"tcgplayer,cardmarket",https://prices.pokemontcg.io/tcgplayer/sm35-17,https://images.pokemontcg.io/sm35/17_hires.png,2026/08/08,2026/07/01,0.31,0.07000000029802322,0.30000001192092896,18.8799991607666,,0.67,,,,0.15,0.0231,0.173,0.7152,0.06920000165700912,0.173,0.15,0.5421,0.6806,0.669,1.1535,2026-08-09
smp-SM18,Alolan Sandslash,holofoil,SM Black Star Promos,SM18,Promo,TOKIYA,Stage 1,28,Pokémon,2017/02/03,"tcgplayer,cardmarket",https://prices.pokemontcg.io/tcgplayer/smp-SM18,https://images.pokemontcg.io/smp/SM18_hires.png,2026/08/08,2026/07/01,17.75,29.0,50.0,145.6999969482422,,,,,,23.3584,20.936,11.3504,0.0,20.76300048828125,21.5012,25.55,2.7107,9.401,7.5554,1.1535,2026-08-09
hgss2-26,Tyranitar,normal,HS—Unleashed,26,Rare,Kouki Saitou,Stage 2,248,Pokémon,2010/05/12,"tcgplayer,cardmarket",https://prices.pokemontcg.io/tcgplayer/hgss2-26,https://images.pokemontcg.io/hgss2/26_hires.png,2026/08/08,2026/06/09,10.08,6.079999923706055,8.5,87.5999984741211,,80.99,,,,3.6451,0.1154,4.9485,4.937,12.111700057983398,4.4525,3.6335,1.7302,5.9636,7.0017,1.1535,2026-08-09
ex16-18,Mightyena,normal,Power Keepers,18,Rare,Midori Harada,Stage 1,262,Pokémon,2007/02/02,"tcgplayer,cardmarket",https://prices.pokemontcg.io/tcgplayer/ex16-18,https://images.pokemontcg.io/ex16/18_hires.png,2026/08/08,2026/07/01,1.35,0.550000011920929,0.8299999833106995,19.979999542236328,,36.08,,,,0.8421,0.1154,1.1074,7.9592,4.613999843597412,1.4073,1.3496,1.1535,6.9095,5.3522,1.1535,2026-08-09
pl2-24,Heracross E4,normal,Rising Rivals,24,Rare,Kouki Saitou,Basic|SP,214,Pokémon,2009/05/16,"tcgplayer,cardmarket",https://prices.pokemontcg.io/tcgplayer/pl2-24,https://images.pokemontcg.io/pl2/24_hires.png,2026/08/08,2026/06/27,3.39,2.2200000286102295,3.1700000762939453,39.70000076293945,,15.98,,,,2.0994,0.2884,2.1455,2.9991,1.3495999574661255,2.3993,1.8225,8.063,4.0949,3.2875,1.1535,2026-08-09
xy4-25,Pachirisu,normal,Phantom Forces,25,Rare,Mizue,Basic,417,Pokémon,2014/11/05,"tcgplayer,cardmarket",https://prices.pokemontcg.io/tcgplayer/xy4-25,https://images.pokemontcg.io/xy4/25_hires.png,2026/08/08,2026/05/14,0.51,0.20000000298023224,0.5199999809265137,19.979999542236328,,2.02,,,,0.6921,0.1154,0.5883,0.0,0.57669997215271,0.6921,0.6114,1.1535,1.5572,1.5572,1.1535,2026-08-09
sm7-24,Magcargo,normal,Celestial Storm,24,Rare,Midori Harada,Stage 1,219,Pokémon,2018/08/03,"tcgplayer,cardmarket",https://prices.pokemontcg.io/tcgplayer/sm7-24,https://images.pokemontcg.io/sm7/24_hires.png,2026/08/08,2026/06/08,0.99,0.5799999833106995,1.0,19.979999542236328,,4.76,,,,11.2351,4.8447,8.1783,0.0,6.332699775695801,8.582,7.267,1.0958,2.0417,1.7649,1.1535,2026-08-09
bw6-29,Spheal,normal,Dragons Exalted,29,Common,Mitsuhiro Arita,Basic,363,Pokémon,2012/08/15,"tcgplayer,cardmarket",https://prices.pokemontcg.io/tcgplayer/bw6-29,https://images.pokemontcg.io/bw6/29_hires.png,2026/08/08,2026/05/15,0.41,0.15000000596046448,0.4399999976158142,3.309999942779541,,4.13,,,,0.173,0.0231,0.2192,0.0,0.12690000236034393,0.2653,0.173,5.7675,2.157,1.3611,1.1535,2026-08-09
base2-19,Flareon,unlimited,Jungle,19,Rare,Kagemaru Himeno,Stage 1,136,Pokémon,1999/06/16,"tcgplayer,cardmarket",https://prices.pokemontcg.io/tcgplayer/base2-19,https://images.pokemontcg.io/base2/19_hires.png,2026/08/08,2026/07/01,15.25,8.390000343322754,12.430000305175781,67.56999969482422,,,,,"{""1stEdition"": {""low"": 32.03, ""mid"": 54.66, ""high"": 299.8, ""market"": 42.01, ""directLow"": 99.99}}",11.9849,1.1535,10.2085,0.0,14.649399757385254,11.2928,12.3655,21.9165,25.0886,17.787,1.1535,2026-08-09
ex2-20,Pichu,normal,Sandstorm,20,Rare,Naoyo Kimura,Basic,172,Pokémon,2003/09/18,"tcgplayer,cardmarket",https://prices.pokemontcg.io/tcgplayer/ex2-20,https://images.pokemontcg.io/ex2/20_hires.png,2026/08/08,2026/07/01,9.19,7.949999809265137,13.520000457763672,90.9000015258789,,75.0,,,,4.2333,0.5767,4.8562,20.7515,4.602499961853027,4.937,4.2564,39.2075,17.7293,12.9653,1.1535,2026-08-09
gym2-30,Sabrina's Golduck,unlimited,Gym Challenge,30,Rare,Ken Sugimori,Stage 1,55,Pokémon,2000/10/16,"tcgplayer,cardmarket",https://prices.pokemontcg.io/tcgplayer/gym2-30,https://images.pokemontcg.io/gym2/30_hires.png,2026/08/08,2026/07/01,10.96,6.5,8.989999771118164,73.5,,,,,"{""1stEdition"": {""low"": 29.01, ""mid"": 35.5, ""high"": 199.9, ""market"": 25.26, ""directLow"": null}}",32.8517,5.1907,34.5358,0.0,11.53499984741211,45.0672,21.3167,4.5909,2.6415,2.6415,1.1535,2026-08-09
basep-24,_____'s Pikachu,holofoil,Wizards Black Star Promos,24,Promo,Kagemaru Himeno,Basic,25,Pokémon,1999/07/01,"tcgplayer,cardmarket",https://prices.pokemontcg.io/tcgplayer/basep-24,https://images.pokemontcg.io/basep/24_hires.png,2026/08/08,2026/07/01,376.56,329.1099853515625,533.489990234375,9999.0,,,,,,302.39,115.35,389.8253,0.0,155.72250366210938,316.1051,562.4697,432.5625,237.2865,146.5637,1.1535,2026-08-09
xy9-18,Golduck BREAK,holofoil,BREAKpoint,18,Rare BREAK,5ban Graphics,BREAK,55,Pokémon,2016/02/03,"tcgplayer,cardmarket",https://prices.pokemontcg.io/tcgplayer/xy9-18,https://images.pokemontcg.io/xy9/18_hires.png,2026/08/08,2026/06/21,6.54,2.740000009536743,6.429999828338623,139.99000549316406,,,,,,6.4827,2.5954,6.8979,0.0,3.172100067138672,6.8056,6.3212,1.7302,5.7675,4.0257,1.1535,2026-08-09
xyp-XY19,Delphox-EX,holofoil,XY Black Star Promos,XY19,Promo,5ban Graphics,Basic|EX,655,Pokémon,2013/10/12,"tcgplayer,cardmarket",https://prices.pokemontcg.io/tcgplayer/xyp-XY19,https://images.pokemontcg.io/xyp/XY19_hires.png,2026/08/08,2026/06/27,7.92,3.700000047683716,8.130000114440918,9999.0,,,,,,7.3824,1.1535,4.3141,0.0,2.8838000297546387,4.3141,5.6291,3.1721,3.0683,2.953,1.1535,2026-08-09
base4-29,Pinsir,normal,Base Set 2,29,Rare,Kagemaru Himeno,Basic,127,Pokémon,2000/02/24,"tcgplayer,cardmarket",https://prices.pokemontcg.io/tcgplayer/base4-29,https://images.pokemontcg.io/base4/29_hires.png,2026/08/08,2026/07/01,4.49,2.25,4.170000076293945,48.599998474121094,,,,,,4.6717,1.0958,4.8908,0.0,1.153499960899353,4.464,4.0719,1.1535,1.1535,1.1535,1.1535,2026-08-09
base3-29,Raichu,unlimited,Fossil,29,Rare,Mitsuhiro Arita,Stage 1,26,Pokémon,1999/10/10,"tcgplayer,cardmarket",https://prices.pokemontcg.io/tcgplayer/base3-29,https://images.pokemontcg.io/base3/29_hires.png,2026/08/08,2026/07/01,9.1,2.990000009536743,7.989999771118164,1111.0,,,,,"{""1stEdition"": {""low"": 14.6, ""mid"": 23.51, ""high"": 154.9, ""market"": 25.51, ""directLow"": null}}",10.3123,1.142,14.8571,0.0,20.128599166870117,15.007,10.8198,3.4605,18.952,16.3912,1.1535,2026-08-09
ex6-23,Farfetch'd,normal,FireRed & LeafGreen,23,Rare,Yukiko Baba,Basic,83,Pokémon,2004/09/01,"tcgplayer,cardmarket",https://prices.pokemontcg.io/tcgplayer/ex6-23,https://images.pokemontcg.io/ex6/23_hires.png,2026/08/08,2026/07/01,2.7,1.2000000476837158,2.549999952316284,54.70000076293945,,26.44,,,,2.9991,0.1154,3.5989,0.0,1.5226000547409058,3.4836,2.7223,34.5935,11.5235,12.9423,1.1535,2026-08-09
swsh1-28,Salazzle,normal,Sword & Shield,28,Uncommon,Tomokazu Komiya,Stage 1,758,Pokémon,2020/02/07,"tcgplayer,cardmarket",https://prices.pokemontcg.io/tcgplayer/swsh1-28,https://images.pokemontcg.io/swsh1/28_hires.png,2026/08/08,2026/03/11,0.27,0.009999999776482582,0.25,2.990000009536743,,0.59,,,,0.1384,0.0231,0.1038,0.7382,0.023099999874830246,0.1154,0.1269,2.307,0.9343,0.7959,1.1535,2026-08-09
bw6-30,Sealeo,normal,Dragons Exalted,30,Uncommon,Mizue,Stage 1,364,Pokémon,2012/08/15,"tcgplayer,cardmarket",https://prices.pokemontcg.io/tcgplayer/bw6-30,https://images.pokemontcg.io/bw6/30_hires.png,2026/08/08,2026/05/15,0.41,0.1599999964237213,0.4000000059604645,19.979999542236328,,0.84,,,,0.2192,0.0231,0.2422,2.2955,0.17299999296665192,0.1846,0.2307,2.2955,1.1074,0.9459,1.1535,2026-08-09
sm2-27,Carvanha,normal,Guardians Rising,27,Common,Hideki Ishikawa,Basic,318,Pokémon,2017/05/05,"tcgplayer,cardmarket",https://prices.pokemontcg.io/tcgplayer/sm2-27,https://images.pokemontcg.io/sm2/27_hires.png,2026/08/08,2026/03/11,0.09,0.009999999776482582,0.1899999976158142,19.979999542236328,,0.22,,,,0.0461,0.0231,0.0461,0.3345,0.023099999874830246,0.0577,0.0461,0.5652,0.3345,0.2653,1.1535,2026-08-09
xy12-21,Blastoise-EX,holofoil,Evolutions,21,Rare Holo EX,Eske Yoshinob,Basic|EX,9,Pokémon,2016/11/02,"tcgplayer,cardmarket",https://prices.pokemontcg.io/tcgplayer/xy12-21,https://images.pokemontcg.io/xy12/21_hires.png,2026/08/08,2026/06/25,6.11,3.990000009536743,6.409999847412109,54.9900016784668,,,,,,8.9742,2.2955,9.0319,0.0,3.4489998817443848,6.7249,8.6051,11.1889,11.6503,11.7542,1.1535,2026-08-09
sm75-27,Corsola,normal,Dragon Majesty,27,Common,Kagemaru Himeno,Basic,222,Pokémon,2018/09/07,"tcgplayer,cardmarket",https://prices.pokemontcg.io/tcgplayer/sm75-27,https://images.pokemontcg.io/sm75/27_hires.png,2026/08/08,2026/06/11,0.36,0.15000000596046448,0.3499999940395355,1.7200000286102295,,1.22,,,,0.323,0.0231,0.346,0.8074,0.17299999296665192,0.2768,0.2307,0.346,0.8767,1.9033,1.1535,2026-08-09
sm7-25,Torchic,normal,Celestial Storm,25,Common,Kagemaru Himeno,Basic,255,Pokémon,2018/08/03,"tcgplayer,cardmarket",https://prices.pokemontcg.io/tcgplayer/sm7-25,https://images.pokemontcg.io/sm7/25_hires.png,2026/08/08,2026/06/08,0.25,0.09000000357627869,0.27000001072883606,2.309999942779541,,0.59,,,,0.1384,0.0231,0.173,0.8074,0.1615000069141388,0.173,0.1384,0.8651,0.7728,0.6921,1.1535,2026-08-09
base1-27,Farfetch'd,normal,Base,27,Uncommon,Ken Sugimori,Basic,83,Pokémon,1999/01/09,"tcgplayer,cardmarket",https://prices.pokemontcg.io/tcgplayer/base1-27,https://images.pokemontcg.io/base1/27_hires.png,2026/08/08,2026/07/01,1.55,0.20000000298023224,0.9100000262260437,96.51000213623047,,,,,,2.2609,0.0231,1.8687,0.0,1.9033000469207764,2.2609,2.4108,5.7675,6.6442,6.6442,1.1535,2026-08-09
smp-SM19,Oricorio,holofoil,SM Black Star Promos,SM19,Promo,TOKIYA,Basic,741,Pokémon,2017/02/03,"tcgplayer,cardmarket",https://prices.pokemontcg.io/tcgplayer/smp-SM19,https://images.pokemontcg.io/smp/SM19_hires.png,2026/08/08,2026/07/01,9.3,5.5,10.90999984741211,74.5,,,,,,19.6095,6.9095,32.0558,0.0,23.06999969482422,13.0922,21.3282,69.21,16.9103,9.2049,1.1535,2026-08-09
bw9-25,Palpitoad,normal,Plasma Freeze,25,Uncommon,Masakazu Fukuda,Stage 1,536,Pokémon,2013/05/08,"tcgplayer,cardmarket",https://prices.pokemontcg.io/tcgplayer/bw9-25,https://images.pokemontcg.io/bw9/25_hires.png,2026/08/08,2026/06/22,0.26,0.09000000357627869,0.25999999046325684,19.979999542236328,,0.59,,,,0.2768,0.0231,0.2538,1.4649,0.57669997215271,0.2999,0.2538,0.346,1.2804,0.7382,1.1535,2026-08-09
ex8-28,Whiscash,normal,Deoxys,28,Rare,Miki Tanaka,Stage 1,340,Pokémon,2005/02/01,"tcgplayer,cardmarket",https://prices.pokemontcg.io/tcgplayer/ex8-28,https://images.pokemontcg.io/ex8/28_hires.png,2026/08/08,2026/06/26,1.35,0.46000000834465027,1.350000023841858,19.979999542236328,,25.33,,,,1.2804,0.173,1.7418,53.8338,5.652200222015381,1.7418,1.9725,5.7675,31.4213,12.3194,1.1535,2026-08-09
neo3-24,Sneasel,unlimited,Neo Revelation,24,Rare,Sumiyoshi Kizuki,Basic,215,Pokémon,2001/09/21,"tcgplayer,cardmarket",https://prices.pokemontcg.io/tcgplayer/neo3-24,https://images.pokemontcg.io/neo3/24_hires.png,2026/08/08,2026/07/01,6.98,5.090000152587891,7.360000133514404,99.87999725341797,,,,,"{""1stEdition"": {""low"": 16.8, ""mid"": 25.95, ""high"": 82.5, ""market"": 18.67, ""directLow"": null}}",6.771,1.0381,7.1056,0.0,7.486199855804443,7.1056,7.2094,0.0,0.0,0.0,1.1535,2026-08-09
ecard1-19,Mew,holofoil,Expedition Base Set,19,Rare Holo,Hajime Kusajima,Basic,151,Pokémon,2002/09/15,"tcgplayer,cardmarket",https://prices.pokemontcg.io/tcgplayer/ecard1-19,https://images.pokemontcg.io/ecard1/19_hires.png,2026/08/08,2026/07/01,411.66,549.0,1524.989990234375,3749.989990234375,,216.5,,,,241.3007,23.07,213.3514,126.6774,354.12451171875,224.8748,273.3218,219.165,134.2789,99.7085,1.1535,2026-08-09
ex15-17,Jynx δ,normal,Dragon Frontiers,17,Rare,Ken Sugimori,Basic,124,Pokémon,2006/11/01,"tcgplayer,cardmarket",https://prices.pokemontcg.io/tcgplayer/ex15-17,https://images.pokemontcg.io/ex15/17_hires.png,2026/08/08,2026/07/01,3.67,1.5,3.6700000762939453,18.709999084472656,,33.25,,,,1.7418,0.1154,1.165,11.6734,0.6920999884605408,1.1881,2.3416,13.842,11.7196,9.8394,1.1535,2026-08-09
swshp-SWSH019,Zamazenta V,holofoil,SWSH Black Star Promos,SWSH019,Promo,aky CG Works,Basic|V,889,Pokémon,2019/11/15,"tcgplayer,cardmarket",https://prices.pokemontcg.io/tcgplayer/swshp-SWSH019,https://images.pokemontcg.io/swshp/SWSH019_hires.png,2026/08/08,2026/06/11,1.0,0.6000000238418579,1.0499999523162842,19.979999542236328,,,,,,1.5111,0.4614,1.7764,0.0,1.3726999759674072,1.6956,1.4534,3.1029,3.0452,3.3221,1.1535,2026-08-09
pl3-26,Dusknoir FB,normal,Supreme Victors,26,Rare,Motofumi Fujiwara,Basic|SP,477,Pokémon,2009/08/19,"tcgplayer,cardmarket",https://prices.pokemontcg.io/tcgplayer/pl3-26,https://images.pokemontcg.io/pl3/26_hires.png,2026/08/08,2026/06/08,2.0,1.2699999809265137,4.289999961853027,96.83999633789062,,2.88,,,,2.3993,1.0381,3.2529,2.457,1.4419000148773193,2.3301,3.1491,5.1907,2.7799,2.7684,1.1535,2026-08-09
pl4-28,Rapidash,normal,Arceus,28,Rare,Lee HyunJung,Stage 1,78,Pokémon,2009/11/04,"tcgplayer,cardmarket",https://prices.pokemontcg.io/tcgplayer/pl4-28,https://images.pokemontcg.io/pl4/28_hires.png,2026/08/08,2026/06/17,1.6,1.25,1.75,26.399999618530273,,6.35,,,,0.9343,0.346,1.2227,2.0994,1.038100004196167,1.0035,1.0612,2.307,2.0994,2.9068,1.1535,2026-08-09
xy11-30,Oshawott,normal,Steam Siege,30,Common,sui,Basic,501,Pokémon,2016/08/03,"tcgplayer,cardmarket",https://prices.pokemontcg.io/tcgplayer/xy11-30,https://images.pokemontcg.io/xy11/30_hires.png,2026/08/08,2026/05/08,0.24,0.03999999910593033,0.23999999463558197,19.979999542236328,,0.65,,,,0.1038,0.0231,0.0923,0.4037,0.17299999296665192,0.1038,0.1154,0.5767,0.4499,0.4153,1.1535,2026-08-09
dp5-20,Glaceon,normal,Majestic Dawn,20,Rare,Masakazu Fukuda,Stage 1,471,Pokémon,2008/05/01,"tcgplayer,cardmarket",https://prices.pokemontcg.io/tcgplayer/dp5-20,https://images.pokemontcg.io/dp5/20_hires.png,2026/08/08,2026/07/01,17.49,7.21999979019165,10.399999618530273,180.0,,50.0,,,,3.3798,0.1154,4.2333,8.5474,5.190700054168701,2.5838,3.4374,2.8838,7.0825,5.6868,1.1535,2026-08-09
bw8-27,Piloswine,normal,Plasma Storm,27,Uncommon,Suwama Chiaki,Stage 1,221,Pokémon,2013/02/06,"tcgplayer,cardmarket",https://prices.pokemontcg.io/tcgplayer/bw8-27,https://images.pokemontcg.io/bw8/27_hires.png,2026/08/08,2026/05/16,0.4,0.20000000298023224,0.4000000059604645,19.979999542236328,,1.35,,,,0.4383,0.0231,0.3345,0.5767,0.28839999437332153,0.4037,0.3576,0.5767,1.3957,1.1074,1.1535,2026-08-09
sm115-29,Weezing,normal,Hidden Fates,29,Rare,Hideki Ishikawa,Stage 1,110,Pokémon,2019/08/23,"tcgplayer,cardmarket",https://prices.pokemontcg.io/tcgplayer/sm115-29,https://images.pokemontcg.io/sm115/29_hires.png,2026/08/08,2026/05/07,0.28,0.10000000149011612,0.3199999928474426,3.0,,0.72,,,,0.2307,0.0231,0.2538,0.5075,0.10379999876022339,0.173,0.2192,0.5652,0.5652,1.1535,1.1535,2026-08-09
ex5-21,Metang,normal,Hidden Legends,21,Rare,Mitsuhiro Arita,Stage 1,375,Pokémon,2004/06/01,"tcgplayer,cardmarket",https://prices.pokemontcg.io/tcgplayer/ex5-21,https://images.pokemontcg.io/ex5/21_hires.png,2026/08/08,2026/07/01,1.45,0.75,1.5,21.510000228881836,,10.46,,,,0.7959,0.1154,2.1686,4.7293,0.5882999897003174,1.488,1.4073,3.4605,4.1872,3.8642,1.1535,2026-08-09
ex14-25,Medicham,normal,Crystal Guardians,25,Rare,Midori Harada,Stage 1,308,Pokémon,2006/08/01,"tcgplayer,cardmarket",https://prices.pokemontcg.io/tcgplayer/ex14-25,https://images.pokemontcg.io/ex14/25_hires.png,2026/08/08,2026/06/27,0.74,0.30000001192092896,0.7300000190734863,19.979999542236328,,11.9,,,,0.7152,0.0577,0.8767,12.0656,0.8651000261306763,0.7728,0.7959,14.8802,15.5723,8.7781,1.1535,2026-08-09
ex9-30,Grumpig,normal,Emerald,30,Uncommon,Atsuko Nishida,Stage 1,326,Pokémon,2005/05/01,"tcgplayer,cardmarket",https://prices.pokemontcg.io/tcgplayer/ex9-30,https://images.pokemontcg.io/ex9/30_hires.png,2026/08/08,2026/06/26,1.52,1.059999942779541,1.559999942779541,19.979999542236328,,22.5,,,,1.3496,0.1154,1.2919,0.0,0.28839999437332153,1.5688,1.3957,11.535,6.6903,7.2324,1.1535,2026-08-09
dp2-21,Bastiodon,normal,Mysterious Treasures,21,Rare,Kazuyuki Kano,Stage 2,411,Pokémon,2007/08/01,"tcgplayer,cardmarket",https://prices.pokemontcg.io/tcgplayer/dp2-21,https://images.pokemontcg.io/dp2/21_hires.png,2026/08/08,2026/06/26,1.02,0.25,0.9200000166893005,19.979999542236328,,1.94,,,,0.8651,0.0231,1.0266,1.4303,0.3230000138282776,0.6921,0.669,0.8651,0.8882,1.661,1.1535,2026-08-09
swsh4-24,Charmeleon,normal,Vivid Voltage,24,Uncommon,SATOSHI NAKAI,Stage 1,5,Pokémon,2020/11/13,"tcgplayer,cardmarket",https://prices.pokemontcg.io/tcgplayer/swsh4-24,https://images.pokemontcg.io/swsh4/24_hires.png,2026/08/08,2026/05/16,0.08,0.009999999776482582,0.20000000298023224,30.0,,0.32,,,,0.1038,0.0231,0.0807,0.3345,0.15000000596046448,0.0692,0.0923,0.7728,0.5652,0.3922,1.1535,2026-08-09
sm8-26,Beautifly,normal,Lost Thunder,26,Rare,0313,Stage 2,267,Pokémon,2018/11/02,"tcgplayer,cardmarket",https://prices.pokemontcg.io/tcgplayer/sm8-26,https://images.pokemontcg.io/sm8/26_hires.png,2026/08/08,2026/05/06,0.63,0.3100000023841858,0.6299999952316284,19.979999542236328,,0.79,,,,0.6344,0.173,0.7382,1.2112,0.40369999408721924,0.5767,0.7844,1.0266,1.5111,1.3957,1.1535,2026-08-09
sma-SV20,Sudowoodo,holofoil,Hidden Fates Shiny Vault,SV20,Rare Shiny,Kyoko Umemoto,Basic,185,Pokémon,2019/08/23,"tcgplayer,cardmarket",https://prices.pokemontcg.io/tcgplayer/sma-SV20,https://images.pokemontcg.io/sma/SV20_hires.png,2026/08/08,2026/06/08,4.45,1.9900000095367432,4.989999771118164,87.5999984741211,,,,,,3.7489,2.307,3.6105,9.055,5.190700054168701,3.3105,3.5297,9.055,4.464,4.4871,1.1535,2026-08-09
swsh35-28,Zygarde,holofoil,Champion's Path,28,Rare Holo,Shin Nagasawa,Basic,718,Pokémon,2020/09/25,"tcgplayer,cardmarket",https://prices.pokemontcg.io/tcgplayer/swsh35-28,https://images.pokemontcg.io/swsh35/28_hires.png,2026/08/08,2026/06/18,0.31,0.05000000074505806,0.30000001192092896,5.0,,0.32,,,,0.3345,0.0231,0.4729,0.2653,0.219200000166893,0.2422,0.323,0.4037,0.323,0.3807,1.1535,2026-08-09
ecard3-H25,Raichu,holofoil,Skyridge,H25,Rare Holo,Yuka Morii,Stage 1,26,Pokémon,2003/05/12,"tcgplayer,cardmarket",https://prices.pokemontcg.io/tcgplayer/ecard3-H25,https://images.pokemontcg.io/ecard3/H25_hires.png,2026/05/06,2026/07/01,252.1,350.0,350.0,350.0,,,,,,152.8618,68.0565,687.2322,0.0,299.9100036621094,182.7375,514.5417,51.8844,61.2739,45.8055,1.1535,2026-08-09
bw2-20,Darumaka,normal,Emerging Powers,20,Common,Mitsuhiro Arita,Basic,554,Pokémon,2011/08/31,"tcgplayer,cardmarket",https://prices.pokemontcg.io/tcgplayer/bw2-20,https://images.pokemontcg.io/bw2/20_hires.png,2026/08/08,2026/06/27,0.22,0.07999999821186066,0.25,19.979999542236328,,2.03,,,,0.173,0.0231,0.15,0.0,0.17299999296665192,0.0923,0.173,1.1304,0.9343,0.8421,1.1535,2026-08-09
xy5-27,Combusken,normal,Primal Clash,27,Uncommon,kawayoo,Stage 1,256,Pokémon,2015/02/04,"tcgplayer,cardmarket",https://prices.pokemontcg.io/tcgplayer/xy5-27,https://images.pokemontcg.io/xy5/27_hires.png,2026/08/08,2026/05/07,0.27,0.05000000074505806,0.25,19.979999542236328,,0.72,,,,0.2307,0.0231,0.1154,1.5918,0.11540000140666962,0.1846,0.4037,2.1916,1.7302,1.4649,1.1535,2026-08-09
xy10-27,Koffing,normal,Fates Collide,27,Common,sui,Basic,109,Pokémon,2016/05/02,"tcgplayer,cardmarket",https://prices.pokemontcg.io/tcgplayer/xy10-27,https://images.pokemontcg.io/xy10/27_hires.png,2026/08/08,2026/06/08,0.18,0.019999999552965164,0.20000000298023224,1000.0,,0.33,,,,0.0923,0.0231,0.0692,0.5537,0.04610000178217888,0.0807,0.0923,0.346,0.5767,0.4037,1.1535,2026-08-09
ecard2-H31,Vileplume,holofoil,Aquapolis,H31,Rare Holo,Kyoko Umemoto,Stage 2,45,Pokémon,2003/01/15,"tcgplayer,cardmarket",https://prices.pokemontcg.io/tcgplayer/ecard2-H31,https://images.pokemontcg.io/ecard2/H31_hires.png,2026/08/08,2026/06/27,105.83,123.0,399.989990234375,1001.9000244140625,,,,,,60.7433,11.4197,56.9022,0.0,28.260700225830078,53.7185,51.0078,28.8029,17.3602,13.4383,1.1535,2026-08-09
dc1-18,Team Aqua's Mightyena,normal,Double Crisis,18,Common,Mitsuhiro Arita,Stage 1,262,Pokémon,2015/03/25,"tcgplayer,cardmarket",https://prices.pokemontcg.io/tcgplayer/dc1-18,https://images.pokemontcg.io/dc1/18_hires.png,2026/08/08,2026/07/01,3.45,1.1100000143051147,3.069999933242798,99.0,,11.7,,,,4.6371,0.7959,4.6947,14.8455,4.613999843597412,5.0062,3.8527,20.763,14.9955,10.6929,1.1535,2026-08-09
hgss1-31,Sunflora,normal,HeartGold & SoulSilver,31,Rare,Yuka Morii,Stage 1,192,Pokémon,2010/02/10,"tcgplayer,cardmarket",https://prices.pokemontcg.io/tcgplayer/hgss1-31,https://images.pokemontcg.io/hgss1/31_hires.png,2026/08/08,2026/05/14,13.68,232.0,233.0,250.0,,27.06,,,,5.4907,0.5767,4.96,7.8899,2.4223999977111816,6.7134,3.0568,2.307,5.5483,3.3567,1.1535,2026-08-09
xy3-18,Politoed,normal,Furious Fists,18,Rare,Atsuko Nishida,Stage 2,186,Pokémon,2014/08/13,"tcgplayer,cardmarket",https://prices.pokemontcg.io/tcgplayer/xy3-18,https://images.pokemontcg.io/xy3/18_hires.png,2026/08/08,2026/06/25,0.93,0.5600000023841858,1.0,19.979999542236328,,6.0,,,,1.4188,0.2307,2.5146,2.5608,1.0151000022888184,4.0834,2.2839,5.7098,3.7027,2.2147,1.1535,2026-08-09
bw4-31,Vanillite,normal,Next Destinies,31,Common,Kanako Eo,Basic,582,Pokémon,2012/02/08,"tcgplayer,cardmarket",https://prices.pokemontcg.io/tcgplayer/bw4-31,https://images.pokemontcg.io/bw4/31_hires.png,2026/08/08,2026/05/14,0.3,0.10000000149011612,0.3100000023841858,1.690000057220459,,1.74,,,,0.1846,0.0231,0.1615,0.0,0.09229999780654907,0.1961,0.173,2.307,0.9343,0.7959,1.1535,2026-08-09
sm11-20,Dhelmise,normal,Unified Minds,20,Uncommon,TOKIYA,Basic,781,Pokémon,2019/08/02,"tcgplayer,cardmarket",https://prices.pokemontcg.io/tcgplayer/sm11-20,https://images.pokemontcg.io/sm11/20_hires.png,2026/08/08,2026/06/08,0.23,0.05000000074505806,0.25,19.979999542236328,,0.48,,,,0.1269,0.0231,0.1615,0.4614,0.28839999437332153,0.15,0.1269,0.2884,0.5998,0.5767,1.1535,2026-08-09
sm12-30,Victini,holofoil,Cosmic Eclipse,30,Rare Holo,Saya Tsuruta,Basic,494,Pokémon,2019/11/01,"tcgplayer,cardmarket",https://prices.pokemontcg.io/tcgplayer/sm12-30,https://images.pokemontcg.io/sm12/30_hires.png,2026/08/08,2026/03/11,1.38,0.8899999856948853,1.3799999952316284,19.979999542236328,,1.64,,,,1.2573,0.173,1.315,1.8917,0.57669997215271,1.638,1.1535,2.5262,1.7879,1.661,1.1535,2026-08-09
col1-28,Mismagius,normal,Call of Legends,28,Rare,Suwama Chiaki,Stage 1,429,Pokémon,2011/02/09,"tcgplayer,cardmarket",https://prices.pokemontcg.io/tcgplayer/col1-28,https://images.pokemontcg.io/col1/28_hires.png,2026/08/08,2026/06/27,2.63,0.49000000953674316,1.9900000095367432,19.399999618530273,,17.47,,,,2.8607,0.3345,2.5031,9.3087,1.7187000513076782,2.8491,2.307,10.6353,8.7089,7.6938,1.1535,2026-08-09
bw10-32,Eelektrik,normal,Plasma Blast,32,Uncommon,Suwama Chiaki,Stage 1,603,Pokémon,2013/08/14,"tcgplayer,cardmarket",https://prices.pokemontcg.io/tcgplayer/bw10-32,https://images.pokemontcg.io/bw10/32_hires.png,2026/08/08,2026/05/14,0.33,0.1599999964237213,0.3100000023841858,19.979999542236328,,0.52,,,,0.5075,0.0231,0.4153,0.8536,0.57669997215271,0.4614,0.496,1.1535,1.0728,0.8536,1.1535,2026-08-09
neo2-19,Butterfree,unlimited,Neo Discovery,19,Rare,Atsuko Nishida,Stage 2,12,Pokémon,2001/06/01,"tcgplayer,cardmarket",https://prices.pokemontcg.io/tcgplayer/neo2-19,https://images.pokemontcg.io/neo2/19_hires.png,2026/08/08,2026/07/01,3.84,2.369999885559082,3.8399999141693115,38.099998474121094,,,,,"{""1stEdition"": {""low"": 5.0, ""mid"": 9.88, ""high"": 14.75, ""market"": 27.79, ""directLow"": null}}",3.6912,0.3345,2.307,0.0,4.879300117492676,4.3833,3.9796,11.535,18.8597,10.0701,1.1535,2026-08-09
bw3-23,Palpitoad,normal,Noble Victories,23,Uncommon,sui,Stage 1,536,Pokémon,2011/11/16,"tcgplayer,cardmarket",https://prices.pokemontcg.io/tcgplayer/bw3-23,https://images.pokemontcg.io/bw3/23_hires.png,2026/08/08,2026/06/20,0.46,0.3700000047683716,0.5,19.979999542236328,,2.45,,,,0.4153,0.0231,0.4499,0.7844,0.57669997215271,0.4845,0.3576,0.7844,0.9574,0.992,1.1535,2026-08-09
dp4-23,Latios,normal,Great Encounters,23,Rare,Daisuke Ito,Basic,381,Pokémon,2008/02/01,"tcgplayer,cardmarket",https://prices.pokemontcg.io/tcgplayer/dp4-23,https://images.pokemontcg.io/dp4/23_hires.png,2026/08/08,2026/06/27,5.12,3.049999952316284,5.0,57.0,,21.99,,,,1.9956,0.1154,3.0452,5.2715,4.613999843597412,2.5954,2.2839,5.7675,5.6522,3.7143,1.1535,2026-08-09
dp1-28,Heracross,normal,Diamond & Pearl,28,Rare,Ken Sugimori,Basic,214,Pokémon,2007/05/01,"tcgplayer,cardmarket",https://prices.pokemontcg.io/tcgplayer/dp1-28,https://images.pokemontcg.io/dp1/28_hires.png,2026/08/08,2026/06/22,0.97,0.699999988079071,1.0099999904632568,19.979999542236328,,27.89,,,,1.4303,0.0577,1.1535,1.9033,0.6805999875068665,0.3114,1.0843,4.6025,3.0337,2.0417,1.1535,2026-08-09
pl2-25,Hippowdon,normal,Rising Rivals,25,Rare,Tomoaki Imakuni,Stage 1,450,Pokémon,2009/05/16,"tcgplayer,cardmarket",https://prices.pokemontcg.io/tcgplayer/pl2-25,https://images.pokemontcg.io/pl2/25_hires.png,2026/08/08,2026/06/27,0.93,0.41999998688697815,0.9100000262260437,19.979999542236328,,2.38,,,,0.2884,0.0577,0.323,1.6495,0.46140000224113464,0.323,0.323,0.9228,1.0612,1.3611,1.1535,2026-08-09
bw7-29,Squirtle,normal,Boundaries Crossed,29,Common,Kanako Eo,Basic,7,Pokémon,2012/11/07,"tcgplayer,cardmarket",https://prices.pokemontcg.io/tcgplayer/bw7-29,https://images.pokemontcg.io/bw7/29_hires.png,2026/08/08,2026/06/18,3.97,0.8899999856948853,3.5,32.5099983215332,,41.59,,,,1.8802,0.0231,2.3301,3.8758,2.0185999870300293,1.7187,1.7533,6.9095,3.622,15.2493,1.1535,2026-08-09
hgss3-24,Vileplume,normal,HS—Undaunted,24,Rare,Mitsuhiro Arita,Stage 2,45,Pokémon,2010/08/18,"tcgplayer,cardmarket",https://prices.pokemontcg.io/tcgplayer/hgss3-24,https://images.pokemontcg.io/hgss3/24_hires.png,2026/08/08,2026/06/27,5.86,3.700000047683716,9.989999771118164,58.0,,19.97,,,,2.5377,0.5767,2.0071,4.118,0.57669997215271,1.4303,2.7107,2.8838,6.1597,4.9024,1.1535,2026-08-09
xy6-25,Manectric,normal,Roaring Skies,25,Uncommon,match,Stage 1,310,Pokémon,2015/05/06,"tcgplayer,cardmarket",https://prices.pokemontcg.io/tcgplayer/xy6-25,https://images.pokemontcg.io/xy6/25_hires.png,2026/08/08,2026/06/11,0.21,0.05000000074505806,0.2199999988079071,19.979999542236328,,0.41,,,,0.15,0.0231,0.1384,0.7959,0.023099999874830246,0.1384,0.15,1.1304,0.6229,0.6344,1.1535,2026-08-09
sm10-22,Arcanine,holofoil,Unbroken Bonds,22,Rare Holo,Shin Nagasawa,Stage 1,59,Pokémon,2019/05/03,"tcgplayer,cardmarket",https://prices.pokemontcg.io/tcgplayer/sm10-22,https://images.pokemontcg.io/sm10/22_hires.png,2026/08/08,2026/06/08,5.53,3.75,5.96999979019165,43.099998474121094,,6.27,,,,6.6672,0.5767,6.921,8.4552,6.921000003814697,7.4516,6.0905,1.1535,7.7284,6.7018,1.1535,2026-08-09
swsh2-21,Applin,normal,Rebel Clash,21,Common,Kagemaru Himeno,Basic,840,Pokémon,2020/05/01,"tcgplayer,cardmarket",https://prices.pokemontcg.io/tcgplayer/swsh2-21,https://images.pokemontcg.io/swsh2/21_hires.png,2026/08/08,2026/06/18,0.17,0.009999999776482582,0.20000000298023224,19.979999542236328,,0.4,,,,0.0577,0.0231,0.0807,0.2192,0.05770000070333481,0.0923,0.0461,0.173,0.2076,0.2307,1.1535,2026-08-09
neo1-21,Donphan,unlimited,Neo Genesis,21,Rare,Ken Sugimori,Stage 1,232,Pokémon,2000/12/16,"tcgplayer,cardmarket",https://prices.pokemontcg.io/tcgplayer/neo1-21,https://images.pokemontcg.io/neo1/21_hires.png,2026/08/08,2026/07/01,5.87,2.5,4.690000057220459,34.47999954223633,,,,,"{""1stEdition"": {""low"": 6.4, ""mid"": 8.98, ""high"": 73.92, ""market"": 6.78, ""directLow"": 56.26}}",3.9104,0.346,3.5758,0.0,2.8838000297546387,3.1029,3.5874,0.0,0.0,0.0,1.1535,2026-08-09
neo2-22,Hitmontop,unlimited,Neo Discovery,22,Rare,Sumiyoshi Kizuki,Basic,237,Pokémon,2001/06/01,"tcgplayer,cardmarket",https://prices.pokemontcg.io/tcgplayer/neo2-22,https://images.pokemontcg.io/neo2/22_hires.png,2026/08/08,2026/07/01,5.74,2.4000000953674316,6.0,60.400001525878906,,,,,"{""1stEdition"": {""low"": 8.62, ""mid"": 13.32, ""high"": 90.0, ""market"": 13.0, ""directLow"": null}}",5.8598,1.0381,5.3176,0.0,7.497700214385986,5.4907,5.6522,2.2955,3.8065,4.5448,1.1535,2026-08-09
swsh2-24,Vulpix,normal,Rebel Clash,24,Common,sui,Basic,37,Pokémon,2020/05/01,"tcgplayer,cardmarket",https://prices.pokemontcg.io/tcgplayer/swsh2-24,https://images.pokemontcg.io/swsh2/24_hires.png,2026/08/08,2026/05/17,0.28,0.05000000074505806,0.28999999165534973,19.979999542236328,,0.74,,,,0.323,0.0231,0.3807,0.4845,0.3806999921798706,0.1846,0.346,0.5767,0.5537,0.4729,1.1535,2026-08-09
pl1-31,Infernape,normal,Platinum,31,Rare,Kouki Saitou,Stage 2,392,Pokémon,2009/02/11,"tcgplayer,cardmarket",https://prices.pokemontcg.io/tcgplayer/pl1-31,https://images.pokemontcg.io/pl1/31_hires.png,2026/08/08,2026/05/14,4.04,2.0,3.5,43.0,,17.72,,,,1.0266,0.173,1.0728,7.4285,1.0958000421524048,1.3265,1.142,6.6211,5.3176,4.2564,1.1535,2026-08-09
swsh4-27,Slugma,normal,Vivid Voltage,27,Common,Mina Nakai,Basic,218,Pokémon,2020/11/13,"tcgplayer,cardmarket",https://prices.pokemontcg.io/tcgplayer/swsh4-27,https://images.pokemontcg.io/swsh4/27_hires.png,2026/08/08,2026/05/07,0.05,0.009999999776482582,0.15000000596046448,25.049999237060547,,0.27,,,,0.0692,0.0231,0.0577,0.1961,0.023099999874830246,0.0923,0.0807,0.1154,0.1846,0.2422,1.1535,2026-08-09
sm5-31,Piplup,normal,Ultra Prism,31,Common,Ken Sugimori,Basic,393,Pokémon,2018/02/02,"tcgplayer,cardmarket",https://prices.pokemontcg.io/tcgplayer/sm5-31,https://images.pokemontcg.io/sm5/31_hires.png,2026/08/08,2026/03/11,0.44,0.25,0.4399999976158142,17.739999771118164,,1.52,,,,0.1384,0.0231,0.1846,0.5191,0.3921999931335449,0.1615,0.1269,0.346,0.669,0.646,1.1535,2026-08-09
bw11-33,Piplup,normal,Legendary Treasures,33,Common,Mizue,Basic,393,Pokémon,2013/11/06,"tcgplayer,cardmarket",https://prices.pokemontcg.io/tcgplayer/bw11-33,https://images.pokemontcg.io/bw11/33_hires.png,2026/08/08,2026/03/11,3.08,1.2999999523162842,2.640000104904175,34.9900016784668,,36.62,,,,0.4614,0.1154,0.2999,5.7675,0.8073999881744385,0.4845,0.7959,5.756,5.1561,3.6681,1.1535,2026-08-09
pl2-26,Jolteon,normal,Rising Rivals,26,Rare,Hajime Kusajima,Stage 1,135,Pokémon,2009/05/16,"tcgplayer,cardmarket",https://prices.pokemontcg.io/tcgplayer/pl2-26,https://images.pokemontcg.io/pl2/26_hires.png,2026/08/08,2026/06/27,15.78,10.34000015258789,14.25,187.10000610351562,,38.94,,,,6.1712,0.6344,4.4294,14.7302,3.4028000831604004,4.7293,6.2404,13.842,13.992,11.9041,1.1535,2026-08-09
xy4-28,Helioptile,normal,Phantom Forces,28,Common,HiRON,Basic,694,Pokémon,2014/11/05,"tcgplayer,cardmarket",https://prices.pokemontcg.io/tcgplayer/xy4-28,https://images.pokemontcg.io/xy4/28_hires.png,2026/08/08,2026/05/14,0.19,0.05000000074505806,0.25,1000.0,,0.77,,,,0.1384,0.0231,0.15,0.7036,0.219200000166893,0.173,0.1038,0.5767,0.7267,0.7036,1.1535,2026-08-09
sm2-30,Wailord,normal,Guardians Rising,30,Rare,OOYAMA,Stage 1,321,Pokémon,2017/05/05,"tcgplayer,cardmarket",https://prices.pokemontcg.io/tcgplayer/sm2-30,https://images.pokemontcg.io/sm2/30_hires.png,2026/08/08,2026/03/11,0.77,0.11999999731779099,0.7599999904632568,19.979999542236328,,5.81,,,,0.3345,0.0231,0.3345,0.6114,0.219200000166893,0.3922,0.3345,0.346,0.5767,0.5883,1.1535,2026-08-09
sm7-28,Blaziken-GX,holofoil,Celestial Storm,28,Rare Holo GX,5ban Graphics,Stage 2|GX,257,Pokémon,2018/08/03,"tcgplayer,cardmarket",https://prices.pokemontcg.io/tcgplayer/sm7-28,https://images.pokemontcg.io/sm7/28_hires.png,2026/08/08,2026/06/08,12.46,8.0,11.630000114440918,40.4900016784668,,,,,,6.7941,2.8838,10.1508,0.0,8.432100296020508,9.4126,7.4055,5.3061,5.5022,4.8447,1.1535,2026-08-09
ex1-22,Sharpedo,normal,Ruby & Sapphire,22,Rare,Hajime Kusajima,Stage 1,319,Pokémon,2003/07/01,"tcgplayer,cardmarket",https://prices.pokemontcg.io/tcgplayer/ex1-22,https://images.pokemontcg.io/ex1/22_hires.png,2026/08/08,2026/07/01,2.93,1.4199999570846558,2.930000066757202,96.94999694824219,,31.29,,,,1.9494,0.0231,2.134,4.4986,0.57669997215271,2.0532,1.638,3.7489,5.5599,5.2138,1.1535,2026-08-09
hgss1-34,Weezing,normal,HeartGold & SoulSilver,34,Rare,Hajime Kusajima,Stage 1,110,Pokémon,2010/02/10,"tcgplayer,cardmarket",https://prices.pokemontcg.io/tcgplayer/hgss1-34,https://images.pokemontcg.io/hgss1/34_hires.png,2026/08/08,2026/05/03,1.84,0.949999988079071,1.840000033378601,29.700000762939453,,6.23,,,,1.2689,0.4499,1.0958,9.228,1.3265000581741333,1.4303,1.8917,6.921,6.2635,3.7489,1.1535,2026-08-09
bw3-25,Tirtouga,normal,Noble Victories,25,Uncommon,Naoyo Kimura,Restored,564,Pokémon,2011/11/16,"tcgplayer,cardmarket",https://prices.pokemontcg.io/tcgplayer/bw3-25,https://images.pokemontcg.io/bw3/25_hires.png,2026/08/08,2026/06/09,1.5,0.9900000095367432,1.5,19.979999542236328,,6.39,,,,0.7728,0.0231,0.7728,2.307,0.34599998593330383,1.142,0.6114,2.307,3.3913,3.6335,1.1535,2026-08-09
sma-SV23,Rockruff,holofoil,Hidden Fates Shiny Vault,SV23,Rare Shiny,Masakazu Fukuda,Basic,744,Pokémon,2019/08/23,"tcgplayer,cardmarket",https://prices.pokemontcg.io/tcgplayer/sma-SV23,https://images.pokemontcg.io/sma/SV23_hires.png,2026/08/08,2026/06/08,5.27,4.210000038146973,5.920000076293945,52.29999923706055,,,,,,3.0914,0.4383,2.7569,0.0,1.6726000308990479,2.2147,2.9645,2.8838,2.8376,3.0337,1.1535,2026-08-09
sm3-26,Turtonator,normal,Burning Shadows,26,Rare,Kouki Saitou,Basic,776,Pokémon,2017/08/05,"tcgplayer,cardmarket",https://prices.pokemontcg.io/tcgplayer/sm3-26,https://images.pokemontcg.io/sm3/26_hires.png,2026/08/08,2026/05/14,0.25,0.07999999821186066,0.25,3.0,,0.19,,,,0.1384,0.0231,0.1615,0.5767,0.46140000224113464,0.173,0.1846,1.1535,0.7267,0.4614,1.1535,2026-08-09
bw7-32,Psyduck,normal,Boundaries Crossed,32,Common,match,Basic,54,Pokémon,2012/11/07,"tcgplayer,cardmarket",https://prices.pokemontcg.io/tcgplayer/bw7-32,https://images.pokemontcg.io/bw7/32_hires.png,2026/08/08,2026/05/14,16.61,11.0,17.299999237060547,99.98999786376953,,66.18,,,,3.2413,0.1154,4.5333,5.3061,4.037300109863281,2.953,4.5217,76.8923,13.3691,14.1881,1.1535,2026-08-09
swsh35-31,Rolycoly,normal,Champion's Path,31,Common,Masakazu Fukuda,Basic,837,Pokémon,2020/09/25,"tcgplayer,cardmarket",https://prices.pokemontcg.io/tcgplayer/swsh35-31,https://images.pokemontcg.io/swsh35/31_hires.png,2026/08/08,2026/06/18,0.1,0.009999999776482582,0.15000000596046448,19.979999542236328,,0.23,,,,0.0577,0.0231,0.0346,0.15,0.04610000178217888,0.0577,0.0461,0.2307,0.1615,0.2999,1.1535,2026-08-09
bw1-28,Oshawott,normal,Black & White,28,Common,5ban Graphics,Basic,501,Pokémon,2011/04/25,"tcgplayer,cardmarket",https://prices.pokemontcg.io/tcgplayer/bw1-28,https://images.pokemontcg.io/bw1/28_hires.png,2026/08/08,2026/05/14,0.84,0.27000001072883606,0.6000000238418579,19.979999542236328,,4.92,,,,0.2884,0.0231,0.323,0.7267,0.23070000112056732,0.2768,0.2538,0.4614,0.9574,1.638,1.1535,2026-08-09
ex4-30,Team Aqua's Mightyena,normal,Team Magma vs Team Aqua,30,Uncommon,Shin-ichi Yoshikawa,Stage 1,262,Pokémon,2004/03/01,"tcgplayer,cardmarket",https://prices.pokemontcg.io/tcgplayer/ex4-30,https://images.pokemontcg.io/ex4/30_hires.png,2026/08/08,2026/07/01,1.48,0.6499999761581421,1.1100000143051147,97.76000213623047,,12.64,,,,0.7959,0.0577,0.7498,3.5528,1.4419000148773193,1.0266,0.8767,8.6512,3.3913,3.4836,1.1535,2026-08-09
bw2-23,Simipour,normal,Emerging Powers,23,Rare,Sumiyoshi Kizuki,Stage 1,516,Pokémon,2011/08/31,"tcgplayer,cardmarket",https://prices.pokemontcg.io/tcgplayer/bw2-23,https://images.pokemontcg.io/bw2/23_hires.png,2026/08/08,2026/06/05,0.62,0.28999999165534973,0.6399999856948853,19.979999542236328,,1.14,,,,0.5306,0.0461,0.5306,1.3496,0.5536999702453613,0.5998,0.6344,1.1535,1.3035,1.0958,1.1535,2026-08-09
base3-32,Cloyster,unlimited,Fossil,32,Uncommon,Kagemaru Himeno,Stage 1,91,Pokémon,1999/10/10,"tcgplayer,cardmarket",https://prices.pokemontcg.io/tcgplayer/base3-32,https://images.pokemontcg.io/base3/32_hires.png,2026/08/08,2026/07/01,1.26,0.20000000298023224,0.7699999809265137,18.0,,,,,"{""1stEdition"": {""low"": 1.2, ""mid"": 3.95, ""high"": 39.31, ""market"": 5.85, ""directLow"": null}}",2.0071,0.0231,2.0071,0.0,1.6380000114440918,1.6726,1.9956,0.0,0.0,0.0,1.1535,2026-08-09
smp-SM22,Rowlet,holofoil,SM Black Star Promos,SM22,Promo,5ban Graphics,Basic,722,Pokémon,2017/02/03,"tcgplayer,cardmarket",https://prices.pokemontcg.io/tcgplayer/smp-SM22,https://images.pokemontcg.io/smp/SM22_hires.png,2026/08/08,2026/07/01,5.74,0.9200000166893005,5.650000095367432,96.83000183105469,,,,,,2.0532,0.3345,1.6841,0.0,2.306999921798706,1.9725,2.653,2.2955,2.1109,2.2378,1.1535,2026-08-09
bwp-BW20,Serperior,holofoil,BW Black Star Promos,BW20,Promo,5ban Graphics,Stage 2,497,Pokémon,2011/03/01,"tcgplayer,cardmarket",https://prices.pokemontcg.io/tcgplayer/bwp-BW20,https://images.pokemontcg.io/bwp/BW20_hires.png,2026/08/08,2026/06/28,6.6,2.049999952316284,5.820000171661377,39.9900016784668,,,,,,1.8802,0.0577,2.4108,0.0,1.3265000581741333,2.0763,2.4685,1.7302,0.8536,0.8536,1.1535,2026-08-09
dp7-21,Mamoswine,normal,Stormfront,21,Rare,Kent Kanetsuna,Stage 2,473,Pokémon,2008/11/01,"tcgplayer,cardmarket",https://prices.pokemontcg.io/tcgplayer/dp7-21,https://images.pokemontcg.io/dp7/21_hires.png,2026/08/08,2026/06/25,1.89,0.75,1.850000023841858,21.989999771118164,,4.62,,,,1.7533,0.2884,1.2112,3.4951,0.17299999296665192,1.4188,1.3265,1.142,3.5297,2.2493,1.1535,2026-08-09
hgss3-27,Gloom,normal,HS—Undaunted,27,Uncommon,Mitsuhiro Arita,Stage 1,44,Pokémon,2010/08/18,"tcgplayer,cardmarket",https://prices.pokemontcg.io/tcgplayer/hgss3-27,https://images.pokemontcg.io/hgss3/27_hires.png,2026/08/08,2026/06/27,1.1,0.3199999928474426,1.0,19.700000762939453,,3.0,,,,0.323,0.0231,0.323,1.7187,0.23070000112056732,0.3114,0.2884,2.8722,1.5688,1.661,1.1535,2026-08-09
dc1-21,Team Aqua's Sharpedo,holofoil,Double Crisis,21,Rare Holo,kawayoo,Stage 1,319,Pokémon,2015/03/25,"tcgplayer,cardmarket",https://prices.pokemontcg.io/tcgplayer/dc1-21,https://images.pokemontcg.io/dc1/21_hires.png,2026/08/08,2026/07/01,5.58,2.25,5.380000114440918,95.87999725341797,,14.01,,,,7.8207,1.488,7.1171,22.8393,5.652200222015381,5.4791,6.1597,22.8393,12.1233,10.9929,1.1535,2026-08-09
dp1-31,Machamp,normal,Diamond & Pearl,31,Rare,Kagemaru Himeno,Stage 2,68,Pokémon,2007/05/01,"tcgplayer,cardmarket",https://prices.pokemontcg.io/tcgplayer/dp1-31,https://images.pokemontcg.io/dp1/31_hires.png,2026/08/08,2026/06/22,4.35,1.9900000095367432,3.0,49.9900016784668,,10.68,,,,1.9379,0.1154,2.3993,6.1828,5.75600004196167,3.2875,2.5262,6.0213,5.2484,5.1677,1.1535,2026-08-09
ex14-28,Venusaur,normal,Crystal Guardians,28,Rare,Hajime Kusajima,Stage 2,3,Pokémon,2006/08/01,"tcgplayer,cardmarket",https://prices.pokemontcg.io/tcgplayer/ex14-28,https://images.pokemontcg.io/ex14/28_hires.png,2026/08/08,2026/06/22,14.89,10.869999885559082,18.8799991607666,213.0,,99.99,,,,7.267,0.0231,14.9724,31.4905,7.9475998878479,18.5829,10.4161,28.7798,35.9661,42.7949,1.1535,2026-08-09
dp3-34,Nidoking,normal,Secret Wonders,34,Rare,Kouki Saitou,Stage 2,34,Pokémon,2007/11/01,"tcgplayer,cardmarket",https://prices.pokemontcg.io/tcgplayer/dp3-34,https://images.pokemontcg.io/dp3/34_hires.png,2026/08/08,2026/06/07,3.92,1.7799999713897705,3.25,43.0,,17.75,,,,1.7418,0.2307,1.7649,6.6442,1.9839999675750732,1.6495,1.5918,6.921,5.9405,3.968,1.1535,2026-08-09
gym2-33,Blaine's Rapidash,unlimited,Gym Challenge,33,Uncommon,Ken Sugimori,Stage 1,78,Pokémon,2000/10/16,"tcgplayer,cardmarket",https://prices.pokemontcg.io/tcgplayer/gym2-33,https://images.pokemontcg.io/gym2/33_hires.png,2026/08/08,2026/07/01,2.3,0.949999988079071,2.25,18.889999389648438,,,,,"{""1stEdition"": {""low"": 3.75, ""mid"": 6.18, ""high"": 66.7, ""market"": 6.79, ""directLow"": null}}",3.5297,0.2884,15.7337,0.0,2.2955000400543213,17.4063,6.9556,2.8838,2.8838,2.8838,1.1535,2026-08-09
ex16-22,Sableye,normal,Power Keepers,22,Rare,Ken Sugimori,Basic,302,Pokémon,2007/02/02,"tcgplayer,cardmarket",https://prices.pokemontcg.io/tcgplayer/ex16-22,https://images.pokemontcg.io/ex16/22_hires.png,2026/08/08,2026/07/01,1.41,0.5,1.0499999523162842,19.979999542236328,,35.87,,,,0.9343,0.0231,1.4073,3.449,0.04610000178217888,1.2804,0.8074,3.449,8.5705,5.9059,1.1535,2026-08-09
ex8-31,Golbat,normal,Deoxys,31,Uncommon,Sachiko Adachi,Stage 1,42,Pokémon,2005/02/01,"tcgplayer,cardmarket",https://prices.pokemontcg.io/tcgplayer/ex8-31,https://images.pokemontcg.io/ex8/31_hires.png,2026/08/08,2026/06/26,2.22,5.25,33.43000030517578,96.94999694824219,,20.56,,,,2.5492,0.1154,2.7684,12.4001,1.1073999404907227,1.9379,2.1686,10.9582,20.6015,13.0115,1.1535,2026-08-09
xy1-30,M Blastoise-EX,holofoil,XY,30,Rare Holo EX,5ban Graphics,MEGA|EX,9,Pokémon,2014/02/05,"tcgplayer,cardmarket",https://prices.pokemontcg.io/tcgplayer/xy1-30,https://images.pokemontcg.io/xy1/30_hires.png,2026/08/08,2026/03/11,31.52,19.690000534057617,24.110000610351562,96.94999694824219,,,,,,22.401,3.4605,24.9041,0.0,27.1072998046875,23.9236,21.7089,6.3442,10.866,11.8118,1.1535,2026-08-09
bw8-29,Lotad,normal,Plasma Storm,29,Common,Midori Harada,Basic,270,Pokémon,2013/02/06,"tcgplayer,cardmarket",https://prices.pokemontcg.io/tcgplayer/bw8-29,https://images.pokemontcg.io/bw8/29_hires.png,2026/08/08,2026/05/16,0.28,0.15000000596046448,0.3100000023841858,18.360000610351562,,1.51,,,,0.15,0.0231,0.1961,1.4995,0.219200000166893,0.173,0.1961,1.4995,1.3381,0.7959,1.1535,2026-08-09
ex10-29,Lugia,normal,Unseen Forces,29,Rare,Kouki Saitou,Basic,249,Pokémon,2005/08/01,"tcgplayer,cardmarket",https://prices.pokemontcg.io/tcgplayer/ex10-29,https://images.pokemontcg.io/ex10/29_hires.png,2026/08/08,2026/06/22,22.18,13.989999771118164,24.989999771118164,144.39999389648438,,400.0,,,,13.2768,0.5652,17.5101,36.8774,25.319299697875977,20.936,12.6654,19.4711,55.3103,44.8596,1.1535,2026-08-09
base2-22,Mr. Mime,unlimited,Jungle,22,Rare,Ken Sugimori,Basic,122,Pokémon,1999/06/16,"tcgplayer,cardmarket",https://prices.pokemontcg.io/tcgplayer/base2-22,https://images.pokemontcg.io/base2/22_hires.png,2026/08/08,2026/07/01,8.91,4.699999809265137,6.400000095367432,76.94999694824219,,,,,"{""1stEdition"": {""low"": 11.56, ""mid"": 20.32, ""high"": 214.5, ""market"": 19.73, ""directLow"": null}}",10.5891,0.5767,6.5403,0.0,9.804800033569336,6.5288,9.7355,39.7727,11.362,10.4622,1.1535,2026-08-09
ex7-29,Dark Arbok,normal,Team Rocket Returns,29,Uncommon,Nakaoka,Stage 1,24,Pokémon,2004/11/01,"tcgplayer,cardmarket",https://prices.pokemontcg.io/tcgplayer/ex7-29,https://images.pokemontcg.io/ex7/29_hires.png,2026/08/08,2026/06/22,5.0,3.0,4.989999771118164,56.0,,127.34,,,,7.8438,0.346,3.945,36.912,2.249300003051758,3.1952,5.4099,34.5473,30.0948,34.4896,1.1535,2026-08-09
swsh3-25,Heatran,holofoil,Darkness Ablaze,25,Rare Holo,Anesaki Dynamic,Basic,485,Pokémon,2020/08/14,"tcgplayer,cardmarket",https://prices.pokemontcg.io/tcgplayer/swsh3-25,https://images.pokemontcg.io/swsh3/25_hires.png,2026/08/08,2026/05/07,0.33,0.05000000074505806,0.33000001311302185,2.990000009536743,,0.38,,,,0.5191,0.1038,0.5075,0.7959,0.23070000112056732,0.5191,0.4268,0.6921,0.6114,0.6229,1.1535,2026-08-09
ex12-33,Furret,normal,Legend Maker,33,Uncommon,Tomokazu Komiya,Stage 1,162,Pokémon,2006/02/01,"tcgplayer,cardmarket",https://prices.pokemontcg.io/tcgplayer/ex12-33,https://images.pokemontcg.io/ex12/33_hires.png,2026/08/08,2026/06/11,4.54,4.070000171661377,9.949999809265137,60.099998474121094,,42.48,,,,2.5838,0.0231,2.953,28.7914,5.709799766540527,2.3877,2.9068,28.8375,25.0309,17.5447,1.1535,2026-08-09
ex2-24,Umbreon,normal,Sandstorm,24,Rare,Kagemaru Himeno,Stage 1,197,Pokémon,2003/09/18,"tcgplayer,cardmarket",https://prices.pokemontcg.io/tcgplayer/ex2-24,https://images.pokemontcg.io/ex2/24_hires.png,2026/08/08,2026/07/01,38.38,31.0,46.0099983215332,318.4100036621094,,200.0,,,,22.0665,2.8838,20.8322,88.1851,16.14900016784668,20.6246,18.1907,57.675,66.9491,62.8427,1.1535,2026-08-09
bw1-29,Dewott,normal,Black & White,29,Uncommon,Masakazu Fukuda,Stage 1,502,Pokémon,2011/04/25,"tcgplayer,cardmarket",https://prices.pokemontcg.io/tcgplayer/bw1-29,https://images.pokemontcg.io/bw1/29_hires.png,2026/08/08,2026/05/14,0.35,0.10000000149011612,0.33000001311302185,2.990000009536743,,2.25,,,,0.1384,0.0231,0.1038,0.6344,0.28839999437332153,0.1384,0.3114,0.6344,1.5226,1.9033,1.1535,2026-08-09
hgss1-35,Bayleef,normal,HeartGold & SoulSilver,35,Uncommon,Shin Nagasawa,Stage 1,153,Pokémon,2010/02/10,"tcgplayer,cardmarket",https://prices.pokemontcg.io/tcgplayer/hgss1-35,https://images.pokemontcg.io/hgss1/35_hires.png,2026/08/08,2026/03/11,1.78,0.8500000238418579,1.0700000524520874,26.899999618530273,,17.99,,,,0.819,0.0231,1.1766,6.3442,0.8651000261306763,1.1189,0.8651,6.3442,4.937,4.1411,1.1535,2026-08-09
dp2-24,Exeggutor,normal,Mysterious Treasures,24,Rare,Masakazu Fukuda,Stage 1,103,Pokémon,2007/08/01,"tcgplayer,cardmarket",https://prices.pokemontcg.io/tcgplayer/dp2-24,https://images.pokemontcg.io/dp2/24_hires.png,2026/08/08,2026/06/26,1.27,0.6899999976158142,1.2699999809265137,19.979999542236328,,4.21,,,,1.638,0.1154,0.8421,0.6114,0.40369999408721924,0.7036,1.7533,10.3238,2.3185,3.5643,1.1535,2026-08-09
gym1-31,Misty's Poliwrath,unlimited,Gym Heroes,31,Rare,Ken Sugimori,Stage 2,62,Pokémon,2000/08/14,"tcgplayer,cardmarket",https://prices.pokemontcg.io/tcgplayer/gym1-31,https://images.pokemontcg.io/gym1/31_hires.png,2026/08/08,2026/07/01,13.72,9.0,13.5,9999.0,,,,,"{""1stEdition"": {""low"": 18.0, ""mid"": 46.35, ""high"": 296.38, ""market"": 36.02, ""directLow"": 149.9}}",14.338,5.756,13.8881,0.0,11.53499984741211,13.9343,13.2537,5.1907,5.1907,5.1907,1.1535,2026-08-09
base5-28,Dark Magneton,unlimited,Team Rocket,28,Rare,Miki Tanaka,Stage 1,82,Pokémon,2000/04/24,"tcgplayer,cardmarket",https://prices.pokemontcg.io/tcgplayer/base5-28,https://images.pokemontcg.io/base5/28_hires.png,2026/08/08,2026/07/01,8.02,2.0,7.300000190734863,80.0,,,,,"{""1stEdition"": {""low"": 6.44, ""mid"": 14.0, ""high"": 154.1, ""market"": 14.55, ""directLow"": 154.1}}",11.5004,1.1535,10.3815,0.0,1.7302000522613525,9.3433,10.9698,5.1907,3.795,4.2103,1.1535,2026-08-09
bw10-36,Uxie,normal,Plasma Blast,36,Rare,Sumiyoshi Kizuki,Basic,480,Pokémon,2013/08/14,"tcgplayer,cardmarket",https://prices.pokemontcg.io/tcgplayer/bw10-36,https://images.pokemontcg.io/bw10/36_hires.png,2026/08/08,2026/03/11,0.62,0.18000000715255737,0.6200000047683716,19.979999542236328,,4.99,,,,0.669,0.1154,0.5537,0.0,1.1303999423980713,0.6114,0.5306,0.2307,3.4144,2.1686,1.1535,2026-08-09
col1-32,Slowking,normal,Call of Legends,32,Rare,Sumiyoshi Kizuki,Stage 1,199,Pokémon,2011/02/09,"tcgplayer,cardmarket",https://prices.pokemontcg.io/tcgplayer/col1-32,https://images.pokemontcg.io/col1/32_hires.png,2026/08/08,2026/05/14,4.26,3.7200000286102295,6.75,35.0,,22.75,,,,3.7258,0.2307,4.6947,0.0,6.805600166320801,3.2644,3.4605,17.3025,8.5013,7.7515,1.1535,2026-08-09
dp4-26,Palkia,normal,Great Encounters,26,Rare,Daisuke Ito,Basic,484,Pokémon,2008/02/01,"tcgplayer,cardmarket",https://prices.pokemontcg.io/tcgplayer/dp4-26,https://images.pokemontcg.io/dp4/26_hires.png,2026/08/08,2026/06/27,2.26,0.8899999856948853,3.9600000381469727,38.20000076293945,,9.84,,,,1.5572,0.0231,1.6149,8.409,2.306999921798706,1.1881,1.5226,19.3211,7.3247,4.9716,1.1535,2026-08-09
dpp-DP31,Heatran LV.X,holofoil,DP Black Star Promos,DP31,Promo,Shizurow,Level-Up,485,Pokémon,2007/05/01,tcgplayer,https://prices.pokemontcg.io/tcgplayer/dpp-DP31,https://images.pokemontcg.io/dpp/DP31_hires.png,2026/08/08,,35.19,27.5,131.35000610351562,330.0,,,,,,,,,,,,,,,,,2026-08-09
dp5-24,Leafeon,normal,Majestic Dawn,24,Rare,Masakazu Fukuda,Stage 1,470,Pokémon,2008/05/01,"tcgplayer,cardmarket",https://prices.pokemontcg.io/tcgplayer/dp5-24,https://images.pokemontcg.io/dp5/24_hires.png,2026/08/08,2026/06/27,11.55,7.989999771118164,17.989999771118164,179.89999389648438,,23.0,,,,2.7915,0.346,2.8722,12.0541,5.767499923706055,2.9991,2.7569,4.4986,10.3354,7.267,1.1535,2026-08-09
bw9-29,Vanilluxe,normal,Plasma Freeze,29,Rare,5ban Graphics,Stage 2|Team Plasma,584,Pokémon,2013/05/08,"tcgplayer,cardmarket",https://prices.pokemontcg.io/tcgplayer/bw9-29,https://images.pokemontcg.io/bw9/29_hires.png,2026/08/08,2026/05/14,0.65,0.25,0.6800000071525574,19.979999542236328,,5.22,,,,0.5652,0.0231,0.5191,1.9609,0.3345000147819519,0.6229,0.6114,2.8838,1.6495,2.0532,1.1535,2026-08-09
pl1-32,Kricketune,normal,Platinum,32,Rare,Atsuko Nishida,Stage 1,402,Pokémon,2009/02/11,"tcgplayer,cardmarket",https://prices.pokemontcg.io/tcgplayer/pl1-32,https://images.pokemontcg.io/pl1/32_hires.png,2026/08/08,2026/03/11,1.15,0.3499999940395355,0.8100000023841858,19.979999542236328,,2.16,,,,0.6114,0.0461,0.5883,2.0186,0.46140000224113464,0.7152,0.6114,3.449,1.638,1.4649,1.1535,2026-08-09
swsh35-32,Grapploct V,holofoil,Champion's Path,32,Rare Holo V,PLANETA Igarashi,Basic|V,853,Pokémon,2020/09/25,"tcgplayer,cardmarket",https://prices.pokemontcg.io/tcgplayer/swsh35-32,https://images.pokemontcg.io/swsh35/32_hires.png,2026/08/08,2026/06/18,0.76,0.4000000059604645,0.9700000286102295,15.779999732971191,,,,,,1.4073,0.346,1.661,0.0,0.57669997215271,2.1916,1.4419,1.142,1.2804,1.3265,1.1535,2026-08-09
swsh1-31,Scorbunny,normal,Sword & Shield,31,Common,Kagemaru Himeno,Basic,813,Pokémon,2020/02/07,"tcgplayer,cardmarket",https://prices.pokemontcg.io/tcgplayer/swsh1-31,https://images.pokemontcg.io/swsh1/31_hires.png,2026/08/08,2026/03/11,0.05,0.009999999776482582,0.20000000298023224,19.280000686645508,,0.29,,,,0.1384,0.0231,0.1269,0.2538,0.18459999561309814,0.1846,0.15,0.2192,0.2076,0.2538,1.1535,2026-08-09
sma-SV24,Buzzwole,holofoil,Hidden Fates Shiny Vault,SV24,Rare Shiny,Shin Nagasawa,Basic|Ultra Beast,794,Pokémon,2019/08/23,"tcgplayer,cardmarket",https://prices.pokemontcg.io/tcgplayer/sma-SV24,https://images.pokemontcg.io/sma/SV24_hires.png,2026/08/08,2026/05/19,3.74,1.4900000095367432,3.690000057220459,41.45000076293945,,,,,,2.7453,1.6149,2.8722,0.0,4.440999984741211,2.8376,2.7453,1.7302,2.6992,3.3336,1.1535,2026-08-09
dp1-32,Medicham,normal,Diamond & Pearl,32,Rare,Kouki Saitou,Stage 1,308,Pokémon,2007/05/01,"tcgplayer,cardmarket",https://prices.pokemontcg.io/tcgplayer/dp1-32,https://images.pokemontcg.io/dp1/32_hires.png,2026/08/08,2026/06/16,0.53,0.23000000417232513,0.5,19.979999542236328,,0.75,,,,0.6344,0.0231,0.819,1.4188,0.34599998593330383,0.6921,0.5998,1.1535,1.3727,1.6841,1.1535,2026-08-09
base2-23,Nidoqueen,unlimited,Jungle,23,Rare,Ken Sugimori,Stage 2,31,Pokémon,1999/06/16,"tcgplayer,cardmarket",https://prices.pokemontcg.io/tcgplayer/base2-23,https://images.pokemontcg.io/base2/23_hires.png,2026/08/08,2026/07/01,9.44,4.75,7.989999771118164,9999.0,,,,,"{""1stEdition"": {""low"": 13.98, ""mid"": 24.99, ""high"": 224.69, ""market"": 20.18, ""directLow"": 24.99}}",9.2511,0.5767,9.6663,0.0,11.373499870300293,10.7852,9.378,12.6885,15.1916,15.3069,1.1535,2026-08-09
sm6-26,Clawitzer,normal,Forbidden Light,26,Rare,otumami,Stage 1,693,Pokémon,2018/05/04,"tcgplayer,cardmarket",https://prices.pokemontcg.io/tcgplayer/sm6-26,https://images.pokemontcg.io/sm6/26_hires.png,2026/08/08,2026/03/11,0.35,0.20000000298023224,0.3499999940395355,19.979999542236328,,0.4,,,,0.5191,0.1154,0.346,0.7267,0.11540000140666962,0.4614,0.3576,0.9228,0.7844,0.669,1.1535,2026-08-09
ex4-31,Team Aqua's Sealeo,normal,Team Magma vs Team Aqua,31,Uncommon,T. Honda,Stage 1,364,Pokémon,2004/03/01,"tcgplayer,cardmarket",https://prices.pokemontcg.io/tcgplayer/ex4-31,https://images.pokemontcg.io/ex4/31_hires.png,2026/08/08,2026/07/01,0.86,0.2800000011920929,0.8899999856948853,19.979999542236328,,7.24,,,,0.5652,0.0577,0.5537,4.1526,0.23070000112056732,0.5191,0.5306,4.5563,3.299,4.0949,1.1535,2026-08-09
bw4-35,Jellicent,normal,Next Destinies,35,Rare,Mitsuhiro Arita,Stage 1,593,Pokémon,2012/02/08,"tcgplayer,cardmarket",https://prices.pokemontcg.io/tcgplayer/bw4-35,https://images.pokemontcg.io/bw4/35_hires.png,2026/08/08,2026/03/11,1.14,0.38999998569488525,1.0,2.75,,1.76,,,,1.3035,0.0577,1.1996,1.0958,0.51910001039505,1.2689,1.0728,3.4605,1.661,1.7187,1.1535,2026-08-09
smp-SM23,Litten,holofoil,SM Black Star Promos,SM23,Promo,5ban Graphics,Basic,725,Pokémon,2017/02/03,"tcgplayer,cardmarket",https://prices.pokemontcg.io/tcgplayer/smp-SM23,https://images.pokemontcg.io/smp/SM23_hires.png,2026/08/08,2026/07/01,1.89,0.949999988079071,1.4800000190734863,26.5,,,,,,2.4224,0.4499,1.9609,0.0,2.306999921798706,2.8838,1.9033,0.9689,1.8456,2.2493,1.1535,2026-08-09
ex16-23,Seviper,normal,Power Keepers,23,Rare,Midori Harada,Basic,336,Pokémon,2007/02/02,"tcgplayer,cardmarket",https://prices.pokemontcg.io/tcgplayer/ex16-23,https://images.pokemontcg.io/ex16/23_hires.png,2026/08/08,2026/07/01,1.67,0.5600000023841858,0.9900000095367432,19.979999542236328,,9.85,,,,0.4499,0.0231,0.6114,4.5563,0.23070000112056732,0.4499,0.7728,5.1446,4.2218,3.6797,1.1535,2026-08-09
bw8-30,Lombre,normal,Plasma Storm,30,Uncommon,Suwama Chiaki,Stage 1,271,Pokémon,2013/02/06,"tcgplayer,cardmarket",https://prices.pokemontcg.io/tcgplayer/bw8-30,https://images.pokemontcg.io/bw8/30_hires.png,2026/08/08,2026/05/14,0.39,0.20999999344348907,0.3499999940395355,19.979999542236328,,4.42,,,,0.3691,0.0231,0.3576,0.0,0.1615000069141388,0.3345,0.323,0.5652,1.6495,1.488,1.1535,2026-08-09
sm4-23,Octillery,normal,Crimson Invasion,23,Rare,tetsuya koizumi,Stage 1,224,Pokémon,2017/11/03,"tcgplayer,cardmarket",https://prices.pokemontcg.io/tcgplayer/sm4-23,https://images.pokemontcg.io/sm4/23_hires.png,2026/08/08,2026/06/08,0.29,0.03999999910593033,0.3100000023841858,19.979999542236328,,0.37,,,,0.2768,0.0577,0.3691,0.496,0.34599998593330383,0.3922,0.2884,1.142,0.5883,0.6575,1.1535,2026-08-09
sm3-27,Alolan Vulpix,normal,Burning Shadows,27,Common,Saya Tsuruta,Basic,37,Pokémon,2017/08/05,"tcgplayer,cardmarket",https://prices.pokemontcg.io/tcgplayer/sm3-27,https://images.pokemontcg.io/sm3/27_hires.png,2026/08/08,2026/05/14,0.38,0.09000000357627869,0.3700000047683716,1.9900000095367432,,0.9,,,,0.1384,0.0231,0.2307,0.3345,0.31139999628067017,0.1384,0.173,0.6806,0.3576,0.3922,1.1535,2026-08-09
sm1-30,Poliwag,normal,Sun & Moon,30,Common,Asako Ito,Basic,60,Pokémon,2017/02/03,"tcgplayer,cardmarket",https://prices.pokemontcg.io/tcgplayer/sm1-30,https://images.pokemontcg.io/sm1/30_hires.png,2026/08/08,2026/05/14,0.86,0.20999999344348907,0.8600000143051147,19.979999542236328,,5.44,,,,0.15,0.0231,0.1846,0.5075,0.1615000069141388,0.173,0.1384,0.323,0.5421,0.5075,1.1535,2026-08-09
base3-33,Gastly,unlimited,Fossil,33,Uncommon,Mitsuhiro Arita,Basic,92,Pokémon,1999/10/10,"tcgplayer,cardmarket",https://prices.pokemontcg.io/tcgplayer/base3-33,https://images.pokemontcg.io/base3/33_hires.png,2026/08/08,2026/07/01,1.51,0.25,1.0,59.2400016784668,,,,,"{""1stEdition"": {""low"": 1.4, ""mid"": 8.0, ""high"": 96.95, ""market"": 8.48, ""directLow"": null}}",2.0302,0.0231,2.134,0.0,1.8456000089645386,1.661,1.8456,4.614,1.2804,1.2804,1.1535,2026-08-09
ex9-32,Illumise,normal,Emerald,32,Uncommon,Kouki Saitou,Basic,314,Pokémon,2005/05/01,"tcgplayer,cardmarket",https://prices.pokemontcg.io/tcgplayer/ex9-32,https://images.pokemontcg.io/ex9/32_hires.png,2026/08/08,2026/06/21,2.34,1.3300000429153442,1.809999942779541,25.399999618530273,,21.37,,,,1.4188,0.1154,1.5342,0.0,3.4605000019073486,1.2804,1.5918,36.3237,15.3185,10.8544,1.1535,2026-08-09
ex14-29,Charmeleon,normal,Crystal Guardians,29,Uncommon,Kagemaru Himeno,Stage 1,5,Pokémon,2006/08/01,"tcgplayer,cardmarket",https://prices.pokemontcg.io/tcgplayer/ex14-29,https://images.pokemontcg.io/ex14/29_hires.png,2026/08/08,2026/06/22,1.99,0.9800000190734863,2.0299999713897705,27.5,,23.45,,,,2.7569,0.0231,2.1801,21.1667,0.9343000054359436,2.134,2.63,3.4605,11.8464,23.9928,1.1535,2026-08-09
ex11-30,Starmie δ,normal,Delta Species,30,Rare,Midori Harada,Stage 1,121,Pokémon,2005/10/31,"tcgplayer,cardmarket",https://prices.pokemontcg.io/tcgplayer/ex11-30,https://images.pokemontcg.io/ex11/30_hires.png,2026/08/08,2026/06/22,16.36,4.300000190734863,16.399999618530273,89.54000091552734,,42.0,,,,5.4907,0.5767,5.3753,21.086,2.2955000400543213,5.1677,4.1757,57.675,18.6752,13.7959,1.1535,2026-08-09
bw3-26,Carracosta,normal,Noble Victories,26,Rare,match,Stage 1,565,Pokémon,2011/11/16,"tcgplayer,cardmarket",https://prices.pokemontcg.io/tcgplayer/bw3-26,https://images.pokemontcg.io/bw3/26_hires.png,2026/08/08,2026/06/08,5.72,2.130000114440918,5.590000152587891,62.79999923706055,,5.13,,,,2.0071,0.173,2.0302,3.449,2.8722000122070312,1.9494,2.1686,1.1304,3.795,3.6912,1.1535,2026-08-09
sm8-30,Ninjask,normal,Lost Thunder,30,Uncommon,kirisAki,Stage 1,291,Pokémon,2018/11/02,"tcgplayer,cardmarket",https://prices.pokemontcg.io/tcgplayer/sm8-30,https://images.pokemontcg.io/sm8/30_hires.png,2026/08/08,2026/03/11,0.08,0.05000000074505806,0.25,19.979999542236328,,0.46,,,,0.2307,0.0231,0.1846,0.5998,0.3345000147819519,0.2422,0.2076,0.4614,0.4729,0.4729,1.1535,2026-08-09
ex10-30,Murkrow,normal,Unseen Forces,30,Rare,Kouki Saitou,Basic,198,Pokémon,2005/08/01,"tcgplayer,cardmarket",https://prices.pokemontcg.io/tcgplayer/ex10-30,https://images.pokemontcg.io/ex10/30_hires.png,2026/08/08,2026/06/22,1.78,0.8500000238418579,1.75,27.969999313354492,,71.62,,,,3.2644,0.1154,1.4188,12.1233,1.153499960899353,1.2689,1.9033,17.3025,20.1747,14.9955,1.1535,2026-08-09
xy9-22,Shellder,normal,BREAKpoint,22,Common,Mizue,Basic,90,Pokémon,2016/02/03,"tcgplayer,cardmarket",https://prices.pokemontcg.io/tcgplayer/xy9-22,https://images.pokemontcg.io/xy9/22_hires.png,2026/08/08,2026/06/11,0.09,0.03999999910593033,0.25,1000.0,,0.38,,,,0.1038,0.0231,0.2076,0.5767,0.11540000140666962,0.0923,0.1038,0.1154,0.5075,0.4383,1.1535,2026-08-09
xy3-22,Beartic,normal,Furious Fists,22,Rare,PLANETA,Stage 1,614,Pokémon,2014/08/13,"tcgplayer,cardmarket",https://prices.pokemontcg.io/tcgplayer/xy3-22,https://images.pokemontcg.io/xy3/22_hires.png,2026/08/08,2026/06/25,0.56,0.1899999976158142,0.5,19.989999771118164,,0.63,,,,0.8767,0.0577,0.8536,1.9956,0.7958999872207642,0.7382,0.7382,0.6921,1.6495,1.1881,1.1535,2026-08-09
hgss4-33,Electabuzz,normal,HS—Triumphant,33,Uncommon,TOKIYA,Basic,125,Pokémon,2010/11/03,"tcgplayer,cardmarket",https://prices.pokemontcg.io/tcgplayer/hgss4-33,https://images.pokemontcg.io/hgss4/33_hires.png,2026/08/08,2026/05/14,0.76,0.3799999952316284,0.5199999809265137,19.809999465942383,,13.35,,,,0.8305,0.0577,0.9343,8.7897,0.6920999884605408,0.7498,0.7844,14.4187,9.3203,6.921,1.1535,2026-08-09
xy2-36,Helioptile,normal,Flashfire,36,Common,5ban Graphics,Basic,694,Pokémon,2014/05/07,"tcgplayer,cardmarket",https://prices.pokemontcg.io/tcgplayer/xy2-36,https://images.pokemontcg.io/xy2/36_hires.png,2026/08/08,2026/03/08,0.21,0.019999999552965164,0.20999999344348907,16.360000610351562,,0.74,,,,0.0807,0.0231,0.0346,0.4845,0.04610000178217888,0.0461,0.0923,0.0923,0.4153,0.3345,1.1535,2026-08-09
sm35-22,Buizel,normal,Shining Legends,22,Common,Sekio,Basic,418,Pokémon,2017/10/06,"tcgplayer,cardmarket",https://prices.pokemontcg.io/tcgplayer/sm35-22,https://images.pokemontcg.io/sm35/22_hires.png,2026/08/08,2026/06/22,0.14,0.029999999329447746,0.20000000298023224,19.979999542236328,,0.47,,,,0.0692,0.0231,0.0461,0.346,0.03460000082850456,0.0923,0.0577,0.5767,0.3576,0.3691,1.1535,2026-08-09
base4-32,Victreebel,normal,Base Set 2,32,Rare,Ken Sugimori,Stage 2,71,Pokémon,2000/02/24,"tcgplayer,cardmarket",https://prices.pokemontcg.io/tcgplayer/base4-32,https://images.pokemontcg.io/base4/32_hires.png,2026/08/08,2026/07/01,5.02,2.240000009536743,4.239999771118164,42.70000076293945,,,,,,4.441,0.6921,4.1872,0.0,1.5571999549865723,3.9911,4.3718,1.7187,2.307,2.307,1.1535,2026-08-09
xy1-31,Shellder,normal,XY,31,Common,Naoyo Kimura,Basic,90,Pokémon,2014/02/05,"tcgplayer,cardmarket",https://prices.pokemontcg.io/tcgplayer/xy1-31,https://images.pokemontcg.io/xy1/31_hires.png,2026/08/08,2026/03/11,0.21,0.03999999910593033,0.20999999344348907,1000.0,,0.79,,,,0.1038,0.0231,0.0923,0.6921,0.023099999874830246,0.1384,0.1154,0.4037,0.6114,0.4845,1.1535,2026-08-09
pl3-28,Exploud,normal,Supreme Victors,28,Rare,Masakazu Fukuda,Stage 2,295,Pokémon,2009/08/19,"tcgplayer,cardmarket",https://prices.pokemontcg.io/tcgplayer/pl3-28,https://images.pokemontcg.io/pl3/28_hires.png,2026/08/08,2026/06/07,1.19,0.7900000214576721,1.1100000143051147,19.979999542236328,,2.34,,,,1.2112,0.2307,1.4073,2.3531,2.306999921798706,1.4303,1.4534,1.7187,2.0648,2.157,1.1535,2026-08-09
dp6-24,Deoxys Attack Forme,normal,Legends Awakened,24,Rare,Kent Kanetsuna,Basic,386,Pokémon,2008/08/01,"tcgplayer,cardmarket",https://prices.pokemontcg.io/tcgplayer/dp6-24,https://images.pokemontcg.io/dp6/24_hires.png,2026/08/08,2026/06/22,11.1,7.489999771118164,7.699999809265137,181.8699951171875,,24.66,,,,2.9414,0.5767,3.5758,6.2404,2.8722000122070312,4.5217,3.8758,8.1898,7.4516,5.9867,1.1535,2026-08-09
bw5-25,Vaporeon,normal,Dark Explorers,25,Uncommon,Akira Komayama,Stage 1,134,Pokémon,2012/05/09,"tcgplayer,cardmarket",https://prices.pokemontcg.io/tcgplayer/bw5-25,https://images.pokemontcg.io/bw5/25_hires.png,2026/08/08,2026/06/22,7.53,4.920000076293945,7.820000171661377,79.69999694824219,,27.75,,,,63.4425,69.21,116.8495,0.0,69.19850158691406,76.9846,71.0095,26.5305,30.164,25.4693,1.1535,2026-08-09
xy12-25,Poliwrath,holofoil,Evolutions,25,Rare Holo,Ken Sugimori,Stage 2,62,Pokémon,2016/11/02,"tcgplayer,cardmarket",https://prices.pokemontcg.io/tcgplayer/xy12-25,https://images.pokemontcg.io/xy12/25_hires.png,2026/08/08,2026/06/22,4.01,1.9500000476837158,3.700000047683716,96.94000244140625,,3.52,,,,3.3336,1.1304,3.5874,4.2449,4.394800186157227,4.1295,3.449,3.4028,4.1872,3.795,1.1535,2026-08-09
sm7-29,Torkoal,normal,Celestial Storm,29,Uncommon,Ken Sugimori,Basic,324,Pokémon,2018/08/03,"tcgplayer,cardmarket",https://prices.pokemontcg.io/tcgplayer/sm7-29,https://images.pokemontcg.io/sm7/29_hires.png,2026/08/08,2026/06/08,0.29,0.05000000074505806,0.28999999165534973,19.979999542236328,,0.45,,,,0.2653,0.0231,0.2653,0.346,0.8421000242233276,0.2999,0.2538,0.2192,0.4845,0.5075,1.1535,2026-08-09
ecard2-3,Ariados,normal,Aquapolis,3,Rare,Shin-ichi Yoshida,Stage 1,168,Pokémon,2003/01/15,"tcgplayer,cardmarket",https://prices.pokemontcg.io/tcgplayer/ecard2-3,https://images.pokemontcg.io/ecard2/3_hires.png,2026/08/08,2026/06/22,11.29,10.989999771118164,15.899999618530273,159.0,,25.0,,,,3.8181,0.5767,4.118,9.5394,2.2955000400543213,3.945,4.2449,11.4889,8.2937,7.9707,1.1535,2026-08-09
neo1-25,Sneasel,unlimited,Neo Genesis,25,Rare,Ken Sugimori,Basic,215,Pokémon,2000/12/16,"tcgplayer,cardmarket",https://prices.pokemontcg.io/tcgplayer/neo1-25,https://images.pokemontcg.io/neo1/25_hires.png,2026/08/08,2026/07/01,7.48,2.9800000190734863,4.989999771118164,50.11000061035156,,,,,"{""1stEdition"": {""low"": 9.2, ""mid"": 18.65, ""high"": 213.1, ""market"": 15.65, ""directLow"": 49.98}}",5.283,0.173,4.0949,0.0,2.0762999057769775,3.9104,5.4561,2.307,1.4419,1.4419,1.1535,2026-08-09
xy0-24,Swirlix,normal,Kalos Starter Set,24,,5ban Graphics,Basic,684,Pokémon,2013/11/08,"tcgplayer,cardmarket",https://prices.pokemontcg.io/tcgplayer/xy0-24,https://images.pokemontcg.io/xy0/24_hires.png,2026/08/08,2026/07/01,1.28,0.4099999964237213,1.2699999809265137,19.979999542236328,,,,,,1.3611,0.0231,1.1766,0.0,0.8651000261306763,1.0381,0.9228,5.7675,2.3647,2.3647,1.1535,2026-08-09
sm9-33,Pikachu & Zekrom-GX,holofoil,Team Up,33,Rare Holo GX,Mitsuhiro Arita,Basic|TAG TEAM|GX,25|644,Pokémon,2019/02/01,"tcgplayer,cardmarket",https://prices.pokemontcg.io/tcgplayer/sm9-33,https://images.pokemontcg.io/sm9/33_hires.png,2026/08/08,2026/03/11,59.62,47.15999984741211,68.48999786376953,999.989990234375,,,,,,47.8818,11.535,54.4106,0.0,44.98649978637695,50.1773,42.4834,5.5714,7.071,7.4285,1.1535,2026-08-09
sm2-31,Snorunt,normal,Guardians Rising,31,Common,Tomokazu Komiya,Basic,361,Pokémon,2017/05/05,"tcgplayer,cardmarket",https://prices.pokemontcg.io/tcgplayer/sm2-31,https://images.pokemontcg.io/sm2/31_hires.png,2026/08/08,2026/03/11,0.33,0.10000000149011612,0.3400000035762787,19.979999542236328,,0.98,,,,0.0807,0.0231,0.0807,0.4383,0.11540000140666962,0.0923,0.1038,0.4614,0.4614,0.496,1.1535,2026-08-09
hsp-HGSS21,Suicune,holofoil,HGSS Black Star Promos,HGSS21,Promo,Hideaki Hakozaki,Basic,245,Pokémon,2010/02/10,tcgplayer,https://prices.pokemontcg.io/tcgplayer/hsp-HGSS21,https://images.pokemontcg.io/hsp/HGSS21_hires.png,2026/08/08,,60.5,44.0,68.33999633789062,973.5,,,,,,,,,,,,,,,,,2026-08-09
ex7-30,Dark Ariados,normal,Team Rocket Returns,30,Uncommon,Kyoko Koizumi,Stage 1,168,Pokémon,2004/11/01,"tcgplayer,cardmarket",https://prices.pokemontcg.io/tcgplayer/ex7-30,https://images.pokemontcg.io/ex7/30_hires.png,2026/08/08,2026/06/22,3.11,2.4100000858306885,3.3499999046325684,38.099998474121094,,44.95,,,,10.716,1.7302,7.7861,0.0,3.2874999046325684,8.8589,4.1987,17.3025,19.8979,17.7524,1.1535,2026-08-09
swsh4-28,Magcargo,normal,Vivid Voltage,28,Uncommon,Masakazu Fukuda,Stage 1,219,Pokémon,2020/11/13,"tcgplayer,cardmarket",https://prices.pokemontcg.io/tcgplayer/swsh4-28,https://images.pokemontcg.io/swsh4/28_hires.png,2026/08/08,2026/05/07,0.03,0.009999999776482582,0.15000000596046448,25.030000686645508,,0.23,,,,0.0807,0.0231,0.0577,0.2422,0.04610000178217888,0.0923,0.0692,0.2192,0.2884,0.2768,1.1535,2026-08-09
neo2-23,Houndoom,unlimited,Neo Discovery,23,Rare,Shin-ichi Yoshida,Stage 1,229,Pokémon,2001/06/01,"tcgplayer,cardmarket",https://prices.pokemontcg.io/tcgplayer/neo2-23,https://images.pokemontcg.io/neo2/23_hires.png,2026/08/08,2026/07/01,14.49,10.40999984741211,18.149999618530273,127.37000274658203,,,,,"{""1stEdition"": {""low"": 35.0, ""mid"": 43.0, ""high"": 368.95, ""market"": 31.36, ""directLow"": null}}",9.3203,0.5767,11.4658,0.0,7.889900207519531,7.0017,8.8819,1.1535,5.7675,5.6868,1.1535,2026-08-09
ex13-29,Registeel,normal,Holon Phantoms,29,Rare,Ken Sugimori,Basic,379,Pokémon,2006/05/01,"tcgplayer,cardmarket",https://prices.pokemontcg.io/tcgplayer/ex13-29,https://images.pokemontcg.io/ex13/29_hires.png,2026/08/08,2026/06/21,4.23,2.369999885559082,4.610000133514404,87.0,,50.0,,,,7.1632,0.346,5.0754,21.1783,1.2689000368118286,7.1632,4.0603,4.614,17.7062,19.0674,1.1535,2026-08-09
sm10-25,Volcanion,holofoil,Unbroken Bonds,25,Rare Holo,Satoshi Shirai,Basic,721,Pokémon,2019/05/03,"tcgplayer,cardmarket",https://prices.pokemontcg.io/tcgplayer/sm10-25,https://images.pokemontcg.io/sm10/25_hires.png,2026/08/08,2026/05/07,0.75,0.3499999940395355,0.7699999809265137,193.0399932861328,,0.83,,,,0.6344,0.173,0.669,1.1304,1.153499960899353,0.6806,0.7152,0.1384,1.1189,1.7302,1.1535,2026-08-09
sm5-32,Piplup,normal,Ultra Prism,32,Common,Shibuzoh.,Basic,393,Pokémon,2018/02/02,"tcgplayer,cardmarket",https://prices.pokemontcg.io/tcgplayer/sm5-32,https://images.pokemontcg.io/sm5/32_hires.png,2026/08/08,2026/03/11,0.9,0.38999998569488525,0.9100000262260437,19.979999542236328,,6.03,,,,1.4649,0.0231,1.4073,1.0728,1.0958000421524048,0.4614,1.2227,1.0958,1.0266,0.9805,1.1535,2026-08-09
xy10-30,Spoink,normal,Fates Collide,30,Common,TOKIYA,Basic,325,Pokémon,2016/05/02,"tcgplayer,cardmarket",https://prices.pokemontcg.io/tcgplayer/xy10-30,https://images.pokemontcg.io/xy10/30_hires.png,2026/08/08,2026/03/11,0.2,0.029999999329447746,0.20999999344348907,1000.0,,0.32,,,,0.173,0.0231,0.1615,0.346,0.03460000082850456,0.173,0.1154,0.346,0.323,0.346,1.1535,2026-08-09
ex15-21,Quagsire δ,normal,Dragon Frontiers,21,Rare,Sachiko Adachi,Stage 1,195,Pokémon,2006/11/01,"tcgplayer,cardmarket",https://prices.pokemontcg.io/tcgplayer/ex15-21,https://images.pokemontcg.io/ex15/21_hires.png,2026/08/08,2026/06/27,14.73,20.0,24.989999771118164,286.70001220703125,,56.17,,,,4.7063,0.9228,4.4064,10.3238,4.556300163269043,5.3638,3.7835,17.3025,11.9964,12.181,1.1535,2026-08-09
dp3-35,Pidgeot,normal,Secret Wonders,35,Rare,Masakazu Fukuda,Stage 2,18,Pokémon,2007/11/01,"tcgplayer,cardmarket",https://prices.pokemontcg.io/tcgplayer/dp3-35,https://images.pokemontcg.io/dp3/35_hires.png,2026/08/08,2026/05/14,2.74,1.2000000476837158,2.119999885559082,40.0,,3.51,,,,2.0532,0.0577,2.7453,4.1872,4.556300163269043,1.6726,1.9033,2.307,3.449,3.1491,1.1535,2026-08-09
basep-28,Surfing Pikachu,normal,Wizards Black Star Promos,28,Promo,Toshinao Aoki,Basic,25,Pokémon,1999/07/01,"tcgplayer,cardmarket",https://prices.pokemontcg.io/tcgplayer/basep-28,https://images.pokemontcg.io/basep/28_hires.png,2026/08/08,2026/07/01,73.61,45.63999938964844,79.98999786376953,529.6500244140625,,,,,,52.3112,3.4605,64.0885,0.0,57.66350173950195,61.0894,47.9971,4.5563,5.1561,5.1561,1.1535,2026-08-09
sm12-34,Larvesta,normal,Cosmic Eclipse,34,Uncommon,Akira Komayama,Basic,636,Pokémon,2019/11/01,"tcgplayer,cardmarket",https://prices.pokemontcg.io/tcgplayer/sm12-34,https://images.pokemontcg.io/sm12/34_hires.png,2026/08/08,2026/03/11,0.17,0.03999999910593033,0.20000000298023224,18.81999969482422,,0.41,,,,0.1269,0.0231,0.0923,1.1535,0.05770000070333481,0.0692,0.1038,0.5767,0.7844,0.6921,1.1535,2026-08-09
pl4-32,Spiritomb,normal,Arceus,32,Rare,Aya Kusube,Basic,442,Pokémon,2009/11/04,"tcgplayer,cardmarket",https://prices.pokemontcg.io/tcgplayer/pl4-32,https://images.pokemontcg.io/pl4/32_hires.png,2026/08/08,2026/06/07,5.94,5.659999847412109,7.789999961853027,78.9000015258789,,8.9,,,,6.8979,0.6921,6.6326,0.0,8.07450008392334,6.1251,3.8642,0.4614,1.0728,0.8882,1.1535,2026-08-09
base6-28,Magneton,normal,Legendary Collection,28,Rare,Ken Sugimori,Stage 1,82,Pokémon,2002/05/24,"tcgplayer,cardmarket",https://prices.pokemontcg.io/tcgplayer/base6-28,https://images.pokemontcg.io/base6/28_hires.png,2026/08/08,2026/07/01,3.22,1.25,2.059999942779541,39.5,,189.0,,,,3.8296,0.8074,4.4871,43.2563,6.86329984664917,4.0834,3.2298,40.3725,78.2534,68.1372,1.1535,2026-08-09
ecard1-22,Pichu,holofoil,Expedition Base Set,22,Rare Holo,Atsuko Nishida,Baby,172,Pokémon,2002/09/15,"tcgplayer,cardmarket",https://prices.pokemontcg.io/tcgplayer/ecard1-22,https://images.pokemontcg.io/ecard1/22_hires.png,2026/08/08,2026/07/01,299.99,189.99000549316406,2425.2099609375,2425.2099609375,,208.65,,,,141.3499,14.9955,120.3331,27.8801,403.7250061035156,137.5895,83.2596,109.5825,33.3938,36.0584,1.1535,2026-08-09
ex3-31,Grovyle,normal,Dragon,31,Uncommon,Atsuko Nishida,Stage 1,253,Pokémon,2003/11/24,"tcgplayer,cardmarket",https://prices.pokemontcg.io/tcgplayer/ex3-31,https://images.pokemontcg.io/ex3/31_hires.png,2026/08/08,2026/07/01,2.76,3.200000047683716,5.809999942779541,29.5,,21.56,,,,1.4419,0.0923,2.4916,14.9955,2.8838000297546387,1.2112,1.638,5.1792,10.047,4.9139,1.1535,2026-08-09
dp7-22,Rapidash,normal,Stormfront,22,Rare,Suwama Chiaki,Stage 1,78,Pokémon,2008/11/01,"tcgplayer,cardmarket",https://prices.pokemontcg.io/tcgplayer/dp7-22,https://images.pokemontcg.io/dp7/22_hires.png,2026/08/08,2026/06/25,4.95,3.0,5.730000019073486,55.70000076293945,,24.19,,,,1.7533,0.1154,2.3647,3.1375,1.6726000308990479,1.5111,1.5226,0.3345,3.3336,2.3647,1.1535,2026-08-09
bw6-34,Tympole,normal,Dragons Exalted,34,Common,Midori Harada,Basic,535,Pokémon,2012/08/15,"tcgplayer,cardmarket",https://prices.pokemontcg.io/tcgplayer/bw6-34,https://images.pokemontcg.io/bw6/34_hires.png,2026/08/08,2026/05/07,0.28,0.05000000074505806,0.27000001072883606,5.0,,0.78,,,,0.1038,0.0231,0.0807,3.4605,0.11540000140666962,0.1154,0.1038,3.4605,0.9805,0.7498,1.1535,2026-08-09
xy8-27,Goldeen,normal,BREAKthrough,27,Common,MAHOU,Basic,118,Pokémon,2015/11/04,"tcgplayer,cardmarket",https://prices.pokemontcg.io/tcgplayer/xy8-27,https://images.pokemontcg.io/xy8/27_hires.png,2026/08/08,2026/05/17,0.23,0.03999999910593033,0.25,19.979999542236328,,0.57,,,,0.1961,0.0231,0.1846,0.4037,0.4959999918937683,0.1846,0.15,0.4037,0.9228,0.9113,1.1535,2026-08-09
ex8-32,Grumpig,normal,Deoxys,32,Uncommon,Ken Sugimori,Stage 1,326,Pokémon,2005/02/01,"tcgplayer,cardmarket",https://prices.pokemontcg.io/tcgplayer/ex8-32,https://images.pokemontcg.io/ex8/32_hires.png,2026/08/08,2026/06/22,0.47,0.25,0.46000000834465027,20.5,,7.49,,,,0.646,0.0577,0.5537,5.1907,0.426800012588501,0.4614,0.4845,5.1907,16.1029,8.1783,1.1535,2026-08-09
g1-19,Shellder,normal,Generations,19,Common,Naoyo Kimura,Basic,90,Pokémon,2016/02/22,"tcgplayer,cardmarket",https://prices.pokemontcg.io/tcgplayer/g1-19,https://images.pokemontcg.io/g1/19_hires.png,2026/08/08,2026/06/23,0.19,0.019999999552965164,0.20999999344348907,1000.0,,0.53,,,,0.1269,0.0231,0.1269,0.4268,0.05770000070333481,0.0923,0.1038,0.9228,0.5075,0.5652,1.1535,2026-08-09
sm75-30,Phione,normal,Dragon Majesty,30,Uncommon,kawayoo,Basic,489,Pokémon,2018/09/07,"tcgplayer,cardmarket",https://prices.pokemontcg.io/tcgplayer/sm75-30,https://images.pokemontcg.io/sm75/30_hires.png,2026/08/08,2026/03/11,0.35,0.15000000596046448,0.36000001430511475,19.979999542236328,,0.67,,,,0.346,0.0231,0.3345,1.8456,0.219200000166893,0.3345,0.2999,0.346,1.7302,1.0151,1.1535,2026-08-09
pl2-27,Mamoswine GL,normal,Rising Rivals,27,Rare,Atsuko Nishida,Basic|SP,473,Pokémon,2009/05/16,"tcgplayer,cardmarket",https://prices.pokemontcg.io/tcgplayer/pl2-27,https://images.pokemontcg.io/pl2/27_hires.png,2026/08/08,2026/06/27,1.7,1.4900000095367432,2.0899999141693115,96.93000030517578,,6.23,,,,1.9725,0.346,2.0878,2.976,0.9228000044822693,2.0763,1.7649,1.7302,2.9991,3.1145,1.1535,2026-08-09
xyp-XY22,Darkrai,holofoil,XY Black Star Promos,XY22,Promo,Sanosuke Sakuma,Basic,491,Pokémon,2013/10/12,"tcgplayer,cardmarket",https://prices.pokemontcg.io/tcgplayer/xyp-XY22,https://images.pokemontcg.io/xyp/XY22_hires.png,2026/08/08,2026/06/08,13.38,7.329999923706055,14.720000267028809,100.0,,,,,,8.9973,1.7302,10.9582,0.0,13.842000007629395,10.6122,7.3363,2.8838,2.8838,2.2493,1.1535,2026-08-09
ecard3-H28,Starmie,holofoil,Skyridge,H28,Rare Holo,Hajime Kusajima,Stage 1,121,Pokémon,2003/05/12,"tcgplayer,cardmarket",https://prices.pokemontcg.io/tcgplayer/ecard3-H28,https://images.pokemontcg.io/ecard3/H28_hires.png,2026/08/08,2026/07/01,575.75,399.9800109863281,399.9800109863281,399.9800109863281,,,,,,99.4086,43.833,107.8869,0.0,46.13999938964844,97.8975,162.6781,46.1285,39.1036,36.762,1.1535,2026-08-09
base1-31,Jynx,normal,Base,31,Uncommon,Ken Sugimori,Basic,124,Pokémon,1999/01/09,"tcgplayer,cardmarket",https://prices.pokemontcg.io/tcgplayer/base1-31,https://images.pokemontcg.io/base1/31_hires.png,2026/08/08,2026/07/01,1.3,0.25,0.8100000023841858,9999.0,,,,,,1.5111,0.0231,1.0381,0.0,1.2458000183105469,1.165,1.4188,0.4037,0.2307,0.2307,1.1535,2026-08-09
xy7-31,Baltoy,normal,Ancient Origins,31,Common,Kouki Saitou,Basic,343,Pokémon,2015/08/12,"tcgplayer,cardmarket",https://prices.pokemontcg.io/tcgplayer/xy7-31,https://images.pokemontcg.io/xy7/31_hires.png,2026/08/08,2026/05/07,0.06,0.009999999776482582,0.20000000298023224,1000.0,,0.29,,,,0.1038,0.0231,0.1038,0.5767,0.219200000166893,0.1154,0.0807,1.0958,0.4729,0.3922,1.1535,2026-08-09
mcd12-9,Purrloin,holofoil,McDonald's Collection 2012,9,,Atsuko Nishida,Basic,509,Pokémon,2012/06/15,"tcgplayer,cardmarket",https://prices.pokemontcg.io/tcgplayer/mcd12-9,https://images.pokemontcg.io/mcd12/9_hires.png,2026/08/08,2026/07/01,13.41,6.0,13.369999885559082,174.10000610351562,,,,,,31.7212,16.149,25.3885,0.0,28.837499618530273,23.566,18.7328,11.535,6.8633,6.8633,1.1535,2026-08-09
ex1-23,Swampert,normal,Ruby & Sapphire,23,Rare,Ken Sugimori,Stage 2,260,Pokémon,2003/07/01,"tcgplayer,cardmarket",https://prices.pokemontcg.io/tcgplayer/ex1-23,https://images.pokemontcg.io/ex1/23_hires.png,2026/08/08,2026/07/01,4.36,2.5899999141693115,4.360000133514404,96.94999694824219,,44.33,,,,2.8838,0.1038,3.7258,8.9166,0.46140000224113464,3.3451,2.7684,6.575,10.5776,10.2892,1.1535,2026-08-09
sm11-24,Camerupt,normal,Unified Minds,24,Rare,Masakazu Fukuda,Stage 1,323,Pokémon,2019/08/02,"tcgplayer,cardmarket",https://prices.pokemontcg.io/tcgplayer/sm11-24,https://images.pokemontcg.io/sm11/24_hires.png,2026/08/08,2026/05/04,0.24,0.10000000149011612,0.25999999046325684,19.979999542236328,,0.39,,,,0.3114,0.0346,0.3807,1.3381,0.29989999532699585,0.2422,0.4153,1.4419,1.3496,0.9574,1.1535,2026-08-09
swshp-SWSH022,Flapple,holofoil,SWSH Black Star Promos,SWSH022,Promo,Hitoshi Ariga,Stage 1,841,Pokémon,2019/11/15,"tcgplayer,cardmarket",https://prices.pokemontcg.io/tcgplayer/swshp-SWSH022,https://images.pokemontcg.io/swshp/SWSH022_hires.png,2026/08/08,2026/05/14,78.12,103.88999938964844,306.5899963378906,2499.89990234375,,,,,,32.6787,3.4605,18.629,0.0,3.4605000019073486,27.6033,17.7524,4.6025,5.8598,6.5173,1.1535,2026-08-09
xy11-33,Clauncher,normal,Steam Siege,33,Common,Kanako Eo,Basic,692,Pokémon,2016/08/03,"tcgplayer,cardmarket",https://prices.pokemontcg.io/tcgplayer/xy11-33,https://images.pokemontcg.io/xy11/33_hires.png,2026/08/08,2026/03/11,0.15,0.009999999776482582,0.20000000298023224,1000.0,,0.29,,,,0.0461,0.0231,0.0231,0.323,0.03460000082850456,0.0461,0.0692,0.173,0.2768,0.323,1.1535,2026-08-09
bw7-33,Psyduck,normal,Boundaries Crossed,33,Common,Masakazu Fukuda,Basic,54,Pokémon,2012/11/07,"tcgplayer,cardmarket",https://prices.pokemontcg.io/tcgplayer/bw7-33,https://images.pokemontcg.io/bw7/33_hires.png,2026/08/08,2026/05/14,7.22,2.4000000953674316,6.829999923706055,106.80999755859375,,28.29,,,,3.7604,0.0231,2.0763,27.684,0.28839999437332153,1.0381,2.6184,27.684,8.9627,8.8704,1.1535,2026-08-09
bw11-34,Prinplup,normal,Legendary Treasures,34,Uncommon,Miki Tanaka,Stage 1,394,Pokémon,2013/11/06,"tcgplayer,cardmarket",https://prices.pokemontcg.io/tcgplayer/bw11-34,https://images.pokemontcg.io/bw11/34_hires.png,2026/08/08,2026/03/11,0.5,0.15000000596046448,0.5099999904632568,1.8899999856948853,,4.86,,,,0.5306,0.0923,0.6114,4.9024,0.8651000261306763,0.5537,0.7844,10.37,6.1712,2.8261,1.1535,2026-08-09
ex6-27,Magneton,normal,FireRed & LeafGreen,27,Rare,Ken Sugimori,Stage 1,82,Pokémon,2004/09/01,"tcgplayer,cardmarket",https://prices.pokemontcg.io/tcgplayer/ex6-27,https://images.pokemontcg.io/ex6/27_hires.png,2026/08/08,2026/06/27,0.63,0.3499999940395355,0.6800000071525574,20.719999313354492,,19.76,,,,1.2112,0.0577,2.1686,13.0576,0.2768000066280365,1.6264,0.992,16.0913,8.2706,10.2085,1.1535,2026-08-09
sm115-32,Mew,normal,Hidden Fates,32,Rare,Atsuko Nishida,Basic,151,Pokémon,2019/08/23,"tcgplayer,cardmarket",https://prices.pokemontcg.io/tcgplayer/sm115-32,https://images.pokemontcg.io/sm115/32_hires.png,2026/08/08,2026/04/11,3.32,2.0,3.5,26.559999465942383,,6.61,,,,3.5989,0.6921,3.3682,0.0,2.8722000122070312,2.9991,3.0452,0.0,0.0,0.0,1.1535,2026-08-09
swsh2-25,Ninetales,normal,Rebel Clash,25,Rare,AKIRA EGAWA,Stage 1,38,Pokémon,2020/05/01,"tcgplayer,cardmarket",https://prices.pokemontcg.io/tcgplayer/swsh2-25,https://images.pokemontcg.io/swsh2/25_hires.png,2026/08/08,2026/05/08,0.72,0.2800000011920929,0.7200000286102295,19.979999542236328,,4.6,,,,0.4614,0.0577,0.7613,4.3141,0.31139999628067017,0.3807,0.4729,3.3913,4.2564,2.976,1.1535,2026-08-09
ex5-24,Relicanth,normal,Hidden Legends,24,Rare,Kagemaru Himeno,Basic,369,Pokémon,2004/06/01,"tcgplayer,cardmarket",https://prices.pokemontcg.io/tcgplayer/ex5-24,https://images.pokemontcg.io/ex5/24_hires.png,2026/08/08,2026/07/01,1.74,1.090000033378601,1.6200000047683716,19.979999542236328,,18.77,,,,1.6841,0.0231,1.0151,8.6512,0.51910001039505,1.142,0.9805,11.5235,5.8598,4.8793,1.1535,2026-08-09
bw2-24,Basculin,normal,Emerging Powers,24,Common,match,Basic,550,Pokémon,2011/08/31,"tcgplayer,cardmarket",https://prices.pokemontcg.io/tcgplayer/bw2-24,https://images.pokemontcg.io/bw2/24_hires.png,2026/08/08,2026/06/05,0.33,0.09000000357627869,0.25999999046325684,19.979999542236328,,2.78,,,,0.1269,0.0231,0.1269,0.5767,0.10379999876022339,0.1154,0.1269,0.0231,0.7382,0.6921,1.1535,2026-08-09
np-22,Beldum,normal,Nintendo Black Star Promos,22,Promo,Mitsuhiro Arita,Basic,374,Pokémon,2003/10/01,"tcgplayer,cardmarket",https://prices.pokemontcg.io/tcgplayer/np-22,https://images.pokemontcg.io/np/22_hires.png,2026/08/08,2026/07/01,5.38,3.4800000190734863,7.0,69.9000015258789,,,,,,17.2448,14.4187,15.3531,0.0,17.244800567626953,14.8917,17.0603,0.0,0.0,0.0,1.1535,2026-08-09
xy5-31,Seadra,normal,Primal Clash,31,Uncommon,Sanosuke Sakuma,Stage 1,117,Pokémon,2015/02/04,"tcgplayer,cardmarket",https://prices.pokemontcg.io/tcgplayer/xy5-31,https://images.pokemontcg.io/xy5/31_hires.png,2026/08/08,2026/03/11,0.23,0.009999999776482582,0.25,19.979999542236328,,0.63,,,,0.1269,0.0231,0.0807,0.0,0.28839999437332153,0.1269,0.1615,2.307,0.7613,0.7152,1.1535,2026-08-09
hgss3-28,Jolteon,normal,HS—Undaunted,28,Uncommon,Shin Nagasawa,Stage 1,135,Pokémon,2010/08/18,"tcgplayer,cardmarket",https://prices.pokemontcg.io/tcgplayer/hgss3-28,https://images.pokemontcg.io/hgss3/28_hires.png,2026/08/08,2026/06/11,6.2,4.070000171661377,6.329999923706055,741.47998046875,,35.73,,,,2.5377,0.1038,2.0878,14.4187,0.34599998593330383,2.976,2.5146,5.7675,18.6982,13.7728,1.1535,2026-08-09
gym2-34,Brock's Graveler,unlimited,Gym Challenge,34,Uncommon,Atsuko Nishida,Stage 1,75,Pokémon,2000/10/16,"tcgplayer,cardmarket",https://prices.pokemontcg.io/tcgplayer/gym2-34,https://images.pokemontcg.io/gym2/34_hires.png,2026/08/08,2026/07/01,2.65,1.2999999523162842,2.509999990463257,26.299999237060547,,,,,"{""1stEdition"": {""low"": 3.16, ""mid"": 4.15, ""high"": 63.0, ""market"": 4.55, ""directLow"": null}}",4.1641,0.4614,24.6272,0.0,3.7142999172210693,26.3459,7.9938,0.0,0.0,0.0,1.1535,2026-08-09
swsh3-26,Pansear,normal,Darkness Ablaze,26,Common,Megumi Higuchi,Basic,513,Pokémon,2020/08/14,"tcgplayer,cardmarket",https://prices.pokemontcg.io/tcgplayer/swsh3-26,https://images.pokemontcg.io/swsh3/26_hires.png,2026/08/08,2026/04/30,0.02,0.009999999776482582,0.15000000596046448,25.020000457763672,,0.24,,,,0.0346,0.0231,0.0461,0.3922,0.09229999780654907,0.0577,0.0461,0.2653,0.2884,0.2307,1.1535,2026-08-09
xy6-29,Xatu,normal,Roaring Skies,29,Rare,Hajime Kusajima,Stage 1,178,Pokémon,2015/05/06,"tcgplayer,cardmarket",https://prices.pokemontcg.io/tcgplayer/xy6-29,https://images.pokemontcg.io/xy6/29_hires.png,2026/08/08,2026/05/14,0.26,0.09000000357627869,0.3400000035762787,19.979999542236328,,0.5,,,,0.3345,0.0231,0.3345,0.9805,0.17299999296665192,0.3691,0.346,1.0958,0.9113,1.1535,1.1535,2026-08-09
dc1-22,Team Magma's Zangoose,normal,Double Crisis,22,Common,Shin Nagasawa,Basic,335,Pokémon,2015/03/25,"tcgplayer,cardmarket",https://prices.pokemontcg.io/tcgplayer/dc1-22,https://images.pokemontcg.io/dc1/22_hires.png,2026/08/08,2026/07/01,1.4,0.5,1.2999999523162842,19.979999542236328,,14.41,,,,3.7719,0.8074,3.1606,21.8704,2.8261001110076904,3.4144,3.299,22.9546,20.8553,15.2723,1.1535,2026-08-09
swshp-SWSH023,Luxray,holofoil,SWSH Black Star Promos,SWSH023,Promo,Megumi Higuchi,Stage 2,405,Pokémon,2019/11/15,"tcgplayer,cardmarket",https://prices.pokemontcg.io/tcgplayer/swshp-SWSH023,https://images.pokemontcg.io/swshp/SWSH023_hires.png,2026/08/08,2026/05/14,83.43,85.91000366210938,150.0,830.4000244140625,,,,,,50.8924,4.96,29.322,0.0,32.274898529052734,32.471,24.6157,3.9796,7.0133,7.8669,1.1535,2026-08-09
hgss3-29,Lairon,normal,HS—Undaunted,29,Uncommon,match,Stage 1,305,Pokémon,2010/08/18,"tcgplayer,cardmarket",https://prices.pokemontcg.io/tcgplayer/hgss3-29,https://images.pokemontcg.io/hgss3/29_hires.png,2026/08/08,2026/06/11,0.47,0.17000000178813934,0.44999998807907104,18.299999237060547,,3.72,,,,0.1961,0.0231,0.2307,0.8997,0.11540000140666962,0.2192,0.2076,0.9343,0.8536,1.0381,1.1535,2026-08-09
ex5-25,Snow-cloud Castform,normal,Hidden Legends,25,Rare,Sumiyoshi Kizuki,Basic,351,Pokémon,2004/06/01,"tcgplayer,cardmarket",https://prices.pokemontcg.io/tcgplayer/ex5-25,https://images.pokemontcg.io/ex5/25_hires.png,2026/08/08,2026/07/01,8.92,4.449999809265137,12.979999542236328,96.94999694824219,,30.79,,,,2.0878,0.1384,2.0878,11.7888,1.153499960899353,1.5226,1.638,21.8242,11.3389,8.0168,1.1535,2026-08-09
neo3-28,Flaaffy,unlimited,Neo Revelation,28,Uncommon,Toshinao Aoki,Stage 1,180,Pokémon,2001/09/21,"tcgplayer,cardmarket",https://prices.pokemontcg.io/tcgplayer/neo3-28,https://images.pokemontcg.io/neo3/28_hires.png,2026/08/08,2026/07/01,2.54,0.6899999976158142,2.4200000762939453,31.100000381469727,,,,,"{""1stEdition"": {""low"": 11.5, ""mid"": 14.99, ""high"": 53.1, ""market"": 4.53, ""directLow"": null}}",2.6646,0.0577,2.8261,0.0,1.7302000522613525,5.8367,3.3105,0.0,0.0,0.0,1.1535,2026-08-09
xy10-31,Grumpig,normal,Fates Collide,31,Rare,Sanosuke Sakuma,Stage 1,326,Pokémon,2016/05/02,"tcgplayer,cardmarket",https://prices.pokemontcg.io/tcgplayer/xy10-31,https://images.pokemontcg.io/xy10/31_hires.png,2026/08/08,2026/03/11,0.3,0.10000000149011612,0.3100000023841858,2.990000009536743,,0.59,,,,0.496,0.0346,0.4499,0.819,0.46140000224113464,0.4268,0.3807,2.2955,0.992,0.7959,1.1535,2026-08-09
ex7-31,Dark Dragonair,normal,Team Rocket Returns,31,Uncommon,Emi Miwa,Stage 1,148,Pokémon,2004/11/01,"tcgplayer,cardmarket",https://prices.pokemontcg.io/tcgplayer/ex7-31,https://images.pokemontcg.io/ex7/31_hires.png,2026/08/08,2026/06/22,7.23,4.0,8.100000381469727,70.0,,200.0,,,,4.6832,1.1535,3.968,42.9679,2.8838000297546387,3.0222,3.5297,36.912,53.384,63.431,1.1535,2026-08-09
bw1-30,Dewott,normal,Black & White,30,Uncommon,5ban Graphics,Stage 1,502,Pokémon,2011/04/25,"tcgplayer,cardmarket",https://prices.pokemontcg.io/tcgplayer/bw1-30,https://images.pokemontcg.io/bw1/30_hires.png,2026/08/08,2026/05/14,0.33,0.25,0.4399999976158142,96.94000244140625,,2.1,,,,0.1384,0.0231,0.1154,2.0186,0.24220000207424164,0.1269,0.3345,1.142,2.4108,1.5803,1.1535,2026-08-09
sm1-31,Poliwhirl,normal,Sun & Moon,31,Uncommon,Atsuko Nishida,Stage 1,61,Pokémon,2017/02/03,"tcgplayer,cardmarket",https://prices.pokemontcg.io/tcgplayer/sm1-31,https://images.pokemontcg.io/sm1/31_hires.png,2026/08/08,2026/03/11,0.26,0.05000000074505806,0.25999999046325684,19.979999542236328,,0.44,,,,0.1038,0.0231,0.1384,0.3345,0.4959999918937683,0.1269,0.1038,0.3576,0.3691,0.3922,1.1535,2026-08-09
g1-20,Cloyster,normal,Generations,20,Uncommon,Masakazu Fukuda,Stage 1,91,Pokémon,2016/02/22,"tcgplayer,cardmarket",https://prices.pokemontcg.io/tcgplayer/g1-20,https://images.pokemontcg.io/g1/20_hires.png,2026/08/08,2026/06/23,0.31,0.10000000149011612,0.30000001192092896,1000.0,,0.62,,,,0.2653,0.0231,0.1269,1.3381,0.05770000070333481,0.173,0.323,1.3842,1.2689,1.0266,1.1535,2026-08-09
sm6-27,Amaura,normal,Forbidden Light,27,Uncommon,Atsuko Nishida,Stage 1,698,Pokémon,2018/05/04,"tcgplayer,cardmarket",https://prices.pokemontcg.io/tcgplayer/sm6-27,https://images.pokemontcg.io/sm6/27_hires.png,2026/08/08,2026/03/11,1.63,0.7900000214576721,1.75,27.6200008392334,,9.88,,,,5.8713,0.2307,7.267,14.8802,10.381500244140625,7.4747,5.779,3.4605,8.559,5.433,1.1535,2026-08-09
sm2-32,Glalie,normal,Guardians Rising,32,Uncommon,so-taro,Stage 1,362,Pokémon,2017/05/05,"tcgplayer,cardmarket",https://prices.pokemontcg.io/tcgplayer/sm2-32,https://images.pokemontcg.io/sm2/32_hires.png,2026/08/08,2026/03/11,0.2,0.019999999552965164,0.23000000417232513,19.979999542236328,,0.36,,,,0.0923,0.0231,0.0807,0.2884,0.1615000069141388,0.1038,0.0923,0.346,0.2653,0.3576,1.1535,2026-08-09
ex6-28,Primeape,normal,FireRed & LeafGreen,28,Rare,Miki Tanaka,Stage 1,57,Pokémon,2004/09/01,"tcgplayer,cardmarket",https://prices.pokemontcg.io/tcgplayer/ex6-28,https://images.pokemontcg.io/ex6/28_hires.png,2026/08/08,2026/06/27,2.15,1.4700000286102295,3.180000066757202,95.9800033569336,,21.99,,,,1.7764,0.173,1.8341,16.472,1.7302000522613525,1.9148,2.1455,27.6263,11.4312,9.4241,1.1535,2026-08-09
xy8-28,Seaking,normal,BREAKthrough,28,Uncommon,Kyoko Umemoto,Stage 1,119,Pokémon,2015/11/04,"tcgplayer,cardmarket",https://prices.pokemontcg.io/tcgplayer/xy8-28,https://images.pokemontcg.io/xy8/28_hires.png,2026/08/08,2026/05/14,0.2,0.05000000074505806,0.20999999344348907,19.979999542236328,,0.65,,,,0.173,0.0231,0.173,0.6344,0.05770000070333481,0.173,0.173,0.6806,1.6034,0.9574,1.1535,2026-08-09
xy12-26,Slowbro-EX,holofoil,Evolutions,26,Rare Holo EX,Ayaka Yoshida,Basic|EX,80,Pokémon,2016/11/02,"tcgplayer,cardmarket",https://prices.pokemontcg.io/tcgplayer/xy12-26,https://images.pokemontcg.io/xy12/26_hires.png,2026/08/08,2026/06/08,2.96,1.850000023841858,3.140000104904175,9.989999771118164,,,,,,3.6912,0.9228,3.6451,0.0,3.4605000019073486,3.7027,3.5528,2.1801,2.6069,2.4454,1.1535,2026-08-09
bw7-34,Golduck,normal,Boundaries Crossed,34,Uncommon,match,Stage 1,55,Pokémon,2012/11/07,"tcgplayer,cardmarket",https://prices.pokemontcg.io/tcgplayer/bw7-34,https://images.pokemontcg.io/bw7/34_hires.png,2026/08/08,2026/05/14,0.37,0.10000000149011612,0.30000001192092896,19.979999542236328,,4.8,,,,0.2884,0.0231,0.1961,2.2493,0.05770000070333481,0.1269,0.2192,2.2493,1.2689,1.3496,1.1535,2026-08-09
xy1-32,Cloyster,normal,XY,32,Rare,Masakazu Fukuda,Stage 1,91,Pokémon,2014/02/05,"tcgplayer,cardmarket",https://prices.pokemontcg.io/tcgplayer/xy1-32,https://images.pokemontcg.io/xy1/32_hires.png,2026/08/08,2026/03/11,0.5,0.25,0.49000000953674316,19.989999771118164,,1.03,,,,0.7036,0.0577,0.6344,1.0958,0.05770000070333481,0.7036,0.6575,1.0958,1.5342,1.3842,1.1535,2026-08-09
neo1-26,Aipom,unlimited,Neo Genesis,26,Uncommon,Hironobu Yoshida,Basic,190,Pokémon,2000/12/16,"tcgplayer,cardmarket",https://prices.pokemontcg.io/tcgplayer/neo1-26,https://images.pokemontcg.io/neo1/26_hires.png,2026/08/08,2026/07/01,2.24,0.75,2.0,96.94000244140625,,,,,"{""1stEdition"": {""low"": 0.9, ""mid"": 4.77, ""high"": 49.3, ""market"": 4.72, ""directLow"": null}}",1.7072,0.1154,1.4649,0.0,0.6460000276565552,1.9725,1.6956,0.4614,0.4614,0.4614,1.1535,2026-08-09
ecard1-23,Pidgeot,holofoil,Expedition Base Set,23,Rare Holo,Tomokazu Komiya,Stage 2,18,Pokémon,2002/09/15,"tcgplayer,cardmarket",https://prices.pokemontcg.io/tcgplayer/ecard1-23,https://images.pokemontcg.io/ecard1/23_hires.png,2026/08/08,2026/07/01,158.31,124.37999725341797,387.489990234375,1519.800048828125,,69.0,,,,60.5703,9.8048,98.2205,36.9005,56.52149963378906,67.2375,64.446,57.6635,36.243,25.4808,1.1535,2026-08-09
bw4-36,Cubchoo,normal,Next Destinies,36,Common,Atsuko Nishida,Basic,613,Pokémon,2012/02/08,"tcgplayer,cardmarket",https://prices.pokemontcg.io/tcgplayer/bw4-36,https://images.pokemontcg.io/bw4/36_hires.png,2026/08/08,2026/03/11,0.21,0.05000000074505806,0.25,19.979999542236328,,0.82,,,,0.2192,0.0231,0.2884,1.1535,0.20759999752044678,0.2884,0.1846,1.1535,0.6114,0.5306,1.1535,2026-08-09
sm4-24,Corphish,normal,Crimson Invasion,24,Common,Masakazu Fukuda,Basic,341,Pokémon,2017/11/03,"tcgplayer,cardmarket",https://prices.pokemontcg.io/tcgplayer/sm4-24,https://images.pokemontcg.io/sm4/24_hires.png,2026/08/08,2026/06/08,0.16,0.009999999776482582,0.18000000715255737,19.979999542236328,,0.34,,,,0.0692,0.0231,0.0461,0.2768,0.04610000178217888,0.0461,0.0577,0.1154,0.2768,0.2884,1.1535,2026-08-09
xy11-34,Clawitzer,normal,Steam Siege,34,Rare,Mitsuhiro Arita,Stage 1,693,Pokémon,2016/08/03,"tcgplayer,cardmarket",https://prices.pokemontcg.io/tcgplayer/xy11-34,https://images.pokemontcg.io/xy11/34_hires.png,2026/08/08,2026/03/11,0.32,0.10000000149011612,0.3199999928474426,19.979999542236328,,0.39,,,,0.3114,0.0231,0.3576,0.2653,0.57669997215271,0.346,0.3576,0.2307,0.5998,0.5767,1.1535,2026-08-09
ex10-31,Smoochum,normal,Unseen Forces,31,Rare,Yuka Morii,Basic,238,Pokémon,2005/08/01,"tcgplayer,cardmarket",https://prices.pokemontcg.io/tcgplayer/ex10-31,https://images.pokemontcg.io/ex10/31_hires.png,2026/08/08,2026/06/22,17.36,15.0,19.0,179.5,,27.54,,,,3.126,0.346,3.0568,16.149,5.767499923706055,3.1029,3.1837,16.149,19.9209,13.2537,1.1535,2026-08-09
bw10-37,Mesprit,holofoil,Plasma Blast,37,Rare Holo,Ryo Ueda,Basic,481,Pokémon,2013/08/14,"tcgplayer,cardmarket",https://prices.pokemontcg.io/tcgplayer/bw10-37,https://images.pokemontcg.io/bw10/37_hires.png,2026/08/08,2026/03/11,1.78,0.8100000023841858,1.7599999904632568,19.989999771118164,,1.7,,,,2.2263,0.5767,1.9263,2.2955,1.7302000522613525,2.307,2.0302,2.2955,2.9991,2.5608,1.1535,2026-08-09
bw2-25,Basculin,normal,Emerging Powers,25,Uncommon,Akira Komayama,Basic,550,Pokémon,2011/08/31,"tcgplayer,cardmarket",https://prices.pokemontcg.io/tcgplayer/bw2-25,https://images.pokemontcg.io/bw2/25_hires.png,2026/08/08,2026/06/05,0.3,0.10000000149011612,0.33000001311302185,19.979999542236328,,0.99,,,,0.2653,0.0231,0.2538,0.5306,0.05770000070333481,0.2192,0.2076,0.6344,0.4153,0.6229,1.1535,2026-08-09
hgss4-34,Electrode,normal,HS—Triumphant,34,Uncommon,Masakazu Fukuda,Stage 1,101,Pokémon,2010/11/03,"tcgplayer,cardmarket",https://prices.pokemontcg.io/tcgplayer/hgss4-34,https://images.pokemontcg.io/hgss4/34_hires.png,2026/08/08,2026/05/14,0.37,0.15000000596046448,0.38999998569488525,45.0,,4.81,,,,0.3576,0.0346,0.346,3.449,0.28839999437332153,0.2999,0.2999,1.142,2.7338,2.0994,1.1535,2026-08-09
xy5-32,Staryu,normal,Primal Clash,32,Common,Tomokazu Komiya,Basic,120,Pokémon,2015/02/04,"tcgplayer,cardmarket",https://prices.pokemontcg.io/tcgplayer/xy5-32,https://images.pokemontcg.io/xy5/32_hires.png,2026/08/08,2026/03/11,0.32,0.03999999910593033,0.3100000023841858,19.979999542236328,,0.85,,,,0.3576,0.0231,1.1996,1.5918,5.767499923706055,0.819,0.5191,1.4995,1.3957,0.8305,1.1535,2026-08-09
sm7-30,Oricorio,normal,Celestial Storm,30,Uncommon,Naoyo Kimura,Basic,741,Pokémon,2018/08/03,"tcgplayer,cardmarket",https://prices.pokemontcg.io/tcgplayer/sm7-30,https://images.pokemontcg.io/sm7/30_hires.png,2026/08/08,2026/06/08,0.3,0.1899999976158142,0.3499999940395355,19.979999542236328,,0.61,,,,0.346,0.0231,0.346,0.4037,0.219200000166893,0.3345,0.2538,0.7498,0.4037,0.5652,1.1535,2026-08-09
ex13-30,Relicanth,normal,Holon Phantoms,30,Rare,Mitsuhiro Arita,Basic,369,Pokémon,2006/05/01,"tcgplayer,cardmarket",https://prices.pokemontcg.io/tcgplayer/ex13-30,https://images.pokemontcg.io/ex13/30_hires.png,2026/08/08,2026/06/21,2.13,1.0,2.049999952316284,19.979999542236328,,30.0,,,,1.1881,0.2076,1.2919,31.7212,1.0958000421524048,0.9459,1.7995,8.6512,22.9893,13.5536,1.1535,2026-08-09
neo4-31,Chansey,unlimited,Neo Destiny,31,Uncommon,Yuka Morii,Basic,113,Pokémon,2002/02/28,"tcgplayer,cardmarket",https://prices.pokemontcg.io/tcgplayer/neo4-31,https://images.pokemontcg.io/neo4/31_hires.png,2026/08/08,2026/06/29,28.77,27.709999084472656,46.0,299.95001220703125,,,,,"{""1stEdition"": {""low"": 37.0, ""mid"": 49.27, ""high"": 465.99, ""market"": 49.49, ""directLow"": null}}",7.6246,1.1535,7.9245,0.0,8.651200294494629,8.5013,7.9476,0.0,0.0,0.0,1.1535,2026-08-09
xy0-25,Farfetch'd,normal,Kalos Starter Set,25,,Kagemaru Himeno,Basic,83,Pokémon,2013/11/08,"tcgplayer,cardmarket",https://prices.pokemontcg.io/tcgplayer/xy0-25,https://images.pokemontcg.io/xy0/25_hires.png,2026/08/08,2026/06/23,1.95,0.5,1.7000000476837158,27.5,,,,,,2.134,0.0231,2.6646,0.0,2.8261001110076904,2.0532,1.6956,0.0,0.0,0.0,1.1535,2026-08-09
sm10-26,Litten,normal,Unbroken Bonds,26,Common,0313,Basic,725,Pokémon,2019/05/03,"tcgplayer,cardmarket",https://prices.pokemontcg.io/tcgplayer/sm10-26,https://images.pokemontcg.io/sm10/26_hires.png,2026/08/08,2026/03/12,0.31,0.03999999910593033,0.28999999165534973,19.979999542236328,,0.46,,,,0.0923,0.0231,0.0923,0.2768,0.05770000070333481,0.0807,0.0923,0.0923,0.2768,0.346,1.1535,2026-08-09
sm11-25,Heatran-GX,holofoil,Unified Minds,25,Rare Holo GX,PLANETA Tsuji,Basic|GX,485,Pokémon,2019/08/02,"tcgplayer,cardmarket",https://prices.pokemontcg.io/tcgplayer/sm11-25,https://images.pokemontcg.io/sm11/25_hires.png,2026/08/08,2026/05/04,1.94,0.9900000095367432,2.0,25.100000381469727,,,,,,2.3531,0.5652,2.6992,0.0,2.849100112915039,2.4454,2.1224,3.449,4.3487,4.2449,1.1535,2026-08-09
gym2-35,Brock's Primeape,unlimited,Gym Challenge,35,Uncommon,Ken Sugimori,Stage 1,57,Pokémon,2000/10/16,"tcgplayer,cardmarket",https://prices.pokemontcg.io/tcgplayer/gym2-35,https://images.pokemontcg.io/gym2/35_hires.png,2026/08/08,2026/07/01,3.5,1.9900000095367432,3.4100000858306885,38.79999923706055,,,,,"{""1stEdition"": {""low"": 4.0, ""mid"": 7.34, ""high"": 65.4, ""market"": 6.74, ""directLow"": null}}",5.1331,0.5767,5.3868,0.0,2.8261001110076904,5.3522,4.9024,0.0,0.0,0.0,1.1535,2026-08-09
ex2-25,Vaporeon,normal,Sandstorm,25,Rare,Hajime Kusajima,Stage 1,134,Pokémon,2003/09/18,"tcgplayer,cardmarket",https://prices.pokemontcg.io/tcgplayer/ex2-25,https://images.pokemontcg.io/ex2/25_hires.png,2026/08/08,2026/07/01,20.47,16.799999237060547,26.190000534057617,172.33999633789062,,124.99,,,,6.6211,1.1535,7.4401,41.8028,1.8456000089645386,4.5679,7.6246,91.1265,32.8632,20.3823,1.1535,2026-08-09
dp6-25,Deoxys Defense Forme,normal,Legends Awakened,25,Rare,Kazuaki Aihara,Basic,386,Pokémon,2008/08/01,"tcgplayer,cardmarket",https://prices.pokemontcg.io/tcgplayer/dp6-25,https://images.pokemontcg.io/dp6/25_hires.png,2026/08/08,2026/06/22,13.53,3.1500000953674316,6.5,79.5999984741211,,27.5,,,,2.6069,0.4037,4.4179,5.7214,2.306999921798706,4.4871,3.1375,34.605,8.2014,4.8216,1.1535,2026-08-09
pl1-33,Lickilicky,normal,Platinum,33,Rare,Mitsuhiro Arita,Stage 1,463,Pokémon,2009/02/11,"tcgplayer,cardmarket",https://prices.pokemontcg.io/tcgplayer/pl1-33,https://images.pokemontcg.io/pl1/33_hires.png,2026/08/08,2026/03/11,1.6,0.7400000095367432,1.0,19.979999542236328,,6.1,,,,0.6806,0.0231,0.6575,1.1535,1.1419999599456787,0.4845,0.819,1.7187,1.0612,1.9609,1.1535,2026-08-09
bw6-35,Palpitoad,normal,Dragons Exalted,35,Uncommon,Miki Tanaka,Stage 1,536,Pokémon,2012/08/15,"tcgplayer,cardmarket",https://prices.pokemontcg.io/tcgplayer/bw6-35,https://images.pokemontcg.io/bw6/35_hires.png,2026/08/08,2026/03/11,0.29,0.10000000149011612,0.28999999165534973,19.979999542236328,,0.81,,,,0.323,0.0231,0.2884,0.0,0.34599998593330383,0.3114,0.2192,0.5191,0.9574,0.8421,1.1535,2026-08-09
hgss1-36,Blissey,normal,HeartGold & SoulSilver,36,Uncommon,Kanako Eo,Stage 1,242,Pokémon,2010/02/10,"tcgplayer,cardmarket",https://prices.pokemontcg.io/tcgplayer/hgss1-36,https://images.pokemontcg.io/hgss1/36_hires.png,2026/08/08,2026/03/11,2.14,1.0,2.130000114440918,24.8799991607666,,6.5,,,,0.6806,0.0231,0.6806,1.7533,0.03460000082850456,0.7036,0.7152,1.7302,1.7072,1.4765,1.1535,2026-08-09
pl3-29,Honchkrow,normal,Supreme Victors,29,Rare,Mitsuhiro Arita,Stage 1,430,Pokémon,2009/08/19,"tcgplayer,cardmarket",https://prices.pokemontcg.io/tcgplayer/pl3-29,https://images.pokemontcg.io/pl3/29_hires.png,2026/08/08,2026/06/07,1.71,1.100000023841858,1.6100000143051147,25.600000381469727,,4.06,,,,1.2342,0.4614,1.1074,2.134,0.8651000261306763,1.1881,1.0958,3.126,2.4685,2.0302,1.1535,2026-08-09
ecard2-4,Azumarill,normal,Aquapolis,4,Rare,Kagemaru Himeno,Stage 1,184,Pokémon,2003/01/15,"tcgplayer,cardmarket",https://prices.pokemontcg.io/tcgplayer/ecard2-4,https://images.pokemontcg.io/ecard2/4_hires.png,2026/08/08,2026/06/22,31.99,19.989999771118164,24.0,419.8999938964844,,37.87,,,,16.472,0.8651,15.3877,25.7346,10.381500244140625,15.7107,11.362,23.0585,25.3539,15.5261,1.1535,2026-08-09
pl2-28,Mr. Mime E4,normal,Rising Rivals,28,Rare,Mitsuhiro Arita,Basic|SP,122,Pokémon,2009/05/16,"tcgplayer,cardmarket",https://prices.pokemontcg.io/tcgplayer/pl2-28,https://images.pokemontcg.io/pl2/28_hires.png,2026/08/08,2026/06/08,0.94,0.3499999940395355,1.0,19.979999542236328,,10.67,,,,0.3807,0.0577,0.4383,2.5262,0.23070000112056732,0.5191,0.4845,1.1535,2.0532,2.5723,1.1535,2026-08-09
dp2-25,Glalie,normal,Mysterious Treasures,25,Rare,Mitsuhiro Arita,Stage 1,362,Pokémon,2007/08/01,"tcgplayer,cardmarket",https://prices.pokemontcg.io/tcgplayer/dp2-25,https://images.pokemontcg.io/dp2/25_hires.png,2026/08/08,2026/06/26,1.02,0.5699999928474426,1.0,19.979999542236328,,2.2,,,,1.1535,0.0577,1.0958,3.8296,1.003499984741211,1.2689,0.9113,1.488,3.3798,2.7453,1.1535,2026-08-09
bw3-27,Vanillite,normal,Noble Victories,27,Common,Atsuko Nishida,Basic,582,Pokémon,2011/11/16,"tcgplayer,cardmarket",https://prices.pokemontcg.io/tcgplayer/bw3-27,https://images.pokemontcg.io/bw3/27_hires.png,2026/08/08,2026/06/08,0.31,0.14000000059604645,0.30000001192092896,19.979999542236328,,0.75,,,,0.173,0.0231,0.2192,0.819,0.11540000140666962,0.2884,0.173,0.8074,0.9228,0.6575,1.1535,2026-08-09
sm3-28,Alolan Ninetales,normal,Burning Shadows,28,Rare,Mitsuhiro Arita,Stage 1,38,Pokémon,2017/08/05,"tcgplayer,cardmarket",https://prices.pokemontcg.io/tcgplayer/sm3-28,https://images.pokemontcg.io/sm3/28_hires.png,2026/08/08,2026/05/14,1.9,0.9599999785423279,1.9199999570846558,19.979999542236328,,2.66,,,,1.0151,0.0231,1.1304,1.811,1.1419999599456787,1.0497,1.0612,1.0381,1.6034,1.6264,1.1535,2026-08-09
sma-SV25,Zorua,holofoil,Hidden Fates Shiny Vault,SV25,Rare Shiny,Saya Tsuruta,Basic,570,Pokémon,2019/08/23,"tcgplayer,cardmarket",https://prices.pokemontcg.io/tcgplayer/sma-SV25,https://images.pokemontcg.io/sma/SV25_hires.png,2026/08/08,2026/05/19,12.66,10.239999771118164,13.930000305175781,29.989999771118164,,,,,,6.5403,3.1145,6.3442,0.0,6.217400074005127,6.6096,6.9441,5.7675,4.291,5.3407,1.1535,2026-08-09
sm115-33,Geodude,normal,Hidden Fates,33,Common,Ken Sugimori,Basic,74,Pokémon,2019/08/23,"tcgplayer,cardmarket",https://prices.pokemontcg.io/tcgplayer/sm115-33,https://images.pokemontcg.io/sm115/33_hires.png,2026/08/08,2026/04/11,0.06,0.009999999776482582,0.18000000715255737,18.34000015258789,,0.39,,,,0.0577,0.0231,0.0461,0.3576,0.11540000140666962,0.0461,0.0577,0.0461,0.323,0.3345,1.1535,2026-08-09
bw5-26,Kyogre-EX,holofoil,Dark Explorers,26,Rare Holo EX,Shizurow,Basic|EX,382,Pokémon,2012/05/09,"tcgplayer,cardmarket",https://prices.pokemontcg.io/tcgplayer/bw5-26,https://images.pokemontcg.io/bw5/26_hires.png,2026/08/08,2026/06/08,111.35,34.0,101.48999786376953,1499.5999755859375,,,,,,25.1809,1.7302,23.6237,0.0,38.6422004699707,25.4577,20.59,6.8864,8.1091,7.071,1.1535,2026-08-09
dp7-23,Roserade,normal,Stormfront,23,Rare,Mitsuhiro Arita,Stage 1,407,Pokémon,2008/11/01,"tcgplayer,cardmarket",https://prices.pokemontcg.io/tcgplayer/dp7-23,https://images.pokemontcg.io/dp7/23_hires.png,2026/08/08,2026/06/25,1.24,0.9599999785423279,1.2200000286102295,19.979999542236328,,8.47,,,,1.3727,0.0577,1.2689,2.953,0.6690000295639038,1.4995,0.992,1.142,2.2263,1.4073,1.1535,2026-08-09
xy9-23,Shellder,normal,BREAKpoint,23,Common,Kouki Saitou,Basic,90,Pokémon,2016/02/03,"tcgplayer,cardmarket",https://prices.pokemontcg.io/tcgplayer/xy9-23,https://images.pokemontcg.io/xy9/23_hires.png,2026/08/08,2026/06/11,0.06,0.019999999552965164,0.20000000298023224,9.989999771118164,,0.37,,,,0.0923,0.0231,0.2076,0.7382,0.25380000472068787,0.1269,0.1269,1.4419,1.2458,0.7613,1.1535,2026-08-09
ex9-33,Kirlia,normal,Emerald,33,Uncommon,Kagemaru Himeno,Stage 1,281,Pokémon,2005/05/01,"tcgplayer,cardmarket",https://prices.pokemontcg.io/tcgplayer/ex9-33,https://images.pokemontcg.io/ex9/33_hires.png,2026/08/08,2026/06/21,3.27,2.0,3.640000104904175,38.0,,38.12,,,,1.7649,0.1154,1.7418,5.1907,1.1303999423980713,1.7533,1.5342,23.0585,16.3912,14.2457,1.1535,2026-08-09
sm75-31,Wishiwashi,normal,Dragon Majesty,31,Common,Kouki Saitou,Basic,746,Pokémon,2018/09/07,"tcgplayer,cardmarket",https://prices.pokemontcg.io/tcgplayer/sm75-31,https://images.pokemontcg.io/sm75/31_hires.png,2026/08/08,2026/03/11,0.25,0.05000000074505806,0.25,1.4900000095367432,,0.49,,,,0.1154,0.0231,0.1846,1.0612,0.09229999780654907,0.1384,0.15,2.307,1.0497,1.142,1.1535,2026-08-09
hsp-HGSS22,Porygon,holofoil,HGSS Black Star Promos,HGSS22,Promo,TOKIYA,Basic,137,Pokémon,2010/02/10,tcgplayer,https://prices.pokemontcg.io/tcgplayer/hsp-HGSS22,https://images.pokemontcg.io/hsp/HGSS22_hires.png,2026/08/08,,17.16,15.0,25.0,191.5,,,,,,,,,,,,,,,,,2026-08-09
sm35-23,Floatzel,normal,Shining Legends,23,Uncommon,Suwama Chiaki,Stage 1,419,Pokémon,2017/10/06,"tcgplayer,cardmarket",https://prices.pokemontcg.io/tcgplayer/sm35-23,https://images.pokemontcg.io/sm35/23_hires.png,2026/08/08,2026/06/20,0.19,0.029999999329447746,0.20000000298023224,19.979999542236328,,0.32,,,,0.0692,0.0231,0.0923,0.3345,0.05770000070333481,0.0461,0.0692,0.173,0.2999,0.3922,1.1535,2026-08-09
ex4-32,Team Magma's Baltoy,normal,Team Magma vs Team Aqua,32,Uncommon,Atsuko Ujiie,Basic,343,Pokémon,2004/03/01,"tcgplayer,cardmarket",https://prices.pokemontcg.io/tcgplayer/ex4-32,https://images.pokemontcg.io/ex4/32_hires.png,2026/08/08,2026/07/01,1.38,1.0,1.3799999952316284,24.899999618530273,,5.91,,,,0.5421,0.1154,0.8767,2.7453,0.28839999437332153,0.5421,0.8651,1.3611,2.9068,3.945,1.1535,2026-08-09
ex15-22,Seadra δ,normal,Dragon Frontiers,22,Rare,Sachiko Adachi,Stage 1,117,Pokémon,2006/11/01,"tcgplayer,cardmarket",https://prices.pokemontcg.io/tcgplayer/ex15-22,https://images.pokemontcg.io/ex15/22_hires.png,2026/08/08,2026/06/27,2.01,0.8999999761581421,1.9600000381469727,19.979999542236328,,27.05,,,,0.7152,0.0231,0.5075,7.567,1.153499960899353,1.0035,0.8074,5.1907,5.3176,6.7018,1.1535,2026-08-09
base2-24,Pidgeot,unlimited,Jungle,24,Rare,Kagemaru Himeno,Stage 2,18,Pokémon,1999/06/16,"tcgplayer,cardmarket",https://prices.pokemontcg.io/tcgplayer/base2-24,https://images.pokemontcg.io/base2/24_hires.png,2026/08/08,2026/07/01,7.34,2.990000009536743,5.130000114440918,9999.0,,,,,"{""1stEdition"": {""low"": 10.35, ""mid"": 20.0, ""high"": 141.98, ""market"": 20.65, ""directLow"": 139.98}}",6.7018,0.5767,7.3824,0.0,5.732900142669678,7.7746,6.2635,23.07,21.2244,13.5998,1.1535,2026-08-09
dp5-25,Minun,normal,Majestic Dawn,25,Rare,Suwama Chiaki,Basic,312,Pokémon,2008/05/01,"tcgplayer,cardmarket",https://prices.pokemontcg.io/tcgplayer/dp5-25,https://images.pokemontcg.io/dp5/25_hires.png,2026/08/08,2026/06/27,6.42,4.760000228881836,13.4399995803833,149.89999389648438,,15.84,,,,1.2112,0.2307,1.1881,8.2475,2.768399953842163,1.3842,1.3842,2.8838,6.3212,4.3833,1.1535,2026-08-09
mcd12-10,Scraggy,holofoil,McDonald's Collection 2012,10,,Masakazu Fukuda,Basic,559,Pokémon,2012/06/15,"tcgplayer,cardmarket",https://prices.pokemontcg.io/tcgplayer/mcd12-10,https://images.pokemontcg.io/mcd12/10_hires.png,2026/08/08,2026/07/01,18.61,4.25,7.659999847412109,87.9000015258789,,,,,,43.2563,57.6635,29.495,0.0,43.25630187988281,29.3912,21.4897,8.0745,5.7675,5.7675,1.1535,2026-08-09
swsh35-33,Ekans,normal,Champion's Path,33,Common,Uta,Basic,23,Pokémon,2020/09/25,"tcgplayer,cardmarket",https://prices.pokemontcg.io/tcgplayer/swsh35-33,https://images.pokemontcg.io/swsh35/33_hires.png,2026/08/08,2026/06/18,0.22,0.009999999776482582,0.20999999344348907,19.979999542236328,,0.15,,,,0.0577,0.0231,0.0577,0.2768,0.17299999296665192,0.0923,0.0692,0.2307,0.2884,0.2999,1.1535,2026-08-09
swsh3-27,Simisear,normal,Darkness Ablaze,27,Uncommon,0313,Stage 1,514,Pokémon,2020/08/14,"tcgplayer,cardmarket",https://prices.pokemontcg.io/tcgplayer/swsh3-27,https://images.pokemontcg.io/swsh3/27_hires.png,2026/08/08,2026/03/08,0.03,0.009999999776482582,0.17000000178813934,25.030000686645508,,0.23,,,,0.0461,0.0231,0.0461,0.2192,0.05770000070333481,0.0692,0.0807,0.4499,0.323,0.2307,1.1535,2026-08-09
gym1-32,Misty's Tentacool,unlimited,Gym Heroes,32,Rare,Ken Sugimori,Basic,72,Pokémon,2000/08/14,"tcgplayer,cardmarket",https://prices.pokemontcg.io/tcgplayer/gym1-32,https://images.pokemontcg.io/gym1/32_hires.png,2026/08/08,2026/07/01,9.98,7.989999771118164,9.319999694824219,77.80000305175781,,,,,"{""1stEdition"": {""low"": 12.22, ""mid"": 16.17, ""high"": 179.1, ""market"": 15.58, ""directLow"": null}}",13.2191,4.6025,14.3265,0.0,13.842000007629395,11.708,12.4347,9.8048,9.8048,9.8048,1.1535,2026-08-09
bwp-BW21,Emboar,holofoil,BW Black Star Promos,BW21,Promo,5ban Graphics,Stage 2,500,Pokémon,2011/03/01,"tcgplayer,cardmarket",https://prices.pokemontcg.io/tcgplayer/bwp-BW21,https://images.pokemontcg.io/bwp/BW21_hires.png,2026/08/08,2026/06/27,4.6,2.119999885559082,4.039999961853027,33.099998474121094,,,,,,1.9148,0.2307,2.0994,0.0,1.1419999599456787,2.134,1.9494,0.5191,0.5306,0.7844,1.1535,2026-08-09
np-23,Metang,normal,Nintendo Black Star Promos,23,Promo,Mitsuhiro Arita,Stage 1,375,Pokémon,2003/10/01,"tcgplayer,cardmarket",https://prices.pokemontcg.io/tcgplayer/np-23,https://images.pokemontcg.io/np/23_hires.png,2026/03/16,2026/07/01,295.24,200.0,200.0,200.0,,,,,,173.025,288.3519,82.0831,0.0,173.02499389648438,39.2075,33.5092,0.0,0.0,0.0,1.1535,2026-08-09
ex16-24,Wobbuffet,normal,Power Keepers,24,Rare,Masakazu Fukuda,Basic,202,Pokémon,2007/02/02,"tcgplayer,cardmarket",https://prices.pokemontcg.io/tcgplayer/ex16-24,https://images.pokemontcg.io/ex16/24_hires.png,2026/08/08,2026/07/01,1.04,0.5,1.0,19.979999542236328,,22.37,,,,1.165,0.1154,0.7728,5.6175,2.306999921798706,0.7844,1.1304,10.9582,6.8403,7.1056,1.1535,2026-08-09
sm12-35,Volcarona-GX,holofoil,Cosmic Eclipse,35,Rare Holo GX,Hiroyuki Yamamoto,Stage 1|GX,637,Pokémon,2019/11/01,"tcgplayer,cardmarket",https://prices.pokemontcg.io/tcgplayer/sm12-35,https://images.pokemontcg.io/sm12/35_hires.png,2026/08/08,2026/03/11,2.29,1.5,2.3299999237060547,19.989999771118164,,,,,,2.5608,0.7498,2.63,0.0,1.8456000089645386,2.3416,2.3877,2.8722,2.307,2.2032,1.1535,2026-08-09
ecard3-H29,Steelix,holofoil,Skyridge,H29,Rare Holo,Hikaru Koike,Stage 1,208,Pokémon,2003/05/12,"tcgplayer,cardmarket",https://prices.pokemontcg.io/tcgplayer/ecard3-H29,https://images.pokemontcg.io/ecard3/H29_hires.png,2026/08/08,2026/07/01,180.25,151.19000244140625,157.25,163.3000030517578,,,,,,134.2328,23.07,158.6178,0.0,143.03399658203125,134.2328,135.2363,57.6635,31.2599,31.5944,1.1535,2026-08-09
bw9-30,Cryogonal,normal,Plasma Freeze,30,Uncommon,5ban Graphics,Basic|Team Plasma,615,Pokémon,2013/05/08,"tcgplayer,cardmarket",https://prices.pokemontcg.io/tcgplayer/bw9-30,https://images.pokemontcg.io/bw9/30_hires.png,2026/08/08,2026/05/14,0.47,0.05000000074505806,0.4399999976158142,19.979999542236328,,2.12,,,,0.1846,0.0231,0.1961,0.0,0.219200000166893,0.173,0.2307,1.0381,1.4188,1.8225,1.1535,2026-08-09
ex8-33,Lombre,normal,Deoxys,33,Uncommon,Atsuko Nishida,Stage 1,271,Pokémon,2005/02/01,"tcgplayer,cardmarket",https://prices.pokemontcg.io/tcgplayer/ex8-33,https://images.pokemontcg.io/ex8/33_hires.png,2026/08/08,2026/06/22,1.64,1.1299999952316284,1.5499999523162842,19.979999542236328,,22.03,,,,2.6992,0.1154,4.8908,19.8979,1.0958000421524048,1.8917,2.6761,23.07,12.4809,9.4126,1.1535,2026-08-09
ex1-24,Weezing,normal,Ruby & Sapphire,24,Rare,Atsuko Nishida,Stage 1,110,Pokémon,2003/07/01,"tcgplayer,cardmarket",https://prices.pokemontcg.io/tcgplayer/ex1-24,https://images.pokemontcg.io/ex1/24_hires.png,2026/08/08,2026/07/01,1.95,0.6299999952316284,1.4900000095367432,5.0,,11.73,,,,0.646,0.0346,0.496,1.1766,0.12690000236034393,0.3691,0.5652,1.1535,4.9024,3.3336,1.1535,2026-08-09
dp4-27,Primeape,normal,Great Encounters,27,Rare,Kagemaru Himeno,Stage 1,57,Pokémon,2008/02/01,"tcgplayer,cardmarket",https://prices.pokemontcg.io/tcgplayer/dp4-27,https://images.pokemontcg.io/dp4/27_hires.png,2026/08/08,2026/06/27,1.08,0.4000000059604645,0.8999999761581421,19.979999542236328,,3.05,,,,0.4614,0.0231,0.4153,1.1535,0.57669997215271,0.4729,0.5537,1.1535,2.0186,1.7649,1.1535,2026-08-09
smp-SM24,Popplio,holofoil,SM Black Star Promos,SM24,Promo,5ban Graphics,Basic,728,Pokémon,2017/02/03,"tcgplayer,cardmarket",https://prices.pokemontcg.io/tcgplayer/smp-SM24,https://images.pokemontcg.io/smp/SM24_hires.png,2026/08/08,2026/07/01,1.35,0.7099999785423279,1.4900000095367432,19.979999542236328,,,,,,1.5918,0.5767,1.315,0.0,1.153499960899353,1.8802,1.6495,1.7302,1.2689,1.0728,1.1535,2026-08-09
dp3-36,Plusle,normal,Secret Wonders,36,Rare,Masakazu Fukuda,Basic,311,Pokémon,2007/11/01,"tcgplayer,cardmarket",https://prices.pokemontcg.io/tcgplayer/dp3-36,https://images.pokemontcg.io/dp3/36_hires.png,2026/08/08,2026/05/14,3.77,4.0,7.550000190734863,45.79999923706055,,10.0,,,,1.9956,0.1154,1.7187,2.7915,0.34599998593330383,2.0302,1.6264,9.2165,2.6992,3.4259,1.1535,2026-08-09
bw8-31,Ludicolo,normal,Plasma Storm,31,Rare,match,Stage 2,272,Pokémon,2013/02/06,"tcgplayer,cardmarket",https://prices.pokemontcg.io/tcgplayer/bw8-31,https://images.pokemontcg.io/bw8/31_hires.png,2026/08/08,2026/05/14,0.93,0.699999988079071,1.5199999809265137,52.13999938964844,,3.28,,,,0.7382,0.1154,1.3957,0.0,0.5074999928474426,1.7649,1.2458,0.9228,2.6415,1.9956,1.1535,2026-08-09
sm8-31,Combee,normal,Lost Thunder,31,Common,Akira Komayama,Basic,415,Pokémon,2018/11/02,"tcgplayer,cardmarket",https://prices.pokemontcg.io/tcgplayer/sm8-31,https://images.pokemontcg.io/sm8/31_hires.png,2026/08/08,2026/03/11,0.24,0.05000000074505806,0.25,19.979999542236328,,0.45,,,,0.1154,0.0231,0.1269,0.2192,0.08070000261068344,0.1384,0.0923,0.2884,0.4268,0.3807,1.1535,2026-08-09
swsh1-32,Raboot,normal,Sword & Shield,32,Uncommon,Mizue,Stage 1,814,Pokémon,2020/02/07,"tcgplayer,cardmarket",https://prices.pokemontcg.io/tcgplayer/swsh1-32,https://images.pokemontcg.io/swsh1/32_hires.png,2026/08/08,2026/02/24,0.16,0.05000000074505806,0.20000000298023224,2.990000009536743,,0.68,,,,0.1154,0.0231,0.1038,1.1189,0.11540000140666962,0.1384,0.1038,0.3345,1.1996,1.0958,1.1535,2026-08-09
dp1-33,Munchlax,normal,Diamond & Pearl,33,Rare,Ken Sugimori,Basic,446,Pokémon,2007/05/01,"tcgplayer,cardmarket",https://prices.pokemontcg.io/tcgplayer/dp1-33,https://images.pokemontcg.io/dp1/33_hires.png,2026/08/08,2026/06/09,13.77,25.8799991607666,36.970001220703125,199.89999389648438,,39.13,,,,4.4525,0.5767,4.5217,4.7293,1.9033000469207764,3.0914,4.5679,4.2449,4.3718,4.0719,1.1535,2026-08-09
swsh4-29,Talonflame V,holofoil,Vivid Voltage,29,Rare Holo V,Ryota Murayama,Basic|V,663,Pokémon,2020/11/13,"tcgplayer,cardmarket",https://prices.pokemontcg.io/tcgplayer/swsh4-29,https://images.pokemontcg.io/swsh4/29_hires.png,2026/08/08,2026/04/30,0.88,0.5,1.0,50.0,,,,,,1.0958,0.346,1.2458,0.0,1.3841999769210815,1.1535,1.1189,1.3842,2.0532,1.9033,1.1535,2026-08-09
xy2-37,Heliolisk,normal,Flashfire,37,Rare,5ban Graphics,Stage 1,695,Pokémon,2014/05/07,"tcgplayer,cardmarket",https://prices.pokemontcg.io/tcgplayer/xy2-37,https://images.pokemontcg.io/xy2/37_hires.png,2026/08/08,2026/03/08,0.43,0.23000000417232513,0.4300000071525574,19.989999771118164,,0.78,,,,0.6575,0.0231,0.6229,1.4188,0.11540000140666962,0.5883,0.5767,1.1304,0.7959,0.5767,1.1535,2026-08-09
dpp-DP32,Magnezone,holofoil,DP Black Star Promos,DP32,Promo,Kent Kanetsuna,Stage 2,462,Pokémon,2007/05/01,tcgplayer,https://prices.pokemontcg.io/tcgplayer/dpp-DP32,https://images.pokemontcg.io/dpp/DP32_hires.png,2026/08/08,,3.47,3.450000047683716,4.5,59.900001525878906,,,,,,,,,,,,,,,,,2026-08-09
xy4-29,Helioptile,normal,Phantom Forces,29,Common,5ban Graphics,Basic,694,Pokémon,2014/11/05,"tcgplayer,cardmarket",https://prices.pokemontcg.io/tcgplayer/xy4-29,https://images.pokemontcg.io/xy4/29_hires.png,2026/08/08,2026/05/14,0.22,0.03999999910593033,0.23999999463558197,1000.0,,0.48,,,,0.1384,0.0231,0.1038,0.9574,0.10379999876022339,0.1038,0.1846,0.9574,0.8767,0.646,1.1535,2026-08-09
ex11-31,Sunny Castform,normal,Delta Species,31,Rare,Miki Tanaka,Basic,351,Pokémon,2005/10/31,"tcgplayer,cardmarket",https://prices.pokemontcg.io/tcgplayer/ex11-31,https://images.pokemontcg.io/ex11/31_hires.png,2026/08/08,2026/06/22,5.08,3.069999933242798,6.639999866485596,89.30000305175781,,28.9,,,,2.0532,0.5191,1.7302,13.842,2.249300003051758,1.6726,2.48,17.3025,10.7506,9.7817,1.1535,2026-08-09
col1-33,Snorlax,normal,Call of Legends,33,Rare,Kent Kanetsuna,Basic,143,Pokémon,2011/02/09,"tcgplayer,cardmarket",https://prices.pokemontcg.io/tcgplayer/col1-33,https://images.pokemontcg.io/col1/33_hires.png,2026/08/08,2026/05/14,24.59,19.989999771118164,31.3700008392334,389.8999938964844,,75.78,,,,17.2218,2.0648,23.889,34.605,14.418700218200684,15.6761,96.2019,23.07,21.5474,54.5144,1.1535,2026-08-09
hgss2-30,Golbat,normal,HS—Unleashed,30,Uncommon,kawayoo,Stage 1,42,Pokémon,2010/05/12,"tcgplayer,cardmarket",https://prices.pokemontcg.io/tcgplayer/hgss2-30,https://images.pokemontcg.io/hgss2/30_hires.png,2026/08/08,2026/06/05,0.54,0.28999999165534973,0.5400000214576721,2.990000009536743,,13.62,,,,0.3691,0.0231,0.2768,1.3381,0.11540000140666962,0.2999,0.3576,0.4499,1.6264,1.1189,1.1535,2026-08-09
sm9-34,Alolan Geodude,normal,Team Up,34,Common,Yukiko Baba,Basic,74,Pokémon,2019/02/01,"tcgplayer,cardmarket",https://prices.pokemontcg.io/tcgplayer/sm9-34,https://images.pokemontcg.io/sm9/34_hires.png,2026/08/08,2026/03/11,0.22,0.05000000074505806,0.25,19.979999542236328,,0.4,,,,0.15,0.0231,0.1615,0.8421,0.11540000140666962,0.2076,0.1384,0.1038,0.9113,0.5306,1.1535,2026-08-09
ex12-34,Graveler,normal,Legend Maker,34,Uncommon,Sumiyoshi Kizuki,Stage 1,75,Pokémon,2006/02/01,"tcgplayer,cardmarket",https://prices.pokemontcg.io/tcgplayer/ex12-34,https://images.pokemontcg.io/ex12/34_hires.png,2026/08/08,2026/06/11,1.23,0.3400000035762787,1.1799999475479126,62.5,,62.5,,,,0.646,0.0231,0.4153,9.0204,0.6690000295639038,0.496,0.9805,17.3025,8.8589,10.9582,1.1535,2026-08-09
base3-34,Golbat,unlimited,Fossil,34,Uncommon,Kagemaru Himeno,Stage 1,42,Pokémon,1999/10/10,"tcgplayer,cardmarket",https://prices.pokemontcg.io/tcgplayer/base3-34,https://images.pokemontcg.io/base3/34_hires.png,2026/08/08,2026/07/01,0.69,0.1899999976158142,0.5899999737739563,50.0,,,,,"{""1stEdition"": {""low"": 1.4, ""mid"": 5.0, ""high"": 97.36, ""market"": 5.12, ""directLow"": 9.98}}",1.4419,0.0231,1.4303,0.0,1.5571999549865723,1.1996,1.2919,0.0,0.0,0.0,1.1535,2026-08-09
basep-29,Marill,normal,Wizards Black Star Promos,29,Promo,Ken Sugimori,Basic,183,Pokémon,1999/07/01,"tcgplayer,cardmarket",https://prices.pokemontcg.io/tcgplayer/basep-29,https://images.pokemontcg.io/basep/29_hires.png,2026/08/08,2026/07/01,7.23,3.5,7.230000019073486,189.99000549316406,,,,,,6.3789,1.0381,12.9884,0.0,13.842000007629395,12.5501,6.7595,0.0,0.0,0.0,1.1535,2026-08-09
xyp-XY23,Shiftry,holofoil,XY Black Star Promos,XY23,Promo,Sanosuke Sakuma,Stage 2,275,Pokémon,2013/10/12,"tcgplayer,cardmarket",https://prices.pokemontcg.io/tcgplayer/xyp-XY23,https://images.pokemontcg.io/xyp/XY23_hires.png,2026/08/08,2026/05/28,0.74,0.38999998569488525,0.8299999833106995,19.979999542236328,,,,,,1.7187,0.346,1.142,0.0,1.3841999769210815,1.6149,1.6149,1.1535,3.0452,2.4916,1.1535,2026-08-09
base4-33,Arcanine,normal,Base Set 2,33,Uncommon,Ken Sugimori,Stage 1,59,Pokémon,2000/02/24,"tcgplayer,cardmarket",https://prices.pokemontcg.io/tcgplayer/base4-33,https://images.pokemontcg.io/base4/33_hires.png,2026/08/08,2026/07/01,1.95,0.5,1.6100000143051147,37.400001525878906,,,,,,3.6105,0.6575,4.96,0.0,4.602499961853027,5.3984,4.0603,1.9494,1.9494,1.9494,1.1535,2026-08-09
swsh2-26,Ninetales V,holofoil,Rebel Clash,26,Rare Holo V,Saki Hayashiro,Basic|V,38,Pokémon,2020/05/01,"tcgplayer,cardmarket",https://prices.pokemontcg.io/tcgplayer/swsh2-26,https://images.pokemontcg.io/swsh2/26_hires.png,2026/08/08,2026/05/08,6.06,3.25,5.619999885559082,99.0,,,,,,2.8145,1.142,3.0222,0.0,2.3993000984191895,3.0683,2.6877,1.8456,4.96,3.8181,1.1535,2026-08-09
xy7-32,Baltoy,normal,Ancient Origins,32,Common,Ayaka Yoshida,Basic,343,Pokémon,2015/08/12,"tcgplayer,cardmarket",https://prices.pokemontcg.io/tcgplayer/xy7-32,https://images.pokemontcg.io/xy7/32_hires.png,2026/08/08,2026/05/07,0.21,0.009999999776482582,0.25,1000.0,,0.66,,,,0.2422,0.0231,0.3922,1.2689,0.57669997215271,0.2422,0.2422,1.7302,1.4995,1.2689,1.1535,2026-08-09
base1-32,Kadabra,normal,Base,32,Uncommon,Ken Sugimori,Stage 1,64,Pokémon,1999/01/09,"tcgplayer,cardmarket",https://prices.pokemontcg.io/tcgplayer/base1-32,https://images.pokemontcg.io/base1/32_hires.png,2026/08/08,2026/07/01,2.16,0.4000000059604645,1.1200000047683716,9999.0,,,,,,23.4853,2.8838,24.2581,0.0,23.046899795532227,25.1002,18.9866,0.0,0.0,0.0,1.1535,2026-08-09
neo2-24,Houndour,unlimited,Neo Discovery,24,Rare,Aya Kusube,Basic,228,Pokémon,2001/06/01,"tcgplayer,cardmarket",https://prices.pokemontcg.io/tcgplayer/neo2-24,https://images.pokemontcg.io/neo2/24_hires.png,2026/08/08,2026/07/01,14.76,9.989999771118164,14.850000381469727,109.4000015258789,,,,,"{""1stEdition"": {""low"": 13.92, ""mid"": 16.97, ""high"": 155.4, ""market"": 27.72, ""directLow"": null}}",18.0407,1.1535,16.9218,0.0,13.784299850463867,12.7692,13.7728,2.1916,12.7346,9.9893,1.1535,2026-08-09
dc1-23,Aqua Diffuser,normal,Double Crisis,23,Uncommon,Toyste Beach,Pokémon Tool,,Trainer,2015/03/25,"tcgplayer,cardmarket",https://prices.pokemontcg.io/tcgplayer/dc1-23,https://images.pokemontcg.io/dc1/23_hires.png,2026/08/08,2026/06/27,0.68,0.2199999988079071,0.5799999833106995,19.979999542236328,,1.83,,,,2.4339,0.346,2.4339,2.7684,2.237799882888794,2.6761,2.1801,2.8838,4.7293,6.1712,1.1535,2026-08-09
xy6-30,Shuppet,normal,Roaring Skies,30,Common,Yukiko Baba,Basic,353,Pokémon,2015/05/06,"tcgplayer,cardmarket",https://prices.pokemontcg.io/tcgplayer/xy6-30,https://images.pokemontcg.io/xy6/30_hires.png,2026/08/08,2026/05/14,0.41,0.10000000149011612,0.3100000023841858,19.979999542236328,,0.75,,,,0.15,0.0231,0.15,0.9343,0.11540000140666962,0.15,0.15,1.1535,0.8305,0.5998,1.1535,2026-08-09
bw11-35,Empoleon,normal,Legendary Treasures,35,Rare,kawayoo,Stage 2,395,Pokémon,2013/11/06,"tcgplayer,cardmarket",https://prices.pokemontcg.io/tcgplayer/bw11-35,https://images.pokemontcg.io/bw11/35_hires.png,2026/08/08,2026/03/11,6.56,2.490000009536743,6.559999942779541,95.98999786376953,,10.02,,,,4.4756,1.1535,4.2103,0.0,5.75600004196167,4.8447,3.449,9.228,13.2191,8.3283,1.1535,2026-08-09
pl4-33,Bronzong,normal,Arceus,33,Uncommon,Masakazu Fukuda,Stage 1,437,Pokémon,2009/11/04,"tcgplayer,cardmarket",https://prices.pokemontcg.io/tcgplayer/pl4-33,https://images.pokemontcg.io/pl4/33_hires.png,2026/08/08,2026/05/14,0.4,0.10000000149011612,0.3799999952316284,19.979999542236328,,1.21,,,,0.2538,0.0231,0.2422,0.4268,0.023099999874830246,0.2192,0.2422,1.1535,0.7844,3.6335,1.1535,2026-08-09
ex14-30,Charmeleon δ,normal,Crystal Guardians,30,Uncommon,Mitsuhiro Arita,Stage 1,5,Pokémon,2006/08/01,"tcgplayer,cardmarket",https://prices.pokemontcg.io/tcgplayer/ex14-30,https://images.pokemontcg.io/ex14/30_hires.png,2026/08/08,2026/06/22,6.84,2.0,6.630000114440918,50.20000076293945,,60.0,,,,2.3877,0.1154,1.9033,40.4879,0.57669997215271,2.5262,2.3647,11.5235,36.1276,32.5748,1.1535,2026-08-09
base5-29,Dark Slowbro,unlimited,Team Rocket,29,Rare,Mitsuhiro Arita,Stage 1,80,Pokémon,2000/04/24,"tcgplayer,cardmarket",https://prices.pokemontcg.io/tcgplayer/base5-29,https://images.pokemontcg.io/base5/29_hires.png,2026/08/08,2026/07/01,11.11,5.25,9.319999694824219,86.52999877929688,,,,,"{""1stEdition"": {""low"": 9.51, ""mid"": 16.8, ""high"": 99.99, ""market"": 18.26, ""directLow"": 26.49}}",11.2582,2.8838,9.5856,0.0,6.9095001220703125,9.1011,10.5315,5.7675,8.2129,5.3868,1.1535,2026-08-09
ex6-29,Scyther,normal,FireRed & LeafGreen,29,Rare,Kouki Saitou,Basic,123,Pokémon,2004/09/01,"tcgplayer,cardmarket",https://prices.pokemontcg.io/tcgplayer/ex6-29,https://images.pokemontcg.io/ex6/29_hires.png,2026/08/08,2026/06/27,4.09,2.680000066757202,5.949999809265137,91.04000091552734,,86.13,,,,4.118,0.5537,4.3026,16.2644,2.676100015640259,5.3638,3.5874,20.7053,15.0301,16.9565,1.1535,2026-08-09
hgss4-35,Haunter,normal,HS—Triumphant,35,Uncommon,Takashi Yamaguchi,Stage 1,93,Pokémon,2010/11/03,"tcgplayer,cardmarket",https://prices.pokemontcg.io/tcgplayer/hgss4-35,https://images.pokemontcg.io/hgss4/35_hires.png,2026/08/08,2026/05/14,12.19,4.0,10.5,96.54000091552734,,89.99,,,,1.1074,0.0461,0.9689,20.1863,1.153499960899353,0.8997,1.1881,17.3025,16.2759,13.0576,1.1535,2026-08-09
ex4-33,Team Magma's Claydol,normal,Team Magma vs Team Aqua,33,Uncommon,Zu-Ka,Stage 1,344,Pokémon,2004/03/01,"tcgplayer,cardmarket",https://prices.pokemontcg.io/tcgplayer/ex4-33,https://images.pokemontcg.io/ex4/33_hires.png,2026/08/08,2026/07/01,0.87,0.3499999940395355,0.8700000047683716,19.979999542236328,,5.47,,,,0.7152,0.0577,0.7267,3.1491,0.51910001039505,0.7267,0.5998,2.2493,3.2529,5.1907,1.1535,2026-08-09
sm12-36,Litleo,normal,Cosmic Eclipse,36,Common,HYOGONOSUKE,Basic,667,Pokémon,2019/11/01,"tcgplayer,cardmarket",https://prices.pokemontcg.io/tcgplayer/sm12-36,https://images.pokemontcg.io/sm12/36_hires.png,2026/08/08,2026/03/11,0.16,0.009999999776482582,0.20000000298023224,19.979999542236328,,0.44,,,,0.0692,0.0231,0.0923,0.5191,0.11540000140666962,0.0807,0.0807,0.6229,0.5306,0.5191,1.1535,2026-08-09
base6-29,Mewtwo,normal,Legendary Collection,29,Rare,Christopher Rush,Basic,150,Pokémon,2002/05/24,"tcgplayer,cardmarket",https://prices.pokemontcg.io/tcgplayer/base6-29,https://images.pokemontcg.io/base6/29_hires.png,2026/08/08,2026/07/01,44.01,27.739999771118164,46.220001220703125,507.5,,975.0,,,,25.5616,10.37,18.1676,378.9248,11.53499984741211,24.2927,36.6467,460.2465,346.2115,415.0408,1.1535,2026-08-09
base2-25,Pinsir,unlimited,Jungle,25,Rare,Kagemaru Himeno,Basic,127,Pokémon,1999/06/16,"tcgplayer,cardmarket",https://prices.pokemontcg.io/tcgplayer/base2-25,https://images.pokemontcg.io/base2/25_hires.png,2026/08/08,2026/07/01,5.06,1.9900000095367432,3.9800000190734863,9999.0,,,,,"{""1stEdition"": {""low"": 11.0, ""mid"": 20.0, ""high"": 9999.0, ""market"": 18.55, ""directLow"": 27.13}}",6.1251,0.4037,6.598,0.0,6.332699775695801,7.267,6.3212,2.307,8.7205,7.2094,1.1535,2026-08-09
swsh35-34,Arbok,normal,Champion's Path,34,Uncommon,nagimiso,Stage 1,24,Pokémon,2020/09/25,"tcgplayer,cardmarket",https://prices.pokemontcg.io/tcgplayer/swsh35-34,https://images.pokemontcg.io/swsh35/34_hires.png,2026/08/08,2026/03/11,0.2,0.019999999552965164,0.2199999988079071,17.979999542236328,,0.17,,,,0.0923,0.0231,0.1038,0.3114,0.11540000140666962,0.1038,0.0923,0.3114,0.3345,0.3345,1.1535,2026-08-09
bw2-26,Ducklett,normal,Emerging Powers,26,Common,MAHOU,Basic,580,Pokémon,2011/08/31,"tcgplayer,cardmarket",https://prices.pokemontcg.io/tcgplayer/bw2-26,https://images.pokemontcg.io/bw2/26_hires.png,2026/08/08,2026/06/05,0.32,0.09000000357627869,0.30000001192092896,19.979999542236328,,3.78,,,,0.15,0.0231,0.1615,0.4499,0.1615000069141388,0.173,0.173,0.5537,1.0381,0.9689,1.1535,2026-08-09
gym1-33,Rocket's Snorlax,unlimited,Gym Heroes,33,Rare,Shin-ichi Yoshida,Basic,143,Pokémon,2000/08/14,"tcgplayer,cardmarket",https://prices.pokemontcg.io/tcgplayer/gym1-33,https://images.pokemontcg.io/gym1/33_hires.png,2026/08/08,2026/06/29,60.56,42.09000015258789,53.400001525878906,300.57000732421875,,,,,"{""1stEdition"": {""low"": 131.29, ""mid"": 877.49, ""high"": 1778.58, ""market"": 171.62, ""directLow"": null}}",61.6084,16.149,77.4575,0.0,51.907501220703125,75.6119,51.4,8.063,7.267,7.267,1.1535,2026-08-09
dp2-26,Gyarados,normal,Mysterious Treasures,26,Rare,Mitsuhiro Arita,Stage 1,130,Pokémon,2007/08/01,"tcgplayer,cardmarket",https://prices.pokemontcg.io/tcgplayer/dp2-26,https://images.pokemontcg.io/dp2/26_hires.png,2026/08/08,2026/06/22,11.0,9.359999656677246,15.3100004196167,141.6999969482422,,34.81,,,,3.0683,0.2884,2.953,5.2023,0.9804999828338623,2.2724,2.2147,3.449,5.7329,7.3247,1.1535,2026-08-09
pl3-30,Lickilicky C,normal,Supreme Victors,30,Rare,kawayoo,Basic|SP,463,Pokémon,2009/08/19,"tcgplayer,cardmarket",https://prices.pokemontcg.io/tcgplayer/pl3-30,https://images.pokemontcg.io/pl3/30_hires.png,2026/08/08,2026/06/07,6.95,4.289999961853027,10.670000076293945,96.72000122070312,,9.59,,,,3.3221,1.0381,3.5066,2.7799,1.6726000308990479,3.5758,3.3451,2.0994,4.2333,3.8412,1.1535,2026-08-09
swsh4-30,Vaporeon,normal,Vivid Voltage,30,Rare,kodama,Stage 1,134,Pokémon,2020/11/13,"tcgplayer,cardmarket",https://prices.pokemontcg.io/tcgplayer/swsh4-30,https://images.pokemontcg.io/swsh4/30_hires.png,2026/08/08,2026/03/11,0.49,0.10000000149011612,0.47999998927116394,999.989990234375,,0.9,,,,0.819,0.0231,0.5075,1.0612,0.5421000123023987,0.3691,0.7036,0.5767,0.6114,0.9228,1.1535,2026-08-09
bw4-37,Beartic,normal,Next Destinies,37,Rare,kawayoo,Stage 1,614,Pokémon,2012/02/08,"tcgplayer,cardmarket",https://prices.pokemontcg.io/tcgplayer/bw4-37,https://images.pokemontcg.io/bw4/37_hires.png,2026/08/08,2026/03/11,0.85,0.38999998569488525,0.8299999833106995,34.9900016784668,,1.89,,,,1.4995,0.0231,1.0728,0.5191,0.6460000276565552,1.1881,0.7959,0.5191,1.2342,1.5111,1.1535,2026-08-09
sm10-27,Litten,normal,Unbroken Bonds,27,Common,Atsuko Nishida,Basic,725,Pokémon,2019/05/03,"tcgplayer,cardmarket",https://prices.pokemontcg.io/tcgplayer/sm10-27,https://images.pokemontcg.io/sm10/27_hires.png,2026/08/08,2026/03/12,0.36,0.019999999552965164,0.3400000035762787,10.0,,0.49,,,,0.1154,0.0231,0.1384,0.5537,0.05770000070333481,0.1269,0.1269,0.5767,0.5075,0.4729,1.1535,2026-08-09
swshp-SWSH024,Coalossal,holofoil,SWSH Black Star Promos,SWSH024,Promo,Kouki Saitou,Stage 2,839,Pokémon,2019/11/15,"tcgplayer,cardmarket",https://prices.pokemontcg.io/tcgplayer/swshp-SWSH024,https://images.pokemontcg.io/swshp/SWSH024_hires.png,2026/08/08,2026/05/14,32.72,30.0,34.470001220703125,400.0,,,,,,8.0514,4.0373,8.2014,0.0,8.07450008392334,9.4472,9.4472,4.5448,6.3096,7.5439,1.1535,2026-08-09
neo4-32,Dark Croconaw,unlimited,Neo Destiny,32,Uncommon,Shin-ichi Yoshida,Stage 1,159,Pokémon,2002/02/28,"tcgplayer,cardmarket",https://prices.pokemontcg.io/tcgplayer/neo4-32,https://images.pokemontcg.io/neo4/32_hires.png,2026/08/08,2026/06/29,5.34,3.25,5.53000020980835,58.29999923706055,,,,,"{""1stEdition"": {""low"": 16.0, ""mid"": 18.08, ""high"": 169.9, ""market"": 16.24, ""directLow"": null}}",8.3629,0.8074,7.74,0.0,6.86329984664917,8.8127,8.2937,0.0,0.0,0.0,1.1535,2026-08-09
sm75-32,Trapinch,normal,Dragon Majesty,32,Common,Naoyo Kimura,Basic,328,Pokémon,2018/09/07,"tcgplayer,cardmarket",https://prices.pokemontcg.io/tcgplayer/sm75-32,https://images.pokemontcg.io/sm75/32_hires.png,2026/08/08,2026/03/11,0.26,0.03999999910593033,0.25,19.979999542236328,,0.62,,,,0.1154,0.0231,0.1615,0.8421,0.10379999876022339,0.1154,0.1615,0.2307,0.5998,0.8536,1.1535,2026-08-09
base3-35,Golduck,unlimited,Fossil,35,Uncommon,Kagemaru Himeno,Stage 1,55,Pokémon,1999/10/10,"tcgplayer,cardmarket",https://prices.pokemontcg.io/tcgplayer/base3-35,https://images.pokemontcg.io/base3/35_hires.png,2026/08/08,2026/07/01,1.84,0.25,0.8100000023841858,17.540000915527344,,,,,"{""1stEdition"": {""low"": 2.0, ""mid"": 6.0, ""high"": 96.95, ""market"": 6.59, ""directLow"": 2.86}}",2.6646,0.0577,5.2715,0.0,2.9990999698638916,8.7781,4.4986,1.1535,0.4729,0.4729,1.1535,2026-08-09
sm9-35,Alolan Geodude,normal,Team Up,35,Common,Yuka Morii,Basic,74,Pokémon,2019/02/01,"tcgplayer,cardmarket",https://prices.pokemontcg.io/tcgplayer/sm9-35,https://images.pokemontcg.io/sm9/35_hires.png,2026/08/08,2026/03/11,0.75,0.25,0.7900000214576721,19.979999542236328,,4.19,,,,0.2307,0.0231,0.346,0.6575,0.17299999296665192,0.2538,0.2076,0.3345,0.7613,0.5191,1.1535,2026-08-09
smp-SM25,Lurantis,holofoil,SM Black Star Promos,SM25,Promo,Mitsuhiro Arita,Stage 1,754,Pokémon,2017/02/03,"tcgplayer,cardmarket",https://prices.pokemontcg.io/tcgplayer/smp-SM25,https://images.pokemontcg.io/smp/SM25_hires.png,2026/08/08,2026/06/08,3.7,1.2100000381469727,2.740000009536743,29.639999389648438,,,,,,1.9725,0.173,1.7302,0.0,0.57669997215271,1.2804,1.4073,1.1535,0.7152,0.7152,1.1535,2026-08-09
sm11-26,Victini,holofoil,Unified Minds,26,Rare Holo,Mizue,Basic,494,Pokémon,2019/08/02,"tcgplayer,cardmarket",https://prices.pokemontcg.io/tcgplayer/sm11-26,https://images.pokemontcg.io/sm11/26_hires.png,2026/08/08,2026/05/04,1.65,0.8799999952316284,1.649999976158142,19.979999542236328,,1.37,,,,1.1996,0.1154,1.2919,1.4765,2.306999921798706,1.5688,1.3727,1.488,1.4765,1.6726,1.1535,2026-08-09
xy4-30,Heliolisk,holofoil,Phantom Forces,30,Rare Holo,Kouki Saitou,Stage 1,695,Pokémon,2014/11/05,"tcgplayer,cardmarket",https://prices.pokemontcg.io/tcgplayer/xy4-30,https://images.pokemontcg.io/xy4/30_hires.png,2026/08/08,2026/03/11,0.56,0.25,0.550000011920929,24.989999771118164,,0.54,,,,0.8536,0.2076,0.8767,0.0,1.1419999599456787,0.7959,0.9228,1.142,1.5918,1.142,1.1535,2026-08-09
bw7-35,Golduck,normal,Boundaries Crossed,35,Rare,Kagemaru Himeno,Stage 1,55,Pokémon,2012/11/07,"tcgplayer,cardmarket",https://prices.pokemontcg.io/tcgplayer/bw7-35,https://images.pokemontcg.io/bw7/35_hires.png,2026/08/08,2026/05/14,0.7,0.44999998807907104,0.8100000023841858,19.979999542236328,,3.22,,,,0.4614,0.1154,0.4499,3.3221,0.46140000224113464,0.6229,0.5998,4.2218,2.8261,2.1801,1.1535,2026-08-09
ecard1-24,Poliwrath,holofoil,Expedition Base Set,24,Rare Holo,Yuka Morii,Stage 2,62,Pokémon,2002/09/15,"tcgplayer,cardmarket",https://prices.pokemontcg.io/tcgplayer/ecard1-24,https://images.pokemontcg.io/ecard1/24_hires.png,2026/08/08,2026/07/01,72.49,172.19000244140625,749.9600219726562,749.969970703125,,59.0,,,,27.2918,5.7675,24.3619,15.6876,5.190700054168701,26.4382,44.1906,27.5686,19.0904,20.9706,1.1535,2026-08-09
sm2-33,Vanillite,normal,Guardians Rising,33,Common,OOYAMA,Basic,582,Pokémon,2017/05/05,"tcgplayer,cardmarket",https://prices.pokemontcg.io/tcgplayer/sm2-33,https://images.pokemontcg.io/sm2/33_hires.png,2026/08/08,2026/03/11,0.2,0.009999999776482582,0.23999999463558197,19.979999542236328,,0.42,,,,0.0577,0.0231,0.0692,0.2768,0.05770000070333481,0.0692,0.0692,0.173,0.2768,0.2999,1.1535,2026-08-09
sm35-24,Palkia,holofoil,Shining Legends,24,Rare Holo,Eske Yoshinob,Basic,484,Pokémon,2017/10/06,"tcgplayer,cardmarket",https://prices.pokemontcg.io/tcgplayer/sm35-24,https://images.pokemontcg.io/sm35/24_hires.png,2026/08/08,2026/05/17,0.44,0.18000000715255737,0.44999998807907104,4.0,,0.65,,,,0.3922,0.0461,0.323,0.8074,0.28839999437332153,0.2884,0.4153,0.346,0.669,0.8767,1.1535,2026-08-09
xyp-XY24,Greninja,holofoil,XY Black Star Promos,XY24,Promo,Akira Komayama,Stage 2,658,Pokémon,2013/10/12,"tcgplayer,cardmarket",https://prices.pokemontcg.io/tcgplayer/xyp-XY24,https://images.pokemontcg.io/xyp/XY24_hires.png,2026/08/08,2026/05/28,95.0,64.2300033569336,399.95001220703125,429.5,,,,,,61.4815,92.1531,57.7557,0.0,69.15229797363281,60.1204,42.5641,17.2448,11.5004,8.6628,1.1535,2026-08-09
pl1-34,Ludicolo,normal,Platinum,34,Rare,Kagemaru Himeno,Stage 2,272,Pokémon,2009/02/11,"tcgplayer,cardmarket",https://prices.pokemontcg.io/tcgplayer/pl1-34,https://images.pokemontcg.io/pl1/34_hires.png,2026/08/08,2026/03/11,2.01,1.590000033378601,1.7300000190734863,30.5,,8.71,,,,1.8571,0.173,1.6956,3.2413,0.3806999921798706,1.8225,1.3265,1.1535,2.3647,2.2724,1.1535,2026-08-09
sma-SV26,Guzzlord,holofoil,Hidden Fates Shiny Vault,SV26,Rare Shiny,Masakazu Fukuda,Basic|Ultra Beast,799,Pokémon,2019/08/23,"tcgplayer,cardmarket",https://prices.pokemontcg.io/tcgplayer/sma-SV26,https://images.pokemontcg.io/sma/SV26_hires.png,2026/08/08,2026/05/19,5.4,3.9100000858306885,5.989999771118164,96.94999694824219,,,,,,3.4605,1.7187,3.5297,0.0,4.025700092315674,3.6681,3.4144,2.8838,2.3185,3.6566,1.1535,2026-08-09
bw8-32,Carvanha,normal,Plasma Storm,32,Common,Mitsuhiro Arita,Basic,318,Pokémon,2013/02/06,"tcgplayer,cardmarket",https://prices.pokemontcg.io/tcgplayer/bw8-32,https://images.pokemontcg.io/bw8/32_hires.png,2026/08/08,2026/05/14,0.23,0.05999999865889549,0.25,1000.0,,0.62,,,,0.1038,0.0231,0.1384,1.142,0.4383000135421753,0.15,0.1038,0.2076,0.9113,0.7959,1.1535,2026-08-09
bw10-38,Azelf,normal,Plasma Blast,38,Rare,Naoyo Kimura,Basic,482,Pokémon,2013/08/14,"tcgplayer,cardmarket",https://prices.pokemontcg.io/tcgplayer/bw10-38,https://images.pokemontcg.io/bw10/38_hires.png,2026/08/08,2026/03/11,0.41,0.25,0.49000000953674316,19.979999542236328,,3.21,,,,0.7382,0.2307,0.5767,0.0,0.17299999296665192,0.7152,0.7728,1.7302,1.4188,1.6956,1.1535,2026-08-09
base1-33,Kakuna,normal,Base,33,Uncommon,Keiji Kinebuchi,Stage 1,14,Pokémon,1999/01/09,"tcgplayer,cardmarket",https://prices.pokemontcg.io/tcgplayer/base1-33,https://images.pokemontcg.io/base1/33_hires.png,2026/08/08,2026/07/01,1.86,0.3499999940395355,0.9700000286102295,16.799999237060547,,,,,,3.1952,1.1535,2.7799,0.0,2.249300003051758,6.4481,11.0621,0.0,0.0,0.0,1.1535,2026-08-09
base4-34,Butterfree,normal,Base Set 2,34,Uncommon,Kagemaru Himeno,Stage 2,12,Pokémon,2000/02/24,"tcgplayer,cardmarket",https://prices.pokemontcg.io/tcgplayer/base4-34,https://images.pokemontcg.io/base4/34_hires.png,2026/08/08,2026/07/01,1.57,0.5,1.5,19.979999542236328,,,,,,2.5838,0.346,2.307,0.0,2.237799882888794,2.134,2.5608,0.7498,0.7498,0.7498,1.1535,2026-08-09
swsh2-27,Growlithe,normal,Rebel Clash,27,Common,Ryota Murayama,Basic,58,Pokémon,2020/05/01,"tcgplayer,cardmarket",https://prices.pokemontcg.io/tcgplayer/swsh2-27,https://images.pokemontcg.io/swsh2/27_hires.png,2026/08/08,2026/05/08,0.22,0.05000000074505806,0.2199999988079071,19.979999542236328,,0.56,,,,0.0807,0.0231,0.1038,0.2999,0.023099999874830246,0.0577,0.0807,0.2884,0.323,0.3345,1.1535,2026-08-09
swsh1-33,Raboot,normal,Sword & Shield,33,Uncommon,Akira Komayama,Stage 1,814,Pokémon,2020/02/07,"tcgplayer,cardmarket",https://prices.pokemontcg.io/tcgplayer/swsh1-33,https://images.pokemontcg.io/swsh1/33_hires.png,2026/08/08,2026/02/24,0.07,0.03999999910593033,0.20000000298023224,19.979999542236328,,0.72,,,,0.1154,0.0231,0.1154,0.3691,0.11540000140666962,0.0807,0.1038,0.346,0.8305,1.3727,1.1535,2026-08-09
dc1-24,Magma Pointer,normal,Double Crisis,24,Uncommon,Toyste Beach,Pokémon Tool,,Trainer,2015/03/25,"tcgplayer,cardmarket",https://prices.pokemontcg.io/tcgplayer/dc1-24,https://images.pokemontcg.io/dc1/24_hires.png,2026/08/08,2026/06/27,0.54,0.20000000298023224,0.47999998927116394,19.979999542236328,,1.73,,,,3.7835,0.5652,2.9068,4.614,3.4028000831604004,2.7107,1.9725,4.614,5.8252,6.0559,1.1535,2026-08-09
ex2-26,Wobbuffet,normal,Sandstorm,26,Rare,Atsuko Nishida,Basic,202,Pokémon,2003/09/18,"tcgplayer,cardmarket",https://prices.pokemontcg.io/tcgplayer/ex2-26,https://images.pokemontcg.io/ex2/26_hires.png,2026/08/08,2026/07/01,1.5,1.4199999570846558,2.0,26.350000381469727,,40.0,,,,1.9263,0.173,2.5262,4.5448,0.6114000082015991,2.6992,1.5111,17.291,7.3593,4.4294,1.1535,2026-08-09
g1-21,Krabby,normal,Generations,21,Common,kirisAki,Basic,98,Pokémon,2016/02/22,"tcgplayer,cardmarket",https://prices.pokemontcg.io/tcgplayer/g1-21,https://images.pokemontcg.io/g1/21_hires.png,2026/08/08,2026/06/23,0.2,0.05000000074505806,0.23000000417232513,1000.0,,0.86,,,,0.173,0.0231,0.1961,0.7382,0.4499000012874603,0.1269,0.1615,0.8651,0.7959,1.0151,1.1535,2026-08-09
ex7-32,Dark Dragonair,normal,Team Rocket Returns,32,Uncommon,Tomoaki Imakuni,Stage 1,148,Pokémon,2004/11/01,"tcgplayer,cardmarket",https://prices.pokemontcg.io/tcgplayer/ex7-32,https://images.pokemontcg.io/ex7/32_hires.png,2026/08/08,2026/06/22,25.33,20.0,29.989999771118164,265.5,,220.0,,,,9.6894,3.4605,12.5847,118.1761,7.497700214385986,9.4587,12.1348,80.7335,91.9224,56.0024,1.1535,2026-08-09
xy5-33,Mudkip,normal,Primal Clash,33,Common,Aya Kusube,Basic,258,Pokémon,2015/02/04,"tcgplayer,cardmarket",https://prices.pokemontcg.io/tcgplayer/xy5-33,https://images.pokemontcg.io/xy5/33_hires.png,2026/08/08,2026/03/11,0.46,0.20000000298023224,0.46000000834465027,9.989999771118164,,3.68,,,,0.5537,0.0231,1.4188,3.8527,8.07450008392334,1.5572,0.7152,6.0559,2.2724,2.1916,1.1535,2026-08-09
xy12-27,M Slowbro-EX,holofoil,Evolutions,27,Rare Holo EX,5ban Graphics,MEGA|EX,80,Pokémon,2016/11/02,"tcgplayer,cardmarket",https://prices.pokemontcg.io/tcgplayer/xy12-27,https://images.pokemontcg.io/xy12/27_hires.png,2026/08/08,2026/06/08,8.1,6.0,9.260000228881836,193.8000030517578,,,,,,9.574,2.307,9.1934,0.0,8.939599990844727,9.4933,9.4587,3.2183,4.6486,5.1677,1.1535,2026-08-09
sm3-29,Horsea,normal,Burning Shadows,29,Common,Saya Tsuruta,Basic,116,Pokémon,2017/08/05,"tcgplayer,cardmarket",https://prices.pokemontcg.io/tcgplayer/sm3-29,https://images.pokemontcg.io/sm3/29_hires.png,2026/08/08,2026/05/14,0.22,0.029999999329447746,0.23000000417232513,19.979999542236328,,0.37,,,,0.0807,0.0231,0.0807,0.3114,0.06920000165700912,0.0807,0.0807,0.2307,0.346,0.3691,1.1535,2026-08-09
sm5-33,Prinplup,normal,Ultra Prism,33,Uncommon,Mizue,Stage 1,394,Pokémon,2018/02/02,"tcgplayer,cardmarket",https://prices.pokemontcg.io/tcgplayer/sm5-33,https://images.pokemontcg.io/sm5/33_hires.png,2026/08/08,2026/03/11,0.19,0.029999999329447746,0.25999999046325684,18.65999984741211,,0.3,,,,0.1038,0.0231,0.1384,0.6344,0.023099999874830246,0.1038,0.1269,0.8651,0.6575,0.496,1.1535,2026-08-09
xy1-33,Staryu,normal,XY,33,Common,Sumiyoshi Kizuki,Basic,120,Pokémon,2014/02/05,"tcgplayer,cardmarket",https://prices.pokemontcg.io/tcgplayer/xy1-33,https://images.pokemontcg.io/xy1/33_hires.png,2026/08/08,2026/03/11,0.24,0.07999999821186066,0.25,1000.0,,0.74,,,,0.1384,0.0231,0.1615,0.669,0.023099999874830246,0.173,0.1269,0.5767,0.6344,0.6806,1.1535,2026-08-09
sm1-32,Poliwrath,holofoil,Sun & Moon,32,Rare Holo,Midori Harada,Stage 2,62,Pokémon,2017/02/03,"tcgplayer,cardmarket",https://prices.pokemontcg.io/tcgplayer/sm1-32,https://images.pokemontcg.io/sm1/32_hires.png,2026/08/08,2026/03/11,0.65,0.25,0.6299999952316284,2.890000104904175,,0.9,,,,0.7728,0.173,0.8997,1.4188,1.0266000032424927,0.7382,0.9574,1.0381,1.3842,1.4649,1.1535,2026-08-09
ecard3-H30,Umbreon,holofoil,Skyridge,H30,Rare Holo,Atsuko Nishida,Stage 1,197,Pokémon,2003/05/12,"tcgplayer,cardmarket",https://prices.pokemontcg.io/tcgplayer/ecard3-H30,https://images.pokemontcg.io/ecard3/H30_hires.png,2026/08/08,2026/07/01,,2999.989990234375,2999.989990234375,2999.989990234375,,,,,,2325.952,691.9846,1754.4388,0.0,749.7750244140625,2017.0101,1799.7484,115.35,158.1102,89.5462,1.1535,2026-08-09
ex13-31,Sableye,normal,Holon Phantoms,31,Rare,Mitsuhiro Arita,Basic,302,Pokémon,2006/05/01,"tcgplayer,cardmarket",https://prices.pokemontcg.io/tcgplayer/ex13-31,https://images.pokemontcg.io/ex13/31_hires.png,2026/08/08,2026/06/21,4.28,2.5899999141693115,5.059999942779541,99.98999786376953,,61.2,,,,3.4259,0.2307,3.7143,28.8375,2.8722000122070312,2.8722,2.6069,17.3025,26.2767,16.5412,1.1535,2026-08-09
bw5-27,Piplup,normal,Dark Explorers,27,Common,Kouki Saitou,Basic,393,Pokémon,2012/05/09,"tcgplayer,cardmarket",https://prices.pokemontcg.io/tcgplayer/bw5-27,https://images.pokemontcg.io/bw5/27_hires.png,2026/08/08,2026/06/08,1.97,0.9599999785423279,1.8700000047683716,19.979999542236328,,14.17,,,,0.3345,0.0231,0.1154,3.6912,0.11540000140666962,0.1961,0.3922,3.3451,2.4339,1.8571,1.1535,2026-08-09
col1-34,Tangrowth,normal,Call of Legends,34,Rare,Hideaki Hakozaki,Stage 1,465,Pokémon,2011/02/09,"tcgplayer,cardmarket",https://prices.pokemontcg.io/tcgplayer/col1-34,https://images.pokemontcg.io/col1/34_hires.png,2026/08/08,2026/05/14,0.66,0.4000000059604645,0.7300000190734863,19.979999542236328,,2.5,,,,1.7649,0.0231,2.0186,4.5563,4.302599906921387,1.9033,1.7302,4.5563,3.3336,4.441,1.1535,2026-08-09
sm6-28,Aurorus,holofoil,Forbidden Light,28,Rare Holo,Suwama Chiaki,Stage 2,699,Pokémon,2018/05/04,"tcgplayer,cardmarket",https://prices.pokemontcg.io/tcgplayer/sm6-28,https://images.pokemontcg.io/sm6/28_hires.png,2026/08/08,2026/03/11,9.62,4.940000057220459,9.399999618530273,90.94000244140625,,9.86,,,,21.3282,17.2448,26.4382,40.361,9.227999687194824,19.9786,25.3655,40.361,18.8136,18.7098,1.1535,2026-08-09
ecard2-5,Bellossom,normal,Aquapolis,5,Rare,Sumiyoshi Kizuki,Stage 2,182,Pokémon,2003/01/15,"tcgplayer,cardmarket",https://prices.pokemontcg.io/tcgplayer/ecard2-5,https://images.pokemontcg.io/ecard2/5_hires.png,2026/08/08,2026/06/22,23.96,21.690000534057617,33.790000915527344,299.8999938964844,,50.0,,,,5.8021,0.6229,1.661,19.9555,10.935199737548828,6.2058,9.574,17.3025,19.0097,11.0044,1.1535,2026-08-09
sm115-34,Graveler,normal,Hidden Fates,34,Uncommon,Ken Sugimori,Stage 1,75,Pokémon,2019/08/23,"tcgplayer,cardmarket",https://prices.pokemontcg.io/tcgplayer/sm115-34,https://images.pokemontcg.io/sm115/34_hires.png,2026/08/08,2026/03/11,0.06,0.019999999552965164,0.1899999976158142,17.799999237060547,,0.3,,,,0.0577,0.0231,0.1154,0.3345,0.04610000178217888,0.0807,0.0807,0.4383,0.323,0.3576,1.1535,2026-08-09
ex10-32,Stantler,normal,Unseen Forces,32,Rare,Atsuko Nishida,Basic,234,Pokémon,2005/08/01,"tcgplayer,cardmarket",https://prices.pokemontcg.io/tcgplayer/ex10-32,https://images.pokemontcg.io/ex10/32_hires.png,2026/08/08,2026/06/22,4.52,3.0,5.230000019073486,45.099998474121094,,29.5,,,,2.7915,0.0346,2.157,12.6654,0.5421000123023987,0.9805,1.3842,9.228,7.0479,11.2812,1.1535,2026-08-09
sm7-31,Articuno-GX,holofoil,Celestial Storm,31,Rare Holo GX,5ban Graphics,Basic|GX,144,Pokémon,2018/08/03,"tcgplayer,cardmarket",https://prices.pokemontcg.io/tcgplayer/sm7-31,https://images.pokemontcg.io/sm7/31_hires.png,2026/08/08,2026/06/08,9.95,8.220000267028809,10.079999923706055,14.949999809265137,,,,,,10.9929,2.7684,10.8198,0.0,11.523500442504883,9.9086,9.8394,9.228,6.6672,6.4481,1.1535,2026-08-09
ex14-31,Combusken,normal,Crystal Guardians,31,Uncommon,Sachiko Adachi,Stage 1,256,Pokémon,2006/08/01,"tcgplayer,cardmarket",https://prices.pokemontcg.io/tcgplayer/ex14-31,https://images.pokemontcg.io/ex14/31_hires.png,2026/08/08,2026/06/22,1.2,0.7099999785423279,1.2000000476837158,19.979999542236328,,40.0,,,,0.6229,0.0231,0.6921,9.9893,0.6575000286102295,0.6344,0.6921,12.6885,9.055,7.2901,1.1535,2026-08-09
ex16-25,Zangoose,normal,Power Keepers,25,Rare,Ken Sugimori,Basic,335,Pokémon,2007/02/02,"tcgplayer,cardmarket",https://prices.pokemontcg.io/tcgplayer/ex16-25,https://images.pokemontcg.io/ex16/25_hires.png,2026/08/08,2026/07/01,1.0,0.28999999165534973,0.8299999833106995,96.94999694824219,,25.42,,,,0.7267,0.0461,0.6575,18.9405,0.23070000112056732,0.646,0.5537,5.7675,9.8855,7.3132,1.1535,2026-08-09
np-24,Chimecho,normal,Nintendo Black Star Promos,24,Promo,Atsuko Nishida,Basic,358,Pokémon,2003/10/01,"tcgplayer,cardmarket",https://prices.pokemontcg.io/tcgplayer/np-24,https://images.pokemontcg.io/np/24_hires.png,2026/08/08,2026/07/01,9.95,5.989999771118164,42.220001220703125,79.9000015258789,,,,,,0.0,23.0123,26.7958,0.0,28.826000213623047,26.9688,18.7674,0.0,0.0,0.0,1.1535,2026-08-09
ex5-26,Sunny Castform,normal,Hidden Legends,26,Rare,Sumiyoshi Kizuki,Basic,351,Pokémon,2004/06/01,"tcgplayer,cardmarket",https://prices.pokemontcg.io/tcgplayer/ex5-26,https://images.pokemontcg.io/ex5/26_hires.png,2026/08/08,2026/07/01,5.48,2.430000066757202,6.920000076293945,87.4000015258789,,34.04,,,,1.5803,0.0577,1.4995,11.3274,1.153499960899353,1.5342,1.4534,5.7675,7.5785,7.0248,1.1535,2026-08-09
dp1-34,Noctowl,normal,Diamond & Pearl,34,Rare,Atsuko Nishida,Stage 1,164,Pokémon,2007/05/01,"tcgplayer,cardmarket",https://prices.pokemontcg.io/tcgplayer/dp1-34,https://images.pokemontcg.io/dp1/34_hires.png,2026/08/08,2026/05/14,0.93,0.23000000417232513,0.6000000238418579,19.979999542236328,,3.16,,,,0.4037,0.0577,0.2307,3.3798,0.3921999931335449,0.4729,0.6114,2.5954,3.0568,1.7187,1.1535,2026-08-09
mcd12-11,Klang,holofoil,McDonald's Collection 2012,11,,Kouki Saitou,Stage 1,600,Pokémon,2012/06/15,"tcgplayer,cardmarket",https://prices.pokemontcg.io/tcgplayer/mcd12-11,https://images.pokemontcg.io/mcd12/11_hires.png,2026/08/08,2026/07/01,4.42,1.5,4.420000076293945,53.099998474121094,,,,,,24.9502,9.2165,23.4045,0.0,28.837499618530273,24.1889,19.944,11.535,8.6512,8.6512,1.1535,2026-08-09
sm8-32,Vespiquen,normal,Lost Thunder,32,Uncommon,chibi,Stage 1,416,Pokémon,2018/11/02,"tcgplayer,cardmarket",https://prices.pokemontcg.io/tcgplayer/sm8-32,https://images.pokemontcg.io/sm8/32_hires.png,2026/08/08,2026/03/11,0.24,0.10000000149011612,0.25,19.979999542236328,,0.78,,,,0.15,0.0577,0.0692,0.8536,0.17299999296665192,0.15,0.1961,0.5652,0.7728,0.7728,1.1535,2026-08-09
xy7-33,Claydol,normal,Ancient Origins,33,Rare,Satoshi Shirai,Stage 1,344,Pokémon,2015/08/12,"tcgplayer,cardmarket",https://prices.pokemontcg.io/tcgplayer/xy7-33,https://images.pokemontcg.io/xy7/33_hires.png,2026/08/08,2026/05/07,0.17,0.07999999821186066,0.25,23.489999771118164,,0.54,,,,0.2999,0.0231,0.1961,1.4419,0.17299999296665192,0.2653,0.2653,1.4419,1.1881,1.1304,1.1535,2026-08-09
ex9-34,Linoone,normal,Emerald,34,Uncommon,Yuka Morii,Stage 1,264,Pokémon,2005/05/01,"tcgplayer,cardmarket",https://prices.pokemontcg.io/tcgplayer/ex9-34,https://images.pokemontcg.io/ex9/34_hires.png,2026/08/08,2026/06/21,17.85,16.770000457763672,19.950000762939453,157.39999389648438,,92.0,,,,3.2875,0.2307,3.3682,16.1259,3.8987998962402344,3.7719,3.4374,20.7053,16.4604,10.8544,1.1535,2026-08-09
dp6-26,Deoxys Speed Forme,normal,Legends Awakened,26,Rare,Kazuaki Aihara,Basic,386,Pokémon,2008/08/01,"tcgplayer,cardmarket",https://prices.pokemontcg.io/tcgplayer/dp6-26,https://images.pokemontcg.io/dp6/26_hires.png,2026/08/08,2026/06/22,13.29,3.6500000953674316,14.489999771118164,258.8399963378906,,15.97,,,,1.7764,0.5767,3.6681,7.3824,1.4419000148773193,3.4605,2.5146,2.8722,9.3549,6.0443,1.1535,2026-08-09
xy10-32,Gothita,normal,Fates Collide,32,Common,Kagemaru Himeno,Basic,574,Pokémon,2016/05/02,"tcgplayer,cardmarket",https://prices.pokemontcg.io/tcgplayer/xy10-32,https://images.pokemontcg.io/xy10/32_hires.png,2026/08/08,2026/03/11,0.28,0.029999999329447746,0.25,1000.0,,0.54,,,,0.1038,0.0231,0.173,0.1961,0.34599998593330383,0.1615,0.0923,1.0958,0.4037,0.3576,1.1535,2026-08-09
xy6-31,Banette,normal,Roaring Skies,31,Rare,Aya Kusube,Stage 1,354,Pokémon,2015/05/06,"tcgplayer,cardmarket",https://prices.pokemontcg.io/tcgplayer/xy6-31,https://images.pokemontcg.io/xy6/31_hires.png,2026/08/08,2026/05/14,0.44,0.12999999523162842,0.44999998807907104,19.979999542236328,,0.79,,,,0.5421,0.1154,0.5537,1.7764,0.46140000224113464,0.5075,0.669,2.2955,1.7995,1.6841,1.1535,2026-08-09
ex3-32,Gyarados,normal,Dragon,32,Uncommon,Kouki Saitou,Stage 1,130,Pokémon,2003/11/24,"tcgplayer,cardmarket",https://prices.pokemontcg.io/tcgplayer/ex3-32,https://images.pokemontcg.io/ex3/32_hires.png,2026/08/08,2026/06/22,15.78,10.0,24.989999771118164,166.67999267578125,,101.78,,,,7.0017,0.5767,5.2254,36.8889,7.486199855804443,7.3939,10.3123,69.1754,22.078,27.1995,1.1535,2026-08-09
sm4-25,Crawdaunt,normal,Crimson Invasion,25,Rare,Saya Tsuruta,Stage 1,342,Pokémon,2017/11/03,"tcgplayer,cardmarket",https://prices.pokemontcg.io/tcgplayer/sm4-25,https://images.pokemontcg.io/sm4/25_hires.png,2026/08/08,2026/06/08,0.33,0.05999999865889549,0.3199999928474426,19.979999542236328,,0.41,,,,0.2076,0.0461,0.1961,0.5652,0.13840000331401825,0.1846,0.2653,0.8651,0.6344,0.5767,1.1535,2026-08-09
dp4-28,Slowking,normal,Great Encounters,28,Rare,Ken Sugimori,Stage 1,199,Pokémon,2008/02/01,"tcgplayer,cardmarket",https://prices.pokemontcg.io/tcgplayer/dp4-28,https://images.pokemontcg.io/dp4/28_hires.png,2026/08/08,2026/06/22,2.04,1.25,2.549999952316284,29.989999771118164,,18.88,,,,0.8997,0.1154,0.6344,1.5111,0.10379999876022339,0.7267,0.8074,0.4499,1.2689,2.4916,1.1535,2026-08-09
hgss1-37,Corsola,normal,HeartGold & SoulSilver,37,Uncommon,TOKIYA,Basic,222,Pokémon,2010/02/10,"tcgplayer,cardmarket",https://prices.pokemontcg.io/tcgplayer/hgss1-37,https://images.pokemontcg.io/hgss1/37_hires.png,2026/08/08,2026/03/11,0.59,0.5899999737739563,0.699999988079071,19.979999542236328,,5.72,,,,0.4153,0.0231,0.5075,1.4188,0.8651000261306763,0.5191,0.4729,0.4614,1.0266,1.0151,1.1535,2026-08-09
xy11-35,Clawitzer BREAK,holofoil,Steam Siege,35,Rare BREAK,5ban Graphics,BREAK,693,Pokémon,2016/08/03,"tcgplayer,cardmarket",https://prices.pokemontcg.io/tcgplayer/xy11-35,https://images.pokemontcg.io/xy11/35_hires.png,2026/08/08,2026/03/07,3.6,1.0,3.630000114440918,31.799999237060547,,,,,,3.2183,1.0381,2.5723,0.0,5.190700054168701,3.3798,3.0798,1.0381,5.1792,3.126,1.1535,2026-08-09
pl4-34,Bronzor,normal,Arceus,34,Uncommon,kawayoo,Basic,436,Pokémon,2009/11/04,"tcgplayer,cardmarket",https://prices.pokemontcg.io/tcgplayer/pl4-34,https://images.pokemontcg.io/pl4/34_hires.png,2026/08/08,2026/05/14,0.41,0.25,0.4000000059604645,19.979999542236328,,1.32,,,,0.2422,0.0231,0.2538,0.0,0.17299999296665192,0.2422,0.2076,0.5652,1.1304,0.6921,1.1535,2026-08-09
hgss2-31,Grotle,normal,HS—Unleashed,31,Uncommon,match,Stage 1,388,Pokémon,2010/05/12,"tcgplayer,cardmarket",https://prices.pokemontcg.io/tcgplayer/hgss2-31,https://images.pokemontcg.io/hgss2/31_hires.png,2026/08/08,2026/05/14,1.11,0.2199999988079071,0.8999999761581421,96.4000015258789,,3.75,,,,0.323,0.0231,0.3691,1.7302,0.17299999296665192,0.346,0.3345,2.6415,2.4454,1.8225,1.1535,2026-08-09
xy0-26,Snorlax,normal,Kalos Starter Set,26,,Naoki Saito,Basic,143,Pokémon,2013/11/08,"tcgplayer,cardmarket",https://prices.pokemontcg.io/tcgplayer/xy0-26,https://images.pokemontcg.io/xy0/26_hires.png,2026/08/08,2026/06/23,40.89,33.150001525878906,76.33000183105469,681.4000244140625,,,,,,10.3815,3.449,63.7885,0.0,230.6999969482422,58.7131,33.1285,3.4605,3.4605,3.4605,1.1535,2026-08-09
bwp-BW22,Samurott,holofoil,BW Black Star Promos,BW22,Promo,5ban Graphics,Stage 2,503,Pokémon,2011/03/01,"tcgplayer,cardmarket",https://prices.pokemontcg.io/tcgplayer/bwp-BW22,https://images.pokemontcg.io/bwp/BW22_hires.png,2026/08/08,2026/06/27,4.23,1.590000033378601,4.230000019073486,40.0,,,,,,3.5066,0.346,3.4259,0.0,3.1029000282287598,3.5066,2.3993,0.4614,1.3035,0.9574,1.1535,2026-08-09
ex11-32,Swellow,normal,Delta Species,32,Rare,Atsuko Nishida,Stage 1,277,Pokémon,2005/10/31,"tcgplayer,cardmarket",https://prices.pokemontcg.io/tcgplayer/ex11-32,https://images.pokemontcg.io/ex11/32_hires.png,2026/08/08,2026/06/22,0.62,0.550000011920929,0.8199999928474426,19.979999542236328,,15.68,,,,1.1535,0.173,1.5457,10.3008,0.57669997215271,1.4188,1.0612,11.4197,8.7435,6.9902,1.1535,2026-08-09
dp7-24,Salamence,normal,Stormfront,24,Rare,Kagemaru Himeno,Stage 2,373,Pokémon,2008/11/01,"tcgplayer,cardmarket",https://prices.pokemontcg.io/tcgplayer/dp7-24,https://images.pokemontcg.io/dp7/24_hires.png,2026/08/08,2026/06/25,2.31,1.2999999523162842,2.0,35.599998474121094,,19.89,,,,2.134,0.173,2.0302,5.3753,0.5651999711990356,1.6149,2.457,1.7302,6.4135,4.118,1.1535,2026-08-09
ex12-35,Haunter,normal,Legend Maker,35,Uncommon,Aya Kusube,Stage 1,93,Pokémon,2006/02/01,"tcgplayer,cardmarket",https://prices.pokemontcg.io/tcgplayer/ex12-35,https://images.pokemontcg.io/ex12/35_hires.png,2026/08/08,2026/06/11,15.31,9.25,14.9399995803833,45.0,,119.75,,,,2.7223,0.0231,2.6646,115.3039,3.8296000957489014,1.984,2.63,144.1875,78.2188,100.2276,1.1535,2026-08-09
ex15-23,Tropius δ,normal,Dragon Frontiers,23,Rare,Mitsuhiro Arita,Basic,357,Pokémon,2006/11/01,"tcgplayer,cardmarket",https://prices.pokemontcg.io/tcgplayer/ex15-23,https://images.pokemontcg.io/ex15/23_hires.png,2026/08/08,2026/06/27,3.63,1.2799999713897705,2.5,38.2400016784668,,26.04,,,,2.8953,0.1154,2.4916,9.7932,1.4187999963760376,1.3842,2.1455,9.2165,8.4436,10.2661,1.1535,2026-08-09
dp3-37,Sharpedo,normal,Secret Wonders,37,Rare,Ken Sugimori,Stage 1,319,Pokémon,2007/11/01,"tcgplayer,cardmarket",https://prices.pokemontcg.io/tcgplayer/dp3-37,https://images.pokemontcg.io/dp3/37_hires.png,2026/08/08,2026/04/11,1.58,0.8899999856948853,1.2899999618530273,25.799999237060547,,7.5,,,,1.2919,0.2768,1.1074,3.945,0.6920999884605408,1.4073,1.0958,1.1535,3.2413,2.307,1.1535,2026-08-09
ex8-34,Lombre,normal,Deoxys,34,Uncommon,Ken Sugimori,Stage 1,271,Pokémon,2005/02/01,"tcgplayer,cardmarket",https://prices.pokemontcg.io/tcgplayer/ex8-34,https://images.pokemontcg.io/ex8/34_hires.png,2026/08/08,2026/06/22,0.61,0.28999999165534973,0.5899999737739563,20.770000457763672,,14.75,,,,0.4037,0.0231,0.5306,5.5714,0.911300003528595,0.4729,0.5767,2.8838,7.6246,6.8633,1.1535,2026-08-09
neo2-25,Kabutops,unlimited,Neo Discovery,25,Rare,Kimiya Masago,Stage 2,141,Pokémon,2001/06/01,"tcgplayer,cardmarket",https://prices.pokemontcg.io/tcgplayer/neo2-25,https://images.pokemontcg.io/neo2/25_hires.png,2026/08/08,2026/07/01,10.92,6.5,14.109999656677246,99.5,,,,,"{""1stEdition"": {""low"": 42.98, ""mid"": 50.46, ""high"": 519.3, ""market"": 30.92, ""directLow"": null}}",9.2972,1.1535,7.7169,0.0,12.665399551391602,8.0168,9.3895,17.291,14.5802,9.401,1.1535,2026-08-09
neo1-27,Ariados,unlimited,Neo Genesis,27,Uncommon,Ken Sugimori,Stage 1,168,Pokémon,2000/12/16,"tcgplayer,cardmarket",https://prices.pokemontcg.io/tcgplayer/neo1-27,https://images.pokemontcg.io/neo1/27_hires.png,2026/08/08,2026/07/01,1.26,0.36000001430511475,0.9200000166893005,17.65999984741211,,,,,"{""1stEdition"": {""low"": 1.42, ""mid"": 4.33, ""high"": 50.0, ""market"": 4.35, ""directLow"": null}}",0.9228,0.0231,1.0612,0.0,2.5722999572753906,0.992,0.9689,0.0,0.0,0.0,1.1535,2026-08-09
ex1-25,Aron,normal,Ruby & Sapphire,25,Uncommon,Midori Harada,Basic,304,Pokémon,2003/07/01,"tcgplayer,cardmarket",https://prices.pokemontcg.io/tcgplayer/ex1-25,https://images.pokemontcg.io/ex1/25_hires.png,2026/08/08,2026/07/01,3.12,1.8899999856948853,4.239999771118164,39.0,,18.99,,,,2.5262,0.2768,2.0302,8.409,1.153499960899353,2.2263,2.1686,5.9867,6.425,5.0408,1.1535,2026-08-09
swsh3-28,Galarian Darmanitan,normal,Darkness Ablaze,28,Rare,Misa Tsutsui,Stage 1,555,Pokémon,2020/08/14,"tcgplayer,cardmarket",https://prices.pokemontcg.io/tcgplayer/swsh3-28,https://images.pokemontcg.io/swsh3/28_hires.png,2026/08/08,2026/03/08,0.29,0.14000000059604645,0.30000001192092896,19.979999542236328,,0.53,,,,0.2768,0.0231,0.173,0.6806,0.13840000331401825,0.3345,0.2999,0.5998,0.819,0.6575,1.1535,2026-08-09
pl2-29,Nidoking,normal,Rising Rivals,29,Rare,Masakazu Fukuda,Stage 2,34,Pokémon,2009/05/16,"tcgplayer,cardmarket",https://prices.pokemontcg.io/tcgplayer/pl2-29,https://images.pokemontcg.io/pl2/29_hires.png,2026/08/08,2026/06/08,7.03,5.0,9.4399995803833,73.0999984741211,,13.24,,,,2.157,0.3345,1.165,2.48,3.621999979019165,2.2493,2.7223,2.8838,2.3416,3.1375,1.1535,2026-08-09
dp5-26,Omastar,normal,Majestic Dawn,26,Rare,Masakazu Fukuda,Stage 2,139,Pokémon,2008/05/01,"tcgplayer,cardmarket",https://prices.pokemontcg.io/tcgplayer/dp5-26,https://images.pokemontcg.io/dp5/26_hires.png,2026/08/08,2026/06/27,2.64,1.590000033378601,3.869999885559082,31.0,,4.83,,,,1.4073,0.2884,1.5572,1.6956,0.8651000261306763,1.4419,1.315,2.307,4.2103,2.7107,1.1535,2026-08-09
base5-30,Dark Vileplume,unlimited,Team Rocket,30,Rare,Kagemaru Himeno,Stage 2,45,Pokémon,2000/04/24,"tcgplayer,cardmarket",https://prices.pokemontcg.io/tcgplayer/base5-30,https://images.pokemontcg.io/base5/30_hires.png,2026/08/08,2026/07/01,8.49,3.0,7.760000228881836,72.98999786376953,,,,,"{""1stEdition"": {""low"": 9.18, ""mid"": 11.0, ""high"": 89.9, ""market"": 14.27, ""directLow"": null}}",11.4312,1.2689,13.4267,0.0,17.302499771118164,12.4463,11.7426,11.5235,4.0834,3.5758,1.1535,2026-08-09
xy9-24,Cloyster,normal,BREAKpoint,24,Uncommon,Saya Tsuruta,Stage 1,91,Pokémon,2016/02/03,"tcgplayer,cardmarket",https://prices.pokemontcg.io/tcgplayer/xy9-24,https://images.pokemontcg.io/xy9/24_hires.png,2026/08/08,2026/06/08,0.15,0.05000000074505806,0.30000001192092896,1000.0,,2.09,,,,0.1961,0.0231,0.2192,0.6114,0.2653000056743622,0.2999,0.2307,0.5767,0.5537,0.8305,1.1535,2026-08-09
bw3-28,Vanillish,normal,Noble Victories,28,Uncommon,match,Stage 1,583,Pokémon,2011/11/16,"tcgplayer,cardmarket",https://prices.pokemontcg.io/tcgplayer/bw3-28,https://images.pokemontcg.io/bw3/28_hires.png,2026/08/08,2026/06/08,0.67,0.23999999463558197,0.5799999833106995,19.979999542236328,,1.85,,,,0.1846,0.0231,0.2768,1.1304,0.06920000165700912,0.2653,0.5537,1.0381,1.3727,1.3611,1.1535,2026-08-09
bw6-36,Seismitoad,normal,Dragons Exalted,36,Rare,kawayoo,Stage 2,537,Pokémon,2012/08/15,"tcgplayer,cardmarket",https://prices.pokemontcg.io/tcgplayer/bw6-36,https://images.pokemontcg.io/bw6/36_hires.png,2026/08/08,2026/03/11,0.61,0.44999998807907104,0.7200000286102295,19.979999542236328,,1.38,,,,0.9805,0.0577,1.1535,2.2263,1.153499960899353,0.819,1.0497,1.7302,1.315,1.2689,1.1535,2026-08-09
bw1-31,Samurott,holofoil,Black & White,31,Rare Holo,Masakazu Fukuda,Stage 2,503,Pokémon,2011/04/25,"tcgplayer,cardmarket",https://prices.pokemontcg.io/tcgplayer/bw1-31,https://images.pokemontcg.io/bw1/31_hires.png,2026/08/08,2026/05/14,2.92,1.0,2.950000047683716,19.979999542236328,,3.21,,,,1.7764,0.0577,2.1686,4.2218,2.2955000400543213,1.6956,1.638,2.8722,2.6069,2.63,1.1535,2026-08-09
bw11-36,Phione,normal,Legendary Treasures,36,Rare,kawayoo,Basic,489,Pokémon,2013/11/06,"tcgplayer,cardmarket",https://prices.pokemontcg.io/tcgplayer/bw11-36,https://images.pokemontcg.io/bw11/36_hires.png,2026/08/08,2026/03/11,1.32,1.100000023841858,1.3799999952316284,22.489999771118164,,11.1,,,,1.3842,0.8651,1.3035,0.0,1.8224999904632568,1.315,1.6841,8.0168,9.1242,4.2333,1.1535,2026-08-09
dpp-DP33,Dusknoir,holofoil,DP Black Star Promos,DP33,Promo,Kent Kanetsuna,Stage 2,477,Pokémon,2007/05/01,tcgplayer,https://prices.pokemontcg.io/tcgplayer/dpp-DP33,https://images.pokemontcg.io/dpp/DP33_hires.png,2026/08/08,,4.9,3.240000009536743,3.990000009536743,52.02000045776367,,,,,,,,,,,,,,,,,2026-08-09
hsp-HGSS23,Porygon2,holofoil,HGSS Black Star Promos,HGSS23,Promo,TOKIYA,Stage 1,233,Pokémon,2010/02/10,tcgplayer,https://prices.pokemontcg.io/tcgplayer/hsp-HGSS23,https://images.pokemontcg.io/hsp/HGSS23_hires.png,2026/08/08,,16.03,15.0,23.6299991607666,143.8000030517578,,,,,,,,,,,,,,,,,2026-08-09
xy2-38,Duskull,normal,Flashfire,38,Common,match,Basic,355,Pokémon,2014/05/07,"tcgplayer,cardmarket",https://prices.pokemontcg.io/tcgplayer/xy2-38,https://images.pokemontcg.io/xy2/38_hires.png,2026/08/08,2026/03/08,0.21,0.05000000074505806,0.2199999988079071,19.979999542236328,,0.85,,,,0.0692,0.0231,0.0692,0.2768,0.219200000166893,0.1384,0.1154,0.2884,0.346,0.4037,1.1535,2026-08-09
hgss3-30,Metang,normal,HS—Undaunted,30,Uncommon,TOKIYA,Stage 1,375,Pokémon,2010/08/18,"tcgplayer,cardmarket",https://prices.pokemontcg.io/tcgplayer/hgss3-30,https://images.pokemontcg.io/hgss3/30_hires.png,2026/08/08,2026/06/11,0.38,0.15000000596046448,0.3499999940395355,19.979999542236328,,3.02,,,,0.1961,0.0231,0.2307,1.638,0.10379999876022339,0.2422,0.1961,0.8074,1.315,1.3957,1.1535,2026-08-09
xy3-23,Clauncher,normal,Furious Fists,23,Common,5ban Graphics,Basic,692,Pokémon,2014/08/13,"tcgplayer,cardmarket",https://prices.pokemontcg.io/tcgplayer/xy3-23,https://images.pokemontcg.io/xy3/23_hires.png,2026/08/08,2026/06/18,0.22,0.03999999910593033,0.23999999463558197,1000.0,,0.43,,,,0.1269,0.0231,0.1038,0.5652,0.06920000165700912,0.1615,0.1384,0.6921,0.496,0.3922,1.1535,2026-08-09
bw9-31,Kyurem,holofoil,Plasma Freeze,31,Rare Holo,5ban Graphics,Basic|Team Plasma,646,Pokémon,2013/05/08,"tcgplayer,cardmarket",https://prices.pokemontcg.io/tcgplayer/bw9-31,https://images.pokemontcg.io/bw9/31_hires.png,2026/08/08,2026/05/14,7.37,7.0,9.359999656677246,96.94999694824219,,15.49,,,,5.7675,0.5767,4.1526,0.0,4.613999843597412,4.9947,4.9139,1.7302,3.9104,4.8216,1.1535,2026-08-09
xy5-34,Marshtomp,normal,Primal Clash,34,Uncommon,sui,Stage 1,259,Pokémon,2015/02/04,"tcgplayer,cardmarket",https://prices.pokemontcg.io/tcgplayer/xy5-34,https://images.pokemontcg.io/xy5/34_hires.png,2026/08/08,2026/03/11,0.45,0.20000000298023224,0.44999998807907104,19.979999542236328,,2.24,,,,0.2999,0.0231,0.3114,2.0186,0.40369999408721924,0.2884,0.2884,2.2955,1.6034,1.2342,1.1535,2026-08-09
dp2-27,Kricketune,normal,Mysterious Treasures,27,Rare,Mitsuhiro Arita,Stage 1,402,Pokémon,2007/08/01,"tcgplayer,cardmarket",https://prices.pokemontcg.io/tcgplayer/dp2-27,https://images.pokemontcg.io/dp2/27_hires.png,2026/08/08,2026/06/22,0.62,0.20000000298023224,0.6200000047683716,19.979999542236328,,2.97,,,,0.2884,0.0231,0.323,0.9459,0.51910001039505,0.3345,0.2653,2.307,1.2227,1.6495,1.1535,2026-08-09
dp5-27,Phione,normal,Majestic Dawn,27,Rare,Ken Sugimori,Basic,489,Pokémon,2008/05/01,"tcgplayer,cardmarket",https://prices.pokemontcg.io/tcgplayer/dp5-27,https://images.pokemontcg.io/dp5/27_hires.png,2026/08/08,2026/06/27,2.15,1.5800000429153442,2.25,33.0,,4.7,,,,0.8651,0.2307,0.9805,6.7364,0.8073999881744385,0.646,0.7728,2.3531,4.764,2.3877,1.1535,2026-08-09
smp-SM26,Tsareena,holofoil,SM Black Star Promos,SM26,Promo,Naoki Saito,Stage 2,763,Pokémon,2017/02/03,"tcgplayer,cardmarket",https://prices.pokemontcg.io/tcgplayer/smp-SM26,https://images.pokemontcg.io/smp/SM26_hires.png,2026/08/08,2026/06/08,0.58,0.2800000011920929,0.6899999976158142,19.979999542236328,,,,,,0.4614,0.173,0.5537,0.0,0.23070000112056732,0.4729,0.5421,1.0958,0.7844,0.5075,1.1535,2026-08-09
neo3-29,Golbat,unlimited,Neo Revelation,29,Uncommon,Masako Yamashita,Stage 1,42,Pokémon,2001/09/21,"tcgplayer,cardmarket",https://prices.pokemontcg.io/tcgplayer/neo3-29,https://images.pokemontcg.io/neo3/29_hires.png,2026/08/08,2026/07/01,1.6,0.44999998807907104,1.440000057220459,23.0,,,,,"{""1stEdition"": {""low"": 1.49, ""mid"": 3.01, ""high"": 34.2, ""market"": 2.97, ""directLow"": null}}",2.1109,0.0577,1.5688,0.0,3.4605000019073486,1.3035,1.9379,0.0,0.0,0.0,1.1535,2026-08-09
sm10-28,Torracat,normal,Unbroken Bonds,28,Uncommon,tetsuya koizumi,Stage 1,726,Pokémon,2019/05/03,"tcgplayer,cardmarket",https://prices.pokemontcg.io/tcgplayer/sm10-28,https://images.pokemontcg.io/sm10/28_hires.png,2026/08/08,2026/03/12,0.19,0.009999999776482582,0.20999999344348907,19.979999542236328,,0.39,,,,0.1154,0.0231,0.1038,0.496,0.09229999780654907,0.1154,0.1038,0.8074,0.5883,0.6229,1.1535,2026-08-09
base4-35,Charmeleon,normal,Base Set 2,35,Uncommon,Mitsuhiro Arita,Stage 1,5,Pokémon,2000/02/24,"tcgplayer,cardmarket",https://prices.pokemontcg.io/tcgplayer/base4-35,https://images.pokemontcg.io/base4/35_hires.png,2026/08/08,2026/07/01,2.22,0.6499999761581421,1.25,148.5,,,,,,2.5838,0.0577,3.5874,0.0,4.602499961853027,3.7143,2.7107,0.5191,0.8305,0.8305,1.1535,2026-08-09
ecard2-6,Blissey,normal,Aquapolis,6,Rare,Naoyo Kimura,Stage 1,242,Pokémon,2003/01/15,"tcgplayer,cardmarket",https://prices.pokemontcg.io/tcgplayer/ecard2-6,https://images.pokemontcg.io/ecard2/6_hires.png,2026/08/08,2026/06/22,12.3,12.960000038146973,20.0,209.89999389648438,,44.65,,,,5.2369,0.5767,5.0985,25.9537,5.317599773406982,4.3602,6.8979,17.3025,18.952,10.8198,1.1535,2026-08-09
sm1-33,Shellder,normal,Sun & Moon,33,Common,Midori Harada,Basic,90,Pokémon,2017/02/03,"tcgplayer,cardmarket",https://prices.pokemontcg.io/tcgplayer/sm1-33,https://images.pokemontcg.io/sm1/33_hires.png,2026/08/08,2026/03/11,0.15,0.009999999776482582,0.20000000298023224,1000.0,,0.31,,,,0.0577,0.0231,0.0461,0.3807,0.023099999874830246,0.0577,0.0692,0.4037,0.3807,0.2768,1.1535,2026-08-09
swsh4-31,Wailmer,normal,Vivid Voltage,31,Common,Yukiko Baba,Basic,320,Pokémon,2020/11/13,"tcgplayer,cardmarket",https://prices.pokemontcg.io/tcgplayer/swsh4-31,https://images.pokemontcg.io/swsh4/31_hires.png,2026/08/08,2026/03/11,0.14,0.009999999776482582,0.18000000715255737,25.15999984741211,,0.27,,,,0.0577,0.0231,0.0807,0.2307,0.219200000166893,0.0692,0.0577,0.8651,0.2422,0.2307,1.1535,2026-08-09
ex4-34,Team Magma's Houndoom,normal,Team Magma vs Team Aqua,34,Uncommon,Ken Ikuji,Stage 1,229,Pokémon,2004/03/01,"tcgplayer,cardmarket",https://prices.pokemontcg.io/tcgplayer/ex4-34,https://images.pokemontcg.io/ex4/34_hires.png,2026/08/08,2026/06/27,2.71,1.0,2.6600000858306885,35.099998474121094,,36.66,,,,1.9956,0.0577,2.5377,19.1712,5.433000087738037,1.638,1.9033,13.8189,10.5776,13.5536,1.1535,2026-08-09
neo1-28,Bayleef,unlimited,Neo Genesis,28,Uncommon,Ken Sugimori,Stage 1,153,Pokémon,2000/12/16,"tcgplayer,cardmarket",https://prices.pokemontcg.io/tcgplayer/neo1-28,https://images.pokemontcg.io/neo1/28_hires.png,2026/08/08,2026/07/01,3.23,1.5,3.049999952316284,43.0,,,,,"{""1stEdition"": {""low"": 3.24, ""mid"": 10.9, ""high"": 99.8, ""market"": 12.83, ""directLow"": 48.91}}",2.8491,0.0923,2.2263,0.0,2.168600082397461,2.48,2.6877,6.921,6.921,6.921,1.1535,2026-08-09
ex8-35,Lotad,normal,Deoxys,35,Uncommon,Atsuko Nishida,Basic,270,Pokémon,2005/02/01,"tcgplayer,cardmarket",https://prices.pokemontcg.io/tcgplayer/ex8-35,https://images.pokemontcg.io/ex8/35_hires.png,2026/08/08,2026/06/22,1.12,0.7699999809265137,1.3799999952316284,19.979999542236328,,21.35,,,,1.2689,0.0577,1.0958,13.2652,0.12690000236034393,1.0728,1.315,5.7675,12.7692,9.9316,1.1535,2026-08-09
base2-26,Scyther,unlimited,Jungle,26,Rare,Ken Sugimori,Basic,123,Pokémon,1999/06/16,"tcgplayer,cardmarket",https://prices.pokemontcg.io/tcgplayer/base2-26,https://images.pokemontcg.io/base2/26_hires.png,2026/08/08,2026/07/01,15.65,6.739999771118164,11.75,397.79998779296875,,,,,"{""1stEdition"": {""low"": 17.45, ""mid"": 31.95, ""high"": 9999.0, ""market"": 30.85, ""directLow"": 39.99}}",10.1277,1.1535,11.7657,0.0,15.329999923706055,15.8952,11.3504,34.5935,16.3912,26.4151,1.1535,2026-08-09
hgss2-32,Kakuna,normal,HS—Unleashed,32,Uncommon,Kyoko Umemoto,Stage 1,14,Pokémon,2010/05/12,"tcgplayer,cardmarket",https://prices.pokemontcg.io/tcgplayer/hgss2-32,https://images.pokemontcg.io/hgss2/32_hires.png,2026/08/08,2026/03/13,0.51,0.27000001072883606,0.5,19.979999542236328,,1.85,,,,0.4383,0.0231,0.3576,0.8536,0.17299999296665192,0.3114,0.3691,1.1535,0.9228,1.2573,1.1535,2026-08-09
g1-22,Magikarp,normal,Generations,22,Common,Miki Tanaka,Basic,129,Pokémon,2016/02/22,"tcgplayer,cardmarket",https://prices.pokemontcg.io/tcgplayer/g1-22,https://images.pokemontcg.io/g1/22_hires.png,2026/08/08,2026/06/23,0.71,0.18000000715255737,0.550000011920929,19.979999542236328,,5.88,,,,1.2804,0.0231,0.0231,5.1677,0.35760000348091125,0.3114,1.0843,6.3442,5.4561,3.3913,1.1535,2026-08-09
gym2-36,Brock's Sandslash,unlimited,Gym Challenge,36,Uncommon,Atsuko Nishida,Stage 1,28,Pokémon,2000/10/16,"tcgplayer,cardmarket",https://prices.pokemontcg.io/tcgplayer/gym2-36,https://images.pokemontcg.io/gym2/36_hires.png,2026/08/08,2026/06/27,3.61,2.450000047683716,3.5799999237060547,43.0,,,,,"{""1stEdition"": {""low"": 6.13, ""mid"": 8.29, ""high"": 81.87, ""market"": 8.32, ""directLow"": 7.77}}",5.2715,0.9228,6.5519,0.0,5.767499923706055,6.0097,4.764,0.0,0.0,0.0,1.1535,2026-08-09
sm115-35,Golem,normal,Hidden Fates,35,Rare,Ken Sugimori,Stage 2,76,Pokémon,2019/08/23,"tcgplayer,cardmarket",https://prices.pokemontcg.io/tcgplayer/sm115-35,https://images.pokemontcg.io/sm115/35_hires.png,2026/08/08,2026/03/11,0.3,0.10000000149011612,0.3199999928474426,1.690000057220459,,0.45,,,,0.3114,0.0231,0.2538,0.4153,0.19609999656677246,0.2076,0.2884,0.5652,0.5075,0.4845,1.1535,2026-08-09
sm2-34,Vanillish,normal,Guardians Rising,34,Uncommon,Naoki Saito,Stage 1,583,Pokémon,2017/05/05,"tcgplayer,cardmarket",https://prices.pokemontcg.io/tcgplayer/sm2-34,https://images.pokemontcg.io/sm2/34_hires.png,2026/08/08,2026/03/11,0.14,0.029999999329447746,0.20000000298023224,19.979999542236328,,0.29,,,,0.0923,0.0231,0.0807,0.3807,0.05770000070333481,0.1269,0.0923,0.5652,0.3807,0.4153,1.1535,2026-08-09
bw9-32,Voltorb,normal,Plasma Freeze,32,Common,Sumiyoshi Kizuki,Basic,100,Pokémon,2013/05/08,"tcgplayer,cardmarket",https://prices.pokemontcg.io/tcgplayer/bw9-32,https://images.pokemontcg.io/bw9/32_hires.png,2026/08/08,2026/05/07,0.25,0.019999999552965164,0.25,1000.0,,1.03,,,,0.1961,0.0231,0.1846,0.1154,0.09229999780654907,0.2076,0.173,0.1154,0.6114,0.6114,1.1535,2026-08-09
dp4-29,Unown [H],normal,Great Encounters,29,Rare,Daisuke Ito,Basic,201,Pokémon,2008/02/01,"tcgplayer,cardmarket",https://prices.pokemontcg.io/tcgplayer/dp4-29,https://images.pokemontcg.io/dp4/29_hires.png,2026/08/08,2026/06/22,12.92,25.0,175.8000030517578,178.7899932861328,,20.0,,,,3.4951,0.5767,2.63,4.3948,2.8838000297546387,2.6184,2.6992,6.3442,4.4871,4.5102,1.1535,2026-08-09
bw8-33,Sharpedo,normal,Plasma Storm,33,Rare,5ban Graphics,Stage 1|Team Plasma,319,Pokémon,2013/02/06,"tcgplayer,cardmarket",https://prices.pokemontcg.io/tcgplayer/bw8-33,https://images.pokemontcg.io/bw8/33_hires.png,2026/08/08,2026/03/11,1.34,0.6899999976158142,1.2699999809265137,19.329999923706055,,6.77,,,,0.4614,0.0577,0.496,0.0,0.8651000261306763,0.4729,0.7959,5.1331,4.8216,2.9414,1.1535,2026-08-09
xy9-25,Staryu,normal,BREAKpoint,25,Common,Hiroki Asanuma,Basic,120,Pokémon,2016/02/03,"tcgplayer,cardmarket",https://prices.pokemontcg.io/tcgplayer/xy9-25,https://images.pokemontcg.io/xy9/25_hires.png,2026/08/08,2026/06/08,0.18,0.019999999552965164,0.20000000298023224,1000.0,,0.52,,,,0.1038,0.0231,0.0923,0.4499,0.10379999876022339,0.0923,0.1038,1.142,0.646,0.4614,1.1535,2026-08-09
pl1-35,Luvdisc,normal,Platinum,35,Rare,Kagemaru Himeno,Basic,370,Pokémon,2009/02/11,"tcgplayer,cardmarket",https://prices.pokemontcg.io/tcgplayer/pl1-35,https://images.pokemontcg.io/pl1/35_hires.png,2026/08/08,2026/03/11,1.38,0.6499999761581421,1.2400000095367432,25.5,,2.36,,,,1.0035,0.0231,1.0035,1.2689,1.7302000522613525,1.0612,0.8767,2.2955,1.9609,1.3957,1.1535,2026-08-09
col1-35,Typhlosion,normal,Call of Legends,35,Rare,Kagemaru Himeno,Stage 2,157,Pokémon,2011/02/09,"tcgplayer,cardmarket",https://prices.pokemontcg.io/tcgplayer/col1-35,https://images.pokemontcg.io/col1/35_hires.png,2026/08/08,2026/05/14,5.68,5.670000076293945,7.710000038146973,44.099998474121094,,20.32,,,,11.5465,0.2884,9.8624,0.0,13.830499649047852,10.2085,6.3442,3.4605,9.3549,7.8553,1.1535,2026-08-09
np-25,Flygon,normal,Nintendo Black Star Promos,25,Promo,Kouki Saitou,Stage 2,330,Pokémon,2003/10/01,"tcgplayer,cardmarket",https://prices.pokemontcg.io/tcgplayer/np-25,https://images.pokemontcg.io/np/25_hires.png,2026/08/08,2026/07/01,36.3,75.0,409.0,411.9800109863281,,,,,,173.025,576.75,108.3137,0.0,173.02499389648438,81.4832,68.5871,0.0,0.0,0.0,1.1535,2026-08-09
hgss1-38,Croconaw,normal,HeartGold & SoulSilver,38,Uncommon,kawayoo,Stage 1,159,Pokémon,2010/02/10,"tcgplayer,cardmarket",https://prices.pokemontcg.io/tcgplayer/hgss1-38,https://images.pokemontcg.io/hgss1/38_hires.png,2026/08/08,2026/03/09,1.5,0.6000000238418579,1.1200000047683716,19.979999542236328,,4.12,,,,0.5306,0.0692,0.8882,4.1295,1.153499960899353,1.1881,0.7728,7.8438,6.3327,4.1295,1.1535,2026-08-09
xyp-XY25,Krookodile-EX,holofoil,XY Black Star Promos,XY25,Promo,PLANETA,Basic|EX,553,Pokémon,2013/10/12,"tcgplayer,cardmarket",https://prices.pokemontcg.io/tcgplayer/xyp-XY25,https://images.pokemontcg.io/xyp/XY25_hires.png,2026/08/08,2026/05/28,13.22,5.909999847412109,9.5600004196167,229.10000610351562,,,,,,9.551,5.4791,9.5394,0.0,6.86329984664917,10.7737,10.8775,2.2955,4.7178,3.6912,1.1535,2026-08-09
ex9-35,Loudred,normal,Emerald,35,Uncommon,Hajime Kusajima,Stage 1,294,Pokémon,2005/05/01,"tcgplayer,cardmarket",https://prices.pokemontcg.io/tcgplayer/ex9-35,https://images.pokemontcg.io/ex9/35_hires.png,2026/08/08,2026/06/21,1.56,0.9900000095367432,1.5800000429153442,27.299999237060547,,20.93,,,,17.3025,17.3025,18.8828,0.0,17.302499771118164,15.6876,13.0807,0.0,0.0,0.0,1.1535,2026-08-09
xy4-31,Zubat,normal,Phantom Forces,31,Common,match,Basic,41,Pokémon,2014/11/05,"tcgplayer,cardmarket",https://prices.pokemontcg.io/tcgplayer/xy4-31,https://images.pokemontcg.io/xy4/31_hires.png,2026/08/08,2026/03/11,0.18,0.05000000074505806,0.23000000417232513,19.979999542236328,,0.76,,,,0.1615,0.0231,0.173,0.5191,0.08070000261068344,0.1269,0.15,0.5652,0.5075,0.6344,1.1535,2026-08-09
swshp-SWSH025,Garbodor,holofoil,SWSH Black Star Promos,SWSH025,Promo,tetsuya koizumi,Stage 1,569,Pokémon,2019/11/15,"tcgplayer,cardmarket",https://prices.pokemontcg.io/tcgplayer/swshp-SWSH025,https://images.pokemontcg.io/swshp/SWSH025_hires.png,2026/08/08,2026/05/14,59.95,61.72999954223633,89.41999816894531,958.0,,,,,,14.5918,2.5377,14.1188,0.0,19.02120018005371,17.5332,12.2848,5.6406,6.1828,8.2591,1.1535,2026-08-09
pl3-31,Lucario C,normal,Supreme Victors,31,Rare,kawayoo,Basic|SP,448,Pokémon,2009/08/19,"tcgplayer,cardmarket",https://prices.pokemontcg.io/tcgplayer/pl3-31,https://images.pokemontcg.io/pl3/31_hires.png,2026/08/08,2026/06/07,26.74,16.5,26.989999771118164,302.0,,119.99,,,,10.4968,1.7302,11.8349,17.4986,7.497700214385986,10.9352,11.0967,22.9546,18.9059,14.1881,1.1535,2026-08-09
xy1-34,Starmie,normal,XY,34,Rare,Suwama Chiaki,Stage 1,121,Pokémon,2014/02/05,"tcgplayer,cardmarket",https://prices.pokemontcg.io/tcgplayer/xy1-34,https://images.pokemontcg.io/xy1/34_hires.png,2026/08/08,2026/03/11,0.63,0.33000001311302185,0.5600000023841858,24.989999771118164,,0.91,,,,1.0958,0.1154,0.7728,1.3496,1.153499960899353,0.9689,0.7267,1.9379,1.5572,1.3842,1.1535,2026-08-09
sm4-26,Feebas,normal,Crimson Invasion,26,Common,Hitoshi Ariga,Basic,349,Pokémon,2017/11/03,"tcgplayer,cardmarket",https://prices.pokemontcg.io/tcgplayer/sm4-26,https://images.pokemontcg.io/sm4/26_hires.png,2026/08/08,2026/06/08,0.23,0.029999999329447746,0.25,18.8799991607666,,0.41,,,,0.1154,0.0231,0.1154,0.4268,0.11540000140666962,0.173,0.1038,0.173,0.4037,0.3345,1.1535,2026-08-09
bw7-36,Marill,normal,Boundaries Crossed,36,Common,Mizue,Basic,183,Pokémon,2012/11/07,"tcgplayer,cardmarket",https://prices.pokemontcg.io/tcgplayer/bw7-36,https://images.pokemontcg.io/bw7/36_hires.png,2026/08/08,2026/05/14,0.61,0.1899999976158142,0.6000000238418579,19.979999542236328,,4.66,,,,0.2999,0.0231,0.3345,2.1224,0.46140000224113464,0.2422,0.346,1.7302,1.6726,1.5688,1.1535,2026-08-09
dp3-38,Sunflora,normal,Secret Wonders,38,Rare,Mitsuhiro Arita,Stage 1,192,Pokémon,2007/11/01,"tcgplayer,cardmarket",https://prices.pokemontcg.io/tcgplayer/dp3-38,https://images.pokemontcg.io/dp3/38_hires.png,2026/08/08,2026/04/11,1.02,0.5400000214576721,1.1699999570846558,19.979999542236328,,2.79,,,,0.6229,0.1154,0.5998,2.3877,0.51910001039505,0.5652,0.5767,0.5767,2.2955,1.8687,1.1535,2026-08-09
xy6-32,Banette,normal,Roaring Skies,32,Rare,Shin Nagasawa,Stage 1,354,Pokémon,2015/05/06,"tcgplayer,cardmarket",https://prices.pokemontcg.io/tcgplayer/xy6-32,https://images.pokemontcg.io/xy6/32_hires.png,2026/08/08,2026/05/14,0.9,0.46000000834465027,0.8999999761581421,19.979999542236328,,2.94,,,,1.8802,0.346,2.953,4.6717,1.3265000581741333,2.2378,1.7302,8.0053,6.6672,5.4907,1.1535,2026-08-09
bw2-27,Swanna,normal,Emerging Powers,27,Rare,Atsuko Nishida,Stage 1,581,Pokémon,2011/08/31,"tcgplayer,cardmarket",https://prices.pokemontcg.io/tcgplayer/bw2-27,https://images.pokemontcg.io/bw2/27_hires.png,2026/08/08,2026/05/16,0.67,0.28999999165534973,0.6700000166893005,19.979999542236328,,1.16,,,,0.1846,0.0231,0.2422,0.0,0.46140000224113464,0.4153,0.3922,1.3611,1.5572,1.4188,1.1535,2026-08-09
ex12-36,Kabuto,normal,Legend Maker,36,Uncommon,Takao Unno,Stage 1,140,Pokémon,2006/02/01,"tcgplayer,cardmarket",https://prices.pokemontcg.io/tcgplayer/ex12-36,https://images.pokemontcg.io/ex12/36_hires.png,2026/08/08,2026/06/11,1.04,0.3499999940395355,1.0199999809265137,19.979999542236328,,39.39,,,,0.8651,0.0577,0.6575,0.0,0.6229000091552734,0.7152,1.2342,6.921,15.1224,13.7266,1.1535,2026-08-09
bw6-37,Alomomola,normal,Dragons Exalted,37,Rare,Miki Tanaka,Basic,594,Pokémon,2012/08/15,"tcgplayer,cardmarket",https://prices.pokemontcg.io/tcgplayer/bw6-37,https://images.pokemontcg.io/bw6/37_hires.png,2026/08/08,2026/03/11,0.8,0.30000001192092896,0.800000011920929,19.979999542236328,,1.55,,,,0.8767,0.0923,0.7267,0.7728,0.5306000113487244,0.7382,0.8421,1.4419,1.2458,1.0728,1.1535,2026-08-09
pl4-35,Charmeleon,normal,Arceus,35,Uncommon,Sumiyoshi Kizuki,Stage 1,5,Pokémon,2009/11/04,"tcgplayer,cardmarket",https://prices.pokemontcg.io/tcgplayer/pl4-35,https://images.pokemontcg.io/pl4/35_hires.png,2026/08/08,2026/05/14,1.83,0.9900000095367432,1.8799999952316284,19.979999542236328,,14.28,,,,0.8536,0.0923,0.819,7.6246,0.46140000224113464,1.1535,0.8882,5.7675,7.6362,6.2174,1.1535,2026-08-09
swsh2-28,Arcanine,normal,Rebel Clash,28,Rare,Hasuno,Stage 1,59,Pokémon,2020/05/01,"tcgplayer,cardmarket",https://prices.pokemontcg.io/tcgplayer/swsh2-28,https://images.pokemontcg.io/swsh2/28_hires.png,2026/08/08,2026/03/11,0.47,0.17000000178813934,0.49000000953674316,19.979999542236328,,1.83,,,,0.4153,0.0577,0.3807,2.2493,0.24220000207424164,0.3922,0.4268,4.0373,2.8953,1.9956,1.1535,2026-08-09
dp6-27,Ditto,normal,Legends Awakened,27,Rare,Ken Sugimori,Basic,132,Pokémon,2008/08/01,"tcgplayer,cardmarket",https://prices.pokemontcg.io/tcgplayer/dp6-27,https://images.pokemontcg.io/dp6/27_hires.png,2026/08/08,2026/06/22,22.4,14.430000305175781,29.0,221.6999969482422,,100.0,,,,3.6105,1.1535,6.6788,7.5208,11.523500442504883,5.606,5.8944,3.4605,14.5918,8.8127,1.1535,2026-08-09
ex6-30,Tangela,normal,FireRed & LeafGreen,30,Rare,Yuka Morii,Basic,114,Pokémon,2004/09/01,"tcgplayer,cardmarket",https://prices.pokemontcg.io/tcgplayer/ex6-30,https://images.pokemontcg.io/ex6/30_hires.png,2026/08/08,2026/06/27,17.4,24.0,39.72999954223633,270.0,,36.62,,,,4.291,0.4614,5.9982,11.685,11.53499984741211,5.5483,4.6486,23.07,11.4543,10.6814,1.1535,2026-08-09
sma-SV27,Magnemite,holofoil,Hidden Fates Shiny Vault,SV27,Rare Shiny,SATOSHI NAKAI,Basic,81,Pokémon,2019/08/23,"tcgplayer,cardmarket",https://prices.pokemontcg.io/tcgplayer/sma-SV27,https://images.pokemontcg.io/sma/SV27_hires.png,2026/08/08,2026/05/11,2.98,1.7899999618530273,3.069999933242798,21.420000076293945,,,,,,1.9148,0.5767,1.4649,0.0,1.6380000114440918,1.9263,3.1491,3.4605,2.157,3.3913,1.1535,2026-08-09
ex2-27,Anorith,normal,Sandstorm,27,Uncommon,Mitsuhiro Arita,Stage 1,347,Pokémon,2003/09/18,"tcgplayer,cardmarket",https://prices.pokemontcg.io/tcgplayer/ex2-27,https://images.pokemontcg.io/ex2/27_hires.png,2026/08/08,2026/06/28,1.39,0.6899999976158142,1.190000057220459,19.979999542236328,,10.28,,,,1.0381,0.0577,1.0381,2.4108,0.8651000261306763,1.315,1.0266,2.1801,2.1686,4.3026,1.1535,2026-08-09
sm75-33,Hydreigon,holofoil,Dragon Majesty,33,Rare Holo,Masakazu Fukuda,Stage 2,635,Pokémon,2018/09/07,"tcgplayer,cardmarket",https://prices.pokemontcg.io/tcgplayer/sm75-33,https://images.pokemontcg.io/sm75/33_hires.png,2026/08/08,2026/03/11,0.55,0.33000001311302185,0.6000000238418579,19.200000762939453,,2.71,,,,0.9343,0.1154,0.7382,1.0381,0.853600025177002,0.7613,0.8305,3.4605,4.6255,2.5608,1.1535,2026-08-09
bw11-37,Oshawott,normal,Legendary Treasures,37,Common,Midori Harada,Basic,501,Pokémon,2013/11/06,"tcgplayer,cardmarket",https://prices.pokemontcg.io/tcgplayer/bw11-37,https://images.pokemontcg.io/bw11/37_hires.png,2026/08/08,2026/03/11,0.52,0.10000000149011612,0.47999998927116394,19.989999771118164,,5.7,,,,0.7267,0.0231,0.4037,0.0,0.34599998593330383,0.6921,0.5191,2.1916,3.0798,2.4454,1.1535,2026-08-09
hgss4-36,Kangaskhan,normal,HS—Triumphant,36,Uncommon,Mitsuhiro Arita,Basic,115,Pokémon,2010/11/03,"tcgplayer,cardmarket",https://prices.pokemontcg.io/tcgplayer/hgss4-36,https://images.pokemontcg.io/hgss4/36_hires.png,2026/08/08,2026/05/14,0.68,0.17000000178813934,0.5099999904632568,19.979999542236328,,7.9,,,,0.7267,0.0231,0.669,0.7498,0.911300003528595,0.7613,0.6921,4.3833,2.5146,2.3762,1.1535,2026-08-09
ex5-27,Tropius,normal,Hidden Legends,27,Rare,Kouki Saitou,Basic,357,Pokémon,2004/06/01,"tcgplayer,cardmarket",https://prices.pokemontcg.io/tcgplayer/ex5-27,https://images.pokemontcg.io/ex5/27_hires.png,2026/08/08,2026/07/01,3.41,1.409999966621399,3.0,25.600000381469727,,14.74,,,,1.7879,0.0577,1.6726,8.0399,2.249300003051758,1.1189,1.4419,10.3238,6.4942,7.6938,1.1535,2026-08-09
sm35-25,Manaphy,holofoil,Shining Legends,25,Rare Holo,Kagemaru Himeno,Basic,490,Pokémon,2017/10/06,"tcgplayer,cardmarket",https://prices.pokemontcg.io/tcgplayer/sm35-25,https://images.pokemontcg.io/sm35/25_hires.png,2026/08/08,2026/05/07,0.38,0.09000000357627869,0.3799999952316284,5.0,,0.54,,,,0.4153,0.0346,0.2999,0.5306,0.426800012588501,0.4499,0.4153,0.5191,0.4383,0.4729,1.1535,2026-08-09
xy0-27,Miltank,normal,Kalos Starter Set,27,,Akira Komayama,Basic,241,Pokémon,2013/11/08,"tcgplayer,cardmarket",https://prices.pokemontcg.io/tcgplayer/xy0-27,https://images.pokemontcg.io/xy0/27_hires.png,2026/08/08,2026/06/22,10.95,19.989999771118164,66.19999694824219,99.98999786376953,,,,,,6.1943,2.0186,6.4135,0.0,6.11359977722168,5.8944,6.8287,0.0,0.0,0.0,1.1535,2026-08-09
swsh3-29,Larvesta,normal,Darkness Ablaze,29,Common,Uta,Basic,636,Pokémon,2020/08/14,"tcgplayer,cardmarket",https://prices.pokemontcg.io/tcgplayer/swsh3-29,https://images.pokemontcg.io/swsh3/29_hires.png,2026/08/08,2026/03/08,0.06,0.009999999776482582,0.15000000596046448,25.059999465942383,,0.27,,,,0.0807,0.0231,0.0692,0.2422,0.023099999874830246,0.0807,0.0577,0.2076,0.2422,0.2307,1.1535,2026-08-09
bw4-38,Kyurem-EX,holofoil,Next Destinies,38,Rare Holo EX,Shizurow,Basic|EX,646,Pokémon,2012/02/08,"tcgplayer,cardmarket",https://prices.pokemontcg.io/tcgplayer/bw4-38,https://images.pokemontcg.io/bw4/38_hires.png,2026/08/08,2026/03/11,8.65,5.0,8.050000190734863,87.80999755859375,,,,,,6.6326,1.7302,4.8562,0.0,1.7187000513076782,6.7364,6.4711,2.1916,3.8988,3.7258,1.1535,2026-08-09
bw10-39,Munna,normal,Plasma Blast,39,Common,Mizue,Basic,517,Pokémon,2013/08/14,"tcgplayer,cardmarket",https://prices.pokemontcg.io/tcgplayer/bw10-39,https://images.pokemontcg.io/bw10/39_hires.png,2026/08/08,2026/03/11,0.29,0.10000000149011612,0.25,19.979999542236328,,0.61,,,,0.1846,0.0231,0.1961,0.0,0.17299999296665192,0.1384,0.1615,0.5767,0.496,0.5652,1.1535,2026-08-09
ex15-24,Vibrava δ,normal,Dragon Frontiers,24,Rare,Tomokazu Komiya,Stage 1,329,Pokémon,2006/11/01,"tcgplayer,cardmarket",https://prices.pokemontcg.io/tcgplayer/ex15-24,https://images.pokemontcg.io/ex15/24_hires.png,2026/08/08,2026/06/27,1.73,1.1200000047683716,1.7200000286102295,26.0,,31.72,,,,1.3957,0.0231,2.1455,7.0479,2.8722000122070312,1.9494,1.3611,5.4561,8.4552,10.4276,1.1535,2026-08-09
xy10-33,Solosis,normal,Fates Collide,33,Common,match,Basic,577,Pokémon,2016/05/02,"tcgplayer,cardmarket",https://prices.pokemontcg.io/tcgplayer/xy10-33,https://images.pokemontcg.io/xy10/33_hires.png,2026/08/08,2026/03/11,0.19,0.019999999552965164,0.20000000298023224,17.100000381469727,,0.35,,,,0.1961,0.0231,0.1269,0.496,0.05770000070333481,0.1846,0.1154,0.2884,0.4729,0.3691,1.1535,2026-08-09
sm6-29,Bergmite,normal,Forbidden Light,29,Common,Miki Tanaka,Basic,712,Pokémon,2018/05/04,"tcgplayer,cardmarket",https://prices.pokemontcg.io/tcgplayer/sm6-29,https://images.pokemontcg.io/sm6/29_hires.png,2026/08/08,2026/03/11,0.15,0.009999999776482582,0.20000000298023224,19.979999542236328,,0.4,,,,0.1154,0.0231,0.0923,0.3691,0.023099999874830246,0.0923,0.0923,0.2307,0.3114,0.3576,1.1535,2026-08-09
xy2-39,Dusclops,normal,Flashfire,39,Uncommon,MAHOU,Stage 1,356,Pokémon,2014/05/07,"tcgplayer,cardmarket",https://prices.pokemontcg.io/tcgplayer/xy2-39,https://images.pokemontcg.io/xy2/39_hires.png,2026/08/08,2026/03/08,0.24,0.03999999910593033,0.25,19.989999771118164,,1.03,,,,0.1154,0.0231,0.1384,3.0337,0.1615000069141388,0.1384,0.1154,3.0337,1.1766,0.9459,1.1535,2026-08-09
xy7-34,Golett,normal,Ancient Origins,34,Common,Sanosuke Sakuma,Basic,622,Pokémon,2015/08/12,"tcgplayer,cardmarket",https://prices.pokemontcg.io/tcgplayer/xy7-34,https://images.pokemontcg.io/xy7/34_hires.png,2026/08/08,2026/05/07,0.04,0.009999999776482582,0.20000000298023224,1000.0,,0.37,,,,0.1615,0.0231,0.1615,0.6229,0.06920000165700912,0.0807,0.1154,1.0958,0.5537,0.4383,1.1535,2026-08-09
bw1-32,Samurott,holofoil,Black & White,32,Rare Holo,5ban Graphics,Stage 2,503,Pokémon,2011/04/25,"tcgplayer,cardmarket",https://prices.pokemontcg.io/tcgplayer/bw1-32,https://images.pokemontcg.io/bw1/32_hires.png,2026/08/08,2026/05/14,2.7,1.5,2.700000047683716,35.79999923706055,,4.27,,,,2.6184,0.2307,2.457,2.7338,1.153499960899353,2.3993,1.8571,2.6992,3.6105,2.4339,1.1535,2026-08-09
ex11-33,Weezing,normal,Delta Species,33,Rare,Yukiko Baba,Stage 1,110,Pokémon,2005/10/31,"tcgplayer,cardmarket",https://prices.pokemontcg.io/tcgplayer/ex11-33,https://images.pokemontcg.io/ex11/33_hires.png,2026/08/08,2026/06/22,1.26,0.8799999952316284,1.5700000524520874,21.989999771118164,,29.31,,,,2.0763,0.0577,2.1686,18.4214,0.40369999408721924,2.134,1.9033,23.07,12.4578,9.8855,1.1535,2026-08-09
base3-36,Golem,unlimited,Fossil,36,Uncommon,Kagemaru Himeno,Stage 2,76,Pokémon,1999/10/10,"tcgplayer,cardmarket",https://prices.pokemontcg.io/tcgplayer/base3-36,https://images.pokemontcg.io/base3/36_hires.png,2026/08/08,2026/07/01,1.53,0.41999998688697815,0.9900000095367432,18.459999084472656,,,,,"{""1stEdition"": {""low"": 2.25, ""mid"": 6.35, ""high"": 35.08, ""market"": 7.24, ""directLow"": null}}",2.6877,0.0577,3.1375,0.0,3.2528998851776123,3.299,2.7915,1.9033,2.0532,2.0532,1.1535,2026-08-09
dc1-25,Team Aqua Admin,normal,Double Crisis,25,Uncommon,GAME FREAK inc.,Supporter,,Trainer,2015/03/25,"tcgplayer,cardmarket",https://prices.pokemontcg.io/tcgplayer/dc1-25,https://images.pokemontcg.io/dc1/25_hires.png,2026/08/08,2026/06/27,0.93,0.25,0.5600000023841858,19.979999542236328,,12.2,,,,0.9343,0.346,1.7764,4.2679,0.28839999437332153,1.142,1.4073,4.2679,10.4968,6.9095,1.1535,2026-08-09
sm12-37,Pyroar,normal,Cosmic Eclipse,37,Uncommon,KEIICHIRO ITO,Stage 1,668,Pokémon,2019/11/01,"tcgplayer,cardmarket",https://prices.pokemontcg.io/tcgplayer/sm12-37,https://images.pokemontcg.io/sm12/37_hires.png,2026/08/08,2026/03/11,0.2,0.05000000074505806,0.23000000417232513,19.979999542236328,,0.52,,,,0.173,0.0231,0.15,0.7036,0.11540000140666962,0.0923,0.1038,0.8074,0.7267,0.8651,1.1535,2026-08-09
sm8-33,Shaymin,holofoil,Lost Thunder,33,Rare Holo,Sekio,Basic,492,Pokémon,2018/11/02,"tcgplayer,cardmarket",https://prices.pokemontcg.io/tcgplayer/sm8-33,https://images.pokemontcg.io/sm8/33_hires.png,2026/08/08,2026/03/11,3.49,2.0,3.990000009536743,6.679999828338623,,3.46,,,,3.7258,1.1535,3.4951,4.4986,2.8722000122070312,3.5066,3.2067,4.4986,3.3913,3.3567,1.1535,2026-08-09
xy11-36,Bergmite,normal,Steam Siege,36,Common,Midori Harada,Basic,712,Pokémon,2016/08/03,"tcgplayer,cardmarket",https://prices.pokemontcg.io/tcgplayer/xy11-36,https://images.pokemontcg.io/xy11/36_hires.png,2026/08/08,2026/03/07,0.13,0.03999999910593033,0.20000000298023224,19.979999542236328,,0.32,,,,0.0577,0.0231,0.0692,0.3114,0.05770000070333481,0.0461,0.0807,0.346,0.2999,0.2653,1.1535,2026-08-09
neo4-33,Dark Exeggutor,unlimited,Neo Destiny,33,Uncommon,Toshinao Aoki,Stage 1,103,Pokémon,2002/02/28,"tcgplayer,cardmarket",https://prices.pokemontcg.io/tcgplayer/neo4-33,https://images.pokemontcg.io/neo4/33_hires.png,2026/08/08,2026/06/27,5.54,4.489999771118164,6.380000114440918,52.599998474121094,,,,,"{""1stEdition"": {""low"": 15.99, ""mid"": 53.22, ""high"": 186.4, ""market"": 20.05, ""directLow"": null}}",5.9059,1.0266,7.1978,0.0,17.291000366210938,6.7018,5.4561,1.7187,1.7187,1.7187,1.1535,2026-08-09
base1-34,Machoke,normal,Base,34,Uncommon,Ken Sugimori,Stage 1,67,Pokémon,1999/01/09,"tcgplayer,cardmarket",https://prices.pokemontcg.io/tcgplayer/base1-34,https://images.pokemontcg.io/base1/34_hires.png,2026/08/08,2026/07/01,1.01,0.15000000596046448,0.75,9999.0,,,,,,1.811,0.0231,1.5226,0.0,1.3726999759674072,1.9263,2.157,0.2307,0.2307,0.2307,1.1535,2026-08-09
ex16-26,Anorith,normal,Power Keepers,26,Uncommon,Midori Harada,Stage 1,347,Pokémon,2007/02/02,"tcgplayer,cardmarket",https://prices.pokemontcg.io/tcgplayer/ex16-26,https://images.pokemontcg.io/ex16/26_hires.png,2026/08/08,2026/07/01,0.82,0.15000000596046448,0.5899999737739563,19.979999542236328,,22.03,,,,0.8882,0.0577,0.646,3.1145,0.11540000140666962,0.5767,0.6344,4.6025,3.622,3.8181,1.1535,2026-08-09
sm3-30,Seadra,normal,Burning Shadows,30,Uncommon,Suwama Chiaki,Stage 1,117,Pokémon,2017/08/05,"tcgplayer,cardmarket",https://prices.pokemontcg.io/tcgplayer/sm3-30,https://images.pokemontcg.io/sm3/30_hires.png,2026/08/08,2026/05/14,0.14,0.009999999776482582,0.20000000298023224,19.979999542236328,,0.38,,,,0.0692,0.0231,0.0807,0.1961,0.11540000140666962,0.0692,0.0807,0.173,0.1615,0.2999,1.1535,2026-08-09
ecard1-25,Raichu,holofoil,Expedition Base Set,25,Rare Holo,Atsuko Nishida,Stage 1,26,Pokémon,2002/09/15,"tcgplayer,cardmarket",https://prices.pokemontcg.io/tcgplayer/ecard1-25,https://images.pokemontcg.io/ecard1/25_hires.png,2026/08/08,2026/07/01,174.99,389.989990234375,394.989990234375,399.989990234375,,199.99,,,,57.4328,7.6823,37.4426,24.1543,8.016799926757812,57.6519,75.0006,51.9075,45.3325,34.4089,1.1535,2026-08-09
sm9-36,Alolan Graveler,normal,Team Up,36,Uncommon,Misa Tsutsui,Stage 1,75,Pokémon,2019/02/01,"tcgplayer,cardmarket",https://prices.pokemontcg.io/tcgplayer/sm9-36,https://images.pokemontcg.io/sm9/36_hires.png,2026/08/08,2026/03/11,0.19,0.10000000149011612,0.25,19.979999542236328,,0.48,,,,0.1384,0.0231,0.1384,0.7613,0.17299999296665192,0.1384,0.15,0.4499,0.7267,0.5306,1.1535,2026-08-09
base5-31,Dark Weezing,unlimited,Team Rocket,31,Rare,Shin-ichi Yoshida,Stage 1,110,Pokémon,2000/04/24,"tcgplayer,cardmarket",https://prices.pokemontcg.io/tcgplayer/base5-31,https://images.pokemontcg.io/base5/31_hires.png,2026/08/08,2026/07/01,7.75,3.299999952316284,5.099999904632568,61.84000015258789,,,,,"{""1stEdition"": {""low"": 5.99, ""mid"": 9.99, ""high"": 94.5, ""market"": 10.49, ""directLow"": null}}",10.6007,0.8651,13.7036,0.0,28.826000213623047,10.7852,10.6583,20.763,6.1943,5.5022,1.1535,2026-08-09
ex3-33,Horsea,normal,Dragon,33,Uncommon,Hajime Kusajima,Basic,116,Pokémon,2003/11/24,"tcgplayer,cardmarket",https://prices.pokemontcg.io/tcgplayer/ex3-33,https://images.pokemontcg.io/ex3/33_hires.png,2026/08/08,2026/06/22,3.06,2.109999895095825,4.739999771118164,40.70000076293945,,11.85,,,,2.9876,0.2307,3.0683,13.842,1.6726000308990479,2.4339,2.6992,4.614,5.8021,4.0603,1.1535,2026-08-09
bw3-29,Vanilluxe,normal,Noble Victories,29,Rare,Kagemaru Himeno,Stage 2,584,Pokémon,2011/11/16,"tcgplayer,cardmarket",https://prices.pokemontcg.io/tcgplayer/bw3-29,https://images.pokemontcg.io/bw3/29_hires.png,2026/08/08,2026/06/08,1.86,1.0,1.4900000095367432,96.94999694824219,,2.23,,,,0.8997,0.0231,1.0612,1.4303,0.9228000044822693,0.8305,1.3381,1.4303,1.3496,2.2724,1.1535,2026-08-09
hgss3-31,Muk,normal,HS—Undaunted,31,Uncommon,Midori Harada,Stage 1,89,Pokémon,2010/08/18,"tcgplayer,cardmarket",https://prices.pokemontcg.io/tcgplayer/hgss3-31,https://images.pokemontcg.io/hgss3/31_hires.png,2026/08/08,2026/06/11,0.6,0.25,0.49000000953674316,3.490000009536743,,6.38,,,,0.1961,0.0231,0.1269,2.5838,0.11540000140666962,0.2076,0.2538,0.5767,2.5492,1.9033,1.1535,2026-08-09
pl2-30,Nidoqueen,normal,Rising Rivals,30,Rare,Midori Harada,Stage 2,31,Pokémon,2009/05/16,"tcgplayer,cardmarket",https://prices.pokemontcg.io/tcgplayer/pl2-30,https://images.pokemontcg.io/pl2/30_hires.png,2026/08/08,2026/06/08,3.94,3.0,4.449999809265137,46.70000076293945,,6.44,,,,1.6841,0.1154,1.9494,2.5838,0.57669997215271,1.7072,1.7072,4.614,2.3301,3.0337,1.1535,2026-08-09
sm5-34,Empoleon,normal,Ultra Prism,34,Rare,nagimiso,Stage 2,395,Pokémon,2018/02/02,"tcgplayer,cardmarket",https://prices.pokemontcg.io/tcgplayer/sm5-34,https://images.pokemontcg.io/sm5/34_hires.png,2026/08/08,2026/03/11,0.4,0.10000000149011612,0.4399999976158142,17.5,,1.05,,,,0.3345,0.0231,0.4153,0.5191,0.47290000319480896,0.346,0.4153,0.3807,0.4845,0.6344,1.1535,2026-08-09
mcd12-12,Axew,holofoil,McDonald's Collection 2012,12,,Atsuko Nishida,Basic,610,Pokémon,2012/06/15,"tcgplayer,cardmarket",https://prices.pokemontcg.io/tcgplayer/mcd12-12,https://images.pokemontcg.io/mcd12/12_hires.png,2026/08/08,2026/07/01,11.0,8.989999771118164,11.329999923706055,128.6999969482422,,,,,,36.0123,16.1375,29.8987,0.0,34.547298431396484,33.4284,17.7062,8.0745,4.1872,4.1872,1.1535,2026-08-09
swsh35-35,Galarian Zigzagoon,normal,Champion's Path,35,Common,Kouki Saitou,Basic,263,Pokémon,2020/09/25,"tcgplayer,cardmarket",https://prices.pokemontcg.io/tcgplayer/swsh35-35,https://images.pokemontcg.io/swsh35/35_hires.png,2026/08/08,2026/03/11,0.17,0.009999999776482582,0.18000000715255737,15.520000457763672,,0.34,,,,0.0692,0.0231,0.0807,0.3345,0.20759999752044678,0.0923,0.0807,0.4037,0.2999,0.2768,1.1535,2026-08-09
sm11-27,Litwick,normal,Unified Minds,27,Common,MAHOU,Basic,607,Pokémon,2019/08/02,"tcgplayer,cardmarket",https://prices.pokemontcg.io/tcgplayer/sm11-27,https://images.pokemontcg.io/sm11/27_hires.png,2026/08/08,2026/05/04,0.32,0.09000000357627869,0.3199999928474426,16.84000015258789,,0.68,,,,0.1269,0.0231,0.1269,0.6921,0.11540000140666962,0.1154,0.1269,1.142,0.7036,0.5306,1.1535,2026-08-09
dpp-DP34,Drifblim,holofoil,DP Black Star Promos,DP34,Promo,Mitsuhiro Arita,Stage 1,426,Pokémon,2007/05/01,tcgplayer,https://prices.pokemontcg.io/tcgplayer/dpp-DP34,https://images.pokemontcg.io/dpp/DP34_hires.png,2026/08/08,,12.97,19.989999771118164,51.95000076293945,137.5,,,,,,,,,,,,,,,,,2026-08-09
xy3-24,Clawitzer,holofoil,Furious Fists,24,Rare Holo,5ban Graphics,Stage 1,693,Pokémon,2014/08/13,"tcgplayer,cardmarket",https://prices.pokemontcg.io/tcgplayer/xy3-24,https://images.pokemontcg.io/xy3/24_hires.png,2026/08/08,2026/06/18,0.62,0.30000001192092896,0.6499999761581421,3.490000009536743,,0.77,,,,1.3035,0.2307,1.1881,0.0,1.153499960899353,1.1881,1.3842,2.1916,1.2919,1.0958,1.1535,2026-08-09
dp1-35,Pachirisu,normal,Diamond & Pearl,35,Rare,Ken Sugimori,Basic,417,Pokémon,2007/05/01,"tcgplayer,cardmarket",https://prices.pokemontcg.io/tcgplayer/dp1-35,https://images.pokemontcg.io/dp1/35_hires.png,2026/08/08,2026/05/14,2.21,0.8299999833106995,1.2000000476837158,25.100000381469727,,7.18,,,,1.9033,0.1038,1.9263,5.1561,0.57669997215271,1.5111,1.5688,3.6335,3.9334,2.3301,1.1535,2026-08-09
ecard3-H31,Vaporeon,holofoil,Skyridge,H31,Rare Holo,Naoyo Kimura,Stage 1,134,Pokémon,2003/05/12,"tcgplayer,cardmarket",https://prices.pokemontcg.io/tcgplayer/ecard3-H31,https://images.pokemontcg.io/ecard3/H31_hires.png,2026/08/08,2026/06/27,423.0,950.0,1271.8499755859375,1593.68994140625,,,,,,389.387,92.2685,867.3282,0.0,784.3800048828125,312.7946,609.8093,69.21,73.3049,63.4425,1.1535,2026-08-09
ex10-33,Tyrogue,normal,Unseen Forces,33,Rare,Yuka Morii,Basic,236,Pokémon,2005/08/01,"tcgplayer,cardmarket",https://prices.pokemontcg.io/tcgplayer/ex10-33,https://images.pokemontcg.io/ex10/33_hires.png,2026/08/08,2026/06/22,17.18,13.0,19.8799991607666,134.89999389648438,,43.4,,,,4.3487,0.0577,4.0142,60.3165,3.172100067138672,4.4756,3.6912,4.614,47.0397,18.1561,1.1535,2026-08-09
ex14-32,Grovyle,normal,Crystal Guardians,32,Uncommon,Hisao Nakamura,Stage 1,253,Pokémon,2006/08/01,"tcgplayer,cardmarket",https://prices.pokemontcg.io/tcgplayer/ex14-32,https://images.pokemontcg.io/ex14/32_hires.png,2026/08/08,2026/06/22,1.05,0.49000000953674316,0.9399999976158142,19.979999542236328,,26.38,,,,0.5537,0.0231,0.6806,25.9768,1.0843000411987305,0.5191,0.5652,28.8375,17.0487,14.1188,1.1535,2026-08-09
bwp-BW23,Reshiram,holofoil,BW Black Star Promos,BW23,Promo,5ban Graphics,Basic,643,Pokémon,2011/03/01,"tcgplayer,cardmarket",https://prices.pokemontcg.io/tcgplayer/bwp-BW23,https://images.pokemontcg.io/bwp/BW23_hires.png,2026/08/08,2026/06/27,6.1,4.5,6.159999847412109,72.9000015258789,,,,,,9.7932,0.9228,9.1703,0.0,5.767499923706055,9.2857,7.417,1.7302,3.1375,2.2378,1.1535,2026-08-09
ex1-26,Cascoon,normal,Ruby & Sapphire,26,Uncommon,Midori Harada,Stage 1,268,Pokémon,2003/07/01,"tcgplayer,cardmarket",https://prices.pokemontcg.io/tcgplayer/ex1-26,https://images.pokemontcg.io/ex1/26_hires.png,2026/08/08,2026/07/01,2.57,1.4900000095367432,2.609999895095825,245.0,,19.92,,,,2.2839,0.0231,1.8571,4.8332,1.1419999599456787,2.2147,1.9263,2.2955,3.9796,3.2298,1.1535,2026-08-09
xy8-29,Staryu,normal,BREAKthrough,29,Common,Shigenori Negishi,Basic,120,Pokémon,2015/11/04,"tcgplayer,cardmarket",https://prices.pokemontcg.io/tcgplayer/xy8-29,https://images.pokemontcg.io/xy8/29_hires.png,2026/08/08,2026/05/14,0.18,0.07999999821186066,0.23000000417232513,1000.0,,0.52,,,,0.2307,0.0231,0.2192,0.7728,0.4959999918937683,0.1961,0.15,0.346,0.7498,0.5883,1.1535,2026-08-09
gym1-34,Sabrina's Venomoth,unlimited,Gym Heroes,34,Rare,Ken Sugimori,Stage 1,49,Pokémon,2000/08/14,"tcgplayer,cardmarket",https://prices.pokemontcg.io/tcgplayer/gym1-34,https://images.pokemontcg.io/gym1/34_hires.png,2026/08/08,2026/06/27,8.0,4.150000095367432,6.53000020980835,68.27999877929688,,,,,"{""1stEdition"": {""low"": 8.69, ""mid"": 13.34, ""high"": 173.4, ""market"": 13.99, ""directLow"": null}}",9.8048,2.307,7.7054,0.0,4.613999843597412,11.0851,9.3664,0.0,0.0,0.0,1.1535,2026-08-09
swsh1-34,Cinderace,holofoil,Sword & Shield,34,Rare Holo,Kouki Saitou,Stage 2,815,Pokémon,2020/02/07,"tcgplayer,cardmarket",https://prices.pokemontcg.io/tcgplayer/swsh1-34,https://images.pokemontcg.io/swsh1/34_hires.png,2026/08/08,2026/02/24,0.31,0.14000000059604645,0.36000001430511475,5.0,,0.44,,,,0.3345,0.1154,0.9228,0.0,0.51910001039505,0.323,0.5306,0.2307,0.5998,0.5652,1.1535,2026-08-09
ex13-32,Seviper,normal,Holon Phantoms,32,Rare,Kagemaru Himeno,Basic,336,Pokémon,2006/05/01,"tcgplayer,cardmarket",https://prices.pokemontcg.io/tcgplayer/ex13-32,https://images.pokemontcg.io/ex13/32_hires.png,2026/08/08,2026/06/21,1.74,1.0,1.7000000476837158,19.3799991607666,,20.31,,,,1.0497,0.1154,2.4916,2.307,1.4880000352859497,2.9184,1.6034,9.0896,8.2706,7.7631,1.1535,2026-08-09
sm7-32,Mudkip,normal,Celestial Storm,32,Common,Shigenori Negishi,Basic,258,Pokémon,2018/08/03,"tcgplayer,cardmarket",https://prices.pokemontcg.io/tcgplayer/sm7-32,https://images.pokemontcg.io/sm7/32_hires.png,2026/08/08,2026/03/11,0.72,0.23999999463558197,0.699999988079071,19.979999542236328,,16.54,,,,0.15,0.0231,0.1384,15.5723,0.19609999656677246,0.1384,0.15,28.8375,5.779,1.7764,1.1535,2026-08-09
basep-30,Togepi,normal,Wizards Black Star Promos,30,Promo,Ken Sugimori,Basic,175,Pokémon,1999/07/01,"tcgplayer,cardmarket",https://prices.pokemontcg.io/tcgplayer/basep-30,https://images.pokemontcg.io/basep/30_hires.png,2026/08/08,2026/07/01,22.49,14.0,22.420000076293945,432.3999938964844,,,,,,15.2608,4.0373,17.4063,0.0,10.369999885559082,19.7479,14.3841,1.1535,0.8536,0.8536,1.1535,2026-08-09
hsp-HGSS24,Hitmonchan,holofoil,HGSS Black Star Promos,HGSS24,Promo,Kouki Saitou,Basic,107,Pokémon,2010/02/10,tcgplayer,https://prices.pokemontcg.io/tcgplayer/hsp-HGSS24,https://images.pokemontcg.io/hsp/HGSS24_hires.png,2026/08/08,,20.29,7.989999771118164,13.0,207.8000030517578,,,,,,,,,,,,,,,,,2026-08-09
dp7-25,Scizor,normal,Stormfront,25,Rare,Midori Harada,Stage 1,212,Pokémon,2008/11/01,"tcgplayer,cardmarket",https://prices.pokemontcg.io/tcgplayer/dp7-25,https://images.pokemontcg.io/dp7/25_hires.png,2026/08/08,2026/06/23,9.56,3.990000009536743,9.449999809265137,89.9000015258789,,19.99,,,,2.2609,0.2192,2.653,5.6983,2.4800000190734863,2.3416,1.8456,6.4596,5.9175,5.2254,1.1535,2026-08-09
neo2-26,Magnemite,unlimited,Neo Discovery,26,Rare,"K. Hoshiba, CR CG gangs",Basic,81,Pokémon,2001/06/01,"tcgplayer,cardmarket",https://prices.pokemontcg.io/tcgplayer/neo2-26,https://images.pokemontcg.io/neo2/26_hires.png,2026/08/08,2026/07/01,7.04,4.690000057220459,7.039999961853027,77.41000366210938,,,,,"{""1stEdition"": {""low"": 14.0, ""mid"": 15.99, ""high"": 212.7, ""market"": 13.28, ""directLow"": null}}",4.7063,1.0381,6.425,0.0,1.5571999549865723,5.3292,4.6025,11.535,9.3087,7.0363,1.1535,2026-08-09
xy4-32,Golbat,normal,Phantom Forces,32,Uncommon,Kanako Eo,Stage 1,42,Pokémon,2014/11/05,"tcgplayer,cardmarket",https://prices.pokemontcg.io/tcgplayer/xy4-32,https://images.pokemontcg.io/xy4/32_hires.png,2026/08/08,2026/03/11,0.31,0.09000000357627869,0.28999999165534973,1000.0,,0.8,,,,0.173,0.0346,0.2653,0.0,0.19609999656677246,0.2076,0.2192,2.307,1.7533,1.4419,1.1535,2026-08-09
bw11-38,Dewott,normal,Legendary Treasures,38,Uncommon,Mizue,Stage 1,502,Pokémon,2013/11/06,"tcgplayer,cardmarket",https://prices.pokemontcg.io/tcgplayer/bw11-38,https://images.pokemontcg.io/bw11/38_hires.png,2026/08/08,2026/03/11,0.65,0.20999999344348907,0.5600000023841858,29.989999771118164,,3.19,,,,0.5998,0.4037,0.9459,3.1837,1.3726999759674072,0.6806,0.7959,3.1721,3.5643,2.0186,1.1535,2026-08-09
xy7-35,Golurk,normal,Ancient Origins,35,Rare,kawayoo,Stage 1,623,Pokémon,2015/08/12,"tcgplayer,cardmarket",https://prices.pokemontcg.io/tcgplayer/xy7-35,https://images.pokemontcg.io/xy7/35_hires.png,2026/08/08,2026/05/07,0.6,0.18000000715255737,0.6000000238418579,21.489999771118164,,3.0,,,,0.8882,0.1615,0.9574,3.449,1.153499960899353,0.7844,0.9343,3.3913,3.1029,3.7143,1.1535,2026-08-09
xy9-26,Gyarados-EX,holofoil,BREAKpoint,26,Rare Holo EX,Eske Yoshinob,Basic|EX,130,Pokémon,2016/02/03,"tcgplayer,cardmarket",https://prices.pokemontcg.io/tcgplayer/xy9-26,https://images.pokemontcg.io/xy9/26_hires.png,2026/08/08,2026/06/08,25.63,8.75,25.56999969482422,271.0,,,,,,16.9103,5.7675,13.9343,0.0,11.53499984741211,16.2644,15.9183,8.0745,10.2315,7.7284,1.1535,2026-08-09
basep-31,Cleffa,normal,Wizards Black Star Promos,31,Promo,Ken Sugimori,Baby,173,Pokémon,1999/07/01,"tcgplayer,cardmarket",https://prices.pokemontcg.io/tcgplayer/basep-31,https://images.pokemontcg.io/basep/31_hires.png,2026/08/08,2026/07/01,16.61,10.84000015258789,16.399999618530273,399.989990234375,,,,,,17.3486,3.4605,20.2439,0.0,6.897900104522705,22.1587,14.4418,0.0,0.0,0.0,1.1535,2026-08-09
ex2-28,Anorith,normal,Sandstorm,28,Uncommon,Ken Sugimori,Stage 1,347,Pokémon,2003/09/18,"tcgplayer,cardmarket",https://prices.pokemontcg.io/tcgplayer/ex2-28,https://images.pokemontcg.io/ex2/28_hires.png,2026/08/08,2026/06/26,2.18,1.7799999713897705,4.96999979019165,152.30999755859375,,6.41,,,,1.7302,0.0231,1.984,3.3567,3.4605000019073486,2.3877,1.5572,5.7675,2.9299,4.7409,1.1535,2026-08-09
bw5-28,Prinplup,normal,Dark Explorers,28,Uncommon,Suwama Chiaki,Stage 1,394,Pokémon,2012/05/09,"tcgplayer,cardmarket",https://prices.pokemontcg.io/tcgplayer/bw5-28,https://images.pokemontcg.io/bw5/28_hires.png,2026/08/08,2026/05/08,0.5,0.23999999463558197,0.49000000953674316,19.979999542236328,,5.55,,,,0.2884,0.0231,0.323,2.2955,0.23070000112056732,0.2999,0.3345,2.2955,2.307,1.3265,1.1535,2026-08-09
base3-37,Graveler,unlimited,Fossil,37,Uncommon,Kagemaru Himeno,Stage 1,75,Pokémon,1999/10/10,"tcgplayer,cardmarket",https://prices.pokemontcg.io/tcgplayer/base3-37,https://images.pokemontcg.io/base3/37_hires.png,2026/08/08,2026/07/01,0.83,0.10000000149011612,0.6499999761581421,9.989999771118164,,,,,"{""1stEdition"": {""low"": 1.22, ""mid"": 4.04, ""high"": 49.97, ""market"": 4.89, ""directLow"": 5.0}}",1.9609,0.0231,1.3035,0.0,1.4880000352859497,1.2689,1.7649,0.1961,0.2076,0.2076,1.1535,2026-08-09
dp7-26,Skuntank,normal,Stormfront,26,Rare,Kouki Saitou,Stage 1,435,Pokémon,2008/11/01,"tcgplayer,cardmarket",https://prices.pokemontcg.io/tcgplayer/dp7-26,https://images.pokemontcg.io/dp7/26_hires.png,2026/08/08,2026/06/07,0.74,0.23999999463558197,0.6499999761581421,19.979999542236328,,0.75,,,,0.2999,0.0577,0.496,1.3035,1.3841999769210815,0.496,0.3345,2.2493,1.2919,1.0497,1.1535,2026-08-09
bw3-30,Frillish,normal,Noble Victories,30,Common,Naoyo Kimura,Basic,592,Pokémon,2011/11/16,"tcgplayer,cardmarket",https://prices.pokemontcg.io/tcgplayer/bw3-30,https://images.pokemontcg.io/bw3/30_hires.png,2026/08/08,2026/06/08,0.44,0.20000000298023224,0.4000000059604645,19.440000534057617,,2.24,,,,0.2192,0.0231,0.2768,1.0612,0.17299999296665192,0.2307,0.2307,1.5457,0.9805,0.8074,1.1535,2026-08-09
swsh3-30,Volcarona,normal,Darkness Ablaze,30,Rare,NC Empire,Stage 1,637,Pokémon,2020/08/14,"tcgplayer,cardmarket",https://prices.pokemontcg.io/tcgplayer/swsh3-30,https://images.pokemontcg.io/swsh3/30_hires.png,2026/08/08,2026/03/08,0.24,0.03999999910593033,0.23999999463558197,19.979999542236328,,0.41,,,,0.1846,0.0231,0.2192,0.496,0.03460000082850456,0.2422,0.1961,1.7302,0.5998,0.5191,1.1535,2026-08-09
swsh35-36,Galarian Linoone,normal,Champion's Path,36,Common,Akira Komayama,Stage 1,264,Pokémon,2020/09/25,"tcgplayer,cardmarket",https://prices.pokemontcg.io/tcgplayer/swsh35-36,https://images.pokemontcg.io/swsh35/36_hires.png,2026/08/08,2026/03/11,0.17,0.009999999776482582,0.1899999976158142,17.979999542236328,,0.28,,,,0.0692,0.0231,0.0692,0.3345,0.04610000178217888,0.0807,0.0692,0.496,0.2538,0.2768,1.1535,2026-08-09
ex5-28,Beldum,normal,Hidden Legends,28,Uncommon,Ken Sugimori,Basic,374,Pokémon,2004/06/01,"tcgplayer,cardmarket",https://prices.pokemontcg.io/tcgplayer/ex5-28,https://images.pokemontcg.io/ex5/28_hires.png,2026/08/08,2026/07/01,0.82,0.5,0.9900000095367432,21.0,,5.25,,,,1.3611,0.0231,1.2689,5.1907,0.10379999876022339,1.4995,0.9689,10.3123,4.4064,5.6868,1.1535,2026-08-09
sm3-31,Kingdra,holofoil,Burning Shadows,31,Rare Holo,Mitsuhiro Arita,Stage 2,230,Pokémon,2017/08/05,"tcgplayer,cardmarket",https://prices.pokemontcg.io/tcgplayer/sm3-31,https://images.pokemontcg.io/sm3/31_hires.png,2026/08/08,2026/05/14,0.6,0.25,0.6200000047683716,19.979999542236328,,0.63,,,,0.7382,0.0231,0.7267,0.8882,0.28839999437332153,0.5075,0.5767,0.4037,0.646,0.7152,1.1535,2026-08-09
swsh4-32,Wailord,holofoil,Vivid Voltage,32,Rare Holo,SATOSHI NAKAI,Stage 1,321,Pokémon,2020/11/13,"tcgplayer,cardmarket",https://prices.pokemontcg.io/tcgplayer/swsh4-32,https://images.pokemontcg.io/swsh4/32_hires.png,2026/08/08,2026/03/11,0.49,0.009999999776482582,0.46000000834465027,999.989990234375,,0.59,,,,0.4037,0.0577,0.5537,0.7036,0.8651000261306763,0.7036,0.5652,0.7959,1.0151,0.8305,1.1535,2026-08-09
hgss2-33,Metang,normal,HS—Unleashed,33,Uncommon,Wataru Kawahara,Stage 1,375,Pokémon,2010/05/12,"tcgplayer,cardmarket",https://prices.pokemontcg.io/tcgplayer/hgss2-33,https://images.pokemontcg.io/hgss2/33_hires.png,2026/08/08,2026/03/13,0.38,0.1899999976158142,0.3799999952316284,17.899999618530273,,3.71,,,,0.2076,0.0231,0.1846,1.8687,0.28839999437332153,0.1961,0.2307,1.1535,0.8536,0.8997,1.1535,2026-08-09
hgss1-39,Delibird,normal,HeartGold & SoulSilver,39,Uncommon,sui,Basic,225,Pokémon,2010/02/10,"tcgplayer,cardmarket",https://prices.pokemontcg.io/tcgplayer/hgss1-39,https://images.pokemontcg.io/hgss1/39_hires.png,2026/08/08,2026/03/09,1.33,0.6800000071525574,1.2799999713897705,19.979999542236328,,7.0,,,,2.6877,1.7302,4.4525,0.0,1.3495999574661255,2.6877,2.7569,0.5537,0.7498,0.7728,1.1535,2026-08-09
sm1-34,Cloyster,normal,Sun & Moon,34,Rare,Yoshinobu Saito,Stage 1,91,Pokémon,2017/02/03,"tcgplayer,cardmarket",https://prices.pokemontcg.io/tcgplayer/sm1-34,https://images.pokemontcg.io/sm1/34_hires.png,2026/08/08,2026/03/11,0.06,0.03999999910593033,0.20000000298023224,19.979999542236328,,0.32,,,,0.2076,0.0231,0.2307,0.346,0.28839999437332153,0.1269,0.173,0.5767,0.2884,0.4383,1.1535,2026-08-09
ex6-31,Charmeleon,normal,FireRed & LeafGreen,31,Uncommon,Kouki Saitou,Stage 1,5,Pokémon,2004/09/01,"tcgplayer,cardmarket",https://prices.pokemontcg.io/tcgplayer/ex6-31,https://images.pokemontcg.io/ex6/31_hires.png,2026/08/08,2026/06/27,1.95,0.9599999785423279,1.9900000095367432,28.0,,44.14,,,,1.661,0.0231,2.457,21.0514,1.153499960899353,1.5572,1.5342,21.905,21.1667,18.9635,1.1535,2026-08-09
smp-SM27,Turtonator,holofoil,SM Black Star Promos,SM27,Promo,TOKIYA,Basic,776,Pokémon,2017/02/03,"tcgplayer,cardmarket",https://prices.pokemontcg.io/tcgplayer/smp-SM27,https://images.pokemontcg.io/smp/SM27_hires.png,2026/08/08,2026/06/08,0.51,0.20000000298023224,0.5,1.7400000095367432,,,,,,0.5652,0.0577,0.4845,0.0,0.34599998593330383,0.5652,0.646,0.4614,0.669,0.4729,1.1535,2026-08-09
hgss4-37,Lairon,normal,HS—Triumphant,37,Uncommon,Kagemaru Himeno,Stage 1,305,Pokémon,2010/11/03,"tcgplayer,cardmarket",https://prices.pokemontcg.io/tcgplayer/hgss4-37,https://images.pokemontcg.io/hgss4/37_hires.png,2026/08/08,2026/05/14,0.36,0.1599999964237213,0.38999998569488525,17.440000534057617,,6.34,,,,0.4614,0.0231,0.3922,1.7187,0.09229999780654907,0.3691,0.6114,2.8838,2.3993,2.0878,1.1535,2026-08-09
xy0-28,Skitty,normal,Kalos Starter Set,28,,Shin Nagasawa,Basic,300,Pokémon,2013/11/08,"tcgplayer,cardmarket",https://prices.pokemontcg.io/tcgplayer/xy0-28,https://images.pokemontcg.io/xy0/28_hires.png,2026/08/08,2026/06/22,7.24,0.38999998569488525,7.0,90.0,,,,,,2.6646,2.307,5.2715,0.0,15.57229995727539,5.7329,5.3292,0.0,0.0,0.0,1.1535,2026-08-09
xy2-40,Dusknoir,holofoil,Flashfire,40,Rare Holo,Suwama Chiaki,Stage 2,477,Pokémon,2014/05/07,"tcgplayer,cardmarket",https://prices.pokemontcg.io/tcgplayer/xy2-40,https://images.pokemontcg.io/xy2/40_hires.png,2026/08/08,2026/02/26,0.47,0.20000000298023224,0.5,23.489999771118164,,1.1,,,,1.0612,0.1154,1.165,1.0381,1.153499960899353,1.1304,1.0958,0.3345,1.1304,1.3381,1.1535,2026-08-09
dp2-28,Manectric,normal,Mysterious Treasures,28,Rare,Atsuko Nishida,Stage 1,310,Pokémon,2007/08/01,"tcgplayer,cardmarket",https://prices.pokemontcg.io/tcgplayer/dp2-28,https://images.pokemontcg.io/dp2/28_hires.png,2026/08/08,2026/06/22,1.65,0.5,1.649999976158142,19.979999542236328,,2.55,,,,0.5883,0.1384,0.4729,0.992,0.3230000138282776,0.3922,0.5537,4.0373,1.488,2.3993,1.1535,2026-08-09
bw2-28,Cubchoo,normal,Emerging Powers,28,Common,sui,Basic,613,Pokémon,2011/08/31,"tcgplayer,cardmarket",https://prices.pokemontcg.io/tcgplayer/bw2-28,https://images.pokemontcg.io/bw2/28_hires.png,2026/08/08,2026/05/16,0.56,0.20000000298023224,0.49000000953674316,19.020000457763672,,2.13,,,,0.15,0.0231,0.2538,0.4037,0.20759999752044678,0.2768,0.1961,0.5075,0.5883,1.3265,1.1535,2026-08-09
xy5-35,Swampert,normal,Primal Clash,35,Rare,Shigenori Negishi,Stage 2,260,Pokémon,2015/02/04,"tcgplayer,cardmarket",https://prices.pokemontcg.io/tcgplayer/xy5-35,https://images.pokemontcg.io/xy5/35_hires.png,2026/08/08,2026/03/11,1.36,0.6899999976158142,1.3600000143051147,47.95000076293945,,2.62,,,,1.1766,0.173,0.8305,4.0488,1.5571999549865723,1.3727,0.992,2.0763,3.1606,2.6184,1.1535,2026-08-09
np-26,Tropical Wind,normal,Nintendo Black Star Promos,26,Promo,Sumiyoshi Kizuki,Item,,Trainer,2003/10/01,"tcgplayer,cardmarket",https://prices.pokemontcg.io/tcgplayer/np-26,https://images.pokemontcg.io/np/26_hires.png,2026/08/08,2026/07/01,210.75,329.989990234375,1499.9000244140625,1899.5,,,,,,356.1431,288.2597,291.8124,0.0,1326.5250244140625,386.4225,183.5219,23.07,18.456,18.456,1.1535,2026-08-09
base6-30,Moltres,normal,Legendary Collection,30,Rare,Mitsuhiro Arita,Basic,146,Pokémon,2002/05/24,"tcgplayer,cardmarket",https://prices.pokemontcg.io/tcgplayer/base6-30,https://images.pokemontcg.io/base6/30_hires.png,2026/08/08,2026/07/01,13.51,10.270000457763672,13.260000228881836,125.19999694824219,,100.74,,,,6.8518,1.1535,7.567,173.3941,6.921000003814697,6.3096,6.921,348.357,151.5353,141.1077,1.1535,2026-08-09
sm75-34,Dratini,normal,Dragon Majesty,34,Common,Ayaka Yoshida,Basic,147,Pokémon,2018/09/07,"tcgplayer,cardmarket",https://prices.pokemontcg.io/tcgplayer/sm75-34,https://images.pokemontcg.io/sm75/34_hires.png,2026/08/08,2026/03/11,0.33,0.10000000149011612,0.33000001311302185,19.979999542236328,,3.21,,,,0.3114,0.0231,0.346,3.2644,0.36910000443458557,0.4037,0.2999,2.8261,3.3682,3.0452,1.1535,2026-08-09
dp6-28,Forretress,normal,Legends Awakened,28,Rare,Kent Kanetsuna,Stage 1,205,Pokémon,2008/08/01,"tcgplayer,cardmarket",https://prices.pokemontcg.io/tcgplayer/dp6-28,https://images.pokemontcg.io/dp6/28_hires.png,2026/08/08,2026/06/22,2.1,0.7799999713897705,1.8600000143051147,31.799999237060547,,1.95,,,,1.165,0.1154,0.9689,2.4224,0.40369999408721924,1.2342,1.4188,1.1535,2.0532,1.7302,1.1535,2026-08-09
dp4-30,Wailord,normal,Great Encounters,30,Rare,Mitsuhiro Arita,Stage 1,321,Pokémon,2008/02/01,"tcgplayer,cardmarket",https://prices.pokemontcg.io/tcgplayer/dp4-30,https://images.pokemontcg.io/dp4/30_hires.png,2026/08/08,2026/06/11,11.22,5.0,11.449999809265137,74.4000015258789,,18.33,,,,2.1916,0.2884,2.4454,6.5403,2.6068999767303467,1.6726,2.7684,2.8838,8.4782,5.779,1.1535,2026-08-09
swshp-SWSH026,Mantine,holofoil,SWSH Black Star Promos,SWSH026,Promo,0313,Basic,226,Pokémon,2019/11/15,"tcgplayer,cardmarket",https://prices.pokemontcg.io/tcgplayer/swshp-SWSH026,https://images.pokemontcg.io/swshp/SWSH026_hires.png,2026/08/08,2026/03/11,2.25,1.190000057220459,1.9900000095367432,19.979999542236328,,,,,,3.6451,0.2884,3.2529,0.0,5.75600004196167,3.9334,3.0222,1.9033,1.9033,2.2378,1.1535,2026-08-09
ecard3-H32,Xatu,holofoil,Skyridge,H32,Rare Holo,Atsuko Nishida,Stage 1,178,Pokémon,2003/05/12,"tcgplayer,cardmarket",https://prices.pokemontcg.io/tcgplayer/ecard3-H32,https://images.pokemontcg.io/ecard3/H32_hires.png,2026/08/08,2026/06/27,220.25,149.99000549316406,190.0,230.0,,,,,,74.9544,29.9795,228.1392,0.0,86.5009994506836,172.5636,233.5837,14.9955,17.787,26.2306,1.1535,2026-08-09
sma-SV28,Magneton,holofoil,Hidden Fates Shiny Vault,SV28,Rare Shiny,Kyoko Umemoto,Stage 1,82,Pokémon,2019/08/23,"tcgplayer,cardmarket",https://prices.pokemontcg.io/tcgplayer/sma-SV28,https://images.pokemontcg.io/sma/SV28_hires.png,2026/08/08,2026/05/11,4.93,3.630000114440918,5.0,41.38999938964844,,,,,,3.5066,1.7302,3.622,0.0,4.533299922943115,3.6566,5.0062,2.8722,3.1952,5.756,1.1535,2026-08-09
bw4-39,Pikachu,normal,Next Destinies,39,Common,Akira Komayama,Basic,25,Pokémon,2012/02/08,"tcgplayer,cardmarket",https://prices.pokemontcg.io/tcgplayer/bw4-39,https://images.pokemontcg.io/bw4/39_hires.png,2026/08/08,2026/03/11,4.92,2.990000009536743,4.989999771118164,10.0,,27.94,,,,4.0488,0.0461,3.2529,18.9174,3.172100067138672,2.5723,3.6681,4.6025,14.984,13.2999,1.1535,2026-08-09
swsh2-29,Magmar,normal,Rebel Clash,29,Common,Shigenori Negishi,Basic,126,Pokémon,2020/05/01,"tcgplayer,cardmarket",https://prices.pokemontcg.io/tcgplayer/swsh2-29,https://images.pokemontcg.io/swsh2/29_hires.png,2026/08/08,2026/03/11,0.09,0.009999999776482582,0.1899999976158142,20.0,,0.28,,,,0.0461,0.0231,0.0577,0.2653,0.05770000070333481,0.0692,0.0577,0.1154,0.2768,0.2999,1.1535,2026-08-09
sm115-36,Onix-GX,holofoil,Hidden Fates,36,Rare Holo GX,PLANETA Igarashi,Basic|GX,95,Pokémon,2019/08/23,"tcgplayer,cardmarket",https://prices.pokemontcg.io/tcgplayer/sm115-36,https://images.pokemontcg.io/sm115/36_hires.png,2026/08/08,2026/03/11,3.04,1.6699999570846558,3.0799999237060547,7.25,,,,,,2.5031,0.9228,2.7799,0.0,2.802999973297119,2.7915,2.4685,1.4995,1.2573,1.4419,1.1535,2026-08-09
dpp-DP35,Porygon-Z,holofoil,DP Black Star Promos,DP35,Promo,Kagemaru Himeno,Stage 2,474,Pokémon,2007/05/01,tcgplayer,https://prices.pokemontcg.io/tcgplayer/dpp-DP35,https://images.pokemontcg.io/dpp/DP35_hires.png,2026/08/08,,8.14,3.0,4.880000114440918,54.20000076293945,,,,,,,,,,,,,,,,,2026-08-09
swsh1-35,Cinderace,holofoil,Sword & Shield,35,Rare Holo,Naoki Saito,Stage 2,815,Pokémon,2020/02/07,"tcgplayer,cardmarket",https://prices.pokemontcg.io/tcgplayer/swsh1-35,https://images.pokemontcg.io/swsh1/35_hires.png,2026/08/08,2026/02/24,0.47,0.1899999976158142,0.4699999988079071,2.549999952316284,,0.52,,,,1.0266,0.2192,0.8305,0.8305,0.51910001039505,1.0612,0.8651,0.9228,0.7728,0.9689,1.1535,2026-08-09
sm11-28,Litwick,normal,Unified Minds,28,Common,sowsow,Basic,607,Pokémon,2019/08/02,"tcgplayer,cardmarket",https://prices.pokemontcg.io/tcgplayer/sm11-28,https://images.pokemontcg.io/sm11/28_hires.png,2026/08/08,2026/03/11,0.39,0.15000000596046448,0.38999998569488525,19.0,,0.87,,,,0.1961,0.0231,0.2307,0.0,0.17299999296665192,0.1846,0.2307,1.142,0.6114,0.669,1.1535,2026-08-09
bwp-BW24,Zekrom,holofoil,BW Black Star Promos,BW24,Promo,5ban Graphics,Basic,644,Pokémon,2011/03/01,"tcgplayer,cardmarket",https://prices.pokemontcg.io/tcgplayer/bwp-BW24,https://images.pokemontcg.io/bwp/BW24_hires.png,2026/08/08,2026/06/27,8.4,7.0,15.0,70.9800033569336,,,,,,11.7311,1.7302,8.5244,0.0,13.830499649047852,10.5545,8.3052,5.6522,2.9414,2.6184,1.1535,2026-08-09
bw8-34,Manaphy,holofoil,Plasma Storm,34,Rare Holo,Naoki Saito,Basic,490,Pokémon,2013/02/06,"tcgplayer,cardmarket",https://prices.pokemontcg.io/tcgplayer/bw8-34,https://images.pokemontcg.io/bw8/34_hires.png,2026/08/08,2026/03/11,2.66,1.440000057220459,2.299999952316284,32.04999923706055,,3.51,,,,1.1881,0.0577,1.6264,2.307,1.038100004196167,1.0958,1.6264,2.0763,1.8456,1.811,1.1535,2026-08-09
gym2-37,Brock's Vulpix,unlimited,Gym Challenge,37,Uncommon,Ken Sugimori,Basic,37,Pokémon,2000/10/16,"tcgplayer,cardmarket",https://prices.pokemontcg.io/tcgplayer/gym2-37,https://images.pokemontcg.io/gym2/37_hires.png,2026/08/08,2026/06/25,7.25,4.0,7.53000020980835,39.9900016784668,,,,,"{""1stEdition"": {""low"": 10.19, ""mid"": 18.5, ""high"": 24.99, ""market"": 16.19, ""directLow"": null}}",6.2058,1.0958,5.0408,0.0,1.9608999490737915,6.3904,6.5173,0.0,0.0,0.0,1.1535,2026-08-09
sm4-27,Milotic,holofoil,Crimson Invasion,27,Rare Holo,Kagemaru Himeno,Stage 1,350,Pokémon,2017/11/03,"tcgplayer,cardmarket",https://prices.pokemontcg.io/tcgplayer/sm4-27,https://images.pokemontcg.io/sm4/27_hires.png,2026/08/08,2026/06/08,0.84,0.36000001430511475,0.8399999737739563,19.979999542236328,,0.81,,,,1.4073,0.1154,1.4188,1.3265,1.153499960899353,1.3496,1.0843,3.449,1.5457,1.2919,1.1535,2026-08-09
xy10-34,Duosion,normal,Fates Collide,34,Uncommon,Sumiyoshi Kizuki,Stage 1,578,Pokémon,2016/05/02,"tcgplayer,cardmarket",https://prices.pokemontcg.io/tcgplayer/xy10-34,https://images.pokemontcg.io/xy10/34_hires.png,2026/08/08,2026/03/11,0.2,0.05000000074505806,0.2199999988079071,19.979999542236328,,0.55,,,,0.173,0.0231,0.173,0.5767,0.04610000178217888,0.1269,0.15,0.4845,0.5998,0.6114,1.1535,2026-08-09
ecard1-26,Rapidash,holofoil,Expedition Base Set,26,Rare Holo,Kagemaru Himeno,Stage 1,78,Pokémon,2002/09/15,"tcgplayer,cardmarket",https://prices.pokemontcg.io/tcgplayer/ecard1-26,https://images.pokemontcg.io/ecard1/26_hires.png,2026/08/08,2026/07/01,141.0,599.989990234375,832.7100219726562,999.97998046875,,73.33,,,,46.2207,3.4605,44.1444,22.401,16.14900016784668,35.424,36.3006,17.2448,18.4099,16.2644,1.1535,2026-08-09
neo4-34,Dark Flaaffy,unlimited,Neo Destiny,34,Uncommon,Kagemaru Himeno,Stage 1,180,Pokémon,2002/02/28,"tcgplayer,cardmarket",https://prices.pokemontcg.io/tcgplayer/neo4-34,https://images.pokemontcg.io/neo4/34_hires.png,2026/08/08,2026/06/27,5.34,2.950000047683716,5.289999961853027,48.599998474121094,,,,,"{""1stEdition"": {""low"": 19.82, ""mid"": 25.55, ""high"": 128.8, ""market"": 14.0, ""directLow"": null}}",3.4259,0.2884,2.3762,0.0,1.7302000522613525,3.5066,3.795,1.142,1.142,1.142,1.1535,2026-08-09
xy12-28,Seel,normal,Evolutions,28,Common,Ken Sugimori,Basic,86,Pokémon,2016/11/02,"tcgplayer,cardmarket",https://prices.pokemontcg.io/tcgplayer/xy12-28,https://images.pokemontcg.io/xy12/28_hires.png,2026/08/08,2026/06/08,0.15,0.009999999776482582,0.20000000298023224,5.949999809265137,,0.41,,,,0.0807,0.0231,0.1038,0.5421,0.10379999876022339,0.1154,0.0807,1.1535,0.7267,0.5537,1.1535,2026-08-09
xyp-XY26,Pyroar,holofoil,XY Black Star Promos,XY26,Promo,5ban Graphics,Stage 1,668,Pokémon,2013/10/12,"tcgplayer,cardmarket",https://prices.pokemontcg.io/tcgplayer/xyp-XY26,https://images.pokemontcg.io/xyp/XY26_hires.png,2026/08/08,2026/05/28,1.1,0.3799999952316284,1.100000023841858,4.0,,,,,,1.2112,0.2307,1.3381,0.0,0.57669997215271,0.9343,1.165,1.1535,1.1074,1.0266,1.1535,2026-08-09
pl3-32,Lunatone,normal,Supreme Victors,32,Rare,Naoyo Kimura,Basic,337,Pokémon,2009/08/19,"tcgplayer,cardmarket",https://prices.pokemontcg.io/tcgplayer/pl3-32,https://images.pokemontcg.io/pl3/32_hires.png,2026/08/08,2026/06/07,1.18,0.6499999761581421,1.149999976158142,19.979999542236328,,2.23,,,,0.9459,0.2192,1.0035,1.3727,1.1419999599456787,0.8421,1.2458,1.0266,1.0266,1.5572,1.1535,2026-08-09
neo1-29,Bayleef,unlimited,Neo Genesis,29,Uncommon,Ken Sugimori,Stage 1,153,Pokémon,2000/12/16,"tcgplayer,cardmarket",https://prices.pokemontcg.io/tcgplayer/neo1-29,https://images.pokemontcg.io/neo1/29_hires.png,2026/08/08,2026/07/01,3.67,1.149999976158142,2.319999933242798,50.0,,,,,"{""1stEdition"": {""low"": 2.95, ""mid"": 5.22, ""high"": 58.1, ""market"": 5.16, ""directLow"": null}}",2.8145,0.0231,3.6105,0.0,4.037300109863281,2.6415,2.7799,0.0,0.0,0.0,1.1535,2026-08-09
pl4-36,Gastly,normal,Arceus,36,Uncommon,kawayoo,Basic,92,Pokémon,2009/11/04,"tcgplayer,cardmarket",https://prices.pokemontcg.io/tcgplayer/pl4-36,https://images.pokemontcg.io/pl4/36_hires.png,2026/08/08,2026/05/14,1.37,0.75,1.3899999856948853,19.979999542236328,,10.96,,,,0.3691,0.0231,0.3576,5.1215,0.18459999561309814,0.3345,0.5537,1.1535,5.6983,3.2298,1.1535,2026-08-09
xy6-33,Deoxys,holofoil,Roaring Skies,33,Rare Holo,kawayoo,Basic,386,Pokémon,2015/05/06,"tcgplayer,cardmarket",https://prices.pokemontcg.io/tcgplayer/xy6-33,https://images.pokemontcg.io/xy6/33_hires.png,2026/08/08,2026/05/14,3.12,1.7899999618530273,3.8299999237060547,14.989999771118164,,2.91,,,,2.4339,0.6921,2.3301,3.8642,2.306999921798706,2.803,2.8376,1.4419,3.4605,3.7489,1.1535,2026-08-09
base4-36,Dewgong,normal,Base Set 2,36,Uncommon,Mitsuhiro Arita,Stage 1,87,Pokémon,2000/02/24,"tcgplayer,cardmarket",https://prices.pokemontcg.io/tcgplayer/base4-36,https://images.pokemontcg.io/base4/36_hires.png,2026/08/08,2026/06/25,1.71,0.5,0.9900000095367432,19.520000457763672,,,,,,2.3416,0.4614,2.803,0.0,3.7488999366760254,2.4108,2.2724,1.0958,1.0958,1.0958,1.1535,2026-08-09
base5-32,Dark Charmeleon,unlimited,Team Rocket,32,Uncommon,Kagemaru Himeno,Stage 1,5,Pokémon,2000/04/24,"tcgplayer,cardmarket",https://prices.pokemontcg.io/tcgplayer/base5-32,https://images.pokemontcg.io/base5/32_hires.png,2026/08/08,2026/06/29,8.25,3.1500000953674316,7.320000171661377,9999.0,,,,,"{""1stEdition"": {""low"": 14.17, ""mid"": 19.98, ""high"": 219.44, ""market"": 24.33, ""directLow"": 18.71}}",9.0434,0.9228,7.244,0.0,7.659200191497803,6.1482,8.0053,28.8375,6.2404,6.2404,1.1535,2026-08-09
ex7-33,Dark Flaaffy,normal,Team Rocket Returns,33,Uncommon,Masakazu Fukuda,Stage 1,180,Pokémon,2004/11/01,"tcgplayer,cardmarket",https://prices.pokemontcg.io/tcgplayer/ex7-33,https://images.pokemontcg.io/ex7/33_hires.png,2026/08/08,2026/06/22,9.55,7.0,9.34000015258789,99.9000015258789,,74.0,,,,5.756,1.142,3.8873,30.7638,2.595400094985962,4.6025,4.2103,40.3725,36.243,24.062,1.1535,2026-08-09
gym1-35,Blaine's Growlithe,unlimited,Gym Heroes,35,Uncommon,Ken Sugimori,Basic,58,Pokémon,2000/08/14,"tcgplayer,cardmarket",https://prices.pokemontcg.io/tcgplayer/gym1-35,https://images.pokemontcg.io/gym1/35_hires.png,2026/08/08,2026/06/27,7.13,3.0,4.570000171661377,95.36000061035156,,,,,"{""1stEdition"": {""low"": 10.98, ""mid"": 98.29, ""high"": 218.5, ""market"": 16.36, ""directLow"": 96.58}}",5.4215,0.5767,4.441,0.0,8.78969955444336,4.9831,6.0213,3.4605,3.4605,3.4605,1.1535,2026-08-09
dp5-28,Plusle,normal,Majestic Dawn,28,Rare,Suwama Chiaki,Basic,311,Pokémon,2008/05/01,"tcgplayer,cardmarket",https://prices.pokemontcg.io/tcgplayer/dp5-28,https://images.pokemontcg.io/dp5/28_hires.png,2026/08/08,2026/06/22,11.23,6.25,11.039999961853027,179.89999389648438,,24.99,,,,1.3957,0.2538,1.5688,4.7524,2.0648000240325928,1.2227,1.1881,6.0559,3.8527,2.5954,1.1535,2026-08-09
ex15-25,Xatu δ,normal,Dragon Frontiers,25,Rare,Kouki Saitou,Stage 1,178,Pokémon,2006/11/01,"tcgplayer,cardmarket",https://prices.pokemontcg.io/tcgplayer/ex15-25,https://images.pokemontcg.io/ex15/25_hires.png,2026/08/08,2026/06/27,2.04,1.399999976158142,2.0399999618530273,28.0,,20.78,,,,1.9033,0.173,1.811,9.401,0.46140000224113464,1.3727,1.9725,6.0328,11.6734,9.897,1.1535,2026-08-09
sm35-26,Keldeo,holofoil,Shining Legends,26,Rare Holo,kodama,Basic,647,Pokémon,2017/10/06,"tcgplayer,cardmarket",https://prices.pokemontcg.io/tcgplayer/sm35-26,https://images.pokemontcg.io/sm35/26_hires.png,2026/08/08,2026/05/07,0.36,0.14000000059604645,0.4000000059604645,5.0,,0.79,,,,0.5652,0.0346,0.4729,1.3035,0.5651999711990356,0.4499,0.4614,0.7613,1.4073,1.7072,1.1535,2026-08-09
ecard2-7,Donphan,normal,Aquapolis,7,Rare,Mitsuhiro Arita,Stage 1,232,Pokémon,2003/01/15,"tcgplayer,cardmarket",https://prices.pokemontcg.io/tcgplayer/ecard2-7,https://images.pokemontcg.io/ecard2/7_hires.png,2026/08/08,2026/06/22,21.55,15.350000381469727,35.0,219.89999389648438,,29.97,,,,5.0408,1.142,7.8092,16.4604,5.7444000244140625,6.9671,6.598,19.5518,19.5864,13.6805,1.1535,2026-08-09
bw6-38,Mareep,normal,Dragons Exalted,38,Common,sui,Basic,179,Pokémon,2012/08/15,"tcgplayer,cardmarket",https://prices.pokemontcg.io/tcgplayer/bw6-38,https://images.pokemontcg.io/bw6/38_hires.png,2026/08/08,2026/03/11,0.51,0.30000001192092896,0.5699999928474426,19.979999542236328,,1.38,,,,0.1384,0.0231,0.1961,1.315,0.57669997215271,0.2538,0.2307,1.1535,1.1304,1.3727,1.1535,2026-08-09
sm7-33,Mudkip,normal,Celestial Storm,33,Common,Misa Tsutsui,Basic,258,Pokémon,2018/08/03,"tcgplayer,cardmarket",https://prices.pokemontcg.io/tcgplayer/sm7-33,https://images.pokemontcg.io/sm7/33_hires.png,2026/08/08,2026/03/11,0.5,0.14000000059604645,0.5,265.0,,5.38,,,,0.1269,0.0231,0.15,1.0381,0.28839999437332153,0.1846,0.173,0.346,1.1189,0.9574,1.1535,2026-08-09
base1-35,Magikarp,normal,Base,35,Uncommon,Mitsuhiro Arita,Basic,129,Pokémon,1999/01/09,"tcgplayer,cardmarket",https://prices.pokemontcg.io/tcgplayer/base1-35,https://images.pokemontcg.io/base1/35_hires.png,2026/08/08,2026/07/01,4.05,0.4300000071525574,1.9900000095367432,96.94999694824219,,,,,,3.9334,0.0231,4.1872,0.0,3.275899887084961,3.472,2.9991,8.6512,4.4064,4.4064,1.1535,2026-08-09
ex16-27,Cacturne,normal,Power Keepers,27,Uncommon,Ken Sugimori,Stage 1,332,Pokémon,2007/02/02,"tcgplayer,cardmarket",https://prices.pokemontcg.io/tcgplayer/ex16-27,https://images.pokemontcg.io/ex16/27_hires.png,2026/08/08,2026/07/01,0.78,0.28999999165534973,0.7400000095367432,19.979999542236328,,18.75,,,,0.6921,0.0577,0.5537,5.8828,0.57669997215271,0.669,0.8074,3.449,6.9671,5.0639,1.1535,2026-08-09
sm8-34,Virizion-GX,holofoil,Lost Thunder,34,Rare Holo GX,5ban Graphics,Basic|GX,640,Pokémon,2018/11/02,"tcgplayer,cardmarket",https://prices.pokemontcg.io/tcgplayer/sm8-34,https://images.pokemontcg.io/sm8/34_hires.png,2026/08/08,2026/03/11,2.28,1.4500000476837158,2.2899999618530273,9.979999542236328,,,,,,3.1837,1.142,3.3105,0.0,3.4605000019073486,3.3798,3.126,3.9796,2.653,3.3221,1.1535,2026-08-09
pl2-31,Raichu GL,normal,Rising Rivals,31,Rare,Kouki Saitou,Basic|SP,26,Pokémon,2009/05/16,"tcgplayer,cardmarket",https://prices.pokemontcg.io/tcgplayer/pl2-31,https://images.pokemontcg.io/pl2/31_hires.png,2026/08/08,2026/06/08,6.94,8.670000076293945,60.54999923706055,75.52999877929688,,36.06,,,,4.1757,0.2884,4.0603,10.0124,4.556300163269043,3.472,3.8296,14.4187,10.4161,6.8172,1.1535,2026-08-09
sm12-38,Blastoise & Piplup-GX,holofoil,Cosmic Eclipse,38,Rare Holo GX,Mitsuhiro Arita,Basic|TAG TEAM|GX,9|393,Pokémon,2019/11/01,"tcgplayer,cardmarket",https://prices.pokemontcg.io/tcgplayer/sm12-38,https://images.pokemontcg.io/sm12/38_hires.png,2026/08/08,2026/03/11,80.24,64.98999786376953,85.68000030517578,149.9499969482422,,,,,,47.4781,14.9955,46.9359,0.0,40.372501373291016,46.636,47.2243,9.7471,8.3513,9.897,1.1535,2026-08-09
dp1-36,Purugly,normal,Diamond & Pearl,36,Rare,Masakazu Fukuda,Stage 1,432,Pokémon,2007/05/01,"tcgplayer,cardmarket",https://prices.pokemontcg.io/tcgplayer/dp1-36,https://images.pokemontcg.io/dp1/36_hires.png,2026/08/08,2026/04/30,2.99,0.9900000095367432,2.6700000762939453,998.3599853515625,,15.0,,,,1.3381,0.1154,1.4188,2.0071,0.8651000261306763,1.3265,1.1881,3.4605,2.457,2.2724,1.1535,2026-08-09
ex11-34,Castform,normal,Delta Species,34,Uncommon,Miki Tanaka,Basic,351,Pokémon,2005/10/31,"tcgplayer,cardmarket",https://prices.pokemontcg.io/tcgplayer/ex11-34,https://images.pokemontcg.io/ex11/34_hires.png,2026/08/08,2026/06/22,3.05,1.0,3.0,25.5,,37.35,,,,3.0337,0.0577,2.9184,11.7657,2.2955000400543213,2.9299,1.8341,9.2165,11.7772,6.7134,1.1535,2026-08-09
hgss3-32,Pinsir,normal,HS—Undaunted,32,Uncommon,match,Basic,127,Pokémon,2010/08/18,"tcgplayer,cardmarket",https://prices.pokemontcg.io/tcgplayer/hgss3-32,https://images.pokemontcg.io/hgss3/32_hires.png,2026/08/08,2026/06/11,0.65,0.23999999463558197,0.49000000953674316,17.579999923706055,,3.08,,,,0.4037,0.0461,0.4614,2.0186,0.23070000112056732,0.4037,0.4037,1.1535,2.307,1.9379,1.1535,2026-08-09
xy3-25,Amaura,normal,Furious Fists,25,Uncommon,5ban Graphics,Restored,698,Pokémon,2014/08/13,"tcgplayer,cardmarket",https://prices.pokemontcg.io/tcgplayer/xy3-25,https://images.pokemontcg.io/xy3/25_hires.png,2026/08/08,2026/06/18,2.77,0.49000000953674316,2.0,24.0,,9.18,,,,3.9565,0.0231,3.1837,6.3327,2.168600082397461,3.0914,2.803,2.8838,6.921,5.6175,1.1535,2026-08-09
xy8-30,Starmie,normal,BREAKthrough,30,Uncommon,Mitsuhiro Arita,Stage 1,121,Pokémon,2015/11/04,"tcgplayer,cardmarket",https://prices.pokemontcg.io/tcgplayer/xy8-30,https://images.pokemontcg.io/xy8/30_hires.png,2026/08/08,2026/03/11,0.3,0.05000000074505806,0.30000001192092896,1000.0,,0.72,,,,0.173,0.0231,0.323,0.669,0.5074999928474426,0.1846,0.173,0.8074,0.6921,0.7613,1.1535,2026-08-09
bw9-33,Electrode,holofoil,Plasma Freeze,33,Rare Holo,HiRON,Stage 1,101,Pokémon,2013/05/08,"tcgplayer,cardmarket",https://prices.pokemontcg.io/tcgplayer/bw9-33,https://images.pokemontcg.io/bw9/33_hires.png,2026/08/08,2026/03/11,2.78,2.309999942779541,3.0,35.599998474121094,,3.82,,,,0.4037,0.0346,0.6806,0.0,1.038100004196167,0.7267,0.8997,2.307,2.5838,2.5954,1.1535,2026-08-09
neo2-27,Politoed,unlimited,Neo Discovery,27,Rare,Tomokazu Komiya,Stage 2,186,Pokémon,2001/06/01,"tcgplayer,cardmarket",https://prices.pokemontcg.io/tcgplayer/neo2-27,https://images.pokemontcg.io/neo2/27_hires.png,2026/08/08,2026/07/01,19.63,15.279999732971191,25.469999313354492,162.1999969482422,,,,,"{""1stEdition"": {""low"": 39.99, ""mid"": 39.99, ""high"": 41.99, ""market"": 27.03, ""directLow"": null}}",15.6184,2.307,16.795,0.0,17.302499771118164,26.1152,14.5802,5.7675,11.1543,6.2289,1.1535,2026-08-09
g1-23,Gyarados,normal,Generations,23,Rare,Shin Nagasawa,Stage 1,130,Pokémon,2016/02/22,"tcgplayer,cardmarket",https://prices.pokemontcg.io/tcgplayer/g1-23,https://images.pokemontcg.io/g1/23_hires.png,2026/08/08,2026/06/23,1.09,0.25,1.0700000524520874,23.489999771118164,,7.52,,,,1.8225,0.173,1.7995,6.8749,1.6033999919891357,1.5688,1.6264,1.7302,6.0905,7.4401,1.1535,2026-08-09
ex12-37,Kecleon,normal,Legend Maker,37,Uncommon,Tomokazu Komiya,Basic,352,Pokémon,2006/02/01,"tcgplayer,cardmarket",https://prices.pokemontcg.io/tcgplayer/ex12-37,https://images.pokemontcg.io/ex12/37_hires.png,2026/08/08,2026/06/11,2.16,2.1600000858306885,4.0,96.83000183105469,,31.42,,,,2.7569,0.2307,3.8181,13.842,11.477299690246582,3.795,3.1145,8.0745,13.5536,11.7426,1.1535,2026-08-09
sm6-30,Avalugg,normal,Forbidden Light,30,Rare,sowsow,Stage 1,713,Pokémon,2018/05/04,"tcgplayer,cardmarket",https://prices.pokemontcg.io/tcgplayer/sm6-30,https://images.pokemontcg.io/sm6/30_hires.png,2026/08/08,2026/03/11,0.64,0.25,0.6499999761581421,19.979999542236328,,0.81,,,,0.646,0.0231,0.6575,1.0035,0.51910001039505,0.5191,0.496,1.1535,0.8997,0.9459,1.1535,2026-08-09
sm5-35,Buizel,normal,Ultra Prism,35,Common,so-taro,Basic,418,Pokémon,2018/02/02,"tcgplayer,cardmarket",https://prices.pokemontcg.io/tcgplayer/sm5-35,https://images.pokemontcg.io/sm5/35_hires.png,2026/08/08,2026/03/11,0.1,0.009999999776482582,0.23999999463558197,19.979999542236328,,0.33,,,,0.1154,0.0231,0.1269,0.4268,0.17299999296665192,0.1269,0.1154,0.346,0.4268,0.3576,1.1535,2026-08-09
sm2-35,Vanilluxe,normal,Guardians Rising,35,Rare,kawayoo,Stage 2,584,Pokémon,2017/05/05,"tcgplayer,cardmarket",https://prices.pokemontcg.io/tcgplayer/sm2-35,https://images.pokemontcg.io/sm2/35_hires.png,2026/08/08,2026/03/11,0.22,0.14000000059604645,0.25,19.979999542236328,,0.43,,,,0.2422,0.0231,0.2307,0.3114,0.28839999437332153,0.1846,0.2192,0.2884,0.2999,0.3691,1.1535,2026-08-09
hsp-HGSS25,Hitmonlee,holofoil,HGSS Black Star Promos,HGSS25,Promo,Kouki Saitou,Basic,106,Pokémon,2010/02/10,tcgplayer,https://prices.pokemontcg.io/tcgplayer/hsp-HGSS25,https://images.pokemontcg.io/hsp/HGSS25_hires.png,2026/08/08,,18.91,9.180000305175781,18.0,206.39999389648438,,,,,,,,,,,,,,,,,2026-08-09
xy1-35,Lapras,holofoil,XY,35,Rare Holo,Hitoshi Ariga,Basic,131,Pokémon,2014/02/05,"tcgplayer,cardmarket",https://prices.pokemontcg.io/tcgplayer/xy1-35,https://images.pokemontcg.io/xy1/35_hires.png,2026/08/08,2026/03/11,5.44,2.0,6.050000190734863,99.98999786376953,,9.87,,,,4.3372,0.8074,5.0985,8.0745,6.632599830627441,4.5333,5.3292,8.0745,15.1339,8.6859,1.1535,2026-08-09
ex13-33,Torkoal,normal,Holon Phantoms,33,Rare,Mitsuhiro Arita,Basic,324,Pokémon,2006/05/01,"tcgplayer,cardmarket",https://prices.pokemontcg.io/tcgplayer/ex13-33,https://images.pokemontcg.io/ex13/33_hires.png,2026/08/08,2026/06/21,1.49,1.059999942779541,1.5499999523162842,19.979999542236328,,20.45,,,,1.3381,0.2307,0.8997,5.7444,2.1916000843048096,1.3381,1.3611,12.677,7.8899,6.6903,1.1535,2026-08-09
ex10-34,Aipom,normal,Unseen Forces,34,Uncommon,Sachiko Adachi,Basic,190,Pokémon,2005/08/01,"tcgplayer,cardmarket",https://prices.pokemontcg.io/tcgplayer/ex10-34,https://images.pokemontcg.io/ex10/34_hires.png,2026/08/08,2026/06/22,6.95,6.949999809265137,9.979999542236328,218.6999969482422,,42.16,,,,1.8802,0.0577,2.3531,16.7257,1.5571999549865723,1.3496,2.3993,13.8305,9.6779,10.4622,1.1535,2026-08-09
sm9-37,Alolan Golem,normal,Team Up,37,Rare,kawayoo,Stage 2,76,Pokémon,2019/02/01,"tcgplayer,cardmarket",https://prices.pokemontcg.io/tcgplayer/sm9-37,https://images.pokemontcg.io/sm9/37_hires.png,2026/08/08,2026/03/11,0.39,0.25,0.4000000059604645,4.5,,0.78,,,,0.7613,0.1154,0.7382,4.1641,0.34599998593330383,0.7613,0.5652,1.142,3.0337,1.4188,1.1535,2026-08-09
ex14-33,Gulpin,normal,Crystal Guardians,33,Uncommon,Kyoko Umemoto,Basic,316,Pokémon,2006/08/01,"tcgplayer,cardmarket",https://prices.pokemontcg.io/tcgplayer/ex14-33,https://images.pokemontcg.io/ex14/33_hires.png,2026/08/08,2026/06/22,0.9,0.27000001072883606,0.6100000143051147,19.260000228881836,,8.75,,,,0.3345,0.0231,0.5191,1.4419,0.11540000140666962,0.5537,0.3576,0.5652,4.2679,5.9867,1.1535,2026-08-09
col1-36,Tyrogue,normal,Call of Legends,36,Rare,Shigenori Negishi,Basic,236,Pokémon,2011/02/09,"tcgplayer,cardmarket",https://prices.pokemontcg.io/tcgplayer/col1-36,https://images.pokemontcg.io/col1/36_hires.png,2026/08/08,2026/05/14,2.84,0.9900000095367432,2.240000009536743,30.600000381469727,,5.75,,,,2.0186,0.5652,2.5723,6.3327,1.1419999599456787,2.5031,2.6992,6.3327,3.945,5.0869,1.1535,2026-08-09
ex3-34,Houndoom,normal,Dragon,34,Uncommon,Atsuko Nishida,Stage 1,229,Pokémon,2003/11/24,"tcgplayer,cardmarket",https://prices.pokemontcg.io/tcgplayer/ex3-34,https://images.pokemontcg.io/ex3/34_hires.png,2026/08/08,2026/06/22,11.69,7.25,9.520000457763672,53.20000076293945,,84.47,,,,4.9485,0.2307,3.9104,22.078,10.323800086975098,3.5758,4.9716,8.8935,17.6255,12.2732,1.1535,2026-08-09
dp3-39,Unown [S],normal,Secret Wonders,39,Rare,Kazuyuki Kano,Basic,201,Pokémon,2007/11/01,"tcgplayer,cardmarket",https://prices.pokemontcg.io/tcgplayer/dp3-39,https://images.pokemontcg.io/dp3/39_hires.png,2026/08/08,2026/03/11,3.25,1.5299999713897705,3.25,33.099998474121094,,4.37,,,,1.1766,0.2192,1.2112,1.3842,0.9804999828338623,1.3496,1.3496,0.5767,1.4534,2.3185,1.1535,2026-08-09
bw7-37,Azumarill,normal,Boundaries Crossed,37,Uncommon,Masakazu Fukuda,Stage 1,184,Pokémon,2012/11/07,"tcgplayer,cardmarket",https://prices.pokemontcg.io/tcgplayer/bw7-37,https://images.pokemontcg.io/bw7/37_hires.png,2026/08/08,2026/02/24,0.5,0.20000000298023224,0.5,19.989999771118164,,2.35,,,,0.5767,0.0346,0.4729,0.0,0.11540000140666962,0.5652,0.5306,0.7959,1.0958,1.1766,1.1535,2026-08-09
bw1-33,Panpour,normal,Black & White,33,Common,Atsuko Nishida,Basic,515,Pokémon,2011/04/25,"tcgplayer,cardmarket",https://prices.pokemontcg.io/tcgplayer/bw1-33,https://images.pokemontcg.io/bw1/33_hires.png,2026/08/08,2026/04/10,0.31,0.05000000074505806,0.2800000011920929,19.979999542236328,,0.85,,,,0.15,0.0231,0.2653,0.0,0.5536999702453613,0.1615,0.15,0.4268,1.165,1.165,1.1535,2026-08-09
ex4-35,Team Magma's Houndour,normal,Team Magma vs Team Aqua,35,Uncommon,Atsuko Ujiie,Basic,228,Pokémon,2004/03/01,"tcgplayer,cardmarket",https://prices.pokemontcg.io/tcgplayer/ex4-35,https://images.pokemontcg.io/ex4/35_hires.png,2026/08/08,2026/06/27,5.09,4.960000038146973,11.40999984741211,54.400001525878906,,34.27,,,,3.4259,0.2307,3.449,8.1783,3.841200113296509,3.4259,2.5146,9.1703,7.4977,5.756,1.1535,2026-08-09
bw10-40,Musharna,normal,Plasma Blast,40,Uncommon,Kagemaru Himeno,Stage 1,518,Pokémon,2013/08/14,"tcgplayer,cardmarket",https://prices.pokemontcg.io/tcgplayer/bw10-40,https://images.pokemontcg.io/bw10/40_hires.png,2026/08/08,2026/03/11,0.33,0.1899999976158142,0.33000001311302185,17.440000534057617,,0.55,,,,0.323,0.0923,0.4153,0.0,0.46140000224113464,0.323,0.3345,1.142,0.9459,0.7844,1.1535,2026-08-09
dc1-26,Team Aqua Grunt,normal,Double Crisis,26,Uncommon,GAME FREAK inc.,Supporter,,Trainer,2015/03/25,"tcgplayer,cardmarket",https://prices.pokemontcg.io/tcgplayer/dc1-26,https://images.pokemontcg.io/dc1/26_hires.png,2026/08/08,2026/06/27,0.65,0.25,0.6700000166893005,19.979999542236328,,20.49,,,,2.7799,1.0958,2.5608,7.8438,1.9608999490737915,2.6646,2.2839,7.8438,14.511,10.5891,1.1535,2026-08-09
bw8-35,Vanillite,normal,Plasma Storm,35,Common,Shin Nagasawa,Basic,582,Pokémon,2013/02/06,"tcgplayer,cardmarket",https://prices.pokemontcg.io/tcgplayer/bw8-35,https://images.pokemontcg.io/bw8/35_hires.png,2026/08/08,2026/03/11,0.27,0.09000000357627869,0.27000001072883606,5.0,,0.48,,,,0.0692,0.0231,0.1846,0.2884,0.08070000261068344,0.0692,0.2076,0.2884,0.4729,0.6114,1.1535,2026-08-09
pl3-33,Mawile,normal,Supreme Victors,33,Rare,Suwama Chiaki,Basic,303,Pokémon,2009/08/19,"tcgplayer,cardmarket",https://prices.pokemontcg.io/tcgplayer/pl3-33,https://images.pokemontcg.io/pl3/33_hires.png,2026/08/08,2026/06/07,4.79,2.25,4.099999904632568,57.400001525878906,,20.98,,,,0.7152,0.3345,1.0612,3.8296,1.4419000148773193,1.2112,1.4188,2.2955,2.803,2.5031,1.1535,2026-08-09
neo1-30,Clefairy,unlimited,Neo Genesis,30,Uncommon,Sumiyoshi Kizuki,Basic,35,Pokémon,2000/12/16,"tcgplayer,cardmarket",https://prices.pokemontcg.io/tcgplayer/neo1-30,https://images.pokemontcg.io/neo1/30_hires.png,2026/08/08,2026/07/01,5.21,1.899999976158142,4.809999942779541,23.360000610351562,,,,,"{""1stEdition"": {""low"": 6.36, ""mid"": 24.25, ""high"": 112.2, ""market"": 23.18, ""directLow"": null}}",2.8376,0.173,2.2378,0.0,2.2955000400543213,1.9148,2.6646,0.0,0.0,0.0,1.1535,2026-08-09
sm7-34,Marshtomp,normal,Celestial Storm,34,Uncommon,Ken Sugimori,Stage 1,259,Pokémon,2018/08/03,"tcgplayer,cardmarket",https://prices.pokemontcg.io/tcgplayer/sm7-34,https://images.pokemontcg.io/sm7/34_hires.png,2026/08/08,2026/03/11,0.54,0.30000001192092896,0.5600000023841858,45.0,,1.22,,,,0.2768,0.0231,0.2653,1.638,0.1615000069141388,0.2538,0.2999,1.1535,1.2804,0.992,1.1535,2026-08-09
ex16-28,Charmeleon,normal,Power Keepers,28,Uncommon,Midori Harada,Stage 1,5,Pokémon,2007/02/02,"tcgplayer,cardmarket",https://prices.pokemontcg.io/tcgplayer/ex16-28,https://images.pokemontcg.io/ex16/28_hires.png,2026/08/08,2026/07/01,1.62,0.5,1.2300000190734863,19.979999542236328,,37.5,,,,1.1304,0.0346,1.0151,22.0319,1.153499960899353,0.819,1.1074,22.4932,19.275,14.4649,1.1535,2026-08-09
xy2-41,Toxicroak-EX,holofoil,Flashfire,41,Rare Holo EX,PLANETA,Basic|EX,454,Pokémon,2014/05/07,"tcgplayer,cardmarket",https://prices.pokemontcg.io/tcgplayer/xy2-41,https://images.pokemontcg.io/xy2/41_hires.png,2026/08/08,2026/02/26,4.87,2.5,4.519999980926514,59.9900016784668,,,,,,6.102,1.1535,5.2369,0.0,4.556300163269043,5.5368,4.9254,3.6566,4.7986,4.1411,1.1535,2026-08-09
ex9-36,Marshtomp,normal,Emerald,36,Uncommon,Atsuko Nishida,Stage 1,259,Pokémon,2005/05/01,"tcgplayer,cardmarket",https://prices.pokemontcg.io/tcgplayer/ex9-36,https://images.pokemontcg.io/ex9/36_hires.png,2026/08/08,2026/06/21,1.63,1.190000057220459,1.6699999570846558,19.979999542236328,,50.59,,,,0.5652,0.0231,0.5537,18.456,0.03460000082850456,0.4037,0.6229,28.7798,17.1756,15.3646,1.1535,2026-08-09
gym2-38,Erika's Bellsprout,unlimited,Gym Challenge,38,Uncommon,Ken Sugimori,Basic,69,Pokémon,2000/10/16,"tcgplayer,cardmarket",https://prices.pokemontcg.io/tcgplayer/gym2-38,https://images.pokemontcg.io/gym2/38_hires.png,2026/08/08,2026/06/25,2.74,1.7200000286102295,2.5,96.94999694824219,,,,,"{""1stEdition"": {""low"": 2.16, ""mid"": 5.0, ""high"": 53.1, ""market"": 4.78, ""directLow"": null}}",3.6797,0.5767,4.4525,0.0,6.9095001220703125,4.2795,3.6105,0.0,0.0,0.0,1.1535,2026-08-09
base2-27,Snorlax,unlimited,Jungle,27,Rare,Ken Sugimori,Basic,143,Pokémon,1999/06/16,"tcgplayer,cardmarket",https://prices.pokemontcg.io/tcgplayer/base2-27,https://images.pokemontcg.io/base2/27_hires.png,2026/08/08,2026/07/01,30.69,9.300000190734863,15.630000114440918,4318.77001953125,,,,,"{""1stEdition"": {""low"": 49.96, ""mid"": 67.49, ""high"": 99.99, ""market"": 67.78, ""directLow"": null}}",16.495,1.7187,15.2147,0.0,10.185400009155273,19.2865,16.1029,9.228,16.795,13.4037,1.1535,2026-08-09
pl2-32,Rhyperior E4,normal,Rising Rivals,32,Rare,Kagemaru Himeno,Basic|SP,464,Pokémon,2009/05/16,"tcgplayer,cardmarket",https://prices.pokemontcg.io/tcgplayer/pl2-32,https://images.pokemontcg.io/pl2/32_hires.png,2026/08/08,2026/06/08,0.82,0.5400000214576721,0.8600000143051147,19.979999542236328,,2.32,,,,1.1304,0.0577,1.8225,2.3531,2.306999921798706,0.7382,1.0497,2.2955,2.2955,1.9956,1.1535,2026-08-09
neo3-30,Graveler,unlimited,Neo Revelation,30,Uncommon,Yukiko Baba,Stage 1,75,Pokémon,2001/09/21,"tcgplayer,cardmarket",https://prices.pokemontcg.io/tcgplayer/neo3-30,https://images.pokemontcg.io/neo3/30_hires.png,2026/08/08,2026/07/01,1.43,0.6399999856948853,1.2100000381469727,21.209999084472656,,,,,"{""1stEdition"": {""low"": 1.67, ""mid"": 3.16, ""high"": 31.3, ""market"": 2.9, ""directLow"": null}}",1.0958,0.0577,1.5342,0.0,0.9689000248908997,1.0843,1.142,0.4614,0.4614,0.4614,1.1535,2026-08-09
ex3-35,Magneton,normal,Dragon,35,Uncommon,Kyoko Umemoto,Stage 1,82,Pokémon,2003/11/24,"tcgplayer,cardmarket",https://prices.pokemontcg.io/tcgplayer/ex3-35,https://images.pokemontcg.io/ex3/35_hires.png,2026/08/08,2026/06/22,0.53,0.10000000149011612,0.5799999833106995,19.979999542236328,,28.53,,,,0.5883,0.0461,0.7152,6.0097,0.8073999881744385,0.6575,0.5998,2.307,3.9796,3.6335,1.1535,2026-08-09
swsh3-31,Fletchinder,normal,Darkness Ablaze,31,Uncommon,Mina Nakai,Stage 1,662,Pokémon,2020/08/14,"tcgplayer,cardmarket",https://prices.pokemontcg.io/tcgplayer/swsh3-31,https://images.pokemontcg.io/swsh3/31_hires.png,2026/08/08,2026/03/08,0.06,0.009999999776482582,0.1599999964237213,25.059999465942383,,0.26,,,,0.0692,0.0231,0.0807,0.2076,0.05770000070333481,0.0807,0.0807,0.5767,0.2999,0.2076,1.1535,2026-08-09
dp5-29,Scizor,normal,Majestic Dawn,29,Rare,Daisuke Ito,Stage 1,212,Pokémon,2008/05/01,"tcgplayer,cardmarket",https://prices.pokemontcg.io/tcgplayer/dp5-29,https://images.pokemontcg.io/dp5/29_hires.png,2026/08/08,2026/06/22,15.77,8.989999771118164,18.450000762939453,137.5,,26.49,,,,1.4073,0.1154,1.7072,8.0168,1.0958000421524048,1.5918,1.7649,8.0168,4.1526,5.606,1.1535,2026-08-09
pl4-37,Graveler,normal,Arceus,37,Uncommon,Sachiko Adachi,Stage 1,75,Pokémon,2009/11/04,"tcgplayer,cardmarket",https://prices.pokemontcg.io/tcgplayer/pl4-37,https://images.pokemontcg.io/pl4/37_hires.png,2026/08/08,2026/05/14,1.23,0.8799999952316284,1.2000000476837158,18.68000030517578,,6.09,,,,0.2192,0.0231,0.3576,0.9228,1.3265000581741333,0.4153,0.2653,1.142,0.8074,1.1189,1.1535,2026-08-09
hgss2-34,Minun,normal,HS—Unleashed,34,Uncommon,Kouki Saitou,Basic,312,Pokémon,2010/05/12,"tcgplayer,cardmarket",https://prices.pokemontcg.io/tcgplayer/hgss2-34,https://images.pokemontcg.io/hgss2/34_hires.png,2026/08/08,2026/03/11,5.51,3.119999885559082,7.079999923706055,119.9000015258789,,12.48,,,,0.3345,0.0231,0.6114,2.6415,1.61489999294281,0.646,0.5075,1.1535,2.2493,2.2493,1.1535,2026-08-09
bw1-34,Simipour,normal,Black & White,34,Uncommon,Kagemaru Himeno,Stage 1,516,Pokémon,2011/04/25,"tcgplayer,cardmarket",https://prices.pokemontcg.io/tcgplayer/bw1-34,https://images.pokemontcg.io/bw1/34_hires.png,2026/08/08,2026/04/10,0.31,0.07999999821186066,0.30000001192092896,19.979999542236328,,0.95,,,,0.2076,0.0231,0.173,0.2768,0.08070000261068344,0.15,0.2307,0.4383,0.5075,0.8074,1.1535,2026-08-09
sm2-36,Alomomola,normal,Guardians Rising,36,Uncommon,Aya Kusube,Basic,594,Pokémon,2017/05/05,"tcgplayer,cardmarket",https://prices.pokemontcg.io/tcgplayer/sm2-36,https://images.pokemontcg.io/sm2/36_hires.png,2026/08/08,2026/03/07,0.17,0.05000000074505806,0.2199999988079071,19.979999542236328,,0.34,,,,0.1269,0.0231,0.0692,0.346,0.06920000165700912,0.0577,0.1038,0.3691,0.4153,0.323,1.1535,2026-08-09
dp4-31,Weezing,normal,Great Encounters,31,Rare,Kouki Saitou,Stage 1,110,Pokémon,2008/02/01,"tcgplayer,cardmarket",https://prices.pokemontcg.io/tcgplayer/dp4-31,https://images.pokemontcg.io/dp4/31_hires.png,2026/08/08,2026/06/11,1.92,1.25,2.0799999237060547,96.94999694824219,,4.87,,,,1.0266,0.1615,1.0035,1.4419,0.28839999437332153,0.9459,0.9805,2.307,1.4303,1.7072,1.1535,2026-08-09
basep-32,Smeargle,,Wizards Black Star Promos,32,Promo,Tomokazu Komiya,Basic,235,Pokémon,1999/07/01,cardmarket,https://prices.pokemontcg.io/tcgplayer/basep-32,https://images.pokemontcg.io/basep/32_hires.png,2023/03/27,2026/07/01,,,,,,,,,,17.1871,5.7675,17.96,0.0,28.260700225830078,15.8376,14.9494,0.5537,0.6575,0.6575,1.1535,2026-08-09
sm11-29,Lampent,normal,Unified Minds,29,Uncommon,Sachiko Adachi,Stage 1,608,Pokémon,2019/08/02,"tcgplayer,cardmarket",https://prices.pokemontcg.io/tcgplayer/sm11-29,https://images.pokemontcg.io/sm11/29_hires.png,2026/08/08,2026/03/11,0.36,0.15000000596046448,0.3499999940395355,2.309999942779541,,0.7,,,,0.1846,0.0231,0.1615,0.5191,0.31139999628067017,0.1615,0.1846,0.4499,0.6114,0.5652,1.1535,2026-08-09
sma-SV29,Magnezone,holofoil,Hidden Fates Shiny Vault,SV29,Rare Shiny,Misa Tsutsui,Stage 2,462,Pokémon,2019/08/23,"tcgplayer,cardmarket",https://prices.pokemontcg.io/tcgplayer/sma-SV29,https://images.pokemontcg.io/sma/SV29_hires.png,2026/08/08,2026/03/11,2.83,2.0,3.0,9.6899995803833,,,,,,3.4951,1.7302,3.4259,0.0,2.8838000297546387,3.5758,3.5874,4.614,4.6717,4.3256,1.1535,2026-08-09
ex11-35,Ditto,normal,Delta Species,35,Uncommon,Yuka Morii,Basic,132,Pokémon,2005/10/31,"tcgplayer,cardmarket",https://prices.pokemontcg.io/tcgplayer/ex11-35,https://images.pokemontcg.io/ex11/35_hires.png,2026/08/08,2026/06/22,73.89,50.0,54.95000076293945,986.5599975585938,,140.82,,,,22.1357,5.756,18.1099,92.7299,7.497700214385986,14.2688,18.6521,98.036,63.3848,81.1603,1.1535,2026-08-09
ecard2-8,Electrode,normal,Aquapolis,8,Rare,Shin-ichi Yoshida,Stage 1,101,Pokémon,2003/01/15,"tcgplayer,cardmarket",https://prices.pokemontcg.io/tcgplayer/ecard2-8,https://images.pokemontcg.io/ecard2/8_hires.png,2026/08/08,2026/06/22,13.42,24.989999771118164,134.0500030517578,181.99000549316406,,49.99,,,,3.8527,1.1535,5.2715,5.756,5.37529993057251,6.252,5.0177,5.7675,17.6947,14.2111,1.1535,2026-08-09
pl1-36,Ninetales,normal,Platinum,36,Rare,Suwama Chiaki,Stage 1,38,Pokémon,2009/02/11,"tcgplayer,cardmarket",https://prices.pokemontcg.io/tcgplayer/pl1-36,https://images.pokemontcg.io/pl1/36_hires.png,2026/08/08,2026/03/11,7.12,3.2200000286102295,8.3100004196167,99.9000015258789,,26.21,,,,0.9343,0.173,1.0728,2.9184,1.1419999599456787,0.8997,0.9459,5.7675,6.7249,4.787,1.1535,2026-08-09
gym1-36,Blaine's Kangaskhan,unlimited,Gym Heroes,36,Uncommon,Ken Sugimori,Basic,115,Pokémon,2000/08/14,"tcgplayer,cardmarket",https://prices.pokemontcg.io/tcgplayer/gym1-36,https://images.pokemontcg.io/gym1/36_hires.png,2026/08/08,2026/06/25,5.2,2.2300000190734863,3.450000047683716,39.9900016784668,,,,,"{""1stEdition"": {""low"": 4.21, ""mid"": 8.89, ""high"": 102.5, ""market"": 9.39, ""directLow"": null}}",6.0443,0.5767,6.4711,0.0,4.037300109863281,6.7018,5.6406,0.0,0.0,0.0,1.1535,2026-08-09
bw7-38,Delibird,normal,Boundaries Crossed,38,Uncommon,Sumiyoshi Kizuki,Basic,225,Pokémon,2012/11/07,"tcgplayer,cardmarket",https://prices.pokemontcg.io/tcgplayer/bw7-38,https://images.pokemontcg.io/bw7/38_hires.png,2026/08/08,2026/02/24,0.33,0.12999999523162842,0.3199999928474426,19.979999542236328,,1.59,,,,40.3725,0.0,37.0273,0.0,40.372501373291016,41.6529,23.7736,4.0257,4.1987,4.1987,1.1535,2026-08-09
ex2-29,Arbok,normal,Sandstorm,29,Uncommon,Midori Harada,Stage 1,24,Pokémon,2003/09/18,"tcgplayer,cardmarket",https://prices.pokemontcg.io/tcgplayer/ex2-29,https://images.pokemontcg.io/ex2/29_hires.png,2026/08/08,2026/06/26,2.49,1.9600000381469727,2.869999885559082,28.0,,14.72,,,,2.457,0.0231,2.1109,2.8838,1.038100004196167,2.5954,2.5723,2.307,7.567,7.2901,1.1535,2026-08-09
ex8-36,Lunatone,normal,Deoxys,36,Uncommon,Kyoko Umemoto,Basic,337,Pokémon,2005/02/01,"tcgplayer,cardmarket",https://prices.pokemontcg.io/tcgplayer/ex8-36,https://images.pokemontcg.io/ex8/36_hires.png,2026/08/08,2026/06/21,1.67,1.0,1.7599999904632568,29.399999618530273,,28.74,,,,1.5342,0.0577,1.5572,18.8251,1.9493999481201172,1.638,1.0612,4.614,12.0771,13.5998,1.1535,2026-08-09
bw3-31,Jellicent,normal,Noble Victories,31,Rare,Kagemaru Himeno,Stage 1,593,Pokémon,2011/11/16,"tcgplayer,cardmarket",https://prices.pokemontcg.io/tcgplayer/bw3-31,https://images.pokemontcg.io/bw3/31_hires.png,2026/08/08,2026/05/14,5.2,1.600000023841858,5.199999809265137,64.0,,4.13,,,,0.8421,0.0923,1.1074,3.4605,1.61489999294281,1.5572,1.6034,0.8074,2.0878,3.0222,1.1535,2026-08-09
sm6-31,Volcanion ◇,holofoil,Forbidden Light,31,Rare Prism Star,Naoki Saito,Basic|Prism Star,721,Pokémon,2018/05/04,"tcgplayer,cardmarket",https://prices.pokemontcg.io/tcgplayer/sm6-31,https://images.pokemontcg.io/sm6/31_hires.png,2026/08/08,2026/03/11,3.6,2.0,3.5199999809265137,49.0,,,,,,3.3105,0.5767,4.1065,2.2955,4.613999843597412,3.4144,3.472,2.2955,2.6992,3.8988,1.1535,2026-08-09
xy5-36,Swampert,holofoil,Primal Clash,36,Rare Holo,Shin Nagasawa,Stage 2,260,Pokémon,2015/02/04,"tcgplayer,cardmarket",https://prices.pokemontcg.io/tcgplayer/xy5-36,https://images.pokemontcg.io/xy5/36_hires.png,2026/08/08,2026/03/11,30.69,14.989999771118164,31.59000015258789,238.27999877929688,,33.23,,,,6.921,8.0745,45.4364,38.9998,36.623600006103516,34.4781,28.2954,25.377,38.0424,23.889,1.1535,2026-08-09
sm75-35,Dratini,normal,Dragon Majesty,35,Common,Anesaki Dynamic,Basic,147,Pokémon,2018/09/07,"tcgplayer,cardmarket",https://prices.pokemontcg.io/tcgplayer/sm75-35,https://images.pokemontcg.io/sm75/35_hires.png,2026/08/08,2026/03/11,0.4,0.10000000149011612,0.3700000047683716,19.979999542236328,,2.83,,,,0.173,0.0231,0.2076,5.5368,0.17299999296665192,0.2768,0.2538,3.4605,4.3141,5.2946,1.1535,2026-08-09
sm115-37,Cubone,normal,Hidden Fates,37,Common,Hasuno,Basic,104,Pokémon,2019/08/23,"tcgplayer,cardmarket",https://prices.pokemontcg.io/tcgplayer/sm115-37,https://images.pokemontcg.io/sm115/37_hires.png,2026/08/08,2026/03/11,0.25,0.009999999776482582,0.25,19.940000534057617,,0.95,,,,0.0923,0.0231,0.173,0.4037,0.04610000178217888,0.173,0.1038,0.5767,0.4729,0.4499,1.1535,2026-08-09
base3-38,Kingler,unlimited,Fossil,38,Uncommon,Kagemaru Himeno,Stage 1,99,Pokémon,1999/10/10,"tcgplayer,cardmarket",https://prices.pokemontcg.io/tcgplayer/base3-38,https://images.pokemontcg.io/base3/38_hires.png,2026/08/08,2026/07/01,1.14,0.20000000298023224,0.6200000047683716,6.239999771118164,,,,,"{""1stEdition"": {""low"": 1.61, ""mid"": 3.26, ""high"": 49.99, ""market"": 3.29, ""directLow"": null}}",1.8687,0.0231,1.4995,0.0,1.6033999919891357,1.2919,1.9379,0.4037,0.5306,0.5306,1.1535,2026-08-09
ecard3-1,Aerodactyl,normal,Skyridge,1,Rare,Toshinao Aoki,Stage 1,142,Pokémon,2003/05/12,"tcgplayer,cardmarket",https://prices.pokemontcg.io/tcgplayer/ecard3-1,https://images.pokemontcg.io/ecard3/1_hires.png,2026/08/08,2026/06/27,75.29,66.66000366210938,497.29998779296875,551.5800170898438,,117.96,,,,18.6752,2.2955,23.3238,73.2357,7.497700214385986,21.8127,15.9298,5.7675,63.0042,35.0318,1.1535,2026-08-09
dp2-29,Mantine,normal,Mysterious Treasures,29,Rare,Masakazu Fukuda,Basic,226,Pokémon,2007/08/01,"tcgplayer,cardmarket",https://prices.pokemontcg.io/tcgplayer/dp2-29,https://images.pokemontcg.io/dp2/29_hires.png,2026/08/08,2026/06/22,1.65,0.30000001192092896,1.0199999809265137,19.989999771118164,,13.99,,,,0.4153,0.0577,0.3576,1.7879,0.23070000112056732,0.5075,0.496,1.1535,1.2804,2.9991,1.1535,2026-08-09
xy11-37,Avalugg,normal,Steam Siege,37,Rare,Saya Tsuruta,Stage 1,713,Pokémon,2016/08/03,"tcgplayer,cardmarket",https://prices.pokemontcg.io/tcgplayer/xy11-37,https://images.pokemontcg.io/xy11/37_hires.png,2026/08/08,2026/03/07,0.44,0.23999999463558197,0.4399999976158142,17.299999237060547,,0.69,,,,0.4268,0.0231,0.3807,0.669,0.57669997215271,0.4268,0.4499,0.2307,0.7844,0.9689,1.1535,2026-08-09
bw4-40,Raichu,normal,Next Destinies,40,Uncommon,Naoki Saito,Stage 1,26,Pokémon,2012/02/08,"tcgplayer,cardmarket",https://prices.pokemontcg.io/tcgplayer/bw4-40,https://images.pokemontcg.io/bw4/40_hires.png,2026/08/08,2026/03/11,3.27,1.5299999713897705,2.950000047683716,30.0,,8.98,,,,1.2804,0.0231,1.7187,1.2342,0.05770000070333481,1.3496,1.1535,0.7498,3.0337,3.8181,1.1535,2026-08-09
sm1-35,Lapras-GX,holofoil,Sun & Moon,35,Rare Holo GX,5ban Graphics,Basic|GX,131,Pokémon,2017/02/03,"tcgplayer,cardmarket",https://prices.pokemontcg.io/tcgplayer/sm1-35,https://images.pokemontcg.io/sm1/35_hires.png,2026/08/08,2026/03/11,4.69,2.490000009536743,4.690000057220459,53.290000915527344,,,,,,3.8296,0.8074,3.622,0.0,1.9608999490737915,3.1952,3.9219,2.8722,2.9991,3.7258,1.1535,2026-08-09
xy0-29,Bidoof,normal,Kalos Starter Set,29,,Kouki Saitou,Basic,399,Pokémon,2013/11/08,"tcgplayer,cardmarket",https://prices.pokemontcg.io/tcgplayer/xy0-29,https://images.pokemontcg.io/xy0/29_hires.png,2026/08/08,2026/06/21,8.5,5.489999771118164,7.0,82.30000305175781,,,,,,8.9396,2.307,12.5039,0.0,22.954599380493164,14.9263,8.7435,0.0,0.0,0.0,1.1535,2026-08-09
swsh2-30,Magmortar,normal,Rebel Clash,30,Rare,Kazuma Koda,Stage 1,467,Pokémon,2020/05/01,"tcgplayer,cardmarket",https://prices.pokemontcg.io/tcgplayer/swsh2-30,https://images.pokemontcg.io/swsh2/30_hires.png,2026/08/08,2026/03/11,0.3,0.14000000059604645,0.30000001192092896,19.979999542236328,,0.61,,,,0.2884,0.0577,0.2307,0.8074,0.08070000261068344,0.2538,0.2768,0.7498,0.9113,0.8651,1.1535,2026-08-09
sm35-27,Shining Volcanion,holofoil,Shining Legends,27,Rare Shining,Hitoshi Ariga,Basic,721,Pokémon,2017/10/06,"tcgplayer,cardmarket",https://prices.pokemontcg.io/tcgplayer/sm35-27,https://images.pokemontcg.io/sm35/27_hires.png,2026/08/08,2026/05/07,7.32,4.0,7.360000133514404,96.18000030517578,,,,,,10.716,2.7338,13.9573,0.0,8.743499755859375,13.8651,11.8811,14.1073,15.6069,21.3744,1.1535,2026-08-09
hgss1-40,Donphan,normal,HeartGold & SoulSilver,40,Uncommon,Midori Harada,Stage 1,232,Pokémon,2010/02/10,"tcgplayer,cardmarket",https://prices.pokemontcg.io/tcgplayer/hgss1-40,https://images.pokemontcg.io/hgss1/40_hires.png,2026/08/08,2026/03/08,0.61,0.28999999165534973,0.6399999856948853,19.979999542236328,,1.51,,,,0.5421,0.0346,0.5883,3.1491,0.3345000147819519,0.5998,0.5767,0.5767,2.6992,1.5918,1.1535,2026-08-09
ex10-35,Bayleef,normal,Unseen Forces,35,Uncommon,Atsuko Nishida,Stage 1,153,Pokémon,2005/08/01,"tcgplayer,cardmarket",https://prices.pokemontcg.io/tcgplayer/ex10-35,https://images.pokemontcg.io/ex10/35_hires.png,2026/08/08,2026/06/21,1.29,0.4000000059604645,0.9399999976158142,19.979999542236328,,28.42,,,,1.1766,0.0231,0.6344,11.9157,0.3921999931335449,0.4268,1.1304,5.7675,11.2582,9.9086,1.1535,2026-08-09
smp-SM28,Vikavolt,holofoil,SM Black Star Promos,SM28,Promo,Shin Nagasawa,Stage 2,738,Pokémon,2017/02/03,"tcgplayer,cardmarket",https://prices.pokemontcg.io/tcgplayer/smp-SM28,https://images.pokemontcg.io/smp/SM28_hires.png,2026/08/08,2026/06/08,0.42,0.20000000298023224,0.5,19.979999542236328,,,,,,0.6575,0.0577,0.5767,0.0,0.8651000261306763,0.5652,0.5075,0.4614,0.5767,0.7267,1.1535,2026-08-09
base1-36,Magmar,normal,Base,36,Uncommon,Ken Sugimori,Basic,126,Pokémon,1999/01/09,"tcgplayer,cardmarket",https://prices.pokemontcg.io/tcgplayer/base1-36,https://images.pokemontcg.io/base1/36_hires.png,2026/08/08,2026/07/01,3.36,0.5,1.5,14.989999771118164,,,,,,35.2971,5.7098,29.7142,0.0,28.826000213623047,35.1933,25.6538,0.0,0.0,0.0,1.1535,2026-08-09
ex15-26,Bayleef δ,normal,Dragon Frontiers,26,Uncommon,Kagemaru Himeno,Stage 1,153,Pokémon,2006/11/01,"tcgplayer,cardmarket",https://prices.pokemontcg.io/tcgplayer/ex15-26,https://images.pokemontcg.io/ex15/26_hires.png,2026/08/08,2026/06/27,1.96,1.090000033378601,1.75,31.399999618530273,,32.31,,,,1.661,0.2307,2.157,9.3433,3.6796998977661133,1.8571,1.661,9.7125,9.6779,10.7737,1.1535,2026-08-09
xy7-36,Hoopa-EX,holofoil,Ancient Origins,36,Rare Holo EX,Ryota Murayama,Basic|EX,720,Pokémon,2015/08/12,"tcgplayer,cardmarket",https://prices.pokemontcg.io/tcgplayer/xy7-36,https://images.pokemontcg.io/xy7/36_hires.png,2026/08/08,2026/03/07,6.98,3.0,6.840000152587891,96.94999694824219,,,,,,0.0,0.0,0.0,0.0,0.0,0.0,0.0,0.0,0.0,0.0,1.1535,2026-08-09
bw11-39,Samurott,holofoil,Legendary Treasures,39,Rare Holo,Naoki Saito,Stage 2,503,Pokémon,2013/11/06,"tcgplayer,cardmarket",https://prices.pokemontcg.io/tcgplayer/bw11-39,https://images.pokemontcg.io/bw11/39_hires.png,2026/08/08,2026/03/11,3.07,1.190000057220459,2.75,29.989999771118164,,4.39,,,,4.9947,2.7569,4.7409,4.614,3.4489998817443848,5.2484,4.8216,4.614,8.7897,4.1872,1.1535,2026-08-09
sm5-36,Floatzel,normal,Ultra Prism,36,Uncommon,Naoyo Kimura,Stage 1,419,Pokémon,2018/02/02,"tcgplayer,cardmarket",https://prices.pokemontcg.io/tcgplayer/sm5-36,https://images.pokemontcg.io/sm5/36_hires.png,2026/08/08,2026/03/11,0.06,0.019999999552965164,0.20000000298023224,19.979999542236328,,0.45,,,,0.1038,0.0231,0.1154,0.3807,0.17299999296665192,0.1154,0.1154,0.5652,0.3922,0.3345,1.1535,2026-08-09
ex5-29,Beldum,normal,Hidden Legends,29,Uncommon,Mitsuhiro Arita,Basic,374,Pokémon,2004/06/01,"tcgplayer,cardmarket",https://prices.pokemontcg.io/tcgplayer/ex5-29,https://images.pokemontcg.io/ex5/29_hires.png,2026/08/08,2026/07/01,2.15,1.5,2.2100000381469727,32.79999923706055,,10.5,,,,1.3957,0.1154,1.6726,0.0,1.7302000522613525,0.9689,1.142,8.063,11.212,13.0346,1.1535,2026-08-09
sm12-39,Alolan Vulpix,normal,Cosmic Eclipse,39,Common,nagimiso,Basic,37,Pokémon,2019/11/01,"tcgplayer,cardmarket",https://prices.pokemontcg.io/tcgplayer/sm12-39,https://images.pokemontcg.io/sm12/39_hires.png,2026/08/08,2026/03/11,0.51,0.1899999976158142,0.5,19.979999542236328,,3.01,,,,0.2076,0.0231,0.3114,0.7036,0.3230000138282776,0.3345,0.2768,0.9343,0.9343,0.8767,1.1535,2026-08-09
hgss4-38,Lickilicky,normal,HS—Triumphant,38,Uncommon,Atsuko Nishida,Stage 1,463,Pokémon,2010/11/03,"tcgplayer,cardmarket",https://prices.pokemontcg.io/tcgplayer/hgss4-38,https://images.pokemontcg.io/hgss4/38_hires.png,2026/08/08,2026/05/14,0.58,0.25,0.5,5.0,,6.5,,,,0.669,0.0231,0.5075,1.7302,0.23070000112056732,0.3807,0.4729,1.142,1.661,3.2875,1.1535,2026-08-09
swsh35-37,Galarian Obstagoon,holofoil,Champion's Path,37,Rare Holo,Shin Nagasawa,Stage 2,862,Pokémon,2020/09/25,"tcgplayer,cardmarket",https://prices.pokemontcg.io/tcgplayer/swsh35-37,https://images.pokemontcg.io/swsh35/37_hires.png,2026/08/08,2026/03/11,0.13,0.009999999776482582,0.25,3.75,,0.22,,,,0.3345,0.0231,0.1961,0.4383,0.12690000236034393,0.2192,0.2884,0.496,0.3114,0.4037,1.1535,2026-08-09
bw2-29,Cubchoo,normal,Emerging Powers,29,Common,Kanako Eo,Basic,613,Pokémon,2011/08/31,"tcgplayer,cardmarket",https://prices.pokemontcg.io/tcgplayer/bw2-29,https://images.pokemontcg.io/bw2/29_hires.png,2026/08/08,2026/05/16,0.37,0.10000000149011612,0.36000001430511475,19.979999542236328,,8.11,,,,0.1961,0.0231,0.173,2.1916,0.11540000140666962,0.1961,0.1846,0.5767,1.1074,0.8882,1.1535,2026-08-09
xy9-27,M Gyarados-EX,holofoil,BREAKpoint,27,Rare Holo EX,5ban Graphics,MEGA|EX,130,Pokémon,2016/02/03,"tcgplayer,cardmarket",https://prices.pokemontcg.io/tcgplayer/xy9-27,https://images.pokemontcg.io/xy9/27_hires.png,2026/08/08,2026/06/08,51.2,28.979999542236328,46.599998474121094,291.8999938964844,,,,,,39.5074,17.0718,37.7425,0.0,34.59349822998047,41.849,37.1542,14.984,12.4232,11.6042,1.1535,2026-08-09
sm8-35,Skiddo,normal,Lost Thunder,35,Common,Ken Sugimori,Basic,672,Pokémon,2018/11/02,"tcgplayer,cardmarket",https://prices.pokemontcg.io/tcgplayer/sm8-35,https://images.pokemontcg.io/sm8/35_hires.png,2026/08/08,2026/03/11,0.14,0.03999999910593033,0.20000000298023224,19.979999542236328,,0.35,,,,0.0923,0.0231,0.1154,0.3345,0.11540000140666962,0.1154,0.0923,0.2884,0.3922,0.3691,1.1535,2026-08-09
ex6-32,Drowzee,normal,FireRed & LeafGreen,32,Uncommon,Yukiko Baba,Basic,96,Pokémon,2004/09/01,"tcgplayer,cardmarket",https://prices.pokemontcg.io/tcgplayer/ex6-32,https://images.pokemontcg.io/ex6/32_hires.png,2026/08/08,2026/06/27,5.3,4.710000038146973,6.989999771118164,55.400001525878906,,38.29,,,,2.63,0.4037,2.157,15.3185,3.4605000019073486,2.1109,2.1109,4.614,11.0736,9.1127,1.1535,2026-08-09
base5-33,Dark Dragonair,unlimited,Team Rocket,33,Uncommon,Kagemaru Himeno,Stage 1,148,Pokémon,2000/04/24,"tcgplayer,cardmarket",https://prices.pokemontcg.io/tcgplayer/base5-33,https://images.pokemontcg.io/base5/33_hires.png,2026/08/08,2026/06/29,6.2,2.4600000381469727,6.0,93.37999725341797,,,,,"{""1stEdition"": {""low"": 6.0, ""mid"": 11.94, ""high"": 134.6, ""market"": 15.42, ""directLow"": null}}",5.606,0.3807,8.3744,0.0,8.512800216674805,11.4081,6.8172,10.37,6.3327,6.3327,1.1535,2026-08-09
xy3-26,Aurorus,normal,Furious Fists,26,Rare,5ban Graphics,Stage 1,699,Pokémon,2014/08/13,"tcgplayer,cardmarket",https://prices.pokemontcg.io/tcgplayer/xy3-26,https://images.pokemontcg.io/xy3/26_hires.png,2026/08/08,2026/06/18,8.34,4.75,7.96999979019165,90.0,,12.07,,,,14.6956,4.0373,14.3726,8.0745,8.062999725341797,13.8305,15.6415,8.0745,16.2644,19.2404,1.1535,2026-08-09
base6-31,Nidoking,normal,Legendary Collection,31,Rare,Ken Sugimori,Stage 2,34,Pokémon,2002/05/24,"tcgplayer,cardmarket",https://prices.pokemontcg.io/tcgplayer/base6-31,https://images.pokemontcg.io/base6/31_hires.png,2026/08/08,2026/07/01,14.15,13.0,15.229999542236328,139.10000610351562,,225.5,,,,4.8908,1.0381,8.3744,132.5948,8.07450008392334,6.7826,7.0479,57.5596,101.162,69.8444,1.1535,2026-08-09
dp1-37,Snorlax,normal,Diamond & Pearl,37,Rare,Ken Sugimori,Basic,143,Pokémon,2007/05/01,"tcgplayer,cardmarket",https://prices.pokemontcg.io/tcgplayer/dp1-37,https://images.pokemontcg.io/dp1/37_hires.png,2026/08/08,2026/04/30,24.23,8.989999771118164,35.0,99.98999786376953,,54.15,,,,4.9831,0.5767,4.6947,7.6362,6.286600112915039,4.5333,4.118,2.8838,10.4161,11.1082,1.1535,2026-08-09
xy12-29,Dewgong,normal,Evolutions,29,Rare,Mitsuhiro Arita,Stage 1,87,Pokémon,2016/11/02,"tcgplayer,cardmarket",https://prices.pokemontcg.io/tcgplayer/xy12-29,https://images.pokemontcg.io/xy12/29_hires.png,2026/08/08,2026/06/08,0.21,0.05999999865889549,0.25,35.0,,1.26,,,,0.173,0.0231,0.4614,3.7143,0.34599998593330383,0.5075,0.2307,3.2183,3.4951,3.3913,1.1535,2026-08-09
dp3-40,Weavile,normal,Secret Wonders,40,Rare,Kagemaru Himeno,Stage 1,461,Pokémon,2007/11/01,"tcgplayer,cardmarket",https://prices.pokemontcg.io/tcgplayer/dp3-40,https://images.pokemontcg.io/dp3/40_hires.png,2026/08/08,2026/03/07,1.35,0.5699999928474426,1.350000023841858,25.530000686645508,,4.99,,,,0.5883,0.0231,0.0231,1.9725,2.8722000122070312,0.9343,1.2458,0.7728,1.4995,2.2263,1.1535,2026-08-09
xy10-35,Reuniclus,normal,Fates Collide,35,Rare,Yukiko Baba,Stage 2,579,Pokémon,2016/05/02,"tcgplayer,cardmarket",https://prices.pokemontcg.io/tcgplayer/xy10-35,https://images.pokemontcg.io/xy10/35_hires.png,2026/08/08,2026/03/11,0.46,0.18000000715255737,0.4699999988079071,19.979999542236328,,0.69,,,,0.5306,0.0231,0.4268,1.0958,0.57669997215271,0.4729,0.4268,1.142,1.1881,1.1535,1.1535,2026-08-09
sm4-28,Regice,holofoil,Crimson Invasion,28,Rare Holo,Masakazu Fukuda,Basic,378,Pokémon,2017/11/03,"tcgplayer,cardmarket",https://prices.pokemontcg.io/tcgplayer/sm4-28,https://images.pokemontcg.io/sm4/28_hires.png,2026/08/08,2026/06/08,0.68,0.1899999976158142,0.6899999976158142,2.0,,0.67,,,,0.8421,0.4499,0.8536,0.0,1.153499960899353,0.9113,0.8421,0.6806,0.7613,0.2307,1.1535,2026-08-09
bw5-29,Empoleon,holofoil,Dark Explorers,29,Rare Holo,Naoki Saito,Stage 2,395,Pokémon,2012/05/09,"tcgplayer,cardmarket",https://prices.pokemontcg.io/tcgplayer/bw5-29,https://images.pokemontcg.io/bw5/29_hires.png,2026/08/08,2026/05/01,5.37,6.340000152587891,29.979999542236328,48.099998474121094,,9.92,,,,1.9725,0.1154,3.3105,0.0,2.306999921798706,2.0648,2.0532,5.7098,2.3185,2.5723,1.1535,2026-08-09
dp7-27,Staraptor,normal,Stormfront,27,Rare,Kouki Saitou,Stage 2,398,Pokémon,2008/11/01,"tcgplayer,cardmarket",https://prices.pokemontcg.io/tcgplayer/dp7-27,https://images.pokemontcg.io/dp7/27_hires.png,2026/08/08,2026/06/07,1.09,0.3499999940395355,1.0299999713897705,19.979999542236328,,7.3,,,,0.2653,0.0577,0.2307,2.4454,0.3345000147819519,0.2768,0.4499,4.5563,2.6069,2.9184,1.1535,2026-08-09
xyp-XY27,Champions Festival,holofoil,XY Black Star Promos,XY27,Promo,Naoki Saito,Stadium,,Trainer,2013/10/12,"tcgplayer,cardmarket",https://prices.pokemontcg.io/tcgplayer/xyp-XY27,https://images.pokemontcg.io/xyp/XY27_hires.png,2026/06/24,2026/05/11,,200.0,200.0,200.0,,,,,,92.0839,80.7335,101.358,0.0,80.7334976196289,103.3997,102.9268,23.0123,28.33,28.33,1.1535,2026-08-09
swshp-SWSH027,Noctowl,holofoil,SWSH Black Star Promos,SWSH027,Promo,Misa Tsutsui,Stage 1,164,Pokémon,2019/11/15,"tcgplayer,cardmarket",https://prices.pokemontcg.io/tcgplayer/swshp-SWSH027,https://images.pokemontcg.io/swshp/SWSH027_hires.png,2026/08/08,2026/03/11,2.41,0.8799999952316284,2.4600000381469727,20.0,,,,,,2.5377,1.0381,2.6184,0.0,5.75600004196167,2.9414,2.6646,1.6726,2.0071,2.48,1.1535,2026-08-09
ex7-34,Dark Golbat,normal,Team Rocket Returns,34,Uncommon,Masakazu Fukuda,Stage 1,42,Pokémon,2004/11/01,"tcgplayer,cardmarket",https://prices.pokemontcg.io/tcgplayer/ex7-34,https://images.pokemontcg.io/ex7/34_hires.png,2026/08/08,2026/06/22,4.54,3.549999952316284,5.0,59.0,,58.71,,,,5.2138,1.142,5.2023,26.519,3.8642001152038574,4.764,3.8642,40.361,90.123,37.1773,1.1535,2026-08-09
bw9-34,Jolteon,normal,Plasma Freeze,34,Uncommon,5ban Graphics,Stage 1|Team Plasma,135,Pokémon,2013/05/08,"tcgplayer,cardmarket",https://prices.pokemontcg.io/tcgplayer/bw9-34,https://images.pokemontcg.io/bw9/34_hires.png,2026/08/08,2026/03/11,4.45,1.5,4.300000190734863,28.979999542236328,,46.82,,,,2.2955,0.1154,2.8953,13.992,1.7302000522613525,2.5954,2.4916,18.8367,15.5723,16.3682,1.1535,2026-08-09
sm3-32,Magikarp,normal,Burning Shadows,32,Common,Yukiko Baba,Basic,129,Pokémon,2017/08/05,"tcgplayer,cardmarket",https://prices.pokemontcg.io/tcgplayer/sm3-32,https://images.pokemontcg.io/sm3/32_hires.png,2026/08/08,2026/03/11,0.36,0.05000000074505806,0.33000001311302185,3.990000009536743,,1.19,,,,0.0923,0.0231,0.0923,0.6229,0.04610000178217888,0.0923,0.1038,0.5652,0.6114,0.5652,1.1535,2026-08-09
neo2-28,Poliwrath,unlimited,Neo Discovery,28,Rare,Shin-ichi Yoshida,Stage 2,62,Pokémon,2001/06/01,"tcgplayer,cardmarket",https://prices.pokemontcg.io/tcgplayer/neo2-28,https://images.pokemontcg.io/neo2/28_hires.png,2026/08/08,2026/07/01,6.17,4.190000057220459,6.519999980926514,61.52000045776367,,,,,"{""1stEdition"": {""low"": 15.99, ""mid"": 25.45, ""high"": 124.0, ""market"": 16.63, ""directLow"": null}}",7.0133,0.5767,6.4481,0.0,8.662799835205078,5.6406,6.3904,6.9095,6.7018,4.0834,1.1535,2026-08-09
neo4-35,Dark Forretress,unlimited,Neo Destiny,35,Uncommon,Mitsuhiro Arita,Stage 1,205,Pokémon,2002/02/28,"tcgplayer,cardmarket",https://prices.pokemontcg.io/tcgplayer/neo4-35,https://images.pokemontcg.io/neo4/35_hires.png,2026/08/08,2026/06/27,3.2,1.440000057220459,2.4600000381469727,53.65999984741211,,,,,"{""1stEdition"": {""low"": 7.5, ""mid"": 20.0, ""high"": 93.02, ""market"": 9.08, ""directLow"": 93.02}}",2.9991,0.5191,3.4028,0.0,4.037300109863281,3.2529,3.2759,0.0,0.0,0.0,1.1535,2026-08-09
ex14-34,Ivysaur,normal,Crystal Guardians,34,Uncommon,Sumiyoshi Kizuki,Stage 1,2,Pokémon,2006/08/01,"tcgplayer,cardmarket",https://prices.pokemontcg.io/tcgplayer/ex14-34,https://images.pokemontcg.io/ex14/34_hires.png,2026/08/08,2026/06/22,17.62,10.380000114440918,17.530000686645508,170.10000610351562,,44.12,,,,2.5954,0.0461,3.3798,55.368,4.267899990081787,4.9831,2.8607,16.149,50.8347,24.6964,1.1535,2026-08-09
hgss3-33,Raichu,normal,HS—Undaunted,33,Uncommon,Kouki Saitou,Stage 1,26,Pokémon,2010/08/18,"tcgplayer,cardmarket",https://prices.pokemontcg.io/tcgplayer/hgss3-33,https://images.pokemontcg.io/hgss3/33_hires.png,2026/08/08,2026/06/11,6.95,5.269999980926514,6.409999847412109,85.69999694824219,,42.17,,,,1.5918,0.0461,1.661,5.8367,0.8651000261306763,1.7418,1.8341,2.2609,5.7214,4.8908,1.1535,2026-08-09
bw6-39,Flaaffy,normal,Dragons Exalted,39,Uncommon,Atsuko Nishida,Stage 1,180,Pokémon,2012/08/15,"tcgplayer,cardmarket",https://prices.pokemontcg.io/tcgplayer/bw6-39,https://images.pokemontcg.io/bw6/39_hires.png,2026/08/08,2026/03/11,0.55,0.33000001311302185,0.6399999856948853,19.979999542236328,,6.44,,,,0.4614,0.0231,0.4845,0.0,1.3841999769210815,0.4614,0.3691,0.5767,1.4188,1.2689,1.1535,2026-08-09
dp6-29,Groudon,normal,Legends Awakened,29,Rare,Kazuaki Aihara,Basic,383,Pokémon,2008/08/01,"tcgplayer,cardmarket",https://prices.pokemontcg.io/tcgplayer/dp6-29,https://images.pokemontcg.io/dp6/29_hires.png,2026/08/08,2026/06/08,22.18,12.75,21.940000534057617,359.8999938964844,,29.17,,,,2.2147,0.5767,1.984,8.4321,5.190700054168701,2.6069,2.803,2.307,8.0399,6.2289,1.1535,2026-08-09
xy1-36,Corsola,normal,XY,36,Uncommon,Kyoko Umemoto,Basic,222,Pokémon,2014/02/05,"tcgplayer,cardmarket",https://prices.pokemontcg.io/tcgplayer/xy1-36,https://images.pokemontcg.io/xy1/36_hires.png,2026/08/08,2026/03/11,0.39,0.20000000298023224,0.3700000047683716,17.81999969482422,,0.89,,,,0.2192,0.0231,0.2307,0.5767,0.2768000066280365,0.2538,0.2307,0.5767,0.7152,0.5998,1.1535,2026-08-09
xy6-34,Gallade-EX,holofoil,Roaring Skies,34,Rare Holo EX,Eske Yoshinob,Basic|EX,475,Pokémon,2015/05/06,"tcgplayer,cardmarket",https://prices.pokemontcg.io/tcgplayer/xy6-34,https://images.pokemontcg.io/xy6/34_hires.png,2026/08/08,2026/05/14,3.29,1.9900000095367432,3.2699999809265137,27.8799991607666,,,,,,4.6947,1.142,5.26,0.0,3.8987998962402344,5.4676,4.6947,10.37,3.449,3.0568,1.1535,2026-08-09
ex13-34,Zangoose,normal,Holon Phantoms,34,Rare,Mitsuhiro Arita,Basic,335,Pokémon,2006/05/01,"tcgplayer,cardmarket",https://prices.pokemontcg.io/tcgplayer/ex13-34,https://images.pokemontcg.io/ex13/34_hires.png,2026/08/08,2026/06/11,1.38,0.5,0.9900000095367432,19.979999542236328,,23.12,,,,1.3265,0.0577,1.3265,11.4773,1.7648999691009521,1.6956,1.2919,8.0745,7.3593,8.0284,1.1535,2026-08-09
g1-24,Vaporeon-EX,holofoil,Generations,24,Rare Holo EX,Naoki Saito,Basic|EX,134,Pokémon,2016/02/22,"tcgplayer,cardmarket",https://prices.pokemontcg.io/tcgplayer/g1-24,https://images.pokemontcg.io/g1/24_hires.png,2026/08/08,2026/06/23,24.22,14.739999771118164,21.93000030517578,139.16000366210938,,,,,,23.9813,6.8864,23.1507,0.0,17.291000366210938,23.5429,23.5314,23.0585,14.3611,13.7036,1.1535,2026-08-09
swsh1-36,Cinderace,normal,Sword & Shield,36,Rare,Shin Nagasawa,Stage 2,815,Pokémon,2020/02/07,"tcgplayer,cardmarket",https://prices.pokemontcg.io/tcgplayer/swsh1-36,https://images.pokemontcg.io/swsh1/36_hires.png,2026/08/08,2026/02/22,0.37,0.07999999821186066,0.3700000047683716,19.979999542236328,,0.46,,,,0.9113,0.0577,0.8421,2.5954,0.9228000044822693,0.9805,0.8536,1.7302,2.4685,1.9148,1.1535,2026-08-09
swsh4-33,Oshawott,normal,Vivid Voltage,33,Common,nagimiso,Basic,501,Pokémon,2020/11/13,"tcgplayer,cardmarket",https://prices.pokemontcg.io/tcgplayer/swsh4-33,https://images.pokemontcg.io/swsh4/33_hires.png,2026/08/08,2026/03/11,0.17,0.009999999776482582,0.20000000298023224,25.15999984741211,,0.31,,,,0.0577,0.0231,0.0577,0.2884,0.023099999874830246,0.0577,0.0577,0.2884,0.2538,0.2768,1.1535,2026-08-09
ecard1-27,Skarmory,holofoil,Expedition Base Set,27,Rare Holo,Kimiya Masago,Basic,227,Pokémon,2002/09/15,"tcgplayer,cardmarket",https://prices.pokemontcg.io/tcgplayer/ecard1-27,https://images.pokemontcg.io/ecard1/27_hires.png,2026/08/08,2026/07/01,62.84,77.98999786376953,221.58999633789062,1261.489990234375,,42.5,,,,44.5136,4.0373,42.2873,13.9573,5.121500015258789,41.7452,41.6067,5.756,10.7622,11.4658,1.1535,2026-08-09
sm9-38,Voltorb,normal,Team Up,38,Common,Ken Sugimori,Basic,100,Pokémon,2019/02/01,"tcgplayer,cardmarket",https://prices.pokemontcg.io/tcgplayer/sm9-38,https://images.pokemontcg.io/sm9/38_hires.png,2026/08/08,2026/03/11,0.17,0.029999999329447746,0.20000000298023224,2.0,,0.35,,,,0.0577,0.0231,0.0577,0.4268,0.04610000178217888,0.0692,0.0923,0.4037,0.4037,0.4037,1.1535,2026-08-09
ex4-36,Team Magma's Lairon,normal,Team Magma vs Team Aqua,36,Uncommon,Hiromichi Sugiyama,Stage 1,305,Pokémon,2004/03/01,"tcgplayer,cardmarket",https://prices.pokemontcg.io/tcgplayer/ex4-36,https://images.pokemontcg.io/ex4/36_hires.png,2026/08/08,2026/06/22,0.84,0.4399999976158142,0.800000011920929,20.81999969482422,,10.09,,,,0.7844,0.0231,0.9805,2.5954,0.28839999437332153,1.2804,0.8882,4.0373,2.6069,2.7684,1.1535,2026-08-09
ex12-38,Lairon,normal,Legend Maker,38,Uncommon,Naoyo Kimura,Stage 1,305,Pokémon,2006/02/01,"tcgplayer,cardmarket",https://prices.pokemontcg.io/tcgplayer/ex12-38,https://images.pokemontcg.io/ex12/38_hires.png,2026/08/08,2026/06/11,0.8,0.20000000298023224,0.800000011920929,18.940000534057617,,42.0,,,,0.4729,0.0231,0.4268,6.7249,0.3806999921798706,0.4729,0.5075,11.535,8.6397,32.7709,1.1535,2026-08-09
xy8-31,Remoraid,normal,BREAKthrough,31,Common,Suwama Chiaki,Basic,223,Pokémon,2015/11/04,"tcgplayer,cardmarket",https://prices.pokemontcg.io/tcgplayer/xy8-31,https://images.pokemontcg.io/xy8/31_hires.png,2026/08/08,2026/03/11,0.18,0.05000000074505806,0.20999999344348907,19.979999542236328,,0.6,,,,0.3807,0.0,0.669,0.0,0.17299999296665192,0.2653,0.3691,0.0,0.0,0.0,1.1535,2026-08-09
np-27,Tropical Tidal Wave,,Nintendo Black Star Promos,27,Promo,Sumiyoshi Kizuki,Item,,Trainer,2003/10/01,cardmarket,https://prices.pokemontcg.io/tcgplayer/np-27,https://images.pokemontcg.io/np/27_hires.png,2023/03/27,2026/07/01,,,,,,,,,,581.9407,576.6923,547.0474,0.0,253.77000427246094,485.4389,542.1911,57.675,57.675,57.675,1.1535,2026-08-09
ecard3-2,Alakazam,normal,Skyridge,2,Rare,Kimiya Masago,Stage 2,65,Pokémon,2003/05/12,"tcgplayer,cardmarket",https://prices.pokemontcg.io/tcgplayer/ecard3-2,https://images.pokemontcg.io/ecard3/2_hires.png,2026/08/08,2026/06/27,122.86,110.0,160.0,1700.0,,241.99,,,,29.3681,5.7675,32.148,45.4133,68.22949981689453,32.9901,33.6015,31.7097,58.7478,57.7442,1.1535,2026-08-09
xy7-37,Machamp-EX,holofoil,Ancient Origins,37,Rare Holo EX,Eske Yoshinob,Basic|EX,68,Pokémon,2015/08/12,"tcgplayer,cardmarket",https://prices.pokemontcg.io/tcgplayer/xy7-37,https://images.pokemontcg.io/xy7/37_hires.png,2026/08/08,2026/03/07,5.68,1.899999976158142,4.949999809265137,39.9900016784668,,,,,,5.5714,2.0763,4.2103,0.0,5.1331000328063965,4.5217,4.4756,2.307,2.6877,3.299,1.1535,2026-08-09
bw6-40,Ampharos,holofoil,Dragons Exalted,40,Rare Holo,Hajime Kusajima,Stage 2,181,Pokémon,2012/08/15,"tcgplayer,cardmarket",https://prices.pokemontcg.io/tcgplayer/bw6-40,https://images.pokemontcg.io/bw6/40_hires.png,2026/08/08,2026/03/11,5.95,3.450000047683716,5.570000171661377,73.0999984741211,,6.15,,,,2.976,0.4037,3.6566,2.9414,0.9228000044822693,2.5377,3.449,4.614,3.1952,3.7373,1.1535,2026-08-09
ex11-36,Ditto,normal,Delta Species,36,Uncommon,Yuka Morii,Basic,132,Pokémon,2005/10/31,"tcgplayer,cardmarket",https://prices.pokemontcg.io/tcgplayer/ex11-36,https://images.pokemontcg.io/ex11/36_hires.png,2026/08/08,2026/06/11,121.68,129.99000549316406,199.49000549316406,839.25,,359.99,,,,31.9635,17.3025,29.5642,105.1877,36.023799896240234,32.9324,36.4506,94.587,87.493,76.6616,1.1535,2026-08-09
sm7-35,Swampert,normal,Celestial Storm,35,Rare,SATOSHI NAKAI,Stage 2,260,Pokémon,2018/08/03,"tcgplayer,cardmarket",https://prices.pokemontcg.io/tcgplayer/sm7-35,https://images.pokemontcg.io/sm7/35_hires.png,2026/08/08,2026/02/24,1.21,0.699999988079071,1.2799999713897705,19.979999542236328,,3.64,,,,1.7995,0.0577,2.157,5.8944,1.3726999759674072,2.134,1.5688,6.3212,4.787,3.6335,1.1535,2026-08-09
swsh4-34,Dewott,normal,Vivid Voltage,34,Uncommon,Megumi Higuchi,Stage 1,502,Pokémon,2020/11/13,"tcgplayer,cardmarket",https://prices.pokemontcg.io/tcgplayer/swsh4-34,https://images.pokemontcg.io/swsh4/34_hires.png,2026/08/08,2026/03/11,0.04,0.009999999776482582,0.17000000178813934,25.040000915527344,,0.25,,,,0.0461,0.0231,0.0577,0.1961,0.023099999874830246,0.0692,0.0461,0.4614,0.2192,0.2076,1.1535,2026-08-09
base3-39,Magmar,unlimited,Fossil,39,Uncommon,Mitsuhiro Arita,Basic,126,Pokémon,1999/10/10,"tcgplayer,cardmarket",https://prices.pokemontcg.io/tcgplayer/base3-39,https://images.pokemontcg.io/base3/39_hires.png,2026/08/08,2026/07/01,0.89,0.23000000417232513,0.7300000190734863,21.3700008392334,,,,,"{""1stEdition"": {""low"": 2.0, ""mid"": 7.49, ""high"": 42.42, ""market"": 8.78, ""directLow"": 9.95}}",1.2342,0.0231,4.3141,0.0,0.7267000079154968,9.0204,2.9991,4.614,2.0071,2.0071,1.1535,2026-08-09
dp1-38,Steelix,normal,Diamond & Pearl,38,Rare,Kouki Saitou,Stage 1,208,Pokémon,2007/05/01,"tcgplayer,cardmarket",https://prices.pokemontcg.io/tcgplayer/dp1-38,https://images.pokemontcg.io/dp1/38_hires.png,2026/08/08,2026/04/30,2.42,1.2000000476837158,2.309999942779541,35.20000076293945,,15.0,,,,2.1109,0.0461,1.5688,2.4454,2.2955000400543213,1.4995,1.638,5.1907,2.4454,2.3877,1.1535,2026-08-09
bw8-36,Vanillish,normal,Plasma Storm,36,Uncommon,Shin Nagasawa,Stage 1,583,Pokémon,2013/02/06,"tcgplayer,cardmarket",https://prices.pokemontcg.io/tcgplayer/bw8-36,https://images.pokemontcg.io/bw8/36_hires.png,2026/08/08,2026/03/11,0.27,0.15000000596046448,0.25999999046325684,19.020000457763672,,1.1,,,,0.173,0.0231,0.1384,0.0,0.09229999780654907,0.2192,0.2076,0.7844,0.9805,0.7267,1.1535,2026-08-09
gym1-37,Blaine's Magmar,unlimited,Gym Heroes,37,Uncommon,Ken Sugimori,Basic,126,Pokémon,2000/08/14,"tcgplayer,cardmarket",https://prices.pokemontcg.io/tcgplayer/gym1-37,https://images.pokemontcg.io/gym1/37_hires.png,2026/08/08,2026/06/25,3.47,1.1699999570846558,3.3399999141693115,33.119998931884766,,,,,"{""1stEdition"": {""low"": 3.0, ""mid"": 9.11, ""high"": 90.0, ""market"": 9.21, ""directLow"": null}}",3.9104,1.1535,4.2333,0.0,1.7302000522613525,4.7293,3.9219,2.8838,2.8838,2.8838,1.1535,2026-08-09
sm3-33,Gyarados,holofoil,Burning Shadows,33,Rare Holo,so-taro,Stage 1,130,Pokémon,2017/08/05,"tcgplayer,cardmarket",https://prices.pokemontcg.io/tcgplayer/sm3-33,https://images.pokemontcg.io/sm3/33_hires.png,2026/08/08,2026/03/11,2.55,1.0,2.880000114440918,18.739999771118164,,3.43,,,,1.5226,0.2307,1.2458,1.4995,1.153499960899353,1.142,1.315,1.0958,1.4419,1.5226,1.1535,2026-08-09
dp7-28,Steelix,normal,Stormfront,28,Rare,Naoyo Kimura,Stage 1,208,Pokémon,2008/11/01,"tcgplayer,cardmarket",https://prices.pokemontcg.io/tcgplayer/dp7-28,https://images.pokemontcg.io/dp7/28_hires.png,2026/08/08,2026/06/07,3.85,1.7100000381469727,3.2200000286102295,43.099998474121094,,15.0,,,,1.0035,0.1154,1.0958,5.3984,2.8838000297546387,1.3957,1.165,4.9024,5.2254,3.5412,1.1535,2026-08-09
bw10-41,Sigilyph,holofoil,Plasma Blast,41,Rare Holo,Kagemaru Himeno,Basic,561,Pokémon,2013/08/14,"tcgplayer,cardmarket",https://prices.pokemontcg.io/tcgplayer/bw10-41,https://images.pokemontcg.io/bw10/41_hires.png,2026/08/08,2026/03/11,0.92,0.25,0.8700000047683716,24.989999771118164,,0.86,,,,0.8536,0.2884,1.142,0.0,1.038100004196167,0.7498,1.2573,2.307,2.63,2.2724,1.1535,2026-08-09
neo3-31,Jynx,unlimited,Neo Revelation,31,Uncommon,Tomokazu Komiya,Basic,124,Pokémon,2001/09/21,"tcgplayer,cardmarket",https://prices.pokemontcg.io/tcgplayer/neo3-31,https://images.pokemontcg.io/neo3/31_hires.png,2026/08/08,2026/07/01,6.03,2.0,4.739999771118164,96.88999938964844,,,,,"{""1stEdition"": {""low"": 7.58, ""mid"": 27.5, ""high"": 87.12, ""market"": 11.53, ""directLow"": 49.98}}",2.5031,0.0461,2.0186,0.0,1.2111999988555908,1.9494,2.5838,0.0,0.0,0.0,1.1535,2026-08-09
xy8-32,Remoraid,normal,BREAKthrough,32,Common,Suwama Chiaki,Basic,223,Pokémon,2015/11/04,"tcgplayer,cardmarket",https://prices.pokemontcg.io/tcgplayer/xy8-32,https://images.pokemontcg.io/xy8/32_hires.png,2026/08/08,2026/03/11,0.19,0.05000000074505806,0.23000000417232513,9.989999771118164,,0.68,,,,0.4037,0.0,0.3807,0.0,0.40369999408721924,0.3576,0.2768,0.0,0.0,0.0,1.1535,2026-08-09
bw11-40,Tympole,normal,Legendary Treasures,40,Common,Kyoko Umemoto,Basic,535,Pokémon,2013/11/06,"tcgplayer,cardmarket",https://prices.pokemontcg.io/tcgplayer/bw11-40,https://images.pokemontcg.io/bw11/40_hires.png,2026/08/08,2026/03/11,0.22,0.05000000074505806,0.23999999463558197,19.979999542236328,,0.91,,,,0.2768,0.0346,0.1846,0.0,0.23070000112056732,0.2307,0.2076,2.8722,2.0186,0.9805,1.1535,2026-08-09
dp5-30,Torterra,normal,Majestic Dawn,30,Rare,Daisuke Ito,Stage 2,389,Pokémon,2008/05/01,"tcgplayer,cardmarket",https://prices.pokemontcg.io/tcgplayer/dp5-30,https://images.pokemontcg.io/dp5/30_hires.png,2026/08/08,2026/06/22,2.17,1.2400000095367432,1.7200000286102295,25.100000381469727,,8.01,,,,0.5767,0.0461,0.5421,5.3061,1.0958000421524048,0.5998,0.6229,3.449,4.5909,3.9565,1.1535,2026-08-09
ecard1-28,Typhlosion,holofoil,Expedition Base Set,28,Rare Holo,K. Hoshiba,Stage 2,157,Pokémon,2002/09/15,"tcgplayer,cardmarket",https://prices.pokemontcg.io/tcgplayer/ecard1-28,https://images.pokemontcg.io/ecard1/28_hires.png,2026/08/08,2026/07/01,200.0,109.0,167.49000549316406,1999.9000244140625,,120.0,,,,40.5571,5.5368,21.2705,16.6104,19.02120018005371,39.8304,66.9376,17.3025,20.8899,29.4142,1.1535,2026-08-09
dpp-DP36,Gliscor,holofoil,DP Black Star Promos,DP36,Promo,Kagemaru Himeno,Stage 1,472,Pokémon,2007/05/01,tcgplayer,https://prices.pokemontcg.io/tcgplayer/dpp-DP36,https://images.pokemontcg.io/dpp/DP36_hires.png,2026/08/08,,5.07,3.3399999141693115,5.619999885559082,50.0,,,,,,,,,,,,,,,,,2026-08-09
sm11-30,Chandelure,holofoil,Unified Minds,30,Rare Holo,kirisAki,Stage 2,609,Pokémon,2019/08/02,"tcgplayer,cardmarket",https://prices.pokemontcg.io/tcgplayer/sm11-30,https://images.pokemontcg.io/sm11/30_hires.png,2026/08/08,2026/03/11,0.99,0.30000001192092896,0.9900000095367432,19.979999542236328,,0.82,,,,2.2839,0.1038,1.8225,1.811,2.2955000400543213,1.6841,1.8341,0.5767,1.1304,1.2689,1.1535,2026-08-09
ex8-37,Magcargo,normal,Deoxys,37,Uncommon,Aya Kusube,Stage 1,219,Pokémon,2005/02/01,"tcgplayer,cardmarket",https://prices.pokemontcg.io/tcgplayer/ex8-37,https://images.pokemontcg.io/ex8/37_hires.png,2026/08/08,2026/06/21,1.28,0.5899999737739563,0.9700000286102295,19.979999542236328,,29.99,,,,1.0035,0.1154,2.3993,8.3052,0.57669997215271,0.992,2.9414,4.6832,8.9742,8.7897,1.1535,2026-08-09
sm35-28,Pikachu,normal,Shining Legends,28,Common,Kagemaru Himeno,Basic,25,Pokémon,2017/10/06,"tcgplayer,cardmarket",https://prices.pokemontcg.io/tcgplayer/sm35-28,https://images.pokemontcg.io/sm35/28_hires.png,2026/08/08,2026/05/07,2.16,0.800000011920929,2.109999895095825,5.989999771118164,,12.6,,,,1.488,0.0577,2.6877,6.0674,3.9333999156951904,1.4649,1.4995,16.7257,6.0559,6.0559,1.1535,2026-08-09
hgss1-41,Dunsparce,normal,HeartGold & SoulSilver,41,Uncommon,Ken Sugimori,Basic,206,Pokémon,2010/02/10,"tcgplayer,cardmarket",https://prices.pokemontcg.io/tcgplayer/hgss1-41,https://images.pokemontcg.io/hgss1/41_hires.png,2026/08/08,2026/03/08,0.55,0.25,0.5,19.979999542236328,,2.48,,,,0.4383,0.0231,0.4153,0.6229,0.40369999408721924,0.4383,0.4153,0.4383,1.0266,1.1881,1.1535,2026-08-09
hgss4-39,Luvdisc,normal,HS—Triumphant,39,Uncommon,sui,Basic,370,Pokémon,2010/11/03,"tcgplayer,cardmarket",https://prices.pokemontcg.io/tcgplayer/hgss4-39,https://images.pokemontcg.io/hgss4/39_hires.png,2026/08/08,2026/03/11,0.56,0.10000000149011612,0.5,19.979999542236328,,5.77,,,,0.4153,0.0346,0.4037,0.9228,0.25380000472068787,0.3345,0.3922,0.9228,0.9574,1.6495,1.1535,2026-08-09
dp2-30,Mr. Mime,normal,Mysterious Treasures,30,Rare,Kagemaru Himeno,Basic,122,Pokémon,2007/08/01,"tcgplayer,cardmarket",https://prices.pokemontcg.io/tcgplayer/dp2-30,https://images.pokemontcg.io/dp2/30_hires.png,2026/08/08,2026/06/22,2.3,1.0,1.1799999475479126,27.100000381469727,,5.72,,,,1.3496,0.0231,1.1074,1.8341,0.911300003528595,0.819,1.1881,2.8838,2.0186,3.3451,1.1535,2026-08-09
sm12-40,Psyduck,normal,Cosmic Eclipse,40,Common,sui,Basic,54,Pokémon,2019/11/01,"tcgplayer,cardmarket",https://prices.pokemontcg.io/tcgplayer/sm12-40,https://images.pokemontcg.io/sm12/40_hires.png,2026/08/08,2026/03/11,2.62,1.75,2.809999942779541,39.61000061035156,,26.02,,,,0.2538,0.0231,0.3807,14.2803,0.5421000123023987,0.4729,0.3114,12.6885,17.3486,10.3815,1.1535,2026-08-09
sma-SV30,Beldum,holofoil,Hidden Fates Shiny Vault,SV30,Rare Shiny,Mizue,Basic,374,Pokémon,2019/08/23,"tcgplayer,cardmarket",https://prices.pokemontcg.io/tcgplayer/sma-SV30,https://images.pokemontcg.io/sma/SV30_hires.png,2026/08/08,2026/03/11,3.11,2.0,3.1500000953674316,9.949999809265137,,,,,,1.9263,1.1535,2.2378,0.0,1.7302000522613525,2.6069,2.1224,1.1535,1.4419,3.0222,1.1535,2026-08-09
pl4-38,Grovyle,normal,Arceus,38,Uncommon,Tomoaki Imakuni,Stage 1,253,Pokémon,2009/11/04,"tcgplayer,cardmarket",https://prices.pokemontcg.io/tcgplayer/pl4-38,https://images.pokemontcg.io/pl4/38_hires.png,2026/08/08,2026/03/07,0.8,0.30000001192092896,0.75,19.979999542236328,,2.75,,,,0.4037,0.0231,0.5075,2.5262,0.31139999628067017,0.3576,0.3576,1.7302,2.9645,1.9609,1.1535,2026-08-09
g1-25,Articuno,holofoil,Generations,25,Rare Holo,Ryo Ueda,Basic,144,Pokémon,2016/02/22,"tcgplayer,cardmarket",https://prices.pokemontcg.io/tcgplayer/g1-25,https://images.pokemontcg.io/g1/25_hires.png,2026/08/08,2026/06/18,35.92,21.989999771118164,37.0,432.79998779296875,,,,,,35.7008,9.7471,37.5926,0.0,28.260700225830078,38.8153,35.7585,14.9955,19.7364,15.2147,1.1535,2026-08-09
sm10-29,Incineroar,normal,Unbroken Bonds,29,Rare,Misa Tsutsui,Stage 2,727,Pokémon,2019/05/03,"tcgplayer,cardmarket",https://prices.pokemontcg.io/tcgplayer/sm10-29,https://images.pokemontcg.io/sm10/29_hires.png,2026/08/08,2026/03/12,0.43,0.12999999523162842,0.4300000071525574,10.0,,0.78,,,,0.4383,0.0346,0.5075,0.0,0.05770000070333481,0.4499,0.3922,1.3727,1.1535,1.142,1.1535,2026-08-09
swsh35-38,Absol,normal,Champion's Path,38,Uncommon,kodama,Basic,359,Pokémon,2020/09/25,"tcgplayer,cardmarket",https://prices.pokemontcg.io/tcgplayer/swsh35-38,https://images.pokemontcg.io/swsh35/38_hires.png,2026/08/08,2026/03/11,0.21,0.009999999776482582,0.2199999988079071,2.990000009536743,,0.31,,,,0.1038,0.0231,0.1269,0.4037,0.17299999296665192,0.1154,0.1038,0.6114,0.3576,0.4153,1.1535,2026-08-09
base1-37,Nidorino,normal,Base,37,Uncommon,Mitsuhiro Arita,Stage 1,33,Pokémon,1999/01/09,"tcgplayer,cardmarket",https://prices.pokemontcg.io/tcgplayer/base1-37,https://images.pokemontcg.io/base1/37_hires.png,2026/08/08,2026/07/01,2.79,0.6399999856948853,1.75,96.94999694824219,,,,,,4.6947,0.0231,4.2449,0.0,2.306999921798706,2.9414,3.6451,9.228,2.2263,2.2263,1.1535,2026-08-09
xy3-27,Pikachu,normal,Furious Fists,27,Common,Sanosuke Sakuma,Basic,25,Pokémon,2014/08/13,"tcgplayer,cardmarket",https://prices.pokemontcg.io/tcgplayer/xy3-27,https://images.pokemontcg.io/xy3/27_hires.png,2026/08/08,2026/06/18,5.25,1.690000057220459,5.0,89.98999786376953,,17.77,,,,4.7178,0.173,4.2103,17.291,2.306999921798706,4.1987,4.3718,30.2794,19.102,14.5226,1.1535,2026-08-09
bw9-35,Chinchou,normal,Plasma Freeze,35,Common,Kouki Saitou,Basic,170,Pokémon,2013/05/08,"tcgplayer,cardmarket",https://prices.pokemontcg.io/tcgplayer/bw9-35,https://images.pokemontcg.io/bw9/35_hires.png,2026/08/08,2026/03/11,0.24,0.10000000149011612,0.25,23.489999771118164,,0.67,,,,0.1154,0.0231,0.1269,0.819,0.28839999437332153,0.1154,0.1269,0.173,0.7036,0.5537,1.1535,2026-08-09
bw4-41,Zapdos,holofoil,Next Destinies,41,Rare Holo,Ryo Ueda,Basic,145,Pokémon,2012/02/08,"tcgplayer,cardmarket",https://prices.pokemontcg.io/tcgplayer/bw4-41,https://images.pokemontcg.io/bw4/41_hires.png,2026/08/08,2026/03/11,6.5,2.6500000953674316,6.320000171661377,185.4600067138672,,6.47,,,,5.1561,0.2307,5.0177,4.0257,1.038100004196167,5.8482,3.2759,5.5945,3.3567,3.4951,1.1535,2026-08-09
bwp-BW25,Scraggy,holofoil,BW Black Star Promos,BW25,Promo,Akira Komayama,Basic,559,Pokémon,2011/03/01,"tcgplayer,cardmarket",https://prices.pokemontcg.io/tcgplayer/bwp-BW25,https://images.pokemontcg.io/bwp/BW25_hires.png,2026/08/08,2026/06/27,5.93,2.2799999713897705,5.25,31.299999237060547,,,,,,28.3876,22.9431,26.0114,0.0,31.02910041809082,23.7275,19.7018,2.2493,2.9876,2.2609,1.1535,2026-08-09
ex16-29,Combusken,normal,Power Keepers,29,Uncommon,Atsuko Nishida,Stage 1,256,Pokémon,2007/02/02,"tcgplayer,cardmarket",https://prices.pokemontcg.io/tcgplayer/ex16-29,https://images.pokemontcg.io/ex16/29_hires.png,2026/08/08,2026/07/01,0.76,0.25,0.75,19.979999542236328,,26.33,,,,0.6114,0.0577,0.6575,13.2076,0.5536999702453613,0.5075,0.5075,11.5235,9.9086,7.1171,1.1535,2026-08-09
sm5-37,Snover,normal,Ultra Prism,37,Common,match,Basic,459,Pokémon,2018/02/02,"tcgplayer,cardmarket",https://prices.pokemontcg.io/tcgplayer/sm5-37,https://images.pokemontcg.io/sm5/37_hires.png,2026/08/08,2026/02/22,0.03,0.019999999552965164,0.20000000298023224,19.979999542236328,,0.34,,,,0.0692,0.0231,0.0346,0.2884,0.03460000082850456,0.0577,0.0807,0.0807,0.3114,0.2884,1.1535,2026-08-09
dp3-41,Wormadam Plant Cloak,normal,Secret Wonders,41,Rare,Mitsuhiro Arita,Stage 1,413,Pokémon,2007/11/01,"tcgplayer,cardmarket",https://prices.pokemontcg.io/tcgplayer/dp3-41,https://images.pokemontcg.io/dp3/41_hires.png,2026/08/08,2026/03/07,0.92,0.49000000953674316,0.8999999761581421,19.979999542236328,,2.03,,,,0.7382,0.1154,0.992,1.5342,2.2955000400543213,1.2342,0.8882,0.8074,1.7995,1.3265,1.1535,2026-08-09
neo1-31,Croconaw,unlimited,Neo Genesis,31,Uncommon,Ken Sugimori,Stage 1,159,Pokémon,2000/12/16,"tcgplayer,cardmarket",https://prices.pokemontcg.io/tcgplayer/neo1-31,https://images.pokemontcg.io/neo1/31_hires.png,2026/08/08,2026/07/01,2.85,0.6499999761581421,2.130000114440918,96.94999694824219,,,,,"{""1stEdition"": {""low"": 3.66, ""mid"": 6.62, ""high"": 96.87, ""market"": 6.7, ""directLow"": 60.79}}",2.0532,0.0807,3.5182,0.0,8.47819995880127,4.0488,2.7684,0.5767,0.5767,0.5767,1.1535,2026-08-09
swsh1-37,Sizzlipede,normal,Sword & Shield,37,Common,Akira Komayama,Basic,850,Pokémon,2020/02/07,"tcgplayer,cardmarket",https://prices.pokemontcg.io/tcgplayer/swsh1-37,https://images.pokemontcg.io/swsh1/37_hires.png,2026/08/08,2026/02/22,0.12,0.009999999776482582,0.15000000596046448,20.0,,0.13,,,,0.0692,0.0231,0.0807,0.2653,0.04610000178217888,0.0923,0.0692,0.2076,0.2884,0.2538,1.1535,2026-08-09
ex9-37,Minun,normal,Emerald,37,Uncommon,Naoyo Kimura,Basic,312,Pokémon,2005/05/01,"tcgplayer,cardmarket",https://prices.pokemontcg.io/tcgplayer/ex9-37,https://images.pokemontcg.io/ex9/37_hires.png,2026/08/08,2026/06/21,5.58,3.890000104904175,11.0,87.0,,65.0,,,,1.4995,0.0577,2.4339,24.8695,4.037300109863281,2.7915,1.7764,6.275,22.5279,15.9875,1.1535,2026-08-09
ex2-30,Azumarill,normal,Sandstorm,30,Uncommon,Mitsuhiro Arita,Stage 1,184,Pokémon,2003/09/18,"tcgplayer,cardmarket",https://prices.pokemontcg.io/tcgplayer/ex2-30,https://images.pokemontcg.io/ex2/30_hires.png,2026/08/08,2026/06/26,2.0,1.0,2.0,28.5,,26.32,,,,0.7267,0.0231,0.819,6.8749,0.57669997215271,0.8997,0.7498,8.6512,6.8749,5.2484,1.1535,2026-08-09
pl1-37,Palkia,normal,Platinum,37,Rare,Kent Kanetsuna,Basic,484,Pokémon,2009/02/11,"tcgplayer,cardmarket",https://prices.pokemontcg.io/tcgplayer/pl1-37,https://images.pokemontcg.io/pl1/37_hires.png,2026/08/08,2026/03/11,4.58,1.3300000429153442,2.9200000762939453,19.979999542236328,,5.99,,,,0.8997,0.2307,1.1304,2.0648,0.46140000224113464,1.2458,1.7187,4.4294,2.8261,2.6992,1.1535,2026-08-09
swshp-SWSH028,Duraludon,holofoil,SWSH Black Star Promos,SWSH028,Promo,Ryuta Fuse,Basic,884,Pokémon,2019/11/15,"tcgplayer,cardmarket",https://prices.pokemontcg.io/tcgplayer/swshp-SWSH028,https://images.pokemontcg.io/swshp/SWSH028_hires.png,2026/08/08,2026/03/11,0.6,0.1899999976158142,0.6499999761581421,19.979999542236328,,,,,,0.6806,0.0923,0.6114,0.0,0.12690000236034393,0.3576,0.5998,0.5306,0.7267,0.7844,1.1535,2026-08-09
sm6-32,Dewpider,normal,Forbidden Light,32,Common,sui,Basic,751,Pokémon,2018/05/04,"tcgplayer,cardmarket",https://prices.pokemontcg.io/tcgplayer/sm6-32,https://images.pokemontcg.io/sm6/32_hires.png,2026/08/08,2026/03/11,0.18,0.009999999776482582,0.20000000298023224,2.990000009536743,,0.41,,,,0.0692,0.0231,0.0807,0.5306,0.05770000070333481,0.0692,0.0807,0.8651,0.5306,0.5421,1.1535,2026-08-09
xy9-28,Lapras,normal,BREAKpoint,28,Uncommon,kirisAki,Basic,131,Pokémon,2016/02/03,"tcgplayer,cardmarket",https://prices.pokemontcg.io/tcgplayer/xy9-28,https://images.pokemontcg.io/xy9/28_hires.png,2026/08/08,2026/06/08,0.48,0.23000000417232513,0.47999998927116394,19.979999542236328,,10.79,,,,0.5537,0.0231,0.5537,5.0869,0.484499990940094,0.5421,0.5652,4.614,4.5909,2.8376,1.1535,2026-08-09
hgss2-35,Numel,normal,HS—Unleashed,35,Uncommon,Hajime Kusajima,Basic,322,Pokémon,2010/05/12,"tcgplayer,cardmarket",https://prices.pokemontcg.io/tcgplayer/hgss2-35,https://images.pokemontcg.io/hgss2/35_hires.png,2026/08/08,2026/03/11,0.62,0.25999999046325684,0.4000000059604645,19.979999542236328,,5.02,,,,0.346,0.0231,0.3691,0.5998,0.23070000112056732,0.2653,0.3114,1.142,0.8305,0.9805,1.1535,2026-08-09
bw5-30,Glaceon,normal,Dark Explorers,30,Rare,Ryo Ueda,Stage 1,471,Pokémon,2012/05/09,"tcgplayer,cardmarket",https://prices.pokemontcg.io/tcgplayer/bw5-30,https://images.pokemontcg.io/bw5/30_hires.png,2026/08/08,2026/05/01,7.49,5.0,7.690000057220459,74.9000015258789,,32.65,,,,4.2449,0.1154,5.7906,18.456,1.7302000522613525,2.157,3.1491,18.456,17.9485,12.2848,1.1535,2026-08-09
pl3-34,Medicham,normal,Supreme Victors,34,Rare,Masakazu Fukuda,Stage 1,308,Pokémon,2009/08/19,"tcgplayer,cardmarket",https://prices.pokemontcg.io/tcgplayer/pl3-34,https://images.pokemontcg.io/pl3/34_hires.png,2026/08/08,2026/06/07,1.27,0.4000000059604645,1.2899999618530273,19.979999542236328,,1.91,,,,0.7382,0.1154,0.6575,2.5954,0.28839999437332153,0.5998,0.7728,4.0373,1.5457,1.5457,1.1535,2026-08-09
dp4-32,Wigglytuff,normal,Great Encounters,32,Rare,Kagemaru Himeno,Stage 1,40,Pokémon,2008/02/01,"tcgplayer,cardmarket",https://prices.pokemontcg.io/tcgplayer/dp4-32,https://images.pokemontcg.io/dp4/32_hires.png,2026/08/08,2026/06/11,2.31,1.5499999523162842,2.430000066757202,32.599998474121094,,13.33,,,,1.811,0.4614,2.7223,2.9991,0.9804999828338623,2.6069,2.2493,2.2955,4.937,2.9414,1.1535,2026-08-09
basep-33,Scizor,normal,Wizards Black Star Promos,33,Promo,Hironobu Yoshida,Stage 1,212,Pokémon,1999/07/01,"tcgplayer,cardmarket",https://prices.pokemontcg.io/tcgplayer/basep-33,https://images.pokemontcg.io/basep/33_hires.png,2026/08/08,2026/07/01,17.0,12.989999771118164,18.440000534057617,599.989990234375,,,,,,25.2386,6.921,24.731,0.0,57.66350173950195,13.1268,23.3814,51.9075,18.2022,18.2022,1.1535,2026-08-09
xy5-37,Ludicolo,normal,Primal Clash,37,Rare,kawayoo,Stage 2,272,Pokémon,2015/02/04,"tcgplayer,cardmarket",https://prices.pokemontcg.io/tcgplayer/xy5-37,https://images.pokemontcg.io/xy5/37_hires.png,2026/08/08,2026/03/11,2.42,0.75,2.440000057220459,29.0,,6.66,,,,3.8181,0.4614,3.8412,0.0,3.4489998817443848,3.8988,3.6912,5.6522,8.3398,8.4782,1.1535,2026-08-09
dc1-27,Team Aqua's Great Ball,normal,Double Crisis,27,Uncommon,Toyste Beach,Item,,Trainer,2015/03/25,"tcgplayer,cardmarket",https://prices.pokemontcg.io/tcgplayer/dc1-27,https://images.pokemontcg.io/dc1/27_hires.png,2026/08/08,2026/06/27,1.28,0.800000011920929,1.2899999618530273,4.0,,4.82,,,,3.8988,1.0381,4.3026,8.7897,11.477299690246582,3.795,3.3567,8.063,6.8172,6.8633,1.1535,2026-08-09
bw3-32,Cryogonal,normal,Noble Victories,32,Uncommon,Masakazu Fukuda,Basic,615,Pokémon,2011/11/16,"tcgplayer,cardmarket",https://prices.pokemontcg.io/tcgplayer/bw3-32,https://images.pokemontcg.io/bw3/32_hires.png,2026/08/08,2026/05/14,0.39,0.20000000298023224,0.4000000059604645,19.979999542236328,,0.56,,,,0.9805,0.4614,0.0231,0.0,0.6805999875068665,1.2919,1.5572,0.8651,0.8536,0.9343,1.1535,2026-08-09
col1-37,Ursaring,normal,Call of Legends,37,Rare,Kouki Saitou,Stage 1,217,Pokémon,2011/02/09,"tcgplayer,cardmarket",https://prices.pokemontcg.io/tcgplayer/col1-37,https://images.pokemontcg.io/col1/37_hires.png,2026/08/08,2026/05/14,1.09,0.7300000190734863,1.0399999618530273,19.979999542236328,,4.82,,,,0.7613,0.1154,1.1766,4.614,1.7187000513076782,1.2573,1.6034,4.614,6.3442,4.8101,1.1535,2026-08-09
np-28,Championship Arena,,Nintendo Black Star Promos,28,Promo,Ryo Ueda,Stadium,,Trainer,2003/10/01,cardmarket,https://prices.pokemontcg.io/tcgplayer/np-28,https://images.pokemontcg.io/np/28_hires.png,2023/03/27,2026/07/01,,,,,,,,,,0.0,2997.9465,3459.3464,0.0,3459.346435546875,3027.3606,3027.3606,0.0,0.0,0.0,1.1535,2026-08-09
ex7-35,Dark Golduck,normal,Team Rocket Returns,35,Uncommon,Nakaoka,Stage 1,55,Pokémon,2004/11/01,"tcgplayer,cardmarket",https://prices.pokemontcg.io/tcgplayer/ex7-35,https://images.pokemontcg.io/ex7/35_hires.png,2026/08/08,2026/06/22,5.11,3.7799999713897705,5.050000190734863,53.099998474121094,,89.99,,,,3.968,0.5652,3.8065,49.0237,2.249300003051758,4.464,4.614,26.5305,35.2048,32.7479,1.1535,2026-08-09
pl2-33,Snorlax,normal,Rising Rivals,33,Rare,Kagemaru Himeno,Basic,143,Pokémon,2009/05/16,"tcgplayer,cardmarket",https://prices.pokemontcg.io/tcgplayer/pl2-33,https://images.pokemontcg.io/pl2/33_hires.png,2026/08/08,2026/06/08,27.93,28.469999313354492,35.189998626708984,309.8399963378906,,78.39,,,,22.3433,11.5235,22.7009,0.0,23.06999969482422,24.6734,21.4205,1.4765,1.1535,1.0843,1.1535,2026-08-09
base5-34,Dark Electrode,unlimited,Team Rocket,34,Uncommon,Ken Sugimori,Stage 1,101,Pokémon,2000/04/24,"tcgplayer,cardmarket",https://prices.pokemontcg.io/tcgplayer/base5-34,https://images.pokemontcg.io/base5/34_hires.png,2026/08/08,2026/06/26,1.62,0.5,1.2000000476837158,22.309999465942383,,,,,"{""1stEdition"": {""low"": 1.96, ""mid"": 4.17, ""high"": 49.99, ""market"": 4.86, ""directLow"": 2.25}}",3.7027,0.1154,3.7373,0.0,5.75600004196167,2.0878,3.7489,0.8074,0.5767,0.5767,1.1535,2026-08-09
bw2-30,Beartic,holofoil,Emerging Powers,30,Rare Holo,Kouki Saitou,Stage 1,614,Pokémon,2011/08/31,"tcgplayer,cardmarket",https://prices.pokemontcg.io/tcgplayer/bw2-30,https://images.pokemontcg.io/bw2/30_hires.png,2026/08/08,2026/05/11,0.92,0.3400000035762787,0.9200000166893005,22.489999771118164,,2.3,,,,0.6575,0.1154,0.8651,0.4614,2.8838000297546387,1.0612,0.7728,0.1154,0.7844,1.315,1.1535,2026-08-09
sm75-36,Dragonair,normal,Dragon Majesty,36,Uncommon,sui,Stage 1,148,Pokémon,2018/09/07,"tcgplayer,cardmarket",https://prices.pokemontcg.io/tcgplayer/sm75-36,https://images.pokemontcg.io/sm75/36_hires.png,2026/08/08,2026/03/11,0.65,0.3499999940395355,0.6399999856948853,19.979999542236328,,5.25,,,,0.6229,0.0231,0.7267,5.8828,0.5651999711990356,0.4845,0.7036,11.3043,6.6672,5.4445,1.1535,2026-08-09
base6-32,Nidoqueen,normal,Legendary Collection,32,Rare,Ken Sugimori,Stage 2,31,Pokémon,2002/05/24,"tcgplayer,cardmarket",https://prices.pokemontcg.io/tcgplayer/base6-32,https://images.pokemontcg.io/base6/32_hires.png,2026/08/08,2026/06/27,10.9,5.0,8.75,99.69999694824219,,199.99,,,,24.0505,1.1535,11.212,79.084,3.4605000019073486,16.6104,7.74,115.2347,71.9323,70.7211,1.1535,2026-08-09
sm9-39,Electrode,holofoil,Team Up,39,Rare Holo,Asako Ito,Stage 1,101,Pokémon,2019/02/01,"tcgplayer,cardmarket",https://prices.pokemontcg.io/tcgplayer/sm9-39,https://images.pokemontcg.io/sm9/39_hires.png,2026/08/08,2026/02/24,41.5,36.9900016784668,59.970001220703125,188.0800018310547,,44.68,,,,23.0585,10.9582,24.6503,21.432,28.606800079345703,24.6734,19.102,23.07,24.212,13.7959,1.1535,2026-08-09
hgss3-34,Raticate,normal,HS—Undaunted,34,Uncommon,Sachiko Adachi,Stage 1,20,Pokémon,2010/08/18,"tcgplayer,cardmarket",https://prices.pokemontcg.io/tcgplayer/hgss3-34,https://images.pokemontcg.io/hgss3/34_hires.png,2026/08/08,2026/03/11,0.68,0.15000000596046448,0.5600000023841858,19.979999542236328,,17.48,,,,0.3114,0.0231,0.3345,1.7187,0.1615000069141388,0.2884,0.2768,0.6344,1.7649,1.3727,1.1535,2026-08-09
xy2-42,Espurr,normal,Flashfire,42,Common,5ban Graphics,Basic,677,Pokémon,2014/05/07,"tcgplayer,cardmarket",https://prices.pokemontcg.io/tcgplayer/xy2-42,https://images.pokemontcg.io/xy2/42_hires.png,2026/08/08,2026/02/26,0.46,0.05000000074505806,0.3700000047683716,23.489999771118164,,0.88,,,,0.15,0.0231,0.1154,0.3576,0.34599998593330383,0.0923,0.1269,0.2307,0.3576,0.3922,1.1535,2026-08-09
sm2-37,Wishiwashi,normal,Guardians Rising,37,Common,Sanosuke Sakuma,Basic,746,Pokémon,2017/05/05,"tcgplayer,cardmarket",https://prices.pokemontcg.io/tcgplayer/sm2-37,https://images.pokemontcg.io/sm2/37_hires.png,2026/08/08,2026/03/07,0.21,0.009999999776482582,0.20000000298023224,9.399999618530273,,0.29,,,,0.1269,0.0231,0.0692,0.346,0.17299999296665192,0.0692,0.1038,0.4268,0.323,0.3114,1.1535,2026-08-09
xyp-XY28,Venusaur-EX,holofoil,XY Black Star Promos,XY28,Promo,Eske Yoshinob,Basic|EX,3,Pokémon,2013/10/12,"tcgplayer,cardmarket",https://prices.pokemontcg.io/tcgplayer/xyp-XY28,https://images.pokemontcg.io/xyp/XY28_hires.png,2026/08/08,2026/04/28,4.89,1.899999976158142,4.920000076293945,19.950000762939453,,,,,,5.6175,1.7302,5.8482,0.0,3.4605000019073486,5.2254,6.275,2.8953,2.4224,3.126,1.1535,2026-08-09
ecard2-9,Elekid,normal,Aquapolis,9,Rare,Hikaru Koike,Baby,239,Pokémon,2003/01/15,"tcgplayer,cardmarket",https://prices.pokemontcg.io/tcgplayer/ecard2-9,https://images.pokemontcg.io/ecard2/9_hires.png,2026/08/08,2026/06/21,20.64,21.670000076293945,47.9900016784668,199.89999389648438,,39.28,,,,7.6938,0.5767,7.5554,10.3584,10.323800086975098,7.6477,6.1712,10.3238,15.5607,11.5927,1.1535,2026-08-09
ex3-36,Marshtomp,normal,Dragon,36,Uncommon,Atsuko Nishida,Stage 1,259,Pokémon,2003/11/24,"tcgplayer,cardmarket",https://prices.pokemontcg.io/tcgplayer/ex3-36,https://images.pokemontcg.io/ex3/36_hires.png,2026/08/08,2026/06/22,2.79,1.25,3.4700000286102295,32.5,,22.24,,,,1.6264,0.2307,0.7498,3.4374,1.61489999294281,1.6264,2.2493,2.307,4.3141,5.4099,1.1535,2026-08-09
xy4-33,Crobat,normal,Phantom Forces,33,Rare,Satoshi Shirai,Stage 2,169,Pokémon,2014/11/05,"tcgplayer,cardmarket",https://prices.pokemontcg.io/tcgplayer/xy4-33,https://images.pokemontcg.io/xy4/33_hires.png,2026/08/08,2026/03/11,0.6,0.20000000298023224,0.5199999809265137,19.989999771118164,,2.79,,,,1.0612,0.1154,1.0151,0.0,0.57669997215271,1.2227,1.4765,2.307,2.4454,2.3416,1.1535,2026-08-09
ex1-27,Combusken,normal,Ruby & Sapphire,27,Uncommon,Kouki Saitou,Stage 1,256,Pokémon,2003/07/01,"tcgplayer,cardmarket",https://prices.pokemontcg.io/tcgplayer/ex1-27,https://images.pokemontcg.io/ex1/27_hires.png,2026/08/08,2026/07/01,1.13,0.75,1.1299999952316284,21.190000534057617,,20.95,,,,0.9459,0.1154,1.1074,7.6708,3.4028000831604004,1.0381,0.8767,1.4419,8.2014,5.6983,1.1535,2026-08-09
ex5-30,Castform,normal,Hidden Legends,30,Uncommon,Sumiyoshi Kizuki,Basic,351,Pokémon,2004/06/01,"tcgplayer,cardmarket",https://prices.pokemontcg.io/tcgplayer/ex5-30,https://images.pokemontcg.io/ex5/30_hires.png,2026/08/08,2026/07/01,2.77,1.9500000476837158,2.819999933242798,33.099998474121094,,25.69,,,,2.1455,0.0577,1.638,9.5164,0.28839999437332153,1.8456,1.6726,1.3611,6.7018,4.9254,1.1535,2026-08-09
bw7-39,Oshawott,normal,Boundaries Crossed,39,Common,match,Basic,501,Pokémon,2012/11/07,"tcgplayer,cardmarket",https://prices.pokemontcg.io/tcgplayer/bw7-39,https://images.pokemontcg.io/bw7/39_hires.png,2026/08/08,2026/02/24,0.4,0.05000000074505806,0.3700000047683716,19.479999542236328,,14.52,,,,0.1846,0.0231,0.1846,1.1535,0.2768000066280365,0.173,0.1615,1.1535,1.4073,1.0843,1.1535,2026-08-09
sm8-36,Gogoat,normal,Lost Thunder,36,Uncommon,sowsow,Stage 1,673,Pokémon,2018/11/02,"tcgplayer,cardmarket",https://prices.pokemontcg.io/tcgplayer/sm8-36,https://images.pokemontcg.io/sm8/36_hires.png,2026/08/08,2026/03/11,0.33,0.15000000596046448,0.3499999940395355,19.979999542236328,,0.49,,,,0.2999,0.0231,0.3345,0.0346,0.20759999752044678,0.2768,0.2653,0.0346,0.5998,0.5075,1.1535,2026-08-09
ex12-39,Machoke,normal,Legend Maker,39,Uncommon,Kagemaru Himeno,Stage 1,67,Pokémon,2006/02/01,"tcgplayer,cardmarket",https://prices.pokemontcg.io/tcgplayer/ex12-39,https://images.pokemontcg.io/ex12/39_hires.png,2026/08/08,2026/06/11,0.98,0.4000000059604645,0.9900000095367432,19.979999542236328,,25.34,,,,1.1074,0.0231,1.1535,12.7808,3.4028000831604004,1.0497,1.0151,34.605,12.3424,9.3087,1.1535,2026-08-09
swsh2-31,Litwick,normal,Rebel Clash,31,Common,Sekio,Basic,607,Pokémon,2020/05/01,"tcgplayer,cardmarket",https://prices.pokemontcg.io/tcgplayer/swsh2-31,https://images.pokemontcg.io/swsh2/31_hires.png,2026/08/08,2026/03/09,0.05,0.009999999776482582,0.1899999976158142,19.979999542236328,,0.31,,,,0.0577,0.0231,0.0692,0.2422,0.03460000082850456,0.0577,0.0577,0.2999,0.1846,0.2538,1.1535,2026-08-09
sm115-38,Clefairy,normal,Hidden Fates,38,Common,Saya Tsuruta,Basic,35,Pokémon,2019/08/23,"tcgplayer,cardmarket",https://prices.pokemontcg.io/tcgplayer/sm115-38,https://images.pokemontcg.io/sm115/38_hires.png,2026/08/08,2026/03/11,0.26,0.07000000029802322,0.30000001192092896,19.979999542236328,,0.78,,,,0.0692,0.0231,0.0923,0.3576,0.04610000178217888,0.0692,0.0923,0.4499,0.323,0.3576,1.1535,2026-08-09
xy12-30,Staryu,normal,Evolutions,30,Common,Keiji Kinebuchi,Basic,120,Pokémon,2016/11/02,"tcgplayer,cardmarket",https://prices.pokemontcg.io/tcgplayer/xy12-30,https://images.pokemontcg.io/xy12/30_hires.png,2026/08/08,2026/06/08,0.08,0.009999999776482582,0.20000000298023224,5.949999809265137,,0.41,,,,0.0692,0.0231,0.15,0.8074,0.20759999752044678,0.0461,0.0692,0.3576,0.6921,0.6344,1.1535,2026-08-09
gym2-39,Erika's Bulbasaur,unlimited,Gym Challenge,39,Uncommon,Ken Sugimori,Basic,1,Pokémon,2000/10/16,"tcgplayer,cardmarket",https://prices.pokemontcg.io/tcgplayer/gym2-39,https://images.pokemontcg.io/gym2/39_hires.png,2026/08/08,2026/06/22,14.86,10.479999542236328,14.0,148.17999267578125,,,,,"{""1stEdition"": {""low"": 29.99, ""mid"": 42.99, ""high"": 359.8, ""market"": 40.23, ""directLow"": null}}",15.4223,4.5563,15.3415,0.0,9.112700462341309,15.4569,13.842,0.0,0.0,0.0,1.1535,2026-08-09
dp6-30,Heatran,normal,Legends Awakened,30,Rare,Kouki Saitou,Basic,485,Pokémon,2008/08/01,"tcgplayer,cardmarket",https://prices.pokemontcg.io/tcgplayer/dp6-30,https://images.pokemontcg.io/dp6/30_hires.png,2026/08/08,2026/06/08,1.34,0.6600000262260437,1.340000033378601,27.100000381469727,,2.0,,,,0.0,5.7675,6.102,0.0,2.249300003051758,6.6211,6.598,2.2493,3.6451,3.6451,1.1535,2026-08-09
ex4-37,Team Magma's Mightyena,normal,Team Magma vs Team Aqua,37,Uncommon,Shin-ichi Yoshikawa,Stage 1,262,Pokémon,2004/03/01,"tcgplayer,cardmarket",https://prices.pokemontcg.io/tcgplayer/ex4-37,https://images.pokemontcg.io/ex4/37_hires.png,2026/08/08,2026/06/22,3.27,2.680000066757202,4.539999961853027,42.5,,22.14,,,,3.1145,0.5767,2.5723,4.9947,1.7302000522613525,2.9414,2.3993,11.5235,6.7826,5.1331,1.1535,2026-08-09
neo4-36,Dark Haunter,unlimited,Neo Destiny,36,Uncommon,Aya Kusube,Stage 1,93,Pokémon,2002/02/28,"tcgplayer,cardmarket",https://prices.pokemontcg.io/tcgplayer/neo4-36,https://images.pokemontcg.io/neo4/36_hires.png,2026/08/08,2026/06/27,18.4,11.5,19.260000228881836,266.3399963378906,,,,,"{""1stEdition"": {""low"": 89.67, ""mid"": 90.0, ""high"": 785.0, ""market"": 63.61, ""directLow"": null}}",10.047,0.4614,16.1721,0.0,11.523500442504883,11.7888,9.2972,0.8421,0.8421,0.8421,1.1535,2026-08-09
xy11-38,Mareep,normal,Steam Siege,38,Common,Eri Yamaki,Basic,179,Pokémon,2016/08/03,"tcgplayer,cardmarket",https://prices.pokemontcg.io/tcgplayer/xy11-38,https://images.pokemontcg.io/xy11/38_hires.png,2026/08/08,2026/03/07,0.22,0.029999999329447746,0.23999999463558197,1000.0,,0.57,,,,0.1269,0.0231,0.1384,0.6344,0.05770000070333481,0.0923,0.1269,0.2422,0.5998,0.4383,1.1535,2026-08-09
neo2-29,Scizor,unlimited,Neo Discovery,29,Rare,Kimiya Masago,Stage 1,212,Pokémon,2001/06/01,"tcgplayer,cardmarket",https://prices.pokemontcg.io/tcgplayer/neo2-29,https://images.pokemontcg.io/neo2/29_hires.png,2026/08/08,2026/07/01,14.01,9.369999885559082,14.279999732971191,102.08000183105469,,,,,"{""1stEdition"": {""low"": 45.99, ""mid"": 268.09, ""high"": 352.3, ""market"": 36.06, ""directLow"": null}}",12.0771,0.5767,12.6308,0.0,6.632599830627441,7.6938,9.8624,23.07,11.8464,7.4862,1.1535,2026-08-09
xy6-35,M Gallade-EX,holofoil,Roaring Skies,35,Rare Holo EX,5ban Graphics,MEGA|EX,475,Pokémon,2015/05/06,"tcgplayer,cardmarket",https://prices.pokemontcg.io/tcgplayer/xy6-35,https://images.pokemontcg.io/xy6/35_hires.png,2026/08/08,2026/05/07,15.71,9.079999923706055,15.789999961853027,89.5999984741211,,,,,,25.2732,5.6175,28.4453,0.0,51.79209899902344,27.3033,21.6397,10.9467,4.2449,3.7719,1.1535,2026-08-09
swsh3-32,Talonflame,normal,Darkness Ablaze,32,Rare,kawayoo,Stage 2,663,Pokémon,2020/08/14,"tcgplayer,cardmarket",https://prices.pokemontcg.io/tcgplayer/swsh3-32,https://images.pokemontcg.io/swsh3/32_hires.png,2026/08/08,2026/03/08,0.14,0.009999999776482582,0.20000000298023224,19.979999542236328,,0.38,,,,0.1961,0.0231,0.2538,0.5306,0.1615000069141388,0.3114,0.2422,0.5883,0.5191,0.6229,1.1535,2026-08-09
ex13-35,Aerodactyl δ,normal,Holon Phantoms,35,Uncommon,Mitsuhiro Arita,Stage 1,142,Pokémon,2006/05/01,"tcgplayer,cardmarket",https://prices.pokemontcg.io/tcgplayer/ex13-35,https://images.pokemontcg.io/ex13/35_hires.png,2026/08/08,2026/06/11,8.83,5.739999771118164,8.75,87.5,,65.58,,,,5.1446,1.1535,5.9982,78.1842,11.91569995880127,7.5554,6.2635,103.8035,74.4584,51.0539,1.1535,2026-08-09
ex10-36,Clefable,normal,Unseen Forces,36,Uncommon,Midori Harada,Stage 1,36,Pokémon,2005/08/01,"tcgplayer,cardmarket",https://prices.pokemontcg.io/tcgplayer/ex10-36,https://images.pokemontcg.io/ex10/36_hires.png,2026/08/08,2026/06/21,1.29,0.9900000095367432,2.490000009536743,19.979999542236328,,63.66,,,,1.5342,0.1154,1.3035,19.6095,1.038100004196167,1.0958,1.3496,8.6397,11.8464,11.4197,1.1535,2026-08-09
xy5-38,Wailord-EX,holofoil,Primal Clash,38,Rare Holo EX,Eske Yoshinob,Basic|EX,321,Pokémon,2015/02/04,"tcgplayer,cardmarket",https://prices.pokemontcg.io/tcgplayer/xy5-38,https://images.pokemontcg.io/xy5/38_hires.png,2026/08/08,2026/03/11,4.76,3.1500000953674316,4.5,51.939998626708984,,,,,,4.2333,2.1916,4.9831,0.0,4.613999843597412,5.1561,5.0985,4.0373,6.0905,5.6406,1.1535,2026-08-09
gym1-38,Brock's Geodude,unlimited,Gym Heroes,38,Uncommon,Atsuko Nishida,Basic,74,Pokémon,2000/08/14,"tcgplayer,cardmarket",https://prices.pokemontcg.io/tcgplayer/gym1-38,https://images.pokemontcg.io/gym1/38_hires.png,2026/08/08,2026/06/25,2.76,1.25,1.9900000095367432,96.93000030517578,,,,,"{""1stEdition"": {""low"": 3.45, ""mid"": 4.94, ""high"": 96.95, ""market"": 4.62, ""directLow"": 6.98}}",2.3762,0.5652,2.2724,0.0,4.037300109863281,2.6992,2.7338,0.0,0.0,0.0,1.1535,2026-08-09
hgss1-42,Flaaffy,normal,HeartGold & SoulSilver,42,Uncommon,Masakazu Fukuda,Stage 1,180,Pokémon,2010/02/10,"tcgplayer,cardmarket",https://prices.pokemontcg.io/tcgplayer/hgss1-42,https://images.pokemontcg.io/hgss1/42_hires.png,2026/08/08,2026/03/08,1.04,0.4000000059604645,0.9900000095367432,19.979999542236328,,3.23,,,,0.4383,0.0231,0.5883,2.3301,0.05770000070333481,0.6229,0.5191,3.4605,2.2032,1.7995,1.1535,2026-08-09
dp2-31,Nidoqueen,normal,Mysterious Treasures,31,Rare,Kagemaru Himeno,Stage 2,31,Pokémon,2007/08/01,"tcgplayer,cardmarket",https://prices.pokemontcg.io/tcgplayer/dp2-31,https://images.pokemontcg.io/dp2/31_hires.png,2026/08/08,2026/06/11,1.67,1.1299999952316284,2.0,26.600000381469727,,8.02,,,,0.992,0.2307,0.8767,2.0532,0.57669997215271,0.7498,1.488,2.307,2.1686,3.9796,1.1535,2026-08-09
ex9-38,Ninetales,normal,Emerald,38,Uncommon,Midori Harada,Stage 1,38,Pokémon,2005/05/01,"tcgplayer,cardmarket",https://prices.pokemontcg.io/tcgplayer/ex9-38,https://images.pokemontcg.io/ex9/38_hires.png,2026/08/08,2026/06/21,9.72,7.949999809265137,11.670000076293945,149.6999969482422,,149.99,,,,1.3381,0.0231,1.7302,83.8825,4.556300163269043,1.7418,1.3381,5.1907,49.439,39.9572,1.1535,2026-08-09
ecard1-29,Tyranitar,holofoil,Expedition Base Set,29,Rare Holo,Kimiya Masago,Stage 2,248,Pokémon,2002/09/15,"tcgplayer,cardmarket",https://prices.pokemontcg.io/tcgplayer/ecard1-29,https://images.pokemontcg.io/ecard1/29_hires.png,2026/08/08,2026/07/01,327.63,327.9800109863281,360.0,456.0,,300.0,,,,296.1957,11.535,226.5359,130.4724,559.447509765625,328.5399,233.4338,184.56,130.4724,86.0742,1.1535,2026-08-09
swsh1-38,Sizzlipede,normal,Sword & Shield,38,Common,Kouki Saitou,Basic,850,Pokémon,2020/02/07,"tcgplayer,cardmarket",https://prices.pokemontcg.io/tcgplayer/swsh1-38,https://images.pokemontcg.io/swsh1/38_hires.png,2026/08/08,2026/02/22,0.05,0.009999999776482582,0.1599999964237213,19.979999542236328,,0.21,,,,0.0577,0.0231,0.0692,0.2999,0.05770000070333481,0.0577,0.0577,0.3345,0.3691,0.2538,1.1535,2026-08-09
sm3-34,Marill,normal,Burning Shadows,34,Common,Asako Ito,Basic,183,Pokémon,2017/08/05,"tcgplayer,cardmarket",https://prices.pokemontcg.io/tcgplayer/sm3-34,https://images.pokemontcg.io/sm3/34_hires.png,2026/08/08,2026/03/11,0.74,0.1899999976158142,0.75,19.979999542236328,,6.46,,,,0.173,0.0231,0.1961,0.3345,0.34599998593330383,0.1269,0.1846,0.4037,0.3691,0.5075,1.1535,2026-08-09
pl4-39,Grovyle,normal,Arceus,39,Uncommon,Kouki Saitou,Stage 1,253,Pokémon,2009/11/04,"tcgplayer,cardmarket",https://prices.pokemontcg.io/tcgplayer/pl4-39,https://images.pokemontcg.io/pl4/39_hires.png,2026/08/08,2026/03/07,0.71,0.20999999344348907,0.6000000238418579,19.979999542236328,,1.75,,,,0.2768,0.0231,0.3114,1.8917,0.11540000140666962,0.2768,0.2999,1.1535,1.4995,1.7764,1.1535,2026-08-09
bw8-37,Vanilluxe,normal,Plasma Storm,37,Rare,Shin Nagasawa,Stage 2,584,Pokémon,2013/02/06,"tcgplayer,cardmarket",https://prices.pokemontcg.io/tcgplayer/bw8-37,https://images.pokemontcg.io/bw8/37_hires.png,2026/08/08,2026/03/11,1.16,0.3199999928474426,1.0,96.93000030517578,,2.01,,,,0.5306,0.1038,0.7613,0.0,0.8651000261306763,0.7613,0.7036,1.1535,1.6956,1.5572,1.1535,2026-08-09
xy4-34,Gengar-EX,holofoil,Phantom Forces,34,Rare Holo EX,Eske Yoshinob,Basic|EX,94,Pokémon,2014/11/05,"tcgplayer,cardmarket",https://prices.pokemontcg.io/tcgplayer/xy4-34,https://images.pokemontcg.io/xy4/34_hires.png,2026/08/08,2026/03/11,86.06,47.9900016784668,89.05999755859375,394.8999938964844,,,,,,10.9698,7.1978,15.3185,0.0,17.244800567626953,16.5066,17.3486,5.4561,7.2555,4.6832,1.1535,2026-08-09
swsh35-39,Purrloin,normal,Champion's Path,39,Common,sowsow,Basic,509,Pokémon,2020/09/25,"tcgplayer,cardmarket",https://prices.pokemontcg.io/tcgplayer/swsh35-39,https://images.pokemontcg.io/swsh35/39_hires.png,2026/08/08,2026/03/11,0.16,0.019999999552965164,0.1899999976158142,19.979999542236328,,0.28,,,,0.1269,0.0231,0.1038,0.2307,0.17299999296665192,0.0923,0.1038,0.173,0.2422,0.2307,1.1535,2026-08-09
ex1-28,Combusken,normal,Ruby & Sapphire,28,Uncommon,Ken Sugimori,Stage 1,256,Pokémon,2003/07/01,"tcgplayer,cardmarket",https://prices.pokemontcg.io/tcgplayer/ex1-28,https://images.pokemontcg.io/ex1/28_hires.png,2026/08/08,2026/07/01,2.93,1.9700000286102295,2.990000009536743,36.70000076293945,,26.83,,,,2.2724,0.1154,2.5492,7.9361,2.306999921798706,2.307,1.9956,8.6166,6.748,4.9139,1.1535,2026-08-09
ex8-38,Manectric,normal,Deoxys,38,Uncommon,Hajime Kusajima,Stage 1,310,Pokémon,2005/02/01,"tcgplayer,cardmarket",https://prices.pokemontcg.io/tcgplayer/ex8-38,https://images.pokemontcg.io/ex8/38_hires.png,2026/08/08,2026/06/21,1.26,0.4399999976158142,1.0,21.260000228881836,,85.0,,,,0.5652,0.0577,0.6921,16.3912,1.038100004196167,0.7613,0.7382,92.28,22.1357,27.361,1.1535,2026-08-09
bw2-31,Beartic,normal,Emerging Powers,31,Rare,Kagemaru Himeno,Stage 1,614,Pokémon,2011/08/31,"tcgplayer,cardmarket",https://prices.pokemontcg.io/tcgplayer/bw2-31,https://images.pokemontcg.io/bw2/31_hires.png,2026/08/08,2026/05/11,0.66,0.20000000298023224,0.5600000023841858,19.979999542236328,,3.41,,,,0.5537,0.0231,0.5767,1.0035,0.911300003528595,0.5537,0.3922,0.8651,1.0497,1.1304,1.1535,2026-08-09
ex12-40,Misdreavus,normal,Legend Maker,40,Uncommon,Yukiko Baba,Basic,200,Pokémon,2006/02/01,"tcgplayer,cardmarket",https://prices.pokemontcg.io/tcgplayer/ex12-40,https://images.pokemontcg.io/ex12/40_hires.png,2026/08/08,2026/05/07,0.92,0.44999998807907104,1.0,19.979999542236328,,21.78,,,,1.4534,0.0231,1.3611,14.2919,0.51910001039505,1.6495,1.0612,23.0585,15.7107,9.7009,1.1535,2026-08-09
xy6-36,Gligar,normal,Roaring Skies,36,Common,Suwama Chiaki,Basic,207,Pokémon,2015/05/06,"tcgplayer,cardmarket",https://prices.pokemontcg.io/tcgplayer/xy6-36,https://images.pokemontcg.io/xy6/36_hires.png,2026/08/08,2026/05/07,0.19,0.029999999329447746,0.20000000298023224,1000.0,,0.39,,,,0.1038,0.0231,0.1154,0.669,0.11540000140666962,0.1384,0.1154,2.8838,0.6114,0.4383,1.1535,2026-08-09
xy2-43,Meowstic,normal,Flashfire,43,Rare,5ban Graphics,Stage 1,678,Pokémon,2014/05/07,"tcgplayer,cardmarket",https://prices.pokemontcg.io/tcgplayer/xy2-43,https://images.pokemontcg.io/xy2/43_hires.png,2026/08/08,2026/02/26,0.74,0.25,0.699999988079071,23.489999771118164,,1.07,,,,0.4383,0.0231,0.2076,1.3265,1.1303999423980713,0.4153,0.5421,0.173,0.8421,0.7613,1.1535,2026-08-09
col1-38,Weezing,normal,Call of Legends,38,Rare,Hajime Kusajima,Stage 1,110,Pokémon,2011/02/09,"tcgplayer,cardmarket",https://prices.pokemontcg.io/tcgplayer/col1-38,https://images.pokemontcg.io/col1/38_hires.png,2026/08/08,2026/05/14,1.01,0.38999998569488525,1.0,19.979999542236328,,5.48,,,,2.63,0.2307,3.1491,3.2529,5.709799766540527,3.1952,2.6646,2.2724,4.5909,4.1411,1.1535,2026-08-09
base3-40,Omastar,unlimited,Fossil,40,Uncommon,Ken Sugimori,Stage 2,139,Pokémon,1999/10/10,"tcgplayer,cardmarket",https://prices.pokemontcg.io/tcgplayer/base3-40,https://images.pokemontcg.io/base3/40_hires.png,2026/08/08,2026/06/27,1.39,0.25,0.7699999809265137,19.989999771118164,,,,,"{""1stEdition"": {""low"": 1.49, ""mid"": 4.99, ""high"": 106.65, ""market"": 5.41, ""directLow"": 17.94}}",2.1801,0.0231,2.2839,0.0,2.8838000297546387,2.3416,2.4224,2.307,0.9805,0.9805,1.1535,2026-08-09
g1-26,Pikachu,normal,Generations,26,Common,Atsuko Nishida,Basic,25,Pokémon,2016/02/22,"tcgplayer,cardmarket",https://prices.pokemontcg.io/tcgplayer/g1-26,https://images.pokemontcg.io/g1/26_hires.png,2026/08/08,2026/06/18,3.99,1.440000057220459,3.569999933242798,96.94999694824219,,16.2,,,,3.8065,0.5767,4.1757,17.7524,3.0797998905181885,4.3718,3.8296,7.4977,12.2271,12.9307,1.1535,2026-08-09
pl1-38,Shaymin,normal,Platinum,38,Rare,Kouki Saitou,Basic,492,Pokémon,2009/02/11,"tcgplayer,cardmarket",https://prices.pokemontcg.io/tcgplayer/pl1-38,https://images.pokemontcg.io/pl1/38_hires.png,2026/08/08,2026/03/11,5.8,3.069999933242798,14.0,50.0,,11.78,,,,1.0266,0.1038,1.3496,2.5377,2.2955000400543213,1.3842,1.0958,4.614,2.1109,2.5838,1.1535,2026-08-09
ex6-33,Exeggcute,normal,FireRed & LeafGreen,33,Uncommon,Tomokazu Komiya,Basic,102,Pokémon,2004/09/01,"tcgplayer,cardmarket",https://prices.pokemontcg.io/tcgplayer/ex6-33,https://images.pokemontcg.io/ex6/33_hires.png,2026/08/08,2026/06/27,11.68,11.430000305175781,14.0,285.6000061035156,,46.19,,,,10.7737,1.1535,12.4693,13.9573,5.190700054168701,11.4773,8.3398,17.8792,16.2759,13.2883,1.1535,2026-08-09
bw7-40,Dewott,normal,Boundaries Crossed,40,Uncommon,match,Stage 1,502,Pokémon,2012/11/07,"tcgplayer,cardmarket",https://prices.pokemontcg.io/tcgplayer/bw7-40,https://images.pokemontcg.io/bw7/40_hires.png,2026/08/08,2026/02/24,0.45,0.12999999523162842,0.4300000071525574,19.979999542236328,,0.58,,,,0.1384,0.0231,0.1961,0.8074,0.023099999874830246,0.1384,0.1846,0.8074,0.9228,1.0151,1.1535,2026-08-09
dp7-29,Tangrowth,normal,Stormfront,29,Rare,Kouki Saitou,Stage 1,465,Pokémon,2008/11/01,"tcgplayer,cardmarket",https://prices.pokemontcg.io/tcgplayer/dp7-29,https://images.pokemontcg.io/dp7/29_hires.png,2026/08/08,2026/06/07,1.11,0.5,1.0,19.979999542236328,,2.67,,,,1.0843,0.0231,1.1535,2.6877,5.75600004196167,1.2227,1.2112,0.5883,1.6495,1.4649,1.1535,2026-08-09
sm10-30,Salandit,normal,Unbroken Bonds,30,Common,Yusuke Ohmura,Basic,757,Pokémon,2019/05/03,"tcgplayer,cardmarket",https://prices.pokemontcg.io/tcgplayer/sm10-30,https://images.pokemontcg.io/sm10/30_hires.png,2026/08/08,2026/03/12,0.14,0.009999999776482582,0.20000000298023224,10.0,,0.31,,,,0.0807,0.0231,0.0923,0.1615,0.28839999437332153,0.1038,0.0807,0.173,0.1961,0.2422,1.1535,2026-08-09
pl3-35,Milotic C,normal,Supreme Victors,35,Rare,kawayoo,Basic|SP,350,Pokémon,2009/08/19,"tcgplayer,cardmarket",https://prices.pokemontcg.io/tcgplayer/pl3-35,https://images.pokemontcg.io/pl3/35_hires.png,2026/08/08,2026/06/07,9.39,4.400000095367432,11.920000076293945,159.86000061035156,,31.6,,,,3.1837,0.173,4.1526,4.2564,2.4570000171661377,2.8376,3.0914,1.4303,4.3602,3.8065,1.1535,2026-08-09
sm115-39,Clefairy,normal,Hidden Fates,39,Common,kirisAki,Basic,35,Pokémon,2019/08/23,"tcgplayer,cardmarket",https://prices.pokemontcg.io/tcgplayer/sm115-39,https://images.pokemontcg.io/sm115/39_hires.png,2026/08/08,2026/03/11,0.33,0.03999999910593033,0.33000001311302185,25.0,,0.96,,,,0.0692,0.0231,0.1154,0.346,0.04610000178217888,0.0807,0.0923,0.2884,0.3807,0.3691,1.1535,2026-08-09
xy1-37,Panpour,normal,XY,37,Common,Kyoko Umemoto,Basic,515,Pokémon,2014/02/05,"tcgplayer,cardmarket",https://prices.pokemontcg.io/tcgplayer/xy1-37,https://images.pokemontcg.io/xy1/37_hires.png,2026/08/08,2026/03/11,0.2,0.05999999865889549,0.25,19.979999542236328,,0.6,,,,0.2307,0.0231,0.173,0.0,0.11540000140666962,0.173,0.15,0.5767,0.4153,0.496,1.1535,2026-08-09
base5-35,Dark Flareon,unlimited,Team Rocket,35,Uncommon,Mitsuhiro Arita,Stage 1,136,Pokémon,2000/04/24,"tcgplayer,cardmarket",https://prices.pokemontcg.io/tcgplayer/base5-35,https://images.pokemontcg.io/base5/35_hires.png,2026/08/08,2026/06/26,7.6,4.0,6.0,58.9900016784668,,,,,"{""1stEdition"": {""low"": 10.44, ""mid"": 16.79, ""high"": 121.16, ""market"": 22.06, ""directLow"": 10.44}}",7.4977,0.5767,17.4755,0.0,14.026599884033203,9.7355,7.6016,1.1535,4.0949,4.0949,1.1535,2026-08-09
bw4-42,Shinx,normal,Next Destinies,42,Common,Atsuko Nishida,Basic,403,Pokémon,2012/02/08,"tcgplayer,cardmarket",https://prices.pokemontcg.io/tcgplayer/bw4-42,https://images.pokemontcg.io/bw4/42_hires.png,2026/08/08,2026/02/22,0.3,0.05000000074505806,0.3199999928474426,1000.0,,1.56,,,,0.15,0.0231,0.2422,0.2768,0.10379999876022339,0.2538,0.173,2.307,1.3381,1.142,1.1535,2026-08-09
xy0-30,Bunnelby,normal,Kalos Starter Set,30,,5ban Graphics,Basic,659,Pokémon,2013/11/08,"tcgplayer,cardmarket",https://prices.pokemontcg.io/tcgplayer/xy0-30,https://images.pokemontcg.io/xy0/30_hires.png,2026/08/08,2026/06/21,0.91,0.18000000715255737,0.7300000190734863,19.979999542236328,,,,,,0.2538,0.0231,0.2307,0.0,0.46140000224113464,0.2884,0.3576,0.0,0.0,0.0,1.1535,2026-08-09
dp4-33,Arbok,normal,Great Encounters,33,Uncommon,Ken Sugimori,Stage 1,24,Pokémon,2008/02/01,"tcgplayer,cardmarket",https://prices.pokemontcg.io/tcgplayer/dp4-33,https://images.pokemontcg.io/dp4/33_hires.png,2026/08/08,2026/06/11,0.65,0.1899999976158142,0.6100000143051147,19.979999542236328,,5.27,,,,0.3807,0.0231,0.496,2.7684,0.17299999296665192,0.3922,0.3691,1.7302,3.1375,1.6841,1.1535,2026-08-09
swsh3-33,Centiskorch V,holofoil,Darkness Ablaze,33,Rare Holo V,5ban Graphics,Basic|V,851,Pokémon,2020/08/14,"tcgplayer,cardmarket",https://prices.pokemontcg.io/tcgplayer/swsh3-33,https://images.pokemontcg.io/swsh3/33_hires.png,2026/08/08,2026/02/28,0.76,0.49000000953674316,0.9900000095367432,19.979999542236328,,,,,,1.0728,0.1154,0.9113,0.0,0.911300003528595,1.0612,1.1996,1.5918,2.4339,2.7107,1.1535,2026-08-09
ex13-36,Camerupt,normal,Holon Phantoms,36,Uncommon,Atsuko Nishida,Stage 1,323,Pokémon,2006/05/01,"tcgplayer,cardmarket",https://prices.pokemontcg.io/tcgplayer/ex13-36,https://images.pokemontcg.io/ex13/36_hires.png,2026/08/08,2026/06/11,0.67,0.23999999463558197,0.6700000166893005,19.979999542236328,,9.99,,,,0.5537,0.0577,0.6921,4.614,1.4072999954223633,0.8421,0.5421,4.614,6.5519,5.9175,1.1535,2026-08-09
ex14-35,Ivysaur,normal,Crystal Guardians,35,Uncommon,Hisao Nakamura,Stage 1,2,Pokémon,2006/08/01,"tcgplayer,cardmarket",https://prices.pokemontcg.io/tcgplayer/ex14-35,https://images.pokemontcg.io/ex14/35_hires.png,2026/08/08,2026/06/22,4.0,2.450000047683716,3.75,42.0,,55.0,,,,2.1224,0.1154,2.0532,20.7399,5.767499923706055,2.134,2.1916,17.3025,17.4755,15.2377,1.1535,2026-08-09
bw5-31,Tympole,normal,Dark Explorers,31,Common,Kouki Saitou,Basic,535,Pokémon,2012/05/09,"tcgplayer,cardmarket",https://prices.pokemontcg.io/tcgplayer/bw5-31,https://images.pokemontcg.io/bw5/31_hires.png,2026/08/08,2026/05/01,0.35,0.10000000149011612,0.30000001192092896,19.979999542236328,,0.55,,,,0.1615,0.0231,0.1384,0.669,0.05770000070333481,0.1615,0.15,0.7498,0.5075,0.6229,1.1535,2026-08-09
hgss3-35,Sableye,normal,HS—Undaunted,35,Uncommon,Midori Harada,Basic,302,Pokémon,2010/08/18,"tcgplayer,cardmarket",https://prices.pokemontcg.io/tcgplayer/hgss3-35,https://images.pokemontcg.io/hgss3/35_hires.png,2026/08/08,2026/03/11,0.56,0.15000000596046448,0.550000011920929,5.320000171661377,,13.09,,,,0.2653,0.0231,0.2768,2.8838,0.6690000295639038,0.2653,0.2884,2.2839,2.0417,1.7187,1.1535,2026-08-09
smp-SM29,Mimikyu,holofoil,SM Black Star Promos,SM29,Promo,Mitsuhiro Arita,Basic,778,Pokémon,2017/02/03,"tcgplayer,cardmarket",https://prices.pokemontcg.io/tcgplayer/smp-SM29,https://images.pokemontcg.io/smp/SM29_hires.png,2026/08/08,2026/06/08,22.54,9.859999656677246,22.489999771118164,92.33000183105469,,,,,,7.8784,8.063,8.8012,0.0,13.842000007629395,8.1668,8.1322,2.8838,0.9459,1.4419,1.1535,2026-08-09
sm7-36,Lotad,normal,Celestial Storm,36,Common,Atsuko Nishida,Basic,270,Pokémon,2018/08/03,"tcgplayer,cardmarket",https://prices.pokemontcg.io/tcgplayer/sm7-36,https://images.pokemontcg.io/sm7/36_hires.png,2026/08/08,2026/02/24,0.2,0.019999999552965164,0.25,19.979999542236328,,0.47,,,,0.0923,0.0231,0.1269,0.4845,0.13840000331401825,0.1154,0.1154,0.5191,0.4499,0.3922,1.1535,2026-08-09
dc1-28,Team Aqua's Secret Base,normal,Double Crisis,28,Uncommon,Ryo Ueda,Stadium,,Trainer,2015/03/25,"tcgplayer,cardmarket",https://prices.pokemontcg.io/tcgplayer/dc1-28,https://images.pokemontcg.io/dc1/28_hires.png,2026/08/08,2026/06/27,1.0,0.3499999940395355,0.75,19.979999542236328,,3.12,,,,2.6415,0.6806,2.3647,8.7897,1.153499960899353,2.7107,1.6956,11.535,9.3433,7.0133,1.1535,2026-08-09
sm35-29,Raichu-GX,holofoil,Shining Legends,29,Rare Holo GX,5ban Graphics,Stage 1|GX,26,Pokémon,2017/10/06,"tcgplayer,cardmarket",https://prices.pokemontcg.io/tcgplayer/sm35-29,https://images.pokemontcg.io/sm35/29_hires.png,2026/08/08,2026/04/26,5.34,3.0,5.539999961853027,826.2100219726562,,,,,,4.0026,1.6034,3.9796,0.0,3.0797998905181885,3.8065,4.1295,2.5954,2.8607,3.5066,1.1535,2026-08-09
neo3-32,Lanturn,unlimited,Neo Revelation,32,Uncommon,Kagemaru Himeno,Stage 1,171,Pokémon,2001/09/21,"tcgplayer,cardmarket",https://prices.pokemontcg.io/tcgplayer/neo3-32,https://images.pokemontcg.io/neo3/32_hires.png,2026/08/08,2026/07/01,1.25,0.5,1.159999966621399,21.25,,,,,"{""1stEdition"": {""low"": 1.9, ""mid"": 2.99, ""high"": 29.1, ""market"": 2.72, ""directLow"": null}}",1.2458,0.0346,1.1189,0.0,0.40369999408721924,1.4534,1.2804,0.0,0.0,0.0,1.1535,2026-08-09
xy3-28,Raichu,normal,Furious Fists,28,Uncommon,Sanosuke Sakuma,Stage 1,26,Pokémon,2014/08/13,"tcgplayer,cardmarket",https://prices.pokemontcg.io/tcgplayer/xy3-28,https://images.pokemontcg.io/xy3/28_hires.png,2026/08/08,2026/05/07,1.29,0.8999999761581421,1.2999999523162842,19.979999542236328,,4.77,,,,1.8687,0.1154,2.5262,4.5563,2.8606998920440674,2.1455,1.6495,5.6522,3.6451,4.2795,1.1535,2026-08-09
xy9-29,Corsola,normal,BREAKpoint,29,Common,Kanako Eo,Basic,222,Pokémon,2016/02/03,"tcgplayer,cardmarket",https://prices.pokemontcg.io/tcgplayer/xy9-29,https://images.pokemontcg.io/xy9/29_hires.png,2026/08/08,2026/06/08,0.24,0.09000000357627869,0.27000001072883606,9.989999771118164,,0.72,,,,0.15,0.0231,0.15,0.9343,0.17299999296665192,0.1154,0.1384,0.5767,0.7267,0.646,1.1535,2026-08-09
neo1-32,Croconaw,unlimited,Neo Genesis,32,Uncommon,Ken Sugimori,Stage 1,159,Pokémon,2000/12/16,"tcgplayer,cardmarket",https://prices.pokemontcg.io/tcgplayer/neo1-32,https://images.pokemontcg.io/neo1/32_hires.png,2026/08/08,2026/07/01,2.03,0.6899999976158142,1.2000000476837158,19.979999542236328,,,,,"{""1stEdition"": {""low"": 2.25, ""mid"": 4.66, ""high"": 53.1, ""market"": 4.75, ""directLow"": null}}",1.6841,0.0231,1.2804,0.0,1.2919000387191772,1.5572,1.6841,0.0,0.0,0.0,1.1535,2026-08-09
sm75-37,Dragonite-GX,holofoil,Dragon Majesty,37,Rare Holo GX,5ban Graphics,Stage 2|GX,149,Pokémon,2018/09/07,"tcgplayer,cardmarket",https://prices.pokemontcg.io/tcgplayer/sm75-37,https://images.pokemontcg.io/sm75/37_hires.png,2026/08/08,2026/03/11,27.7,21.0,28.90999984741211,192.25999450683594,,,,,,11.9733,3.449,11.6042,0.0,9.227999687194824,11.5811,11.8695,6.9095,8.2014,8.7551,1.1535,2026-08-09
np-29,Celebi,holofoil,Nintendo Black Star Promos,29,Promo,Hajime Kusajima,Basic,251,Pokémon,2003/10/01,"tcgplayer,cardmarket",https://prices.pokemontcg.io/tcgplayer/np-29,https://images.pokemontcg.io/np/29_hires.png,2026/08/08,2026/07/01,47.91,40.0,79.0,509.8999938964844,,,,,,75.2889,2.2955,67.8373,0.0,34.59349822998047,83.5826,49.3583,17.3025,7.417,6.0789,1.1535,2026-08-09
base2-28,Vaporeon,unlimited,Jungle,28,Rare,Kagemaru Himeno,Stage 1,134,Pokémon,1999/06/16,"tcgplayer,cardmarket",https://prices.pokemontcg.io/tcgplayer/base2-28,https://images.pokemontcg.io/base2/28_hires.png,2026/08/08,2026/07/01,16.66,8.0,13.119999885559082,107.25,,,,,"{""1stEdition"": {""low"": 23.7, ""mid"": 36.23, ""high"": 506.6, ""market"": 36.23, ""directLow"": null}}",21.4551,1.1535,27.9262,0.0,23.012300491333008,18.952,14.834,2.2955,7.567,6.4365,1.1535,2026-08-09
base1-38,Poliwhirl,normal,Base,38,Uncommon,Ken Sugimori,Stage 1,61,Pokémon,1999/01/09,"tcgplayer,cardmarket",https://prices.pokemontcg.io/tcgplayer/base1-38,https://images.pokemontcg.io/base1/38_hires.png,2026/08/08,2026/07/01,1.62,0.20000000298023224,1.0,9999.0,,,,,,3.8412,0.0231,2.3877,0.0,4.383299827575684,1.7533,2.7338,17.3025,25.9999,25.9999,1.1535,2026-08-09
xy10-36,Diglett,normal,Fates Collide,36,Common,TOKIYA,Basic,50,Pokémon,2016/05/02,"tcgplayer,cardmarket",https://prices.pokemontcg.io/tcgplayer/xy10-36,https://images.pokemontcg.io/xy10/36_hires.png,2026/08/08,2026/03/11,0.19,0.009999999776482582,0.20000000298023224,1000.0,,0.42,,,,0.1154,0.0231,0.1269,0.3345,0.08070000261068344,0.1154,0.1038,0.2999,0.3345,0.3691,1.1535,2026-08-09
bwp-BW26,Axew,holofoil,BW Black Star Promos,BW26,Promo,Akira Komayama,Basic,610,Pokémon,2011/03/01,"tcgplayer,cardmarket",https://prices.pokemontcg.io/tcgplayer/bwp-BW26,https://images.pokemontcg.io/bwp/BW26_hires.png,2026/08/08,2026/06/20,16.39,11.989999771118164,20.350000381469727,379.989990234375,,,,,,5.1215,1.1535,7.2555,0.0,2.306999921798706,6.1251,7.9707,4.5563,6.275,4.1641,1.1535,2026-08-09
ex11-37,Ditto,normal,Delta Species,37,Uncommon,Yuka Morii,Basic,132,Pokémon,2005/10/31,"tcgplayer,cardmarket",https://prices.pokemontcg.io/tcgplayer/ex11-37,https://images.pokemontcg.io/ex11/37_hires.png,2026/08/08,2026/06/11,66.0,65.0,120.0,662.8900146484375,,269.32,,,,17.141,6.8633,20.3939,124.9471,9.597100257873535,20.613,16.795,63.4425,119.7564,66.5108,1.1535,2026-08-09
xy11-39,Flaaffy,normal,Steam Siege,39,Uncommon,MAHOU,Stage 1,180,Pokémon,2016/08/03,"tcgplayer,cardmarket",https://prices.pokemontcg.io/tcgplayer/xy11-39,https://images.pokemontcg.io/xy11/39_hires.png,2026/08/08,2026/03/07,0.34,0.05000000074505806,0.25999999046325684,1000.0,,0.6,,,,0.15,0.0231,0.1615,0.5075,0.1615000069141388,0.1384,0.1154,0.6921,0.3922,0.496,1.1535,2026-08-09
hgss2-36,Plusle,normal,HS—Unleashed,36,Uncommon,Kouki Saitou,Basic,311,Pokémon,2010/05/12,"tcgplayer,cardmarket",https://prices.pokemontcg.io/tcgplayer/hgss2-36,https://images.pokemontcg.io/hgss2/36_hires.png,2026/08/08,2026/03/11,2.94,1.690000057220459,3.5,32.20000076293945,,8.0,,,,0.3807,0.0231,0.173,2.1686,0.8651000261306763,0.2884,0.4383,1.0958,2.6415,1.7649,1.1535,2026-08-09
ex16-30,Glalie,normal,Power Keepers,30,Uncommon,Ken Sugimori,Stage 1,362,Pokémon,2007/02/02,"tcgplayer,cardmarket",https://prices.pokemontcg.io/tcgplayer/ex16-30,https://images.pokemontcg.io/ex16/30_hires.png,2026/08/08,2026/06/26,1.28,0.30000001192092896,0.800000011920929,19.979999542236328,,10.66,,,,1.0035,0.0231,1.0381,7.2555,0.51910001039505,0.8074,0.9113,8.0168,6.8403,5.8136,1.1535,2026-08-09
base4-37,Dodrio,normal,Base Set 2,37,Uncommon,Mitsuhiro Arita,Stage 1,85,Pokémon,2000/02/24,"tcgplayer,cardmarket",https://prices.pokemontcg.io/tcgplayer/base4-37,https://images.pokemontcg.io/base4/37_hires.png,2026/08/08,2026/06/25,2.44,0.6000000238418579,1.850000023841858,33.349998474121094,,,,,,2.2493,0.4614,1.8225,0.0,2.27239990234375,1.2689,2.2032,1.7187,1.7187,1.7187,1.1535,2026-08-09
ex3-37,Meditite,normal,Dragon,37,Uncommon,Kouki Saitou,Basic,307,Pokémon,2003/11/24,"tcgplayer,cardmarket",https://prices.pokemontcg.io/tcgplayer/ex3-37,https://images.pokemontcg.io/ex3/37_hires.png,2026/08/08,2026/06/22,1.06,0.7200000286102295,1.059999942779541,19.979999542236328,,5.63,,,,0.992,0.0461,0.8421,2.7223,1.038100004196167,0.7959,1.0035,3.4605,2.7223,2.653,1.1535,2026-08-09
sm8-37,Tapu Bulu,holofoil,Lost Thunder,37,Rare Holo,Satoshi Shirai,Basic,787,Pokémon,2018/11/02,"tcgplayer,cardmarket",https://prices.pokemontcg.io/tcgplayer/sm8-37,https://images.pokemontcg.io/sm8/37_hires.png,2026/08/08,2026/03/11,0.95,0.6000000238418579,0.9200000166893005,2.390000104904175,,1.66,,,,4.2103,0.2884,2.7569,2.0763,0.57669997215271,2.7569,1.8341,2.307,1.7764,2.1455,1.1535,2026-08-09
dp6-31,Jirachi,normal,Legends Awakened,31,Rare,Satoshi Ohta,Basic,385,Pokémon,2008/08/01,"tcgplayer,cardmarket",https://prices.pokemontcg.io/tcgplayer/dp6-31,https://images.pokemontcg.io/dp6/31_hires.png,2026/08/08,2026/05/03,16.83,16.0,103.0999984741211,259.8999938964844,,69.79,,,,2.3877,0.2884,1.4419,3.5412,2.0416998863220215,1.1535,2.0186,5.7675,3.5297,4.2218,1.1535,2026-08-09
swshp-SWSH029,Rayquaza,holofoil,SWSH Black Star Promos,SWSH029,Promo,so-taro,Basic,384,Pokémon,2019/11/15,"tcgplayer,cardmarket",https://prices.pokemontcg.io/tcgplayer/swshp-SWSH029,https://images.pokemontcg.io/swshp/SWSH029_hires.png,2026/08/08,2026/03/11,8.3,4.5,9.600000381469727,621.9500122070312,,,,,,8.5013,2.4224,4.0949,0.0,11.246600151062012,9.4933,10.0816,1.9725,1.7764,3.7835,1.1535,2026-08-09
bw11-41,Palpitoad,normal,Legendary Treasures,41,Uncommon,Sachiko Adachi,Stage 1,536,Pokémon,2013/11/06,"tcgplayer,cardmarket",https://prices.pokemontcg.io/tcgplayer/bw11-41,https://images.pokemontcg.io/bw11/41_hires.png,2026/08/08,2026/03/11,1.53,0.5400000214576721,1.4199999570846558,67.98999786376953,,5.15,,,,0.8421,0.3345,0.8421,0.0,0.47290000319480896,0.7959,0.7036,4.5794,4.6486,2.9068,1.1535,2026-08-09
bw1-35,Basculin,normal,Black & White,35,Uncommon,Naoyo Kimura,Basic,550,Pokémon,2011/04/25,"tcgplayer,cardmarket",https://prices.pokemontcg.io/tcgplayer/bw1-35,https://images.pokemontcg.io/bw1/35_hires.png,2026/08/08,2026/03/11,0.34,0.05000000074505806,0.33000001311302185,19.979999542236328,,1.36,,,,0.2884,0.0231,0.2653,0.0,0.05770000070333481,0.2768,0.1846,1.142,0.9113,0.7844,1.1535,2026-08-09
hgss4-40,Machoke,normal,HS—Triumphant,40,Uncommon,Shin Nagasawa,Stage 1,67,Pokémon,2010/11/03,"tcgplayer,cardmarket",https://prices.pokemontcg.io/tcgplayer/hgss4-40,https://images.pokemontcg.io/hgss4/40_hires.png,2026/08/08,2026/03/11,0.37,0.23000000417232513,0.3799999952316284,19.979999542236328,,1.86,,,,0.4499,0.0231,0.3922,0.0,1.153499960899353,0.346,0.3807,1.1304,4.4294,4.0142,1.1535,2026-08-09
xy7-38,Wooper,normal,Ancient Origins,38,Common,Sumiyoshi Kizuki,Basic,194,Pokémon,2015/08/12,"tcgplayer,cardmarket",https://prices.pokemontcg.io/tcgplayer/xy7-38,https://images.pokemontcg.io/xy7/38_hires.png,2026/08/08,2026/03/07,0.41,0.05000000074505806,0.3499999940395355,1000.0,,2.36,,,,0.2653,0.0231,0.1961,0.8305,0.36910000443458557,0.173,0.2192,1.142,0.9113,0.7382,1.1535,2026-08-09
ex4-38,Team Magma's Rhyhorn,normal,Team Magma vs Team Aqua,38,Uncommon,Mt. TBT,Basic,111,Pokémon,2004/03/01,"tcgplayer,cardmarket",https://prices.pokemontcg.io/tcgplayer/ex4-38,https://images.pokemontcg.io/ex4/38_hires.png,2026/08/08,2026/06/22,3.2,1.899999976158142,3.8399999141693115,48.599998474121094,,21.0,,,,2.5723,0.2307,2.9299,5.756,4.037300109863281,3.2759,2.2493,5.7675,4.6832,6.921,1.1535,2026-08-09
neo4-37,Dark Omanyte,unlimited,Neo Destiny,37,Uncommon,Tomokazu Komiya,Stage 1,138,Pokémon,2002/02/28,"tcgplayer,cardmarket",https://prices.pokemontcg.io/tcgplayer/neo4-37,https://images.pokemontcg.io/neo4/37_hires.png,2026/08/08,2026/06/27,5.24,4.53000020980835,7.25,53.02000045776367,,,,,"{""1stEdition"": {""low"": 10.0, ""mid"": 19.0, ""high"": 90.1, ""market"": 12.64, ""directLow"": null}}",6.275,1.142,6.4827,0.0,8.293700218200684,6.8172,5.9982,0.0,0.0,0.0,1.1535,2026-08-09
ecard2-10,Entei,normal,Aquapolis,10,Rare,Atsuko Nishida,Basic,244,Pokémon,2003/01/15,"tcgplayer,cardmarket",https://prices.pokemontcg.io/tcgplayer/ecard2-10,https://images.pokemontcg.io/ecard2/10_hires.png,2026/08/08,2026/06/21,43.73,44.5099983215332,65.95999908447266,359.5,,96.1,,,,16.322,4.6025,16.9103,66.2109,16.14900016784668,18.4214,16.1029,17.2448,20.9706,43.7753,1.1535,2026-08-09
bw3-33,Cryogonal,normal,Noble Victories,33,Rare,Kagemaru Himeno,Basic,615,Pokémon,2011/11/16,"tcgplayer,cardmarket",https://prices.pokemontcg.io/tcgplayer/bw3-33,https://images.pokemontcg.io/bw3/33_hires.png,2026/08/08,2026/05/07,0.94,0.49000000953674316,1.0700000524520874,19.979999542236328,,2.67,,,,0.9689,0.0231,0.8767,0.0,1.038100004196167,0.9574,0.8421,2.2955,1.661,1.661,1.1535,2026-08-09
sm6-33,Araquanid,normal,Forbidden Light,33,Uncommon,kodama,Stage 1,752,Pokémon,2018/05/04,"tcgplayer,cardmarket",https://prices.pokemontcg.io/tcgplayer/sm6-33,https://images.pokemontcg.io/sm6/33_hires.png,2026/08/08,2026/03/11,0.19,0.07000000029802322,0.25,19.979999542236328,,0.42,,,,0.0923,0.0231,0.0923,0.6114,0.05770000070333481,0.0923,0.0923,0.5652,0.8651,0.6344,1.1535,2026-08-09
dp3-42,Wormadam Sandy Cloak,normal,Secret Wonders,42,Rare,Kagemaru Himeno,Stage 1,413,Pokémon,2007/11/01,"tcgplayer,cardmarket",https://prices.pokemontcg.io/tcgplayer/dp3-42,https://images.pokemontcg.io/dp3/42_hires.png,2026/08/08,2026/03/07,0.75,0.4300000071525574,0.7400000095367432,19.979999542236328,,2.76,,,,0.8305,0.0577,0.8074,1.0151,0.8651000261306763,0.7844,0.9689,0.6806,1.0035,1.0612,1.1535,2026-08-09
ecard3-3,Arcanine,normal,Skyridge,3,Rare,Aya Kusube,Stage 1,59,Pokémon,2003/05/12,"tcgplayer,cardmarket",https://prices.pokemontcg.io/tcgplayer/ecard3-3,https://images.pokemontcg.io/ecard3/3_hires.png,2026/08/08,2026/06/27,101.35,115.0,128.63999938964844,1400.0,,300.0,,,,14.7648,5.1907,20.8784,59.2322,16.14900016784668,16.6565,17.8677,46.1285,66.8569,63.3156,1.1535,2026-08-09
bw9-36,Lanturn,normal,Plasma Freeze,36,Uncommon,Mizue,Stage 1,171,Pokémon,2013/05/08,"tcgplayer,cardmarket",https://prices.pokemontcg.io/tcgplayer/bw9-36,https://images.pokemontcg.io/bw9/36_hires.png,2026/08/08,2026/03/11,0.33,0.07999999821186066,0.30000001192092896,23.489999771118164,,0.87,,,,0.4729,0.0231,0.2538,0.5537,0.219200000166893,0.2884,0.2768,0.346,0.5191,0.7844,1.1535,2026-08-09
sm1-36,Corsola,normal,Sun & Moon,36,Uncommon,Satoshi Shirai,Basic,222,Pokémon,2017/02/03,"tcgplayer,cardmarket",https://prices.pokemontcg.io/tcgplayer/sm1-36,https://images.pokemontcg.io/sm1/36_hires.png,2026/08/08,2026/03/11,0.22,0.029999999329447746,0.23999999463558197,18.600000381469727,,0.41,,,,0.1384,0.0231,0.173,0.5306,0.4959999918937683,0.15,0.15,1.0266,0.5306,0.4729,1.1535,2026-08-09
dp5-31,Toxicroak,normal,Majestic Dawn,31,Rare,Kent Kanetsuna,Stage 1,454,Pokémon,2008/05/01,"tcgplayer,cardmarket",https://prices.pokemontcg.io/tcgplayer/dp5-31,https://images.pokemontcg.io/dp5/31_hires.png,2026/08/08,2026/06/22,1.57,1.309999942779541,1.559999942779541,19.979999542236328,,5.15,,,,1.2112,0.0231,1.3381,4.0834,0.6344000101089478,1.3381,1.3842,1.7072,3.1837,2.2724,1.1535,2026-08-09
basep-34,Entei,reverseHolofoil,Wizards Black Star Promos,34,Promo,Ken Sugimori,Basic,244,Pokémon,1999/07/01,"tcgplayer,cardmarket",https://prices.pokemontcg.io/tcgplayer/basep-34,https://images.pokemontcg.io/basep/34_hires.png,2026/08/08,2026/07/01,31.43,13.0,31.450000762939453,169.49000549316406,,,,,,34.2359,5.756,34.4204,0.0,40.372501373291016,25.8499,36.243,25.377,19.944,16.0452,1.1535,2026-08-09
gym2-40,Erika's Clefairy,unlimited,Gym Challenge,40,Uncommon,Atsuko Nishida,Basic,35,Pokémon,2000/10/16,"tcgplayer,cardmarket",https://prices.pokemontcg.io/tcgplayer/gym2-40,https://images.pokemontcg.io/gym2/40_hires.png,2026/08/08,2026/06/22,8.82,3.990000009536743,7.519999980926514,95.80999755859375,,,,,"{""1stEdition"": {""low"": 22.11, ""mid"": 25.3, ""high"": 167.4, ""market"": 20.07, ""directLow"": 98.05}}",6.8864,0.9228,7.6362,0.0,2.6068999767303467,7.267,5.7444,0.0,0.0,0.0,1.1535,2026-08-09
sm11-31,Fletchinder,normal,Unified Minds,31,Common,Mina Nakai,Stage 1,662,Pokémon,2019/08/02,"tcgplayer,cardmarket",https://prices.pokemontcg.io/tcgplayer/sm11-31,https://images.pokemontcg.io/sm11/31_hires.png,2026/08/08,2026/03/11,0.16,0.009999999776482582,0.20000000298023224,19.979999542236328,,0.42,,,,0.0692,0.0231,0.0692,0.3345,0.03460000082850456,0.0577,0.0923,0.3345,0.3114,0.4153,1.1535,2026-08-09
ex2-31,Azurill,normal,Sandstorm,31,Uncommon,Kagemaru Himeno,Basic,298,Pokémon,2003/09/18,"tcgplayer,cardmarket",https://prices.pokemontcg.io/tcgplayer/ex2-31,https://images.pokemontcg.io/ex2/31_hires.png,2026/08/08,2026/06/25,9.83,7.5,9.720000267028809,73.4000015258789,,37.8,,,,3.4259,0.1615,3.4259,11.5119,5.190700054168701,3.968,3.449,11.5119,9.2741,7.0017,1.1535,2026-08-09
ex15-27,Croconaw δ,normal,Dragon Frontiers,27,Uncommon,Yuka Morii,Stage 1,159,Pokémon,2006/11/01,"tcgplayer,cardmarket",https://prices.pokemontcg.io/tcgplayer/ex15-27,https://images.pokemontcg.io/ex15/27_hires.png,2026/08/08,2026/06/27,10.18,4.269999980926514,10.75,99.98999786376953,,65.57,,,,1.7302,0.0577,2.8953,13.8305,2.8722000122070312,2.0878,1.7649,19.598,11.5235,10.7506,1.1535,2026-08-09
hgss2-37,Poliwhirl,normal,HS—Unleashed,37,Uncommon,Naoyo Kimura,Stage 1,61,Pokémon,2010/05/12,"tcgplayer,cardmarket",https://prices.pokemontcg.io/tcgplayer/hgss2-37,https://images.pokemontcg.io/hgss2/37_hires.png,2026/08/08,2026/03/11,3.52,1.25,9.619999885559082,72.88999938964844,,24.11,,,,0.7382,0.0231,0.5191,2.0302,0.023099999874830246,0.3807,0.6806,0.8651,2.0532,1.7187,1.1535,2026-08-09
pl2-34,Vaporeon,normal,Rising Rivals,34,Rare,Masakazu Fukuda,Stage 1,134,Pokémon,2009/05/16,"tcgplayer,cardmarket",https://prices.pokemontcg.io/tcgplayer/pl2-34,https://images.pokemontcg.io/pl2/34_hires.png,2026/08/08,2026/06/08,13.34,9.75,13.75,133.0,,19.99,,,,6.5634,1.0381,6.2866,11.5465,4.613999843597412,4.7178,5.3061,6.9671,10.8544,9.8509,1.1535,2026-08-09
bw9-37,Pachirisu,normal,Plasma Freeze,37,Common,Akira Komayama,Basic,417,Pokémon,2013/05/08,"tcgplayer,cardmarket",https://prices.pokemontcg.io/tcgplayer/bw9-37,https://images.pokemontcg.io/bw9/37_hires.png,2026/08/08,2026/03/11,0.42,0.18000000715255737,0.3700000047683716,23.489999771118164,,1.37,,,,0.2768,0.0231,0.3114,0.0,0.31139999628067017,0.2768,0.2538,0.9228,0.8305,0.8767,1.1535,2026-08-09
ex6-34,Haunter,normal,FireRed & LeafGreen,34,Uncommon,Ken Sugimori,Stage 1,93,Pokémon,2004/09/01,"tcgplayer,cardmarket",https://prices.pokemontcg.io/tcgplayer/ex6-34,https://images.pokemontcg.io/ex6/34_hires.png,2026/08/08,2026/06/27,8.34,6.860000133514404,12.989999771118164,100.0,,85.83,,,,2.7799,0.2307,2.8491,38.7807,4.613999843597412,2.976,4.1411,57.6173,36.9812,30.3024,1.1535,2026-08-09
swshp-SWSH030,Copperajah V,holofoil,SWSH Black Star Promos,SWSH030,Promo,5ban Graphics,Basic|V,879,Pokémon,2019/11/15,"tcgplayer,cardmarket",https://prices.pokemontcg.io/tcgplayer/swshp-SWSH030,https://images.pokemontcg.io/swshp/SWSH030_hires.png,2026/08/08,2026/03/11,0.87,0.6000000238418579,1.0,19.979999542236328,,,,,,1.0035,0.346,1.2919,0.0,0.5651999711990356,1.2112,1.0497,2.5954,1.7533,1.7879,1.1535,2026-08-09
base2-29,Venomoth,unlimited,Jungle,29,Rare,Ken Sugimori,Stage 1,49,Pokémon,1999/06/16,"tcgplayer,cardmarket",https://prices.pokemontcg.io/tcgplayer/base2-29,https://images.pokemontcg.io/base2/29_hires.png,2026/08/08,2026/07/01,5.85,2.0,4.0,4319.169921875,,,,,"{""1stEdition"": {""low"": 7.5, ""mid"": 14.37, ""high"": 243.9, ""market"": 13.91, ""directLow"": null}}",7.8438,0.5652,3.6912,0.0,6.125100135803223,5.9521,7.8784,5.7675,14.3841,15.1108,1.1535,2026-08-09
sm35-30,Voltorb,normal,Shining Legends,30,Common,match,Basic,100,Pokémon,2017/10/06,"tcgplayer,cardmarket",https://prices.pokemontcg.io/tcgplayer/sm35-30,https://images.pokemontcg.io/sm35/30_hires.png,2026/08/08,2026/04/26,0.17,0.029999999329447746,0.20000000298023224,19.979999542236328,,0.41,,,,0.0461,0.0231,0.0807,0.4845,0.219200000166893,0.0807,0.0577,0.5767,0.5075,0.4268,1.1535,2026-08-09
bw10-42,Solosis,normal,Plasma Blast,42,Common,Midori Harada,Basic,577,Pokémon,2013/08/14,"tcgplayer,cardmarket",https://prices.pokemontcg.io/tcgplayer/bw10-42,https://images.pokemontcg.io/bw10/42_hires.png,2026/08/08,2026/03/11,0.22,0.019999999552965164,0.23999999463558197,19.979999542236328,,0.4,,,,0.1269,0.0231,0.2422,0.5191,0.57669997215271,0.1846,0.1961,0.5652,0.5306,0.496,1.1535,2026-08-09
xy9-30,Suicune,holofoil,BREAKpoint,30,Rare Holo,Mitsuhiro Arita,Basic,245,Pokémon,2016/02/03,"tcgplayer,cardmarket",https://prices.pokemontcg.io/tcgplayer/xy9-30,https://images.pokemontcg.io/xy9/30_hires.png,2026/08/08,2026/06/08,3.89,0.9800000190734863,3.5899999141693115,35.2599983215332,,4.21,,,,4.1411,0.6921,3.6797,3.3336,1.6610000133514404,3.3798,3.6105,4.0373,3.7489,4.1987,1.1535,2026-08-09
smp-SM30,Tapu Koko,holofoil,SM Black Star Promos,SM30,Promo,kirisAki,Basic,785,Pokémon,2017/02/03,"tcgplayer,cardmarket",https://prices.pokemontcg.io/tcgplayer/smp-SM30,https://images.pokemontcg.io/smp/SM30_hires.png,2026/08/08,2026/06/08,0.68,0.3400000035762787,0.7200000286102295,19.979999542236328,,,,,,1.3957,0.1154,1.3611,0.0,1.153499960899353,1.3957,1.0728,0.346,0.6806,0.6229,1.1535,2026-08-09
ecard1-30,Venusaur,holofoil,Expedition Base Set,30,Rare Holo,Shin-ichi Yoshikawa,Stage 2,3,Pokémon,2002/09/15,"tcgplayer,cardmarket",https://prices.pokemontcg.io/tcgplayer/ecard1-30,https://images.pokemontcg.io/ecard1/30_hires.png,2026/08/08,2026/07/01,170.59,129.99000549316406,229.27000427246094,1539.800048828125,,73.21,,,,97.7361,8.6512,114.3811,24.4542,69.07160186767578,98.8896,108.6482,80.7335,38.7115,30.6716,1.1535,2026-08-09
ecard2-11,Espeon,normal,Aquapolis,11,Rare,Kyoko Umemoto,Stage 1,196,Pokémon,2003/01/15,"tcgplayer,cardmarket",https://prices.pokemontcg.io/tcgplayer/ecard2-11,https://images.pokemontcg.io/ecard2/11_hires.png,2026/08/08,2026/06/21,127.16,74.98999786376953,74.98999786376953,74.98999786376953,,159.99,,,,32.5287,11.5235,44.9865,80.745,19.609500885009766,23.4507,46.29,28.826,60.801,48.597,1.1535,2026-08-09
ex16-31,Kirlia,normal,Power Keepers,31,Uncommon,Sachiko Adachi,Stage 1,281,Pokémon,2007/02/02,"tcgplayer,cardmarket",https://prices.pokemontcg.io/tcgplayer/ex16-31,https://images.pokemontcg.io/ex16/31_hires.png,2026/08/08,2026/06/26,2.28,0.5,1.5499999523162842,50.0,,20.0,,,,0.3691,0.0231,0.4268,8.2129,1.153499960899353,0.5537,0.346,4.6025,7.3593,7.6362,1.1535,2026-08-09
swsh3-34,Centiskorch VMAX,holofoil,Darkness Ablaze,34,Rare Holo VMAX,5ban Graphics,VMAX,851,Pokémon,2020/08/14,"tcgplayer,cardmarket",https://prices.pokemontcg.io/tcgplayer/swsh3-34,https://images.pokemontcg.io/swsh3/34_hires.png,2026/08/08,2026/02/28,1.99,0.9900000095367432,2.0,15.949999809265137,,,,,,2.3416,0.8651,2.2609,0.0,2.0185999870300293,2.5723,2.2147,8.063,8.0745,8.7666,1.1535,2026-08-09
ex9-39,Plusle,normal,Emerald,39,Uncommon,Naoyo Kimura,Basic,311,Pokémon,2005/05/01,"tcgplayer,cardmarket",https://prices.pokemontcg.io/tcgplayer/ex9-39,https://images.pokemontcg.io/ex9/39_hires.png,2026/08/08,2026/06/21,4.58,3.990000009536743,7.75,57.79999923706055,,100.0,,,,2.7107,0.1154,4.4179,28.7798,3.2183001041412354,3.3567,4.0603,28.7798,25.6192,19.3557,1.1535,2026-08-09
ex7-36,Dark Gyarados,normal,Team Rocket Returns,36,Uncommon,Nakaoka,Stage 1,130,Pokémon,2004/11/01,"tcgplayer,cardmarket",https://prices.pokemontcg.io/tcgplayer/ex7-36,https://images.pokemontcg.io/ex7/36_hires.png,2026/08/08,2026/06/21,33.71,30.0,84.98999786376953,399.8399963378906,,294.97,,,,17.9139,5.1907,15.007,168.5494,17.763900756835938,18.8713,17.1871,229.5465,194.9415,128.8229,1.1535,2026-08-09
dpp-DP37,Dialga LV.X,holofoil,DP Black Star Promos,DP37,Promo,Ryo Ueda,Level-Up,483,Pokémon,2007/05/01,tcgplayer,https://prices.pokemontcg.io/tcgplayer/dpp-DP37,https://images.pokemontcg.io/dpp/DP37_hires.png,2026/08/08,,48.66,24.239999771118164,35.97999954223633,280.0,,,,,,,,,,,,,,,,,2026-08-09
xy12-31,Starmie,normal,Evolutions,31,Rare,Keiji Kinebuchi,Stage 1,121,Pokémon,2016/11/02,"tcgplayer,cardmarket",https://prices.pokemontcg.io/tcgplayer/xy12-31,https://images.pokemontcg.io/xy12/31_hires.png,2026/08/08,2026/06/08,0.26,0.05999999865889549,0.28999999165534973,7.949999809265137,,1.54,,,,0.2538,0.0231,0.4153,2.8722,0.6690000295639038,0.4614,0.2884,5.7214,3.0798,2.976,1.1535,2026-08-09
ex15-28,Dragonair δ,normal,Dragon Frontiers,28,Uncommon,Kouki Saitou,Stage 1,148,Pokémon,2006/11/01,"tcgplayer,cardmarket",https://prices.pokemontcg.io/tcgplayer/ex15-28,https://images.pokemontcg.io/ex15/28_hires.png,2026/08/08,2026/06/27,7.22,5.21999979019165,7.480000019073486,99.9000015258789,,94.74,,,,2.7799,0.5767,5.8136,23.1277,1.7302000522613525,2.8722,7.4401,34.5935,25.5039,18.2368,1.1535,2026-08-09
pl4-40,Gulpin,normal,Arceus,40,Uncommon,Sachiko Adachi,Basic,316,Pokémon,2009/11/04,"tcgplayer,cardmarket",https://prices.pokemontcg.io/tcgplayer/pl4-40,https://images.pokemontcg.io/pl4/40_hires.png,2026/08/08,2026/03/07,2.23,0.7699999809265137,1.6200000047683716,19.979999542236328,,4.06,,,,0.3345,0.0577,0.2999,0.173,0.11540000140666962,0.2653,0.2653,0.173,0.8651,1.0843,1.1535,2026-08-09
dp1-39,Vespiquen,normal,Diamond & Pearl,39,Rare,Mitsuhiro Arita,Stage 1,416,Pokémon,2007/05/01,"tcgplayer,cardmarket",https://prices.pokemontcg.io/tcgplayer/dp1-39,https://images.pokemontcg.io/dp1/39_hires.png,2026/08/08,2026/03/11,1.05,0.800000011920929,1.0499999523162842,96.94999694824219,,3.46,,,,1.2919,0.0231,0.6921,1.9263,0.46140000224113464,0.5883,0.9113,0.0231,2.3416,1.7072,1.1535,2026-08-09
sm12-41,Golduck,normal,Cosmic Eclipse,41,Uncommon,Shigenori Negishi,Stage 1,55,Pokémon,2019/11/01,"tcgplayer,cardmarket",https://prices.pokemontcg.io/tcgplayer/sm12-41,https://images.pokemontcg.io/sm12/41_hires.png,2026/08/08,2026/03/11,0.19,0.03999999910593033,0.20000000298023224,19.979999542236328,,0.44,,,,0.1269,0.0231,0.1846,0.5191,0.023099999874830246,0.1846,0.1384,0.4614,0.5075,0.5883,1.1535,2026-08-09
ex13-37,Chimecho δ,normal,Holon Phantoms,37,Uncommon,Mitsuhiro Arita,Basic,358,Pokémon,2006/05/01,"tcgplayer,cardmarket",https://prices.pokemontcg.io/tcgplayer/ex13-37,https://images.pokemontcg.io/ex13/37_hires.png,2026/08/08,2026/06/11,1.73,0.75,1.6799999475479126,28.100000381469727,,22.97,,,,2.0071,0.1154,2.653,10.3238,2.8722000122070312,1.7072,1.5803,11.4197,8.4898,8.905,1.1535,2026-08-09
bw11-42,Seismitoad,normal,Legendary Treasures,42,Rare,Hajime Kusajima,Stage 2,537,Pokémon,2013/11/06,"tcgplayer,cardmarket",https://prices.pokemontcg.io/tcgplayer/bw11-42,https://images.pokemontcg.io/bw11/42_hires.png,2026/08/08,2026/03/11,0.3,0.14000000059604645,0.3499999940395355,99.98999786376953,,3.5,,,,0.5191,0.1154,0.5537,0.0,0.5074999928474426,0.5306,0.5767,6.0789,4.7178,2.9184,1.1535,2026-08-09
xy10-37,Marowak,normal,Fates Collide,37,Rare,Shin Nagasawa,Stage 1,105,Pokémon,2016/05/02,"tcgplayer,cardmarket",https://prices.pokemontcg.io/tcgplayer/xy10-37,https://images.pokemontcg.io/xy10/37_hires.png,2026/08/08,2026/03/11,0.43,0.18000000715255737,0.4300000071525574,2.990000009536743,,0.79,,,,0.4499,0.0231,0.4499,0.0,0.57669997215271,0.4845,0.4268,1.142,1.0843,0.9689,1.1535,2026-08-09
hgss3-36,Scyther,normal,HS—Undaunted,36,Uncommon,Wataru Kawahara/Direc. Shinji Higuchi,Basic,123,Pokémon,2010/08/18,"tcgplayer,cardmarket",https://prices.pokemontcg.io/tcgplayer/hgss3-36,https://images.pokemontcg.io/hgss3/36_hires.png,2026/08/08,2026/03/11,1.5,0.25,1.1399999856948853,19.979999542236328,,35.16,,,,0.5998,0.0231,0.8421,1.8571,0.853600025177002,0.6344,0.5075,3.4605,3.3221,3.3451,1.1535,2026-08-09
basep-35,Pichu,reverseHolofoil,Wizards Black Star Promos,35,Promo,Ken Sugimori,Baby,172,Pokémon,1999/07/01,"tcgplayer,cardmarket",https://prices.pokemontcg.io/tcgplayer/basep-35,https://images.pokemontcg.io/basep/35_hires.png,2026/08/08,2026/07/01,82.18,64.98999786376953,177.5,532.9500122070312,,,,,,125.4316,14.9378,110.4476,0.0,16.137500762939453,91.2649,87.4007,8.063,25.6538,23.9236,1.1535,2026-08-09
sma-SV31,Metang,holofoil,Hidden Fates Shiny Vault,SV31,Rare Shiny,Saya Tsuruta,Stage 1,375,Pokémon,2019/08/23,"tcgplayer,cardmarket",https://prices.pokemontcg.io/tcgplayer/sma-SV31,https://images.pokemontcg.io/sma/SV31_hires.png,2026/08/08,2026/03/11,4.81,2.1500000953674316,5.159999847412109,38.08000183105469,,,,,,3.0222,1.0958,3.6451,0.0,4.048799991607666,4.4064,3.2413,2.8838,3.2067,4.0949,1.1535,2026-08-09
sm7-37,Lombre,normal,Celestial Storm,37,Uncommon,Atsuko Nishida,Stage 1,271,Pokémon,2018/08/03,"tcgplayer,cardmarket",https://prices.pokemontcg.io/tcgplayer/sm7-37,https://images.pokemontcg.io/sm7/37_hires.png,2026/08/08,2026/02/24,0.26,0.10000000149011612,0.27000001072883606,19.979999542236328,,0.42,,,,0.173,0.0231,0.173,0.5767,0.1615000069141388,0.173,0.1846,0.5767,0.4383,0.4268,1.1535,2026-08-09
xy5-39,Barboach,normal,Primal Clash,39,Common,Kyoko Umemoto,Basic,339,Pokémon,2015/02/04,"tcgplayer,cardmarket",https://prices.pokemontcg.io/tcgplayer/xy5-39,https://images.pokemontcg.io/xy5/39_hires.png,2026/08/08,2026/02/24,0.21,0.029999999329447746,0.2199999988079071,1000.0,,0.41,,,,0.173,0.0231,0.15,0.8997,0.04610000178217888,0.2076,0.1384,0.5767,0.6921,0.5075,1.1535,2026-08-09
base1-39,Porygon,normal,Base,39,Uncommon,Tomoaki Imakuni,Basic,137,Pokémon,1999/01/09,"tcgplayer,cardmarket",https://prices.pokemontcg.io/tcgplayer/base1-39,https://images.pokemontcg.io/base1/39_hires.png,2026/08/08,2026/07/01,2.68,0.6700000166893005,2.2100000381469727,44.529998779296875,,,,,,12.6654,4.614,13.7036,0.0,14.995499610900879,22.9777,18.3983,0.0,0.0,0.0,1.1535,2026-08-09
swsh35-40,Liepard,normal,Champion's Path,40,Uncommon,Hasuno,Stage 1,510,Pokémon,2020/09/25,"tcgplayer,cardmarket",https://prices.pokemontcg.io/tcgplayer/swsh35-40,https://images.pokemontcg.io/swsh35/40_hires.png,2026/08/08,2026/03/11,0.12,0.009999999776482582,0.20000000298023224,20.0,,0.27,,,,0.0807,0.0231,0.0692,0.4037,0.11540000140666962,0.0692,0.0807,0.3345,0.2422,0.3114,1.1535,2026-08-09
dp7-30,Tyranitar,normal,Stormfront,30,Rare,Kagemaru Himeno,Stage 2,248,Pokémon,2008/11/01,"tcgplayer,cardmarket",https://prices.pokemontcg.io/tcgplayer/dp7-30,https://images.pokemontcg.io/dp7/30_hires.png,2026/08/08,2026/06/07,10.59,5.349999904632568,10.180000305175781,82.69999694824219,,38.56,,,,3.2644,0.0577,2.4224,5.1446,1.707200050354004,1.9148,3.4144,2.2955,5.0754,5.1792,1.1535,2026-08-09
ex4-39,Bulbasaur,normal,Team Magma vs Team Aqua,39,Common,Ken Sugimori,Basic,1,Pokémon,2004/03/01,"tcgplayer,cardmarket",https://prices.pokemontcg.io/tcgplayer/ex4-39,https://images.pokemontcg.io/ex4/39_hires.png,2026/08/08,2026/06/22,24.23,20.989999771118164,28.420000076293945,144.5,,269.99,,,,5.6291,1.1535,6.2289,46.809,5.767499923706055,6.1136,4.7986,24.7656,43.6715,32.5979,1.1535,2026-08-09
neo3-33,Magcargo,unlimited,Neo Revelation,33,Uncommon,Shin-ichi Yoshida,Stage 1,219,Pokémon,2001/09/21,"tcgplayer,cardmarket",https://prices.pokemontcg.io/tcgplayer/neo3-33,https://images.pokemontcg.io/neo3/33_hires.png,2026/08/08,2026/07/01,1.94,0.4000000059604645,1.5,96.5,,,,,"{""1stEdition"": {""low"": 2.59, ""mid"": 3.99, ""high"": 178.73, ""market"": 6.05, ""directLow"": 178.73}}",1.315,0.0231,1.2689,0.0,0.46140000224113464,1.0381,1.2227,0.0,0.0,0.0,1.1535,2026-08-09
swsh4-35,Samurott,normal,Vivid Voltage,35,Rare,Shin Nagasawa,Stage 2,503,Pokémon,2020/11/13,"tcgplayer,cardmarket",https://prices.pokemontcg.io/tcgplayer/swsh4-35,https://images.pokemontcg.io/swsh4/35_hires.png,2026/08/08,2026/03/11,0.25,0.09000000357627869,0.27000001072883606,999.989990234375,,0.59,,,,0.5537,0.0231,0.2653,0.646,0.46140000224113464,0.2422,0.4614,0.5767,0.5191,0.669,1.1535,2026-08-09
dp6-32,Kyogre,normal,Legends Awakened,32,Rare,Kent Kanetsuna,Basic,382,Pokémon,2008/08/01,"tcgplayer,cardmarket",https://prices.pokemontcg.io/tcgplayer/dp6-32,https://images.pokemontcg.io/dp6/32_hires.png,2026/08/08,2026/05/03,11.96,3.5799999237060547,13.510000228881836,164.97000122070312,,14.05,,,,3.8873,0.5191,4.764,11.7311,2.306999921798706,4.0949,3.2067,9.2165,7.4631,6.5288,1.1535,2026-08-09
bw3-34,Kyurem,holofoil,Noble Victories,34,Rare Holo,5ban Graphics,Basic,646,Pokémon,2011/11/16,"tcgplayer,cardmarket",https://prices.pokemontcg.io/tcgplayer/bw3-34,https://images.pokemontcg.io/bw3/34_hires.png,2026/08/08,2026/05/07,4.67,3.0,5.75,40.599998474121094,,4.9,,,,4.4986,0.346,3.4951,0.0,4.602499961853027,4.3948,4.5448,4.614,3.7027,4.291,1.1535,2026-08-09
bw4-43,Shinx,normal,Next Destinies,43,Common,Naoki Saito,Basic,403,Pokémon,2012/02/08,"tcgplayer,cardmarket",https://prices.pokemontcg.io/tcgplayer/bw4-43,https://images.pokemontcg.io/bw4/43_hires.png,2026/08/08,2026/02/22,0.42,0.20000000298023224,0.4000000059604645,2.140000104904175,,4.0,,,,0.6921,0.0231,0.5883,1.984,0.7498000264167786,1.3265,0.7267,2.307,1.7418,1.4188,1.1535,2026-08-09
gym1-39,Brock's Golbat,unlimited,Gym Heroes,39,Uncommon,Ken Sugimori,Stage 1,42,Pokémon,2000/08/14,"tcgplayer,cardmarket",https://prices.pokemontcg.io/tcgplayer/gym1-39,https://images.pokemontcg.io/gym1/39_hires.png,2026/08/08,2026/06/25,2.69,1.1399999856948853,2.0799999237060547,29.399999618530273,,,,,"{""1stEdition"": {""low"": 3.48, ""mid"": 7.12, ""high"": 75.86, ""market"": 6.22, ""directLow"": 8.48}}",4.0834,0.346,4.4986,0.0,3.7834999561309814,4.7178,3.9219,0.0,0.0,0.0,1.1535,2026-08-09
dp2-32,Ninetales,normal,Mysterious Treasures,32,Rare,Kouki Saitou,Stage 1,38,Pokémon,2007/08/01,"tcgplayer,cardmarket",https://prices.pokemontcg.io/tcgplayer/dp2-32,https://images.pokemontcg.io/dp2/32_hires.png,2026/08/08,2026/06/11,8.76,4.199999809265137,8.25,79.9000015258789,,42.95,,,,2.5146,0.346,1.9494,4.0257,3.4605000019073486,1.7995,2.2955,4.0257,10.6583,9.5856,1.1535,2026-08-09
xy11-40,Ampharos,holofoil,Steam Siege,40,Rare Holo,Kanako Eo,Stage 2,181,Pokémon,2016/08/03,"tcgplayer,cardmarket",https://prices.pokemontcg.io/tcgplayer/xy11-40,https://images.pokemontcg.io/xy11/40_hires.png,2026/08/08,2026/03/07,1.18,0.49000000953674316,1.0099999904632568,19.979999542236328,,1.74,,,,0.9228,0.1154,0.9574,2.8261,0.57669997215271,0.8882,0.8536,1.1535,2.3993,2.0071,1.1535,2026-08-09
bw6-41,Electrike,normal,Dragons Exalted,41,Common,kawayoo,Basic,309,Pokémon,2012/08/15,"tcgplayer,cardmarket",https://prices.pokemontcg.io/tcgplayer/bw6-41,https://images.pokemontcg.io/bw6/41_hires.png,2026/08/08,2026/03/11,0.24,0.10999999940395355,0.27000001072883606,19.979999542236328,,0.83,,,,0.173,0.0231,0.1615,0.0,0.15000000596046448,0.173,0.173,5.7675,1.4303,0.9228,1.1535,2026-08-09
ex3-38,Ninjask,normal,Dragon,38,Uncommon,Toshinao Aoki,Stage 1,291,Pokémon,2003/11/24,"tcgplayer,cardmarket",https://prices.pokemontcg.io/tcgplayer/ex3-38,https://images.pokemontcg.io/ex3/38_hires.png,2026/08/08,2026/06/21,0.73,0.3499999940395355,0.6899999976158142,19.979999542236328,,9.8,,,,0.5306,0.0231,0.4037,3.2644,0.23070000112056732,0.4153,0.5421,2.5954,3.5412,2.6184,1.1535,2026-08-09
dp5-32,Umbreon,normal,Majestic Dawn,32,Rare,Masakazu Fukuda,Stage 1,197,Pokémon,2008/05/01,"tcgplayer,cardmarket",https://prices.pokemontcg.io/tcgplayer/dp5-32,https://images.pokemontcg.io/dp5/32_hires.png,2026/08/08,2026/06/22,67.43,32.20000076293945,65.20999908447266,536.0,,87.26,,,,12.4463,3.3798,15.7337,15.3877,10.381500244140625,16.3912,13.7266,34.605,23.4276,21.6627,1.1535,2026-08-09
np-30,Suicune,holofoil,Nintendo Black Star Promos,30,Promo,Atsuko Nishida,Basic,245,Pokémon,2003/10/01,"tcgplayer,cardmarket",https://prices.pokemontcg.io/tcgplayer/np-30,https://images.pokemontcg.io/np/30_hires.png,2026/08/08,2026/07/01,37.67,22.0,37.72999954223633,258.760009765625,,,,,,24.1889,2.8261,23.5545,0.0,11.53499984741211,34.605,26.542,5.756,7.2094,6.4481,1.1535,2026-08-09
hgss1-43,Heracross,normal,HeartGold & SoulSilver,43,Uncommon,Sachiko Adachi,Basic,214,Pokémon,2010/02/10,"tcgplayer,cardmarket",https://prices.pokemontcg.io/tcgplayer/hgss1-43,https://images.pokemontcg.io/hgss1/43_hires.png,2026/08/08,2026/03/08,5.53,4.769999980926514,6.96999979019165,50.599998474121094,,26.18,,,,0.8882,0.0231,0.8651,1.984,1.0958000421524048,0.7844,0.6806,4.6025,2.0763,3.0337,1.1535,2026-08-09
neo1-33,Electabuzz,unlimited,Neo Genesis,33,Uncommon,Shin-ichi Yoshida,Basic,125,Pokémon,2000/12/16,"tcgplayer,cardmarket",https://prices.pokemontcg.io/tcgplayer/neo1-33,https://images.pokemontcg.io/neo1/33_hires.png,2026/08/08,2026/07/01,1.94,0.5,1.0,20.489999771118164,,,,,"{""1stEdition"": {""low"": 2.46, ""mid"": 5.45, ""high"": 41.47, ""market"": 5.68, ""directLow"": 6.05}}",1.5688,0.0577,1.4073,0.0,1.8802000284194946,0.9574,1.5803,8.0745,8.0745,8.0745,1.1535,2026-08-09
g1-27,Raichu,holofoil,Generations,27,Rare Holo,Mitsuhiro Arita,Stage 1,26,Pokémon,2016/02/22,"tcgplayer,cardmarket",https://prices.pokemontcg.io/tcgplayer/g1-27,https://images.pokemontcg.io/g1/27_hires.png,2026/08/08,2026/06/18,3.0,0.7400000095367432,2.0,69.98999786376953,,2.11,,,,2.2263,0.2307,2.1686,2.5838,1.926300048828125,2.2839,2.3185,2.2955,2.5146,2.9645,1.1535,2026-08-09
ecard3-4,Articuno,normal,Skyridge,4,Rare,Hajime Kusajima,Basic,144,Pokémon,2003/05/12,"tcgplayer,cardmarket",https://prices.pokemontcg.io/tcgplayer/ecard3-4,https://images.pokemontcg.io/ecard3/4_hires.png,2026/08/08,2026/06/27,79.5,100.0,149.99000549316406,572.0,,63.85,,,,22.4471,5.7675,27.4418,48.8046,11.53499984741211,27.8109,23.7044,49.5198,46.786,46.7283,1.1535,2026-08-09
ex14-36,Lairon,normal,Crystal Guardians,36,Uncommon,Hajime Kusajima,Stage 1,305,Pokémon,2006/08/01,"tcgplayer,cardmarket",https://prices.pokemontcg.io/tcgplayer/ex14-36,https://images.pokemontcg.io/ex14/36_hires.png,2026/08/08,2026/06/11,1.02,0.009999999776482582,0.75,17.799999237060547,,37.56,,,,0.3576,0.0231,0.4614,9.228,0.7498000264167786,0.4268,0.4845,9.228,7.4055,6.7826,1.1535,2026-08-09
pl3-36,Moltres,normal,Supreme Victors,36,Rare,Kouki Saitou,Basic,146,Pokémon,2009/08/19,"tcgplayer,cardmarket",https://prices.pokemontcg.io/tcgplayer/pl3-36,https://images.pokemontcg.io/pl3/36_hires.png,2026/08/08,2026/05/03,4.47,2.9600000381469727,19.68000030517578,99.98999786376953,,10.54,,,,3.3798,1.1535,3.622,4.5217,1.61489999294281,3.1606,3.3798,3.4605,5.0177,5.4907,1.1535,2026-08-09
base6-33,Pidgeot,normal,Legendary Collection,33,Rare,Kagemaru Himeno,Stage 2,18,Pokémon,2002/05/24,"tcgplayer,cardmarket",https://prices.pokemontcg.io/tcgplayer/base6-33,https://images.pokemontcg.io/base6/33_hires.png,2026/08/08,2026/06/27,10.37,4.489999771118164,8.449999809265137,84.95999908447266,,152.5,,,,7.094,1.1304,6.252,31.7097,11.477299690246582,6.8287,4.5679,32.2634,53.88,52.6111,1.1535,2026-08-09
dc1-29,Team Magma Admin,normal,Double Crisis,29,Uncommon,GAME FREAK inc.,Supporter,,Trainer,2015/03/25,"tcgplayer,cardmarket",https://prices.pokemontcg.io/tcgplayer/dc1-29,https://images.pokemontcg.io/dc1/29_hires.png,2026/08/08,2026/06/27,0.76,0.28999999165534973,0.6499999761581421,19.979999542236328,,5.58,,,,1.661,0.8651,1.8571,6.9787,0.8421000242233276,1.5688,1.4303,8.1898,13.5421,10.1047,1.1535,2026-08-09
neo2-30,Smeargle,unlimited,Neo Discovery,30,Rare,Hironobu Yoshida,Basic,235,Pokémon,2001/06/01,"tcgplayer,cardmarket",https://prices.pokemontcg.io/tcgplayer/neo2-30,https://images.pokemontcg.io/neo2/30_hires.png,2026/08/08,2026/07/01,8.86,6.329999923706055,9.449999809265137,78.30000305175781,,,,,"{""1stEdition"": {""low"": 28.0, ""mid"": 34.99, ""high"": 258.0, ""market"": 22.87, ""directLow"": null}}",6.275,1.1535,6.5173,0.0,4.23330020904541,6.5865,5.8598,11.4197,13.992,6.8864,1.1535,2026-08-09
bwp-BW27,Litwick,holofoil,BW Black Star Promos,BW27,Promo,Atsuko Nishida,Basic,607,Pokémon,2011/03/01,"tcgplayer,cardmarket",https://prices.pokemontcg.io/tcgplayer/bwp-BW27,https://images.pokemontcg.io/bwp/BW27_hires.png,2026/08/08,2026/06/18,20.26,20.469999313354492,25.670000076293945,199.6999969482422,,,,,,17.3025,1.4419,8.9166,0.0,17.302499771118164,8.3744,5.8944,1.4995,2.4224,2.0763,1.1535,2026-08-09
sm11-32,Talonflame,normal,Unified Minds,32,Rare,SATOSHI NAKAI,Stage 2,663,Pokémon,2019/08/02,"tcgplayer,cardmarket",https://prices.pokemontcg.io/tcgplayer/sm11-32,https://images.pokemontcg.io/sm11/32_hires.png,2026/08/08,2026/03/11,0.32,0.10000000149011612,0.33000001311302185,19.979999542236328,,0.5,,,,0.2884,0.0577,0.323,0.5767,0.3806999921798706,0.2653,0.4383,0.5767,0.646,0.6921,1.1535,2026-08-09
hgss4-41,Magby,normal,HS—Triumphant,41,Uncommon,Masakazu Fukuda,Basic,240,Pokémon,2010/11/03,"tcgplayer,cardmarket",https://prices.pokemontcg.io/tcgplayer/hgss4-41,https://images.pokemontcg.io/hgss4/41_hires.png,2026/08/08,2026/03/11,0.9,0.44999998807907104,0.800000011920929,19.979999542236328,,9.16,,,,0.669,0.0461,0.5075,6.3442,0.3921999931335449,0.5652,0.7382,5.7675,4.3718,3.0452,1.1535,2026-08-09
sm4-29,Shellos,normal,Crimson Invasion,29,Common,Kouki Saitou,Basic,422,Pokémon,2017/11/03,"tcgplayer,cardmarket",https://prices.pokemontcg.io/tcgplayer/sm4-29,https://images.pokemontcg.io/sm4/29_hires.png,2026/08/08,2026/06/08,0.21,0.009999999776482582,0.20999999344348907,19.979999542236328,,0.35,,,,0.0692,0.0231,0.0577,0.346,0.023099999874830246,0.0577,0.0577,0.496,0.4153,0.2768,1.1535,2026-08-09
bw8-38,Frillish,normal,Plasma Storm,38,Common,Akira Komayama,Basic,592,Pokémon,2013/02/06,"tcgplayer,cardmarket",https://prices.pokemontcg.io/tcgplayer/bw8-38,https://images.pokemontcg.io/bw8/38_hires.png,2026/08/08,2026/03/11,0.28,0.10000000149011612,0.2800000011920929,19.979999542236328,,0.88,,,,0.1615,0.0231,0.1269,0.4845,0.08070000261068344,0.1038,0.1961,0.4845,0.7152,0.7498,1.1535,2026-08-09
sm3-35,Azumarill,normal,Burning Shadows,35,Rare,miki kudo,Stage 1,184,Pokémon,2017/08/05,"tcgplayer,cardmarket",https://prices.pokemontcg.io/tcgplayer/sm3-35,https://images.pokemontcg.io/sm3/35_hires.png,2026/08/08,2026/03/11,0.29,0.09000000357627869,0.30000001192092896,3.0,,0.51,,,,0.2307,0.0231,0.2076,0.2307,0.06920000165700912,0.2538,0.2076,0.2884,0.3114,0.323,1.1535,2026-08-09
ex12-41,Nuzleaf,normal,Legend Maker,41,Uncommon,Katsura Tabata,Stage 1,274,Pokémon,2006/02/01,"tcgplayer,cardmarket",https://prices.pokemontcg.io/tcgplayer/ex12-41,https://images.pokemontcg.io/ex12/41_hires.png,2026/08/08,2026/05/07,0.59,0.20000000298023224,0.5799999833106995,19.979999542236328,,17.99,,,,0.3114,0.0461,2.1916,10.9352,0.23070000112056732,2.0648,1.1996,3.4605,9.0088,6.5865,1.1535,2026-08-09
swsh2-32,Lampent,normal,Rebel Clash,32,Uncommon,Kyoko Umemoto,Stage 1,608,Pokémon,2020/05/01,"tcgplayer,cardmarket",https://prices.pokemontcg.io/tcgplayer/swsh2-32,https://images.pokemontcg.io/swsh2/32_hires.png,2026/08/08,2026/03/09,0.17,0.009999999776482582,0.20000000298023224,20.0,,0.31,,,,0.0577,0.0231,0.0231,0.2653,0.05770000070333481,0.0461,0.1038,0.346,0.2884,0.2999,1.1535,2026-08-09
xy2-44,Skrelp,normal,Flashfire,44,Common,5ban Graphics,Basic,690,Pokémon,2014/05/07,"tcgplayer,cardmarket",https://prices.pokemontcg.io/tcgplayer/xy2-44,https://images.pokemontcg.io/xy2/44_hires.png,2026/08/08,2026/02/26,0.24,0.029999999329447746,0.23999999463558197,19.989999771118164,,0.85,,,,0.0923,0.0231,0.1154,0.6229,0.13840000331401825,0.1269,0.1154,1.142,0.5998,0.3691,1.1535,2026-08-09
sm8-38,Moltres,normal,Lost Thunder,38,Rare,Misa Tsutsui,Basic,146,Pokémon,2018/11/02,"tcgplayer,cardmarket",https://prices.pokemontcg.io/tcgplayer/sm8-38,https://images.pokemontcg.io/sm8/38_hires.png,2026/08/08,2026/02/22,0.82,0.4000000059604645,0.8399999737739563,19.979999542236328,,1.19,,,,0.7613,0.346,0.8767,0.0,0.57669997215271,0.7728,0.8997,2.307,1.6149,1.6149,1.1535,2026-08-09
swsh1-39,Centiskorch,normal,Sword & Shield,39,Rare,Anesaki Dynamic,Stage 1,851,Pokémon,2020/02/07,"tcgplayer,cardmarket",https://prices.pokemontcg.io/tcgplayer/swsh1-39,https://images.pokemontcg.io/swsh1/39_hires.png,2026/08/08,2026/02/22,0.31,0.07999999821186066,0.30000001192092896,2.990000009536743,,0.41,,,,0.346,0.0231,0.3922,1.0266,0.40369999408721924,0.3576,0.3691,1.0381,0.9228,1.0728,1.1535,2026-08-09
gym2-41,Erika's Ivysaur,unlimited,Gym Challenge,41,Uncommon,Ken Sugimori,Stage 1,2,Pokémon,2000/10/16,"tcgplayer,cardmarket",https://prices.pokemontcg.io/tcgplayer/gym2-41,https://images.pokemontcg.io/gym2/41_hires.png,2026/08/08,2026/06/22,13.59,9.0,13.039999961853027,104.12000274658203,,,,,"{""1stEdition"": {""low"": 16.44, ""mid"": 31.2, ""high"": 270.7, ""market"": 31.03, ""directLow"": null}}",11.2236,2.8722,12.2732,0.0,10.416099548339844,13.5306,12.7462,8.0745,6.921,6.921,1.1535,2026-08-09
xyp-XY29,Charizard-EX,holofoil,XY Black Star Promos,XY29,Promo,Eske Yoshinob,Basic|EX,6,Pokémon,2013/10/12,"tcgplayer,cardmarket",https://prices.pokemontcg.io/tcgplayer/xyp-XY29,https://images.pokemontcg.io/xyp/XY29_hires.png,2026/08/08,2026/03/11,21.17,9.489999771118164,21.0,96.94999694824219,,,,,,14.4303,5.7675,13.3806,0.0,17.302499771118164,14.1534,18.6521,5.7675,10.9236,16.3912,1.1535,2026-08-09
ex5-31,Claydol,normal,Hidden Legends,31,Uncommon,Ken Sugimori,Stage 1,344,Pokémon,2004/06/01,"tcgplayer,cardmarket",https://prices.pokemontcg.io/tcgplayer/ex5-31,https://images.pokemontcg.io/ex5/31_hires.png,2026/08/08,2026/07/01,0.7,0.4300000071525574,0.6899999976158142,19.979999542236328,,5.71,,,,1.1074,0.0231,0.8421,3.3567,0.23070000112056732,1.0843,0.669,9.2395,10.6237,5.6637,1.1535,2026-08-09
sm1-37,Wingull,normal,Sun & Moon,37,Common,Aya Kusube,Basic,278,Pokémon,2017/02/03,"tcgplayer,cardmarket",https://prices.pokemontcg.io/tcgplayer/sm1-37,https://images.pokemontcg.io/sm1/37_hires.png,2026/08/08,2026/03/11,0.07,0.009999999776482582,0.17000000178813934,19.979999542236328,,0.32,,,,0.0923,0.0231,0.1038,0.323,0.3345000147819519,0.15,0.0807,0.2192,0.3114,0.2884,1.1535,2026-08-09
xy1-38,Simipour,normal,XY,38,Rare,Kouki Saitou,Stage 1,516,Pokémon,2014/02/05,"tcgplayer,cardmarket",https://prices.pokemontcg.io/tcgplayer/xy1-38,https://images.pokemontcg.io/xy1/38_hires.png,2026/08/08,2026/03/11,0.39,0.1899999976158142,0.41999998688697815,19.989999771118164,,0.79,,,,0.4614,0.0577,0.6344,0.669,0.4383000135421753,0.4729,0.5191,0.8651,1.142,0.8536,1.1535,2026-08-09
ex9-40,Swalot,normal,Emerald,40,Uncommon,Atsuko Nishida,Stage 1,317,Pokémon,2005/05/01,"tcgplayer,cardmarket",https://prices.pokemontcg.io/tcgplayer/ex9-40,https://images.pokemontcg.io/ex9/40_hires.png,2026/08/08,2026/06/21,1.5,1.0,1.5399999618530273,19.520000457763672,,25.0,,,,0.5191,0.0346,0.7613,9.0204,2.249300003051758,0.9113,0.8997,11.535,9.5625,6.9902,1.1535,2026-08-09
dp5-33,Unown [P],normal,Majestic Dawn,33,Rare,Kent Kanetsuna,Basic,201,Pokémon,2008/05/01,"tcgplayer,cardmarket",https://prices.pokemontcg.io/tcgplayer/dp5-33,https://images.pokemontcg.io/dp5/33_hires.png,2026/08/08,2026/06/11,7.27,5.989999771118164,8.229999542236328,83.72000122070312,,8.0,,,,2.0071,0.3345,2.0302,4.118,1.6380000114440918,2.2724,1.9956,1.3842,3.8065,4.118,1.1535,2026-08-09
sm6-34,Magnemite,normal,Forbidden Light,34,Common,MAHOU,Basic,81,Pokémon,2018/05/04,"tcgplayer,cardmarket",https://prices.pokemontcg.io/tcgplayer/sm6-34,https://images.pokemontcg.io/sm6/34_hires.png,2026/08/08,2026/03/11,0.23,0.03999999910593033,0.25,1.4900000095367432,,0.38,,,,0.0807,0.0231,0.0692,0.2884,0.20759999752044678,0.0923,0.0923,0.0231,0.2884,0.3807,1.1535,2026-08-09
hgss4-42,Magmar,normal,HS—Triumphant,42,Uncommon,Masakazu Fukuda,Basic,126,Pokémon,2010/11/03,"tcgplayer,cardmarket",https://prices.pokemontcg.io/tcgplayer/hgss4-42,https://images.pokemontcg.io/hgss4/42_hires.png,2026/08/08,2026/03/11,0.48,0.20000000298023224,0.4699999988079071,19.979999542236328,,11.18,,,,0.4268,0.0231,0.2422,1.142,0.47290000319480896,0.4383,0.6806,1.142,4.1411,2.6646,1.1535,2026-08-09
bw8-39,Jellicent,normal,Plasma Storm,39,Rare,5ban Graphics,Stage 1|Team Plasma,593,Pokémon,2013/02/06,"tcgplayer,cardmarket",https://prices.pokemontcg.io/tcgplayer/bw8-39,https://images.pokemontcg.io/bw8/39_hires.png,2026/08/08,2026/03/11,1.05,0.3499999940395355,1.0499999523162842,19.979999542236328,,4.29,,,,0.6921,0.0577,0.7498,3.3451,1.8802000284194946,0.9113,0.7382,3.3451,3.8296,2.6184,1.1535,2026-08-09
bw7-41,Samurott,holofoil,Boundaries Crossed,41,Rare Holo,match,Stage 2,503,Pokémon,2012/11/07,"tcgplayer,cardmarket",https://prices.pokemontcg.io/tcgplayer/bw7-41,https://images.pokemontcg.io/bw7/41_hires.png,2026/08/08,2026/02/24,1.75,1.2999999523162842,1.9900000095367432,30.0,,11.0,,,,1.3035,0.1154,1.6956,4.9024,0.7035999894142151,2.0071,1.7533,2.307,3.2875,2.4685,1.1535,2026-08-09
xy11-41,Joltik,normal,Steam Siege,41,Common,Ayaka Yoshida,Basic,595,Pokémon,2016/08/03,"tcgplayer,cardmarket",https://prices.pokemontcg.io/tcgplayer/xy11-41,https://images.pokemontcg.io/xy11/41_hires.png,2026/08/08,2026/02/22,0.2,0.009999999776482582,0.23999999463558197,18.420000076293945,,0.43,,,,0.1154,0.0231,0.0577,0.323,0.05770000070333481,0.1038,0.0923,0.173,0.2192,0.3691,1.1535,2026-08-09
sm4-30,Pikachu,normal,Crimson Invasion,30,Common,Shibuzoh.,Basic,25,Pokémon,2017/11/03,"tcgplayer,cardmarket",https://prices.pokemontcg.io/tcgplayer/sm4-30,https://images.pokemontcg.io/sm4/30_hires.png,2026/08/08,2026/03/11,2.7,1.0,2.990000009536743,96.94999694824219,,14.56,,,,1.2804,0.0231,1.1996,7.5324,2.0762999057769775,1.2227,1.2689,5.5253,6.748,7.2901,1.1535,2026-08-09
hgss2-38,Pupitar,normal,HS—Unleashed,38,Uncommon,Sumiyoshi Kizuki,Stage 1,247,Pokémon,2010/05/12,"tcgplayer,cardmarket",https://prices.pokemontcg.io/tcgplayer/hgss2-38,https://images.pokemontcg.io/hgss2/38_hires.png,2026/08/08,2026/03/11,0.47,0.30000001192092896,0.4099999964237213,19.979999542236328,,3.23,,,,0.2653,0.0231,0.2653,1.0612,0.23070000112056732,0.1615,0.2192,1.1535,0.8536,0.8997,1.1535,2026-08-09
pl2-35,Vespiquen E4,normal,Rising Rivals,35,Rare,Kouki Saitou,Basic|SP,416,Pokémon,2009/05/16,"tcgplayer,cardmarket",https://prices.pokemontcg.io/tcgplayer/pl2-35,https://images.pokemontcg.io/pl2/35_hires.png,2026/08/08,2026/06/08,1.12,0.6000000238418579,1.149999976158142,19.979999542236328,,6.78,,,,1.142,0.2307,1.142,2.0648,2.2955000400543213,1.3035,1.2919,2.2955,2.0648,2.2263,1.1535,2026-08-09
ex10-37,Corsola,normal,Unseen Forces,37,Uncommon,Kagemaru Himeno,Basic,222,Pokémon,2005/08/01,"tcgplayer,cardmarket",https://prices.pokemontcg.io/tcgplayer/ex10-37,https://images.pokemontcg.io/ex10/37_hires.png,2026/08/08,2026/06/21,2.57,7.0,9.489999771118164,133.1999969482422,,24.99,,,,1.3611,0.173,1.2458,9.9432,1.153499960899353,1.4303,1.2919,8.0168,8.5705,6.4596,1.1535,2026-08-09
sm7-38,Ludicolo,holofoil,Celestial Storm,38,Rare Holo,Atsuko Nishida,Stage 2,272,Pokémon,2018/08/03,"tcgplayer,cardmarket",https://prices.pokemontcg.io/tcgplayer/sm7-38,https://images.pokemontcg.io/sm7/38_hires.png,2026/08/08,2026/02/19,1.42,0.5,1.2000000476837158,19.979999542236328,,1.39,,,,2.0186,0.2307,1.7533,0.0,2.0762999057769775,1.9033,1.5803,1.9609,2.1455,1.7418,1.1535,2026-08-09
bw5-32,Palpitoad,normal,Dark Explorers,32,Uncommon,Kouki Saitou,Stage 1,536,Pokémon,2012/05/09,"tcgplayer,cardmarket",https://prices.pokemontcg.io/tcgplayer/bw5-32,https://images.pokemontcg.io/bw5/32_hires.png,2026/08/08,2026/05/01,0.32,0.20000000298023224,0.3199999928474426,19.979999542236328,,1.81,,,,0.2538,0.0231,0.2076,0.0,0.13840000331401825,0.2307,0.2884,0.7959,0.6806,1.0381,1.1535,2026-08-09
mcd11-1,Snivy,holofoil,McDonald's Collection 2011,1,,Ken Sugimori,Basic,495,Pokémon,2011/06/17,"tcgplayer,cardmarket",https://prices.pokemontcg.io/tcgplayer/mcd11-1,https://images.pokemontcg.io/mcd11/1_hires.png,2026/08/08,2026/07/01,5.62,3.0899999141693115,5.019999980926514,40.400001525878906,,,,,,2.157,0.0346,1.5111,0.0,0.17299999296665192,1.142,2.7684,0.5767,0.9689,1.0151,1.1535,2026-08-09
neo2-31,Tyranitar,unlimited,Neo Discovery,31,Rare,Hironobu Yoshida,Stage 2,248,Pokémon,2001/06/01,"tcgplayer,cardmarket",https://prices.pokemontcg.io/tcgplayer/neo2-31,https://images.pokemontcg.io/neo2/31_hires.png,2026/08/08,2026/07/01,21.25,14.899999618530273,17.0,189.60000610351562,,,,,"{""1stEdition"": {""low"": 47.5, ""mid"": 212.5, ""high"": 1509.9, ""market"": 85.64, ""directLow"": null}}",15.4915,0.8074,17.0949,0.0,28.837499618530273,15.1339,15.0878,3.4605,13.6344,20.2093,1.1535,2026-08-09
swsh35-41,Scraggy,normal,Champion's Path,41,Common,miki kudo,Basic,559,Pokémon,2020/09/25,"tcgplayer,cardmarket",https://prices.pokemontcg.io/tcgplayer/swsh35-41,https://images.pokemontcg.io/swsh35/41_hires.png,2026/08/08,2026/03/11,0.15,0.009999999776482582,0.1899999976158142,2.990000009536743,,0.23,,,,0.0692,0.0231,0.0577,0.3807,0.05770000070333481,0.0461,0.0577,0.3345,0.2999,0.3345,1.1535,2026-08-09
sm115-40,Clefable,normal,Hidden Fates,40,Rare,sui,Stage 1,36,Pokémon,2019/08/23,"tcgplayer,cardmarket",https://prices.pokemontcg.io/tcgplayer/sm115-40,https://images.pokemontcg.io/sm115/40_hires.png,2026/08/08,2026/03/11,0.42,0.12999999523162842,0.4300000071525574,2.5399999618530273,,1.37,,,,0.173,0.0577,0.2192,0.5075,0.12690000236034393,0.2422,0.1961,0.8882,0.6921,0.5652,1.1535,2026-08-09
sm2-38,Wishiwashi-GX,holofoil,Guardians Rising,38,Rare Holo GX,5ban Graphics,Basic|GX,746,Pokémon,2017/05/05,"tcgplayer,cardmarket",https://prices.pokemontcg.io/tcgplayer/sm2-38,https://images.pokemontcg.io/sm2/38_hires.png,2026/08/08,2026/03/07,2.41,1.75,2.5,5.820000171661377,,,,,,2.0186,0.346,2.2493,0.0,1.7878999710083008,2.1224,1.984,1.0958,1.6726,2.0532,1.1535,2026-08-09
ecard2-12,Exeggutor,normal,Aquapolis,12,Rare,Yukiko Baba,Stage 1,103,Pokémon,2003/01/15,"tcgplayer,cardmarket",https://prices.pokemontcg.io/tcgplayer/ecard2-12,https://images.pokemontcg.io/ecard2/12_hires.png,2026/08/08,2026/06/21,8.85,9.029999732971191,11.800000190734863,69.80000305175781,,39.12,,,,5.1907,0.8074,4.1872,13.7036,1.5571999549865723,3.7373,4.3256,34.605,12.7231,8.1322,1.1535,2026-08-09
sm5-38,Abomasnow,normal,Ultra Prism,38,Rare,Masakazu Fukuda,Stage 1,460,Pokémon,2018/02/02,"tcgplayer,cardmarket",https://prices.pokemontcg.io/tcgplayer/sm5-38,https://images.pokemontcg.io/sm5/38_hires.png,2026/08/08,2026/02/22,0.28,0.10000000149011612,0.2800000011920929,19.979999542236328,,0.26,,,,0.173,0.0231,0.1846,0.5306,0.20759999752044678,0.1846,0.15,1.1535,0.6229,0.5191,1.1535,2026-08-09
pl1-39,Torterra,normal,Platinum,39,Rare,Kagemaru Himeno,Stage 2,389,Pokémon,2009/02/11,"tcgplayer,cardmarket",https://prices.pokemontcg.io/tcgplayer/pl1-39,https://images.pokemontcg.io/pl1/39_hires.png,2026/08/08,2026/03/11,2.67,2.0,2.880000114440918,35.79999923706055,,10.68,,,,1.6264,0.2884,2.457,4.614,1.1419999599456787,2.9068,1.811,7.4977,3.5874,3.1837,1.1535,2026-08-09
dp1-40,Weavile,normal,Diamond & Pearl,40,Rare,Naoyo Kimura,Stage 1,461,Pokémon,2007/05/01,"tcgplayer,cardmarket",https://prices.pokemontcg.io/tcgplayer/dp1-40,https://images.pokemontcg.io/dp1/40_hires.png,2026/08/08,2026/03/11,2.74,1.100000023841858,2.5,34.900001525878906,,2.18,,,,0.9113,0.0923,2.0763,1.8917,0.8073999881744385,2.5031,1.3035,0.2307,1.5572,1.3611,1.1535,2026-08-09
bw2-32,Emolga,normal,Emerging Powers,32,Common,Kouki Saitou,Basic,587,Pokémon,2011/08/31,"tcgplayer,cardmarket",https://prices.pokemontcg.io/tcgplayer/bw2-32,https://images.pokemontcg.io/bw2/32_hires.png,2026/08/08,2026/03/11,0.61,0.10999999940395355,0.46000000834465027,29.459999084472656,,3.61,,,,0.2538,0.0231,0.2768,2.1916,0.20759999752044678,0.2192,0.2307,2.1916,1.1881,0.9459,1.1535,2026-08-09
bw1-36,Ducklett,normal,Black & White,36,Common,Kagemaru Himeno,Basic,580,Pokémon,2011/04/25,"tcgplayer,cardmarket",https://prices.pokemontcg.io/tcgplayer/bw1-36,https://images.pokemontcg.io/bw1/36_hires.png,2026/08/08,2026/03/11,0.33,0.05000000074505806,0.30000001192092896,5.0,,6.46,,,,0.0692,0.0231,0.1154,0.2307,0.04610000178217888,0.2076,0.1384,0.2307,0.7382,1.0612,1.1535,2026-08-09
hgss1-44,Igglybuff,normal,HeartGold & SoulSilver,44,Uncommon,Atsuko Nishida,Basic,174,Pokémon,2010/02/10,"tcgplayer,cardmarket",https://prices.pokemontcg.io/tcgplayer/hgss1-44,https://images.pokemontcg.io/hgss1/44_hires.png,2026/08/08,2026/03/07,7.37,4.989999771118164,8.4399995803833,81.9000015258789,,19.43,,,,1.1304,0.1038,1.1881,2.4454,3.4605000019073486,1.2458,1.2227,5.756,4.118,3.126,1.1535,2026-08-09
pl4-41,Haunter,normal,Arceus,41,Uncommon,Tomokazu Komiya,Stage 1,93,Pokémon,2009/11/04,"tcgplayer,cardmarket",https://prices.pokemontcg.io/tcgplayer/pl4-41,https://images.pokemontcg.io/pl4/41_hires.png,2026/08/08,2026/03/07,9.34,5.0,8.0600004196167,82.87999725341797,,17.37,,,,1.4188,0.173,1.488,4.6947,1.0843000411987305,1.1766,1.3727,10.9582,3.5643,4.6717,1.1535,2026-08-09
base1-40,Raticate,normal,Base,40,Uncommon,Ken Sugimori,Stage 1,20,Pokémon,1999/01/09,"tcgplayer,cardmarket",https://prices.pokemontcg.io/tcgplayer/base1-40,https://images.pokemontcg.io/base1/40_hires.png,2026/08/08,2026/07/01,2.96,0.6000000238418579,1.5199999809265137,44.790000915527344,,,,,,13.9804,4.614,24.5926,0.0,34.60499954223633,13.023,21.0052,0.0,0.0,0.0,1.1535,2026-08-09
xy2-45,Geodude,normal,Flashfire,45,Common,MAHOU,Basic,74,Pokémon,2014/05/07,"tcgplayer,cardmarket",https://prices.pokemontcg.io/tcgplayer/xy2-45,https://images.pokemontcg.io/xy2/45_hires.png,2026/08/08,2026/02/22,0.23,0.07000000029802322,0.25,19.989999771118164,,0.58,,,,0.3114,0.0231,0.1154,0.5652,0.05770000070333481,0.0807,0.2307,0.8651,0.6575,0.4614,1.1535,2026-08-09
ex5-32,Corsola,normal,Hidden Legends,32,Uncommon,Naoyo Kimura,Basic,222,Pokémon,2004/06/01,"tcgplayer,cardmarket",https://prices.pokemontcg.io/tcgplayer/ex5-32,https://images.pokemontcg.io/ex5/32_hires.png,2026/08/08,2026/07/01,2.81,1.649999976158142,2.7699999809265137,9666.2998046875,,22.49,,,,1.2919,0.0577,1.165,10.2661,0.12690000236034393,0.9459,0.8421,5.1907,9.3664,7.2209,1.1535,2026-08-09
basep-36,Igglybuff,normal,Wizards Black Star Promos,36,Promo,Kagemaru Himeno,Baby,174,Pokémon,1999/07/01,"tcgplayer,cardmarket",https://prices.pokemontcg.io/tcgplayer/basep-36,https://images.pokemontcg.io/basep/36_hires.png,2026/08/08,2026/07/01,13.47,10.420000076293945,13.470000267028809,199.99000549316406,,,,,,11.2005,4.6025,11.5811,0.0,11.800299644470215,11.2697,10.5545,1.0151,1.0151,1.0151,1.1535,2026-08-09
base4-38,Dratini,normal,Base Set 2,38,Uncommon,Ken Sugimori,Basic,147,Pokémon,2000/02/24,"tcgplayer,cardmarket",https://prices.pokemontcg.io/tcgplayer/base4-38,https://images.pokemontcg.io/base4/38_hires.png,2026/08/08,2026/06/25,1.21,0.3400000035762787,1.0,19.979999542236328,,,,,,1.3265,0.2076,1.0266,0.0,1.153499960899353,1.3265,1.4303,0.3345,0.3345,0.3345,1.1535,2026-08-09
bw9-38,Thundurus-EX,holofoil,Plasma Freeze,38,Rare Holo EX,Eske Yoshinob,Basic|EX|Team Plasma,642,Pokémon,2013/05/08,"tcgplayer,cardmarket",https://prices.pokemontcg.io/tcgplayer/bw9-38,https://images.pokemontcg.io/bw9/38_hires.png,2026/08/08,2026/02/24,13.93,9.0,11.5,96.80000305175781,,,,,,12.6885,1.4995,11.212,0.0,14.995499610900879,11.2928,8.7205,11.535,5.0408,3.7719,1.1535,2026-08-09
gym2-42,Giovanni's Machoke,unlimited,Gym Challenge,42,Uncommon,Ken Sugimori,Stage 1,67,Pokémon,2000/10/16,"tcgplayer,cardmarket",https://prices.pokemontcg.io/tcgplayer/gym2-42,https://images.pokemontcg.io/gym2/42_hires.png,2026/08/08,2026/06/22,2.94,0.9900000095367432,2.690000057220459,51.650001525878906,,,,,"{""1stEdition"": {""low"": 4.82, ""mid"": 6.37, ""high"": 72.52, ""market"": 6.23, ""directLow"": 9.98}}",4.9831,0.4614,4.9831,0.0,2.306999921798706,3.8296,4.937,0.0,0.0,0.0,1.1535,2026-08-09
xy8-33,Octillery,holofoil,BREAKthrough,33,Rare Holo,Kyoko Umemoto,Stage 1,224,Pokémon,2015/11/04,"tcgplayer,cardmarket",https://prices.pokemontcg.io/tcgplayer/xy8-33,https://images.pokemontcg.io/xy8/33_hires.png,2026/08/08,2026/03/11,5.43,3.0,4.989999771118164,49.4900016784668,,5.79,,,,3.6566,0.5767,3.9796,0.0,2.849100112915039,3.5758,3.6451,11.5235,5.7444,4.3256,1.1535,2026-08-09
swsh3-35,Galarian Mr. Mime,normal,Darkness Ablaze,35,Common,Misa Tsutsui,Basic,122,Pokémon,2020/08/14,"tcgplayer,cardmarket",https://prices.pokemontcg.io/tcgplayer/swsh3-35,https://images.pokemontcg.io/swsh3/35_hires.png,2026/08/08,2026/02/24,0.1,0.009999999776482582,0.15000000596046448,25.100000381469727,,0.29,,,,0.0346,0.0231,0.0231,0.2076,0.023099999874830246,0.0346,0.0461,0.1961,0.2076,0.1615,1.1535,2026-08-09
sm11-33,Salandit,normal,Unified Minds,33,Common,Kyoko Umemoto,Basic,757,Pokémon,2019/08/02,"tcgplayer,cardmarket",https://prices.pokemontcg.io/tcgplayer/sm11-33,https://images.pokemontcg.io/sm11/33_hires.png,2026/08/08,2026/03/11,0.14,0.019999999552965164,0.20000000298023224,19.979999542236328,,0.42,,,,0.0923,0.0231,0.0807,0.5191,0.05770000070333481,0.0692,0.0923,0.5767,0.5075,0.4383,1.1535,2026-08-09
xy7-39,Quagsire,normal,Ancient Origins,39,Common,Naoyo Kimura,Stage 1,195,Pokémon,2015/08/12,"tcgplayer,cardmarket",https://prices.pokemontcg.io/tcgplayer/xy7-39,https://images.pokemontcg.io/xy7/39_hires.png,2026/08/08,2026/03/07,0.32,0.05000000074505806,0.3199999928474426,1000.0,,0.97,,,,0.173,0.0231,0.2307,1.1189,0.23070000112056732,0.2076,0.1961,0.5767,0.8767,0.7728,1.1535,2026-08-09
col1-39,Zangoose,normal,Call of Legends,39,Rare,Wataru Kawahara,Basic,335,Pokémon,2011/02/09,"tcgplayer,cardmarket",https://prices.pokemontcg.io/tcgplayer/col1-39,https://images.pokemontcg.io/col1/39_hires.png,2026/08/08,2026/05/14,1.71,0.9599999785423279,1.7999999523162842,27.700000762939453,,9.06,,,,1.9494,0.2307,2.3993,13.842,2.4800000190734863,2.3993,2.0994,13.842,7.4516,6.8864,1.1535,2026-08-09
np-31,Moltres ex,holofoil,Nintendo Black Star Promos,31,Promo,Ken Ikuji,Basic|EX,146,Pokémon,2003/10/01,"tcgplayer,cardmarket",https://prices.pokemontcg.io/tcgplayer/np-31,https://images.pokemontcg.io/np/31_hires.png,2026/08/08,2026/07/01,116.0,146.99000549316406,850.0,9999.0,,,,,,45.6555,8.6512,69.2907,0.0,17.302499771118164,78.7494,47.5127,4.2679,7.3593,9.8624,1.1535,2026-08-09
bw10-43,Duosion,normal,Plasma Blast,43,Uncommon,match,Stage 1,578,Pokémon,2013/08/14,"tcgplayer,cardmarket",https://prices.pokemontcg.io/tcgplayer/bw10-43,https://images.pokemontcg.io/bw10/43_hires.png,2026/08/08,2026/03/11,0.33,0.12999999523162842,0.33000001311302185,23.489999771118164,,0.57,,,,1.5342,0.0231,0.5998,0.7844,0.5651999711990356,0.6806,0.4268,0.5191,1.3957,0.9574,1.1535,2026-08-09
ex14-37,Lombre,normal,Crystal Guardians,37,Uncommon,Kagemaru Himeno,Stage 1,271,Pokémon,2006/08/01,"tcgplayer,cardmarket",https://prices.pokemontcg.io/tcgplayer/ex14-37,https://images.pokemontcg.io/ex14/37_hires.png,2026/08/08,2026/06/11,0.94,0.15000000596046448,0.7200000286102295,19.979999542236328,,13.12,,,,0.5767,0.0231,1.1766,2.9068,0.7728000283241272,1.2689,0.7613,4.3256,4.2564,8.2706,1.1535,2026-08-09
swsh1-40,Shellder,normal,Sword & Shield,40,Common,Sekio,Basic,90,Pokémon,2020/02/07,"tcgplayer,cardmarket",https://prices.pokemontcg.io/tcgplayer/swsh1-40,https://images.pokemontcg.io/swsh1/40_hires.png,2026/08/08,2026/02/22,0.1,0.009999999776482582,0.18000000715255737,19.280000686645508,,0.29,,,,0.1846,0.0231,0.2076,0.323,0.11540000140666962,0.323,0.15,0.1154,0.4153,0.2422,1.1535,2026-08-09
ex13-38,Claydol,normal,Holon Phantoms,38,Uncommon,Kagemaru Himeno,Stage 1,344,Pokémon,2006/05/01,"tcgplayer,cardmarket",https://prices.pokemontcg.io/tcgplayer/ex13-38,https://images.pokemontcg.io/ex13/38_hires.png,2026/08/08,2026/06/07,0.56,0.07000000029802322,0.5,19.979999542236328,,16.2,,,,0.3691,0.0346,0.3807,14.4187,0.11540000140666962,0.2768,0.4383,4.614,8.1437,5.4561,1.1535,2026-08-09
dp7-31,Vespiquen,normal,Stormfront,31,Rare,Kent Kanetsuna,Stage 1,416,Pokémon,2008/11/01,"tcgplayer,cardmarket",https://prices.pokemontcg.io/tcgplayer/dp7-31,https://images.pokemontcg.io/dp7/31_hires.png,2026/08/08,2026/06/07,0.73,0.5600000023841858,0.7099999785423279,19.979999542236328,,2.99,,,,1.0612,0.0807,1.3611,2.5492,1.61489999294281,1.0958,0.8651,2.307,2.457,2.2032,1.1535,2026-08-09
neo1-34,Flaaffy,unlimited,Neo Genesis,34,Uncommon,Ken Sugimori,Stage 1,180,Pokémon,2000/12/16,"tcgplayer,cardmarket",https://prices.pokemontcg.io/tcgplayer/neo1-34,https://images.pokemontcg.io/neo1/34_hires.png,2026/08/08,2026/07/01,5.1,1.25,2.5399999618530273,35.130001068115234,,,,,"{""1stEdition"": {""low"": 3.0, ""mid"": 6.25, ""high"": 59.9, ""market"": 6.29, ""directLow"": null}}",2.2032,0.0231,1.6726,0.0,4.59089994430542,2.157,2.0763,0.15,0.15,0.15,1.1535,2026-08-09
sm75-38,Vibrava,normal,Dragon Majesty,38,Common,Ken Sugimori,Stage 1,329,Pokémon,2018/09/07,"tcgplayer,cardmarket",https://prices.pokemontcg.io/tcgplayer/sm75-38,https://images.pokemontcg.io/sm75/38_hires.png,2026/08/08,2026/03/11,0.21,0.009999999776482582,0.25,19.979999542236328,,0.78,,,,0.2192,0.0231,0.2307,0.9343,0.1615000069141388,0.2192,0.2076,1.142,0.8997,0.8767,1.1535,2026-08-09
base5-36,Dark Gloom,unlimited,Team Rocket,36,Uncommon,Kagemaru Himeno,Stage 1,44,Pokémon,2000/04/24,"tcgplayer,cardmarket",https://prices.pokemontcg.io/tcgplayer/base5-36,https://images.pokemontcg.io/base5/36_hires.png,2026/08/08,2026/06/26,2.08,0.38999998569488525,1.5,29.959999084472656,,,,,"{""1stEdition"": {""low"": 2.01, ""mid"": 5.68, ""high"": 29.99, ""market"": 6.36, ""directLow"": 8.24}}",2.1916,0.0577,2.3877,0.0,1.1995999813079834,1.8225,2.2378,2.0186,2.0186,2.0186,1.1535,2026-08-09
bw3-35,Blitzle,normal,Noble Victories,35,Common,Shin Nagasawa,Basic,522,Pokémon,2011/11/16,"tcgplayer,cardmarket",https://prices.pokemontcg.io/tcgplayer/bw3-35,https://images.pokemontcg.io/bw3/35_hires.png,2026/08/08,2026/03/11,1.27,0.2199999988079071,1.25,19.979999542236328,,6.18,,,,0.323,0.0231,0.2999,0.5191,0.11540000140666962,0.2884,0.2076,1.0151,1.2458,0.7959,1.1535,2026-08-09
swsh4-36,Galarian Darmanitan V,holofoil,Vivid Voltage,36,Rare Holo V,5ban Graphics,Basic|V,555,Pokémon,2020/11/13,"tcgplayer,cardmarket",https://prices.pokemontcg.io/tcgplayer/swsh4-36,https://images.pokemontcg.io/swsh4/36_hires.png,2026/08/08,2026/03/11,0.66,0.25,0.9900000095367432,25.68000030517578,,,,,,0.669,0.0577,0.7613,0.0,1.2919000387191772,0.8997,0.6921,1.1189,1.4303,1.7533,1.1535,2026-08-09
xy3-29,Electabuzz,normal,Furious Fists,29,Common,Naoki Saito,Basic,125,Pokémon,2014/08/13,"tcgplayer,cardmarket",https://prices.pokemontcg.io/tcgplayer/xy3-29,https://images.pokemontcg.io/xy3/29_hires.png,2026/08/08,2026/03/11,0.19,0.05000000074505806,0.2199999988079071,19.979999542236328,,0.57,,,,0.1038,0.0231,0.1154,0.7498,0.10379999876022339,0.1038,0.15,0.7498,0.8767,0.6114,1.1535,2026-08-09
sma-SV32,Celesteela,holofoil,Hidden Fates Shiny Vault,SV32,Rare Shiny,Kouki Saitou,Basic|Ultra Beast,797,Pokémon,2019/08/23,"tcgplayer,cardmarket",https://prices.pokemontcg.io/tcgplayer/sma-SV32,https://images.pokemontcg.io/sma/SV32_hires.png,2026/08/08,2026/03/11,5.45,1.8899999856948853,5.539999961853027,88.87999725341797,,,,,,3.3913,1.7302,4.5909,4.0373,2.8606998920440674,4.6947,3.5528,4.0373,2.48,2.9645,1.1535,2026-08-09
ex12-42,Roselia,normal,Legend Maker,42,Uncommon,Kagemaru Himeno,Basic,315,Pokémon,2006/02/01,"tcgplayer,cardmarket",https://prices.pokemontcg.io/tcgplayer/ex12-42,https://images.pokemontcg.io/ex12/42_hires.png,2026/08/08,2026/05/07,1.18,0.44999998807907104,1.1299999952316284,19.979999542236328,,40.47,,,,0.7036,0.0577,0.0346,8.0745,0.40369999408721924,0.4268,1.1881,5.756,11.9733,13.1384,1.1535,2026-08-09
dpp-DP38,Giratina LV.X,holofoil,DP Black Star Promos,DP38,Promo,Shizurow,Level-Up,487,Pokémon,2007/05/01,tcgplayer,https://prices.pokemontcg.io/tcgplayer/dpp-DP38,https://images.pokemontcg.io/dpp/DP38_hires.png,2026/08/08,,121.13,79.98999786376953,130.49000549316406,1808.9000244140625,,,,,,,,,,,,,,,,,2026-08-09
ex4-40,Cubone,normal,Team Magma vs Team Aqua,40,Common,Ken Sugimori,Basic,104,Pokémon,2004/03/01,"tcgplayer,cardmarket",https://prices.pokemontcg.io/tcgplayer/ex4-40,https://images.pokemontcg.io/ex4/40_hires.png,2026/08/08,2026/06/22,22.21,19.8700008392334,22.75,449.79998779296875,,72.0,,,,4.2564,0.0577,4.4871,34.5589,1.1765999794006348,2.8491,2.8376,57.6635,38.5615,18.306,1.1535,2026-08-09
xy0-31,Fletchling,normal,Kalos Starter Set,31,,5ban Graphics,Basic,661,Pokémon,2013/11/08,"tcgplayer,cardmarket",https://prices.pokemontcg.io/tcgplayer/xy0-31,https://images.pokemontcg.io/xy0/31_hires.png,2026/08/08,2026/06/21,0.66,0.2800000011920929,0.5,19.979999542236328,,,,,,0.8074,0.0461,0.9113,0.0,1.6956000328063965,1.0266,0.7036,3.449,3.449,3.449,1.1535,2026-08-09
neo4-38,Dark Pupitar,unlimited,Neo Destiny,38,Uncommon,Mitsuhiro Arita,Stage 1,247,Pokémon,2002/02/28,"tcgplayer,cardmarket",https://prices.pokemontcg.io/tcgplayer/neo4-38,https://images.pokemontcg.io/neo4/38_hires.png,2026/08/08,2026/06/27,3.63,2.140000104904175,3.490000009536743,96.94999694824219,,,,,"{""1stEdition"": {""low"": 9.99, ""mid"": 63.95, ""high"": 101.05, ""market"": 14.92, ""directLow"": 29.99}}",3.945,0.1038,4.5679,0.0,2.8838000297546387,5.4676,3.7719,0.0,0.0,0.0,1.1535,2026-08-09
swshp-SWSH031,Morpeko,holofoil,SWSH Black Star Promos,SWSH031,Promo,Hitoshi Ariga,Basic,877,Pokémon,2019/11/15,"tcgplayer,cardmarket",https://prices.pokemontcg.io/tcgplayer/swshp-SWSH031,https://images.pokemontcg.io/swshp/SWSH031_hires.png,2026/08/08,2026/03/11,0.73,0.10000000149011612,0.6499999761581421,40.0,,,,,,1.7533,0.6344,1.3496,0.0,0.10379999876022339,1.488,1.8917,1.142,2.2263,2.976,1.1535,2026-08-09
xy12-32,Starmie BREAK,holofoil,Evolutions,32,Rare BREAK,5ban Graphics,BREAK,121,Pokémon,2016/11/02,"tcgplayer,cardmarket",https://prices.pokemontcg.io/tcgplayer/xy12-32,https://images.pokemontcg.io/xy12/32_hires.png,2026/08/08,2026/06/08,2.52,1.0,2.7300000190734863,15.0,,,,,,2.6415,0.4614,2.6877,0.0,2.306999921798706,2.6992,2.6877,1.1535,3.2067,4.1065,1.1535,2026-08-09
neo3-34,Octillery,unlimited,Neo Revelation,34,Uncommon,Tomokazu Komiya,Stage 1,224,Pokémon,2001/09/21,"tcgplayer,cardmarket",https://prices.pokemontcg.io/tcgplayer/neo3-34,https://images.pokemontcg.io/neo3/34_hires.png,2026/08/08,2026/07/01,3.06,1.2999999523162842,1.9900000095367432,47.689998626708984,,,,,"{""1stEdition"": {""low"": 3.36, ""mid"": 10.0, ""high"": 59.9, ""market"": 8.03, ""directLow"": null}}",3.0798,0.1038,2.6646,0.0,2.837599992752075,2.8953,2.9184,0.0,0.0,0.0,1.1535,2026-08-09
ex3-39,Seadra,normal,Dragon,39,Uncommon,Hajime Kusajima,Stage 1,117,Pokémon,2003/11/24,"tcgplayer,cardmarket",https://prices.pokemontcg.io/tcgplayer/ex3-39,https://images.pokemontcg.io/ex3/39_hires.png,2026/08/08,2026/06/21,2.05,1.190000057220459,2.0299999713897705,27.600000381469727,,17.55,,,,1.5918,0.1154,1.4534,4.3141,2.2955000400543213,1.8456,1.9609,1.6726,4.0257,4.1526,1.1535,2026-08-09
ex7-37,Dark Houndoom,normal,Team Rocket Returns,37,Uncommon,Nakaoka,Stage 1,229,Pokémon,2004/11/01,"tcgplayer,cardmarket",https://prices.pokemontcg.io/tcgplayer/ex7-37,https://images.pokemontcg.io/ex7/37_hires.png,2026/08/08,2026/06/21,20.77,17.139999389648438,18.68000030517578,547.2000122070312,,111.31,,,,25.8845,3.2298,18.7444,10.3238,4.556300163269043,10.0239,17.8331,98.0475,78.8763,64.7113,1.1535,2026-08-09
sm9-40,Zapdos,holofoil,Team Up,40,Rare Holo,kawayoo,Basic,145,Pokémon,2019/02/01,"tcgplayer,cardmarket",https://prices.pokemontcg.io/tcgplayer/sm9-40,https://images.pokemontcg.io/sm9/40_hires.png,2026/08/08,2026/02/19,5.01,3.0,4.869999885559082,1020.4099731445312,,4.95,,,,2.5377,0.5767,3.0106,6.3558,3.22979998588562,2.5838,2.2147,5.756,5.7098,4.4064,1.1535,2026-08-09
dc1-30,Team Magma Grunt,normal,Double Crisis,30,Uncommon,GAME FREAK inc.,Supporter,,Trainer,2015/03/25,"tcgplayer,cardmarket",https://prices.pokemontcg.io/tcgplayer/dc1-30,https://images.pokemontcg.io/dc1/30_hires.png,2026/08/08,2026/06/21,1.73,0.44999998807907104,1.2799999713897705,16.719999313354492,,3.52,,,,2.653,0.8651,2.0648,0.0,2.306999921798706,2.5954,2.0878,2.307,7.3017,7.0479,1.1535,2026-08-09
xy10-38,Kabuto,normal,Fates Collide,38,Uncommon,MAHOU,Restored,140,Pokémon,2016/05/02,"tcgplayer,cardmarket",https://prices.pokemontcg.io/tcgplayer/xy10-38,https://images.pokemontcg.io/xy10/38_hires.png,2026/08/08,2026/02/22,0.24,0.09000000357627869,0.25,19.979999542236328,,4.02,,,,0.2076,0.0231,0.2192,0.8536,0.1615000069141388,0.2192,0.1961,1.0958,0.9343,0.9574,1.1535,2026-08-09
xy9-31,Palkia-EX,holofoil,BREAKpoint,31,Rare Holo EX,Eske Yoshinob,Basic|EX,484,Pokémon,2016/02/03,"tcgplayer,cardmarket",https://prices.pokemontcg.io/tcgplayer/xy9-31,https://images.pokemontcg.io/xy9/31_hires.png,2026/08/08,2026/06/08,6.59,2.509999990463257,5.889999866485596,50.599998474121094,,,,,,7.7746,2.8838,6.3212,0.0,6.344200134277344,5.5137,7.3017,5.756,4.3372,4.3948,1.1535,2026-08-09
ex6-35,Ivysaur,normal,FireRed & LeafGreen,35,Uncommon,Atsuko Nishida,Stage 1,2,Pokémon,2004/09/01,"tcgplayer,cardmarket",https://prices.pokemontcg.io/tcgplayer/ex6-35,https://images.pokemontcg.io/ex6/35_hires.png,2026/08/08,2026/06/27,2.8,1.0,2.7699999809265137,28.100000381469727,,54.85,,,,1.7187,0.1154,1.488,29.6796,2.8261001110076904,1.7995,2.0763,11.4773,23.5314,22.0549,1.1535,2026-08-09
swsh2-33,Chandelure,holofoil,Rebel Clash,33,Rare Holo,Taira Akitsu,Stage 2,609,Pokémon,2020/05/01,"tcgplayer,cardmarket",https://prices.pokemontcg.io/tcgplayer/swsh2-33,https://images.pokemontcg.io/swsh2/33_hires.png,2026/08/08,2026/03/09,0.36,0.14000000059604645,0.38999998569488525,19.219999313354492,,0.67,,,,0.4499,0.0231,0.4499,0.7152,0.7498000264167786,0.5306,0.646,0.4614,0.5767,0.7498,1.1535,2026-08-09
dp2-33,Rampardos,normal,Mysterious Treasures,33,Rare,Kazuyuki Kano,Stage 2,409,Pokémon,2007/08/01,"tcgplayer,cardmarket",https://prices.pokemontcg.io/tcgplayer/dp2-33,https://images.pokemontcg.io/dp2/33_hires.png,2026/08/08,2026/06/11,2.52,1.2599999904632568,2.759999990463257,38.099998474121094,,5.86,,,,0.9805,0.0923,0.9805,2.976,0.5651999711990356,1.1535,1.0266,0.5652,2.8838,2.5608,1.1535,2026-08-09
smp-SM30a,Tapu Koko,,SM Black Star Promos,SM30a,Promo,kirisAki,Basic,785,Pokémon,2017/02/03,cardmarket,https://prices.pokemontcg.io/cardmarket/smp-SM30a,https://images.pokemontcg.io/smp/SM30a_hires.png,,2026/06/08,,,,,,,,,,3.1375,1.0381,2.3301,0.0,4.037300109863281,2.803,2.48,0.5075,2.653,1.3611,1.1535,2026-08-09
base6-34,Pidgeotto,normal,Legendary Collection,34,Rare,Ken Sugimori,Stage 1,17,Pokémon,2002/05/24,"tcgplayer,cardmarket",https://prices.pokemontcg.io/tcgplayer/base6-34,https://images.pokemontcg.io/base6/34_hires.png,2026/08/08,2026/06/27,9.4,4.0,7.75,52.599998474121094,,74.75,,,,3.945,1.0381,3.8527,38.0309,3.22979998588562,3.8412,3.1837,61.0201,41.4799,52.0228,1.1535,2026-08-09
base3-41,Sandslash,unlimited,Fossil,41,Uncommon,Ken Sugimori,Stage 1,28,Pokémon,1999/10/10,"tcgplayer,cardmarket",https://prices.pokemontcg.io/tcgplayer/base3-41,https://images.pokemontcg.io/base3/41_hires.png,2026/08/08,2026/06/25,1.13,0.30000001192092896,0.7900000214576721,15.6899995803833,,,,,"{""1stEdition"": {""low"": 1.49, ""mid"": 3.95, ""high"": 69.96, ""market"": 8.19, ""directLow"": 9.74}}",2.1109,0.0577,1.984,0.0,3.4374001026153564,2.3877,2.157,1.1535,0.7267,0.7267,1.1535,2026-08-09
base2-30,Victreebel,unlimited,Jungle,30,Rare,Ken Sugimori,Stage 2,71,Pokémon,1999/06/16,"tcgplayer,cardmarket",https://prices.pokemontcg.io/tcgplayer/base2-30,https://images.pokemontcg.io/base2/30_hires.png,2026/08/08,2026/07/01,6.97,2.75,4.25,52.5,,,,,"{""1stEdition"": {""low"": 10.99, ""mid"": 15.48, ""high"": 199.99, ""market"": 16.39, ""directLow"": 198.8}}",7.6823,0.5767,8.6974,0.0,13.842000007629395,10.6468,8.1898,1.1535,11.8118,13.8766,1.1535,2026-08-09
dp4-34,Cacturne,normal,Great Encounters,34,Uncommon,Midori Harada,Stage 1,332,Pokémon,2008/02/01,"tcgplayer,cardmarket",https://prices.pokemontcg.io/tcgplayer/dp4-34,https://images.pokemontcg.io/dp4/34_hires.png,2026/08/08,2026/06/11,0.64,0.17000000178813934,0.5799999833106995,19.299999237060547,,3.9,,,,0.2538,0.0231,0.1961,0.9228,0.1615000069141388,0.2768,0.2422,2.307,0.7498,0.9574,1.1535,2026-08-09
hgss3-37,Skuntank,normal,HS—Undaunted,37,Uncommon,Naoyo Kimura,Stage 1,435,Pokémon,2010/08/18,"tcgplayer,cardmarket",https://prices.pokemontcg.io/tcgplayer/hgss3-37,https://images.pokemontcg.io/hgss3/37_hires.png,2026/08/08,2026/03/11,0.35,0.10000000149011612,0.3499999940395355,19.979999542236328,,1.23,,,,0.2307,0.0231,0.2076,0.5421,0.17299999296665192,0.1961,0.2192,0.3807,0.5767,0.8074,1.1535,2026-08-09
dp6-33,Lopunny,normal,Legends Awakened,33,Rare,Kouki Saitou,Stage 1,428,Pokémon,2008/08/01,"tcgplayer,cardmarket",https://prices.pokemontcg.io/tcgplayer/dp6-33,https://images.pokemontcg.io/dp6/33_hires.png,2026/08/08,2026/05/03,2.63,1.0,2.3499999046325684,39.400001525878906,,10.78,,,,1.6726,0.0577,1.7302,1.3381,2.0532000064849854,1.7879,1.5572,1.7302,1.2342,1.6264,1.1535,2026-08-09
gym1-40,Brock's Graveler,unlimited,Gym Heroes,40,Uncommon,Ken Sugimori,Stage 1,75,Pokémon,2000/08/14,"tcgplayer,cardmarket",https://prices.pokemontcg.io/tcgplayer/gym1-40,https://images.pokemontcg.io/gym1/40_hires.png,2026/08/08,2026/06/25,1.73,0.5799999833106995,1.649999976158142,4.920000076293945,,,,,"{""1stEdition"": {""low"": 2.99, ""mid"": 4.31, ""high"": 51.6, ""market"": 4.11, ""directLow"": null}}",2.3301,0.2192,2.5146,0.0,4.440999984741211,2.9068,2.4224,1.7302,1.7302,1.7302,1.1535,2026-08-09
ecard3-5,Beedrill,normal,Skyridge,5,Rare,Hikaru Koike,Stage 2,15,Pokémon,2003/05/12,"tcgplayer,cardmarket",https://prices.pokemontcg.io/tcgplayer/ecard3-5,https://images.pokemontcg.io/ecard3/5_hires.png,2026/08/08,2026/06/22,30.51,25.5,36.130001068115234,282.0,,200.0,,,,9.4126,3.3798,12.7692,19.2404,41.5260009765625,10.4276,15.1224,17.3025,19.2404,17.5217,1.1535,2026-08-09
hgss3-38,Slowbro,normal,HS—Undaunted,38,Uncommon,Kagemaru Himeno,Stage 1,80,Pokémon,2010/08/18,"tcgplayer,cardmarket",https://prices.pokemontcg.io/tcgplayer/hgss3-38,https://images.pokemontcg.io/hgss3/38_hires.png,2026/08/08,2026/03/11,10.93,8.09000015258789,11.989999771118164,94.55000305175781,,27.5,,,,0.5998,0.0231,1.4188,2.3647,1.153499960899353,1.3265,0.6575,4.1526,3.5066,3.449,1.1535,2026-08-09
ex16-32,Lairon,normal,Power Keepers,32,Uncommon,Sachiko Adachi,Stage 1,305,Pokémon,2007/02/02,"tcgplayer,cardmarket",https://prices.pokemontcg.io/tcgplayer/ex16-32,https://images.pokemontcg.io/ex16/32_hires.png,2026/08/08,2026/06/14,2.13,0.9900000095367432,2.1700000762939453,74.80000305175781,,23.62,,,,0.7152,0.0231,0.7959,4.1872,1.4419000148773193,0.5883,0.5767,4.614,4.118,6.5173,1.1535,2026-08-09
bw5-33,Vanillite,normal,Dark Explorers,33,Common,Kouki Saitou,Basic,582,Pokémon,2012/05/09,"tcgplayer,cardmarket",https://prices.pokemontcg.io/tcgplayer/bw5-33,https://images.pokemontcg.io/bw5/33_hires.png,2026/08/08,2026/03/11,0.28,0.15000000596046448,0.2800000011920929,19.979999542236328,,0.68,,,,0.15,0.0231,0.1384,0.5191,0.17299999296665192,0.15,0.15,0.0577,0.4614,0.5075,1.1535,2026-08-09
neo1-35,Furret,unlimited,Neo Genesis,35,Uncommon,Ken Sugimori,Stage 1,162,Pokémon,2000/12/16,"tcgplayer,cardmarket",https://prices.pokemontcg.io/tcgplayer/neo1-35,https://images.pokemontcg.io/neo1/35_hires.png,2026/08/08,2026/07/01,2.16,0.8999999761581421,2.0899999141693115,95.55999755859375,,,,,"{""1stEdition"": {""low"": 2.0, ""mid"": 4.04, ""high"": 96.95, ""market"": 7.45, ""directLow"": 96.95}}",1.6956,0.0231,3.7835,0.0,1.3610999584197998,3.4605,1.7072,0.0,0.0,0.0,1.1535,2026-08-09
ex6-36,Kakuna,normal,FireRed & LeafGreen,36,Uncommon,Hajime Kusajima,Stage 1,14,Pokémon,2004/09/01,"tcgplayer,cardmarket",https://prices.pokemontcg.io/tcgplayer/ex6-36,https://images.pokemontcg.io/ex6/36_hires.png,2026/08/08,2026/06/22,0.66,0.20000000298023224,0.6399999856948853,35.0,,38.85,,,,1.1881,0.1269,0.9689,15.2839,1.153499960899353,1.2227,1.2112,8.0514,9.5048,10.9352,1.1535,2026-08-09
bw1-37,Swanna,normal,Black & White,37,Rare,Naoyo Kimura,Stage 1,581,Pokémon,2011/04/25,"tcgplayer,cardmarket",https://prices.pokemontcg.io/tcgplayer/bw1-37,https://images.pokemontcg.io/bw1/37_hires.png,2026/08/08,2026/03/11,0.7,0.10000000149011612,0.5899999737739563,19.979999542236328,,1.11,,,,0.3576,0.0231,0.4268,1.0612,0.34599998593330383,0.4729,0.4614,0.4614,1.0728,1.5918,1.1535,2026-08-09
base1-41,Seel,normal,Base,41,Uncommon,Ken Sugimori,Basic,86,Pokémon,1999/01/09,"tcgplayer,cardmarket",https://prices.pokemontcg.io/tcgplayer/base1-41,https://images.pokemontcg.io/base1/41_hires.png,2026/08/08,2026/07/01,1.48,0.25,0.8500000238418579,40.0,,,,,,1.8341,0.0231,2.63,0.0,5.721399784088135,2.0763,2.0648,0.5767,0.5767,0.5767,1.1535,2026-08-09
dp2-34,Slaking,normal,Mysterious Treasures,34,Rare,Kouki Saitou,Stage 2,289,Pokémon,2007/08/01,"tcgplayer,cardmarket",https://prices.pokemontcg.io/tcgplayer/dp2-34,https://images.pokemontcg.io/dp2/34_hires.png,2026/08/08,2026/05/07,1.01,0.7300000190734863,0.9900000095367432,19.979999542236328,,1.91,,,,1.3265,0.0231,1.1766,2.8491,0.40369999408721924,1.488,1.0728,5.5253,4.4179,3.2067,1.1535,2026-08-09
neo3-35,Parasect,unlimited,Neo Revelation,35,Uncommon,Atsuko Nishida,Stage 1,47,Pokémon,2001/09/21,"tcgplayer,cardmarket",https://prices.pokemontcg.io/tcgplayer/neo3-35,https://images.pokemontcg.io/neo3/35_hires.png,2026/08/08,2026/07/01,1.56,0.6000000238418579,1.1200000047683716,23.0,,,,,"{""1stEdition"": {""low"": 1.88, ""mid"": 3.51, ""high"": 33.1, ""market"": 3.3, ""directLow"": null}}",2.3531,0.0577,1.2919,0.0,0.9228000044822693,1.2689,2.0532,0.0,0.0,0.0,1.1535,2026-08-09
bw11-43,Kyurem,holofoil,Legendary Treasures,43,Rare Holo,Midori Harada,Basic,646,Pokémon,2013/11/06,"tcgplayer,cardmarket",https://prices.pokemontcg.io/tcgplayer/bw11-43,https://images.pokemontcg.io/bw11/43_hires.png,2026/08/08,2026/03/11,2.27,1.0199999809265137,2.3499999046325684,94.48999786376953,,2.9,,,,2.6646,1.1535,2.8145,4.0373,4.602499961853027,3.0683,2.953,4.0373,7.2786,4.6832,1.1535,2026-08-09
sm35-31,Electrode,normal,Shining Legends,31,Uncommon,Kyoko Umemoto,Stage 1,101,Pokémon,2017/10/06,"tcgplayer,cardmarket",https://prices.pokemontcg.io/tcgplayer/sm35-31,https://images.pokemontcg.io/sm35/31_hires.png,2026/08/08,2026/04/18,0.18,0.009999999776482582,0.20000000298023224,19.979999542236328,,0.37,,,,0.0923,0.0231,0.0923,0.7267,0.023099999874830246,0.1269,0.0923,2.1455,0.8651,0.6344,1.1535,2026-08-09
sm115-41,Jigglypuff,normal,Hidden Fates,41,Common,Mizue,Basic,39,Pokémon,2019/08/23,"tcgplayer,cardmarket",https://prices.pokemontcg.io/tcgplayer/sm115-41,https://images.pokemontcg.io/sm115/41_hires.png,2026/08/08,2026/03/11,0.34,0.10000000149011612,0.3499999940395355,2.140000104904175,,1.58,,,,0.0692,0.0231,0.0577,0.3345,0.04610000178217888,0.0461,0.0807,1.0266,0.6806,0.4729,1.1535,2026-08-09
xy10-39,Kabutops,normal,Fates Collide,39,Rare,Kyoko Umemoto,Stage 1,141,Pokémon,2016/05/02,"tcgplayer,cardmarket",https://prices.pokemontcg.io/tcgplayer/xy10-39,https://images.pokemontcg.io/xy10/39_hires.png,2026/08/08,2026/02/22,0.66,0.30000001192092896,0.550000011920929,19.979999542236328,,0.98,,,,1.4995,0.1038,0.9228,2.0186,0.46140000224113464,1.3957,1.0035,1.0843,1.6149,2.7338,1.1535,2026-08-09
bwp-BW28,Tropical Beach,normal,BW Black Star Promos,BW28,Promo,Naoki Saito,Stadium,,Trainer,2011/03/01,"tcgplayer,cardmarket",https://prices.pokemontcg.io/tcgplayer/bwp-BW28,https://images.pokemontcg.io/bwp/BW28_hires.png,2026/01/24,2026/06/07,,1500.0,1500.0,1500.0,,,,,,203.3044,224.9325,239.9972,0.0,230.6999969482422,246.5491,225.8438,54.7912,47.9395,47.9395,1.1535,2026-08-09
dp7-32,Bibarel,normal,Stormfront,32,Uncommon,Kouki Saitou,Stage 1,400,Pokémon,2008/11/01,"tcgplayer,cardmarket",https://prices.pokemontcg.io/tcgplayer/dp7-32,https://images.pokemontcg.io/dp7/32_hires.png,2026/08/08,2026/06/07,0.6,0.20000000298023224,0.5,2.380000114440918,,1.13,,,,0.173,0.0231,0.173,1.5803,0.03460000082850456,0.2192,0.2076,1.0958,1.2342,1.2342,1.1535,2026-08-09
bw4-44,Luxio,normal,Next Destinies,44,Uncommon,Kouki Saitou,Stage 1,404,Pokémon,2012/02/08,"tcgplayer,cardmarket",https://prices.pokemontcg.io/tcgplayer/bw4-44,https://images.pokemontcg.io/bw4/44_hires.png,2026/08/08,2026/02/22,0.33,0.10999999940395355,0.3700000047683716,1000.0,,0.59,,,,0.4383,0.0231,0.4614,0.8305,0.51910001039505,0.5306,0.4268,3.4605,1.0381,1.0497,1.1535,2026-08-09
ex9-41,Swellow,normal,Emerald,41,Uncommon,Naoyo Kimura,Stage 1,277,Pokémon,2005/05/01,"tcgplayer,cardmarket",https://prices.pokemontcg.io/tcgplayer/ex9-41,https://images.pokemontcg.io/ex9/41_hires.png,2026/08/08,2026/06/21,1.51,0.699999988079071,1.440000057220459,19.979999542236328,,30.0,,,,1.2919,0.0577,0.3345,17.8446,0.5651999711990356,1.2919,2.7684,25.377,13.4037,9.4587,1.1535,2026-08-09
xy6-37,Gliscor,normal,Roaring Skies,37,Uncommon,Hajime Kusajima,Stage 1,472,Pokémon,2015/05/06,"tcgplayer,cardmarket",https://prices.pokemontcg.io/tcgplayer/xy6-37,https://images.pokemontcg.io/xy6/37_hires.png,2026/08/08,2026/03/11,0.26,0.03999999910593033,0.25,1000.0,,0.75,,,,0.1961,0.0231,0.1846,1.7302,0.05770000070333481,0.2307,0.1846,0.4614,0.9689,0.5537,1.1535,2026-08-09
swsh2-34,Heatmor,normal,Rebel Clash,34,Uncommon,Satoshi Shirai,Basic,631,Pokémon,2020/05/01,"tcgplayer,cardmarket",https://prices.pokemontcg.io/tcgplayer/swsh2-34,https://images.pokemontcg.io/swsh2/34_hires.png,2026/08/08,2026/03/09,0.06,0.009999999776482582,0.1899999976158142,3.0,,0.21,,,,0.0692,0.0231,0.0577,0.173,0.023099999874830246,0.0346,0.0577,0.173,0.2076,0.2999,1.1535,2026-08-09
ex15-29,Electabuzz δ,normal,Dragon Frontiers,29,Uncommon,Ken Sugimori,Basic,125,Pokémon,2006/11/01,"tcgplayer,cardmarket",https://prices.pokemontcg.io/tcgplayer/ex15-29,https://images.pokemontcg.io/ex15/29_hires.png,2026/08/08,2026/06/27,2.03,1.0,1.4900000095367432,19.989999771118164,,33.1,,,,1.4534,0.0231,1.8802,9.4587,0.5651999711990356,0.9574,1.1766,6.921,10.3354,9.4933,1.1535,2026-08-09
swsh1-41,Cloyster,normal,Sword & Shield,41,Rare,MAHOU,Stage 1,91,Pokémon,2020/02/07,"tcgplayer,cardmarket",https://prices.pokemontcg.io/tcgplayer/swsh1-41,https://images.pokemontcg.io/swsh1/41_hires.png,2026/08/08,2026/02/22,0.24,0.05000000074505806,0.25,19.979999542236328,,0.44,,,,0.2653,0.0577,0.173,1.0958,0.219200000166893,0.2768,0.2768,3.3336,1.2458,0.8651,1.1535,2026-08-09
ex13-39,Combusken,normal,Holon Phantoms,39,Uncommon,Kagemaru Himeno,Stage 1,256,Pokémon,2006/05/01,"tcgplayer,cardmarket",https://prices.pokemontcg.io/tcgplayer/ex13-39,https://images.pokemontcg.io/ex13/39_hires.png,2026/08/08,2026/05/14,0.66,0.23999999463558197,0.6700000166893005,20.770000457763672,,41.98,,,,0.5537,0.0577,0.7613,13.842,0.911300003528595,0.7267,0.7036,16.1375,12.1117,20.2209,1.1535,2026-08-09
swshp-SWSH032,Snorlax,holofoil,SWSH Black Star Promos,SWSH032,Promo,Tika Matsuno,Basic,143,Pokémon,2019/11/15,"tcgplayer,cardmarket",https://prices.pokemontcg.io/tcgplayer/swshp-SWSH032,https://images.pokemontcg.io/swshp/SWSH032_hires.png,2026/08/08,2026/03/11,32.06,22.299999237060547,32.060001373291016,249.52000427246094,,,,,,15.3762,5.7329,17.9831,0.0,13.242199897766113,16.8642,13.9804,1.7187,6.4711,4.6717,1.1535,2026-08-09
bw6-42,Electrike,normal,Dragons Exalted,42,Common,Masakazu Fukuda,Basic,309,Pokémon,2012/08/15,"tcgplayer,cardmarket",https://prices.pokemontcg.io/tcgplayer/bw6-42,https://images.pokemontcg.io/bw6/42_hires.png,2026/08/08,2026/03/11,0.26,0.14000000059604645,0.27000001072883606,19.979999542236328,,0.79,,,,0.1038,0.0231,0.1154,0.4383,0.09229999780654907,0.1269,0.1615,0.4383,0.6114,0.6114,1.1535,2026-08-09
sm11-34,Salazzle,normal,Unified Minds,34,Rare,Midori Harada,Stage 1,758,Pokémon,2019/08/02,"tcgplayer,cardmarket",https://prices.pokemontcg.io/tcgplayer/sm11-34,https://images.pokemontcg.io/sm11/34_hires.png,2026/08/08,2026/03/11,0.28,0.14000000059604645,0.2800000011920929,19.979999542236328,,0.46,,,,0.173,0.0461,0.1384,0.0,0.11540000140666962,0.15,0.173,0.0,0.0,0.0,1.1535,2026-08-09
bw2-33,Joltik,normal,Emerging Powers,33,Common,Kagemaru Himeno,Basic,595,Pokémon,2011/08/31,"tcgplayer,cardmarket",https://prices.pokemontcg.io/tcgplayer/bw2-33,https://images.pokemontcg.io/bw2/33_hires.png,2026/08/08,2026/03/11,0.48,0.15000000596046448,0.47999998927116394,19.979999542236328,,7.83,,,,0.323,0.0231,0.3345,1.3842,0.23070000112056732,0.3114,0.2422,1.0381,2.2378,1.3265,1.1535,2026-08-09
dc1-31,Team Magma's Great Ball,normal,Double Crisis,31,Uncommon,Toyste Beach,Item,,Trainer,2015/03/25,"tcgplayer,cardmarket",https://prices.pokemontcg.io/tcgplayer/dc1-31,https://images.pokemontcg.io/dc1/31_hires.png,2026/08/08,2026/06/21,14.24,6.010000228881836,12.680000305175781,44.97999954223633,,25.63,,,,13.173,2.307,11.0505,40.3725,4.613999843597412,12.0195,14.9609,20.763,28.5722,15.8837,1.1535,2026-08-09
xy2-46,Graveler,normal,Flashfire,46,Uncommon,Naoyo Kimura,Stage 1,75,Pokémon,2014/05/07,"tcgplayer,cardmarket",https://prices.pokemontcg.io/tcgplayer/xy2-46,https://images.pokemontcg.io/xy2/46_hires.png,2026/08/08,2026/02/22,0.3,0.07999999821186066,0.25,19.989999771118164,,0.8,,,,0.1384,0.0231,0.1615,0.3922,0.06920000165700912,0.1384,0.15,0.8421,0.6114,0.7959,1.1535,2026-08-09
bw9-39,Zekrom,holofoil,Plasma Freeze,39,Rare Holo,Mitsuhiro Arita,Basic,644,Pokémon,2013/05/08,"tcgplayer,cardmarket",https://prices.pokemontcg.io/tcgplayer/bw9-39,https://images.pokemontcg.io/bw9/39_hires.png,2026/08/08,2026/02/24,5.56,3.0,7.309999942779541,54.95000076293945,,10.68,,,,3.4374,0.5767,4.2679,3.4605,2.283900022506714,3.3105,3.8181,4.3602,4.5563,4.1295,1.1535,2026-08-09
dpp-DP39,Shaymin LV.X,holofoil,DP Black Star Promos,DP39,Promo,Shizurow,Level-Up,492,Pokémon,2007/05/01,tcgplayer,https://prices.pokemontcg.io/tcgplayer/dpp-DP39,https://images.pokemontcg.io/dpp/DP39_hires.png,2026/08/08,,46.64,21.989999771118164,27.100000381469727,351.8999938964844,,,,,,,,,,,,,,,,,2026-08-09
hgss2-39,Pupitar,normal,HS—Unleashed,39,Uncommon,Kouki Saitou,Stage 1,247,Pokémon,2010/05/12,"tcgplayer,cardmarket",https://prices.pokemontcg.io/tcgplayer/hgss2-39,https://images.pokemontcg.io/hgss2/39_hires.png,2026/08/08,2026/03/11,0.53,0.2199999988079071,0.5,19.979999542236328,,1.35,,,,0.3114,0.0231,0.15,0.8651,0.34599998593330383,0.1615,0.323,0.346,0.6229,0.819,1.1535,2026-08-09
ex1-29,Delcatty,normal,Ruby & Sapphire,29,Uncommon,Ken Sugimori,Stage 1,301,Pokémon,2003/07/01,"tcgplayer,cardmarket",https://prices.pokemontcg.io/tcgplayer/ex1-29,https://images.pokemontcg.io/ex1/29_hires.png,2026/08/08,2026/07/01,1.54,0.4399999976158142,1.3200000524520874,17.420000076293945,,15.07,,,,0.646,0.0577,0.3922,0.0,0.15000000596046448,0.4268,0.5075,2.2955,6.575,3.9104,1.1535,2026-08-09
dp4-35,Combusken,normal,Great Encounters,35,Uncommon,Naoyo Kimura,Stage 1,256,Pokémon,2008/02/01,"tcgplayer,cardmarket",https://prices.pokemontcg.io/tcgplayer/dp4-35,https://images.pokemontcg.io/dp4/35_hires.png,2026/08/08,2026/06/11,0.96,0.3799999952316284,0.9599999785423279,19.059999465942383,,3.28,,,,0.3345,0.0231,0.3576,2.2263,0.23070000112056732,0.323,0.3807,2.4224,2.2032,2.0763,1.1535,2026-08-09
sma-SV33,Kartana,holofoil,Hidden Fates Shiny Vault,SV33,Rare Shiny,Anesaki Dynamic,Basic|Ultra Beast,798,Pokémon,2019/08/23,"tcgplayer,cardmarket",https://prices.pokemontcg.io/tcgplayer/sma-SV33,https://images.pokemontcg.io/sma/SV33_hires.png,2026/08/08,2026/03/11,3.85,2.0,3.9100000858306885,37.22999954223633,,,,,,2.7223,1.4419,2.9299,0.0,3.05679988861084,3.0683,2.9645,2.2609,2.7107,3.2529,1.1535,2026-08-09
sm5-39,Glaceon-GX,holofoil,Ultra Prism,39,Rare Holo GX,5ban Graphics,Stage 1|GX,471,Pokémon,2018/02/02,"tcgplayer,cardmarket",https://prices.pokemontcg.io/tcgplayer/sm5-39,https://images.pokemontcg.io/sm5/39_hires.png,2026/08/08,2026/02/22,11.04,7.130000114440918,11.989999771118164,74.91999816894531,,,,,,6.7134,2.307,6.1712,0.0,6.921000003814697,6.3789,6.4827,2.8838,3.7373,4.6025,1.1535,2026-08-09
gym2-43,Giovanni's Meowth,unlimited,Gym Challenge,43,Uncommon,Atsuko Nishida,Basic,52,Pokémon,2000/10/16,"tcgplayer,cardmarket",https://prices.pokemontcg.io/tcgplayer/gym2-43,https://images.pokemontcg.io/gym2/43_hires.png,2026/08/08,2026/06/22,4.11,2.0,3.549999952316284,96.94000244140625,,,,,"{""1stEdition"": {""low"": 10.15, ""mid"": 26.2, ""high"": 130.81, ""market"": 15.78, ""directLow"": 129.99}}",6.2174,1.0381,30.0371,0.0,201.8625030517578,47.5934,12.4578,0.0,0.0,0.0,1.1535,2026-08-09
ex2-32,Baltoy,normal,Sandstorm,32,Uncommon,Midori Harada,Basic,343,Pokémon,2003/09/18,"tcgplayer,cardmarket",https://prices.pokemontcg.io/tcgplayer/ex2-32,https://images.pokemontcg.io/ex2/32_hires.png,2026/08/08,2026/06/25,1.27,0.7400000095367432,1.659999966621399,25.600000381469727,,7.69,,,,0.7036,0.1154,0.8536,3.4605,1.4419000148773193,0.8536,0.6229,1.1535,4.5794,3.3682,1.1535,2026-08-09
xy1-39,Froakie,normal,XY,39,Common,5ban Graphics,Basic,656,Pokémon,2014/02/05,"tcgplayer,cardmarket",https://prices.pokemontcg.io/tcgplayer/xy1-39,https://images.pokemontcg.io/xy1/39_hires.png,2026/08/08,2026/03/11,0.37,0.10000000149011612,0.30000001192092896,1000.0,,2.28,,,,0.2076,0.0231,0.15,0.5652,0.10379999876022339,0.2307,0.2192,0.9228,1.0728,1.0381,1.1535,2026-08-09
xy4-35,M Gengar-EX,holofoil,Phantom Forces,35,Rare Holo EX,5ban Graphics,MEGA|EX,94,Pokémon,2014/11/05,"tcgplayer,cardmarket",https://prices.pokemontcg.io/tcgplayer/xy4-35,https://images.pokemontcg.io/xy4/35_hires.png,2026/08/08,2026/03/11,163.53,108.0,158.3000030517578,1869.9000244140625,,,,,,161.49,33.4515,146.2061,0.0,92.27999877929688,136.5859,129.342,28.8375,18.1215,14.511,1.1535,2026-08-09
ex7-38,Dark Magcargo,normal,Team Rocket Returns,38,Uncommon,Nakaoka,Stage 1,219,Pokémon,2004/11/01,"tcgplayer,cardmarket",https://prices.pokemontcg.io/tcgplayer/ex7-38,https://images.pokemontcg.io/ex7/38_hires.png,2026/08/08,2026/06/21,3.25,2.180000066757202,4.489999771118164,43.099998474121094,,51.89,,,,7.9938,1.3611,6.5519,19.7941,3.483599901199341,6.2981,3.6105,63.4425,29.0221,28.3876,1.1535,2026-08-09
sm8-39,Cyndaquil,normal,Lost Thunder,39,Common,Mina Nakai,Basic,155,Pokémon,2018/11/02,"tcgplayer,cardmarket",https://prices.pokemontcg.io/tcgplayer/sm8-39,https://images.pokemontcg.io/sm8/39_hires.png,2026/08/08,2026/02/22,0.33,0.18000000715255737,0.3499999940395355,19.979999542236328,,1.11,,,,0.15,0.0231,0.1961,1.8802,0.3806999921798706,0.173,0.173,5.6522,1.8802,1.2804,1.1535,2026-08-09
sm12-42,Vaporeon,normal,Cosmic Eclipse,42,Uncommon,sui,Stage 1,134,Pokémon,2019/11/01,"tcgplayer,cardmarket",https://prices.pokemontcg.io/tcgplayer/sm12-42,https://images.pokemontcg.io/sm12/42_hires.png,2026/08/08,2026/03/11,1.61,0.949999988079071,1.9900000095367432,100.0,,8.2,,,,0.8997,0.1154,1.1189,6.0559,1.7532999515533447,1.0497,0.9228,5.7675,6.5403,5.9751,1.1535,2026-08-09
swsh4-37,Galarian Darmanitan VMAX,holofoil,Vivid Voltage,37,Rare Holo VMAX,5ban Graphics,VMAX,555,Pokémon,2020/11/13,"tcgplayer,cardmarket",https://prices.pokemontcg.io/tcgplayer/swsh4-37,https://images.pokemontcg.io/swsh4/37_hires.png,2026/08/08,2026/02/19,1.21,0.5,1.600000023841858,19.950000762939453,,,,,,1.5572,0.1154,1.7072,0.0,2.2955000400543213,1.7764,1.6495,4.614,4.5909,5.3868,1.1535,2026-08-09
ex12-43,Sealeo,normal,Legend Maker,43,Uncommon,Midori Harada,Stage 1,364,Pokémon,2006/02/01,"tcgplayer,cardmarket",https://prices.pokemontcg.io/tcgplayer/ex12-43,https://images.pokemontcg.io/ex12/43_hires.png,2026/08/08,2026/05/07,0.57,0.25,0.5400000214576721,19.979999542236328,,34.21,,,,0.7498,0.0231,0.3922,6.6326,0.57669997215271,0.3576,0.6229,4.614,7.6477,6.4711,1.1535,2026-08-09
pl3-37,Mr. Mime,normal,Supreme Victors,37,Rare,Kouki Saitou,Basic,122,Pokémon,2009/08/19,"tcgplayer,cardmarket",https://prices.pokemontcg.io/tcgplayer/pl3-37,https://images.pokemontcg.io/pl3/37_hires.png,2026/08/08,2026/05/03,3.45,0.9599999785423279,5.96999979019165,26.0,,13.28,,,,1.2227,0.3576,1.1996,1.811,1.153499960899353,1.2689,1.3265,2.7684,1.9609,1.9033,1.1535,2026-08-09
sm7-39,Wailmer,normal,Celestial Storm,39,Common,Kagemaru Himeno,Basic,320,Pokémon,2018/08/03,"tcgplayer,cardmarket",https://prices.pokemontcg.io/tcgplayer/sm7-39,https://images.pokemontcg.io/sm7/39_hires.png,2026/08/08,2026/02/19,0.27,0.05000000074505806,0.25999999046325684,19.979999542236328,,0.59,,,,0.1154,0.0231,0.1154,0.1961,0.1615000069141388,0.1154,0.1038,0.323,0.3114,0.4037,1.1535,2026-08-09
xy12-33,Magikarp,normal,Evolutions,33,Common,Mitsuhiro Arita,Basic,129,Pokémon,2016/11/02,"tcgplayer,cardmarket",https://prices.pokemontcg.io/tcgplayer/xy12-33,https://images.pokemontcg.io/xy12/33_hires.png,2026/08/08,2026/03/11,0.26,0.03999999910593033,0.25,19.979999542236328,,1.37,,,,0.1269,0.0231,0.1038,1.3957,0.17299999296665192,0.0807,0.1269,1.1535,1.1996,1.3496,1.1535,2026-08-09
dp6-34,Mesprit,normal,Legends Awakened,34,Rare,Ken Sugimori,Basic,481,Pokémon,2008/08/01,"tcgplayer,cardmarket",https://prices.pokemontcg.io/tcgplayer/dp6-34,https://images.pokemontcg.io/dp6/34_hires.png,2026/08/08,2026/05/03,10.17,8.5,11.079999923706055,99.4000015258789,,19.29,,,,3.6105,0.5652,3.945,0.8651,3.4374001026153564,3.3682,3.7143,2.307,2.6415,5.9405,1.1535,2026-08-09
xy9-32,Manaphy-EX,holofoil,BREAKpoint,32,Rare Holo EX,Eske Yoshinob,Basic|EX,490,Pokémon,2016/02/03,"tcgplayer,cardmarket",https://prices.pokemontcg.io/tcgplayer/xy9-32,https://images.pokemontcg.io/xy9/32_hires.png,2026/08/08,2026/06/08,4.16,2.390000104904175,4.0,37.81999969482422,,,,,,4.464,2.2493,5.11,0.0,5.1331000328063965,5.1331,4.8332,5.756,6.8056,4.7409,1.1535,2026-08-09
sm2-39,Mareanie,normal,Guardians Rising,39,Uncommon,Shin Nagasawa,Basic,747,Pokémon,2017/05/05,"tcgplayer,cardmarket",https://prices.pokemontcg.io/tcgplayer/sm2-39,https://images.pokemontcg.io/sm2/39_hires.png,2026/08/08,2026/03/07,0.15,0.019999999552965164,0.20000000298023224,4.0,,0.32,,,,0.0692,0.0231,0.0692,0.4614,0.05770000070333481,0.0577,0.0692,0.173,0.323,0.2768,1.1535,2026-08-09
base5-37,Dark Golduck,unlimited,Team Rocket,37,Uncommon,Mitsuhiro Arita,Stage 1,55,Pokémon,2000/04/24,"tcgplayer,cardmarket",https://prices.pokemontcg.io/tcgplayer/base5-37,https://images.pokemontcg.io/base5/37_hires.png,2026/08/08,2026/06/26,4.1,1.2300000190734863,3.5799999237060547,39.97999954223633,,,,,"{""1stEdition"": {""low"": 2.48, ""mid"": 5.28, ""high"": 68.34, ""market"": 12.78, ""directLow"": 16.61}}",5.3176,0.2307,5.9867,0.0,7.440100193023682,6.2289,5.2946,0.5767,0.4383,0.4383,1.1535,2026-08-09
ex11-38,Ditto,normal,Delta Species,38,Uncommon,Yuka Morii,Basic,132,Pokémon,2005/10/31,"tcgplayer,cardmarket",https://prices.pokemontcg.io/tcgplayer/ex11-38,https://images.pokemontcg.io/ex11/38_hires.png,2026/08/08,2026/06/11,50.36,40.0,63.95000076293945,559.9000244140625,,100.0,,,,15.5146,5.7675,16.3566,68.045,13.219099998474121,15.653,15.5376,149.9435,51.9998,40.361,1.1535,2026-08-09
dp3-43,Wormadam Trash Cloak,normal,Secret Wonders,43,Rare,Kazuyuki Kano,Stage 1,413,Pokémon,2007/11/01,"tcgplayer,cardmarket",https://prices.pokemontcg.io/tcgplayer/dp3-43,https://images.pokemontcg.io/dp3/43_hires.png,2026/08/08,2026/03/07,0.86,0.49000000953674316,0.8500000238418579,19.979999542236328,,2.54,,,,0.7728,0.1154,0.7036,0.9113,0.46140000224113464,0.7728,0.7728,1.142,1.8687,1.6149,1.1535,2026-08-09
sm10-31,Salazzle,normal,Unbroken Bonds,31,Rare,hatachu,Stage 1,758,Pokémon,2019/05/03,"tcgplayer,cardmarket",https://prices.pokemontcg.io/tcgplayer/sm10-31,https://images.pokemontcg.io/sm10/31_hires.png,2026/08/08,2026/03/12,0.62,0.23000000417232513,0.6499999761581421,15.6899995803833,,0.97,,,,0.3922,0.0231,0.4499,1.1535,0.57669997215271,0.4153,0.5075,1.0266,1.315,1.1189,1.1535,2026-08-09
dp5-34,Vaporeon,normal,Majestic Dawn,34,Rare,Kagemaru Himeno,Stage 1,134,Pokémon,2008/05/01,"tcgplayer,cardmarket",https://prices.pokemontcg.io/tcgplayer/dp5-34,https://images.pokemontcg.io/dp5/34_hires.png,2026/08/08,2026/06/11,15.34,10.020000457763672,73.4000015258789,184.8000030517578,,38.99,,,,6.4365,2.307,6.5057,9.4472,6.344200134277344,6.252,5.9405,4.0373,12.354,9.2857,1.1535,2026-08-09
dp1-41,Wobbuffet,normal,Diamond & Pearl,41,Rare,Kouki Saitou,Basic,202,Pokémon,2007/05/01,"tcgplayer,cardmarket",https://prices.pokemontcg.io/tcgplayer/dp1-41,https://images.pokemontcg.io/dp1/41_hires.png,2026/08/08,2026/03/11,3.32,0.5,1.4900000095367432,96.93000030517578,,8.0,,,,1.2112,0.1154,0.992,0.7267,0.5651999711990356,0.496,1.0958,1.1535,1.315,1.7649,1.1535,2026-08-09
col1-40,Bayleef,normal,Call of Legends,40,Uncommon,Shin Nagasawa,Stage 1,153,Pokémon,2011/02/09,"tcgplayer,cardmarket",https://prices.pokemontcg.io/tcgplayer/col1-40,https://images.pokemontcg.io/col1/40_hires.png,2026/08/08,2026/03/11,0.62,0.30000001192092896,0.5600000023841858,19.979999542236328,,2.99,,,,0.6921,0.0231,0.3345,3.449,0.9228000044822693,0.6806,1.1189,3.9796,3.7604,4.441,1.1535,2026-08-09
pl1-40,Toxicroak G,normal,Platinum,40,Rare,Ryota Saito,Basic|SP,454,Pokémon,2009/02/11,"tcgplayer,cardmarket",https://prices.pokemontcg.io/tcgplayer/pl1-40,https://images.pokemontcg.io/pl1/40_hires.png,2026/08/08,2026/03/11,1.44,0.6000000238418579,1.440000057220459,96.9000015258789,,6.3,,,,1.1881,0.0923,0.7728,3.6451,1.153499960899353,1.2227,1.3265,4.614,3.4028,2.0648,1.1535,2026-08-09
bw3-36,Zebstrika,normal,Noble Victories,36,Rare,match,Stage 1,523,Pokémon,2011/11/16,"tcgplayer,cardmarket",https://prices.pokemontcg.io/tcgplayer/bw3-36,https://images.pokemontcg.io/bw3/36_hires.png,2026/08/08,2026/03/11,0.54,0.15000000596046448,0.5400000214576721,19.979999542236328,,2.4,,,,0.4268,0.0231,0.2999,1.1535,0.11540000140666962,0.4037,0.4499,1.1535,1.3957,1.315,1.1535,2026-08-09
sm9-41,Mareep,normal,Team Up,41,Common,Akira Komayama,Basic,179,Pokémon,2019/02/01,"tcgplayer,cardmarket",https://prices.pokemontcg.io/tcgplayer/sm9-41,https://images.pokemontcg.io/sm9/41_hires.png,2026/08/08,2026/02/19,0.28,0.10000000149011612,0.30000001192092896,19.979999542236328,,0.61,,,,0.1615,0.0231,0.1615,0.3691,0.40369999408721924,0.2653,0.1615,0.6921,0.4037,0.4499,1.1535,2026-08-09
basep-37,Hitmontop,normal,Wizards Black Star Promos,37,Promo,Atsuko Nishida,Basic,237,Pokémon,1999/07/01,"tcgplayer,cardmarket",https://prices.pokemontcg.io/tcgplayer/basep-37,https://images.pokemontcg.io/basep/37_hires.png,2026/08/08,2026/07/01,9.3,4.820000171661377,9.300000190734863,199.99000549316406,,,,,,11.6157,1.1535,11.8811,0.0,7.486199855804443,13.5536,10.1739,2.2955,1.9148,1.9148,1.1535,2026-08-09
ecard3-6,Crobat,normal,Skyridge,6,Rare,Kimiya Masago,Stage 2,169,Pokémon,2003/05/12,"tcgplayer,cardmarket",https://prices.pokemontcg.io/tcgplayer/ecard3-6,https://images.pokemontcg.io/ecard3/6_hires.png,2026/08/08,2026/06/22,45.0,42.459999084472656,69.98999786376953,1698.6400146484375,,,,,,11.3043,4.614,23.7621,67.3644,33.90140151977539,25.6538,16.322,11.5235,57.0175,46.1631,1.1535,2026-08-09
sm4-31,Alolan Raichu,holofoil,Crimson Invasion,31,Rare Holo,Akira Komayama,Stage 1,26,Pokémon,2017/11/03,"tcgplayer,cardmarket",https://prices.pokemontcg.io/tcgplayer/sm4-31,https://images.pokemontcg.io/sm4/31_hires.png,2026/08/08,2026/03/11,2.8,0.6899999976158142,2.799999952316284,19.979999542236328,,2.94,,,,1.3727,0.0231,1.2804,1.7879,0.47290000319480896,1.2689,1.2804,1.4995,1.7072,1.6956,1.1535,2026-08-09
ex8-39,Masquerain,normal,Deoxys,39,Uncommon,Mitsuhiro Arita,Stage 1,284,Pokémon,2005/02/01,"tcgplayer,cardmarket",https://prices.pokemontcg.io/tcgplayer/ex8-39,https://images.pokemontcg.io/ex8/39_hires.png,2026/08/08,2026/06/21,1.13,0.49000000953674316,0.8299999833106995,19.979999542236328,,14.99,,,,0.9343,0.0231,0.7382,10.0008,1.153499960899353,1.0958,0.7844,7.4977,10.7852,8.559,1.1535,2026-08-09
bwp-BW31,Victory Cup,holofoil,BW Black Star Promos,BW31,Promo,5ban Graphics,Item,,Trainer,2011/03/01,"tcgplayer,cardmarket",https://prices.pokemontcg.io/tcgplayer/bwp-BW31,https://images.pokemontcg.io/bwp/BW31_hires.png,2026/08/08,2026/06/05,150.0,375.0,399.8999938964844,399.989990234375,,,,,,112.9276,112.9161,129.3535,0.0,112.91609954833984,136.0784,90.1922,138.42,47.4781,24.1081,1.1535,2026-08-09
xy4-38,Swalot,normal,Phantom Forces,38,Rare,Tomokazu Komiya,Stage 1,317,Pokémon,2014/11/05,"tcgplayer,cardmarket",https://prices.pokemontcg.io/tcgplayer/xy4-38,https://images.pokemontcg.io/xy4/38_hires.png,2026/08/08,2026/03/11,1.4,0.75,1.2999999523162842,19.979999542236328,,3.89,,,,1.661,0.0577,2.2839,8.7089,1.7187000513076782,1.7879,2.0648,13.7266,7.0363,3.9565,1.1535,2026-08-09
ex6-39,Metapod,normal,FireRed & LeafGreen,39,Uncommon,Atsuko Nishida,Stage 1,11,Pokémon,2004/09/01,"tcgplayer,cardmarket",https://prices.pokemontcg.io/tcgplayer/ex6-39,https://images.pokemontcg.io/ex6/39_hires.png,2026/08/08,2026/06/22,1.37,0.9399999976158142,1.4600000381469727,96.94000244140625,,22.75,,,,1.165,0.1154,0.6344,4.0373,0.9228000044822693,0.669,1.5342,8.582,8.1206,9.401,1.1535,2026-08-09
swsh35-45,Malamar,normal,Champion's Path,45,Uncommon,kawayoo,Stage 1,687,Pokémon,2020/09/25,"tcgplayer,cardmarket",https://prices.pokemontcg.io/tcgplayer/swsh35-45,https://images.pokemontcg.io/swsh35/45_hires.png,2026/08/08,2026/02/19,0.15,0.009999999776482582,0.17000000178813934,2.990000009536743,,0.1,,,,0.0577,0.0231,0.1038,0.4153,0.05770000070333481,0.1038,0.0692,0.2884,0.3691,0.3691,1.1535,2026-08-09
xy6-40,Absol,holofoil,Roaring Skies,40,Rare Holo,Kagemaru Himeno,Basic,359,Pokémon,2015/05/06,"tcgplayer,cardmarket",https://prices.pokemontcg.io/tcgplayer/xy6-40,https://images.pokemontcg.io/xy6/40_hires.png,2026/08/08,2026/03/11,1.11,0.5,1.0299999713897705,3.490000009536743,,1.11,,,,2.3993,0.5652,2.307,2.307,1.0151000022888184,2.1801,2.157,5.7675,2.9645,2.4454,1.1535,2026-08-09
xy8-37,Prinplup,normal,BREAKthrough,37,Uncommon,kirisAki,Stage 1,394,Pokémon,2015/11/04,"tcgplayer,cardmarket",https://prices.pokemontcg.io/tcgplayer/xy8-37,https://images.pokemontcg.io/xy8/37_hires.png,2026/08/08,2026/03/07,0.21,0.05999999865889549,0.23999999463558197,1000.0,,0.64,,,,0.1615,0.0231,0.2538,0.0,0.28839999437332153,0.2422,0.2076,1.0151,0.6921,0.6806,1.1535,2026-08-09
xy0-35,Poké Ball,normal,Kalos Starter Set,35,,5ban Graphics,Item,,Trainer,2013/11/08,"tcgplayer,cardmarket",https://prices.pokemontcg.io/tcgplayer/xy0-35,https://images.pokemontcg.io/xy0/35_hires.png,2026/08/08,2026/06/21,0.14,0.029999999329447746,0.20000000298023224,19.979999542236328,,,,,,0.1154,0.0231,0.0807,0.0,0.18459999561309814,0.0807,0.1038,0.1154,0.1154,0.1154,1.1535,2026-08-09
sm4-34,Alolan Golem-GX,holofoil,Crimson Invasion,34,Rare Holo GX,5ban Graphics,Stage 2|GX,76,Pokémon,2017/11/03,"tcgplayer,cardmarket",https://prices.pokemontcg.io/tcgplayer/sm4-34,https://images.pokemontcg.io/sm4/34_hires.png,2026/08/08,2026/03/11,2.31,0.75,2.490000009536743,26.139999389648438,,,,,,3.126,1.0381,3.0568,0.0,2.687700033187866,2.7684,2.8607,2.307,3.5297,4.1987,1.1535,2026-08-09
gym2-46,Koga's Golbat,unlimited,Gym Challenge,46,Uncommon,Ken Sugimori,Stage 1,42,Pokémon,2000/10/16,"tcgplayer,cardmarket",https://prices.pokemontcg.io/tcgplayer/gym2-46,https://images.pokemontcg.io/gym2/46_hires.png,2026/08/08,2026/06/22,3.73,1.3600000143051147,3.319999933242798,48.650001525878906,,,,,"{""1stEdition"": {""low"": 3.08, ""mid"": 5.95, ""high"": 59.92, ""market"": 5.64, ""directLow"": null}}",2.7915,0.4614,2.3185,0.0,4.902400016784668,3.1837,2.9184,1.1535,1.1535,1.1535,1.1535,2026-08-09
hgss1-48,Parasect,normal,HeartGold & SoulSilver,48,Uncommon,Midori Harada,Stage 1,47,Pokémon,2010/02/10,"tcgplayer,cardmarket",https://prices.pokemontcg.io/tcgplayer/hgss1-48,https://images.pokemontcg.io/hgss1/48_hires.png,2026/08/08,2026/02/19,1.32,0.25,0.47999998927116394,19.979999542236328,,1.28,,,,0.3691,0.0231,0.2884,1.7302,0.46140000224113464,0.3922,0.4153,2.134,1.6149,1.5457,1.1535,2026-08-09
ex13-42,Gloom δ,normal,Holon Phantoms,42,Uncommon,Midori Harada,Stage 1,44,Pokémon,2006/05/01,"tcgplayer,cardmarket",https://prices.pokemontcg.io/tcgplayer/ex13-42,https://images.pokemontcg.io/ex13/42_hires.png,2026/08/08,2026/05/14,2.35,1.25,2.3499999046325684,29.700000762939453,,36.37,,,,0.8421,0.0231,1.5457,2.9991,4.602499961853027,1.9494,1.1304,4.4986,5.6637,7.5439,1.1535,2026-08-09
pl3-40,Roserade C,normal,Supreme Victors,40,Rare,kawayoo,Basic|SP,407,Pokémon,2009/08/19,"tcgplayer,cardmarket",https://prices.pokemontcg.io/tcgplayer/pl3-40,https://images.pokemontcg.io/pl3/40_hires.png,2026/08/08,2026/03/11,3.55,1.0,2.0,43.099998474121094,,24.99,,,,0.8536,0.0577,1.1766,6.3442,1.1073999404907227,0.8536,1.3496,3.8065,4.3718,4.291,1.1535,2026-08-09
ex11-41,Dragonair δ,normal,Delta Species,41,Uncommon,Hajime Kusajima,Stage 1,148,Pokémon,2005/10/31,"tcgplayer,cardmarket",https://prices.pokemontcg.io/tcgplayer/ex11-41,https://images.pokemontcg.io/ex11/41_hires.png,2026/08/08,2026/06/11,7.69,2.6500000953674316,7.289999961853027,98.94000244140625,,65.49,,,,3.3336,0.0577,5.5253,14.6033,4.556300163269043,3.8412,3.1375,14.4187,14.8686,19.6556,1.1535,2026-08-09
ex4-44,Psyduck,normal,Team Magma vs Team Aqua,44,Common,Ken Sugimori,Basic,54,Pokémon,2004/03/01,"tcgplayer,cardmarket",https://prices.pokemontcg.io/tcgplayer/ex4-44,https://images.pokemontcg.io/ex4/44_hires.png,2026/08/08,2026/06/21,31.69,26.100000381469727,34.2400016784668,459.70001220703125,,249.99,,,,11.2928,0.5767,10.9236,94.4832,8.997300148010254,14.5918,11.1774,102.6615,74.1239,52.7842,1.1535,2026-08-09
sm9-44,Blitzle,normal,Team Up,44,Common,Akira Komayama,Basic,522,Pokémon,2019/02/01,"tcgplayer,cardmarket",https://prices.pokemontcg.io/tcgplayer/sm9-44,https://images.pokemontcg.io/sm9/44_hires.png,2026/08/08,2026/02/19,0.16,0.029999999329447746,0.20000000298023224,19.979999542236328,,0.38,,,,0.1038,0.0231,0.1154,0.3345,0.023099999874830246,0.1269,0.0923,0.2192,0.346,0.3576,1.1535,2026-08-09
sm1-40,Brionne,normal,Sun & Moon,40,Uncommon,Saya Tsuruta,Stage 1,729,Pokémon,2017/02/03,"tcgplayer,cardmarket",https://prices.pokemontcg.io/tcgplayer/sm1-40,https://images.pokemontcg.io/sm1/40_hires.png,2026/08/08,2026/02/21,0.23,0.07999999821186066,0.2800000011920929,1000.0,,0.73,,,,0.2768,0.0231,0.2076,0.3576,0.09229999780654907,0.2999,0.2768,0.5767,0.4037,0.3576,1.1535,2026-08-09
ex14-40,Shuppet,normal,Crystal Guardians,40,Uncommon,Atsuko Nishida,Basic,353,Pokémon,2006/08/01,"tcgplayer,cardmarket",https://prices.pokemontcg.io/tcgplayer/ex14-40,https://images.pokemontcg.io/ex14/40_hires.png,2026/08/08,2026/06/11,1.03,0.6299999952316284,1.0099999904632568,19.979999542236328,,17.12,,,,0.9805,0.0577,0.8882,5.1907,0.3345000147819519,0.2884,0.7613,5.7675,9.551,8.3744,1.1535,2026-08-09
bw10-47,Machop,normal,Plasma Blast,47,Common,sui,Basic,66,Pokémon,2013/08/14,"tcgplayer,cardmarket",https://prices.pokemontcg.io/tcgplayer/bw10-47,https://images.pokemontcg.io/bw10/47_hires.png,2026/08/08,2026/02/22,0.34,0.09000000357627869,0.33000001311302185,5.0,,0.86,,,,0.2076,0.0231,0.1846,0.346,0.11540000140666962,0.1269,0.173,0.5652,0.6229,0.8536,1.1535,2026-08-09
bw2-36,Woobat,normal,Emerging Powers,36,Common,Masakazu Fukuda,Basic,527,Pokémon,2011/08/31,"tcgplayer,cardmarket",https://prices.pokemontcg.io/tcgplayer/bw2-36,https://images.pokemontcg.io/bw2/36_hires.png,2026/08/08,2026/03/11,0.26,0.09000000357627869,0.25,19.979999542236328,,0.87,,,,0.0807,0.0231,0.0923,1.7302,0.023099999874830246,0.0807,0.1154,1.7302,0.9459,0.7728,1.1535,2026-08-09
xy10-42,Pupitar,normal,Fates Collide,42,Uncommon,match,Stage 1,247,Pokémon,2016/05/02,"tcgplayer,cardmarket",https://prices.pokemontcg.io/tcgplayer/xy10-42,https://images.pokemontcg.io/xy10/42_hires.png,2026/08/08,2026/02/22,0.17,0.05000000074505806,0.20000000298023224,19.979999542236328,,0.49,,,,0.0692,0.0231,0.1154,0.5767,0.09229999780654907,0.0923,0.1038,0.1384,0.5767,0.7844,1.1535,2026-08-09
base5-40,Dark Machoke,unlimited,Team Rocket,40,Uncommon,Mitsuhiro Arita,Stage 1,67,Pokémon,2000/04/24,"tcgplayer,cardmarket",https://prices.pokemontcg.io/tcgplayer/base5-40,https://images.pokemontcg.io/base5/40_hires.png,2026/08/08,2026/06/22,2.75,0.75,2.200000047683716,96.94999694824219,,,,,"{""1stEdition"": {""low"": 2.5, ""mid"": 5.94, ""high"": 96.95, ""market"": 6.63, ""directLow"": 4.11}}",3.9565,0.0577,5.6637,0.0,5.882800102233887,4.937,3.8642,4.0373,2.2724,2.2724,1.1535,2026-08-09
xy7-43,M Tyranitar-EX,holofoil,Ancient Origins,43,Rare Holo EX,5ban Graphics,MEGA|EX,248,Pokémon,2015/08/12,"tcgplayer,cardmarket",https://prices.pokemontcg.io/tcgplayer/xy7-43,https://images.pokemontcg.io/xy7/43_hires.png,2026/08/08,2026/02/22,29.44,13.0,26.489999771118164,149.72000122070312,,,,,,48.5739,5.7675,51.0424,0.0,19.609500885009766,22.1357,31.629,7.9476,8.3398,6.7134,1.1535,2026-08-09
swshp-SWSH035,Decidueye,holofoil,SWSH Black Star Promos,SWSH035,Promo,Souichirou Gunjima,Stage 2,724,Pokémon,2019/11/15,"tcgplayer,cardmarket",https://prices.pokemontcg.io/tcgplayer/swshp-SWSH035,https://images.pokemontcg.io/swshp/SWSH035_hires.png,2026/08/08,2026/03/11,6.56,5.0,6.550000190734863,1000.0,,,,,,17.9023,3.3451,14.6148,0.0,5.536799907684326,12.8385,15.8606,11.3504,10.3469,9.0665,1.1535,2026-08-09
g1-30,Zubat,normal,Generations,30,Common,match,Basic,41,Pokémon,2016/02/22,"tcgplayer,cardmarket",https://prices.pokemontcg.io/tcgplayer/g1-30,https://images.pokemontcg.io/g1/30_hires.png,2026/08/08,2026/05/16,0.25,0.10000000149011612,0.25,19.979999542236328,,0.67,,,,0.1038,0.0231,0.1038,0.819,0.11540000140666962,0.0923,0.1384,0.4037,0.4499,0.7959,1.1535,2026-08-09
bw1-40,Blitzle,normal,Black & White,40,Common,Kouki Saitou,Basic,522,Pokémon,2011/04/25,"tcgplayer,cardmarket",https://prices.pokemontcg.io/tcgplayer/bw1-40,https://images.pokemontcg.io/bw1/40_hires.png,2026/08/08,2026/03/11,0.28,0.03999999910593033,0.25,1.25,,2.11,,,,0.4268,0.0231,0.5075,0.8421,0.13840000331401825,0.4499,0.2538,1.142,1.2573,0.9574,1.1535,2026-08-09
mcd11-5,Alomomola,holofoil,McDonald's Collection 2011,5,,sui,Basic,594,Pokémon,2011/06/17,"tcgplayer,cardmarket",https://prices.pokemontcg.io/tcgplayer/mcd11-5,https://images.pokemontcg.io/mcd11/5_hires.png,2026/08/08,2026/07/01,4.2,2.4800000190734863,3.759999990463257,50.0,,,,,,1.9033,0.0923,1.5918,0.0,2.306999921798706,1.3035,1.8456,0.7498,0.9689,0.819,1.1535,2026-08-09
sm12-45,Wailmer,normal,Cosmic Eclipse,45,Common,Tomokazu Komiya,Basic,320,Pokémon,2019/11/01,"tcgplayer,cardmarket",https://prices.pokemontcg.io/tcgplayer/sm12-45,https://images.pokemontcg.io/sm12/45_hires.png,2026/08/08,2026/02/21,0.57,0.10000000149011612,0.5400000214576721,19.979999542236328,,7.28,,,,0.1269,0.0231,0.15,0.7267,0.05770000070333481,0.15,0.1154,0.5767,0.4845,0.5652,1.1535,2026-08-09
ecard2-16,Hypno,normal,Aquapolis,16,Rare,Mitsuhiro Arita,Stage 1,97,Pokémon,2003/01/15,"tcgplayer,cardmarket",https://prices.pokemontcg.io/tcgplayer/ecard2-16,https://images.pokemontcg.io/ecard2/16_hires.png,2026/08/08,2026/06/21,32.19,41.97999954223633,50.9900016784668,203.6999969482422,,59.95,,,,11.3504,3.4605,13.8189,25.1578,6.921000003814697,10.7968,11.2351,10.9582,25.1463,18.306,1.1535,2026-08-09
base4-42,Growlithe,normal,Base Set 2,42,Uncommon,Ken Sugimori,Basic,58,Pokémon,2000/02/24,"tcgplayer,cardmarket",https://prices.pokemontcg.io/tcgplayer/base4-42,https://images.pokemontcg.io/base4/42_hires.png,2026/08/08,2026/06/22,1.67,0.49000000953674316,1.2699999809265137,6.590000152587891,,,,,,2.2032,0.1961,2.2839,0.0,3.4028000831604004,1.8341,2.3531,0.7498,0.7498,0.7498,1.1535,2026-08-09
base6-38,Dark Dragonair,normal,Legendary Collection,38,Uncommon,Kagemaru Himeno,Stage 1,148,Pokémon,2002/05/24,"tcgplayer,cardmarket",https://prices.pokemontcg.io/tcgplayer/base6-38,https://images.pokemontcg.io/base6/38_hires.png,2026/08/08,2026/06/22,5.06,2.2300000190734863,4.400000095367432,48.56999969482422,,300.0,,,,3.622,0.5767,65.6688,153.4155,519.0750122070312,46.0939,16.2067,265.305,242.5464,158.9754,1.1535,2026-08-09
pl1-43,Carnivine,normal,Platinum,43,Uncommon,Mitsuhiro Arita,Basic,455,Pokémon,2009/02/11,"tcgplayer,cardmarket",https://prices.pokemontcg.io/tcgplayer/pl1-43,https://images.pokemontcg.io/pl1/43_hires.png,2026/08/08,2026/03/07,0.52,0.14000000059604645,0.49000000953674316,19.979999542236328,,3.32,,,,0.1384,0.0231,0.1154,3.1491,0.11540000140666962,0.1154,0.2192,6.8979,2.1224,1.2458,1.1535,2026-08-09
bw6-44,Manectric,normal,Dragons Exalted,44,Rare,Masakazu Fukuda,Stage 1,310,Pokémon,2012/08/15,"tcgplayer,cardmarket",https://prices.pokemontcg.io/tcgplayer/bw6-44,https://images.pokemontcg.io/bw6/44_hires.png,2026/08/08,2026/03/11,0.71,0.23000000417232513,0.5,19.979999542236328,,1.47,,,,1.0035,0.0577,0.8651,0.5767,0.9804999828338623,0.7152,0.8074,0.5767,1.6726,1.2458,1.1535,2026-08-09
hgss2-42,Wartortle,normal,HS—Unleashed,42,Uncommon,Masakazu Fukuda,Stage 1,8,Pokémon,2010/05/12,"tcgplayer,cardmarket",https://prices.pokemontcg.io/tcgplayer/hgss2-42,https://images.pokemontcg.io/hgss2/42_hires.png,2026/08/08,2026/03/07,2.9,0.6499999761581421,2.609999895095825,26.600000381469727,,18.79,,,,0.6806,0.0231,0.5767,2.5838,0.51910001039505,0.8074,0.6806,0.2192,2.3301,3.8412,1.1535,2026-08-09
smp-SM33,Tapu Koko-GX,holofoil,SM Black Star Promos,SM33,Promo,5ban Graphics,Basic|GX,785,Pokémon,2017/02/03,"tcgplayer,cardmarket",https://prices.pokemontcg.io/tcgplayer/smp-SM33,https://images.pokemontcg.io/smp/SM33_hires.png,2026/08/08,2026/03/08,2.42,0.7400000095367432,1.7100000381469727,17.899999618530273,,,,,,1.7418,0.4499,1.7187,0.0,1.9148000478744507,1.6264,1.5572,2.307,3.2067,2.976,1.1535,2026-08-09
dp5-37,Grotle,normal,Majestic Dawn,37,Uncommon,Daisuke Ito,Stage 1,388,Pokémon,2008/05/01,"tcgplayer,cardmarket",https://prices.pokemontcg.io/tcgplayer/dp5-37,https://images.pokemontcg.io/dp5/37_hires.png,2026/08/08,2026/04/11,0.62,0.20000000298023224,0.6000000238418579,19.979999542236328,,9.91,,,,0.2884,0.0231,0.1961,0.5421,0.08070000261068344,0.2422,0.2422,0.2307,0.9343,2.0302,1.1535,2026-08-09
swsh1-44,Kingler,normal,Sword & Shield,44,Uncommon,tetsuya koizumi,Stage 1,99,Pokémon,2020/02/07,"tcgplayer,cardmarket",https://prices.pokemontcg.io/tcgplayer/swsh1-44,https://images.pokemontcg.io/swsh1/44_hires.png,2026/08/08,2026/02/19,0.21,0.019999999552965164,0.2199999988079071,19.979999542236328,,0.42,,,,0.1846,0.0231,0.15,0.9343,0.17299999296665192,0.1846,0.1846,0.7959,1.165,0.992,1.1535,2026-08-09
ex2-35,Electabuzz,normal,Sandstorm,35,Uncommon,Kouki Saitou,Basic,125,Pokémon,2003/09/18,"tcgplayer,cardmarket",https://prices.pokemontcg.io/tcgplayer/ex2-35,https://images.pokemontcg.io/ex2/35_hires.png,2026/08/08,2026/06/22,2.38,1.4800000190734863,2.799999952316284,26.399999618530273,,16.19,,,,2.4224,0.1154,2.4454,5.8828,1.7302000522613525,2.6069,1.9033,9.7817,5.9982,5.9867,1.1535,2026-08-09
bw3-39,Tynamo,normal,Noble Victories,39,Common,Naoki Saito,Basic,602,Pokémon,2011/11/16,"tcgplayer,cardmarket",https://prices.pokemontcg.io/tcgplayer/bw3-39,https://images.pokemontcg.io/bw3/39_hires.png,2026/08/08,2026/03/11,0.34,0.18000000715255737,0.33000001311302185,19.979999542236328,,5.98,,,,0.1615,0.0231,0.1384,0.0,0.10379999876022339,0.173,0.1269,0.9228,0.8305,0.6921,1.1535,2026-08-09
sm5-41,Frost Rotom,normal,Ultra Prism,41,Rare,MAHOU,Basic,479,Pokémon,2018/02/02,"tcgplayer,cardmarket",https://prices.pokemontcg.io/tcgplayer/sm5-41,https://images.pokemontcg.io/sm5/41_hires.png,2026/08/08,2026/02/21,1.48,0.8500000238418579,1.5099999904632568,19.979999542236328,,3.96,,,,0.5306,0.0231,0.669,0.646,1.1419999599456787,0.6344,0.5537,0.1269,0.6229,0.7728,1.1535,2026-08-09
ecard1-34,Ampharos,normal,Expedition Base Set,34,Rare,Atsuko Nishida,Stage 2,181,Pokémon,2002/09/15,"tcgplayer,cardmarket",https://prices.pokemontcg.io/tcgplayer/ecard1-34,https://images.pokemontcg.io/ecard1/34_hires.png,2026/08/08,2026/06/26,24.06,28.0,35.0,300.0,,102.99,,,,3.8642,1.3842,5.2946,16.9103,3.114500045776367,4.0949,6.1943,5.756,29.0567,14.2227,1.1535,2026-08-09
neo1-38,Lanturn,unlimited,Neo Genesis,38,Uncommon,Ken Sugimori,Stage 1,171,Pokémon,2000/12/16,"tcgplayer,cardmarket",https://prices.pokemontcg.io/tcgplayer/neo1-38,https://images.pokemontcg.io/neo1/38_hires.png,2026/08/08,2026/06/22,1.12,0.25,0.800000011920929,45.0,,,,,"{""1stEdition"": {""low"": 1.26, ""mid"": 2.27, ""high"": 39.3, ""market"": 2.77, ""directLow"": null}}",0.9343,0.0231,1.0497,0.0,1.1419999599456787,0.8997,0.9113,2.307,2.307,2.307,1.1535,2026-08-09
ex1-32,Grovyle,normal,Ruby & Sapphire,32,Uncommon,Ken Sugimori,Stage 1,253,Pokémon,2003/07/01,"tcgplayer,cardmarket",https://prices.pokemontcg.io/tcgplayer/ex1-32,https://images.pokemontcg.io/ex1/32_hires.png,2026/08/08,2026/06/27,4.03,1.5700000524520874,4.03000020980835,40.29999923706055,,22.57,,,,2.5838,0.1154,2.4916,24.9848,1.153499960899353,2.2955,2.2263,17.3025,12.1117,9.0665,1.1535,2026-08-09
sm7-42,Huntail,normal,Celestial Storm,42,Uncommon,Shigenori Negishi,Stage 1,367,Pokémon,2018/08/03,"tcgplayer,cardmarket",https://prices.pokemontcg.io/tcgplayer/sm7-42,https://images.pokemontcg.io/sm7/42_hires.png,2026/08/08,2026/02/19,0.31,0.10000000149011612,0.3199999928474426,19.979999542236328,,0.55,,,,0.4268,0.0346,0.323,1.1304,0.23070000112056732,0.3345,0.2538,1.3842,0.6344,0.5652,1.1535,2026-08-09
dp1-44,Cascoon,normal,Diamond & Pearl,44,Uncommon,Ken Sugimori,Stage 1,268,Pokémon,2007/05/01,"tcgplayer,cardmarket",https://prices.pokemontcg.io/tcgplayer/dp1-44,https://images.pokemontcg.io/dp1/44_hires.png,2026/08/08,2026/03/11,0.58,0.25,0.5799999833106995,3.0,,2.72,,,,0.2768,0.0231,0.2999,1.3957,0.08070000261068344,0.2076,0.2307,0.2192,0.9805,1.1881,1.1535,2026-08-09
sm6-38,Heliolisk,normal,Forbidden Light,38,Uncommon,otumami,Stage 1,695,Pokémon,2018/05/04,"tcgplayer,cardmarket",https://prices.pokemontcg.io/tcgplayer/sm6-38,https://images.pokemontcg.io/sm6/38_hires.png,2026/08/08,2026/03/11,0.19,0.05000000074505806,0.23999999463558197,19.979999542236328,,0.4,,,,0.1038,0.0231,0.1038,0.4153,0.219200000166893,0.1154,0.1384,0.5767,0.496,0.5191,1.1535,2026-08-09
sm3-39,Tapu Fini-GX,holofoil,Burning Shadows,39,Rare Holo GX,5ban Graphics,Basic|GX,788,Pokémon,2017/08/05,"tcgplayer,cardmarket",https://prices.pokemontcg.io/tcgplayer/sm3-39,https://images.pokemontcg.io/sm3/39_hires.png,2026/08/08,2026/03/11,2.54,1.5,2.509999990463257,787.1699829101562,,,,,,2.63,0.5652,2.5031,0.0,2.4800000190734863,2.5838,2.4454,2.6415,3.1606,2.7684,1.1535,2026-08-09
bw9-42,Nidoqueen,normal,Plasma Freeze,42,Rare,Mizue,Stage 2,31,Pokémon,2013/05/08,"tcgplayer,cardmarket",https://prices.pokemontcg.io/tcgplayer/bw9-42,https://images.pokemontcg.io/bw9/42_hires.png,2026/08/08,2026/02/24,1.63,0.5,1.6100000143051147,19.989999771118164,,3.01,,,,1.4649,0.2307,1.3035,3.4605,2.306999921798706,1.0035,1.1881,3.449,3.3682,3.0568,1.1535,2026-08-09
ex3-42,Shelgon,normal,Dragon,42,Uncommon,Ken Sugimori,Stage 1,372,Pokémon,2003/11/24,"tcgplayer,cardmarket",https://prices.pokemontcg.io/tcgplayer/ex3-42,https://images.pokemontcg.io/ex3/42_hires.png,2026/08/08,2026/06/21,1.93,1.0,1.5,27.899999618530273,,7.13,,,,0.9459,0.1038,1.1304,0.0,1.5571999549865723,0.9459,1.2689,4.614,2.6415,2.2609,1.1535,2026-08-09
ex7-41,Dark Pupitar,normal,Team Rocket Returns,41,Uncommon,Emi Miwa,Stage 1,247,Pokémon,2004/11/01,"tcgplayer,cardmarket",https://prices.pokemontcg.io/tcgplayer/ex7-41,https://images.pokemontcg.io/ex7/41_hires.png,2026/08/08,2026/06/21,11.27,8.270000457763672,11.25,174.6999969482422,,71.74,,,,6.0213,1.142,6.5173,28.7798,3.4028000831604004,5.8367,5.2138,28.826,28.4684,21.6051,1.1535,2026-08-09
base1-44,Bulbasaur,normal,Base,44,Common,Mitsuhiro Arita,Basic,1,Pokémon,1999/01/09,"tcgplayer,cardmarket",https://prices.pokemontcg.io/tcgplayer/base1-44,https://images.pokemontcg.io/base1/44_hires.png,2026/08/08,2026/07/01,3.59,0.75,2.0,74.98999786376953,,,,,,5.929,2.307,2.1801,0.0,5.75600004196167,5.6522,8.9512,0.0,0.0,0.0,1.1535,2026-08-09
neo4-42,Hitmonlee,unlimited,Neo Destiny,42,Uncommon,Yukiko Baba,Basic,106,Pokémon,2002/02/28,"tcgplayer,cardmarket",https://prices.pokemontcg.io/tcgplayer/neo4-42,https://images.pokemontcg.io/neo4/42_hires.png,2026/08/08,2026/06/21,2.06,1.159999966621399,2.0299999713897705,28.100000381469727,,,,,"{""1stEdition"": {""low"": 9.99, ""mid"": 25.0, ""high"": 134.28, ""market"": 12.56, ""directLow"": 29.99}}",2.3185,0.0577,2.3993,0.0,2.6530001163482666,2.48,2.5146,0.0,0.0,0.0,1.1535,2026-08-09
ex16-35,Metang,normal,Power Keepers,35,Uncommon,Tomokazu Komiya,Stage 1,375,Pokémon,2007/02/02,"tcgplayer,cardmarket",https://prices.pokemontcg.io/tcgplayer/ex16-35,https://images.pokemontcg.io/ex16/35_hires.png,2026/08/08,2026/06/11,1.82,1.100000023841858,4.989999771118164,31.59000015258789,,18.51,,,,2.0994,0.0923,2.4916,10.7391,3.4605000019073486,3.2759,1.4534,11.535,10.5545,9.6548,1.1535,2026-08-09
neo2-34,Ursaring,unlimited,Neo Discovery,34,Rare,Naoyo Kimura,Stage 1,217,Pokémon,2001/06/01,"tcgplayer,cardmarket",https://prices.pokemontcg.io/tcgplayer/neo2-34,https://images.pokemontcg.io/neo2/34_hires.png,2026/08/08,2026/07/01,6.16,4.0,6.159999847412109,65.0,,,,,"{""1stEdition"": {""low"": 100.0, ""mid"": 196.35, ""high"": 289.7, ""market"": 14.04, ""directLow"": null}}",6.2289,0.5767,6.0674,0.0,8.339799880981445,6.2404,5.4791,2.8722,6.921,5.5368,1.1535,2026-08-09
dc1-34,Double Magma Energy,normal,Double Crisis,34,Uncommon,5ban Graphics,Special,,Energy,2015/03/25,"tcgplayer,cardmarket",https://prices.pokemontcg.io/tcgplayer/dc1-34,https://images.pokemontcg.io/dc1/34_hires.png,2026/08/08,2026/06/21,0.72,0.20000000298023224,0.7200000286102295,19.979999542236328,,2.46,,,,1.7995,0.346,2.3762,8.0745,2.306999921798706,2.2609,2.1109,4.614,10.0124,5.5483,1.1535,2026-08-09
ex10-41,Magcargo,normal,Unseen Forces,41,Uncommon,Tomokazu Komiya,Stage 1,219,Pokémon,2005/08/01,"tcgplayer,cardmarket",https://prices.pokemontcg.io/tcgplayer/ex10-41,https://images.pokemontcg.io/ex10/41_hires.png,2026/08/08,2026/06/21,2.13,0.800000011920929,2.0,27.260000228881836,,26.72,,,,1.6841,0.0231,0.9228,6.4019,0.6690000295639038,0.5767,1.315,5.756,6.8056,5.779,1.1535,2026-08-09
bw11-46,Zapdos,holofoil,Legendary Treasures,46,Rare Holo,Kouki Saitou,Basic,145,Pokémon,2013/11/06,"tcgplayer,cardmarket",https://prices.pokemontcg.io/tcgplayer/bw11-46,https://images.pokemontcg.io/bw11/46_hires.png,2026/08/08,2026/03/11,5.91,3.509999990463257,5.96999979019165,99.98999786376953,,9.39,,,,3.7489,2.7684,3.9911,11.5235,3.9679999351501465,3.8642,3.6912,11.5235,11.4081,7.7746,1.1535,2026-08-09
bw5-36,Swanna,normal,Dark Explorers,36,Rare,Mizue,Stage 1,581,Pokémon,2012/05/09,"tcgplayer,cardmarket",https://prices.pokemontcg.io/tcgplayer/bw5-36,https://images.pokemontcg.io/bw5/36_hires.png,2026/08/08,2026/03/11,0.7,0.3499999940395355,0.699999988079071,2.549999952316284,,2.24,,,,0.4153,0.0231,0.6114,1.0381,0.40369999408721924,0.6114,0.5767,1.0381,1.3727,1.1996,1.1535,2026-08-09
sma-SV36,Diancie,holofoil,Hidden Fates Shiny Vault,SV36,Rare Shiny,Akira Komayama,Basic,719,Pokémon,2019/08/23,"tcgplayer,cardmarket",https://prices.pokemontcg.io/tcgplayer/sma-SV36,https://images.pokemontcg.io/sma/SV36_hires.png,2026/08/08,2026/03/11,5.0,3.690000057220459,5.619999885559082,60.459999084472656,,,,,,3.0452,0.5767,3.4144,2.7684,4.025700092315674,3.1375,2.9068,2.7684,2.9184,3.4144,1.1535,2026-08-09
sm10-34,Wartortle,normal,Unbroken Bonds,34,Uncommon,Hiroki Asanuma,Stage 1,8,Pokémon,2019/05/03,"tcgplayer,cardmarket",https://prices.pokemontcg.io/tcgplayer/sm10-34,https://images.pokemontcg.io/sm10/34_hires.png,2026/08/08,2026/03/11,0.69,0.25,0.7200000286102295,18.0,,1.67,,,,0.4845,0.0231,0.3807,1.9033,0.17299999296665192,0.4845,0.4729,2.1916,1.7072,2.307,1.1535,2026-08-09
swsh4-39,Drednaw,normal,Vivid Voltage,39,Rare,Taira Akitsu,Stage 1,834,Pokémon,2020/11/13,"tcgplayer,cardmarket",https://prices.pokemontcg.io/tcgplayer/swsh4-39,https://images.pokemontcg.io/swsh4/39_hires.png,2026/08/08,2026/02/19,0.08,0.03999999910593033,0.25,999.989990234375,,0.31,,,,2.1455,0.173,1.6841,0.0,0.09229999780654907,1.7995,1.9494,0.0,0.0,0.0,1.1535,2026-08-09
base2-34,Dodrio,unlimited,Jungle,34,Uncommon,Mitsuhiro Arita,Stage 1,85,Pokémon,1999/06/16,"tcgplayer,cardmarket",https://prices.pokemontcg.io/tcgplayer/base2-34,https://images.pokemontcg.io/base2/34_hires.png,2026/08/08,2026/07/01,2.14,0.25,0.949999988079071,20.530000686645508,,,,,"{""1stEdition"": {""low"": 1.16, ""mid"": 3.5, ""high"": 49.0, ""market"": 4.14, ""directLow"": null}}",1.9494,0.0231,0.6344,0.0,1.7994999885559082,1.5688,1.8225,0.9228,0.646,0.646,1.1535,2026-08-09
basep-40,Pokémon Center,normal,Wizards Black Star Promos,40,Promo,"""Big Mama"" Tagawa",,,Trainer,1999/07/01,"tcgplayer,cardmarket",https://prices.pokemontcg.io/tcgplayer/basep-40,https://images.pokemontcg.io/basep/40_hires.png,2026/07/31,2026/07/01,1108.0,2499.0,2499.0,2499.0,,,,,,1268.7924,3459.3464,871.1347,0.0,1326.5135498046875,855.2395,716.3235,0.0,0.0,0.0,1.1535,2026-08-09
swsh2-37,Galarian Mr. Mime,normal,Rebel Clash,37,Common,kirisAki,Basic,122,Pokémon,2020/05/01,"tcgplayer,cardmarket",https://prices.pokemontcg.io/tcgplayer/swsh2-37,https://images.pokemontcg.io/swsh2/37_hires.png,2026/08/08,2026/03/09,0.03,0.009999999776482582,0.20000000298023224,20.0,,0.34,,,,0.0461,0.0231,0.0231,0.2422,0.023099999874830246,0.0461,0.0692,0.1154,0.2076,0.2538,1.1535,2026-08-09
dp3-46,Charmeleon,normal,Secret Wonders,46,Uncommon,Atsuko Nishida,Stage 1,5,Pokémon,2007/11/01,"tcgplayer,cardmarket",https://prices.pokemontcg.io/tcgplayer/dp3-46,https://images.pokemontcg.io/dp3/46_hires.png,2026/08/08,2026/03/07,1.84,0.6000000238418579,1.2599999904632568,19.979999542236328,,15.22,,,,0.496,0.0231,0.2422,3.7719,0.34599998593330383,0.1384,0.4614,2.5492,2.976,3.8065,1.1535,2026-08-09
xy1-42,Pikachu,normal,XY,42,Common,MAHOU,Basic,25,Pokémon,2014/02/05,"tcgplayer,cardmarket",https://prices.pokemontcg.io/tcgplayer/xy1-42,https://images.pokemontcg.io/xy1/42_hires.png,2026/08/08,2026/03/07,3.07,0.75,3.0,29.989999771118164,,13.08,,,,3.4951,0.1154,7.6938,13.8305,1.9608999490737915,10.866,5.3753,16.0913,13.1153,10.8775,1.1535,2026-08-09
sm75-40a,Altaria,,Dragon Majesty,40a,Rare Holo,Shin Nagasawa,Stage 1,334,Pokémon,2018/09/07,cardmarket,https://prices.pokemontcg.io/cardmarket/sm75-40a,https://images.pokemontcg.io/sm75/40a_hires.png,,2026/03/11,,,,,,,,,,1.1766,0.4037,1.4419,0.0,0.28839999437332153,0.7959,1.7418,1.4995,1.6149,1.6264,1.1535,2026-08-09
np-35,Pikachu δ,normal,Nintendo Black Star Promos,35,Promo,Ryo Ueda,Basic,25,Pokémon,2003/10/01,"tcgplayer,cardmarket",https://prices.pokemontcg.io/tcgplayer/np-35,https://images.pokemontcg.io/np/35_hires.png,2026/08/08,2026/07/01,249.66,799.989990234375,799.989990234375,799.989990234375,197.76,,,,,380.6319,276.84,309.634,0.0,461.38848876953125,344.389,222.4179,34.0282,42.7487,41.5721,1.1535,2026-08-09
neo3-38,Stantler,unlimited,Neo Revelation,38,Uncommon,Yukiko Baba,Basic,234,Pokémon,2001/09/21,"tcgplayer,cardmarket",https://prices.pokemontcg.io/tcgplayer/neo3-38,https://images.pokemontcg.io/neo3/38_hires.png,2026/08/08,2026/07/01,1.13,0.5199999809265137,1.1200000047683716,17.760000228881836,,,,,"{""1stEdition"": {""low"": 1.1, ""mid"": 4.99, ""high"": 32.1, ""market"": 3.34, ""directLow"": null}}",1.7995,0.1154,2.2378,0.0,0.6114000082015991,2.6646,1.6264,0.0,0.0,0.0,1.1535,2026-08-09
sm11-37,Snorunt,normal,Unified Minds,37,Common,Naoyo Kimura,Basic,361,Pokémon,2019/08/02,"tcgplayer,cardmarket",https://prices.pokemontcg.io/tcgplayer/sm11-37,https://images.pokemontcg.io/sm11/37_hires.png,2026/08/08,2026/03/11,0.23,0.05000000074505806,0.23999999463558197,19.979999542236328,,0.57,,,,0.1154,0.0231,0.0577,0.3114,0.08070000261068344,0.0461,0.0923,0.5767,1.2227,0.7036,1.1535,2026-08-09
bw4-47,Blitzle,normal,Next Destinies,47,Common,sui,Basic,522,Pokémon,2012/02/08,"tcgplayer,cardmarket",https://prices.pokemontcg.io/tcgplayer/bw4-47,https://images.pokemontcg.io/bw4/47_hires.png,2026/08/08,2026/02/22,0.29,0.10000000149011612,0.30000001192092896,5.0,,0.7,,,,0.15,0.0231,0.2307,1.0035,0.10379999876022339,0.2192,0.1384,1.1535,0.8536,0.6114,1.1535,2026-08-09
dp2-37,Unown [I],normal,Mysterious Treasures,37,Rare,Daisuke Ito,Basic,201,Pokémon,2007/08/01,"tcgplayer,cardmarket",https://prices.pokemontcg.io/tcgplayer/dp2-37,https://images.pokemontcg.io/dp2/37_hires.png,2026/08/08,2026/05/07,2.06,0.949999988079071,1.7999999523162842,19.979999542236328,,8.8,,,,2.2609,0.1154,1.6149,2.2032,1.038100004196167,2.2609,1.7879,5.1907,3.9565,3.968,1.1535,2026-08-09
sm35-34,Minun,normal,Shining Legends,34,Common,nagimiso,Basic,312,Pokémon,2017/10/06,"tcgplayer,cardmarket",https://prices.pokemontcg.io/tcgplayer/sm35-34,https://images.pokemontcg.io/sm35/34_hires.png,2026/08/08,2026/03/11,0.38,0.07000000029802322,0.3499999940395355,19.979999542236328,,1.21,,,,0.0807,0.0231,0.0461,0.5537,0.05770000070333481,0.0577,0.0807,0.4614,0.5421,0.5421,1.1535,2026-08-09
xy2-49,Barbaracle,normal,Flashfire,49,Rare,5ban Graphics,Stage 1,689,Pokémon,2014/05/07,"tcgplayer,cardmarket",https://prices.pokemontcg.io/tcgplayer/xy2-49,https://images.pokemontcg.io/xy2/49_hires.png,2026/08/08,2026/02/19,0.53,0.15000000596046448,0.5199999809265137,19.989999771118164,,0.73,,,,0.8305,0.0231,0.8421,1.3265,0.05770000070333481,0.7498,0.6575,2.307,1.1535,1.2112,1.1535,2026-08-09
xy11-45,Nidoking,normal,Steam Siege,45,Rare,Mina Nakai,Stage 2,34,Pokémon,2016/08/03,"tcgplayer,cardmarket",https://prices.pokemontcg.io/tcgplayer/xy11-45,https://images.pokemontcg.io/xy11/45_hires.png,2026/08/08,2026/02/22,0.78,0.3700000047683716,0.8100000023841858,19.979999542236328,,3.66,,,,0.9805,0.1038,1.984,3.4951,4.371799945831299,2.4108,1.3611,3.4605,2.7338,3.126,1.1535,2026-08-09
sm2-42,Alolan Golem,holofoil,Guardians Rising,42,Rare Holo,Shin Nagasawa,Stage 2,76,Pokémon,2017/05/05,"tcgplayer,cardmarket",https://prices.pokemontcg.io/tcgplayer/sm2-42,https://images.pokemontcg.io/sm2/42_hires.png,2026/08/08,2026/02/22,0.6,0.18000000715255737,0.5799999833106995,16.360000610351562,,0.48,,,,0.8536,0.0231,0.8536,0.8536,0.426800012588501,0.8997,0.6575,0.0807,0.7152,0.7844,1.1535,2026-08-09
ex12-47,Weepinbell,normal,Legend Maker,47,Uncommon,Katsura Tabata,Stage 1,70,Pokémon,2006/02/01,"tcgplayer,cardmarket",https://prices.pokemontcg.io/tcgplayer/ex12-47,https://images.pokemontcg.io/ex12/47_hires.png,2026/08/08,2026/05/07,0.41,0.15000000596046448,0.4099999964237213,19.979999542236328,,14.84,,,,0.346,0.0231,0.173,8.6166,0.11540000140666962,0.3691,0.4153,5.1907,9.2165,8.6051,1.1535,2026-08-09
sma-SV37,Altaria,holofoil,Hidden Fates Shiny Vault,SV37,Rare Shiny,kirisAki,Stage 1,334,Pokémon,2019/08/23,"tcgplayer,cardmarket",https://prices.pokemontcg.io/tcgplayer/sma-SV37,https://images.pokemontcg.io/sma/SV37_hires.png,2026/08/08,2026/03/11,6.81,4.949999809265137,7.0,53.779998779296875,,,,,,5.3522,2.1916,5.3061,0.0,3.4605000019073486,5.0985,5.1215,3.449,6.5634,5.8021,1.1535,2026-08-09
g1-31,Golbat,normal,Generations,31,Uncommon,Kanako Eo,Stage 1,42,Pokémon,2016/02/22,"tcgplayer,cardmarket",https://prices.pokemontcg.io/tcgplayer/g1-31,https://images.pokemontcg.io/g1/31_hires.png,2026/08/08,2026/05/16,0.29,0.10000000149011612,0.28999999165534973,19.979999542236328,,0.78,,,,0.2422,0.0231,0.2307,1.0958,0.1615000069141388,0.1961,0.2653,1.3265,1.0612,0.9574,1.1535,2026-08-09
sm8-43,Slugma,normal,Lost Thunder,43,Common,SATOSHI NAKAI,Basic,218,Pokémon,2018/11/02,"tcgplayer,cardmarket",https://prices.pokemontcg.io/tcgplayer/sm8-43,https://images.pokemontcg.io/sm8/43_hires.png,2026/08/08,2026/02/19,0.08,0.03999999910593033,0.20000000298023224,19.979999542236328,,0.41,,,,0.0923,0.0231,0.1154,0.6575,0.40369999408721924,0.1038,0.0807,0.1961,0.3576,0.346,1.1535,2026-08-09
base5-41,Dark Muk,unlimited,Team Rocket,41,Uncommon,Kagemaru Himeno,Stage 1,89,Pokémon,2000/04/24,"tcgplayer,cardmarket",https://prices.pokemontcg.io/tcgplayer/base5-41,https://images.pokemontcg.io/base5/41_hires.png,2026/08/08,2026/06/22,2.31,0.9399999976158142,1.340000033378601,16.06999969482422,,,,,"{""1stEdition"": {""low"": 2.0, ""mid"": 4.0, ""high"": 93.99, ""market"": 5.57, ""directLow"": 2.56}}",2.6761,0.0923,2.7338,0.0,3.4374001026153564,2.2839,2.7338,1.7187,0.8074,0.8074,1.1535,2026-08-09
sm35-35,Zekrom,holofoil,Shining Legends,35,Rare Holo,nagimiso,Basic,644,Pokémon,2017/10/06,"tcgplayer,cardmarket",https://prices.pokemontcg.io/tcgplayer/sm35-35,https://images.pokemontcg.io/sm35/35_hires.png,2026/08/08,2026/03/11,0.48,0.11999999731779099,0.5299999713897705,2.799999952316284,,0.56,,,,0.5421,0.0231,0.6114,0.646,0.28839999437332153,0.5075,0.4845,0.5767,0.7613,0.6229,1.1535,2026-08-09
ex3-43,Shuppet,normal,Dragon,43,Uncommon,Aya Kusube,Basic,353,Pokémon,2003/11/24,"tcgplayer,cardmarket",https://prices.pokemontcg.io/tcgplayer/ex3-43,https://images.pokemontcg.io/ex3/43_hires.png,2026/08/08,2026/06/21,27.43,18.850000381469727,30.0,239.89999389648438,,79.99,,,,5.1215,0.2307,5.9059,33.1285,7.497700214385986,4.1526,4.2449,38.4462,26.7843,16.1605,1.1535,2026-08-09
bw11-47,Plusle,normal,Legendary Treasures,47,Uncommon,Kouki Saitou,Basic,311,Pokémon,2013/11/06,"tcgplayer,cardmarket",https://prices.pokemontcg.io/tcgplayer/bw11-47,https://images.pokemontcg.io/bw11/47_hires.png,2026/08/08,2026/03/11,2.89,1.25,2.890000104904175,39.0,,3.37,,,,1.1074,0.346,2.307,6.1482,5.709799766540527,2.1916,1.7302,6.1482,6.771,3.5066,1.1535,2026-08-09
swsh3-39,Milotic,holofoil,Darkness Ablaze,39,Rare Holo,AKIRA EGAWA,Stage 1,350,Pokémon,2020/08/14,"tcgplayer,cardmarket",https://prices.pokemontcg.io/tcgplayer/swsh3-39,https://images.pokemontcg.io/swsh3/39_hires.png,2026/08/08,2026/02/24,0.63,0.10999999940395355,0.5899999737739563,5.0,,0.74,,,,0.7844,0.1038,0.5652,1.1535,0.23070000112056732,0.4845,0.7844,0.3345,1.0035,1.0497,1.1535,2026-08-09
sm12-46,Wailord,normal,Cosmic Eclipse,46,Rare,Kyoko Umemoto,Stage 1,321,Pokémon,2019/11/01,"tcgplayer,cardmarket",https://prices.pokemontcg.io/tcgplayer/sm12-46,https://images.pokemontcg.io/sm12/46_hires.png,2026/08/08,2026/02/21,0.53,0.20000000298023224,0.5,19.979999542236328,,0.91,,,,0.6575,0.0231,0.3691,1.1535,0.3230000138282776,0.323,0.4383,2.307,1.3842,1.315,1.1535,2026-08-09
ex9-45,Doduo,normal,Emerald,45,Common,Hajime Kusajima,Basic,84,Pokémon,2005/05/01,"tcgplayer,cardmarket",https://prices.pokemontcg.io/tcgplayer/ex9-45,https://images.pokemontcg.io/ex9/45_hires.png,2026/08/08,2026/04/11,0.47,0.30000001192092896,0.5400000214576721,19.979999542236328,,14.42,,,,0.4037,0.0231,0.3345,3.3336,0.25380000472068787,0.3114,0.3922,2.4685,3.2067,3.3798,1.1535,2026-08-09
smp-SM34,Bewear-GX,holofoil,SM Black Star Promos,SM34,Promo,5ban Graphics,Stage 1|GX,760,Pokémon,2017/02/03,"tcgplayer,cardmarket",https://prices.pokemontcg.io/tcgplayer/smp-SM34,https://images.pokemontcg.io/smp/SM34_hires.png,2026/08/08,2026/03/08,2.55,1.899999976158142,2.5799999237060547,95.5,,,,,,1.4419,0.346,1.3035,0.0,1.61489999294281,1.5226,1.9494,1.2689,2.3301,2.3993,1.1535,2026-08-09
swsh1-45,Goldeen,normal,Sword & Shield,45,Common,Suwama Chiaki,Basic,118,Pokémon,2020/02/07,"tcgplayer,cardmarket",https://prices.pokemontcg.io/tcgplayer/swsh1-45,https://images.pokemontcg.io/swsh1/45_hires.png,2026/08/08,2026/02/19,0.06,0.009999999776482582,0.15000000596046448,2.990000009536743,,0.27,,,,0.0692,0.0231,0.0692,0.173,0.023099999874830246,0.0692,0.0807,0.2653,0.2884,0.2768,1.1535,2026-08-09
dp1-45,Cherrim,normal,Diamond & Pearl,45,Uncommon,Atsuko Nishida,Stage 1,421,Pokémon,2007/05/01,"tcgplayer,cardmarket",https://prices.pokemontcg.io/tcgplayer/dp1-45,https://images.pokemontcg.io/dp1/45_hires.png,2026/08/08,2026/03/11,1.03,0.30000001192092896,0.8399999737739563,19.979999542236328,,5.51,,,,2.7338,0.0231,0.0231,1.5572,0.11540000140666962,0.3922,2.1916,0.2884,1.9494,2.1224,1.1535,2026-08-09
xy0-36,Pokémon Catcher,normal,Kalos Starter Set,36,,5ban Graphics,Item,,Trainer,2013/11/08,"tcgplayer,cardmarket",https://prices.pokemontcg.io/tcgplayer/xy0-36,https://images.pokemontcg.io/xy0/36_hires.png,2026/08/08,2026/06/21,0.46,0.15000000596046448,0.3100000023841858,19.979999542236328,,,,,,3.1145,0.1154,3.1606,0.0,1.3265000581741333,3.2067,4.0257,1.142,0.9805,1.4995,1.1535,2026-08-09
xy2-50,Sneasel,normal,Flashfire,50,Uncommon,Mizue,Basic,215,Pokémon,2014/05/07,"tcgplayer,cardmarket",https://prices.pokemontcg.io/tcgplayer/xy2-50,https://images.pokemontcg.io/xy2/50_hires.png,2026/08/08,2026/02/19,0.23,0.05000000074505806,0.25,19.979999542236328,,1.22,,,,0.1038,0.0231,0.2538,0.5306,0.3345000147819519,0.1269,0.2884,0.6921,0.4268,0.4037,1.1535,2026-08-09
neo1-39,Ledian,unlimited,Neo Genesis,39,Uncommon,Ken Sugimori,Stage 1,166,Pokémon,2000/12/16,"tcgplayer,cardmarket",https://prices.pokemontcg.io/tcgplayer/neo1-39,https://images.pokemontcg.io/neo1/39_hires.png,2026/08/08,2026/06/22,1.63,0.5899999737739563,1.4500000476837158,22.489999771118164,,,,,"{""1stEdition"": {""low"": 1.09, ""mid"": 2.29, ""high"": 96.45, ""market"": 2.42, ""directLow"": 96.45}}",1.0728,0.0231,0.8421,0.0,0.5536999702453613,0.8651,1.0381,0.0,0.0,0.0,1.1535,2026-08-09
bw9-43,Nidoran ♂,normal,Plasma Freeze,43,Common,Masakazu Fukuda,Basic,32,Pokémon,2013/05/08,"tcgplayer,cardmarket",https://prices.pokemontcg.io/tcgplayer/bw9-43,https://images.pokemontcg.io/bw9/43_hires.png,2026/08/08,2026/02/24,0.3,0.12999999523162842,0.28999999165534973,19.979999542236328,,1.78,,,,0.1846,0.0231,0.1615,0.5767,0.05770000070333481,0.1384,0.1384,0.5767,0.5537,0.669,1.1535,2026-08-09
xy11-46,Drifloon,normal,Steam Siege,46,Common,kodama,Basic,425,Pokémon,2016/08/03,"tcgplayer,cardmarket",https://prices.pokemontcg.io/tcgplayer/xy11-46,https://images.pokemontcg.io/xy11/46_hires.png,2026/08/08,2026/02/19,0.2,0.009999999776482582,0.2199999988079071,19.399999618530273,,0.34,,,,0.0807,0.0231,0.1154,0.2653,0.04610000178217888,0.0807,0.0807,0.2422,0.2307,0.2538,1.1535,2026-08-09
bw10-48,Machoke,normal,Plasma Blast,48,Uncommon,match,Stage 1,67,Pokémon,2013/08/14,"tcgplayer,cardmarket",https://prices.pokemontcg.io/tcgplayer/bw10-48,https://images.pokemontcg.io/bw10/48_hires.png,2026/08/08,2026/02/22,0.38,0.10000000149011612,0.3799999952316284,17.520000457763672,,0.99,,,,0.3807,0.0231,0.2999,0.0,0.11540000140666962,0.323,0.3576,2.307,1.3035,0.9228,1.1535,2026-08-09
xy10-43,Regirock-EX,holofoil,Fates Collide,43,Rare Holo EX,PLANETA,Basic|EX,377,Pokémon,2016/05/02,"tcgplayer,cardmarket",https://prices.pokemontcg.io/tcgplayer/xy10-43,https://images.pokemontcg.io/xy10/43_hires.png,2026/08/08,2026/02/22,2.43,0.8700000047683716,2.430000066757202,5.5,,,,,,3.3451,0.8651,3.2183,0.0,3.7488999366760254,2.953,3.1145,2.953,2.8953,3.1491,1.1535,2026-08-09
hgss1-49,Quilava,normal,HeartGold & SoulSilver,49,Uncommon,Kagemaru Himeno,Stage 1,156,Pokémon,2010/02/10,"tcgplayer,cardmarket",https://prices.pokemontcg.io/tcgplayer/hgss1-49,https://images.pokemontcg.io/hgss1/49_hires.png,2026/08/08,2026/02/19,1.98,0.75,1.4299999475479126,26.399999618530273,,7.09,,,,0.3345,0.0231,0.6575,2.0763,0.23070000112056732,0.7613,0.4845,9.228,2.9876,2.5377,1.1535,2026-08-09
neo2-35,Wobbuffet,unlimited,Neo Discovery,35,Rare,Hironobu Yoshida,Basic,202,Pokémon,2001/06/01,"tcgplayer,cardmarket",https://prices.pokemontcg.io/tcgplayer/neo2-35,https://images.pokemontcg.io/neo2/35_hires.png,2026/08/08,2026/07/01,5.24,3.1700000762939453,5.150000095367432,59.5,,,,,"{""1stEdition"": {""low"": 9.95, ""mid"": 22.69, ""high"": 144.4, ""market"": 15.1, ""directLow"": null}}",6.1251,1.1535,7.1863,0.0,4.602499961853027,5.0523,7.2324,11.5235,4.7293,2.9184,1.1535,2026-08-09
ecard1-35,Arbok,normal,Expedition Base Set,35,Rare,Kyoko Umemoto,Stage 1,24,Pokémon,2002/09/15,"tcgplayer,cardmarket",https://prices.pokemontcg.io/tcgplayer/ecard1-35,https://images.pokemontcg.io/ecard1/35_hires.png,2026/08/08,2026/06/26,12.05,11.0,18.469999313354492,192.0,,44.0,,,,4.6025,0.8074,3.3567,5.5599,1.6726000308990479,4.1641,5.3292,3.4374,20.5554,17.4294,1.1535,2026-08-09
sm2-43,Helioptile,normal,Guardians Rising,43,Common,Masakazu Fukuda,Basic,694,Pokémon,2017/05/05,"tcgplayer,cardmarket",https://prices.pokemontcg.io/tcgplayer/sm2-43,https://images.pokemontcg.io/sm2/43_hires.png,2026/08/08,2026/02/22,0.12,0.029999999329447746,0.1899999976158142,19.979999542236328,,0.28,,,,0.0461,0.0231,0.0577,0.1846,0.023099999874830246,0.0461,0.0577,0.173,0.2192,0.2653,1.1535,2026-08-09
sm10-35,Blastoise-GX,holofoil,Unbroken Bonds,35,Rare Holo GX,sadaji,Stage 2|GX,9,Pokémon,2019/05/03,"tcgplayer,cardmarket",https://prices.pokemontcg.io/tcgplayer/sm10-35,https://images.pokemontcg.io/sm10/35_hires.png,2026/08/08,2026/03/11,17.25,10.5,18.989999771118164,629.0999755859375,,,,,,10.393,3.4605,9.8855,0.0,8.051400184631348,8.7666,10.2431,17.3025,10.2661,9.2049,1.1535,2026-08-09
neo3-39,Unown [B],unlimited,Neo Revelation,39,Uncommon,CR CG gangs,Basic,201,Pokémon,2001/09/21,"tcgplayer,cardmarket",https://prices.pokemontcg.io/tcgplayer/neo3-39,https://images.pokemontcg.io/neo3/39_hires.png,2026/08/08,2026/07/01,3.27,0.800000011920929,2.2300000190734863,78.76000213623047,,,,,"{""1stEdition"": {""low"": 1.95, ""mid"": 5.27, ""high"": 62.5, ""market"": 5.32, ""directLow"": null}}",1.7879,0.0577,2.653,0.0,1.4534000158309937,3.8296,2.0532,0.0,0.0,0.0,1.1535,2026-08-09
base4-43,Haunter,normal,Base Set 2,43,Uncommon,Keiji Kinebuchi,Stage 1,93,Pokémon,2000/02/24,"tcgplayer,cardmarket",https://prices.pokemontcg.io/tcgplayer/base4-43,https://images.pokemontcg.io/base4/43_hires.png,2026/08/08,2026/06/22,1.65,0.4000000059604645,1.0,175.0,,,,,,1.3611,0.0577,1.0035,0.0,0.35760000348091125,1.1881,1.4765,0.346,0.7498,0.7498,1.1535,2026-08-09
xy12-37,Magnemite,normal,Evolutions,37,Common,Keiji Kinebuchi,Basic,81,Pokémon,2016/11/02,"tcgplayer,cardmarket",https://prices.pokemontcg.io/tcgplayer/xy12-37,https://images.pokemontcg.io/xy12/37_hires.png,2026/08/08,2026/03/11,0.06,0.009999999776482582,0.20000000298023224,19.979999542236328,,0.37,,,,0.0807,0.0231,0.0807,0.4845,0.05770000070333481,0.1038,0.0807,0.173,0.4729,0.4383,1.1535,2026-08-09
bw4-48,Zebstrika,normal,Next Destinies,48,Rare,Naoki Saito,Stage 1,523,Pokémon,2012/02/08,"tcgplayer,cardmarket",https://prices.pokemontcg.io/tcgplayer/bw4-48,https://images.pokemontcg.io/bw4/48_hires.png,2026/08/08,2026/02/22,0.61,0.25,0.6299999952316284,19.979999542236328,,1.15,,,,0.6806,0.0231,0.8767,1.4188,0.51910001039505,0.669,0.7498,2.307,1.3842,1.4649,1.1535,2026-08-09
xy7-44,Sableye,normal,Ancient Origins,44,Uncommon,Hitoshi Ariga,Basic,302,Pokémon,2015/08/12,"tcgplayer,cardmarket",https://prices.pokemontcg.io/tcgplayer/xy7-44,https://images.pokemontcg.io/xy7/44_hires.png,2026/08/08,2026/02/22,0.19,0.05000000074505806,0.25,19.979999542236328,,0.62,,,,0.496,0.0231,0.4153,0.5537,0.023099999874830246,0.1615,0.3922,0.5652,0.5767,0.6344,1.1535,2026-08-09
dp7-35,Dusclops,normal,Stormfront,35,Uncommon,Sumiyoshi Kizuki,Stage 1,356,Pokémon,2008/11/01,"tcgplayer,cardmarket",https://prices.pokemontcg.io/tcgplayer/dp7-35,https://images.pokemontcg.io/dp7/35_hires.png,2026/08/08,2026/05/14,0.77,0.25,0.7699999809265137,19.979999542236328,,1.27,,,,0.2884,0.0231,0.2076,0.646,0.05770000070333481,0.1846,0.3114,0.5767,0.7844,0.646,1.1535,2026-08-09
swsh2-38,Galarian Mr. Rime,normal,Rebel Clash,38,Rare,Mitsuhiro Arita,Stage 1,866,Pokémon,2020/05/01,"tcgplayer,cardmarket",https://prices.pokemontcg.io/tcgplayer/swsh2-38,https://images.pokemontcg.io/swsh2/38_hires.png,2026/08/08,2026/03/08,0.31,0.05000000074505806,0.3100000023841858,999.989990234375,,0.59,,,,0.2538,0.0231,0.2422,0.5767,0.11540000140666962,0.2422,0.2422,1.7302,0.6806,0.7267,1.1535,2026-08-09
swsh35-46,Nickit,normal,Champion's Path,46,Common,Naoki Saito,Basic,827,Pokémon,2020/09/25,"tcgplayer,cardmarket",https://prices.pokemontcg.io/tcgplayer/swsh35-46,https://images.pokemontcg.io/swsh35/46_hires.png,2026/08/08,2026/02/19,0.19,0.019999999552965164,0.20000000298023224,19.979999542236328,,0.15,,,,0.0692,0.0231,0.0807,0.323,0.023099999874830246,0.0692,0.0577,0.4499,0.3691,0.2884,1.1535,2026-08-09
sm7-43,Gorebyss,normal,Celestial Storm,43,Uncommon,Mizue,Stage 1,368,Pokémon,2018/08/03,"tcgplayer,cardmarket",https://prices.pokemontcg.io/tcgplayer/sm7-43,https://images.pokemontcg.io/sm7/43_hires.png,2026/08/08,2026/02/19,0.29,0.1599999964237213,0.30000001192092896,19.979999542236328,,0.46,,,,0.2999,0.0461,0.2653,0.7267,1.153499960899353,0.2884,0.1846,0.2307,0.7844,0.6229,1.1535,2026-08-09
sm75-41,Altaria-GX,holofoil,Dragon Majesty,41,Rare Holo GX,5ban Graphics,Stage 1|GX,334,Pokémon,2018/09/07,"tcgplayer,cardmarket",https://prices.pokemontcg.io/tcgplayer/sm75-41,https://images.pokemontcg.io/sm75/41_hires.png,2026/08/08,2026/03/11,4.15,3.0,4.150000095367432,43.099998474121094,,,,,,9.4702,1.142,8.4667,0.0,9.227999687194824,9.0896,6.7595,3.449,4.3948,4.118,1.1535,2026-08-09
sm3-39a,Tapu Fini-GX,,Burning Shadows,39a,Rare Holo GX,5ban Graphics,Basic|GX,788,Pokémon,2017/08/05,cardmarket,https://prices.pokemontcg.io/cardmarket/sm3-39a,https://images.pokemontcg.io/sm3/39a_hires.png,,2026/03/11,,,,,,,,,,5.8944,2.1916,4.9831,0.0,4.152599811553955,5.8944,4.9716,3.4605,5.7214,3.9104,1.1535,2026-08-09
dp3-47,Cloyster,normal,Secret Wonders,47,Uncommon,Ken Sugimori,Stage 1,91,Pokémon,2007/11/01,"tcgplayer,cardmarket",https://prices.pokemontcg.io/tcgplayer/dp3-47,https://images.pokemontcg.io/dp3/47_hires.png,2026/08/08,2026/03/07,0.66,0.20999999344348907,0.6499999761581421,19.979999542236328,,11.37,,,,0.3576,0.0231,0.3922,1.5226,0.219200000166893,0.4153,0.346,0.5767,1.165,1.3265,1.1535,2026-08-09
ex2-36,Elekid,normal,Sandstorm,36,Uncommon,Kouki Saitou,Basic,239,Pokémon,2003/09/18,"tcgplayer,cardmarket",https://prices.pokemontcg.io/tcgplayer/ex2-36,https://images.pokemontcg.io/ex2/36_hires.png,2026/08/08,2026/06/22,2.88,1.940000057220459,3.6700000762939453,33.099998474121094,,11.0,,,,2.3531,0.173,2.3301,6.921,0.46140000224113464,2.2609,1.9494,4.6025,5.2484,5.8252,1.1535,2026-08-09
base6-39,Dark Wartortle,normal,Legendary Collection,39,Uncommon,Kagemaru Himeno,Stage 1,8,Pokémon,2002/05/24,"tcgplayer,cardmarket",https://prices.pokemontcg.io/tcgplayer/base6-39,https://images.pokemontcg.io/base6/39_hires.png,2026/08/08,2026/06/22,3.32,1.25,1.7400000095367432,36.400001525878906,,325.0,,,,2.2147,0.4614,2.5492,118.799,3.4605000019073486,3.3105,2.9991,230.6423,92.2685,106.791,1.1535,2026-08-09
ex10-42,Miltank,normal,Unseen Forces,42,Uncommon,Tomokazu Komiya,Basic,241,Pokémon,2005/08/01,"tcgplayer,cardmarket",https://prices.pokemontcg.io/tcgplayer/ex10-42,https://images.pokemontcg.io/ex10/42_hires.png,2026/08/08,2026/06/21,13.52,14.529999732971191,35.0,299.79998779296875,,75.0,,,,3.1145,0.8074,3.0106,42.6795,5.75600004196167,3.7835,3.4028,17.3025,23.4853,16.3682,1.1535,2026-08-09
xy9-36,Ducklett,normal,BREAKpoint,36,Common,Atsuko Nishida,Basic,580,Pokémon,2016/02/03,"tcgplayer,cardmarket",https://prices.pokemontcg.io/tcgplayer/xy9-36,https://images.pokemontcg.io/xy9/36_hires.png,2026/08/08,2026/03/11,0.04,0.009999999776482582,0.2199999988079071,1000.0,,0.48,,,,0.0923,0.0231,0.1384,0.5652,0.06920000165700912,0.173,0.1154,0.6921,0.6921,0.6229,1.1535,2026-08-09
np-36,Tropical Tidal Wave,,Nintendo Black Star Promos,36,Promo,Sumiyoshi Kizuki,Item,,Trainer,2003/10/01,cardmarket,https://prices.pokemontcg.io/tcgplayer/np-36,https://images.pokemontcg.io/np/36_hires.png,2023/03/27,2026/07/01,,,,,,,,,,176.4855,173.025,372.0499,0.0,176.48550415039062,327.4094,357.3197,57.5596,57.5596,57.5596,1.1535,2026-08-09
hgss4-46,Nidorino,normal,HS—Triumphant,46,Uncommon,match,Stage 1,33,Pokémon,2010/11/03,"tcgplayer,cardmarket",https://prices.pokemontcg.io/tcgplayer/hgss4-46,https://images.pokemontcg.io/hgss4/46_hires.png,2026/08/08,2026/03/11,0.33,0.20000000298023224,0.36000001430511475,19.979999542236328,,1.99,,,,0.2884,0.0231,0.2653,2.1916,0.19609999656677246,0.2307,0.2653,2.1916,1.9609,1.4303,1.1535,2026-08-09
ex15-33,Kirlia δ,normal,Dragon Frontiers,33,Uncommon,Kyoko Umemoto,Stage 1,281,Pokémon,2006/11/01,"tcgplayer,cardmarket",https://prices.pokemontcg.io/tcgplayer/ex15-33,https://images.pokemontcg.io/ex15/33_hires.png,2026/08/08,2026/06/21,1.64,0.8999999761581421,1.3899999856948853,25.799999237060547,,35.33,,,,0.6575,0.0577,0.7382,11.535,0.28839999437332153,0.6806,0.646,6.8518,16.0452,10.9236,1.1535,2026-08-09
sm6-39,Xurkitree,normal,Forbidden Light,39,Rare,Shin Nagasawa,Basic|Ultra Beast,796,Pokémon,2018/05/04,"tcgplayer,cardmarket",https://prices.pokemontcg.io/tcgplayer/sm6-39,https://images.pokemontcg.io/sm6/39_hires.png,2026/08/08,2026/02/22,2.23,1.0,2.259999990463257,5.989999771118164,,4.02,,,,1.3381,0.1615,1.3035,2.7453,0.23070000112056732,1.2458,1.2112,3.4605,2.8261,2.0186,1.1535,2026-08-09
hgss3-42,Aron,normal,HS—Undaunted,42,Common,match,Basic,304,Pokémon,2010/08/18,"tcgplayer,cardmarket",https://prices.pokemontcg.io/tcgplayer/hgss3-42,https://images.pokemontcg.io/hgss3/42_hires.png,2026/08/08,2026/03/11,0.34,0.10000000149011612,0.3499999940395355,19.979999542236328,,1.58,,,,0.1846,0.0231,0.1615,2.48,0.09229999780654907,0.173,0.1615,1.7302,1.7995,1.3611,1.1535,2026-08-09
sm115-45,Farfetch'd,normal,Hidden Fates,45,Uncommon,Eri Yamaki,Basic,83,Pokémon,2019/08/23,"tcgplayer,cardmarket",https://prices.pokemontcg.io/tcgplayer/sm115-45,https://images.pokemontcg.io/sm115/45_hires.png,2026/08/08,2026/03/07,0.28,0.019999999552965164,0.25,2.75,,0.35,,,,0.0692,0.0231,0.1038,0.3691,0.023099999874830246,0.0807,0.0692,0.4499,0.4729,0.3691,1.1535,2026-08-09
dp5-38,Kangaskhan,normal,Majestic Dawn,38,Uncommon,Atsuko Nishida,Basic,115,Pokémon,2008/05/01,"tcgplayer,cardmarket",https://prices.pokemontcg.io/tcgplayer/dp5-38,https://images.pokemontcg.io/dp5/38_hires.png,2026/08/08,2026/03/08,0.76,0.4399999976158142,0.7300000190734863,18.5,,4.16,,,,0.2768,0.0231,0.1961,1.1535,0.28839999437332153,0.173,0.323,0.9228,1.4303,1.3265,1.1535,2026-08-09
ex4-45,Slowpoke,normal,Team Magma vs Team Aqua,45,Common,Ken Sugimori,Basic,79,Pokémon,2004/03/01,"tcgplayer,cardmarket",https://prices.pokemontcg.io/tcgplayer/ex4-45,https://images.pokemontcg.io/ex4/45_hires.png,2026/08/08,2026/06/21,12.92,7.989999771118164,15.0,84.5999984741211,,57.41,,,,3.6335,0.2307,4.0142,27.6725,2.987600088119507,2.9645,3.2413,29.9795,26.4844,20.763,1.1535,2026-08-09
ex14-41,Skitty,normal,Crystal Guardians,41,Uncommon,Miki Tanaka,Basic,300,Pokémon,2006/08/01,"tcgplayer,cardmarket",https://prices.pokemontcg.io/tcgplayer/ex14-41,https://images.pokemontcg.io/ex14/41_hires.png,2026/08/08,2026/06/11,1.54,0.75,1.600000023841858,19.979999542236328,,20.24,,,,0.646,0.0231,0.5537,3.4605,0.5651999711990356,0.5075,0.7036,4.6025,5.0408,5.6522,1.1535,2026-08-09
bw8-44,Magneton,normal,Plasma Storm,44,Uncommon,MAHOU,Stage 1,82,Pokémon,2013/02/06,"tcgplayer,cardmarket",https://prices.pokemontcg.io/tcgplayer/bw8-44,https://images.pokemontcg.io/bw8/44_hires.png,2026/08/08,2026/02/24,0.36,0.15000000596046448,0.36000001430511475,19.979999542236328,,2.66,,,,0.2538,0.0807,0.2884,0.0,0.23070000112056732,0.2884,0.3576,1.3265,2.1109,1.488,1.1535,2026-08-09
swshp-SWSH036,Arctozolt,holofoil,SWSH Black Star Promos,SWSH036,Promo,Hasuno,Stage 1,881,Pokémon,2019/11/15,"tcgplayer,cardmarket",https://prices.pokemontcg.io/tcgplayer/swshp-SWSH036,https://images.pokemontcg.io/swshp/SWSH036_hires.png,2026/08/08,2026/02/22,43.42,42.0,43.9900016784668,442.70001220703125,,,,,,12.677,4.5563,8.9742,0.0,12.677000045776367,10.6007,16.0106,17.291,6.1482,7.0133,1.1535,2026-08-09
ex11-42,Dragonair δ,normal,Delta Species,42,Uncommon,Mitsuhiro Arita,Stage 1,148,Pokémon,2005/10/31,"tcgplayer,cardmarket",https://prices.pokemontcg.io/tcgplayer/ex11-42,https://images.pokemontcg.io/ex11/42_hires.png,2026/08/08,2026/06/11,11.45,11.989999771118164,19.940000534057617,359.8999938964844,,64.13,,,,3.3913,0.5652,4.6717,18.456,12.400099754333496,4.8332,3.9334,9.228,23.4622,21.9626,1.1535,2026-08-09
ex16-36,Nuzleaf,normal,Power Keepers,36,Uncommon,Hajime Kusajima,Stage 1,274,Pokémon,2007/02/02,"tcgplayer,cardmarket",https://prices.pokemontcg.io/tcgplayer/ex16-36,https://images.pokemontcg.io/ex16/36_hires.png,2026/08/08,2026/06/07,0.57,0.33000001311302185,0.5400000214576721,19.979999542236328,,25.65,,,,0.4729,0.0231,0.4268,6.1828,0.11540000140666962,0.2999,0.4153,8.8819,4.8793,5.2484,1.1535,2026-08-09
xyp-XY33,Trevor,normal,XY Black Star Promos,XY33,Promo,Ken Sugimori,Supporter,,Trainer,2013/10/12,"tcgplayer,cardmarket",https://prices.pokemontcg.io/tcgplayer/xyp-XY33,https://images.pokemontcg.io/xyp/XY33_hires.png,2026/08/08,2026/03/11,1.92,0.6899999976158142,1.399999976158142,17.579999923706055,,,,,,7.7515,4.8447,6.1366,0.0,7.140200138092041,6.6326,6.0905,5.1907,3.7489,3.7489,1.1535,2026-08-09
base1-45,Caterpie,normal,Base,45,Common,Ken Sugimori,Basic,10,Pokémon,1999/01/09,"tcgplayer,cardmarket",https://prices.pokemontcg.io/tcgplayer/base1-45,https://images.pokemontcg.io/base1/45_hires.png,2026/08/08,2026/06/22,1.03,0.25,0.9300000071525574,40.0,,,,,,1.8341,0.0231,1.8687,0.0,0.3345000147819519,1.5226,1.8802,0.4037,0.3691,0.3691,1.1535,2026-08-09
hgss2-43,Aipom,normal,HS—Unleashed,43,Common,Ken Sugimori,Basic,190,Pokémon,2010/05/12,"tcgplayer,cardmarket",https://prices.pokemontcg.io/tcgplayer/hgss2-43,https://images.pokemontcg.io/hgss2/43_hires.png,2026/08/08,2026/03/07,0.34,0.15000000596046448,0.33000001311302185,19.979999542236328,,1.55,,,,4.0603,0.0231,3.6912,0.646,0.23070000112056732,0.4383,2.0302,0.1038,0.669,1.0728,1.1535,2026-08-09
ex1-33,Hariyama,normal,Ruby & Sapphire,33,Uncommon,Ken Sugimori,Stage 1,297,Pokémon,2003/07/01,"tcgplayer,cardmarket",https://prices.pokemontcg.io/tcgplayer/ex1-33,https://images.pokemontcg.io/ex1/33_hires.png,2026/08/08,2026/06/27,0.63,0.2800000011920929,0.6499999761581421,20.75,,6.33,,,,0.7728,0.0231,0.8651,9.874,0.8305000066757202,0.7382,0.7382,1.7302,6.6442,3.5297,1.1535,2026-08-09
ex6-40,Nidorina,normal,FireRed & LeafGreen,40,Uncommon,Naoyo Kimura,Stage 1,30,Pokémon,2004/09/01,"tcgplayer,cardmarket",https://prices.pokemontcg.io/tcgplayer/ex6-40,https://images.pokemontcg.io/ex6/40_hires.png,2026/08/08,2026/06/22,2.22,1.7400000095367432,2.2899999618530273,30.799999237060547,,15.74,,,,2.4108,0.0231,1.5572,6.748,0.8073999881744385,2.3647,2.7223,6.4942,6.4827,8.7089,1.1535,2026-08-09
ex7-42,Dark Weezing,normal,Team Rocket Returns,42,Uncommon,Mitsuhiro Arita,Stage 1,110,Pokémon,2004/11/01,"tcgplayer,cardmarket",https://prices.pokemontcg.io/tcgplayer/ex7-42,https://images.pokemontcg.io/ex7/42_hires.png,2026/08/08,2026/06/21,2.47,1.5,2.5,35.20000076293945,,66.75,,,,2.5262,0.5652,0.8421,32.8747,2.1800999641418457,1.984,3.3105,19.598,43.0025,21.9857,1.1535,2026-08-09
xy1-43,Raichu,holofoil,XY,43,Rare Holo,Mitsuhiro Arita,Stage 1,26,Pokémon,2014/02/05,"tcgplayer,cardmarket",https://prices.pokemontcg.io/tcgplayer/xy1-43,https://images.pokemontcg.io/xy1/43_hires.png,2026/08/08,2026/03/07,3.14,0.9200000166893005,2.119999885559082,17.40999984741211,,4.65,,,,1.9379,0.346,1.9379,4.4525,2.0302000045776367,1.9725,1.8456,4.0373,3.3798,2.4224,1.1535,2026-08-09
mcd11-6,Blitzle,holofoil,McDonald's Collection 2011,6,,Ken Sugimori,Basic,522,Pokémon,2011/06/17,"tcgplayer,cardmarket",https://prices.pokemontcg.io/tcgplayer/mcd11-6,https://images.pokemontcg.io/mcd11/6_hires.png,2026/08/08,2026/07/01,4.4,1.75,4.760000228881836,52.400001525878906,,,,,,2.9414,0.1038,1.9379,0.0,1.499500036239624,1.3957,2.2378,0.4499,0.7613,0.6344,1.1535,2026-08-09
bw7-46,Cryogonal,normal,Boundaries Crossed,46,Uncommon,Kouki Saitou,Basic,615,Pokémon,2012/11/07,"tcgplayer,cardmarket",https://prices.pokemontcg.io/tcgplayer/bw7-46,https://images.pokemontcg.io/bw7/46_hires.png,2026/08/08,2026/02/24,0.3,0.019999999552965164,0.28999999165534973,18.899999618530273,,1.29,,,,0.0807,0.0231,0.0923,0.3345,0.08070000261068344,0.0807,0.15,0.3345,0.7036,0.9113,1.1535,2026-08-09
bw2-37,Swoobat,normal,Emerging Powers,37,Rare,Shigenori Negishi,Stage 1,528,Pokémon,2011/08/31,"tcgplayer,cardmarket",https://prices.pokemontcg.io/tcgplayer/bw2-37,https://images.pokemontcg.io/bw2/37_hires.png,2026/08/08,2026/03/11,0.85,0.44999998807907104,0.7900000214576721,19.979999542236328,,1.37,,,,0.3576,0.0461,0.5191,0.8305,0.29989999532699585,0.4268,0.496,0.9228,0.7498,0.9574,1.1535,2026-08-09
bw6-45,Emolga,normal,Dragons Exalted,45,Uncommon,Kanako Eo,Basic,587,Pokémon,2012/08/15,"tcgplayer,cardmarket",https://prices.pokemontcg.io/tcgplayer/bw6-45,https://images.pokemontcg.io/bw6/45_hires.png,2026/08/08,2026/02/22,0.61,0.30000001192092896,0.5600000023841858,19.979999542236328,,5.7,,,,0.2192,0.0231,0.4499,2.0071,0.04610000178217888,0.5883,0.5998,1.0958,1.3265,1.5803,1.1535,2026-08-09
dp6-38,Regirock,normal,Legends Awakened,38,Rare,Kazuaki Aihara,Basic,377,Pokémon,2008/08/01,"tcgplayer,cardmarket",https://prices.pokemontcg.io/tcgplayer/dp6-38,https://images.pokemontcg.io/dp6/38_hires.png,2026/08/08,2026/05/03,4.96,2.200000047683716,5.0,53.0,,7.6,,,,1.8225,0.1154,1.3611,3.7489,0.51910001039505,1.661,2.0994,5.7675,3.2529,2.5723,1.1535,2026-08-09
sm4-35,Emolga,normal,Crimson Invasion,35,Uncommon,Kagemaru Himeno,Basic,587,Pokémon,2017/11/03,"tcgplayer,cardmarket",https://prices.pokemontcg.io/tcgplayer/sm4-35,https://images.pokemontcg.io/sm4/35_hires.png,2026/08/08,2026/03/11,0.21,0.009999999776482582,0.20999999344348907,19.979999542236328,,0.41,,,,0.1038,0.0231,0.1038,0.4499,0.11540000140666962,0.1038,0.0923,0.346,0.4499,0.3807,1.1535,2026-08-09
sm11-38,Froslass,holofoil,Unified Minds,38,Rare Holo,Mizue,Stage 1,478,Pokémon,2019/08/02,"tcgplayer,cardmarket",https://prices.pokemontcg.io/tcgplayer/sm11-38,https://images.pokemontcg.io/sm11/38_hires.png,2026/08/08,2026/03/11,0.72,0.5,0.75,19.979999542236328,,0.87,,,,0.9228,0.1154,0.9459,0.6344,0.5651999711990356,0.9689,0.8997,1.1535,0.9459,1.0381,1.1535,2026-08-09
gym1-43,Erika's Exeggcute,unlimited,Gym Heroes,43,Uncommon,Atsuko Nishida,Basic,102,Pokémon,2000/08/14,"tcgplayer,cardmarket",https://prices.pokemontcg.io/tcgplayer/gym1-43,https://images.pokemontcg.io/gym1/43_hires.png,2026/08/08,2026/06/22,1.67,0.75,1.399999976158142,19.979999542236328,,,,,"{""1stEdition"": {""low"": 3.5, ""mid"": 5.08, ""high"": 60.1, ""market"": 5.44, ""directLow"": 35.86}}",2.6415,0.346,2.3416,0.0,3.05679988861084,2.8722,2.4224,0.0,0.0,0.0,1.1535,2026-08-09
sm9-45,Zebstrika,normal,Team Up,45,Rare,Shin Nagasawa,Stage 1,523,Pokémon,2019/02/01,"tcgplayer,cardmarket",https://prices.pokemontcg.io/tcgplayer/sm9-45,https://images.pokemontcg.io/sm9/45_hires.png,2026/08/08,2026/02/19,0.35,0.10000000149011612,0.3499999940395355,19.979999542236328,,0.65,,,,0.3114,0.0577,0.2192,0.0,0.04610000178217888,0.2999,0.2538,0.5767,0.5767,0.5767,1.1535,2026-08-09
xy4-39,Munna,normal,Phantom Forces,39,Common,MAHOU,Basic,517,Pokémon,2014/11/05,"tcgplayer,cardmarket",https://prices.pokemontcg.io/tcgplayer/xy4-39,https://images.pokemontcg.io/xy4/39_hires.png,2026/08/08,2026/03/11,0.26,0.09000000357627869,0.27000001072883606,16.299999237060547,,0.42,,,,0.0807,0.0231,0.1038,0.6806,0.46140000224113464,0.1269,0.1269,1.0958,0.6114,0.4037,1.1535,2026-08-09
sm5-42,Manaphy,normal,Ultra Prism,42,Uncommon,kawayoo,Basic,490,Pokémon,2018/02/02,"tcgplayer,cardmarket",https://prices.pokemontcg.io/tcgplayer/sm5-42,https://images.pokemontcg.io/sm5/42_hires.png,2026/08/08,2026/02/21,0.23,0.10000000149011612,0.25,19.979999542236328,,0.55,,,,0.1154,0.0231,0.0923,0.5652,0.12690000236034393,0.1269,0.1384,0.5998,0.5652,0.5191,1.1535,2026-08-09
pl4-45,Pelipper,normal,Arceus,45,Uncommon,Naoyo Kimura,Stage 1,279,Pokémon,2009/11/04,"tcgplayer,cardmarket",https://prices.pokemontcg.io/tcgplayer/pl4-45,https://images.pokemontcg.io/pl4/45_hires.png,2026/08/08,2026/03/07,0.42,0.10000000149011612,0.4000000059604645,19.979999542236328,,1.17,,,,0.2422,0.0231,0.2768,0.9805,0.57669997215271,0.2422,0.2307,1.6495,1.0728,1.165,1.1535,2026-08-09
pl2-39,Electrode G,normal,Rising Rivals,39,Uncommon,Yusuke Ishikawa,Basic|SP,101,Pokémon,2009/05/16,"tcgplayer,cardmarket",https://prices.pokemontcg.io/tcgplayer/pl2-39,https://images.pokemontcg.io/pl2/39_hires.png,2026/08/08,2026/03/11,0.38,0.20000000298023224,0.4399999976158142,19.979999542236328,,2.14,,,,0.3922,0.0577,0.2653,0.5883,0.25380000472068787,0.2768,0.3576,4.614,1.2112,1.0843,1.1535,2026-08-09
bw1-41,Blitzle,normal,Black & White,41,Common,Kagemaru Himeno,Basic,522,Pokémon,2011/04/25,"tcgplayer,cardmarket",https://prices.pokemontcg.io/tcgplayer/bw1-41,https://images.pokemontcg.io/bw1/41_hires.png,2026/08/08,2026/03/11,0.23,0.09000000357627869,0.25,2.990000009536743,,0.91,,,,0.1615,0.0231,0.173,1.142,0.04610000178217888,0.1846,0.173,1.142,0.9689,1.0266,1.1535,2026-08-09
dp4-38,Gorebyss,normal,Great Encounters,38,Uncommon,Ken Sugimori,Stage 1,368,Pokémon,2008/02/01,"tcgplayer,cardmarket",https://prices.pokemontcg.io/tcgplayer/dp4-38,https://images.pokemontcg.io/dp4/38_hires.png,2026/08/08,2026/06/11,0.51,0.2800000011920929,0.5,18.260000228881836,,2.37,,,,0.2999,0.0231,0.2192,1.1766,0.23070000112056732,0.2538,0.2653,2.307,1.3265,1.1304,1.1535,2026-08-09
xy3-33,Thundurus,normal,Furious Fists,33,Rare,Hajime Kusajima,Basic,642,Pokémon,2014/08/13,"tcgplayer,cardmarket",https://prices.pokemontcg.io/tcgplayer/xy3-33,https://images.pokemontcg.io/xy3/33_hires.png,2026/08/08,2026/03/11,0.29,0.10000000149011612,0.30000001192092896,30.0,,0.76,,,,0.5767,0.0577,0.5537,1.5688,0.8073999881744385,0.5767,0.5883,2.7799,1.8225,1.7995,1.1535,2026-08-09
base2-35,Exeggutor,unlimited,Jungle,35,Uncommon,Kagemaru Himeno,Stage 1,103,Pokémon,1999/06/16,"tcgplayer,cardmarket",https://prices.pokemontcg.io/tcgplayer/base2-35,https://images.pokemontcg.io/base2/35_hires.png,2026/08/08,2026/07/01,1.6,0.25,1.1699999570846558,70.0,,,,,"{""1stEdition"": {""low"": 3.0, ""mid"": 4.73, ""high"": 97.8, ""market"": 6.45, ""directLow"": 39.96}}",1.488,0.0231,2.0878,0.0,0.6690000295639038,1.8571,1.6841,1.1535,0.8651,0.8651,1.1535,2026-08-09
dp2-38,Ursaring,normal,Mysterious Treasures,38,Rare,Mitsuhiro Arita,Stage 1,217,Pokémon,2007/08/01,"tcgplayer,cardmarket",https://prices.pokemontcg.io/tcgplayer/dp2-38,https://images.pokemontcg.io/dp2/38_hires.png,2026/08/08,2026/03/11,1.42,0.5299999713897705,1.0299999713897705,3.490000009536743,,4.58,,,,0.8536,0.0461,0.992,2.5608,1.1303999423980713,0.9228,1.1304,13.842,5.0639,3.1837,1.1535,2026-08-09
xy5-44,Milotic,holofoil,Primal Clash,44,Rare Holo,Sanosuke Sakuma,Stage 1,350,Pokémon,2015/02/04,"tcgplayer,cardmarket",https://prices.pokemontcg.io/tcgplayer/xy5-44,https://images.pokemontcg.io/xy5/44_hires.png,2026/08/08,2026/02/24,3.17,2.0799999237060547,3.0899999141693115,27.700000762939453,,7.17,,,,1.9725,0.1384,2.0648,4.614,2.0185999870300293,1.661,1.8225,2.307,4.8216,4.3948,1.1535,2026-08-09
base3-46,Ekans,unlimited,Fossil,46,Common,Kagemaru Himeno,Basic,23,Pokémon,1999/10/10,"tcgplayer,cardmarket",https://prices.pokemontcg.io/tcgplayer/base3-46,https://images.pokemontcg.io/base3/46_hires.png,2026/08/08,2026/06/22,0.47,0.05000000074505806,0.46000000834465027,9999.0,,,,,"{""1stEdition"": {""low"": 0.45, ""mid"": 1.98, ""high"": 39.99, ""market"": 1.98, ""directLow"": null}}",0.6344,0.0231,0.7036,0.0,0.8073999881744385,0.7267,0.6575,0.0577,0.4729,0.4729,1.1535,2026-08-09
col1-44,Flareon,normal,Call of Legends,44,Uncommon,kawayoo,Stage 1,136,Pokémon,2011/02/09,"tcgplayer,cardmarket",https://prices.pokemontcg.io/tcgplayer/col1-44,https://images.pokemontcg.io/col1/44_hires.png,2026/08/08,2026/03/07,8.13,3.25,7.309999942779541,39.95000076293945,,33.79,,,,4.3602,0.0231,4.5794,0.0,3.4605000019073486,4.7409,4.0373,40.3725,20.117,14.2919,1.1535,2026-08-09
dpp-DP43,Probopass G,holofoil,DP Black Star Promos,DP43,Promo,Ryota Saito,Basic|SP,476,Pokémon,2007/05/01,tcgplayer,https://prices.pokemontcg.io/tcgplayer/dpp-DP43,https://images.pokemontcg.io/dpp/DP43_hires.png,2026/08/08,,7.79,2.450000047683716,3.4000000953674316,33.0,,,,,,,,,,,,,,,,,2026-08-09
bw3-40,Eelektrik,normal,Noble Victories,40,Uncommon,MAHOU,Stage 1,603,Pokémon,2011/11/16,"tcgplayer,cardmarket",https://prices.pokemontcg.io/tcgplayer/bw3-40,https://images.pokemontcg.io/bw3/40_hires.png,2026/08/08,2026/03/11,0.79,0.38999998569488525,0.800000011920929,3.319999933242798,,9.56,,,,1.6495,0.0231,1.142,0.0,0.8651000261306763,1.3265,0.9805,0.5767,5.7675,5.0177,1.1535,2026-08-09
swsh4-40,Cramorant,normal,Vivid Voltage,40,Uncommon,Sanosuke Sakuma,Basic,845,Pokémon,2020/11/13,"tcgplayer,cardmarket",https://prices.pokemontcg.io/tcgplayer/swsh4-40,https://images.pokemontcg.io/swsh4/40_hires.png,2026/08/08,2026/02/19,0.12,0.009999999776482582,0.20000000298023224,25.1299991607666,,0.35,,,,0.1269,0.0231,0.0461,0.2192,0.023099999874830246,0.0461,0.0923,0.173,0.2999,0.2768,1.1535,2026-08-09
ex8-43,Nuzleaf,normal,Deoxys,43,Uncommon,Kouki Saitou,Stage 1,274,Pokémon,2005/02/01,"tcgplayer,cardmarket",https://prices.pokemontcg.io/tcgplayer/ex8-43,https://images.pokemontcg.io/ex8/43_hires.png,2026/08/08,2026/06/07,0.56,0.20000000298023224,0.5600000023841858,20.600000381469727,,24.99,,,,0.6114,0.0231,0.5767,21.0283,0.05770000070333481,0.5767,0.496,11.535,11.7888,8.2706,1.1535,2026-08-09
xy6-41,Inkay,normal,Roaring Skies,41,Common,Akira Komayama,Basic,686,Pokémon,2015/05/06,"tcgplayer,cardmarket",https://prices.pokemontcg.io/tcgplayer/xy6-41,https://images.pokemontcg.io/xy6/41_hires.png,2026/08/08,2026/02/24,0.38,0.11999999731779099,0.36000001430511475,5.0,,2.18,,,,0.1846,0.0231,0.2076,0.4037,0.23070000112056732,0.1961,0.1961,0.7959,0.4845,0.4383,1.1535,2026-08-09
pl1-44,Cascoon,normal,Platinum,44,Uncommon,Yukiko Baba,Stage 1,268,Pokémon,2009/02/11,"tcgplayer,cardmarket",https://prices.pokemontcg.io/tcgplayer/pl1-44,https://images.pokemontcg.io/pl1/44_hires.png,2026/08/08,2026/03/07,0.91,0.30000001192092896,0.7400000095367432,2.2699999809265137,,2.96,,,,0.2884,0.0346,0.3345,0.0,0.17299999296665192,0.2307,0.3114,1.4419,1.5111,0.9689,1.1535,2026-08-09
sm1-41,Primarina,normal,Sun & Moon,41,Rare,Kagemaru Himeno,Stage 2,730,Pokémon,2017/02/03,"tcgplayer,cardmarket",https://prices.pokemontcg.io/tcgplayer/sm1-41,https://images.pokemontcg.io/sm1/41_hires.png,2026/08/08,2026/02/21,0.38,0.20000000298023224,0.4399999976158142,19.979999542236328,,0.8,,,,0.5652,0.173,0.5306,0.0,1.153499960899353,0.5421,0.4845,0.2192,0.3922,0.3114,1.1535,2026-08-09
gym2-47,Koga's Kakuna,unlimited,Gym Challenge,47,Uncommon,Ken Sugimori,Stage 1,14,Pokémon,2000/10/16,"tcgplayer,cardmarket",https://prices.pokemontcg.io/tcgplayer/gym2-47,https://images.pokemontcg.io/gym2/47_hires.png,2026/08/08,2026/06/22,2.44,0.9900000095367432,2.109999895095825,44.540000915527344,,,,,"{""1stEdition"": {""low"": 3.0, ""mid"": 5.55, ""high"": 55.6, ""market"": 5.88, ""directLow"": 9.99}}",2.9299,0.2884,3.0683,0.0,1.4419000148773193,2.5723,2.7915,0.0,0.0,0.0,1.1535,2026-08-09
neo4-43,Houndour,unlimited,Neo Destiny,43,Uncommon,Yukiko Baba,Basic,228,Pokémon,2002/02/28,"tcgplayer,cardmarket",https://prices.pokemontcg.io/tcgplayer/neo4-43,https://images.pokemontcg.io/neo4/43_hires.png,2026/08/08,2026/06/21,7.45,5.0,6.929999828338623,2768.070068359375,,,,,"{""1stEdition"": {""low"": 10.33, ""mid"": 35.0, ""high"": 149.9, ""market"": 17.66, ""directLow"": null}}",5.2369,0.4614,4.5217,0.0,5.421500205993652,4.5217,5.2715,0.0,0.0,0.0,1.1535,2026-08-09
ecard2-17,Jumpluff,normal,Aquapolis,17,Rare,Yuka Morii,Stage 2,189,Pokémon,2003/01/15,"tcgplayer,cardmarket",https://prices.pokemontcg.io/tcgplayer/ecard2-17,https://images.pokemontcg.io/ecard2/17_hires.png,2026/08/08,2026/06/21,27.19,33.599998474121094,39.95000076293945,325.0,,37.42,,,,5.9521,0.6921,7.9015,6.9902,17.302499771118164,8.3513,6.0443,34.605,11.1197,12.354,1.1535,2026-08-09
basep-41,Lucky Stadium,normal,Wizards Black Star Promos,41,Promo,"""Big Mama"" Tagawa",Stadium,,Trainer,1999/07/01,"tcgplayer,cardmarket",https://prices.pokemontcg.io/tcgplayer/basep-41,https://images.pokemontcg.io/basep/41_hires.png,2026/08/08,2026/07/01,1283.67,1399.989990234375,1500.0,1599.989990234375,,,,,,1476.4685,1730.25,982.5513,0.0,1476.468505859375,872.542,721.2951,23.07,23.07,23.07,1.1535,2026-08-09
ex5-37,Igglybuff,normal,Hidden Legends,37,Uncommon,Naoyo Kimura,Basic,174,Pokémon,2004/06/01,"tcgplayer,cardmarket",https://prices.pokemontcg.io/tcgplayer/ex5-37,https://images.pokemontcg.io/ex5/37_hires.png,2026/08/08,2026/06/22,6.42,4.769999980926514,7.309999942779541,99.98999786376953,,28.24,,,,2.307,0.0346,2.4339,103.815,4.602499961853027,2.4224,1.9956,103.815,20.5208,9.5164,1.1535,2026-08-09
bw5-37,Jolteon,normal,Dark Explorers,37,Uncommon,Sumiyoshi Kizuki,Stage 1,135,Pokémon,2012/05/09,"tcgplayer,cardmarket",https://prices.pokemontcg.io/tcgplayer/bw5-37,https://images.pokemontcg.io/bw5/37_hires.png,2026/08/08,2026/03/11,7.65,5.0,10.0,147.0,,22.11,,,,80.745,72.659,101.508,0.0,80.74500274658203,104.311,73.0973,57.6635,39.8419,39.8419,1.1535,2026-08-09
bwp-BW32,Victini,holofoil,BW Black Star Promos,BW32,Promo,5ban Graphics,Basic,494,Pokémon,2011/03/01,"tcgplayer,cardmarket",https://prices.pokemontcg.io/tcgplayer/bwp-BW32,https://images.pokemontcg.io/bwp/BW32_hires.png,2026/08/08,2026/06/05,12.32,5.900000095367432,12.75,103.69999694824219,,,,,,3.9565,0.1154,4.8332,0.0,0.34599998593330383,4.937,3.4028,1.3842,0.9343,0.9113,1.1535,2026-08-09
ecard3-10,Gengar,normal,Skyridge,10,Rare,Kyoko Umemoto,Stage 2,94,Pokémon,2003/05/12,"tcgplayer,cardmarket",https://prices.pokemontcg.io/tcgplayer/ecard3-10,https://images.pokemontcg.io/ecard3/10_hires.png,2026/08/08,2026/06/21,499.99,549.989990234375,549.989990234375,549.989990234375,,,,,,113.1468,51.896,185.2752,732.4725,100.93119812011719,136.4937,188.6203,60.5587,477.6297,200.6283,1.1535,2026-08-09
ex13-43,Golduck δ,normal,Holon Phantoms,43,Uncommon,Midori Harada,Stage 1,55,Pokémon,2006/05/01,"tcgplayer,cardmarket",https://prices.pokemontcg.io/tcgplayer/ex13-43,https://images.pokemontcg.io/ex13/43_hires.png,2026/08/08,2026/03/11,3.18,1.2899999618530273,3.259999990463257,33.29999923706055,,30.0,,,,2.9414,0.2307,2.7915,23.6468,0.5651999711990356,2.2955,2.48,34.605,20.9245,12.5616,1.1535,2026-08-09
xy8-38,Empoleon,holofoil,BREAKthrough,38,Rare Holo,Satoshi Shirai,Stage 2,395,Pokémon,2015/11/04,"tcgplayer,cardmarket",https://prices.pokemontcg.io/tcgplayer/xy8-38,https://images.pokemontcg.io/xy8/38_hires.png,2026/08/08,2026/03/07,1.01,0.5099999904632568,0.9599999785423279,19.979999542236328,,1.54,,,,2.9184,0.5652,2.7684,2.2147,4.556300163269043,3.1029,2.4916,2.307,3.8065,3.1606,1.1535,2026-08-09
ex3-44,Snorunt,normal,Dragon,44,Uncommon,Sumiyoshi Kizuki,Basic,361,Pokémon,2003/11/24,"tcgplayer,cardmarket",https://prices.pokemontcg.io/tcgplayer/ex3-44,https://images.pokemontcg.io/ex3/44_hires.png,2026/08/08,2026/06/21,3.69,2.200000047683716,4.489999771118164,35.599998474121094,,24.45,,,,1.3611,0.1154,1.3611,3.7489,0.6114000082015991,1.3496,1.1881,4.2449,3.8296,2.8953,1.1535,2026-08-09
swshp-SWSH037,Hydreigon,holofoil,SWSH Black Star Promos,SWSH037,Promo,Taira Akitsu,Stage 2,635,Pokémon,2019/11/15,"tcgplayer,cardmarket",https://prices.pokemontcg.io/tcgplayer/swshp-SWSH037,https://images.pokemontcg.io/swshp/SWSH037_hires.png,2026/08/08,2026/02/22,8.31,6.0,8.3100004196167,1000.0,,,,,,19.5864,2.307,16.7373,0.0,7.497700214385986,16.4489,14.5341,17.291,7.7631,6.8403,1.1535,2026-08-09
swsh4-41,Arrokuda,normal,Vivid Voltage,41,Common,Hitoshi Ariga,Basic,846,Pokémon,2020/11/13,"tcgplayer,cardmarket",https://prices.pokemontcg.io/tcgplayer/swsh4-41,https://images.pokemontcg.io/swsh4/41_hires.png,2026/08/08,2026/02/19,0.14,0.009999999776482582,0.17000000178813934,25.139999389648438,,0.32,,,,0.0692,0.0231,0.0461,0.2884,0.023099999874830246,0.0461,0.0577,0.4614,0.323,0.2768,1.1535,2026-08-09
xy1-44,Voltorb,normal,XY,44,Common,Atsuko Nishida,Basic,100,Pokémon,2014/02/05,"tcgplayer,cardmarket",https://prices.pokemontcg.io/tcgplayer/xy1-44,https://images.pokemontcg.io/xy1/44_hires.png,2026/08/08,2026/02/22,0.22,0.10000000149011612,0.25,18.059999465942383,,1.65,,,,0.1384,0.0231,0.1615,0.8651,0.11540000140666962,0.15,0.173,1.1535,0.6575,0.8651,1.1535,2026-08-09
hgss3-43,Beldum,normal,HS—Undaunted,43,Common,TOKIYA,Basic,374,Pokémon,2010/08/18,"tcgplayer,cardmarket",https://prices.pokemontcg.io/tcgplayer/hgss3-43,https://images.pokemontcg.io/hgss3/43_hires.png,2026/08/08,2026/03/11,0.4,0.10000000149011612,0.3799999952316284,18.040000915527344,,3.48,,,,0.1846,0.0231,0.1961,1.2227,0.5651999711990356,0.2422,0.1961,3.4605,1.0035,1.315,1.1535,2026-08-09
ex4-46,Squirtle,normal,Team Magma vs Team Aqua,46,Common,Ken Sugimori,Basic,7,Pokémon,2004/03/01,"tcgplayer,cardmarket",https://prices.pokemontcg.io/tcgplayer/ex4-46,https://images.pokemontcg.io/ex4/46_hires.png,2026/08/08,2026/06/21,39.8,29.950000762939453,39.869998931884766,365.8999938964844,,349.99,,,,11.0736,0.5767,12.6424,46.9936,7.209400177001953,13.2537,11.0967,171.8715,66.0725,44.5712,1.1535,2026-08-09
ex2-37,Fearow,normal,Sandstorm,37,Uncommon,Aya Kusube,Stage 1,22,Pokémon,2003/09/18,"tcgplayer,cardmarket",https://prices.pokemontcg.io/tcgplayer/ex2-37,https://images.pokemontcg.io/ex2/37_hires.png,2026/08/08,2026/06/22,2.52,1.8300000429153442,3.299999952316284,31.899999618530273,,12.93,,,,1.6264,0.346,1.8456,3.7143,1.5571999549865723,1.5111,1.8802,4.614,5.0177,4.6255,1.1535,2026-08-09
pl1-45,Combusken,normal,Platinum,45,Uncommon,Masakazu Fukuda,Stage 1,256,Pokémon,2009/02/11,"tcgplayer,cardmarket",https://prices.pokemontcg.io/tcgplayer/pl1-45,https://images.pokemontcg.io/pl1/45_hires.png,2026/08/08,2026/03/07,0.6,0.25,0.550000011920929,19.979999542236328,,4.55,,,,0.2768,0.0231,0.2538,1.4995,0.3806999921798706,0.2884,0.323,3.4605,1.6495,1.7649,1.1535,2026-08-09
bw11-48,Minun,normal,Legendary Treasures,48,Uncommon,Kouki Saitou,Basic,312,Pokémon,2013/11/06,"tcgplayer,cardmarket",https://prices.pokemontcg.io/tcgplayer/bw11-48,https://images.pokemontcg.io/bw11/48_hires.png,2026/08/08,2026/03/11,3.3,1.0,3.4000000953674316,96.7699966430664,,11.67,,,,3.5297,1.1535,3.5297,0.0,4.025700092315674,2.8261,2.7453,10.9582,7.4977,5.7906,1.1535,2026-08-09
swsh3-40,Relicanth,normal,Darkness Ablaze,40,Uncommon,MAHOU,Basic,369,Pokémon,2020/08/14,"tcgplayer,cardmarket",https://prices.pokemontcg.io/tcgplayer/swsh3-40,https://images.pokemontcg.io/swsh3/40_hires.png,2026/08/08,2026/02/24,0.04,0.009999999776482582,0.1899999976158142,25.030000686645508,,0.27,,,,0.0692,0.0231,0.0923,0.2884,0.04610000178217888,0.1038,0.0692,0.5652,0.2884,0.2192,1.1535,2026-08-09
gym2-48,Koga's Koffing,unlimited,Gym Challenge,48,Uncommon,Ken Sugimori,Basic,109,Pokémon,2000/10/16,"tcgplayer,cardmarket",https://prices.pokemontcg.io/tcgplayer/gym2-48,https://images.pokemontcg.io/gym2/48_hires.png,2026/08/08,2026/06/22,1.93,0.9900000095367432,1.7899999618530273,4.989999771118164,,,,,"{""1stEdition"": {""low"": 3.0, ""mid"": 7.55, ""high"": 96.95, ""market"": 7.55, ""directLow"": 10.49}}",2.5608,0.5767,2.2493,0.0,2.249300003051758,2.307,2.48,0.0,0.0,0.0,1.1535,2026-08-09
bw6-46,Mew-EX,holofoil,Dragons Exalted,46,Rare Holo EX,Eske Yoshinob,Basic|EX,151,Pokémon,2012/08/15,"tcgplayer,cardmarket",https://prices.pokemontcg.io/tcgplayer/bw6-46,https://images.pokemontcg.io/bw6/46_hires.png,2026/08/08,2026/02/19,86.14,55.0,74.44000244140625,459.79998779296875,,,,,,22.6317,3.4605,26.2767,0.0,21.32819938659668,25.8269,20.9706,8.6397,16.2067,13.196,1.1535,2026-08-09
ex5-38,Lanturn,normal,Hidden Legends,38,Uncommon,Aya Kusube,Stage 1,171,Pokémon,2004/06/01,"tcgplayer,cardmarket",https://prices.pokemontcg.io/tcgplayer/ex5-38,https://images.pokemontcg.io/ex5/38_hires.png,2026/08/08,2026/06/21,2.08,3.0,6.0,19.979999542236328,,22.97,,,,1.7418,0.0577,1.6264,0.0,3.4605000019073486,1.8571,1.2458,4.0373,42.7602,14.3149,1.1535,2026-08-09
ex7-43,Heracross,normal,Team Rocket Returns,43,Uncommon,Tomokazu Komiya,Basic,214,Pokémon,2004/11/01,"tcgplayer,cardmarket",https://prices.pokemontcg.io/tcgplayer/ex7-43,https://images.pokemontcg.io/ex7/43_hires.png,2026/08/08,2026/06/21,13.83,13.720000267028809,18.489999771118164,141.89999389648438,,62.21,,,,7.9938,4.0373,8.1552,27.2457,6.11359977722168,8.7551,8.1898,73.824,50.0042,31.3175,1.1535,2026-08-09
ecard1-36,Blastoise,normal,Expedition Base Set,36,Rare,Hiromichi Sugiyama,Stage 2,9,Pokémon,2002/09/15,"tcgplayer,cardmarket",https://prices.pokemontcg.io/tcgplayer/ecard1-36,https://images.pokemontcg.io/ecard1/36_hires.png,2026/08/08,2026/06/22,59.02,53.9900016784668,92.48999786376953,998.4400024414062,,165.0,,,,33.1862,2.307,13.5767,36.3353,17.244800567626953,18.8136,26.4498,33.4515,43.3139,45.5863,1.1535,2026-08-09
bw5-38,Raikou-EX,holofoil,Dark Explorers,38,Rare Holo EX,Shizurow,Basic|EX,243,Pokémon,2012/05/09,"tcgplayer,cardmarket",https://prices.pokemontcg.io/tcgplayer/bw5-38,https://images.pokemontcg.io/bw5/38_hires.png,2026/08/08,2026/03/11,56.52,34.95000076293945,54.4900016784668,564.7999877929688,,,,,,17.2448,2.8838,11.4773,0.0,5.767499923706055,11.2697,15.6761,3.9796,7.9938,7.0133,1.1535,2026-08-09
bw1-42,Zebstrika,normal,Black & White,42,Uncommon,Kouki Saitou,Stage 1,523,Pokémon,2011/04/25,"tcgplayer,cardmarket",https://prices.pokemontcg.io/tcgplayer/bw1-42,https://images.pokemontcg.io/bw1/42_hires.png,2026/08/08,2026/03/11,0.45,0.20000000298023224,0.4399999976158142,1.690000057220459,,1.43,,,,5.1907,0.4614,2.7223,0.0,1.0266000032424927,2.2724,1.9725,0.8651,0.7267,0.6575,1.1535,2026-08-09
sm7-44,Luvdisc,normal,Celestial Storm,44,Common,Asako Ito,Basic,370,Pokémon,2018/08/03,"tcgplayer,cardmarket",https://prices.pokemontcg.io/tcgplayer/sm7-44,https://images.pokemontcg.io/sm7/44_hires.png,2026/08/08,2026/02/19,3.88,2.4200000762939453,4.010000228881836,7.489999771118164,,19.65,,,,0.1269,0.0231,0.1615,1.488,0.20759999752044678,0.2076,0.1384,0.8074,1.1535,0.8305,1.1535,2026-08-09
xy2-51,Sneasel,normal,Flashfire,51,Common,match,Basic,215,Pokémon,2014/05/07,"tcgplayer,cardmarket",https://prices.pokemontcg.io/tcgplayer/xy2-51,https://images.pokemontcg.io/xy2/51_hires.png,2026/08/08,2026/02/19,0.21,0.03999999910593033,0.23999999463558197,19.989999771118164,,0.55,,,,0.0923,0.0231,0.2192,0.4614,0.13840000331401825,0.0807,0.2653,0.8074,0.5652,0.3691,1.1535,2026-08-09
neo3-40,Unown [Y],unlimited,Neo Revelation,40,Uncommon,CR CG gangs,Basic,201,Pokémon,2001/09/21,"tcgplayer,cardmarket",https://prices.pokemontcg.io/tcgplayer/neo3-40,https://images.pokemontcg.io/neo3/40_hires.png,2026/08/08,2026/06/25,2.58,0.8500000238418579,2.0299999713897705,96.87000274658203,,,,,"{""1stEdition"": {""low"": 2.5, ""mid"": 5.29, ""high"": 43.99, ""market"": 5.29, ""directLow"": 43.99}}",1.3035,0.1154,2.2724,0.0,0.3806999921798706,1.8917,1.2112,0.0,0.0,0.0,1.1535,2026-08-09
ex6-41,Nidorino,normal,FireRed & LeafGreen,41,Uncommon,Hisao Nakamura,Stage 1,33,Pokémon,2004/09/01,"tcgplayer,cardmarket",https://prices.pokemontcg.io/tcgplayer/ex6-41,https://images.pokemontcg.io/ex6/41_hires.png,2026/08/08,2026/06/22,1.29,0.75,1.2799999713897705,19.979999542236328,,18.87,,,,1.3381,0.0231,1.1535,2.1801,1.153499960899353,1.0728,1.0612,6.9095,9.1242,7.3939,1.1535,2026-08-09
base2-36,Fearow,unlimited,Jungle,36,Uncommon,Mitsuhiro Arita,Stage 1,22,Pokémon,1999/06/16,"tcgplayer,cardmarket",https://prices.pokemontcg.io/tcgplayer/base2-36,https://images.pokemontcg.io/base2/36_hires.png,2026/08/08,2026/07/01,1.51,0.25,0.800000011920929,15.640000343322754,,,,,"{""1stEdition"": {""low"": 1.74, ""mid"": 4.33, ""high"": 104.76, ""market"": 4.32, ""directLow"": null}}",2.0648,0.0231,1.9725,0.0,1.926300048828125,1.811,2.0417,0.5767,0.5767,0.5767,1.1535,2026-08-09
bw7-47,Keldeo,holofoil,Boundaries Crossed,47,Rare Holo,Ryo Ueda,Basic,647,Pokémon,2012/11/07,"tcgplayer,cardmarket",https://prices.pokemontcg.io/tcgplayer/bw7-47,https://images.pokemontcg.io/bw7/47_hires.png,2026/08/08,2026/02/24,2.66,1.4900000095367432,4.869999885559082,25.600000381469727,,3.07,,,,3.968,0.2884,2.6415,2.5954,3.9679999351501465,2.8838,3.2759,6.3442,2.953,2.9068,1.1535,2026-08-09
swsh35-47,Duraludon V,holofoil,Champion's Path,47,Rare Holo V,aky CG Works,Basic|V,884,Pokémon,2020/09/25,"tcgplayer,cardmarket",https://prices.pokemontcg.io/tcgplayer/swsh35-47,https://images.pokemontcg.io/swsh35/47_hires.png,2026/08/08,2026/02/19,0.83,0.6200000047683716,0.9900000095367432,9.989999771118164,,,,,,1.2342,0.3345,1.2112,0.0,1.3265000581741333,1.0958,1.1996,1.4073,1.4649,1.6726,1.1535,2026-08-09
xy0-37,Potion,normal,Kalos Starter Set,37,,5ban Graphics,Item,,Trainer,2013/11/08,"tcgplayer,cardmarket",https://prices.pokemontcg.io/tcgplayer/xy0-37,https://images.pokemontcg.io/xy0/37_hires.png,2026/08/08,2026/06/21,0.12,0.009999999776482582,0.20000000298023224,19.979999542236328,,,,,,0.2076,0.0231,0.15,0.0,0.11540000140666962,0.15,0.1269,0.0231,0.0231,0.0231,1.1535,2026-08-09
sm10-36,Poliwag,normal,Unbroken Bonds,36,Common,Midori Harada,Basic,60,Pokémon,2019/05/03,"tcgplayer,cardmarket",https://prices.pokemontcg.io/tcgplayer/sm10-36,https://images.pokemontcg.io/sm10/36_hires.png,2026/08/08,2026/03/11,0.22,0.03999999910593033,0.23999999463558197,19.979999542236328,,0.42,,,,0.1038,0.0231,0.1154,0.5652,0.04610000178217888,0.1038,0.1269,0.4614,0.4614,0.3807,1.1535,2026-08-09
mcd11-7,Munna,holofoil,McDonald's Collection 2011,7,,Ken Sugimori,Basic,517,Pokémon,2011/06/17,"tcgplayer,cardmarket",https://prices.pokemontcg.io/tcgplayer/mcd11-7,https://images.pokemontcg.io/mcd11/7_hires.png,2026/08/08,2026/07/01,4.88,2.0,4.190000057220459,103.63999938964844,,,,,,2.3762,0.1154,2.6992,0.0,4.613999843597412,1.9494,2.0763,0.2884,0.5652,0.4153,1.1535,2026-08-09
bwp-BW33,Riolu,holofoil,BW Black Star Promos,BW33,Promo,sui,Basic,447,Pokémon,2011/03/01,"tcgplayer,cardmarket",https://prices.pokemontcg.io/tcgplayer/bwp-BW33,https://images.pokemontcg.io/bwp/BW33_hires.png,2026/08/08,2026/06/05,250.0,179.99000549316406,228.0,250.0,,,,,,9.378,1.1535,10.5199,0.0,10.785200119018555,10.1854,7.2901,2.0186,2.0071,2.1455,1.1535,2026-08-09
g1-32,Slowpoke,normal,Generations,32,Common,Miki Tanaka,Basic,79,Pokémon,2016/02/22,"tcgplayer,cardmarket",https://prices.pokemontcg.io/tcgplayer/g1-32,https://images.pokemontcg.io/g1/32_hires.png,2026/08/08,2026/05/16,0.43,0.10000000149011612,0.4000000059604645,14.989999771118164,,2.63,,,,0.2192,0.0231,0.2884,1.8456,0.18459999561309814,0.2076,0.2192,1.142,1.6841,1.4649,1.1535,2026-08-09
neo2-36,Yanma,unlimited,Neo Discovery,36,Rare,Atsuko Nishida,Basic,193,Pokémon,2001/06/01,"tcgplayer,cardmarket",https://prices.pokemontcg.io/tcgplayer/neo2-36,https://images.pokemontcg.io/neo2/36_hires.png,2026/08/08,2026/07/01,6.93,3.809999942779541,6.75,73.30000305175781,,,,,"{""1stEdition"": {""low"": 29.99, ""mid"": 96.61, ""high"": 134.0, ""market"": 13.58, ""directLow"": 96.6}}",5.2484,1.142,4.8101,0.0,7.497700214385986,4.5679,5.929,5.756,7.3132,6.4711,1.1535,2026-08-09
xy3-34,Dedenne,normal,Furious Fists,34,Uncommon,5ban Graphics,Basic,702,Pokémon,2014/08/13,"tcgplayer,cardmarket",https://prices.pokemontcg.io/tcgplayer/xy3-34,https://images.pokemontcg.io/xy3/34_hires.png,2026/08/08,2026/03/11,0.5,0.10000000149011612,0.5,19.979999542236328,,2.37,,,,0.2307,0.0231,0.2422,3.4028,0.40369999408721924,0.3114,0.2999,1.0381,2.7223,1.7533,1.1535,2026-08-09
dp4-39,Granbull,normal,Great Encounters,39,Uncommon,Mitsuhiro Arita,Stage 1,210,Pokémon,2008/02/01,"tcgplayer,cardmarket",https://prices.pokemontcg.io/tcgplayer/dp4-39,https://images.pokemontcg.io/dp4/39_hires.png,2026/08/08,2026/06/11,0.5,0.25,0.4300000071525574,19.979999542236328,,2.05,,,,0.2884,0.0231,0.2538,2.0763,0.3921999931335449,0.2653,0.2999,0.6921,1.7649,1.6726,1.1535,2026-08-09
bw4-49,Emolga,normal,Next Destinies,49,Uncommon,Akira Komayama,Basic,587,Pokémon,2012/02/08,"tcgplayer,cardmarket",https://prices.pokemontcg.io/tcgplayer/bw4-49,https://images.pokemontcg.io/bw4/49_hires.png,2026/08/08,2026/02/22,0.32,0.15000000596046448,0.3700000047683716,19.979999542236328,,1.79,,,,0.1961,0.0231,0.15,0.646,0.31139999628067017,0.1615,0.2076,0.2884,0.6575,0.6344,1.1535,2026-08-09
dpp-DP44,Magnezone,holofoil,DP Black Star Promos,DP44,Promo,Kagemaru Himeno,Stage 2,462,Pokémon,2007/05/01,tcgplayer,https://prices.pokemontcg.io/tcgplayer/dpp-DP44,https://images.pokemontcg.io/dpp/DP44_hires.png,2026/08/08,,8.35,2.9100000858306885,7.179999828338623,85.0,,,,,,,,,,,,,,,,,2026-08-09
ex16-37,Sealeo,normal,Power Keepers,37,Uncommon,Ken Sugimori,Stage 1,364,Pokémon,2007/02/02,"tcgplayer,cardmarket",https://prices.pokemontcg.io/tcgplayer/ex16-37,https://images.pokemontcg.io/ex16/37_hires.png,2026/08/08,2026/06/07,0.71,0.20000000298023224,0.6700000166893005,19.979999542236328,,11.1,,,,0.3807,0.0231,0.3922,4.0373,0.35760000348091125,0.2307,0.3345,4.6025,4.7755,4.0373,1.1535,2026-08-09
dp1-46,Drifloon,normal,Diamond & Pearl,46,Uncommon,Ken Sugimori,Basic,425,Pokémon,2007/05/01,"tcgplayer,cardmarket",https://prices.pokemontcg.io/tcgplayer/dp1-46,https://images.pokemontcg.io/dp1/46_hires.png,2026/08/08,2026/03/11,0.68,0.28999999165534973,0.6000000238418579,19.979999542236328,,1.52,,,,0.4268,0.0461,0.5191,1.3957,0.426800012588501,0.5306,0.3576,1.0381,1.5111,1.0035,1.1535,2026-08-09
neo1-40,Magmar,unlimited,Neo Genesis,40,Uncommon,Naoyo Kimura,Basic,126,Pokémon,2000/12/16,"tcgplayer,cardmarket",https://prices.pokemontcg.io/tcgplayer/neo1-40,https://images.pokemontcg.io/neo1/40_hires.png,2026/08/08,2026/06/22,1.02,0.25,0.800000011920929,21.020000457763672,,,,,"{""1stEdition"": {""low"": 2.0, ""mid"": 4.19, ""high"": 40.84, ""market"": 4.44, ""directLow"": 4.49}}",1.142,0.0577,1.638,0.0,4.856200218200684,1.4419,1.1189,4.614,4.614,4.614,1.1535,2026-08-09
base1-46,Charmander,normal,Base,46,Common,Mitsuhiro Arita,Basic,4,Pokémon,1999/01/09,"tcgplayer,cardmarket",https://prices.pokemontcg.io/tcgplayer/base1-46,https://images.pokemontcg.io/base1/46_hires.png,2026/08/08,2026/06/22,4.97,0.25,1.25,100.0,,,,,,18.283,4.4986,0.0231,0.0,12.677000045776367,27.2457,82.1523,0.0,0.0,0.0,1.1535,2026-08-09
sm9-46,Emolga,normal,Team Up,46,Common,Megumi Mizutani,Basic,587,Pokémon,2019/02/01,"tcgplayer,cardmarket",https://prices.pokemontcg.io/tcgplayer/sm9-46,https://images.pokemontcg.io/sm9/46_hires.png,2026/08/08,2026/02/19,0.27,0.10000000149011612,0.27000001072883606,17.399999618530273,,0.68,,,,0.1154,0.0231,0.1384,0.8651,0.023099999874830246,0.1269,0.1154,0.8651,0.5537,0.4845,1.1535,2026-08-09
dp3-48,Donphan,normal,Secret Wonders,48,Uncommon,Ken Sugimori,Stage 1,232,Pokémon,2007/11/01,"tcgplayer,cardmarket",https://prices.pokemontcg.io/tcgplayer/dp3-48,https://images.pokemontcg.io/dp3/48_hires.png,2026/08/08,2026/03/07,0.31,0.15000000596046448,0.33000001311302185,19.979999542236328,,1.22,,,,0.2076,0.0231,0.3345,1.165,0.3230000138282776,0.3345,0.1961,1.4419,1.2458,0.9689,1.1535,2026-08-09
ex14-42,Wartortle,normal,Crystal Guardians,42,Uncommon,Kouki Saitou,Stage 1,8,Pokémon,2006/08/01,"tcgplayer,cardmarket",https://prices.pokemontcg.io/tcgplayer/ex14-42,https://images.pokemontcg.io/ex14/42_hires.png,2026/08/08,2026/06/11,4.2,1.2699999809265137,4.050000190734863,43.2400016784668,,43.48,,,,34.605,11.535,20.44,0.0,34.60499954223633,21.2821,16.1259,0.0,0.0,0.0,1.1535,2026-08-09
dp7-36,Electrode,normal,Stormfront,36,Uncommon,Kent Kanetsuna,Stage 1,101,Pokémon,2008/11/01,"tcgplayer,cardmarket",https://prices.pokemontcg.io/tcgplayer/dp7-36,https://images.pokemontcg.io/dp7/36_hires.png,2026/08/08,2026/05/14,0.42,0.23999999463558197,0.47999998927116394,19.979999542236328,,0.92,,,,0.2538,0.0231,0.2422,1.3496,0.09229999780654907,0.2538,0.3114,1.5918,1.1881,0.9805,1.1535,2026-08-09
hgss4-47,Pidgeotto,normal,HS—Triumphant,47,Uncommon,Suwama Chiaki,Stage 1,17,Pokémon,2010/11/03,"tcgplayer,cardmarket",https://prices.pokemontcg.io/tcgplayer/hgss4-47,https://images.pokemontcg.io/hgss4/47_hires.png,2026/08/08,2026/03/11,1.15,0.44999998807907104,0.8500000238418579,19.979999542236328,,15.17,,,,1.2112,0.0577,1.3727,0.0,1.4419000148773193,1.5572,1.165,5.4676,4.8793,3.968,1.1535,2026-08-09
ex13-44,Holon's Castform,normal,Holon Phantoms,44,Uncommon,Mitsuhiro Arita,Basic,351,Pokémon,2006/05/01,"tcgplayer,cardmarket",https://prices.pokemontcg.io/tcgplayer/ex13-44,https://images.pokemontcg.io/ex13/44_hires.png,2026/08/08,2026/03/11,4.77,4.099999904632568,5.340000152587891,59.5,,29.82,,,,2.2378,0.2884,1.5918,25.873,1.0958000421524048,2.1916,2.2378,11.535,18.1215,12.3194,1.1535,2026-08-09
base6-40,Dewgong,normal,Legendary Collection,40,Uncommon,Mitsuhiro Arita,Stage 1,87,Pokémon,2002/05/24,"tcgplayer,cardmarket",https://prices.pokemontcg.io/tcgplayer/base6-40,https://images.pokemontcg.io/base6/40_hires.png,2026/08/08,2026/06/22,2.13,1.0,1.75,29.299999237060547,,84.95,,,,1.0497,0.1615,1.2227,132.9639,0.8073999881744385,1.0266,0.9459,28.8375,132.9639,60.2012,1.1535,2026-08-09
ex1-34,Kirlia,normal,Ruby & Sapphire,34,Uncommon,Ken Sugimori,Stage 1,281,Pokémon,2003/07/01,"tcgplayer,cardmarket",https://prices.pokemontcg.io/tcgplayer/ex1-34,https://images.pokemontcg.io/ex1/34_hires.png,2026/08/08,2026/06/27,2.22,1.149999976158142,2.5899999141693115,32.099998474121094,,20.05,,,,1.2112,0.0577,1.3265,12.2271,1.9839999675750732,1.2227,1.1766,1.0381,7.9592,5.0985,1.1535,2026-08-09
pl4-46,Ponyta,normal,Arceus,46,Uncommon,Kanako Eo,Basic,77,Pokémon,2009/11/04,"tcgplayer,cardmarket",https://prices.pokemontcg.io/tcgplayer/pl4-46,https://images.pokemontcg.io/pl4/46_hires.png,2026/08/08,2026/03/07,1.26,0.5,1.25,19.979999542236328,,21.24,,,,0.346,0.0577,0.2422,1.7302,0.28839999437332153,0.346,0.4037,1.984,2.1455,1.7302,1.1535,2026-08-09
base3-47,Geodude,unlimited,Fossil,47,Common,Kagemaru Himeno,Basic,74,Pokémon,1999/10/10,"tcgplayer,cardmarket",https://prices.pokemontcg.io/tcgplayer/base3-47,https://images.pokemontcg.io/base3/47_hires.png,2026/08/08,2026/06/22,0.57,0.09000000357627869,0.47999998927116394,9999.0,,,,,"{""1stEdition"": {""low"": 1.0, ""mid"": 2.99, ""high"": 96.95, ""market"": 3.38, ""directLow"": null}}",0.8767,0.0231,1.0497,0.0,0.6575000286102295,1.6034,0.8882,4.614,1.7533,1.7533,1.1535,2026-08-09
sm35-36,Ekans,normal,Shining Legends,36,Common,DemizuPosuka,Basic,23,Pokémon,2017/10/06,"tcgplayer,cardmarket",https://prices.pokemontcg.io/tcgplayer/sm35-36,https://images.pokemontcg.io/sm35/36_hires.png,2026/08/08,2026/03/11,0.27,0.009999999776482582,0.25,15.210000038146973,,0.43,,,,0.0692,0.0231,0.0923,0.3114,0.04610000178217888,0.0923,0.0807,0.2307,0.2999,0.346,1.1535,2026-08-09
ecard2-18,Jynx,normal,Aquapolis,18,Rare,Hisao Nakamura,Basic,124,Pokémon,2003/01/15,"tcgplayer,cardmarket",https://prices.pokemontcg.io/tcgplayer/ecard2-18,https://images.pokemontcg.io/ecard2/18_hires.png,2026/08/08,2026/06/21,30.73,20.420000076293945,200.0,349.5,,60.0,,,,6.9095,1.7302,7.3939,10.0701,6.921000003814697,7.9707,7.7054,8.6166,14.1188,14.7302,1.1535,2026-08-09
ex12-48,Aron,normal,Legend Maker,48,Common,Miki Tanaka,Basic,304,Pokémon,2006/02/01,"tcgplayer,cardmarket",https://prices.pokemontcg.io/tcgplayer/ex12-48,https://images.pokemontcg.io/ex12/48_hires.png,2026/08/08,2026/03/01,0.61,0.17000000178813934,0.5299999713897705,19.979999542236328,,21.82,,,,0.3345,0.0231,0.4383,6.102,0.8073999881744385,0.3691,0.4153,11.4197,6.1482,4.7178,1.1535,2026-08-09
xy6-42,Jirachi,holofoil,Roaring Skies,42,Rare Holo,Sanosuke Sakuma,Basic,385,Pokémon,2015/05/06,"tcgplayer,cardmarket",https://prices.pokemontcg.io/tcgplayer/xy6-42,https://images.pokemontcg.io/xy6/42_hires.png,2026/08/08,2026/02/24,9.99,4.699999809265137,10.289999961853027,39.9900016784668,,13.01,,,,2.8953,0.4037,4.2103,2.5031,5.640600204467773,3.7835,2.5146,1.1535,2.1224,2.2147,1.1535,2026-08-09
ecard3-11,Gyarados,normal,Skyridge,11,Rare,Kimiya Masago,Stage 1,130,Pokémon,2003/05/12,"tcgplayer,cardmarket",https://prices.pokemontcg.io/tcgplayer/ecard3-11,https://images.pokemontcg.io/ecard3/11_hires.png,2026/08/08,2026/06/21,199.99,183.66000366210938,199.9499969482422,1999.5,,,,,,58.9554,11.4773,54.8028,158.3179,63.442501068115234,48.1932,55.9794,56.5215,190.7543,126.5159,1.1535,2026-08-09
xy5-45,Spheal,normal,Primal Clash,45,Common,TOKIYA,Basic,363,Pokémon,2015/02/04,"tcgplayer,cardmarket",https://prices.pokemontcg.io/tcgplayer/xy5-45,https://images.pokemontcg.io/xy5/45_hires.png,2026/08/08,2026/02/24,0.34,0.15000000596046448,0.28999999165534973,19.979999542236328,,0.8,,,,0.2307,0.0231,0.2192,2.8838,0.04610000178217888,0.1615,0.2076,5.7675,1.8802,0.8536,1.1535,2026-08-09
bw10-49,Machamp,holofoil,Plasma Blast,49,Rare Holo,Naoki Saito,Stage 2,68,Pokémon,2013/08/14,"tcgplayer,cardmarket",https://prices.pokemontcg.io/tcgplayer/bw10-49,https://images.pokemontcg.io/bw10/49_hires.png,2026/08/08,2026/02/19,3.6,1.5,2.4800000190734863,35.599998474121094,,4.16,,,,1.8571,0.4614,1.5688,4.1411,2.306999921798706,1.6264,2.2609,3.4605,3.2529,2.7223,1.1535,2026-08-09
sm1-42,Primarina-GX,holofoil,Sun & Moon,42,Rare Holo GX,5ban Graphics,Stage 2|GX,730,Pokémon,2017/02/03,"tcgplayer,cardmarket",https://prices.pokemontcg.io/tcgplayer/sm1-42,https://images.pokemontcg.io/sm1/42_hires.png,2026/08/08,2026/02/21,3.21,1.9900000095367432,3.799999952316284,32.5099983215332,,,,,,2.9068,0.8074,2.8491,0.0,3.4489998817443848,2.8491,2.9068,0.8074,3.2183,2.9068,1.1535,2026-08-09
ex11-43,Golbat,normal,Delta Species,43,Uncommon,Yukiko Baba,Stage 1,42,Pokémon,2005/10/31,"tcgplayer,cardmarket",https://prices.pokemontcg.io/tcgplayer/ex11-43,https://images.pokemontcg.io/ex11/43_hires.png,2026/08/08,2026/06/11,1.01,0.6000000238418579,1.0,19.34000015258789,,30.0,,,,1.0151,0.0577,2.7223,11.7426,0.34599998593330383,1.9609,0.7613,16.7257,10.1969,8.7435,1.1535,2026-08-09
dp6-39,Registeel,normal,Legends Awakened,39,Rare,Kazuaki Aihara,Basic,379,Pokémon,2008/08/01,"tcgplayer,cardmarket",https://prices.pokemontcg.io/tcgplayer/dp6-39,https://images.pokemontcg.io/dp6/39_hires.png,2026/08/08,2026/05/03,4.65,1.6699999570846558,4.920000076293945,33.099998474121094,,4.99,,,,1.5688,0.2076,1.2227,2.0763,2.5030999183654785,1.7879,1.8917,3.0337,2.157,2.7107,1.1535,2026-08-09
sma-SV38,Gible,holofoil,Hidden Fates Shiny Vault,SV38,Rare Shiny,Saya Tsuruta,Basic,443,Pokémon,2019/08/23,"tcgplayer,cardmarket",https://prices.pokemontcg.io/tcgplayer/sma-SV38,https://images.pokemontcg.io/sma/SV38_hires.png,2026/08/08,2026/03/11,5.64,4.139999866485596,6.0,50.7599983215332,,,,,,3.1952,1.0266,3.0222,0.0,2.0648000240325928,3.5182,3.1837,6.9095,2.5262,3.7835,1.1535,2026-08-09
sm75-42,Bagon,normal,Dragon Majesty,42,Common,Kouki Saitou,Basic,371,Pokémon,2018/09/07,"tcgplayer,cardmarket",https://prices.pokemontcg.io/tcgplayer/sm75-42,https://images.pokemontcg.io/sm75/42_hires.png,2026/08/08,2026/02/21,0.23,0.009999999776482582,0.25,19.979999542236328,,0.89,,,,0.2422,0.0231,0.2538,1.7995,0.28839999437332153,0.2307,0.1961,1.0266,1.6264,1.3727,1.1535,2026-08-09
xy8-39,Snover,normal,BREAKthrough,39,Common,Yukiko Baba,Basic,459,Pokémon,2015/11/04,"tcgplayer,cardmarket",https://prices.pokemontcg.io/tcgplayer/xy8-39,https://images.pokemontcg.io/xy8/39_hires.png,2026/08/08,2026/03/07,0.17,0.05000000074505806,0.2199999988079071,1000.0,,0.52,,,,0.2192,0.0231,0.15,0.0,0.09229999780654907,0.1961,0.1154,0.2884,0.496,0.8767,1.1535,2026-08-09
neo4-44,Jigglypuff,unlimited,Neo Destiny,44,Uncommon,Yuka Morii,Basic,39,Pokémon,2002/02/28,"tcgplayer,cardmarket",https://prices.pokemontcg.io/tcgplayer/neo4-44,https://images.pokemontcg.io/neo4/44_hires.png,2026/08/08,2026/06/21,20.03,15.539999961853027,21.239999771118164,898.3400268554688,,,,,"{""1stEdition"": {""low"": 34.99, ""mid"": 46.6, ""high"": 230.0, ""market"": 36.62, ""directLow"": null}}",5.929,2.2955,6.4827,0.0,7.497700214385986,5.8136,6.5865,0.0,0.0,0.0,1.1535,2026-08-09
bw3-41,Eelektross,holofoil,Noble Victories,41,Rare Holo,Masakazu Fukuda,Stage 2,604,Pokémon,2011/11/16,"tcgplayer,cardmarket",https://prices.pokemontcg.io/tcgplayer/bw3-41,https://images.pokemontcg.io/bw3/41_hires.png,2026/08/08,2026/02/24,2.27,1.2000000476837158,2.190000057220459,35.06999969482422,,2.13,,,,0.669,0.0577,0.4037,2.2955,0.57669997215271,0.4153,1.2804,1.1535,2.6415,2.0532,1.1535,2026-08-09
sm3-40,Pikachu,normal,Burning Shadows,40,Common,Saya Tsuruta,Basic,25,Pokémon,2017/08/05,"tcgplayer,cardmarket",https://prices.pokemontcg.io/tcgplayer/sm3-40,https://images.pokemontcg.io/sm3/40_hires.png,2026/08/08,2026/03/11,1.11,0.3199999928474426,1.059999942779541,19.459999084472656,,6.08,,,,0.5075,0.0231,0.5652,1.8456,0.8651000261306763,0.5421,0.5421,0.5767,2.6415,2.1801,1.1535,2026-08-09
ex9-46,Duskull,normal,Emerald,46,Common,Kagemaru Himeno,Basic,355,Pokémon,2005/05/01,"tcgplayer,cardmarket",https://prices.pokemontcg.io/tcgplayer/ex9-46,https://images.pokemontcg.io/ex9/46_hires.png,2026/08/08,2026/04/11,0.76,0.46000000834465027,0.8100000023841858,19.979999542236328,,32.13,,,,0.3114,0.0231,0.4845,6.921,0.6344000101089478,0.3576,0.4153,5.6522,5.3407,5.7329,1.1535,2026-08-09
sm5-43,Electabuzz,normal,Ultra Prism,43,Common,Kouki Saitou,Basic,125,Pokémon,2018/02/02,"tcgplayer,cardmarket",https://prices.pokemontcg.io/tcgplayer/sm5-43,https://images.pokemontcg.io/sm5/43_hires.png,2026/08/08,2026/02/21,0.05,0.009999999776482582,0.20000000298023224,18.440000534057617,,0.39,,,,0.1269,0.0231,0.1269,0.3576,0.28839999437332153,0.1384,0.1154,0.4383,0.3922,0.3922,1.1535,2026-08-09
base5-42,Dark Persian,unlimited,Team Rocket,42,Uncommon,Shin-ichi Yoshida,Stage 1,53,Pokémon,2000/04/24,"tcgplayer,cardmarket",https://prices.pokemontcg.io/tcgplayer/base5-42,https://images.pokemontcg.io/base5/42_hires.png,2026/08/08,2026/06/22,2.49,0.5,1.7999999523162842,25.110000610351562,,,,,"{""1stEdition"": {""low"": 1.8, ""mid"": 4.11, ""high"": 96.92, ""market"": 4.77, ""directLow"": 3.28}}",3.0222,0.1154,2.4454,0.0,4.879300117492676,3.1029,3.126,0.5767,0.5767,0.5767,1.1535,2026-08-09
xy11-47,Drifblim,normal,Steam Siege,47,Uncommon,Miki Tanaka,Stage 1,426,Pokémon,2016/08/03,"tcgplayer,cardmarket",https://prices.pokemontcg.io/tcgplayer/xy11-47,https://images.pokemontcg.io/xy11/47_hires.png,2026/08/08,2026/02/19,0.17,0.009999999776482582,0.20000000298023224,19.979999542236328,,0.32,,,,0.1038,0.0231,0.0807,0.5191,0.19609999656677246,0.1154,0.1154,0.6921,0.5306,0.5883,1.1535,2026-08-09
smp-SM35,Espeon-GX,holofoil,SM Black Star Promos,SM35,Promo,5ban Graphics,Stage 1|GX,196,Pokémon,2017/02/03,"tcgplayer,cardmarket",https://prices.pokemontcg.io/tcgplayer/smp-SM35,https://images.pokemontcg.io/smp/SM35_hires.png,2026/08/08,2026/03/08,26.92,11.0,27.1200008392334,9999.0,,,,,,14.6725,7.4977,19.2634,0.0,27.68400001525879,18.1792,18.6867,17.2794,18.7444,14.2457,1.1535,2026-08-09
xy12-38,Magneton,holofoil,Evolutions,38,Rare Holo,Keiji Kinebuchi,Stage 1,82,Pokémon,2016/11/02,"tcgplayer,cardmarket",https://prices.pokemontcg.io/tcgplayer/xy12-38,https://images.pokemontcg.io/xy12/38_hires.png,2026/08/08,2026/03/11,2.14,0.009999999776482582,1.9900000095367432,19.989999771118164,,2.19,,,,3.3798,0.1154,2.5031,3.3105,0.51910001039505,3.7258,3.8873,2.8491,2.8722,2.9876,1.1535,2026-08-09
basep-42,Pokémon Tower,normal,Wizards Black Star Promos,42,Promo,Keiji Kinebuchi,Stadium,,Trainer,1999/07/01,"tcgplayer,cardmarket",https://prices.pokemontcg.io/tcgplayer/basep-42,https://images.pokemontcg.io/basep/42_hires.png,2026/08/08,2026/07/01,14.63,9.0,14.029999732971191,139.99000549316406,,,,,,17.9369,5.7675,18.0407,0.0,14.418700218200684,18.6406,15.2147,0.0,0.0,0.0,1.1535,2026-08-09
swsh1-46,Goldeen,normal,Sword & Shield,46,Common,SATOSHI NAKAI,Basic,118,Pokémon,2020/02/07,"tcgplayer,cardmarket",https://prices.pokemontcg.io/tcgplayer/swsh1-46,https://images.pokemontcg.io/swsh1/46_hires.png,2026/08/08,2026/02/19,0.07,0.019999999552965164,0.1599999964237213,19.979999542236328,,0.16,,,,0.0577,0.0231,0.1154,0.2884,0.11540000140666962,0.0807,0.0692,0.1154,0.2884,0.2653,1.1535,2026-08-09
np-37,Kyogre ex,holofoil,Nintendo Black Star Promos,37,Promo,Ryo Ueda,Basic|EX,382,Pokémon,2003/10/01,"tcgplayer,cardmarket",https://prices.pokemontcg.io/tcgplayer/np-37,https://images.pokemontcg.io/np/37_hires.png,2026/08/08,2026/07/01,94.12,140.0,225.0,949.9099731445312,,,,,,45.0326,5.7675,34.6857,0.0,72.67050170898438,54.0991,53.4878,5.7675,4.614,12.9884,1.1535,2026-08-09
sm4-36,Gastly,normal,Crimson Invasion,36,Common,Shibuzoh.,Basic,92,Pokémon,2017/11/03,"tcgplayer,cardmarket",https://prices.pokemontcg.io/tcgplayer/sm4-36,https://images.pokemontcg.io/sm4/36_hires.png,2026/08/08,2026/03/11,0.29,0.05000000074505806,0.2800000011920929,4.0,,0.65,,,,0.1269,0.0231,0.1269,0.4614,0.2768000066280365,0.1154,0.1384,0.4499,0.4845,0.4153,1.1535,2026-08-09
sm2-44,Heliolisk,normal,Guardians Rising,44,Rare,Shin Nagasawa,Stage 1,695,Pokémon,2017/05/05,"tcgplayer,cardmarket",https://prices.pokemontcg.io/tcgplayer/sm2-44,https://images.pokemontcg.io/sm2/44_hires.png,2026/08/08,2026/02/19,0.24,0.10000000149011612,0.25,19.979999542236328,,0.35,,,,0.2422,0.0231,0.2653,0.2884,0.18459999561309814,0.2538,0.2307,0.6921,0.3114,0.3691,1.1535,2026-08-09
sm6-40,Rotom,normal,Forbidden Light,40,Rare,Naoyo Kimura,Basic,479,Pokémon,2018/05/04,"tcgplayer,cardmarket",https://prices.pokemontcg.io/tcgplayer/sm6-40,https://images.pokemontcg.io/sm6/40_hires.png,2026/08/08,2026/02/22,0.5,0.18000000715255737,0.5,19.98,,0.69,,,,0.4383,0.0231,0.3345,0.7036,0.28839999437332153,0.4268,0.4614,0.5191,0.819,0.9113,1.1535,2026-08-09
base4-44,Ivysaur,normal,Base Set 2,44,Uncommon,Ken Sugimori,Stage 1,2,Pokémon,2000/02/24,"tcgplayer,cardmarket",https://prices.pokemontcg.io/tcgplayer/base4-44,https://images.pokemontcg.io/base4/44_hires.png,2026/08/08,2026/06/21,8.16,1.0,2.25,51.55,,,,,,3.0568,0.8651,3.3682,0.0,4.533299922943115,3.5989,4.0026,8.0168,8.0168,8.0168,1.1535,2026-08-09
ex8-44,Plusle,normal,Deoxys,44,Uncommon,Hajime Kusajima,Basic,311,Pokémon,2005/02/01,"tcgplayer,cardmarket",https://prices.pokemontcg.io/tcgplayer/ex8-44,https://images.pokemontcg.io/ex8/44_hires.png,2026/08/08,2026/06/07,8.59,6.070000171661377,8.5,65.5,,85.0,,,,4.0719,1.1535,3.6451,18.2484,8.07450008392334,3.7719,5.11,13.4498,21.5243,16.2413,1.1535,2026-08-09
hgss1-50,Qwilfish,normal,HeartGold & SoulSilver,50,Uncommon,Ken Sugimori,Basic,211,Pokémon,2010/02/10,"tcgplayer,cardmarket",https://prices.pokemontcg.io/tcgplayer/hgss1-50,https://images.pokemontcg.io/hgss1/50_hires.png,2026/08/08,2026/02/19,0.7,0.2199999988079071,0.5099999904632568,19.98,,4.57,,,,0.3114,0.0231,0.2768,1.5803,0.3345000147819519,0.346,0.4268,0.4499,1.6149,1.2573,1.1535,2026-08-09
dp5-39,Lickitung,normal,Majestic Dawn,39,Uncommon,Kagemaru Himeno,Basic,108,Pokémon,2008/05/01,"tcgplayer,cardmarket",https://prices.pokemontcg.io/tcgplayer/dp5-39,https://images.pokemontcg.io/dp5/39_hires.png,2026/08/08,2026/03/08,0.63,0.30000001192092896,0.6299999952316284,25.0,,6.99,,,,0.1961,0.0231,0.1615,0.8421,0.28839999437332153,0.15,0.1961,0.2884,1.3611,1.6841,1.1535,2026-08-09
dp2-39,Walrein,normal,Mysterious Treasures,39,Rare,Midori Harada,Stage 2,365,Pokémon,2007/08/01,"tcgplayer,cardmarket",https://prices.pokemontcg.io/tcgplayer/dp2-39,https://images.pokemontcg.io/dp2/39_hires.png,2026/08/08,2026/03/11,0.58,0.1899999976158142,0.49000000953674316,19.98,,1.77,,,,0.4383,0.0577,0.496,0.8651,1.0958000421524048,0.3345,0.4383,5.756,1.4995,1.2804,1.1535,2026-08-09
col1-45,Jolteon,normal,Call of Legends,45,Uncommon,Shin Nagasawa,Stage 1,135,Pokémon,2011/02/09,"tcgplayer,cardmarket",https://prices.pokemontcg.io/tcgplayer/col1-45,https://images.pokemontcg.io/col1/45_hires.png,2026/08/08,2026/03/07,4.09,1.0099999904632568,3.700000047683716,30.18,,30.21,,,,1.9725,0.1154,2.0186,30.66,1.153499960899353,2.3762,2.0648,7.4862,28.6183,17.5793,1.1535,2026-08-09
sm8-44,Magcargo-GX,holofoil,Lost Thunder,44,Rare Holo GX,5ban Graphics,Stage 1|GX,219,Pokémon,2018/11/02,"tcgplayer,cardmarket",https://prices.pokemontcg.io/tcgplayer/sm8-44,https://images.pokemontcg.io/sm8/44_hires.png,2026/08/08,2026/02/19,2.19,1.399999976158142,2.2300000190734863,92.73,,,,,,4.614,0.0,4.6025,0.0,4.613999843597412,1.7302,1.7302,0.0,0.0,0.0,1.1535,2026-08-09
gym1-44,Erika's Exeggutor,unlimited,Gym Heroes,44,Uncommon,Ken Sugimori,Stage 1,103,Pokémon,2000/08/14,"tcgplayer,cardmarket",https://prices.pokemontcg.io/tcgplayer/gym1-44,https://images.pokemontcg.io/gym1/44_hires.png,2026/08/08,2026/06/22,1.6,0.9900000095367432,1.5,19.98,,,,,"{""1stEdition"": {""low"": 3.95, ""mid"": 8.94, ""high"": 52.11, ""market"": 10.83, ""directLow"": null}}",4.1987,0.346,5.1446,0.0,11.523500442504883,3.8758,3.7027,0.0,0.0,0.0,1.1535,2026-08-09
sm11-39,Finneon,normal,Unified Minds,39,Common,sui,Basic,456,Pokémon,2019/08/02,"tcgplayer,cardmarket",https://prices.pokemontcg.io/tcgplayer/sm11-39,https://images.pokemontcg.io/sm11/39_hires.png,2026/08/08,2026/03/11,0.23,0.05000000074505806,0.23999999463558197,19.98,,0.41,,,,0.0923,0.0231,0.0692,0.4845,0.05770000070333481,0.0692,0.1038,0.2307,0.4614,0.4499,1.1535,2026-08-09
xy4-40,Musharna,normal,Phantom Forces,40,Rare,Suwama Chiaki,Stage 1,518,Pokémon,2014/11/05,"tcgplayer,cardmarket",https://prices.pokemontcg.io/tcgplayer/xy4-40,https://images.pokemontcg.io/xy4/40_hires.png,2026/08/08,2026/03/11,0.42,0.20000000298023224,0.41999998688697815,19.98,,0.62,,,,0.5767,0.0577,0.7152,1.1535,0.6920999884605408,0.646,0.7382,1.1535,1.1996,1.1766,1.1535,2026-08-09
xy7-45,Inkay,normal,Ancient Origins,45,Common,Tomokazu Komiya,Basic,686,Pokémon,2015/08/12,"tcgplayer,cardmarket",https://prices.pokemontcg.io/tcgplayer/xy7-45,https://images.pokemontcg.io/xy7/45_hires.png,2026/08/08,2026/02/22,0.15,0.029999999329447746,0.25,1000.0,,0.81,,,,0.2307,0.0231,0.15,0.5306,0.023099999874830246,0.2192,0.2076,0.8074,0.6806,0.5191,1.1535,2026-08-09
pl2-40,Gengar GL,normal,Rising Rivals,40,Uncommon,Naoyo Kimura,Basic|SP,94,Pokémon,2009/05/16,"tcgplayer,cardmarket",https://prices.pokemontcg.io/tcgplayer/pl2-40,https://images.pokemontcg.io/pl2/40_hires.png,2026/08/08,2026/03/11,21.04,11.9399995803833,15.0,197.0,,71.0,,,,2.1801,0.0461,3.2759,8.2706,0.426800012588501,3.0222,2.2263,5.756,11.8234,14.015,1.1535,2026-08-09
swsh2-39,Magikarp,normal,Rebel Clash,39,Common,kanahei,Basic,129,Pokémon,2020/05/01,"tcgplayer,cardmarket",https://prices.pokemontcg.io/tcgplayer/swsh2-39,https://images.pokemontcg.io/swsh2/39_hires.png,2026/08/08,2026/03/08,1.82,0.17000000178813934,2.25,50.0,,18.01,,,,0.1269,0.0231,0.0923,3.5758,0.09229999780654907,0.1154,0.1154,11.4773,6.2289,3.1375,1.1535,2026-08-09
xyp-XY34,Metagross-EX,holofoil,XY Black Star Promos,XY34,Promo,PLANETA,Basic|EX,376,Pokémon,2013/10/12,"tcgplayer,cardmarket",https://prices.pokemontcg.io/tcgplayer/xyp-XY34,https://images.pokemontcg.io/xyp/XY34_hires.png,2026/08/08,2026/03/11,28.89,17.0,25.1299991607666,146.4,,,,,,38.4462,5.7675,30.5331,0.0,28.837499618530273,32.2865,27.8916,13.7843,10.8198,7.913,1.1535,2026-08-09
bw2-38,Venipede,normal,Emerging Powers,38,Common,Kouki Saitou,Basic,543,Pokémon,2011/08/31,"tcgplayer,cardmarket",https://prices.pokemontcg.io/tcgplayer/bw2-38,https://images.pokemontcg.io/bw2/38_hires.png,2026/08/08,2026/03/11,0.2,0.03999999910593033,0.23000000417232513,19.98,,1.31,,,,0.0923,0.0231,0.0923,1.9033,0.11540000140666962,0.0692,0.0923,2.2493,1.0843,1.0035,1.1535,2026-08-09
hgss2-44,Beldum,normal,HS—Unleashed,44,Common,Wataru Kawahara,Basic,374,Pokémon,2010/05/12,"tcgplayer,cardmarket",https://prices.pokemontcg.io/tcgplayer/hgss2-44,https://images.pokemontcg.io/hgss2/44_hires.png,2026/08/08,2026/03/07,0.31,0.05000000074505806,0.3400000035762787,19.98,,6.39,,,,0.2192,0.0231,0.2422,2.157,0.1615000069141388,0.1961,0.1961,3.449,2.5031,2.1916,1.1535,2026-08-09
bw9-44,Nidorino,normal,Plasma Freeze,44,Uncommon,Shigenori Negishi,Stage 1,33,Pokémon,2013/05/08,"tcgplayer,cardmarket",https://prices.pokemontcg.io/tcgplayer/bw9-44,https://images.pokemontcg.io/bw9/44_hires.png,2026/08/08,2026/02/19,0.4,0.05000000074505806,0.38999998569488525,23.49,,1.37,,,,0.2307,0.0231,0.1961,0.346,0.3345000147819519,0.2653,0.2999,1.5457,1.315,0.9805,1.1535,2026-08-09
xy10-43a,Regirock-EX,,Fates Collide,43a,Rare Ultra,PLANETA,Basic|EX,377,Pokémon,2016/05/02,cardmarket,https://prices.pokemontcg.io/cardmarket/xy10-43a,https://images.pokemontcg.io/xy10/43a_hires.png,,2026/02/22,,,,,,,,,,23.6468,19.2173,23.8082,0.0,23.06999969482422,20.1863,22.7355,4.6025,6.5519,5.4676,1.1535,2026-08-09
ex10-43,Noctowl,normal,Unseen Forces,43,Uncommon,Mitsuhiro Arita,Stage 1,164,Pokémon,2005/08/01,"tcgplayer,cardmarket",https://prices.pokemontcg.io/tcgplayer/ex10-43,https://images.pokemontcg.io/ex10/43_hires.png,2026/08/08,2026/06/21,1.41,0.5,0.8399999737739563,96.53,,28.97,,,,1.8687,0.0461,2.1109,6.8172,2.2955000400543213,1.7418,1.6956,11.5235,15.3877,13.3345,1.1535,2026-08-09
ex15-34,Nidorina δ,normal,Dragon Frontiers,34,Uncommon,Sumiyoshi Kizuki,Stage 1,30,Pokémon,2006/11/01,"tcgplayer,cardmarket",https://prices.pokemontcg.io/tcgplayer/ex15-34,https://images.pokemontcg.io/ex15/34_hires.png,2026/08/08,2026/06/21,3.95,2.190000057220459,5.989999771118164,29.0,,45.7,,,,1.5572,0.0923,1.4419,7.7977,0.6920999884605408,1.5688,1.5226,6.3327,8.905,8.4206,1.1535,2026-08-09
bw8-45,Magneton,normal,Plasma Storm,45,Uncommon,match,Stage 1,82,Pokémon,2013/02/06,"tcgplayer,cardmarket",https://prices.pokemontcg.io/tcgplayer/bw8-45,https://images.pokemontcg.io/bw8/45_hires.png,2026/08/08,2026/02/24,0.39,0.25,0.4000000059604645,19.98,,6.0,,,,0.2768,0.1038,0.2538,0.346,0.17299999296665192,0.2076,0.3807,0.346,1.5803,1.315,1.1535,2026-08-09
sm115-46,Chansey,normal,Hidden Fates,46,Uncommon,sowsow,Basic,113,Pokémon,2019/08/23,"tcgplayer,cardmarket",https://prices.pokemontcg.io/tcgplayer/sm115-46,https://images.pokemontcg.io/sm115/46_hires.png,2026/08/08,2026/03/07,0.25,0.05999999865889549,0.25999999046325684,19.98,,1.02,,,,0.2307,0.0346,0.4268,0.0,0.46140000224113464,0.2422,0.3807,0.4499,0.4383,0.4383,1.1535,2026-08-09
xy9-37,Swanna,normal,BREAKpoint,37,Uncommon,sui,Stage 1,581,Pokémon,2016/02/03,"tcgplayer,cardmarket",https://prices.pokemontcg.io/tcgplayer/xy9-37,https://images.pokemontcg.io/xy9/37_hires.png,2026/08/08,2026/03/11,0.08,0.03999999910593033,0.20000000298023224,19.98,,0.6,,,,0.1615,0.0231,0.1154,0.2884,0.12690000236034393,0.173,0.173,0.2884,0.6229,0.5767,1.1535,2026-08-09
sm12-47,Snorunt,normal,Cosmic Eclipse,47,Common,sowsow,Basic,361,Pokémon,2019/11/01,"tcgplayer,cardmarket",https://prices.pokemontcg.io/tcgplayer/sm12-47,https://images.pokemontcg.io/sm12/47_hires.png,2026/08/08,2026/02/19,0.23,0.05000000074505806,0.25,19.7,,1.29,,,,0.1038,0.0231,0.1269,0.323,0.4383000135421753,0.1615,0.1154,0.4614,0.4383,0.4268,1.1535,2026-08-09
xy11-48,Litwick,normal,Steam Siege,48,Common,Ken Sugimori,Basic,607,Pokémon,2016/08/03,"tcgplayer,cardmarket",https://prices.pokemontcg.io/tcgplayer/xy11-48,https://images.pokemontcg.io/xy11/48_hires.png,2026/08/08,2026/02/19,0.17,0.03999999910593033,0.20000000298023224,19.98,,0.36,,,,0.1154,0.0231,0.1384,0.4383,0.05770000070333481,0.0923,0.0923,0.2884,0.3114,0.3922,1.1535,2026-08-09
sm4-37,Haunter,normal,Crimson Invasion,37,Uncommon,Eri Yamaki,Stage 1,93,Pokémon,2017/11/03,"tcgplayer,cardmarket",https://prices.pokemontcg.io/tcgplayer/sm4-37,https://images.pokemontcg.io/sm4/37_hires.png,2026/08/08,2026/03/11,0.34,0.07999999821186066,0.3400000035762787,19.02,,3.21,,,,0.1269,0.0231,0.0807,0.5998,0.05770000070333481,0.0923,0.15,0.8651,0.7382,0.7728,1.1535,2026-08-09
sm10-37,Poliwag,normal,Unbroken Bonds,37,Common,Shibuzoh.,Basic,60,Pokémon,2019/05/03,"tcgplayer,cardmarket",https://prices.pokemontcg.io/tcgplayer/sm10-37,https://images.pokemontcg.io/sm10/37_hires.png,2026/08/08,2026/03/11,0.29,0.10000000149011612,0.30000001192092896,19.44,,0.61,,,,0.1384,0.0231,0.1384,0.5883,0.15000000596046448,0.15,0.173,0.6229,0.5998,0.5191,1.1535,2026-08-09
np-38,Groudon ex,holofoil,Nintendo Black Star Promos,38,Promo,Ryo Ueda,Basic|EX,383,Pokémon,2003/10/01,"tcgplayer,cardmarket",https://prices.pokemontcg.io/tcgplayer/np-38,https://images.pokemontcg.io/np/38_hires.png,2026/08/08,2026/06/27,160.0,139.97000122070312,300.0,4289.7,,,,,,51.9652,8.0745,49.6351,0.0,43.83300018310547,48.6777,45.0096,3.449,8.3052,12.0425,1.1535,2026-08-09
base1-47,Diglett,normal,Base,47,Common,Keiji Kinebuchi,Basic,50,Pokémon,1999/01/09,"tcgplayer,cardmarket",https://prices.pokemontcg.io/tcgplayer/base1-47,https://images.pokemontcg.io/base1/47_hires.png,2026/08/08,2026/06/21,1.06,0.10000000149011612,0.550000011920929,23.0,,,,,,4.5102,1.0381,5.0062,0.0,0.853600025177002,4.5448,9.0896,0.0,0.0,0.0,1.1535,2026-08-09
neo4-45,Light Dewgong,unlimited,Neo Destiny,45,Uncommon,Masako Yamashita,Stage 1,87,Pokémon,2002/02/28,"tcgplayer,cardmarket",https://prices.pokemontcg.io/tcgplayer/neo4-45,https://images.pokemontcg.io/neo4/45_hires.png,2026/08/08,2026/06/21,3.01,1.0,2.4000000953674316,26.4,,,,,"{""1stEdition"": {""low"": 11.33, ""mid"": 14.57, ""high"": 110.3, ""market"": 14.57, ""directLow"": null}}",2.0994,0.1154,2.63,0.0,1.499500036239624,2.7107,2.1109,0.4383,0.4383,0.4383,1.1535,2026-08-09
sm35-37,Arbok,normal,Shining Legends,37,Uncommon,kodama,Stage 1,24,Pokémon,2017/10/06,"tcgplayer,cardmarket",https://prices.pokemontcg.io/tcgplayer/sm35-37,https://images.pokemontcg.io/sm35/37_hires.png,2026/08/08,2026/03/07,0.31,0.03999999910593033,0.30000001192092896,19.68,,0.71,,,,0.1154,0.0231,0.0692,0.5191,0.05770000070333481,0.0807,0.1269,0.2307,0.5537,0.496,1.1535,2026-08-09
base2-37,Gloom,unlimited,Jungle,37,Uncommon,Keiji Kinebuchi,Stage 1,44,Pokémon,1999/06/16,"tcgplayer,cardmarket",https://prices.pokemontcg.io/tcgplayer/base2-37,https://images.pokemontcg.io/base2/37_hires.png,2026/08/08,2026/07/01,0.73,0.25,0.6899999976158142,19.28,,,,,"{""1stEdition"": {""low"": 0.98, ""mid"": 4.0, ""high"": 38.1, ""market"": 4.86, ""directLow"": null}}",1.1766,0.0231,0.7959,0.0,0.219200000166893,0.8651,1.0958,0.4037,0.5421,0.5421,1.1535,2026-08-09
bw9-45,Grimer,normal,Plasma Freeze,45,Common,Hajime Kusajima,Basic,88,Pokémon,2013/05/08,"tcgplayer,cardmarket",https://prices.pokemontcg.io/tcgplayer/bw9-45,https://images.pokemontcg.io/bw9/45_hires.png,2026/08/08,2026/02/19,0.36,0.12999999523162842,0.3400000035762787,19.98,,1.0,,,,0.1615,0.0231,0.1154,0.5537,0.023099999874830246,0.1154,0.15,0.1154,0.646,0.7036,1.1535,2026-08-09
xy7-46,Malamar,normal,Ancient Origins,46,Common,Masakazu Fukuda,Stage 1,687,Pokémon,2015/08/12,"tcgplayer,cardmarket",https://prices.pokemontcg.io/tcgplayer/xy7-46,https://images.pokemontcg.io/xy7/46_hires.png,2026/08/08,2026/02/22,0.06,0.019999999552965164,0.20000000298023224,1000.0,,0.35,,,,0.0577,0.0231,0.0346,0.2999,0.023099999874830246,0.0346,0.0807,0.7959,0.4037,0.4153,1.1535,2026-08-09
swsh3-41,Panpour,normal,Darkness Ablaze,41,Common,ryoma uratsuka,Basic,515,Pokémon,2020/08/14,"tcgplayer,cardmarket",https://prices.pokemontcg.io/tcgplayer/swsh3-41,https://images.pokemontcg.io/swsh3/41_hires.png,2026/08/08,2026/02/24,0.12,0.029999999329447746,0.1899999976158142,25.12,,0.25,,,,0.0577,0.0231,0.0692,0.1961,0.03460000082850456,0.0692,0.0692,0.2307,0.1961,0.2192,1.1535,2026-08-09
bwp-BW34,Luxio,holofoil,BW Black Star Promos,BW34,Promo,Naoki Saito,Stage 1,404,Pokémon,2011/03/01,"tcgplayer,cardmarket",https://prices.pokemontcg.io/tcgplayer/bwp-BW34,https://images.pokemontcg.io/bwp/BW34_hires.png,2026/08/08,2026/04/18,49.17,94.94999694824219,94.98999786376953,999.9,,,,,,6.0559,1.2573,6.4596,0.0,9.804800033569336,6.1828,6.3327,3.4605,3.4951,2.8491,1.1535,2026-08-09
base5-43,Dark Primeape,unlimited,Team Rocket,43,Uncommon,Mitsuhiro Arita,Stage 1,57,Pokémon,2000/04/24,"tcgplayer,cardmarket",https://prices.pokemontcg.io/tcgplayer/base5-43,https://images.pokemontcg.io/base5/43_hires.png,2026/08/08,2026/06/22,2.16,0.49000000953674316,1.6299999952316284,33.18,,,,,"{""1stEdition"": {""low"": 2.25, ""mid"": 4.68, ""high"": 96.95, ""market"": 6.07, ""directLow"": 96.95}}",2.9645,0.173,2.7338,0.0,1.5571999549865723,2.8491,2.9184,0.3807,0.3807,0.3807,1.1535,2026-08-09
neo3-41,Aipom,unlimited,Neo Revelation,41,Common,Sumiyoshi Kizuki,Basic,190,Pokémon,2001/09/21,"tcgplayer,cardmarket",https://prices.pokemontcg.io/tcgplayer/neo3-41,https://images.pokemontcg.io/neo3/41_hires.png,2026/08/08,2026/06/25,0.66,0.3100000023841858,0.6600000262260437,63.05,,,,,"{""1stEdition"": {""low"": 1.49, ""mid"": 2.0, ""high"": 25.1, ""market"": 1.99, ""directLow"": null}}",0.9805,0.0231,1.661,0.0,7.901500225067139,1.2804,1.1881,0.0,0.0,0.0,1.1535,2026-08-09
sm5-44,Electivire,normal,Ultra Prism,44,Rare,Anesaki Dynamic,Stage 1,466,Pokémon,2018/02/02,"tcgplayer,cardmarket",https://prices.pokemontcg.io/tcgplayer/sm5-44,https://images.pokemontcg.io/sm5/44_hires.png,2026/08/08,2026/02/21,0.37,0.10000000149011612,0.3700000047683716,19.98,,0.71,,,,0.2538,0.0231,0.0923,0.6806,0.20759999752044678,0.2307,0.2538,0.5767,0.646,0.5883,1.1535,2026-08-09
dp6-40,Shedinja,normal,Legends Awakened,40,Rare,Kouki Saitou,Stage 1,292,Pokémon,2008/08/01,"tcgplayer,cardmarket",https://prices.pokemontcg.io/tcgplayer/dp6-40,https://images.pokemontcg.io/dp6/40_hires.png,2026/08/08,2026/03/07,3.43,2.490000009536743,4.059999942779541,207.0,,9.16,,,,2.9299,0.2884,3.0222,4.0603,4.602499961853027,2.9991,2.5608,2.9068,3.4374,3.1606,1.1535,2026-08-09
gym1-45,Erika's Gloom,unlimited,Gym Heroes,45,Uncommon,Ken Sugimori,Stage 1,44,Pokémon,2000/08/14,"tcgplayer,cardmarket",https://prices.pokemontcg.io/tcgplayer/gym1-45,https://images.pokemontcg.io/gym1/45_hires.png,2026/08/08,2026/06/22,1.85,0.6899999976158142,1.7699999809265137,34.99,,,,,"{""1stEdition"": {""low"": 2.99, ""mid"": 7.29, ""high"": 150.99, ""market"": 7.19, ""directLow"": null}}",2.6415,0.2884,2.48,0.0,2.4684998989105225,2.1109,2.6992,0.2307,0.2307,0.2307,1.1535,2026-08-09
ex11-44,Hariyama,normal,Delta Species,44,Uncommon,Hisao Nakamura,Stage 1,297,Pokémon,2005/10/31,"tcgplayer,cardmarket",https://prices.pokemontcg.io/tcgplayer/ex11-44,https://images.pokemontcg.io/ex11/44_hires.png,2026/08/08,2026/06/07,1.75,0.4099999964237213,1.5,16.72,,12.5,,,,1.2458,0.173,1.1881,6.9441,1.7302000522613525,1.0151,1.1881,5.7675,7.1632,7.8669,1.1535,2026-08-09
sm9-47,Joltik,normal,Team Up,47,Common,Yuka Morii,Basic,595,Pokémon,2019/02/01,"tcgplayer,cardmarket",https://prices.pokemontcg.io/tcgplayer/sm9-47,https://images.pokemontcg.io/sm9/47_hires.png,2026/08/08,2026/02/19,0.83,0.25,0.8199999928474426,19.98,,3.67,,,,0.1615,0.0231,0.0923,0.6806,0.13840000331401825,0.1615,0.1615,0.9113,0.6921,0.5421,1.1535,2026-08-09
dp7-37,Electrode,normal,Stormfront,37,Uncommon,Sumiyoshi Kizuki,Stage 1,101,Pokémon,2008/11/01,"tcgplayer,cardmarket",https://prices.pokemontcg.io/tcgplayer/dp7-37,https://images.pokemontcg.io/dp7/37_hires.png,2026/08/08,2026/05/14,0.63,0.25,0.6499999761581421,19.98,,1.37,,,,0.2999,0.0577,0.3345,1.1881,0.6805999875068665,0.3114,0.3114,0.6114,0.9113,0.9228,1.1535,2026-08-09
ex15-35,Nidorino δ,normal,Dragon Frontiers,35,Uncommon,Atsuko Nishida,Stage 1,33,Pokémon,2006/11/01,"tcgplayer,cardmarket",https://prices.pokemontcg.io/tcgplayer/ex15-35,https://images.pokemontcg.io/ex15/35_hires.png,2026/08/08,2026/06/21,1.33,0.8999999761581421,1.2799999713897705,19.99,,24.19,,,,1.142,0.2307,1.0266,14.9724,0.46140000224113464,1.0612,1.0612,11.5235,13.992,9.4587,1.1535,2026-08-09
xy12-39,Voltorb,normal,Evolutions,39,Common,Keiji Kinebuchi,Basic,100,Pokémon,2016/11/02,"tcgplayer,cardmarket",https://prices.pokemontcg.io/tcgplayer/xy12-39,https://images.pokemontcg.io/xy12/39_hires.png,2026/08/08,2026/03/11,0.05,0.009999999776482582,0.20000000298023224,19.02,,0.53,,,,0.0692,0.0231,0.0807,0.5998,0.1615000069141388,0.0807,0.0692,0.4614,0.5421,0.646,1.1535,2026-08-09
dp2-40,Whiscash,normal,Mysterious Treasures,40,Rare,Daisuke Ito,Stage 1,340,Pokémon,2007/08/01,"tcgplayer,cardmarket",https://prices.pokemontcg.io/tcgplayer/dp2-40,https://images.pokemontcg.io/dp2/40_hires.png,2026/08/08,2026/03/11,0.85,0.30000001192092896,0.5,19.98,,1.83,,,,0.7728,0.0577,0.15,2.9876,2.2955000400543213,1.0843,1.0728,10.3815,3.0452,2.3531,1.1535,2026-08-09
base6-41,Dodrio,normal,Legendary Collection,41,Uncommon,Mitsuhiro Arita,Stage 1,85,Pokémon,2002/05/24,"tcgplayer,cardmarket",https://prices.pokemontcg.io/tcgplayer/base6-41,https://images.pokemontcg.io/base6/41_hires.png,2026/08/08,2026/06/22,1.44,0.75,1.5,19.98,,78.4,,,,1.2458,0.173,1.165,96.4326,2.249300003051758,1.3496,1.488,92.28,85.013,57.2943,1.1535,2026-08-09
dp3-49,Farfetch'd,normal,Secret Wonders,49,Uncommon,Ken Sugimori,Basic,83,Pokémon,2007/11/01,"tcgplayer,cardmarket",https://prices.pokemontcg.io/tcgplayer/dp3-49,https://images.pokemontcg.io/dp3/49_hires.png,2026/08/08,2026/03/07,0.65,0.20000000298023224,0.6200000047683716,19.98,,3.32,,,,0.3576,0.0577,0.4268,0.7844,0.3230000138282776,0.3922,0.3345,1.3842,0.8074,1.315,1.1535,2026-08-09
bw10-50,Machamp,normal,Plasma Blast,50,Rare,Kouki Saitou,Stage 2,68,Pokémon,2013/08/14,"tcgplayer,cardmarket",https://prices.pokemontcg.io/tcgplayer/bw10-50,https://images.pokemontcg.io/bw10/50_hires.png,2026/08/08,2026/02/19,0.77,0.4399999976158142,0.75,19.98,,10.72,,,,0.992,0.2307,0.8767,2.307,0.6690000295639038,0.9805,1.0151,2.307,2.1916,2.4339,1.1535,2026-08-09
ex6-42,Onix,normal,FireRed & LeafGreen,42,Uncommon,Kouki Saitou,Basic,95,Pokémon,2004/09/01,"tcgplayer,cardmarket",https://prices.pokemontcg.io/tcgplayer/ex6-42,https://images.pokemontcg.io/ex6/42_hires.png,2026/08/08,2026/06/22,2.81,1.7699999809265137,2.990000009536743,149.99,,18.43,,,,3.8296,0.1384,3.4951,9.3664,1.153499960899353,3.8296,2.4454,15.5723,9.1934,7.913,1.1535,2026-08-09
ex1-35,Kirlia,normal,Ruby & Sapphire,35,Uncommon,Atsuko Nishida,Stage 1,281,Pokémon,2003/07/01,"tcgplayer,cardmarket",https://prices.pokemontcg.io/tcgplayer/ex1-35,https://images.pokemontcg.io/ex1/35_hires.png,2026/08/08,2026/06/25,2.42,2.0,4.989999771118164,96.73,,12.12,,,,2.7799,0.2307,2.2609,4.96,2.341599941253662,2.0994,2.0302,3.4605,4.5102,4.3372,1.1535,2026-08-09
hgss1-51,Skiploom,normal,HeartGold & SoulSilver,51,Uncommon,sui,Stage 1,188,Pokémon,2010/02/10,"tcgplayer,cardmarket",https://prices.pokemontcg.io/tcgplayer/hgss1-51,https://images.pokemontcg.io/hgss1/51_hires.png,2026/08/08,2026/02/19,1.44,0.23999999463558197,1.0,19.2,,0.25,,,,0.2999,0.0231,0.3807,1.0151,0.51910001039505,0.2999,0.2999,1.0151,1.0958,1.0958,1.1535,2026-08-09
bw5-39,Plusle,normal,Dark Explorers,39,Common,Naoki Saito,Basic,311,Pokémon,2012/05/09,"tcgplayer,cardmarket",https://prices.pokemontcg.io/tcgplayer/bw5-39,https://images.pokemontcg.io/bw5/39_hires.png,2026/08/08,2026/03/11,11.29,6.699999809265137,11.020000457763672,296.99,,28.92,,,,0.7728,0.0231,0.9689,4.2333,0.17299999296665192,0.9459,0.7036,5.756,3.4951,2.3762,1.1535,2026-08-09
sm7-45,Regice,normal,Celestial Storm,45,Rare,kodama,Basic,378,Pokémon,2018/08/03,"tcgplayer,cardmarket",https://prices.pokemontcg.io/tcgplayer/sm7-45,https://images.pokemontcg.io/sm7/45_hires.png,2026/08/08,2026/02/19,0.4,0.23000000417232513,0.4000000059604645,19.98,,0.92,,,,0.5537,0.0231,0.4153,1.1189,0.3230000138282776,0.4845,0.346,1.0266,1.0728,1.2342,1.1535,2026-08-09
sm75-43,Shelgon,normal,Dragon Majesty,43,Uncommon,Yuka Morii,Stage 1,372,Pokémon,2018/09/07,"tcgplayer,cardmarket",https://prices.pokemontcg.io/tcgplayer/sm75-43,https://images.pokemontcg.io/sm75/43_hires.png,2026/08/08,2026/02/21,1.83,1.0299999713897705,1.9500000476837158,17.97,,4.74,,,,0.3576,0.0231,0.4383,0.5767,1.1419999599456787,0.3922,0.3922,0.5767,1.7418,1.6726,1.1535,2026-08-09
gym2-49,Koga's Pidgey,unlimited,Gym Challenge,49,Uncommon,Atsuko Nishida,Basic,16,Pokémon,2000/10/16,"tcgplayer,cardmarket",https://prices.pokemontcg.io/tcgplayer/gym2-49,https://images.pokemontcg.io/gym2/49_hires.png,2026/08/08,2026/06/21,3.2,1.5,2.25,30.75,,,,,"{""1stEdition"": {""low"": 4.18, ""mid"": 6.75, ""high"": 59.99, ""market"": 6.41, ""directLow"": null}}",4.8678,0.5767,4.0142,0.0,3.345099925994873,3.9334,4.7986,0.0,0.0,0.0,1.1535,2026-08-09
xy8-40,Abomasnow,normal,BREAKthrough,40,Rare,Naoyo Kimura,Stage 1,460,Pokémon,2015/11/04,"tcgplayer,cardmarket",https://prices.pokemontcg.io/tcgplayer/xy8-40,https://images.pokemontcg.io/xy8/40_hires.png,2026/08/08,2026/03/07,0.22,0.07000000029802322,0.27000001072883606,19.99,,0.49,,,,0.7382,0.0577,0.2884,1.7187,0.13840000331401825,0.4845,0.5075,1.1535,1.2573,1.3611,1.1535,2026-08-09
smp-SM36,Umbreon-GX,holofoil,SM Black Star Promos,SM36,Promo,5ban Graphics,Stage 1|GX,197,Pokémon,2017/02/03,"tcgplayer,cardmarket",https://prices.pokemontcg.io/tcgplayer/smp-SM36,https://images.pokemontcg.io/smp/SM36_hires.png,2026/08/08,2026/03/08,58.7,27.5,57.619998931884766,468.23,,,,,,24.9963,11.535,34.9395,0.0,28.837499618530273,28.8375,32.621,26.4728,14.2803,11.5927,1.1535,2026-08-09
ecard1-37,Blastoise,normal,Expedition Base Set,37,Rare,Kimiya Masago,Stage 2,9,Pokémon,2002/09/15,"tcgplayer,cardmarket",https://prices.pokemontcg.io/tcgplayer/ecard1-37,https://images.pokemontcg.io/ecard1/37_hires.png,2026/08/08,2026/06/22,87.0,89.98999786376953,191.0,963.1,,161.81,,,,24.9617,4.0373,24.4311,37.6964,7.959199905395508,17.4525,23.1507,69.1523,42.345,51.3423,1.1535,2026-08-09
ecard3-12,Houndoom,normal,Skyridge,12,Rare,Kimiya Masago,Stage 1,229,Pokémon,2003/05/12,"tcgplayer,cardmarket",https://prices.pokemontcg.io/tcgplayer/ecard3-12,https://images.pokemontcg.io/ecard3/12_hires.png,2026/08/08,2026/06/21,90.67,275.0,290.0,1050.0,,270.0,,,,15.48,4.6025,20.3708,46.14,5.767499923706055,12.7231,28.4568,28.826,53.8685,48.6546,1.1535,2026-08-09
sm8-45,Houndour,normal,Lost Thunder,45,Common,Ken Sugimori,Basic,228,Pokémon,2018/11/02,"tcgplayer,cardmarket",https://prices.pokemontcg.io/tcgplayer/sm8-45,https://images.pokemontcg.io/sm8/45_hires.png,2026/08/08,2026/02/19,0.35,0.07000000029802322,0.30000001192092896,2.99,,0.46,,,,0.1154,0.0231,0.0807,0.496,0.09229999780654907,0.0807,0.0923,0.2307,0.4499,0.4268,1.1535,2026-08-09
ex16-38,Sharpedo,normal,Power Keepers,38,Uncommon,Midori Harada,Stage 1,319,Pokémon,2007/02/02,"tcgplayer,cardmarket",https://prices.pokemontcg.io/tcgplayer/ex16-38,https://images.pokemontcg.io/ex16/38_hires.png,2026/08/08,2026/06/07,1.52,0.6100000143051147,1.4299999475479126,25.02,,51.56,,,,0.3114,0.0231,0.323,5.6175,0.23070000112056732,0.2538,0.3922,6.921,3.9334,6.9902,1.1535,2026-08-09
pl2-41,Glaceon,normal,Rising Rivals,41,Uncommon,Naoyo Kimura,Stage 1,471,Pokémon,2009/05/16,"tcgplayer,cardmarket",https://prices.pokemontcg.io/tcgplayer/pl2-41,https://images.pokemontcg.io/pl2/41_hires.png,2026/08/08,2026/03/11,7.05,3.990000009536743,6.420000076293945,59.8,,41.0,,,,1.5226,0.0577,1.3265,4.9831,2.134000062942505,1.142,1.4303,1.7302,3.945,6.6557,1.1535,2026-08-09
hgss3-44,Combee,normal,HS—Undaunted,44,Common,Naoyo Kimura,Basic,415,Pokémon,2010/08/18,"tcgplayer,cardmarket",https://prices.pokemontcg.io/tcgplayer/hgss3-44,https://images.pokemontcg.io/hgss3/44_hires.png,2026/08/08,2026/03/11,0.34,0.15000000596046448,0.3700000047683716,19.98,,1.93,,,,0.2192,0.0231,0.2422,1.8456,0.023099999874830246,0.2653,0.2538,3.4605,1.984,1.3035,1.1535,2026-08-09
xy4-41,Litwick,normal,Phantom Forces,41,Common,Midori Harada,Basic,607,Pokémon,2014/11/05,"tcgplayer,cardmarket",https://prices.pokemontcg.io/tcgplayer/xy4-41,https://images.pokemontcg.io/xy4/41_hires.png,2026/08/08,2026/03/11,0.35,0.15000000596046448,0.3499999940395355,19.98,,0.59,,,,0.0807,0.0231,0.1615,0.4383,0.023099999874830246,0.1154,0.173,0.4037,0.4268,0.5421,1.1535,2026-08-09
bw3-42,Stunfisk,normal,Noble Victories,42,Common,Shin Nagasawa,Basic,618,Pokémon,2011/11/16,"tcgplayer,cardmarket",https://prices.pokemontcg.io/tcgplayer/bw3-42,https://images.pokemontcg.io/bw3/42_hires.png,2026/08/08,2026/02/24,0.27,0.10000000149011612,0.25,19.98,,0.6,,,,0.1154,0.0231,0.1961,0.6344,0.31139999628067017,0.1615,0.1615,0.1154,1.1304,0.7728,1.1535,2026-08-09
pl3-41,Sableye G,normal,Supreme Victors,41,Rare,Yusuke Ishikawa,Basic|SP,302,Pokémon,2009/08/19,"tcgplayer,cardmarket",https://prices.pokemontcg.io/tcgplayer/pl3-41,https://images.pokemontcg.io/pl3/41_hires.png,2026/08/08,2026/03/11,8.41,5.449999809265137,8.489999771118164,82.9,,21.5,,,,2.9991,0.5767,3.3221,5.6291,2.0762999057769775,3.0798,2.4685,5.7675,5.2946,3.9565,1.1535,2026-08-09
swsh4-42,Barraskewda,normal,Vivid Voltage,42,Rare,Akira Komayama,Stage 1,847,Pokémon,2020/11/13,"tcgplayer,cardmarket",https://prices.pokemontcg.io/tcgplayer/swsh4-42,https://images.pokemontcg.io/swsh4/42_hires.png,2026/08/08,2026/02/19,0.23,0.03999999910593033,0.25,999.99,,0.31,,,,0.1961,0.0231,0.1961,0.7036,0.3345000147819519,0.2192,0.2307,1.488,0.7267,0.5998,1.1535,2026-08-09
neo2-37,Corsola,unlimited,Neo Discovery,37,Uncommon,Yuka Morii,Basic,222,Pokémon,2001/06/01,"tcgplayer,cardmarket",https://prices.pokemontcg.io/tcgplayer/neo2-37,https://images.pokemontcg.io/neo2/37_hires.png,2026/08/08,2026/07/01,9.38,5.53000020980835,10.25,92.94,,,,,"{""1stEdition"": {""low"": 15.93, ""mid"": 37.5, ""high"": 229.5, ""market"": 25.44, ""directLow"": null}}",2.2032,0.0231,2.5377,0.0,0.17299999296665192,2.9068,2.3301,11.5235,11.5235,11.5235,1.1535,2026-08-09
ex5-39,Loudred,normal,Hidden Legends,39,Uncommon,Tomokazu Komiya,Stage 1,294,Pokémon,2004/06/01,"tcgplayer,cardmarket",https://prices.pokemontcg.io/tcgplayer/ex5-39,https://images.pokemontcg.io/ex5/39_hires.png,2026/08/08,2026/06/18,2.57,0.36000001430511475,2.559999942779541,96.35,,15.93,,,,1.1881,0.0231,1.2342,15.9414,0.57669997215271,1.2342,1.1189,6.9095,7.6823,10.3008,1.1535,2026-08-09
xy5-46,Spheal,normal,Primal Clash,46,Common,Kagemaru Himeno,Basic,363,Pokémon,2015/02/04,"tcgplayer,cardmarket",https://prices.pokemontcg.io/tcgplayer/xy5-46,https://images.pokemontcg.io/xy5/46_hires.png,2026/08/08,2026/02/22,0.26,0.05000000074505806,0.25,19.98,,0.6,,,,0.1615,0.0231,0.1384,0.819,0.04610000178217888,0.1038,0.15,0.5767,0.7267,0.7498,1.1535,2026-08-09
swsh35-48,Swablu,normal,Champion's Path,48,Common,0313,Basic,333,Pokémon,2020/09/25,"tcgplayer,cardmarket",https://prices.pokemontcg.io/tcgplayer/swsh35-48,https://images.pokemontcg.io/swsh35/48_hires.png,2026/08/08,2026/02/19,0.2,0.019999999552965164,0.20999999344348907,19.98,,0.3,,,,0.0692,0.0231,0.0692,0.4614,0.06920000165700912,0.1038,0.0692,1.142,0.4614,0.3807,1.1535,2026-08-09
base3-48,Grimer,unlimited,Fossil,48,Common,Mitsuhiro Arita,Basic,88,Pokémon,1999/10/10,"tcgplayer,cardmarket",https://prices.pokemontcg.io/tcgplayer/base3-48,https://images.pokemontcg.io/base3/48_hires.png,2026/08/08,2026/06/22,0.52,0.10999999940395355,0.49000000953674316,39.99,,,,,"{""1stEdition"": {""low"": 0.86, ""mid"": 3.42, ""high"": 39.99, ""market"": 3.5, ""directLow"": 4.73}}",0.6575,0.0231,0.8305,0.0,0.9689000248908997,0.646,0.646,1.1535,0.819,0.819,1.1535,2026-08-09
sm3-41,Raichu,holofoil,Burning Shadows,41,Rare Holo,Kagemaru Himeno,Stage 1,26,Pokémon,2017/08/05,"tcgplayer,cardmarket",https://prices.pokemontcg.io/tcgplayer/sm3-41,https://images.pokemontcg.io/sm3/41_hires.png,2026/08/08,2026/03/11,1.21,0.699999988079071,1.3600000143051147,19.98,,1.56,,,,10.3238,8.0745,9.2049,0.0,9.170299530029297,8.9627,7.6708,4.6025,2.3531,1.7072,1.1535,2026-08-09
col1-46,Magby,normal,Call of Legends,46,Uncommon,Akira Komayama,Basic,240,Pokémon,2011/02/09,"tcgplayer,cardmarket",https://prices.pokemontcg.io/tcgplayer/col1-46,https://images.pokemontcg.io/col1/46_hires.png,2026/08/08,2026/03/07,0.94,0.30000001192092896,0.8700000047683716,19.98,,4.46,,,,0.8651,0.0461,0.7498,2.2955,0.8651000261306763,1.0497,1.0612,2.2955,4.2795,4.4525,1.1535,2026-08-09
ex4-47,Team Aqua's Carvanha,normal,Team Magma vs Team Aqua,47,Common,Yosuke Da Silva,Basic,318,Pokémon,2004/03/01,"tcgplayer,cardmarket",https://prices.pokemontcg.io/tcgplayer/ex4-47,https://images.pokemontcg.io/ex4/47_hires.png,2026/08/08,2026/06/21,0.77,0.3400000035762787,0.7599999904632568,19.98,,11.66,,,,0.6229,0.0346,0.6229,17.3025,0.8651000261306763,0.5075,0.5767,17.3025,10.8083,4.764,1.1535,2026-08-09
bw1-43,Zebstrika,normal,Black & White,43,Rare,Masakazu Fukuda,Stage 1,523,Pokémon,2011/04/25,"tcgplayer,cardmarket",https://prices.pokemontcg.io/tcgplayer/bw1-43,https://images.pokemontcg.io/bw1/43_hires.png,2026/08/08,2026/03/11,0.94,0.25,0.9300000071525574,19.98,,2.18,,,,1.2804,0.0231,1.0266,1.7764,1.153499960899353,1.1189,0.9343,2.1801,1.661,1.1189,1.1535,2026-08-09
dp1-47,Dusclops,normal,Diamond & Pearl,47,Uncommon,Kouki Saitou,Stage 1,356,Pokémon,2007/05/01,"tcgplayer,cardmarket",https://prices.pokemontcg.io/tcgplayer/dp1-47,https://images.pokemontcg.io/dp1/47_hires.png,2026/08/08,2026/03/08,0.5,0.30000001192092896,0.5,18.36,,3.03,,,,0.3691,0.0231,0.5537,2.5377,0.57669997215271,0.7036,0.4153,4.5563,2.5838,1.8802,1.1535,2026-08-09
sm6-41,Uxie,normal,Forbidden Light,41,Uncommon,Shin Nagasawa,Basic,480,Pokémon,2018/05/04,"tcgplayer,cardmarket",https://prices.pokemontcg.io/tcgplayer/sm6-41,https://images.pokemontcg.io/sm6/41_hires.png,2026/08/08,2026/02/22,0.26,0.10000000149011612,0.25999999046325684,19.98,,0.6,,,,0.15,0.0231,0.1384,1.0958,0.023099999874830246,0.1269,0.1269,1.142,0.8882,0.7267,1.1535,2026-08-09
sm2-45,Vikavolt-GX,holofoil,Guardians Rising,45,Rare Holo GX,5ban Graphics,Stage 2|GX,738,Pokémon,2017/05/05,"tcgplayer,cardmarket",https://prices.pokemontcg.io/tcgplayer/sm2-45,https://images.pokemontcg.io/sm2/45_hires.png,2026/08/08,2026/02/19,1.91,1.100000023841858,1.9500000476837158,7.5,,,,,,1.661,0.4383,1.6149,0.0,2.1916000843048096,1.7764,1.638,1.638,2.2032,2.4224,1.1535,2026-08-09
xy2-52,Weavile,normal,Flashfire,52,Rare,Shigenori Negishi,Stage 1,461,Pokémon,2014/05/07,"tcgplayer,cardmarket",https://prices.pokemontcg.io/tcgplayer/xy2-52,https://images.pokemontcg.io/xy2/52_hires.png,2026/08/08,2026/02/19,0.44,0.10999999940395355,0.4399999976158142,29.99,,0.94,,,,0.4614,0.1038,0.5767,1.3727,1.1419999599456787,0.5883,0.5883,2.134,1.3265,1.4534,1.1535,2026-08-09
mcd11-8,Sandile,holofoil,McDonald's Collection 2011,8,,Ken Sugimori,Basic,551,Pokémon,2011/06/17,"tcgplayer,cardmarket",https://prices.pokemontcg.io/tcgplayer/mcd11-8,https://images.pokemontcg.io/mcd11/8_hires.png,2026/08/08,2026/07/01,8.91,2.5,5.630000114440918,95.86,,,,,,2.0186,0.0577,1.7187,0.0,0.6805999875068665,1.6726,2.2378,0.5075,0.5767,0.6229,1.1535,2026-08-09
bw2-39,Whirlipede,normal,Emerging Powers,39,Uncommon,Shin Nagasawa,Stage 1,544,Pokémon,2011/08/31,"tcgplayer,cardmarket",https://prices.pokemontcg.io/tcgplayer/bw2-39,https://images.pokemontcg.io/bw2/39_hires.png,2026/08/08,2026/03/11,0.32,0.09000000357627869,0.28999999165534973,19.84,,0.68,,,,0.1384,0.0231,0.1038,0.9113,0.17299999296665192,0.15,0.15,0.346,0.8997,0.7382,1.1535,2026-08-09
basep-43,Machamp,normal,Wizards Black Star Promos,43,Promo,Tomokazu Komiya,Stage 2,68,Pokémon,1999/07/01,"tcgplayer,cardmarket",https://prices.pokemontcg.io/tcgplayer/basep-43,https://images.pokemontcg.io/basep/43_hires.png,2026/08/08,2026/07/01,71.09,65.0,174.97000122070312,1802.93,,,,,,43.8215,32.2403,52.8649,0.0,32.2864990234375,46.9936,39.6804,3.3451,3.3451,3.3451,1.1535,2026-08-09
xyp-XY35,M Metagross-EX,holofoil,XY Black Star Promos,XY35,Promo,5ban Graphics,MEGA|EX,376,Pokémon,2013/10/12,"tcgplayer,cardmarket",https://prices.pokemontcg.io/tcgplayer/xyp-XY35,https://images.pokemontcg.io/xyp/XY35_hires.png,2026/08/08,2026/03/11,67.48,27.0,51.349998474121094,799.8,,,,,,39.7957,28.8375,36.566,0.0,46.13999938964844,34.4204,36.7159,28.826,17.4178,14.1073,1.1535,2026-08-09
sma-SV39,Gabite,holofoil,Hidden Fates Shiny Vault,SV39,Rare Shiny,Masakazu Fukuda,Stage 1,444,Pokémon,2019/08/23,"tcgplayer,cardmarket",https://prices.pokemontcg.io/tcgplayer/sma-SV39,https://images.pokemontcg.io/sma/SV39_hires.png,2026/08/08,2026/03/11,5.87,3.119999885559082,6.170000076293945,43.0,,,,,,3.6797,2.307,3.7835,0.0,4.371799945831299,4.1295,3.7835,2.8838,5.1792,7.1748,1.1535,2026-08-09
swsh2-40,Gyarados,holofoil,Rebel Clash,40,Rare Holo,hatachu,Stage 1,130,Pokémon,2020/05/01,"tcgplayer,cardmarket",https://prices.pokemontcg.io/tcgplayer/swsh2-40,https://images.pokemontcg.io/swsh2/40_hires.png,2026/08/08,2026/03/08,1.54,0.6100000143051147,1.659999966621399,26.06,,2.74,,,,1.7072,0.5537,1.6841,1.4995,1.3841999769210815,1.7072,1.6149,1.0958,2.0994,2.0417,1.1535,2026-08-09
hgss4-48,Piloswine,normal,HS—Triumphant,48,Uncommon,Kagemaru Himeno,Stage 1,221,Pokémon,2010/11/03,"tcgplayer,cardmarket",https://prices.pokemontcg.io/tcgplayer/hgss4-48,https://images.pokemontcg.io/hgss4/48_hires.png,2026/08/08,2026/03/11,0.37,0.18000000715255737,0.3700000047683716,19.98,,3.61,,,,0.3807,0.0231,0.4383,1.2919,1.153499960899353,0.4614,0.4037,2.48,1.4995,2.4224,1.1535,2026-08-09
xy0-38,Switch,normal,Kalos Starter Set,38,,5ban Graphics,Item,,Trainer,2013/11/08,"tcgplayer,cardmarket",https://prices.pokemontcg.io/tcgplayer/xy0-38,https://images.pokemontcg.io/xy0/38_hires.png,2026/08/08,2026/06/21,0.23,0.03999999910593033,0.23000000417232513,19.98,,,,,,0.15,0.0231,0.0807,0.0,0.023099999874830246,0.0923,0.173,0.0,0.0,0.0,1.1535,2026-08-09
ex12-49,Bellsprout,normal,Legend Maker,49,Common,Midori Harada,Basic,69,Pokémon,2006/02/01,"tcgplayer,cardmarket",https://prices.pokemontcg.io/tcgplayer/ex12-49,https://images.pokemontcg.io/ex12/49_hires.png,2026/08/08,2026/02/22,0.44,0.10000000149011612,0.4399999976158142,19.98,,22.45,,,,0.1961,0.0231,0.819,4.5102,0.15000000596046448,0.7959,0.2999,4.2679,4.3141,5.0754,1.1535,2026-08-09
xy9-38,Froakie,normal,BREAKpoint,38,Common,Sanosuke Sakuma,Basic,656,Pokémon,2016/02/03,"tcgplayer,cardmarket",https://prices.pokemontcg.io/tcgplayer/xy9-38,https://images.pokemontcg.io/xy9/38_hires.png,2026/08/08,2026/03/11,0.21,0.05000000074505806,0.23999999463558197,1000.0,,0.61,,,,0.8421,0.0,0.1615,0.0,0.5421000123023987,0.1384,0.1154,0.0,0.0,0.0,1.1535,2026-08-09
ex14-43,Wartortle,normal,Crystal Guardians,43,Uncommon,Atsuko Nishida,Stage 1,8,Pokémon,2006/08/01,"tcgplayer,cardmarket",https://prices.pokemontcg.io/tcgplayer/ex14-43,https://images.pokemontcg.io/ex14/43_hires.png,2026/08/08,2026/03/11,1.79,0.75,1.5099999904632568,96.94,,48.91,,,,1.1535,0.0231,1.3611,28.826,2.168600082397461,1.3496,1.1189,28.1454,17.2218,15.2954,1.1535,2026-08-09
dp4-40,Grovyle,normal,Great Encounters,40,Common,Kagemaru Himeno,Stage 1,253,Pokémon,2008/02/01,"tcgplayer,cardmarket",https://prices.pokemontcg.io/tcgplayer/dp4-40,https://images.pokemontcg.io/dp4/40_hires.png,2026/08/08,2026/06/11,0.82,0.30000001192092896,0.699999988079071,19.98,,10.5,,,,0.4614,0.0231,0.3576,2.3762,0.3230000138282776,0.496,0.4729,1.1535,3.299,3.0683,1.1535,2026-08-09
bw11-49,Emolga,normal,Legendary Treasures,49,Uncommon,Tomokazu Komiya,Basic,587,Pokémon,2013/11/06,"tcgplayer,cardmarket",https://prices.pokemontcg.io/tcgplayer/bw11-49,https://images.pokemontcg.io/bw11/49_hires.png,2026/08/08,2026/03/11,2.69,0.6499999761581421,2.630000114440918,19.99,,17.05,,,,3.8873,3.4374,3.4605,46.0246,5.709799766540527,3.8873,3.9796,46.0246,26.9342,9.9316,1.1535,2026-08-09
ex9-47,Electrike,normal,Emerald,47,Common,Kagemaru Himeno,Basic,309,Pokémon,2005/05/01,"tcgplayer,cardmarket",https://prices.pokemontcg.io/tcgplayer/ex9-47,https://images.pokemontcg.io/ex9/47_hires.png,2026/08/08,2026/04/11,0.44,0.18000000715255737,0.4399999976158142,20.5,,19.0,,,,0.1961,0.0231,0.15,20.1863,0.06920000165700912,0.2192,0.1961,23.0585,19.7133,9.8624,1.1535,2026-08-09
ex7-44,Magmar,normal,Team Rocket Returns,44,Uncommon,Yukiko Baba,Basic,126,Pokémon,2004/11/01,"tcgplayer,cardmarket",https://prices.pokemontcg.io/tcgplayer/ex7-44,https://images.pokemontcg.io/ex7/44_hires.png,2026/08/08,2026/06/21,4.38,2.609999895095825,4.769999980926514,51.7,,95.0,,,,2.2493,2.2724,2.8376,0.0,4.498600006103516,2.7799,3.7258,17.3025,47.3627,27.7878,1.1535,2026-08-09
pl1-46,Cranidos,normal,Platinum,46,Uncommon,Kouki Saitou,Stage 1,408,Pokémon,2009/02/11,"tcgplayer,cardmarket",https://prices.pokemontcg.io/tcgplayer/pl1-46,https://images.pokemontcg.io/pl1/46_hires.png,2026/08/08,2026/03/07,1.17,0.5,0.7599999904632568,14.3,,4.82,,,,0.9805,0.0231,0.7152,1.0843,0.34599998593330383,0.2884,0.6229,0.5767,1.0843,1.315,1.1535,2026-08-09
ex10-44,Quagsire,normal,Unseen Forces,44,Uncommon,Kagemaru Himeno,Stage 1,195,Pokémon,2005/08/01,"tcgplayer,cardmarket",https://prices.pokemontcg.io/tcgplayer/ex10-44,https://images.pokemontcg.io/ex10/44_hires.png,2026/08/08,2026/06/21,3.47,1.75,3.890000104904175,68.64,,64.36,,,,1.165,0.0231,1.4995,11.8234,0.40369999408721924,1.2342,1.0958,0.5767,14.8686,9.4356,1.1535,2026-08-09
swshp-SWSH038,Kangaskhan,holofoil,SWSH Black Star Promos,SWSH038,Promo,HYOGONOSUKE,Basic,115,Pokémon,2019/11/15,"tcgplayer,cardmarket",https://prices.pokemontcg.io/tcgplayer/swshp-SWSH038,https://images.pokemontcg.io/swshp/SWSH038_hires.png,2026/08/08,2026/02/22,11.64,10.65999984741211,12.0,112.3,,,,,,14.8917,8.0745,13.3114,0.0,17.244800567626953,15.1801,18.2138,2.307,6.4596,6.8056,1.1535,2026-08-09
bw8-46,Magnezone,holofoil,Plasma Storm,46,Rare Holo,5ban Graphics,Stage 2|Team Plasma,462,Pokémon,2013/02/06,"tcgplayer,cardmarket",https://prices.pokemontcg.io/tcgplayer/bw8-46,https://images.pokemontcg.io/bw8/46_hires.png,2026/08/08,2026/02/22,4.41,2.990000009536743,4.480000019073486,43.0,,17.86,,,,3.1721,0.4614,3.0914,2.6877,2.8838000297546387,3.1375,3.4374,8.0745,6.5403,5.2023,1.1535,2026-08-09
ex2-38,Illumise,normal,Sandstorm,38,Uncommon,Kyoko Umemoto,Basic,314,Pokémon,2003/09/18,"tcgplayer,cardmarket",https://prices.pokemontcg.io/tcgplayer/ex2-38,https://images.pokemontcg.io/ex2/38_hires.png,2026/08/08,2026/06/22,3.5,3.3499999046325684,4.840000152587891,63.0,,6.36,,,,1.7533,0.346,1.7764,3.4605,1.6380000114440918,1.3035,1.7649,8.0745,3.9565,4.0142,1.1535,2026-08-09
sm1-43,Crabominable,normal,Sun & Moon,43,Rare,TOKIYA,Stage 1,740,Pokémon,2017/02/03,"tcgplayer,cardmarket",https://prices.pokemontcg.io/tcgplayer/sm1-43,https://images.pokemontcg.io/sm1/43_hires.png,2026/08/08,2026/02/21,0.12,0.019999999552965164,0.20000000298023224,19.98,,0.3,,,,0.1384,0.0231,0.1384,0.3807,0.28839999437332153,0.1384,0.1154,0.4614,0.4037,0.4268,1.1535,2026-08-09
xy1-45,Electrode,normal,XY,45,Uncommon,Shigenori Negishi,Stage 1,101,Pokémon,2014/02/05,"tcgplayer,cardmarket",https://prices.pokemontcg.io/tcgplayer/xy1-45,https://images.pokemontcg.io/xy1/45_hires.png,2026/08/08,2026/02/22,0.22,0.07999999821186066,0.25,1000.0,,0.78,,,,0.3576,0.0231,0.2307,0.8074,0.34599998593330383,0.2422,0.2653,0.5191,0.6921,0.8651,1.1535,2026-08-09
ex13-45,Lairon,normal,Holon Phantoms,45,Uncommon,Masakazu Fukuda,Stage 1,305,Pokémon,2006/05/01,"tcgplayer,cardmarket",https://prices.pokemontcg.io/tcgplayer/ex13-45,https://images.pokemontcg.io/ex13/45_hires.png,2026/08/08,2026/03/11,0.82,0.4000000059604645,0.8199999928474426,19.98,,27.02,,,,0.8536,0.0577,0.9574,6.5519,0.25380000472068787,0.7613,0.6575,5.6522,5.0639,8.0514,1.1535,2026-08-09
ex8-45,Shelgon,normal,Deoxys,45,Uncommon,Aya Kusube,Stage 1,372,Pokémon,2005/02/01,"tcgplayer,cardmarket",https://prices.pokemontcg.io/tcgplayer/ex8-45,https://images.pokemontcg.io/ex8/45_hires.png,2026/08/08,2026/06/07,1.22,0.75,1.25,19.98,,36.5,,,,2.7223,0.346,1.1189,46.14,2.226300001144409,1.0612,1.8225,3.6451,6.3558,6.771,1.1535,2026-08-09
xy10-44,Wormadam,normal,Fates Collide,44,Uncommon,Hajime Kusajima,Stage 1,413,Pokémon,2016/05/02,"tcgplayer,cardmarket",https://prices.pokemontcg.io/tcgplayer/xy10-44,https://images.pokemontcg.io/xy10/44_hires.png,2026/08/08,2026/02/22,0.17,0.05000000074505806,0.20000000298023224,4.0,,0.38,,,,0.1846,0.0231,0.1961,0.5075,0.09229999780654907,0.1961,0.1615,0.2076,0.4614,0.4499,1.1535,2026-08-09
dp5-40,Manectric,normal,Majestic Dawn,40,Uncommon,Daisuke Ito,Stage 1,310,Pokémon,2008/05/01,"tcgplayer,cardmarket",https://prices.pokemontcg.io/tcgplayer/dp5-40,https://images.pokemontcg.io/dp5/40_hires.png,2026/08/08,2026/03/07,0.39,0.15000000596046448,0.3799999952316284,19.98,,2.53,,,,0.1846,0.0231,0.3345,0.4614,1.153499960899353,0.4383,0.2422,0.346,0.9459,0.7959,1.1535,2026-08-09
neo1-41,Miltank,unlimited,Neo Genesis,41,Uncommon,Ken Sugimori,Basic,241,Pokémon,2000/12/16,"tcgplayer,cardmarket",https://prices.pokemontcg.io/tcgplayer/neo1-41,https://images.pokemontcg.io/neo1/41_hires.png,2026/08/08,2026/06/21,3.8,1.75,3.5799999237060547,29.96,,,,,"{""1stEdition"": {""low"": 5.49, ""mid"": 11.0, ""high"": 59.28, ""market"": 11.03, ""directLow"": 20.96}}",2.1224,0.0923,2.0878,0.0,1.038100004196167,2.3185,2.1916,0.15,0.15,0.15,1.1535,2026-08-09
sm11-40,Lumineon,normal,Unified Minds,40,Uncommon,Sekio,Stage 1,457,Pokémon,2019/08/02,"tcgplayer,cardmarket",https://prices.pokemontcg.io/tcgplayer/sm11-40,https://images.pokemontcg.io/sm11/40_hires.png,2026/08/08,2026/03/11,0.23,0.07000000029802322,0.23999999463558197,19.98,,0.41,,,,0.15,0.0231,0.0807,0.496,0.04610000178217888,0.1154,0.15,2.9991,1.0612,0.6575,1.1535,2026-08-09
swsh1-47,Seaking,normal,Sword & Shield,47,Uncommon,Shibuzoh.,Stage 1,119,Pokémon,2020/02/07,"tcgplayer,cardmarket",https://prices.pokemontcg.io/tcgplayer/swsh1-47,https://images.pokemontcg.io/swsh1/47_hires.png,2026/08/08,2026/02/19,0.08,0.009999999776482582,0.18000000715255737,19.98,,0.53,,,,0.1038,0.0231,0.1154,0.8421,0.023099999874830246,0.1154,0.1038,1.4419,1.1189,0.8767,1.1535,2026-08-09
xy6-43,Togepi,normal,Roaring Skies,43,Common,HiRON,Basic,175,Pokémon,2015/05/06,"tcgplayer,cardmarket",https://prices.pokemontcg.io/tcgplayer/xy6-43,https://images.pokemontcg.io/xy6/43_hires.png,2026/08/08,2026/02/24,0.54,0.15000000596046448,0.5099999904632568,19.99,,2.97,,,,0.2076,0.0231,0.1154,0.8536,0.023099999874830246,0.173,0.1961,0.6921,1.1074,0.8536,1.1535,2026-08-09
bw4-50,Zekrom,normal,Next Destinies,50,Rare,5ban Graphics,Basic,644,Pokémon,2012/02/08,"tcgplayer,cardmarket",https://prices.pokemontcg.io/tcgplayer/bw4-50,https://images.pokemontcg.io/bw4/50_hires.png,2026/08/08,2026/02/19,1.06,0.25,0.75,5.0,,3.73,,,,0.8882,0.0231,1.1996,1.9494,0.8651000261306763,1.0612,0.8651,2.4224,1.8687,1.7418,1.1535,2026-08-09
dpp-DP45,Charizard G LV.X,holofoil,DP Black Star Promos,DP45,Promo,Wataru Kawahara,Level-Up|SP,6,Pokémon,2007/05/01,tcgplayer,https://prices.pokemontcg.io/tcgplayer/dpp-DP45,https://images.pokemontcg.io/dpp/DP45_hires.png,2026/08/08,,297.68,196.0,423.0199890136719,2392.8,,,,,,,,,,,,,,,,,2026-08-09
sm12-48,Glalie,normal,Cosmic Eclipse,48,Rare,Uta,Stage 1,362,Pokémon,2019/11/01,"tcgplayer,cardmarket",https://prices.pokemontcg.io/tcgplayer/sm12-48,https://images.pokemontcg.io/sm12/48_hires.png,2026/08/08,2026/02/19,0.28,0.15000000596046448,0.30000001192092896,19.98,,0.49,,,,0.15,0.0231,0.2999,0.992,0.23070000112056732,0.3807,0.3114,0.2884,1.0035,0.8882,1.1535,2026-08-09
sm115-47,Kangaskhan,normal,Hidden Fates,47,Rare,You Iribi,Basic,115,Pokémon,2019/08/23,"tcgplayer,cardmarket",https://prices.pokemontcg.io/tcgplayer/sm115-47,https://images.pokemontcg.io/sm115/47_hires.png,2026/08/08,2026/02/22,0.25,0.05000000074505806,0.25,19.98,,0.52,,,,0.15,0.0231,0.1154,0.4037,0.06920000165700912,0.15,0.2076,0.4614,0.4037,0.5998,1.1535,2026-08-09
pl4-47,Rapidash,normal,Arceus,47,Uncommon,Midori Harada,Stage 1,78,Pokémon,2009/11/04,"tcgplayer,cardmarket",https://prices.pokemontcg.io/tcgplayer/pl4-47,https://images.pokemontcg.io/pl4/47_hires.png,2026/08/08,2026/03/07,0.78,0.25,0.6899999976158142,17.68,,5.14,,,,0.2076,0.0231,0.2768,0.3922,0.31139999628067017,0.2999,0.2307,1.142,0.8767,2.1109,1.1535,2026-08-09
g1-33,Gastly,normal,Generations,33,Common,kodama,Basic,92,Pokémon,2016/02/22,"tcgplayer,cardmarket",https://prices.pokemontcg.io/tcgplayer/g1-33,https://images.pokemontcg.io/g1/33_hires.png,2026/08/08,2026/05/07,0.42,0.20000000298023224,0.4300000071525574,19.0,,5.48,,,,0.2768,0.0231,0.2076,1.7995,0.03460000082850456,0.1269,0.2422,8.063,3.3567,2.2839,1.1535,2026-08-09
base4-45,Jynx,normal,Base Set 2,45,Uncommon,Ken Sugimori,Basic,124,Pokémon,2000/02/24,"tcgplayer,cardmarket",https://prices.pokemontcg.io/tcgplayer/base4-45,https://images.pokemontcg.io/base4/45_hires.png,2026/08/08,2026/06/21,1.12,0.25,0.75,15.52,,,,,,2.0532,0.1038,1.3611,0.0,2.0185999870300293,0.9459,1.7995,0.0,0.0,0.0,1.1535,2026-08-09
xy3-35,Drowzee,normal,Furious Fists,35,Common,Sumiyoshi Kizuki,Basic,96,Pokémon,2014/08/13,"tcgplayer,cardmarket",https://prices.pokemontcg.io/tcgplayer/xy3-35,https://images.pokemontcg.io/xy3/35_hires.png,2026/08/08,2026/03/11,0.25,0.05000000074505806,0.25,19.98,,0.48,,,,0.1154,0.0231,0.1384,0.5075,0.23070000112056732,0.1154,0.1384,0.5767,0.4729,0.4153,1.1535,2026-08-09
ecard2-19,Kingdra,normal,Aquapolis,19,Rare,Atsuko Nishida,Stage 2,230,Pokémon,2003/01/15,"tcgplayer,cardmarket",https://prices.pokemontcg.io/tcgplayer/ecard2-19,https://images.pokemontcg.io/ecard2/19_hires.png,2026/08/08,2026/06/21,17.43,13.729999542236328,18.1299991607666,219.9,,99.99,,,,4.7986,0.5537,8.3167,10.37,17.302499771118164,10.6699,5.7214,57.675,17.2679,13.196,1.1535,2026-08-09
ex3-45,Swellow,normal,Dragon,45,Uncommon,Mitsuhiro Arita,Stage 1,277,Pokémon,2003/11/24,"tcgplayer,cardmarket",https://prices.pokemontcg.io/tcgplayer/ex3-45,https://images.pokemontcg.io/ex3/45_hires.png,2026/08/08,2026/06/21,1.67,0.8600000143051147,1.600000023841858,96.95,,14.41,,,,1.4303,0.0923,0.8074,2.6761,0.57669997215271,1.2919,1.7995,1.142,3.1029,3.3221,1.1535,2026-08-09
bw7-48,Keldeo,normal,Boundaries Crossed,48,Rare,Naoki Saito,Basic,647,Pokémon,2012/11/07,"tcgplayer,cardmarket",https://prices.pokemontcg.io/tcgplayer/bw7-48,https://images.pokemontcg.io/bw7/48_hires.png,2026/08/08,2026/02/24,0.65,0.25,0.6100000143051147,19.02,,1.38,,,,0.819,0.0461,0.496,0.7498,0.3921999931335449,0.2768,0.5998,0.346,0.9343,1.6264,1.1535,2026-08-09
hgss2-45,Buizel,normal,HS—Unleashed,45,Common,Masakazu Fukuda,Basic,418,Pokémon,2010/05/12,"tcgplayer,cardmarket",https://prices.pokemontcg.io/tcgplayer/hgss2-45,https://images.pokemontcg.io/hgss2/45_hires.png,2026/08/08,2026/02/22,0.4,0.20000000298023224,0.4000000059604645,19.98,,2.71,,,,0.2538,0.0231,0.173,0.0,0.34599998593330383,0.2192,0.2422,5.7675,2.5954,1.488,1.1535,2026-08-09
neo1-42,Noctowl,unlimited,Neo Genesis,42,Uncommon,Ken Sugimori,Stage 1,164,Pokémon,2000/12/16,"tcgplayer,cardmarket",https://prices.pokemontcg.io/tcgplayer/neo1-42,https://images.pokemontcg.io/neo1/42_hires.png,2026/08/08,2026/06/21,3.61,1.5,3.200000047683716,23.63,,,,,"{""1stEdition"": {""low"": 5.0, ""mid"": 10.55, ""high"": 108.25, ""market"": 10.9, ""directLow"": 15.99}}",2.7799,0.0346,2.3647,0.0,2.2955000400543213,3.126,2.9645,4.614,2.5608,2.5608,1.1535,2026-08-09
sm8-46,Houndoom,normal,Lost Thunder,46,Rare,Sekio,Stage 1,229,Pokémon,2018/11/02,"tcgplayer,cardmarket",https://prices.pokemontcg.io/tcgplayer/sm8-46,https://images.pokemontcg.io/sm8/46_hires.png,2026/08/08,2026/02/19,0.99,0.49000000953674316,0.9900000095367432,19.98,,5.17,,,,0.7152,0.0577,0.7728,3.449,1.038100004196167,0.5075,0.7036,4.614,2.63,1.7302,1.1535,2026-08-09
bwp-BW35,Meowth,normal,BW Black Star Promos,BW35,Promo,Sumiyoshi Kizuki,Basic,52,Pokémon,2011/03/01,"tcgplayer,cardmarket",https://prices.pokemontcg.io/tcgplayer/bwp-BW35,https://images.pokemontcg.io/bwp/BW35_hires.png,2026/08/08,2026/04/18,50.5,35.0,50.5,75.0,,,,,,7.4631,4.614,10.1739,0.0,6.344200134277344,7.6477,8.2014,0.0,0.0,0.0,1.1535,2026-08-09
bw5-40,Minun,normal,Dark Explorers,40,Common,Naoki Saito,Basic,312,Pokémon,2012/05/09,"tcgplayer,cardmarket",https://prices.pokemontcg.io/tcgplayer/bw5-40,https://images.pokemontcg.io/bw5/40_hires.png,2026/08/08,2026/03/11,6.85,5.150000095367432,6.989999771118164,58.6,,25.24,,,,0.6806,0.0231,0.669,1.9263,0.023099999874830246,0.3922,0.6344,1.7302,1.7879,1.7533,1.1535,2026-08-09
basep-44,Magmar,normal,Wizards Black Star Promos,44,Promo,Atsuko Nishida,Basic,126,Pokémon,1999/07/01,"tcgplayer,cardmarket",https://prices.pokemontcg.io/tcgplayer/basep-44,https://images.pokemontcg.io/basep/44_hires.png,2026/08/08,2026/07/01,32.75,20.0,59.95000076293945,499.99,,,,,,18.2484,11.535,23.4045,0.0,40.31480026245117,20.6707,16.3682,2.8838,2.8838,2.8838,1.1535,2026-08-09
ex2-39,Kabuto,normal,Sandstorm,39,Uncommon,Atsuko Nishida,Stage 1,140,Pokémon,2003/09/18,"tcgplayer,cardmarket",https://prices.pokemontcg.io/tcgplayer/ex2-39,https://images.pokemontcg.io/ex2/39_hires.png,2026/08/08,2026/06/22,4.16,2.890000104904175,5.010000228881836,43.1,,32.01,,,,2.1224,0.1154,1.7995,6.6442,2.0185999870300293,1.5803,2.3762,3.4028,7.1056,5.3868,1.1535,2026-08-09
sm3-42,Electabuzz,normal,Burning Shadows,42,Uncommon,match,Basic,125,Pokémon,2017/08/05,"tcgplayer,cardmarket",https://prices.pokemontcg.io/tcgplayer/sm3-42,https://images.pokemontcg.io/sm3/42_hires.png,2026/08/08,2026/03/11,0.15,0.029999999329447746,0.20000000298023224,19.98,,0.35,,,,0.1038,0.0231,0.0692,0.3807,0.05770000070333481,0.0577,0.0923,0.2307,0.3807,0.346,1.1535,2026-08-09
hgss4-49,Porygon2,normal,HS—Triumphant,49,Uncommon,Kouki Saitou,Stage 1,233,Pokémon,2010/11/03,"tcgplayer,cardmarket",https://prices.pokemontcg.io/tcgplayer/hgss4-49,https://images.pokemontcg.io/hgss4/49_hires.png,2026/08/08,2026/02/21,0.73,0.28999999165534973,0.6600000262260437,19.98,,8.99,,,,0.5537,0.0231,0.3114,0.0,0.57669997215271,0.2768,0.4729,5.0754,3.3336,2.3647,1.1535,2026-08-09
ex10-45,Quilava,normal,Unseen Forces,45,Uncommon,Hajime Kusajima,Stage 1,156,Pokémon,2005/08/01,"tcgplayer,cardmarket",https://prices.pokemontcg.io/tcgplayer/ex10-45,https://images.pokemontcg.io/ex10/45_hires.png,2026/08/08,2026/06/21,1.69,1.0,1.590000033378601,19.98,,42.72,,,,0.8421,0.0231,0.5191,14.984,0.23070000112056732,0.4268,0.7267,14.984,17.8908,16.0567,1.1535,2026-08-09
sm7-46,Kyogre,holofoil,Celestial Storm,46,Rare Holo,Shin Nagasawa,Basic,382,Pokémon,2018/08/03,"tcgplayer,cardmarket",https://prices.pokemontcg.io/tcgplayer/sm7-46,https://images.pokemontcg.io/sm7/46_hires.png,2026/08/08,2026/02/04,2.37,1.0,2.3399999141693115,30.0,,3.6,,,,3.4374,0.4614,2.8261,7.1171,3.345099925994873,3.4259,2.9299,4.614,5.8482,5.8482,1.1535,2026-08-09
xy9-39,Frogadier,normal,BREAKpoint,39,Uncommon,Shin Nagasawa,Stage 1,657,Pokémon,2016/02/03,"tcgplayer,cardmarket",https://prices.pokemontcg.io/tcgplayer/xy9-39,https://images.pokemontcg.io/xy9/39_hires.png,2026/08/08,2026/02/24,0.3,0.10000000149011612,0.28999999165534973,14.99,,0.93,,,,0.2307,0.0231,0.2538,0.7382,0.15000000596046448,0.2538,0.2192,0.9689,0.7728,1.0843,1.1535,2026-08-09
smp-SM37,Decidueye-GX,holofoil,SM Black Star Promos,SM37,Promo,5ban Graphics,Stage 2|GX,724,Pokémon,2017/02/03,"tcgplayer,cardmarket",https://prices.pokemontcg.io/tcgplayer/smp-SM37,https://images.pokemontcg.io/smp/SM37_hires.png,2026/08/08,2026/03/08,7.5,4.0,6.210000038146973,113.36,,,,,,7.267,1.7302,6.1712,0.0,5.190700054168701,5.3753,6.9325,5.7098,6.8172,6.575,1.1535,2026-08-09
xy6-44,Togetic,normal,Roaring Skies,44,Uncommon,Kanako Eo,Stage 1,176,Pokémon,2015/05/06,"tcgplayer,cardmarket",https://prices.pokemontcg.io/tcgplayer/xy6-44,https://images.pokemontcg.io/xy6/44_hires.png,2026/08/08,2026/02/24,0.48,0.15000000596046448,0.5,19.99,,1.02,,,,0.2307,0.0231,0.2422,0.9459,0.219200000166893,0.2192,0.2076,0.4614,0.7267,0.5883,1.1535,2026-08-09
base2-38,Lickitung,unlimited,Jungle,38,Uncommon,Mitsuhiro Arita,Basic,108,Pokémon,1999/06/16,"tcgplayer,cardmarket",https://prices.pokemontcg.io/tcgplayer/base2-38,https://images.pokemontcg.io/base2/38_hires.png,2026/08/08,2026/07/01,1.36,0.38999998569488525,1.0,50.0,,,,,"{""1stEdition"": {""low"": 2.19, ""mid"": 6.95, ""high"": 49.0, ""market"": 8.12, ""directLow"": 39.99}}",1.8802,0.0231,11.4312,0.0,0.8421000242233276,13.5998,3.5412,0.9228,0.6921,0.6921,1.1535,2026-08-09
np-39,Rayquaza ex,holofoil,Nintendo Black Star Promos,39,Promo,Ryo Ueda,Basic|EX,384,Pokémon,2003/10/01,"tcgplayer,cardmarket",https://prices.pokemontcg.io/tcgplayer/np-39,https://images.pokemontcg.io/np/39_hires.png,2026/08/08,2026/06/27,517.27,295.0,400.0,3349.43,,,,,,174.5707,33.4515,145.7447,0.0,115.3499984741211,225.4631,159.1945,5.1907,20.094,18.0407,1.1535,2026-08-09
base6-42,Fearow,normal,Legendary Collection,42,Uncommon,Mitsuhiro Arita,Stage 1,22,Pokémon,2002/05/24,"tcgplayer,cardmarket",https://prices.pokemontcg.io/tcgplayer/base6-42,https://images.pokemontcg.io/base6/42_hires.png,2026/08/08,2026/06/22,1.78,0.75,1.7200000286102295,19.98,,70.0,,,,2.3301,0.173,2.0532,51.7229,0.40369999408721924,2.4454,1.2573,57.675,45.9093,42.668,1.1535,2026-08-09
pl3-42,Sandslash,normal,Supreme Victors,42,Rare,Kagemaru Himeno,Stage 1,28,Pokémon,2009/08/19,"tcgplayer,cardmarket",https://prices.pokemontcg.io/tcgplayer/pl3-42,https://images.pokemontcg.io/pl3/42_hires.png,2026/08/08,2026/03/11,2.72,0.800000011920929,1.399999976158142,28.1,,4.0,,,,3.4605,0.2307,1.9494,5.7675,2.306999921798706,2.0417,1.638,3.1721,1.9725,1.984,1.1535,2026-08-09
dp7-38,Farfetch'd,normal,Stormfront,38,Uncommon,Sumiyoshi Kizuki,Basic,83,Pokémon,2008/11/01,"tcgplayer,cardmarket",https://prices.pokemontcg.io/tcgplayer/dp7-38,https://images.pokemontcg.io/dp7/38_hires.png,2026/08/08,2026/05/14,0.68,0.25,0.6499999761581421,19.98,,6.36,,,,0.2653,0.0231,0.15,2.3416,0.219200000166893,0.346,0.4037,1.1304,2.5031,1.638,1.1535,2026-08-09
xy0-39,Tierno,normal,Kalos Starter Set,39,,Ken Sugimori,Supporter,,Trainer,2013/11/08,"tcgplayer,cardmarket",https://prices.pokemontcg.io/tcgplayer/xy0-39,https://images.pokemontcg.io/xy0/39_hires.png,2026/08/08,2026/06/21,0.1,0.019999999552965164,0.1899999976158142,19.98,,,,,,0.2422,0.1846,0.5306,0.0,0.8651000261306763,0.5191,0.7728,0.8651,0.8305,0.7382,1.1535,2026-08-09
xy8-41,Panpour,normal,BREAKthrough,41,Common,Midori Harada,Basic,515,Pokémon,2015/11/04,"tcgplayer,cardmarket",https://prices.pokemontcg.io/tcgplayer/xy8-41,https://images.pokemontcg.io/xy8/41_hires.png,2026/08/08,2026/03/07,0.17,0.009999999776482582,0.20000000298023224,1000.0,,0.38,,,,0.1384,0.0231,0.1269,0.3576,0.11540000140666962,0.1384,0.1154,0.3114,0.6114,0.646,1.1535,2026-08-09
bw8-47,Magnezone,normal,Plasma Storm,47,Rare,match,Stage 2,462,Pokémon,2013/02/06,"tcgplayer,cardmarket",https://prices.pokemontcg.io/tcgplayer/bw8-47,https://images.pokemontcg.io/bw8/47_hires.png,2026/08/08,2026/02/19,1.06,0.49000000953674316,0.9900000095367432,18.08,,2.34,,,,0.2653,0.2307,0.7036,0.0,0.8073999881744385,0.819,0.992,3.4605,2.653,2.3416,1.1535,2026-08-09
mcd11-9,Zorua,holofoil,McDonald's Collection 2011,9,,Ken Sugimori,Basic,570,Pokémon,2011/06/17,"tcgplayer,cardmarket",https://prices.pokemontcg.io/tcgplayer/mcd11-9,https://images.pokemontcg.io/mcd11/9_hires.png,2026/08/08,2026/07/01,8.52,4.75,7.369999885559082,80.3,,,,,,3.0106,0.1154,4.4756,0.0,4.613999843597412,2.9299,2.9068,1.2919,0.8767,0.7728,1.1535,2026-08-09
ex15-36,Quilava δ,normal,Dragon Frontiers,36,Uncommon,Midori Harada,Stage 1,156,Pokémon,2006/11/01,"tcgplayer,cardmarket",https://prices.pokemontcg.io/tcgplayer/ex15-36,https://images.pokemontcg.io/ex15/36_hires.png,2026/08/08,2026/06/21,3.5,0.8500000238418579,3.299999952316284,99.99,,74.99,,,,0.9228,0.1154,2.4339,11.2812,11.523500442504883,1.6149,1.0728,31.0868,13.2537,9.8278,1.1535,2026-08-09
sm1-44,Wishiwashi,normal,Sun & Moon,44,Uncommon,Mitsuhiro Arita,Basic,746,Pokémon,2017/02/03,"tcgplayer,cardmarket",https://prices.pokemontcg.io/tcgplayer/sm1-44,https://images.pokemontcg.io/sm1/44_hires.png,2026/08/08,2026/02/21,0.07,0.019999999552965164,0.18000000715255737,19.98,,0.33,,,,0.1154,0.0231,0.1038,0.2884,0.023099999874830246,0.0923,0.0807,0.5652,0.3114,0.2884,1.1535,2026-08-09
xyp-XY36,Treecko,holofoil,XY Black Star Promos,XY36,Promo,Akira Komayama,Basic,252,Pokémon,2013/10/12,"tcgplayer,cardmarket",https://prices.pokemontcg.io/tcgplayer/xyp-XY36,https://images.pokemontcg.io/xyp/XY36_hires.png,2026/08/08,2026/03/11,3.73,1.0,3.759999990463257,20.15,,,,,,2.2724,0.5191,1.4995,0.0,2.8722000122070312,1.9956,3.6105,1.315,2.5492,1.6956,1.1535,2026-08-09
xy11-49,Lampent,normal,Steam Siege,49,Uncommon,miki kudo,Stage 1,608,Pokémon,2016/08/03,"tcgplayer,cardmarket",https://prices.pokemontcg.io/tcgplayer/xy11-49,https://images.pokemontcg.io/xy11/49_hires.png,2026/08/08,2026/02/19,0.22,0.05000000074505806,0.20999999344348907,1000.0,,0.46,,,,0.0692,0.0231,0.1038,0.496,0.15000000596046448,0.0807,0.1038,0.5767,0.496,0.5191,1.1535,2026-08-09
xy4-42,Lampent,normal,Phantom Forces,42,Uncommon,kawayoo,Stage 1,608,Pokémon,2014/11/05,"tcgplayer,cardmarket",https://prices.pokemontcg.io/tcgplayer/xy4-42,https://images.pokemontcg.io/xy4/42_hires.png,2026/08/08,2026/03/11,0.35,0.12999999523162842,0.3700000047683716,19.98,,3.28,,,,0.3345,0.0231,0.3345,1.1535,0.20759999752044678,0.2884,0.4268,1.1535,1.4188,1.1074,1.1535,2026-08-09
sm75-44,Salamence-GX,holofoil,Dragon Majesty,44,Rare Holo GX,5ban Graphics,Stage 2|GX,373,Pokémon,2018/09/07,"tcgplayer,cardmarket",https://prices.pokemontcg.io/tcgplayer/sm75-44,https://images.pokemontcg.io/sm75/44_hires.png,2026/08/08,2026/02/21,9.66,6.5,9.789999961853027,73.14,,,,,,7.9822,2.1916,7.2324,0.0,5.767499923706055,7.3132,7.5324,5.1907,4.291,4.9716,1.1535,2026-08-09
sm10-38,Poliwhirl,normal,Unbroken Bonds,38,Uncommon,Yukiko Baba,Stage 1,61,Pokémon,2019/05/03,"tcgplayer,cardmarket",https://prices.pokemontcg.io/tcgplayer/sm10-38,https://images.pokemontcg.io/sm10/38_hires.png,2026/08/08,2026/03/11,0.33,0.10000000149011612,0.3499999940395355,19.98,,1.01,,,,0.1846,0.0231,0.2307,1.2112,0.46140000224113464,0.2192,0.2076,1.0381,1.0728,0.9805,1.1535,2026-08-09
sm6-42,Mesprit,normal,Forbidden Light,42,Uncommon,kodama,Basic,481,Pokémon,2018/05/04,"tcgplayer,cardmarket",https://prices.pokemontcg.io/tcgplayer/sm6-42,https://images.pokemontcg.io/sm6/42_hires.png,2026/08/08,2026/02/22,0.35,0.07999999821186066,0.3499999940395355,19.98,,1.82,,,,0.1384,0.0231,0.1269,0.9228,0.08070000261068344,0.1269,0.173,0.5652,0.9805,0.7036,1.1535,2026-08-09
gym2-50,Koga's Weezing,unlimited,Gym Challenge,50,Uncommon,Ken Sugimori,Stage 1,110,Pokémon,2000/10/16,"tcgplayer,cardmarket",https://prices.pokemontcg.io/tcgplayer/gym2-50,https://images.pokemontcg.io/gym2/50_hires.png,2026/08/08,2026/06/21,2.2,0.9200000166893005,2.1500000953674316,25.5,,,,,"{""1stEdition"": {""low"": 3.49, ""mid"": 5.55, ""high"": 60.0, ""market"": 5.65, ""directLow"": null}}",4.0142,0.5767,4.0373,0.0,2.8838000297546387,4.2564,3.5066,0.0,0.0,0.0,1.1535,2026-08-09
neo3-42,Chinchou,unlimited,Neo Revelation,42,Common,Atsuko Nishida,Basic,170,Pokémon,2001/09/21,"tcgplayer,cardmarket",https://prices.pokemontcg.io/tcgplayer/neo3-42,https://images.pokemontcg.io/neo3/42_hires.png,2026/08/08,2026/06/25,0.4,0.23999999463558197,0.5,20.4,,,,,"{""1stEdition"": {""low"": 1.07, ""mid"": 1.99, ""high"": 25.8, ""market"": 1.73, ""directLow"": null}}",0.9113,0.0231,1.0843,0.0,3.8642001152038574,1.7187,0.8882,0.0,0.0,0.0,1.1535,2026-08-09
dpp-DP46,Garchomp C LV.X,holofoil,DP Black Star Promos,DP46,Promo,Shizurow,Level-Up|SP,445,Pokémon,2007/05/01,tcgplayer,https://prices.pokemontcg.io/tcgplayer/dpp-DP46,https://images.pokemontcg.io/dpp/DP46_hires.png,2026/08/08,,75.05,77.0,400.0,799.84,,,,,,,,,,,,,,,,,2026-08-09
xy7-47,Beldum,normal,Ancient Origins,47,Common,Yuka Morii,Basic,374,Pokémon,2015/08/12,"tcgplayer,cardmarket",https://prices.pokemontcg.io/tcgplayer/xy7-47,https://images.pokemontcg.io/xy7/47_hires.png,2026/08/08,2026/02/19,0.53,0.10999999940395355,0.4099999964237213,19.98,,1.16,,,,0.2076,0.0231,0.2076,0.4153,0.2768000066280365,0.173,0.1961,0.3345,0.4037,0.5537,1.1535,2026-08-09
sm12-49,Spheal,normal,Cosmic Eclipse,49,Common,sui,Basic,363,Pokémon,2019/11/01,"tcgplayer,cardmarket",https://prices.pokemontcg.io/tcgplayer/sm12-49,https://images.pokemontcg.io/sm12/49_hires.png,2026/08/08,2026/02/19,0.25,0.09000000357627869,0.27000001072883606,19.92,,0.62,,,,0.15,0.0231,0.0807,0.3922,0.09229999780654907,0.0807,0.1154,0.2307,0.2999,0.4268,1.1535,2026-08-09
ecard1-38,Butterfree,normal,Expedition Base Set,38,Rare,Sumiyoshi Kizuki,Stage 2,12,Pokémon,2002/09/15,"tcgplayer,cardmarket",https://prices.pokemontcg.io/tcgplayer/ecard1-38,https://images.pokemontcg.io/ecard1/38_hires.png,2026/08/08,2026/06/22,23.56,24.989999771118164,39.9900016784668,298.0,,27.05,,,,4.9947,1.142,7.5208,16.149,8.651200294494629,7.4862,5.9175,6.921,14.338,14.7302,1.1535,2026-08-09
xy10-45,Riolu,normal,Fates Collide,45,Common,You Iribi,Basic,447,Pokémon,2016/05/02,"tcgplayer,cardmarket",https://prices.pokemontcg.io/tcgplayer/xy10-45,https://images.pokemontcg.io/xy10/45_hires.png,2026/08/08,2026/02/22,0.23,0.03999999910593033,0.23999999463558197,2018.0,,0.57,,,,0.1384,0.0231,0.1154,0.5883,0.11540000140666962,0.1384,0.1384,0.2884,0.2653,0.4614,1.1535,2026-08-09
bw11-50,Thundurus,holofoil,Legendary Treasures,50,Rare Holo,Yukiko Baba,Basic,642,Pokémon,2013/11/06,"tcgplayer,cardmarket",https://prices.pokemontcg.io/tcgplayer/bw11-50,https://images.pokemontcg.io/bw11/50_hires.png,2026/08/08,2026/03/11,2.01,0.9399999976158142,2.0199999809265137,96.95,,2.0,,,,2.9184,0.5767,2.48,4.614,2.802999973297119,2.4916,1.9033,4.614,3.2183,2.1686,1.1535,2026-08-09
base4-46,Kadabra,normal,Base Set 2,46,Uncommon,Ken Sugimori,Stage 1,64,Pokémon,2000/02/24,"tcgplayer,cardmarket",https://prices.pokemontcg.io/tcgplayer/base4-46,https://images.pokemontcg.io/base4/46_hires.png,2026/08/08,2026/06/21,2.23,0.3400000035762787,1.0099999904632568,100.0,,,,,,1.1881,0.0231,1.0958,0.0,0.46140000224113464,1.4303,1.3035,0.0,0.0,0.0,1.1535,2026-08-09
bw3-43,Victini,normal,Noble Victories,43,Rare,Shin Nagasawa,Basic,494,Pokémon,2011/11/16,"tcgplayer,cardmarket",https://prices.pokemontcg.io/tcgplayer/bw3-43,https://images.pokemontcg.io/bw3/43_hires.png,2026/08/08,2026/02/24,9.46,6.0,10.880000114440918,168.43,,18.93,,,,5.0985,0.0807,1.6956,7.2094,0.11540000140666962,4.3026,8.0514,6.8633,4.9254,4.0488,1.1535,2026-08-09
pl2-42,Hippowdon E4,normal,Rising Rivals,42,Uncommon,Kagemaru Himeno,Basic|SP,450,Pokémon,2009/05/16,"tcgplayer,cardmarket",https://prices.pokemontcg.io/tcgplayer/pl2-42,https://images.pokemontcg.io/pl2/42_hires.png,2026/08/08,2026/03/11,0.57,0.20000000298023224,0.4000000059604645,19.98,,1.16,,,,0.173,0.0231,0.2422,0.7036,0.28839999437332153,0.2538,0.1615,1.315,0.8536,1.3727,1.1535,2026-08-09
bw9-46,Muk,normal,Plasma Freeze,46,Rare,5ban Graphics,Stage 1|Team Plasma,89,Pokémon,2013/05/08,"tcgplayer,cardmarket",https://prices.pokemontcg.io/tcgplayer/bw9-46,https://images.pokemontcg.io/bw9/46_hires.png,2026/08/08,2026/02/19,1.2,0.550000011920929,1.1799999475479126,19.98,,28.66,,,,0.9689,0.0231,0.5998,6.598,1.038100004196167,0.8305,0.9113,10.889,3.1029,2.7453,1.1535,2026-08-09
swsh1-48,Lapras,normal,Sword & Shield,48,Rare,Kazuma Koda,Basic,131,Pokémon,2020/02/07,"tcgplayer,cardmarket",https://prices.pokemontcg.io/tcgplayer/swsh1-48,https://images.pokemontcg.io/swsh1/48_hires.png,2026/08/08,2026/02/19,0.28,0.15000000596046448,0.30000001192092896,19.16,,0.8,,,,0.5998,0.1154,0.8767,0.0,0.7382000088691711,1.2227,0.5998,0.0,0.0,0.0,1.1535,2026-08-09
ecard3-13,Jolteon,normal,Skyridge,13,Rare,Hikaru Koike,Stage 1,135,Pokémon,2003/05/12,"tcgplayer,cardmarket",https://prices.pokemontcg.io/tcgplayer/ecard3-13,https://images.pokemontcg.io/ecard3/13_hires.png,2026/08/08,2026/06/21,57.66,55.83000183105469,60.0,899.5,,75.0,,,,9.8509,1.7302,9.9778,432.7125,5.1331000328063965,9.2741,9.3549,115.35,242.3042,90.5036,1.1535,2026-08-09
pl1-47,Crobat G,normal,Platinum,47,Uncommon,Makoto Imai,Basic|SP,169,Pokémon,2009/02/11,"tcgplayer,cardmarket",https://prices.pokemontcg.io/tcgplayer/pl1-47,https://images.pokemontcg.io/pl1/47_hires.png,2026/08/08,2026/03/07,3.7,2.5799999237060547,3.8499999046325684,96.95,,19.57,,,,1.1766,0.1154,1.0266,2.7338,0.57669997215271,1.0612,1.1881,4.614,2.9414,2.7107,1.1535,2026-08-09
ex11-45,Illumise,normal,Delta Species,45,Uncommon,Midori Harada,Basic,314,Pokémon,2005/10/31,"tcgplayer,cardmarket",https://prices.pokemontcg.io/tcgplayer/ex11-45,https://images.pokemontcg.io/ex11/45_hires.png,2026/08/08,2026/03/11,1.66,0.49000000953674316,1.4900000095367432,19.98,,17.84,,,,0.7152,0.173,1.6034,10.9121,0.57669997215271,1.0958,1.4534,6.8056,8.6974,6.6903,1.1535,2026-08-09
gym1-46,Erika's Gloom,unlimited,Gym Heroes,46,Uncommon,Ken Sugimori,Stage 1,44,Pokémon,2000/08/14,"tcgplayer,cardmarket",https://prices.pokemontcg.io/tcgplayer/gym1-46,https://images.pokemontcg.io/gym1/46_hires.png,2026/08/08,2026/06/22,3.4,2.0,3.180000066757202,100.17,,,,,"{""1stEdition"": {""low"": 8.08, ""mid"": 29.97, ""high"": 169.9, ""market"": 17.48, ""directLow"": null}}",7.0248,0.5767,7.59,0.0,0.9228000044822693,7.071,5.2254,3.4605,3.4605,3.4605,1.1535,2026-08-09
ex1-36,Lairon,normal,Ruby & Sapphire,36,Uncommon,Ken Sugimori,Stage 1,305,Pokémon,2003/07/01,"tcgplayer,cardmarket",https://prices.pokemontcg.io/tcgplayer/ex1-36,https://images.pokemontcg.io/ex1/36_hires.png,2026/08/08,2026/06/25,2.46,1.1399999856948853,1.8200000524520874,96.95,,10.05,,,,0.9689,0.0577,0.8305,7.6708,0.23070000112056732,0.9689,0.8651,3.795,5.929,4.0949,1.1535,2026-08-09
xy5-47,Sealeo,normal,Primal Clash,47,Uncommon,Masakazu Fukuda,Stage 1,364,Pokémon,2015/02/04,"tcgplayer,cardmarket",https://prices.pokemontcg.io/tcgplayer/xy5-47,https://images.pokemontcg.io/xy5/47_hires.png,2026/08/08,2026/02/22,0.27,0.10000000149011612,0.25999999046325684,19.98,,0.62,,,,0.15,0.0231,0.173,0.4729,0.34599998593330383,0.15,0.1615,0.4729,0.4499,0.5191,1.1535,2026-08-09
pl4-48,Shelgon,normal,Arceus,48,Uncommon,Atsuko Nishida,Stage 1,372,Pokémon,2009/11/04,"tcgplayer,cardmarket",https://prices.pokemontcg.io/tcgplayer/pl4-48,https://images.pokemontcg.io/pl4/48_hires.png,2026/08/08,2026/03/07,0.44,0.15000000596046448,0.4099999964237213,19.98,,1.92,,,,0.2192,0.0231,0.323,0.7728,1.153499960899353,0.2653,0.2884,0.5306,0.8767,0.6575,1.1535,2026-08-09
ex13-46,Manectric,normal,Holon Phantoms,46,Uncommon,Midori Harada,Stage 1,310,Pokémon,2006/05/01,"tcgplayer,cardmarket",https://prices.pokemontcg.io/tcgplayer/ex13-46,https://images.pokemontcg.io/ex13/46_hires.png,2026/08/08,2026/03/11,1.11,0.38999998569488525,1.1100000143051147,19.98,,23.59,,,,0.9805,0.1615,1.2227,9.7817,2.1800999641418457,0.8074,0.8305,5.7098,7.7284,5.9982,1.1535,2026-08-09
bw2-40,Scolipede,normal,Emerging Powers,40,Rare,kawayoo,Stage 2,545,Pokémon,2011/08/31,"tcgplayer,cardmarket",https://prices.pokemontcg.io/tcgplayer/bw2-40,https://images.pokemontcg.io/bw2/40_hires.png,2026/08/08,2026/03/11,0.91,0.5,0.8799999952316284,96.94,,1.88,,,,0.9113,0.0231,0.646,1.4419,0.023099999874830246,1.4419,0.6921,1.7187,1.3611,1.3265,1.1535,2026-08-09
sm11-41,Snover,normal,Unified Minds,41,Common,otumami,Basic,459,Pokémon,2019/08/02,"tcgplayer,cardmarket",https://prices.pokemontcg.io/tcgplayer/sm11-41,https://images.pokemontcg.io/sm11/41_hires.png,2026/08/08,2026/03/11,0.17,0.029999999329447746,0.20000000298023224,19.98,,0.56,,,,0.0807,0.0231,0.1038,0.346,0.17299999296665192,0.1154,0.0692,0.173,0.3114,0.4499,1.1535,2026-08-09
xy1-46,Emolga-EX,holofoil,XY,46,Rare Holo EX,Eske Yoshinob,Basic|EX,587,Pokémon,2014/02/05,"tcgplayer,cardmarket",https://prices.pokemontcg.io/tcgplayer/xy1-46,https://images.pokemontcg.io/xy1/46_hires.png,2026/08/08,2026/02/22,8.36,4.949999809265137,7.150000095367432,84.9,,,,,,6.3904,1.1535,6.8172,0.0,8.07450008392334,8.2591,7.2786,3.4374,3.7835,3.5874,1.1535,2026-08-09
swsh2-41,Wingull,normal,Rebel Clash,41,Common,0313,Basic,278,Pokémon,2020/05/01,"tcgplayer,cardmarket",https://prices.pokemontcg.io/tcgplayer/swsh2-41,https://images.pokemontcg.io/swsh2/41_hires.png,2026/08/08,2026/03/08,0.1,0.019999999552965164,0.1899999976158142,19.98,,0.33,,,,0.0577,0.0231,0.0577,0.2884,0.03460000082850456,0.0577,0.0577,0.1154,0.3576,0.2884,1.1535,2026-08-09
dp6-41,Torkoal,normal,Legends Awakened,41,Rare,Midori Harada,Basic,324,Pokémon,2008/08/01,"tcgplayer,cardmarket",https://prices.pokemontcg.io/tcgplayer/dp6-41,https://images.pokemontcg.io/dp6/41_hires.png,2026/08/08,2026/03/07,2.41,1.0,2.049999952316284,32.8,,4.99,,,,0.5537,0.0577,0.7267,0.8997,0.5536999702453613,0.6344,0.7036,0.5767,1.3842,1.2342,1.1535,2026-08-09
sm9-48,Galvantula,normal,Team Up,48,Rare,SATOSHI NAKAI,Stage 1,596,Pokémon,2019/02/01,"tcgplayer,cardmarket",https://prices.pokemontcg.io/tcgplayer/sm9-48,https://images.pokemontcg.io/sm9/48_hires.png,2026/08/08,2026/02/19,0.32,0.11999999731779099,0.3400000035762787,19.98,,0.72,,,,0.496,0.0231,0.496,2.8838,1.153499960899353,0.5998,0.3114,0.5767,0.8651,0.8536,1.1535,2026-08-09
g1-34,Haunter,normal,Generations,34,Uncommon,Midori Harada,Stage 1,93,Pokémon,2016/02/22,"tcgplayer,cardmarket",https://prices.pokemontcg.io/tcgplayer/g1-34,https://images.pokemontcg.io/g1/34_hires.png,2026/08/08,2026/05/07,0.74,0.2800000011920929,0.6899999976158142,1.69,,5.2,,,,0.5191,0.0461,0.669,3.0452,0.34599998593330383,0.4729,0.4845,4.614,3.7489,2.8491,1.1535,2026-08-09
neo2-38,Eevee,unlimited,Neo Discovery,38,Uncommon,Aya Kusube,Basic,133,Pokémon,2001/06/01,"tcgplayer,cardmarket",https://prices.pokemontcg.io/tcgplayer/neo2-38,https://images.pokemontcg.io/neo2/38_hires.png,2026/08/08,2026/07/01,8.31,4.0,7.989999771118164,44.99,,,,,"{""1stEdition"": {""low"": 15.0, ""mid"": 95.99, ""high"": 796.73, ""market"": 24.55, ""directLow"": 69.99}}",5.6752,0.1154,1.5226,0.0,1.9955999851226807,2.5492,4.4986,0.0,0.0,0.0,1.1535,2026-08-09
dp2-41,Bayleef,normal,Mysterious Treasures,41,Uncommon,Midori Harada,Stage 1,153,Pokémon,2007/08/01,"tcgplayer,cardmarket",https://prices.pokemontcg.io/tcgplayer/dp2-41,https://images.pokemontcg.io/dp2/41_hires.png,2026/08/08,2026/03/07,0.96,0.46000000834465027,0.800000011920929,19.98,,3.39,,,,0.5421,0.0692,0.8536,1.0381,2.306999921798706,1.0843,0.5652,1.0381,3.4144,3.0222,1.1535,2026-08-09
swsh4-43,Pikachu V,holofoil,Vivid Voltage,43,Rare Holo V,Saki Hayashiro,Basic|V,25,Pokémon,2020/11/13,"tcgplayer,cardmarket",https://prices.pokemontcg.io/tcgplayer/swsh4-43,https://images.pokemontcg.io/swsh4/43_hires.png,2026/08/08,2026/02/19,2.43,0.8500000238418579,2.7300000190734863,99.0,,,,,,5.7675,4.614,5.2023,0.0,5.75600004196167,5.7675,5.1561,0.0,0.0,0.0,1.1535,2026-08-09
dp5-41,Monferno,normal,Majestic Dawn,41,Uncommon,Daisuke Ito,Stage 1,391,Pokémon,2008/05/01,"tcgplayer,cardmarket",https://prices.pokemontcg.io/tcgplayer/dp5-41,https://images.pokemontcg.io/dp5/41_hires.png,2026/08/08,2026/03/07,0.79,0.44999998807907104,0.6600000262260437,19.98,,6.16,,,,0.323,0.0346,0.2653,1.4073,0.15000000596046448,0.323,0.346,0.5767,1.2227,1.0035,1.1535,2026-08-09
base1-48,Doduo,normal,Base,48,Common,Mitsuhiro Arita,Basic,84,Pokémon,1999/01/09,"tcgplayer,cardmarket",https://prices.pokemontcg.io/tcgplayer/base1-48,https://images.pokemontcg.io/base1/48_hires.png,2026/08/08,2026/06/21,1.39,0.23999999463558197,0.800000011920929,44.99,,,,,,2.7223,0.0231,2.6184,0.0,3.621999979019165,3.3913,2.4916,0.0231,0.1846,0.1846,1.1535,2026-08-09
sma-SV40,Garchomp,holofoil,Hidden Fates Shiny Vault,SV40,Rare Shiny,Shin Nagasawa,Stage 2,445,Pokémon,2019/08/23,"tcgplayer,cardmarket",https://prices.pokemontcg.io/tcgplayer/sma-SV40,https://images.pokemontcg.io/sma/SV40_hires.png,2026/08/08,2026/03/11,9.85,7.789999961853027,10.970000267028809,98.0,,,,,,6.0789,4.6025,6.0213,0.0,5.882800102233887,5.3753,5.8367,5.7675,6.575,10.1508,1.1535,2026-08-09
ex5-40,Luvdisc,normal,Hidden Legends,40,Uncommon,Miki Tanaka,Basic,370,Pokémon,2004/06/01,"tcgplayer,cardmarket",https://prices.pokemontcg.io/tcgplayer/ex5-40,https://images.pokemontcg.io/ex5/40_hires.png,2026/08/08,2026/06/18,2.33,1.5399999618530273,2.799999952316284,52.9,,17.13,,,,1.2919,0.0231,2.1224,98.3128,1.3841999769210815,1.8917,1.3496,1.1535,56.6022,15.2608,1.1535,2026-08-09
swsh35-49,Altaria,holofoil,Champion's Path,49,Rare Holo,Taira Akitsu,Stage 1,334,Pokémon,2020/09/25,"tcgplayer,cardmarket",https://prices.pokemontcg.io/tcgplayer/swsh35-49,https://images.pokemontcg.io/swsh35/49_hires.png,2026/08/08,2026/02/19,0.22,0.009999999776482582,0.28999999165534973,3.05,,0.19,,,,0.323,0.0231,0.4268,0.4614,0.28839999437332153,0.4729,0.323,0.0923,0.2422,0.4614,1.1535,2026-08-09
xy3-36,Hypno,normal,Furious Fists,36,Rare,Shigenori Negishi,Stage 1,97,Pokémon,2014/08/13,"tcgplayer,cardmarket",https://prices.pokemontcg.io/tcgplayer/xy3-36,https://images.pokemontcg.io/xy3/36_hires.png,2026/08/08,2026/03/11,0.42,0.20000000298023224,0.5,19.98,,0.93,,,,0.669,0.0231,0.669,0.0,0.7958999872207642,0.6344,0.6114,0.8074,1.6034,1.0381,1.1535,2026-08-09
ex6-43,Parasect,normal,FireRed & LeafGreen,43,Uncommon,Yuka Morii,Stage 1,47,Pokémon,2004/09/01,"tcgplayer,cardmarket",https://prices.pokemontcg.io/tcgplayer/ex6-43,https://images.pokemontcg.io/ex6/43_hires.png,2026/08/08,2026/06/11,11.8,14.670000076293945,35.18000030517578,229.5,,40.0,,,,6.748,1.0381,6.7364,37.3157,11.523500442504883,5.8367,5.9059,28.8375,24.9041,11.5119,1.1535,2026-08-09
sm4-38,Gengar,holofoil,Crimson Invasion,38,Rare Holo,Shin Nagasawa,Stage 2,94,Pokémon,2017/11/03,"tcgplayer,cardmarket",https://prices.pokemontcg.io/tcgplayer/sm4-38,https://images.pokemontcg.io/sm4/38_hires.png,2026/08/08,2026/03/11,21.11,13.25,23.540000915527344,246.69,,21.73,,,,15.2723,4.4986,17.1295,28.007,17.48710060119629,15.8491,13.0922,36.912,29.7372,19.9209,1.1535,2026-08-09
sm115-48,Eevee,holofoil,Hidden Fates,48,Rare Holo,Kagemaru Himeno,Basic,133,Pokémon,2019/08/23,"tcgplayer,cardmarket",https://prices.pokemontcg.io/tcgplayer/sm115-48,https://images.pokemontcg.io/sm115/48_hires.png,2026/08/08,2026/02/22,2.97,1.9900000095367432,3.4800000190734863,11.25,,4.13,,,,1.9148,0.2307,2.0648,5.1215,2.1916000843048096,1.8571,1.8341,11.4081,5.6868,4.8216,1.1535,2026-08-09
sm35-38,Jynx,normal,Shining Legends,38,Common,Tomokazu Komiya,Basic,124,Pokémon,2017/10/06,"tcgplayer,cardmarket",https://prices.pokemontcg.io/tcgplayer/sm35-38,https://images.pokemontcg.io/sm35/38_hires.png,2026/08/08,2026/03/07,0.34,0.09000000357627869,0.3100000023841858,19.98,,0.79,,,,0.1615,0.0231,0.1615,0.4729,0.28839999437332153,0.1154,0.1384,0.2192,0.8767,0.5998,1.1535,2026-08-09
neo4-46,Light Flareon,unlimited,Neo Destiny,46,Uncommon,Atsuko Nishida,Stage 1,136,Pokémon,2002/02/28,"tcgplayer,cardmarket",https://prices.pokemontcg.io/tcgplayer/neo4-46,https://images.pokemontcg.io/neo4/46_hires.png,2026/08/08,2026/06/21,31.01,19.690000534057617,26.850000381469727,9999.0,,,,,"{""1stEdition"": {""low"": 55.0, ""mid"": 142.5, ""high"": 596.83, ""market"": 55.7, ""directLow"": 399.99}}",16.1144,3.4605,15.0878,0.0,18.040700912475586,10.4738,16.0567,9.8048,27.1073,27.1073,1.1535,2026-08-09
col1-47,Mime Jr.,normal,Call of Legends,47,Uncommon,Noriko Hotta,Basic,439,Pokémon,2011/02/09,"tcgplayer,cardmarket",https://prices.pokemontcg.io/tcgplayer/col1-47,https://images.pokemontcg.io/col1/47_hires.png,2026/08/08,2026/03/07,1.39,0.75,1.2599999904632568,5.0,,5.74,,,,0.7728,0.0231,0.8651,0.9574,1.7302000522613525,1.1074,1.8456,1.3727,2.0071,2.8953,1.1535,2026-08-09
dp3-50,Flaaffy,normal,Secret Wonders,50,Uncommon,Kagemaru Himeno,Stage 1,180,Pokémon,2007/11/01,"tcgplayer,cardmarket",https://prices.pokemontcg.io/tcgplayer/dp3-50,https://images.pokemontcg.io/dp3/50_hires.png,2026/08/08,2026/03/07,1.09,0.3199999928474426,0.800000011920929,19.98,,4.99,,,,0.2076,0.0231,0.1961,2.9414,0.023099999874830246,0.2076,0.2076,1.7302,2.4454,1.3727,1.1535,2026-08-09
ex9-48,Electrike,normal,Emerald,48,Common,Masakazu Fukuda,Basic,309,Pokémon,2005/05/01,"tcgplayer,cardmarket",https://prices.pokemontcg.io/tcgplayer/ex9-48,https://images.pokemontcg.io/ex9/48_hires.png,2026/08/08,2026/03/11,0.79,0.30000001192092896,0.7900000214576721,19.98,,22.8,,,,0.4037,0.0231,0.496,0.0,0.23070000112056732,0.3691,0.2999,4.614,6.0443,5.3638,1.1535,2026-08-09
swshp-SWSH039,Pikachu,holofoil,SWSH Black Star Promos,SWSH039,Promo,Hitoshi Ariga,Basic,25,Pokémon,2019/11/15,"tcgplayer,cardmarket",https://prices.pokemontcg.io/tcgplayer/swshp-SWSH039,https://images.pokemontcg.io/swshp/SWSH039_hires.png,2026/08/08,2026/02/22,9.61,5.489999771118164,10.84000015258789,99.99,,,,,,11.385,5.0985,10.4968,0.0,11.53499984741211,9.897,11.6157,8.8819,9.3549,11.1428,1.1535,2026-08-09
ex12-50,Chinchou,normal,Legend Maker,50,Common,Sachiko Adachi,Basic,170,Pokémon,2006/02/01,"tcgplayer,cardmarket",https://prices.pokemontcg.io/tcgplayer/ex12-50,https://images.pokemontcg.io/ex12/50_hires.png,2026/08/08,2026/02/21,0.68,0.25,0.6800000071525574,19.98,,20.62,,,,0.2999,0.0231,0.4037,2.3993,0.23070000112056732,0.4153,0.2999,4.3256,3.2413,4.6371,1.1535,2026-08-09
dp1-48,Elekid,normal,Diamond & Pearl,48,Uncommon,Kagemaru Himeno,Basic,239,Pokémon,2007/05/01,"tcgplayer,cardmarket",https://prices.pokemontcg.io/tcgplayer/dp1-48,https://images.pokemontcg.io/dp1/48_hires.png,2026/08/08,2026/03/08,1.57,0.5,1.399999976158142,18.3,,11.15,,,,0.5421,0.0461,0.7498,1.7302,0.3230000138282776,0.5191,0.5652,0.5767,1.6264,1.7764,1.1535,2026-08-09
ex4-48,Team Aqua's Carvanha,normal,Team Magma vs Team Aqua,48,Common,Hiromichi Sugiyama,Basic,318,Pokémon,2004/03/01,"tcgplayer,cardmarket",https://prices.pokemontcg.io/tcgplayer/ex4-48,https://images.pokemontcg.io/ex4/48_hires.png,2026/08/08,2026/06/21,0.48,0.15000000596046448,0.4699999988079071,20.49,,8.99,,,,0.3345,0.0231,0.4037,0.0,0.20759999752044678,0.346,0.3345,2.8261,5.8367,6.7364,1.1535,2026-08-09
ex16-39,Shelgon,normal,Power Keepers,39,Uncommon,Midori Harada,Stage 1,372,Pokémon,2007/02/02,"tcgplayer,cardmarket",https://prices.pokemontcg.io/tcgplayer/ex16-39,https://images.pokemontcg.io/ex16/39_hires.png,2026/08/08,2026/06/07,0.72,0.20999999344348907,0.7200000286102295,19.98,,19.0,,,,0.6114,0.0923,0.8074,4.2218,0.28839999437332153,0.5767,0.5421,1.7302,4.6947,3.7719,1.1535,2026-08-09
dp4-41,Hariyama,normal,Great Encounters,41,Uncommon,Mitsuhiro Arita,Stage 1,297,Pokémon,2008/02/01,"tcgplayer,cardmarket",https://prices.pokemontcg.io/tcgplayer/dp4-41,https://images.pokemontcg.io/dp4/41_hires.png,2026/08/08,2026/06/11,0.39,0.10999999940395355,0.4000000059604645,19.98,,1.56,,,,0.3576,0.0231,0.4037,0.4499,0.4383000135421753,0.346,0.323,0.4614,0.9689,1.1996,1.1535,2026-08-09
bw10-51,Throh,normal,Plasma Blast,51,Common,Naoki Saito,Basic,538,Pokémon,2013/08/14,"tcgplayer,cardmarket",https://prices.pokemontcg.io/tcgplayer/bw10-51,https://images.pokemontcg.io/bw10/51_hires.png,2026/08/08,2026/02/19,0.37,0.12999999523162842,0.3499999940395355,18.99,,0.6,,,,0.1961,0.0231,0.2422,0.3114,0.5651999711990356,0.2768,0.1961,0.3345,0.9574,0.8074,1.1535,2026-08-09
sm2-46,Oricorio,normal,Guardians Rising,46,Rare,Naoki Saito,Basic,741,Pokémon,2017/05/05,"tcgplayer,cardmarket",https://prices.pokemontcg.io/tcgplayer/sm2-46,https://images.pokemontcg.io/sm2/46_hires.png,2026/08/08,2026/02/19,0.3,0.14000000059604645,0.30000001192092896,19.98,,0.43,,,,0.7844,0.0577,0.7382,0.0,1.0958000421524048,0.5652,0.5075,0.1154,0.2307,0.1615,1.1535,2026-08-09
bw1-44,Joltik,normal,Black & White,44,Common,Kouki Saitou,Basic,595,Pokémon,2011/04/25,"tcgplayer,cardmarket",https://prices.pokemontcg.io/tcgplayer/bw1-44,https://images.pokemontcg.io/bw1/44_hires.png,2026/08/08,2026/03/11,0.33,0.10000000149011612,0.3499999940395355,19.98,,6.39,,,,0.1846,0.0231,0.15,2.6992,0.05770000070333481,0.1961,0.2307,1.3035,1.6956,1.1189,1.1535,2026-08-09
bw7-49,Keldeo-EX,holofoil,Boundaries Crossed,49,Rare Holo EX,Toyste Beach,Basic|EX,647,Pokémon,2012/11/07,"tcgplayer,cardmarket",https://prices.pokemontcg.io/tcgplayer/bw7-49,https://images.pokemontcg.io/bw7/49_hires.png,2026/08/08,2026/02/19,1.55,1.0,1.7400000095367432,15.74,,,,,,3.3336,1.1304,2.4916,0.0,3.4605000019073486,3.3567,3.5412,1.3842,2.4339,2.457,1.1535,2026-08-09
ecard2-20,Lanturn,normal,Aquapolis,20,Rare,Mitsuhiro Arita,Stage 1,171,Pokémon,2003/01/15,"tcgplayer,cardmarket",https://prices.pokemontcg.io/tcgplayer/ecard2-20,https://images.pokemontcg.io/ecard2/20_hires.png,2026/08/08,2026/06/21,16.55,100.0,134.1999969482422,135.4,,49.38,,,,7.0248,2.307,5.9521,6.0789,6.805600166320801,5.2484,5.756,6.3442,9.3318,7.8553,1.1535,2026-08-09
ex14-44,Aron,normal,Crystal Guardians,44,Common,Aya Kusube,Basic,304,Pokémon,2006/08/01,"tcgplayer,cardmarket",https://prices.pokemontcg.io/tcgplayer/ex14-44,https://images.pokemontcg.io/ex14/44_hires.png,2026/08/08,2026/03/11,0.81,0.10000000149011612,0.5,19.98,,14.19,,,,0.4268,0.0231,0.6575,2.6992,0.20759999752044678,0.2768,0.3691,4.5563,3.5643,3.299,1.1535,2026-08-09
xy2-53,Stunky,normal,Flashfire,53,Common,Kyoko Umemoto,Basic,434,Pokémon,2014/05/07,"tcgplayer,cardmarket",https://prices.pokemontcg.io/tcgplayer/xy2-53,https://images.pokemontcg.io/xy2/53_hires.png,2026/08/08,2026/02/19,0.21,0.09000000357627869,0.25,1000.0,,0.37,,,,0.0923,0.0231,0.1269,0.4614,0.10379999876022339,0.1269,0.1038,0.5652,0.5075,0.3576,1.1535,2026-08-09
base5-44,Dark Rapidash,unlimited,Team Rocket,44,Uncommon,Kagemaru Himeno,Stage 1,78,Pokémon,2000/04/24,"tcgplayer,cardmarket",https://prices.pokemontcg.io/tcgplayer/base5-44,https://images.pokemontcg.io/base5/44_hires.png,2026/08/08,2026/06/22,3.49,0.9700000286102295,2.0399999618530273,29.94,,,,,"{""1stEdition"": {""low"": 3.0, ""mid"": 6.45, ""high"": 39.64, ""market"": 8.25, ""directLow"": 39.64}}",4.3256,0.2884,4.5102,0.0,6.713399887084961,4.5794,4.3602,0.3807,0.2538,0.2538,1.1535,2026-08-09
ex8-46,Silcoon,normal,Deoxys,46,Uncommon,Kagemaru Himeno,Stage 1,266,Pokémon,2005/02/01,"tcgplayer,cardmarket",https://prices.pokemontcg.io/tcgplayer/ex8-46,https://images.pokemontcg.io/ex8/46_hires.png,2026/08/08,2026/06/07,1.47,0.5,1.4299999475479126,19.98,,14.3,,,,1.8456,0.0577,0.0231,6.1482,0.8190000057220459,1.7879,6.8979,7.6708,4.3372,6.9095,1.1535,2026-08-09
hgss2-46,Carnivine,normal,HS—Unleashed,46,Common,Wataru Kawahara,Basic,455,Pokémon,2010/05/12,"tcgplayer,cardmarket",https://prices.pokemontcg.io/tcgplayer/hgss2-46,https://images.pokemontcg.io/hgss2/46_hires.png,2026/08/08,2026/02/22,0.31,0.15000000596046448,0.3400000035762787,19.98,,2.22,,,,0.1961,0.0231,0.1615,3.1721,0.36910000443458557,0.2422,0.2076,1.7995,1.4534,1.1535,1.1535,2026-08-09
base3-49,Horsea,unlimited,Fossil,49,Common,Mitsuhiro Arita,Basic,116,Pokémon,1999/10/10,"tcgplayer,cardmarket",https://prices.pokemontcg.io/tcgplayer/base3-49,https://images.pokemontcg.io/base3/49_hires.png,2026/08/08,2026/06/22,0.47,0.12999999523162842,0.44999998807907104,60.0,,,,,"{""1stEdition"": {""low"": 0.35, ""mid"": 2.9, ""high"": 39.99, ""market"": 3.43, ""directLow"": null}}",0.6344,0.0231,0.6344,0.0,0.6344000101089478,0.5421,0.5421,0.6921,0.9574,0.9574,1.1535,2026-08-09
hgss3-45,Doduo,normal,HS—Undaunted,45,Common,Yukiko Baba,Basic,84,Pokémon,2010/08/18,"tcgplayer,cardmarket",https://prices.pokemontcg.io/tcgplayer/hgss3-45,https://images.pokemontcg.io/hgss3/45_hires.png,2026/08/08,2026/03/11,0.36,0.14000000059604645,0.3700000047683716,2.49,,2.15,,,,0.1961,0.0231,0.2999,1.3842,0.11540000140666962,0.3114,0.2192,0.0807,1.7302,1.1304,1.1535,2026-08-09
sm5-45,Shinx,normal,Ultra Prism,45,Common,Shibuzoh.,Basic,403,Pokémon,2018/02/02,"tcgplayer,cardmarket",https://prices.pokemontcg.io/tcgplayer/sm5-45,https://images.pokemontcg.io/sm5/45_hires.png,2026/08/08,2026/02/19,0.34,0.1899999976158142,0.4000000059604645,2.47,,0.7,,,,0.173,0.0231,0.15,0.5075,0.29989999532699585,0.15,0.173,0.5652,0.5191,0.3922,1.1535,2026-08-09
xy12-40,Electrode,normal,Evolutions,40,Rare,Keiji Kinebuchi,Stage 1,101,Pokémon,2016/11/02,"tcgplayer,cardmarket",https://prices.pokemontcg.io/tcgplayer/xy12-40,https://images.pokemontcg.io/xy12/40_hires.png,2026/08/08,2026/03/11,0.27,0.029999999329447746,0.25999999046325684,18.9,,1.04,,,,0.2653,0.0231,0.3345,1.9725,0.31139999628067017,0.2999,0.2768,4.614,1.6956,1.9494,1.1535,2026-08-09
bw4-51,Zekrom-EX,holofoil,Next Destinies,51,Rare Holo EX,Shizurow,Basic|EX,644,Pokémon,2012/02/08,"tcgplayer,cardmarket",https://prices.pokemontcg.io/tcgplayer/bw4-51,https://images.pokemontcg.io/bw4/51_hires.png,2026/08/08,2026/02/19,28.52,13.989999771118164,30.25,348.64,,,,,,11.535,1.142,11.5119,0.0,9.216500282287598,11.5119,10.2777,11.535,6.5634,5.433,1.1535,2026-08-09
swsh3-42,Simipour,normal,Darkness Ablaze,42,Uncommon,Shigenori Negishi,Stage 1,516,Pokémon,2020/08/14,"tcgplayer,cardmarket",https://prices.pokemontcg.io/tcgplayer/swsh3-42,https://images.pokemontcg.io/swsh3/42_hires.png,2026/08/08,2026/02/24,0.05,0.009999999776482582,0.17000000178813934,25.04,,0.31,,,,0.0692,0.0231,0.0692,0.2192,0.023099999874830246,0.0692,0.0577,0.2076,0.2307,0.4499,1.1535,2026-08-09
ex7-45,Mantine,normal,Team Rocket Returns,45,Uncommon,Miki Tanaka,Basic,226,Pokémon,2004/11/01,"tcgplayer,cardmarket",https://prices.pokemontcg.io/tcgplayer/ex7-45,https://images.pokemontcg.io/ex7/45_hires.png,2026/08/08,2026/06/11,3.5,4.989999771118164,9.989999771118164,48.8,,52.49,,,,3.2067,0.2884,2.3762,21.8588,1.153499960899353,3.5182,2.3647,21.8588,16.2067,13.4844,1.1535,2026-08-09
bw6-47,Dustox,normal,Dragons Exalted,47,Rare,Kagemaru Himeno,Stage 2,269,Pokémon,2012/08/15,"tcgplayer,cardmarket",https://prices.pokemontcg.io/tcgplayer/bw6-47,https://images.pokemontcg.io/bw6/47_hires.png,2026/08/08,2026/02/19,0.93,0.44999998807907104,0.9200000166893005,19.98,,1.32,,,,0.5537,0.1154,0.5537,1.4419,0.17299999296665192,0.4614,0.8997,1.7187,1.142,1.2112,1.1535,2026-08-09
hgss1-52,Slowbro,normal,HeartGold & SoulSilver,52,Uncommon,Sumiyoshi Kizuki,Stage 1,80,Pokémon,2010/02/10,"tcgplayer,cardmarket",https://prices.pokemontcg.io/tcgplayer/hgss1-52,https://images.pokemontcg.io/hgss1/52_hires.png,2026/08/08,2026/02/19,3.82,1.0700000524520874,4.849999904632568,61.57,,20.0,,,,0.5652,0.0231,0.7844,1.1074,1.1419999599456787,0.7959,0.5883,1.8687,2.3185,1.6495,1.1535,2026-08-09
sm6-43,Azelf,normal,Forbidden Light,43,Uncommon,sui,Basic,482,Pokémon,2018/05/04,"tcgplayer,cardmarket",https://prices.pokemontcg.io/tcgplayer/sm6-43,https://images.pokemontcg.io/sm6/43_hires.png,2026/08/08,2026/02/22,0.25,0.019999999552965164,0.27000001072883606,2.99,,0.62,,,,0.2076,0.0231,0.1615,0.8074,0.09229999780654907,0.1384,0.1961,1.1535,0.7267,0.9228,1.1535,2026-08-09
base3-50,Kabuto,unlimited,Fossil,50,Common,Ken Sugimori,Stage 1,140,Pokémon,1999/10/10,"tcgplayer,cardmarket",https://prices.pokemontcg.io/tcgplayer/base3-50,https://images.pokemontcg.io/base3/50_hires.png,2026/08/08,2026/06/22,1.2,0.10000000149011612,1.0,1000.0,,,,,"{""1stEdition"": {""low"": 11.26, ""mid"": 22.38, ""high"": 10000.0, ""market"": 20.87, ""directLow"": 13.5}}",2.0648,0.0231,3.5297,0.0,12.527000427246094,2.803,2.2263,0.6344,0.669,0.669,1.1535,2026-08-09
xy5-48,Walrein,normal,Primal Clash,48,Rare,Satoshi Shirai,Stage 2,365,Pokémon,2015/02/04,"tcgplayer,cardmarket",https://prices.pokemontcg.io/tcgplayer/xy5-48,https://images.pokemontcg.io/xy5/48_hires.png,2026/08/08,2026/02/22,0.37,0.10000000149011612,0.36000001430511475,19.98,,0.61,,,,0.5998,0.0231,0.4845,0.0,0.28839999437332153,0.5191,0.496,1.7302,1.2342,1.3496,1.1535,2026-08-09
xy6-45,Togekiss,normal,Roaring Skies,45,Rare,Sumiyoshi Kizuki,Stage 2,468,Pokémon,2015/05/06,"tcgplayer,cardmarket",https://prices.pokemontcg.io/tcgplayer/xy6-45,https://images.pokemontcg.io/xy6/45_hires.png,2026/08/08,2026/02/22,1.49,1.1100000143051147,1.6200000047683716,23.49,,6.05,,,,0.9805,0.3345,0.9228,1.4188,1.4419000148773193,0.9228,0.9343,2.0763,2.1686,2.1455,1.1535,2026-08-09
bw5-41,Joltik,normal,Dark Explorers,41,Common,MAHOU,Basic,595,Pokémon,2012/05/09,"tcgplayer,cardmarket",https://prices.pokemontcg.io/tcgplayer/bw5-41,https://images.pokemontcg.io/bw5/41_hires.png,2026/08/08,2026/02/24,3.2,1.4199999570846558,3.049999952316284,19.98,,4.62,,,,0.1846,0.0231,0.15,2.953,0.09229999780654907,0.1615,0.2538,0.6921,1.9956,1.4303,1.1535,2026-08-09
bw7-50,Pikachu,normal,Boundaries Crossed,50,Common,Ken Sugimori,Basic,25,Pokémon,2012/11/07,"tcgplayer,cardmarket",https://prices.pokemontcg.io/tcgplayer/bw7-50,https://images.pokemontcg.io/bw7/50_hires.png,2026/08/08,2026/02/19,3.14,1.5,2.430000066757202,89.68,,35.02,,,,2.2609,0.0231,2.6415,5.756,2.353100061416626,2.4454,2.2955,12.6885,17.2679,15.6415,1.1535,2026-08-09
swshp-SWSH040,Hatenna,holofoil,SWSH Black Star Promos,SWSH040,Promo,Misa Tsutsui,Basic,856,Pokémon,2019/11/15,"tcgplayer,cardmarket",https://prices.pokemontcg.io/tcgplayer/swshp-SWSH040,https://images.pokemontcg.io/swshp/SWSH040_hires.png,2026/08/08,2026/02/22,0.53,0.20000000298023224,0.5199999809265137,5.03,,,,,,2.9991,1.1535,2.7338,0.0,2.8606998920440674,2.6646,2.5492,4.9024,7.4401,7.4401,1.1535,2026-08-09
gym1-47,Erika's Oddish,unlimited,Gym Heroes,47,Uncommon,Atsuko Nishida,Basic,43,Pokémon,2000/08/14,"tcgplayer,cardmarket",https://prices.pokemontcg.io/tcgplayer/gym1-47,https://images.pokemontcg.io/gym1/47_hires.png,2026/08/08,2026/06/22,3.36,1.75,3.009999990463257,96.71,,,,,"{""1stEdition"": {""low"": 4.86, ""mid"": 6.45, ""high"": 81.25, ""market"": 8.05, ""directLow"": null}}",3.8758,1.0381,3.5182,0.0,1.0843000411987305,4.1411,3.9796,11.4773,5.5599,5.5599,1.1535,2026-08-09
dp5-42,Mothim,normal,Majestic Dawn,42,Uncommon,Masakazu Fukuda,Stage 1,414,Pokémon,2008/05/01,"tcgplayer,cardmarket",https://prices.pokemontcg.io/tcgplayer/dp5-42,https://images.pokemontcg.io/dp5/42_hires.png,2026/08/08,2026/03/07,0.65,0.3400000035762787,0.6100000143051147,19.98,,2.06,,,,5.2138,0.0231,6.2635,1.7533,0.20759999752044678,0.2653,3.3913,0.6344,1.2342,0.8536,1.1535,2026-08-09
xy2-54,Stunky,normal,Flashfire,54,Common,Masakazu Fukuda,Basic,434,Pokémon,2014/05/07,"tcgplayer,cardmarket",https://prices.pokemontcg.io/tcgplayer/xy2-54,https://images.pokemontcg.io/xy2/54_hires.png,2026/08/08,2026/02/19,0.21,0.05000000074505806,0.23000000417232513,23.49,,0.51,,,,0.1154,0.0231,0.1384,0.6344,0.023099999874830246,0.0692,0.1269,0.5767,0.4845,0.3922,1.1535,2026-08-09
ex13-47,Masquerain,normal,Holon Phantoms,47,Uncommon,Atsuko Nishida,Stage 1,284,Pokémon,2006/05/01,"tcgplayer,cardmarket",https://prices.pokemontcg.io/tcgplayer/ex13-47,https://images.pokemontcg.io/ex13/47_hires.png,2026/08/08,2026/03/11,0.94,0.3499999940395355,0.9300000071525574,19.98,,11.99,,,,1.488,0.0577,0.9459,0.0,0.57669997215271,1.142,1.0381,2.307,6.5519,6.2289,1.1535,2026-08-09
basep-45,Scyther,normal,Wizards Black Star Promos,45,Promo,Hironobu Yoshida,Basic,123,Pokémon,1999/07/01,"tcgplayer,cardmarket",https://prices.pokemontcg.io/tcgplayer/basep-45,https://images.pokemontcg.io/basep/45_hires.png,2026/08/08,2026/06/22,50.39,59.810001373291016,298.0,899.8,,,,,,50.2926,32.298,50.2926,0.0,53.003299713134766,49.5774,43.9022,9.2165,7.4977,7.4977,1.1535,2026-08-09
ecard2-21,Lanturn,normal,Aquapolis,21,Rare,Yuka Morii,Stage 1,171,Pokémon,2003/01/15,"tcgplayer,cardmarket",https://prices.pokemontcg.io/tcgplayer/ecard2-21,https://images.pokemontcg.io/ecard2/21_hires.png,2026/08/08,2026/06/21,32.94,29.989999771118164,199.8800048828125,2245.81,,39.99,,,,11.039,2.307,10.9352,17.8792,9.216500282287598,11.0044,8.9281,17.8792,14.9955,11.6503,1.1535,2026-08-09
ex8-47,Solrock,normal,Deoxys,47,Uncommon,Kyoko Umemoto,Basic,338,Pokémon,2005/02/01,"tcgplayer,cardmarket",https://prices.pokemontcg.io/tcgplayer/ex8-47,https://images.pokemontcg.io/ex8/47_hires.png,2026/08/08,2026/06/07,1.38,0.6899999976158142,1.5199999809265137,19.98,,12.29,,,,1.8802,0.173,1.5111,0.0,0.57669997215271,0.6921,0.9459,4.6025,4.5794,6.1366,1.1535,2026-08-09
sm9-49,Helioptile,normal,Team Up,49,Common,Ken Sugimori,Basic,694,Pokémon,2019/02/01,"tcgplayer,cardmarket",https://prices.pokemontcg.io/tcgplayer/sm9-49,https://images.pokemontcg.io/sm9/49_hires.png,2026/08/08,2026/02/19,0.16,0.029999999329447746,0.20000000298023224,19.98,,0.38,,,,0.0692,0.0231,0.0692,0.2538,0.06920000165700912,0.0807,0.0692,0.4614,0.2307,0.323,1.1535,2026-08-09
hgss4-50,Tentacruel,normal,HS—Triumphant,50,Uncommon,Sachiko Adachi,Stage 1,73,Pokémon,2010/11/03,"tcgplayer,cardmarket",https://prices.pokemontcg.io/tcgplayer/hgss4-50,https://images.pokemontcg.io/hgss4/50_hires.png,2026/08/08,2026/02/21,0.59,0.5,0.7699999809265137,18.54,,7.46,,,,0.3691,0.0231,0.323,1.7187,1.003499984741211,0.3691,0.4037,1.7187,3.6451,2.2839,1.1535,2026-08-09
sm5-46,Shinx,normal,Ultra Prism,46,Common,Ken Sugimori,Basic,403,Pokémon,2018/02/02,"tcgplayer,cardmarket",https://prices.pokemontcg.io/tcgplayer/sm5-46,https://images.pokemontcg.io/sm5/46_hires.png,2026/08/08,2026/02/19,0.29,0.07999999821186066,0.33000001311302185,19.98,,0.53,,,,0.1154,0.0231,0.1038,0.4845,0.11540000140666962,0.1269,0.173,0.346,0.4729,0.4845,1.1535,2026-08-09
xyp-XY37,Torchic,holofoil,XY Black Star Promos,XY37,Promo,sui,Basic,255,Pokémon,2013/10/12,"tcgplayer,cardmarket",https://prices.pokemontcg.io/tcgplayer/xyp-XY37,https://images.pokemontcg.io/xyp/XY37_hires.png,2026/08/08,2026/03/11,4.68,1.190000057220459,2.990000009536743,49.73,,,,,,2.7684,1.4995,3.5297,0.0,2.6530001163482666,3.126,4.0603,2.307,2.2609,1.8341,1.1535,2026-08-09
ex4-49,Team Aqua's Chinchou,normal,Team Magma vs Team Aqua,49,Common,Kazuo Yazawa,Basic,170,Pokémon,2004/03/01,"tcgplayer,cardmarket",https://prices.pokemontcg.io/tcgplayer/ex4-49,https://images.pokemontcg.io/ex4/49_hires.png,2026/08/08,2026/06/21,0.47,0.15000000596046448,0.4699999988079071,17.62,,5.59,,,,0.2768,0.0231,0.3576,6.8056,0.17299999296665192,0.2538,0.2538,6.8056,4.0834,3.2413,1.1535,2026-08-09
base6-43,Golduck,normal,Legendary Collection,43,Uncommon,Kagemaru Himeno,Stage 1,55,Pokémon,2002/05/24,"tcgplayer,cardmarket",https://prices.pokemontcg.io/tcgplayer/base6-43,https://images.pokemontcg.io/base6/43_hires.png,2026/08/08,2026/06/22,2.91,1.1799999475479126,2.359999895095825,92.94,,103.09,,,,1.2227,0.2307,1.2342,55.7487,1.153499960899353,1.4995,1.6726,115.3385,47.778,48.124,1.1535,2026-08-09
sm8-47,Entei,normal,Lost Thunder,47,Rare,kawayoo,Basic,244,Pokémon,2018/11/02,"tcgplayer,cardmarket",https://prices.pokemontcg.io/tcgplayer/sm8-47,https://images.pokemontcg.io/sm8/47_hires.png,2026/08/08,2026/02/19,1.99,0.7099999785423279,1.8700000047683716,19.98,,1.69,,,,2.2724,0.2192,2.653,2.6415,3.4374001026153564,2.3531,1.8225,3.4259,2.8261,3.9334,1.1535,2026-08-09
xy3-37,Jynx,normal,Furious Fists,37,Rare,Naoki Saito,Basic,124,Pokémon,2014/08/13,"tcgplayer,cardmarket",https://prices.pokemontcg.io/tcgplayer/xy3-37,https://images.pokemontcg.io/xy3/37_hires.png,2026/08/08,2026/03/07,0.52,0.15000000596046448,0.5199999809265137,34.99,,3.23,,,,0.496,0.0577,0.4037,1.4419,0.05770000070333481,0.3691,0.5421,1.5572,1.488,1.315,1.1535,2026-08-09
xy10-46,Riolu,normal,Fates Collide,46,Common,match,Basic,447,Pokémon,2016/05/02,"tcgplayer,cardmarket",https://prices.pokemontcg.io/tcgplayer/xy10-46,https://images.pokemontcg.io/xy10/46_hires.png,2026/08/08,2026/02/19,0.19,0.009999999776482582,0.2199999988079071,1000.0,,0.39,,,,0.1154,0.0231,0.323,0.4614,0.11540000140666962,0.2076,0.1269,0.4037,0.4037,0.3691,1.1535,2026-08-09
pl4-49,Wormadam Plant Cloak,normal,Arceus,49,Uncommon,Kouki Saitou,Stage 1,413,Pokémon,2009/11/04,"tcgplayer,cardmarket",https://prices.pokemontcg.io/tcgplayer/pl4-49,https://images.pokemontcg.io/pl4/49_hires.png,2026/08/08,2026/03/07,0.32,0.10000000149011612,0.3499999940395355,19.98,,1.0,,,,0.1846,0.0231,0.173,0.5767,0.219200000166893,0.173,0.2076,1.1535,0.5767,0.7382,1.1535,2026-08-09
sm10-39,Poliwrath,normal,Unbroken Bonds,39,Rare,Akira Komayama,Stage 2,62,Pokémon,2019/05/03,"tcgplayer,cardmarket",https://prices.pokemontcg.io/tcgplayer/sm10-39,https://images.pokemontcg.io/sm10/39_hires.png,2026/08/08,2026/03/11,0.62,0.20000000298023224,0.6000000238418579,19.98,,0.76,,,,0.8305,0.0923,0.8305,2.5146,0.5651999711990356,0.7959,0.7267,1.142,2.157,1.638,1.1535,2026-08-09
gym2-51,Lt. Surge's Eevee,unlimited,Gym Challenge,51,Uncommon,Ken Sugimori,Basic,133,Pokémon,2000/10/16,"tcgplayer,cardmarket",https://prices.pokemontcg.io/tcgplayer/gym2-51,https://images.pokemontcg.io/gym2/51_hires.png,2026/08/08,2026/06/21,9.81,6.989999771118164,9.020000457763672,94.9,,,,,"{""1stEdition"": {""low"": 25.0, ""mid"": 34.75, ""high"": 199.99, ""market"": 31.07, ""directLow"": 96.58}}",13.9573,2.307,14.6148,0.0,10.958200454711914,14.3495,12.4232,1.1535,1.1535,1.1535,1.1535,2026-08-09
swsh3-43,Galarian Darumaka,normal,Darkness Ablaze,43,Common,Shin Nagasawa,Basic,554,Pokémon,2020/08/14,"tcgplayer,cardmarket",https://prices.pokemontcg.io/tcgplayer/swsh3-43,https://images.pokemontcg.io/swsh3/43_hires.png,2026/08/08,2026/02/24,0.04,0.009999999776482582,0.15000000596046448,25.04,,0.26,,,,0.0461,0.0231,0.0346,0.1961,0.023099999874830246,0.0577,0.0461,0.15,0.2076,0.1961,1.1535,2026-08-09
base2-39,Marowak,unlimited,Jungle,39,Uncommon,Mitsuhiro Arita,Stage 1,105,Pokémon,1999/06/16,"tcgplayer,cardmarket",https://prices.pokemontcg.io/tcgplayer/base2-39,https://images.pokemontcg.io/base2/39_hires.png,2026/08/08,2026/07/01,1.44,0.25,0.8700000047683716,17.22,,,,,"{""1stEdition"": {""low"": 0.99, ""mid"": 8.24, ""high"": 86.96, ""market"": 9.33, ""directLow"": 5.64}}",1.7995,0.0231,1.5918,0.0,2.0416998863220215,1.7418,1.7995,0.5767,0.646,0.646,1.1535,2026-08-09
bw2-41,Sigilyph,normal,Emerging Powers,41,Uncommon,Midori Harada,Basic,561,Pokémon,2011/08/31,"tcgplayer,cardmarket",https://prices.pokemontcg.io/tcgplayer/bw2-41,https://images.pokemontcg.io/bw2/41_hires.png,2026/08/08,2026/03/11,0.37,0.15000000596046448,0.3799999952316284,19.98,,0.82,,,,0.2999,0.0231,0.346,0.7498,0.57669997215271,0.2422,0.2538,1.142,0.7613,0.669,1.1535,2026-08-09
dp4-42,Huntail,normal,Great Encounters,42,Uncommon,Ken Sugimori,Stage 1,367,Pokémon,2008/02/01,"tcgplayer,cardmarket",https://prices.pokemontcg.io/tcgplayer/dp4-42,https://images.pokemontcg.io/dp4/42_hires.png,2026/08/08,2026/06/07,0.94,0.20000000298023224,0.5699999928474426,19.98,,3.94,,,,0.3691,0.0231,0.3807,1.811,0.11540000140666962,0.1846,0.346,0.5767,2.2609,1.8225,1.1535,2026-08-09
xy9-40,Greninja,normal,BREAKpoint,40,Rare,Naoki Saito,Stage 2,658,Pokémon,2016/02/03,"tcgplayer,cardmarket",https://prices.pokemontcg.io/tcgplayer/xy9-40,https://images.pokemontcg.io/xy9/40_hires.png,2026/08/08,2026/02/24,2.52,1.0,2.380000114440918,19.98,,9.32,,,,20.1632,10.3815,17.0372,0.0,23.06999969482422,15.2031,14.2342,5.1907,4.5679,4.8678,1.1535,2026-08-09
ex11-46,Kakuna,normal,Delta Species,46,Uncommon,Sachiko Adachi,Stage 1,14,Pokémon,2005/10/31,"tcgplayer,cardmarket",https://prices.pokemontcg.io/tcgplayer/ex11-46,https://images.pokemontcg.io/ex11/46_hires.png,2026/08/08,2026/03/11,2.26,2.059999942779541,5.0,26.6,,33.32,,,,1.3035,0.0577,1.8571,10.1277,2.2955000400543213,2.3647,2.0071,9.1127,9.4818,7.8323,1.1535,2026-08-09
xy12-41,Electabuzz,normal,Evolutions,41,Common,Ken Sugimori,Basic,125,Pokémon,2016/11/02,"tcgplayer,cardmarket",https://prices.pokemontcg.io/tcgplayer/xy12-41,https://images.pokemontcg.io/xy12/41_hires.png,2026/08/08,2026/03/11,0.17,0.009999999776482582,0.23000000417232513,15.0,,0.55,,,,2.9299,0.0231,0.0231,0.6806,0.03460000082850456,0.1269,2.5954,0.9113,0.7036,1.1074,1.1535,2026-08-09
hgss2-47,Cherubi,normal,HS—Unleashed,47,Common,match,Basic,420,Pokémon,2010/05/12,"tcgplayer,cardmarket",https://prices.pokemontcg.io/tcgplayer/hgss2-47,https://images.pokemontcg.io/hgss2/47_hires.png,2026/08/08,2026/02/22,0.27,0.14000000059604645,0.3100000023841858,19.98,,1.48,,,,0.2076,0.0231,0.1615,1.0381,0.11540000140666962,0.1846,0.1961,1.7879,1.661,1.1766,1.1535,2026-08-09
hgss3-46,Drifloon,normal,HS—Undaunted,46,Common,Kagemaru Himeno,Basic,425,Pokémon,2010/08/18,"tcgplayer,cardmarket",https://prices.pokemontcg.io/tcgplayer/hgss3-46,https://images.pokemontcg.io/hgss3/46_hires.png,2026/08/08,2026/03/07,0.39,0.15000000596046448,0.4000000059604645,19.98,,1.3,,,,0.2307,0.0231,0.1038,1.3957,0.11540000140666962,0.2192,0.2076,2.7684,1.4765,1.4188,1.1535,2026-08-09
xy7-48,Metang,normal,Ancient Origins,48,Uncommon,Shigenori Negishi,Stage 1,375,Pokémon,2015/08/12,"tcgplayer,cardmarket",https://prices.pokemontcg.io/tcgplayer/xy7-48,https://images.pokemontcg.io/xy7/48_hires.png,2026/08/08,2026/02/19,0.09,0.029999999329447746,0.20000000298023224,9.99,,0.43,,,,0.1615,0.0231,0.1961,0.3807,0.3345000147819519,0.1615,0.1384,0.346,0.3807,0.4845,1.1535,2026-08-09
sm3-43,Electivire,normal,Burning Shadows,43,Rare,kawayoo,Stage 1,466,Pokémon,2017/08/05,"tcgplayer,cardmarket",https://prices.pokemontcg.io/tcgplayer/sm3-43,https://images.pokemontcg.io/sm3/43_hires.png,2026/08/08,2026/02/19,0.27,0.019999999552965164,0.27000001072883606,18.32,,0.42,,,,0.2307,0.0923,0.2192,0.0,0.23070000112056732,0.2422,0.2076,0.323,1.5457,1.5457,1.1535,2026-08-09
ex9-49,Feebas,normal,Emerald,49,Common,Atsuko Nishida,Basic,349,Pokémon,2005/05/01,"tcgplayer,cardmarket",https://prices.pokemontcg.io/tcgplayer/ex9-49,https://images.pokemontcg.io/ex9/49_hires.png,2026/08/08,2026/03/11,2.05,0.5199999809265137,1.649999976158142,19.98,,40.0,,,,0.7959,0.0231,0.8651,0.0,0.57669997215271,0.7844,0.646,28.7798,9.8624,7.567,1.1535,2026-08-09
mcd11-10,Klink,holofoil,McDonald's Collection 2011,10,,Ken Sugimori,Basic,599,Pokémon,2011/06/17,"tcgplayer,cardmarket",https://prices.pokemontcg.io/tcgplayer/mcd11-10,https://images.pokemontcg.io/mcd11/10_hires.png,2026/08/08,2026/07/01,3.71,0.5899999737739563,2.6700000762939453,17.98,,,,,,2.157,0.173,1.661,0.0,0.23070000112056732,1.2342,1.7187,0.2307,0.4729,0.6806,1.1535,2026-08-09
sm12-50,Spheal,normal,Cosmic Eclipse,50,Common,SATOSHI NAKAI,Basic,363,Pokémon,2019/11/01,"tcgplayer,cardmarket",https://prices.pokemontcg.io/tcgplayer/sm12-50,https://images.pokemontcg.io/sm12/50_hires.png,2026/08/08,2026/02/19,0.27,0.029999999329447746,0.27000001072883606,19.22,,0.19,,,,0.1038,0.0231,0.1154,0.4153,0.08070000261068344,0.0807,0.1038,0.1615,0.2999,0.3922,1.1535,2026-08-09
neo4-47,Light Golduck,unlimited,Neo Destiny,47,Uncommon,Atsuko Nishida,Stage 1,55,Pokémon,2002/02/28,"tcgplayer,cardmarket",https://prices.pokemontcg.io/tcgplayer/neo4-47,https://images.pokemontcg.io/neo4/47_hires.png,2026/08/08,2026/06/21,4.03,3.0899999141693115,4.869999885559082,38.8,,,,,"{""1stEdition"": {""low"": 18.45, ""mid"": 20.0, ""high"": 199.39, ""market"": 19.0, ""directLow"": 199.39}}",5.4676,0.2076,8.409,0.0,4.602499961853027,11.2466,5.2946,4.614,4.614,4.614,1.1535,2026-08-09
ex7-46,Rocket's Meowth,normal,Team Rocket Returns,46,Uncommon,Mitsuhiro Arita,Basic,52,Pokémon,2004/11/01,"tcgplayer,cardmarket",https://prices.pokemontcg.io/tcgplayer/ex7-46,https://images.pokemontcg.io/ex7/46_hires.png,2026/08/08,2026/03/11,18.53,13.5,20.0,88.1,,199.95,,,,4.9024,1.1304,16.1144,83.6287,103.80349731445312,16.3682,6.9441,57.675,85.359,90.3306,1.1535,2026-08-09
sm2-47,Tapu Koko-GX,holofoil,Guardians Rising,47,Rare Holo GX,5ban Graphics,Basic|GX,785,Pokémon,2017/05/05,"tcgplayer,cardmarket",https://prices.pokemontcg.io/tcgplayer/sm2-47,https://images.pokemontcg.io/sm2/47_hires.png,2026/08/08,2026/02/19,1.9,0.9900000095367432,1.909999966621399,911.9,,,,,,2.307,0.4614,2.7915,0.0,0.57669997215271,2.3647,2.2955,1.6149,2.134,1.7879,1.1535,2026-08-09
base5-45,Dark Vaporeon,unlimited,Team Rocket,45,Uncommon,Mitsuhiro Arita,Stage 1,134,Pokémon,2000/04/24,"tcgplayer,cardmarket",https://prices.pokemontcg.io/tcgplayer/base5-45,https://images.pokemontcg.io/base5/45_hires.png,2026/08/08,2026/06/22,6.76,2.0,4.579999923706055,48.92,,,,,"{""1stEdition"": {""low"": 13.28, ""mid"": 21.17, ""high"": 278.21, ""market"": 24.12, ""directLow"": 119.98}}",5.9175,0.2307,6.6096,0.0,9.170299530029297,5.8482,5.8598,1.1535,1.0035,1.0035,1.1535,2026-08-09
base1-49,Drowzee,normal,Base,49,Common,Ken Sugimori,Basic,96,Pokémon,1999/01/09,"tcgplayer,cardmarket",https://prices.pokemontcg.io/tcgplayer/base1-49,https://images.pokemontcg.io/base1/49_hires.png,2026/08/08,2026/06/21,0.82,0.20000000298023224,0.6499999761581421,18.6,,,,,,6.425,1.1535,5.756,0.0,5.75600004196167,7.1056,13.6228,0.0,0.0,0.0,1.1535,2026-08-09
swsh2-42,Pelipper,normal,Rebel Clash,42,Uncommon,Eri Yamaki,Stage 1,279,Pokémon,2020/05/01,"tcgplayer,cardmarket",https://prices.pokemontcg.io/tcgplayer/swsh2-42,https://images.pokemontcg.io/swsh2/42_hires.png,2026/08/08,2026/02/19,0.06,0.009999999776482582,0.18000000715255737,19.98,,0.32,,,,0.0807,0.0231,0.1038,0.2076,0.17299999296665192,0.0461,0.0692,0.2192,0.2076,0.2884,1.1535,2026-08-09
bw10-52,Sawk,normal,Plasma Blast,52,Common,Naoki Saito,Basic,539,Pokémon,2013/08/14,"tcgplayer,cardmarket",https://prices.pokemontcg.io/tcgplayer/bw10-52,https://images.pokemontcg.io/bw10/52_hires.png,2026/08/08,2026/02/19,0.29,0.17000000178813934,0.30000001192092896,19.26,,0.84,,,,0.1961,0.0231,0.2192,0.0,0.04610000178217888,0.173,0.2192,0.4268,0.9228,0.7152,1.1535,2026-08-09
sm75-45,Druddigon,normal,Dragon Majesty,45,Uncommon,Mitsuhiro Arita,Basic,621,Pokémon,2018/09/07,"tcgplayer,cardmarket",https://prices.pokemontcg.io/tcgplayer/sm75-45,https://images.pokemontcg.io/sm75/45_hires.png,2026/08/08,2026/02/19,0.33,0.15000000596046448,0.33000001311302185,19.98,,0.95,,,,0.4383,0.0231,0.4268,0.8536,0.34599998593330383,0.2884,0.2768,1.4995,0.9459,0.9228,1.1535,2026-08-09
dp3-51,Ivysaur,normal,Secret Wonders,51,Uncommon,Kagemaru Himeno,Stage 1,2,Pokémon,2007/11/01,"tcgplayer,cardmarket",https://prices.pokemontcg.io/tcgplayer/dp3-51,https://images.pokemontcg.io/dp3/51_hires.png,2026/08/08,2026/02/19,1.78,0.28999999165534973,1.0700000524520874,19.98,,10.73,,,,0.4614,0.0346,0.2999,2.8953,0.23070000112056732,0.3922,0.4499,1.1535,2.157,4.5217,1.1535,2026-08-09
ex10-46,Scyther,normal,Unseen Forces,46,Uncommon,Hajime Kusajima,Basic,123,Pokémon,2005/08/01,"tcgplayer,cardmarket",https://prices.pokemontcg.io/tcgplayer/ex10-46,https://images.pokemontcg.io/ex10/46_hires.png,2026/08/08,2026/06/21,5.89,2.990000009536743,4.769999980926514,53.1,,136.48,,,,2.2493,0.1154,2.157,40.1995,1.5341999530792236,1.5342,2.2378,13.173,30.141,24.9387,1.1535,2026-08-09
ex15-37,Seadra δ,normal,Dragon Frontiers,37,Uncommon,Hisao Nakamura,Stage 1,117,Pokémon,2006/11/01,"tcgplayer,cardmarket",https://prices.pokemontcg.io/tcgplayer/ex15-37,https://images.pokemontcg.io/ex15/37_hires.png,2026/08/08,2026/06/21,1.26,0.5,1.0099999904632568,19.99,,22.73,,,,1.2689,0.1154,1.2458,7.5208,0.8996999859809875,0.9113,1.1766,6.921,6.9556,7.1286,1.1535,2026-08-09
ex5-41,Machoke,normal,Hidden Legends,41,Uncommon,Hajime Kusajima,Stage 1,67,Pokémon,2004/06/01,"tcgplayer,cardmarket",https://prices.pokemontcg.io/tcgplayer/ex5-41,https://images.pokemontcg.io/ex5/41_hires.png,2026/08/08,2026/06/18,1.62,0.7599999904632568,1.559999942779541,19.98,,19.76,,,,76.131,79.5915,67.5951,0.0,115.3499984741211,51.9075,51.9075,0.0,0.0,0.0,1.1535,2026-08-09
dpp-DP47,Rayquaza C LV.X,holofoil,DP Black Star Promos,DP47,Promo,Shizurow,Level-Up|SP,384,Pokémon,2007/05/01,tcgplayer,https://prices.pokemontcg.io/tcgplayer/dpp-DP47,https://images.pokemontcg.io/dpp/DP47_hires.png,2026/08/08,,389.99,224.00999450683594,289.739990234375,1077.21,,,,,,,,,,,,,,,,,2026-08-09
xy8-42,Simipour,normal,BREAKthrough,42,Rare,Masakazu Fukuda,Stage 1,516,Pokémon,2015/11/04,"tcgplayer,cardmarket",https://prices.pokemontcg.io/tcgplayer/xy8-42,https://images.pokemontcg.io/xy8/42_hires.png,2026/08/08,2026/03/07,0.29,0.07999999821186066,0.28999999165534973,19.98,,0.48,,,,0.323,0.0461,0.323,0.0,0.11540000140666962,0.3345,0.323,1.0843,1.0035,1.6956,1.1535,2026-08-09
swsh4-44,Pikachu VMAX,holofoil,Vivid Voltage,44,Rare Holo VMAX,aky CG Works,VMAX,25,Pokémon,2020/11/13,"tcgplayer,cardmarket",https://prices.pokemontcg.io/tcgplayer/swsh4-44,https://images.pokemontcg.io/swsh4/44_hires.png,2026/08/08,2026/02/19,13.39,8.989999771118164,14.930000305175781,500.0,,,,,,8.0745,3.449,6.9787,0.0,6.471099853515625,7.3824,7.3939,28.2492,30.2217,30.2102,1.1535,2026-08-09
ex3-46,Vibrava,normal,Dragon,46,Uncommon,Hajime Kusajima,Stage 1,329,Pokémon,2003/11/24,"tcgplayer,cardmarket",https://prices.pokemontcg.io/tcgplayer/ex3-46,https://images.pokemontcg.io/ex3/46_hires.png,2026/08/08,2026/06/21,1.45,1.149999976158142,1.399999976158142,25.0,,24.6,,,,1.1535,0.0923,1.4188,3.1606,0.57669997215271,1.1535,1.3957,1.4995,2.7107,17.6024,1.1535,2026-08-09
xy4-43,Chandelure,holofoil,Phantom Forces,43,Rare Holo,PLANETA,Stage 2,609,Pokémon,2014/11/05,"tcgplayer,cardmarket",https://prices.pokemontcg.io/tcgplayer/xy4-43,https://images.pokemontcg.io/xy4/43_hires.png,2026/08/08,2026/02/24,2.75,1.5399999618530273,2.7300000190734863,30.12,,2.04,,,,2.307,0.2884,1.1996,1.7649,1.153499960899353,1.7418,2.5723,1.1535,2.2955,1.8687,1.1535,2026-08-09
sm1-45,Dewpider,normal,Sun & Moon,45,Common,Kagemaru Himeno,Basic,751,Pokémon,2017/02/03,"tcgplayer,cardmarket",https://prices.pokemontcg.io/tcgplayer/sm1-45,https://images.pokemontcg.io/sm1/45_hires.png,2026/08/08,2026/02/19,0.06,0.009999999776482582,0.1599999964237213,19.98,,0.28,,,,0.0461,0.0231,0.0346,0.2884,0.023099999874830246,0.0346,0.0461,0.4037,0.2884,0.2768,1.1535,2026-08-09
neo3-43,Farfetch'd,unlimited,Neo Revelation,43,Common,Miki Tanaka,Basic,83,Pokémon,2001/09/21,"tcgplayer,cardmarket",https://prices.pokemontcg.io/tcgplayer/neo3-43,https://images.pokemontcg.io/neo3/43_hires.png,2026/08/08,2026/06/21,0.97,0.30000001192092896,0.949999988079071,23.0,,,,,"{""1stEdition"": {""low"": 1.59, ""mid"": 3.28, ""high"": 33.68, ""market"": 2.93, ""directLow"": null}}",0.7498,0.0231,0.8536,0.0,0.47290000319480896,0.7613,0.7728,0.0,0.0,0.0,1.1535,2026-08-09
bw1-45,Joltik,normal,Black & White,45,Common,Masakazu Fukuda,Basic,595,Pokémon,2011/04/25,"tcgplayer,cardmarket",https://prices.pokemontcg.io/tcgplayer/bw1-45,https://images.pokemontcg.io/bw1/45_hires.png,2026/08/08,2026/02/22,0.37,0.05999999865889549,0.3499999940395355,19.14,,2.32,,,,0.2538,0.0231,0.1846,2.457,0.11540000140666962,0.2307,0.2538,1.0958,2.157,1.4765,1.1535,2026-08-09
base4-47,Kakuna,normal,Base Set 2,47,Uncommon,Keiji Kinebuchi,Stage 1,14,Pokémon,2000/02/24,"tcgplayer,cardmarket",https://prices.pokemontcg.io/tcgplayer/base4-47,https://images.pokemontcg.io/base4/47_hires.png,2026/08/08,2026/06/21,0.98,0.20000000298023224,0.699999988079071,2.49,,,,,,0.5306,0.1154,0.346,0.0,0.6920999884605408,0.5883,0.7498,0.0,0.0,0.0,1.1535,2026-08-09
xy1-47,Ekans,normal,XY,47,Common,Shigenori Negishi,Basic,23,Pokémon,2014/02/05,"tcgplayer,cardmarket",https://prices.pokemontcg.io/tcgplayer/xy1-47,https://images.pokemontcg.io/xy1/47_hires.png,2026/08/08,2026/02/22,0.29,0.07999999821186066,0.25,1000.0,,1.26,,,,0.1269,0.0231,0.1154,0.5652,0.05770000070333481,0.0923,0.1038,0.8074,0.496,0.6575,1.1535,2026-08-09
sma-SV41,Eevee,holofoil,Hidden Fates Shiny Vault,SV41,Rare Shiny,kirisAki,Basic,133,Pokémon,2019/08/23,"tcgplayer,cardmarket",https://prices.pokemontcg.io/tcgplayer/sma-SV41,https://images.pokemontcg.io/sma/SV41_hires.png,2026/08/08,2026/03/11,53.15,44.0,55.0,99.6,,,,,,31.9173,18.4445,29.1836,0.0,23.06999969482422,29.2643,30.1756,28.8375,26.5305,32.0327,1.1535,2026-08-09
xy11-50,Chandelure,holofoil,Steam Siege,50,Rare Holo,Tomokazu Komiya,Stage 2,609,Pokémon,2016/08/03,"tcgplayer,cardmarket",https://prices.pokemontcg.io/tcgplayer/xy11-50,https://images.pokemontcg.io/xy11/50_hires.png,2026/08/08,2026/02/19,1.95,0.6000000238418579,1.6200000047683716,19.98,,2.36,,,,1.2919,0.1154,1.7995,2.3877,1.9493999481201172,1.811,1.142,2.134,2.7107,2.0071,1.1535,2026-08-09
pl2-43,Infernape E4,normal,Rising Rivals,43,Uncommon,Masakazu Fukuda,Basic|SP,392,Pokémon,2009/05/16,"tcgplayer,cardmarket",https://prices.pokemontcg.io/tcgplayer/pl2-43,https://images.pokemontcg.io/pl2/43_hires.png,2026/08/08,2026/03/07,1.48,0.8500000238418579,1.3300000429153442,19.98,,9.85,,,,0.9805,0.1038,0.8536,3.4028,0.57669997215271,1.0612,0.9113,3.4028,3.1375,2.63,1.1535,2026-08-09
dp6-42,Unown [!],normal,Legends Awakened,42,Rare,Kent Kanetsuna,Basic,201,Pokémon,2008/08/01,"tcgplayer,cardmarket",https://prices.pokemontcg.io/tcgplayer/dp6-42,https://images.pokemontcg.io/dp6/42_hires.png,2026/08/08,2026/03/07,22.49,20.0,26.020000457763672,243.0,,32.08,,,,8.8704,5.7675,9.4933,7.9245,23.058500289916992,10.7852,7.74,13.842,9.2395,9.4933,1.1535,2026-08-09
bwp-BW36,Reshiram-EX,holofoil,BW Black Star Promos,BW36,Promo,Shizurow,Basic|EX,643,Pokémon,2011/03/01,"tcgplayer,cardmarket",https://prices.pokemontcg.io/tcgplayer/bwp-BW36,https://images.pokemontcg.io/bwp/BW36_hires.png,2026/08/08,2026/04/18,9.61,4.400000095367432,6.920000076293945,144.54,,,,,,4.7178,1.1535,6.4019,0.0,1.153499960899353,5.5945,6.748,1.142,3.1952,3.299,1.1535,2026-08-09
smp-SM38,Incineroar-GX,holofoil,SM Black Star Promos,SM38,Promo,5ban Graphics,Stage 2|GX,727,Pokémon,2017/02/03,"tcgplayer,cardmarket",https://prices.pokemontcg.io/tcgplayer/smp-SM38,https://images.pokemontcg.io/smp/SM38_hires.png,2026/08/08,2026/03/07,14.91,7.0,11.630000114440918,250.0,,,,,,7.8207,2.307,7.6131,0.0,6.86329984664917,8.7089,7.6362,5.7675,8.9742,8.3283,1.1535,2026-08-09
pl3-43,Seaking,normal,Supreme Victors,43,Rare,Suwama Chiaki,Stage 1,119,Pokémon,2009/08/19,"tcgplayer,cardmarket",https://prices.pokemontcg.io/tcgplayer/pl3-43,https://images.pokemontcg.io/pl3/43_hires.png,2026/08/08,2026/03/11,1.63,0.75,1.440000057220459,19.98,,2.7,,,,1.8225,0.1154,1.4534,2.2724,3.4719998836517334,1.6726,1.2227,5.7675,1.9725,2.5723,1.1535,2026-08-09
swsh35-50,Bede,normal,Champion's Path,50,Uncommon,Naoki Saito,Supporter,,Trainer,2020/09/25,"tcgplayer,cardmarket",https://prices.pokemontcg.io/tcgplayer/swsh35-50,https://images.pokemontcg.io/swsh35/50_hires.png,2026/08/08,2026/02/19,0.17,0.019999999552965164,0.1899999976158142,2.99,,0.24,,,,0.0923,0.0231,0.1038,0.2999,0.11540000140666962,0.0807,0.0923,0.1615,0.4268,0.2999,1.1535,2026-08-09
sm7-47,Voltorb,normal,Celestial Storm,47,Common,Ken Sugimori,Basic,100,Pokémon,2018/08/03,"tcgplayer,cardmarket",https://prices.pokemontcg.io/tcgplayer/sm7-47,https://images.pokemontcg.io/sm7/47_hires.png,2026/08/08,2026/02/04,0.23,0.05000000074505806,0.25,2.99,,0.44,,,,0.0923,0.0231,0.1154,0.323,0.09229999780654907,0.1154,0.0923,0.1154,0.2768,0.4499,1.1535,2026-08-09
sm11-42,Abomasnow,normal,Unified Minds,42,Rare,Shin Nagasawa,Stage 1,460,Pokémon,2019/08/02,"tcgplayer,cardmarket",https://prices.pokemontcg.io/tcgplayer/sm11-42,https://images.pokemontcg.io/sm11/42_hires.png,2026/08/08,2026/03/11,0.25,0.09000000357627869,0.25,18.68,,0.43,,,,0.2653,0.0577,0.2422,0.7382,0.04610000178217888,0.173,0.2192,0.4037,0.8074,0.6806,1.1535,2026-08-09
dp7-39,Grovyle,normal,Stormfront,39,Uncommon,Naoyo Kimura,Stage 1,253,Pokémon,2008/11/01,"tcgplayer,cardmarket",https://prices.pokemontcg.io/tcgplayer/dp7-39,https://images.pokemontcg.io/dp7/39_hires.png,2026/08/08,2026/05/14,0.89,0.20000000298023224,0.75,19.98,,9.23,,,,0.2653,0.0231,0.5652,2.6184,0.5651999711990356,0.7152,0.3807,0.346,1.984,1.8917,1.1535,2026-08-09
bw3-44,Yamask,normal,Noble Victories,44,Common,Midori Harada,Basic,562,Pokémon,2011/11/16,"tcgplayer,cardmarket",https://prices.pokemontcg.io/tcgplayer/bw3-44,https://images.pokemontcg.io/bw3/44_hires.png,2026/08/08,2026/02/21,0.27,0.1899999976158142,0.2800000011920929,17.6,,2.19,,,,0.2192,0.0231,0.1846,0.0,0.05770000070333481,0.1615,0.173,0.2884,1.2689,0.8997,1.1535,2026-08-09
bw4-52,Grimer,normal,Next Destinies,52,Common,Kagemaru Himeno,Basic,88,Pokémon,2012/02/08,"tcgplayer,cardmarket",https://prices.pokemontcg.io/tcgplayer/bw4-52,https://images.pokemontcg.io/bw4/52_hires.png,2026/08/08,2026/02/19,0.31,0.03999999910593033,0.27000001072883606,19.98,,1.14,,,,0.2076,0.0231,0.2076,1.1881,0.219200000166893,0.2076,0.1846,1.7302,1.0843,0.7267,1.1535,2026-08-09
sm4-39,Misdreavus,normal,Crimson Invasion,39,Common,so-taro,Basic,200,Pokémon,2017/11/03,"tcgplayer,cardmarket",https://prices.pokemontcg.io/tcgplayer/sm4-39,https://images.pokemontcg.io/sm4/39_hires.png,2026/08/08,2026/02/24,0.2,0.009999999776482582,0.20999999344348907,18.12,,0.42,,,,0.1154,0.0231,0.1038,0.2999,0.08070000261068344,0.1154,0.1154,0.2192,0.2999,0.3114,1.1535,2026-08-09
ex2-40,Kirlia,normal,Sandstorm,40,Uncommon,Hajime Kusajima,Stage 1,281,Pokémon,2003/09/18,"tcgplayer,cardmarket",https://prices.pokemontcg.io/tcgplayer/ex2-40,https://images.pokemontcg.io/ex2/40_hires.png,2026/08/08,2026/06/22,5.14,2.75,5.489999771118164,57.6,,19.99,,,,2.976,0.1154,2.5492,3.449,2.8838000297546387,1.8341,2.4916,2.2839,8.3859,5.3292,1.1535,2026-08-09
ex16-40,Vibrava,normal,Power Keepers,40,Uncommon,Mitsuhiro Arita,Stage 1,329,Pokémon,2007/02/02,"tcgplayer,cardmarket",https://prices.pokemontcg.io/tcgplayer/ex16-40,https://images.pokemontcg.io/ex16/40_hires.png,2026/08/08,2026/03/11,1.16,0.2800000011920929,1.0,19.98,,6.02,,,,0.2768,0.0461,0.3922,4.4064,0.28839999437332153,0.4268,0.4153,4.0373,4.2449,5.0293,1.1535,2026-08-09
hgss1-53,Starmie,normal,HeartGold & SoulSilver,53,Uncommon,Kagemaru Himeno,Stage 1,121,Pokémon,2010/02/10,"tcgplayer,cardmarket",https://prices.pokemontcg.io/tcgplayer/hgss1-53,https://images.pokemontcg.io/hgss1/53_hires.png,2026/08/08,2026/02/19,0.84,0.44999998807907104,0.6499999761581421,19.98,,1.98,,,,0.4499,0.0231,0.5306,1.7533,1.4419000148773193,0.4499,0.5883,0.5191,1.4303,1.3035,1.1535,2026-08-09
g1-35,Gengar,holofoil,Generations,35,Rare Holo,Saya Tsuruta,Stage 2,94,Pokémon,2016/02/22,"tcgplayer,cardmarket",https://prices.pokemontcg.io/tcgplayer/g1-35,https://images.pokemontcg.io/g1/35_hires.png,2026/08/08,2026/05/07,38.92,23.989999771118164,37.630001068115234,171.5,,49.98,,,,26.692,5.7675,24.8925,37.085,28.837499618530273,28.4568,30.7408,23.07,31.4905,34.0629,1.1535,2026-08-09
sm115-49,Eevee,normal,Hidden Fates,49,Common,Hitoshi Ariga,Basic,133,Pokémon,2019/08/23,"tcgplayer,cardmarket",https://prices.pokemontcg.io/tcgplayer/sm115-49,https://images.pokemontcg.io/sm115/49_hires.png,2026/08/08,2026/02/22,0.28,0.05000000074505806,0.28999999165534973,19.8,,1.14,,,,0.7728,0.0577,0.8421,0.0,1.038100004196167,0.4614,0.7498,4.614,4.614,4.614,1.1535,2026-08-09
ex12-51,Clamperl,normal,Legend Maker,51,Common,Sachiko Adachi,Basic,366,Pokémon,2006/02/01,"tcgplayer,cardmarket",https://prices.pokemontcg.io/tcgplayer/ex12-51,https://images.pokemontcg.io/ex12/51_hires.png,2026/08/08,2026/02/21,0.68,0.23000000417232513,0.6600000262260437,19.98,,10.16,,,,0.1961,0.0231,0.1846,27.3726,0.34599998593330383,0.15,0.173,6.921,36.5313,10.6929,1.1535,2026-08-09
dp1-49,Grotle,normal,Diamond & Pearl,49,Uncommon,Ken Sugimori,Stage 1,388,Pokémon,2007/05/01,"tcgplayer,cardmarket",https://prices.pokemontcg.io/tcgplayer/dp1-49,https://images.pokemontcg.io/dp1/49_hires.png,2026/08/08,2026/03/08,1.51,0.25,0.5899999737739563,3.49,,2.3,,,,0.2999,0.0231,0.1038,2.5608,0.023099999874830246,0.1961,0.346,0.2307,2.157,1.7418,1.1535,2026-08-09
neo2-39,Houndour,unlimited,Neo Discovery,39,Uncommon,Shin-ichi Yoshida,Basic,228,Pokémon,2001/06/01,"tcgplayer,cardmarket",https://prices.pokemontcg.io/tcgplayer/neo2-39,https://images.pokemontcg.io/neo2/39_hires.png,2026/08/08,2026/07/01,1.7,0.699999988079071,1.7000000476837158,29.99,,,,,"{""1stEdition"": {""low"": 4.0, ""mid"": 13.49, ""high"": 84.6, ""market"": 9.34, ""directLow"": null}}",1.7418,0.0577,1.7533,0.0,3.172100067138672,1.7879,1.7302,0.0,0.0,0.0,1.1535,2026-08-09
np-40,Mew,holofoil,Nintendo Black Star Promos,40,Promo,Masakazu Fukuda,Basic,151,Pokémon,2003/10/01,"tcgplayer,cardmarket",https://prices.pokemontcg.io/tcgplayer/np-40,https://images.pokemontcg.io/np/40_hires.png,2026/08/08,2026/06/27,113.04,199.99000549316406,744.2999877929688,864.98,,,,,,449.7496,346.05,215.0009,0.0,518.4406127929688,228.9928,123.9205,28.826,29.0221,26.7381,1.1535,2026-08-09
ecard1-39,Charizard,normal,Expedition Base Set,39,Rare,Atsuko Nishida,Stage 2,6,Pokémon,2002/09/15,"tcgplayer,cardmarket",https://prices.pokemontcg.io/tcgplayer/ecard1-39,https://images.pokemontcg.io/ecard1/39_hires.png,2026/08/08,2026/06/22,173.32,175.0,1416.0400390625,1650.65,,284.68,,,,52.0344,11.535,77.9651,243.1578,126.87349700927734,89.327,61.8737,23.07,219.8225,129.342,1.1535,2026-08-09
ex1-37,Lairon,normal,Ruby & Sapphire,37,Uncommon,Mitsuhiro Arita,Stage 1,305,Pokémon,2003/07/01,"tcgplayer,cardmarket",https://prices.pokemontcg.io/tcgplayer/ex1-37,https://images.pokemontcg.io/ex1/37_hires.png,2026/08/08,2026/06/25,2.47,1.0,1.5399999618530273,27.14,,5.8,,,,1.3611,0.0577,0.992,11.4427,2.249300003051758,1.7302,1.2227,14.4187,8.7551,6.252,1.1535,2026-08-09
bw8-48,Zapdos-EX,holofoil,Plasma Storm,48,Rare Holo EX,Eske Yoshinob,Basic|EX|Team Plasma,145,Pokémon,2013/02/06,"tcgplayer,cardmarket",https://prices.pokemontcg.io/tcgplayer/bw8-48,https://images.pokemontcg.io/bw8/48_hires.png,2026/08/08,2026/02/19,11.8,6.789999961853027,11.34000015258789,222.28,,,,,,14.338,3.1029,13.2076,0.0,12.68850040435791,13.5767,11.5927,5.1907,6.3327,5.0869,1.1535,2026-08-09
ex6-44,Persian,normal,FireRed & LeafGreen,44,Uncommon,Masakazu Fukuda,Stage 1,53,Pokémon,2004/09/01,"tcgplayer,cardmarket",https://prices.pokemontcg.io/tcgplayer/ex6-44,https://images.pokemontcg.io/ex6/44_hires.png,2026/08/08,2026/06/07,3.39,2.190000057220459,3.9200000762939453,38.0,,65.0,,,,2.457,0.0577,0.8767,13.4037,2.306999921798706,2.63,4.3256,14.8802,15.9875,15.6991,1.1535,2026-08-09
swsh1-49,Lapras V,holofoil,Sword & Shield,49,Rare Holo V,Hasuno,Basic|V,131,Pokémon,2020/02/07,"tcgplayer,cardmarket",https://prices.pokemontcg.io/tcgplayer/swsh1-49,https://images.pokemontcg.io/swsh1/49_hires.png,2026/08/08,2026/02/19,2.87,1.5,2.950000047683716,19.99,,,,,,3.0683,1.142,3.0914,0.0,3.4605000019073486,3.2067,3.1721,2.7569,4.0257,3.8065,1.1535,2026-08-09
col1-48,Pidgeotto,normal,Call of Legends,48,Uncommon,Suwama Chiaki,Stage 1,17,Pokémon,2011/02/09,"tcgplayer,cardmarket",https://prices.pokemontcg.io/tcgplayer/col1-48,https://images.pokemontcg.io/col1/48_hires.png,2026/08/08,2026/02/19,0.94,0.25,0.9200000166893005,19.98,,9.33,,,,1.3611,0.0231,1.0266,2.7684,0.8881999850273132,0.8767,1.1881,3.4605,4.2679,4.8562,1.1535,2026-08-09
bw11-51,Zekrom,holofoil,Legendary Treasures,51,Rare Holo,Kagemaru Himeno,Basic,644,Pokémon,2013/11/06,"tcgplayer,cardmarket",https://prices.pokemontcg.io/tcgplayer/bw11-51,https://images.pokemontcg.io/bw11/51_hires.png,2026/08/08,2026/03/11,5.12,3.190000057220459,4.989999771118164,99.99,,7.46,,,,5.0754,3.1145,4.6025,0.0,4.613999843597412,4.7755,5.3407,8.0745,10.5776,6.1482,1.1535,2026-08-09
neo1-43,Phanpy,unlimited,Neo Genesis,43,Uncommon,Ken Sugimori,Basic,231,Pokémon,2000/12/16,"tcgplayer,cardmarket",https://prices.pokemontcg.io/tcgplayer/neo1-43,https://images.pokemontcg.io/neo1/43_hires.png,2026/08/08,2026/06/21,1.36,0.6299999952316284,1.25,96.95,,,,,"{""1stEdition"": {""low"": 1.65, ""mid"": 2.92, ""high"": 34.0, ""market"": 2.96, ""directLow"": null}}",1.4995,0.0577,1.488,0.0,0.9689000248908997,1.5572,1.3727,0.2307,0.2307,0.2307,1.1535,2026-08-09
pl1-48,Flaaffy,normal,Platinum,48,Uncommon,Sumiyoshi Kizuki,Stage 1,180,Pokémon,2009/02/11,"tcgplayer,cardmarket",https://prices.pokemontcg.io/tcgplayer/pl1-48,https://images.pokemontcg.io/pl1/48_hires.png,2026/08/08,2026/02/21,1.36,0.49000000953674316,0.8299999833106995,19.32,,3.97,,,,0.3576,0.0231,0.346,2.8838,0.11540000140666962,0.3691,0.3576,1.7302,1.5226,1.4765,1.1535,2026-08-09
dp2-42,Chingling,normal,Mysterious Treasures,42,Uncommon,Emi Yoshida,Basic,433,Pokémon,2007/08/01,"tcgplayer,cardmarket",https://prices.pokemontcg.io/tcgplayer/dp2-42,https://images.pokemontcg.io/dp2/42_hires.png,2026/08/08,2026/03/07,7.12,1.4199999570846558,4.989999771118164,29.5,,13.19,,,,0.8421,0.0231,0.7728,2.8607,1.153499960899353,0.6575,1.0497,4.614,2.7453,3.0798,1.1535,2026-08-09
ecard3-14,Kabutops,normal,Skyridge,14,Rare,Kouki Saitou,Stage 2,141,Pokémon,2003/05/12,"tcgplayer,cardmarket",https://prices.pokemontcg.io/tcgplayer/ecard3-14,https://images.pokemontcg.io/ecard3/14_hires.png,2026/08/08,2026/06/21,40.27,77.98999786376953,114.98999786376953,399.5,,,,,,18.0061,5.756,22.8393,55.9217,58.82849884033203,20.5092,20.613,21.905,45.6209,45.6555,1.1535,2026-08-09
bw9-47,Mr. Mime,normal,Plasma Freeze,47,Rare,Hiroki Asanuma,Basic,122,Pokémon,2013/05/08,"tcgplayer,cardmarket",https://prices.pokemontcg.io/tcgplayer/bw9-47,https://images.pokemontcg.io/bw9/47_hires.png,2026/08/08,2026/02/19,15.46,12.0,15.420000076293945,134.36,,34.32,,,,4.5794,0.5537,4.464,12.0656,1.153499960899353,4.0488,4.3141,7.4862,13.2768,7.2901,1.1535,2026-08-09
sm6-44,Espurr,normal,Forbidden Light,44,Common,0313,Basic,677,Pokémon,2018/05/04,"tcgplayer,cardmarket",https://prices.pokemontcg.io/tcgplayer/sm6-44,https://images.pokemontcg.io/sm6/44_hires.png,2026/08/08,2026/02/21,0.46,0.23000000417232513,0.49000000953674316,19.98,,7.09,,,,0.1384,0.0231,0.1154,0.3922,0.05770000070333481,0.1038,0.1154,0.5421,0.4268,0.4729,1.1535,2026-08-09
xy9-41,Greninja BREAK,holofoil,BREAKpoint,41,Rare BREAK,5ban Graphics,BREAK,658,Pokémon,2016/02/03,"tcgplayer,cardmarket",https://prices.pokemontcg.io/tcgplayer/xy9-41,https://images.pokemontcg.io/xy9/41_hires.png,2026/08/08,2026/02/24,29.6,12.0,31.290000915527344,95.92,,,,,,8.6628,2.8838,9.8048,0.0,12.30780029296875,11.1082,9.378,4.614,5.5022,5.2023,1.1535,2026-08-09
bw1-46,Galvantula,normal,Black & White,46,Rare,Mitsuhiro Arita,Stage 1,596,Pokémon,2011/04/25,"tcgplayer,cardmarket",https://prices.pokemontcg.io/tcgplayer/bw1-46,https://images.pokemontcg.io/bw1/46_hires.png,2026/08/08,2026/02/22,0.55,0.20000000298023224,0.5,18.3,,1.71,,,,0.4845,0.0231,0.4729,2.0186,0.911300003528595,0.3807,0.4729,2.8838,2.4685,1.7533,1.1535,2026-08-09
pl1-49,Grotle,normal,Platinum,49,Uncommon,Kagemaru Himeno,Stage 1,388,Pokémon,2009/02/11,"tcgplayer,cardmarket",https://prices.pokemontcg.io/tcgplayer/pl1-49,https://images.pokemontcg.io/pl1/49_hires.png,2026/08/08,2026/02/21,0.63,0.28999999165534973,0.6499999761581421,5.0,,3.09,,,,0.4037,0.0461,0.4383,2.976,0.51910001039505,0.496,0.496,0.4614,1.165,1.5111,1.1535,2026-08-09
bw6-48,Shedinja,normal,Dragons Exalted,48,Rare,Masakazu Fukuda,Stage 1,292,Pokémon,2012/08/15,"tcgplayer,cardmarket",https://prices.pokemontcg.io/tcgplayer/bw6-48,https://images.pokemontcg.io/bw6/48_hires.png,2026/08/08,2026/02/19,3.42,1.4199999570846558,4.199999809265137,377.94,,7.13,,,,0.6575,0.1154,1.0958,0.0,2.306999921798706,0.9689,1.2458,2.0186,2.0186,1.984,1.1535,2026-08-09
pl2-44,Lairon,normal,Rising Rivals,44,Uncommon,Yukiko Baba,Stage 1,305,Pokémon,2009/05/16,"tcgplayer,cardmarket",https://prices.pokemontcg.io/tcgplayer/pl2-44,https://images.pokemontcg.io/pl2/44_hires.png,2026/08/08,2026/03/07,0.46,0.25,0.46000000834465027,19.98,,1.96,,,,0.2192,0.0231,0.1846,0.9343,0.219200000166893,0.1615,0.2422,0.3922,0.9113,1.0958,1.1535,2026-08-09
sm4-40,Mismagius,normal,Crimson Invasion,40,Rare,chibi,Stage 1,429,Pokémon,2017/11/03,"tcgplayer,cardmarket",https://prices.pokemontcg.io/tcgplayer/sm4-40,https://images.pokemontcg.io/sm4/40_hires.png,2026/08/08,2026/02/24,0.42,0.10000000149011612,0.41999998688697815,4.0,,0.65,,,,0.2653,0.0231,0.346,0.8536,0.09229999780654907,0.3807,0.2884,0.4268,0.7613,0.6575,1.1535,2026-08-09
dp6-43,Uxie,normal,Legends Awakened,43,Rare,Ken Sugimori,Basic,480,Pokémon,2008/08/01,"tcgplayer,cardmarket",https://prices.pokemontcg.io/tcgplayer/dp6-43,https://images.pokemontcg.io/dp6/43_hires.png,2026/08/08,2026/03/07,16.53,9.989999771118164,25.0,168.7,,24.08,,,,7.8899,2.63,6.8979,0.0,5.179200172424316,6.7826,6.1482,2.8261,2.4224,2.157,1.1535,2026-08-09
ex8-48,Starmie,normal,Deoxys,48,Uncommon,Yukiko Baba,Stage 1,121,Pokémon,2005/02/01,"tcgplayer,cardmarket",https://prices.pokemontcg.io/tcgplayer/ex8-48,https://images.pokemontcg.io/ex8/48_hires.png,2026/08/08,2026/03/08,2.82,1.100000023841858,13.59000015258789,19.98,,25.22,,,,0.9459,0.1154,2.2609,39.888,1.153499960899353,1.1996,2.5608,23.0123,33.4169,16.968,1.1535,2026-08-09
neo1-44,Piloswine,unlimited,Neo Genesis,44,Uncommon,Ken Sugimori,Stage 1,221,Pokémon,2000/12/16,"tcgplayer,cardmarket",https://prices.pokemontcg.io/tcgplayer/neo1-44,https://images.pokemontcg.io/neo1/44_hires.png,2026/08/08,2026/06/21,1.48,0.75,1.4600000381469727,21.48,,,,,"{""1stEdition"": {""low"": 1.2, ""mid"": 3.0, ""high"": 4319.05, ""market"": 3.19, ""directLow"": 96.95}}",1.8225,0.0577,0.992,0.0,0.40369999408721924,1.2573,1.7533,0.0,0.0,0.0,1.1535,2026-08-09
base1-50,Gastly,normal,Base,50,Common,Keiji Kinebuchi,Basic,92,Pokémon,1999/01/09,"tcgplayer,cardmarket",https://prices.pokemontcg.io/tcgplayer/base1-50,https://images.pokemontcg.io/base1/50_hires.png,2026/08/08,2026/06/21,1.1,0.10999999940395355,0.7300000190734863,18.98,,,,,,12.9538,1.8456,7.7054,0.0,4.556300163269043,12.5155,15.1224,0.0,0.0,0.0,1.1535,2026-08-09
xy4-44,Pumpkaboo,normal,Phantom Forces,44,Common,HiRON,Basic,710,Pokémon,2014/11/05,"tcgplayer,cardmarket",https://prices.pokemontcg.io/tcgplayer/xy4-44,https://images.pokemontcg.io/xy4/44_hires.png,2026/08/08,2026/02/24,0.33,0.15000000596046448,0.3100000023841858,19.2,,2.15,,,,0.2192,0.0231,0.2076,1.0958,0.05770000070333481,0.1615,0.1846,1.0958,1.6956,2.0994,1.1535,2026-08-09
ecard1-40,Charizard,normal,Expedition Base Set,40,Rare,Hiromichi Sugiyama,Stage 2,6,Pokémon,2002/09/15,"tcgplayer,cardmarket",https://prices.pokemontcg.io/tcgplayer/ecard1-40,https://images.pokemontcg.io/ecard1/40_hires.png,2026/08/08,2026/06/21,123.78,135.0,150.0,1609.8,,449.99,,,,56.7868,5.7675,32.3672,85.5551,11.511899948120117,42.3104,47.1551,28.8375,78.8994,85.1629,1.1535,2026-08-09
hgss4-51,Unown,normal,HS—Triumphant,51,Uncommon,Hideaki Hakozaki,Basic,201,Pokémon,2010/11/03,"tcgplayer,cardmarket",https://prices.pokemontcg.io/tcgplayer/hgss4-51,https://images.pokemontcg.io/hgss4/51_hires.png,2026/08/08,2026/02/21,0.99,0.4000000059604645,0.550000011920929,19.98,,7.58,,,,0.5537,0.0231,0.3807,4.4064,0.46140000224113464,0.4729,0.669,3.4605,3.8065,2.5608,1.1535,2026-08-09
dp3-52,Kecleon,normal,Secret Wonders,52,Uncommon,Mitsuhiro Arita,Basic,352,Pokémon,2007/11/01,"tcgplayer,cardmarket",https://prices.pokemontcg.io/tcgplayer/dp3-52,https://images.pokemontcg.io/dp3/52_hires.png,2026/08/08,2026/02/19,0.71,0.20999999344348907,0.6600000262260437,19.48,,3.29,,,,0.5421,0.0231,0.3922,0.6575,0.23070000112056732,0.173,0.3576,0.4614,0.6575,1.0612,1.1535,2026-08-09
col1-49,Quilava,normal,Call of Legends,49,Uncommon,Kagemaru Himeno,Stage 1,156,Pokémon,2011/02/09,"tcgplayer,cardmarket",https://prices.pokemontcg.io/tcgplayer/col1-49,https://images.pokemontcg.io/col1/49_hires.png,2026/08/08,2026/02/19,0.95,0.25,0.8899999856948853,19.98,,5.88,,,,0.669,0.0231,0.4614,6.1828,0.23070000112056732,0.5191,0.8421,17.291,8.1552,4.9254,1.1535,2026-08-09
sm9-50,Heliolisk,normal,Team Up,50,Uncommon,Sumiyoshi Kizuki,Stage 1,695,Pokémon,2019/02/01,"tcgplayer,cardmarket",https://prices.pokemontcg.io/tcgplayer/sm9-50,https://images.pokemontcg.io/sm9/50_hires.png,2026/08/08,2026/02/19,0.19,0.05999999865889549,0.23999999463558197,19.98,,0.39,,,,0.1615,0.0231,0.15,0.3345,0.15000000596046448,0.1615,0.1154,0.2307,0.4614,0.4383,1.1535,2026-08-09
ex9-50,Feebas,normal,Emerald,50,Common,Kagemaru Himeno,Basic,349,Pokémon,2005/05/01,"tcgplayer,cardmarket",https://prices.pokemontcg.io/tcgplayer/ex9-50,https://images.pokemontcg.io/ex9/50_hires.png,2026/08/08,2026/03/11,1.06,0.4000000059604645,0.9900000095367432,17.84,,53.33,,,,0.3114,0.0231,0.323,9.228,0.40369999408721924,0.2538,0.2653,11.535,10.3815,7.913,1.1535,2026-08-09
bw3-45,Yamask,normal,Noble Victories,45,Common,Shin Nagasawa,Basic,562,Pokémon,2011/11/16,"tcgplayer,cardmarket",https://prices.pokemontcg.io/tcgplayer/bw3-45,https://images.pokemontcg.io/bw3/45_hires.png,2026/08/08,2026/02/21,0.32,0.12999999523162842,0.3199999928474426,19.98,,0.89,,,,0.4614,0.0231,0.2307,0.0,0.04610000178217888,0.3114,0.4037,0.346,0.5191,0.6344,1.1535,2026-08-09
ex10-47,Shuckle,normal,Unseen Forces,47,Uncommon,Miki Tanaka,Basic,213,Pokémon,2005/08/01,"tcgplayer,cardmarket",https://prices.pokemontcg.io/tcgplayer/ex10-47,https://images.pokemontcg.io/ex10/47_hires.png,2026/08/08,2026/06/21,8.89,8.09000015258789,20.0,132.99,,62.5,,,,2.1801,0.0577,3.2067,28.8375,1.153499960899353,4.1065,1.6956,11.5235,14.2342,9.3433,1.1535,2026-08-09
base5-46,Dark Wartortle,unlimited,Team Rocket,46,Uncommon,Kagemaru Himeno,Stage 1,8,Pokémon,2000/04/24,"tcgplayer,cardmarket",https://prices.pokemontcg.io/tcgplayer/base5-46,https://images.pokemontcg.io/base5/46_hires.png,2026/08/08,2026/06/21,3.87,1.0,3.3499999046325684,150.0,,,,,"{""1stEdition"": {""low"": 7.69, ""mid"": 13.14, ""high"": 69.76, ""market"": 15.45, ""directLow"": 44.88}}",5.8598,0.1038,6.9902,0.0,6.517300128936768,5.6752,5.7444,2.4224,2.4224,2.4224,1.1535,2026-08-09
sm7-48,Electrode-GX,holofoil,Celestial Storm,48,Rare Holo GX,5ban Graphics,Stage 1|GX,101,Pokémon,2018/08/03,"tcgplayer,cardmarket",https://prices.pokemontcg.io/tcgplayer/sm7-48,https://images.pokemontcg.io/sm7/48_hires.png,2026/08/08,2026/02/04,7.39,5.0,7.409999847412109,4318.75,,,,,,5.4215,1.3842,5.2023,0.0,6.344200134277344,5.8713,5.1331,3.4605,2.803,3.5412,1.1535,2026-08-09
xy3-38,Skorupi,normal,Furious Fists,38,Common,Naoki Saito,Basic,451,Pokémon,2014/08/13,"tcgplayer,cardmarket",https://prices.pokemontcg.io/tcgplayer/xy3-38,https://images.pokemontcg.io/xy3/38_hires.png,2026/08/08,2026/03/07,0.18,0.029999999329447746,0.20000000298023224,1000.0,,0.42,,,,0.0577,0.0231,0.1038,0.5191,0.10379999876022339,0.0577,0.0923,0.4614,0.5537,0.3576,1.1535,2026-08-09
ex1-38,Linoone,normal,Ruby & Sapphire,38,Uncommon,Ken Sugimori,Stage 1,264,Pokémon,2003/07/01,"tcgplayer,cardmarket",https://prices.pokemontcg.io/tcgplayer/ex1-38,https://images.pokemontcg.io/ex1/38_hires.png,2026/08/08,2026/06/25,2.12,1.25,1.6299999952316284,31.8,,8.06,,,,1.488,0.0231,1.4534,8.6512,1.3841999769210815,1.3842,1.0958,5.7675,3.7719,3.0798,1.1535,2026-08-09
sm11-43,Basculin,normal,Unified Minds,43,Uncommon,SATOSHI NAKAI,Basic,550,Pokémon,2019/08/02,"tcgplayer,cardmarket",https://prices.pokemontcg.io/tcgplayer/sm11-43,https://images.pokemontcg.io/sm11/43_hires.png,2026/08/08,2026/02/22,0.22,0.05000000074505806,0.25,2.99,,0.39,,,,0.1269,0.0231,0.1384,0.2076,0.17299999296665192,0.1384,0.1269,0.7613,0.4153,0.4037,1.1535,2026-08-09
ex14-45,Bulbasaur,normal,Crystal Guardians,45,Common,Sumiyoshi Kizuki,Basic,1,Pokémon,2006/08/01,"tcgplayer,cardmarket",https://prices.pokemontcg.io/tcgplayer/ex14-45,https://images.pokemontcg.io/ex14/45_hires.png,2026/08/08,2026/03/11,11.59,5.0,7.139999866485596,93.1,,113.25,,,,1.0266,0.0577,1.1535,49.3929,3.4374001026153564,1.142,0.9459,4.614,44.652,17.2679,1.1535,2026-08-09
sm2-48,Slowpoke,normal,Guardians Rising,48,Common,Mina Nakai,Basic,79,Pokémon,2017/05/05,"tcgplayer,cardmarket",https://prices.pokemontcg.io/tcgplayer/sm2-48,https://images.pokemontcg.io/sm2/48_hires.png,2026/08/08,2026/02/19,0.28,0.11999999731779099,0.3499999940395355,19.98,,3.65,,,,0.1269,0.0231,0.0692,0.5191,0.09229999780654907,0.0923,0.1038,0.3691,0.4499,0.4383,1.1535,2026-08-09
gym2-52,Lt. Surge's Electrode,unlimited,Gym Challenge,52,Uncommon,Ken Sugimori,Stage 1,101,Pokémon,2000/10/16,"tcgplayer,cardmarket",https://prices.pokemontcg.io/tcgplayer/gym2-52,https://images.pokemontcg.io/gym2/52_hires.png,2026/08/08,2026/06/21,2.93,1.6200000047683716,2.369999885559082,36.7,,,,,"{""1stEdition"": {""low"": 3.37, ""mid"": 5.99, ""high"": 52.5, ""market"": 5.72, ""directLow"": null}}",3.3682,0.4614,2.5262,0.0,2.4223999977111816,3.0683,3.622,9.8048,9.8048,9.8048,1.1535,2026-08-09
bw8-49,Rotom,normal,Plasma Storm,49,Uncommon,5ban Graphics,Basic|Team Plasma,479,Pokémon,2013/02/06,"tcgplayer,cardmarket",https://prices.pokemontcg.io/tcgplayer/bw8-49,https://images.pokemontcg.io/bw8/49_hires.png,2026/08/08,2026/02/19,0.49,0.25,0.5,5.0,,8.73,,,,0.4153,0.0231,0.2884,4.3256,0.03460000082850456,0.3114,0.3922,3.449,4.118,3.1721,1.1535,2026-08-09
swsh2-43,Milotic V,holofoil,Rebel Clash,43,Rare Holo V,Ayaka Yoshida,Basic|V,350,Pokémon,2020/05/01,"tcgplayer,cardmarket",https://prices.pokemontcg.io/tcgplayer/swsh2-43,https://images.pokemontcg.io/swsh2/43_hires.png,2026/08/08,2026/02/19,3.82,2.049999952316284,3.7899999618530273,99.0,,,,,,3.8988,1.6726,3.5643,0.0,3.4605000019073486,4.6601,4.0373,2.8838,3.5643,3.4951,1.1535,2026-08-09
g1-36,Jynx,normal,Generations,36,Rare,Naoki Saito,Basic,124,Pokémon,2016/02/22,"tcgplayer,cardmarket",https://prices.pokemontcg.io/tcgplayer/g1-36,https://images.pokemontcg.io/g1/36_hires.png,2026/08/08,2026/05/07,0.39,0.11999999731779099,0.4099999964237213,23.49,,1.11,,,,0.6575,0.0231,0.5191,1.2804,0.23070000112056732,0.5306,0.5767,1.1535,1.0958,1.0958,1.1535,2026-08-09
swsh1-50,Lapras VMAX,holofoil,Sword & Shield,50,Rare Holo VMAX,5ban Graphics,VMAX,131,Pokémon,2020/02/07,"tcgplayer,cardmarket",https://prices.pokemontcg.io/tcgplayer/swsh1-50,https://images.pokemontcg.io/swsh1/50_hires.png,2026/08/08,2026/02/19,6.07,3.3499999046325684,6.400000095367432,103.2,,,,,,6.3558,2.2493,6.0213,0.0,4.613999843597412,6.3212,5.9982,11.535,12.0425,12.9999,1.1535,2026-08-09
sm10-40,Tentacool,normal,Unbroken Bonds,40,Common,Shin Nagasawa,Basic,72,Pokémon,2019/05/03,"tcgplayer,cardmarket",https://prices.pokemontcg.io/tcgplayer/sm10-40,https://images.pokemontcg.io/sm10/40_hires.png,2026/08/08,2026/03/11,0.04,0.029999999329447746,0.20000000298023224,19.98,,0.37,,,,0.1384,0.0231,0.173,0.4153,0.28839999437332153,0.1269,0.15,0.7959,0.3807,0.323,1.1535,2026-08-09
ecard2-22,Magneton,normal,Aquapolis,22,Rare,Hikaru Koike,Stage 1,82,Pokémon,2003/01/15,"tcgplayer,cardmarket",https://prices.pokemontcg.io/tcgplayer/ecard2-22,https://images.pokemontcg.io/ecard2/22_hires.png,2026/08/08,2026/06/21,16.45,9.0,19.0,180.5,,33.29,,,,4.1411,0.9228,4.464,6.0559,5.2368998527526855,5.283,4.2218,28.8375,14.7533,11.5696,1.1535,2026-08-09
base3-51,Krabby,unlimited,Fossil,51,Common,Mitsuhiro Arita,Basic,98,Pokémon,1999/10/10,"tcgplayer,cardmarket",https://prices.pokemontcg.io/tcgplayer/base3-51,https://images.pokemontcg.io/base3/51_hires.png,2026/08/08,2026/06/22,0.47,0.10000000149011612,0.44999998807907104,50.47,,,,,"{""1stEdition"": {""low"": 0.5, ""mid"": 2.0, ""high"": 39.99, ""market"": 2.5, ""directLow"": 1.5}}",0.7844,0.0231,0.669,0.0,0.6460000276565552,0.5652,0.7844,1.1535,0.8074,0.8074,1.1535,2026-08-09
bw10-53,Archen,normal,Plasma Blast,53,Uncommon,Mizue,Restored,566,Pokémon,2013/08/14,"tcgplayer,cardmarket",https://prices.pokemontcg.io/tcgplayer/bw10-53,https://images.pokemontcg.io/bw10/53_hires.png,2026/08/08,2026/02/19,0.75,0.49000000953674316,0.75,5.0,,1.03,,,,0.2307,0.0577,0.5421,1.1535,0.46140000224113464,0.6806,0.4268,1.1535,1.0728,1.2227,1.1535,2026-08-09
bw11-52,Zekrom-EX,holofoil,Legendary Treasures,52,Rare Holo EX,Shizurow,Basic|EX,644,Pokémon,2013/11/06,"tcgplayer,cardmarket",https://prices.pokemontcg.io/tcgplayer/bw11-52,https://images.pokemontcg.io/bw11/52_hires.png,2026/08/08,2026/02/19,9.82,4.010000228881836,9.279999732971191,99.99,,,,,,14.9378,4.3833,9.7586,0.0,14.937800407409668,9.5279,7.9015,5.6406,4.5909,4.1987,1.1535,2026-08-09
dpp-DP48,Tropical Wind,normal,DP Black Star Promos,DP48,Promo,Sumiyoshi Kizuki,Item,,Trainer,2007/05/01,tcgplayer,https://prices.pokemontcg.io/tcgplayer/dpp-DP48,https://images.pokemontcg.io/dpp/DP48_hires.png,2026/07/16,,,249.0,249.0,249.0,,,,,,,,,,,,,,,,,2026-08-09
xy10-47,Lucario,normal,Fates Collide,47,Rare,Shin Nagasawa,Stage 1,448,Pokémon,2016/05/02,"tcgplayer,cardmarket",https://prices.pokemontcg.io/tcgplayer/xy10-47,https://images.pokemontcg.io/xy10/47_hires.png,2026/08/08,2026/02/19,0.6,0.15000000596046448,0.5899999737739563,19.98,,4.09,,,,0.7152,0.0231,0.7267,2.2839,0.8651000261306763,0.7152,0.7152,3.4605,2.5377,2.0994,1.1535,2026-08-09
xyp-XY38,Mudkip,holofoil,XY Black Star Promos,XY38,Promo,Aya Kusube,Basic,258,Pokémon,2013/10/12,"tcgplayer,cardmarket",https://prices.pokemontcg.io/tcgplayer/xyp-XY38,https://images.pokemontcg.io/xyp/XY38_hires.png,2026/08/08,2026/03/07,8.06,3.0,3.819999933242798,47.1,,,,,,5.0408,0.5191,15.5723,0.0,115.3499984741211,19.8056,8.5013,3.5758,3.6681,2.5838,1.1535,2026-08-09
pl4-50,Wormadam Sandy Cloak,normal,Arceus,50,Uncommon,Atsuko Nishida,Stage 1,413,Pokémon,2009/11/04,"tcgplayer,cardmarket",https://prices.pokemontcg.io/tcgplayer/pl4-50,https://images.pokemontcg.io/pl4/50_hires.png,2026/08/08,2026/02/19,0.3,0.20999999344348907,0.33000001311302185,19.98,,0.99,,,,0.2538,0.0231,0.2538,0.4614,0.5651999711990356,0.2192,0.2307,0.173,0.4614,0.5652,1.1535,2026-08-09
bw9-48,Espeon,normal,Plasma Freeze,48,Uncommon,5ban Graphics,Stage 1|Team Plasma,196,Pokémon,2013/05/08,"tcgplayer,cardmarket",https://prices.pokemontcg.io/tcgplayer/bw9-48,https://images.pokemontcg.io/bw9/48_hires.png,2026/08/08,2026/02/19,5.95,2.990000009536743,5.0,24.99,,67.79,,,,2.0532,0.0577,2.307,34.605,1.9955999851226807,3.3336,2.2263,34.605,13.2306,16.5758,1.1535,2026-08-09
basep-46,Electabuzz,normal,Wizards Black Star Promos,46,Promo,Miki Tanaka,Basic,125,Pokémon,1999/07/01,"tcgplayer,cardmarket",https://prices.pokemontcg.io/tcgplayer/basep-46,https://images.pokemontcg.io/basep/46_hires.png,2026/08/08,2026/06/22,44.55,44.54999923706055,52.459999084472656,1153.51,,,,,,53.9838,51.3308,57.2367,0.0,61.07780075073242,53.5455,44.5828,4.6025,4.6025,4.6025,1.1535,2026-08-09
smp-SM39,Primarina-GX,holofoil,SM Black Star Promos,SM39,Promo,5ban Graphics,Stage 2|GX,730,Pokémon,2017/02/03,"tcgplayer,cardmarket",https://prices.pokemontcg.io/tcgplayer/smp-SM39,https://images.pokemontcg.io/smp/SM39_hires.png,2026/08/08,2026/03/07,22.93,10.34000015258789,24.639999389648438,9999.0,,,,,,10.7391,2.2955,9.228,0.0,4.613999843597412,8.5474,8.0168,6.9095,7.0017,5.0523,1.1535,2026-08-09
ex2-41,Lairon,normal,Sandstorm,41,Uncommon,Atsuko Nishida,Stage 1,305,Pokémon,2003/09/18,"tcgplayer,cardmarket",https://prices.pokemontcg.io/tcgplayer/ex2-41,https://images.pokemontcg.io/ex2/41_hires.png,2026/08/08,2026/06/22,3.13,2.0,2.6600000858306885,34.6,,10.0,,,,2.8607,0.2307,2.0186,6.0559,2.0185999870300293,2.7338,2.0186,11.4773,4.9716,3.8412,1.1535,2026-08-09
ex15-38,Shelgon δ,normal,Dragon Frontiers,38,Uncommon,Kyoko Umemoto,Stage 1,372,Pokémon,2006/11/01,"tcgplayer,cardmarket",https://prices.pokemontcg.io/tcgplayer/ex15-38,https://images.pokemontcg.io/ex15/38_hires.png,2026/08/08,2026/06/21,2.56,0.6800000071525574,2.0,29.53,,24.75,,,,0.7613,0.0461,0.992,8.6512,0.46140000224113464,0.6806,0.8305,7.4977,8.8358,7.1632,1.1535,2026-08-09
xy7-49,Metagross,normal,Ancient Origins,49,Rare,kirisAki,Stage 2,376,Pokémon,2015/08/12,"tcgplayer,cardmarket",https://prices.pokemontcg.io/tcgplayer/xy7-49,https://images.pokemontcg.io/xy7/49_hires.png,2026/08/08,2026/02/19,0.3,0.10000000149011612,0.3100000023841858,19.98,,0.75,,,,0.7959,0.0231,0.6806,2.8722,0.6229000091552734,0.7382,0.819,1.4303,2.6184,2.2724,1.1535,2026-08-09
xy6-46,Togekiss,holofoil,Roaring Skies,46,Rare Holo,PLANETA,Stage 2,468,Pokémon,2015/05/06,"tcgplayer,cardmarket",https://prices.pokemontcg.io/tcgplayer/xy6-46,https://images.pokemontcg.io/xy6/46_hires.png,2026/08/08,2026/02/22,3.37,1.9700000286102295,3.450000047683716,24.28,,4.28,,,,2.7684,1.1535,4.118,3.6797,9.216500282287598,4.0026,3.968,7.4977,4.441,3.8296,1.1535,2026-08-09
sm115-50,Snorlax,normal,Hidden Fates,50,Rare,Akira Komayama,Basic,143,Pokémon,2019/08/23,"tcgplayer,cardmarket",https://prices.pokemontcg.io/tcgplayer/sm115-50,https://images.pokemontcg.io/sm115/50_hires.png,2026/08/08,2026/02/22,1.51,0.6499999761581421,1.5499999523162842,96.95,,3.1,,,,0.8882,0.1154,0.8421,0.0,0.51910001039505,0.6344,0.7959,0.0577,1.1189,1.1189,1.1535,2026-08-09
hgss1-54,Unown,normal,HeartGold & SoulSilver,54,Uncommon,Hideaki Hakozaki,Basic,201,Pokémon,2010/02/10,"tcgplayer,cardmarket",https://prices.pokemontcg.io/tcgplayer/hgss1-54,https://images.pokemontcg.io/hgss1/54_hires.png,2026/08/08,2026/02/19,1.79,0.5199999809265137,1.0,56.4,,13.63,,,,0.7382,0.0577,0.819,4.0373,0.51910001039505,0.8305,0.7613,11.5235,5.3868,4.7063,1.1535,2026-08-09
ex6-45,Pidgeotto,normal,FireRed & LeafGreen,45,Uncommon,Midori Harada,Stage 1,17,Pokémon,2004/09/01,"tcgplayer,cardmarket",https://prices.pokemontcg.io/tcgplayer/ex6-45,https://images.pokemontcg.io/ex6/45_hires.png,2026/08/08,2026/06/07,0.91,0.44999998807907104,0.8999999761581421,21.02,,24.11,,,,0.9689,0.0577,1.0497,11.9041,0.6575000286102295,0.6114,0.819,2.307,11.0621,10.8314,1.1535,2026-08-09
xy2-55,Skuntank,normal,Flashfire,55,Rare,kirisAki,Stage 1,435,Pokémon,2014/05/07,"tcgplayer,cardmarket",https://prices.pokemontcg.io/tcgplayer/xy2-55,https://images.pokemontcg.io/xy2/55_hires.png,2026/08/08,2026/02/19,0.58,0.20000000298023224,0.49000000953674316,23.49,,0.88,,,,0.4729,0.0577,0.7036,0.6229,0.8073999881744385,0.6344,0.5191,1.2227,0.8997,1.142,1.1535,2026-08-09
ex11-47,Kirlia,normal,Delta Species,47,Uncommon,Midori Harada,Stage 1,281,Pokémon,2005/10/31,"tcgplayer,cardmarket",https://prices.pokemontcg.io/tcgplayer/ex11-47,https://images.pokemontcg.io/ex11/47_hires.png,2026/08/08,2026/03/11,2.51,1.2000000476837158,2.6500000953674316,33.1,,29.64,,,,1.3727,0.1154,1.3265,0.0,1.2919000387191772,1.4649,1.8225,28.8375,15.007,10.2085,1.1535,2026-08-09
ex7-47,Rocket's Wobbuffet,normal,Team Rocket Returns,47,Uncommon,Mitsuhiro Arita,Basic,202,Pokémon,2004/11/01,"tcgplayer,cardmarket",https://prices.pokemontcg.io/tcgplayer/ex7-47,https://images.pokemontcg.io/ex7/47_hires.png,2026/08/08,2026/03/07,6.27,3.0,6.309999942779541,62.0,,66.2,,,,4.3833,0.2884,4.7063,34.2013,5.767499923706055,4.4871,3.3567,57.675,44.3059,35.4586,1.1535,2026-08-09
dp7-40,Haunter,normal,Stormfront,40,Uncommon,Yukiko Baba,Stage 1,93,Pokémon,2008/11/01,"tcgplayer,cardmarket",https://prices.pokemontcg.io/tcgplayer/dp7-40,https://images.pokemontcg.io/dp7/40_hires.png,2026/08/08,2026/05/14,4.26,2.0,4.199999809265137,58.1,,17.79,,,,0.4614,0.0231,1.1074,4.1065,0.46140000224113464,1.3842,0.7728,3.4028,4.614,4.1872,1.1535,2026-08-09
base4-48,Lickitung,normal,Base Set 2,48,Uncommon,Mitsuhiro Arita,Basic,108,Pokémon,2000/02/24,"tcgplayer,cardmarket",https://prices.pokemontcg.io/tcgplayer/base4-48,https://images.pokemontcg.io/base4/48_hires.png,2026/08/08,2026/06/21,1.79,0.49000000953674316,1.2100000381469727,96.01,,,,,,2.1109,0.1154,2.4224,0.0,2.249300003051758,2.3301,2.134,0.0,0.0,0.0,1.1535,2026-08-09
pl3-44,Shedinja,normal,Supreme Victors,44,Rare,Mitsuhiro Arita,Stage 1,292,Pokémon,2009/08/19,"tcgplayer,cardmarket",https://prices.pokemontcg.io/tcgplayer/pl3-44,https://images.pokemontcg.io/pl3/44_hires.png,2026/08/08,2026/03/11,3.09,1.5,2.130000114440918,51.2,,8.59,,,,2.6069,0.4037,2.2609,3.8065,1.1303999423980713,2.5146,2.0071,3.4605,4.1757,2.7223,1.1535,2026-08-09
sm1-46,Araquanid,normal,Sun & Moon,46,Uncommon,match,Stage 1,752,Pokémon,2017/02/03,"tcgplayer,cardmarket",https://prices.pokemontcg.io/tcgplayer/sm1-46,https://images.pokemontcg.io/sm1/46_hires.png,2026/08/08,2026/02/19,0.04,0.009999999776482582,0.20000000298023224,19.98,,0.33,,,,0.1154,0.0231,0.0923,0.2307,0.023099999874830246,0.1154,0.1038,0.2422,0.2538,0.2422,1.1535,2026-08-09
ex12-52,Gastly,normal,Legend Maker,52,Common,Hajime Kusajima,Basic,92,Pokémon,2006/02/01,"tcgplayer,cardmarket",https://prices.pokemontcg.io/tcgplayer/ex12-52,https://images.pokemontcg.io/ex12/52_hires.png,2026/08/08,2026/02/21,0.95,0.23999999463558197,0.949999988079071,19.98,,76.73,,,,1.2919,0.0231,0.4037,12.9999,1.0958000421524048,0.5306,0.5075,2.2493,12.0887,11.8118,1.1535,2026-08-09
dp2-43,Cranidos,normal,Mysterious Treasures,43,Uncommon,Mitsuhiro Arita,Stage 1,408,Pokémon,2007/08/01,"tcgplayer,cardmarket",https://prices.pokemontcg.io/tcgplayer/dp2-43,https://images.pokemontcg.io/dp2/43_hires.png,2026/08/08,2026/03/07,0.33,0.1599999964237213,0.3100000023841858,19.98,,9.69,,,,0.2192,0.0231,0.2884,1.142,0.11540000140666962,0.3114,0.2192,13.842,2.8376,1.9379,1.1535,2026-08-09
bwp-BW37,Kyurem-EX,holofoil,BW Black Star Promos,BW37,Promo,Shizurow,Basic|EX,646,Pokémon,2011/03/01,"tcgplayer,cardmarket",https://prices.pokemontcg.io/tcgplayer/bwp-BW37,https://images.pokemontcg.io/bwp/BW37_hires.png,2026/08/08,2026/03/11,5.62,2.8399999141693115,4.800000190734863,9999.0,,,,,,7.1056,1.1304,4.5794,0.0,3.4605000019073486,4.8101,5.1446,4.2564,3.4605,3.0798,1.1535,2026-08-09
bw7-51,Voltorb,normal,Boundaries Crossed,51,Common,Ken Sugimori,Basic,100,Pokémon,2012/11/07,"tcgplayer,cardmarket",https://prices.pokemontcg.io/tcgplayer/bw7-51,https://images.pokemontcg.io/bw7/51_hires.png,2026/08/08,2026/02/19,0.25,0.05000000074505806,0.25,19.98,,1.5,,,,0.2422,0.0231,0.1961,1.9033,0.17299999296665192,0.1154,0.15,0.1154,1.142,0.9805,1.1535,2026-08-09
ex13-48,Persian δ,normal,Holon Phantoms,48,Uncommon,Midori Harada,Stage 1,53,Pokémon,2006/05/01,"tcgplayer,cardmarket",https://prices.pokemontcg.io/tcgplayer/ex13-48,https://images.pokemontcg.io/ex13/48_hires.png,2026/08/08,2026/03/11,5.22,2.890000104904175,5.21999979019165,44.99,,129.99,,,,2.5146,0.173,3.1837,24.1774,1.3265000581741333,2.9645,2.5262,11.5235,26.6574,18.606,1.1535,2026-08-09
sm3-44,Tynamo,normal,Burning Shadows,44,Common,Asako Ito,Basic,602,Pokémon,2017/08/05,"tcgplayer,cardmarket",https://prices.pokemontcg.io/tcgplayer/sm3-44,https://images.pokemontcg.io/sm3/44_hires.png,2026/08/08,2026/02/19,0.51,0.07999999821186066,0.5,4.0,,1.12,,,,0.1615,0.0231,0.0923,0.3922,0.11540000140666962,0.0807,0.1038,0.4614,0.3691,0.4614,1.1535,2026-08-09
neo4-48,Light Jolteon,unlimited,Neo Destiny,48,Uncommon,Naoyo Kimura,Stage 1,135,Pokémon,2002/02/28,"tcgplayer,cardmarket",https://prices.pokemontcg.io/tcgplayer/neo4-48,https://images.pokemontcg.io/neo4/48_hires.png,2026/08/08,2026/06/21,79.84,60.0,75.93000030517578,463.2,,,,,"{""1stEdition"": {""low"": 199.99, ""mid"": 1143.7, ""high"": 1352.89, ""market"": 135.83, ""directLow"": null}}",33.0362,8.6512,33.3592,0.0,40.730098724365234,32.1134,31.0291,13.842,13.842,13.842,1.1535,2026-08-09
dp5-43,Pachirisu,normal,Majestic Dawn,43,Uncommon,Tomokazu Komiya,Basic,417,Pokémon,2008/05/01,"tcgplayer,cardmarket",https://prices.pokemontcg.io/tcgplayer/dp5-43,https://images.pokemontcg.io/dp5/43_hires.png,2026/08/08,2026/02/22,7.63,5.239999771118164,6.820000171661377,64.6,,30.62,,,,0.819,0.0231,0.8767,3.4374,0.46140000224113464,1.0151,0.9113,4.614,3.7373,3.6912,1.1535,2026-08-09
hgss3-47,Eevee,normal,HS—Undaunted,47,Common,Kanako Eo,Basic,133,Pokémon,2010/08/18,"tcgplayer,cardmarket",https://prices.pokemontcg.io/tcgplayer/hgss3-47,https://images.pokemontcg.io/hgss3/47_hires.png,2026/08/08,2026/02/21,2.92,1.3899999856948853,2.819999933242798,32.8,,32.17,,,,1.0381,0.0231,1.3381,33.1401,0.6920999884605408,1.1766,0.992,5.7675,23.1161,12.4001,1.1535,2026-08-09
base2-40,Nidorina,unlimited,Jungle,40,Uncommon,Ken Sugimori,Stage 1,30,Pokémon,1999/06/16,"tcgplayer,cardmarket",https://prices.pokemontcg.io/tcgplayer/base2-40,https://images.pokemontcg.io/base2/40_hires.png,2026/08/08,2026/07/01,0.52,0.10000000149011612,0.5,34.99,,,,,"{""1stEdition"": {""low"": 1.02, ""mid"": 3.24, ""high"": 37.18, ""market"": 4.05, ""directLow"": 37.18}}",1.1996,0.0231,0.8074,0.0,1.6495000123977661,0.9228,1.142,2.307,1.4534,1.4534,1.1535,2026-08-09
bw4-53,Muk,normal,Next Destinies,53,Rare,match,Stage 1,89,Pokémon,2012/02/08,"tcgplayer,cardmarket",https://prices.pokemontcg.io/tcgplayer/bw4-53,https://images.pokemontcg.io/bw4/53_hires.png,2026/08/08,2026/02/19,0.85,0.4099999964237213,0.8299999833106995,19.98,,2.54,,,,1.2112,0.0577,1.165,1.5572,2.0762999057769775,1.1996,1.0958,1.7302,1.8456,1.5572,1.1535,2026-08-09
ex3-47,Vibrava,normal,Dragon,47,Uncommon,Ken Sugimori,Stage 1,329,Pokémon,2003/11/24,"tcgplayer,cardmarket",https://prices.pokemontcg.io/tcgplayer/ex3-47,https://images.pokemontcg.io/ex3/47_hires.png,2026/08/08,2026/06/21,0.6,0.1899999976158142,0.5899999737739563,18.46,,10.25,,,,0.6575,0.0461,0.5767,1.7533,0.28839999437332153,0.3691,0.6114,2.307,1.9494,2.48,1.1535,2026-08-09
neo2-40,Igglybuff,unlimited,Neo Discovery,40,Uncommon,Miki Tanaka,Baby,174,Pokémon,2001/06/01,"tcgplayer,cardmarket",https://prices.pokemontcg.io/tcgplayer/neo2-40,https://images.pokemontcg.io/neo2/40_hires.png,2026/08/08,2026/07/01,5.35,4.5,5.800000190734863,67.48,,,,,"{""1stEdition"": {""low"": 8.04, ""mid"": 15.48, ""high"": 259.8, ""market"": 15.81, ""directLow"": null}}",2.9414,0.1154,2.5492,0.0,4.2795000076293945,2.8838,3.0452,0.1154,0.1154,0.1154,1.1535,2026-08-09
dp1-50,Haunter,normal,Diamond & Pearl,50,Uncommon,Naoyo Kimura,Stage 1,93,Pokémon,2007/05/01,"tcgplayer,cardmarket",https://prices.pokemontcg.io/tcgplayer/dp1-50,https://images.pokemontcg.io/dp1/50_hires.png,2026/08/08,2026/03/08,5.72,3.390000104904175,4.429999828338623,55.27,,100.0,,,,1.0843,0.0231,2.2032,3.3913,4.59089994430542,2.5723,1.2689,0.5767,2.8607,5.7444,1.1535,2026-08-09
xy12-42,Zapdos,holofoil,Evolutions,42,Rare Holo,Ken Sugimori,Basic,145,Pokémon,2016/11/02,"tcgplayer,cardmarket",https://prices.pokemontcg.io/tcgplayer/xy12-42,https://images.pokemontcg.io/xy12/42_hires.png,2026/08/08,2026/03/11,5.74,2.990000009536743,5.730000019073486,115.8,,6.29,,,,13.5306,1.1535,13.6805,7.7515,8.016799926757812,6.4135,11.0621,7.2094,6.5634,7.4285,1.1535,2026-08-09
sm75-46,Zekrom,holofoil,Dragon Majesty,46,Rare Holo,Hasuno,Basic,644,Pokémon,2018/09/07,"tcgplayer,cardmarket",https://prices.pokemontcg.io/tcgplayer/sm75-46,https://images.pokemontcg.io/sm75/46_hires.png,2026/08/08,2026/02/19,1.23,0.5,1.1299999952316284,3.49,,2.31,,,,0.9343,0.2307,0.7267,2.5608,0.9804999828338623,0.8305,1.1996,3.449,5.2023,2.8261,1.1535,2026-08-09
ex5-42,Medicham,normal,Hidden Legends,42,Uncommon,Ken Sugimori,Stage 1,308,Pokémon,2004/06/01,"tcgplayer,cardmarket",https://prices.pokemontcg.io/tcgplayer/ex5-42,https://images.pokemontcg.io/ex5/42_hires.png,2026/08/08,2026/06/18,0.73,0.3700000047683716,0.7300000190734863,20.74,,9.6,,,,0.8767,0.0346,0.6575,3.4028,0.46140000224113464,0.7613,0.6344,2.307,4.0949,4.2564,1.1535,2026-08-09
xy11-51,Hoopa,normal,Steam Siege,51,Rare,Yoshinobu Saito,Basic,720,Pokémon,2016/08/03,"tcgplayer,cardmarket",https://prices.pokemontcg.io/tcgplayer/xy11-51,https://images.pokemontcg.io/xy11/51_hires.png,2026/08/08,2026/02/19,0.38,0.15000000596046448,0.3799999952316284,19.98,,0.62,,,,0.7613,0.0231,0.7498,1.0151,0.5651999711990356,0.8536,0.7382,0.7959,1.3265,1.1996,1.1535,2026-08-09
mcd11-11,Pidove,holofoil,McDonald's Collection 2011,11,,Ken Sugimori,Basic,519,Pokémon,2011/06/17,"tcgplayer,cardmarket",https://prices.pokemontcg.io/tcgplayer/mcd11-11,https://images.pokemontcg.io/mcd11/11_hires.png,2026/08/08,2026/07/01,5.85,1.690000057220459,5.230000019073486,34.9,,,,,,2.8491,0.173,2.3531,0.0,5.709799766540527,2.5031,3.3913,1.0035,0.9689,0.819,1.1535,2026-08-09
sm35-39,Mewtwo-GX,holofoil,Shining Legends,39,Rare Holo GX,5ban Graphics,Basic|GX,150,Pokémon,2017/10/06,"tcgplayer,cardmarket",https://prices.pokemontcg.io/tcgplayer/sm35-39,https://images.pokemontcg.io/sm35/39_hires.png,2026/08/08,2026/02/24,11.76,7.170000076293945,12.100000381469727,85.0,,,,,,7.6016,2.307,7.0594,0.0,6.990200042724609,7.0363,7.5554,9.228,7.6592,9.6779,1.1535,2026-08-09
swshp-SWSH041,Flareon,holofoil,SWSH Black Star Promos,SWSH041,Promo,You Iribi,Stage 1,136,Pokémon,2019/11/15,"tcgplayer,cardmarket",https://prices.pokemontcg.io/tcgplayer/swshp-SWSH041,https://images.pokemontcg.io/swshp/SWSH041_hires.png,2026/08/08,2026/02/19,8.75,4.699999809265137,9.050000190734863,61.08,,,,,,5.606,1.1535,6.9095,0.0,10.381500244140625,8.1206,5.5368,4.614,2.157,2.3301,1.1535,2026-08-09
sm5-47,Luxio,normal,Ultra Prism,47,Uncommon,tetsuya koizumi,Stage 1,404,Pokémon,2018/02/02,"tcgplayer,cardmarket",https://prices.pokemontcg.io/tcgplayer/sm5-47,https://images.pokemontcg.io/sm5/47_hires.png,2026/08/08,2026/02/04,0.08,0.029999999329447746,0.28999999165534973,18.78,,0.63,,,,0.1615,0.0231,0.1384,0.5421,0.11540000140666962,0.1269,0.173,0.6806,0.5075,0.4383,1.1535,2026-08-09
sm12-51,Sealeo,normal,Cosmic Eclipse,51,Uncommon,miki kudo,Stage 1,364,Pokémon,2019/11/01,"tcgplayer,cardmarket",https://prices.pokemontcg.io/tcgplayer/sm12-51,https://images.pokemontcg.io/sm12/51_hires.png,2026/08/08,2026/02/19,0.32,0.07000000029802322,0.3100000023841858,19.98,,0.5,,,,0.1269,0.0231,0.1615,0.7152,0.34599998593330383,0.1961,0.1269,0.7267,0.6344,0.6114,1.1535,2026-08-09
bw5-42,Joltik,normal,Dark Explorers,42,Common,Miki Tanaka,Basic,595,Pokémon,2012/05/09,"tcgplayer,cardmarket",https://prices.pokemontcg.io/tcgplayer/bw5-42,https://images.pokemontcg.io/bw5/42_hires.png,2026/08/08,2026/02/24,3.18,1.940000057220459,3.180000066757202,34.64,,18.33,,,,0.3114,0.0231,0.2653,3.3105,0.1615000069141388,0.2768,0.2653,10.2661,4.0373,3.299,1.1535,2026-08-09
dp4-43,Linoone,normal,Great Encounters,43,Uncommon,Kouki Saitou,Stage 1,264,Pokémon,2008/02/01,"tcgplayer,cardmarket",https://prices.pokemontcg.io/tcgplayer/dp4-43,https://images.pokemontcg.io/dp4/43_hires.png,2026/08/08,2026/06/07,0.7,0.3499999940395355,0.6899999976158142,19.98,,6.7,,,,0.5306,0.0231,0.4383,2.9991,0.28839999437332153,0.6921,0.4383,1.7302,1.3727,1.3265,1.1535,2026-08-09
xy1-48,Arbok,normal,XY,48,Rare,Naoki Saito,Stage 1,24,Pokémon,2014/02/05,"tcgplayer,cardmarket",https://prices.pokemontcg.io/tcgplayer/xy1-48,https://images.pokemontcg.io/xy1/48_hires.png,2026/08/08,2026/02/22,0.75,0.4399999976158142,0.699999988079071,19.99,,0.93,,,,0.8421,0.1154,0.8074,2.2955,0.9228000044822693,0.9343,0.8305,4.3256,1.8571,1.8341,1.1535,2026-08-09
xy8-43,Vanillite,normal,BREAKthrough,43,Common,MAHOU,Basic,582,Pokémon,2015/11/04,"tcgplayer,cardmarket",https://prices.pokemontcg.io/tcgplayer/xy8-43,https://images.pokemontcg.io/xy8/43_hires.png,2026/08/08,2026/03/07,0.2,0.03999999910593033,0.23000000417232513,19.98,,0.49,,,,0.15,0.0231,0.15,1.2804,0.11540000140666962,0.1615,0.1154,0.8651,0.9343,0.6114,1.1535,2026-08-09
xy5-49,Clamperl,normal,Primal Clash,49,Common,Mitsuhiro Arita,Basic,366,Pokémon,2015/02/04,"tcgplayer,cardmarket",https://prices.pokemontcg.io/tcgplayer/xy5-49,https://images.pokemontcg.io/xy5/49_hires.png,2026/08/08,2026/02/22,0.2,0.019999999552965164,0.2199999988079071,19.98,,0.56,,,,0.1269,0.0231,0.15,0.4614,0.04610000178217888,0.1154,0.1154,0.4037,0.4729,0.5421,1.1535,2026-08-09
swsh4-45,Voltorb,normal,Vivid Voltage,45,Common,Sekio,Basic,100,Pokémon,2020/11/13,"tcgplayer,cardmarket",https://prices.pokemontcg.io/tcgplayer/swsh4-45,https://images.pokemontcg.io/swsh4/45_hires.png,2026/08/08,2026/02/19,0.08,0.009999999776482582,0.15000000596046448,25.07,,0.22,,,,0.0346,0.0231,0.0346,0.1961,0.04610000178217888,0.0461,0.0461,1.142,0.2422,0.2768,1.1535,2026-08-09
gym1-48,Erika's Weepinbell,unlimited,Gym Heroes,48,Uncommon,Atsuko Nishida,Stage 1,70,Pokémon,2000/08/14,"tcgplayer,cardmarket",https://prices.pokemontcg.io/tcgplayer/gym1-48,https://images.pokemontcg.io/gym1/48_hires.png,2026/08/08,2026/06/21,5.59,2.990000009536743,5.559999942779541,94.83,,,,,"{""1stEdition"": {""low"": 11.71, ""mid"": 17.78, ""high"": 121.74, ""market"": 13.47, ""directLow"": 29.98}}",6.921,2.2493,5.8828,0.0,8.07450008392334,6.6096,6.4942,3.4605,3.4605,3.4605,1.1535,2026-08-09
swsh3-44,Galarian Darmanitan,normal,Darkness Ablaze,44,Rare,Masakazu Fukuda,Stage 1,555,Pokémon,2020/08/14,"tcgplayer,cardmarket",https://prices.pokemontcg.io/tcgplayer/swsh3-44,https://images.pokemontcg.io/swsh3/44_hires.png,2026/08/08,2026/02/22,0.31,0.15000000596046448,0.30000001192092896,4.0,,0.43,,,,0.1961,0.0231,0.2307,0.7959,0.28839999437332153,0.2422,0.2307,0.173,0.8536,0.7382,1.1535,2026-08-09
bw2-42,Sigilyph,normal,Emerging Powers,42,Uncommon,match,Basic,561,Pokémon,2011/08/31,"tcgplayer,cardmarket",https://prices.pokemontcg.io/tcgplayer/bw2-42,https://images.pokemontcg.io/bw2/42_hires.png,2026/08/08,2026/03/11,0.26,0.10000000149011612,0.25999999046325684,19.98,,0.69,,,,0.1038,0.0231,0.1154,0.7152,0.023099999874830246,0.0923,0.15,0.346,0.646,0.5883,1.1535,2026-08-09
ex16-41,Vigoroth,normal,Power Keepers,41,Uncommon,Hajime Kusajima,Stage 1,288,Pokémon,2007/02/02,"tcgplayer,cardmarket",https://prices.pokemontcg.io/tcgplayer/ex16-41,https://images.pokemontcg.io/ex16/41_hires.png,2026/08/08,2026/03/11,0.87,0.3799999952316284,0.75,19.98,,17.35,,,,0.3576,0.0231,0.2768,6.3327,0.25380000472068787,0.5652,0.6806,2.8722,6.0674,5.1446,1.1535,2026-08-09
sma-SV42,Swablu,holofoil,Hidden Fates Shiny Vault,SV42,Rare Shiny,Shigenori Negishi,Basic,333,Pokémon,2019/08/23,"tcgplayer,cardmarket",https://prices.pokemontcg.io/tcgplayer/sma-SV42,https://images.pokemontcg.io/sma/SV42_hires.png,2026/08/08,2026/03/11,5.85,4.260000228881836,5.900000095367432,125.8,,,,,,3.4951,2.2493,3.4259,0.0,3.7950000762939453,2.9876,3.4259,2.307,4.0142,4.5217,1.1535,2026-08-09
ecard3-15,Ledian,normal,Skyridge,15,Rare,Hikaru Koike,Stage 1,166,Pokémon,2003/05/12,"tcgplayer,cardmarket",https://prices.pokemontcg.io/tcgplayer/ecard3-15,https://images.pokemontcg.io/ecard3/15_hires.png,2026/08/08,2026/06/21,16.66,19.350000381469727,107.77999877929688,182906.74,,40.87,,,,5.11,1.1189,10.393,19.1712,24.223499298095703,7.3132,7.1863,27.684,13.6805,11.9503,1.1535,2026-08-09
neo3-44,Geodude,unlimited,Neo Revelation,44,Common,Masako Yamashita,Basic,74,Pokémon,2001/09/21,"tcgplayer,cardmarket",https://prices.pokemontcg.io/tcgplayer/neo3-44,https://images.pokemontcg.io/neo3/44_hires.png,2026/08/08,2026/06/21,0.58,0.25,0.6000000238418579,23.0,,,,,"{""1stEdition"": {""low"": 0.85, ""mid"": 1.99, ""high"": 25.6, ""market"": 1.87, ""directLow"": null}}",0.5421,0.0231,0.2653,0.0,0.6690000295639038,0.3576,0.9343,0.0,0.0,0.0,1.1535,2026-08-09
swsh35-51,Full Heal,normal,Champion's Path,51,Uncommon,Yoshinobu Saito,Item,,Trainer,2020/09/25,"tcgplayer,cardmarket",https://prices.pokemontcg.io/tcgplayer/swsh35-51,https://images.pokemontcg.io/swsh35/51_hires.png,2026/08/08,2026/02/19,0.12,0.009999999776482582,0.15000000596046448,2.99,,0.13,,,,0.0461,0.0231,0.0461,0.323,0.04610000178217888,0.0577,0.0461,1.142,0.4153,0.2884,1.1535,2026-08-09
base6-44,Graveler,normal,Legendary Collection,44,Uncommon,Kagemaru Himeno,Stage 1,75,Pokémon,2002/05/24,"tcgplayer,cardmarket",https://prices.pokemontcg.io/tcgplayer/base6-44,https://images.pokemontcg.io/base6/44_hires.png,2026/08/08,2026/06/22,1.63,0.5899999737739563,1.350000023841858,19.98,,130.0,,,,4.5679,0.1154,2.9299,132.0642,2.0762999057769775,4.1411,2.1109,54.2145,132.0642,66.407,1.1535,2026-08-09
hgss2-48,Chinchou,normal,HS—Unleashed,48,Common,sui,Basic,170,Pokémon,2010/05/12,"tcgplayer,cardmarket",https://prices.pokemontcg.io/tcgplayer/hgss2-48,https://images.pokemontcg.io/hgss2/48_hires.png,2026/08/08,2026/02/22,0.41,0.18000000715255737,0.4099999964237213,18.96,,2.42,,,,0.2653,0.0231,0.2884,1.9494,0.06920000165700912,0.3114,0.2653,0.5767,1.9725,1.9033,1.1535,2026-08-09
ex4-50,Team Aqua's Corphish,normal,Team Magma vs Team Aqua,50,Common,Jungo Suzuki,Basic,341,Pokémon,2004/03/01,"tcgplayer,cardmarket",https://prices.pokemontcg.io/tcgplayer/ex4-50,https://images.pokemontcg.io/ex4/50_hires.png,2026/08/08,2026/06/21,1.08,0.4000000059604645,1.059999942779541,18.04,,16.87,,,,0.5998,0.0577,0.7152,4.9716,1.153499960899353,0.6229,0.5075,6.9095,5.9521,5.0985,1.1535,2026-08-09
xy1-49,Spoink,normal,XY,49,Common,Atsuko Nishida,Basic,325,Pokémon,2014/02/05,"tcgplayer,cardmarket",https://prices.pokemontcg.io/tcgplayer/xy1-49,https://images.pokemontcg.io/xy1/49_hires.png,2026/08/08,2026/02/22,0.18,0.05000000074505806,0.23000000417232513,1000.0,,0.84,,,,0.1961,0.0231,0.15,1.7302,0.11540000140666962,0.1269,0.1038,1.7302,0.6229,0.6806,1.1535,2026-08-09
ex2-42,Lileep,normal,Sandstorm,42,Uncommon,Midori Harada,Stage 1,345,Pokémon,2003/09/18,"tcgplayer,cardmarket",https://prices.pokemontcg.io/tcgplayer/ex2-42,https://images.pokemontcg.io/ex2/42_hires.png,2026/08/08,2026/06/21,1.25,0.800000011920929,1.1799999475479126,19.98,,22.0,,,,0.9228,0.0231,0.6806,1.3842,0.23070000112056732,0.5537,0.7267,5.7444,2.1686,3.7373,1.1535,2026-08-09
sm1-47,Pyukumuku,normal,Sun & Moon,47,Uncommon,You Iribi,Basic,771,Pokémon,2017/02/03,"tcgplayer,cardmarket",https://prices.pokemontcg.io/tcgplayer/sm1-47,https://images.pokemontcg.io/sm1/47_hires.png,2026/08/08,2026/02/19,0.22,0.03999999910593033,0.25,19.98,,0.43,,,,0.1269,0.0231,0.1038,0.4845,0.13840000331401825,0.0807,0.1269,0.5767,0.5191,0.3807,1.1535,2026-08-09
bw10-54,Archeops,holofoil,Plasma Blast,54,Rare Holo,Kouki Saitou,Stage 1,567,Pokémon,2013/08/14,"tcgplayer,cardmarket",https://prices.pokemontcg.io/tcgplayer/bw10-54,https://images.pokemontcg.io/bw10/54_hires.png,2026/08/08,2026/02/19,1.84,1.0,1.840000033378601,26.9,,3.6,,,,2.3301,0.5767,2.6877,5.1792,2.306999921798706,2.7223,2.7799,5.756,3.5182,3.0106,1.1535,2026-08-09
swsh4-46,Electrode,holofoil,Vivid Voltage,46,Rare Holo,sui,Stage 1,101,Pokémon,2020/11/13,"tcgplayer,cardmarket",https://prices.pokemontcg.io/tcgplayer/swsh4-46,https://images.pokemontcg.io/swsh4/46_hires.png,2026/08/08,2026/02/19,0.28,0.07999999821186066,0.3199999928474426,999.99,,0.39,,,,0.4845,0.0577,0.4153,0.4845,0.05770000070333481,0.5537,0.496,0.2884,0.5075,0.5537,1.1535,2026-08-09
bw8-50,Joltik,normal,Plasma Storm,50,Common,Tomokazu Komiya,Basic,595,Pokémon,2013/02/06,"tcgplayer,cardmarket",https://prices.pokemontcg.io/tcgplayer/bw8-50,https://images.pokemontcg.io/bw8/50_hires.png,2026/08/08,2026/02/19,1.26,0.9300000071525574,2.3299999237060547,19.98,,6.96,,,,0.4268,0.0231,0.2422,2.7684,0.23070000112056732,0.4383,0.5191,4.614,2.4916,2.7453,1.1535,2026-08-09
xy5-50,Huntail,holofoil,Primal Clash,50,Rare Holo,Masakazu Fukuda,Stage 1,367,Pokémon,2015/02/04,"tcgplayer,cardmarket",https://prices.pokemontcg.io/tcgplayer/xy5-50,https://images.pokemontcg.io/xy5/50_hires.png,2026/08/08,2026/02/22,1.06,0.3400000035762787,1.0,19.98,,1.06,,,,2.5377,0.8074,2.1109,1.7302,1.6726000308990479,2.1686,1.9263,4.614,2.4108,2.4685,1.1535,2026-08-09
dp3-53,Kirlia,normal,Secret Wonders,53,Uncommon,Masakazu Fukuda,Stage 1,281,Pokémon,2007/11/01,"tcgplayer,cardmarket",https://prices.pokemontcg.io/tcgplayer/dp3-53,https://images.pokemontcg.io/dp3/53_hires.png,2026/08/08,2026/02/19,1.76,0.800000011920929,1.2400000095367432,69.16,,5.81,,,,10.1854,0.0231,10.0585,1.8802,9.170299530029297,2.2493,5.0523,1.7187,1.638,2.4339,1.1535,2026-08-09
pl4-51,Wormadam Trash Cloak,normal,Arceus,51,Uncommon,Miki Tanaka,Stage 1,413,Pokémon,2009/11/04,"tcgplayer,cardmarket",https://prices.pokemontcg.io/tcgplayer/pl4-51,https://images.pokemontcg.io/pl4/51_hires.png,2026/08/08,2026/02/19,0.32,0.2199999988079071,0.3400000035762787,19.98,,1.35,,,,0.173,0.0231,0.1961,0.4845,0.17299999296665192,0.323,0.2192,0.5191,0.4614,0.5998,1.1535,2026-08-09
bw6-49,Drifloon,normal,Dragons Exalted,49,Common,MAHOU,Basic,425,Pokémon,2012/08/15,"tcgplayer,cardmarket",https://prices.pokemontcg.io/tcgplayer/bw6-49,https://images.pokemontcg.io/bw6/49_hires.png,2026/08/08,2026/02/19,0.34,0.10000000149011612,0.3799999952316284,1.54,,2.05,,,,0.2192,0.0231,0.15,0.5652,0.11540000140666962,0.2192,0.1961,0.5652,0.8074,0.8767,1.1535,2026-08-09
dp6-44,Victreebel,normal,Legends Awakened,44,Rare,Kouki Saitou,Stage 2,71,Pokémon,2008/08/01,"tcgplayer,cardmarket",https://prices.pokemontcg.io/tcgplayer/dp6-44,https://images.pokemontcg.io/dp6/44_hires.png,2026/08/08,2026/03/07,2.32,1.100000023841858,1.7300000190734863,37.02,,3.92,,,,2.2493,0.1154,1.9263,1.1535,2.306999921798706,2.0763,1.7418,1.1535,5.1331,2.4685,1.1535,2026-08-09
xy7-50,Metagross,normal,Ancient Origins,50,Rare,Hitoshi Ariga,Stage 2,376,Pokémon,2015/08/12,"tcgplayer,cardmarket",https://prices.pokemontcg.io/tcgplayer/xy7-50,https://images.pokemontcg.io/xy7/50_hires.png,2026/08/08,2026/02/19,5.26,0.4000000059604645,4.820000171661377,96.88,,8.98,,,,2.4685,0.2307,2.7915,5.8482,3.160599946975708,2.7338,2.4916,4.614,7.2209,7.8207,1.1535,2026-08-09
sm7-49,Chinchou,normal,Celestial Storm,49,Common,Aya Kusube,Basic,170,Pokémon,2018/08/03,"tcgplayer,cardmarket",https://prices.pokemontcg.io/tcgplayer/sm7-49,https://images.pokemontcg.io/sm7/49_hires.png,2026/08/08,2026/02/04,0.26,0.009999999776482582,0.25,19.98,,0.35,,,,0.1154,0.0231,0.1154,0.3807,0.08070000261068344,0.1384,0.0923,0.4037,0.3345,0.4037,1.1535,2026-08-09
ex5-43,Metang,normal,Hidden Legends,43,Uncommon,Kouki Saitou,Stage 1,375,Pokémon,2004/06/01,"tcgplayer,cardmarket",https://prices.pokemontcg.io/tcgplayer/ex5-43,https://images.pokemontcg.io/ex5/43_hires.png,2026/08/08,2026/06/14,0.48,0.2199999988079071,0.47999998927116394,20.5,,9.15,,,,0.4499,0.0231,0.3691,3.1145,0.219200000166893,0.4499,0.4037,4.0373,3.9565,5.2369,1.1535,2026-08-09
ex6-46,Poliwhirl,normal,FireRed & LeafGreen,46,Uncommon,Ken Sugimori,Stage 1,61,Pokémon,2004/09/01,"tcgplayer,cardmarket",https://prices.pokemontcg.io/tcgplayer/ex6-46,https://images.pokemontcg.io/ex6/46_hires.png,2026/08/08,2026/06/07,2.68,1.850000023841858,2.440000057220459,33.1,,41.55,,,,3.4605,0.173,2.8261,13.8305,0.8073999881744385,2.8491,1.9725,13.842,13.5075,13.5998,1.1535,2026-08-09
ex14-46,Bulbasaur,normal,Crystal Guardians,46,Common,Kagemaru Himeno,Basic,1,Pokémon,2006/08/01,"tcgplayer,cardmarket",https://prices.pokemontcg.io/tcgplayer/ex14-46,https://images.pokemontcg.io/ex14/46_hires.png,2026/08/08,2026/03/11,3.94,1.399999976158142,3.180000066757202,27.9,,48.03,,,,2.0878,0.0807,1.0843,29.991,0.57669997215271,1.0958,1.638,9.228,23.7736,17.1295,1.1535,2026-08-09
ex1-39,Manectric,normal,Ruby & Sapphire,39,Uncommon,Ken Sugimori,Stage 1,310,Pokémon,2003/07/01,"tcgplayer,cardmarket",https://prices.pokemontcg.io/tcgplayer/ex1-39,https://images.pokemontcg.io/ex1/39_hires.png,2026/08/08,2026/06/25,1.75,0.9599999785423279,1.590000033378601,24.9,,17.39,,,,1.1189,0.0923,0.8305,4.2679,0.2653000056743622,1.142,1.2458,5.7675,3.4374,3.6335,1.1535,2026-08-09
dp7-41,Machoke,normal,Stormfront,41,Uncommon,Sachiko Adachi,Stage 1,67,Pokémon,2008/11/01,"tcgplayer,cardmarket",https://prices.pokemontcg.io/tcgplayer/dp7-41,https://images.pokemontcg.io/dp7/41_hires.png,2026/08/08,2026/05/14,2.82,0.75,2.0,58.1,,5.76,,,,0.4845,0.0231,1.1881,0.8074,2.8838000297546387,1.0035,0.5537,0.173,0.7613,1.0035,1.1535,2026-08-09
bw2-43,Gothita,normal,Emerging Powers,43,Common,MAHOU,Basic,574,Pokémon,2011/08/31,"tcgplayer,cardmarket",https://prices.pokemontcg.io/tcgplayer/bw2-43,https://images.pokemontcg.io/bw2/43_hires.png,2026/08/08,2026/03/07,0.42,0.15000000596046448,0.4000000059604645,17.08,,1.87,,,,0.1615,0.0231,0.1269,0.7844,0.05770000070333481,0.1615,0.1384,0.4614,0.5191,0.646,1.1535,2026-08-09
xy2-56,Sandile,normal,Flashfire,56,Common,Masakazu Fukuda,Basic,551,Pokémon,2014/05/07,"tcgplayer,cardmarket",https://prices.pokemontcg.io/tcgplayer/xy2-56,https://images.pokemontcg.io/xy2/56_hires.png,2026/08/08,2026/02/19,0.17,0.05000000074505806,0.20000000298023224,19.99,,0.54,,,,0.0692,0.0231,0.0692,0.4268,0.023099999874830246,0.0346,0.0923,0.1154,0.4845,0.4383,1.1535,2026-08-09
sm6-45,Meowstic,normal,Forbidden Light,45,Rare,0313,Stage 1,678,Pokémon,2018/05/04,"tcgplayer,cardmarket",https://prices.pokemontcg.io/tcgplayer/sm6-45,https://images.pokemontcg.io/sm6/45_hires.png,2026/08/08,2026/02/19,0.82,0.3400000035762787,0.8600000143051147,19.98,,1.92,,,,0.5306,0.0807,0.4037,0.7844,0.8073999881744385,0.5421,0.4153,0.7959,0.7613,0.819,1.1535,2026-08-09
base2-41,Parasect,unlimited,Jungle,41,Uncommon,Ken Sugimori,Stage 1,47,Pokémon,1999/06/16,"tcgplayer,cardmarket",https://prices.pokemontcg.io/tcgplayer/base2-41,https://images.pokemontcg.io/base2/41_hires.png,2026/08/08,2026/07/01,1.34,0.25,0.7900000214576721,15.51,,,,,"{""1stEdition"": {""low"": 1.0, ""mid"": 3.0, ""high"": 38.0, ""market"": 3.5, ""directLow"": 4.49}}",1.5226,0.0231,5.3638,0.0,0.57669997215271,8.6859,3.2644,0.9228,0.669,0.669,1.1535,2026-08-09
neo4-49,Light Machoke,unlimited,Neo Destiny,49,Uncommon,Miki Tanaka,Stage 1,67,Pokémon,2002/02/28,"tcgplayer,cardmarket",https://prices.pokemontcg.io/tcgplayer/neo4-49,https://images.pokemontcg.io/neo4/49_hires.png,2026/08/08,2026/06/21,5.25,2.0,5.039999961853027,63.0,,,,,"{""1stEdition"": {""low"": 5.83, ""mid"": 45.0, ""high"": 150.81, ""market"": 19.41, ""directLow"": 150.81}}",4.2103,0.1154,3.2644,0.0,0.57669997215271,3.3798,3.3913,0.0,0.0,0.0,1.1535,2026-08-09
bw11-53,Mewtwo,holofoil,Legendary Treasures,53,Rare Holo,Ayaka Yoshida,Basic,150,Pokémon,2013/11/06,"tcgplayer,cardmarket",https://prices.pokemontcg.io/tcgplayer/bw11-53,https://images.pokemontcg.io/bw11/53_hires.png,2026/08/08,2026/02/19,24.22,16.84000015258789,27.780000686645508,198.38,,45.0,,,,22.3433,10.3815,17.5101,18.456,11.523500442504883,18.3176,17.2218,18.456,19.2634,18.456,1.1535,2026-08-09
sm4-41,Spoink,normal,Crimson Invasion,41,Common,Sekio,Basic,325,Pokémon,2017/11/03,"tcgplayer,cardmarket",https://prices.pokemontcg.io/tcgplayer/sm4-41,https://images.pokemontcg.io/sm4/41_hires.png,2026/08/08,2026/02/22,0.19,0.009999999776482582,0.20000000298023224,19.98,,0.35,,,,0.1269,0.0231,0.1384,0.2422,0.09229999780654907,0.1269,0.0923,0.1038,0.1846,0.2768,1.1535,2026-08-09
sm5-48,Luxray,holofoil,Ultra Prism,48,Rare Holo,Akira Komayama,Stage 2,405,Pokémon,2018/02/02,"tcgplayer,cardmarket",https://prices.pokemontcg.io/tcgplayer/sm5-48,https://images.pokemontcg.io/sm5/48_hires.png,2026/08/08,2026/02/04,1.23,0.75,1.25,19.98,,1.87,,,,0.7959,0.1154,0.7152,0.0,0.7382000088691711,0.669,0.9113,1.4419,2.157,1.638,1.1535,2026-08-09
sm75-47,Kyurem,holofoil,Dragon Majesty,47,Rare Holo,TOKIYA,Basic,646,Pokémon,2018/09/07,"tcgplayer,cardmarket",https://prices.pokemontcg.io/tcgplayer/sm75-47,https://images.pokemontcg.io/sm75/47_hires.png,2026/08/08,2026/02/19,0.65,0.30000001192092896,0.6800000071525574,2.0,,2.27,,,,0.9343,0.2307,0.7844,3.2875,0.34599998593330383,0.7959,0.9459,10.3815,3.6566,2.4454,1.1535,2026-08-09
sm10-41,Tentacruel,normal,Unbroken Bonds,41,Uncommon,Shigenori Negishi,Stage 1,73,Pokémon,2019/05/03,"tcgplayer,cardmarket",https://prices.pokemontcg.io/tcgplayer/sm10-41,https://images.pokemontcg.io/sm10/41_hires.png,2026/08/08,2026/02/19,0.21,0.03999999910593033,0.23999999463558197,17.7,,0.45,,,,0.1615,0.0231,0.1154,1.0612,0.08070000261068344,0.0923,0.1269,0.3345,0.8882,0.5767,1.1535,2026-08-09
xy11-52,Mankey,normal,Steam Siege,52,Common,Hitoshi Ariga,Basic,56,Pokémon,2016/08/03,"tcgplayer,cardmarket",https://prices.pokemontcg.io/tcgplayer/xy11-52,https://images.pokemontcg.io/xy11/52_hires.png,2026/08/08,2026/02/19,0.23,0.019999999552965164,0.20999999344348907,5.0,,0.29,,,,0.0577,0.0231,0.0577,0.4499,0.03460000082850456,0.0577,0.0692,0.346,0.3922,0.346,1.1535,2026-08-09
bw3-46,Cofagrigus,normal,Noble Victories,46,Rare,Mitsuhiro Arita,Stage 1,563,Pokémon,2011/11/16,"tcgplayer,cardmarket",https://prices.pokemontcg.io/tcgplayer/bw3-46,https://images.pokemontcg.io/bw3/46_hires.png,2026/08/08,2026/02/21,2.24,1.5,2.240000009536743,34.98,,2.48,,,,0.7844,0.2192,0.7498,0.0,0.46140000224113464,0.7728,1.1766,4.6025,3.4605,2.2378,1.1535,2026-08-09
ecard3-16,Machamp,normal,Skyridge,16,Rare,Naoyo Kimura,Stage 2,68,Pokémon,2003/05/12,"tcgplayer,cardmarket",https://prices.pokemontcg.io/tcgplayer/ecard3-16,https://images.pokemontcg.io/ecard3/16_hires.png,2026/08/08,2026/06/21,42.87,44.0,53.16999816894531,494.5,,138.65,,,,65.8072,2.307,36.3699,23.07,17.291000366210938,10.9467,21.0168,19.6095,51.3884,47.8587,1.1535,2026-08-09
neo1-45,Quagsire,unlimited,Neo Genesis,45,Uncommon,Atsuko Nishida,Stage 1,195,Pokémon,2000/12/16,"tcgplayer,cardmarket",https://prices.pokemontcg.io/tcgplayer/neo1-45,https://images.pokemontcg.io/neo1/45_hires.png,2026/08/08,2026/06/21,4.25,1.5,4.429999828338623,39.97,,,,,"{""1stEdition"": {""low"": 4.35, ""mid"": 8.75, ""high"": 79.4, ""market"": 8.7, ""directLow"": null}}",2.0417,0.1384,1.5342,0.0,2.134000062942505,1.8571,1.8917,0.0,0.0,0.0,1.1535,2026-08-09
bw1-47,Zekrom,holofoil,Black & White,47,Rare Holo,5ban Graphics,Basic,644,Pokémon,2011/04/25,"tcgplayer,cardmarket",https://prices.pokemontcg.io/tcgplayer/bw1-47,https://images.pokemontcg.io/bw1/47_hires.png,2026/08/08,2026/02/22,7.68,3.2699999809265137,5.309999942779541,51.9,,7.71,,,,2.6184,0.173,2.5608,1.9609,1.707200050354004,2.2263,2.3762,4.0373,6.5288,5.7329,1.1535,2026-08-09
ex12-53,Geodude,normal,Legend Maker,53,Common,Miki Tanaka,Basic,74,Pokémon,2006/02/01,"tcgplayer,cardmarket",https://prices.pokemontcg.io/tcgplayer/ex12-53,https://images.pokemontcg.io/ex12/53_hires.png,2026/08/08,2026/02/21,0.48,0.15000000596046448,0.47999998927116394,26.9,,26.72,,,,0.4383,0.0231,0.7959,9.1703,0.17299999296665192,0.7382,0.4845,14.4187,10.4622,6.7826,1.1535,2026-08-09
hgss3-48,Eevee,normal,HS—Undaunted,48,Common,Noriko Hotta,Basic,133,Pokémon,2010/08/18,"tcgplayer,cardmarket",https://prices.pokemontcg.io/tcgplayer/hgss3-48,https://images.pokemontcg.io/hgss3/48_hires.png,2026/08/08,2026/02/21,5.44,1.5199999809265137,4.800000190734863,29.98,,19.86,,,,1.0497,0.0231,0.9228,10.7391,1.153499960899353,1.1189,0.9689,9.8048,38.3077,15.2723,1.1535,2026-08-09
g1-37,Meowstic-EX,holofoil,Generations,37,Rare Holo EX,Toyste Beach,Basic|EX,678,Pokémon,2016/02/22,"tcgplayer,cardmarket",https://prices.pokemontcg.io/tcgplayer/g1-37,https://images.pokemontcg.io/g1/37_hires.png,2026/08/08,2026/03/11,6.1,2.990000009536743,6.0,45.27,,,,,,4.7293,1.3727,4.8447,0.0,7.301700115203857,5.1561,4.7178,1.9609,2.9068,3.2529,1.1535,2026-08-09
dpp-DP49,Dialga,holofoil,DP Black Star Promos,DP49,Promo,Kagemaru Himeno,Basic,483,Pokémon,2007/05/01,tcgplayer,https://prices.pokemontcg.io/tcgplayer/dpp-DP49,https://images.pokemontcg.io/dpp/DP49_hires.png,2026/08/08,,16.06,16.31999969482422,29.989999771118164,240.0,,,,,,,,,,,,,,,,,2026-08-09
dp2-44,Croconaw,normal,Mysterious Treasures,44,Uncommon,Mitsuhiro Arita,Stage 1,159,Pokémon,2007/08/01,"tcgplayer,cardmarket",https://prices.pokemontcg.io/tcgplayer/dp2-44,https://images.pokemontcg.io/dp2/44_hires.png,2026/08/08,2026/02/22,2.26,0.49000000953674316,1.690000057220459,33.0,,8.47,,,,0.7498,0.0577,0.5998,2.9184,0.23070000112056732,0.646,0.6806,2.4916,5.8713,3.968,1.1535,2026-08-09
sm8-48,Heatran,holofoil,Lost Thunder,48,Rare Holo,Kagemaru Himeno,Basic,485,Pokémon,2018/11/02,"tcgplayer,cardmarket",https://prices.pokemontcg.io/tcgplayer/sm8-48,https://images.pokemontcg.io/sm8/48_hires.png,2026/08/08,2026/02/19,0.4,0.25,0.4699999988079071,19.98,,0.61,,,,1.9609,0.2884,1.7649,1.7302,1.1303999423980713,1.9609,1.488,1.7302,1.5688,1.7302,1.1535,2026-08-09
gym2-53,Lt. Surge's Raticate,unlimited,Gym Challenge,53,Uncommon,Ken Sugimori,Stage 1,20,Pokémon,2000/10/16,"tcgplayer,cardmarket",https://prices.pokemontcg.io/tcgplayer/gym2-53,https://images.pokemontcg.io/gym2/53_hires.png,2026/08/08,2026/06/21,2.44,0.5,2.0,25.2,,,,,"{""1stEdition"": {""low"": 2.25, ""mid"": 3.47, ""high"": 93.36, ""market"": 3.35, ""directLow"": 3.35}}",3.5874,0.5767,4.3718,0.0,2.560800075531006,3.3567,3.2183,0.0,0.0,0.0,1.1535,2026-08-09
dp1-51,Hippopotas,normal,Diamond & Pearl,51,Uncommon,Mitsuhiro Arita,Basic,449,Pokémon,2007/05/01,"tcgplayer,cardmarket",https://prices.pokemontcg.io/tcgplayer/dp1-51,https://images.pokemontcg.io/dp1/51_hires.png,2026/08/08,2026/03/08,0.38,0.10000000149011612,0.30000001192092896,17.08,,3.95,,,,0.1961,0.0231,0.2192,1.8917,0.05770000070333481,0.1961,0.1846,0.9228,1.8225,1.1074,1.1535,2026-08-09
sma-SV43,Noibat,holofoil,Hidden Fates Shiny Vault,SV43,Rare Shiny,Mizue,Basic,714,Pokémon,2019/08/23,"tcgplayer,cardmarket",https://prices.pokemontcg.io/tcgplayer/sma-SV43,https://images.pokemontcg.io/sma/SV43_hires.png,2026/08/08,2026/02/22,5.0,2.7200000286102295,5.25,96.95,,,,,,2.9068,1.0381,3.2413,0.0,2.226300001144409,2.9299,2.5377,1.6149,2.8376,3.449,1.1535,2026-08-09
swsh1-51,Qwilfish,normal,Sword & Shield,51,Uncommon,Midori Harada,Basic,211,Pokémon,2020/02/07,"tcgplayer,cardmarket",https://prices.pokemontcg.io/tcgplayer/swsh1-51,https://images.pokemontcg.io/swsh1/51_hires.png,2026/08/08,2026/02/19,0.06,0.029999999329447746,0.15000000596046448,19.98,,0.42,,,,0.0807,0.0231,0.1384,0.5652,0.13840000331401825,0.1961,0.1154,0.6806,0.992,0.6114,1.1535,2026-08-09
xy3-39,Gothita,normal,Furious Fists,39,Common,Atsuko Nishida,Basic,574,Pokémon,2014/08/13,"tcgplayer,cardmarket",https://prices.pokemontcg.io/tcgplayer/xy3-39,https://images.pokemontcg.io/xy3/39_hires.png,2026/08/08,2026/03/07,0.25,0.05000000074505806,0.25,1000.0,,0.61,,,,0.0807,0.0231,0.1615,0.4845,0.1615000069141388,0.0923,0.1038,0.0577,0.5306,0.4614,1.1535,2026-08-09
smp-SM40,Jangmo-o,holofoil,SM Black Star Promos,SM40,Promo,Naoki Saito,Basic,782,Pokémon,2017/02/03,"tcgplayer,cardmarket",https://prices.pokemontcg.io/tcgplayer/smp-SM40,https://images.pokemontcg.io/smp/SM40_hires.png,2026/08/08,2026/02/19,0.74,0.33000001311302185,0.75,17.32,,,,,,1.2112,0.173,1.1074,0.0,2.249300003051758,1.1074,1.2804,0.3807,0.6344,0.5191,1.1535,2026-08-09
sm12-52,Walrein,normal,Cosmic Eclipse,52,Rare,Ayaka Yoshida,Stage 2,365,Pokémon,2019/11/01,"tcgplayer,cardmarket",https://prices.pokemontcg.io/tcgplayer/sm12-52,https://images.pokemontcg.io/sm12/52_hires.png,2026/08/08,2026/02/19,0.31,0.12999999523162842,0.33000001311302185,19.98,,0.53,,,,0.346,0.1154,0.3345,1.1074,0.2768000066280365,0.323,0.4037,1.142,1.1189,1.0843,1.1535,2026-08-09
sm3-45,Eelektrik,normal,Burning Shadows,45,Uncommon,OOYAMA,Stage 1,603,Pokémon,2017/08/05,"tcgplayer,cardmarket",https://prices.pokemontcg.io/tcgplayer/sm3-45,https://images.pokemontcg.io/sm3/45_hires.png,2026/08/08,2026/02/19,0.18,0.029999999329447746,0.20000000298023224,19.98,,0.4,,,,0.1038,0.0231,0.0923,0.3922,0.08070000261068344,0.1038,0.0923,0.0461,0.3576,0.2884,1.1535,2026-08-09
bw9-49,Sableye,normal,Plasma Freeze,49,Rare,5ban Graphics,Basic|Team Plasma,302,Pokémon,2013/05/08,"tcgplayer,cardmarket",https://prices.pokemontcg.io/tcgplayer/bw9-49,https://images.pokemontcg.io/bw9/49_hires.png,2026/08/08,2026/02/19,3.65,1.9700000286102295,3.8399999141693115,44.99,,12.6,,,,1.7302,0.173,1.1189,1.7649,0.57669997215271,1.4649,1.2227,0.346,1.9725,2.8376,1.1535,2026-08-09
neo3-45,Goldeen,unlimited,Neo Revelation,45,Common,Yuka Morii,Basic,118,Pokémon,2001/09/21,"tcgplayer,cardmarket",https://prices.pokemontcg.io/tcgplayer/neo3-45,https://images.pokemontcg.io/neo3/45_hires.png,2026/08/08,2026/06/21,3.31,1.75,3.4100000858306885,23.0,,,,,"{""1stEdition"": {""low"": 3.0, ""mid"": 5.0, ""high"": 38.0, ""market"": 4.36, ""directLow"": null}}",1.0266,0.0231,1.1766,0.0,0.8421000242233276,1.638,1.0958,0.0,0.0,0.0,1.1535,2026-08-09
base3-52,Omanyte,unlimited,Fossil,52,Common,Kagemaru Himeno,Stage 1,138,Pokémon,1999/10/10,"tcgplayer,cardmarket",https://prices.pokemontcg.io/tcgplayer/base3-52,https://images.pokemontcg.io/base3/52_hires.png,2026/08/08,2026/06/22,0.91,0.10000000149011612,0.6499999761581421,18.38,,,,,"{""1stEdition"": {""low"": 0.8, ""mid"": 3.65, ""high"": 100.0, ""market"": 3.93, ""directLow"": 1.66}}",1.0728,0.0231,1.0843,0.0,0.6460000276565552,0.9343,1.0958,1.1535,0.9343,0.9343,1.1535,2026-08-09
ex15-39,Smeargle δ,normal,Dragon Frontiers,39,Uncommon,Kagemaru Himeno,Basic,235,Pokémon,2006/11/01,"tcgplayer,cardmarket",https://prices.pokemontcg.io/tcgplayer/ex15-39,https://images.pokemontcg.io/ex15/39_hires.png,2026/08/08,2026/06/21,2.01,1.340000033378601,3.0799999237060547,53.0,,33.77,,,,1.4188,0.0231,1.4419,10.1508,1.6841000318527222,1.3842,1.3496,14.1304,9.7586,8.5128,1.1535,2026-08-09
sm35-40,Shining Mew,holofoil,Shining Legends,40,Rare Shining,Sanosuke Sakuma,Basic,151,Pokémon,2017/10/06,"tcgplayer,cardmarket",https://prices.pokemontcg.io/tcgplayer/sm35-40,https://images.pokemontcg.io/sm35/40_hires.png,2026/08/08,2026/02/24,164.49,124.43000030517578,215.0,794.5,,,,,,87.6314,27.1073,82.9482,0.0,46.13999938964844,106.9179,86.0972,86.4548,73.2588,90.4344,1.1535,2026-08-09
bw7-52,Electrode,normal,Boundaries Crossed,52,Uncommon,Ken Sugimori,Stage 1,101,Pokémon,2012/11/07,"tcgplayer,cardmarket",https://prices.pokemontcg.io/tcgplayer/bw7-52,https://images.pokemontcg.io/bw7/52_hires.png,2026/08/08,2026/02/19,0.26,0.07999999821186066,0.25,19.98,,1.0,,,,0.1846,0.0231,0.2076,0.6344,0.23070000112056732,0.2307,0.2422,0.5767,0.7036,0.7844,1.1535,2026-08-09
col1-50,Riolu,normal,Call of Legends,50,Uncommon,Takashi Yamaguchi,Basic,447,Pokémon,2011/02/09,"tcgplayer,cardmarket",https://prices.pokemontcg.io/tcgplayer/col1-50,https://images.pokemontcg.io/col1/50_hires.png,2026/08/08,2026/02/19,0.42,0.15000000596046448,0.4000000059604645,19.98,,8.73,,,,0.3114,0.0231,0.8536,0.0,0.8073999881744385,1.0497,0.6229,0.5652,3.3105,3.449,1.1535,2026-08-09
xy4-45,Gourgeist,holofoil,Phantom Forces,45,Rare Holo,Kanako Eo,Stage 1,711,Pokémon,2014/11/05,"tcgplayer,cardmarket",https://prices.pokemontcg.io/tcgplayer/xy4-45,https://images.pokemontcg.io/xy4/45_hires.png,2026/08/08,2026/02/24,0.92,0.5,0.9599999785423279,24.99,,1.2,,,,1.9725,0.2307,1.8687,2.3762,1.038100004196167,1.8687,1.5688,0.8421,1.984,1.4534,1.1535,2026-08-09
xy9-42,Electabuzz,normal,BREAKpoint,42,Common,Shin Nagasawa,Basic,125,Pokémon,2016/02/03,"tcgplayer,cardmarket",https://prices.pokemontcg.io/tcgplayer/xy9-42,https://images.pokemontcg.io/xy9/42_hires.png,2026/08/08,2026/02/24,0.02,0.009999999776482582,0.20000000298023224,9.99,,0.48,,,,0.0923,0.0231,0.1038,0.5537,0.05770000070333481,0.0923,0.0923,0.4499,0.5767,0.8651,1.1535,2026-08-09
base6-45,Growlithe,normal,Legendary Collection,45,Uncommon,Ken Sugimori,Basic,58,Pokémon,2002/05/24,"tcgplayer,cardmarket",https://prices.pokemontcg.io/tcgplayer/base6-45,https://images.pokemontcg.io/base6/45_hires.png,2026/08/08,2026/06/21,7.0,1.5,2.369999885559082,31.1,,162.0,,,,3.6681,0.2307,3.3451,71.3209,3.2183001041412354,3.9565,2.48,26.5305,97.3208,67.7681,1.1535,2026-08-09
xy10-48,Hawlucha,normal,Fates Collide,48,Uncommon,Kouki Saitou,Basic,701,Pokémon,2016/05/02,"tcgplayer,cardmarket",https://prices.pokemontcg.io/tcgplayer/xy10-48,https://images.pokemontcg.io/xy10/48_hires.png,2026/08/08,2026/02/19,0.2,0.05000000074505806,0.20000000298023224,1000.0,,0.61,,,,0.173,0.0231,0.1961,1.0958,0.05770000070333481,0.15,0.1384,1.0958,0.6921,0.4845,1.1535,2026-08-09
swshp-SWSH042,Eevee,holofoil,SWSH Black Star Promos,SWSH042,Promo,You Iribi,Basic,133,Pokémon,2019/11/15,"tcgplayer,cardmarket",https://prices.pokemontcg.io/tcgplayer/swshp-SWSH042,https://images.pokemontcg.io/swshp/SWSH042_hires.png,2026/08/08,2026/02/19,11.36,7.380000114440918,12.0,64.19,,,,,,9.9778,2.0763,9.055,0.0,8.651200294494629,9.9547,8.9858,3.449,1.3842,2.0648,1.1535,2026-08-09
sm11-44,Tirtouga,normal,Unified Minds,44,Uncommon,HYOGONOSUKE,Stage 1,564,Pokémon,2019/08/02,"tcgplayer,cardmarket",https://prices.pokemontcg.io/tcgplayer/sm11-44,https://images.pokemontcg.io/sm11/44_hires.png,2026/08/08,2026/02/22,0.33,0.11999999731779099,0.33000001311302185,19.3,,1.42,,,,0.1961,0.0231,0.1846,0.669,0.17299999296665192,0.15,0.173,1.142,0.646,0.669,1.1535,2026-08-09
basep-47,Mew,normal,Wizards Black Star Promos,47,Promo,Ken Sugimori,Basic,151,Pokémon,1999/07/01,"tcgplayer,cardmarket",https://prices.pokemontcg.io/tcgplayer/basep-47,https://images.pokemontcg.io/basep/47_hires.png,2026/08/08,2026/06/22,141.81,197.9499969482422,332.5,9999.0,,,,,,132.7909,98.0475,132.0411,0.0,144.1875,127.8885,111.5088,6.3442,5.9636,5.9636,1.1535,2026-08-09
pl3-45,Solrock,normal,Supreme Victors,45,Rare,Naoyo Kimura,Basic,338,Pokémon,2009/08/19,"tcgplayer,cardmarket",https://prices.pokemontcg.io/tcgplayer/pl3-45,https://images.pokemontcg.io/pl3/45_hires.png,2026/08/08,2026/03/11,0.92,0.4399999976158142,0.699999988079071,19.98,,2.14,,,,1.661,0.173,1.3496,1.2919,0.28839999437332153,1.4073,1.5342,0.5652,1.0266,1.315,1.1535,2026-08-09
swsh2-44,Tympole,normal,Rebel Clash,44,Common,Aya Kusube,Basic,535,Pokémon,2020/05/01,"tcgplayer,cardmarket",https://prices.pokemontcg.io/tcgplayer/swsh2-44,https://images.pokemontcg.io/swsh2/44_hires.png,2026/08/08,2026/02/19,0.04,0.009999999776482582,0.1899999976158142,19.98,,0.27,,,,0.0461,0.0231,0.0346,0.1846,0.023099999874830246,0.0461,0.0577,0.2307,0.2422,0.2076,1.1535,2026-08-09
ex3-48,Whiscash,normal,Dragon,48,Uncommon,Tomokazu Komiya,Stage 1,340,Pokémon,2003/11/24,"tcgplayer,cardmarket",https://prices.pokemontcg.io/tcgplayer/ex3-48,https://images.pokemontcg.io/ex3/48_hires.png,2026/08/08,2026/06/21,7.44,6.150000095367432,8.699999809265137,88.8,,23.63,,,,5.3984,0.2884,5.0177,12.3655,2.306999921798706,4.7524,4.1295,20.6476,9.4933,7.2786,1.1535,2026-08-09
ex11-48,Magneton,normal,Delta Species,48,Uncommon,Kagemaru Himeno,Stage 1,82,Pokémon,2005/10/31,"tcgplayer,cardmarket",https://prices.pokemontcg.io/tcgplayer/ex11-48,https://images.pokemontcg.io/ex11/48_hires.png,2026/08/08,2026/03/11,1.36,0.30000001192092896,1.25,19.98,,20.49,,,,0.6575,0.1154,0.8305,8.6051,0.3921999931335449,0.6344,0.7613,4.0257,7.3363,6.9902,1.1535,2026-08-09
mcd11-12,Audino,holofoil,McDonald's Collection 2011,12,,MAHOU,Basic,531,Pokémon,2011/06/17,"tcgplayer,cardmarket",https://prices.pokemontcg.io/tcgplayer/mcd11-12,https://images.pokemontcg.io/mcd11/12_hires.png,2026/08/08,2026/07/01,5.15,2.0999999046325684,4.900000095367432,100.0,,,,,,2.2493,0.1154,2.5377,0.0,0.23070000112056732,2.3185,2.4685,0.2076,0.646,0.5191,1.1535,2026-08-09
hgss2-49,Horsea,normal,HS—Unleashed,49,Common,Shin Nagasawa,Basic,116,Pokémon,2010/05/12,"tcgplayer,cardmarket",https://prices.pokemontcg.io/tcgplayer/hgss2-49,https://images.pokemontcg.io/hgss2/49_hires.png,2026/08/08,2026/02/22,0.48,0.23000000417232513,0.44999998807907104,18.8,,3.54,,,,0.3345,0.0231,0.3807,3.7489,0.10379999876022339,0.4729,0.346,3.4605,2.0878,2.3877,1.1535,2026-08-09
ecard2-23,Muk,normal,Aquapolis,23,Rare,Hajime Kusajima,Stage 1,89,Pokémon,2003/01/15,"tcgplayer,cardmarket",https://prices.pokemontcg.io/tcgplayer/ecard2-23,https://images.pokemontcg.io/ecard2/23_hires.png,2026/08/08,2026/06/21,17.22,24.75,25.75,222.88,,58.0,,,,5.7098,1.3842,7.8553,17.1525,23.06999969482422,9.1588,7.0133,23.07,18.2484,13.2191,1.1535,2026-08-09
sm115-51,Bill's Analysis,normal,Hidden Fates,51,Rare,Naoki Saito,Supporter,,Trainer,2019/08/23,"tcgplayer,cardmarket",https://prices.pokemontcg.io/tcgplayer/sm115-51,https://images.pokemontcg.io/sm115/51_hires.png,2026/08/08,2026/02/22,0.22,0.009999999776482582,0.25,19.12,,0.31,,,,0.1384,0.0231,0.173,0.3807,0.10379999876022339,0.1615,0.2192,0.4499,0.4383,0.4268,1.1535,2026-08-09
sm2-49,Slowbro,normal,Guardians Rising,49,Uncommon,Shibuzoh.,Stage 1,80,Pokémon,2017/05/05,"tcgplayer,cardmarket",https://prices.pokemontcg.io/tcgplayer/sm2-49,https://images.pokemontcg.io/sm2/49_hires.png,2026/08/08,2026/02/19,0.47,0.20000000298023224,0.46000000834465027,4.0,,2.68,,,,0.1384,0.0231,0.1038,0.5767,0.219200000166893,0.0923,0.1269,0.3922,0.5075,0.5421,1.1535,2026-08-09
ex10-48,Smeargle,normal,Unseen Forces,48,Uncommon,Sumiyoshi Kizuki,Basic,235,Pokémon,2005/08/01,"tcgplayer,cardmarket",https://prices.pokemontcg.io/tcgplayer/ex10-48,https://images.pokemontcg.io/ex10/48_hires.png,2026/08/08,2026/06/07,3.85,2.4000000953674316,5.0,35.3,,47.93,,,,1.4188,0.0692,1.6034,6.0559,2.8838000297546387,1.8687,1.1766,5.7675,9.0088,8.0399,1.1535,2026-08-09
swsh35-52,Great Ball,normal,Champion's Path,52,Uncommon,Toyste Beach,Item,,Trainer,2020/09/25,"tcgplayer,cardmarket",https://prices.pokemontcg.io/tcgplayer/swsh35-52,https://images.pokemontcg.io/swsh35/52_hires.png,2026/08/08,2026/02/19,0.1,0.009999999776482582,0.18000000715255737,19.98,,0.15,,,,0.1269,0.0231,0.1384,0.5075,0.05770000070333481,0.1038,0.0923,0.1615,0.3345,0.346,1.1535,2026-08-09
base4-49,Machoke,normal,Base Set 2,49,Uncommon,Ken Sugimori,Stage 1,67,Pokémon,2000/02/24,"tcgplayer,cardmarket",https://prices.pokemontcg.io/tcgplayer/base4-49,https://images.pokemontcg.io/base4/49_hires.png,2026/08/08,2026/06/21,0.78,0.1899999976158142,0.6399999856948853,3.34,,,,,,0.7267,0.0577,0.8074,0.0,1.3841999769210815,0.8997,0.669,0.0,0.0,0.0,1.1535,2026-08-09
ex7-48,Seadra,normal,Team Rocket Returns,48,Uncommon,Kagemaru Himeno,Stage 1,117,Pokémon,2004/11/01,"tcgplayer,cardmarket",https://prices.pokemontcg.io/tcgplayer/ex7-48,https://images.pokemontcg.io/ex7/48_hires.png,2026/08/08,2026/03/07,3.26,1.600000023841858,3.700000047683716,40.5,,55.91,,,,1.4534,1.142,3.2183,24.9963,4.025700092315674,2.5492,2.5031,28.7798,20.6361,19.944,1.1535,2026-08-09
base5-47,Magikarp,unlimited,Team Rocket,47,Uncommon,Kagemaru Himeno,Basic,129,Pokémon,2000/04/24,"tcgplayer,cardmarket",https://prices.pokemontcg.io/tcgplayer/base5-47,https://images.pokemontcg.io/base5/47_hires.png,2026/08/08,2026/06/21,3.23,1.0,2.25,79.99,,,,,"{""1stEdition"": {""low"": 4.12, ""mid"": 7.87, ""high"": 9999.0, ""market"": 8.86, ""directLow"": 4.12}}",4.1641,0.0577,3.5643,0.0,4.129499912261963,3.4144,4.2103,0.0,0.0,0.0,1.1535,2026-08-09
ex13-49,Pidgeotto δ,normal,Holon Phantoms,49,Uncommon,Atsuko Nishida,Stage 1,17,Pokémon,2006/05/01,"tcgplayer,cardmarket",https://prices.pokemontcg.io/tcgplayer/ex13-49,https://images.pokemontcg.io/ex13/49_hires.png,2026/08/08,2026/03/11,3.25,2.119999885559082,3.859999895095825,33.1,,47.99,,,,1.8456,0.2307,1.9148,0.0,2.595400094985962,1.8802,3.0106,13.7843,12.2386,11.3966,1.1535,2026-08-09
neo2-41,Kakuna,unlimited,Neo Discovery,41,Uncommon,Yukiko Baba,Stage 1,14,Pokémon,2001/06/01,"tcgplayer,cardmarket",https://prices.pokemontcg.io/tcgplayer/neo2-41,https://images.pokemontcg.io/neo2/41_hires.png,2026/08/08,2026/07/01,0.89,0.3499999940395355,0.8899999856948853,19.98,,,,,"{""1stEdition"": {""low"": 1.75, ""mid"": 10.74, ""high"": 119.94, ""market"": 3.87, ""directLow"": 14.99}}",1.0266,0.0231,0.8074,0.0,0.31139999628067017,1.2458,1.0612,0.0,0.0,0.0,1.1535,2026-08-09
sm9-51,Tapu Koko ◇,holofoil,Team Up,51,Rare Prism Star,Kouki Saitou,Basic|Prism Star,785,Pokémon,2019/02/01,"tcgplayer,cardmarket",https://prices.pokemontcg.io/tcgplayer/sm9-51,https://images.pokemontcg.io/sm9/51_hires.png,2026/08/08,2026/02/04,1.95,0.9900000095367432,2.0,9.8,,,,,,2.6992,0.2307,3.2298,5.7675,2.8722000122070312,4.6601,2.157,5.7675,2.7107,2.2032,1.1535,2026-08-09
xyp-XY39,Kingdra,holofoil,XY Black Star Promos,XY39,Promo,hatachu,Stage 2,230,Pokémon,2013/10/12,"tcgplayer,cardmarket",https://prices.pokemontcg.io/tcgplayer/xyp-XY39,https://images.pokemontcg.io/xyp/XY39_hires.png,2026/08/08,2026/03/07,36.57,87.0999984741211,304.8999938964844,691.45,,,,,,23.07,51.9075,36.8543,0.0,23.06999969482422,26.3575,30.0602,5.1907,5.6868,5.6406,1.1535,2026-08-09
dp5-44,Prinplup,normal,Majestic Dawn,44,Uncommon,Kent Kanetsuna,Stage 1,394,Pokémon,2008/05/01,"tcgplayer,cardmarket",https://prices.pokemontcg.io/tcgplayer/dp5-44,https://images.pokemontcg.io/dp5/44_hires.png,2026/08/08,2026/02/22,0.46,0.25,0.4699999988079071,20.0,,2.55,,,,0.3691,0.0231,0.2422,1.6149,0.05770000070333481,0.173,0.2884,2.5608,1.6034,1.811,1.1535,2026-08-09
base2-44,Rapidash,unlimited,Jungle,44,Uncommon,Mitsuhiro Arita,Stage 1,78,Pokémon,1999/06/16,"tcgplayer,cardmarket",https://prices.pokemontcg.io/tcgplayer/base2-44,https://images.pokemontcg.io/base2/44_hires.png,2026/08/08,2026/06/27,2.2,0.30000001192092896,1.25,16.020000457763672,,,,,"{""1stEdition"": {""low"": 2.99, ""mid"": 7.5, ""high"": 43.1, ""market"": 8.31, ""directLow"": null}}",2.48,0.0231,2.2032,0.0,8.85890007019043,2.1801,2.3531,0.0577,0.5421,0.5421,1.1535,2026-08-09
ex6-48,Raticate,normal,FireRed & LeafGreen,48,Uncommon,Kyoko Umemoto,Stage 1,20,Pokémon,2004/09/01,"tcgplayer,cardmarket",https://prices.pokemontcg.io/tcgplayer/ex6-48,https://images.pokemontcg.io/ex6/48_hires.png,2026/08/08,2026/03/11,5.68,2.1500000953674316,5.699999809265137,39.9900016784668,,22.36,,,,1.5572,0.2307,1.4303,6.6326,1.038100004196167,1.4188,1.7995,10.9582,9.0319,7.3017,1.1535,2026-08-09
hgss3-51,Hitmonchan,normal,HS—Undaunted,51,Common,Kouki Saitou,Basic,107,Pokémon,2010/08/18,"tcgplayer,cardmarket",https://prices.pokemontcg.io/tcgplayer/hgss3-51,https://images.pokemontcg.io/hgss3/51_hires.png,2026/08/08,2026/02/19,0.41,0.25,0.4699999988079071,19.979999542236328,,8.13,,,,0.346,0.0231,0.5306,1.2804,0.11540000140666962,0.4845,0.3345,0.5767,1.0381,6.748,1.1535,2026-08-09
bw2-45,Gothorita,normal,Emerging Powers,45,Uncommon,Atsuko Nishida,Stage 1,575,Pokémon,2011/08/31,"tcgplayer,cardmarket",https://prices.pokemontcg.io/tcgplayer/bw2-45,https://images.pokemontcg.io/bw2/45_hires.png,2026/08/08,2026/03/07,0.47,0.1599999964237213,0.4099999964237213,19.979999542236328,,1.08,,,,0.3114,0.0231,0.4383,0.7382,0.40369999408721924,0.346,0.2422,1.1535,0.992,0.646,1.1535,2026-08-09
sm5-51,Drifloon,normal,Ultra Prism,51,Common,Asako Ito,Basic,425,Pokémon,2018/02/02,"tcgplayer,cardmarket",https://prices.pokemontcg.io/tcgplayer/sm5-51,https://images.pokemontcg.io/sm5/51_hires.png,2026/08/08,2026/02/01,1.7,0.699999988079071,1.7100000381469727,19.799999237060547,,17.48,,,,0.1384,0.0231,0.15,0.496,0.11540000140666962,0.1154,0.1269,0.5767,0.4614,0.3922,1.1535,2026-08-09
col1-53,Chikorita,normal,Call of Legends,53,Common,Ken Sugimori,Basic,152,Pokémon,2011/02/09,"tcgplayer,cardmarket",https://prices.pokemontcg.io/tcgplayer/col1-53,https://images.pokemontcg.io/col1/53_hires.png,2026/08/08,2026/02/19,0.79,0.20999999344348907,0.6399999856948853,19.280000686645508,,11.89,,,,0.323,0.0231,0.173,5.7675,0.05770000070333481,0.2307,0.2768,5.7675,6.6557,6.3096,1.1535,2026-08-09
xy9-45,Luxio,normal,BREAKpoint,45,Uncommon,Sanosuke Sakuma,Stage 1,404,Pokémon,2016/02/03,"tcgplayer,cardmarket",https://prices.pokemontcg.io/tcgplayer/xy9-45,https://images.pokemontcg.io/xy9/45_hires.png,2026/08/08,2026/02/19,0.12,0.05000000074505806,0.25,19.979999542236328,,0.54,,,,0.1154,0.0231,0.0807,1.0728,0.11540000140666962,0.1384,0.15,2.8838,0.992,0.8651,1.1535,2026-08-09
ex3-51,Barboach,normal,Dragon,51,Common,Tomokazu Komiya,Basic,339,Pokémon,2003/11/24,"tcgplayer,cardmarket",https://prices.pokemontcg.io/tcgplayer/ex3-51,https://images.pokemontcg.io/ex3/51_hires.png,2026/08/08,2026/02/22,2.16,1.0,2.059999942779541,30.600000381469727,,7.57,,,,0.5998,0.0577,1.6841,3.2183,0.7035999894142151,1.638,0.8305,5.7675,3.8642,2.6646,1.1535,2026-08-09
xy8-47,Frogadier,normal,BREAKthrough,47,Uncommon,Masakazu Fukuda,Stage 1,657,Pokémon,2015/11/04,"tcgplayer,cardmarket",https://prices.pokemontcg.io/tcgplayer/xy8-47,https://images.pokemontcg.io/xy8/47_hires.png,2026/08/08,2026/02/19,0.23,0.05999999865889549,0.25,19.979999542236328,,0.82,,,,0.323,0.0231,0.2422,0.992,0.25380000472068787,0.3576,0.2768,0.8651,1.1304,1.1766,1.1535,2026-08-09
xy6-49,Dratini,normal,Roaring Skies,49,Common,Miki Tanaka,Basic,147,Pokémon,2015/05/06,"tcgplayer,cardmarket",https://prices.pokemontcg.io/tcgplayer/xy6-49,https://images.pokemontcg.io/xy6/49_hires.png,2026/08/08,2026/02/19,0.29,0.10000000149011612,0.28999999165534973,19.979999542236328,,0.98,,,,0.2076,0.0231,0.2999,1.7879,0.11540000140666962,0.2076,0.2076,2.307,1.142,1.0958,1.1535,2026-08-09
sm6-47,Honedge,normal,Forbidden Light,47,Common,Midori Harada,Basic,679,Pokémon,2018/05/04,"tcgplayer,cardmarket",https://prices.pokemontcg.io/tcgplayer/sm6-47,https://images.pokemontcg.io/sm6/47_hires.png,2026/08/08,2026/02/04,0.19,0.05000000074505806,0.23000000417232513,19.979999542236328,,0.36,,,,0.1961,0.0231,0.15,0.496,0.05770000070333481,0.0577,0.1269,0.2884,0.3807,0.3691,1.1535,2026-08-09
ex9-53,Luvdisc,normal,Emerald,53,Common,Hajime Kusajima,Basic,370,Pokémon,2005/05/01,"tcgplayer,cardmarket",https://prices.pokemontcg.io/tcgplayer/ex9-53,https://images.pokemontcg.io/ex9/53_hires.png,2026/08/08,2026/02/22,1.18,0.4399999976158142,1.159999966621399,19.979999542236328,,25.5,,,,0.3345,0.0231,0.5537,6.3442,0.9228000044822693,0.7152,0.4037,4.6025,5.8482,6.8287,1.1535,2026-08-09
pl1-53,Lucario,normal,Platinum,53,Uncommon,Kouki Saitou,Stage 1,448,Pokémon,2009/02/11,"tcgplayer,cardmarket",https://prices.pokemontcg.io/tcgplayer/pl1-53,https://images.pokemontcg.io/pl1/53_hires.png,2026/08/08,2026/02/21,6.54,3.75,7.170000076293945,55.0,,10.66,,,,1.8802,0.0577,1.8571,1.4995,1.0958000421524048,1.2458,1.5918,4.2679,2.8953,2.6761,1.1535,2026-08-09
dp1-54,Magneton,normal,Diamond & Pearl,54,Uncommon,Kouki Saitou,Stage 1,82,Pokémon,2007/05/01,"tcgplayer,cardmarket",https://prices.pokemontcg.io/tcgplayer/dp1-54,https://images.pokemontcg.io/dp1/54_hires.png,2026/08/08,2026/02/21,0.38,0.10000000149011612,0.3700000047683716,19.979999542236328,,3.14,,,,0.2192,0.0231,0.2538,1.0035,0.1615000069141388,0.2884,0.2307,2.134,2.0417,1.5111,1.1535,2026-08-09
xy2-59,Scrafty,normal,Flashfire,59,Rare,Hitoshi Ariga,Stage 1,560,Pokémon,2014/05/07,"tcgplayer,cardmarket",https://prices.pokemontcg.io/tcgplayer/xy2-59,https://images.pokemontcg.io/xy2/59_hires.png,2026/08/08,2026/02/04,0.48,0.20000000298023224,0.4699999988079071,19.989999771118164,,1.04,,,,0.7382,0.0577,0.6344,1.2458,0.23070000112056732,0.5537,0.4845,0.7267,1.2112,1.0958,1.1535,2026-08-09
xy11-55,Probopass,normal,Steam Siege,55,Rare,MAHOU,Stage 1,476,Pokémon,2016/08/03,"tcgplayer,cardmarket",https://prices.pokemontcg.io/tcgplayer/xy11-55,https://images.pokemontcg.io/xy11/55_hires.png,2026/08/08,2026/02/19,0.26,0.09000000357627869,0.25,19.979999542236328,,0.42,,,,0.2192,0.0231,0.2076,0.8536,0.57669997215271,0.323,0.2768,1.8456,1.0151,0.7267,1.1535,2026-08-09
hgss1-58,Chansey,normal,HeartGold & SoulSilver,58,Common,Kanako Eo,Basic,113,Pokémon,2010/02/10,"tcgplayer,cardmarket",https://prices.pokemontcg.io/tcgplayer/hgss1-58,https://images.pokemontcg.io/hgss1/58_hires.png,2026/08/08,2026/02/19,2.19,0.30000001192092896,1.25,19.219999313354492,,18.41,,,,0.496,0.0231,0.3345,0.8651,0.6114000082015991,0.2768,0.4499,1.1535,3.6105,3.1952,1.1535,2026-08-09
smp-SM43,Alolan Meowth,holofoil,SM Black Star Promos,SM43,Promo,Megumi Mizutani,Basic,52,Pokémon,2017/02/03,"tcgplayer,cardmarket",https://prices.pokemontcg.io/tcgplayer/smp-SM43,https://images.pokemontcg.io/smp/SM43_hires.png,2026/08/08,2026/02/19,1.88,0.7400000095367432,1.9900000095367432,19.979999542236328,,,,,,1.1535,0.0577,1.4188,0.0,1.1073999404907227,1.661,0.8767,1.1535,0.4383,0.4037,1.1535,2026-08-09
bw7-55,Chinchou,normal,Boundaries Crossed,55,Common,Ken Sugimori,Basic,170,Pokémon,2012/11/07,"tcgplayer,cardmarket",https://prices.pokemontcg.io/tcgplayer/bw7-55,https://images.pokemontcg.io/bw7/55_hires.png,2026/08/08,2026/02/19,0.26,0.1899999976158142,0.30000001192092896,5.0,,0.7,,,,0.2538,0.0231,0.2307,1.1535,0.23070000112056732,0.2884,0.2076,1.1535,1.0035,0.7728,1.1535,2026-08-09
swsh35-55,Kabu,normal,Champion's Path,55,Uncommon,take,Supporter,,Trainer,2020/09/25,"tcgplayer,cardmarket",https://prices.pokemontcg.io/tcgplayer/swsh35-55,https://images.pokemontcg.io/swsh35/55_hires.png,2026/08/08,2026/02/19,0.12,0.009999999776482582,0.15000000596046448,19.979999542236328,,0.11,,,,0.0807,0.0231,0.0692,0.3922,0.05770000070333481,0.0692,0.0692,0.4499,0.4037,0.2999,1.1535,2026-08-09
swshp-SWSH045,Eternatus VMAX,holofoil,SWSH Black Star Promos,SWSH045,Promo,5ban Graphics,VMAX,890,Pokémon,2019/11/15,"tcgplayer,cardmarket",https://prices.pokemontcg.io/tcgplayer/swshp-SWSH045,https://images.pokemontcg.io/swshp/SWSH045_hires.png,2026/08/08,2026/02/19,2.32,1.4900000095367432,2.7799999713897705,96.94999694824219,,,,,,6.0789,2.307,4.7986,0.0,5.548299789428711,4.8332,5.2369,8.063,9.3664,10.22,1.1535,2026-08-09
bw10-57,Aron,normal,Plasma Blast,57,Common,Shigenori Negishi,Basic,304,Pokémon,2013/08/14,"tcgplayer,cardmarket",https://prices.pokemontcg.io/tcgplayer/bw10-57,https://images.pokemontcg.io/bw10/57_hires.png,2026/08/08,2026/02/04,0.28,0.07999999821186066,0.25,19.979999542236328,,0.67,,,,0.2307,0.0231,0.1846,0.4614,0.04610000178217888,0.1384,0.15,0.5191,0.6229,0.5652,1.1535,2026-08-09
pl4-55,Buneary,normal,Arceus,55,Common,sui,Basic,427,Pokémon,2009/11/04,"tcgplayer,cardmarket",https://prices.pokemontcg.io/tcgplayer/pl4-55,https://images.pokemontcg.io/pl4/55_hires.png,2026/08/08,2026/02/19,0.38,0.2199999988079071,0.4000000059604645,5.0,,4.52,,,,0.1384,0.0231,0.2422,0.5767,0.7843999862670898,0.5075,0.2538,0.5767,1.2227,1.0843,1.1535,2026-08-09
swsh2-48,Galarian Darmanitan,normal,Rebel Clash,48,Rare,Kouki Saitou,Stage 1,555,Pokémon,2020/05/01,"tcgplayer,cardmarket",https://prices.pokemontcg.io/tcgplayer/swsh2-48,https://images.pokemontcg.io/swsh2/48_hires.png,2026/08/08,2026/02/19,0.29,0.10000000149011612,0.28999999165534973,19.979999542236328,,0.48,,,,0.2768,0.0346,0.2307,0.7036,0.11540000140666962,0.2422,0.2653,0.1154,0.5998,0.5883,1.1535,2026-08-09
xyp-XY42,Groudon-EX,holofoil,XY Black Star Promos,XY42,Promo,Eske Yoshinob,Basic|EX,383,Pokémon,2013/10/12,"tcgplayer,cardmarket",https://prices.pokemontcg.io/tcgplayer/xyp-XY42,https://images.pokemontcg.io/xyp/XY42_hires.png,2026/08/08,2026/02/22,15.32,7.25,14.970000267028809,9996.76953125,,,,,,7.3363,1.8341,9.3895,0.0,28.826000213623047,9.5279,8.4898,4.614,3.7143,4.7524,1.1535,2026-08-09
swsh4-50,Raikou,holofoil,Vivid Voltage,50,Amazing Rare,Hideki Ishikawa,Basic,243,Pokémon,2020/11/13,"tcgplayer,cardmarket",https://prices.pokemontcg.io/tcgplayer/swsh4-50,https://images.pokemontcg.io/swsh4/50_hires.png,2026/08/08,2026/02/19,5.97,4.960000038146973,6.989999771118164,96.94999694824219,,,,,,9.4587,3.4605,8.0284,0.0,11.108200073242188,9.2511,9.5971,13.5536,15.6876,17.3486,1.1535,2026-08-09
base4-52,Marowak,normal,Base Set 2,52,Uncommon,Mitsuhiro Arita,Stage 1,105,Pokémon,2000/02/24,"tcgplayer,cardmarket",https://prices.pokemontcg.io/tcgplayer/base4-52,https://images.pokemontcg.io/base4/52_hires.png,2026/08/08,2026/06/21,1.85,0.30000001192092896,1.7699999809265137,96.54000091552734,,,,,,2.0648,0.2307,1.9956,0.0,1.5687999725341797,1.7418,1.8802,0.2307,0.2307,0.2307,1.1535,2026-08-09
sm1-50,Lanturn,normal,Sun & Moon,50,Rare,Masakazu Fukuda,Stage 1,171,Pokémon,2017/02/03,"tcgplayer,cardmarket",https://prices.pokemontcg.io/tcgplayer/sm1-50,https://images.pokemontcg.io/sm1/50_hires.png,2026/08/08,2026/02/19,0.23,0.009999999776482582,0.23000000417232513,19.979999542236328,,0.4,,,,0.1154,0.0231,0.1384,0.2768,0.10379999876022339,0.1269,0.1154,0.7498,0.3922,0.4614,1.1535,2026-08-09
sm9-55,Nidorina,normal,Team Up,55,Uncommon,Kagemaru Himeno,Stage 1,30,Pokémon,2019/02/01,"tcgplayer,cardmarket",https://prices.pokemontcg.io/tcgplayer/sm9-55,https://images.pokemontcg.io/sm9/55_hires.png,2026/08/08,2026/02/04,0.26,0.07999999821186066,0.25,2.990000009536743,,0.56,,,,0.2422,0.0231,0.2538,0.8767,0.15000000596046448,0.2999,0.2192,1.6034,0.7844,0.5998,1.1535,2026-08-09
dp3-57,Nidorino,normal,Secret Wonders,57,Uncommon,Naoyo Kimura,Stage 1,33,Pokémon,2007/11/01,"tcgplayer,cardmarket",https://prices.pokemontcg.io/tcgplayer/dp3-57,https://images.pokemontcg.io/dp3/57_hires.png,2026/08/08,2026/02/19,0.39,0.20000000298023224,0.3700000047683716,19.979999542236328,,1.58,,,,0.7959,0.0231,0.7498,1.6841,0.17299999296665192,0.4037,0.4153,0.4499,1.3381,1.1304,1.1535,2026-08-09
xy2-60,Forretress,normal,Flashfire,60,Rare,Tomokazu Komiya,Stage 1,205,Pokémon,2014/05/07,"tcgplayer,cardmarket",https://prices.pokemontcg.io/tcgplayer/xy2-60,https://images.pokemontcg.io/xy2/60_hires.png,2026/08/08,2026/02/04,1.05,0.4000000059604645,1.2400000095367432,29.989999771118164,,2.31,,,,1.7187,0.0577,1.5918,2.9299,0.46140000224113464,1.6149,1.3381,3.9565,2.9068,2.5146,1.1535,2026-08-09
ex6-49,Venomoth,normal,FireRed & LeafGreen,49,Uncommon,Kagemaru Himeno,Stage 1,49,Pokémon,2004/09/01,"tcgplayer,cardmarket",https://prices.pokemontcg.io/tcgplayer/ex6-49,https://images.pokemontcg.io/ex6/49_hires.png,2026/08/08,2026/03/11,0.87,0.6299999952316284,0.8799999952316284,19.979999542236328,,14.36,,,,0.8882,0.0577,0.7152,12.1117,0.57669997215271,0.7152,0.8767,12.1117,6.0674,8.7435,1.1535,2026-08-09
neo3-48,Quagsire,unlimited,Neo Revelation,48,Common,Yuka Morii,Stage 1,195,Pokémon,2001/09/21,"tcgplayer,cardmarket",https://prices.pokemontcg.io/tcgplayer/neo3-48,https://images.pokemontcg.io/neo3/48_hires.png,2026/08/08,2026/06/21,7.19,3.25,6.190000057220459,94.80999755859375,,,,,"{""1stEdition"": {""low"": 6.99, ""mid"": 19.26, ""high"": 57.44, ""market"": 13.44, ""directLow"": null}}",1.0843,0.0461,1.0497,0.0,1.6495000123977661,1.5803,1.3727,0.0,0.0,0.0,1.1535,2026-08-09
hgss3-52,Hitmonlee,normal,HS—Undaunted,52,Common,Kouki Saitou,Basic,106,Pokémon,2010/08/18,"tcgplayer,cardmarket",https://prices.pokemontcg.io/tcgplayer/hgss3-52,https://images.pokemontcg.io/hgss3/52_hires.png,2026/08/08,2026/02/19,0.59,0.2199999988079071,0.5,19.979999542236328,,9.98,,,,0.2653,0.0231,0.2999,0.0,0.34599998593330383,0.5421,0.3691,4.0373,2.2839,2.7799,1.1535,2026-08-09
ex8-52,Bagon,normal,Deoxys,52,Common,Takao Unno,Basic,371,Pokémon,2005/02/01,"tcgplayer,cardmarket",https://prices.pokemontcg.io/tcgplayer/ex8-52,https://images.pokemontcg.io/ex8/52_hires.png,2026/08/08,2026/03/08,0.48,0.1599999964237213,0.47999998927116394,19.979999542236328,,11.99,,,,0.323,0.0231,0.3345,10.2546,0.2653000056743622,0.3345,0.2884,85.9357,19.2288,9.9662,1.1535,2026-08-09
swshp-SWSH046,Eldegoss,holofoil,SWSH Black Star Promos,SWSH046,Promo,Mina Nakai,Stage 1,830,Pokémon,2019/11/15,"tcgplayer,cardmarket",https://prices.pokemontcg.io/tcgplayer/swshp-SWSH046,https://images.pokemontcg.io/swshp/SWSH046_hires.png,2026/08/08,2026/02/19,1.02,0.6399999856948853,1.0199999809265137,18.059999465942383,,,,,,0.669,0.1154,0.4845,0.0,1.153499960899353,0.496,0.6575,0.7267,0.3691,0.4037,1.1535,2026-08-09
ex16-46,Cacnea,normal,Power Keepers,46,Common,Hajime Kusajima,Basic,331,Pokémon,2007/02/02,"tcgplayer,cardmarket",https://prices.pokemontcg.io/tcgplayer/ex16-46,https://images.pokemontcg.io/ex16/46_hires.png,2026/08/08,2026/03/07,0.37,0.10000000149011612,0.3700000047683716,20.0,,10.0,,,,0.2538,0.0231,0.2999,6.9095,0.09229999780654907,0.2538,0.2192,3.4605,5.8367,4.6601,1.1535,2026-08-09
xy9-46,Luxray,normal,BREAKpoint,46,Rare,Masakazu Fukuda,Stage 2,405,Pokémon,2016/02/03,"tcgplayer,cardmarket",https://prices.pokemontcg.io/tcgplayer/xy9-46,https://images.pokemontcg.io/xy9/46_hires.png,2026/08/08,2026/02/19,0.4,0.15000000596046448,0.4000000059604645,17.989999771118164,,0.52,,,,0.4729,0.0346,0.4845,2.3762,0.51910001039505,0.4499,0.4499,2.2955,2.1455,1.2919,1.1535,2026-08-09
xy5-54,Kyogre-EX,holofoil,Primal Clash,54,Rare Holo EX,Ryota Murayama,Basic|EX,382,Pokémon,2015/02/04,"tcgplayer,cardmarket",https://prices.pokemontcg.io/tcgplayer/xy5-54,https://images.pokemontcg.io/xy5/54_hires.png,2026/08/08,2026/02/19,19.17,7.510000228881836,19.170000076293945,116.80999755859375,,,,,,24.2004,4.614,22.4471,0.0,13.784299850463867,16.3336,17.5447,6.921,10.0354,7.0017,1.1535,2026-08-09
ex9-54,Makuhita,normal,Emerald,54,Common,Kouki Saitou,Basic,296,Pokémon,2005/05/01,"tcgplayer,cardmarket",https://prices.pokemontcg.io/tcgplayer/ex9-54,https://images.pokemontcg.io/ex9/54_hires.png,2026/08/08,2026/02/22,0.64,0.3499999940395355,0.6899999976158142,19.979999542236328,,18.3,,,,0.2192,0.0231,0.2422,1.142,0.19609999656677246,0.2538,0.2307,2.8722,2.9299,3.0798,1.1535,2026-08-09
ex7-51,Cubone,normal,Team Rocket Returns,51,Common,Kouki Saitou,Basic,104,Pokémon,2004/11/01,"tcgplayer,cardmarket",https://prices.pokemontcg.io/tcgplayer/ex7-51,https://images.pokemontcg.io/ex7/51_hires.png,2026/08/08,2026/03/07,7.97,3.049999952316284,6.0,49.83000183105469,,54.99,,,,0.8767,0.0577,0.8536,34.605,1.3841999769210815,1.0497,1.1766,34.605,29.4835,20.0363,1.1535,2026-08-09
sm8-51,Pyroar,normal,Lost Thunder,51,Rare,Hasuno,Stage 1,668,Pokémon,2018/11/02,"tcgplayer,cardmarket",https://prices.pokemontcg.io/tcgplayer/sm8-51,https://images.pokemontcg.io/sm8/51_hires.png,2026/08/08,2026/02/01,0.86,0.6000000238418579,0.8899999856948853,3.0,,1.39,,,,1.6956,0.0577,1.4765,2.6646,2.2955000400543213,1.7072,0.8651,1.0958,2.3185,1.811,1.1535,2026-08-09
hgss2-53,Mankey,normal,HS—Unleashed,53,Common,Sachiko Adachi,Basic,56,Pokémon,2010/05/12,"tcgplayer,cardmarket",https://prices.pokemontcg.io/tcgplayer/hgss2-53,https://images.pokemontcg.io/hgss2/53_hires.png,2026/08/08,2026/02/19,0.78,0.2199999988079071,0.6700000166893005,19.979999542236328,,16.97,,,,0.173,0.0231,0.0692,3.9796,0.11540000140666962,0.1846,0.2076,2.307,2.5492,1.9956,1.1535,2026-08-09
bwp-BW41,Thundurus,reverseHolofoil,BW Black Star Promos,BW41,Promo,5ban Graphics,Basic,642,Pokémon,2011/03/01,"tcgplayer,cardmarket",https://prices.pokemontcg.io/tcgplayer/bwp-BW41,https://images.pokemontcg.io/bwp/BW41_hires.png,2026/08/08,2026/03/11,3.77,0.8399999737739563,3.950000047683716,49.29999923706055,,,,,,0.0,2.307,3.1837,4.4986,5.652200222015381,3.6335,3.3451,4.4986,4.0142,3.5528,1.1535,2026-08-09
ex5-45,Nuzleaf,normal,Hidden Legends,45,Uncommon,Hisao Nakamura,Stage 1,274,Pokémon,2004/06/01,"tcgplayer,cardmarket",https://prices.pokemontcg.io/tcgplayer/ex5-45,https://images.pokemontcg.io/ex5/45_hires.png,2026/08/08,2026/06/07,0.89,0.38999998569488525,0.8600000143051147,21.0,,6.24,,,,0.6575,0.0577,0.6229,2.5262,0.9574000239372253,0.6921,0.7498,1.0381,2.4916,2.1455,1.1535,2026-08-09
swsh35-56,Marnie,holofoil,Champion's Path,56,Rare Holo,kirisAki,Supporter,,Trainer,2020/09/25,"tcgplayer,cardmarket",https://prices.pokemontcg.io/tcgplayer/swsh35-56,https://images.pokemontcg.io/swsh35/56_hires.png,2026/08/08,2026/02/19,0.34,0.10000000149011612,0.3799999952316284,131.8800048828125,,0.48,,,,0.2653,0.0231,0.346,0.3807,0.7498000264167786,0.3576,0.2884,0.2192,0.4614,0.4499,1.1535,2026-08-09
base3-55,Slowpoke,unlimited,Fossil,55,Common,Miki Tanaka,Basic,79,Pokémon,1999/10/10,"tcgplayer,cardmarket",https://prices.pokemontcg.io/tcgplayer/base3-55,https://images.pokemontcg.io/base3/55_hires.png,2026/08/08,2026/06/22,0.82,0.09000000357627869,0.699999988079071,17.34000015258789,,,,,"{""1stEdition"": {""low"": 2.9, ""mid"": 6.0, ""high"": 105.6, ""market"": 6.75, ""directLow"": 3.49}}",1.0958,0.0231,0.819,0.0,0.7843999862670898,0.9689,1.0612,0.5767,0.7498,0.7498,1.1535,2026-08-09
ex13-53,Sharpedo δ,normal,Holon Phantoms,53,Uncommon,Mitsuhiro Arita,Stage 1,319,Pokémon,2006/05/01,"tcgplayer,cardmarket",https://prices.pokemontcg.io/tcgplayer/ex13-53,https://images.pokemontcg.io/ex13/53_hires.png,2026/08/08,2026/02/21,2.26,1.0299999713897705,2.490000009536743,22.989999771118164,,35.99,,,,1.3035,0.0923,1.0151,9.0204,0.46140000224113464,0.7959,1.1304,11.5235,8.3167,8.8473,1.1535,2026-08-09
dp2-48,Gabite,normal,Mysterious Treasures,48,Uncommon,Ken Sugimori,Stage 1,444,Pokémon,2007/08/01,"tcgplayer,cardmarket",https://prices.pokemontcg.io/tcgplayer/dp2-48,https://images.pokemontcg.io/dp2/48_hires.png,2026/08/08,2026/02/22,0.6,0.18000000715255737,0.49000000953674316,19.979999542236328,,3.12,,,,3.3336,0.0231,4.1065,0.0,0.11540000140666962,0.4499,2.0878,0.7959,3.126,2.5492,1.1535,2026-08-09
col1-54,Clefairy,normal,Call of Legends,54,Common,sui,Basic,35,Pokémon,2011/02/09,"tcgplayer,cardmarket",https://prices.pokemontcg.io/tcgplayer/col1-54,https://images.pokemontcg.io/col1/54_hires.png,2026/08/08,2026/02/19,0.84,0.17000000178813934,0.5,2.990000009536743,,5.22,,,,0.2999,0.0231,0.2538,0.0,0.023099999874830246,0.2076,0.2653,2.1455,3.8181,3.0452,1.1535,2026-08-09
xy8-48,Pikachu,normal,BREAKthrough,48,Common,Kouki Saitou,Basic,25,Pokémon,2015/11/04,"tcgplayer,cardmarket",https://prices.pokemontcg.io/tcgplayer/xy8-48,https://images.pokemontcg.io/xy8/48_hires.png,2026/08/08,2026/02/19,1.26,0.49000000953674316,1.059999942779541,19.579999923706055,,12.47,,,,1.4419,0.1384,1.9033,8.5244,3.3798000812530518,2.307,1.6149,9.8048,7.567,7.9822,1.1535,2026-08-09
sma-SV47,Decidueye-GX,holofoil,Hidden Fates Shiny Vault,SV47,Rare Shiny GX,5ban Graphics,Stage 2|GX,724,Pokémon,2019/08/23,"tcgplayer,cardmarket",https://prices.pokemontcg.io/tcgplayer/sma-SV47,https://images.pokemontcg.io/sma/SV47_hires.png,2026/08/08,2026/02/19,18.88,12.0,21.399999618530273,96.94999694824219,,,,,,11.5465,7.9476,12.031,0.0,8.54740047454834,10.0816,10.1508,15.503,15.0186,16.5181,1.1535,2026-08-09
neo4-53,Light Venomoth,unlimited,Neo Destiny,53,Uncommon,Masako Yamashita,Stage 1,49,Pokémon,2002/02/28,"tcgplayer,cardmarket",https://prices.pokemontcg.io/tcgplayer/neo4-53,https://images.pokemontcg.io/neo4/53_hires.png,2026/08/08,2026/06/21,4.34,4.0,4.699999809265137,96.94999694824219,,,,,"{""1stEdition"": {""low"": 5.99, ""mid"": 20.0, ""high"": 72.5, ""market"": 8.19, ""directLow"": null}}",6.4481,0.6114,7.6938,0.0,4.025700092315674,4.3948,5.6406,0.0,0.0,0.0,1.1535,2026-08-09
ex15-42,Vibrava δ,normal,Dragon Frontiers,42,Uncommon,Midori Harada,Stage 1,329,Pokémon,2006/11/01,"tcgplayer,cardmarket",https://prices.pokemontcg.io/tcgplayer/ex15-42,https://images.pokemontcg.io/ex15/42_hires.png,2026/08/08,2026/03/11,2.19,0.9900000095367432,3.0,25.100000381469727,,27.65,,,,0.7844,0.0577,0.4037,3.5182,0.28839999437332153,0.3922,0.7728,6.5173,3.9104,4.118,1.1535,2026-08-09
ex14-50,Diglett,normal,Crystal Guardians,50,Common,Kyoko Umemoto,Basic,50,Pokémon,2006/08/01,"tcgplayer,cardmarket",https://prices.pokemontcg.io/tcgplayer/ex14-50,https://images.pokemontcg.io/ex14/50_hires.png,2026/08/08,2026/03/11,3.0,0.30000001192092896,2.380000114440918,21.0,,37.61,,,,0.3576,0.0231,0.3345,10.3815,0.8305000066757202,0.4268,0.3576,10.3815,10.4161,7.567,1.1535,2026-08-09
ex3-52,Corphish,normal,Dragon,52,Common,Ken Sugimori,Basic,341,Pokémon,2003/11/24,"tcgplayer,cardmarket",https://prices.pokemontcg.io/tcgplayer/ex3-52,https://images.pokemontcg.io/ex3/52_hires.png,2026/08/08,2026/02/22,0.42,0.10000000149011612,0.4099999964237213,17.420000076293945,,11.61,,,,0.2307,0.0231,0.3114,9.874,0.20759999752044678,0.2422,0.2422,3.4605,7.0017,3.6681,1.1535,2026-08-09
smp-SM44,Togedemaru,holofoil,SM Black Star Promos,SM44,Promo,Sanosuke Sakuma,Basic,777,Pokémon,2017/02/03,"tcgplayer,cardmarket",https://prices.pokemontcg.io/tcgplayer/smp-SM44,https://images.pokemontcg.io/smp/SM44_hires.png,2026/08/08,2026/02/19,3.47,2.509999990463257,3.75,43.599998474121094,,,,,,11.5235,11.4773,15.6415,0.0,11.523500442504883,15.999,14.6956,14.9955,12.8154,13.1038,1.1535,2026-08-09
ex1-43,Silcoon,normal,Ruby & Sapphire,43,Uncommon,Hajime Kusajima,Stage 1,266,Pokémon,2003/07/01,"tcgplayer,cardmarket",https://prices.pokemontcg.io/tcgplayer/ex1-43,https://images.pokemontcg.io/ex1/43_hires.png,2026/08/08,2026/06/22,2.04,0.800000011920929,1.9500000476837158,27.5,,9.57,,,,0.8767,0.173,0.4268,9.0434,1.7763999700546265,0.9689,1.4765,4.4871,8.4321,4.3487,1.1535,2026-08-09
bw11-57,Misdreavus,normal,Legendary Treasures,57,Common,Hitoshi Ariga,Basic,200,Pokémon,2013/11/06,"tcgplayer,cardmarket",https://prices.pokemontcg.io/tcgplayer/bw11-57,https://images.pokemontcg.io/bw11/57_hires.png,2026/08/08,2026/02/19,0.46,0.20000000298023224,0.41999998688697815,19.0,,1.07,,,,0.4037,0.0692,0.4729,0.0,0.5651999711990356,0.3807,0.3345,4.0373,4.1641,2.3531,1.1535,2026-08-09
sm12-56,Empoleon,normal,Cosmic Eclipse,56,Rare,Masakazu Fukuda,Stage 2,395,Pokémon,2019/11/01,"tcgplayer,cardmarket",https://prices.pokemontcg.io/tcgplayer/sm12-56,https://images.pokemontcg.io/sm12/56_hires.png,2026/08/08,2026/02/19,0.34,0.05999999865889549,0.3700000047683716,10.0,,1.21,,,,0.3922,0.0231,0.4499,1.0151,0.20759999752044678,0.4614,0.4153,0.8651,0.9459,1.0958,1.1535,2026-08-09
xy12-47,Gastly,normal,Evolutions,47,Common,Keiji Kinebuchi,Basic,92,Pokémon,2016/11/02,"tcgplayer,cardmarket",https://prices.pokemontcg.io/tcgplayer/xy12-47,https://images.pokemontcg.io/xy12/47_hires.png,2026/08/08,2026/02/19,0.18,0.009999999776482582,0.20999999344348907,5.949999809265137,,0.76,,,,0.1384,0.0231,0.1384,1.1996,0.06920000165700912,0.1038,0.1269,0.5767,0.8536,1.0381,1.1535,2026-08-09
xy4-49,Boldore,normal,Phantom Forces,49,Uncommon,Midori Harada,Stage 1,525,Pokémon,2014/11/05,"tcgplayer,cardmarket",https://prices.pokemontcg.io/tcgplayer/xy4-49,https://images.pokemontcg.io/xy4/49_hires.png,2026/08/08,2026/02/19,0.29,0.05999999865889549,0.25,17.65999984741211,,0.49,,,,0.1846,0.0231,0.1384,0.5191,0.05770000070333481,0.1038,0.2076,1.142,0.8997,0.7152,1.1535,2026-08-09
pl3-48,Zapdos,normal,Supreme Victors,48,Rare,Kagemaru Himeno,Basic,145,Pokémon,2009/08/19,"tcgplayer,cardmarket",https://prices.pokemontcg.io/tcgplayer/pl3-48,https://images.pokemontcg.io/pl3/48_hires.png,2026/08/08,2026/03/11,6.61,3.0,12.0,50.5,,12.58,,,,3.0106,0.5191,3.3451,2.8838,1.8456000089645386,2.8145,3.472,4.6025,2.6069,4.4871,1.1535,2026-08-09
base6-48,Kabuto,normal,Legendary Collection,48,Uncommon,Ken Sugimori,Stage 1,140,Pokémon,2002/05/24,"tcgplayer,cardmarket",https://prices.pokemontcg.io/tcgplayer/base6-48,https://images.pokemontcg.io/base6/48_hires.png,2026/08/08,2026/06/21,1.62,0.9900000095367432,1.5,61.5,,108.36,,,,1.1881,0.2307,1.8225,0.0,2.8261001110076904,1.7418,1.3727,74.9775,120.5984,59.7167,1.1535,2026-08-09
hgss1-59,Chikorita,normal,HeartGold & SoulSilver,59,Common,Shin Nagasawa,Basic,152,Pokémon,2010/02/10,"tcgplayer,cardmarket",https://prices.pokemontcg.io/tcgplayer/hgss1-59,https://images.pokemontcg.io/hgss1/59_hires.png,2026/08/08,2026/02/19,1.73,0.3499999940395355,0.8100000023841858,96.83999633789062,,16.99,,,,0.3576,0.0231,0.1384,0.0,0.11540000140666962,0.2307,0.323,4.4871,4.7409,4.1641,1.1535,2026-08-09
g1-40,Machop,normal,Generations,40,Common,Mina Nakai,Basic,66,Pokémon,2016/02/22,"tcgplayer,cardmarket",https://prices.pokemontcg.io/tcgplayer/g1-40,https://images.pokemontcg.io/g1/40_hires.png,2026/08/08,2026/02/24,0.26,0.09000000357627869,0.25,1000.0,,0.76,,,,0.1269,0.0231,0.1384,0.7613,0.23070000112056732,0.1038,0.1269,0.8074,0.7728,0.646,1.1535,2026-08-09
dp7-45,Pichu,normal,Stormfront,45,Uncommon,Atsuko Nishida,Basic,172,Pokémon,2008/11/01,"tcgplayer,cardmarket",https://prices.pokemontcg.io/tcgplayer/dp7-45,https://images.pokemontcg.io/dp7/45_hires.png,2026/08/08,2026/03/11,6.25,4.269999980926514,5.989999771118164,50.0,,19.56,,,,1.9956,0.2307,1.6726,4.7409,0.9228000044822693,1.9609,2.0994,3.4605,4.1295,4.2333,1.1535,2026-08-09
sm7-53,Plusle,normal,Celestial Storm,53,Uncommon,Kanako Eo,Basic,311,Pokémon,2018/08/03,"tcgplayer,cardmarket",https://prices.pokemontcg.io/tcgplayer/sm7-53,https://images.pokemontcg.io/sm7/53_hires.png,2026/08/08,2026/02/04,2.35,1.5299999713897705,2.3499999046325684,19.979999542236328,,7.1,,,,0.5191,0.0461,0.4729,1.0612,0.17299999296665192,0.4729,0.3576,2.5954,0.8651,0.7267,1.1535,2026-08-09
xy6-50,Dragonair,normal,Roaring Skies,50,Uncommon,Mizue,Stage 1,148,Pokémon,2015/05/06,"tcgplayer,cardmarket",https://prices.pokemontcg.io/tcgplayer/xy6-50,https://images.pokemontcg.io/xy6/50_hires.png,2026/08/08,2026/02/19,0.38,0.12999999523162842,0.41999998688697815,14.989999771118164,,1.48,,,,0.2884,0.0231,0.2307,3.7489,0.11540000140666962,0.2884,0.2999,2.5954,2.9299,3.2529,1.1535,2026-08-09
sm11-48,Dewpider,normal,Unified Minds,48,Common,Atsuko Nishida,Basic,751,Pokémon,2019/08/02,"tcgplayer,cardmarket",https://prices.pokemontcg.io/tcgplayer/sm11-48,https://images.pokemontcg.io/sm11/48_hires.png,2026/08/08,2026/02/19,0.15,0.019999999552965164,0.20999999344348907,19.979999542236328,,0.33,,,,0.0807,0.0231,0.0923,0.3345,0.11540000140666962,0.1154,0.0807,0.4037,0.346,0.2999,1.1535,2026-08-09
base1-55,Nidoran ♂,normal,Base,55,Common,Ken Sugimori,Basic,32,Pokémon,1999/01/09,"tcgplayer,cardmarket",https://prices.pokemontcg.io/tcgplayer/base1-55,https://images.pokemontcg.io/base1/55_hires.png,2026/08/08,2026/06/21,0.87,0.20000000298023224,0.6399999856948853,50.0,,,,,,1.3496,0.0231,1.2342,0.0,1.1995999813079834,0.9689,1.3611,28.8375,4.6832,4.6832,1.1535,2026-08-09
sm35-43,Golett,normal,Shining Legends,43,Common,Kyoko Umemoto,Basic,622,Pokémon,2017/10/06,"tcgplayer,cardmarket",https://prices.pokemontcg.io/tcgplayer/sm35-43,https://images.pokemontcg.io/sm35/43_hires.png,2026/08/08,2026/02/22,0.2,0.009999999776482582,0.20000000298023224,19.979999542236328,,0.33,,,,0.0577,0.0231,0.0692,0.4614,0.023099999874830246,0.0577,0.0461,0.4614,0.4037,0.3576,1.1535,2026-08-09
xy7-54,Gardevoir,holofoil,Ancient Origins,54,Rare Holo,TOKIYA,Stage 2,282,Pokémon,2015/08/12,"tcgplayer,cardmarket",https://prices.pokemontcg.io/tcgplayer/xy7-54,https://images.pokemontcg.io/xy7/54_hires.png,2026/08/08,2026/02/04,6.13,3.940000057220459,6.690000057220459,99.98999786376953,,8.03,,,,6.8056,2.307,7.0133,6.0559,4.613999843597412,4.6832,7.0017,11.535,7.267,6.4827,1.1535,2026-08-09
sm5-52,Drifblim,normal,Ultra Prism,52,Uncommon,Yumi,Stage 1,426,Pokémon,2018/02/02,"tcgplayer,cardmarket",https://prices.pokemontcg.io/tcgplayer/sm5-52,https://images.pokemontcg.io/sm5/52_hires.png,2026/08/08,2026/02/01,0.05,0.009999999776482582,0.25,19.979999542236328,,0.38,,,,0.2076,0.0231,0.173,0.4268,0.23070000112056732,0.2076,0.1269,0.346,0.4153,0.346,1.1535,2026-08-09
bw4-57,Gardevoir,holofoil,Next Destinies,57,Rare Holo,Mizue,Stage 2,282,Pokémon,2012/02/08,"tcgplayer,cardmarket",https://prices.pokemontcg.io/tcgplayer/bw4-57,https://images.pokemontcg.io/bw4/57_hires.png,2026/08/08,2026/02/19,16.49,19.989999771118164,29.920000076293945,115.44000244140625,,14.4,,,,3.2529,0.4499,7.8207,5.3984,0.23070000112056732,3.4259,6.6788,2.1916,4.2564,8.6051,1.1535,2026-08-09
ex12-57,Machop,normal,Legend Maker,57,Common,Yukiko Baba,Basic,66,Pokémon,2006/02/01,"tcgplayer,cardmarket",https://prices.pokemontcg.io/tcgplayer/ex12-57,https://images.pokemontcg.io/ex12/57_hires.png,2026/08/08,2026/02/21,0.46,0.14000000059604645,0.4300000071525574,19.979999542236328,,23.57,,,,0.2538,0.0231,0.2307,4.0603,0.25380000472068787,0.2538,0.2538,8.0745,4.8101,4.1987,1.1535,2026-08-09
bw9-53,Deoxys-EX,holofoil,Plasma Freeze,53,Rare Holo EX,Eske Yoshinob,Basic|EX|Team Plasma,386,Pokémon,2013/05/08,"tcgplayer,cardmarket",https://prices.pokemontcg.io/tcgplayer/bw9-53,https://images.pokemontcg.io/bw9/53_hires.png,2026/08/08,2026/02/04,32.69,32.349998474121094,109.98999786376953,244.0,,,,,,14.5918,3.4374,15.0416,0.0,11.53499984741211,16.299,12.6539,4.0373,5.5253,5.5022,1.1535,2026-08-09
dp1-55,Mantyke,normal,Diamond & Pearl,55,Uncommon,Midori Harada,Basic,458,Pokémon,2007/05/01,"tcgplayer,cardmarket",https://prices.pokemontcg.io/tcgplayer/dp1-55,https://images.pokemontcg.io/dp1/55_hires.png,2026/08/08,2026/02/21,4.94,1.2000000476837158,4.5,50.0,,24.5,,,,0.9574,0.2307,1.2573,2.457,2.306999921798706,1.7995,1.811,3.1721,3.8758,5.4445,1.1535,2026-08-09
ex4-53,Team Aqua's Electrike,normal,Team Magma vs Team Aqua,53,Common,M. Akiyama,Basic,309,Pokémon,2004/03/01,"tcgplayer,cardmarket",https://prices.pokemontcg.io/tcgplayer/ex4-53,https://images.pokemontcg.io/ex4/53_hires.png,2026/08/08,2026/03/11,0.84,0.5,0.8600000143051147,19.979999542236328,,8.32,,,,0.5191,0.0231,0.4383,0.0,0.46140000224113464,0.3807,0.5306,10.3815,6.7941,4.2449,1.1535,2026-08-09
gym2-56,Sabrina's Hypno,unlimited,Gym Challenge,56,Uncommon,Ken Sugimori,Stage 1,97,Pokémon,2000/10/16,"tcgplayer,cardmarket",https://prices.pokemontcg.io/tcgplayer/gym2-56,https://images.pokemontcg.io/gym2/56_hires.png,2026/08/08,2026/06/21,5.38,2.75,4.710000038146973,29.8799991607666,,,,,"{""1stEdition"": {""low"": 5.25, ""mid"": 9.45, ""high"": 109.9, ""market"": 9.39, ""directLow"": null}}",10.0816,0.9228,11.4197,0.0,6.874899864196777,5.2254,7.1517,0.0,0.0,0.0,1.1535,2026-08-09
neo2-45,Pupitar,unlimited,Neo Discovery,45,Uncommon,Hironobu Yoshida,Stage 1,247,Pokémon,2001/06/01,"tcgplayer,cardmarket",https://prices.pokemontcg.io/tcgplayer/neo2-45,https://images.pokemontcg.io/neo2/45_hires.png,2026/08/08,2026/06/22,0.95,0.4000000059604645,0.9200000166893005,96.94999694824219,,,,,"{""1stEdition"": {""low"": 2.23, ""mid"": 7.13, ""high"": 95.3, ""market"": 4.53, ""directLow"": 19.99}}",0.7267,0.0346,0.669,0.0,3.05679988861084,0.9459,0.6921,0.0,0.0,0.0,1.1535,2026-08-09
dpp-DP53,Arceus LV.X,holofoil,DP Black Star Promos,DP53,Promo,Shizurow,Level-Up,493,Pokémon,2007/05/01,tcgplayer,https://prices.pokemontcg.io/tcgplayer/dpp-DP53,https://images.pokemontcg.io/dpp/DP53_hires.png,2026/08/08,,40.67,32.119998931884766,170.0,324.8999938964844,,,,,,,,,,,,,,,,,2026-08-09
dp6-48,Castform,normal,Legends Awakened,48,Uncommon,Kanako Eo,Basic,351,Pokémon,2008/08/01,"tcgplayer,cardmarket",https://prices.pokemontcg.io/tcgplayer/dp6-48,https://images.pokemontcg.io/dp6/48_hires.png,2026/08/08,2026/02/21,1.97,1.440000057220459,1.590000033378601,27.299999237060547,,7.72,,,,0.7498,0.1154,0.7844,0.8421,0.34599998593330383,0.7382,0.7728,1.1535,1.165,1.7764,1.1535,2026-08-09
ex10-52,Chinchou,normal,Unseen Forces,52,Common,Hajime Kusajima,Basic,170,Pokémon,2005/08/01,"tcgplayer,cardmarket",https://prices.pokemontcg.io/tcgplayer/ex10-52,https://images.pokemontcg.io/ex10/52_hires.png,2026/08/08,2026/03/08,0.48,0.20000000298023224,0.5,19.979999542236328,,16.5,,,,0.1961,0.0231,0.2653,4.96,0.4499000012874603,0.3345,0.2307,4.614,6.9787,6.3673,1.1535,2026-08-09
sm3-49,Wobbuffet,normal,Burning Shadows,49,Uncommon,nagimiso,Basic,202,Pokémon,2017/08/05,"tcgplayer,cardmarket",https://prices.pokemontcg.io/tcgplayer/sm3-49,https://images.pokemontcg.io/sm3/49_hires.png,2026/08/08,2026/02/19,0.22,0.03999999910593033,0.25,19.979999542236328,,0.63,,,,0.0807,0.0231,0.0923,0.2999,0.11540000140666962,0.0807,0.0807,0.2307,0.2999,0.2768,1.1535,2026-08-09
ecard1-44,Dugtrio,normal,Expedition Base Set,44,Rare,Masako Yamashita,Stage 1,51,Pokémon,2002/09/15,"tcgplayer,cardmarket",https://prices.pokemontcg.io/tcgplayer/ecard1-44,https://images.pokemontcg.io/ecard1/44_hires.png,2026/08/08,2026/06/21,10.01,8.979999542236328,12.0,189.0,,40.0,,,,3.2413,0.9228,4.0834,10.9006,2.306999921798706,4.3487,4.0603,2.8838,10.2431,7.2094,1.1535,2026-08-09
base5-49,Abra,unlimited,Team Rocket,49,Common,Sumiyoshi Kizuki,Basic,63,Pokémon,2000/04/24,"tcgplayer,cardmarket",https://prices.pokemontcg.io/tcgplayer/base5-49,https://images.pokemontcg.io/base5/49_hires.png,2026/08/08,2026/06/21,0.75,0.1899999976158142,0.6499999761581421,45.0,,,,,"{""1stEdition"": {""low"": 1.0, ""mid"": 3.04, ""high"": 19.99, ""market"": 3.27, ""directLow"": null}}",2.3762,0.0231,2.6184,0.0,0.911300003528595,0.9805,2.3416,0.5767,0.3345,0.3345,1.1535,2026-08-09
ex2-46,Lombre,normal,Sandstorm,46,Uncommon,Mitsuhiro Arita,Stage 1,271,Pokémon,2003/09/18,"tcgplayer,cardmarket",https://prices.pokemontcg.io/tcgplayer/ex2-46,https://images.pokemontcg.io/ex2/46_hires.png,2026/08/08,2026/06/21,2.68,1.75,2.7899999618530273,33.099998474121094,,8.92,,,,1.5572,0.173,0.5652,9.2857,0.6805999875068665,1.3265,1.7418,2.3416,7.4631,5.3176,1.1535,2026-08-09
xy10-51,Carbink BREAK,holofoil,Fates Collide,51,Rare BREAK,5ban Graphics,BREAK,703,Pokémon,2016/05/02,"tcgplayer,cardmarket",https://prices.pokemontcg.io/tcgplayer/xy10-51,https://images.pokemontcg.io/xy10/51_hires.png,2026/08/08,2026/02/04,3.2,1.399999976158142,3.0,6.989999771118164,,,,,,2.5031,0.5767,2.2147,0.0,2.306999921798706,2.2955,2.2724,0.5652,3.8065,2.2955,1.1535,2026-08-09
base2-45,Rhydon,unlimited,Jungle,45,Uncommon,Kagemaru Himeno,Stage 1,112,Pokémon,1999/06/16,"tcgplayer,cardmarket",https://prices.pokemontcg.io/tcgplayer/base2-45,https://images.pokemontcg.io/base2/45_hires.png,2026/08/08,2026/06/27,1.64,0.2800000011920929,0.949999988079071,19.280000686645508,,,,,"{""1stEdition"": {""low"": 4.19, ""mid"": 12.0, ""high"": 96.95, ""market"": 11.76, ""directLow"": null}}",1.5918,0.0231,1.638,0.0,0.911300003528595,1.4303,1.6034,1.7302,1.0728,1.0728,1.1535,2026-08-09
xy1-53,Scolipede,normal,XY,53,Rare,Mitsuhiro Arita,Stage 2,545,Pokémon,2014/02/05,"tcgplayer,cardmarket",https://prices.pokemontcg.io/tcgplayer/xy1-53,https://images.pokemontcg.io/xy1/53_hires.png,2026/08/08,2026/02/19,0.52,0.15000000596046448,0.5,19.979999542236328,,0.75,,,,0.5883,0.0231,0.4845,1.3842,0.11540000140666962,0.5306,0.6114,1.3842,1.1189,1.1881,1.1535,2026-08-09
xy3-42,Golett,normal,Furious Fists,42,Common,Sumiyoshi Kizuki,Basic,622,Pokémon,2014/08/13,"tcgplayer,cardmarket",https://prices.pokemontcg.io/tcgplayer/xy3-42,https://images.pokemontcg.io/xy3/42_hires.png,2026/08/08,2026/02/24,0.2,0.019999999552965164,0.20000000298023224,1000.0,,0.49,,,,0.173,0.0231,0.1384,0.4383,0.05770000070333481,0.0577,0.0923,0.5191,0.4499,0.346,1.1535,2026-08-09
sm75-51,Drampa,normal,Dragon Majesty,51,Uncommon,Sanosuke Sakuma,Basic,780,Pokémon,2018/09/07,"tcgplayer,cardmarket",https://prices.pokemontcg.io/tcgplayer/sm75-51,https://images.pokemontcg.io/sm75/51_hires.png,2026/08/08,2026/02/19,0.32,0.1899999976158142,0.3199999928474426,19.979999542236328,,0.98,,,,0.2884,0.0231,0.346,2.0186,0.3921999931335449,0.2307,0.323,2.2955,1.1881,1.0381,1.1535,2026-08-09
gym1-52,Lt. Surge's Spearow,unlimited,Gym Heroes,52,Uncommon,Ken Sugimori,Basic,21,Pokémon,2000/08/14,"tcgplayer,cardmarket",https://prices.pokemontcg.io/tcgplayer/gym1-52,https://images.pokemontcg.io/gym1/52_hires.png,2026/08/08,2026/06/21,1.01,0.3700000047683716,0.949999988079071,96.94999694824219,,,,,"{""1stEdition"": {""low"": 2.03, ""mid"": 3.49, ""high"": 39.06, ""market"": 3.3, ""directLow"": 5.99}}",2.157,0.2076,2.4224,0.0,2.306999921798706,2.953,2.1109,0.0,0.0,0.0,1.1535,2026-08-09
sm6-48,Doublade,normal,Forbidden Light,48,Uncommon,kirisAki,Stage 1,680,Pokémon,2018/05/04,"tcgplayer,cardmarket",https://prices.pokemontcg.io/tcgplayer/sm6-48,https://images.pokemontcg.io/sm6/48_hires.png,2026/08/08,2026/02/04,0.27,0.009999999776482582,0.25,19.979999542236328,,0.42,,,,0.1038,0.0231,0.1615,0.5537,0.11540000140666962,0.1384,0.1615,0.7498,0.5883,0.4499,1.1535,2026-08-09
base3-56,Tentacool,unlimited,Fossil,56,Common,Kagemaru Himeno,Basic,72,Pokémon,1999/10/10,"tcgplayer,cardmarket",https://prices.pokemontcg.io/tcgplayer/base3-56,https://images.pokemontcg.io/base3/56_hires.png,2026/08/08,2026/06/21,0.47,0.14000000059604645,0.46000000834465027,80.0,,,,,"{""1stEdition"": {""low"": 0.44, ""mid"": 1.66, ""high"": 29.0, ""market"": 1.73, ""directLow"": 1.49}}",0.669,0.0231,0.819,0.0,0.7843999862670898,0.7959,0.6921,2.8838,1.0958,1.0958,1.1535,2026-08-09
base4-53,Nidorina,normal,Base Set 2,53,Uncommon,Ken Sugimori,Stage 1,30,Pokémon,2000/02/24,"tcgplayer,cardmarket",https://prices.pokemontcg.io/tcgplayer/base4-53,https://images.pokemontcg.io/base4/53_hires.png,2026/08/08,2026/06/21,1.2,0.3199999928474426,0.8999999761581421,18.520000457763672,,,,,,1.1881,0.1038,0.8882,0.0,1.118899941444397,1.0266,1.0381,0.2307,0.2307,0.2307,1.1535,2026-08-09
dp7-46,Piloswine,normal,Stormfront,46,Uncommon,Mitsuhiro Arita,Stage 1,221,Pokémon,2008/11/01,"tcgplayer,cardmarket",https://prices.pokemontcg.io/tcgplayer/dp7-46,https://images.pokemontcg.io/dp7/46_hires.png,2026/08/08,2026/03/11,0.59,0.23000000417232513,0.5,19.979999542236328,,1.06,,,,0.3807,0.0231,0.2768,0.8421,0.09229999780654907,0.2884,0.2884,1.7187,0.7728,0.5421,1.1535,2026-08-09
swsh2-49,Inteleon V,holofoil,Rebel Clash,49,Rare Holo V,5ban Graphics,Basic|V,818,Pokémon,2020/05/01,"tcgplayer,cardmarket",https://prices.pokemontcg.io/tcgplayer/swsh2-49,https://images.pokemontcg.io/swsh2/49_hires.png,2026/08/08,2026/02/19,0.76,0.44999998807907104,1.0,16.780000686645508,,,,,,1.3496,0.2192,1.315,0.0,1.1073999404907227,1.1074,1.2342,2.2493,2.6069,2.8491,1.1535,2026-08-09
xy10-52,Zygarde,normal,Fates Collide,52,Uncommon,5ban Graphics,Basic,718,Pokémon,2016/05/02,"tcgplayer,cardmarket",https://prices.pokemontcg.io/tcgplayer/xy10-52,https://images.pokemontcg.io/xy10/52_hires.png,2026/08/08,2026/02/04,0.28,0.09000000357627869,0.27000001072883606,1000.0,,0.64,,,,0.173,0.0231,0.1961,0.6114,0.23070000112056732,0.2307,0.2307,2.134,0.8882,0.6921,1.1535,2026-08-09
dpp-DP54,Beginning Door,,DP Black Star Promos,DP54,Promo,Ryo Ueda,Item,,Trainer,2007/05/01,,,https://images.pokemontcg.io/dpp/DP54_hires.png,,,,,,,,,,,,,,,,,,,,,,,2026-08-09
xy4-50,Gigalith,holofoil,Phantom Forces,50,Rare Holo,Akira Komayama,Stage 2,526,Pokémon,2014/11/05,"tcgplayer,cardmarket",https://prices.pokemontcg.io/tcgplayer/xy4-50,https://images.pokemontcg.io/xy4/50_hires.png,2026/08/08,2026/02/19,0.64,0.30000001192092896,0.7099999785423279,19.979999542236328,,0.96,,,,2.2493,0.2884,1.3381,1.0151,1.499500036239624,1.4188,1.2458,1.0958,1.3842,1.315,1.1535,2026-08-09
xyp-XY43,Diancie-EX,holofoil,XY Black Star Promos,XY43,Promo,5ban Graphics,Basic|EX,719,Pokémon,2013/10/12,"tcgplayer,cardmarket",https://prices.pokemontcg.io/tcgplayer/xyp-XY43,https://images.pokemontcg.io/xyp/XY43_hires.png,2026/08/08,2026/02/22,10.15,5.0,10.65999984741211,104.62000274658203,,,,,,8.7435,3.449,10.6122,0.0,9.112700462341309,13.1038,9.6202,8.0745,6.1251,4.96,1.1535,2026-08-09
swsh35-57,Milo,normal,Champion's Path,57,Uncommon,take,Supporter,,Trainer,2020/09/25,"tcgplayer,cardmarket",https://prices.pokemontcg.io/tcgplayer/swsh35-57,https://images.pokemontcg.io/swsh35/57_hires.png,2026/08/08,2026/02/19,0.17,0.009999999776482582,0.20000000298023224,19.979999542236328,,0.1,,,,0.0461,0.0231,0.0807,0.2768,0.03460000082850456,0.0807,0.0577,0.1154,0.323,0.2538,1.1535,2026-08-09
xy6-51,Dragonite,normal,Roaring Skies,51,Rare,kawayoo,Stage 2,149,Pokémon,2015/05/06,"tcgplayer,cardmarket",https://prices.pokemontcg.io/tcgplayer/xy6-51,https://images.pokemontcg.io/xy6/51_hires.png,2026/08/08,2026/02/19,3.91,1.940000057220459,3.190000057220459,24.989999771118164,,13.72,,,,2.7684,0.6921,3.0568,6.0674,7.786099910736084,3.1145,3.0914,6.0559,6.5288,17.0141,1.1535,2026-08-09
ex3-53,Corphish,normal,Dragon,53,Common,Kagemaru Himeno,Basic,341,Pokémon,2003/11/24,"tcgplayer,cardmarket",https://prices.pokemontcg.io/tcgplayer/ex3-53,https://images.pokemontcg.io/ex3/53_hires.png,2026/08/08,2026/02/22,0.6,0.5,0.6499999761581421,19.979999542236328,,5.13,,,,0.2768,0.0231,0.7959,5.1907,0.40369999408721924,0.7382,0.5191,2.2955,3.2875,3.5643,1.1535,2026-08-09
neo2-46,Scyther,unlimited,Neo Discovery,46,Uncommon,Kimiya Masago,Basic,123,Pokémon,2001/06/01,"tcgplayer,cardmarket",https://prices.pokemontcg.io/tcgplayer/neo2-46,https://images.pokemontcg.io/neo2/46_hires.png,2026/08/08,2026/06/22,1.86,0.49000000953674316,1.8799999952316284,21.860000610351562,,,,,"{""1stEdition"": {""low"": 4.3, ""mid"": 25.0, ""high"": 99.85, ""market"": 9.09, ""directLow"": 49.99}}",1.2919,0.0231,1.4419,0.0,2.7569000720977783,1.3381,1.2689,0.0,0.0,0.0,1.1535,2026-08-09
gym1-53,Misty's Poliwhirl,unlimited,Gym Heroes,53,Uncommon,Ken Sugimori,Stage 1,61,Pokémon,2000/08/14,"tcgplayer,cardmarket",https://prices.pokemontcg.io/tcgplayer/gym1-53,https://images.pokemontcg.io/gym1/53_hires.png,2026/08/08,2026/06/21,2.54,1.0,2.2200000286102295,96.75,,,,,"{""1stEdition"": {""low"": 6.5, ""mid"": 10.83, ""high"": 238.25, ""market"": 10.87, ""directLow"": 7.79}}",2.976,0.4614,2.1109,0.0,1.3035000562667847,2.5031,3.1145,0.0,0.0,0.0,1.1535,2026-08-09
ex10-53,Clefairy,normal,Unseen Forces,53,Common,Midori Harada,Basic,35,Pokémon,2005/08/01,"tcgplayer,cardmarket",https://prices.pokemontcg.io/tcgplayer/ex10-53,https://images.pokemontcg.io/ex10/53_hires.png,2026/08/08,2026/03/08,1.43,0.4000000059604645,1.8799999952316284,18.280000686645508,,52.49,,,,1.4188,0.0461,1.3727,13.0692,0.23070000112056732,0.3576,0.992,4.614,9.228,8.236,1.1535,2026-08-09
sm12-57,Phione,normal,Cosmic Eclipse,57,Rare,AKIRA EGAWA,Basic,489,Pokémon,2019/11/01,"tcgplayer,cardmarket",https://prices.pokemontcg.io/tcgplayer/sm12-57,https://images.pokemontcg.io/sm12/57_hires.png,2026/08/08,2026/02/01,0.43,0.15000000596046448,0.4000000059604645,19.979999542236328,,0.87,,,,0.496,0.0923,0.2999,1.488,0.11540000140666962,0.2538,0.4268,0.6921,1.4649,1.2112,1.1535,2026-08-09
ex4-54,Team Aqua's Poochyena,normal,Team Magma vs Team Aqua,54,Common,Shin-ichi Yoshikawa,Basic,261,Pokémon,2004/03/01,"tcgplayer,cardmarket",https://prices.pokemontcg.io/tcgplayer/ex4-54,https://images.pokemontcg.io/ex4/54_hires.png,2026/08/08,2026/03/11,0.9,0.20000000298023224,0.75,19.8799991607666,,8.04,,,,0.4268,0.0231,0.5191,3.5643,0.911300003528595,0.496,0.4614,4.3833,3.968,3.7604,1.1535,2026-08-09
sm7-54,Minun,normal,Celestial Storm,54,Uncommon,Sumiyoshi Kizuki,Basic,312,Pokémon,2018/08/03,"tcgplayer,cardmarket",https://prices.pokemontcg.io/tcgplayer/sm7-54,https://images.pokemontcg.io/sm7/54_hires.png,2026/08/08,2026/02/04,1.35,0.41999998688697815,1.409999966621399,19.989999771118164,,4.17,,,,0.3691,0.0231,0.4729,0.7613,0.46140000224113464,0.4037,0.3807,0.9228,0.8997,0.6229,1.1535,2026-08-09
xy12-48,Haunter,normal,Evolutions,48,Uncommon,Keiji Kinebuchi,Stage 1,93,Pokémon,2016/11/02,"tcgplayer,cardmarket",https://prices.pokemontcg.io/tcgplayer/xy12-48,https://images.pokemontcg.io/xy12/48_hires.png,2026/08/08,2026/02/19,0.24,0.09000000357627869,0.25,19.979999542236328,,1.25,,,,0.1961,0.0231,0.1961,0.8536,0.06920000165700912,0.1384,0.1961,1.4419,1.2573,0.9689,1.1535,2026-08-09
smp-SM45,Tapu Lele,holofoil,SM Black Star Promos,SM45,Promo,You Iribi,Basic,786,Pokémon,2017/02/03,"tcgplayer,cardmarket",https://prices.pokemontcg.io/tcgplayer/smp-SM45,https://images.pokemontcg.io/smp/SM45_hires.png,2026/08/08,2026/02/19,3.44,2.4800000190734863,3.4200000762939453,56.75,,,,,,1.9379,0.346,2.0302,0.0,1.7302000522613525,1.9379,2.1686,0.7959,2.3185,1.2573,1.1535,2026-08-09
ex12-58,Magby,normal,Legend Maker,58,Common,Yuka Morii,Basic,240,Pokémon,2006/02/01,"tcgplayer,cardmarket",https://prices.pokemontcg.io/tcgplayer/ex12-58,https://images.pokemontcg.io/ex12/58_hires.png,2026/08/08,2026/02/19,3.88,2.2100000381469727,4.230000019073486,49.9900016784668,,23.58,,,,0.8074,0.0231,1.0381,11.708,1.038100004196167,0.9805,0.8767,9.8048,7.8207,5.5945,1.1535,2026-08-09
bw9-54,Yamask,normal,Plasma Freeze,54,Common,Masakazu Fukuda,Basic,562,Pokémon,2013/05/08,"tcgplayer,cardmarket",https://prices.pokemontcg.io/tcgplayer/bw9-54,https://images.pokemontcg.io/bw9/54_hires.png,2026/08/08,2026/02/04,0.34,0.10000000149011612,0.30000001192092896,23.489999771118164,,0.89,,,,0.1615,0.0231,0.1269,0.2307,0.04610000178217888,0.0923,0.1269,0.5767,0.4845,0.4845,1.1535,2026-08-09
dp6-49,Castform Rain Form,normal,Legends Awakened,49,Uncommon,Emi Yoshida,Basic,351,Pokémon,2008/08/01,"tcgplayer,cardmarket",https://prices.pokemontcg.io/tcgplayer/dp6-49,https://images.pokemontcg.io/dp6/49_hires.png,2026/08/08,2026/02/21,2.59,1.25,2.7200000286102295,35.79999923706055,,12.39,,,,0.6344,0.1154,0.6344,3.2413,0.34599998593330383,0.4845,0.8074,1.9609,1.9956,2.0532,1.1535,2026-08-09
sm75-52,Jangmo-o,normal,Dragon Majesty,52,Common,Yusuke Ohmura,Basic,782,Pokémon,2018/09/07,"tcgplayer,cardmarket",https://prices.pokemontcg.io/tcgplayer/sm75-52,https://images.pokemontcg.io/sm75/52_hires.png,2026/08/08,2026/02/19,0.22,0.029999999329447746,0.25,15.640000343322754,,1.1,,,,0.2999,0.0231,0.4499,0.7498,0.13840000331401825,0.2999,0.173,0.4499,0.6806,0.5998,1.1535,2026-08-09
xy1-54,Phantump,normal,XY,54,Common,5ban Graphics,Basic,708,Pokémon,2014/02/05,"tcgplayer,cardmarket",https://prices.pokemontcg.io/tcgplayer/xy1-54,https://images.pokemontcg.io/xy1/54_hires.png,2026/08/08,2026/02/19,0.32,0.05000000074505806,0.27000001072883606,1000.0,,1.63,,,,0.1615,0.0231,0.1615,1.1535,0.17299999296665192,0.1846,0.1269,0.2884,0.646,0.5306,1.1535,2026-08-09
ex2-47,Murkrow,normal,Sandstorm,47,Uncommon,Mitsuhiro Arita,Basic,198,Pokémon,2003/09/18,"tcgplayer,cardmarket",https://prices.pokemontcg.io/tcgplayer/ex2-47,https://images.pokemontcg.io/ex2/47_hires.png,2026/08/08,2026/06/21,2.46,1.75,7.0,33.099998474121094,,13.86,,,,1.7649,0.5191,1.5918,8.9512,1.2458000183105469,2.2724,2.3416,5.0754,9.0088,7.1517,1.1535,2026-08-09
hgss1-60,Clefairy,normal,HeartGold & SoulSilver,60,Common,Masakazu Fukuda,Basic,35,Pokémon,2010/02/10,"tcgplayer,cardmarket",https://prices.pokemontcg.io/tcgplayer/hgss1-60,https://images.pokemontcg.io/hgss1/60_hires.png,2026/08/08,2026/02/19,2.39,0.4000000059604645,1.0,19.979999542236328,,6.13,,,,0.5191,0.0231,0.8421,2.8491,0.23070000112056732,0.7267,0.5652,3.9796,2.5723,2.0648,1.1535,2026-08-09
sm6-49,Aegislash,normal,Forbidden Light,49,Rare,Anesaki Dynamic,Stage 2,681,Pokémon,2018/05/04,"tcgplayer,cardmarket",https://prices.pokemontcg.io/tcgplayer/sm6-49,https://images.pokemontcg.io/sm6/49_hires.png,2026/08/08,2026/02/04,0.35,0.15000000596046448,0.38999998569488525,1.690000057220459,,0.62,,,,0.5767,0.0577,0.4037,0.8651,0.51910001039505,0.4614,0.3691,1.0958,0.7267,0.6114,1.1535,2026-08-09
sm9-56,Nidoqueen,normal,Team Up,56,Rare,nagimiso,Stage 2,31,Pokémon,2019/02/01,"tcgplayer,cardmarket",https://prices.pokemontcg.io/tcgplayer/sm9-56,https://images.pokemontcg.io/sm9/56_hires.png,2026/08/08,2026/02/04,0.71,0.44999998807907104,0.7099999785423279,19.979999542236328,,1.28,,,,1.4073,0.173,1.4765,2.8261,1.5571999549865723,1.1535,1.315,2.307,2.4916,2.4224,1.1535,2026-08-09
ecard1-45,Fearow,normal,Expedition Base Set,45,Rare,Kyoko Umemoto,Stage 1,22,Pokémon,2002/09/15,"tcgplayer,cardmarket",https://prices.pokemontcg.io/tcgplayer/ecard1-45,https://images.pokemontcg.io/ecard1/45_hires.png,2026/08/08,2026/06/21,9.76,8.170000076293945,14.989999771118164,114.9000015258789,,41.66,,,,3.9219,0.9228,3.5066,8.1206,2.134000062942505,3.0683,3.7027,4.4986,7.6362,6.771,1.1535,2026-08-09
bw10-58,Lairon,normal,Plasma Blast,58,Uncommon,Masakazu Fukuda,Stage 1,305,Pokémon,2013/08/14,"tcgplayer,cardmarket",https://prices.pokemontcg.io/tcgplayer/bw10-58,https://images.pokemontcg.io/bw10/58_hires.png,2026/08/08,2026/02/04,0.78,0.20000000298023224,0.5899999737739563,19.979999542236328,,0.93,,,,0.3922,0.0231,0.2653,1.142,0.24220000207424164,0.2307,0.323,4.614,1.8341,1.1304,1.1535,2026-08-09
sm3-50,Seviper,normal,Burning Shadows,50,Uncommon,Eri Yamaki,Basic,336,Pokémon,2017/08/05,"tcgplayer,cardmarket",https://prices.pokemontcg.io/tcgplayer/sm3-50,https://images.pokemontcg.io/sm3/50_hires.png,2026/08/08,2026/02/19,0.19,0.009999999776482582,0.20000000298023224,3.0,,0.21,,,,0.1384,0.0231,0.1269,0.4383,0.12690000236034393,0.1038,0.1154,0.2192,0.4729,0.323,1.1535,2026-08-09
xy2-61,Durant,normal,Flashfire,61,Rare,Midori Harada,Basic,632,Pokémon,2014/05/07,"tcgplayer,cardmarket",https://prices.pokemontcg.io/tcgplayer/xy2-61,https://images.pokemontcg.io/xy2/61_hires.png,2026/08/08,2026/02/04,0.36,0.20000000298023224,0.4000000059604645,19.989999771118164,,0.93,,,,0.2999,0.1154,0.4268,1.0381,0.40369999408721924,0.5537,0.5537,0.8074,0.9459,0.819,1.1535,2026-08-09
hgss3-53,Houndour,normal,HS—Undaunted,53,Common,kawayoo,Basic,228,Pokémon,2010/08/18,"tcgplayer,cardmarket",https://prices.pokemontcg.io/tcgplayer/hgss3-53,https://images.pokemontcg.io/hgss3/53_hires.png,2026/08/08,2026/02/19,0.69,0.25,0.5400000214576721,19.979999542236328,,5.42,,,,0.2768,0.0231,0.323,0.6114,0.5651999711990356,0.2653,0.2538,5.7675,1.4188,1.3265,1.1535,2026-08-09
dp1-56,Monferno,normal,Diamond & Pearl,56,Uncommon,Ken Sugimori,Stage 1,391,Pokémon,2007/05/01,"tcgplayer,cardmarket",https://prices.pokemontcg.io/tcgplayer/dp1-56,https://images.pokemontcg.io/dp1/56_hires.png,2026/08/08,2026/02/19,0.7,0.15000000596046448,0.5,19.979999542236328,,4.15,,,,0.2422,0.0231,0.3114,1.3496,0.28839999437332153,0.4383,0.2999,0.8651,1.8571,2.2378,1.1535,2026-08-09
ecard2-27,Parasect,normal,Aquapolis,27,Rare,Masako Yamashita,Stage 1,47,Pokémon,2003/01/15,"tcgplayer,cardmarket",https://prices.pokemontcg.io/tcgplayer/ecard2-27,https://images.pokemontcg.io/ecard2/27_hires.png,2026/08/08,2026/06/21,12.56,8.359999656677246,17.770000457763672,199.5,,38.04,,,,4.291,0.346,5.2369,7.1632,11.477299690246582,4.9024,4.6255,21.905,10.9813,10.9467,1.1535,2026-08-09
basep-51,Rapidash,normal,Wizards Black Star Promos,51,Promo,Mitsuhiro Arita,Stage 1,78,Pokémon,1999/07/01,"tcgplayer,cardmarket",https://prices.pokemontcg.io/tcgplayer/basep-51,https://images.pokemontcg.io/basep/51_hires.png,2026/08/08,2026/06/22,50.94,32.66999816894531,59.9900016784668,9999.0,,,,,,87.0777,40.3725,94.264,0.0,98.03600311279297,86.1549,75.485,6.3442,6.3442,6.3442,1.1535,2026-08-09
ex11-52,Rapidash,normal,Delta Species,52,Uncommon,Atsuko Nishida,Stage 1,78,Pokémon,2005/10/31,"tcgplayer,cardmarket",https://prices.pokemontcg.io/tcgplayer/ex11-52,https://images.pokemontcg.io/ex11/52_hires.png,2026/08/08,2026/03/07,2.0,1.0,2.0,28.100000381469727,,44.61,,,,0.992,0.0231,0.5537,2.307,0.57669997215271,0.669,1.0381,16.149,10.37,18.2138,1.1535,2026-08-09
bw2-46,Gothorita,normal,Emerging Powers,46,Uncommon,Naoki Saito,Stage 1,575,Pokémon,2011/08/31,"tcgplayer,cardmarket",https://prices.pokemontcg.io/tcgplayer/bw2-46,https://images.pokemontcg.io/bw2/46_hires.png,2026/08/08,2026/03/07,0.49,0.15000000596046448,0.47999998927116394,19.979999542236328,,1.14,,,,0.2422,0.0231,0.2422,0.5537,0.17299999296665192,0.2538,0.2307,1.1535,0.6806,0.6344,1.1535,2026-08-09
pl2-49,Sharpedo,normal,Rising Rivals,49,Uncommon,Kouki Saitou,Stage 1,319,Pokémon,2009/05/16,"tcgplayer,cardmarket",https://prices.pokemontcg.io/tcgplayer/pl2-49,https://images.pokemontcg.io/pl2/49_hires.png,2026/08/08,2026/02/22,0.76,0.25,0.6200000047683716,19.979999542236328,,3.15,,,,0.2884,0.0346,0.2192,1.0151,0.03460000082850456,0.1846,0.3114,1.4419,1.4765,1.6841,1.1535,2026-08-09
bw8-53,Zubat,normal,Plasma Storm,53,Common,Mizue,Basic,41,Pokémon,2013/02/06,"tcgplayer,cardmarket",https://prices.pokemontcg.io/tcgplayer/bw8-53,https://images.pokemontcg.io/bw8/53_hires.png,2026/08/08,2026/02/19,0.47,0.23999999463558197,0.4300000071525574,19.979999542236328,,5.0,,,,0.2538,0.0231,0.2192,1.5457,0.219200000166893,0.173,0.2422,0.7959,1.6034,1.3727,1.1535,2026-08-09
bw1-50,Woobat,normal,Black & White,50,Common,MAHOU,Basic,527,Pokémon,2011/04/25,"tcgplayer,cardmarket",https://prices.pokemontcg.io/tcgplayer/bw1-50,https://images.pokemontcg.io/bw1/50_hires.png,2026/08/08,2026/02/22,0.3,0.03999999910593033,0.2800000011920929,19.979999542236328,,1.17,,,,0.173,0.0231,0.15,0.6344,0.05770000070333481,0.0923,0.1384,0.346,0.5883,0.9805,1.1535,2026-08-09
dp5-48,Sudowoodo,normal,Majestic Dawn,48,Uncommon,Kouki Saitou,Basic,185,Pokémon,2008/05/01,"tcgplayer,cardmarket",https://prices.pokemontcg.io/tcgplayer/dp5-48,https://images.pokemontcg.io/dp5/48_hires.png,2026/08/08,2026/02/22,0.78,0.3799999952316284,0.7799999713897705,19.979999542236328,,3.0,,,,0.2768,0.0231,0.2653,1.2689,0.09229999780654907,0.2768,0.323,0.5537,0.9343,0.8651,1.1535,2026-08-09
pl1-54,Mightyena,normal,Platinum,54,Uncommon,Kouki Saitou,Stage 1,262,Pokémon,2009/02/11,"tcgplayer,cardmarket",https://prices.pokemontcg.io/tcgplayer/pl1-54,https://images.pokemontcg.io/pl1/54_hires.png,2026/08/08,2026/02/21,0.82,0.30000001192092896,0.75,19.979999542236328,,10.99,,,,0.4499,0.0577,0.5421,0.0,1.153499960899353,0.5652,0.5075,1.4534,1.8917,1.1189,1.1535,2026-08-09
bw5-46,Eelektrik,normal,Dark Explorers,46,Uncommon,Kagemaru Himeno,Stage 1,603,Pokémon,2012/05/09,"tcgplayer,cardmarket",https://prices.pokemontcg.io/tcgplayer/bw5-46,https://images.pokemontcg.io/bw5/46_hires.png,2026/08/08,2026/02/22,0.47,0.23999999463558197,0.47999998927116394,19.979999542236328,,1.08,,,,0.2307,0.0231,0.3114,0.7036,0.23070000112056732,0.323,0.3576,0.5306,0.6344,0.6575,1.1535,2026-08-09
xy11-56,Anorith,normal,Steam Siege,56,Uncommon,Shigenori Negishi,Restored,347,Pokémon,2016/08/03,"tcgplayer,cardmarket",https://prices.pokemontcg.io/tcgplayer/xy11-56,https://images.pokemontcg.io/xy11/56_hires.png,2026/08/08,2026/02/19,0.16,0.029999999329447746,0.23000000417232513,19.979999542236328,,0.85,,,,0.1615,0.0231,0.15,0.5075,0.05770000070333481,0.1615,0.1615,0.8074,0.5191,0.7036,1.1535,2026-08-09
bw7-56,Blitzle,normal,Boundaries Crossed,56,Common,Midori Harada,Basic,522,Pokémon,2012/11/07,"tcgplayer,cardmarket",https://prices.pokemontcg.io/tcgplayer/bw7-56,https://images.pokemontcg.io/bw7/56_hires.png,2026/08/08,2026/02/04,0.32,0.10000000149011612,0.3199999928474426,1.4900000095367432,,1.61,,,,0.173,0.0231,0.1846,0.5767,0.05770000070333481,0.173,0.15,0.5767,1.2573,0.8651,1.1535,2026-08-09
sm4-44,Pumpkaboo,normal,Crimson Invasion,44,Common,Miki Tanaka,Basic,710,Pokémon,2017/11/03,"tcgplayer,cardmarket",https://prices.pokemontcg.io/tcgplayer/sm4-44,https://images.pokemontcg.io/sm4/44_hires.png,2026/08/08,2026/02/22,0.2,0.03999999910593033,0.23999999463558197,18.780000686645508,,0.39,,,,0.0577,0.0231,0.0461,0.2538,0.04610000178217888,0.0577,0.0577,0.2307,0.2076,0.2653,1.1535,2026-08-09
sm2-51a,Garbodor,,Guardians Rising,51a,Rare,nagimiso,Stage 1,569,Pokémon,2017/05/05,cardmarket,https://prices.pokemontcg.io/cardmarket/sm2-51a,https://images.pokemontcg.io/sm2/51a_hires.png,,2026/02/04,,,,,,,,,,0.7267,0.2076,0.4729,0.0,0.8651000261306763,0.5537,0.8767,0.4037,0.5421,0.6921,1.1535,2026-08-09
ex4-55,Team Aqua's Poochyena,normal,Team Magma vs Team Aqua,55,Common,Shin-ichi Yoshikawa,Basic,261,Pokémon,2004/03/01,"tcgplayer,cardmarket",https://prices.pokemontcg.io/tcgplayer/ex4-55,https://images.pokemontcg.io/ex4/55_hires.png,2026/08/08,2026/03/11,1.64,0.5,1.6699999570846558,24.3799991607666,,12.14,,,,0.9459,0.0346,1.1074,4.0373,1.7302000522613525,0.9113,0.6575,4.0373,7.6938,5.9405,1.1535,2026-08-09
sm2-52,Gothita,normal,Guardians Rising,52,Common,Yuka Morii,Basic,574,Pokémon,2017/05/05,"tcgplayer,cardmarket",https://prices.pokemontcg.io/tcgplayer/sm2-52,https://images.pokemontcg.io/sm2/52_hires.png,2026/08/08,2026/02/04,0.42,0.05000000074505806,0.41999998688697815,19.799999237060547,,1.11,,,,0.1384,0.0231,0.2076,0.4153,0.13840000331401825,0.1846,0.1269,0.5652,0.4499,0.3576,1.1535,2026-08-09
sm10-45,Dewgong,normal,Unbroken Bonds,45,Rare,Kagemaru Himeno,Stage 1,87,Pokémon,2019/05/03,"tcgplayer,cardmarket",https://prices.pokemontcg.io/tcgplayer/sm10-45,https://images.pokemontcg.io/sm10/45_hires.png,2026/08/08,2026/02/04,0.4,0.23000000417232513,0.4000000059604645,19.979999542236328,,0.75,,,,1.1189,0.0923,0.9113,1.5111,0.29989999532699585,0.7613,0.8074,1.5572,1.5226,1.488,1.1535,2026-08-09
ecard1-46,Feraligatr,normal,Expedition Base Set,46,Rare,Hiromichi Sugiyama,Stage 2,160,Pokémon,2002/09/15,"tcgplayer,cardmarket",https://prices.pokemontcg.io/tcgplayer/ecard1-46,https://images.pokemontcg.io/ecard1/46_hires.png,2026/08/08,2026/06/21,19.27,30.0,167.1999969482422,187.47999572753906,,62.5,,,,6.3673,0.5767,9.7471,27.9724,5.582900047302246,12.354,8.2475,9.2165,17.2102,13.9112,1.1535,2026-08-09
sm11-49,Araquanid,normal,Unified Minds,49,Rare,Misa Tsutsui,Stage 1,752,Pokémon,2019/08/02,"tcgplayer,cardmarket",https://prices.pokemontcg.io/tcgplayer/sm11-49,https://images.pokemontcg.io/sm11/49_hires.png,2026/08/08,2026/02/19,0.3,0.15000000596046448,0.3100000023841858,1.9900000095367432,,0.42,,,,0.1846,0.0231,0.2307,0.5883,0.57669997215271,0.2538,0.2307,1.7302,0.8651,0.7267,1.1535,2026-08-09
g1-41,Machoke,normal,Generations,41,Uncommon,Mitsuhiro Arita,Stage 1,67,Pokémon,2016/02/22,"tcgplayer,cardmarket",https://prices.pokemontcg.io/tcgplayer/g1-41,https://images.pokemontcg.io/g1/41_hires.png,2026/08/08,2026/02/24,0.4,0.03999999910593033,0.4000000059604645,4.989999771118164,,0.88,,,,0.3807,0.0231,0.3114,1.0381,0.23070000112056732,0.2422,0.2768,2.1916,1.2112,1.1074,1.1535,2026-08-09
sm8-52,Blacephalon-GX,holofoil,Lost Thunder,52,Rare Holo GX,5ban Graphics,Basic|GX|Ultra Beast,806,Pokémon,2018/11/02,"tcgplayer,cardmarket",https://prices.pokemontcg.io/tcgplayer/sm8-52,https://images.pokemontcg.io/sm8/52_hires.png,2026/08/08,2026/02/01,13.85,11.279999732971191,13.850000381469727,124.6500015258789,,,,,,5.3638,0.0,5.3638,0.0,5.363800048828125,5.3638,5.3638,0.0,0.0,0.0,1.1535,2026-08-09
dp7-47,Pupitar,normal,Stormfront,47,Uncommon,Hajime Kusajima,Stage 1,247,Pokémon,2008/11/01,"tcgplayer,cardmarket",https://prices.pokemontcg.io/tcgplayer/dp7-47,https://images.pokemontcg.io/dp7/47_hires.png,2026/08/08,2026/03/11,0.57,0.20000000298023224,0.49000000953674316,22.489999771118164,,2.56,,,,0.1384,0.0231,0.2307,0.5306,0.06920000165700912,0.2192,0.1615,0.2192,0.9228,1.1766,1.1535,2026-08-09
ex10-54,Cyndaquil,normal,Unseen Forces,54,Common,Hajime Kusajima,Basic,155,Pokémon,2005/08/01,"tcgplayer,cardmarket",https://prices.pokemontcg.io/tcgplayer/ex10-54,https://images.pokemontcg.io/ex10/54_hires.png,2026/08/08,2026/03/08,2.49,0.6000000238418579,1.6699999570846558,19.5,,41.65,,,,0.2884,0.0231,0.3807,7.4055,0.6344000101089478,0.323,0.323,11.535,9.2741,8.4898,1.1535,2026-08-09
ex1-44,Skitty,normal,Ruby & Sapphire,44,Uncommon,Midori Harada,Basic,300,Pokémon,2003/07/01,"tcgplayer,cardmarket",https://prices.pokemontcg.io/tcgplayer/ex1-44,https://images.pokemontcg.io/ex1/44_hires.png,2026/08/08,2026/06/22,8.0,5.289999961853027,8.850000381469727,98.9000015258789,,13.15,,,,2.134,0.0577,2.8145,5.4791,5.975100040435791,3.5066,2.9876,2.4224,4.2449,5.0293,1.1535,2026-08-09
pl3-49,Altaria C,normal,Supreme Victors,49,Uncommon,kawayoo,Basic|SP,334,Pokémon,2009/08/19,"tcgplayer,cardmarket",https://prices.pokemontcg.io/tcgplayer/pl3-49,https://images.pokemontcg.io/pl3/49_hires.png,2026/08/08,2026/02/19,3.17,1.6200000047683716,5.0,199.89999389648438,,21.49,,,,2.307,0.4614,2.3301,3.6451,1.7302000522613525,1.165,1.8917,1.142,3.3682,3.795,1.1535,2026-08-09
sm7-55,Oricorio,normal,Celestial Storm,55,Uncommon,Sekio,Basic,741,Pokémon,2018/08/03,"tcgplayer,cardmarket",https://prices.pokemontcg.io/tcgplayer/sm7-55,https://images.pokemontcg.io/sm7/55_hires.png,2026/08/08,2026/02/04,0.32,0.1899999976158142,0.3100000023841858,19.979999542236328,,0.44,,,,0.346,0.0231,0.2422,0.8997,0.17299999296665192,0.2653,0.2076,1.0381,0.7959,0.5537,1.1535,2026-08-09
base4-54,Nidorino,normal,Base Set 2,54,Uncommon,Mitsuhiro Arita,Stage 1,33,Pokémon,2000/02/24,"tcgplayer,cardmarket",https://prices.pokemontcg.io/tcgplayer/base4-54,https://images.pokemontcg.io/base4/54_hires.png,2026/08/08,2026/03/11,1.42,0.49000000953674316,1.2599999904632568,53.90999984741211,,,,,,2.2263,0.2884,2.134,0.0,2.249300003051758,2.1801,1.9609,0.2884,0.2884,0.2884,1.1535,2026-08-09
dp1-57,Nuzleaf,normal,Diamond & Pearl,57,Uncommon,Kagemaru Himeno,Stage 1,274,Pokémon,2007/05/01,"tcgplayer,cardmarket",https://prices.pokemontcg.io/tcgplayer/dp1-57,https://images.pokemontcg.io/dp1/57_hires.png,2026/08/08,2026/02/19,0.51,0.12999999523162842,0.44999998807907104,19.979999542236328,,1.97,,,,0.2538,0.0231,0.4037,1.1881,0.46140000224113464,0.4499,0.2884,0.6344,1.0381,1.5226,1.1535,2026-08-09
swsh4-51,Electrike,normal,Vivid Voltage,51,Common,Kyoko Umemoto,Basic,309,Pokémon,2020/11/13,"tcgplayer,cardmarket",https://prices.pokemontcg.io/tcgplayer/swsh4-51,https://images.pokemontcg.io/swsh4/51_hires.png,2026/08/08,2026/02/19,0.06,0.009999999776482582,0.15000000596046448,25.059999465942383,,0.23,,,,0.0346,0.0231,0.0577,0.2538,0.023099999874830246,0.0461,0.0346,0.2307,0.2768,0.2422,1.1535,2026-08-09
bw6-52,Sigilyph,holofoil,Dragons Exalted,52,Rare Holo,Ryo Ueda,Basic,561,Pokémon,2012/08/15,"tcgplayer,cardmarket",https://prices.pokemontcg.io/tcgplayer/bw6-52,https://images.pokemontcg.io/bw6/52_hires.png,2026/08/08,2026/02/19,0.66,0.41999998688697815,0.75,19.979999542236328,,0.94,,,,0.8074,0.1154,0.7613,2.0186,0.6805999875068665,0.9805,1.2458,2.0186,1.2689,1.4765,1.1535,2026-08-09
ex7-52,Dratini,normal,Team Rocket Returns,52,Common,Sachiko Adachi,Basic,147,Pokémon,2004/11/01,"tcgplayer,cardmarket",https://prices.pokemontcg.io/tcgplayer/ex7-52,https://images.pokemontcg.io/ex7/52_hires.png,2026/08/08,2026/03/07,3.43,1.7000000476837158,3.450000047683716,95.5199966430664,,79.51,,,,1.2342,0.0577,1.0958,26.519,1.2111999988555908,0.8536,1.0035,29.991,39.5304,22.2741,1.1535,2026-08-09
ex2-48,Nuzleaf,normal,Sandstorm,48,Uncommon,Atsuko Nishida,Stage 1,274,Pokémon,2003/09/18,"tcgplayer,cardmarket",https://prices.pokemontcg.io/tcgplayer/ex2-48,https://images.pokemontcg.io/ex2/48_hires.png,2026/08/08,2026/06/21,0.63,0.44999998807907104,0.6899999976158142,20.719999313354492,,11.81,,,,0.5767,0.0346,0.5767,0.0,0.28839999437332153,0.6344,0.5767,0.8074,3.5989,3.6797,1.1535,2026-08-09
ecard2-28,Porygon2,normal,Aquapolis,28,Rare,Hikaru Koike,Stage 1,233,Pokémon,2003/01/15,"tcgplayer,cardmarket",https://prices.pokemontcg.io/tcgplayer/ecard2-28,https://images.pokemontcg.io/ecard2/28_hires.png,2026/08/08,2026/02/21,13.65,7.650000095367432,18.329999923706055,78.05999755859375,,98.23,,,,4.0834,1.1535,3.8181,3.5758,1.153499960899353,3.7373,2.8722,9.1703,4.6832,6.6788,1.1535,2026-08-09
ex14-51,Duskull,normal,Crystal Guardians,51,Common,Yukiko Baba,Basic,355,Pokémon,2006/08/01,"tcgplayer,cardmarket",https://prices.pokemontcg.io/tcgplayer/ex14-51,https://images.pokemontcg.io/ex14/51_hires.png,2026/08/08,2026/03/08,0.59,0.14000000059604645,0.5,18.719999313354492,,13.27,,,,0.4729,0.0231,0.4037,3.5989,0.219200000166893,0.4499,0.346,2.0186,3.1145,4.1872,1.1535,2026-08-09
sm35-44,Golurk,normal,Shining Legends,44,Uncommon,Kagemaru Himeno,Stage 1,623,Pokémon,2017/10/06,"tcgplayer,cardmarket",https://prices.pokemontcg.io/tcgplayer/sm35-44,https://images.pokemontcg.io/sm35/44_hires.png,2026/08/08,2026/02/22,0.18,0.07999999821186066,0.2199999988079071,19.979999542236328,,0.48,,,,0.0807,0.0231,0.0807,0.3922,0.11540000140666962,0.0692,0.0923,0.5191,0.4614,0.3691,1.1535,2026-08-09
base3-57,Zubat,unlimited,Fossil,57,Common,Kagemaru Himeno,Basic,41,Pokémon,1999/10/10,"tcgplayer,cardmarket",https://prices.pokemontcg.io/tcgplayer/base3-57,https://images.pokemontcg.io/base3/57_hires.png,2026/08/08,2026/06/21,0.49,0.11999999731779099,0.49000000953674316,9999.0,,,,,"{""1stEdition"": {""low"": 0.77, ""mid"": 2.36, ""high"": 66.53, ""market"": 2.42, ""directLow"": null}}",0.5998,0.0231,0.7959,0.0,0.6114000082015991,0.6229,0.6229,0.346,0.1961,0.1961,1.1535,2026-08-09
pl2-50,Starmie,normal,Rising Rivals,50,Uncommon,Ken Sugimori,Stage 1,121,Pokémon,2009/05/16,"tcgplayer,cardmarket",https://prices.pokemontcg.io/tcgplayer/pl2-50,https://images.pokemontcg.io/pl2/50_hires.png,2026/08/08,2026/02/22,0.6,0.10000000149011612,0.5,19.979999542236328,,1.42,,,,0.1846,0.0231,0.2076,0.7267,0.023099999874830246,0.2653,0.2192,0.4383,0.6229,0.8536,1.1535,2026-08-09
bw9-55,Yamask,normal,Plasma Freeze,55,Common,Kagemaru Himeno,Basic,562,Pokémon,2013/05/08,"tcgplayer,cardmarket",https://prices.pokemontcg.io/tcgplayer/bw9-55,https://images.pokemontcg.io/bw9/55_hires.png,2026/08/08,2026/02/04,0.25,0.05000000074505806,0.25,19.979999542236328,,0.55,,,,0.0923,0.0231,0.0923,0.4614,0.10379999876022339,0.1038,0.1154,0.4614,0.5075,0.5421,1.1535,2026-08-09
sm9-57,Nidoran ♂,normal,Team Up,57,Common,Naoyo Kimura,Basic,32,Pokémon,2019/02/01,"tcgplayer,cardmarket",https://prices.pokemontcg.io/tcgplayer/sm9-57,https://images.pokemontcg.io/sm9/57_hires.png,2026/08/08,2026/02/04,0.24,0.07000000029802322,0.25,19.979999542236328,,0.57,,,,0.173,0.0231,0.1961,0.7728,0.05770000070333481,0.1269,0.1846,1.142,0.9228,0.6229,1.1535,2026-08-09
pl1-55,Mismagius,normal,Platinum,55,Uncommon,Kagemaru Himeno,Stage 1,429,Pokémon,2009/02/11,"tcgplayer,cardmarket",https://prices.pokemontcg.io/tcgplayer/pl1-55,https://images.pokemontcg.io/pl1/55_hires.png,2026/08/08,2026/02/21,0.52,0.25,0.5,19.979999542236328,,3.68,,,,0.2999,0.0231,0.2307,0.3807,0.12690000236034393,0.2884,0.2999,0.6921,2.1801,1.0381,1.1535,2026-08-09
ex5-46,Rhydon,normal,Hidden Legends,46,Uncommon,Atsuko Nishida,Stage 1,112,Pokémon,2004/06/01,"tcgplayer,cardmarket",https://prices.pokemontcg.io/tcgplayer/ex5-46,https://images.pokemontcg.io/ex5/46_hires.png,2026/08/08,2026/06/07,1.35,1.0,1.3899999856948853,40.0,,19.74,,,,1.3957,0.0461,0.9113,1.1535,0.17299999296665192,1.1996,1.0958,1.1535,4.0257,6.1366,1.1535,2026-08-09
ex15-43,Bagon δ,normal,Dragon Frontiers,43,Common,Hajime Kusajima,Basic,371,Pokémon,2006/11/01,"tcgplayer,cardmarket",https://prices.pokemontcg.io/tcgplayer/ex15-43,https://images.pokemontcg.io/ex15/43_hires.png,2026/08/08,2026/03/11,0.75,0.38999998569488525,0.7699999809265137,19.15999984741211,,22.6,,,,0.5075,0.0231,0.819,4.9485,0.51910001039505,0.8074,0.5883,2.8838,4.464,5.2023,1.1535,2026-08-09
xy2-62,Flabébé,normal,Flashfire,62,Common,5ban Graphics,Basic,669,Pokémon,2014/05/07,"tcgplayer,cardmarket",https://prices.pokemontcg.io/tcgplayer/xy2-62,https://images.pokemontcg.io/xy2/62_hires.png,2026/08/08,2026/02/04,0.21,0.15000000596046448,0.25999999046325684,23.489999771118164,,1.54,,,,0.15,0.0231,0.2076,0.7382,0.23070000112056732,0.1961,0.1269,0.346,0.7036,0.7267,1.1535,2026-08-09
xy7-55,Cottonee,normal,Ancient Origins,55,Common,Kanako Eo,Basic,546,Pokémon,2015/08/12,"tcgplayer,cardmarket",https://prices.pokemontcg.io/tcgplayer/xy7-55,https://images.pokemontcg.io/xy7/55_hires.png,2026/08/08,2026/02/04,0.31,0.029999999329447746,0.28999999165534973,19.979999542236328,,0.69,,,,0.1038,0.0231,0.1269,0.3807,0.05770000070333481,0.1615,0.1154,0.5537,0.346,0.5767,1.1535,2026-08-09
sm1-51,Charjabug,normal,Sun & Moon,51,Uncommon,Naoki Saito,Stage 1,737,Pokémon,2017/02/03,"tcgplayer,cardmarket",https://prices.pokemontcg.io/tcgplayer/sm1-51,https://images.pokemontcg.io/sm1/51_hires.png,2026/08/08,2026/02/19,0.17,0.009999999776482582,0.20000000298023224,18.5,,0.29,,,,0.0923,0.0231,0.0692,0.2999,0.12690000236034393,0.0577,0.1038,0.2538,0.3114,0.2999,1.1535,2026-08-09
xy12-49,Drowzee,normal,Evolutions,49,Common,Ken Sugimori,Basic,96,Pokémon,2016/11/02,"tcgplayer,cardmarket",https://prices.pokemontcg.io/tcgplayer/xy12-49,https://images.pokemontcg.io/xy12/49_hires.png,2026/08/08,2026/02/19,0.14,0.009999999776482582,0.2199999988079071,5.949999809265137,,0.46,,,,0.0807,0.0231,0.0807,0.7267,0.05770000070333481,0.0692,0.0807,0.6344,0.8074,0.7844,1.1535,2026-08-09
ecard3-20,Magneton,normal,Skyridge,20,Rare,Kouki Saitou,Stage 1,82,Pokémon,2003/05/12,"tcgplayer,cardmarket",https://prices.pokemontcg.io/tcgplayer/ecard3-20,https://images.pokemontcg.io/ecard3/20_hires.png,2026/08/08,2026/06/21,26.27,30.530000686645508,101.29000091552734,328.5899963378906,,46.18,,,,6.6211,3.1145,11.0505,34.0282,35.75849914550781,9.5394,8.0514,4.614,23.22,30.2332,1.1535,2026-08-09
base2-46,Seaking,unlimited,Jungle,46,Uncommon,Kagemaru Himeno,Stage 1,119,Pokémon,1999/06/16,"tcgplayer,cardmarket",https://prices.pokemontcg.io/tcgplayer/base2-46,https://images.pokemontcg.io/base2/46_hires.png,2026/08/08,2026/06/27,1.39,0.30000001192092896,0.800000011920929,15.59000015258789,,,,,"{""1stEdition"": {""low"": 1.59, ""mid"": 4.87, ""high"": 39.64, ""market"": 5.81, ""directLow"": 38.06}}",2.2032,0.0231,2.157,0.0,1.61489999294281,1.7418,2.2378,2.307,1.6149,1.6149,1.1535,2026-08-09
sm5-53,Spiritomb,normal,Ultra Prism,53,Uncommon,Shin Nagasawa,Basic,442,Pokémon,2018/02/02,"tcgplayer,cardmarket",https://prices.pokemontcg.io/tcgplayer/sm5-53,https://images.pokemontcg.io/sm5/53_hires.png,2026/08/08,2026/02/01,0.07,0.05000000074505806,0.23999999463558197,19.979999542236328,,0.41,,,,0.1384,0.0231,0.1384,0.3807,0.2653000056743622,0.1384,0.1269,0.5767,0.3922,0.3807,1.1535,2026-08-09
pl4-56,Burmy Plant Cloak,normal,Arceus,56,Common,Kyoko Umemoto,Basic,412,Pokémon,2009/11/04,"tcgplayer,cardmarket",https://prices.pokemontcg.io/tcgplayer/pl4-56,https://images.pokemontcg.io/pl4/56_hires.png,2026/08/08,2026/02/19,0.42,0.15000000596046448,0.3799999952316284,19.979999542236328,,5.93,,,,0.1154,0.0231,0.1269,0.4614,0.11540000140666962,0.1615,0.1269,0.4614,1.5342,1.1881,1.1535,2026-08-09
dp5-49,Unown [Q],normal,Majestic Dawn,49,Uncommon,Kent Kanetsuna,Basic,201,Pokémon,2008/05/01,"tcgplayer,cardmarket",https://prices.pokemontcg.io/tcgplayer/dp5-49,https://images.pokemontcg.io/dp5/49_hires.png,2026/08/08,2026/02/21,6.4,3.9800000190734863,6.360000133514404,69.0999984741211,,18.62,,,,1.7418,0.0231,1.1535,4.2795,0.57669997215271,1.0035,1.3265,0.346,3.4605,5.1215,1.1535,2026-08-09
ex8-53,Baltoy,normal,Deoxys,53,Common,Kenkichi Toyama,Basic,343,Pokémon,2005/02/01,"tcgplayer,cardmarket",https://prices.pokemontcg.io/tcgplayer/ex8-53,https://images.pokemontcg.io/ex8/53_hires.png,2026/08/08,2026/03/08,0.56,0.20000000298023224,0.5400000214576721,19.979999542236328,,10.7,,,,0.4499,0.0231,0.0231,2.3647,0.11540000140666962,0.4037,5.0062,16.7257,4.8678,3.8642,1.1535,2026-08-09
bw3-50,Solosis,normal,Noble Victories,50,Common,Atsuko Nishida,Basic,577,Pokémon,2011/11/16,"tcgplayer,cardmarket",https://prices.pokemontcg.io/tcgplayer/bw3-50,https://images.pokemontcg.io/bw3/50_hires.png,2026/08/08,2026/02/21,0.32,0.10000000149011612,0.30000001192092896,19.979999542236328,,0.78,,,,0.2884,0.0231,0.2884,0.7382,0.57669997215271,0.2192,0.2076,0.0461,0.3922,0.5306,1.1535,2026-08-09
xyp-XY44,M Diancie-EX,holofoil,XY Black Star Promos,XY44,Promo,5ban Graphics,MEGA|EX,719,Pokémon,2013/10/12,"tcgplayer,cardmarket",https://prices.pokemontcg.io/tcgplayer/xyp-XY44,https://images.pokemontcg.io/xyp/XY44_hires.png,2026/08/08,2026/02/22,30.28,16.0,22.6299991607666,189.55999755859375,,,,,,17.3025,8.063,33.2208,0.0,17.302499771118164,28.5722,21.0629,11.535,13.1499,10.0701,1.1535,2026-08-09
bwp-BW42,Tornadus,reverseHolofoil,BW Black Star Promos,BW42,Promo,5ban Graphics,Basic,641,Pokémon,2011/03/01,"tcgplayer,cardmarket",https://prices.pokemontcg.io/tcgplayer/bwp-BW42,https://images.pokemontcg.io/bwp/BW42_hires.png,2026/08/08,2026/03/11,3.91,1.7400000095367432,3.9000000953674316,103.2699966430664,,,,,,0.0,2.8261,4.1987,2.8722,3.4605000019073486,3.5412,3.2529,2.8722,3.3336,2.6646,1.1535,2026-08-09
bw4-58,Munna,normal,Next Destinies,58,Common,Mitsuhiro Arita,Basic,517,Pokémon,2012/02/08,"tcgplayer,cardmarket",https://prices.pokemontcg.io/tcgplayer/bw4-58,https://images.pokemontcg.io/bw4/58_hires.png,2026/08/08,2026/02/19,0.24,0.05000000074505806,0.25,19.979999542236328,,0.71,,,,0.1961,0.0231,0.1961,0.9459,0.09229999780654907,0.1846,0.1615,1.7302,1.0843,0.7382,1.1535,2026-08-09
neo4-54,Light Wigglytuff,unlimited,Neo Destiny,54,Uncommon,Naoyo Kimura,Stage 1,40,Pokémon,2002/02/28,"tcgplayer,cardmarket",https://prices.pokemontcg.io/tcgplayer/neo4-54,https://images.pokemontcg.io/neo4/54_hires.png,2026/08/08,2026/02/21,16.24,8.989999771118164,16.25,84.69999694824219,,,,,"{""1stEdition"": {""low"": 29.99, ""mid"": 35.7, ""high"": 302.5, ""market"": 31.34, ""directLow"": null}}",6.2289,0.323,7.1056,0.0,3.7488999366760254,6.748,6.3096,1.1535,1.0728,1.0728,1.1535,2026-08-09
bw1-51,Swoobat,normal,Black & White,51,Uncommon,Kouki Saitou,Stage 1,528,Pokémon,2011/04/25,"tcgplayer,cardmarket",https://prices.pokemontcg.io/tcgplayer/bw1-51,https://images.pokemontcg.io/bw1/51_hires.png,2026/08/08,2026/02/22,0.39,0.20000000298023224,0.38999998569488525,19.979999542236328,,1.05,,,,0.346,0.0231,0.2768,0.992,0.484499990940094,0.2076,0.3114,2.307,1.0958,1.2458,1.1535,2026-08-09
xy5-55,Primal Kyogre-EX,holofoil,Primal Clash,55,Rare Holo EX,5ban Graphics,MEGA|EX,382,Pokémon,2015/02/04,"tcgplayer,cardmarket",https://prices.pokemontcg.io/tcgplayer/xy5-55,https://images.pokemontcg.io/xy5/55_hires.png,2026/08/08,2026/02/19,61.01,34.2400016784668,45.290000915527344,413.0,,,,,,11.4773,11.5235,23.0931,0.0,11.477299690246582,21.9857,19.8171,0.0,0.0,0.0,1.1535,2026-08-09
sm4-45,Gourgeist,normal,Crimson Invasion,45,Rare,kirisAki,Stage 1,711,Pokémon,2017/11/03,"tcgplayer,cardmarket",https://prices.pokemontcg.io/tcgplayer/sm4-45,https://images.pokemontcg.io/sm4/45_hires.png,2026/08/08,2026/02/22,0.32,0.05000000074505806,0.3199999928474426,19.979999542236328,,0.49,,,,0.3691,0.0231,0.3114,0.3922,0.219200000166893,0.3345,0.2653,0.7498,0.496,0.5191,1.1535,2026-08-09
xy11-57,Armaldo,normal,Steam Siege,57,Rare,Satoshi Shirai,Stage 1,348,Pokémon,2016/08/03,"tcgplayer,cardmarket",https://prices.pokemontcg.io/tcgplayer/xy11-57,https://images.pokemontcg.io/xy11/57_hires.png,2026/08/08,2026/02/19,0.41,0.15000000596046448,0.4000000059604645,19.979999542236328,,0.66,,,,0.4383,0.0231,0.4845,1.0612,0.4959999918937683,0.5075,0.4153,0.9805,1.165,1.2227,1.1535,2026-08-09
ex6-50,Wartortle,normal,FireRed & LeafGreen,50,Uncommon,Mitsuhiro Arita,Stage 1,8,Pokémon,2004/09/01,"tcgplayer,cardmarket",https://prices.pokemontcg.io/tcgplayer/ex6-50,https://images.pokemontcg.io/ex6/50_hires.png,2026/08/08,2026/03/11,4.72,3.2699999809265137,4.670000076293945,46.099998474121094,,46.29,,,,8.8243,0.2307,7.071,16.8526,3.3912999629974365,8.4782,4.2333,14.4187,58.494,29.7372,1.1535,2026-08-09
base5-50,Charmander,unlimited,Team Rocket,50,Common,Kagemaru Himeno,Basic,4,Pokémon,2000/04/24,"tcgplayer,cardmarket",https://prices.pokemontcg.io/tcgplayer/base5-50,https://images.pokemontcg.io/base5/50_hires.png,2026/08/08,2026/06/21,6.3,1.1799999475479126,3.3499999046325684,79.98999786376953,,,,,"{""1stEdition"": {""low"": 6.59, ""mid"": 12.62, ""high"": 79.99, ""market"": 13.08, ""directLow"": 12.92}}",5.283,0.0461,8.2821,0.0,4.1757001876831055,2.1224,5.2484,4.6025,9.9547,6.4596,1.1535,2026-08-09
xy3-43,Golurk,normal,Furious Fists,43,Rare,PLANETA,Stage 1,623,Pokémon,2014/08/13,"tcgplayer,cardmarket",https://prices.pokemontcg.io/tcgplayer/xy3-43,https://images.pokemontcg.io/xy3/43_hires.png,2026/08/08,2026/02/24,0.33,0.15000000596046448,0.33000001311302185,19.979999542236328,,0.88,,,,0.5652,0.0231,0.496,0.2884,0.31139999628067017,0.323,0.4614,2.8838,0.9689,1.488,1.1535,2026-08-09
dp6-50,Castform Snow-Cloud Form,normal,Legends Awakened,50,Uncommon,Saya Tsuruta,Basic,351,Pokémon,2008/08/01,"tcgplayer,cardmarket",https://prices.pokemontcg.io/tcgplayer/dp6-50,https://images.pokemontcg.io/dp6/50_hires.png,2026/08/08,2026/02/21,3.69,1.7400000095367432,3.5999999046325684,35.79999923706055,,6.01,,,,0.7267,0.0577,0.8421,1.3727,0.28839999437332153,0.6806,0.8651,2.8838,1.5803,2.0994,1.1535,2026-08-09
xy8-49,Raichu,normal,BREAKthrough,49,Rare,Masakazu Fukuda,Stage 1,26,Pokémon,2015/11/04,"tcgplayer,cardmarket",https://prices.pokemontcg.io/tcgplayer/xy8-49,https://images.pokemontcg.io/xy8/49_hires.png,2026/08/08,2026/02/19,1.1,0.4000000059604645,0.9900000095367432,4.980000019073486,,3.94,,,,1.6841,0.1384,1.3842,0.0,1.153499960899353,1.5342,1.8456,8.063,4.0949,4.1872,1.1535,2026-08-09
gym2-57,Sabrina's Jynx,unlimited,Gym Challenge,57,Uncommon,Atsuko Nishida,Basic,124,Pokémon,2000/10/16,"tcgplayer,cardmarket",https://prices.pokemontcg.io/tcgplayer/gym2-57,https://images.pokemontcg.io/gym2/57_hires.png,2026/08/08,2026/02/19,2.65,0.9200000166893005,2.619999885559082,7.0,,,,,"{""1stEdition"": {""low"": 2.99, ""mid"": 7.99, ""high"": 55.6, ""market"": 6.41, ""directLow"": null}}",3.2759,0.5191,3.3105,0.0,4.198699951171875,3.1375,3.3221,0.0,0.0,0.0,1.1535,2026-08-09
bw2-47,Gothitelle,holofoil,Emerging Powers,47,Rare Holo,Kagemaru Himeno,Stage 2,576,Pokémon,2011/08/31,"tcgplayer,cardmarket",https://prices.pokemontcg.io/tcgplayer/bw2-47,https://images.pokemontcg.io/bw2/47_hires.png,2026/08/08,2026/02/22,2.12,1.0,2.319999933242798,27.399999618530273,,2.55,,,,1.1881,0.1154,1.4765,1.142,2.2955000400543213,1.2573,1.5226,1.7072,1.5572,1.3727,1.1535,2026-08-09
basep-52,Ho-oh,normal,Wizards Black Star Promos,52,Promo,Mitsuhiro Arita,Basic,250,Pokémon,1999/07/01,"tcgplayer,cardmarket",https://prices.pokemontcg.io/tcgplayer/basep-52,https://images.pokemontcg.io/basep/52_hires.png,2026/08/08,2026/06/22,46.28,49.45000076293945,98.2699966430664,499.94000244140625,,,,,,92.2685,69.21,104.7032,0.0,98.04750061035156,90.6882,102.3731,0.0,0.0,0.0,1.1535,2026-08-09
swsh35-58,Piers,normal,Champion's Path,58,Uncommon,take,Supporter,,Trainer,2020/09/25,"tcgplayer,cardmarket",https://prices.pokemontcg.io/tcgplayer/swsh35-58,https://images.pokemontcg.io/swsh35/58_hires.png,2026/08/08,2026/02/19,0.24,0.03999999910593033,0.25,17.479999542236328,,0.32,,,,0.0923,0.0231,0.1038,0.3576,0.04610000178217888,0.0923,0.0923,0.0577,0.4153,0.346,1.1535,2026-08-09
neo1-48,Seadra,unlimited,Neo Genesis,48,Uncommon,Shin-ichi Yoshida,Stage 1,117,Pokémon,2000/12/16,"tcgplayer,cardmarket",https://prices.pokemontcg.io/tcgplayer/neo1-48,https://images.pokemontcg.io/neo1/48_hires.png,2026/08/08,2026/06/21,1.54,0.25,1.100000023841858,96.94999694824219,,,,,"{""1stEdition"": {""low"": 1.85, ""mid"": 2.75, ""high"": 37.4, ""market"": 3.04, ""directLow"": null}}",1.4303,0.0231,1.2573,0.0,0.40369999408721924,1.1304,1.2112,0.5767,1.2804,1.2804,1.1535,2026-08-09
swsh3-48,Cubchoo,normal,Darkness Ablaze,48,Common,Saya Tsuruta,Basic,613,Pokémon,2020/08/14,"tcgplayer,cardmarket",https://prices.pokemontcg.io/tcgplayer/swsh3-48,https://images.pokemontcg.io/swsh3/48_hires.png,2026/08/08,2026/02/19,0.03,0.009999999776482582,0.1599999964237213,25.040000915527344,,0.28,,,,0.0807,0.0231,0.0807,0.2422,0.04610000178217888,0.0692,0.0692,0.3691,0.2307,0.2307,1.1535,2026-08-09
col1-55,Cyndaquil,normal,Call of Legends,55,Common,Ken Sugimori,Basic,155,Pokémon,2011/02/09,"tcgplayer,cardmarket",https://prices.pokemontcg.io/tcgplayer/col1-55,https://images.pokemontcg.io/col1/55_hires.png,2026/08/08,2026/02/19,0.69,0.20000000298023224,0.699999988079071,19.979999542236328,,16.79,,,,0.3922,0.0231,0.4845,3.1145,0.3921999931335449,0.496,0.4037,2.7684,2.9645,5.9867,1.1535,2026-08-09
ex12-59,Magnemite,normal,Legend Maker,59,Common,Hiroki Fuchino,Basic,81,Pokémon,2006/02/01,"tcgplayer,cardmarket",https://prices.pokemontcg.io/tcgplayer/ex12-59,https://images.pokemontcg.io/ex12/59_hires.png,2026/08/08,2026/02/19,0.51,0.17000000178813934,0.49000000953674316,19.979999542236328,,17.32,,,,0.3114,0.0231,0.3576,4.6255,0.23070000112056732,0.323,0.323,5.7675,5.3753,4.4179,1.1535,2026-08-09
ex3-54,Corphish,normal,Dragon,54,Common,Hisao Nakamura,Basic,341,Pokémon,2003/11/24,"tcgplayer,cardmarket",https://prices.pokemontcg.io/tcgplayer/ex3-54,https://images.pokemontcg.io/ex3/54_hires.png,2026/08/08,2026/02/22,1.81,1.0,1.7400000095367432,19.979999542236328,,34.22,,,,0.4153,0.0577,0.2653,2.7569,0.17299999296665192,0.2884,0.4845,1.2919,2.1916,3.0452,1.1535,2026-08-09
smp-SM46,Seviper,holofoil,SM Black Star Promos,SM46,Promo,Eri Yamaki,Basic,336,Pokémon,2017/02/03,"tcgplayer,cardmarket",https://prices.pokemontcg.io/tcgplayer/smp-SM46,https://images.pokemontcg.io/smp/SM46_hires.png,2026/08/08,2026/02/19,5.79,7.329999923706055,28.399999618530273,126.73999786376953,,,,,,6.3442,5.756,8.905,0.0,5.75600004196167,6.5865,11.4427,4.614,12.5962,7.8553,1.1535,2026-08-09
sma-SV48,Golisopod-GX,holofoil,Hidden Fates Shiny Vault,SV48,Rare Shiny GX,5ban Graphics,Stage 1|GX,768,Pokémon,2019/08/23,"tcgplayer,cardmarket",https://prices.pokemontcg.io/tcgplayer/sma-SV48,https://images.pokemontcg.io/sma/SV48_hires.png,2026/08/08,2026/02/04,11.0,6.949999809265137,11.0,19.989999771118164,,,,,,5.7444,2.307,6.2174,0.0,6.286600112915039,6.1597,5.756,9.3895,8.8935,10.2546,1.1535,2026-08-09
xy1-55,Trevenant,holofoil,XY,55,Rare Holo,5ban Graphics,Stage 1,709,Pokémon,2014/02/05,"tcgplayer,cardmarket",https://prices.pokemontcg.io/tcgplayer/xy1-55,https://images.pokemontcg.io/xy1/55_hires.png,2026/08/08,2026/02/19,4.45,2.75,4.0,39.9900016784668,,5.54,,,,2.5838,0.4037,3.449,5.7675,5.767499923706055,3.7373,3.6797,8.063,6.3904,5.9751,1.1535,2026-08-09
ex13-54,Vibrava δ,normal,Holon Phantoms,54,Uncommon,Masakazu Fukuda,Stage 1,329,Pokémon,2006/05/01,"tcgplayer,cardmarket",https://prices.pokemontcg.io/tcgplayer/ex13-54,https://images.pokemontcg.io/ex13/54_hires.png,2026/08/08,2026/02/19,2.11,0.800000011920929,2.130000114440918,24.899999618530273,,42.05,,,,1.3842,0.0923,1.8687,0.0,0.7843999862670898,1.7764,1.4649,4.614,4.8216,7.6016,1.1535,2026-08-09
hgss2-54,Misdreavus,normal,HS—Unleashed,54,Common,Hideaki Hakozaki,Basic,200,Pokémon,2010/05/12,"tcgplayer,cardmarket",https://prices.pokemontcg.io/tcgplayer/hgss2-54,https://images.pokemontcg.io/hgss2/54_hires.png,2026/08/08,2026/02/19,0.38,0.11999999731779099,0.3499999940395355,19.860000610351562,,3.93,,,,0.2192,0.0231,0.15,3.7258,0.11540000140666962,0.1384,0.1846,0.8074,2.157,1.5918,1.1535,2026-08-09
gym1-54,Misty's Psyduck,unlimited,Gym Heroes,54,Uncommon,Atsuko Nishida,Basic,54,Pokémon,2000/08/14,"tcgplayer,cardmarket",https://prices.pokemontcg.io/tcgplayer/gym1-54,https://images.pokemontcg.io/gym1/54_hires.png,2026/08/08,2026/06/21,10.66,4.0,7.860000133514404,94.23999786376953,,,,,"{""1stEdition"": {""low"": 42.99, ""mid"": 79.98, ""high"": 329.88, ""market"": 30.26, ""directLow"": null}}",11.708,0.8651,7.5093,0.0,2.9990999698638916,11.6503,12.1002,0.0,0.0,0.0,1.1535,2026-08-09
dpp-DP55,Ultimate Zone,,DP Black Star Promos,DP55,Promo,Yusuke Ishikawa,Stadium,,Trainer,2007/05/01,,,https://images.pokemontcg.io/dpp/DP55_hires.png,,,,,,,,,,,,,,,,,,,,,,,2026-08-09
neo3-49,Qwilfish,unlimited,Neo Revelation,49,Common,Sumiyoshi Kizuki,Basic,211,Pokémon,2001/09/21,"tcgplayer,cardmarket",https://prices.pokemontcg.io/tcgplayer/neo3-49,https://images.pokemontcg.io/neo3/49_hires.png,2026/08/08,2026/06/21,0.76,0.25,0.7699999809265137,20.760000228881836,,,,,"{""1stEdition"": {""low"": 1.45, ""mid"": 3.44, ""high"": 33.0, ""market"": 2.09, ""directLow"": null}}",0.8882,0.0231,0.6921,0.0,0.46140000224113464,0.6575,0.9689,0.0,0.0,0.0,1.1535,2026-08-09
ex11-53,Shelgon δ,normal,Delta Species,53,Uncommon,Masakazu Fukuda,Stage 1,372,Pokémon,2005/10/31,"tcgplayer,cardmarket",https://prices.pokemontcg.io/tcgplayer/ex11-53,https://images.pokemontcg.io/ex11/53_hires.png,2026/08/08,2026/02/22,1.5,0.8299999833106995,1.5,19.770000457763672,,40.0,,,,1.3381,0.0231,1.3957,5.283,0.25380000472068787,1.0151,1.0151,1.6149,8.0514,7.9361,1.1535,2026-08-09
dp3-58,Pidgeotto,normal,Secret Wonders,58,Uncommon,Ken Sugimori,Stage 1,17,Pokémon,2007/11/01,"tcgplayer,cardmarket",https://prices.pokemontcg.io/tcgplayer/dp3-58,https://images.pokemontcg.io/dp3/58_hires.png,2026/08/08,2026/02/19,1.1,0.44999998807907104,1.0,19.979999542236328,,4.96,,,,0.5998,0.0231,0.6921,1.3727,0.911300003528595,0.646,0.5306,1.4303,1.2573,1.2689,1.1535,2026-08-09
bw5-47,Eelektross,holofoil,Dark Explorers,47,Rare Holo,kawayoo,Stage 2,604,Pokémon,2012/05/09,"tcgplayer,cardmarket",https://prices.pokemontcg.io/tcgplayer/bw5-47,https://images.pokemontcg.io/bw5/47_hires.png,2026/08/08,2026/02/22,1.95,0.9900000095367432,1.9500000476837158,30.0,,1.82,,,,1.7187,0.2192,1.811,0.0,1.1419999599456787,2.0071,1.9148,2.134,2.6069,2.0648,1.1535,2026-08-09
ex9-55,Meditite,normal,Emerald,55,Common,Kouki Saitou,Basic,307,Pokémon,2005/05/01,"tcgplayer,cardmarket",https://prices.pokemontcg.io/tcgplayer/ex9-55,https://images.pokemontcg.io/ex9/55_hires.png,2026/08/08,2026/02/21,0.69,0.25,0.6800000071525574,19.979999542236328,,15.0,,,,0.3922,0.0231,0.3691,6.0328,0.23070000112056732,0.3114,0.323,2.653,4.1641,4.118,1.1535,2026-08-09
xy9-47,Luxray BREAK,holofoil,BREAKpoint,47,Rare BREAK,5ban Graphics,BREAK,405,Pokémon,2016/02/03,"tcgplayer,cardmarket",https://prices.pokemontcg.io/tcgplayer/xy9-47,https://images.pokemontcg.io/xy9/47_hires.png,2026/08/08,2026/02/19,6.9,4.269999980926514,5.679999828338623,42.599998474121094,,,,,,5.4099,1.142,5.4907,0.0,3.9333999156951904,5.4099,4.8562,1.7302,6.771,5.0062,1.1535,2026-08-09
base1-56,Onix,normal,Base,56,Common,Ken Sugimori,Basic,95,Pokémon,1999/01/09,"tcgplayer,cardmarket",https://prices.pokemontcg.io/tcgplayer/base1-56,https://images.pokemontcg.io/base1/56_hires.png,2026/08/08,2026/06/21,1.05,0.20000000298023224,0.6499999761581421,18.860000610351562,,,,,,1.3842,0.0231,1.7187,0.0,0.29989999532699585,0.992,1.3842,0.0231,0.1154,0.1154,1.1535,2026-08-09
sm7-56,Mr. Mime-GX,holofoil,Celestial Storm,56,Rare Holo GX,5ban Graphics,Basic|GX,122,Pokémon,2018/08/03,"tcgplayer,cardmarket",https://prices.pokemontcg.io/tcgplayer/sm7-56,https://images.pokemontcg.io/sm7/56_hires.png,2026/08/08,2026/01/28,4.3,2.990000009536743,4.5,95.62999725341797,,,,,,2.7223,0.5767,2.7915,0.0,1.153499960899353,2.2263,3.1837,4.3256,2.8145,2.653,1.1535,2026-08-09
ex3-55,Geodude,normal,Dragon,55,Common,Hisao Nakamura,Basic,74,Pokémon,2003/11/24,"tcgplayer,cardmarket",https://prices.pokemontcg.io/tcgplayer/ex3-55,https://images.pokemontcg.io/ex3/55_hires.png,2026/08/08,2026/02/22,1.22,0.6000000238418579,1.100000023841858,19.6200008392334,,7.45,,,,0.5998,0.0461,0.8305,2.8491,1.038100004196167,0.8421,0.5767,2.8838,2.9645,3.1952,1.1535,2026-08-09
xy2-63,Flabébé,normal,Flashfire,63,Common,5ban Graphics,Basic,669,Pokémon,2014/05/07,"tcgplayer,cardmarket",https://prices.pokemontcg.io/tcgplayer/xy2-63,https://images.pokemontcg.io/xy2/63_hires.png,2026/08/08,2026/02/04,0.28,0.10000000149011612,0.30000001192092896,19.979999542236328,,0.6,,,,0.2307,0.0231,0.1961,1.3957,0.023099999874830246,0.1384,0.173,1.0266,0.992,0.4499,1.1535,2026-08-09
xy8-50,Raichu BREAK,holofoil,BREAKthrough,50,Rare BREAK,5ban Graphics,BREAK,26,Pokémon,2015/11/04,"tcgplayer,cardmarket",https://prices.pokemontcg.io/tcgplayer/xy8-50,https://images.pokemontcg.io/xy8/50_hires.png,2026/08/08,2026/02/19,13.67,9.1899995803833,14.5,133.38999938964844,,,,,,7.74,1.1535,7.4285,25.377,5.190700054168701,7.3593,7.8092,25.377,13.0115,7.071,1.1535,2026-08-09
xy10-53,Zygarde,normal,Fates Collide,53,Rare,5ban Graphics,Basic,718,Pokémon,2016/05/02,"tcgplayer,cardmarket",https://prices.pokemontcg.io/tcgplayer/xy10-53,https://images.pokemontcg.io/xy10/53_hires.png,2026/08/08,2026/02/04,0.46,0.15000000596046448,0.4399999976158142,19.979999542236328,,0.64,,,,0.5191,0.0231,0.4845,0.7036,0.15000000596046448,0.646,0.5075,0.0231,0.669,0.9343,1.1535,2026-08-09
ex5-47,Sealeo,normal,Hidden Legends,47,Uncommon,Atsuko Nishida,Stage 1,364,Pokémon,2004/06/01,"tcgplayer,cardmarket",https://prices.pokemontcg.io/tcgplayer/ex5-47,https://images.pokemontcg.io/ex5/47_hires.png,2026/08/08,2026/06/07,1.44,1.0,1.190000057220459,19.979999542236328,,12.0,,,,1.2112,0.0231,1.2573,3.2298,1.7302000522613525,1.0266,0.819,0.9228,3.9334,2.9414,1.1535,2026-08-09
bwp-BW43,Landorus,holofoil,BW Black Star Promos,BW43,Promo,5ban Graphics,Basic,645,Pokémon,2011/03/01,"tcgplayer,cardmarket",https://prices.pokemontcg.io/tcgplayer/bwp-BW43,https://images.pokemontcg.io/bwp/BW43_hires.png,2026/08/08,2026/03/11,35.22,22.989999771118164,30.850000381469727,339.989990234375,,,,,,10.3815,2.307,16.2874,0.0,1.153499960899353,17.6255,20.5092,8.6282,6.5288,7.6938,1.1535,2026-08-09
sm4-46,Salandit,normal,Crimson Invasion,46,Common,tetsuya koizumi,Basic,757,Pokémon,2017/11/03,"tcgplayer,cardmarket",https://prices.pokemontcg.io/tcgplayer/sm4-46,https://images.pokemontcg.io/sm4/46_hires.png,2026/08/08,2026/02/22,0.06,0.009999999776482582,0.18000000715255737,19.979999542236328,,0.27,,,,0.0461,0.0231,0.0461,0.2422,0.023099999874830246,0.0346,0.0346,0.2192,0.2307,0.2653,1.1535,2026-08-09
dp4-48,Pelipper,normal,Great Encounters,48,Uncommon,Ken Sugimori,Stage 1,279,Pokémon,2008/02/01,"tcgplayer,cardmarket",https://prices.pokemontcg.io/tcgplayer/dp4-48,https://images.pokemontcg.io/dp4/48_hires.png,2026/08/08,2026/02/21,0.55,0.11999999731779099,0.5,19.979999542236328,,1.12,,,,0.2538,0.0231,0.2422,0.4268,0.17299999296665192,0.2307,0.2192,0.4383,0.5652,0.646,1.1535,2026-08-09
ex11-54,Shelgon δ,normal,Delta Species,54,Uncommon,Mitsuhiro Arita,Stage 1,372,Pokémon,2005/10/31,"tcgplayer,cardmarket",https://prices.pokemontcg.io/tcgplayer/ex11-54,https://images.pokemontcg.io/ex11/54_hires.png,2026/08/08,2026/02/22,2.73,1.0,2.5899999141693115,34.439998626708984,,7.99,,,,1.2919,0.0577,1.1881,0.0,0.51910001039505,1.2919,1.6841,8.0745,10.0354,9.7817,1.1535,2026-08-09
bw7-57,Zebstrika,holofoil,Boundaries Crossed,57,Rare Holo,Mitsuhiro Arita,Stage 1,523,Pokémon,2012/11/07,"tcgplayer,cardmarket",https://prices.pokemontcg.io/tcgplayer/bw7-57,https://images.pokemontcg.io/bw7/57_hires.png,2026/08/08,2026/02/04,1.98,1.25,2.059999942779541,28.700000762939453,,5.99,,,,1.8341,0.2307,3.8065,4.0373,2.2955000400543213,2.4339,3.4374,4.0373,3.7719,3.2529,1.1535,2026-08-09
hgss1-61,Cyndaquil,normal,HeartGold & SoulSilver,61,Common,Kagemaru Himeno,Basic,155,Pokémon,2010/02/10,"tcgplayer,cardmarket",https://prices.pokemontcg.io/tcgplayer/hgss1-61,https://images.pokemontcg.io/hgss1/61_hires.png,2026/08/08,2026/02/04,1.81,0.6000000238418579,1.2400000095367432,60.0,,16.48,,,,0.2999,0.0231,0.5767,5.756,0.51910001039505,0.4614,0.346,2.8261,3.6912,3.7604,1.1535,2026-08-09
bw8-54,Golbat,normal,Plasma Storm,54,Uncommon,Kyoko Umemoto,Stage 1,42,Pokémon,2013/02/06,"tcgplayer,cardmarket",https://prices.pokemontcg.io/tcgplayer/bw8-54,https://images.pokemontcg.io/bw8/54_hires.png,2026/08/08,2026/02/19,0.32,0.20999999344348907,0.3400000035762787,16.440000534057617,,3.05,,,,0.323,0.0231,0.2768,1.142,0.11540000140666962,0.2653,0.2653,1.142,0.9113,1.2458,1.1535,2026-08-09
sm9-58,Nidorino,normal,Team Up,58,Uncommon,Kouki Saitou,Stage 1,33,Pokémon,2019/02/01,"tcgplayer,cardmarket",https://prices.pokemontcg.io/tcgplayer/sm9-58,https://images.pokemontcg.io/sm9/58_hires.png,2026/08/08,2026/02/04,0.22,0.09000000357627869,0.25,2.990000009536743,,0.46,,,,0.2422,0.0231,0.1961,0.5537,0.11540000140666962,0.2653,0.2076,0.2884,0.496,0.5652,1.1535,2026-08-09
swshp-SWSH047,Drednaw,holofoil,SWSH Black Star Promos,SWSH047,Promo,Anesaki Dynamic,Stage 1,834,Pokémon,2019/11/15,"tcgplayer,cardmarket",https://prices.pokemontcg.io/tcgplayer/swshp-SWSH047,https://images.pokemontcg.io/swshp/SWSH047_hires.png,2026/08/08,2026/02/04,1.64,0.8999999761581421,1.6399999856948853,15.760000228881836,,,,,,0.6229,0.173,0.9343,0.0,1.9493999481201172,1.0497,0.8536,0.346,0.3807,0.3691,1.1535,2026-08-09
base3-58,Mr. Fuji,unlimited,Fossil,58,Uncommon,Ken Sugimori,,,Trainer,1999/10/10,"tcgplayer,cardmarket",https://prices.pokemontcg.io/tcgplayer/base3-58,https://images.pokemontcg.io/base3/58_hires.png,2026/08/08,2026/06/21,0.94,0.15000000596046448,0.8600000143051147,40.0,,,,,"{""1stEdition"": {""low"": 2.0, ""mid"": 10.5, ""high"": 96.95, ""market"": 11.77, ""directLow"": 11.0}}",2.0417,0.0231,2.1686,0.0,1.6495000123977661,1.8687,1.984,0.2307,0.496,0.496,1.1535,2026-08-09
sm115-55,Brock's Training,holofoil,Hidden Fates,55,Rare Holo,TOKIYA,Supporter,,Trainer,2019/08/23,"tcgplayer,cardmarket",https://prices.pokemontcg.io/tcgplayer/sm115-55,https://images.pokemontcg.io/sm115/55_hires.png,2026/08/08,2026/02/22,0.37,0.05000000074505806,0.36000001430511475,3.049999952316284,,0.66,,,,0.3345,0.0461,0.2999,0.6229,0.05770000070333481,0.2884,0.2999,0.3691,0.5767,0.6229,1.1535,2026-08-09
bw6-53,Trubbish,normal,Dragons Exalted,53,Common,Tomokazu Komiya,Basic,568,Pokémon,2012/08/15,"tcgplayer,cardmarket",https://prices.pokemontcg.io/tcgplayer/bw6-53,https://images.pokemontcg.io/bw6/53_hires.png,2026/08/08,2026/02/19,2.49,2.75,4.800000190734863,51.900001525878906,,4.11,,,,0.2538,0.0231,0.3691,3.0222,0.35760000348091125,0.3576,0.3576,3.4605,2.3647,1.7418,1.1535,2026-08-09
bw4-59,Musharna,normal,Next Destinies,59,Rare,Maiko Fujiwara,Stage 1,518,Pokémon,2012/02/08,"tcgplayer,cardmarket",https://prices.pokemontcg.io/tcgplayer/bw4-59,https://images.pokemontcg.io/bw4/59_hires.png,2026/08/08,2026/02/19,1.69,0.8899999856948853,1.7599999904632568,19.110000610351562,,4.86,,,,2.0648,0.1384,1.8571,1.3842,2.2955000400543213,2.3877,1.4765,1.1535,2.9991,2.3185,1.1535,2026-08-09
xy12-50,Koffing,normal,Evolutions,50,Uncommon,Mitsuhiro Arita,Basic,109,Pokémon,2016/11/02,"tcgplayer,cardmarket",https://prices.pokemontcg.io/tcgplayer/xy12-50,https://images.pokemontcg.io/xy12/50_hires.png,2026/08/08,2026/02/19,0.23,0.05000000074505806,0.25,15.0,,0.49,,,,0.1269,0.0231,0.2192,0.6921,0.05770000070333481,0.15,0.1154,0.7728,0.7613,0.6921,1.1535,2026-08-09
hgss3-54,Houndour,normal,HS—Undaunted,54,Common,Kagemaru Himeno,Basic,228,Pokémon,2010/08/18,"tcgplayer,cardmarket",https://prices.pokemontcg.io/tcgplayer/hgss3-54,https://images.pokemontcg.io/hgss3/54_hires.png,2026/08/08,2026/02/19,0.47,0.14000000059604645,0.4399999976158142,19.979999542236328,,6.16,,,,0.3114,0.0231,0.1154,9.4241,0.05770000070333481,0.173,0.323,4.0373,5.3061,2.7453,1.1535,2026-08-09
sm35-45,Marshadow,holofoil,Shining Legends,45,Rare Holo,Emi Ando,Basic,802,Pokémon,2017/10/06,"tcgplayer,cardmarket",https://prices.pokemontcg.io/tcgplayer/sm35-45,https://images.pokemontcg.io/sm35/45_hires.png,2026/08/08,2026/02/22,0.72,0.20000000298023224,0.7300000190734863,19.979999542236328,,2.23,,,,4.2449,0.0,4.5102,0.0,4.244900226593018,3.8873,2.7569,0.0,0.0,0.0,1.1535,2026-08-09
pl4-57,Burmy Sandy Cloak,normal,Arceus,57,Common,Tomokazu Komiya,Basic,412,Pokémon,2009/11/04,"tcgplayer,cardmarket",https://prices.pokemontcg.io/tcgplayer/pl4-57,https://images.pokemontcg.io/pl4/57_hires.png,2026/08/08,2026/02/19,0.73,0.3499999940395355,0.6100000143051147,19.979999542236328,,12.49,,,,0.2076,0.0231,0.3576,0.9459,0.05770000070333481,0.323,0.2422,0.9459,3.299,1.8571,1.1535,2026-08-09
col1-56,Eevee,normal,Call of Legends,56,Common,Akira Komayama,Basic,133,Pokémon,2011/02/09,"tcgplayer,cardmarket",https://prices.pokemontcg.io/tcgplayer/col1-56,https://images.pokemontcg.io/col1/56_hires.png,2026/08/08,2026/02/19,4.16,1.8300000429153442,3.619999885559082,29.600000381469727,,21.18,,,,2.0071,0.0231,2.1801,26.0345,4.037300109863281,1.7879,2.0302,23.07,22.5394,14.165,1.1535,2026-08-09
dp6-51,Castform Sunny Form,normal,Legends Awakened,51,Uncommon,Lee HyunJung,Basic,351,Pokémon,2008/08/01,"tcgplayer,cardmarket",https://prices.pokemontcg.io/tcgplayer/dp6-51,https://images.pokemontcg.io/dp6/51_hires.png,2026/08/08,2026/02/21,2.12,0.9700000286102295,1.9199999570846558,16.239999771118164,,6.87,,,,1.0151,0.1154,1.0151,0.0,0.3345000147819519,1.2804,0.6114,0.8997,2.2032,1.8917,1.1535,2026-08-09
xy5-56,Manaphy,holofoil,Primal Clash,56,Rare Holo,sui,Basic,490,Pokémon,2015/02/04,"tcgplayer,cardmarket",https://prices.pokemontcg.io/tcgplayer/xy5-56,https://images.pokemontcg.io/xy5/56_hires.png,2026/08/08,2026/02/19,0.91,0.5,0.9700000286102295,19.979999542236328,,1.37,,,,2.953,0.5767,2.6646,0.0,2.8838000297546387,3.0568,2.4339,1.0381,2.0878,2.2955,1.1535,2026-08-09
neo4-55,Scyther,unlimited,Neo Destiny,55,Uncommon,Shin-ichi Yoshida,Basic,123,Pokémon,2002/02/28,"tcgplayer,cardmarket",https://prices.pokemontcg.io/tcgplayer/neo4-55,https://images.pokemontcg.io/neo4/55_hires.png,2026/08/08,2026/02/21,6.25,3.0,6.559999942779541,55.7400016784668,,,,,"{""1stEdition"": {""low"": 16.0, ""mid"": 22.0, ""high"": 197.5, ""market"": 23.32, ""directLow"": null}}",4.7755,0.5767,6.425,0.0,5.767499923706055,4.1065,5.8021,0.0,0.0,0.0,1.1535,2026-08-09
base6-49,Kadabra,normal,Legendary Collection,49,Uncommon,Ken Sugimori,Stage 1,64,Pokémon,2002/05/24,"tcgplayer,cardmarket",https://prices.pokemontcg.io/tcgplayer/base6-49,https://images.pokemontcg.io/base6/49_hires.png,2026/08/08,2026/06/21,4.9,1.4199999570846558,3.890000104904175,56.130001068115234,,169.24,,,,2.8838,0.2307,2.7799,61.1355,1.9033000469207764,2.9876,1.7879,242.235,211.8172,93.1567,1.1535,2026-08-09
base2-47,Tauros,unlimited,Jungle,47,Uncommon,Kagemaru Himeno,Basic,128,Pokémon,1999/06/16,"tcgplayer,cardmarket",https://prices.pokemontcg.io/tcgplayer/base2-47,https://images.pokemontcg.io/base2/47_hires.png,2026/08/08,2026/06/27,1.41,0.27000001072883606,0.699999988079071,15.479999542236328,,,,,"{""1stEdition"": {""low"": 2.75, ""mid"": 5.78, ""high"": 49.99, ""market"": 6.76, ""directLow"": 4.18}}",1.8802,0.0231,1.7995,0.0,2.2955000400543213,2.1916,1.8571,0.0461,0.4499,0.4499,1.1535,2026-08-09
xyp-XY45,Gallade-EX,holofoil,XY Black Star Promos,XY45,Promo,PLANETA,Basic|EX,475,Pokémon,2013/10/12,"tcgplayer,cardmarket",https://prices.pokemontcg.io/tcgplayer/xyp-XY45,https://images.pokemontcg.io/xyp/XY45_hires.png,2026/08/08,2026/02/22,3.32,1.899999976158142,3.140000104904175,52.0,,,,,,3.8065,1.7072,3.8296,0.0,4.025700092315674,3.4951,3.0683,3.449,2.8376,2.3877,1.1535,2026-08-09
dp5-50,Aipom,normal,Majestic Dawn,50,Common,Tomokazu Komiya,Basic,190,Pokémon,2008/05/01,"tcgplayer,cardmarket",https://prices.pokemontcg.io/tcgplayer/dp5-50,https://images.pokemontcg.io/dp5/50_hires.png,2026/08/08,2026/02/21,0.9,0.3499999940395355,0.7699999809265137,18.729999542236328,,11.45,,,,0.2192,0.0231,0.1846,1.5342,0.20759999752044678,0.2768,0.2192,1.142,2.8838,1.5572,1.1535,2026-08-09
smp-SM47,Crabominable,holofoil,SM Black Star Promos,SM47,Promo,Mitsuhiro Arita,Stage 1,740,Pokémon,2017/02/03,"tcgplayer,cardmarket",https://prices.pokemontcg.io/tcgplayer/smp-SM47,https://images.pokemontcg.io/smp/SM47_hires.png,2026/08/08,2026/02/19,2.64,4.989999771118164,11.0,50.29999923706055,,,,,,8.0745,4.0373,9.9201,0.0,8.651200294494629,8.5013,8.0284,1.7302,5.1331,4.4525,1.1535,2026-08-09
hgss4-54,Yanmega,normal,HS—Triumphant,54,Uncommon,Naoyo Kimura,Stage 1,469,Pokémon,2010/11/03,"tcgplayer,cardmarket",https://prices.pokemontcg.io/tcgplayer/hgss4-54,https://images.pokemontcg.io/hgss4/54_hires.png,2026/08/08,2026/02/21,0.33,0.10000000149011612,0.36000001430511475,19.979999542236328,,4.98,,,,0.323,0.0231,0.2076,1.1074,0.023099999874830246,0.1961,0.2422,1.1535,1.2458,1.8456,1.1535,2026-08-09
ecard1-47,Feraligatr,normal,Expedition Base Set,47,Rare,Mitsuhiro Arita,Stage 2,160,Pokémon,2002/09/15,"tcgplayer,cardmarket",https://prices.pokemontcg.io/tcgplayer/ecard1-47,https://images.pokemontcg.io/ecard1/47_hires.png,2026/08/08,2026/06/21,37.89,41.66999816894531,45.0,519.5,,112.47,,,,46.1285,17.3025,88.8772,0.0,46.128501892089844,99.9162,61.2393,11.4197,17.0718,17.0718,1.1535,2026-08-09
sm75-53,Hakamo-o,normal,Dragon Majesty,53,Common,hatachu,Stage 1,783,Pokémon,2018/09/07,"tcgplayer,cardmarket",https://prices.pokemontcg.io/tcgplayer/sm75-53,https://images.pokemontcg.io/sm75/53_hires.png,2026/08/08,2026/02/19,0.24,0.009999999776482582,0.25,19.979999542236328,,1.16,,,,0.2999,0.0231,0.3922,1.5803,0.19609999656677246,0.2653,0.2768,0.8997,1.4995,1.4188,1.1535,2026-08-09
sm3-51,Duskull,normal,Burning Shadows,51,Common,Midori Harada,Basic,355,Pokémon,2017/08/05,"tcgplayer,cardmarket",https://prices.pokemontcg.io/tcgplayer/sm3-51,https://images.pokemontcg.io/sm3/51_hires.png,2026/08/08,2026/02/19,0.19,0.009999999776482582,0.20000000298023224,4.0,,0.4,,,,0.0461,0.0231,0.0577,0.3114,0.11540000140666962,0.0577,0.0577,0.2307,0.2999,0.3345,1.1535,2026-08-09
bw5-48,Espeon,normal,Dark Explorers,48,Rare,Mizue,Stage 1,196,Pokémon,2012/05/09,"tcgplayer,cardmarket",https://prices.pokemontcg.io/tcgplayer/bw5-48,https://images.pokemontcg.io/bw5/48_hires.png,2026/08/08,2026/02/22,9.43,4.989999771118164,11.510000228881836,99.0,,25.09,,,,5.4907,0.2884,5.7098,19.598,3.4605000019073486,5.2254,4.0488,19.598,341.2399,87.8621,1.1535,2026-08-09
xy6-52,Dragonite,holofoil,Roaring Skies,52,Rare Holo,hatachu,Stage 2,149,Pokémon,2015/05/06,"tcgplayer,cardmarket",https://prices.pokemontcg.io/tcgplayer/xy6-52,https://images.pokemontcg.io/xy6/52_hires.png,2026/08/08,2026/02/19,24.83,11.930000305175781,25.239999771118164,106.16000366210938,,28.27,,,,7.0363,1.7302,8.1206,14.5572,4.902400016784668,9.1934,9.3203,11.5235,14.165,13.842,1.1535,2026-08-09
dp2-49,Girafarig,normal,Mysterious Treasures,49,Uncommon,Midori Harada,Basic,203,Pokémon,2007/08/01,"tcgplayer,cardmarket",https://prices.pokemontcg.io/tcgplayer/dp2-49,https://images.pokemontcg.io/dp2/49_hires.png,2026/08/08,2026/02/22,0.57,0.23999999463558197,0.550000011920929,19.979999542236328,,2.39,,,,0.2192,0.0231,0.2768,0.0,0.11540000140666962,0.3345,0.2422,0.346,1.8456,1.7187,1.1535,2026-08-09
neo2-47,Unown [D],unlimited,Neo Discovery,47,Uncommon,CR CG gangs,Basic,201,Pokémon,2001/06/01,"tcgplayer,cardmarket",https://prices.pokemontcg.io/tcgplayer/neo2-47,https://images.pokemontcg.io/neo2/47_hires.png,2026/08/08,2026/06/22,1.85,0.6000000238418579,1.75,21.809999465942383,,,,,"{""1stEdition"": {""low"": 1.63, ""mid"": 2.97, ""high"": 30.6, ""market"": 2.95, ""directLow"": null}}",1.4765,0.0231,2.1224,0.0,4.602499961853027,1.142,1.4073,0.0,0.0,0.0,1.1535,2026-08-09
gym1-55,Misty's Seaking,unlimited,Gym Heroes,55,Uncommon,Ken Sugimori,Stage 1,119,Pokémon,2000/08/14,"tcgplayer,cardmarket",https://prices.pokemontcg.io/tcgplayer/gym1-55,https://images.pokemontcg.io/gym1/55_hires.png,2026/08/08,2026/06/21,2.5,1.1299999952316284,2.0999999046325684,30.100000381469727,,,,,"{""1stEdition"": {""low"": 3.86, ""mid"": 5.77, ""high"": 4316.75, ""market"": 5.91, ""directLow"": 19.95}}",3.3567,0.7498,4.7063,0.0,13.830499649047852,3.622,3.4259,2.8838,2.8838,2.8838,1.1535,2026-08-09
bw10-59,Aggron,normal,Plasma Blast,59,Rare,Kouki Saitou,Stage 2,306,Pokémon,2013/08/14,"tcgplayer,cardmarket",https://prices.pokemontcg.io/tcgplayer/bw10-59,https://images.pokemontcg.io/bw10/59_hires.png,2026/08/08,2026/02/04,0.71,0.5,0.75,19.979999542236328,,2.07,,,,1.2804,0.1154,1.1766,4.4756,0.9804999828338623,0.7382,1.0958,6.921,5.8828,2.5954,1.1535,2026-08-09
dp1-58,Prinplup,normal,Diamond & Pearl,58,Uncommon,Ken Sugimori,Stage 1,394,Pokémon,2007/05/01,"tcgplayer,cardmarket",https://prices.pokemontcg.io/tcgplayer/dp1-58,https://images.pokemontcg.io/dp1/58_hires.png,2026/08/08,2026/02/19,0.74,0.20000000298023224,0.6299999952316284,19.979999542236328,,21.03,,,,0.2192,0.0231,0.4614,1.7764,0.8651000261306763,0.3922,0.2307,8.6512,2.3993,2.6877,1.1535,2026-08-09
sm12-58,Tympole,normal,Cosmic Eclipse,58,Common,Asako Ito,Basic,535,Pokémon,2019/11/01,"tcgplayer,cardmarket",https://prices.pokemontcg.io/tcgplayer/sm12-58,https://images.pokemontcg.io/sm12/58_hires.png,2026/08/08,2026/02/01,0.65,0.10000000149011612,0.7200000286102295,19.979999542236328,,2.49,,,,0.1154,0.0231,0.0923,0.5075,0.11540000140666962,0.1269,0.1154,0.8651,0.4153,0.4614,1.1535,2026-08-09
ex15-44,Chikorita δ,normal,Dragon Frontiers,44,Common,Yuka Morii,Basic,152,Pokémon,2006/11/01,"tcgplayer,cardmarket",https://prices.pokemontcg.io/tcgplayer/ex15-44,https://images.pokemontcg.io/ex15/44_hires.png,2026/08/08,2026/03/11,7.86,4.889999866485596,12.0,62.72999954223633,,38.97,,,,1.4188,0.0807,1.6149,8.6743,1.038100004196167,1.9263,1.5457,10.37,8.6859,9.2165,1.1535,2026-08-09
bw11-58,Mismagius,normal,Legendary Treasures,58,Rare,Sumiyoshi Kizuki,Stage 1,429,Pokémon,2013/11/06,"tcgplayer,cardmarket",https://prices.pokemontcg.io/tcgplayer/bw11-58,https://images.pokemontcg.io/bw11/58_hires.png,2026/08/08,2026/02/19,0.69,0.3799999952316284,0.7099999785423279,110.94999694824219,,7.35,,,,0.9113,0.4499,1.0381,0.0,1.1419999599456787,0.9459,0.8536,8.0514,6.252,2.9645,1.1535,2026-08-09
ex14-52,Electrike,normal,Crystal Guardians,52,Common,Atsuko Nishida,Basic,309,Pokémon,2006/08/01,"tcgplayer,cardmarket",https://prices.pokemontcg.io/tcgplayer/ex14-52,https://images.pokemontcg.io/ex14/52_hires.png,2026/08/08,2026/03/08,0.3,0.10000000149011612,0.30000001192092896,19.979999542236328,,9.05,,,,0.3922,0.0231,0.5652,3.299,0.13840000331401825,0.4153,0.2999,4.441,4.3602,3.2529,1.1535,2026-08-09
ex4-56,Team Aqua's Spheal,normal,Team Magma vs Team Aqua,56,Common,Nakaoka,Basic,363,Pokémon,2004/03/01,"tcgplayer,cardmarket",https://prices.pokemontcg.io/tcgplayer/ex4-56,https://images.pokemontcg.io/ex4/56_hires.png,2026/08/08,2026/03/11,1.52,0.33000001311302185,1.2999999523162842,16.940000534057617,,22.42,,,,0.323,0.0231,0.4499,3.0452,0.5651999711990356,0.346,0.323,1.1766,3.4028,4.1757,1.1535,2026-08-09
ex6-51,Weepinbell,normal,FireRed & LeafGreen,51,Uncommon,Tomokazu Komiya,Stage 1,70,Pokémon,2004/09/01,"tcgplayer,cardmarket",https://prices.pokemontcg.io/tcgplayer/ex6-51,https://images.pokemontcg.io/ex6/51_hires.png,2026/08/08,2026/03/11,4.77,4.53000020980835,10.5600004196167,41.70000076293945,,29.74,,,,2.4224,0.6921,1.8456,8.3513,2.306999921798706,3.5297,2.7684,8.6282,29.1028,15.8952,1.1535,2026-08-09
hgss2-55,Natu,normal,HS—Unleashed,55,Common,sui,Basic,177,Pokémon,2010/05/12,"tcgplayer,cardmarket",https://prices.pokemontcg.io/tcgplayer/hgss2-55,https://images.pokemontcg.io/hgss2/55_hires.png,2026/08/08,2026/02/19,0.47,0.20000000298023224,0.38999998569488525,19.979999542236328,,5.6,,,,0.2884,0.0231,0.3922,0.173,0.3345000147819519,0.3691,0.2884,0.173,1.7187,1.6956,1.1535,2026-08-09
xy4-51,Murkrow,normal,Phantom Forces,51,Common,Kagemaru Himeno,Basic,198,Pokémon,2014/11/05,"tcgplayer,cardmarket",https://prices.pokemontcg.io/tcgplayer/xy4-51,https://images.pokemontcg.io/xy4/51_hires.png,2026/08/08,2026/02/19,0.27,0.029999999329447746,0.25,19.979999542236328,,0.56,,,,0.2999,0.0231,0.2307,0.6229,0.11540000140666962,0.0807,0.173,0.2884,0.3691,0.4383,1.1535,2026-08-09
ex7-53,Dratini,normal,Team Rocket Returns,53,Common,Atsuko Nishida,Basic,147,Pokémon,2004/11/01,"tcgplayer,cardmarket",https://prices.pokemontcg.io/tcgplayer/ex7-53,https://images.pokemontcg.io/ex7/53_hires.png,2026/08/08,2026/03/07,7.91,5.0,7.900000095367432,19.989999771118164,,101.29,,,,2.1801,0.5767,1.8341,71.8977,1.6033999919891357,1.6264,2.2724,69.21,45.3095,22.4125,1.1535,2026-08-09
sm5-54,Skorupi,normal,Ultra Prism,54,Common,Misa Tsutsui,Basic,451,Pokémon,2018/02/02,"tcgplayer,cardmarket",https://prices.pokemontcg.io/tcgplayer/sm5-54,https://images.pokemontcg.io/sm5/54_hires.png,2026/08/08,2026/02/01,0.13,0.009999999776482582,0.23000000417232513,19.979999542236328,,0.43,,,,0.0923,0.0231,0.1269,0.4499,0.17299999296665192,0.1154,0.1038,0.4614,0.3691,0.323,1.1535,2026-08-09
bw2-48,Gothitelle,normal,Emerging Powers,48,Rare,Kouki Saitou,Stage 2,576,Pokémon,2011/08/31,"tcgplayer,cardmarket",https://prices.pokemontcg.io/tcgplayer/bw2-48,https://images.pokemontcg.io/bw2/48_hires.png,2026/08/08,2026/02/22,1.49,0.20000000298023224,0.7699999809265137,18.920000076293945,,2.29,,,,0.496,0.0231,0.4499,0.7613,0.23070000112056732,0.346,0.4268,2.5377,1.1535,1.165,1.1535,2026-08-09
swsh1-55,Sobble,normal,Sword & Shield,55,Common,Hitoshi Ariga,Basic,816,Pokémon,2020/02/07,"tcgplayer,cardmarket",https://prices.pokemontcg.io/tcgplayer/swsh1-55,https://images.pokemontcg.io/swsh1/55_hires.png,2026/08/08,2026/02/19,0.06,0.009999999776482582,0.18000000715255737,99.98999786376953,,0.33,,,,0.2076,0.0231,0.2768,2.0994,0.05770000070333481,0.2076,0.1846,0.173,0.2768,0.5998,1.1535,2026-08-09
ex2-49,Nuzleaf,normal,Sandstorm,49,Uncommon,Ken Sugimori,Stage 1,274,Pokémon,2003/09/18,"tcgplayer,cardmarket",https://prices.pokemontcg.io/tcgplayer/ex2-49,https://images.pokemontcg.io/ex2/49_hires.png,2026/08/08,2026/06/21,2.13,1.590000033378601,2.1500000953674316,34.400001525878906,,6.82,,,,1.165,0.0231,0.7152,0.0,0.10379999876022339,1.0266,1.165,2.8838,1.3842,3.968,1.1535,2026-08-09
bw1-52,Venipede,normal,Black & White,52,Common,Masakazu Fukuda,Basic,543,Pokémon,2011/04/25,"tcgplayer,cardmarket",https://prices.pokemontcg.io/tcgplayer/bw1-52,https://images.pokemontcg.io/bw1/52_hires.png,2026/08/08,2026/02/22,0.25,0.05999999865889549,0.25,17.639999389648438,,1.95,,,,0.1961,0.0231,0.1846,1.142,0.05770000070333481,0.1961,0.173,1.3842,0.9689,1.0381,1.1535,2026-08-09
sm11-50,Wimpod,normal,Unified Minds,50,Common,Tomokazu Komiya,Basic,767,Pokémon,2019/08/02,"tcgplayer,cardmarket",https://prices.pokemontcg.io/tcgplayer/sm11-50,https://images.pokemontcg.io/sm11/50_hires.png,2026/08/08,2026/02/19,0.3,0.10000000149011612,0.30000001192092896,344.0,,0.71,,,,0.15,0.0231,0.1269,0.496,0.28839999437332153,0.1615,0.15,0.4614,0.5537,0.4499,1.1535,2026-08-09
swsh2-50,Inteleon VMAX,holofoil,Rebel Clash,50,Rare Holo VMAX,5ban Graphics,VMAX,818,Pokémon,2020/05/01,"tcgplayer,cardmarket",https://prices.pokemontcg.io/tcgplayer/swsh2-50,https://images.pokemontcg.io/swsh2/50_hires.png,2026/08/08,2026/02/19,1.68,0.5,2.0,25.0,,,,,,1.8341,0.2307,1.3611,0.0,1.2111999988555908,1.3496,1.661,9.8048,9.874,9.574,1.1535,2026-08-09
sm6-50,Inkay,normal,Forbidden Light,50,Common,sowsow,Basic,686,Pokémon,2018/05/04,"tcgplayer,cardmarket",https://prices.pokemontcg.io/tcgplayer/sm6-50,https://images.pokemontcg.io/sm6/50_hires.png,2026/08/08,2026/02/04,0.33,0.10000000149011612,0.3199999928474426,2.2300000190734863,,0.57,,,,0.1269,0.0231,0.1615,0.4729,0.10379999876022339,0.2192,0.1269,0.4383,0.4729,0.4499,1.1535,2026-08-09
ex16-47,Carvanha,normal,Power Keepers,47,Common,Ken Sugimori,Basic,318,Pokémon,2007/02/02,"tcgplayer,cardmarket",https://prices.pokemontcg.io/tcgplayer/ex16-47,https://images.pokemontcg.io/ex16/47_hires.png,2026/08/08,2026/03/07,0.4,0.07000000029802322,0.3100000023841858,19.979999542236328,,4.96,,,,0.2192,0.0231,0.1384,6.575,0.09229999780654907,0.15,0.2538,3.4605,4.1295,4.4986,1.1535,2026-08-09
ex12-60,Omanyte,normal,Legend Maker,60,Common,Kenkichi Toyama,Stage 1,138,Pokémon,2006/02/01,"tcgplayer,cardmarket",https://prices.pokemontcg.io/tcgplayer/ex12-60,https://images.pokemontcg.io/ex12/60_hires.png,2026/08/08,2026/02/19,23.69,14.0,23.690000534057617,168.94000244140625,,120.6,,,,1.4188,0.0577,2.6415,37.4311,1.3265000581741333,2.3993,1.5688,3.4028,7.8784,13.5652,1.1535,2026-08-09
xy7-56,Whimsicott,normal,Ancient Origins,56,Uncommon,Atsuko Nishida,Stage 1,547,Pokémon,2015/08/12,"tcgplayer,cardmarket",https://prices.pokemontcg.io/tcgplayer/xy7-56,https://images.pokemontcg.io/xy7/56_hires.png,2026/08/08,2026/02/04,0.3,0.09000000357627869,0.30000001192092896,19.979999542236328,,0.85,,,,0.1154,0.0231,0.1384,0.6344,0.11540000140666962,0.173,0.173,0.346,0.5306,0.4614,1.1535,2026-08-09
neo1-49,Skiploom,unlimited,Neo Genesis,49,Uncommon,Atsuko Nishida,Stage 1,188,Pokémon,2000/12/16,"tcgplayer,cardmarket",https://prices.pokemontcg.io/tcgplayer/neo1-49,https://images.pokemontcg.io/neo1/49_hires.png,2026/08/08,2026/06/21,0.82,0.25999999046325684,0.699999988079071,23.489999771118164,,,,,"{""1stEdition"": {""low"": 1.46, ""mid"": 2.32, ""high"": 28.9, ""market"": 2.02, ""directLow"": 2.29}}",0.7152,0.0231,0.9343,0.0,0.7267000079154968,0.8421,0.7613,0.0,0.0,0.0,1.1535,2026-08-09
xy11-58,Croagunk,normal,Steam Siege,58,Common,Masakazu Fukuda,Basic,453,Pokémon,2016/08/03,"tcgplayer,cardmarket",https://prices.pokemontcg.io/tcgplayer/xy11-58,https://images.pokemontcg.io/xy11/58_hires.png,2026/08/08,2026/02/19,0.11,0.009999999776482582,0.20000000298023224,1000.0,,0.31,,,,0.0923,0.0231,0.0692,0.3114,0.15000000596046448,0.0807,0.0807,0.173,0.2884,0.2768,1.1535,2026-08-09
neo3-50,Remoraid,unlimited,Neo Revelation,50,Common,Miki Tanaka,Basic,223,Pokémon,2001/09/21,"tcgplayer,cardmarket",https://prices.pokemontcg.io/tcgplayer/neo3-50,https://images.pokemontcg.io/neo3/50_hires.png,2026/08/08,2026/06/21,0.54,0.28999999165534973,0.5699999928474426,20.540000915527344,,,,,"{""1stEdition"": {""low"": 0.99, ""mid"": 1.99, ""high"": 26.2, ""market"": 1.91, ""directLow"": 2.99}}",0.4499,0.0231,0.5767,0.0,0.6229000091552734,0.5652,0.5075,0.0,0.0,0.0,1.1535,2026-08-09
sm8-53,Alolan Vulpix,normal,Lost Thunder,53,Common,Naoyo Kimura,Basic,37,Pokémon,2018/11/02,"tcgplayer,cardmarket",https://prices.pokemontcg.io/tcgplayer/sm8-53,https://images.pokemontcg.io/sm8/53_hires.png,2026/08/08,2026/02/01,0.98,0.5699999928474426,1.0,18.959999084472656,,3.69,,,,0.5191,0.0231,0.6229,2.953,0.219200000166893,0.3576,0.4614,2.307,2.3877,1.8917,1.1535,2026-08-09
sm1-52,Vikavolt,holofoil,Sun & Moon,52,Rare Holo,Hitoshi Ariga,Stage 2,738,Pokémon,2017/02/03,"tcgplayer,cardmarket",https://prices.pokemontcg.io/tcgplayer/sm1-52,https://images.pokemontcg.io/sm1/52_hires.png,2026/08/08,2026/02/19,0.43,0.1899999976158142,0.4699999988079071,2.490000009536743,,0.87,,,,0.6921,0.0577,0.8536,0.8421,1.9493999481201172,0.7728,0.8421,1.6034,1.0728,1.2804,1.1535,2026-08-09
base4-55,Parasect,normal,Base Set 2,55,Uncommon,Ken Sugimori,Stage 1,47,Pokémon,2000/02/24,"tcgplayer,cardmarket",https://prices.pokemontcg.io/tcgplayer/base4-55,https://images.pokemontcg.io/base4/55_hires.png,2026/08/08,2026/03/11,1.23,0.25999999046325684,0.9399999976158142,148.5,,,,,,1.8456,0.1154,1.5688,0.0,1.6726000308990479,1.7879,1.4303,0.346,0.346,0.346,1.1535,2026-08-09
ex13-55,Whiscash,normal,Holon Phantoms,55,Uncommon,Midori Harada,Stage 1,340,Pokémon,2006/05/01,"tcgplayer,cardmarket",https://prices.pokemontcg.io/tcgplayer/ex13-55,https://images.pokemontcg.io/ex13/55_hires.png,2026/08/08,2026/02/19,0.58,0.25,0.49000000953674316,19.979999542236328,,26.97,,,,0.4614,0.0231,0.5537,7.6938,0.11540000140666962,0.5998,0.4383,6.921,5.9059,5.2484,1.1535,2026-08-09
pl3-50,Arcanine,normal,Supreme Victors,50,Uncommon,Atsuko Nishida,Stage 1,59,Pokémon,2009/08/19,"tcgplayer,cardmarket",https://prices.pokemontcg.io/tcgplayer/pl3-50,https://images.pokemontcg.io/pl3/50_hires.png,2026/08/08,2026/02/19,5.12,3.1500000953674316,4.989999771118164,53.099998474121094,,32.81,,,,0.8421,0.0577,1.2919,16.1375,2.249300003051758,1.2342,0.8074,3.4605,9.9662,5.606,1.1535,2026-08-09
ecard2-29,Primeape,normal,Aquapolis,29,Rare,Tomokazu Komiya,Stage 1,57,Pokémon,2003/01/15,"tcgplayer,cardmarket",https://prices.pokemontcg.io/tcgplayer/ecard2-29,https://images.pokemontcg.io/ecard2/29_hires.png,2026/08/08,2026/02/21,70.3,84.98999786376953,152.99000549316406,482.5,,60.21,,,,14.5456,6.921,16.4604,16.7257,27.395599365234375,15.0762,13.0346,13.842,19.771,16.0798,1.1535,2026-08-09
bw9-56,Cofagrigus,holofoil,Plasma Freeze,56,Rare Holo,5ban Graphics,Stage 1|Team Plasma,563,Pokémon,2013/05/08,"tcgplayer,cardmarket",https://prices.pokemontcg.io/tcgplayer/bw9-56,https://images.pokemontcg.io/bw9/56_hires.png,2026/08/08,2026/02/04,4.45,1.2400000095367432,4.5,43.099998474121094,,8.12,,,,1.6149,0.5652,3.0222,2.6646,1.61489999294281,2.4454,2.4339,2.48,2.1801,2.953,1.1535,2026-08-09
base5-51,Dark Raticate,unlimited,Team Rocket,51,Common,Shin-ichi Yoshida,Stage 1,20,Pokémon,2000/04/24,"tcgplayer,cardmarket",https://prices.pokemontcg.io/tcgplayer/base5-51,https://images.pokemontcg.io/base5/51_hires.png,2026/08/08,2026/06/21,0.58,0.18000000715255737,0.5699999928474426,19.979999542236328,,,,,"{""1stEdition"": {""low"": 0.74, ""mid"": 1.51, ""high"": 19.99, ""market"": 1.55, ""directLow"": null}}",2.4339,0.0231,2.3301,0.0,0.7958999872207642,0.8074,2.4108,0.9228,0.5421,0.5421,1.1535,2026-08-09
swsh3-49,Beartic,normal,Darkness Ablaze,49,Rare,Masakazu Fukuda,Stage 1,614,Pokémon,2020/08/14,"tcgplayer,cardmarket",https://prices.pokemontcg.io/tcgplayer/swsh3-49,https://images.pokemontcg.io/swsh3/49_hires.png,2026/08/08,2026/02/19,0.12,0.05000000074505806,0.20000000298023224,19.979999542236328,,0.34,,,,0.1269,0.0231,0.1384,0.4268,0.05770000070333481,0.173,0.15,0.5652,0.3922,0.4268,1.1535,2026-08-09
xy3-44,Machop,normal,Furious Fists,44,Common,Kouki Saitou,Basic,66,Pokémon,2014/08/13,"tcgplayer,cardmarket",https://prices.pokemontcg.io/tcgplayer/xy3-44,https://images.pokemontcg.io/xy3/44_hires.png,2026/08/08,2026/02/24,0.23,0.05000000074505806,0.23999999463558197,19.979999542236328,,0.62,,,,0.1269,0.0231,0.1154,0.5883,0.04610000178217888,0.0692,0.1038,1.1535,0.5767,0.4729,1.1535,2026-08-09
ex8-54,Barboach,normal,Deoxys,54,Common,Miki Tanaka,Basic,339,Pokémon,2005/02/01,"tcgplayer,cardmarket",https://prices.pokemontcg.io/tcgplayer/ex8-54,https://images.pokemontcg.io/ex8/54_hires.png,2026/08/08,2026/03/08,0.55,0.25,0.550000011920929,18.239999771118164,,14.71,,,,0.3576,0.0231,0.323,6.5634,0.12690000236034393,0.2422,0.2999,3.7489,4.6832,5.5022,1.1535,2026-08-09
pl1-56,Monferno,normal,Platinum,56,Uncommon,Kouki Saitou,Stage 1,391,Pokémon,2009/02/11,"tcgplayer,cardmarket",https://prices.pokemontcg.io/tcgplayer/pl1-56,https://images.pokemontcg.io/pl1/56_hires.png,2026/08/08,2026/02/21,0.89,0.5,0.8500000238418579,19.979999542236328,,5.17,,,,0.2999,0.0231,0.323,4.2103,0.28839999437332153,0.2538,0.4037,4.0373,3.4259,2.6761,1.1535,2026-08-09
ex10-55,Eevee,normal,Unseen Forces,55,Common,Miki Tanaka,Basic,133,Pokémon,2005/08/01,"tcgplayer,cardmarket",https://prices.pokemontcg.io/tcgplayer/ex10-55,https://images.pokemontcg.io/ex10/55_hires.png,2026/08/08,2026/02/22,9.65,5.0,8.680000305175781,210.0,,147.73,,,,3.0683,0.0231,2.4339,61.5162,0.23070000112056732,2.7684,2.8722,12.1117,34.6742,21.3628,1.1535,2026-08-09
xy1-56,Pumpkaboo,normal,XY,56,Common,5ban Graphics,Basic,710,Pokémon,2014/02/05,"tcgplayer,cardmarket",https://prices.pokemontcg.io/tcgplayer/xy1-56,https://images.pokemontcg.io/xy1/56_hires.png,2026/08/08,2026/02/19,0.31,0.10000000149011612,0.25,19.899999618530273,,0.75,,,,5.7675,5.7675,5.8598,0.0,5.767499923706055,5.7329,6.1251,0.0,0.0,0.0,1.1535,2026-08-09
basep-53,Suicune,normal,Wizards Black Star Promos,53,Promo,Atsuko Nishida,Basic,245,Pokémon,1999/07/01,"tcgplayer,cardmarket",https://prices.pokemontcg.io/tcgplayer/basep-53,https://images.pokemontcg.io/basep/53_hires.png,2026/08/08,2026/06/21,53.83,44.95000076293945,125.0,9999.0,,,,,,103.6766,34.605,117.7147,0.0,112.46630096435547,99.2817,97.4477,23.5545,19.5749,19.5749,1.1535,2026-08-09
sm11-51,Golisopod,holofoil,Unified Minds,51,Rare Holo,Masakazu Fukuda,Stage 1,768,Pokémon,2019/08/02,"tcgplayer,cardmarket",https://prices.pokemontcg.io/tcgplayer/sm11-51,https://images.pokemontcg.io/sm11/51_hires.png,2026/08/08,2026/02/19,0.55,0.30000001192092896,0.550000011920929,56.0,,0.67,,,,0.3922,0.2307,0.4037,0.9228,0.29989999532699585,0.4153,0.8305,0.9689,0.7267,0.7844,1.1535,2026-08-09
ex5-48,Spinda,normal,Hidden Legends,48,Uncommon,Kagemaru Himeno,Basic,327,Pokémon,2004/06/01,"tcgplayer,cardmarket",https://prices.pokemontcg.io/tcgplayer/ex5-48,https://images.pokemontcg.io/ex5/48_hires.png,2026/08/08,2026/06/07,3.26,1.5299999713897705,4.0,96.81999969482422,,44.55,,,,1.5918,0.1154,1.2342,30.1871,0.34599998593330383,1.3842,0.992,8.0745,18.5598,10.7852,1.1535,2026-08-09
sm9-59,Nidoking,normal,Team Up,59,Rare,kawayoo,Stage 2,34,Pokémon,2019/02/01,"tcgplayer,cardmarket",https://prices.pokemontcg.io/tcgplayer/sm9-59,https://images.pokemontcg.io/sm9/59_hires.png,2026/08/08,2026/02/01,1.34,0.6700000166893005,1.340000033378601,2.5,,2.94,,,,1.7187,0.2307,1.8571,4.0373,1.153499960899353,1.7649,2.0878,0.7498,4.0834,4.9139,1.1535,2026-08-09
neo2-48,Unown [F],unlimited,Neo Discovery,48,Uncommon,CR CG gangs,Basic,201,Pokémon,2001/06/01,"tcgplayer,cardmarket",https://prices.pokemontcg.io/tcgplayer/neo2-48,https://images.pokemontcg.io/neo2/48_hires.png,2026/08/08,2026/06/21,2.07,0.6000000238418579,1.940000057220459,40.2400016784668,,,,,"{""1stEdition"": {""low"": 1.95, ""mid"": 3.89, ""high"": 48.1, ""market"": 3.89, ""directLow"": null}}",1.315,0.0231,1.2804,0.0,2.0762999057769775,1.488,1.1881,0.0,0.0,0.0,1.1535,2026-08-09
hgss3-55,Makuhita,normal,HS—Undaunted,55,Common,Tomokazu Komiya,Basic,296,Pokémon,2010/08/18,"tcgplayer,cardmarket",https://prices.pokemontcg.io/tcgplayer/hgss3-55,https://images.pokemontcg.io/hgss3/55_hires.png,2026/08/08,2026/02/19,1.3,0.49000000953674316,0.8299999833106995,19.979999542236328,,39.99,,,,0.3807,0.0231,0.4037,0.0,0.11540000140666962,0.3807,0.3691,5.7675,4.8332,3.0106,1.1535,2026-08-09
swsh4-52,Manectric,normal,Vivid Voltage,52,Rare,SATOSHI NAKAI,Stage 1,310,Pokémon,2020/11/13,"tcgplayer,cardmarket",https://prices.pokemontcg.io/tcgplayer/swsh4-52,https://images.pokemontcg.io/swsh4/52_hires.png,2026/08/08,2026/02/19,0.28,0.029999999329447746,0.27000001072883606,16.84000015258789,,0.28,,,,0.1961,0.0231,0.173,0.4268,0.11540000140666962,0.1269,0.15,0.2884,0.5075,0.5537,1.1535,2026-08-09
neo4-56,Togepi,unlimited,Neo Destiny,56,Uncommon,Yuka Morii,Basic,175,Pokémon,2002/02/28,"tcgplayer,cardmarket",https://prices.pokemontcg.io/tcgplayer/neo4-56,https://images.pokemontcg.io/neo4/56_hires.png,2026/08/08,2026/02/21,33.02,25.229999542236328,33.099998474121094,239.24000549316406,,,,,"{""1stEdition"": {""low"": 39.99, ""mid"": 77.5, ""high"": 699.9, ""market"": 60.56, ""directLow"": null}}",8.3744,1.142,10.5545,0.0,4.037300109863281,7.5439,8.2129,0.8651,0.8651,0.8651,1.1535,2026-08-09
neo1-50,Sunflora,unlimited,Neo Genesis,50,Uncommon,Kagemaru Himeno,Stage 1,192,Pokémon,2000/12/16,"tcgplayer,cardmarket",https://prices.pokemontcg.io/tcgplayer/neo1-50,https://images.pokemontcg.io/neo1/50_hires.png,2026/08/08,2026/06/21,2.3,1.25,2.2899999618530273,31.100000381469727,,,,,"{""1stEdition"": {""low"": 2.29, ""mid"": 4.0, ""high"": 46.0, ""market"": 3.93, ""directLow"": null}}",1.6726,0.0461,1.1304,0.0,0.51910001039505,1.2689,1.7533,1.7302,1.7302,1.7302,1.1535,2026-08-09
swsh35-59,Poké Ball,normal,Champion's Path,59,Common,Studio Bora Inc.,Item,,Trainer,2020/09/25,"tcgplayer,cardmarket",https://prices.pokemontcg.io/tcgplayer/swsh35-59,https://images.pokemontcg.io/swsh35/59_hires.png,2026/08/08,2026/02/19,0.13,0.009999999776482582,0.17000000178813934,19.979999542236328,,0.23,,,,0.0346,0.0231,0.0461,0.3691,0.04610000178217888,0.0577,0.0461,1.142,0.496,0.2768,1.1535,2026-08-09
sma-SV49,Charizard-GX,holofoil,Hidden Fates Shiny Vault,SV49,Rare Shiny GX,5ban Graphics,Stage 2|GX,6,Pokémon,2019/08/23,"tcgplayer,cardmarket",https://prices.pokemontcg.io/tcgplayer/sma-SV49,https://images.pokemontcg.io/sma/SV49_hires.png,2026/08/08,2026/02/04,759.64,400.0,849.989990234375,899.989990234375,,,,,,544.2213,282.6075,610.04,0.0,922.7999877929688,611.1935,628.0346,576.75,672.2252,630.6761,1.1535,2026-08-09
xy10-54,Zygarde-EX,holofoil,Fates Collide,54,Rare Holo EX,5ban Graphics,Basic|EX,718,Pokémon,2016/05/02,"tcgplayer,cardmarket",https://prices.pokemontcg.io/tcgplayer/xy10-54,https://images.pokemontcg.io/xy10/54_hires.png,2026/08/08,2026/02/04,5.66,2.4100000858306885,3.9700000286102295,40.310001373291016,,,,,,5.7675,2.307,5.7444,0.0,5.767499923706055,6.4711,5.1907,1.142,1.142,1.142,1.1535,2026-08-09
ex16-48,Charmander,normal,Power Keepers,48,Common,Sachiko Adachi,Basic,4,Pokémon,2007/02/02,"tcgplayer,cardmarket",https://prices.pokemontcg.io/tcgplayer/ex16-48,https://images.pokemontcg.io/ex16/48_hires.png,2026/08/08,2026/03/07,5.29,0.7400000095367432,3.5199999809265137,31.90999984741211,,49.84,,,,0.6806,0.0231,0.4037,14.1765,0.31139999628067017,0.3576,0.6921,15.8491,15.007,18.8021,1.1535,2026-08-09
dp3-59,Pinsir,normal,Secret Wonders,59,Uncommon,Ken Sugimori,Basic,127,Pokémon,2007/11/01,"tcgplayer,cardmarket",https://prices.pokemontcg.io/tcgplayer/dp3-59,https://images.pokemontcg.io/dp3/59_hires.png,2026/08/08,2026/02/19,0.4,0.20000000298023224,0.4000000059604645,19.979999542236328,,2.44,,,,0.4037,0.0231,0.2307,0.5998,0.4499000012874603,0.2999,0.3807,2.134,0.9805,0.8421,1.1535,2026-08-09
xy9-48,Blitzle,normal,BREAKpoint,48,Common,Aya Kusube,Basic,522,Pokémon,2016/02/03,"tcgplayer,cardmarket",https://prices.pokemontcg.io/tcgplayer/xy9-48,https://images.pokemontcg.io/xy9/48_hires.png,2026/08/08,2026/02/19,0.07,0.019999999552965164,0.20000000298023224,19.979999542236328,,0.49,,,,0.0923,0.0231,0.1154,0.4845,0.1615000069141388,0.1154,0.1038,0.5767,0.5191,0.4845,1.1535,2026-08-09
dp1-59,Rapidash,normal,Diamond & Pearl,59,Uncommon,Naoyo Kimura,Stage 1,78,Pokémon,2007/05/01,"tcgplayer,cardmarket",https://prices.pokemontcg.io/tcgplayer/dp1-59,https://images.pokemontcg.io/dp1/59_hires.png,2026/08/08,2026/02/19,0.66,0.25,0.5199999809265137,19.979999542236328,,12.49,,,,0.2999,0.0231,0.496,2.457,1.7302000522613525,0.346,0.2653,1.1535,3.1491,2.157,1.1535,2026-08-09
ex7-54,Drowzee,normal,Team Rocket Returns,54,Common,Midori Harada,Basic,96,Pokémon,2004/11/01,"tcgplayer,cardmarket",https://prices.pokemontcg.io/tcgplayer/ex7-54,https://images.pokemontcg.io/ex7/54_hires.png,2026/08/08,2026/02/22,1.04,0.5,1.1100000143051147,96.94999694824219,,47.52,,,,0.8305,0.173,0.8074,8.5936,0.8651000261306763,0.7382,0.9113,8.5936,11.9503,9.7817,1.1535,2026-08-09
base1-57,Pidgey,normal,Base,57,Common,Ken Sugimori,Basic,16,Pokémon,1999/01/09,"tcgplayer,cardmarket",https://prices.pokemontcg.io/tcgplayer/base1-57,https://images.pokemontcg.io/base1/57_hires.png,2026/08/08,2026/06/21,1.33,0.30000001192092896,0.8899999856948853,59.9900016784668,,,,,,9.874,4.0257,15.8606,0.0,10.323800086975098,11.1313,8.3052,0.0,0.0,0.0,1.1535,2026-08-09
hgss4-55,Aipom,normal,HS—Triumphant,55,Common,Naoyo Kimura,Basic,190,Pokémon,2010/11/03,"tcgplayer,cardmarket",https://prices.pokemontcg.io/tcgplayer/hgss4-55,https://images.pokemontcg.io/hgss4/55_hires.png,2026/08/08,2026/02/21,0.33,0.18000000715255737,0.3499999940395355,17.420000076293945,,1.33,,,,0.2884,0.0231,0.2307,1.8687,0.15000000596046448,0.2884,0.2768,0.5767,1.9609,1.6264,1.1535,2026-08-09
gym2-58,Sabrina's Kadabra,unlimited,Gym Challenge,58,Uncommon,Ken Sugimori,Stage 1,64,Pokémon,2000/10/16,"tcgplayer,cardmarket",https://prices.pokemontcg.io/tcgplayer/gym2-58,https://images.pokemontcg.io/gym2/58_hires.png,2026/08/08,2026/02/19,4.93,2.4800000190734863,4.769999980926514,39.47999954223633,,,,,"{""1stEdition"": {""low"": 14.75, ""mid"": 18.4, ""high"": 613.0, ""market"": 16.0, ""directLow"": null}}",3.8988,0.5652,4.2333,0.0,7.843800067901611,5.0177,4.2218,27.684,15.2839,15.2839,1.1535,2026-08-09
dp5-51,Aipom,normal,Majestic Dawn,51,Common,Kouki Saitou,Basic,190,Pokémon,2008/05/01,"tcgplayer,cardmarket",https://prices.pokemontcg.io/tcgplayer/dp5-51,https://images.pokemontcg.io/dp5/51_hires.png,2026/08/08,2026/02/21,0.38,0.10000000149011612,0.3799999952316284,7.260000228881836,,6.0,,,,0.2422,0.0231,0.2076,2.0186,0.40369999408721924,0.1384,0.2076,2.2839,1.6264,1.2689,1.1535,2026-08-09
bw8-55,Crobat,holofoil,Plasma Storm,55,Rare Holo,5ban Graphics,Stage 2|Team Plasma,169,Pokémon,2013/02/06,"tcgplayer,cardmarket",https://prices.pokemontcg.io/tcgplayer/bw8-55,https://images.pokemontcg.io/bw8/55_hires.png,2026/08/08,2026/02/19,4.24,2.700000047683716,4.28000020980835,17.65999984741211,,8.51,,,,2.9184,0.5191,3.4028,0.0,2.9414000511169434,3.299,3.3221,2.307,4.4756,3.6105,1.1535,2026-08-09
sm5-55,Drapion,normal,Ultra Prism,55,Rare,Studio Bora Inc.,Stage 1,452,Pokémon,2018/02/02,"tcgplayer,cardmarket",https://prices.pokemontcg.io/tcgplayer/sm5-55,https://images.pokemontcg.io/sm5/55_hires.png,2026/08/08,2026/02/01,0.21,0.05999999865889549,0.30000001192092896,19.979999542236328,,0.47,,,,0.3576,0.0231,0.3691,0.669,0.46140000224113464,0.3114,0.323,1.1535,0.5421,0.5075,1.1535,2026-08-09
ex11-55,Skarmory,normal,Delta Species,55,Uncommon,Hisao Nakamura,Basic,227,Pokémon,2005/10/31,"tcgplayer,cardmarket",https://prices.pokemontcg.io/tcgplayer/ex11-55,https://images.pokemontcg.io/ex11/55_hires.png,2026/08/08,2026/02/21,2.65,1.0,2.6500000953674316,28.780000686645508,,27.77,,,,3.4144,0.0577,1.7418,6.3442,0.28839999437332153,2.1686,2.5146,6.3442,10.7045,12.5962,1.1535,2026-08-09
sm7-57,Gulpin,normal,Celestial Storm,57,Common,Yuka Morii,Basic,316,Pokémon,2018/08/03,"tcgplayer,cardmarket",https://prices.pokemontcg.io/tcgplayer/sm7-57,https://images.pokemontcg.io/sm7/57_hires.png,2026/08/08,2026/01/21,0.69,0.15000000596046448,0.7300000190734863,19.979999542236328,,3.85,,,,0.1615,0.0231,0.2076,0.5998,0.31139999628067017,0.2538,0.173,0.5191,0.496,0.5191,1.1535,2026-08-09
ex4-57,Team Aqua's Spheal,normal,Team Magma vs Team Aqua,57,Common,Nakaoka,Basic,363,Pokémon,2004/03/01,"tcgplayer,cardmarket",https://prices.pokemontcg.io/tcgplayer/ex4-57,https://images.pokemontcg.io/ex4/57_hires.png,2026/08/08,2026/03/07,2.48,1.0,2.490000009536743,17.15999984741211,,27.06,,,,0.5537,0.1038,0.6229,0.0,0.8651000261306763,0.5537,0.6575,1.7302,5.2254,5.9867,1.1535,2026-08-09
bw1-53,Whirlipede,normal,Black & White,53,Uncommon,Masakazu Fukuda,Stage 1,544,Pokémon,2011/04/25,"tcgplayer,cardmarket",https://prices.pokemontcg.io/tcgplayer/bw1-53,https://images.pokemontcg.io/bw1/53_hires.png,2026/08/08,2026/02/22,0.32,0.10000000149011612,0.30000001192092896,19.979999542236328,,2.27,,,,0.15,0.0231,0.1269,0.5652,0.17299999296665192,0.1961,0.2768,0.2884,0.819,0.8421,1.1535,2026-08-09
bw4-60,Darmanitan,normal,Next Destinies,60,Rare,Shin Nagasawa,Stage 1,555,Pokémon,2012/02/08,"tcgplayer,cardmarket",https://prices.pokemontcg.io/tcgplayer/bw4-60,https://images.pokemontcg.io/bw4/60_hires.png,2026/08/08,2026/02/19,6.69,5.989999771118164,30.75,78.19000244140625,,10.22,,,,2.4224,0.1038,2.9068,4.2333,1.7302000522613525,4.6486,2.0994,0.5767,3.1375,2.5838,1.1535,2026-08-09
dp4-49,Porygon2,normal,Great Encounters,49,Uncommon,Kent Kanetsuna,Stage 1,233,Pokémon,2008/02/01,"tcgplayer,cardmarket",https://prices.pokemontcg.io/tcgplayer/dp4-49,https://images.pokemontcg.io/dp4/49_hires.png,2026/08/08,2026/02/21,2.71,0.7699999809265137,1.6100000143051147,22.989999771118164,,8.8,,,,0.8305,0.0231,0.1961,2.3993,0.023099999874830246,0.2884,1.0497,1.488,2.2724,2.134,1.1535,2026-08-09
bw2-49,Roggenrola,normal,Emerging Powers,49,Common,Kagemaru Himeno,Basic,524,Pokémon,2011/08/31,"tcgplayer,cardmarket",https://prices.pokemontcg.io/tcgplayer/bw2-49,https://images.pokemontcg.io/bw2/49_hires.png,2026/08/08,2026/02/22,0.38,0.10000000149011612,0.33000001311302185,17.420000076293945,,1.0,,,,0.2768,0.0231,0.2192,0.8536,0.05770000070333481,0.1384,0.173,0.8651,0.7613,1.0497,1.1535,2026-08-09
sm10-46,Krabby,normal,Unbroken Bonds,46,Common,Sekio,Basic,98,Pokémon,2019/05/03,"tcgplayer,cardmarket",https://prices.pokemontcg.io/tcgplayer/sm10-46,https://images.pokemontcg.io/sm10/46_hires.png,2026/08/08,2026/02/04,0.26,0.029999999329447746,0.25,18.399999618530273,,0.35,,,,0.1269,0.0231,0.1154,0.3576,0.11540000140666962,0.0692,0.1038,0.5191,0.3691,0.4153,1.1535,2026-08-09
pl2-51,Steelix GL,normal,Rising Rivals,51,Uncommon,Hajime Kusajima,Basic|SP,208,Pokémon,2009/05/16,"tcgplayer,cardmarket",https://prices.pokemontcg.io/tcgplayer/pl2-51,https://images.pokemontcg.io/pl2/51_hires.png,2026/08/08,2026/02/22,0.85,0.5,0.9200000166893005,19.979999542236328,,12.45,,,,0.5767,0.0461,0.7036,4.6601,0.6114000082015991,0.4845,0.6229,0.8651,5.1792,3.472,1.1535,2026-08-09
sm35-46,Stunfisk,normal,Shining Legends,46,Common,Naoyo Kimura,Basic,618,Pokémon,2017/10/06,"tcgplayer,cardmarket",https://prices.pokemontcg.io/tcgplayer/sm35-46,https://images.pokemontcg.io/sm35/46_hires.png,2026/08/08,2026/02/22,0.05,0.009999999776482582,0.20000000298023224,19.979999542236328,,0.33,,,,0.0807,0.0231,0.0807,0.3345,0.11540000140666962,0.0461,0.0692,0.8651,0.3807,0.4037,1.1535,2026-08-09
base6-50,Kakuna,normal,Legendary Collection,50,Uncommon,Keiji Kinebuchi,Stage 1,14,Pokémon,2002/05/24,"tcgplayer,cardmarket",https://prices.pokemontcg.io/tcgplayer/base6-50,https://images.pokemontcg.io/base6/50_hires.png,2026/08/08,2026/06/21,1.69,0.7900000214576721,1.690000057220459,16.959999084472656,,99.0,,,,2.6415,0.0577,2.3647,42.9333,8.07450008392334,2.6415,1.1881,57.675,38.9537,37.0273,1.1535,2026-08-09
xy11-59,Toxicroak,normal,Steam Siege,59,Rare,Hajime Kusajima,Stage 1,454,Pokémon,2016/08/03,"tcgplayer,cardmarket",https://prices.pokemontcg.io/tcgplayer/xy11-59,https://images.pokemontcg.io/xy11/59_hires.png,2026/08/08,2026/02/19,0.22,0.09000000357627869,0.25,19.979999542236328,,0.58,,,,0.2884,0.0461,0.2192,0.6229,0.57669997215271,0.3114,0.323,0.5421,0.6229,0.5421,1.1535,2026-08-09
sm75-54,Kommo-o,holofoil,Dragon Majesty,54,Rare Holo,so-taro,Stage 2,784,Pokémon,2018/09/07,"tcgplayer,cardmarket",https://prices.pokemontcg.io/tcgplayer/sm75-54,https://images.pokemontcg.io/sm75/54_hires.png,2026/08/08,2026/02/19,1.35,0.550000011920929,1.090000033378601,2.8399999141693115,,1.85,,,,1.2227,0.173,1.165,8.6512,1.9608999490737915,1.1304,1.3381,14.984,6.3442,3.8642,1.1535,2026-08-09
pl4-58,Burmy Trash Cloak,normal,Arceus,58,Common,Yukiko Baba,Basic,412,Pokémon,2009/11/04,"tcgplayer,cardmarket",https://prices.pokemontcg.io/tcgplayer/pl4-58,https://images.pokemontcg.io/pl4/58_hires.png,2026/08/08,2026/02/19,0.44,0.10000000149011612,0.4300000071525574,1.9900000095367432,,1.67,,,,0.2307,0.0231,0.1846,0.0,0.17299999296665192,0.2307,0.2307,2.8838,1.5111,0.992,1.1535,2026-08-09
ex14-53,Jigglypuff,normal,Crystal Guardians,53,Common,Midori Harada,Basic,39,Pokémon,2006/08/01,"tcgplayer,cardmarket",https://prices.pokemontcg.io/tcgplayer/ex14-53,https://images.pokemontcg.io/ex14/53_hires.png,2026/08/08,2026/03/08,1.4,0.49000000953674316,1.2999999523162842,18.700000762939453,,28.65,,,,0.4845,0.0231,0.6575,6.8749,1.0958000421524048,0.4037,0.4268,6.4942,7.2209,5.6291,1.1535,2026-08-09
ex1-45,Slakoth,normal,Ruby & Sapphire,45,Uncommon,Kagemaru Himeno,Basic,287,Pokémon,2003/07/01,"tcgplayer,cardmarket",https://prices.pokemontcg.io/tcgplayer/ex1-45,https://images.pokemontcg.io/ex1/45_hires.png,2026/08/08,2026/06/21,3.43,1.4500000476837158,3.450000047683716,96.7300033569336,,18.66,,,,1.3727,0.1154,1.811,1.1535,0.9804999828338623,1.4534,1.1881,1.6149,3.9334,4.764,1.1535,2026-08-09
ecard2-30,Quagsire,normal,Aquapolis,30,Rare,Mitsuhiro Arita,Stage 1,195,Pokémon,2003/01/15,"tcgplayer,cardmarket",https://prices.pokemontcg.io/tcgplayer/ecard2-30,https://images.pokemontcg.io/ecard2/30_hires.png,2026/08/08,2026/02/21,93.03,159.99000549316406,192.50999450683594,720.0,,89.53,,,,13.7151,5.756,12.031,19.8863,9.216500282287598,16.1721,12.3309,23.0123,20.5208,16.1259,1.1535,2026-08-09
ex3-56,Geodude,normal,Dragon,56,Common,Midori Harada,Basic,74,Pokémon,2003/11/24,"tcgplayer,cardmarket",https://prices.pokemontcg.io/tcgplayer/ex3-56,https://images.pokemontcg.io/ex3/56_hires.png,2026/08/08,2026/02/22,0.84,0.4000000059604645,0.8999999761581421,20.989999771118164,,7.06,,,,0.3922,0.0231,0.9689,2.3993,1.4187999963760376,0.9343,0.4614,1.4995,2.8376,2.803,1.1535,2026-08-09
gym1-56,Misty's Starmie,unlimited,Gym Heroes,56,Uncommon,Ken Sugimori,Stage 1,121,Pokémon,2000/08/14,"tcgplayer,cardmarket",https://prices.pokemontcg.io/tcgplayer/gym1-56,https://images.pokemontcg.io/gym1/56_hires.png,2026/08/08,2026/06/21,4.77,0.949999988079071,3.490000009536743,19.979999542236328,,,,,"{""1stEdition"": {""low"": 5.55, ""mid"": 11.34, ""high"": 132.7, ""market"": 11.13, ""directLow"": null}}",4.1641,0.4614,3.8873,0.0,1.7532999515533447,3.1606,3.9796,0.0,0.0,0.0,1.1535,2026-08-09
swshp-SWSH048,Centiskorch,holofoil,SWSH Black Star Promos,SWSH048,Promo,nagimiso,Stage 1,851,Pokémon,2019/11/15,"tcgplayer,cardmarket",https://prices.pokemontcg.io/tcgplayer/swshp-SWSH048,https://images.pokemontcg.io/swshp/SWSH048_hires.png,2026/08/08,2026/02/04,1.28,0.800000011920929,1.2799999713897705,4.980000019073486,,,,,,0.7498,0.1154,0.7959,0.0,1.0728000402450562,0.7267,0.7382,0.2884,0.2884,0.3691,1.1535,2026-08-09
ecard3-21,Moltres,normal,Skyridge,21,Rare,Kouki Saitou,Basic,146,Pokémon,2003/05/12,"tcgplayer,cardmarket",https://prices.pokemontcg.io/tcgplayer/ecard3-21,https://images.pokemontcg.io/ecard3/21_hires.png,2026/08/08,2026/06/21,71.28,50.0,76.97000122070312,765.0,,192.48,,,,18.1099,2.307,18.6406,17.8792,6.86329984664917,16.4835,15.5376,23.0585,27.188,50.6848,1.1535,2026-08-09
bwp-BW44,Kyurem,holofoil,BW Black Star Promos,BW44,Promo,5ban Graphics,Basic,646,Pokémon,2011/03/01,"tcgplayer,cardmarket",https://prices.pokemontcg.io/tcgplayer/bwp-BW44,https://images.pokemontcg.io/bwp/BW44_hires.png,2026/08/08,2026/03/11,7.15,3.1600000858306885,6.800000190734863,45.5,,,,,,17.2794,1.0381,7.3709,0.0,17.279399871826172,7.4055,5.8367,1.142,2.307,2.6415,1.1535,2026-08-09
xy2-64,Floette,normal,Flashfire,64,Rare,5ban Graphics,Stage 1,670,Pokémon,2014/05/07,"tcgplayer,cardmarket",https://prices.pokemontcg.io/tcgplayer/xy2-64,https://images.pokemontcg.io/xy2/64_hires.png,2026/08/08,2026/02/01,0.82,0.5,0.9900000095367432,19.989999771118164,,1.19,,,,0.819,0.0346,0.7382,0.8305,0.8651000261306763,0.7036,0.5537,0.5767,0.8997,0.9113,1.1535,2026-08-09
dp2-50,Golbat,normal,Mysterious Treasures,50,Uncommon,Kazuyuki Kano,Stage 1,42,Pokémon,2007/08/01,"tcgplayer,cardmarket",https://prices.pokemontcg.io/tcgplayer/dp2-50,https://images.pokemontcg.io/dp2/50_hires.png,2026/08/08,2026/02/22,0.45,0.1599999964237213,0.3700000047683716,2.25,,1.99,,,,0.4499,0.0577,0.3807,1.2458,0.34599998593330383,0.3691,0.3807,1.7302,1.2689,1.8456,1.1535,2026-08-09
ex10-56,Flaaffy,normal,Unseen Forces,56,Common,Kyoko Umemoto,Stage 1,180,Pokémon,2005/08/01,"tcgplayer,cardmarket",https://prices.pokemontcg.io/tcgplayer/ex10-56,https://images.pokemontcg.io/ex10/56_hires.png,2026/08/08,2026/02/22,0.94,0.5,1.0399999618530273,19.979999542236328,,20.34,,,,0.7267,0.0231,0.5652,6.0559,0.34599998593330383,0.4037,0.6344,6.3442,7.6708,8.3975,1.1535,2026-08-09
g1-42,Machamp,holofoil,Generations,42,Rare Holo,PLANETA,Stage 2,68,Pokémon,2016/02/22,"tcgplayer,cardmarket",https://prices.pokemontcg.io/tcgplayer/g1-42,https://images.pokemontcg.io/g1/42_hires.png,2026/08/08,2026/02/24,1.49,0.6899999976158142,1.5,59.9900016784668,,2.37,,,,2.1801,0.8651,1.6264,6.6096,1.7187000513076782,2.2839,2.2493,8.8704,6.921,5.2715,1.1535,2026-08-09
neo3-51,Shuckle,unlimited,Neo Revelation,51,Common,Yuka Morii,Basic,213,Pokémon,2001/09/21,"tcgplayer,cardmarket",https://prices.pokemontcg.io/tcgplayer/neo3-51,https://images.pokemontcg.io/neo3/51_hires.png,2026/08/08,2026/06/21,7.11,2.869999885559082,5.849999904632568,31.889999389648438,,,,,"{""1stEdition"": {""low"": 10.99, ""mid"": 17.28, ""high"": 67.5, ""market"": 17.49, ""directLow"": null}}",1.2919,0.0231,1.315,0.0,0.1615000069141388,0.9228,1.0612,0.0,0.0,0.0,1.1535,2026-08-09
bw6-54,Garbodor,holofoil,Dragons Exalted,54,Rare Holo,kawayoo,Stage 1,569,Pokémon,2012/08/15,"tcgplayer,cardmarket",https://prices.pokemontcg.io/tcgplayer/bw6-54,https://images.pokemontcg.io/bw6/54_hires.png,2026/08/08,2026/02/19,5.37,3.5,5.440000057220459,67.5,,4.47,,,,2.3993,0.2192,1.2689,2.0186,0.57669997215271,1.9956,2.307,2.8838,2.2378,2.9645,1.1535,2026-08-09
col1-57,Hitmonchan,normal,Call of Legends,57,Common,Kouki Saitou,Basic,107,Pokémon,2011/02/09,"tcgplayer,cardmarket",https://prices.pokemontcg.io/tcgplayer/col1-57,https://images.pokemontcg.io/col1/57_hires.png,2026/08/08,2026/02/19,0.37,0.15000000596046448,0.3700000047683716,19.979999542236328,,13.5,,,,0.4499,0.0231,0.4268,2.5954,0.05770000070333481,0.6229,0.4729,0.5767,4.2103,4.7063,1.1535,2026-08-09
hgss2-56,Onix,normal,HS—Unleashed,56,Common,MAHOU,Basic,95,Pokémon,2010/05/12,"tcgplayer,cardmarket",https://prices.pokemontcg.io/tcgplayer/hgss2-56,https://images.pokemontcg.io/hgss2/56_hires.png,2026/08/08,2026/02/19,0.54,0.1899999976158142,0.4699999988079071,90.19999694824219,,5.55,,,,0.2307,0.0231,0.2076,2.5377,0.023099999874830246,0.1961,0.2076,0.5767,1.638,1.2112,1.1535,2026-08-09
sm2-53,Gothorita,normal,Guardians Rising,53,Uncommon,kawayoo,Stage 1,575,Pokémon,2017/05/05,"tcgplayer,cardmarket",https://prices.pokemontcg.io/tcgplayer/sm2-53,https://images.pokemontcg.io/sm2/53_hires.png,2026/08/08,2026/02/04,0.24,0.05999999865889549,0.23999999463558197,19.979999542236328,,0.55,,,,0.0923,0.0231,0.0923,0.4383,0.13840000331401825,0.0923,0.0923,0.5767,0.4268,0.3922,1.1535,2026-08-09
bw11-59,Ralts,normal,Legendary Treasures,59,Common,Naoyo Kimura,Basic,280,Pokémon,2013/11/06,"tcgplayer,cardmarket",https://prices.pokemontcg.io/tcgplayer/bw11-59,https://images.pokemontcg.io/bw11/59_hires.png,2026/08/08,2026/02/19,0.44,0.15000000596046448,0.4099999964237213,1000.0,,2.35,,,,0.3114,0.0461,0.3691,3.4605,0.17299999296665192,0.346,0.323,3.449,2.803,1.4995,1.1535,2026-08-09
pl3-51,Bibarel,normal,Supreme Victors,51,Uncommon,Atsuko Nishida,Stage 1,400,Pokémon,2009/08/19,"tcgplayer,cardmarket",https://prices.pokemontcg.io/tcgplayer/pl3-51,https://images.pokemontcg.io/pl3/51_hires.png,2026/08/08,2026/02/19,0.52,0.10000000149011612,0.4000000059604645,19.979999542236328,,2.79,,,,0.173,0.0346,0.2768,0.0,0.11540000140666962,0.2307,0.346,0.5191,1.3381,1.3496,1.1535,2026-08-09
bw3-51,Duosion,normal,Noble Victories,51,Uncommon,sui,Stage 1,578,Pokémon,2011/11/16,"tcgplayer,cardmarket",https://prices.pokemontcg.io/tcgplayer/bw3-51,https://images.pokemontcg.io/bw3/51_hires.png,2026/08/08,2026/02/21,0.54,0.36000001430511475,0.5899999737739563,19.979999542236328,,1.68,,,,0.5421,0.0231,0.496,1.0151,0.023099999874830246,0.4268,0.4153,0.4037,0.8536,1.0843,1.1535,2026-08-09
ex15-45,Cyndaquil δ,normal,Dragon Frontiers,45,Common,Atsuko Nishida,Basic,155,Pokémon,2006/11/01,"tcgplayer,cardmarket",https://prices.pokemontcg.io/tcgplayer/ex15-45,https://images.pokemontcg.io/ex15/45_hires.png,2026/08/08,2026/03/11,1.93,0.4000000059604645,1.2400000095367432,18.0,,38.82,,,,0.5652,0.0231,0.5767,10.1854,0.3230000138282776,0.4383,0.4845,12.6885,8.559,7.2901,1.1535,2026-08-09
ex13-56,Wobbuffet,normal,Holon Phantoms,56,Uncommon,Katsura Tabata,Basic,202,Pokémon,2006/05/01,"tcgplayer,cardmarket",https://prices.pokemontcg.io/tcgplayer/ex13-56,https://images.pokemontcg.io/ex13/56_hires.png,2026/08/08,2026/02/19,1.26,0.5,1.2699999809265137,34.869998931884766,,15.99,,,,0.6806,0.1154,0.1615,9.9662,0.23070000112056732,0.7959,0.8882,8.6859,8.9742,7.5093,1.1535,2026-08-09
ex6-52,Wigglytuff,normal,FireRed & LeafGreen,52,Uncommon,Kyoko Umemoto,Stage 1,40,Pokémon,2004/09/01,"tcgplayer,cardmarket",https://prices.pokemontcg.io/tcgplayer/ex6-52,https://images.pokemontcg.io/ex6/52_hires.png,2026/08/08,2026/03/11,6.88,3.890000104904175,8.0,65.19999694824219,,30.49,,,,2.5146,0.2307,2.8261,7.0363,1.3610999584197998,2.457,2.2955,13.8305,6.6903,13.8881,1.1535,2026-08-09
sm1-53,Togedemaru,normal,Sun & Moon,53,Common,Megumi Mizutani,Basic,777,Pokémon,2017/02/03,"tcgplayer,cardmarket",https://prices.pokemontcg.io/tcgplayer/sm1-53,https://images.pokemontcg.io/sm1/53_hires.png,2026/08/08,2026/02/04,0.07,0.009999999776482582,0.18000000715255737,1000.0,,0.31,,,,0.0692,0.0231,0.0577,0.3691,0.09229999780654907,0.0461,0.0807,0.3922,0.346,0.3576,1.1535,2026-08-09
xy7-57,Giratina-EX,holofoil,Ancient Origins,57,Rare Holo EX,PLANETA,Basic|EX,487,Pokémon,2015/08/12,"tcgplayer,cardmarket",https://prices.pokemontcg.io/tcgplayer/xy7-57,https://images.pokemontcg.io/xy7/57_hires.png,2026/08/08,2026/02/04,26.5,13.5,25.0,205.0,,,,,,23.6698,5.7675,22.1011,0.0,6.921000003814697,25.0309,21.4897,25.377,11.9964,11.708,1.1535,2026-08-09
bw5-49,Slowking,normal,Dark Explorers,49,Rare,Shin Nagasawa,Stage 1,199,Pokémon,2012/05/09,"tcgplayer,cardmarket",https://prices.pokemontcg.io/tcgplayer/bw5-49,https://images.pokemontcg.io/bw5/49_hires.png,2026/08/08,2026/02/22,4.14,4.75,10.199999809265137,52.900001525878906,,6.25,,,,1.142,0.1269,1.2689,1.6726,0.7035999894142151,0.9459,1.3496,0.6806,2.6184,2.2609,1.1535,2026-08-09
xy12-51,Mewtwo,normal,Evolutions,51,Rare,Ken Sugimori,Basic,150,Pokémon,2016/11/02,"tcgplayer,cardmarket",https://prices.pokemontcg.io/tcgplayer/xy12-51,https://images.pokemontcg.io/xy12/51_hires.png,2026/08/08,2026/02/19,2.53,0.8500000238418579,2.5,75.0,,12.58,,,,3.1029,0.173,2.457,10.1969,3.414400100708008,2.1109,3.1375,6.6903,7.4055,9.0204,1.1535,2026-08-09
dp7-48,Sableye,normal,Stormfront,48,Uncommon,Kyoko Umemoto,Basic,302,Pokémon,2008/11/01,"tcgplayer,cardmarket",https://prices.pokemontcg.io/tcgplayer/dp7-48,https://images.pokemontcg.io/dp7/48_hires.png,2026/08/08,2026/02/22,6.77,3.740000009536743,5.489999771118164,53.84000015258789,,11.43,,,,1.2919,0.0231,0.9343,1.7879,0.57669997215271,1.0497,0.7498,10.9582,2.803,2.5954,1.1535,2026-08-09
sm6-51,Malamar,normal,Forbidden Light,51,Rare,You Iribi,Stage 1,687,Pokémon,2018/05/04,"tcgplayer,cardmarket",https://prices.pokemontcg.io/tcgplayer/sm6-51,https://images.pokemontcg.io/sm6/51_hires.png,2026/08/08,2026/02/04,0.65,0.3499999940395355,0.6399999856948853,19.34000015258789,,1.13,,,,4.0373,1.7302,3.7143,0.0,2.306999921798706,4.3487,2.6415,1.0958,1.4534,1.4534,1.1535,2026-08-09
sm12-59,Ducklett,normal,Cosmic Eclipse,59,Common,Yumi,Basic,580,Pokémon,2019/11/01,"tcgplayer,cardmarket",https://prices.pokemontcg.io/tcgplayer/sm12-59,https://images.pokemontcg.io/sm12/59_hires.png,2026/08/08,2026/02/01,0.14,0.009999999776482582,0.20000000298023224,19.979999542236328,,0.4,,,,0.0692,0.0231,0.0923,0.2999,0.023099999874830246,0.0807,0.0692,0.0577,0.323,0.3345,1.1535,2026-08-09
bw10-60,Jirachi-EX,holofoil,Plasma Blast,60,Rare Holo EX,Ryo Ueda,Basic|EX,385,Pokémon,2013/08/14,"tcgplayer,cardmarket",https://prices.pokemontcg.io/tcgplayer/bw10-60,https://images.pokemontcg.io/bw10/60_hires.png,2026/08/08,2026/02/04,27.62,27.979999542236328,36.9900016784668,350.0,,,,,,11.9041,4.614,13.6113,0.0,22.493200302124023,11.8003,12.4463,17.3025,10.9352,9.2165,1.1535,2026-08-09
ex8-55,Beldum,normal,Deoxys,55,Common,Hisao Nakamura,Basic,374,Pokémon,2005/02/01,"tcgplayer,cardmarket",https://prices.pokemontcg.io/tcgplayer/ex8-55,https://images.pokemontcg.io/ex8/55_hires.png,2026/08/08,2026/03/08,0.41,0.07999999821186066,0.4099999964237213,20.31999969482422,,13.67,,,,0.669,0.0231,0.4383,2.1686,0.10379999876022339,0.2768,0.4153,8.9396,7.1863,4.9139,1.1535,2026-08-09
sm115-56,Erika's Hospitality,normal,Hidden Fates,56,Rare,Sanosuke Sakuma,Supporter,,Trainer,2019/08/23,"tcgplayer,cardmarket",https://prices.pokemontcg.io/tcgplayer/sm115-56,https://images.pokemontcg.io/sm115/56_hires.png,2026/08/08,2026/02/22,0.25,0.05999999865889549,0.30000001192092896,19.979999542236328,,0.44,,,,0.1615,0.0231,0.1615,0.4729,0.09229999780654907,0.1615,0.173,0.2884,0.5883,0.4845,1.1535,2026-08-09
swsh2-51,Cramorant,normal,Rebel Clash,51,Rare,Mitsuhiro Arita,Basic,845,Pokémon,2020/05/01,"tcgplayer,cardmarket",https://prices.pokemontcg.io/tcgplayer/swsh2-51,https://images.pokemontcg.io/swsh2/51_hires.png,2026/08/08,2026/02/19,0.24,0.12999999523162842,0.25,19.979999542236328,,0.46,,,,0.2422,0.0231,0.2884,0.6344,0.51910001039505,0.3114,0.2653,0.5191,0.5767,0.646,1.1535,2026-08-09
swsh1-56,Drizzile,normal,Sword & Shield,56,Uncommon,Naoki Saito,Stage 1,817,Pokémon,2020/02/07,"tcgplayer,cardmarket",https://prices.pokemontcg.io/tcgplayer/swsh1-56,https://images.pokemontcg.io/swsh1/56_hires.png,2026/08/08,2026/02/19,0.25,0.029999999329447746,0.27000001072883606,19.979999542236328,,0.87,,,,0.2999,0.0231,0.2538,2.5723,0.5421000123023987,0.2999,0.2884,1.6149,1.5803,2.6184,1.1535,2026-08-09
xy8-51,Magnemite,normal,BREAKthrough,51,Common,Akira Komayama,Basic,81,Pokémon,2015/11/04,"tcgplayer,cardmarket",https://prices.pokemontcg.io/tcgplayer/xy8-51,https://images.pokemontcg.io/xy8/51_hires.png,2026/08/08,2026/02/19,0.23,0.03999999910593033,0.23999999463558197,19.979999542236328,,0.67,,,,0.1154,0.0231,0.1154,0.5537,0.12690000236034393,0.1154,0.1384,0.3807,0.6344,0.7036,1.1535,2026-08-09
base5-52,Diglett,unlimited,Team Rocket,52,Common,Sumiyoshi Kizuki,Basic,50,Pokémon,2000/04/24,"tcgplayer,cardmarket",https://prices.pokemontcg.io/tcgplayer/base5-52,https://images.pokemontcg.io/base5/52_hires.png,2026/08/08,2026/06/21,0.6,0.25,0.6000000238418579,9999.0,,,,,"{""1stEdition"": {""low"": 1.0, ""mid"": 2.54, ""high"": 24.64, ""market"": 2.62, ""directLow"": 2.62}}",1.2804,0.0231,1.6841,0.0,0.7267000079154968,0.7613,1.315,0.6575,0.4499,0.4499,1.1535,2026-08-09
xyp-XY46,Altaria,holofoil,XY Black Star Promos,XY46,Promo,Naoki Saito,Stage 1,334,Pokémon,2013/10/12,"tcgplayer,cardmarket",https://prices.pokemontcg.io/tcgplayer/xyp-XY46,https://images.pokemontcg.io/xyp/XY46_hires.png,2026/08/08,2026/02/19,29.11,44.77000045776367,49.9900016784668,184.89999389648438,,,,,,24.9156,21.9165,25.1117,0.0,28.837499618530273,25.6654,20.8784,6.921,7.2901,6.6211,1.1535,2026-08-09
sm4-47,Salazzle,holofoil,Crimson Invasion,47,Rare Holo,Shin Nagasawa,Stage 1,758,Pokémon,2017/11/03,"tcgplayer,cardmarket",https://prices.pokemontcg.io/tcgplayer/sm4-47,https://images.pokemontcg.io/sm4/47_hires.png,2026/08/08,2026/02/19,0.44,0.10000000149011612,0.41999998688697815,19.979999542236328,,0.39,,,,0.2076,0.0231,0.1846,0.8651,0.19609999656677246,0.2076,0.2653,0.2884,0.7267,0.6114,1.1535,2026-08-09
ex2-50,Pelipper,normal,Sandstorm,50,Uncommon,Kagemaru Himeno,Stage 1,279,Pokémon,2003/09/18,"tcgplayer,cardmarket",https://prices.pokemontcg.io/tcgplayer/ex2-50,https://images.pokemontcg.io/ex2/50_hires.png,2026/08/08,2026/06/21,1.51,0.800000011920929,1.5,25.5,,7.22,,,,1.3265,0.1154,1.1535,4.118,0.34599998593330383,0.9343,1.2804,6.8633,4.9716,3.7373,1.1535,2026-08-09
hgss1-62,Drowzee,normal,HeartGold & SoulSilver,62,Common,Masakazu Fukuda,Basic,96,Pokémon,2010/02/10,"tcgplayer,cardmarket",https://prices.pokemontcg.io/tcgplayer/hgss1-62,https://images.pokemontcg.io/hgss1/62_hires.png,2026/08/08,2026/02/04,0.55,0.20000000298023224,0.49000000953674316,5.0,,4.75,,,,0.173,0.0231,0.15,0.6114,0.11540000140666962,0.15,0.1615,1.0381,0.8767,1.6495,1.1535,2026-08-09
xy5-57,Chinchou,normal,Primal Clash,57,Common,Kagemaru Himeno,Basic,170,Pokémon,2015/02/04,"tcgplayer,cardmarket",https://prices.pokemontcg.io/tcgplayer/xy5-57,https://images.pokemontcg.io/xy5/57_hires.png,2026/08/08,2026/02/19,0.23,0.03999999910593033,0.23000000417232513,5.0,,0.53,,,,0.1384,0.0231,0.1615,0.4614,0.34599998593330383,0.15,0.1384,0.346,1.5918,0.7613,1.1535,2026-08-09
ecard1-48,Gengar,normal,Expedition Base Set,48,Rare,Yukiko Baba,Stage 2,94,Pokémon,2002/09/15,"tcgplayer,cardmarket",https://prices.pokemontcg.io/tcgplayer/ecard1-48,https://images.pokemontcg.io/ecard1/48_hires.png,2026/08/08,2026/06/21,170.07,169.3300018310547,191.5,1419.9000244140625,,247.78,,,,60.7202,13.842,88.8772,209.7063,196.08349609375,84.5285,69.0831,46.14,159.1715,152.3312,1.1535,2026-08-09
swsh3-50,Wishiwashi,normal,Darkness Ablaze,50,Common,sui,Basic,746,Pokémon,2020/08/14,"tcgplayer,cardmarket",https://prices.pokemontcg.io/tcgplayer/swsh3-50,https://images.pokemontcg.io/swsh3/50_hires.png,2026/08/08,2026/02/19,0.08,0.009999999776482582,0.15000000596046448,25.079999923706055,,0.28,,,,0.0577,0.0231,0.0346,0.1961,0.03460000082850456,0.0346,0.0461,0.2653,0.2307,0.2307,1.1535,2026-08-09
xy3-45,Machoke,normal,Furious Fists,45,Uncommon,Mitsuhiro Arita,Stage 1,67,Pokémon,2014/08/13,"tcgplayer,cardmarket",https://prices.pokemontcg.io/tcgplayer/xy3-45,https://images.pokemontcg.io/xy3/45_hires.png,2026/08/08,2026/02/24,0.24,0.10000000149011612,0.25,19.979999542236328,,2.63,,,,0.1961,0.0231,0.2076,2.0186,0.23070000112056732,0.1846,0.1846,1.1535,1.2919,1.0266,1.1535,2026-08-09
sm3-52,Dusclops,normal,Burning Shadows,52,Uncommon,SATOSHI NAKAI,Stage 1,356,Pokémon,2017/08/05,"tcgplayer,cardmarket",https://prices.pokemontcg.io/tcgplayer/sm3-52,https://images.pokemontcg.io/sm3/52_hires.png,2026/08/08,2026/02/01,0.04,0.009999999776482582,0.20000000298023224,19.979999542236328,,0.36,,,,0.0807,0.0231,0.0807,0.3345,0.05770000070333481,0.0692,0.1038,0.2307,0.2653,0.2422,1.1535,2026-08-09
xy6-53,Altaria,normal,Roaring Skies,53,Uncommon,Mitsuhiro Arita,Stage 1,334,Pokémon,2015/05/06,"tcgplayer,cardmarket",https://prices.pokemontcg.io/tcgplayer/xy6-53,https://images.pokemontcg.io/xy6/53_hires.png,2026/08/08,2026/02/19,0.23,0.07000000029802322,0.30000001192092896,19.979999542236328,,0.61,,,,0.173,0.0231,0.15,0.7844,0.1615000069141388,0.1615,0.2192,1.3727,0.8882,0.669,1.1535,2026-08-09
base2-48,Weepinbell,unlimited,Jungle,48,Uncommon,Kagemaru Himeno,Stage 1,70,Pokémon,1999/06/16,"tcgplayer,cardmarket",https://prices.pokemontcg.io/tcgplayer/base2-48,https://images.pokemontcg.io/base2/48_hires.png,2026/08/08,2026/06/27,0.65,0.20999999344348907,0.5600000023841858,20.0,,,,,"{""1stEdition"": {""low"": 1.23, ""mid"": 3.51, ""high"": 42.13, ""market"": 3.99, ""directLow"": 2.69}}",1.0151,0.0231,1.2689,0.0,0.5536999702453613,1.4188,1.0035,0.5767,0.496,0.496,1.1535,2026-08-09
dp6-52,Dragonair,normal,Legends Awakened,52,Uncommon,Suwama Chiaki,Stage 1,148,Pokémon,2008/08/01,"tcgplayer,cardmarket",https://prices.pokemontcg.io/tcgplayer/dp6-52,https://images.pokemontcg.io/dp6/52_hires.png,2026/08/08,2026/02/21,11.95,5.5,14.0,109.9000015258789,,34.69,,,,34.5935,19.598,41.2492,0.0,34.59349822998047,41.1684,23.9005,1.1535,4.9024,4.9024,1.1535,2026-08-09
bw7-58,Wobbuffet,normal,Boundaries Crossed,58,Uncommon,Ken Sugimori,Basic,202,Pokémon,2012/11/07,"tcgplayer,cardmarket",https://prices.pokemontcg.io/tcgplayer/bw7-58,https://images.pokemontcg.io/bw7/58_hires.png,2026/08/08,2026/02/04,0.8,0.5,0.8500000238418579,19.979999542236328,,2.89,,,,0.5306,0.0231,0.5421,0.8074,0.29989999532699585,0.5306,0.5306,0.5652,2.3993,1.7072,1.1535,2026-08-09
neo3-52,Skiploom,unlimited,Neo Revelation,52,Common,Mitsuhiro Arita,Stage 1,188,Pokémon,2001/09/21,"tcgplayer,cardmarket",https://prices.pokemontcg.io/tcgplayer/neo3-52,https://images.pokemontcg.io/neo3/52_hires.png,2026/08/08,2026/06/21,0.78,0.30000001192092896,0.800000011920929,23.489999771118164,,,,,"{""1stEdition"": {""low"": 1.5, ""mid"": 3.16, ""high"": 39.99, ""market"": 2.33, ""directLow"": null}}",0.7844,0.0231,0.4499,0.0,0.5421000123023987,0.6114,0.8997,0.0,0.0,0.0,1.1535,2026-08-09
gym2-59,Sabrina's Mr. Mime,unlimited,Gym Challenge,59,Uncommon,Ken Sugimori,Basic,122,Pokémon,2000/10/16,"tcgplayer,cardmarket",https://prices.pokemontcg.io/tcgplayer/gym2-59,https://images.pokemontcg.io/gym2/59_hires.png,2026/08/08,2026/02/19,4.03,2.0,4.139999866485596,96.94999694824219,,,,,"{""1stEdition"": {""low"": 7.46, ""mid"": 15.0, ""high"": 76.8, ""market"": 13.69, ""directLow"": 19.99}}",4.7755,0.5767,4.2218,0.0,3.9911000728607178,4.4064,3.9104,8.0745,8.0745,8.0745,1.1535,2026-08-09
ex8-56,Carvanha,normal,Deoxys,56,Common,Tomokazu Komiya,Basic,318,Pokémon,2005/02/01,"tcgplayer,cardmarket",https://prices.pokemontcg.io/tcgplayer/ex8-56,https://images.pokemontcg.io/ex8/56_hires.png,2026/08/08,2026/03/08,1.41,0.6000000238418579,1.149999976158142,17.65999984741211,,29.99,,,,0.8767,0.0231,0.9228,22.9546,0.11540000140666962,0.9459,0.9228,5.756,11.6388,10.047,1.1535,2026-08-09
hgss3-56,Mawile,normal,HS—Undaunted,56,Common,TOKIYA,Basic,303,Pokémon,2010/08/18,"tcgplayer,cardmarket",https://prices.pokemontcg.io/tcgplayer/hgss3-56,https://images.pokemontcg.io/hgss3/56_hires.png,2026/08/08,2026/02/19,0.57,0.15000000596046448,0.38999998569488525,19.979999542236328,,8.46,,,,0.323,0.0231,0.1038,0.7036,0.12690000236034393,0.2422,0.3691,3.4605,2.2147,2.5492,1.1535,2026-08-09
neo2-49,Unown [M],unlimited,Neo Discovery,49,Uncommon,CR CG gangs,Basic,201,Pokémon,2001/06/01,"tcgplayer,cardmarket",https://prices.pokemontcg.io/tcgplayer/neo2-49,https://images.pokemontcg.io/neo2/49_hires.png,2026/08/08,2026/06/21,1.53,0.75,1.4900000095367432,21.530000686645508,,,,,"{""1stEdition"": {""low"": 1.95, ""mid"": 6.3, ""high"": 37.4, ""market"": 4.82, ""directLow"": null}}",2.1801,0.0231,2.4916,0.0,3.3798000812530518,0.9805,1.6264,0.0,0.0,0.0,1.1535,2026-08-09
xy4-52,Honchkrow,normal,Phantom Forces,52,Rare,Hajime Kusajima,Stage 1,430,Pokémon,2014/11/05,"tcgplayer,cardmarket",https://prices.pokemontcg.io/tcgplayer/xy4-52,https://images.pokemontcg.io/xy4/52_hires.png,2026/08/08,2026/02/19,0.54,0.10000000149011612,0.49000000953674316,1.7200000286102295,,0.84,,,,0.7613,0.1154,0.6114,1.315,0.1615000069141388,0.5767,0.5883,1.1535,1.0612,1.2919,1.1535,2026-08-09
xy8-52,Magnemite,normal,BREAKthrough,52,Common,Akira Komayama,Basic,81,Pokémon,2015/11/04,"tcgplayer,cardmarket",https://prices.pokemontcg.io/tcgplayer/xy8-52,https://images.pokemontcg.io/xy8/52_hires.png,2026/08/08,2026/02/19,0.18,0.03999999910593033,0.2199999988079071,19.979999542236328,,0.61,,,,0.2076,0.0231,0.1961,0.7382,0.219200000166893,0.15,0.173,0.0923,0.5998,0.646,1.1535,2026-08-09
base4-56,Persian,normal,Base Set 2,56,Uncommon,Kagemaru Himeno,Stage 1,53,Pokémon,2000/02/24,"tcgplayer,cardmarket",https://prices.pokemontcg.io/tcgplayer/base4-56,https://images.pokemontcg.io/base4/56_hires.png,2026/08/08,2026/03/07,3.16,0.44999998807907104,1.4500000476837158,24.979999542236328,,,,,,2.4685,0.346,2.9184,0.0,3.172100067138672,3.0568,2.2955,0.173,0.173,0.173,1.1535,2026-08-09
ecard3-22,Nidoqueen,normal,Skyridge,22,Rare,Mitsuhiro Arita,Stage 2,31,Pokémon,2003/05/12,"tcgplayer,cardmarket",https://prices.pokemontcg.io/tcgplayer/ecard3-22,https://images.pokemontcg.io/ecard3/22_hires.png,2026/08/08,2026/06/21,29.45,39.75,299.989990234375,312.8999938964844,,88.84,,,,9.5856,4.3833,15.5607,40.0611,47.29349899291992,13.4959,11.6388,40.0611,162.0898,54.7912,1.1535,2026-08-09
swsh1-57,Drizzile,normal,Sword & Shield,57,Uncommon,Mizue,Stage 1,817,Pokémon,2020/02/07,"tcgplayer,cardmarket",https://prices.pokemontcg.io/tcgplayer/swsh1-57,https://images.pokemontcg.io/swsh1/57_hires.png,2026/08/08,2026/02/19,0.21,0.03999999910593033,0.2199999988079071,18.020000457763672,,0.43,,,,0.0923,0.0231,0.1269,1.6956,0.11540000140666962,0.1269,0.1038,1.7302,1.3035,1.1766,1.1535,2026-08-09
dp4-50,Purugly,normal,Great Encounters,50,Uncommon,Ken Sugimori,Stage 1,432,Pokémon,2008/02/01,"tcgplayer,cardmarket",https://prices.pokemontcg.io/tcgplayer/dp4-50,https://images.pokemontcg.io/dp4/50_hires.png,2026/08/08,2026/02/21,0.42,0.25,0.4300000071525574,18.219999313354492,,1.97,,,,0.2768,0.0231,0.1961,1.6726,0.51910001039505,0.2076,0.2307,1.7302,1.1766,1.0035,1.1535,2026-08-09
bw4-61,Elgyem,normal,Next Destinies,61,Common,Sumiyoshi Kizuki,Basic,605,Pokémon,2012/02/08,"tcgplayer,cardmarket",https://prices.pokemontcg.io/tcgplayer/bw4-61,https://images.pokemontcg.io/bw4/61_hires.png,2026/08/08,2026/02/19,0.2,0.11999999731779099,0.25,19.979999542236328,,0.84,,,,0.2076,0.0231,0.1846,0.9228,0.19609999656677246,0.1961,0.2422,0.9228,0.5075,0.5421,1.1535,2026-08-09
ex2-51,Quilava,normal,Sandstorm,51,Uncommon,Naoyo Kimura,Stage 1,156,Pokémon,2003/09/18,"tcgplayer,cardmarket",https://prices.pokemontcg.io/tcgplayer/ex2-51,https://images.pokemontcg.io/ex2/51_hires.png,2026/08/08,2026/02/22,6.05,2.75,5.679999828338623,43.099998474121094,,34.99,,,,1.8687,0.173,1.7995,0.0,1.7302000522613525,1.8341,1.6264,4.6025,5.9175,7.8438,1.1535,2026-08-09
swshp-SWSH049,Dubwool V,holofoil,SWSH Black Star Promos,SWSH049,Promo,5ban Graphics,Basic|V,832,Pokémon,2019/11/15,"tcgplayer,cardmarket",https://prices.pokemontcg.io/tcgplayer/swshp-SWSH049,https://images.pokemontcg.io/swshp/SWSH049_hires.png,2026/08/08,2026/02/04,0.58,0.23999999463558197,0.75,25.0,,,,,,1.0612,0.1154,1.2227,0.0,2.306999921798706,1.0266,1.0612,0.0,0.0,0.0,1.1535,2026-08-09
sm1-54,Zubat,normal,Sun & Moon,54,Common,Satoshi Shirai,Basic,41,Pokémon,2017/02/03,"tcgplayer,cardmarket",https://prices.pokemontcg.io/tcgplayer/sm1-54,https://images.pokemontcg.io/sm1/54_hires.png,2026/08/08,2026/02/04,0.1,0.019999999552965164,0.17000000178813934,19.979999542236328,,0.3,,,,0.0692,0.0231,0.0692,0.3114,0.03460000082850456,0.0577,0.0692,0.5767,0.346,0.346,1.1535,2026-08-09
bw8-56,Koffing,normal,Plasma Storm,56,Common,Kagemaru Himeno,Basic,109,Pokémon,2013/02/06,"tcgplayer,cardmarket",https://prices.pokemontcg.io/tcgplayer/bw8-56,https://images.pokemontcg.io/bw8/56_hires.png,2026/08/08,2026/02/19,0.28,0.07999999821186066,0.2800000011920929,19.979999542236328,,0.97,,,,0.1269,0.0231,0.173,1.4649,0.17299999296665192,0.1154,0.15,1.488,1.3265,0.9459,1.1535,2026-08-09
bw9-57,Cofagrigus,normal,Plasma Freeze,57,Rare,5ban Graphics,Stage 1|Team Plasma,563,Pokémon,2013/05/08,"tcgplayer,cardmarket",https://prices.pokemontcg.io/tcgplayer/bw9-57,https://images.pokemontcg.io/bw9/57_hires.png,2026/08/08,2026/02/04,1.48,0.6000000238418579,1.4900000095367432,27.989999771118164,,9.0,,,,1.2227,0.0577,1.0035,0.0,1.1765999794006348,1.1766,0.9459,3.4605,3.5758,2.5723,1.1535,2026-08-09
ecard1-49,Golem,normal,Expedition Base Set,49,Rare,Aya Kusube,Stage 2,76,Pokémon,2002/09/15,"tcgplayer,cardmarket",https://prices.pokemontcg.io/tcgplayer/ecard1-49,https://images.pokemontcg.io/ecard1/49_hires.png,2026/08/08,2026/06/21,10.97,12.989999771118164,17.989999771118164,180.0,,25.4,,,,5.5483,0.8651,5.4676,9.228,2.306999921798706,6.4596,5.7444,6.9095,7.3709,9.401,1.1535,2026-08-09
xy1-57,Gourgeist,holofoil,XY,57,Rare Holo,5ban Graphics,Stage 1,711,Pokémon,2014/02/05,"tcgplayer,cardmarket",https://prices.pokemontcg.io/tcgplayer/xy1-57,https://images.pokemontcg.io/xy1/57_hires.png,2026/08/08,2026/02/04,2.99,0.8799999952316284,2.809999942779541,34.9900016784668,,3.1,,,,2.134,0.4614,2.1686,1.4765,0.9228000044822693,1.9148,2.0302,2.3301,1.7418,1.7418,1.1535,2026-08-09
dp2-51,Graveler,normal,Mysterious Treasures,51,Uncommon,Mitsuhiro Arita,Stage 1,75,Pokémon,2007/08/01,"tcgplayer,cardmarket",https://prices.pokemontcg.io/tcgplayer/dp2-51,https://images.pokemontcg.io/dp2/51_hires.png,2026/08/08,2026/02/22,0.38,0.10000000149011612,0.3799999952316284,19.979999542236328,,2.59,,,,0.2192,0.0231,0.1615,0.4614,0.09229999780654907,0.1038,0.1615,2.2839,1.7533,1.6495,1.1535,2026-08-09
pl1-57,Muk,normal,Platinum,57,Uncommon,Hajime Kusajima,Stage 1,89,Pokémon,2009/02/11,"tcgplayer,cardmarket",https://prices.pokemontcg.io/tcgplayer/pl1-57,https://images.pokemontcg.io/pl1/57_hires.png,2026/08/08,2026/02/19,0.73,0.550000011920929,0.7300000190734863,19.979999542236328,,4.33,,,,0.3922,0.0231,0.3345,1.5803,0.23070000112056732,0.2653,0.2999,0.5767,1.4419,1.0728,1.1535,2026-08-09
base2-49,Bellsprout,unlimited,Jungle,49,Common,Kagemaru Himeno,Basic,69,Pokémon,1999/06/16,"tcgplayer,cardmarket",https://prices.pokemontcg.io/tcgplayer/base2-49,https://images.pokemontcg.io/base2/49_hires.png,2026/08/08,2026/06/22,0.46,0.07999999821186066,0.46000000834465027,15.350000381469727,,,,,"{""1stEdition"": {""low"": 0.9, ""mid"": 3.77, ""high"": 29.0, ""market"": 3.94, ""directLow"": 5.49}}",0.5306,0.0231,0.5767,0.0,0.6805999875068665,0.7613,0.5421,0.0346,0.2653,0.2653,1.1535,2026-08-09
ex5-49,Starmie,normal,Hidden Legends,49,Uncommon,Aya Kusube,Stage 1,121,Pokémon,2004/06/01,"tcgplayer,cardmarket",https://prices.pokemontcg.io/tcgplayer/ex5-49,https://images.pokemontcg.io/ex5/49_hires.png,2026/08/08,2026/03/08,0.76,0.25,0.7799999713897705,19.989999771118164,,45.82,,,,0.496,0.0231,0.5767,0.0,0.4383000135421753,0.6344,0.5421,1.1535,3.4144,4.6947,1.1535,2026-08-09
bw3-52,Reuniclus,normal,Noble Victories,52,Rare,Kagemaru Himeno,Stage 2,579,Pokémon,2011/11/16,"tcgplayer,cardmarket",https://prices.pokemontcg.io/tcgplayer/bw3-52,https://images.pokemontcg.io/bw3/52_hires.png,2026/08/08,2026/02/21,1.06,0.5299999713897705,1.059999942779541,19.979999542236328,,1.61,,,,0.6921,0.173,0.8421,1.0381,0.6575000286102295,0.646,0.9113,0.9228,1.3035,1.6956,1.1535,2026-08-09
dpp-DP56,Arceus LV.X,holofoil,DP Black Star Promos,DP56,Promo,Ryo Ueda,Level-Up,493,Pokémon,2007/05/01,tcgplayer,https://prices.pokemontcg.io/tcgplayer/dpp-DP56,https://images.pokemontcg.io/dpp/DP56_hires.png,2026/08/08,,71.66,47.47999954223633,98.73999786376953,978.9000244140625,,,,,,,,,,,,,,,,,2026-08-09
dp7-49,Scyther,normal,Stormfront,49,Uncommon,Mitsuhiro Arita,Basic,123,Pokémon,2008/11/01,"tcgplayer,cardmarket",https://prices.pokemontcg.io/tcgplayer/dp7-49,https://images.pokemontcg.io/dp7/49_hires.png,2026/08/08,2026/02/22,1.69,0.75,1.3799999952316284,96.91999816894531,,10.75,,,,0.9113,0.0577,0.5883,3.8412,0.28839999437332153,0.496,0.6344,1.4419,2.8145,2.8261,1.1535,2026-08-09
xy5-58,Lanturn,normal,Primal Clash,58,Uncommon,MAHOU,Stage 1,171,Pokémon,2015/02/04,"tcgplayer,cardmarket",https://prices.pokemontcg.io/tcgplayer/xy5-58,https://images.pokemontcg.io/xy5/58_hires.png,2026/08/08,2026/02/19,0.23,0.05000000074505806,0.25,1000.0,,0.56,,,,0.1961,0.0231,0.2076,0.8421,0.51910001039505,0.2422,0.2076,1.0958,0.8651,0.669,1.1535,2026-08-09
ex4-58,Team Magma's Aron,normal,Team Magma vs Team Aqua,58,Common,Katsura Tabata,Basic,304,Pokémon,2004/03/01,"tcgplayer,cardmarket",https://prices.pokemontcg.io/tcgplayer/ex4-58,https://images.pokemontcg.io/ex4/58_hires.png,2026/08/08,2026/03/07,0.73,0.12999999523162842,0.7300000190734863,19.979999542236328,,21.7,,,,0.3576,0.0231,0.2768,0.0,0.17299999296665192,0.2076,0.2884,4.9024,3.8758,3.3451,1.1535,2026-08-09
ecard2-31,Rapidash,normal,Aquapolis,31,Rare,Kouki Saitou,Stage 1,78,Pokémon,2003/01/15,"tcgplayer,cardmarket",https://prices.pokemontcg.io/tcgplayer/ecard2-31,https://images.pokemontcg.io/ecard2/31_hires.png,2026/08/08,2026/02/21,18.1,16.0,32.9900016784668,191.0,,34.24,,,,2.9184,0.5767,2.976,0.0,3.668100118637085,3.3567,3.4259,8.0514,9.7586,8.1091,1.1535,2026-08-09
ex16-49,Chinchou,normal,Power Keepers,49,Common,Mitsuhiro Arita,Basic,170,Pokémon,2007/02/02,"tcgplayer,cardmarket",https://prices.pokemontcg.io/tcgplayer/ex16-49,https://images.pokemontcg.io/ex16/49_hires.png,2026/08/08,2026/03/07,0.36,0.14000000059604645,0.4000000059604645,19.979999542236328,,9.36,,,,0.2076,0.0231,0.2192,2.307,0.11540000140666962,0.2076,0.1846,7.7169,6.1136,8.2821,1.1535,2026-08-09
ex13-57,Anorith δ,normal,Holon Phantoms,57,Common,Hajime Kusajima,Stage 1,347,Pokémon,2006/05/01,"tcgplayer,cardmarket",https://prices.pokemontcg.io/tcgplayer/ex13-57,https://images.pokemontcg.io/ex13/57_hires.png,2026/08/08,2026/02/19,0.66,0.25999999046325684,0.7400000095367432,20.8700008392334,,14.19,,,,0.5421,0.0231,0.5075,1.9725,0.05770000070333481,0.6806,0.6114,3.4605,4.9716,6.7018,1.1535,2026-08-09
bw6-55,Gothita,normal,Dragons Exalted,55,Common,Aya Kusube,Basic,574,Pokémon,2012/08/15,"tcgplayer,cardmarket",https://prices.pokemontcg.io/tcgplayer/bw6-55,https://images.pokemontcg.io/bw6/55_hires.png,2026/08/08,2026/02/19,0.35,0.10000000149011612,0.36000001430511475,5.0,,3.09,,,,0.1615,0.0231,0.1615,0.6921,0.09229999780654907,0.1269,0.1384,0.3345,1.1304,0.7844,1.1535,2026-08-09
smp-SM48,Zygarde,holofoil,SM Black Star Promos,SM48,Promo,Masakazu Fukuda,Basic,718,Pokémon,2017/02/03,"tcgplayer,cardmarket",https://prices.pokemontcg.io/tcgplayer/smp-SM48,https://images.pokemontcg.io/smp/SM48_hires.png,2026/08/08,2026/02/19,15.48,11.609999656677246,17.0,149.5399932861328,,,,,,9.9086,4.614,13.5075,0.0,34.59349822998047,12.0887,12.2502,5.6406,8.0168,4.7293,1.1535,2026-08-09
ex10-57,Gligar,normal,Unseen Forces,57,Common,Mitsuhiro Arita,Basic,207,Pokémon,2005/08/01,"tcgplayer,cardmarket",https://prices.pokemontcg.io/tcgplayer/ex10-57,https://images.pokemontcg.io/ex10/57_hires.png,2026/08/08,2026/02/22,0.38,0.20000000298023224,0.3799999952316284,19.979999542236328,,17.61,,,,0.3114,0.0231,0.8421,4.2795,1.5226000547409058,1.0958,0.6344,2.2493,3.3221,4.7755,1.1535,2026-08-09
xy6-54,Bagon,normal,Roaring Skies,54,Common,Kagemaru Himeno,Basic,371,Pokémon,2015/05/06,"tcgplayer,cardmarket",https://prices.pokemontcg.io/tcgplayer/xy6-54,https://images.pokemontcg.io/xy6/54_hires.png,2026/08/08,2026/02/19,0.16,0.03999999910593033,0.20000000298023224,1000.0,,0.39,,,,0.1038,0.0231,0.1038,0.4845,0.15000000596046448,0.1038,0.1154,1.0381,0.4845,0.3345,1.1535,2026-08-09
base6-51,Machoke,normal,Legendary Collection,51,Uncommon,Ken Sugimori,Stage 1,67,Pokémon,2002/05/24,"tcgplayer,cardmarket",https://prices.pokemontcg.io/tcgplayer/base6-51,https://images.pokemontcg.io/base6/51_hires.png,2026/08/08,2026/06/21,2.49,0.9900000095367432,1.4199999570846558,25.510000228881836,,107.36,,,,1.1766,0.1154,1.5342,50.431,5.652200222015381,1.8225,1.7764,79.5915,88.7964,55.6564,1.1535,2026-08-09
hgss1-63,Exeggcute,normal,HeartGold & SoulSilver,63,Common,Miki Tanaka,Basic,102,Pokémon,2010/02/10,"tcgplayer,cardmarket",https://prices.pokemontcg.io/tcgplayer/hgss1-63,https://images.pokemontcg.io/hgss1/63_hires.png,2026/08/08,2026/02/01,0.43,0.05000000074505806,0.3499999940395355,17.979999542236328,,5.6,,,,0.15,0.0231,0.2422,0.9113,0.19609999656677246,0.2422,0.173,0.2884,0.8767,1.0958,1.1535,2026-08-09
bw11-60,Kirlia,normal,Legendary Treasures,60,Uncommon,Yukiko Baba,Stage 1,281,Pokémon,2013/11/06,"tcgplayer,cardmarket",https://prices.pokemontcg.io/tcgplayer/bw11-60,https://images.pokemontcg.io/bw11/60_hires.png,2026/08/08,2026/02/19,0.66,0.25,0.6000000238418579,23.389999389648438,,4.99,,,,0.8997,0.2307,0.9459,0.0,0.46140000224113464,0.7036,0.9343,11.5235,6.4019,3.5528,1.1535,2026-08-09
xyp-XY47,Heliolisk,holofoil,XY Black Star Promos,XY47,Promo,kawayoo,Stage 1,695,Pokémon,2013/10/12,"tcgplayer,cardmarket",https://prices.pokemontcg.io/tcgplayer/xyp-XY47,https://images.pokemontcg.io/xyp/XY47_hires.png,2026/08/08,2026/02/19,2.86,1.0,1.649999976158142,96.83999633789062,,,,,,4.1872,3.4028,5.4907,0.0,4.037300109863281,5.4445,4.9254,3.0568,2.7684,2.6646,1.1535,2026-08-09
sm10-47,Kingler,normal,Unbroken Bonds,47,Rare,Shigenori Negishi,Stage 1,99,Pokémon,2019/05/03,"tcgplayer,cardmarket",https://prices.pokemontcg.io/tcgplayer/sm10-47,https://images.pokemontcg.io/sm10/47_hires.png,2026/08/08,2026/02/04,0.43,0.25,0.4300000071525574,19.979999542236328,,0.9,,,,0.5767,0.1154,0.5537,0.7498,0.57669997215271,0.5767,0.5191,0.323,0.9228,0.9574,1.1535,2026-08-09
ex12-61,Seedot,normal,Legend Maker,61,Common,Yuka Morii,Basic,273,Pokémon,2006/02/01,"tcgplayer,cardmarket",https://prices.pokemontcg.io/tcgplayer/ex12-61,https://images.pokemontcg.io/ex12/61_hires.png,2026/08/08,2026/02/19,1.69,1.2999999523162842,1.659999966621399,25.0,,17.5,,,,0.6114,0.0231,0.4845,6.7134,0.1615000069141388,0.5883,0.496,4.6025,6.4135,4.2795,1.1535,2026-08-09
pl3-52,Breloom,normal,Supreme Victors,52,Uncommon,Kyoko Umemoto,Stage 1,286,Pokémon,2009/08/19,"tcgplayer,cardmarket",https://prices.pokemontcg.io/tcgplayer/pl3-52,https://images.pokemontcg.io/pl3/52_hires.png,2026/08/08,2026/02/19,0.93,0.3700000047683716,0.6399999856948853,19.979999542236328,,6.48,,,,0.6575,0.0461,0.6921,1.2573,1.1419999599456787,0.7152,0.5191,3.4028,1.811,1.7302,1.1535,2026-08-09
ex3-57,Grimer,normal,Dragon,57,Common,Yuka Morii,Basic,88,Pokémon,2003/11/24,"tcgplayer,cardmarket",https://prices.pokemontcg.io/tcgplayer/ex3-57,https://images.pokemontcg.io/ex3/57_hires.png,2026/08/08,2026/02/22,2.47,0.8899999856948853,2.319999933242798,22.5,,39.05,,,,0.5652,0.0231,1.0266,2.7684,0.4499000012874603,0.9574,0.6806,0.5767,3.1145,2.9299,1.1535,2026-08-09
gym1-57,Misty's Tentacool,unlimited,Gym Heroes,57,Uncommon,Ken Sugimori,Basic,72,Pokémon,2000/08/14,"tcgplayer,cardmarket",https://prices.pokemontcg.io/tcgplayer/gym1-57,https://images.pokemontcg.io/gym1/57_hires.png,2026/08/08,2026/06/21,2.59,0.75,1.7999999523162842,19.979999542236328,,,,,"{""1stEdition"": {""low"": 6.74, ""mid"": 13.13, ""high"": 188.24, ""market"": 13.13, ""directLow"": null}}",2.7799,0.0577,2.2147,0.0,0.57669997215271,1.661,2.8607,0.1154,0.1154,0.1154,1.1535,2026-08-09
bw5-50,Woobat,normal,Dark Explorers,50,Common,Kagemaru Himeno,Basic,527,Pokémon,2012/05/09,"tcgplayer,cardmarket",https://prices.pokemontcg.io/tcgplayer/bw5-50,https://images.pokemontcg.io/bw5/50_hires.png,2026/08/08,2026/02/22,0.32,0.15000000596046448,0.30000001192092896,19.979999542236328,,1.21,,,,0.2192,0.0231,0.2076,0.7382,0.023099999874830246,0.1846,0.1615,0.4845,0.9228,0.5998,1.1535,2026-08-09
neo4-57,Unown [C],unlimited,Neo Destiny,57,Uncommon,CR CG gangs,Basic,201,Pokémon,2002/02/28,"tcgplayer,cardmarket",https://prices.pokemontcg.io/tcgplayer/neo4-57,https://images.pokemontcg.io/neo4/57_hires.png,2026/08/08,2026/02/21,7.72,3.0,7.769999980926514,66.22000122070312,,,,,"{""1stEdition"": {""low"": 7.0, ""mid"": 9.0, ""high"": 99.9, ""market"": 9.87, ""directLow"": null}}",4.937,0.4614,6.5519,0.0,6.171199798583984,6.9902,5.1677,0.0,0.0,0.0,1.1535,2026-08-09
swsh2-52,Arrokuda,normal,Rebel Clash,52,Common,Mina Nakai,Basic,846,Pokémon,2020/05/01,"tcgplayer,cardmarket",https://prices.pokemontcg.io/tcgplayer/swsh2-52,https://images.pokemontcg.io/swsh2/52_hires.png,2026/08/08,2026/02/19,0.06,0.009999999776482582,0.1899999976158142,3.0,,0.26,,,,0.0577,0.0231,0.0577,0.2422,0.10379999876022339,0.0461,0.0461,0.4037,0.2538,0.2538,1.1535,2026-08-09
base1-58,Pikachu,normal,Base,58,Common,Mitsuhiro Arita,Basic,25,Pokémon,1999/01/09,"tcgplayer,cardmarket",https://prices.pokemontcg.io/tcgplayer/base1-58,https://images.pokemontcg.io/base1/58_hires.png,2026/08/08,2026/06/21,13.49,5.429999828338623,49.9900016784668,1000.0,,,,,,27.6725,8.6397,16.6565,0.0,32.29800033569336,22.4932,14.1188,0.0,0.0,0.0,1.1535,2026-08-09
xy11-60,Sneasel,normal,Steam Siege,60,Common,Hajime Kusajima,Basic,215,Pokémon,2016/08/03,"tcgplayer,cardmarket",https://prices.pokemontcg.io/tcgplayer/xy11-60,https://images.pokemontcg.io/xy11/60_hires.png,2026/08/08,2026/02/19,0.19,0.05000000074505806,0.20000000298023224,1000.0,,0.35,,,,0.0577,0.0231,0.0807,0.4037,0.04610000178217888,0.0577,0.0577,0.3807,0.4499,0.4268,1.1535,2026-08-09
bw10-61,Escavalier,normal,Plasma Blast,61,Rare,5ban Graphics,Stage 1|Team Plasma,589,Pokémon,2013/08/14,"tcgplayer,cardmarket",https://prices.pokemontcg.io/tcgplayer/bw10-61,https://images.pokemontcg.io/bw10/61_hires.png,2026/08/08,2026/02/04,0.52,0.25,0.550000011920929,19.979999542236328,,0.93,,,,0.7267,0.1154,0.6921,1.1189,0.5651999711990356,0.6806,0.5883,1.1535,0.9459,1.1189,1.1535,2026-08-09
sm35-47,Spiritomb,normal,Shining Legends,47,Uncommon,Kouki Saitou,Basic,442,Pokémon,2017/10/06,"tcgplayer,cardmarket",https://prices.pokemontcg.io/tcgplayer/sm35-47,https://images.pokemontcg.io/sm35/47_hires.png,2026/08/08,2026/02/22,0.19,0.05000000074505806,0.20000000298023224,19.979999542236328,,0.31,,,,0.1154,0.0231,0.1038,0.3345,0.05770000070333481,0.0923,0.0923,0.2422,0.3345,0.3114,1.1535,2026-08-09
sm115-57,Giovanni's Exile,normal,Hidden Fates,57,Uncommon,Megumi Mizutani,Supporter,,Trainer,2019/08/23,"tcgplayer,cardmarket",https://prices.pokemontcg.io/tcgplayer/sm115-57,https://images.pokemontcg.io/sm115/57_hires.png,2026/08/08,2026/02/22,0.15,0.009999999776482582,0.1899999976158142,19.979999542236328,,0.36,,,,0.0807,0.0231,0.0692,0.2768,0.04610000178217888,0.0807,0.0807,0.4499,0.323,0.3691,1.1535,2026-08-09
bw1-54,Scolipede,normal,Black & White,54,Rare,Masakazu Fukuda,Stage 2,545,Pokémon,2011/04/25,"tcgplayer,cardmarket",https://prices.pokemontcg.io/tcgplayer/bw1-54,https://images.pokemontcg.io/bw1/54_hires.png,2026/08/08,2026/02/21,0.65,0.25,0.6000000238418579,96.91000366210938,,2.22,,,,1.4073,0.0231,0.8536,1.2227,1.3841999769210815,0.7382,0.8305,1.1535,1.3496,1.7879,1.1535,2026-08-09
swsh3-51,Mareanie,normal,Darkness Ablaze,51,Common,Tomokazu Komiya,Basic,747,Pokémon,2020/08/14,"tcgplayer,cardmarket",https://prices.pokemontcg.io/tcgplayer/swsh3-51,https://images.pokemontcg.io/swsh3/51_hires.png,2026/08/08,2026/02/19,0.12,0.019999999552965164,0.20000000298023224,25.110000610351562,,0.39,,,,0.1038,0.0231,0.1038,0.3576,0.03460000082850456,0.1154,0.1038,0.2307,0.2307,0.323,1.1535,2026-08-09
sm5-56,Croagunk,normal,Ultra Prism,56,Common,SATOSHI NAKAI,Basic,453,Pokémon,2018/02/02,"tcgplayer,cardmarket",https://prices.pokemontcg.io/tcgplayer/sm5-56,https://images.pokemontcg.io/sm5/56_hires.png,2026/08/08,2026/02/01,0.04,0.009999999776482582,0.20000000298023224,19.979999542236328,,0.36,,,,0.0807,0.0231,0.0807,0.3114,0.08070000261068344,0.0807,0.0807,0.3114,0.3807,0.2653,1.1535,2026-08-09
ex9-56,Mudkip,normal,Emerald,56,Common,Atsuko Nishida,Basic,258,Pokémon,2005/05/01,"tcgplayer,cardmarket",https://prices.pokemontcg.io/tcgplayer/ex9-56,https://images.pokemontcg.io/ex9/56_hires.png,2026/08/08,2026/02/21,9.33,3.25,9.039999961853027,89.61000061035156,,110.46,,,,0.2884,0.0231,3.4374,25.5731,0.8421000242233276,5.8944,1.7187,4.614,22.574,18.2599,1.1535,2026-08-09
sm6-52,Skrelp,normal,Forbidden Light,52,Common,Mina Nakai,Basic,690,Pokémon,2018/05/04,"tcgplayer,cardmarket",https://prices.pokemontcg.io/tcgplayer/sm6-52,https://images.pokemontcg.io/sm6/52_hires.png,2026/08/08,2026/02/04,0.18,0.05000000074505806,0.20000000298023224,2.990000009536743,,0.37,,,,0.1038,0.0231,0.1038,0.346,0.03460000082850456,0.1038,0.1154,0.2307,0.3114,0.346,1.1535,2026-08-09
dp6-53,Drifblim,normal,Legends Awakened,53,Uncommon,Ken Sugimori,Stage 1,426,Pokémon,2008/08/01,"tcgplayer,cardmarket",https://prices.pokemontcg.io/tcgplayer/dp6-53,https://images.pokemontcg.io/dp6/53_hires.png,2026/08/08,2026/02/21,0.53,0.23999999463558197,0.5,19.979999542236328,,2.49,,,,0.5075,0.0231,0.4729,0.6921,0.40369999408721924,0.4153,0.4383,0.5191,0.9343,0.8305,1.1535,2026-08-09
bwp-BW45,Mewtwo-EX,holofoil,BW Black Star Promos,BW45,Promo,Toyste Beach,Basic|EX,150,Pokémon,2011/03/01,"tcgplayer,cardmarket",https://prices.pokemontcg.io/tcgplayer/bwp-BW45,https://images.pokemontcg.io/bwp/BW45_hires.png,2026/08/08,2026/03/11,22.87,8.989999771118164,20.149999618530273,160.5,,,,,,7.5554,2.307,9.574,0.0,4.752399921417236,7.6246,7.1748,3.7489,3.7489,5.0754,1.1535,2026-08-09
pl2-52,Tropius,normal,Rising Rivals,52,Uncommon,Ken Sugimori,Basic,357,Pokémon,2009/05/16,"tcgplayer,cardmarket",https://prices.pokemontcg.io/tcgplayer/pl2-52,https://images.pokemontcg.io/pl2/52_hires.png,2026/08/08,2026/02/22,0.37,0.20000000298023224,0.36000001430511475,1.4700000286102295,,2.16,,,,0.7613,0.0231,0.0231,0.7844,0.05770000070333481,1.0728,1.1881,0.5537,0.6806,0.9689,1.1535,2026-08-09
ex11-56,Volbeat,normal,Delta Species,56,Uncommon,Midori Harada,Basic,313,Pokémon,2005/10/31,"tcgplayer,cardmarket",https://prices.pokemontcg.io/tcgplayer/ex11-56,https://images.pokemontcg.io/ex11/56_hires.png,2026/08/08,2026/02/21,1.07,0.3700000047683716,1.090000033378601,19.979999542236328,,25.89,,,,0.9574,0.0807,1.7302,2.307,0.35760000348091125,0.8074,1.315,2.307,4.2218,4.6255,1.1535,2026-08-09
xy10-54a,Zygarde-EX,,Fates Collide,54a,Rare Ultra,5ban Graphics,Basic|EX,718,Pokémon,2016/05/02,cardmarket,https://prices.pokemontcg.io/cardmarket/xy10-54a,https://images.pokemontcg.io/xy10/54a_hires.png,,2026/02/04,,,,,,,,,,64.4691,57.6635,71.7477,0.0,92.27999877929688,64.0654,54.5144,6.921,8.5705,6.7364,1.1535,2026-08-09
ex15-46,Dratini δ,normal,Dragon Frontiers,46,Common,Tomokazu Komiya,Basic,147,Pokémon,2006/11/01,"tcgplayer,cardmarket",https://prices.pokemontcg.io/tcgplayer/ex15-46,https://images.pokemontcg.io/ex15/46_hires.png,2026/08/08,2026/03/11,4.26,2.25,4.409999847412109,53.0,,66.62,,,,2.5262,0.0577,1.3265,12.85,1.1419999599456787,0.8651,2.0532,9.2165,11.9503,10.047,1.1535,2026-08-09
sm4-48,Oranguru,normal,Crimson Invasion,48,Rare,Yoshinobu Saito,Basic,765,Pokémon,2017/11/03,"tcgplayer,cardmarket",https://prices.pokemontcg.io/tcgplayer/sm4-48,https://images.pokemontcg.io/sm4/48_hires.png,2026/08/08,2026/02/19,0.3,0.07000000029802322,0.30000001192092896,19.979999542236328,,0.4,,,,0.2192,0.0231,0.2192,0.3576,0.2653000056743622,0.2307,0.2653,0.5075,0.4729,0.4153,1.1535,2026-08-09
ex6-53,Bellsprout,normal,FireRed & LeafGreen,53,Common,Tomokazu Komiya,Basic,69,Pokémon,2004/09/01,"tcgplayer,cardmarket",https://prices.pokemontcg.io/tcgplayer/ex6-53,https://images.pokemontcg.io/ex6/53_hires.png,2026/08/08,2026/03/11,2.69,1.25,2.990000009536743,28.0,,11.83,,,,1.4073,0.0231,1.8917,0.0,0.8651000261306763,2.5031,1.2227,16.149,13.4498,8.8127,1.1535,2026-08-09
xy2-65,Floette,normal,Flashfire,65,Uncommon,5ban Graphics,Stage 1,670,Pokémon,2014/05/07,"tcgplayer,cardmarket",https://prices.pokemontcg.io/tcgplayer/xy2-65,https://images.pokemontcg.io/xy2/65_hires.png,2026/08/08,2026/02/01,0.41,0.10000000149011612,0.4000000059604645,19.979999542236328,,1.27,,,,0.3576,0.0231,0.4499,0.0,0.6229000091552734,0.3576,0.2884,1.0958,0.9343,1.0381,1.1535,2026-08-09
xy3-46,Machamp,holofoil,Furious Fists,46,Rare Holo,PLANETA,Stage 2,68,Pokémon,2014/08/13,"tcgplayer,cardmarket",https://prices.pokemontcg.io/tcgplayer/xy3-46,https://images.pokemontcg.io/xy3/46_hires.png,2026/08/08,2026/02/22,1.05,0.5899999737739563,0.9900000095367432,39.9900016784668,,2.31,,,,1.0035,0.173,1.1996,0.7959,0.5651999711990356,0.9574,1.0958,0.346,1.8456,2.134,1.1535,2026-08-09
sm3-53,Dusknoir,holofoil,Burning Shadows,53,Rare Holo,nagimiso,Stage 2,477,Pokémon,2017/08/05,"tcgplayer,cardmarket",https://prices.pokemontcg.io/tcgplayer/sm3-53,https://images.pokemontcg.io/sm3/53_hires.png,2026/08/08,2026/02/01,0.4,0.009999999776482582,0.4300000071525574,5.0,,0.38,,,,0.7152,0.0346,0.7728,0.496,0.6344000101089478,0.8421,0.5306,1.0958,0.8536,0.5767,1.1535,2026-08-09
sma-SV50,Ho-Oh-GX,holofoil,Hidden Fates Shiny Vault,SV50,Rare Shiny GX,5ban Graphics,Basic|GX,250,Pokémon,2019/08/23,"tcgplayer,cardmarket",https://prices.pokemontcg.io/tcgplayer/sma-SV50,https://images.pokemontcg.io/sma/SV50_hires.png,2026/08/08,2026/02/04,38.78,34.43000030517578,43.63999938964844,56.0,,,,,,30.0602,12.6885,30.2217,0.0,28.260700225830078,30.5101,30.2563,34.605,35.4471,39.069,1.1535,2026-08-09
ex1-46,Swellow,normal,Ruby & Sapphire,46,Uncommon,Ken Sugimori,Stage 1,277,Pokémon,2003/07/01,"tcgplayer,cardmarket",https://prices.pokemontcg.io/tcgplayer/ex1-46,https://images.pokemontcg.io/ex1/46_hires.png,2026/08/08,2026/06/21,1.27,0.75,1.2000000476837158,21.0,,5.88,,,,1.0266,0.0231,1.2804,1.3496,0.31139999628067017,1.0728,0.8882,2.48,2.2839,2.9991,1.1535,2026-08-09
ex7-55,Ekans,normal,Team Rocket Returns,55,Common,Atsuko Nishida,Basic,23,Pokémon,2004/11/01,"tcgplayer,cardmarket",https://prices.pokemontcg.io/tcgplayer/ex7-55,https://images.pokemontcg.io/ex7/55_hires.png,2026/08/08,2026/02/21,0.54,0.23999999463558197,0.5400000214576721,20.399999618530273,,44.99,,,,0.3114,0.0577,0.3807,4.0373,0.40369999408721924,0.2768,0.2653,4.0373,6.6096,8.3975,1.1535,2026-08-09
dp5-52,Bronzor,normal,Majestic Dawn,52,Common,Daisuke Ito,Basic,436,Pokémon,2008/05/01,"tcgplayer,cardmarket",https://prices.pokemontcg.io/tcgplayer/dp5-52,https://images.pokemontcg.io/dp5/52_hires.png,2026/08/08,2026/02/21,0.26,0.10000000149011612,0.25999999046325684,19.979999542236328,,1.43,,,,0.15,0.0231,0.1038,0.4499,0.023099999874830246,0.1269,0.1384,0.2307,0.4499,0.7728,1.1535,2026-08-09
swsh4-53,Blitzle,normal,Vivid Voltage,53,Common,Saya Tsuruta,Basic,522,Pokémon,2020/11/13,"tcgplayer,cardmarket",https://prices.pokemontcg.io/tcgplayer/swsh4-53,https://images.pokemontcg.io/swsh4/53_hires.png,2026/08/08,2026/02/19,0.03,0.009999999776482582,0.15000000596046448,305.0,,0.27,,,,0.0461,0.0231,0.0577,0.1846,0.11540000140666962,0.0692,0.0461,0.4268,0.3114,0.2538,1.1535,2026-08-09
base3-59,Energy Search,unlimited,Fossil,59,Common,Keiji Kinebuchi,,,Trainer,1999/10/10,"tcgplayer,cardmarket",https://prices.pokemontcg.io/tcgplayer/base3-59,https://images.pokemontcg.io/base3/59_hires.png,2026/08/08,2026/06/21,0.28,0.03999999910593033,0.2800000011920929,18.139999389648438,,,,,"{""1stEdition"": {""low"": 0.33, ""mid"": 0.99, ""high"": 19.99, ""market"": 1.03, ""directLow"": 0.57}}",0.4499,0.0231,0.6575,0.0,0.5306000113487244,0.5537,0.5075,1.1535,0.5537,0.5537,1.1535,2026-08-09
swsh35-60,Pokémon Center Lady,normal,Champion's Path,60,Uncommon,kirisAki,Supporter,,Trainer,2020/09/25,"tcgplayer,cardmarket",https://prices.pokemontcg.io/tcgplayer/swsh35-60,https://images.pokemontcg.io/swsh35/60_hires.png,2026/08/08,2026/02/19,0.21,0.019999999552965164,0.20999999344348907,1.690000057220459,,0.19,,,,0.0807,0.0231,0.0807,0.4268,0.023099999874830246,0.1038,0.0807,0.2884,0.2999,0.2768,1.1535,2026-08-09
bw7-59,Spoink,normal,Boundaries Crossed,59,Common,Sumiyoshi Kizuki,Basic,325,Pokémon,2012/11/07,"tcgplayer,cardmarket",https://prices.pokemontcg.io/tcgplayer/bw7-59,https://images.pokemontcg.io/bw7/59_hires.png,2026/08/08,2026/02/04,0.3,0.1599999964237213,0.30000001192092896,19.979999542236328,,0.7,,,,0.2422,0.0231,0.1961,1.0958,0.13840000331401825,0.1846,0.1615,0.5767,1.5918,1.142,1.1535,2026-08-09
g1-43,Geodude,normal,Generations,43,Common,MAHOU,Basic,74,Pokémon,2016/02/22,"tcgplayer,cardmarket",https://prices.pokemontcg.io/tcgplayer/g1-43,https://images.pokemontcg.io/g1/43_hires.png,2026/08/08,2026/02/24,0.21,0.05000000074505806,0.25,1000.0,,0.86,,,,0.15,0.0231,0.1154,0.9228,0.17299999296665192,0.1269,0.1384,1.0728,0.8882,1.0266,1.1535,2026-08-09
ex14-54,Krabby,normal,Crystal Guardians,54,Common,Tomokazu Komiya,Basic,98,Pokémon,2006/08/01,"tcgplayer,cardmarket",https://prices.pokemontcg.io/tcgplayer/ex14-54,https://images.pokemontcg.io/ex14/54_hires.png,2026/08/08,2026/03/08,0.9,0.3799999952316284,0.8500000238418579,44.9900016784668,,20.6,,,,0.4614,0.0231,0.5652,5.9751,0.40369999408721924,0.6575,0.5306,3.4605,6.4481,4.7063,1.1535,2026-08-09
xy7-58,Goomy,normal,Ancient Origins,58,Common,sui,Basic,704,Pokémon,2015/08/12,"tcgplayer,cardmarket",https://prices.pokemontcg.io/tcgplayer/xy7-58,https://images.pokemontcg.io/xy7/58_hires.png,2026/08/08,2026/02/04,0.19,0.029999999329447746,0.23000000417232513,19.979999542236328,,0.54,,,,0.0923,0.0231,0.1384,0.2884,0.023099999874830246,0.15,0.1154,1.0958,0.3922,0.4037,1.1535,2026-08-09
sm11-52,Pyukumuku,normal,Unified Minds,52,Uncommon,OOYAMA,Basic,771,Pokémon,2019/08/02,"tcgplayer,cardmarket",https://prices.pokemontcg.io/tcgplayer/sm11-52,https://images.pokemontcg.io/sm11/52_hires.png,2026/08/08,2026/02/19,0.29,0.12999999523162842,0.30000001192092896,19.979999542236328,,0.69,,,,0.1615,0.0231,0.1846,0.4499,0.09229999780654907,0.173,0.15,0.5883,0.4153,0.5767,1.1535,2026-08-09
sm75-55,Kangaskhan,normal,Dragon Majesty,55,Common,Naoyo Kimura,Basic,115,Pokémon,2018/09/07,"tcgplayer,cardmarket",https://prices.pokemontcg.io/tcgplayer/sm75-55,https://images.pokemontcg.io/sm75/55_hires.png,2026/08/08,2026/02/04,0.29,0.07999999821186066,0.28999999165534973,19.979999542236328,,0.92,,,,0.2653,0.0231,0.2768,1.2458,0.15000000596046448,0.1961,0.1961,2.2493,1.3727,1.0843,1.1535,2026-08-09
xy9-49,Zebstrika,normal,BREAKpoint,49,Rare,Hajime Kusajima,Stage 1,523,Pokémon,2016/02/03,"tcgplayer,cardmarket",https://prices.pokemontcg.io/tcgplayer/xy9-49,https://images.pokemontcg.io/xy9/49_hires.png,2026/08/08,2026/02/19,0.24,0.019999999552965164,0.25,19.979999542236328,,0.44,,,,0.1961,0.0231,0.1846,1.2227,0.05770000070333481,0.15,0.1961,0.3114,0.8651,0.8997,1.1535,2026-08-09
xy12-52,Mewtwo-EX,holofoil,Evolutions,52,Rare Holo EX,Eske Yoshinob,Basic|EX,150,Pokémon,2016/11/02,"tcgplayer,cardmarket",https://prices.pokemontcg.io/tcgplayer/xy12-52,https://images.pokemontcg.io/xy12/52_hires.png,2026/08/08,2026/02/19,9.9,6.0,10.489999771118164,50.0,,,,,,8.9512,2.307,8.3398,0.0,6.609600067138672,6.7364,8.7089,5.7675,7.0133,6.9441,1.1535,2026-08-09
dp3-60,Quagsire,normal,Secret Wonders,60,Uncommon,Sumiyoshi Kizuki,Stage 1,195,Pokémon,2007/11/01,"tcgplayer,cardmarket",https://prices.pokemontcg.io/tcgplayer/dp3-60,https://images.pokemontcg.io/dp3/60_hires.png,2026/08/08,2026/02/19,2.77,2.240000009536743,4.070000171661377,32.70000076293945,,12.39,,,,0.7036,0.0461,0.5652,3.1491,0.6344000101089478,0.7152,0.5998,0.2192,2.8376,2.6761,1.1535,2026-08-09
base6-52,Magikarp,normal,Legendary Collection,52,Uncommon,Mitsuhiro Arita,Basic,129,Pokémon,2002/05/24,"tcgplayer,cardmarket",https://prices.pokemontcg.io/tcgplayer/base6-52,https://images.pokemontcg.io/base6/52_hires.png,2026/08/08,2026/06/21,7.5,2.7899999618530273,3.619999885559082,57.20000076293945,,699.99,,,,2.5608,0.4037,2.9645,185.2752,4.244900226593018,3.4836,2.7799,152.8388,179.8076,116.8611,1.1535,2026-08-09
sm3-54,Croagunk,normal,Burning Shadows,54,Common,Naoki Saito,Basic,453,Pokémon,2017/08/05,"tcgplayer,cardmarket",https://prices.pokemontcg.io/tcgplayer/sm3-54,https://images.pokemontcg.io/sm3/54_hires.png,2026/08/08,2026/02/01,0.19,0.019999999552965164,0.20000000298023224,19.979999542236328,,0.32,,,,0.0461,0.0231,0.0461,0.173,0.023099999874830246,0.0461,0.0577,0.2422,0.173,0.2192,1.1535,2026-08-09
ex16-50,Duskull,normal,Power Keepers,50,Common,Ken Sugimori,Basic,355,Pokémon,2007/02/02,"tcgplayer,cardmarket",https://prices.pokemontcg.io/tcgplayer/ex16-50,https://images.pokemontcg.io/ex16/50_hires.png,2026/08/08,2026/03/07,0.41,0.10000000149011612,0.36000001430511475,19.979999542236328,,17.25,,,,0.173,0.0231,0.4268,3.968,0.023099999874830246,0.3345,0.1846,4.3256,4.0257,4.2103,1.1535,2026-08-09
ex7-56,Grimer,normal,Team Rocket Returns,56,Common,Aya Kusube,Basic,88,Pokémon,2004/11/01,"tcgplayer,cardmarket",https://prices.pokemontcg.io/tcgplayer/ex7-56,https://images.pokemontcg.io/ex7/56_hires.png,2026/08/08,2026/02/21,3.18,1.4900000095367432,2.7799999713897705,97.76000213623047,,54.73,,,,0.8305,0.0923,1.3035,55.9217,1.4187999963760376,1.2919,0.9459,7.4977,23.2892,16.5066,1.1535,2026-08-09
pl1-58,Octillery,normal,Platinum,58,Uncommon,Midori Harada,Stage 1,224,Pokémon,2009/02/11,"tcgplayer,cardmarket",https://prices.pokemontcg.io/tcgplayer/pl1-58,https://images.pokemontcg.io/pl1/58_hires.png,2026/08/08,2026/02/19,0.44,0.25,0.5,18.959999084472656,,1.68,,,,0.323,0.0231,0.323,0.8421,0.34599998593330383,0.2999,0.2999,0.2884,0.8305,1.0497,1.1535,2026-08-09
base1-59,Poliwag,normal,Base,59,Common,Ken Sugimori,Basic,60,Pokémon,1999/01/09,"tcgplayer,cardmarket",https://prices.pokemontcg.io/tcgplayer/base1-59,https://images.pokemontcg.io/base1/59_hires.png,2026/08/08,2026/06/21,0.82,0.23000000417232513,0.6100000143051147,9999.0,,,,,,24.5695,3.0568,11.5235,0.0,4.3256001472473145,18.629,14.4072,0.0,0.0,0.0,1.1535,2026-08-09
swsh3-52,Toxapex,normal,Darkness Ablaze,52,Uncommon,Masakazu Fukuda,Stage 1,748,Pokémon,2020/08/14,"tcgplayer,cardmarket",https://prices.pokemontcg.io/tcgplayer/swsh3-52,https://images.pokemontcg.io/swsh3/52_hires.png,2026/08/08,2026/02/19,0.07,0.019999999552965164,0.20000000298023224,25.079999923706055,,0.26,,,,0.1154,0.0231,0.1038,0.2422,0.04610000178217888,0.1038,0.1038,0.2307,0.2422,0.2653,1.1535,2026-08-09
xy11-61,Weavile,normal,Steam Siege,61,Rare,kawayoo,Stage 1,461,Pokémon,2016/08/03,"tcgplayer,cardmarket",https://prices.pokemontcg.io/tcgplayer/xy11-61,https://images.pokemontcg.io/xy11/61_hires.png,2026/08/08,2026/02/19,0.37,0.10000000149011612,0.3799999952316284,19.979999542236328,,0.65,,,,0.4383,0.0577,0.4268,0.7844,0.219200000166893,0.4499,0.4729,1.0958,0.8421,1.0151,1.1535,2026-08-09
dp7-50,Shelgon,normal,Stormfront,50,Uncommon,Tomokazu Komiya,Stage 1,372,Pokémon,2008/11/01,"tcgplayer,cardmarket",https://prices.pokemontcg.io/tcgplayer/dp7-50,https://images.pokemontcg.io/dp7/50_hires.png,2026/08/08,2026/02/19,2.07,1.0,2.0,50.0,,7.19,,,,0.3807,0.0231,1.3957,1.1996,8.07450008392334,1.0728,0.6114,0.5652,2.4224,2.1686,1.1535,2026-08-09
ex11-57,Bagon δ,normal,Delta Species,57,Common,Masakazu Fukuda,Basic,371,Pokémon,2005/10/31,"tcgplayer,cardmarket",https://prices.pokemontcg.io/tcgplayer/ex11-57,https://images.pokemontcg.io/ex11/57_hires.png,2026/08/08,2026/02/19,0.57,0.15000000596046448,0.5600000023841858,19.979999542236328,,16.5,,,,0.3345,0.0231,0.3114,11.8811,0.28839999437332153,0.3576,0.3576,7.9476,9.8509,7.7284,1.1535,2026-08-09
pl4-59,Charmander,normal,Arceus,59,Common,Suwama Chiaki,Basic,4,Pokémon,2009/11/04,"tcgplayer,cardmarket",https://prices.pokemontcg.io/tcgplayer/pl4-59,https://images.pokemontcg.io/pl4/59_hires.png,2026/08/08,2026/02/19,3.18,0.9599999785423279,1.399999976158142,19.979999542236328,,80.59,,,,0.5306,0.0577,0.8074,20.6476,1.2689000368118286,0.7959,0.5767,5.7675,19.3903,15.5146,1.1535,2026-08-09
col1-58,Hitmonlee,normal,Call of Legends,58,Common,Kouki Saitou,Basic,106,Pokémon,2011/02/09,"tcgplayer,cardmarket",https://prices.pokemontcg.io/tcgplayer/col1-58,https://images.pokemontcg.io/col1/58_hires.png,2026/08/08,2026/02/19,0.48,0.07999999821186066,0.4000000059604645,6.989999771118164,,7.85,,,,0.3691,0.0231,0.2307,13.5306,0.05770000070333481,0.2538,0.346,10.9582,7.6131,5.9521,1.1535,2026-08-09
hgss4-56,Aron,normal,HS—Triumphant,56,Common,Kagemaru Himeno,Basic,304,Pokémon,2010/11/03,"tcgplayer,cardmarket",https://prices.pokemontcg.io/tcgplayer/hgss4-56,https://images.pokemontcg.io/hgss4/56_hires.png,2026/08/08,2026/02/21,0.66,0.23000000417232513,0.4000000059604645,17.68000030517578,,14.89,,,,0.3576,0.0231,0.4268,2.0071,0.4499000012874603,0.4153,0.3691,1.1535,2.0417,1.5226,1.1535,2026-08-09
bw2-50,Roggenrola,normal,Emerging Powers,50,Common,Masakazu Fukuda,Basic,524,Pokémon,2011/08/31,"tcgplayer,cardmarket",https://prices.pokemontcg.io/tcgplayer/bw2-50,https://images.pokemontcg.io/bw2/50_hires.png,2026/08/08,2026/02/21,0.25,0.07999999821186066,0.25,17.420000076293945,,1.71,,,,0.1269,0.0231,0.1154,0.6921,0.05770000070333481,0.1038,0.1154,1.0381,0.8305,0.8074,1.1535,2026-08-09
neo1-51,Togepi,unlimited,Neo Genesis,51,Uncommon,Naoyo Kimura,Basic,175,Pokémon,2000/12/16,"tcgplayer,cardmarket",https://prices.pokemontcg.io/tcgplayer/neo1-51,https://images.pokemontcg.io/neo1/51_hires.png,2026/08/08,2026/06/21,8.61,5.0,7.96999979019165,77.69999694824219,,,,,"{""1stEdition"": {""low"": 16.18, ""mid"": 34.78, ""high"": 267.17, ""market"": 33.35, ""directLow"": null}}",4.9139,0.1154,4.6832,0.0,2.249300003051758,5.9636,4.8101,0.1384,0.9343,0.9343,1.1535,2026-08-09
sm2-54,Gothitelle,normal,Guardians Rising,54,Rare,Mitsuhiro Arita,Stage 2,576,Pokémon,2017/05/05,"tcgplayer,cardmarket",https://prices.pokemontcg.io/tcgplayer/sm2-54,https://images.pokemontcg.io/sm2/54_hires.png,2026/08/08,2026/02/01,0.31,0.10000000149011612,0.3100000023841858,2.309999942779541,,0.5,,,,0.2076,0.0231,0.2076,0.4614,0.023099999874830246,0.1846,0.2307,0.6575,0.4845,0.4499,1.1535,2026-08-09
sm8-54,Slowpoke,normal,Lost Thunder,54,Common,Tomokazu Komiya,Basic,79,Pokémon,2018/11/02,"tcgplayer,cardmarket",https://prices.pokemontcg.io/tcgplayer/sm8-54,https://images.pokemontcg.io/sm8/54_hires.png,2026/08/08,2026/02/01,3.47,1.75,3.7100000381469727,96.91000366210938,,21.55,,,,0.5191,0.0231,0.5191,4.7293,0.25380000472068787,0.2653,0.4268,2.0186,4.764,3.4605,1.1535,2026-08-09
sm12-60,Swanna,normal,Cosmic Eclipse,60,Rare,Yukiko Baba,Stage 1,581,Pokémon,2019/11/01,"tcgplayer,cardmarket",https://prices.pokemontcg.io/tcgplayer/sm12-60,https://images.pokemontcg.io/sm12/60_hires.png,2026/08/08,2026/02/01,0.29,0.07999999821186066,0.2800000011920929,19.979999542236328,,0.52,,,,0.1846,0.0231,0.2768,0.6344,0.3345000147819519,0.2653,0.2192,0.5767,0.5075,0.7152,1.1535,2026-08-09
ex9-57,Numel,normal,Emerald,57,Common,Midori Harada,Basic,322,Pokémon,2005/05/01,"tcgplayer,cardmarket",https://prices.pokemontcg.io/tcgplayer/ex9-57,https://images.pokemontcg.io/ex9/57_hires.png,2026/08/08,2026/02/21,1.16,0.5,1.25,2.990000009536743,,60.45,,,,0.3922,0.0231,0.3922,6.7134,0.23070000112056732,0.5421,0.4729,4.5909,7.4747,6.6211,1.1535,2026-08-09
sm9-60,Tentacool,normal,Team Up,60,Common,Ken Sugimori,Basic,72,Pokémon,2019/02/01,"tcgplayer,cardmarket",https://prices.pokemontcg.io/tcgplayer/sm9-60,https://images.pokemontcg.io/sm9/60_hires.png,2026/08/08,2026/02/01,0.18,0.03999999910593033,0.2199999988079071,19.979999542236328,,0.35,,,,0.0807,0.0231,0.0923,0.2999,0.11540000140666962,0.0692,0.0807,0.2192,0.323,0.4153,1.1535,2026-08-09
base5-53,Dratini,unlimited,Team Rocket,53,Common,Kagemaru Himeno,Basic,147,Pokémon,2000/04/24,"tcgplayer,cardmarket",https://prices.pokemontcg.io/tcgplayer/base5-53,https://images.pokemontcg.io/base5/53_hires.png,2026/08/08,2026/06/21,1.66,0.28999999165534973,1.0,17.31999969482422,,,,,"{""1stEdition"": {""low"": 0.75, ""mid"": 3.65, ""high"": 99.99, ""market"": 3.58, ""directLow"": 1.74}}",1.811,0.0231,1.3611,0.0,0.5997999906539917,1.4188,1.5342,0.8651,0.4729,0.4729,1.1535,2026-08-09
xy9-50,Drowzee,normal,BREAKpoint,50,Common,Shigenori Negishi,Basic,96,Pokémon,2016/02/03,"tcgplayer,cardmarket",https://prices.pokemontcg.io/tcgplayer/xy9-50,https://images.pokemontcg.io/xy9/50_hires.png,2026/08/08,2026/02/04,0.05,0.019999999552965164,0.23999999463558197,1000.0,,0.42,,,,0.0923,0.0231,0.0577,0.3576,0.05770000070333481,0.0692,0.0923,0.4614,0.3576,0.4268,1.1535,2026-08-09
hgss2-57,Onix,normal,HS—Unleashed,57,Common,Masakazu Fukuda,Basic,95,Pokémon,2010/05/12,"tcgplayer,cardmarket",https://prices.pokemontcg.io/tcgplayer/hgss2-57,https://images.pokemontcg.io/hgss2/57_hires.png,2026/08/08,2026/02/19,0.29,0.07000000029802322,0.33000001311302185,19.979999542236328,,2.19,,,,0.2422,0.0231,0.1154,3.1721,0.023099999874830246,0.1154,0.1961,0.5075,1.5457,1.2689,1.1535,2026-08-09
xy5-59,Electrike,normal,Primal Clash,59,Common,Sumiyoshi Kizuki,Basic,309,Pokémon,2015/02/04,"tcgplayer,cardmarket",https://prices.pokemontcg.io/tcgplayer/xy5-59,https://images.pokemontcg.io/xy5/59_hires.png,2026/08/08,2026/02/19,0.21,0.05000000074505806,0.2199999988079071,18.420000076293945,,0.6,,,,0.173,0.0231,0.15,0.4614,0.023099999874830246,0.2307,0.1269,0.346,0.3114,0.4268,1.1535,2026-08-09
dp1-60,Rhydon,normal,Diamond & Pearl,60,Uncommon,Naoyo Kimura,Stage 1,112,Pokémon,2007/05/01,"tcgplayer,cardmarket",https://prices.pokemontcg.io/tcgplayer/dp1-60,https://images.pokemontcg.io/dp1/60_hires.png,2026/08/08,2026/02/19,0.64,0.20000000298023224,0.6399999856948853,19.979999542236328,,3.34,,,,0.2076,0.0577,0.5883,0.5191,0.40369999408721924,0.7036,0.3691,0.5421,1.1189,1.3957,1.1535,2026-08-09
dp6-54,Exeggutor,normal,Legends Awakened,54,Uncommon,Ken Sugimori,Stage 1,103,Pokémon,2008/08/01,"tcgplayer,cardmarket",https://prices.pokemontcg.io/tcgplayer/dp6-54,https://images.pokemontcg.io/dp6/54_hires.png,2026/08/08,2026/02/21,0.49,0.27000001072883606,0.5,2.490000009536743,,2.46,,,,0.5421,0.0577,0.496,0.9228,0.34599998593330383,0.3576,0.4499,1.3727,1.6841,1.661,1.1535,2026-08-09
xy7-59,Sliggoo,normal,Ancient Origins,59,Uncommon,Midori Harada,Stage 1,705,Pokémon,2015/08/12,"tcgplayer,cardmarket",https://prices.pokemontcg.io/tcgplayer/xy7-59,https://images.pokemontcg.io/xy7/59_hires.png,2026/08/08,2026/02/04,0.22,0.05000000074505806,0.23999999463558197,1000.0,,0.6,,,,0.1846,0.0231,0.1154,0.4153,0.17299999296665192,0.15,0.2192,0.2884,0.3922,0.4845,1.1535,2026-08-09
sm35-48,Purrloin,normal,Shining Legends,48,Common,Naoyo Kimura,Basic,509,Pokémon,2017/10/06,"tcgplayer,cardmarket",https://prices.pokemontcg.io/tcgplayer/sm35-48,https://images.pokemontcg.io/sm35/48_hires.png,2026/08/08,2026/02/19,0.19,0.019999999552965164,0.20000000298023224,19.979999542236328,,0.37,,,,0.0577,0.0231,0.0807,0.346,0.11540000140666962,0.0692,0.0692,0.1154,0.3114,0.3114,1.1535,2026-08-09
xyp-XY48,Meowstic,holofoil,XY Black Star Promos,XY48,Promo,kirisAki,Stage 1,678,Pokémon,2013/10/12,"tcgplayer,cardmarket",https://prices.pokemontcg.io/tcgplayer/xyp-XY48,https://images.pokemontcg.io/xyp/XY48_hires.png,2026/08/08,2026/02/19,7.52,4.429999828338623,7.699999809265137,77.69999694824219,,,,,,6.2404,2.307,5.5599,0.0,4.037300109863281,5.5599,5.8252,4.3026,3.0914,3.3682,1.1535,2026-08-09
sm115-58,Jessie & James,holofoil,Hidden Fates,58,Rare Holo,Megumi Mizutani,Supporter,,Trainer,2019/08/23,"tcgplayer,cardmarket",https://prices.pokemontcg.io/tcgplayer/sm115-58,https://images.pokemontcg.io/sm115/58_hires.png,2026/08/08,2026/02/22,2.18,1.590000033378601,2.259999990463257,28.0,,4.12,,,,1.0266,0.2307,0.7498,2.6761,0.426800012588501,1.0381,0.9113,4.5217,2.134,2.1455,1.1535,2026-08-09
sm7-58,Swalot,normal,Celestial Storm,58,Uncommon,Yuka Morii,Stage 1,317,Pokémon,2018/08/03,"tcgplayer,cardmarket",https://prices.pokemontcg.io/tcgplayer/sm7-58,https://images.pokemontcg.io/sm7/58_hires.png,2026/08/08,2026/01/21,1.51,1.149999976158142,1.75,19.979999542236328,,4.21,,,,0.4037,0.0231,0.4614,0.5767,0.3230000138282776,0.5306,0.4153,0.5767,0.4268,0.5883,1.1535,2026-08-09
sm75-56,Swablu,normal,Dragon Majesty,56,Common,Yukiko Baba,Basic,333,Pokémon,2018/09/07,"tcgplayer,cardmarket",https://prices.pokemontcg.io/tcgplayer/sm75-56,https://images.pokemontcg.io/sm75/56_hires.png,2026/08/08,2026/02/04,0.3,0.10000000149011612,0.28999999165534973,19.979999542236328,,1.21,,,,0.2422,0.0231,0.2768,0.9689,1.153499960899353,0.2653,0.2076,2.2955,0.9459,1.0035,1.1535,2026-08-09
hgss1-64,Girafarig,normal,HeartGold & SoulSilver,64,Common,Miki Tanaka,Basic,203,Pokémon,2010/02/10,"tcgplayer,cardmarket",https://prices.pokemontcg.io/tcgplayer/hgss1-64,https://images.pokemontcg.io/hgss1/64_hires.png,2026/08/08,2026/02/01,1.74,0.38999998569488525,0.9900000095367432,19.979999542236328,,10.0,,,,0.1961,0.0231,0.1961,0.1154,0.06920000165700912,0.1961,0.2538,0.1154,1.6034,1.6264,1.1535,2026-08-09
swsh4-54,Zebstrika,normal,Vivid Voltage,54,Uncommon,0313,Stage 1,523,Pokémon,2020/11/13,"tcgplayer,cardmarket",https://prices.pokemontcg.io/tcgplayer/swsh4-54,https://images.pokemontcg.io/swsh4/54_hires.png,2026/08/08,2026/02/19,0.02,0.009999999776482582,0.15000000596046448,25.020000457763672,,0.17,,,,0.0461,0.0231,0.0461,0.1961,0.023099999874830246,0.0346,0.0461,0.3345,0.2884,0.2538,1.1535,2026-08-09
bw9-58,Nidoking,normal,Plasma Freeze,58,Rare,Shin Nagasawa,Stage 2,34,Pokémon,2013/05/08,"tcgplayer,cardmarket",https://prices.pokemontcg.io/tcgplayer/bw9-58,https://images.pokemontcg.io/bw9/58_hires.png,2026/08/08,2026/02/04,3.37,1.25,3.880000114440918,42.0,,18.75,,,,2.0071,0.0231,1.811,0.0,4.613999843597412,2.1686,1.6264,17.3025,8.9973,5.6868,1.1535,2026-08-09
pl3-53,Carnivine,normal,Supreme Victors,53,Uncommon,Satoshi Ohta,Basic,455,Pokémon,2009/08/19,"tcgplayer,cardmarket",https://prices.pokemontcg.io/tcgplayer/pl3-53,https://images.pokemontcg.io/pl3/53_hires.png,2026/08/08,2026/02/19,0.45,0.23999999463558197,0.4699999988079071,19.979999542236328,,1.55,,,,0.2192,0.0461,0.3114,0.6921,0.6344000101089478,0.2653,0.4268,0.4614,0.9113,0.7844,1.1535,2026-08-09
ex3-58,Horsea,normal,Dragon,58,Common,Midori Harada,Basic,116,Pokémon,2003/11/24,"tcgplayer,cardmarket",https://prices.pokemontcg.io/tcgplayer/ex3-58,https://images.pokemontcg.io/ex3/58_hires.png,2026/08/08,2026/02/22,0.61,0.25,0.6000000238418579,19.979999542236328,,30.99,,,,0.2768,0.0346,0.2538,2.6415,0.05770000070333481,0.2768,0.2653,1.0958,2.1455,3.1952,1.1535,2026-08-09
g1-44,Graveler,normal,Generations,44,Uncommon,Naoyo Kimura,Stage 1,75,Pokémon,2016/02/22,"tcgplayer,cardmarket",https://prices.pokemontcg.io/tcgplayer/g1-44,https://images.pokemontcg.io/g1/44_hires.png,2026/08/08,2026/02/22,0.32,0.10000000149011612,0.30000001192092896,19.979999542236328,,0.54,,,,0.2192,0.0231,0.2538,1.2342,0.34599998593330383,0.2422,0.1961,1.1535,1.4649,0.9113,1.1535,2026-08-09
ex4-59,Team Magma's Aron,normal,Team Magma vs Team Aqua,59,Common,Katsura Tabata,Basic,304,Pokémon,2004/03/01,"tcgplayer,cardmarket",https://prices.pokemontcg.io/tcgplayer/ex4-59,https://images.pokemontcg.io/ex4/59_hires.png,2026/08/08,2026/02/19,1.24,0.5,1.2200000286102295,21.239999771118164,,15.66,,,,0.4383,0.0577,0.646,1.1535,0.09229999780654907,0.7267,0.4499,1.1535,3.5989,2.9876,1.1535,2026-08-09
xy6-55,Bagon,normal,Roaring Skies,55,Common,kirisAki,Basic,371,Pokémon,2015/05/06,"tcgplayer,cardmarket",https://prices.pokemontcg.io/tcgplayer/xy6-55,https://images.pokemontcg.io/xy6/55_hires.png,2026/08/08,2026/02/19,0.18,0.03999999910593033,0.20000000298023224,19.979999542236328,,0.34,,,,0.1038,0.0231,0.0923,0.6229,0.023099999874830246,0.1038,0.0923,0.346,0.5537,0.4268,1.1535,2026-08-09
ex6-54,Bulbasaur,normal,FireRed & LeafGreen,54,Common,Atsuko Nishida,Basic,1,Pokémon,2004/09/01,"tcgplayer,cardmarket",https://prices.pokemontcg.io/tcgplayer/ex6-54,https://images.pokemontcg.io/ex6/54_hires.png,2026/08/08,2026/03/11,16.02,9.649999618530273,15.5600004196167,198.89999389648438,,137.5,,,,2.5608,0.5767,2.7684,16.1144,0.9804999828338623,2.953,3.4836,126.885,51.7229,39.7842,1.1535,2026-08-09
ex14-55,Lotad,normal,Crystal Guardians,55,Common,Aya Kusube,Basic,270,Pokémon,2006/08/01,"tcgplayer,cardmarket",https://prices.pokemontcg.io/tcgplayer/ex14-55,https://images.pokemontcg.io/ex14/55_hires.png,2026/08/08,2026/03/08,0.77,0.23000000417232513,0.7599999904632568,40.0,,13.69,,,,0.4268,0.0231,0.2653,4.6371,0.04610000178217888,0.2307,0.3576,3.4028,3.7835,4.1411,1.1535,2026-08-09
bw10-62,Bagon,normal,Plasma Blast,62,Common,Kouki Saitou,Basic,371,Pokémon,2013/08/14,"tcgplayer,cardmarket",https://prices.pokemontcg.io/tcgplayer/bw10-62,https://images.pokemontcg.io/bw10/62_hires.png,2026/08/08,2026/02/04,0.38,0.10000000149011612,0.30000001192092896,19.979999542236328,,0.82,,,,0.173,0.0231,0.1384,1.142,0.11540000140666962,0.1615,0.173,0.2307,1.0151,0.7613,1.1535,2026-08-09
dp2-52,Happiny,normal,Mysterious Treasures,52,Uncommon,Yuka Morii,Basic,440,Pokémon,2007/08/01,"tcgplayer,cardmarket",https://prices.pokemontcg.io/tcgplayer/dp2-52,https://images.pokemontcg.io/dp2/52_hires.png,2026/08/08,2026/02/22,9.05,4.989999771118164,9.0,139.0,,24.98,,,,0.9113,0.0577,0.7613,7.6823,0.4499000012874603,0.9574,0.8767,2.5954,4.937,4.2564,1.1535,2026-08-09
ecard1-50,Kingler,normal,Expedition Base Set,50,Rare,Shin-ichi Yoshida,Stage 1,99,Pokémon,2002/09/15,"tcgplayer,cardmarket",https://prices.pokemontcg.io/tcgplayer/ecard1-50,https://images.pokemontcg.io/ecard1/50_hires.png,2026/08/08,2026/06/21,7.9,59.9900016784668,78.68000030517578,78.68000030517578,,16.24,,,,2.63,0.346,5.3061,12.2963,11.53499984741211,5.7214,4.4525,46.1285,19.1135,10.7737,1.1535,2026-08-09
xy4-53,Poochyena,normal,Phantom Forces,53,Common,5ban Graphics,Basic,261,Pokémon,2014/11/05,"tcgplayer,cardmarket",https://prices.pokemontcg.io/tcgplayer/xy4-53,https://images.pokemontcg.io/xy4/53_hires.png,2026/08/08,2026/02/04,0.35,0.10000000149011612,0.3199999928474426,19.979999542236328,,0.9,,,,0.9689,0.0231,0.6921,0.4383,0.08070000261068344,0.3576,0.4153,0.8074,1.3035,0.8074,1.1535,2026-08-09
ex1-47,Vigoroth,normal,Ruby & Sapphire,47,Uncommon,Kagemaru Himeno,Stage 1,288,Pokémon,2003/07/01,"tcgplayer,cardmarket",https://prices.pokemontcg.io/tcgplayer/ex1-47,https://images.pokemontcg.io/ex1/47_hires.png,2026/08/08,2026/06/21,1.42,0.800000011920929,1.25,19.979999542236328,,6.25,,,,1.1535,0.0231,1.2112,0.2884,0.426800012588501,1.3611,1.0381,5.7098,4.0373,3.5182,1.1535,2026-08-09
swshp-SWSH050,Charizard V,holofoil,SWSH Black Star Promos,SWSH050,Promo,5ban Graphics,Basic|V,6,Pokémon,2019/11/15,"tcgplayer,cardmarket",https://prices.pokemontcg.io/tcgplayer/swshp-SWSH050,https://images.pokemontcg.io/swshp/SWSH050_hires.png,2026/08/08,2026/02/04,12.38,10.0,14.850000381469727,500.0,,,,,,15.7337,3.3451,12.5039,0.0,12.665399551391602,17.9139,14.8455,20.1401,18.5137,18.1446,1.1535,2026-08-09
dp4-51,Relicanth,normal,Great Encounters,51,Uncommon,Ken Sugimori,Basic,369,Pokémon,2008/02/01,"tcgplayer,cardmarket",https://prices.pokemontcg.io/tcgplayer/dp4-51,https://images.pokemontcg.io/dp4/51_hires.png,2026/08/08,2026/02/21,0.73,0.15000000596046448,0.6899999976158142,19.979999542236328,,3.57,,,,0.2768,0.0231,0.2192,1.2804,0.17299999296665192,0.1384,0.2076,2.307,0.9689,1.0728,1.1535,2026-08-09
xy1-58,Diglett,normal,XY,58,Common,Kanako Eo,Basic,50,Pokémon,2014/02/05,"tcgplayer,cardmarket",https://prices.pokemontcg.io/tcgplayer/xy1-58,https://images.pokemontcg.io/xy1/58_hires.png,2026/08/08,2026/02/04,0.28,0.029999999329447746,0.25999999046325684,1000.0,,0.81,,,,0.1038,0.0231,0.1154,0.7728,0.13840000331401825,0.1269,0.1038,0.5767,0.669,0.669,1.1535,2026-08-09
xy10-55,Umbreon-EX,holofoil,Fates Collide,55,Rare Holo EX,Ayaka Yoshida,Basic|EX,197,Pokémon,2016/05/02,"tcgplayer,cardmarket",https://prices.pokemontcg.io/tcgplayer/xy10-55,https://images.pokemontcg.io/xy10/55_hires.png,2026/08/08,2026/02/04,78.08,28.989999771118164,75.0,398.8999938964844,,,,,,76.9615,11.535,79.6953,0.0,21.916500091552734,100.0661,49.762,8.0745,20.2901,18.2022,1.1535,2026-08-09
sm10-48,Goldeen,normal,Unbroken Bonds,48,Common,Naoyo Kimura,Basic,118,Pokémon,2019/05/03,"tcgplayer,cardmarket",https://prices.pokemontcg.io/tcgplayer/sm10-48,https://images.pokemontcg.io/sm10/48_hires.png,2026/08/08,2026/02/04,0.17,0.019999999552965164,0.20000000298023224,19.979999542236328,,0.35,,,,0.0923,0.0231,0.0692,0.2076,0.05770000070333481,0.0807,0.0923,0.2307,0.2422,0.2653,1.1535,2026-08-09
ex10-58,Gloom,normal,Unseen Forces,58,Common,Kouki Saitou,Stage 1,44,Pokémon,2005/08/01,"tcgplayer,cardmarket",https://prices.pokemontcg.io/tcgplayer/ex10-58,https://images.pokemontcg.io/ex10/58_hires.png,2026/08/08,2026/02/22,0.85,0.25,0.7900000214576721,19.979999542236328,,38.67,,,,0.1384,0.0231,0.4499,8.2937,0.51910001039505,0.5306,0.2768,13.7843,8.2706,6.7134,1.1535,2026-08-09
ex5-50,Swalot,normal,Hidden Legends,50,Uncommon,Yuka Morii,Stage 1,317,Pokémon,2004/06/01,"tcgplayer,cardmarket",https://prices.pokemontcg.io/tcgplayer/ex5-50,https://images.pokemontcg.io/ex5/50_hires.png,2026/08/08,2026/03/07,8.85,19.989999771118164,94.75,94.75,,21.36,,,,2.6184,0.0231,9.1588,3.5528,1.4534000158309937,2.4916,6.0674,4.0373,4.6947,3.4951,1.1535,2026-08-09
bw3-53,Reuniclus,normal,Noble Victories,53,Rare,Mizue,Stage 2,579,Pokémon,2011/11/16,"tcgplayer,cardmarket",https://prices.pokemontcg.io/tcgplayer/bw3-53,https://images.pokemontcg.io/bw3/53_hires.png,2026/08/08,2026/02/21,0.79,0.4099999964237213,0.9300000071525574,19.979999542236328,,1.85,,,,0.9343,0.1154,1.5342,1.0381,6.921000003814697,1.6495,1.0266,1.0381,1.2573,1.7995,1.1535,2026-08-09
base3-60,Gambler,unlimited,Fossil,60,Common,Keiji Kinebuchi,,,Trainer,1999/10/10,"tcgplayer,cardmarket",https://prices.pokemontcg.io/tcgplayer/base3-60,https://images.pokemontcg.io/base3/60_hires.png,2026/08/08,2026/06/21,0.45,0.029999999329447746,0.3799999952316284,9999.0,,,,,"{""1stEdition"": {""low"": 0.69, ""mid"": 4.5, ""high"": 29.97, ""market"": 4.99, ""directLow"": 5.51}}",3.9334,0.0231,0.0231,0.0,1.4187999963760376,2.5723,3.9219,0.346,0.346,0.346,1.1535,2026-08-09
gym2-60,Blaine's Charmander,unlimited,Gym Challenge,60,Common,Ken Sugimori,Basic,4,Pokémon,2000/10/16,"tcgplayer,cardmarket",https://prices.pokemontcg.io/tcgplayer/gym2-60,https://images.pokemontcg.io/gym2/60_hires.png,2026/08/08,2026/02/19,4.02,2.0199999809265137,3.3499999046325684,32.7599983215332,,,,,"{""1stEdition"": {""low"": 10.98, ""mid"": 39.99, ""high"": 229.7, ""market"": 23.86, ""directLow"": null}}",3.9911,0.5767,4.6832,0.0,5.121500015258789,3.3105,3.968,0.0,0.0,0.0,1.1535,2026-08-09
swsh35-61,Potion,normal,Champion's Path,61,Common,Ryo Ueda,Item,,Trainer,2020/09/25,"tcgplayer,cardmarket",https://prices.pokemontcg.io/tcgplayer/swsh35-61,https://images.pokemontcg.io/swsh35/61_hires.png,2026/08/08,2026/02/19,0.15,0.009999999776482582,0.1599999964237213,19.979999542236328,,0.24,,,,0.0461,0.0231,0.0461,0.2538,0.05770000070333481,0.0461,0.0461,0.0577,0.4268,0.2422,1.1535,2026-08-09
bw5-51,Yamask,normal,Dark Explorers,51,Uncommon,Aya Kusube,Basic,562,Pokémon,2012/05/09,"tcgplayer,cardmarket",https://prices.pokemontcg.io/tcgplayer/bw5-51,https://images.pokemontcg.io/bw5/51_hires.png,2026/08/08,2026/02/22,0.38,0.1899999976158142,0.3799999952316284,19.979999542236328,,2.47,,,,0.2653,0.0231,0.3114,1.8456,0.35760000348091125,0.3114,0.2076,3.4605,1.8341,1.1881,1.1535,2026-08-09
bw1-55,Solosis,normal,Black & White,55,Common,MAHOU,Basic,577,Pokémon,2011/04/25,"tcgplayer,cardmarket",https://prices.pokemontcg.io/tcgplayer/bw1-55,https://images.pokemontcg.io/bw1/55_hires.png,2026/08/08,2026/02/19,0.37,0.05000000074505806,0.33000001311302185,19.979999542236328,,2.39,,,,0.1846,0.0231,0.1615,0.6344,0.17299999296665192,0.1961,0.1846,1.1535,1.488,1.5111,1.1535,2026-08-09
sm1-55,Golbat,normal,Sun & Moon,55,Uncommon,Masakazu Fukuda,Stage 1,42,Pokémon,2017/02/03,"tcgplayer,cardmarket",https://prices.pokemontcg.io/tcgplayer/sm1-55,https://images.pokemontcg.io/sm1/55_hires.png,2026/08/08,2026/02/04,0.14,0.009999999776482582,0.20000000298023224,19.979999542236328,,0.28,,,,0.1154,0.0231,0.1154,0.4037,0.04610000178217888,0.0923,0.1038,0.2538,0.3576,0.3345,1.1535,2026-08-09
swsh2-53,Barraskewda,normal,Rebel Clash,53,Rare,Kouki Saitou,Stage 1,847,Pokémon,2020/05/01,"tcgplayer,cardmarket",https://prices.pokemontcg.io/tcgplayer/swsh2-53,https://images.pokemontcg.io/swsh2/53_hires.png,2026/08/08,2026/02/19,0.2,0.10000000149011612,0.23999999463558197,19.979999542236328,,0.47,,,,0.1384,0.0231,0.1384,0.7844,0.11540000140666962,0.173,0.2538,0.4383,0.5306,0.6114,1.1535,2026-08-09
dp5-53,Buneary,normal,Majestic Dawn,53,Common,Kouki Saitou,Basic,427,Pokémon,2008/05/01,"tcgplayer,cardmarket",https://prices.pokemontcg.io/tcgplayer/dp5-53,https://images.pokemontcg.io/dp5/53_hires.png,2026/08/08,2026/02/21,0.82,0.25,0.6899999976158142,18.280000686645508,,2.56,,,,0.2768,0.0231,0.3807,1.9263,0.31139999628067017,0.4153,0.2999,1.0958,1.5572,0.8074,1.1535,2026-08-09
ex12-62,Sentret,normal,Legend Maker,62,Common,Tomokazu Komiya,Basic,161,Pokémon,2006/02/01,"tcgplayer,cardmarket",https://prices.pokemontcg.io/tcgplayer/ex12-62,https://images.pokemontcg.io/ex12/62_hires.png,2026/08/08,2026/02/04,1.29,0.8100000023841858,1.2899999618530273,19.979999542236328,,26.14,,,,0.7728,0.0231,0.7382,6.4019,0.51910001039505,0.7152,0.6575,1.4419,6.2174,5.1561,1.1535,2026-08-09
sm6-53,Dragalge,normal,Forbidden Light,53,Rare,SATOSHI NAKAI,Stage 1,691,Pokémon,2018/05/04,"tcgplayer,cardmarket",https://prices.pokemontcg.io/tcgplayer/sm6-53,https://images.pokemontcg.io/sm6/53_hires.png,2026/08/08,2026/02/04,0.59,0.20000000298023224,0.5199999809265137,19.979999542236328,,0.67,,,,0.5652,0.0231,0.5306,0.6806,0.5651999711990356,0.6114,0.4729,1.7302,0.8421,0.819,1.1535,2026-08-09
sm4-49,Nihilego-GX,holofoil,Crimson Invasion,49,Rare Holo GX,5ban Graphics,Basic|GX|Ultra Beast,793,Pokémon,2017/11/03,"tcgplayer,cardmarket",https://prices.pokemontcg.io/tcgplayer/sm4-49,https://images.pokemontcg.io/sm4/49_hires.png,2026/08/08,2026/02/19,10.18,7.889999866485596,10.199999809265137,96.94999694824219,,,,,,7.5554,2.307,8.5128,0.0,9.227999687194824,6.8979,6.8172,4.614,3.5643,3.7143,1.1535,2026-08-09
xy3-47,Hitmonlee,normal,Furious Fists,47,Uncommon,Hitoshi Ariga,Basic,106,Pokémon,2014/08/13,"tcgplayer,cardmarket",https://prices.pokemontcg.io/tcgplayer/xy3-47,https://images.pokemontcg.io/xy3/47_hires.png,2026/08/08,2026/02/22,0.38,0.20000000298023224,0.3700000047683716,14.989999771118164,,1.28,,,,0.2422,0.0231,0.0461,2.3531,0.3230000138282776,0.1846,0.3807,0.5767,3.126,1.7649,1.1535,2026-08-09
xy12-53,Mew,holofoil,Evolutions,53,Rare Holo,Ken Sugimori,Basic,151,Pokémon,2016/11/02,"tcgplayer,cardmarket",https://prices.pokemontcg.io/tcgplayer/xy12-53,https://images.pokemontcg.io/xy12/53_hires.png,2026/08/08,2026/02/19,29.88,22.920000076293945,34.9900016784668,79.98999786376953,,27.05,,,,89.3962,55.368,59.5898,0.0,103.80349731445312,78.934,59.5667,22.9431,20.9822,13.196,1.1535,2026-08-09
bw4-62,Beheeyem,normal,Next Destinies,62,Rare,Kouki Saitou,Stage 1,606,Pokémon,2012/02/08,"tcgplayer,cardmarket",https://prices.pokemontcg.io/tcgplayer/bw4-62,https://images.pokemontcg.io/bw4/62_hires.png,2026/08/08,2026/02/19,0.55,0.23000000417232513,0.5600000023841858,19.979999542236328,,0.72,,,,0.7498,0.0577,0.7036,1.2919,0.57669997215271,0.7498,0.646,0.496,1.1535,0.8997,1.1535,2026-08-09
ecard3-23,Omastar,normal,Skyridge,23,Rare,Hajime Kusajima,Stage 2,139,Pokémon,2003/05/12,"tcgplayer,cardmarket",https://prices.pokemontcg.io/tcgplayer/ecard3-23,https://images.pokemontcg.io/ecard3/23_hires.png,2026/08/08,2026/02/22,31.78,33.4900016784668,56.7400016784668,79.98999786376953,,55.63,,,,8.3167,1.7302,9.9432,24.4542,5.767499923706055,8.3167,8.5936,20.1863,22.0549,28.3069,1.1535,2026-08-09
ecard2-32,Scizor,normal,Aquapolis,32,Rare,Hisao Nakamura,Stage 1,212,Pokémon,2003/01/15,"tcgplayer,cardmarket",https://prices.pokemontcg.io/tcgplayer/ecard2-32,https://images.pokemontcg.io/ecard2/32_hires.png,2026/08/08,2026/02/21,68.71,58.9900016784668,109.98999786376953,652.4000244140625,,79.97,,,,36.9005,17.3025,51.6883,0.0,41.502899169921875,33.0939,40.4763,16.149,23.07,23.07,1.1535,2026-08-09
swsh1-58,Inteleon,holofoil,Sword & Shield,58,Rare Holo,Kagemaru Himeno,Stage 2,818,Pokémon,2020/02/07,"tcgplayer,cardmarket",https://prices.pokemontcg.io/tcgplayer/swsh1-58,https://images.pokemontcg.io/swsh1/58_hires.png,2026/08/08,2026/02/19,0.63,0.3400000035762787,0.6100000143051147,18.520000457763672,,0.75,,,,0.8074,0.1154,0.5537,0.0,0.6344000101089478,0.3576,0.5421,0.5883,0.7728,0.7152,1.1535,2026-08-09
sma-SV51,Reshiram-GX,holofoil,Hidden Fates Shiny Vault,SV51,Rare Shiny GX,PLANETA Igarashi,Basic|GX,643,Pokémon,2019/08/23,"tcgplayer,cardmarket",https://prices.pokemontcg.io/tcgplayer/sma-SV51,https://images.pokemontcg.io/sma/SV51_hires.png,2026/08/08,2026/02/01,65.17,53.189998626708984,65.7300033569336,135.0,,,,,,50.5118,32.2865,42.6449,0.0,33.451499938964844,40.5917,48.2509,19.7595,21.582,22.2279,1.1535,2026-08-09
sm5-57,Toxicroak,normal,Ultra Prism,57,Rare,Hasuno,Stage 1,454,Pokémon,2018/02/02,"tcgplayer,cardmarket",https://prices.pokemontcg.io/tcgplayer/sm5-57,https://images.pokemontcg.io/sm5/57_hires.png,2026/08/08,2026/02/01,0.08,0.07999999821186066,0.25999999046325684,19.979999542236328,,0.54,,,,0.2999,0.0231,0.2768,0.5191,0.11540000140666962,0.2884,0.2768,0.8651,0.5767,0.496,1.1535,2026-08-09
ex2-52,Vigoroth,normal,Sandstorm,52,Uncommon,Ken Sugimori,Stage 1,288,Pokémon,2003/09/18,"tcgplayer,cardmarket",https://prices.pokemontcg.io/tcgplayer/ex2-52,https://images.pokemontcg.io/ex2/52_hires.png,2026/08/08,2026/02/22,0.94,0.75,1.0399999618530273,20.850000381469727,,5.99,,,,0.7382,0.173,1.0958,2.5954,0.34599998593330383,0.7382,0.992,3.449,2.134,2.2147,1.1535,2026-08-09
bw11-61,Sableye,normal,Legendary Treasures,61,Uncommon,Hiroki Asanuma,Basic,302,Pokémon,2013/11/06,"tcgplayer,cardmarket",https://prices.pokemontcg.io/tcgplayer/bw11-61,https://images.pokemontcg.io/bw11/61_hires.png,2026/08/08,2026/02/19,0.9,0.30000001192092896,0.9399999976158142,29.989999771118164,,13.51,,,,0.5767,0.0577,0.3807,8.8243,0.51910001039505,0.4153,0.5421,4.0257,10.1623,5.0177,1.1535,2026-08-09
pl2-53,Vibrava,normal,Rising Rivals,53,Uncommon,Kyoko Umemoto,Stage 1,329,Pokémon,2009/05/16,"tcgplayer,cardmarket",https://prices.pokemontcg.io/tcgplayer/pl2-53,https://images.pokemontcg.io/pl2/53_hires.png,2026/08/08,2026/02/22,0.36,0.14000000059604645,0.4300000071525574,19.979999542236328,,1.37,,,,0.1615,0.0231,0.2538,0.4153,0.3345000147819519,0.323,0.2076,0.5652,0.346,0.7036,1.1535,2026-08-09
smp-SM49,Bewear,holofoil,SM Black Star Promos,SM49,Promo,Mitsuhiro Arita,Stage 1,760,Pokémon,2017/02/03,"tcgplayer,cardmarket",https://prices.pokemontcg.io/tcgplayer/smp-SM49,https://images.pokemontcg.io/smp/SM49_hires.png,2026/08/08,2026/02/19,10.11,15.0,27.5,94.9000015258789,,,,,,8.7551,4.3256,7.7054,0.0,10.381500244140625,9.4356,12.0195,2.2955,3.2298,4.3141,1.1535,2026-08-09
gym1-58,Sabrina's Haunter,unlimited,Gym Heroes,58,Uncommon,Atsuko Nishida,Stage 1,93,Pokémon,2000/08/14,"tcgplayer,cardmarket",https://prices.pokemontcg.io/tcgplayer/gym1-58,https://images.pokemontcg.io/gym1/58_hires.png,2026/08/08,2026/03/08,22.43,9.0,17.329999923706055,69.0,,,,,"{""1stEdition"": {""low"": 31.0, ""mid"": 40.49, ""high"": 199.76, ""market"": 59.07, ""directLow"": 40.49}}",7.2094,2.2955,3.8758,0.0,2.306999921798706,6.0328,6.6211,2.8838,1.6034,1.6034,1.1535,2026-08-09
bw8-57,Koffing,normal,Plasma Storm,57,Uncommon,match,Basic,109,Pokémon,2013/02/06,"tcgplayer,cardmarket",https://prices.pokemontcg.io/tcgplayer/bw8-57,https://images.pokemontcg.io/bw8/57_hires.png,2026/08/08,2026/02/19,0.69,0.25,0.6899999976158142,19.979999542236328,,5.03,,,,0.2192,0.0231,0.2422,1.4995,0.57669997215271,0.2653,0.3345,1.2573,1.4995,1.3957,1.1535,2026-08-09
bw6-56,Gothorita,normal,Dragons Exalted,56,Uncommon,Mizue,Stage 1,575,Pokémon,2012/08/15,"tcgplayer,cardmarket",https://prices.pokemontcg.io/tcgplayer/bw6-56,https://images.pokemontcg.io/bw6/56_hires.png,2026/08/08,2026/02/19,0.74,0.25999999046325684,0.7099999785423279,17.100000381469727,,2.93,,,,0.2192,0.0231,0.2076,0.6806,0.17299999296665192,0.173,0.2192,1.142,1.0497,0.8997,1.1535,2026-08-09
xy2-66,Florges,holofoil,Flashfire,66,Rare Holo,5ban Graphics,Stage 2,671,Pokémon,2014/05/07,"tcgplayer,cardmarket",https://prices.pokemontcg.io/tcgplayer/xy2-66,https://images.pokemontcg.io/xy2/66_hires.png,2026/08/08,2026/02/01,1.28,0.4399999976158142,1.2200000286102295,96.94999694824219,,1.87,,,,1.0151,0.2307,1.1189,3.8988,0.28839999437332153,0.9228,1.142,3.1721,1.638,1.4303,1.1535,2026-08-09
neo4-58,Unown [P],unlimited,Neo Destiny,58,Uncommon,CR CG gangs,Basic,201,Pokémon,2002/02/28,"tcgplayer,cardmarket",https://prices.pokemontcg.io/tcgplayer/neo4-58,https://images.pokemontcg.io/neo4/58_hires.png,2026/08/08,2026/02/21,3.89,2.0,4.289999961853027,40.0,,,,,"{""1stEdition"": {""low"": 7.0, ""mid"": 14.99, ""high"": 89.15, ""market"": 9.2, ""directLow"": 89.15}}",2.48,0.4037,2.0532,0.0,1.7302000522613525,2.8145,2.7915,0.0,0.0,0.0,1.1535,2026-08-09
ex8-57,Corphish,normal,Deoxys,57,Common,Takao Unno,Basic,341,Pokémon,2005/02/01,"tcgplayer,cardmarket",https://prices.pokemontcg.io/tcgplayer/ex8-57,https://images.pokemontcg.io/ex8/57_hires.png,2026/08/08,2026/03/08,0.6,0.10000000149011612,0.5,19.979999542236328,,17.29,,,,0.6921,0.0231,0.5191,5.5368,0.4499000012874603,0.2538,0.5191,4.614,5.0062,5.8482,1.1535,2026-08-09
neo2-50,Unown [N],unlimited,Neo Discovery,50,Uncommon,CR CG gangs,Basic,201,Pokémon,2001/06/01,"tcgplayer,cardmarket",https://prices.pokemontcg.io/tcgplayer/neo2-50,https://images.pokemontcg.io/neo2/50_hires.png,2026/08/08,2026/06/21,1.66,0.550000011920929,1.6299999952316284,56.84000015258789,,,,,"{""1stEdition"": {""low"": 3.25, ""mid"": 5.66, ""high"": 74.0, ""market"": 7.34, ""directLow"": null}}",1.0843,0.0577,0.8651,0.0,0.23070000112056732,0.7382,0.7844,0.0,0.0,0.0,1.1535,2026-08-09
base4-57,Poliwhirl,normal,Base Set 2,57,Uncommon,Ken Sugimori,Stage 1,61,Pokémon,2000/02/24,"tcgplayer,cardmarket",https://prices.pokemontcg.io/tcgplayer/base4-57,https://images.pokemontcg.io/base4/57_hires.png,2026/08/08,2026/02/22,1.42,0.28999999165534973,0.949999988079071,38.040000915527344,,,,,,0.9805,0.0577,1.0728,0.0,4.3256001472473145,1.1189,0.9113,0.173,0.173,0.173,1.1535,2026-08-09
dp3-61,Raticate,normal,Secret Wonders,61,Uncommon,Ken Sugimori,Stage 1,20,Pokémon,2007/11/01,"tcgplayer,cardmarket",https://prices.pokemontcg.io/tcgplayer/dp3-61,https://images.pokemontcg.io/dp3/61_hires.png,2026/08/08,2026/02/19,0.42,0.1899999976158142,0.4000000059604645,19.979999542236328,,1.59,,,,0.3114,0.0461,0.2768,1.6841,0.11540000140666962,0.2768,0.3114,2.307,1.5803,1.3381,1.1535,2026-08-09
ex15-47,Ekans δ,normal,Dragon Frontiers,47,Common,Yuka Morii,Basic,23,Pokémon,2006/11/01,"tcgplayer,cardmarket",https://prices.pokemontcg.io/tcgplayer/ex15-47,https://images.pokemontcg.io/ex15/47_hires.png,2026/08/08,2026/03/11,1.67,0.75,1.6200000047683716,39.9900016784668,,27.99,,,,0.3807,0.0231,0.2999,4.1065,0.23070000112056732,0.2538,0.3345,2.307,3.1375,3.8527,1.1535,2026-08-09
ex13-58,Aron,normal,Holon Phantoms,58,Common,Masakazu Fukuda,Basic,304,Pokémon,2006/05/01,"tcgplayer,cardmarket",https://prices.pokemontcg.io/tcgplayer/ex13-58,https://images.pokemontcg.io/ex13/58_hires.png,2026/08/08,2026/02/19,0.56,0.10000000149011612,0.47999998927116394,2.0,,9.15,,,,0.3922,0.0231,0.4499,4.5448,0.20759999752044678,0.3922,0.5537,4.9485,4.0719,4.3256,1.1535,2026-08-09
xy8-53,Magneton,normal,BREAKthrough,53,Uncommon,Tomokazu Komiya,Stage 1,82,Pokémon,2015/11/04,"tcgplayer,cardmarket",https://prices.pokemontcg.io/tcgplayer/xy8-53,https://images.pokemontcg.io/xy8/53_hires.png,2026/08/08,2026/02/19,0.38,0.07999999821186066,0.3799999952316284,19.979999542236328,,1.41,,,,0.3576,0.0231,0.2307,2.3647,0.5651999711990356,0.2422,0.4037,2.8838,2.3301,2.3762,1.1535,2026-08-09
sm10-49,Seaking,normal,Unbroken Bonds,49,Rare,Midori Harada,Stage 1,119,Pokémon,2019/05/03,"tcgplayer,cardmarket",https://prices.pokemontcg.io/tcgplayer/sm10-49,https://images.pokemontcg.io/sm10/49_hires.png,2026/08/08,2026/02/04,0.27,0.14000000059604645,0.3100000023841858,19.979999542236328,,0.5,,,,0.3576,0.0577,0.3576,0.6921,0.219200000166893,0.323,0.3691,0.8074,0.9459,0.9574,1.1535,2026-08-09
xy6-56,Shelgon,normal,Roaring Skies,56,Uncommon,sui,Stage 1,372,Pokémon,2015/05/06,"tcgplayer,cardmarket",https://prices.pokemontcg.io/tcgplayer/xy6-56,https://images.pokemontcg.io/xy6/56_hires.png,2026/08/08,2026/02/19,0.25,0.03999999910593033,0.25,1000.0,,0.77,,,,0.1154,0.0231,0.0692,0.5767,0.10379999876022339,0.0807,0.1384,0.5767,0.7036,0.6575,1.1535,2026-08-09
neo4-59,Unown [Q],unlimited,Neo Destiny,59,Uncommon,CR CG gangs,Basic,201,Pokémon,2002/02/28,"tcgplayer,cardmarket",https://prices.pokemontcg.io/tcgplayer/neo4-59,https://images.pokemontcg.io/neo4/59_hires.png,2026/08/08,2026/02/21,6.98,6.659999847412109,8.350000381469727,78.30000305175781,,,,,"{""1stEdition"": {""low"": 8.22, ""mid"": 12.99, ""high"": 91.1, ""market"": 10.86, ""directLow"": null}}",4.3372,0.346,4.2795,0.0,4.613999843597412,4.937,4.1872,0.0,0.0,0.0,1.1535,2026-08-09
base1-60,Ponyta,normal,Base,60,Common,Ken Sugimori,Basic,77,Pokémon,1999/01/09,"tcgplayer,cardmarket",https://prices.pokemontcg.io/tcgplayer/base1-60,https://images.pokemontcg.io/base1/60_hires.png,2026/08/08,2026/03/11,0.61,0.15000000596046448,0.5,18.1200008392334,,,,,,13.7382,0.5191,7.0594,0.0,2.8261001110076904,18.0638,7.59,0.0,0.0,0.0,1.1535,2026-08-09
pl2-54,Whiscash E4,normal,Rising Rivals,54,Uncommon,Kagemaru Himeno,Basic|SP,340,Pokémon,2009/05/16,"tcgplayer,cardmarket",https://prices.pokemontcg.io/tcgplayer/pl2-54,https://images.pokemontcg.io/pl2/54_hires.png,2026/08/08,2026/02/22,0.49,0.23000000417232513,0.49000000953674316,19.979999542236328,,1.48,,,,0.2999,0.0231,0.2538,0.9459,0.023099999874830246,0.2768,0.2653,0.7844,1.1766,1.0266,1.1535,2026-08-09
xyp-XY49,Regirock,holofoil,XY Black Star Promos,XY49,Promo,Kouki Saitou,Basic,377,Pokémon,2013/10/12,"tcgplayer,cardmarket",https://prices.pokemontcg.io/tcgplayer/xyp-XY49,https://images.pokemontcg.io/xyp/XY49_hires.png,2026/08/08,2026/02/19,7.6,4.0,7.0,200.0,,,,,,5.1561,0.5767,5.2138,0.0,6.921000003814697,5.3292,4.7524,1.7302,1.5688,1.638,1.1535,2026-08-09
sm2-55,Oricorio,normal,Guardians Rising,55,Rare,Kouki Saitou,Basic,741,Pokémon,2017/05/05,"tcgplayer,cardmarket",https://prices.pokemontcg.io/tcgplayer/sm2-55,https://images.pokemontcg.io/sm2/55_hires.png,2026/08/08,2026/02/01,0.3,0.10000000149011612,0.33000001311302185,19.979999542236328,,0.39,,,,5.1907,3.3682,3.3682,0.0,5.190700054168701,3.3105,3.3682,1.6149,3.1837,2.8491,1.1535,2026-08-09
base4-58,Raticate,normal,Base Set 2,58,Uncommon,Ken Sugimori,Stage 1,20,Pokémon,2000/02/24,"tcgplayer,cardmarket",https://prices.pokemontcg.io/tcgplayer/base4-58,https://images.pokemontcg.io/base4/58_hires.png,2026/08/08,2026/02/22,1.32,0.3499999940395355,1.0,4.989999771118164,,,,,,1.0728,0.0577,0.9805,0.0,0.11540000140666962,1.0612,1.1189,0.2884,0.2884,0.2884,1.1535,2026-08-09
sm115-59,Koga's Trap,normal,Hidden Fates,59,Uncommon,Megumi Mizutani,Supporter,,Trainer,2019/08/23,"tcgplayer,cardmarket",https://prices.pokemontcg.io/tcgplayer/sm115-59,https://images.pokemontcg.io/sm115/59_hires.png,2026/08/08,2026/02/22,0.04,0.009999999776482582,0.20000000298023224,5.0,,0.33,,,,0.0807,0.0231,0.0923,0.2653,0.03460000082850456,0.1038,0.0807,0.4499,0.3345,0.3345,1.1535,2026-08-09
ex8-58,Duskull,normal,Deoxys,58,Common,Tomoko Wakai,Basic,355,Pokémon,2005/02/01,"tcgplayer,cardmarket",https://prices.pokemontcg.io/tcgplayer/ex8-58,https://images.pokemontcg.io/ex8/58_hires.png,2026/08/08,2026/02/21,0.72,0.30000001192092896,0.699999988079071,19.979999542236328,,42.12,,,,0.9459,0.0231,0.646,6.5519,0.3806999921798706,0.5306,0.5767,4.614,4.4986,6.1251,1.1535,2026-08-09
ecard1-51,Machamp,normal,Expedition Base Set,51,Rare,Shin-ichi Yoshida,Stage 2,68,Pokémon,2002/09/15,"tcgplayer,cardmarket",https://prices.pokemontcg.io/tcgplayer/ecard1-51,https://images.pokemontcg.io/ecard1/51_hires.png,2026/08/08,2026/06/21,8.72,6.0,7.96999979019165,50.0,,36.0,,,,4.0373,0.8997,10.716,12.3655,4.833199977874756,11.6388,6.4135,5.7675,13.3114,13.9689,1.1535,2026-08-09
bw4-63,Riolu,normal,Next Destinies,63,Common,Sumiyoshi Kizuki,Basic,447,Pokémon,2012/02/08,"tcgplayer,cardmarket",https://prices.pokemontcg.io/tcgplayer/bw4-63,https://images.pokemontcg.io/bw4/63_hires.png,2026/08/08,2026/02/19,0.42,0.15000000596046448,0.4099999964237213,19.979999542236328,,3.5,,,,0.1615,0.0231,0.346,0.9459,0.911300003528595,0.323,0.2538,1.7302,1.0381,1.4303,1.1535,2026-08-09
sm4-50,Mankey,normal,Crimson Invasion,50,Common,Miki Tanaka,Basic,56,Pokémon,2017/11/03,"tcgplayer,cardmarket",https://prices.pokemontcg.io/tcgplayer/sm4-50,https://images.pokemontcg.io/sm4/50_hires.png,2026/08/08,2026/02/19,0.23,0.019999999552965164,0.23000000417232513,19.979999542236328,,0.35,,,,0.0923,0.0231,0.1038,0.2076,0.11540000140666962,0.0692,0.0807,0.1154,0.1961,0.2653,1.1535,2026-08-09
ex16-51,Kabuto,normal,Power Keepers,51,Common,Ken Sugimori,Stage 1,140,Pokémon,2007/02/02,"tcgplayer,cardmarket",https://prices.pokemontcg.io/tcgplayer/ex16-51,https://images.pokemontcg.io/ex16/51_hires.png,2026/08/08,2026/03/07,1.02,0.20000000298023224,0.699999988079071,18.639999389648438,,17.88,,,,0.5652,0.0231,0.323,3.2183,0.11540000140666962,0.3807,0.5883,3.7489,3.2875,4.3141,1.1535,2026-08-09
xy11-62,Spiritomb,normal,Steam Siege,62,Rare,Ken Sugimori,Basic,442,Pokémon,2016/08/03,"tcgplayer,cardmarket",https://prices.pokemontcg.io/tcgplayer/xy11-62,https://images.pokemontcg.io/xy11/62_hires.png,2026/08/08,2026/02/19,0.3,0.11999999731779099,0.30000001192092896,19.979999542236328,,0.57,,,,0.2884,0.0231,0.4268,0.8767,0.41530001163482666,0.323,0.3576,0.4614,0.7498,0.8074,1.1535,2026-08-09
sm12-61,Black Kyurem,holofoil,Cosmic Eclipse,61,Rare Holo,Kouki Saitou,Basic,646,Pokémon,2019/11/01,"tcgplayer,cardmarket",https://prices.pokemontcg.io/tcgplayer/sm12-61,https://images.pokemontcg.io/sm12/61_hires.png,2026/08/08,2026/02/01,1.27,0.699999988079071,1.2699999809265137,96.94999694824219,,1.36,,,,1.5688,0.5767,1.2342,2.2263,1.2689000368118286,1.5572,1.638,0.8651,1.8687,1.9494,1.1535,2026-08-09
base5-54,Drowzee,unlimited,Team Rocket,54,Common,Kagemaru Himeno,Basic,96,Pokémon,2000/04/24,"tcgplayer,cardmarket",https://prices.pokemontcg.io/tcgplayer/base5-54,https://images.pokemontcg.io/base5/54_hires.png,2026/08/08,2026/06/21,0.69,0.09000000357627869,0.5199999809265137,15.399999618530273,,,,,"{""1stEdition"": {""low"": 0.95, ""mid"": 1.73, ""high"": 19.26, ""market"": 1.76, ""directLow"": 1.49}}",1.0381,0.0231,1.165,0.0,0.46140000224113464,0.7036,1.0035,0.2768,0.3576,0.3576,1.1535,2026-08-09
ex4-60,Team Magma's Baltoy,normal,Team Magma vs Team Aqua,60,Common,Atsuko Ujiie,Basic,343,Pokémon,2004/03/01,"tcgplayer,cardmarket",https://prices.pokemontcg.io/tcgplayer/ex4-60,https://images.pokemontcg.io/ex4/60_hires.png,2026/08/08,2026/02/19,0.47,0.10000000149011612,0.4699999988079071,20.479999542236328,,9.06,,,,0.1961,0.0231,0.2422,0.0,0.09229999780654907,0.2307,0.2192,10.3238,8.8704,3.6566,1.1535,2026-08-09
swsh1-59,Inteleon,normal,Sword & Shield,59,Rare,Akira Komayama,Stage 2,818,Pokémon,2020/02/07,"tcgplayer,cardmarket",https://prices.pokemontcg.io/tcgplayer/swsh1-59,https://images.pokemontcg.io/swsh1/59_hires.png,2026/08/08,2026/02/01,0.34,0.14000000059604645,0.3400000035762787,5.0,,0.53,,,,0.4729,0.0231,0.5421,1.0612,0.3921999931335449,0.5075,0.5883,1.1535,0.819,0.9805,1.1535,2026-08-09
pl1-59,Prinplup,normal,Platinum,59,Uncommon,Mitsuhiro Arita,Stage 1,394,Pokémon,2009/02/11,"tcgplayer,cardmarket",https://prices.pokemontcg.io/tcgplayer/pl1-59,https://images.pokemontcg.io/pl1/59_hires.png,2026/08/08,2026/02/19,1.03,0.49000000953674316,1.0,96.87999725341797,,6.43,,,,0.4268,0.0346,0.4729,5.4215,0.13840000331401825,0.4499,0.5306,2.8722,2.2032,1.7187,1.1535,2026-08-09
xy7-60,Goodra,holofoil,Ancient Origins,60,Rare Holo,Saya Tsuruta,Stage 2,706,Pokémon,2015/08/12,"tcgplayer,cardmarket",https://prices.pokemontcg.io/tcgplayer/xy7-60,https://images.pokemontcg.io/xy7/60_hires.png,2026/08/08,2026/02/01,1.7,0.5,1.5,96.94999694824219,,2.5,,,,1.2227,0.1154,1.4303,0.0,2.2955000400543213,1.2342,1.3957,1.3842,1.9148,1.7995,1.1535,2026-08-09
swsh35-62,Professor's Research (Professor Magnolia),holofoil,Champion's Path,62,Rare Holo,Yusuke Ohmura,Supporter,,Trainer,2020/09/25,"tcgplayer,cardmarket",https://prices.pokemontcg.io/tcgplayer/swsh35-62,https://images.pokemontcg.io/swsh35/62_hires.png,2026/08/08,2026/02/19,0.04,0.009999999776482582,0.25,999.989990234375,,0.22,,,,0.1615,0.0231,0.3691,0.346,0.36910000443458557,0.3345,0.1615,0.0577,0.5883,0.3691,1.1535,2026-08-09
bw2-51,Boldore,normal,Emerging Powers,51,Uncommon,Kouki Saitou,Stage 1,525,Pokémon,2011/08/31,"tcgplayer,cardmarket",https://prices.pokemontcg.io/tcgplayer/bw2-51,https://images.pokemontcg.io/bw2/51_hires.png,2026/08/08,2026/02/21,0.3,0.05000000074505806,0.33000001311302185,19.979999542236328,,0.5,,,,0.2307,0.0231,0.2192,0.8074,0.05770000070333481,0.1961,0.2076,0.8997,0.7152,0.5883,1.1535,2026-08-09
base6-53,Meowth,normal,Legendary Collection,53,Uncommon,Mitsuhiro Arita,Basic,52,Pokémon,2002/05/24,"tcgplayer,cardmarket",https://prices.pokemontcg.io/tcgplayer/base6-53,https://images.pokemontcg.io/base6/53_hires.png,2026/08/08,2026/06/21,2.88,1.0,2.640000104904175,31.399999618530273,,79.99,,,,15.8606,0.2307,19.0328,109.5248,2.8606998920440674,20.4169,9.4702,155.7225,87.3776,69.9713,1.1535,2026-08-09
ex12-63,Shuppet,normal,Legend Maker,63,Common,Mitsuhiro Arita,Basic,353,Pokémon,2006/02/01,"tcgplayer,cardmarket",https://prices.pokemontcg.io/tcgplayer/ex12-63,https://images.pokemontcg.io/ex12/63_hires.png,2026/08/08,2026/02/04,0.52,0.11999999731779099,0.4300000071525574,18.420000076293945,,17.42,,,,0.2768,0.0231,0.2999,6.5288,0.08070000261068344,0.173,0.2538,3.4605,4.7755,4.7755,1.1535,2026-08-09
neo2-51,Unown [U],unlimited,Neo Discovery,51,Uncommon,CR CG gangs,Basic,201,Pokémon,2001/06/01,"tcgplayer,cardmarket",https://prices.pokemontcg.io/tcgplayer/neo2-51,https://images.pokemontcg.io/neo2/51_hires.png,2026/08/08,2026/06/21,2.21,0.6499999761581421,2.009999990463257,24.799999237060547,,,,,"{""1stEdition"": {""low"": 2.45, ""mid"": 18.99, ""high"": 96.39, ""market"": 4.5, ""directLow"": 18.99}}",1.165,0.0923,0.9459,0.0,0.9574000239372253,1.1074,1.2804,0.0,0.0,0.0,1.1535,2026-08-09
hgss2-58,Poliwag,normal,HS—Unleashed,58,Common,Naoyo Kimura,Basic,60,Pokémon,2010/05/12,"tcgplayer,cardmarket",https://prices.pokemontcg.io/tcgplayer/hgss2-58,https://images.pokemontcg.io/hgss2/58_hires.png,2026/08/08,2026/02/19,0.43,0.20000000298023224,0.4000000059604645,19.31999969482422,,5.63,,,,6.921,3.4605,6.4711,0.0,7.64769983291626,6.7364,4.4294,2.8838,5.6291,4.7409,1.1535,2026-08-09
bw8-58,Weezing,holofoil,Plasma Storm,58,Rare Holo,5ban Graphics,Stage 1|Team Plasma,110,Pokémon,2013/02/06,"tcgplayer,cardmarket",https://prices.pokemontcg.io/tcgplayer/bw8-58,https://images.pokemontcg.io/bw8/58_hires.png,2026/08/08,2026/02/19,2.81,1.6699999570846558,3.559999942779541,35.29999923706055,,6.21,,,,2.307,0.2192,1.8341,1.7302,0.4499000012874603,2.0648,1.9033,2.8838,2.1801,2.457,1.1535,2026-08-09
swshp-SWSH051,Lapras,holofoil,SWSH Black Star Promos,SWSH051,Promo,Megumi Higuchi,Basic,131,Pokémon,2019/11/15,"tcgplayer,cardmarket",https://prices.pokemontcg.io/tcgplayer/swshp-SWSH051,https://images.pokemontcg.io/swshp/SWSH051_hires.png,2026/08/08,2026/02/04,7.45,5.949999809265137,7.699999809265137,96.94999694824219,,,,,,2.7223,0.5652,3.5989,0.0,8.651200294494629,4.1641,2.4224,1.142,0.9805,1.1881,1.1535,2026-08-09
ex9-58,Numel,normal,Emerald,58,Common,Masakazu Fukuda,Basic,322,Pokémon,2005/05/01,"tcgplayer,cardmarket",https://prices.pokemontcg.io/tcgplayer/ex9-58,https://images.pokemontcg.io/ex9/58_hires.png,2026/08/08,2026/02/21,0.68,0.30000001192092896,0.6800000071525574,19.979999542236328,,30.89,,,,0.2076,0.0231,0.2538,6.6326,0.17299999296665192,0.2884,0.2192,1.1535,4.764,6.252,1.1535,2026-08-09
gym1-59,Sabrina's Jynx,unlimited,Gym Heroes,59,Uncommon,Ken Sugimori,Basic,124,Pokémon,2000/08/14,"tcgplayer,cardmarket",https://prices.pokemontcg.io/tcgplayer/gym1-59,https://images.pokemontcg.io/gym1/59_hires.png,2026/08/08,2026/03/08,4.2,0.5,4.130000114440918,998.739990234375,,,,,"{""1stEdition"": {""low"": 4.86, ""mid"": 9.44, ""high"": 99.9, ""market"": 7.89, ""directLow"": null}}",3.5066,0.4037,3.8065,0.0,4.3256001472473145,3.4951,3.6105,0.0,0.0,0.0,1.1535,2026-08-09
ex14-56,Meditite,normal,Crystal Guardians,56,Common,Hisao Nakamura,Basic,307,Pokémon,2006/08/01,"tcgplayer,cardmarket",https://prices.pokemontcg.io/tcgplayer/ex14-56,https://images.pokemontcg.io/ex14/56_hires.png,2026/08/08,2026/02/21,0.4,0.10000000149011612,0.3499999940395355,19.979999542236328,,11.55,,,,0.1961,0.0231,0.4268,3.0222,0.20759999752044678,0.4268,0.2422,1.7187,3.1606,3.7489,1.1535,2026-08-09
dp7-51,Skarmory,normal,Stormfront,51,Uncommon,Kagemaru Himeno,Basic,227,Pokémon,2008/11/01,"tcgplayer,cardmarket",https://prices.pokemontcg.io/tcgplayer/dp7-51,https://images.pokemontcg.io/dp7/51_hires.png,2026/08/08,2026/02/19,0.39,0.20000000298023224,0.3499999940395355,19.979999542236328,,2.95,,,,0.2538,0.0231,0.4614,0.8651,0.23070000112056732,0.3114,0.3114,1.0958,0.9689,0.8651,1.1535,2026-08-09
xy8-54,Magnezone,holofoil,BREAKthrough,54,Rare Holo,Hajime Kusajima,Stage 2,462,Pokémon,2015/11/04,"tcgplayer,cardmarket",https://prices.pokemontcg.io/tcgplayer/xy8-54,https://images.pokemontcg.io/xy8/54_hires.png,2026/08/08,2026/02/19,0.94,0.3499999940395355,0.9100000262260437,19.979999542236328,,1.06,,,,1.2342,0.1154,1.0958,1.7649,0.6344000101089478,1.2227,0.9113,1.7649,1.3035,1.5226,1.1535,2026-08-09
xy1-59,Dugtrio,normal,XY,59,Rare,Toyste Beach,Stage 1,51,Pokémon,2014/02/05,"tcgplayer,cardmarket",https://prices.pokemontcg.io/tcgplayer/xy1-59,https://images.pokemontcg.io/xy1/59_hires.png,2026/08/08,2026/02/04,0.36,0.10000000149011612,0.3700000047683716,19.989999771118164,,0.63,,,,0.3691,0.0461,0.2768,0.8651,0.05770000070333481,0.3114,0.346,1.1535,0.8074,1.0035,1.1535,2026-08-09
neo3-53,Slugma,unlimited,Neo Revelation,53,Common,Kagemaru Himeno,Basic,218,Pokémon,2001/09/21,"tcgplayer,cardmarket",https://prices.pokemontcg.io/tcgplayer/neo3-53,https://images.pokemontcg.io/neo3/53_hires.png,2026/08/08,2026/06/21,0.57,0.3199999928474426,0.5699999928474426,20.540000915527344,,,,,"{""1stEdition"": {""low"": 0.99, ""mid"": 1.99, ""high"": 19.98, ""market"": 2.01, ""directLow"": null}}",1.4073,0.0231,1.1766,0.0,0.5306000113487244,0.5998,1.1881,0.0,0.0,0.0,1.1535,2026-08-09
ex6-55,Bulbasaur,normal,FireRed & LeafGreen,55,Common,Hajime Kusajima,Basic,1,Pokémon,2004/09/01,"tcgplayer,cardmarket",https://prices.pokemontcg.io/tcgplayer/ex6-55,https://images.pokemontcg.io/ex6/55_hires.png,2026/08/08,2026/02/21,6.13,1.9900000095367432,5.670000076293945,34.9900016784668,,85.3,,,,1.4765,0.0577,0.7267,16.149,1.1073999404907227,0.819,1.1535,13.842,17.4525,23.3353,1.1535,2026-08-09
base3-61,Recycle,unlimited,Fossil,61,Common,Keiji Kinebuchi,,,Trainer,1999/10/10,"tcgplayer,cardmarket",https://prices.pokemontcg.io/tcgplayer/base3-61,https://images.pokemontcg.io/base3/61_hires.png,2026/08/08,2026/06/21,0.33,0.07000000029802322,0.33000001311302185,9999.0,,,,,"{""1stEdition"": {""low"": 0.15, ""mid"": 0.88, ""high"": 19.99, ""market"": 0.96, ""directLow"": 0.61}}",0.4499,0.0231,0.4614,0.0,0.20759999752044678,0.4037,0.4614,0.346,0.346,0.346,1.1535,2026-08-09
hgss1-65,Growlithe,normal,HeartGold & SoulSilver,65,Common,Naoki Saito,Basic,58,Pokémon,2010/02/10,"tcgplayer,cardmarket",https://prices.pokemontcg.io/tcgplayer/hgss1-65,https://images.pokemontcg.io/hgss1/65_hires.png,2026/08/08,2026/02/01,5.16,2.299999952316284,4.78000020980835,22.959999084472656,,45.98,,,,0.4037,0.0231,0.4153,2.8838,0.05770000070333481,0.496,0.4153,1.7302,4.96,3.1145,1.1535,2026-08-09
ex1-48,Wailmer,normal,Ruby & Sapphire,48,Uncommon,Mitsuhiro Arita,Basic,320,Pokémon,2003/07/01,"tcgplayer,cardmarket",https://prices.pokemontcg.io/tcgplayer/ex1-48,https://images.pokemontcg.io/ex1/48_hires.png,2026/08/08,2026/06/21,1.37,0.5699999928474426,1.3899999856948853,96.94999694824219,,19.47,,,,0.8074,0.0577,0.6575,26.2306,0.9574000239372253,0.7036,0.7382,6.921,18.2945,7.59,1.1535,2026-08-09
ex2-53,Volbeat,normal,Sandstorm,53,Uncommon,Kyoko Umemoto,Basic,313,Pokémon,2003/09/18,"tcgplayer,cardmarket",https://prices.pokemontcg.io/tcgplayer/ex2-53,https://images.pokemontcg.io/ex2/53_hires.png,2026/08/08,2026/02/21,2.09,1.350000023841858,2.990000009536743,26.700000762939453,,20.5,,,,1.0151,0.0231,1.0266,3.7489,0.9228000044822693,0.6229,0.9459,5.7675,2.7107,3.0914,1.1535,2026-08-09
sm1-56,Crobat,holofoil,Sun & Moon,56,Rare Holo,DemizuPosuka,Stage 2,169,Pokémon,2017/02/03,"tcgplayer,cardmarket",https://prices.pokemontcg.io/tcgplayer/sm1-56,https://images.pokemontcg.io/sm1/56_hires.png,2026/08/08,2026/02/04,0.44,0.20000000298023224,0.46000000834465027,19.239999771118164,,0.82,,,,0.9689,0.0231,0.9805,0.9805,1.1419999599456787,0.819,0.9113,1.0958,0.9689,0.8997,1.1535,2026-08-09
ex3-59,Houndour,normal,Dragon,59,Common,Hajime Kusajima,Basic,228,Pokémon,2003/11/24,"tcgplayer,cardmarket",https://prices.pokemontcg.io/tcgplayer/ex3-59,https://images.pokemontcg.io/ex3/59_hires.png,2026/08/08,2026/02/22,2.93,2.0,3.3499999046325684,28.549999237060547,,15.91,,,,0.6921,0.0231,1.638,2.2147,4.613999843597412,0.9805,0.7844,4.0257,1.8456,2.4339,1.1535,2026-08-09
bw6-57,Gothitelle,normal,Dragons Exalted,57,Rare,Akira Komayama,Stage 2,576,Pokémon,2012/08/15,"tcgplayer,cardmarket",https://prices.pokemontcg.io/tcgplayer/bw6-57,https://images.pokemontcg.io/bw6/57_hires.png,2026/08/08,2026/02/04,0.86,0.30000001192092896,1.0,19.979999542236328,,3.99,,,,0.6344,0.0231,0.669,0.0,0.7498000264167786,0.669,0.6114,1.165,1.488,1.315,1.1535,2026-08-09
ex15-48,Elekid δ,normal,Dragon Frontiers,48,Common,Ken Sugimori,Basic,239,Pokémon,2006/11/01,"tcgplayer,cardmarket",https://prices.pokemontcg.io/tcgplayer/ex15-48,https://images.pokemontcg.io/ex15/48_hires.png,2026/08/08,2026/03/11,1.16,0.27000001072883606,0.949999988079071,19.989999771118164,,22.43,,,,0.5306,0.0231,0.7728,6.4827,1.153499960899353,0.8536,0.5767,14.9378,7.1978,5.433,1.1535,2026-08-09
sm11-53,Tapu Fini,normal,Unified Minds,53,Rare,Hasuno,Basic,788,Pokémon,2019/08/02,"tcgplayer,cardmarket",https://prices.pokemontcg.io/tcgplayer/sm11-53,https://images.pokemontcg.io/sm11/53_hires.png,2026/08/08,2026/02/19,0.66,0.25,0.6499999761581421,29.989999771118164,,0.92,,,,0.819,0.0807,0.7613,1.0728,1.7302000522613525,0.6344,0.7267,3.3336,1.5226,1.3265,1.1535,2026-08-09
ex13-59,Baltoy,normal,Holon Phantoms,59,Common,Kagemaru Himeno,Basic,343,Pokémon,2006/05/01,"tcgplayer,cardmarket",https://prices.pokemontcg.io/tcgplayer/ex13-59,https://images.pokemontcg.io/ex13/59_hires.png,2026/08/08,2026/02/19,0.23,0.07000000029802322,0.25,17.420000076293945,,6.26,,,,0.2076,0.0231,0.2076,3.0452,0.13840000331401825,0.1384,0.1961,3.1491,3.0798,2.7684,1.1535,2026-08-09
ecard3-24,Piloswine,reverseHolofoil,Skyridge,24,Rare,Yuka Morii,Stage 1,221,Pokémon,2003/05/12,"tcgplayer,cardmarket",https://prices.pokemontcg.io/tcgplayer/ecard3-24,https://images.pokemontcg.io/ecard3/24_hires.png,2026/08/08,2026/02/22,77.97,110.0,111.0,111.98999786376953,,,,,,6.3212,3.4605,10.4046,56.5215,5.190700054168701,11.0967,11.6734,17.0603,26.4613,14.5226,1.1535,2026-08-09
ecard2-33,Slowbro,normal,Aquapolis,33,Rare,Aya Kusube,Stage 1,80,Pokémon,2003/01/15,"tcgplayer,cardmarket",https://prices.pokemontcg.io/tcgplayer/ecard2-33,https://images.pokemontcg.io/ecard2/33_hires.png,2026/08/08,2026/02/21,98.15,99.98999786376953,99.98999786376953,150.0,,212.5,,,,11.2466,3.4605,13.2768,32.4941,28.837499618530273,14.165,10.6122,11.535,21.5012,17.3948,1.1535,2026-08-09
bw11-62,Croagunk,normal,Legendary Treasures,62,Common,Sanosuke Sakuma,Basic,453,Pokémon,2013/11/06,"tcgplayer,cardmarket",https://prices.pokemontcg.io/tcgplayer/bw11-62,https://images.pokemontcg.io/bw11/62_hires.png,2026/08/08,2026/02/19,0.25,0.05000000074505806,0.25,1000.0,,0.84,,,,0.2538,0.0346,0.2538,1.1535,0.17299999296665192,0.2076,0.3114,1.1535,1.9033,0.9459,1.1535,2026-08-09
dp4-52,Seviper,normal,Great Encounters,52,Uncommon,Masakazu Fukuda,Basic,336,Pokémon,2008/02/01,"tcgplayer,cardmarket",https://prices.pokemontcg.io/tcgplayer/dp4-52,https://images.pokemontcg.io/dp4/52_hires.png,2026/08/08,2026/02/21,0.52,0.20000000298023224,0.5199999809265137,19.979999542236328,,3.0,,,,0.3576,0.0231,0.2768,1.5572,0.17299999296665192,0.2076,0.3114,0.4037,1.142,0.992,1.1535,2026-08-09
pl4-60,Cherubi,normal,Arceus,60,Common,Yuka Morii,Basic,420,Pokémon,2009/11/04,"tcgplayer,cardmarket",https://prices.pokemontcg.io/tcgplayer/pl4-60,https://images.pokemontcg.io/pl4/60_hires.png,2026/08/08,2026/02/19,2.0,0.8700000047683716,1.1399999856948853,19.040000915527344,,14.18,,,,0.2538,0.0231,0.2422,0.0,0.12690000236034393,0.2307,0.2192,0.4614,9.9662,3.1721,1.1535,2026-08-09
base2-50,Cubone,unlimited,Jungle,50,Common,Mitsuhiro Arita,Basic,104,Pokémon,1999/06/16,"tcgplayer,cardmarket",https://prices.pokemontcg.io/tcgplayer/base2-50,https://images.pokemontcg.io/base2/50_hires.png,2026/08/08,2026/06/21,2.51,0.10000000149011612,1.0,25.0,,,,,"{""1stEdition"": {""low"": 4.4, ""mid"": 9.99, ""high"": 96.95, ""market"": 9.6, ""directLow"": 5.16}}",1.8456,0.0231,1.9379,0.0,0.8305000066757202,0.8997,1.9148,1.7302,0.5306,0.5306,1.1535,2026-08-09
swsh4-55,Joltik,normal,Vivid Voltage,55,Common,Sumiyoshi Kizuki,Basic,595,Pokémon,2020/11/13,"tcgplayer,cardmarket",https://prices.pokemontcg.io/tcgplayer/swsh4-55,https://images.pokemontcg.io/swsh4/55_hires.png,2026/08/08,2026/02/19,0.22,0.019999999552965164,0.20000000298023224,25.219999313354492,,0.24,,,,0.0346,0.0231,0.0692,0.2999,0.023099999874830246,0.0692,0.0577,1.142,0.4499,0.3576,1.1535,2026-08-09
neo1-52,Xatu,unlimited,Neo Genesis,52,Uncommon,Ken Sugimori,Stage 1,178,Pokémon,2000/12/16,"tcgplayer,cardmarket",https://prices.pokemontcg.io/tcgplayer/neo1-52,https://images.pokemontcg.io/neo1/52_hires.png,2026/08/08,2026/06/21,1.77,0.4000000059604645,1.0499999523162842,21.770000457763672,,,,,"{""1stEdition"": {""low"": 1.12, ""mid"": 2.24, ""high"": 34.1, ""market"": 2.6, ""directLow"": null}}",0.9459,0.0577,1.0497,0.0,0.8421000242233276,1.0843,0.9574,2.8261,3.5528,3.5528,1.1535,2026-08-09
bw9-59,Mankey,normal,Plasma Freeze,59,Common,Kagemaru Himeno,Basic,56,Pokémon,2013/05/08,"tcgplayer,cardmarket",https://prices.pokemontcg.io/tcgplayer/bw9-59,https://images.pokemontcg.io/bw9/59_hires.png,2026/08/08,2026/02/04,0.33,0.10000000149011612,0.30000001192092896,23.489999771118164,,2.41,,,,0.3576,0.0231,0.2768,0.2076,0.12690000236034393,0.2076,0.2307,0.8536,1.0151,0.6114,1.1535,2026-08-09
xy2-67,Spritzee,normal,Flashfire,67,Common,5ban Graphics,Basic,682,Pokémon,2014/05/07,"tcgplayer,cardmarket",https://prices.pokemontcg.io/tcgplayer/xy2-67,https://images.pokemontcg.io/xy2/67_hires.png,2026/08/08,2026/02/01,0.24,0.05000000074505806,0.25,19.979999542236328,,0.58,,,,0.1961,0.0231,0.1961,0.4499,0.23070000112056732,0.1846,0.1269,0.5306,0.4499,0.4037,1.1535,2026-08-09
xy3-48,Hitmonchan,normal,Furious Fists,48,Uncommon,match,Basic,107,Pokémon,2014/08/13,"tcgplayer,cardmarket",https://prices.pokemontcg.io/tcgplayer/xy3-48,https://images.pokemontcg.io/xy3/48_hires.png,2026/08/08,2026/02/22,0.33,0.11999999731779099,0.30000001192092896,1000.0,,0.53,,,,0.2422,0.0231,0.2192,0.7498,0.09229999780654907,0.2307,0.2192,0.5767,1.3265,1.0381,1.1535,2026-08-09
xy4-54,Mightyena,normal,Phantom Forces,54,Rare,Sanosuke Sakuma,Stage 1,262,Pokémon,2014/11/05,"tcgplayer,cardmarket",https://prices.pokemontcg.io/tcgplayer/xy4-54,https://images.pokemontcg.io/xy4/54_hires.png,2026/08/08,2026/02/04,0.78,0.23999999463558197,0.6499999761581421,19.979999542236328,,1.24,,,,0.496,0.1615,0.5306,1.4765,0.7498000264167786,0.5767,0.4845,1.0958,1.0381,1.0497,1.1535,2026-08-09
dp1-61,Riolu,normal,Diamond & Pearl,61,Uncommon,Ken Sugimori,Basic,447,Pokémon,2007/05/01,"tcgplayer,cardmarket",https://prices.pokemontcg.io/tcgplayer/dp1-61,https://images.pokemontcg.io/dp1/61_hires.png,2026/08/08,2026/02/19,1.16,0.44999998807907104,1.0,19.979999542236328,,11.75,,,,0.7498,0.0231,0.7959,1.8917,1.3265000581741333,0.7728,1.2804,1.1535,1.8225,1.6726,1.1535,2026-08-09
bw1-56,Duosion,normal,Black & White,56,Uncommon,Shin Nagasawa,Stage 1,578,Pokémon,2011/04/25,"tcgplayer,cardmarket",https://prices.pokemontcg.io/tcgplayer/bw1-56,https://images.pokemontcg.io/bw1/56_hires.png,2026/08/08,2026/02/19,0.53,0.23999999463558197,0.5299999713897705,19.979999542236328,,3.07,,,,0.3807,0.0231,0.346,1.2689,0.3345000147819519,0.2884,0.3691,0.7959,1.0958,1.0958,1.1535,2026-08-09
bw10-63,Shelgon,normal,Plasma Blast,63,Uncommon,Akira Komayama,Stage 1,372,Pokémon,2013/08/14,"tcgplayer,cardmarket",https://prices.pokemontcg.io/tcgplayer/bw10-63,https://images.pokemontcg.io/bw10/63_hires.png,2026/08/08,2026/02/04,0.51,0.20000000298023224,0.4000000059604645,19.979999542236328,,0.75,,,,0.3691,0.0577,0.3807,0.0,0.1615000069141388,0.323,0.3114,0.9228,0.9459,0.9343,1.1535,2026-08-09
bw3-54,Elgyem,normal,Noble Victories,54,Common,sui,Basic,605,Pokémon,2011/11/16,"tcgplayer,cardmarket",https://prices.pokemontcg.io/tcgplayer/bw3-54,https://images.pokemontcg.io/bw3/54_hires.png,2026/08/08,2026/02/19,0.32,0.15000000596046448,0.3499999940395355,1.6200000047683716,,4.16,,,,0.1384,0.0231,0.1846,0.0,0.11540000140666962,0.1269,0.4383,0.4383,1.0035,0.7152,1.1535,2026-08-09
xy9-51,Hypno,normal,BREAKpoint,51,Rare,Tomokazu Komiya,Stage 1,97,Pokémon,2016/02/03,"tcgplayer,cardmarket",https://prices.pokemontcg.io/tcgplayer/xy9-51,https://images.pokemontcg.io/xy9/51_hires.png,2026/08/08,2026/02/04,8.08,3.5899999141693115,7.539999961853027,13.4399995803833,,24.73,,,,1.0958,0.1038,1.3727,5.8482,0.19609999656677246,1.8917,1.3842,15.5723,5.9982,4.2564,1.1535,2026-08-09
g1-45,Golem,holofoil,Generations,45,Rare Holo,Hasuno,Stage 2,76,Pokémon,2016/02/22,"tcgplayer,cardmarket",https://prices.pokemontcg.io/tcgplayer/g1-45,https://images.pokemontcg.io/g1/45_hires.png,2026/08/08,2026/02/22,1.89,0.8899999856948853,1.9500000476837158,34.9900016784668,,2.1,,,,2.4224,0.4614,1.7995,4.2564,2.2955000400543213,2.0648,2.2839,5.756,5.3868,4.7409,1.1535,2026-08-09
swsh2-54,Eiscue,holofoil,Rebel Clash,54,Rare Holo,Kagemaru Himeno,Basic,875,Pokémon,2020/05/01,"tcgplayer,cardmarket",https://prices.pokemontcg.io/tcgplayer/swsh2-54,https://images.pokemontcg.io/swsh2/54_hires.png,2026/08/08,2026/02/01,0.34,0.05000000074505806,0.36000001430511475,17.31999969482422,,0.61,,,,0.4383,0.0231,0.2768,0.6229,0.20759999752044678,0.2192,0.2884,0.4037,0.6229,0.6229,1.1535,2026-08-09
pl3-54,Chatot G,normal,Supreme Victors,54,Uncommon,Yusuke Ishikawa,Basic|SP,441,Pokémon,2009/08/19,"tcgplayer,cardmarket",https://prices.pokemontcg.io/tcgplayer/pl3-54,https://images.pokemontcg.io/pl3/54_hires.png,2026/08/08,2026/02/19,1.17,0.6499999761581421,1.1200000047683716,19.979999542236328,,3.18,,,,0.646,0.0231,0.5998,0.0,0.911300003528595,0.6921,0.6575,1.1535,1.5572,1.3611,1.1535,2026-08-09
sm75-57,Swablu,normal,Dragon Majesty,57,Common,Shibuzoh.,Basic,333,Pokémon,2018/09/07,"tcgplayer,cardmarket",https://prices.pokemontcg.io/tcgplayer/sm75-57,https://images.pokemontcg.io/sm75/57_hires.png,2026/08/08,2026/02/04,0.57,0.23000000417232513,0.5699999928474426,19.979999542236328,,3.89,,,,0.2422,0.0231,0.2768,5.756,0.10379999876022339,0.1961,0.346,2.307,3.0798,2.3301,1.1535,2026-08-09
dp6-55,Gliscor,normal,Legends Awakened,55,Uncommon,Ken Sugimori,Stage 1,472,Pokémon,2008/08/01,"tcgplayer,cardmarket",https://prices.pokemontcg.io/tcgplayer/dp6-55,https://images.pokemontcg.io/dp6/55_hires.png,2026/08/08,2026/02/21,0.48,0.25,0.4399999976158142,18.299999237060547,,2.61,,,,0.2422,0.0577,0.4383,1.9148,0.7843999862670898,0.4845,0.3576,1.1535,1.638,1.6264,1.1535,2026-08-09
bw7-60,Grumpig,normal,Boundaries Crossed,60,Rare,Kouki Saitou,Stage 1,326,Pokémon,2012/11/07,"tcgplayer,cardmarket",https://prices.pokemontcg.io/tcgplayer/bw7-60,https://images.pokemontcg.io/bw7/60_hires.png,2026/08/08,2026/02/04,0.46,0.20000000298023224,0.4300000071525574,19.979999542236328,,1.15,,,,0.5998,0.0231,0.5306,1.0958,0.8651000261306763,0.5306,0.4614,1.0381,1.1996,1.0612,1.1535,2026-08-09
bw5-52,Cofagrigus,normal,Dark Explorers,52,Rare,kawayoo,Stage 1,563,Pokémon,2012/05/09,"tcgplayer,cardmarket",https://prices.pokemontcg.io/tcgplayer/bw5-52,https://images.pokemontcg.io/bw5/52_hires.png,2026/08/08,2026/02/19,1.34,0.6000000238418579,1.3700000047683716,27.100000381469727,,1.56,,,,1.0612,0.0231,1.3035,1.5572,2.306999921798706,0.8536,0.9574,0.5767,2.653,1.6841,1.1535,2026-08-09
ex10-59,Hoothoot,normal,Unseen Forces,59,Common,Mitsuhiro Arita,Basic,163,Pokémon,2005/08/01,"tcgplayer,cardmarket",https://prices.pokemontcg.io/tcgplayer/ex10-59,https://images.pokemontcg.io/ex10/59_hires.png,2026/08/08,2026/02/22,0.32,0.09000000357627869,0.3499999940395355,19.979999542236328,,19.98,,,,0.4153,0.0231,0.2999,3.0452,0.23070000112056732,0.2538,0.323,3.4605,3.8181,5.9867,1.1535,2026-08-09
dp3-62,Roselia,normal,Secret Wonders,62,Uncommon,Kouki Saitou,Basic,315,Pokémon,2007/11/01,"tcgplayer,cardmarket",https://prices.pokemontcg.io/tcgplayer/dp3-62,https://images.pokemontcg.io/dp3/62_hires.png,2026/08/08,2026/02/19,0.47,0.20000000298023224,0.3799999952316284,19.979999542236328,,1.62,,,,0.1846,0.0461,0.1846,0.6344,0.5536999702453613,0.2192,0.2884,0.6344,0.9689,0.8305,1.1535,2026-08-09
ex5-51,Tentacruel,normal,Hidden Legends,51,Uncommon,Hisao Nakamura,Stage 1,73,Pokémon,2004/06/01,"tcgplayer,cardmarket",https://prices.pokemontcg.io/tcgplayer/ex5-51,https://images.pokemontcg.io/ex5/51_hires.png,2026/08/08,2026/03/07,0.7,0.3499999940395355,0.699999988079071,96.38999938964844,,15.47,,,,1.0266,0.0231,1.2689,2.1109,1.0266000032424927,1.7187,0.9689,11.4773,4.2333,4.7755,1.1535,2026-08-09
gym2-61,Blaine's Doduo,unlimited,Gym Challenge,61,Common,Ken Sugimori,Basic,84,Pokémon,2000/10/16,"tcgplayer,cardmarket",https://prices.pokemontcg.io/tcgplayer/gym2-61,https://images.pokemontcg.io/gym2/61_hires.png,2026/08/08,2026/02/19,0.65,0.30000001192092896,0.6899999976158142,18.84000015258789,,,,,"{""1stEdition"": {""low"": 1.49, ""mid"": 2.14, ""high"": 34.97, ""market"": 2.14, ""directLow"": 2.64}}",1.661,0.0231,1.8456,0.0,0.8305000066757202,2.2609,1.4765,0.0,0.0,0.0,1.1535,2026-08-09
col1-59,Houndour,normal,Call of Legends,59,Common,Kagemaru Himeno,Basic,228,Pokémon,2011/02/09,"tcgplayer,cardmarket",https://prices.pokemontcg.io/tcgplayer/col1-59,https://images.pokemontcg.io/col1/59_hires.png,2026/08/08,2026/02/19,1.28,0.2199999988079071,0.5099999904632568,2.0,,5.64,,,,0.3691,0.0231,0.3922,1.4303,0.34599998593330383,0.3807,0.4153,0.5767,4.6486,3.3451,1.1535,2026-08-09
dp5-54,Burmy Sandy Cloak,normal,Majestic Dawn,54,Common,Ken Sugimori,Basic,412,Pokémon,2008/05/01,"tcgplayer,cardmarket",https://prices.pokemontcg.io/tcgplayer/dp5-54,https://images.pokemontcg.io/dp5/54_hires.png,2026/08/08,2026/02/19,0.27,0.05000000074505806,0.28999999165534973,19.979999542236328,,1.25,,,,0.2538,0.0231,0.2422,0.5767,0.11540000140666962,0.1384,0.2307,0.5767,0.646,0.6806,1.1535,2026-08-09
smp-SM50,Tapu Koko-GX,holofoil,SM Black Star Promos,SM50,Promo,5ban Graphics,Basic|GX,785,Pokémon,2017/02/03,"tcgplayer,cardmarket",https://prices.pokemontcg.io/tcgplayer/smp-SM50,https://images.pokemontcg.io/smp/SM50_hires.png,2026/08/08,2026/02/19,2.09,1.0,2.109999895095825,9995.9697265625,,,,,,2.1686,0.5767,2.0532,0.0,2.2955000400543213,2.4916,2.0417,2.8722,3.6451,3.299,1.1535,2026-08-09
sm5-58,Giratina ◇,holofoil,Ultra Prism,58,Rare Prism Star,Masakazu Fukuda,Basic|Prism Star,487,Pokémon,2018/02/02,"tcgplayer,cardmarket",https://prices.pokemontcg.io/tcgplayer/sm5-58,https://images.pokemontcg.io/sm5/58_hires.png,2026/08/08,2026/02/01,22.34,10.510000228881836,22.84000015258789,149.25999450683594,,,,,,6.5403,2.2955,6.3327,6.9095,8.051400184631348,7.3478,7.1286,10.3815,6.8633,4.7063,1.1535,2026-08-09
swsh3-53,Dracovish,holofoil,Darkness Ablaze,53,Rare Holo,Hitoshi Ariga,Stage 1,882,Pokémon,2020/08/14,"tcgplayer,cardmarket",https://prices.pokemontcg.io/tcgplayer/swsh3-53,https://images.pokemontcg.io/swsh3/53_hires.png,2026/08/08,2026/02/19,0.95,0.3199999928474426,1.0,19.979999542236328,,1.37,,,,2.2955,0.173,2.2724,1.0035,3.4605000019073486,1.8571,2.2609,5.5368,4.7524,2.976,1.1535,2026-08-09
sma-SV52,Turtonator-GX,holofoil,Hidden Fates Shiny Vault,SV52,Rare Shiny GX,5ban Graphics,Basic|GX,776,Pokémon,2019/08/23,"tcgplayer,cardmarket",https://prices.pokemontcg.io/tcgplayer/sma-SV52,https://images.pokemontcg.io/sma/SV52_hires.png,2026/08/08,2026/02/01,8.02,6.739999771118164,8.550000190734863,95.88999938964844,,,,,,6.9095,4.6025,6.9325,0.0,7.497700214385986,8.6974,7.2555,16.0106,15.3762,17.6139,1.1535,2026-08-09
ex11-58,Bagon δ,normal,Delta Species,58,Common,Hajime Kusajima,Basic,371,Pokémon,2005/10/31,"tcgplayer,cardmarket",https://prices.pokemontcg.io/tcgplayer/ex11-58,https://images.pokemontcg.io/ex11/58_hires.png,2026/08/08,2026/02/19,1.04,0.3799999952316284,0.9900000095367432,19.979999542236328,,57.5,,,,0.5652,0.0577,0.7382,6.5288,0.8073999881744385,0.7498,0.6229,6.3442,8.9858,10.047,1.1535,2026-08-09
xy12-54,Sandshrew,normal,Evolutions,54,Common,Ken Sugimori,Basic,27,Pokémon,2016/11/02,"tcgplayer,cardmarket",https://prices.pokemontcg.io/tcgplayer/xy12-54,https://images.pokemontcg.io/xy12/54_hires.png,2026/08/08,2026/02/04,0.16,0.009999999776482582,0.20999999344348907,5.949999809265137,,0.36,,,,0.0807,0.0231,0.1384,0.5306,0.28839999437332153,0.0923,0.0807,0.173,0.6229,0.6229,1.1535,2026-08-09
bwp-BW46,Darkrai-EX,holofoil,BW Black Star Promos,BW46,Promo,Toyste Beach,Basic|EX,491,Pokémon,2011/03/01,"tcgplayer,cardmarket",https://prices.pokemontcg.io/tcgplayer/bwp-BW46,https://images.pokemontcg.io/bwp/BW46_hires.png,2026/08/08,2026/03/11,29.81,9.489999771118164,31.06999969482422,533.4400024414062,,,,,,8.0284,2.2493,9.3664,0.0,11.765700340270996,7.6938,8.1898,4.764,4.1065,4.4179,1.1535,2026-08-09
sm8-55,Slowking,normal,Lost Thunder,55,Rare,sowsow,Stage 1,199,Pokémon,2018/11/02,"tcgplayer,cardmarket",https://prices.pokemontcg.io/tcgplayer/sm8-55,https://images.pokemontcg.io/sm8/55_hires.png,2026/08/08,2026/02/01,3.01,1.5,2.9800000190734863,49.5,,9.23,,,,1.0958,0.1154,0.7613,4.6025,1.7302000522613525,0.7613,1.0497,4.6025,5.3407,3.3798,1.1535,2026-08-09
hgss4-57,Bellsprout,normal,HS—Triumphant,57,Common,Midori Harada,Basic,69,Pokémon,2010/11/03,"tcgplayer,cardmarket",https://prices.pokemontcg.io/tcgplayer/hgss4-57,https://images.pokemontcg.io/hgss4/57_hires.png,2026/08/08,2026/02/21,0.3,0.15000000596046448,0.3199999928474426,19.979999542236328,,4.99,,,,0.2768,0.0231,0.4037,1.5457,0.911300003528595,0.3114,0.2422,0.5767,1.3957,1.2804,1.1535,2026-08-09
xy5-60,Electrike,normal,Primal Clash,60,Uncommon,Sanosuke Sakuma,Basic,309,Pokémon,2015/02/04,"tcgplayer,cardmarket",https://prices.pokemontcg.io/tcgplayer/xy5-60,https://images.pokemontcg.io/xy5/60_hires.png,2026/08/08,2026/02/19,0.37,0.18000000715255737,0.4000000059604645,12.989999771118164,,2.51,,,,0.6575,0.0346,1.1074,3.4259,2.8722000122070312,0.9343,0.7728,1.1535,2.1801,1.661,1.1535,2026-08-09
sm7-59,Spoink,normal,Celestial Storm,59,Common,MAHOU,Basic,325,Pokémon,2018/08/03,"tcgplayer,cardmarket",https://prices.pokemontcg.io/tcgplayer/sm7-59,https://images.pokemontcg.io/sm7/59_hires.png,2026/08/08,2026/01/21,0.24,0.05000000074505806,0.25,19.979999542236328,,0.46,,,,0.1038,0.0231,0.1038,0.3576,0.17299999296665192,0.1269,0.0923,0.2307,0.3807,0.346,1.1535,2026-08-09
dp2-53,Lairon,normal,Mysterious Treasures,53,Uncommon,Midori Harada,Stage 1,305,Pokémon,2007/08/01,"tcgplayer,cardmarket",https://prices.pokemontcg.io/tcgplayer/dp2-53,https://images.pokemontcg.io/dp2/53_hires.png,2026/08/08,2026/02/22,0.61,0.20000000298023224,0.5,4.989999771118164,,4.03,,,,0.4153,0.0231,0.4268,1.1535,0.11540000140666962,0.2538,0.346,1.7302,3.1721,2.0532,1.1535,2026-08-09
sm9-61,Tentacruel,normal,Team Up,61,Uncommon,kodama,Stage 1,73,Pokémon,2019/02/01,"tcgplayer,cardmarket",https://prices.pokemontcg.io/tcgplayer/sm9-61,https://images.pokemontcg.io/sm9/61_hires.png,2026/08/08,2026/02/01,0.19,0.10000000149011612,0.25,19.979999542236328,,0.42,,,,0.1269,0.0231,0.1154,0.3807,0.04610000178217888,0.15,0.1269,0.496,0.4614,0.5191,1.1535,2026-08-09
ex7-57,Hoppip,normal,Team Rocket Returns,57,Common,Kyoko Umemoto,Basic,187,Pokémon,2004/11/01,"tcgplayer,cardmarket",https://prices.pokemontcg.io/tcgplayer/ex7-57,https://images.pokemontcg.io/ex7/57_hires.png,2026/08/08,2026/02/21,0.51,0.23999999463558197,0.5199999809265137,11.5,,22.52,,,,0.2422,0.0346,0.4153,0.0,0.3921999931335449,0.5075,0.2884,34.605,21.0168,10.1508,1.1535,2026-08-09
sm6-54,Hoopa,normal,Forbidden Light,54,Uncommon,Aya Kusube,Basic,720,Pokémon,2018/05/04,"tcgplayer,cardmarket",https://prices.pokemontcg.io/tcgplayer/sm6-54,https://images.pokemontcg.io/sm6/54_hires.png,2026/08/08,2026/02/01,0.86,0.30000001192092896,0.7799999713897705,19.979999542236328,,3.81,,,,0.2538,0.0231,0.2192,0.9228,0.219200000166893,0.2768,0.2653,1.0958,0.8767,0.7498,1.1535,2026-08-09
sm3-55,Toxicroak,normal,Burning Shadows,55,Rare,kawayoo,Stage 1,454,Pokémon,2017/08/05,"tcgplayer,cardmarket",https://prices.pokemontcg.io/tcgplayer/sm3-55,https://images.pokemontcg.io/sm3/55_hires.png,2026/08/08,2026/02/01,0.28,0.07999999821186066,0.27000001072883606,19.979999542236328,,0.44,,,,0.2192,0.0231,0.173,0.4729,0.17299999296665192,0.1961,0.1961,0.346,0.4153,0.4845,1.1535,2026-08-09
xy10-56,Tyranitar,holofoil,Fates Collide,56,Rare Holo,Satoshi Shirai,Stage 2,248,Pokémon,2016/05/02,"tcgplayer,cardmarket",https://prices.pokemontcg.io/tcgplayer/xy10-56,https://images.pokemontcg.io/xy10/56_hires.png,2026/08/08,2026/02/04,0.8,0.3499999940395355,0.8500000238418579,5.0,,1.84,,,,1.3496,0.0577,1.2919,2.134,1.3265000581741333,1.1074,1.2689,0.5537,1.8571,1.9033,1.1535,2026-08-09
sm35-49,Liepard,normal,Shining Legends,49,Uncommon,kawayoo,Stage 1,510,Pokémon,2017/10/06,"tcgplayer,cardmarket",https://prices.pokemontcg.io/tcgplayer/sm35-49,https://images.pokemontcg.io/sm35/49_hires.png,2026/08/08,2026/02/19,0.1,0.03999999910593033,0.20000000298023224,19.979999542236328,,0.39,,,,0.0923,0.0231,0.0923,0.4037,0.04610000178217888,0.0923,0.0923,0.8074,0.4845,0.3922,1.1535,2026-08-09
hgss3-57,Misdreavus,normal,HS—Undaunted,57,Common,Suwama Chiaki,Basic,200,Pokémon,2010/08/18,"tcgplayer,cardmarket",https://prices.pokemontcg.io/tcgplayer/hgss3-57,https://images.pokemontcg.io/hgss3/57_hires.png,2026/08/08,2026/02/19,0.42,0.20999999344348907,0.38999998569488525,19.979999542236328,,1.18,,,,0.3114,0.0231,0.2999,0.7267,0.23070000112056732,0.2653,0.2653,0.8074,0.8305,1.488,1.1535,2026-08-09
base4-59,Rhydon,normal,Base Set 2,59,Uncommon,Kagemaru Himeno,Stage 1,112,Pokémon,2000/02/24,"tcgplayer,cardmarket",https://prices.pokemontcg.io/tcgplayer/base4-59,https://images.pokemontcg.io/base4/59_hires.png,2026/08/08,2026/02/22,2.05,0.5,1.4600000381469727,16.200000762939453,,,,,,1.6034,0.346,1.315,0.0,0.6575000286102295,1.4303,1.6956,0.4499,0.4499,0.4499,1.1535,2026-08-09
base3-62,Mysterious Fossil,unlimited,Fossil,62,Common,Keiji Kinebuchi,,,Trainer,1999/10/10,"tcgplayer,cardmarket",https://prices.pokemontcg.io/tcgplayer/base3-62,https://images.pokemontcg.io/base3/62_hires.png,2026/08/08,2026/06/21,0.31,0.05000000074505806,0.30000001192092896,9999.0,,,,,"{""1stEdition"": {""low"": 0.2, ""mid"": 0.99, ""high"": 17.78, ""market"": 1.43, ""directLow"": 0.74}}",0.5421,0.0231,0.4845,0.0,0.3230000138282776,0.4499,0.5306,0.346,0.346,0.346,1.1535,2026-08-09
xy11-63,Pawniard,normal,Steam Siege,63,Common,Sumiyoshi Kizuki,Basic,624,Pokémon,2016/08/03,"tcgplayer,cardmarket",https://prices.pokemontcg.io/tcgplayer/xy11-63,https://images.pokemontcg.io/xy11/63_hires.png,2026/08/08,2026/02/19,0.09,0.009999999776482582,0.20000000298023224,4.0,,0.34,,,,0.0807,0.0231,0.0923,0.5767,0.04610000178217888,0.1615,0.0692,0.5652,0.5767,0.4845,1.1535,2026-08-09
sm8-56,Lapras,normal,Lost Thunder,56,Rare,Sekio,Basic,131,Pokémon,2018/11/02,"tcgplayer,cardmarket",https://prices.pokemontcg.io/tcgplayer/sm8-56,https://images.pokemontcg.io/sm8/56_hires.png,2026/08/08,2026/02/01,4.86,1.5399999618530273,3.950000047683716,19.979999542236328,,8.11,,,,1.7995,0.346,1.3381,0.0,0.40369999408721924,1.5457,1.3727,1.142,4.1757,3.6335,1.1535,2026-08-09
sm35-50,Scraggy,normal,Shining Legends,50,Common,Sekio,Basic,559,Pokémon,2017/10/06,"tcgplayer,cardmarket",https://prices.pokemontcg.io/tcgplayer/sm35-50,https://images.pokemontcg.io/sm35/50_hires.png,2026/08/08,2026/02/19,0.15,0.029999999329447746,0.20000000298023224,19.979999542236328,,0.45,,,,0.0692,0.0231,0.0692,0.3691,0.11540000140666962,0.0807,0.0807,0.5767,0.346,0.346,1.1535,2026-08-09
xy2-68,Carbink,holofoil,Flashfire,68,Rare Holo,5ban Graphics,Basic,703,Pokémon,2014/05/07,"tcgplayer,cardmarket",https://prices.pokemontcg.io/tcgplayer/xy2-68,https://images.pokemontcg.io/xy2/68_hires.png,2026/08/08,2026/02/01,0.68,0.3199999928474426,0.699999988079071,39.9900016784668,,1.34,,,,0.7844,0.1154,1.0151,2.457,0.8651000261306763,0.8767,0.7959,0.4037,1.1304,1.1881,1.1535,2026-08-09
xy12-55,Diglett,normal,Evolutions,55,Common,Keiji Kinebuchi,Basic,50,Pokémon,2016/11/02,"tcgplayer,cardmarket",https://prices.pokemontcg.io/tcgplayer/xy12-55,https://images.pokemontcg.io/xy12/55_hires.png,2026/08/08,2026/02/04,0.09,0.009999999776482582,0.20000000298023224,5.949999809265137,,0.43,,,,0.0692,0.0231,0.0923,0.4383,0.1615000069141388,0.0807,0.0692,0.346,0.4037,0.4729,1.1535,2026-08-09
base4-60,Seaking,normal,Base Set 2,60,Uncommon,Kagemaru Himeno,Stage 1,119,Pokémon,2000/02/24,"tcgplayer,cardmarket",https://prices.pokemontcg.io/tcgplayer/base4-60,https://images.pokemontcg.io/base4/60_hires.png,2026/08/08,2026/02/22,1.42,0.25,0.9100000262260437,8.699999809265137,,,,,,0.669,0.0923,0.6344,0.0,0.6920999884605408,0.5191,0.6114,0.5767,0.5767,0.5767,1.1535,2026-08-09
sm6-55,Poipole,normal,Forbidden Light,55,Uncommon,Megumi Mizutani,Basic|Ultra Beast,803,Pokémon,2018/05/04,"tcgplayer,cardmarket",https://prices.pokemontcg.io/tcgplayer/sm6-55,https://images.pokemontcg.io/sm6/55_hires.png,2026/08/08,2026/02/01,1.01,0.25999999046325684,0.949999988079071,2.0299999713897705,,2.47,,,,0.4153,0.0231,0.346,0.496,0.4959999918937683,0.346,0.4037,0.4614,0.7728,0.819,1.1535,2026-08-09
sm12-62,Wishiwashi,holofoil,Cosmic Eclipse,62,Rare Holo,kawayoo,Basic,746,Pokémon,2019/11/01,"tcgplayer,cardmarket",https://prices.pokemontcg.io/tcgplayer/sm12-62,https://images.pokemontcg.io/sm12/62_hires.png,2026/08/08,2026/02/01,3.16,2.0,3.0,33.099998474121094,,3.11,,,,1.9033,0.4037,1.7418,1.7302,1.8341000080108643,1.5572,1.6149,1.1535,1.9148,1.5688,1.1535,2026-08-09
xy4-55,Spiritomb,normal,Phantom Forces,55,Rare,PLANETA,Basic,442,Pokémon,2014/11/05,"tcgplayer,cardmarket",https://prices.pokemontcg.io/tcgplayer/xy4-55,https://images.pokemontcg.io/xy4/55_hires.png,2026/08/08,2026/02/04,0.49,0.1599999964237213,0.5,18.059999465942383,,0.77,,,,0.7613,0.0577,0.6921,0.5767,0.51910001039505,0.7267,0.6229,0.5767,1.2227,1.0497,1.1535,2026-08-09
sm9-62,Grimer,normal,Team Up,62,Common,Ken Sugimori,Basic,88,Pokémon,2019/02/01,"tcgplayer,cardmarket",https://prices.pokemontcg.io/tcgplayer/sm9-62,https://images.pokemontcg.io/sm9/62_hires.png,2026/08/08,2026/02/01,0.17,0.009999999776482582,0.20000000298023224,19.979999542236328,,0.43,,,,0.0807,0.0231,0.0923,0.323,0.03460000082850456,0.0577,0.0807,0.6921,0.323,0.3114,1.1535,2026-08-09
swsh2-55,Eiscue V,holofoil,Rebel Clash,55,Rare Holo V,PLANETA Tsuji,Basic|V,875,Pokémon,2020/05/01,"tcgplayer,cardmarket",https://prices.pokemontcg.io/tcgplayer/swsh2-55,https://images.pokemontcg.io/swsh2/55_hires.png,2026/08/08,2026/02/01,1.27,0.5,1.309999942779541,19.989999771118164,,,,,,1.3611,0.4614,1.2112,0.0,0.7958999872207642,1.6264,1.4303,2.8838,1.8917,2.3531,1.1535,2026-08-09
neo3-54,Smoochum,unlimited,Neo Revelation,54,Common,Atsuko Nishida,Baby,238,Pokémon,2001/09/21,"tcgplayer,cardmarket",https://prices.pokemontcg.io/tcgplayer/neo3-54,https://images.pokemontcg.io/neo3/54_hires.png,2026/08/08,2026/06/21,1.55,0.5,1.149999976158142,23.0,,,,,"{""1stEdition"": {""low"": 2.31, ""mid"": 4.75, ""high"": 95.59, ""market"": 4.93, ""directLow"": 95.59}}",1.2573,0.0231,1.1766,0.0,0.40369999408721924,1.1535,1.0497,0.0,0.0,0.0,1.1535,2026-08-09
dp5-55,Chatot,normal,Majestic Dawn,55,Common,Kagemaru Himeno,Basic,441,Pokémon,2008/05/01,"tcgplayer,cardmarket",https://prices.pokemontcg.io/tcgplayer/dp5-55,https://images.pokemontcg.io/dp5/55_hires.png,2026/08/08,2026/02/19,1.16,0.5,1.0299999713897705,19.979999542236328,,0.1,,,,0.2999,0.0231,0.173,3.4605,0.03460000082850456,0.2192,0.2538,3.4605,2.3185,1.8917,1.1535,2026-08-09
smp-SM51,Alolan Meowth,normal,SM Black Star Promos,SM51,Promo,sui,Basic,52,Pokémon,2017/02/03,"tcgplayer,cardmarket",https://prices.pokemontcg.io/tcgplayer/smp-SM51,https://images.pokemontcg.io/smp/SM51_hires.png,2026/08/08,2026/02/04,9.43,8.989999771118164,13.0,81.88999938964844,24.32,,,,,16.0221,17.1295,17.1064,0.0,16.0221004486084,18.4214,16.6335,23.0123,15.9183,15.3646,1.1535,2026-08-09
sm2-56,Oricorio,normal,Guardians Rising,56,Rare,TOKIYA,Basic,741,Pokémon,2017/05/05,"tcgplayer,cardmarket",https://prices.pokemontcg.io/tcgplayer/sm2-56,https://images.pokemontcg.io/sm2/56_hires.png,2026/08/08,2026/02/01,0.27,0.009999999776482582,0.27000001072883606,19.979999542236328,,0.41,,,,0.4614,0.1154,0.496,0.0,0.23070000112056732,0.3576,0.3691,0.2307,0.2422,0.2653,1.1535,2026-08-09
ex7-58,Horsea,normal,Team Rocket Returns,58,Common,Kagemaru Himeno,Basic,116,Pokémon,2004/11/01,"tcgplayer,cardmarket",https://prices.pokemontcg.io/tcgplayer/ex7-58,https://images.pokemontcg.io/ex7/58_hires.png,2026/08/08,2026/02/21,1.86,0.8500000238418579,1.8899999856948853,19.979999542236328,,37.53,,,,1.0612,0.1038,1.2573,0.0,0.10379999876022339,1.2342,0.9113,4.0257,21.8127,16.5066,1.1535,2026-08-09
bw2-52,Boldore,normal,Emerging Powers,52,Uncommon,Masakazu Fukuda,Stage 1,525,Pokémon,2011/08/31,"tcgplayer,cardmarket",https://prices.pokemontcg.io/tcgplayer/bw2-52,https://images.pokemontcg.io/bw2/52_hires.png,2026/08/08,2026/02/21,0.39,0.15000000596046448,0.3100000023841858,19.979999542236328,,0.51,,,,0.15,0.0231,0.1384,0.669,0.023099999874830246,0.15,0.1269,0.346,0.4499,0.6114,1.1535,2026-08-09
xy5-61,Manectric,holofoil,Primal Clash,61,Rare Holo,Naoki Saito,Stage 1,310,Pokémon,2015/02/04,"tcgplayer,cardmarket",https://prices.pokemontcg.io/tcgplayer/xy5-61,https://images.pokemontcg.io/xy5/61_hires.png,2026/08/08,2026/02/19,0.87,0.28999999165534973,0.8600000143051147,24.989999771118164,,0.92,,,,1.2112,0.173,1.1074,0.0,0.40369999408721924,1.1535,1.1535,1.6726,1.6034,1.2573,1.1535,2026-08-09
pl1-60,Probopass,normal,Platinum,60,Uncommon,Mitsuhiro Arita,Stage 1,476,Pokémon,2009/02/11,"tcgplayer,cardmarket",https://prices.pokemontcg.io/tcgplayer/pl1-60,https://images.pokemontcg.io/pl1/60_hires.png,2026/08/08,2026/02/19,0.41,0.20000000298023224,0.4000000059604645,19.079999923706055,,1.51,,,,0.2884,0.0577,0.3345,1.4419,0.51910001039505,0.2999,0.2999,0.8074,1.165,0.8536,1.1535,2026-08-09
ex2-54,Wynaut,normal,Sandstorm,54,Uncommon,Kagemaru Himeno,Basic,360,Pokémon,2003/09/18,"tcgplayer,cardmarket",https://prices.pokemontcg.io/tcgplayer/ex2-54,https://images.pokemontcg.io/ex2/54_hires.png,2026/08/08,2026/02/21,6.47,5.289999961853027,7.070000171661377,57.099998474121094,,13.04,,,,3.1837,0.4499,2.2378,3.6451,0.46140000224113464,1.5688,2.0878,10.37,4.3602,3.8412,1.1535,2026-08-09
base2-51,Eevee,unlimited,Jungle,51,Common,Kagemaru Himeno,Basic,133,Pokémon,1999/06/16,"tcgplayer,cardmarket",https://prices.pokemontcg.io/tcgplayer/base2-51,https://images.pokemontcg.io/base2/51_hires.png,2026/08/08,2026/06/21,3.26,0.20000000298023224,1.399999976158142,18.700000762939453,,,,,"{""1stEdition"": {""low"": 4.3, ""mid"": 15.31, ""high"": 96.95, ""market"": 15.26, ""directLow"": 10.79}}",3.6797,0.0231,11.2928,0.0,2.2609000205993652,12.7116,4.1526,10.9467,1.4073,1.1074,1.1535,2026-08-09
bwp-BW47,Rayquaza-EX,holofoil,BW Black Star Promos,BW47,Promo,Eske Yoshinob,Basic|EX,384,Pokémon,2011/03/01,"tcgplayer,cardmarket",https://prices.pokemontcg.io/tcgplayer/bwp-BW47,https://images.pokemontcg.io/bwp/BW47_hires.png,2026/08/08,2026/03/07,40.11,22.0,41.90999984741211,1054.0,,,,,,15.6184,2.1916,12.6193,0.0,5.75600004196167,13.8651,13.3691,9.1703,7.6823,5.1215,1.1535,2026-08-09
sm7-60,Grumpig,normal,Celestial Storm,60,Rare,Ken Sugimori,Stage 1,326,Pokémon,2018/08/03,"tcgplayer,cardmarket",https://prices.pokemontcg.io/tcgplayer/sm7-60,https://images.pokemontcg.io/sm7/60_hires.png,2026/08/08,2026/01/21,0.28,0.15000000596046448,0.30000001192092896,19.979999542236328,,0.62,,,,0.1384,0.0231,0.0231,0.4268,0.17299999296665192,0.15,0.3576,0.4499,0.6921,0.7498,1.1535,2026-08-09
dp1-62,Seaking,normal,Diamond & Pearl,62,Uncommon,Atsuko Nishida,Stage 1,119,Pokémon,2007/05/01,"tcgplayer,cardmarket",https://prices.pokemontcg.io/tcgplayer/dp1-62,https://images.pokemontcg.io/dp1/62_hires.png,2026/08/08,2026/02/19,0.44,0.12999999523162842,0.4399999976158142,19.979999542236328,,2.67,,,,0.3345,0.0231,0.3576,0.8074,0.3806999921798706,0.4499,0.4153,1.3842,1.1881,1.3265,1.1535,2026-08-09
bw8-59,Ralts,normal,Plasma Storm,59,Common,Kanako Eo,Basic,280,Pokémon,2013/02/06,"tcgplayer,cardmarket",https://prices.pokemontcg.io/tcgplayer/bw8-59,https://images.pokemontcg.io/bw8/59_hires.png,2026/08/08,2026/02/04,0.84,0.3700000047683716,0.6399999856948853,18.579999923706055,,7.4,,,,0.15,0.0231,0.2538,0.0,0.57669997215271,0.2192,0.2192,2.2493,1.4534,0.8997,1.1535,2026-08-09
ex15-49,Feebas δ,normal,Dragon Frontiers,49,Common,Yukiko Baba,Basic,349,Pokémon,2006/11/01,"tcgplayer,cardmarket",https://prices.pokemontcg.io/tcgplayer/ex15-49,https://images.pokemontcg.io/ex15/49_hires.png,2026/08/08,2026/03/11,0.96,0.30000001192092896,1.0,19.979999542236328,,23.09,,,,0.8997,0.0231,0.4268,3.5874,0.05770000070333481,0.4499,0.7613,5.4791,4.2679,4.6371,1.1535,2026-08-09
pl4-61,Croagunk,normal,Arceus,61,Common,Tomokazu Komiya,Basic,453,Pokémon,2009/11/04,"tcgplayer,cardmarket",https://prices.pokemontcg.io/tcgplayer/pl4-61,https://images.pokemontcg.io/pl4/61_hires.png,2026/08/08,2026/02/19,0.74,0.25999999046325684,0.699999988079071,19.299999237060547,,14.59,,,,0.3345,0.0231,0.346,3.622,0.11540000140666962,0.3922,0.4383,0.346,3.6335,2.0648,1.1535,2026-08-09
xyp-XY50,Pangoro,holofoil,XY Black Star Promos,XY50,Promo,5ban Graphics,Stage 1,675,Pokémon,2013/10/12,"tcgplayer,cardmarket",https://prices.pokemontcg.io/tcgplayer/xyp-XY50,https://images.pokemontcg.io/xyp/XY50_hires.png,2026/08/08,2026/02/19,2.26,1.2300000190734863,2.359999895095825,96.6500015258789,,,,,,1.8917,0.2307,1.8571,0.0,1.2689000368118286,1.8917,1.7879,1.142,1.2458,1.2458,1.1535,2026-08-09
xy3-49,Hitmontop,normal,Furious Fists,49,Uncommon,kawayoo,Basic,237,Pokémon,2014/08/13,"tcgplayer,cardmarket",https://prices.pokemontcg.io/tcgplayer/xy3-49,https://images.pokemontcg.io/xy3/49_hires.png,2026/08/08,2026/02/19,0.27,0.1599999964237213,0.3700000047683716,1000.0,,6.21,,,,0.3345,0.0231,0.3114,1.1535,0.6920999884605408,0.2538,0.323,1.1535,1.3957,1.0266,1.1535,2026-08-09
sm75-58,Blaine's Last Stand,holofoil,Dragon Majesty,58,Rare Holo,Ken Sugimori,Supporter,,Trainer,2018/09/07,"tcgplayer,cardmarket",https://prices.pokemontcg.io/tcgplayer/sm75-58,https://images.pokemontcg.io/sm75/58_hires.png,2026/08/08,2026/02/04,0.34,0.15000000596046448,0.36000001430511475,1.9900000095367432,,0.38,,,,0.5191,0.0577,0.5537,0.646,0.57669997215271,0.5883,0.3922,0.9113,1.1074,0.7267,1.1535,2026-08-09
dp7-52,Staravia,normal,Stormfront,52,Uncommon,Midori Harada,Stage 1,397,Pokémon,2008/11/01,"tcgplayer,cardmarket",https://prices.pokemontcg.io/tcgplayer/dp7-52,https://images.pokemontcg.io/dp7/52_hires.png,2026/08/08,2026/02/19,0.41,0.10000000149011612,0.36000001430511475,19.979999542236328,,0.85,,,,0.1269,0.0231,0.1961,0.8536,0.05770000070333481,0.2422,0.15,0.6114,0.6921,0.5883,1.1535,2026-08-09
bw4-64,Lucario,holofoil,Next Destinies,64,Rare Holo,Naoki Saito,Stage 1,448,Pokémon,2012/02/08,"tcgplayer,cardmarket",https://prices.pokemontcg.io/tcgplayer/bw4-64,https://images.pokemontcg.io/bw4/64_hires.png,2026/08/08,2026/02/19,12.14,6.010000228881836,11.039999961853027,119.0,,12.84,,,,3.472,0.2192,3.1721,2.4108,0.57669997215271,2.2839,3.2644,2.8607,3.2644,3.126,1.1535,2026-08-09
bw3-55,Elgyem,normal,Noble Victories,55,Common,Naoki Saito,Basic,605,Pokémon,2011/11/16,"tcgplayer,cardmarket",https://prices.pokemontcg.io/tcgplayer/bw3-55,https://images.pokemontcg.io/bw3/55_hires.png,2026/08/08,2026/02/19,0.34,0.17000000178813934,0.3400000035762787,19.979999542236328,,3.33,,,,0.2192,0.0231,0.1269,0.346,0.13840000331401825,0.1384,0.1846,0.346,2.5377,1.4419,1.1535,2026-08-09
xy1-60,Rhyhorn,normal,XY,60,Common,MAHOU,Basic,111,Pokémon,2014/02/05,"tcgplayer,cardmarket",https://prices.pokemontcg.io/tcgplayer/xy1-60,https://images.pokemontcg.io/xy1/60_hires.png,2026/08/08,2026/02/04,0.18,0.05999999865889549,0.23999999463558197,17.979999542236328,,0.55,,,,0.1154,0.0231,0.1154,0.0,0.03460000082850456,0.1154,0.0923,0.1269,0.7959,0.7382,1.1535,2026-08-09
xy8-55,Raikou,holofoil,BREAKthrough,55,Rare Holo,Shin Nagasawa,Basic,243,Pokémon,2015/11/04,"tcgplayer,cardmarket",https://prices.pokemontcg.io/tcgplayer/xy8-55,https://images.pokemontcg.io/xy8/55_hires.png,2026/08/08,2026/02/19,3.3,0.9800000190734863,3.0,35.41999816894531,,3.17,,,,4.0026,0.5767,4.3256,7.2786,4.037300109863281,3.795,4.1987,2.8722,7.4055,6.1366,1.1535,2026-08-09
ex3-60,Magikarp,normal,Dragon,60,Common,Kouki Saitou,Basic,129,Pokémon,2003/11/24,"tcgplayer,cardmarket",https://prices.pokemontcg.io/tcgplayer/ex3-60,https://images.pokemontcg.io/ex3/60_hires.png,2026/08/08,2026/02/22,4.75,2.990000009536743,5.0,40.79999923706055,,49.81,,,,1.0266,0.0577,1.2689,11.2005,1.0958000421524048,1.165,1.1304,1.7187,5.2138,4.441,1.1535,2026-08-09
ex6-56,Caterpie,normal,FireRed & LeafGreen,56,Common,Atsuko Nishida,Basic,10,Pokémon,2004/09/01,"tcgplayer,cardmarket",https://prices.pokemontcg.io/tcgplayer/ex6-56,https://images.pokemontcg.io/ex6/56_hires.png,2026/08/08,2026/02/21,1.26,0.49000000953674316,1.149999976158142,19.979999542236328,,30.37,,,,0.3807,0.0231,0.4037,4.8562,0.9919999837875366,0.4268,0.3691,3.795,4.7986,5.3522,1.1535,2026-08-09
base5-55,Eevee,unlimited,Team Rocket,55,Common,Atsuko Nishida,Basic,133,Pokémon,2000/04/24,"tcgplayer,cardmarket",https://prices.pokemontcg.io/tcgplayer/base5-55,https://images.pokemontcg.io/base5/55_hires.png,2026/08/08,2026/06/21,3.07,0.7099999785423279,2.0,88.56999969482422,,,,,"{""1stEdition"": {""low"": 4.97, ""mid"": 9.0, ""high"": 181.93, ""market"": 9.46, ""directLow"": 7.19}}",2.4339,0.0461,1.9956,0.0,2.376199960708618,1.8917,2.0302,3.4605,1.8687,1.8687,1.1535,2026-08-09
ex10-60,Houndour,normal,Unseen Forces,60,Common,Kagemaru Himeno,Basic,228,Pokémon,2005/08/01,"tcgplayer,cardmarket",https://prices.pokemontcg.io/tcgplayer/ex10-60,https://images.pokemontcg.io/ex10/60_hires.png,2026/08/08,2026/02/22,0.89,0.3799999952316284,0.75,19.979999542236328,,50.65,,,,0.3345,0.0231,0.5767,9.1703,0.05770000070333481,0.5421,0.4499,9.1703,7.0133,7.3017,1.1535,2026-08-09
g1-46,Golem-EX,holofoil,Generations,46,Rare Holo EX,Toyste Beach,Basic|EX,76,Pokémon,2016/02/22,"tcgplayer,cardmarket",https://prices.pokemontcg.io/tcgplayer/g1-46,https://images.pokemontcg.io/g1/46_hires.png,2026/08/08,2026/02/22,2.96,1.690000057220459,2.990000009536743,24.950000762939453,,,,,,3.7373,1.0958,4.0142,0.0,4.602499961853027,3.9911,3.4259,4.614,4.0373,3.6335,1.1535,2026-08-09
swsh35-63,Rotom Bike,normal,Champion's Path,63,Uncommon,5ban Graphics,Item,,Trainer,2020/09/25,"tcgplayer,cardmarket",https://prices.pokemontcg.io/tcgplayer/swsh35-63,https://images.pokemontcg.io/swsh35/63_hires.png,2026/08/08,2026/02/19,0.16,0.019999999552965164,0.20000000298023224,2.490000009536743,,0.12,,,,0.0692,0.0231,0.0692,0.3345,0.05770000070333481,0.0461,0.0577,0.173,0.323,0.323,1.1535,2026-08-09
gym1-60,Sabrina's Slowbro,unlimited,Gym Heroes,60,Uncommon,Ken Sugimori,Stage 1,80,Pokémon,2000/08/14,"tcgplayer,cardmarket",https://prices.pokemontcg.io/tcgplayer/gym1-60,https://images.pokemontcg.io/gym1/60_hires.png,2026/08/08,2026/02/22,5.51,2.9800000190734863,3.75,9999.0,,,,,"{""1stEdition"": {""low"": 14.95, ""mid"": 29.99, ""high"": 297.77, ""market"": 16.26, ""directLow"": 78.77}}",3.9796,0.2307,3.9104,0.0,5.5945000648498535,4.5217,3.9796,1.142,3.4605,3.4605,1.1535,2026-08-09
neo1-53,Chikorita,unlimited,Neo Genesis,53,Common,Naoyo Kimura,Basic,152,Pokémon,2000/12/16,"tcgplayer,cardmarket",https://prices.pokemontcg.io/tcgplayer/neo1-53,https://images.pokemontcg.io/neo1/53_hires.png,2026/08/08,2026/06/21,2.37,0.6899999976158142,1.5,19.979999542236328,,,,,"{""1stEdition"": {""low"": 2.0, ""mid"": 4.0, ""high"": 94.64, ""market"": 7.52, ""directLow"": 5.94}}",1.5226,0.0461,1.5803,0.0,1.038100004196167,1.9263,1.5226,7.4977,7.4977,7.4977,1.1535,2026-08-09
pl3-55,Cherrim,normal,Supreme Victors,55,Uncommon,Saya Tsuruta,Stage 1,421,Pokémon,2009/08/19,"tcgplayer,cardmarket",https://prices.pokemontcg.io/tcgplayer/pl3-55,https://images.pokemontcg.io/pl3/55_hires.png,2026/08/08,2026/02/19,4.46,2.990000009536743,4.400000095367432,28.0,,6.31,,,,0.496,0.0231,0.5998,1.2342,0.57669997215271,0.6229,0.5306,0.9113,1.2458,1.0728,1.1535,2026-08-09
ex13-60,Barboach,normal,Holon Phantoms,60,Common,Midori Harada,Basic,339,Pokémon,2006/05/01,"tcgplayer,cardmarket",https://prices.pokemontcg.io/tcgplayer/ex13-60,https://images.pokemontcg.io/ex13/60_hires.png,2026/08/08,2026/02/19,0.35,0.10000000149011612,0.3499999940395355,18.34000015258789,,10.1,,,,0.1615,0.0231,0.2076,4.3256,0.28839999437332153,0.1961,0.1846,2.8838,3.7258,4.2449,1.1535,2026-08-09
base1-61,Rattata,normal,Base,61,Common,Mitsuhiro Arita,Basic,19,Pokémon,1999/01/09,"tcgplayer,cardmarket",https://prices.pokemontcg.io/tcgplayer/base1-61,https://images.pokemontcg.io/base1/61_hires.png,2026/08/08,2026/02/22,0.84,0.14000000059604645,0.6299999952316284,23.0,,,,,,4.7063,0.8651,6.6557,0.0,2.8838000297546387,5.9982,4.1641,0.0,0.0,0.0,1.1535,2026-08-09
ex14-57,Mudkip,normal,Crystal Guardians,57,Common,Hisao Nakamura,Basic,258,Pokémon,2006/08/01,"tcgplayer,cardmarket",https://prices.pokemontcg.io/tcgplayer/ex14-57,https://images.pokemontcg.io/ex14/57_hires.png,2026/08/08,2026/02/19,2.78,0.9900000095367432,2.7799999713897705,27.399999618530273,,69.64,,,,0.6344,0.0231,0.669,7.1863,0.11540000140666962,0.6114,0.5883,3.4605,8.1783,7.3939,1.1535,2026-08-09
ex16-52,Lileep,normal,Power Keepers,52,Common,Hajime Kusajima,Stage 1,345,Pokémon,2007/02/02,"tcgplayer,cardmarket",https://prices.pokemontcg.io/tcgplayer/ex16-52,https://images.pokemontcg.io/ex16/52_hires.png,2026/08/08,2026/02/22,0.54,0.15000000596046448,0.49000000953674316,19.979999542236328,,24.99,,,,0.3922,0.0231,0.3807,4.614,0.7728000283241272,0.4729,0.4268,2.2955,2.7915,3.1952,1.1535,2026-08-09
sm10-50,Kyurem,holofoil,Unbroken Bonds,50,Rare Holo,Anesaki Dynamic,Basic,646,Pokémon,2019/05/03,"tcgplayer,cardmarket",https://prices.pokemontcg.io/tcgplayer/sm10-50,https://images.pokemontcg.io/sm10/50_hires.png,2026/08/08,2026/02/04,0.64,0.30000001192092896,0.699999988079071,4.989999771118164,,0.6,,,,1.3727,0.346,1.3611,1.4534,1.1419999599456787,1.315,1.6034,1.3265,1.5803,1.984,1.1535,2026-08-09
hgss2-59,Remoraid,normal,HS—Unleashed,59,Common,Ken Sugimori,Basic,223,Pokémon,2010/05/12,"tcgplayer,cardmarket",https://prices.pokemontcg.io/tcgplayer/hgss2-59,https://images.pokemontcg.io/hgss2/59_hires.png,2026/08/08,2026/02/19,0.32,0.1899999976158142,0.3199999928474426,19.979999542236328,,0.99,,,,0.2538,0.0231,0.2653,2.2955,0.023099999874830246,0.2307,0.2538,4.614,2.8145,1.8456,1.1535,2026-08-09
dp6-56,Grumpig,normal,Legends Awakened,56,Uncommon,Masakazu Fukuda,Stage 1,326,Pokémon,2008/08/01,"tcgplayer,cardmarket",https://prices.pokemontcg.io/tcgplayer/dp6-56,https://images.pokemontcg.io/dp6/56_hires.png,2026/08/08,2026/02/19,0.54,0.23999999463558197,0.5,19.979999542236328,,1.91,,,,0.5421,0.0577,0.7036,0.0,0.13840000331401825,0.5306,0.5883,1.1535,0.6229,0.8997,1.1535,2026-08-09
ex8-59,Electrike,normal,Deoxys,59,Common,Naoyo Kimura,Basic,309,Pokémon,2005/02/01,"tcgplayer,cardmarket",https://prices.pokemontcg.io/tcgplayer/ex8-59,https://images.pokemontcg.io/ex8/59_hires.png,2026/08/08,2026/02/21,0.6,0.27000001072883606,0.550000011920929,5.0,,20.34,,,,0.6575,0.0231,0.5767,5.7098,1.0958000421524048,0.4614,0.5652,5.7098,8.7089,10.3469,1.1535,2026-08-09
bw5-53,Aerodactyl,normal,Dark Explorers,53,Rare,Naoyo Kimura,Restored,142,Pokémon,2012/05/09,"tcgplayer,cardmarket",https://prices.pokemontcg.io/tcgplayer/bw5-53,https://images.pokemontcg.io/bw5/53_hires.png,2026/08/08,2026/02/19,3.49,3.490000009536743,7.0,44.18000030517578,,20.72,,,,2.4916,0.2307,1.9956,8.582,0.34599998593330383,1.9148,2.0186,12.6885,8.5013,5.606,1.1535,2026-08-09
bw6-58,Golett,normal,Dragons Exalted,58,Common,Mitsuhiro Arita,Basic,622,Pokémon,2012/08/15,"tcgplayer,cardmarket",https://prices.pokemontcg.io/tcgplayer/bw6-58,https://images.pokemontcg.io/bw6/58_hires.png,2026/08/08,2026/02/04,0.31,0.10000000149011612,0.27000001072883606,19.979999542236328,,0.47,,,,0.173,0.0231,0.1615,0.1154,0.31139999628067017,0.2076,0.173,0.1154,0.3576,0.3807,1.1535,2026-08-09
dp2-54,Magmar,normal,Mysterious Treasures,54,Uncommon,Mitsuhiro Arita,Basic,126,Pokémon,2007/08/01,"tcgplayer,cardmarket",https://prices.pokemontcg.io/tcgplayer/dp2-54,https://images.pokemontcg.io/dp2/54_hires.png,2026/08/08,2026/02/22,0.48,0.20000000298023224,0.4699999988079071,17.799999237060547,,3.81,,,,0.323,0.0231,0.2307,5.7214,0.3230000138282776,0.1961,0.2999,3.9219,3.5758,2.3647,1.1535,2026-08-09
hgss4-58,Bronzor,normal,HS—Triumphant,58,Common,Yuka Morii,Basic,436,Pokémon,2010/11/03,"tcgplayer,cardmarket",https://prices.pokemontcg.io/tcgplayer/hgss4-58,https://images.pokemontcg.io/hgss4/58_hires.png,2026/08/08,2026/02/19,2.08,1.2100000381469727,2.1600000858306885,25.100000381469727,,5.91,,,,0.5998,0.0231,0.5998,3.622,0.28839999437332153,0.4037,0.5537,2.8722,2.1109,1.6841,1.1535,2026-08-09
col1-60,Koffing,normal,Call of Legends,60,Common,Hajime Kusajima,Basic,109,Pokémon,2011/02/09,"tcgplayer,cardmarket",https://prices.pokemontcg.io/tcgplayer/col1-60,https://images.pokemontcg.io/col1/60_hires.png,2026/08/08,2026/02/19,0.45,0.20000000298023224,0.38999998569488525,18.479999542236328,,6.06,,,,0.3922,0.0231,0.4499,2.2955,0.51910001039505,0.4153,0.3922,2.2955,7.9938,4.2449,1.1535,2026-08-09
dp3-63,Sableye,normal,Secret Wonders,63,Uncommon,Sumiyoshi Kizuki,Basic,302,Pokémon,2007/11/01,"tcgplayer,cardmarket",https://prices.pokemontcg.io/tcgplayer/dp3-63,https://images.pokemontcg.io/dp3/63_hires.png,2026/08/08,2026/02/19,2.51,0.44999998807907104,2.700000047683716,11.75,,15.74,,,,0.3576,0.0231,0.2768,2.5723,0.023099999874830246,0.173,0.346,5.7675,4.2679,2.4916,1.1535,2026-08-09
ex9-59,Pichu,normal,Emerald,59,Common,Nakaoka,Basic,172,Pokémon,2005/05/01,"tcgplayer,cardmarket",https://prices.pokemontcg.io/tcgplayer/ex9-59,https://images.pokemontcg.io/ex9/59_hires.png,2026/08/08,2026/02/21,7.07,4.0,6.869999885559082,62.29999923706055,,111.37,,,,2.9645,0.0231,2.0763,43.5446,1.5917999744415283,1.3381,2.3301,19.598,26.8189,20.5092,1.1535,2026-08-09
ex12-64,Skitty,normal,Legend Maker,64,Common,Satoshi Ohta,Basic,300,Pokémon,2006/02/01,"tcgplayer,cardmarket",https://prices.pokemontcg.io/tcgplayer/ex12-64,https://images.pokemontcg.io/ex12/64_hires.png,2026/08/08,2026/02/04,1.13,0.5,1.1299999952316284,19.979999542236328,,19.73,,,,0.3576,0.0231,0.3114,3.5412,0.5536999702453613,0.3807,0.2999,1.1535,5.8021,7.0479,1.1535,2026-08-09
bw1-57,Reuniclus,holofoil,Black & White,57,Rare Holo,5ban Graphics,Stage 2,579,Pokémon,2011/04/25,"tcgplayer,cardmarket",https://prices.pokemontcg.io/tcgplayer/bw1-57,https://images.pokemontcg.io/bw1/57_hires.png,2026/08/08,2026/02/19,2.67,1.4500000476837158,2.7799999713897705,38.9900016784668,,3.41,,,,1.4649,0.2076,1.6956,1.0728,1.3726999759674072,1.5572,1.5457,1.2458,2.0994,1.9148,1.1535,2026-08-09
neo4-60,Unown [Z],unlimited,Neo Destiny,60,Uncommon,CR CG gangs,Basic,201,Pokémon,2002/02/28,"tcgplayer,cardmarket",https://prices.pokemontcg.io/tcgplayer/neo4-60,https://images.pokemontcg.io/neo4/60_hires.png,2026/08/08,2026/02/21,7.63,5.5,7.630000114440918,103.18000030517578,,,,,"{""1stEdition"": {""low"": 8.5, ""mid"": 18.5, ""high"": 134.2, ""market"": 14.2, ""directLow"": null}}",6.1828,0.5767,7.071,0.0,10.381500244140625,6.748,5.779,0.0,0.0,0.0,1.1535,2026-08-09
sm5-59,Cresselia,holofoil,Ultra Prism,59,Rare Holo,chibi,Basic,488,Pokémon,2018/02/02,"tcgplayer,cardmarket",https://prices.pokemontcg.io/tcgplayer/sm5-59,https://images.pokemontcg.io/sm5/59_hires.png,2026/08/08,2026/02/01,1.0,0.4399999976158142,1.0,19.979999542236328,,1.15,,,,1.0843,0.2307,1.0843,1.0381,1.1419999599456787,1.0497,0.819,1.0381,1.5111,1.2804,1.1535,2026-08-09
hgss1-66,Hoothoot,normal,HeartGold & SoulSilver,66,Common,Suwama Chiaki,Basic,163,Pokémon,2010/02/10,"tcgplayer,cardmarket",https://prices.pokemontcg.io/tcgplayer/hgss1-66,https://images.pokemontcg.io/hgss1/66_hires.png,2026/08/08,2026/02/01,0.52,0.14000000059604645,0.41999998688697815,19.979999542236328,,5.0,,,,0.2884,0.0231,0.3576,0.4383,1.153499960899353,0.3345,0.2653,4.614,2.5146,2.5492,1.1535,2026-08-09
sm11-54,Raichu & Alolan Raichu-GX,holofoil,Unified Minds,54,Rare Holo GX,Mitsuhiro Arita,Basic|TAG TEAM|GX,26,Pokémon,2019/08/02,"tcgplayer,cardmarket",https://prices.pokemontcg.io/tcgplayer/sm11-54,https://images.pokemontcg.io/sm11/54_hires.png,2026/08/08,2026/02/19,33.09,26.239999771118164,37.52000045776367,200.0,,,,,,2.307,0.0,3.449,0.0,2.306999921798706,4.5794,4.9716,0.0,0.0,0.0,1.1535,2026-08-09
hgss3-58,Murkrow,normal,HS—Undaunted,58,Common,kawayoo,Basic,198,Pokémon,2010/08/18,"tcgplayer,cardmarket",https://prices.pokemontcg.io/tcgplayer/hgss3-58,https://images.pokemontcg.io/hgss3/58_hires.png,2026/08/08,2026/02/19,0.42,0.15000000596046448,0.3700000047683716,18.079999923706055,,18.83,,,,0.2653,0.0231,0.2307,5.1792,0.15000000596046448,0.173,0.2422,5.7675,3.8642,2.3416,1.1535,2026-08-09
sm3-56,Venipede,normal,Burning Shadows,56,Common,Yukiko Baba,Basic,543,Pokémon,2017/08/05,"tcgplayer,cardmarket",https://prices.pokemontcg.io/tcgplayer/sm3-56,https://images.pokemontcg.io/sm3/56_hires.png,2026/08/08,2026/02/01,0.14,0.019999999552965164,0.20000000298023224,19.979999542236328,,0.36,,,,0.0577,0.0231,0.0461,0.2538,0.03460000082850456,0.0577,0.0461,0.5652,0.2192,0.2538,1.1535,2026-08-09
xy6-57,Salamence,holofoil,Roaring Skies,57,Rare Holo,TOKIYA,Stage 2,373,Pokémon,2015/05/06,"tcgplayer,cardmarket",https://prices.pokemontcg.io/tcgplayer/xy6-57,https://images.pokemontcg.io/xy6/57_hires.png,2026/08/08,2026/02/01,1.71,0.7400000095367432,1.659999966621399,15.319999694824219,,2.06,,,,1.5111,0.2884,0.8997,1.8687,2.283900022506714,1.5342,1.9956,1.9494,2.5608,3.1145,1.1535,2026-08-09
bw10-64,Salamence,holofoil,Plasma Blast,64,Rare Holo,Naoki Saito,Stage 2,373,Pokémon,2013/08/14,"tcgplayer,cardmarket",https://prices.pokemontcg.io/tcgplayer/bw10-64,https://images.pokemontcg.io/bw10/64_hires.png,2026/08/08,2026/02/04,7.1,3.0,7.179999828338623,58.58000183105469,,9.3,,,,3.9911,1.0381,4.6717,9.1588,1.7302000522613525,3.9911,4.4294,9.1588,5.3868,6.3212,1.1535,2026-08-09
ex1-49,Aron,normal,Ruby & Sapphire,49,Common,Mitsuhiro Arita,Basic,304,Pokémon,2003/07/01,"tcgplayer,cardmarket",https://prices.pokemontcg.io/tcgplayer/ex1-49,https://images.pokemontcg.io/ex1/49_hires.png,2026/08/08,2026/03/07,0.84,0.6800000071525574,0.8700000047683716,20.93000030517578,,18.56,,,,0.8536,0.0231,0.7498,0.2307,0.11540000140666962,0.6114,0.5998,2.2955,2.6646,2.5262,1.1535,2026-08-09
ecard2-34,Slowking,normal,Aquapolis,34,Rare,Aya Kusube,Stage 1,199,Pokémon,2003/01/15,"tcgplayer,cardmarket",https://prices.pokemontcg.io/tcgplayer/ecard2-34,https://images.pokemontcg.io/ecard2/34_hires.png,2026/08/08,2026/02/21,29.65,69.98999786376953,90.08999633789062,424.8999938964844,,65.49,,,,13.3345,1.7302,10.3815,49.093,3.172100067138672,11.2812,8.3052,28.826,31.9173,17.9139,1.1535,2026-08-09
sma-SV53,Alolan Ninetales-GX,holofoil,Hidden Fates Shiny Vault,SV53,Rare Shiny GX,5ban Graphics,Stage 1|GX,38,Pokémon,2019/08/23,"tcgplayer,cardmarket",https://prices.pokemontcg.io/tcgplayer/sma-SV53,https://images.pokemontcg.io/sma/SV53_hires.png,2026/08/08,2026/02/01,52.76,47.9900016784668,62.86000061035156,99.0,,,,,,27.038,20.3593,34.9395,0.0,27.557100296020508,27.6725,35.0779,29.6449,25.6884,28.7568,1.1535,2026-08-09
ex11-59,Beldum δ,normal,Delta Species,59,Common,Hajime Kusajima,Basic,374,Pokémon,2005/10/31,"tcgplayer,cardmarket",https://prices.pokemontcg.io/tcgplayer/ex11-59,https://images.pokemontcg.io/ex11/59_hires.png,2026/08/08,2026/02/19,1.03,0.6200000047683716,1.0299999713897705,19.979999542236328,,18.54,,,,0.7036,0.0231,0.6575,20.763,0.6460000276565552,0.5075,0.5537,33.4515,14.2457,10.0354,1.1535,2026-08-09
dp4-53,Skarmory,normal,Great Encounters,53,Uncommon,Mitsuhiro Arita,Basic,227,Pokémon,2008/02/01,"tcgplayer,cardmarket",https://prices.pokemontcg.io/tcgplayer/dp4-53,https://images.pokemontcg.io/dp4/53_hires.png,2026/08/08,2026/02/21,0.51,0.15000000596046448,0.4000000059604645,18.739999771118164,,3.86,,,,0.4037,0.0231,0.4037,1.3035,0.12690000236034393,0.2192,0.2422,1.1535,1.142,1.2573,1.1535,2026-08-09
base6-54,Metapod,normal,Legendary Collection,54,Uncommon,Ken Sugimori,Stage 1,11,Pokémon,2002/05/24,"tcgplayer,cardmarket",https://prices.pokemontcg.io/tcgplayer/base6-54,https://images.pokemontcg.io/base6/54_hires.png,2026/08/08,2026/06/21,2.33,1.0299999713897705,2.0,30.600000381469727,,125.0,,,,1.1881,0.1154,0.9574,48.8277,1.1995999813079834,1.2458,1.0612,34.605,52.5535,48.0894,1.1535,2026-08-09
ex5-52,Baltoy,normal,Hidden Legends,52,Common,Kyoko Umemoto,Basic,343,Pokémon,2004/06/01,"tcgplayer,cardmarket",https://prices.pokemontcg.io/tcgplayer/ex5-52,https://images.pokemontcg.io/ex5/52_hires.png,2026/08/08,2026/03/07,0.29,0.17000000178813934,0.3199999928474426,19.979999542236328,,5.16,,,,0.2192,0.0231,0.5075,3.968,0.05770000070333481,0.2076,0.4153,3.968,3.5528,3.9219,1.1535,2026-08-09
bw7-61,Duskull,normal,Boundaries Crossed,61,Common,Naoki Saito,Basic,355,Pokémon,2012/11/07,"tcgplayer,cardmarket",https://prices.pokemontcg.io/tcgplayer/bw7-61,https://images.pokemontcg.io/bw7/61_hires.png,2026/08/08,2026/02/04,0.39,0.1899999976158142,0.4000000059604645,19.979999542236328,,5.02,,,,0.2307,0.0231,0.2422,1.1535,0.11540000140666962,0.2999,0.2653,0.5767,0.8305,1.1766,1.1535,2026-08-09
xy7-61,Meowth,normal,Ancient Origins,61,Common,Kanako Eo,Basic,52,Pokémon,2015/08/12,"tcgplayer,cardmarket",https://prices.pokemontcg.io/tcgplayer/xy7-61,https://images.pokemontcg.io/xy7/61_hires.png,2026/08/08,2026/02/01,0.29,0.05000000074505806,0.28999999165534973,19.979999542236328,,0.8,,,,0.1154,0.0231,0.1846,0.7728,0.03460000082850456,0.2422,0.1384,0.5767,0.5883,0.5883,1.1535,2026-08-09
neo2-52,Xatu,unlimited,Neo Discovery,52,Uncommon,Sumiyoshi Kizuki,Stage 1,178,Pokémon,2001/06/01,"tcgplayer,cardmarket",https://prices.pokemontcg.io/tcgplayer/neo2-52,https://images.pokemontcg.io/neo2/52_hires.png,2026/08/08,2026/06/21,1.23,0.25,0.8100000023841858,15.960000038146973,,,,,"{""1stEdition"": {""low"": 1.67, ""mid"": 2.95, ""high"": 57.1, ""market"": 2.8, ""directLow"": null}}",0.9459,0.0231,0.7844,0.0,1.118899941444397,0.9574,0.9343,0.0,0.0,0.0,1.1535,2026-08-09
xy9-52,Espeon-EX,holofoil,BREAKpoint,52,Rare Holo EX,Ayaka Yoshida,Basic|EX,196,Pokémon,2016/02/03,"tcgplayer,cardmarket",https://prices.pokemontcg.io/tcgplayer/xy9-52,https://images.pokemontcg.io/xy9/52_hires.png,2026/08/08,2026/02/04,27.98,16.510000228881836,28.329999923706055,159.67999267578125,,,,,,49.0237,0.0,35.8162,0.0,49.02370071411133,33.9475,13.9804,5.7675,3.7258,3.7258,1.1535,2026-08-09
bw9-60,Primeape,normal,Plasma Freeze,60,Common,Mitsuhiro Arita,Stage 1,57,Pokémon,2013/05/08,"tcgplayer,cardmarket",https://prices.pokemontcg.io/tcgplayer/bw9-60,https://images.pokemontcg.io/bw9/60_hires.png,2026/08/08,2026/02/01,0.38,0.12999999523162842,0.3799999952316284,23.489999771118164,,1.34,,,,0.2076,0.0231,0.2076,0.346,0.3230000138282776,0.2076,0.1961,2.1801,0.8882,0.8074,1.1535,2026-08-09
ecard1-52,Magby,normal,Expedition Base Set,52,Rare,Mitsuhiro Arita,Baby,240,Pokémon,2002/09/15,"tcgplayer,cardmarket",https://prices.pokemontcg.io/tcgplayer/ecard1-52,https://images.pokemontcg.io/ecard1/52_hires.png,2026/08/08,2026/06/21,7.83,29.989999771118164,36.779998779296875,70.80000305175781,,18.75,,,,9.4356,1.1304,6.3673,23.4045,5.767499923706055,4.8447,5.9636,11.5235,21.928,10.0354,1.1535,2026-08-09
sm4-51,Primeape,normal,Crimson Invasion,51,Rare,Yuka Morii,Stage 1,57,Pokémon,2017/11/03,"tcgplayer,cardmarket",https://prices.pokemontcg.io/tcgplayer/sm4-51,https://images.pokemontcg.io/sm4/51_hires.png,2026/08/08,2026/02/19,1.2,0.4300000071525574,1.1100000143051147,4.0,,2.12,,,,0.5767,0.0231,0.7382,1.0035,0.2768000066280365,0.7036,0.4845,0.5767,0.8997,0.7382,1.1535,2026-08-09
swsh3-54,Arctovish,normal,Darkness Ablaze,54,Rare,Shin Nagasawa,Stage 1,883,Pokémon,2020/08/14,"tcgplayer,cardmarket",https://prices.pokemontcg.io/tcgplayer/swsh3-54,https://images.pokemontcg.io/swsh3/54_hires.png,2026/08/08,2026/02/19,0.38,0.18000000715255737,0.41999998688697815,19.979999542236328,,0.82,,,,0.646,0.0231,0.5998,0.9343,0.46140000224113464,0.5537,0.6114,1.7187,1.5803,1.6495,1.1535,2026-08-09
swshp-SWSH052,Gengar,holofoil,SWSH Black Star Promos,SWSH052,Promo,Shibuzoh.,Stage 2,94,Pokémon,2019/11/15,"tcgplayer,cardmarket",https://prices.pokemontcg.io/tcgplayer/swshp-SWSH052,https://images.pokemontcg.io/swshp/SWSH052_hires.png,2026/08/08,2026/02/04,127.94,94.48999786376953,116.69000244140625,199.64999389648438,,,,,,45.7593,27.684,41.7567,0.0,39.21900177001953,46.9359,50.9501,2.5262,3.8296,3.1837,1.1535,2026-08-09
gym2-62,Blaine's Growlithe,unlimited,Gym Challenge,62,Common,Ken Sugimori,Basic,58,Pokémon,2000/10/16,"tcgplayer,cardmarket",https://prices.pokemontcg.io/tcgplayer/gym2-62,https://images.pokemontcg.io/gym2/62_hires.png,2026/08/08,2026/02/19,2.59,0.9900000095367432,2.0,97.01000213623047,,,,,"{""1stEdition"": {""low"": 5.33, ""mid"": 11.0, ""high"": 95.25, ""market"": 11.42, ""directLow"": null}}",1.5803,0.2076,1.5572,0.0,0.9343000054359436,1.3496,1.7649,0.0,0.0,0.0,1.1535,2026-08-09
pl2-55,Aerodactyl GL,normal,Rising Rivals,55,Common,Suwama Chiaki,Basic|SP,142,Pokémon,2009/05/16,"tcgplayer,cardmarket",https://prices.pokemontcg.io/tcgplayer/pl2-55,https://images.pokemontcg.io/pl2/55_hires.png,2026/08/08,2026/02/19,0.64,0.25,0.7099999785423279,19.979999542236328,,9.99,,,,0.2422,0.0231,0.4845,6.6442,0.05770000070333481,0.3576,0.2768,1.6149,2.9991,2.9299,1.1535,2026-08-09
swsh4-56,Galvantula,normal,Vivid Voltage,56,Uncommon,Shigenori Negishi,Stage 1,596,Pokémon,2020/11/13,"tcgplayer,cardmarket",https://prices.pokemontcg.io/tcgplayer/swsh4-56,https://images.pokemontcg.io/swsh4/56_hires.png,2026/08/08,2026/02/19,0.14,0.009999999776482582,0.15000000596046448,25.139999389648438,,0.26,,,,0.0346,0.0231,0.0231,0.2422,0.03460000082850456,0.0461,0.0461,1.142,0.4037,0.2653,1.1535,2026-08-09
sm1-57,Alolan Grimer,normal,Sun & Moon,57,Common,Naoki Saito,Basic,88,Pokémon,2017/02/03,"tcgplayer,cardmarket",https://prices.pokemontcg.io/tcgplayer/sm1-57,https://images.pokemontcg.io/sm1/57_hires.png,2026/08/08,2026/02/04,0.18,0.009999999776482582,0.20000000298023224,19.979999542236328,,0.42,,,,0.1269,0.0231,0.1154,0.5652,0.11540000140666962,0.1038,0.1154,0.2076,0.2999,0.3691,1.1535,2026-08-09
ecard3-25,Politoed,normal,Skyridge,25,Rare,Atsuko Nishida,Stage 2,186,Pokémon,2003/05/12,"tcgplayer,cardmarket",https://prices.pokemontcg.io/tcgplayer/ecard3-25,https://images.pokemontcg.io/ecard3/25_hires.png,2026/08/08,2026/02/22,53.64,35.9900016784668,439.989990234375,843.989990234375,,120.46,,,,12.8731,2.8838,10.3238,59.9705,20.76300048828125,11.7772,17.9946,10.3815,34.8818,20.2093,1.1535,2026-08-09
swsh1-60,Chewtle,normal,Sword & Shield,60,Common,Mina Nakai,Basic,833,Pokémon,2020/02/07,"tcgplayer,cardmarket",https://prices.pokemontcg.io/tcgplayer/swsh1-60,https://images.pokemontcg.io/swsh1/60_hires.png,2026/08/08,2026/02/01,0.09,0.009999999776482582,0.18000000715255737,19.979999542236328,,0.24,,,,0.0577,0.0231,0.0692,0.2192,0.03460000082850456,0.0577,0.0577,0.173,0.2422,0.2307,1.1535,2026-08-09
xy10-57,Vullaby,normal,Fates Collide,57,Common,Midori Harada,Basic,629,Pokémon,2016/05/02,"tcgplayer,cardmarket",https://prices.pokemontcg.io/tcgplayer/xy10-57,https://images.pokemontcg.io/xy10/57_hires.png,2026/08/08,2026/02/04,0.11,0.009999999776482582,0.20000000298023224,1000.0,,0.29,,,,0.0807,0.0231,0.0807,0.5883,0.05770000070333481,0.0807,0.0807,0.0577,0.4268,0.323,1.1535,2026-08-09
ex4-61,Team Magma's Baltoy,normal,Team Magma vs Team Aqua,61,Common,Atsuko Ujiie,Basic,343,Pokémon,2004/03/01,"tcgplayer,cardmarket",https://prices.pokemontcg.io/tcgplayer/ex4-61,https://images.pokemontcg.io/ex4/61_hires.png,2026/08/08,2026/02/19,0.73,0.30000001192092896,0.75,19.979999542236328,,8.41,,,,0.4037,0.0577,0.4037,8.7666,0.05770000070333481,0.3691,0.3691,8.7666,7.071,3.2183,1.1535,2026-08-09
bw11-63,Toxicroak,normal,Legendary Treasures,63,Rare,Naoki Saito,Stage 1,454,Pokémon,2013/11/06,"tcgplayer,cardmarket",https://prices.pokemontcg.io/tcgplayer/bw11-63,https://images.pokemontcg.io/bw11/63_hires.png,2026/08/08,2026/02/19,0.39,0.10000000149011612,0.38999998569488525,9.989999771118164,,1.63,,,,0.5767,0.1154,0.5306,0.0,0.20759999752044678,0.5421,0.6114,3.3451,1.5342,1.2458,1.1535,2026-08-09
sm115-60,Lt. Surge's Strategy,normal,Hidden Fates,60,Uncommon,Megumi Mizutani,Supporter,,Trainer,2019/08/23,"tcgplayer,cardmarket",https://prices.pokemontcg.io/tcgplayer/sm115-60,https://images.pokemontcg.io/sm115/60_hires.png,2026/08/08,2026/02/22,0.16,0.029999999329447746,0.20999999344348907,18.479999542236328,,0.47,,,,0.0923,0.0231,0.1384,0.2307,0.11540000140666962,0.15,0.0923,0.4499,0.2653,0.323,1.1535,2026-08-09
dp5-56,Chimchar,normal,Majestic Dawn,56,Common,Daisuke Ito,Basic,390,Pokémon,2008/05/01,"tcgplayer,cardmarket",https://prices.pokemontcg.io/tcgplayer/dp5-56,https://images.pokemontcg.io/dp5/56_hires.png,2026/08/08,2026/02/19,0.49,0.23999999463558197,0.4699999988079071,19.979999542236328,,16.35,,,,0.2999,0.0231,0.2884,1.3265,0.5536999702453613,0.2538,0.323,0.9228,1.8917,2.2724,1.1535,2026-08-09
g1-47,Hitmonlee,normal,Generations,47,Rare,Hitoshi Ariga,Basic,106,Pokémon,2016/02/22,"tcgplayer,cardmarket",https://prices.pokemontcg.io/tcgplayer/g1-47,https://images.pokemontcg.io/g1/47_hires.png,2026/08/08,2026/02/22,0.46,0.15000000596046448,0.46000000834465027,23.489999771118164,,2.3,,,,0.4383,0.1154,0.5191,2.2378,0.7843999862670898,0.5075,0.4153,2.2955,2.7453,2.3301,1.1535,2026-08-09
xy5-62,Tynamo,normal,Primal Clash,62,Common,Atsuko Nishida,Basic,602,Pokémon,2015/02/04,"tcgplayer,cardmarket",https://prices.pokemontcg.io/tcgplayer/xy5-62,https://images.pokemontcg.io/xy5/62_hires.png,2026/08/08,2026/02/19,0.16,0.029999999329447746,0.20000000298023224,19.979999542236328,,0.42,,,,0.1384,0.0231,0.1961,0.5998,0.34599998593330383,0.1615,0.1154,2.4224,0.8767,0.4268,1.1535,2026-08-09
neo3-55,Snubbull,unlimited,Neo Revelation,55,Common,Tomokazu Komiya,Basic,209,Pokémon,2001/09/21,"tcgplayer,cardmarket",https://prices.pokemontcg.io/tcgplayer/neo3-55,https://images.pokemontcg.io/neo3/55_hires.png,2026/08/08,2026/06/21,1.05,0.44999998807907104,1.0,21.049999237060547,,,,,"{""1stEdition"": {""low"": 1.77, ""mid"": 2.99, ""high"": 36.22, ""market"": 3.28, ""directLow"": 36.22}}",2.5031,0.0231,4.291,0.0,0.426800012588501,7.4285,2.2955,0.0,0.0,0.0,1.1535,2026-08-09
ecard1-53,Meganium,normal,Expedition Base Set,53,Rare,Kagemaru Himeno,Stage 2,154,Pokémon,2002/09/15,"tcgplayer,cardmarket",https://prices.pokemontcg.io/tcgplayer/ecard1-53,https://images.pokemontcg.io/ecard1/53_hires.png,2026/08/08,2026/06/21,13.83,12.130000114440918,16.81999969482422,129.89999389648438,,40.49,,,,7.9592,0.9228,10.3469,29.1028,10.11620044708252,11.7542,7.2094,51.7921,30.66,16.5758,1.1535,2026-08-09
dp6-57,Houndoom,normal,Legends Awakened,57,Uncommon,Kouki Saitou,Stage 1,229,Pokémon,2008/08/01,"tcgplayer,cardmarket",https://prices.pokemontcg.io/tcgplayer/dp6-57,https://images.pokemontcg.io/dp6/57_hires.png,2026/08/08,2026/02/19,2.86,3.0,3.859999895095825,31.100000381469727,,28.0,,,,0.9574,0.0231,1.3265,3.9911,1.5571999549865723,1.4649,1.0958,6.921,3.9334,4.0026,1.1535,2026-08-09
sm11-55,Pikachu,normal,Unified Minds,55,Common,Sanosuke Sakuma,Basic,25,Pokémon,2019/08/02,"tcgplayer,cardmarket",https://prices.pokemontcg.io/tcgplayer/sm11-55,https://images.pokemontcg.io/sm11/55_hires.png,2026/08/08,2026/02/19,1.63,0.33000001311302185,1.649999976158142,29.989999771118164,,5.73,,,,0.992,0.0231,1.4995,4.5909,1.038100004196167,1.3727,1.1304,4.6947,5.4791,5.0639,1.1535,2026-08-09
ex11-60,Cubone,normal,Delta Species,60,Common,Yukiko Baba,Basic,104,Pokémon,2005/10/31,"tcgplayer,cardmarket",https://prices.pokemontcg.io/tcgplayer/ex11-60,https://images.pokemontcg.io/ex11/60_hires.png,2026/08/08,2026/02/19,6.44,2.390000104904175,6.630000114440918,33.0,,74.62,,,,1.0728,0.0231,0.8651,6.0789,0.911300003528595,1.2919,1.3265,11.535,11.685,9.1242,1.1535,2026-08-09
xy7-62,Persian,normal,Ancient Origins,62,Common,Mitsuhiro Arita,Stage 1,53,Pokémon,2015/08/12,"tcgplayer,cardmarket",https://prices.pokemontcg.io/tcgplayer/xy7-62,https://images.pokemontcg.io/xy7/62_hires.png,2026/08/08,2026/02/01,0.06,0.009999999776482582,0.20000000298023224,1000.0,,0.54,,,,0.15,0.0231,0.15,0.5883,0.23070000112056732,0.1269,0.15,0.8651,0.6229,0.646,1.1535,2026-08-09
ex1-50,Aron,normal,Ruby & Sapphire,50,Common,Ken Sugimori,Basic,304,Pokémon,2003/07/01,"tcgplayer,cardmarket",https://prices.pokemontcg.io/tcgplayer/ex1-50,https://images.pokemontcg.io/ex1/50_hires.png,2026/08/08,2026/02/22,0.91,0.36000001430511475,0.8999999761581421,20.940000534057617,,11.45,,,,0.5306,0.0231,0.5306,3.4028,0.03460000082850456,0.4383,0.4037,2.8722,2.9991,2.0071,1.1535,2026-08-09
sm3-57,Whirlipede,normal,Burning Shadows,57,Uncommon,SATOSHI NAKAI,Stage 1,544,Pokémon,2017/08/05,"tcgplayer,cardmarket",https://prices.pokemontcg.io/tcgplayer/sm3-57,https://images.pokemontcg.io/sm3/57_hires.png,2026/08/08,2026/02/01,0.04,0.009999999776482582,0.20000000298023224,19.979999542236328,,0.33,,,,0.0692,0.0231,0.0692,0.2422,0.11540000140666962,0.1038,0.0692,0.0577,0.2653,0.3114,1.1535,2026-08-09
ex12-65,Spheal,normal,Legend Maker,65,Common,Miki Tanaka,Basic,363,Pokémon,2006/02/01,"tcgplayer,cardmarket",https://prices.pokemontcg.io/tcgplayer/ex12-65,https://images.pokemontcg.io/ex12/65_hires.png,2026/08/08,2026/02/04,0.74,0.20000000298023224,0.6800000071525574,19.979999542236328,,45.84,,,,0.2538,0.0231,0.2076,5.5483,0.46140000224113464,0.1269,0.2422,6.5634,5.5483,4.9716,1.1535,2026-08-09
bw1-58,Timburr,normal,Black & White,58,Common,match,Basic,532,Pokémon,2011/04/25,"tcgplayer,cardmarket",https://prices.pokemontcg.io/tcgplayer/bw1-58,https://images.pokemontcg.io/bw1/58_hires.png,2026/08/08,2026/02/19,0.2,0.009999999776482582,0.25,19.979999542236328,,1.3,,,,0.0807,0.0231,0.0923,0.5767,0.11540000140666962,0.1038,0.0923,0.5767,0.5191,0.6229,1.1535,2026-08-09
gym2-63,Blaine's Mankey,unlimited,Gym Challenge,63,Common,Atsuko Nishida,Basic,56,Pokémon,2000/10/16,"tcgplayer,cardmarket",https://prices.pokemontcg.io/tcgplayer/gym2-63,https://images.pokemontcg.io/gym2/63_hires.png,2026/08/08,2026/02/19,1.11,0.4000000059604645,0.9900000095367432,2.9000000953674316,,,,,"{""1stEdition"": {""low"": 1.73, ""mid"": 2.92, ""high"": 60.99, ""market"": 2.94, ""directLow"": null}}",1.4303,0.2307,1.5803,0.0,1.1303999423980713,1.2112,1.4419,0.0,0.0,0.0,1.1535,2026-08-09
sma-SV54,Articuno-GX,holofoil,Hidden Fates Shiny Vault,SV54,Rare Shiny GX,5ban Graphics,Basic|GX,144,Pokémon,2019/08/23,"tcgplayer,cardmarket",https://prices.pokemontcg.io/tcgplayer/sma-SV54,https://images.pokemontcg.io/sma/SV54_hires.png,2026/08/08,2026/02/01,53.1,45.9900016784668,53.959999084472656,349.0,,,,,,46.5207,9.228,48.8623,0.0,63.430999755859375,36.3237,40.1879,36.7274,38.077,39.888,1.1535,2026-08-09
col1-61,Magikarp,normal,Call of Legends,61,Common,Mitsuhiro Arita,Basic,129,Pokémon,2011/02/09,"tcgplayer,cardmarket",https://prices.pokemontcg.io/tcgplayer/col1-61,https://images.pokemontcg.io/col1/61_hires.png,2026/08/08,2026/02/19,2.36,0.5899999737739563,2.4600000381469727,19.979999542236328,,38.83,,,,0.6114,0.0231,0.7728,7.6477,0.2653000056743622,1.142,0.7036,9.8048,18.7559,10.543,1.1535,2026-08-09
sm8-57,Delibird,normal,Lost Thunder,57,Uncommon,Ken Sugimori,Basic,225,Pokémon,2018/11/02,"tcgplayer,cardmarket",https://prices.pokemontcg.io/tcgplayer/sm8-57,https://images.pokemontcg.io/sm8/57_hires.png,2026/08/08,2026/02/01,0.36,0.10000000149011612,0.3499999940395355,19.979999542236328,,0.63,,,,0.1961,0.0346,0.1615,0.7267,0.11540000140666962,0.1846,0.1846,1.0381,0.7728,0.6806,1.1535,2026-08-09
hgss3-59,Murkrow,normal,HS—Undaunted,59,Common,Masakazu Fukuda,Basic,198,Pokémon,2010/08/18,"tcgplayer,cardmarket",https://prices.pokemontcg.io/tcgplayer/hgss3-59,https://images.pokemontcg.io/hgss3/59_hires.png,2026/08/08,2026/02/19,0.45,0.18000000715255737,0.4000000059604645,19.979999542236328,,4.66,,,,0.2884,0.0231,0.1961,1.142,0.11540000140666962,0.1961,0.3345,3.4605,1.8687,1.8341,1.1535,2026-08-09
xyp-XY51,Kyogre,holofoil,XY Black Star Promos,XY51,Promo,Mitsuhiro Arita,Basic,382,Pokémon,2013/10/12,"tcgplayer,cardmarket",https://prices.pokemontcg.io/tcgplayer/xyp-XY51,https://images.pokemontcg.io/xyp/XY51_hires.png,2026/08/08,2026/02/04,18.93,16.989999771118164,25.0,9999.0,,,,,,8.0514,1.7302,7.59,0.0,4.7870001792907715,6.7941,8.409,9.2165,5.283,4.7986,1.1535,2026-08-09
base4-61,Seel,normal,Base Set 2,61,Uncommon,Ken Sugimori,Basic,86,Pokémon,2000/02/24,"tcgplayer,cardmarket",https://prices.pokemontcg.io/tcgplayer/base4-61,https://images.pokemontcg.io/base4/61_hires.png,2026/08/08,2026/02/22,0.83,0.20000000298023224,0.7400000095367432,100.0,,,,,,0.5767,0.1038,0.4729,0.0,0.11540000140666962,0.6229,0.5767,0.173,0.173,0.173,1.1535,2026-08-09
ex3-61,Magnemite,normal,Dragon,61,Common,Tomokazu Komiya,Basic,81,Pokémon,2003/11/24,"tcgplayer,cardmarket",https://prices.pokemontcg.io/tcgplayer/ex3-61,https://images.pokemontcg.io/ex3/61_hires.png,2026/08/08,2026/02/22,0.96,0.25,0.800000011920929,20.93000030517578,,29.99,,,,0.496,0.0231,1.142,4.1065,1.7302000522613525,0.7613,0.5767,2.8261,3.472,3.5182,1.1535,2026-08-09
sm4-52,Cubone,normal,Crimson Invasion,52,Common,sui,Basic,104,Pokémon,2017/11/03,"tcgplayer,cardmarket",https://prices.pokemontcg.io/tcgplayer/sm4-52,https://images.pokemontcg.io/sm4/52_hires.png,2026/08/08,2026/02/19,0.41,0.05000000074505806,0.36000001430511475,3.0,,1.14,,,,0.0807,0.0231,0.0923,0.5075,0.06920000165700912,0.0923,0.0807,1.142,0.6229,0.4614,1.1535,2026-08-09
pl1-61,Seviper,normal,Platinum,61,Uncommon,Sumiyoshi Kizuki,Basic,336,Pokémon,2009/02/11,"tcgplayer,cardmarket",https://prices.pokemontcg.io/tcgplayer/pl1-61,https://images.pokemontcg.io/pl1/61_hires.png,2026/08/08,2026/02/19,0.48,0.30000001192092896,0.5,2.0,,2.33,,,,0.4153,0.0231,0.3691,1.0266,0.28839999437332153,0.323,0.346,0.2307,0.8651,1.0497,1.1535,2026-08-09
ex15-50,Horsea δ,normal,Dragon Frontiers,50,Common,Hisao Nakamura,Basic,116,Pokémon,2006/11/01,"tcgplayer,cardmarket",https://prices.pokemontcg.io/tcgplayer/ex15-50,https://images.pokemontcg.io/ex15/50_hires.png,2026/08/08,2026/02/22,0.87,0.4399999976158142,0.8199999928474426,19.989999771118164,,14.26,,,,0.5075,0.0231,0.6229,3.0568,1.038100004196167,0.5306,0.5075,5.7675,3.9104,3.3567,1.1535,2026-08-09
dp3-64,Shelgon,normal,Secret Wonders,64,Uncommon,Kouki Saitou,Stage 1,372,Pokémon,2007/11/01,"tcgplayer,cardmarket",https://prices.pokemontcg.io/tcgplayer/dp3-64,https://images.pokemontcg.io/dp3/64_hires.png,2026/08/08,2026/02/19,0.54,0.20000000298023224,0.38999998569488525,3.0,,1.7,,,,0.2538,0.0231,0.3691,0.9228,0.10379999876022339,0.4268,0.2422,0.9228,1.0612,1.1766,1.1535,2026-08-09
ex7-59,Houndour,normal,Team Rocket Returns,59,Common,Naoyo Kimura,Basic,228,Pokémon,2004/11/01,"tcgplayer,cardmarket",https://prices.pokemontcg.io/tcgplayer/ex7-59,https://images.pokemontcg.io/ex7/59_hires.png,2026/08/08,2026/02/19,2.96,2.4600000381469727,4.96999979019165,33.400001525878906,,54.97,,,,0.9343,0.173,1.3727,0.0,2.249300003051758,1.0151,1.1535,14.984,35.1702,21.4551,1.1535,2026-08-09
ex10-61,Larvitar,normal,Unseen Forces,61,Common,Aya Kusube,Basic,246,Pokémon,2005/08/01,"tcgplayer,cardmarket",https://prices.pokemontcg.io/tcgplayer/ex10-61,https://images.pokemontcg.io/ex10/61_hires.png,2026/08/08,2026/02/22,0.49,0.23000000417232513,0.49000000953674316,19.459999084472656,,26.2,,,,5.3176,0.0231,0.0231,5.3292,2.2146999835968018,0.5191,3.0452,4.614,6.8749,7.0594,1.1535,2026-08-09
swsh2-56,Voltorb,normal,Rebel Clash,56,Common,Hasegawa Saki,Basic,100,Pokémon,2020/05/01,"tcgplayer,cardmarket",https://prices.pokemontcg.io/tcgplayer/swsh2-56,https://images.pokemontcg.io/swsh2/56_hires.png,2026/08/08,2026/02/01,0.03,0.009999999776482582,0.15000000596046448,19.979999542236328,,0.34,,,,0.0461,0.0231,0.0461,0.2653,0.03460000082850456,0.0346,0.0461,0.2884,0.15,0.2422,1.1535,2026-08-09
sm10-51,Froakie,normal,Unbroken Bonds,51,Common,Kyoko Umemoto,Basic,656,Pokémon,2019/05/03,"tcgplayer,cardmarket",https://prices.pokemontcg.io/tcgplayer/sm10-51,https://images.pokemontcg.io/sm10/51_hires.png,2026/08/08,2026/02/04,0.24,0.09000000357627869,0.25,10.0,,0.41,,,,0.1615,0.0231,0.1615,0.3807,0.023099999874830246,0.173,0.1154,0.5652,0.3345,0.4268,1.1535,2026-08-09
sm12-63,Wishiwashi-GX,holofoil,Cosmic Eclipse,63,Rare Holo GX,sadaji,Basic|GX,746,Pokémon,2019/11/01,"tcgplayer,cardmarket",https://prices.pokemontcg.io/tcgplayer/sm12-63,https://images.pokemontcg.io/sm12/63_hires.png,2026/08/08,2026/02/01,1.62,1.0,1.850000023841858,895.52001953125,,,,,,1.4995,0.5767,1.4073,0.0,1.153499960899353,1.6264,1.5918,3.4605,2.1224,1.638,1.1535,2026-08-09
swsh1-61,Drednaw,normal,Sword & Shield,61,Rare,Hitoshi Ariga,Stage 1,834,Pokémon,2020/02/07,"tcgplayer,cardmarket",https://prices.pokemontcg.io/tcgplayer/swsh1-61,https://images.pokemontcg.io/swsh1/61_hires.png,2026/08/08,2026/02/01,0.22,0.009999999776482582,0.23000000417232513,18.799999237060547,,0.25,,,,0.4383,0.0231,0.2307,0.7613,0.08070000261068344,0.1384,0.3114,2.0186,0.8767,0.9228,1.1535,2026-08-09
hgss2-60,Riolu,normal,HS—Unleashed,60,Common,Kouki Saitou,Basic,447,Pokémon,2010/05/12,"tcgplayer,cardmarket",https://prices.pokemontcg.io/tcgplayer/hgss2-60,https://images.pokemontcg.io/hgss2/60_hires.png,2026/08/08,2026/02/19,0.36,0.12999999523162842,0.3400000035762787,19.860000610351562,,19.99,,,,0.2653,0.0231,0.1961,2.7453,0.09229999780654907,0.1961,0.2538,0.8651,5.4561,2.4916,1.1535,2026-08-09
gym1-61,Blaine's Charmander,unlimited,Gym Heroes,61,Common,Ken Sugimori,Basic,4,Pokémon,2000/08/14,"tcgplayer,cardmarket",https://prices.pokemontcg.io/tcgplayer/gym1-61,https://images.pokemontcg.io/gym1/61_hires.png,2026/08/08,2026/02/22,2.82,1.0,2.490000009536743,28.100000381469727,,,,,"{""1stEdition"": {""low"": 10.15, ""mid"": 13.02, ""high"": 90.0, ""market"": 12.79, ""directLow"": null}}",3.6566,0.5652,5.1561,0.0,6.355800151824951,4.4294,3.6451,0.0,0.0,0.0,1.1535,2026-08-09
ex14-58,Mudkip,normal,Crystal Guardians,58,Common,Hajime Kusajima,Basic,258,Pokémon,2006/08/01,"tcgplayer,cardmarket",https://prices.pokemontcg.io/tcgplayer/ex14-58,https://images.pokemontcg.io/ex14/58_hires.png,2026/08/08,2026/02/19,2.31,1.0,2.0999999046325684,27.290000915527344,,62.53,,,,1.0843,0.0231,0.4614,13.2191,0.23070000112056732,0.5998,0.8997,57.6635,17.464,12.1925,1.1535,2026-08-09
pl3-56,Dragonite FB,normal,Supreme Victors,56,Uncommon,Shin Nagasawa,Basic|SP,149,Pokémon,2009/08/19,"tcgplayer,cardmarket",https://prices.pokemontcg.io/tcgplayer/pl3-56,https://images.pokemontcg.io/pl3/56_hires.png,2026/08/08,2026/02/19,16.09,8.0,14.75,509.8999938964844,,33.34,,,,36.7159,4.0373,13.992,0.0,10.381500244140625,10.9121,22.4471,11.5235,14.8225,5.3061,1.1535,2026-08-09
dp5-57,Chimchar,normal,Majestic Dawn,57,Common,Naoyo Kimura,Basic,390,Pokémon,2008/05/01,"tcgplayer,cardmarket",https://prices.pokemontcg.io/tcgplayer/dp5-57,https://images.pokemontcg.io/dp5/57_hires.png,2026/08/08,2026/02/19,0.97,0.25,0.7699999809265137,19.979999542236328,,6.3,,,,0.5998,0.0231,0.4729,1.9148,0.11540000140666962,0.5306,0.5883,1.1535,3.449,2.307,1.1535,2026-08-09
xy11-64,Bisharp,holofoil,Steam Siege,64,Rare Holo,Shin Nagasawa,Stage 1,625,Pokémon,2016/08/03,"tcgplayer,cardmarket",https://prices.pokemontcg.io/tcgplayer/xy11-64,https://images.pokemontcg.io/xy11/64_hires.png,2026/08/08,2026/02/19,1.07,0.30000001192092896,1.0,12.0,,1.42,,,,2.3762,0.2307,2.3185,1.984,2.306999921798706,2.0186,1.7879,2.0186,1.9956,1.9148,1.1535,2026-08-09
bw6-59,Golurk,holofoil,Dragons Exalted,59,Rare Holo,Ryo Ueda,Stage 1,623,Pokémon,2012/08/15,"tcgplayer,cardmarket",https://prices.pokemontcg.io/tcgplayer/bw6-59,https://images.pokemontcg.io/bw6/59_hires.png,2026/08/08,2026/02/04,1.39,0.5699999928474426,1.3600000143051147,19.979999542236328,,1.71,,,,0.5191,0.0923,0.8651,1.2573,1.7302000522613525,0.7267,1.142,0.9113,1.1304,1.488,1.1535,2026-08-09
xy6-58,Latios-EX,holofoil,Roaring Skies,58,Rare Holo EX,Ayaka Yoshida,Basic|EX,381,Pokémon,2015/05/06,"tcgplayer,cardmarket",https://prices.pokemontcg.io/tcgplayer/xy6-58,https://images.pokemontcg.io/xy6/58_hires.png,2026/08/08,2026/02/01,9.7,4.989999771118164,8.0,99.58999633789062,,,,,,9.8509,2.8607,9.2972,0.0,7.959199905395508,9.7817,8.8935,3.9796,3.8758,3.5412,1.1535,2026-08-09
ex8-60,Electrike,normal,Deoxys,60,Common,Hiroki Fuchino,Basic,309,Pokémon,2005/02/01,"tcgplayer,cardmarket",https://prices.pokemontcg.io/tcgplayer/ex8-60,https://images.pokemontcg.io/ex8/60_hires.png,2026/08/08,2026/02/21,0.45,0.15000000596046448,0.44999998807907104,20.399999618530273,,18.71,,,,0.2538,0.0231,0.2653,2.5723,0.05770000070333481,0.2653,0.2538,11.535,12.0195,9.8048,1.1535,2026-08-09
ecard3-26,Poliwrath,normal,Skyridge,26,Rare,Naoyo Kimura,Stage 2,62,Pokémon,2003/05/12,"tcgplayer,cardmarket",https://prices.pokemontcg.io/tcgplayer/ecard3-26,https://images.pokemontcg.io/ecard3/26_hires.png,2026/08/08,2026/02/22,61.04,52.900001525878906,85.0,567.2000122070312,,102.33,,,,14.1996,3.4374,11.8464,27.6609,2.8838000297546387,12.9307,17.1525,13.8305,36.3237,39.8996,1.1535,2026-08-09
hgss4-59,Carvanha,normal,HS—Triumphant,59,Common,MAHOU,Basic,318,Pokémon,2010/11/03,"tcgplayer,cardmarket",https://prices.pokemontcg.io/tcgplayer/hgss4-59,https://images.pokemontcg.io/hgss4/59_hires.png,2026/08/08,2026/02/19,0.3,0.09000000357627869,0.33000001311302185,19.979999542236328,,1.36,,,,0.2768,0.0231,0.1615,1.0958,0.023099999874830246,0.2076,0.323,0.5075,0.7728,0.7959,1.1535,2026-08-09
bw2-53,Gigalith,normal,Emerging Powers,53,Rare,Naoki Saito,Stage 2,526,Pokémon,2011/08/31,"tcgplayer,cardmarket",https://prices.pokemontcg.io/tcgplayer/bw2-53,https://images.pokemontcg.io/bw2/53_hires.png,2026/08/08,2026/02/21,0.77,0.2800000011920929,0.5600000023841858,19.979999542236328,,2.61,,,,1.0728,0.0231,3.5412,1.0381,0.46140000224113464,7.2324,2.5608,0.5191,1.7187,2.0186,1.1535,2026-08-09
xy2-69,M Charizard-EX,holofoil,Flashfire,69,Rare Holo EX,5ban Graphics,MEGA|EX,6,Pokémon,2014/05/07,"tcgplayer,cardmarket",https://prices.pokemontcg.io/tcgplayer/xy2-69,https://images.pokemontcg.io/xy2/69_hires.png,2026/08/08,2026/02/01,285.97,152.52000427246094,212.60000610351562,1578.739990234375,,,,,,89.8,34.5935,104.0457,0.0,161.49000549316406,121.9365,100.4583,14.4187,43.7523,54.7336,1.1535,2026-08-09
ex5-53,Baltoy,normal,Hidden Legends,53,Common,Ken Sugimori,Basic,343,Pokémon,2004/06/01,"tcgplayer,cardmarket",https://prices.pokemontcg.io/tcgplayer/ex5-53,https://images.pokemontcg.io/ex5/53_hires.png,2026/08/08,2026/03/07,0.42,0.23999999463558197,0.41999998688697815,20.420000076293945,,6.99,,,,0.4383,0.0231,0.4153,2.5608,0.46140000224113464,0.4729,0.4153,0.5767,2.2724,3.2183,1.1535,2026-08-09
bw3-56,Beheeyem,normal,Noble Victories,56,Rare,Kagemaru Himeno,Stage 1,606,Pokémon,2011/11/16,"tcgplayer,cardmarket",https://prices.pokemontcg.io/tcgplayer/bw3-56,https://images.pokemontcg.io/bw3/56_hires.png,2026/08/08,2026/02/19,3.03,2.25,3.0,38.79999923706055,,4.61,,,,0.9459,0.1038,0.8536,0.2307,0.23070000112056732,0.7382,1.2573,0.2307,2.1686,1.8802,1.1535,2026-08-09
ex6-57,Charmander,normal,FireRed & LeafGreen,57,Common,Kouki Saitou,Basic,4,Pokémon,2004/09/01,"tcgplayer,cardmarket",https://prices.pokemontcg.io/tcgplayer/ex6-57,https://images.pokemontcg.io/ex6/57_hires.png,2026/08/08,2026/02/21,4.51,2.950000047683716,5.0,44.099998474121094,,116.56,,,,2.0186,0.346,2.8145,33.4515,1.464900016784668,2.9299,2.3301,34.5819,30.8792,26.6228,1.1535,2026-08-09
neo4-61,Cyndaquil,unlimited,Neo Destiny,61,Common,Yukiko Baba,Basic,155,Pokémon,2002/02/28,"tcgplayer,cardmarket",https://prices.pokemontcg.io/tcgplayer/neo4-61,https://images.pokemontcg.io/neo4/61_hires.png,2026/08/08,2026/02/21,2.81,1.0,2.2899999618530273,21.6200008392334,,,,,"{""1stEdition"": {""low"": 15.98, ""mid"": 40.0, ""high"": 110.01, ""market"": 15.4, ""directLow"": 110.0}}",1.7995,0.1154,1.2112,0.0,0.34599998593330383,1.4073,1.7072,0.0,0.0,0.0,1.1535,2026-08-09
bw4-65,Hippopotas,normal,Next Destinies,65,Common,match,Basic,449,Pokémon,2012/02/08,"tcgplayer,cardmarket",https://prices.pokemontcg.io/tcgplayer/bw4-65,https://images.pokemontcg.io/bw4/65_hires.png,2026/08/08,2026/02/04,0.18,0.10000000149011612,0.23999999463558197,1000.0,,0.83,,,,0.2076,0.0231,0.2192,0.7613,0.05770000070333481,0.2538,0.15,0.4268,0.5306,0.5652,1.1535,2026-08-09
dp2-55,Masquerain,normal,Mysterious Treasures,55,Uncommon,Midori Harada,Stage 1,284,Pokémon,2007/08/01,"tcgplayer,cardmarket",https://prices.pokemontcg.io/tcgplayer/dp2-55,https://images.pokemontcg.io/dp2/55_hires.png,2026/08/08,2026/02/22,0.35,0.12999999523162842,0.33000001311302185,19.979999542236328,,2.08,,,,0.1961,0.0231,0.2307,0.5191,0.17299999296665192,0.15,0.173,1.7302,2.9414,1.7072,1.1535,2026-08-09
bw7-62,Dusclops,normal,Boundaries Crossed,62,Uncommon,Akira Komayama,Stage 1,356,Pokémon,2012/11/07,"tcgplayer,cardmarket",https://prices.pokemontcg.io/tcgplayer/bw7-62,https://images.pokemontcg.io/bw7/62_hires.png,2026/08/08,2026/02/04,0.55,0.1899999976158142,0.5,19.979999542236328,,2.0,,,,0.2307,0.0231,0.2076,0.5652,0.40369999408721924,0.2422,0.2884,0.2192,0.8882,0.9343,1.1535,2026-08-09
swsh4-57,Tynamo,normal,Vivid Voltage,57,Common,sowsow,Basic,602,Pokémon,2020/11/13,"tcgplayer,cardmarket",https://prices.pokemontcg.io/tcgplayer/swsh4-57,https://images.pokemontcg.io/swsh4/57_hires.png,2026/08/08,2026/02/19,0.09,0.009999999776482582,0.15000000596046448,25.09000015258789,,0.28,,,,0.0461,0.0231,0.0346,0.2192,0.03460000082850456,0.0346,0.0461,0.0231,0.1846,0.2307,1.1535,2026-08-09
base5-56,Ekans,unlimited,Team Rocket,56,Common,Ken Sugimori,Basic,23,Pokémon,2000/04/24,"tcgplayer,cardmarket",https://prices.pokemontcg.io/tcgplayer/base5-56,https://images.pokemontcg.io/base5/56_hires.png,2026/08/08,2026/06/21,0.49,0.07999999821186066,0.49000000953674316,5.489999771118164,,,,,"{""1stEdition"": {""low"": 0.75, ""mid"": 1.78, ""high"": 19.99, ""market"": 1.78, ""directLow"": null}}",0.8421,0.0231,0.9113,0.0,1.0843000411987305,0.5421,0.8536,0.1154,0.2653,0.2653,1.1535,2026-08-09
dp4-54,Slowbro,normal,Great Encounters,54,Uncommon,Atsuko Nishida,Stage 1,80,Pokémon,2008/02/01,"tcgplayer,cardmarket",https://prices.pokemontcg.io/tcgplayer/dp4-54,https://images.pokemontcg.io/dp4/54_hires.png,2026/08/08,2026/02/21,2.93,1.4500000476837158,2.450000047683716,32.02000045776367,,9.17,,,,0.3691,0.0231,0.3807,1.1189,0.40369999408721924,0.4268,0.4499,1.1996,1.4995,1.9033,1.1535,2026-08-09
base6-55,Nidorina,normal,Legendary Collection,55,Uncommon,Ken Sugimori,Stage 1,30,Pokémon,2002/05/24,"tcgplayer,cardmarket",https://prices.pokemontcg.io/tcgplayer/base6-55,https://images.pokemontcg.io/base6/55_hires.png,2026/08/08,2026/06/21,1.47,0.75,1.3799999952316284,25.100000381469727,,109.99,,,,3.6797,0.173,3.7604,51.4,1.0958000421524048,3.8296,1.7879,40.3725,15.7107,34.9972,1.1535,2026-08-09
hgss1-67,Hoppip,normal,HeartGold & SoulSilver,67,Common,sui,Basic,187,Pokémon,2010/02/10,"tcgplayer,cardmarket",https://prices.pokemontcg.io/tcgplayer/hgss1-67,https://images.pokemontcg.io/hgss1/67_hires.png,2026/08/08,2026/02/01,0.49,0.30000001192092896,0.5199999809265137,5.0,,5.78,,,,0.2999,0.0231,0.3691,0.7152,0.25380000472068787,0.346,0.3114,1.142,0.7382,0.9805,1.1535,2026-08-09
bw9-61,Onix,normal,Plasma Freeze,61,Uncommon,Toyste Beach,Basic,95,Pokémon,2013/05/08,"tcgplayer,cardmarket",https://prices.pokemontcg.io/tcgplayer/bw9-61,https://images.pokemontcg.io/bw9/61_hires.png,2026/08/08,2026/02/01,0.66,0.2800000011920929,0.6499999761581421,23.489999771118164,,2.69,,,,0.3576,0.0231,0.3691,0.4037,0.46140000224113464,0.3691,0.2768,0.4037,1.5457,0.8882,1.1535,2026-08-09
neo3-56,Staryu,unlimited,Neo Revelation,56,Common,Mitsuhiro Arita,Basic,120,Pokémon,2001/09/21,"tcgplayer,cardmarket",https://prices.pokemontcg.io/tcgplayer/neo3-56,https://images.pokemontcg.io/neo3/56_hires.png,2026/08/08,2026/06/21,0.64,0.20000000298023224,0.6700000166893005,23.489999771118164,,,,,"{""1stEdition"": {""low"": 1.22, ""mid"": 2.99, ""high"": 35.1, ""market"": 2.46, ""directLow"": null}}",0.8997,0.0231,0.5537,0.0,0.23070000112056732,0.4037,0.7498,0.0,0.0,0.0,1.1535,2026-08-09
ex13-61,Carvanha δ,normal,Holon Phantoms,61,Common,Kouki Saitou,Basic,318,Pokémon,2006/05/01,"tcgplayer,cardmarket",https://prices.pokemontcg.io/tcgplayer/ex13-61,https://images.pokemontcg.io/ex13/61_hires.png,2026/08/08,2026/02/19,0.6,0.25,0.5,19.989999771118164,,22.65,,,,0.323,0.0231,0.4268,9.3549,0.7267000079154968,0.3345,0.346,4.291,11.4543,12.3655,1.1535,2026-08-09
base2-52,Exeggcute,unlimited,Jungle,52,Common,Mitsuhiro Arita,Basic,102,Pokémon,1999/06/16,"tcgplayer,cardmarket",https://prices.pokemontcg.io/tcgplayer/base2-52,https://images.pokemontcg.io/base2/52_hires.png,2026/08/08,2026/06/21,0.42,0.07999999821186066,0.46000000834465027,16.420000076293945,,,,,"{""1stEdition"": {""low"": 0.99, ""mid"": 3.17, ""high"": 39.66, ""market"": 3.22, ""directLow"": 4.17}}",0.6344,0.0231,0.9574,0.0,2.0185999870300293,0.8997,0.646,0.0461,0.9574,0.819,1.1535,2026-08-09
sm7-61,Lunatone,holofoil,Celestial Storm,61,Rare Holo,Hisao Nakamura,Basic,337,Pokémon,2018/08/03,"tcgplayer,cardmarket",https://prices.pokemontcg.io/tcgplayer/sm7-61,https://images.pokemontcg.io/sm7/61_hires.png,2026/08/08,2026/01/21,0.51,0.30000001192092896,0.5099999904632568,17.479999542236328,,0.54,,,,1.4419,0.2307,0.9689,0.8997,1.4419000148773193,0.9113,0.9113,1.1535,0.992,1.142,1.1535,2026-08-09
bw11-64,Woobat,normal,Legendary Treasures,64,Common,Mizue,Basic,527,Pokémon,2013/11/06,"tcgplayer,cardmarket",https://prices.pokemontcg.io/tcgplayer/bw11-64,https://images.pokemontcg.io/bw11/64_hires.png,2026/08/08,2026/02/19,0.2,0.05000000074505806,0.23000000417232513,1000.0,,1.92,,,,0.2884,0.0231,0.2192,0.0,0.28839999437332153,0.1961,0.1961,4.0257,2.0878,1.3957,1.1535,2026-08-09
xy3-50,Breloom,normal,Furious Fists,50,Rare,Hitoshi Ariga,Stage 1,286,Pokémon,2014/08/13,"tcgplayer,cardmarket",https://prices.pokemontcg.io/tcgplayer/xy3-50,https://images.pokemontcg.io/xy3/50_hires.png,2026/08/08,2026/02/19,0.47,0.20000000298023224,0.44999998807907104,19.989999771118164,,0.95,,,,0.5883,0.0923,0.5883,0.8651,0.17299999296665192,0.5191,0.6575,1.1535,0.9343,1.3842,1.1535,2026-08-09
g1-48,Hitmonchan,normal,Generations,48,Rare,match,Basic,107,Pokémon,2016/02/22,"tcgplayer,cardmarket",https://prices.pokemontcg.io/tcgplayer/g1-48,https://images.pokemontcg.io/g1/48_hires.png,2026/08/08,2026/02/22,0.34,0.18000000715255737,0.3499999940395355,23.489999771118164,,0.77,,,,0.5537,0.0231,0.4037,0.8421,0.219200000166893,0.4614,0.5191,0.5767,0.8421,1.1535,1.1535,2026-08-09
sm75-59,Dragon Talon,normal,Dragon Majesty,59,Uncommon,Toyste Beach,Pokémon Tool,,Trainer,2018/09/07,"tcgplayer,cardmarket",https://prices.pokemontcg.io/tcgplayer/sm75-59,https://images.pokemontcg.io/sm75/59_hires.png,2026/08/08,2026/02/04,0.27,0.10000000149011612,0.30000001192092896,17.040000915527344,,0.78,,,,0.4499,0.0231,0.4499,0.5421,0.19609999656677246,0.3807,0.4268,0.7959,0.669,0.7498,1.1535,2026-08-09
sm6-56,Naganadel-GX,holofoil,Forbidden Light,56,Rare Holo GX,5ban Graphics,Stage 1|GX|Ultra Beast,804,Pokémon,2018/05/04,"tcgplayer,cardmarket",https://prices.pokemontcg.io/tcgplayer/sm6-56,https://images.pokemontcg.io/sm6/56_hires.png,2026/08/08,2026/02/01,4.61,3.8399999141693115,5.119999885559082,46.599998474121094,,,,,,4.2449,1.7187,3.8758,0.0,4.360199928283691,4.3141,4.4064,5.1907,3.1029,2.8145,1.1535,2026-08-09
neo2-53,Caterpie,unlimited,Neo Discovery,53,Common,Yuka Morii,Basic,10,Pokémon,2001/06/01,"tcgplayer,cardmarket",https://prices.pokemontcg.io/tcgplayer/neo2-53,https://images.pokemontcg.io/neo2/53_hires.png,2026/08/08,2026/06/21,2.27,0.5400000214576721,1.600000023841858,19.979999542236328,,,,,"{""1stEdition"": {""low"": 3.09, ""mid"": 9.96, ""high"": 52.27, ""market"": 7.46, ""directLow"": null}}",0.7498,0.0231,0.7959,0.0,0.24220000207424164,0.5883,0.6921,0.0,0.0,0.0,1.1535,2026-08-09
sm9-63,Muk,normal,Team Up,63,Rare,Anesaki Dynamic,Stage 1,89,Pokémon,2019/02/01,"tcgplayer,cardmarket",https://prices.pokemontcg.io/tcgplayer/sm9-63,https://images.pokemontcg.io/sm9/63_hires.png,2026/08/08,2026/02/01,0.37,0.1899999976158142,0.4000000059604645,1.4900000095367432,,1.08,,,,0.4729,0.0577,0.5652,1.9379,0.31139999628067017,0.4499,0.4037,3.3451,1.1996,0.9805,1.1535,2026-08-09
pl2-56,Ambipom G,normal,Rising Rivals,56,Common,Makoto Imai,Basic|SP,424,Pokémon,2009/05/16,"tcgplayer,cardmarket",https://prices.pokemontcg.io/tcgplayer/pl2-56,https://images.pokemontcg.io/pl2/56_hires.png,2026/08/08,2026/02/19,0.39,0.1599999964237213,0.4000000059604645,2.2799999713897705,,3.14,,,,0.1846,0.0231,0.1269,1.8687,0.05770000070333481,0.2307,0.2076,0.9228,1.6956,1.8225,1.1535,2026-08-09
base1-62,Sandshrew,normal,Base,62,Common,Ken Sugimori,Basic,27,Pokémon,1999/01/09,"tcgplayer,cardmarket",https://prices.pokemontcg.io/tcgplayer/base1-62,https://images.pokemontcg.io/base1/62_hires.png,2026/08/08,2026/02/22,0.89,0.20000000298023224,0.7200000286102295,64.38999938964844,,,,,,1.8571,0.0231,4.1295,0.0,1.3035000562667847,1.3611,1.8687,17.291,6.7364,6.7364,1.1535,2026-08-09
swsh35-64,Rotom Phone,normal,Champion's Path,64,Uncommon,Ryo Ueda,Item,,Trainer,2020/09/25,"tcgplayer,cardmarket",https://prices.pokemontcg.io/tcgplayer/swsh35-64,https://images.pokemontcg.io/swsh35/64_hires.png,2026/08/08,2026/02/19,0.23,0.029999999329447746,0.23999999463558197,2.990000009536743,,0.36,,,,0.1384,0.0231,0.0577,0.4499,0.13840000331401825,0.1038,0.1269,0.173,0.5306,0.3922,1.1535,2026-08-09
ecard1-54,Meganium,normal,Expedition Base Set,54,Rare,Hajime Kusajima,Stage 2,154,Pokémon,2002/09/15,"tcgplayer,cardmarket",https://prices.pokemontcg.io/tcgplayer/ecard1-54,https://images.pokemontcg.io/ecard1/54_hires.png,2026/08/08,2026/06/21,12.53,9.0,18.68000030517578,112.80000305175781,,47.5,,,,7.3132,0.5767,6.1828,8.6282,16.14900016784668,7.4862,8.7666,10.3238,9.6894,8.9627,1.1535,2026-08-09
xy5-63,Eelektrik,normal,Primal Clash,63,Uncommon,match,Stage 1,603,Pokémon,2015/02/04,"tcgplayer,cardmarket",https://prices.pokemontcg.io/tcgplayer/xy5-63,https://images.pokemontcg.io/xy5/63_hires.png,2026/08/08,2026/01/23,0.15,0.03999999910593033,0.20000000298023224,19.979999542236328,,0.41,,,,0.2076,0.0231,0.1615,0.5652,0.11540000140666962,0.15,0.173,0.5652,0.4614,0.5306,1.1535,2026-08-09
bw5-54,Groudon-EX,holofoil,Dark Explorers,54,Rare Holo EX,Shizurow,Basic|EX,383,Pokémon,2012/05/09,"tcgplayer,cardmarket",https://prices.pokemontcg.io/tcgplayer/bw5-54,https://images.pokemontcg.io/bw5/54_hires.png,2026/08/08,2026/02/19,81.73,49.970001220703125,88.87999725341797,700.0,,,,,,5.7675,5.6291,12.1925,0.0,9.15880012512207,14.3957,15.9644,11.535,14.2688,10.1393,1.1535,2026-08-09
sm115-61,Misty's Cerulean City Gym,normal,Hidden Fates,61,Uncommon,5ban Graphics,Stadium,,Trainer,2019/08/23,"tcgplayer,cardmarket",https://prices.pokemontcg.io/tcgplayer/sm115-61,https://images.pokemontcg.io/sm115/61_hires.png,2026/08/08,2026/02/22,0.09,0.009999999776482582,0.1899999976158142,19.059999465942383,,0.36,,,,0.0923,0.0231,0.0577,0.3114,0.05770000070333481,0.0577,0.0807,0.4499,0.4037,0.3922,1.1535,2026-08-09
ex2-55,Xatu,normal,Sandstorm,55,Uncommon,Midori Harada,Stage 1,178,Pokémon,2003/09/18,"tcgplayer,cardmarket",https://prices.pokemontcg.io/tcgplayer/ex2-55,https://images.pokemontcg.io/ex2/55_hires.png,2026/08/08,2026/02/21,1.05,0.6000000238418579,1.1100000143051147,21.0,,9.82,,,,0.9343,0.1154,0.8421,2.4916,0.40369999408721924,0.8882,0.6575,1.7302,3.4836,2.9299,1.1535,2026-08-09
sm5-60,Cosmog,normal,Ultra Prism,60,Common,Shin Nagasawa,Basic,789,Pokémon,2018/02/02,"tcgplayer,cardmarket",https://prices.pokemontcg.io/tcgplayer/sm5-60,https://images.pokemontcg.io/sm5/60_hires.png,2026/08/08,2026/02/01,0.07,0.029999999329447746,0.25,19.979999542236328,,0.48,,,,0.0923,0.0231,0.0807,0.4729,0.023099999874830246,0.1038,0.0923,0.4268,0.4153,0.3807,1.1535,2026-08-09
smp-SM52,Golisopod,holofoil,SM Black Star Promos,SM52,Promo,Naoki Saito,Stage 1,768,Pokémon,2017/02/03,"tcgplayer,cardmarket",https://prices.pokemontcg.io/tcgplayer/smp-SM52,https://images.pokemontcg.io/smp/SM52_hires.png,2026/08/08,2026/02/04,1.63,0.699999988079071,1.7799999713897705,19.979999542236328,,,,,,0.6921,0.0231,0.646,0.0,1.153499960899353,0.7382,0.646,1.4419,1.2112,0.9228,1.1535,2026-08-09
bw8-60,Kirlia,normal,Plasma Storm,60,Uncommon,Mizue,Stage 1,281,Pokémon,2013/02/06,"tcgplayer,cardmarket",https://prices.pokemontcg.io/tcgplayer/bw8-60,https://images.pokemontcg.io/bw8/60_hires.png,2026/08/08,2026/02/04,0.44,0.25,0.44999998807907104,19.0,,5.22,,,,0.2422,0.0231,0.3114,0.0,0.57669997215271,0.2307,0.2653,10.3238,3.4605,1.9494,1.1535,2026-08-09
xy10-58,Mandibuzz,normal,Fates Collide,58,Rare,Masakazu Fukuda,Stage 1,630,Pokémon,2016/05/02,"tcgplayer,cardmarket",https://prices.pokemontcg.io/tcgplayer/xy10-58,https://images.pokemontcg.io/xy10/58_hires.png,2026/08/08,2026/02/01,0.3,0.10000000149011612,0.30000001192092896,19.979999542236328,,0.59,,,,0.4037,0.0346,0.3922,0.9574,0.219200000166893,0.4037,0.4037,1.1535,0.8651,0.7959,1.1535,2026-08-09
ex16-53,Machop,normal,Power Keepers,53,Common,Ken Sugimori,Basic,66,Pokémon,2007/02/02,"tcgplayer,cardmarket",https://prices.pokemontcg.io/tcgplayer/ex16-53,https://images.pokemontcg.io/ex16/53_hires.png,2026/08/08,2026/02/22,0.35,0.15000000596046448,0.3100000023841858,19.979999542236328,,17.99,,,,0.1269,0.0231,0.1384,3.6566,0.2653000056743622,0.1615,0.1269,2.5492,3.126,3.6912,1.1535,2026-08-09
neo1-54,Chikorita,unlimited,Neo Genesis,54,Common,Ken Sugimori,Basic,152,Pokémon,2000/12/16,"tcgplayer,cardmarket",https://prices.pokemontcg.io/tcgplayer/neo1-54,https://images.pokemontcg.io/neo1/54_hires.png,2026/08/08,2026/06/21,2.09,0.3100000023841858,1.1799999475479126,96.94999694824219,,,,,"{""1stEdition"": {""low"": 1.99, ""mid"": 4.36, ""high"": 19.99, ""market"": 4.86, ""directLow"": 3.84}}",1.4649,0.0231,1.7302,0.0,1.2458000183105469,1.811,1.4303,7.4977,8.2821,8.2821,1.1535,2026-08-09
swsh3-55,Mareep,normal,Darkness Ablaze,55,Common,sowsow,Basic,179,Pokémon,2020/08/14,"tcgplayer,cardmarket",https://prices.pokemontcg.io/tcgplayer/swsh3-55,https://images.pokemontcg.io/swsh3/55_hires.png,2026/08/08,2026/02/19,0.07,0.009999999776482582,0.20000000298023224,25.06999969482422,,0.42,,,,0.0807,0.0231,0.173,0.2076,0.05770000070333481,0.1615,0.1038,0.2422,0.2884,0.2653,1.1535,2026-08-09
swshp-SWSH053,Machamp,holofoil,SWSH Black Star Promos,SWSH053,Promo,SATOSHI NAKAI,Stage 2,68,Pokémon,2019/11/15,"tcgplayer,cardmarket",https://prices.pokemontcg.io/tcgplayer/swshp-SWSH053,https://images.pokemontcg.io/swshp/SWSH053_hires.png,2026/08/08,2026/02/04,4.72,2.5999999046325684,4.880000114440918,38.709999084472656,,,,,,1.661,0.346,1.3265,0.0,1.0266000032424927,1.0728,1.2227,0.4614,1.165,0.9689,1.1535,2026-08-09
ex4-62,Team Magma's Houndour,normal,Team Magma vs Team Aqua,62,Common,Atsuko Ujiie,Basic,228,Pokémon,2004/03/01,"tcgplayer,cardmarket",https://prices.pokemontcg.io/tcgplayer/ex4-62,https://images.pokemontcg.io/ex4/62_hires.png,2026/08/08,2026/02/19,1.05,0.23000000417232513,1.0,21.030000686645508,,25.0,,,,0.3114,0.0231,0.2768,0.0,0.46140000224113464,0.2999,0.3345,1.142,2.7107,5.9521,1.1535,2026-08-09
xy12-56,Dugtrio,normal,Evolutions,56,Rare,Keiji Kinebuchi,Stage 1,51,Pokémon,2016/11/02,"tcgplayer,cardmarket",https://prices.pokemontcg.io/tcgplayer/xy12-56,https://images.pokemontcg.io/xy12/56_hires.png,2026/08/08,2026/02/01,0.13,0.019999999552965164,0.23999999463558197,23.0,,0.94,,,,0.2538,0.0231,0.1384,2.3647,0.18459999561309814,0.1615,0.2422,1.8456,2.4685,2.5838,1.1535,2026-08-09
dp1-63,Silcoon,normal,Diamond & Pearl,63,Uncommon,Ken Sugimori,Stage 1,266,Pokémon,2007/05/01,"tcgplayer,cardmarket",https://prices.pokemontcg.io/tcgplayer/dp1-63,https://images.pokemontcg.io/dp1/63_hires.png,2026/08/08,2026/02/19,0.31,0.10999999940395355,0.30000001192092896,19.979999542236328,,1.1,,,,0.2076,0.0231,0.4383,0.3807,0.2653000056743622,0.4845,0.2422,2.2955,0.8651,0.992,1.1535,2026-08-09
xy8-56,Stunfisk,normal,BREAKthrough,56,Uncommon,Naoki Saito,Basic,618,Pokémon,2015/11/04,"tcgplayer,cardmarket",https://prices.pokemontcg.io/tcgplayer/xy8-56,https://images.pokemontcg.io/xy8/56_hires.png,2026/08/08,2026/02/19,0.16,0.03999999910593033,0.20000000298023224,1000.0,,0.36,,,,0.173,0.0231,0.1846,0.3114,0.28839999437332153,0.1846,0.1269,0.2307,0.4268,0.3691,1.1535,2026-08-09
pl4-62,Electrike,normal,Arceus,62,Common,Yukiko Baba,Basic,309,Pokémon,2009/11/04,"tcgplayer,cardmarket",https://prices.pokemontcg.io/tcgplayer/pl4-62,https://images.pokemontcg.io/pl4/62_hires.png,2026/08/08,2026/02/19,0.42,0.09000000357627869,0.3799999952316284,19.979999542236328,,7.63,,,,0.15,0.0231,0.1615,2.8838,0.23070000112056732,0.1615,0.1154,2.8838,1.9263,1.1881,1.1535,2026-08-09
sm2-57,Toxapex-GX,holofoil,Guardians Rising,57,Rare Holo GX,5ban Graphics,Stage 1|GX,748,Pokémon,2017/05/05,"tcgplayer,cardmarket",https://prices.pokemontcg.io/tcgplayer/sm2-57,https://images.pokemontcg.io/sm2/57_hires.png,2026/08/08,2026/02/01,2.29,1.350000023841858,2.309999942779541,29.299999237060547,,,,,,2.1801,0.173,1.8341,0.0,1.153499960899353,2.0994,2.0302,1.4995,2.4916,2.5146,1.1535,2026-08-09
xy9-53,Skorupi,normal,BREAKpoint,53,Common,Kyoko Umemoto,Basic,451,Pokémon,2016/02/03,"tcgplayer,cardmarket",https://prices.pokemontcg.io/tcgplayer/xy9-53,https://images.pokemontcg.io/xy9/53_hires.png,2026/08/08,2026/02/04,0.05,0.019999999552965164,0.20000000298023224,1000.0,,0.29,,,,0.0577,0.0231,0.0923,0.2076,0.05770000070333481,0.0807,0.0807,0.2884,0.3576,0.323,1.1535,2026-08-09
bw10-65,Dialga-EX,holofoil,Plasma Blast,65,Rare Holo EX,Eske Yoshinob,Basic|EX|Team Plasma,483,Pokémon,2013/08/14,"tcgplayer,cardmarket",https://prices.pokemontcg.io/tcgplayer/bw10-65,https://images.pokemontcg.io/bw10/65_hires.png,2026/08/08,2026/02/04,29.67,15.510000228881836,45.59000015258789,324.989990234375,,,,,,25.6538,4.5563,24.0159,0.0,98.04750061035156,29.1836,20.1286,3.4605,11.0736,6.425,1.1535,2026-08-09
ecard2-35,Steelix,normal,Aquapolis,35,Rare,Hajime Kusajima,Stage 1,208,Pokémon,2003/01/15,"tcgplayer,cardmarket",https://prices.pokemontcg.io/tcgplayer/ecard2-35,https://images.pokemontcg.io/ecard2/35_hires.png,2026/08/08,2026/02/21,41.8,69.9800033569336,89.9800033569336,250.0,,92.42,,,,7.1863,3.4605,7.2324,14.8109,6.874899864196777,7.2209,7.5554,4.614,24.7772,21.2821,1.1535,2026-08-09
xy1-61,Rhydon,normal,XY,61,Rare,Midori Harada,Stage 1,112,Pokémon,2014/02/05,"tcgplayer,cardmarket",https://prices.pokemontcg.io/tcgplayer/xy1-61,https://images.pokemontcg.io/xy1/61_hires.png,2026/08/08,2026/02/04,0.57,0.25,0.5699999928474426,19.989999771118164,,0.8,,,,0.5421,0.1154,0.4499,1.3035,0.3230000138282776,0.4845,0.646,2.2955,0.9805,1.2689,1.1535,2026-08-09
xy4-56,Purrloin,normal,Phantom Forces,56,Common,Kouki Saitou,Basic,509,Pokémon,2014/11/05,"tcgplayer,cardmarket",https://prices.pokemontcg.io/tcgplayer/xy4-56,https://images.pokemontcg.io/xy4/56_hires.png,2026/08/08,2026/02/04,0.2,0.07999999821186066,0.23999999463558197,1000.0,,0.68,,,,0.173,0.0231,0.1154,0.3807,0.08070000261068344,0.1038,0.1269,0.5191,0.4153,0.3345,1.1535,2026-08-09
sm1-58,Alolan Muk,holofoil,Sun & Moon,58,Rare Holo,Hitoshi Ariga,Stage 1,89,Pokémon,2017/02/03,"tcgplayer,cardmarket",https://prices.pokemontcg.io/tcgplayer/sm1-58,https://images.pokemontcg.io/sm1/58_hires.png,2026/08/08,2026/01/26,0.93,0.49000000953674316,1.0199999809265137,18.780000686645508,,1.2,,,,1.0035,0.0577,0.8536,1.4419,0.57669997215271,0.9459,1.0035,0.346,1.2689,1.1881,1.1535,2026-08-09
dp7-53,Bagon,normal,Stormfront,53,Common,Aya Kusube,Basic,371,Pokémon,2008/11/01,"tcgplayer,cardmarket",https://prices.pokemontcg.io/tcgplayer/dp7-53,https://images.pokemontcg.io/dp7/53_hires.png,2026/08/08,2026/02/19,0.72,0.20999999344348907,0.5,19.979999542236328,,9.33,,,,0.2307,0.0231,0.173,0.819,0.11540000140666962,0.173,0.2192,1.142,1.0728,1.4073,1.1535,2026-08-09
sm35-51,Scrafty,normal,Shining Legends,51,Uncommon,Mitsuhiro Arita,Stage 1,560,Pokémon,2017/10/06,"tcgplayer,cardmarket",https://prices.pokemontcg.io/tcgplayer/sm35-51,https://images.pokemontcg.io/sm35/51_hires.png,2026/08/08,2026/02/19,0.17,0.05000000074505806,0.20000000298023224,19.979999542236328,,0.45,,,,0.0692,0.0231,0.0923,0.4499,0.11540000140666962,0.0692,0.0923,0.2307,0.3691,0.3807,1.1535,2026-08-09
bwp-BW48,Altaria,holofoil,BW Black Star Promos,BW48,Promo,HiRON,Stage 1,334,Pokémon,2011/03/01,"tcgplayer,cardmarket",https://prices.pokemontcg.io/tcgplayer/bwp-BW48,https://images.pokemontcg.io/bwp/BW48_hires.png,2026/08/08,2026/03/07,34.31,33.75,161.8300018310547,349.5,,,,,,27.9493,11.5235,25.7,0.0,11.523500442504883,26.7035,18.6636,5.6752,6.2981,5.7329,1.1535,2026-08-09
ex9-60,Pikachu,normal,Emerald,60,Common,Masakazu Fukuda,Basic,25,Pokémon,2005/05/01,"tcgplayer,cardmarket",https://prices.pokemontcg.io/tcgplayer/ex9-60,https://images.pokemontcg.io/ex9/60_hires.png,2026/08/08,2026/02/21,17.56,10.630000114440918,17.850000381469727,148.8000030517578,,65.76,,,,6.575,0.1154,3.1952,38.0655,1.4419000148773193,2.48,4.5794,40.3725,99.3394,74.1239,1.1535,2026-08-09
gym1-62,Blaine's Growlithe,unlimited,Gym Heroes,62,Common,Atsuko Nishida,Basic,58,Pokémon,2000/08/14,"tcgplayer,cardmarket",https://prices.pokemontcg.io/tcgplayer/gym1-62,https://images.pokemontcg.io/gym1/62_hires.png,2026/08/08,2026/02/22,1.82,0.5,1.5,4318.77001953125,,,,,"{""1stEdition"": {""low"": 5.5, ""mid"": 8.75, ""high"": 96.95, ""market"": 9.29, ""directLow"": 89.93}}",2.2263,0.1154,2.0186,0.0,0.51910001039505,1.7302,2.134,0.0,0.0,0.0,1.1535,2026-08-09
dp6-58,Lanturn,normal,Legends Awakened,58,Uncommon,Masakazu Fukuda,Stage 1,171,Pokémon,2008/08/01,"tcgplayer,cardmarket",https://prices.pokemontcg.io/tcgplayer/dp6-58,https://images.pokemontcg.io/dp6/58_hires.png,2026/08/08,2026/02/19,1.05,0.38999998569488525,0.949999988079071,19.979999542236328,,16.27,,,,0.346,0.1154,0.2422,0.6344,0.34599998593330383,0.2884,0.669,0.3345,1.9494,1.1881,1.1535,2026-08-09
dp5-58,Chingling,normal,Majestic Dawn,58,Common,Ken Sugimori,Basic,433,Pokémon,2008/05/01,"tcgplayer,cardmarket",https://prices.pokemontcg.io/tcgplayer/dp5-58,https://images.pokemontcg.io/dp5/58_hires.png,2026/08/08,2026/02/19,4.07,1.9900000095367432,3.799999952316284,47.0,,5.05,,,,0.4383,0.0231,0.2999,2.1801,0.57669997215271,0.5306,0.5421,1.1535,2.4454,2.0071,1.1535,2026-08-09
smp-SM53,Dhelmise,holofoil,SM Black Star Promos,SM53,Promo,Kouki Saitou,Basic,781,Pokémon,2017/02/03,"tcgplayer,cardmarket",https://prices.pokemontcg.io/tcgplayer/smp-SM53,https://images.pokemontcg.io/smp/SM53_hires.png,2026/08/08,2026/02/04,2.21,0.3199999928474426,1.6299999952316284,96.94999694824219,,,,,,1.3727,0.2884,1.1074,0.0,1.153499960899353,1.0151,0.9805,0.8651,1.1535,1.0266,1.1535,2026-08-09
sm2-58,Mimikyu,holofoil,Guardians Rising,58,Rare Holo,Megumi Mizutani,Basic,778,Pokémon,2017/05/05,"tcgplayer,cardmarket",https://prices.pokemontcg.io/tcgplayer/sm2-58,https://images.pokemontcg.io/sm2/58_hires.png,2026/08/08,2026/02/01,10.67,7.0,10.25,62.720001220703125,,9.46,,,,1.8456,0.0231,2.2609,1.4534,2.6530001163482666,1.7072,1.7418,2.2378,1.6841,2.2839,1.1535,2026-08-09
xy11-65,Yveltal,holofoil,Steam Siege,65,Rare Holo,Hajime Kusajima,Basic,717,Pokémon,2016/08/03,"tcgplayer,cardmarket",https://prices.pokemontcg.io/tcgplayer/xy11-65,https://images.pokemontcg.io/xy11/65_hires.png,2026/08/08,2026/02/01,0.58,0.1599999964237213,0.550000011920929,19.739999771118164,,0.78,,,,5.1677,0.0,4.6486,0.0,4.556300163269043,4.0373,3.7489,1.7187,1.7187,1.7187,1.1535,2026-08-09
col1-62,Magmar,normal,Call of Legends,62,Common,Hajime Kusajima,Basic,126,Pokémon,2011/02/09,"tcgplayer,cardmarket",https://prices.pokemontcg.io/tcgplayer/col1-62,https://images.pokemontcg.io/col1/62_hires.png,2026/08/08,2026/02/19,0.38,0.14000000059604645,0.3400000035762787,19.020000457763672,,15.0,,,,0.346,0.0231,0.15,11.535,0.12690000236034393,0.1961,0.346,11.535,10.1623,6.1136,1.1535,2026-08-09
hgss2-61,Roselia,normal,HS—Unleashed,61,Common,Takashi Yamaguchi,Basic,315,Pokémon,2010/05/12,"tcgplayer,cardmarket",https://prices.pokemontcg.io/tcgplayer/hgss2-61,https://images.pokemontcg.io/hgss2/61_hires.png,2026/08/08,2026/02/19,0.46,0.15000000596046448,0.3499999940395355,19.979999542236328,,7.45,,,,0.1384,0.0231,0.1154,4.5909,0.023099999874830246,0.1615,0.1384,0.2192,1.7187,1.3727,1.1535,2026-08-09
swshp-SWSH054,Coalossal,holofoil,SWSH Black Star Promos,SWSH054,Promo,Shigenori Negishi,Stage 2,839,Pokémon,2019/11/15,"tcgplayer,cardmarket",https://prices.pokemontcg.io/tcgplayer/swshp-SWSH054,https://images.pokemontcg.io/swshp/SWSH054_hires.png,2026/08/08,2026/02/04,1.27,0.6800000071525574,1.2699999809265137,96.94000244140625,,,,,,0.7036,0.1038,0.6344,0.0,0.426800012588501,0.7382,0.669,1.9609,1.165,0.8882,1.1535,2026-08-09
dp3-65,Skiploom,normal,Secret Wonders,65,Uncommon,Masakazu Fukuda,Stage 1,188,Pokémon,2007/11/01,"tcgplayer,cardmarket",https://prices.pokemontcg.io/tcgplayer/dp3-65,https://images.pokemontcg.io/dp3/65_hires.png,2026/08/08,2026/02/04,0.51,0.20000000298023224,0.5099999904632568,19.979999542236328,,1.46,,,,0.3691,0.0346,0.3114,2.0186,0.51910001039505,0.3114,0.2999,1.7302,1.4995,1.2919,1.1535,2026-08-09
swsh3-56,Flaaffy,normal,Darkness Ablaze,56,Uncommon,Tomokazu Komiya,Stage 1,180,Pokémon,2020/08/14,"tcgplayer,cardmarket",https://prices.pokemontcg.io/tcgplayer/swsh3-56,https://images.pokemontcg.io/swsh3/56_hires.png,2026/08/08,2026/02/19,0.26,0.03999999910593033,0.25,25.219999313354492,,0.41,,,,0.1269,0.0231,0.0692,0.2884,0.05770000070333481,0.1038,0.1154,0.2884,0.4614,0.346,1.1535,2026-08-09
bw10-66,Palkia-EX,holofoil,Plasma Blast,66,Rare Holo EX,Eske Yoshinob,Basic|EX|Team Plasma,484,Pokémon,2013/08/14,"tcgplayer,cardmarket",https://prices.pokemontcg.io/tcgplayer/bw10-66,https://images.pokemontcg.io/bw10/66_hires.png,2026/08/08,2026/02/04,21.35,13.90999984741211,19.459999084472656,178.3000030517578,,,,,,17.3025,3.4605,16.4374,0.0,23.058500289916992,17.4409,13.3345,8.0745,7.4516,6.4827,1.1535,2026-08-09
ex10-62,Mareep,normal,Unseen Forces,62,Common,Kyoko Umemoto,Basic,179,Pokémon,2005/08/01,"tcgplayer,cardmarket",https://prices.pokemontcg.io/tcgplayer/ex10-62,https://images.pokemontcg.io/ex10/62_hires.png,2026/08/08,2026/02/22,1.77,1.1200000047683716,1.7200000286102295,19.979999542236328,,53.29,,,,0.496,0.0231,0.4845,13.0461,0.3345000147819519,0.496,0.4845,2.307,11.858,9.3895,1.1535,2026-08-09
swsh35-65,Sonia,normal,Champion's Path,65,Uncommon,Yusuke Ohmura,Supporter,,Trainer,2020/09/25,"tcgplayer,cardmarket",https://prices.pokemontcg.io/tcgplayer/swsh35-65,https://images.pokemontcg.io/swsh35/65_hires.png,2026/08/08,2026/02/19,0.22,0.05000000074505806,0.25,2.990000009536743,,0.15,,,,0.1269,0.0231,0.1269,0.346,0.11540000140666962,0.1846,0.1384,0.2307,0.2999,0.2999,1.1535,2026-08-09
base1-63,Squirtle,normal,Base,63,Common,Mitsuhiro Arita,Basic,7,Pokémon,1999/01/09,"tcgplayer,cardmarket",https://prices.pokemontcg.io/tcgplayer/base1-63,https://images.pokemontcg.io/base1/63_hires.png,2026/08/08,2026/02/21,6.48,0.9900000095367432,5.550000190734863,115.81999969482422,,,,,,7.3939,0.0231,11.2928,0.0,12.400099754333496,11.1543,6.8172,1.1535,100.7121,70.8364,1.1535,2026-08-09
gym2-64,Blaine's Ponyta,unlimited,Gym Challenge,64,Common,Ken Sugimori,Basic,77,Pokémon,2000/10/16,"tcgplayer,cardmarket",https://prices.pokemontcg.io/tcgplayer/gym2-64,https://images.pokemontcg.io/gym2/64_hires.png,2026/08/08,2026/02/19,1.04,0.36000001430511475,1.0,19.5,,,,,"{""1stEdition"": {""low"": 1.29, ""mid"": 2.58, ""high"": 38.1, ""market"": 2.87, ""directLow"": null}}",1.1304,0.1154,1.4419,0.0,0.5536999702453613,1.4303,1.2227,0.0,0.0,0.0,1.1535,2026-08-09
ex8-61,Goldeen,normal,Deoxys,61,Common,Atsuko Nishida,Basic,118,Pokémon,2005/02/01,"tcgplayer,cardmarket",https://prices.pokemontcg.io/tcgplayer/ex8-61,https://images.pokemontcg.io/ex8/61_hires.png,2026/08/08,2026/02/21,0.52,0.1899999976158142,0.5199999809265137,20.579999923706055,,18.15,,,,0.2422,0.0231,0.2422,3.5412,0.23070000112056732,0.2653,0.2884,6.3442,5.3061,5.3868,1.1535,2026-08-09
base2-53,Goldeen,unlimited,Jungle,53,Common,Kagemaru Himeno,Basic,118,Pokémon,1999/06/16,"tcgplayer,cardmarket",https://prices.pokemontcg.io/tcgplayer/base2-53,https://images.pokemontcg.io/base2/53_hires.png,2026/08/08,2026/06/21,0.52,0.10000000149011612,0.4699999988079071,16.219999313354492,,,,,"{""1stEdition"": {""low"": 0.46, ""mid"": 2.42, ""high"": 29.0, ""market"": 2.51, ""directLow"": 1.37}}",0.5421,0.0231,0.6921,0.0,1.3495999574661255,0.5421,0.5421,0.346,0.346,0.346,1.1535,2026-08-09
ex11-61,Ditto,normal,Delta Species,61,Common,Yuka Morii,Basic,132,Pokémon,2005/10/31,"tcgplayer,cardmarket",https://prices.pokemontcg.io/tcgplayer/ex11-61,https://images.pokemontcg.io/ex11/61_hires.png,2026/08/08,2026/02/19,49.9,37.95000076293945,73.36000061035156,342.79998779296875,,199.99,,,,21.0398,2.0186,16.2067,80.745,15.722200393676758,10.5776,16.6565,66.3032,61.7584,44.0176,1.1535,2026-08-09
xy5-64,Eelektrik,normal,Primal Clash,64,Rare,Naoki Saito,Stage 1,603,Pokémon,2015/02/04,"tcgplayer,cardmarket",https://prices.pokemontcg.io/tcgplayer/xy5-64,https://images.pokemontcg.io/xy5/64_hires.png,2026/08/08,2026/01/23,0.75,0.3700000047683716,0.6899999976158142,19.979999542236328,,3.24,,,,0.9343,0.2307,1.1535,1.7649,1.1649999618530273,0.8767,0.9574,1.5111,1.811,2.0994,1.1535,2026-08-09
ex1-51,Carvanha,normal,Ruby & Sapphire,51,Common,Hajime Kusajima,Basic,318,Pokémon,2003/07/01,"tcgplayer,cardmarket",https://prices.pokemontcg.io/tcgplayer/ex1-51,https://images.pokemontcg.io/ex1/51_hires.png,2026/08/08,2026/02/22,0.9,0.20000000298023224,0.8899999856948853,20.690000534057617,,9.69,,,,0.496,0.0231,0.5537,5.1677,0.219200000166893,0.4383,0.3345,4.614,4.8216,3.1952,1.1535,2026-08-09
xy4-57,Liepard,normal,Phantom Forces,57,Uncommon,TOKIYA,Stage 1,510,Pokémon,2014/11/05,"tcgplayer,cardmarket",https://prices.pokemontcg.io/tcgplayer/xy4-57,https://images.pokemontcg.io/xy4/57_hires.png,2026/08/08,2026/02/04,0.45,0.10000000149011612,0.3499999940395355,1000.0,,0.78,,,,0.3576,0.0231,0.3576,0.4383,0.219200000166893,0.2999,0.2884,0.5767,0.4383,0.4614,1.1535,2026-08-09
dp6-59,Lanturn,normal,Legends Awakened,59,Uncommon,Kouki Saitou,Stage 1,171,Pokémon,2008/08/01,"tcgplayer,cardmarket",https://prices.pokemontcg.io/tcgplayer/dp6-59,https://images.pokemontcg.io/dp6/59_hires.png,2026/08/08,2026/02/19,0.9,0.4000000059604645,0.7900000214576721,19.979999542236328,,4.36,,,,0.2884,0.0692,0.323,0.4845,0.5651999711990356,0.2422,0.346,0.346,0.4845,1.0497,1.1535,2026-08-09
bw5-55,Drilbur,normal,Dark Explorers,55,Common,Tomokazu Komiya,Basic,529,Pokémon,2012/05/09,"tcgplayer,cardmarket",https://prices.pokemontcg.io/tcgplayer/bw5-55,https://images.pokemontcg.io/bw5/55_hires.png,2026/08/08,2026/02/19,0.5,0.4300000071525574,0.6000000238418579,19.979999542236328,,6.84,,,,0.2884,0.0231,0.4499,5.1907,1.153499960899353,0.4037,0.2999,5.1907,2.1686,1.3957,1.1535,2026-08-09
ex5-54,Beldum,normal,Hidden Legends,54,Common,Kouki Saitou,Basic,374,Pokémon,2004/06/01,"tcgplayer,cardmarket",https://prices.pokemontcg.io/tcgplayer/ex5-54,https://images.pokemontcg.io/ex5/54_hires.png,2026/08/08,2026/03/07,0.31,0.11999999731779099,0.3199999928474426,20.329999923706055,,11.72,,,,0.1961,0.0231,0.2999,4.1295,0.11540000140666962,0.4729,0.2192,4.614,3.2875,4.0488,1.1535,2026-08-09
hgss1-68,Jigglypuff,normal,HeartGold & SoulSilver,68,Common,Atsuko Nishida,Basic,39,Pokémon,2010/02/10,"tcgplayer,cardmarket",https://prices.pokemontcg.io/tcgplayer/hgss1-68,https://images.pokemontcg.io/hgss1/68_hires.png,2026/08/08,2026/02/01,3.5,1.6699999570846558,2.6600000858306885,19.979999542236328,,25.5,,,,0.3691,0.0231,0.4729,5.4791,0.34599998593330383,0.4729,0.4037,1.1535,4.6255,3.7604,1.1535,2026-08-09
bw8-61,Gallade,holofoil,Plasma Storm,61,Rare Holo,kawayoo,Stage 2,475,Pokémon,2013/02/06,"tcgplayer,cardmarket",https://prices.pokemontcg.io/tcgplayer/bw8-61,https://images.pokemontcg.io/bw8/61_hires.png,2026/08/08,2026/02/04,3.28,2.2699999809265137,3.569999933242798,40.599998474121094,,7.04,,,,2.4454,0.4614,2.2378,3.7719,4.613999843597412,2.0071,2.5377,1.1535,3.6335,4.3487,1.1535,2026-08-09
dp2-56,Nidorina,normal,Mysterious Treasures,56,Uncommon,Atsuko Nishida,Stage 1,30,Pokémon,2007/08/01,"tcgplayer,cardmarket",https://prices.pokemontcg.io/tcgplayer/dp2-56,https://images.pokemontcg.io/dp2/56_hires.png,2026/08/08,2026/02/19,0.41,0.25999999046325684,0.4099999964237213,19.979999542236328,,2.57,,,,0.3922,0.0461,0.3922,0.7728,0.57669997215271,0.346,0.3345,3.4605,1.4534,1.2804,1.1535,2026-08-09
dp4-55,Togetic,normal,Great Encounters,55,Uncommon,Kagemaru Himeno,Stage 1,176,Pokémon,2008/02/01,"tcgplayer,cardmarket",https://prices.pokemontcg.io/tcgplayer/dp4-55,https://images.pokemontcg.io/dp4/55_hires.png,2026/08/08,2026/02/21,1.14,0.6000000238418579,1.149999976158142,19.979999542236328,,7.41,,,,0.4499,0.0231,0.346,1.4303,0.34599998593330383,0.1961,0.3345,4.0373,1.2342,1.6034,1.1535,2026-08-09
base4-62,Tauros,normal,Base Set 2,62,Uncommon,Kagemaru Himeno,Basic,128,Pokémon,2000/02/24,"tcgplayer,cardmarket",https://prices.pokemontcg.io/tcgplayer/base4-62,https://images.pokemontcg.io/base4/62_hires.png,2026/08/08,2026/02/22,3.4,1.5,3.130000114440918,95.5199966430664,,,,,,3.3451,0.5767,3.3221,0.0,2.8838000297546387,3.3798,3.7604,1.4419,1.4419,1.4419,1.1535,2026-08-09
gym1-63,Blaine's Ponyta,unlimited,Gym Heroes,63,Common,Ken Sugimori,Basic,77,Pokémon,2000/08/14,"tcgplayer,cardmarket",https://prices.pokemontcg.io/tcgplayer/gym1-63,https://images.pokemontcg.io/gym1/63_hires.png,2026/08/08,2026/02/22,1.62,0.5,1.2699999809265137,18.6200008392334,,,,,"{""1stEdition"": {""low"": 1.5, ""mid"": 4.56, ""high"": 95.45, ""market"": 4.64, ""directLow"": 95.45}}",1.5572,0.2307,1.7995,0.0,0.8651000261306763,2.0994,1.5918,0.0,0.0,0.0,1.1535,2026-08-09
ecard1-55,Mew,normal,Expedition Base Set,55,Rare,Hajime Kusajima,Basic,151,Pokémon,2002/09/15,"tcgplayer,cardmarket",https://prices.pokemontcg.io/tcgplayer/ecard1-55,https://images.pokemontcg.io/ecard1/55_hires.png,2026/08/08,2026/06/21,117.54,136.99000549316406,214.97999572753906,797.5999755859375,,133.68,,,,52.0228,5.7675,36.1161,169.9452,11.419699668884277,24.1312,44.9865,173.025,142.3419,88.0351,1.1535,2026-08-09
xy12-57,Machop,normal,Evolutions,57,Common,Mitsuhiro Arita,Basic,66,Pokémon,2016/11/02,"tcgplayer,cardmarket",https://prices.pokemontcg.io/tcgplayer/xy12-57,https://images.pokemontcg.io/xy12/57_hires.png,2026/08/08,2026/02/01,0.14,0.009999999776482582,0.20000000298023224,15.0,,0.48,,,,0.0807,0.0231,0.0692,0.8305,0.06920000165700912,0.0692,0.0807,0.3345,0.6575,0.7844,1.1535,2026-08-09
ecard3-27,Raichu,normal,Skyridge,27,Rare,Yuka Morii,Stage 1,26,Pokémon,2003/05/12,"tcgplayer,cardmarket",https://prices.pokemontcg.io/tcgplayer/ecard3-27,https://images.pokemontcg.io/ecard3/27_hires.png,2026/08/08,2026/02/22,100.84,899.9000244140625,899.9500122070312,900.0,,,,,,19.8633,2.307,20.1516,126.8273,5.767499923706055,16.2528,17.4294,126.8273,75.3812,39.9803,1.1535,2026-08-09
bwp-BW49,Lilligant,holofoil,BW Black Star Promos,BW49,Promo,Naoki Saito,Stage 1,549,Pokémon,2011/03/01,"tcgplayer,cardmarket",https://prices.pokemontcg.io/tcgplayer/bwp-BW49,https://images.pokemontcg.io/bwp/BW49_hires.png,2026/08/08,2026/03/07,22.8,16.43000030517578,49.970001220703125,210.0,,,,,,34.0167,25.3655,26.1729,0.0,34.016700744628906,29.322,20.3016,13.842,8.3052,7.5554,1.1535,2026-08-09
swsh2-57,Electrode,normal,Rebel Clash,57,Uncommon,otumami,Stage 1,101,Pokémon,2020/05/01,"tcgplayer,cardmarket",https://prices.pokemontcg.io/tcgplayer/swsh2-57,https://images.pokemontcg.io/swsh2/57_hires.png,2026/08/08,2026/01/26,0.04,0.009999999776482582,0.20000000298023224,19.979999542236328,,0.07,,,,0.0692,0.0231,0.0807,0.3691,0.04610000178217888,0.0577,0.0577,0.1154,0.3114,0.3114,1.1535,2026-08-09
g1-49,Rhyhorn,normal,Generations,49,Common,Midori Harada,Basic,111,Pokémon,2016/02/22,"tcgplayer,cardmarket",https://prices.pokemontcg.io/tcgplayer/g1-49,https://images.pokemontcg.io/g1/49_hires.png,2026/08/08,2026/02/22,0.21,0.03999999910593033,0.23999999463558197,7.989999771118164,,0.57,,,,0.0923,0.0231,0.15,1.9956,0.51910001039505,0.1269,0.1038,0.7498,1.1766,0.8767,1.1535,2026-08-09
sm35-52,Zorua,normal,Shining Legends,52,Common,kodama,Basic,570,Pokémon,2017/10/06,"tcgplayer,cardmarket",https://prices.pokemontcg.io/tcgplayer/sm35-52,https://images.pokemontcg.io/sm35/52_hires.png,2026/08/08,2026/02/19,0.42,0.10000000149011612,0.4000000059604645,18.68000030517578,,1.99,,,,0.1154,0.0,0.3576,0.0,0.11540000140666962,0.3691,0.1846,0.0,0.0,0.0,1.1535,2026-08-09
sm1-59,Drowzee,normal,Sun & Moon,59,Common,Suwama Chiaki,Basic,96,Pokémon,2017/02/03,"tcgplayer,cardmarket",https://prices.pokemontcg.io/tcgplayer/sm1-59,https://images.pokemontcg.io/sm1/59_hires.png,2026/08/08,2026/01/26,0.08,0.009999999776482582,0.1899999976158142,19.979999542236328,,0.41,,,,0.0577,0.0231,0.0923,0.3807,0.3230000138282776,0.1154,0.0692,0.1154,0.4499,0.323,1.1535,2026-08-09
ex13-62,Corphish,normal,Holon Phantoms,62,Common,Mitsuhiro Arita,Basic,341,Pokémon,2006/05/01,"tcgplayer,cardmarket",https://prices.pokemontcg.io/tcgplayer/ex13-62,https://images.pokemontcg.io/ex13/62_hires.png,2026/08/08,2026/02/19,0.26,0.07999999821186066,0.27000001072883606,19.989999771118164,,18.31,,,,0.2192,0.0231,0.2538,7.8784,0.20759999752044678,0.2768,0.2307,3.449,7.9938,6.1366,1.1535,2026-08-09
bw3-57,Litwick,normal,Noble Victories,57,Common,Masakazu Fukuda,Basic,607,Pokémon,2011/11/16,"tcgplayer,cardmarket",https://prices.pokemontcg.io/tcgplayer/bw3-57,https://images.pokemontcg.io/bw3/57_hires.png,2026/08/08,2026/02/19,0.45,0.2199999988079071,0.44999998807907104,17.959999084472656,,5.76,,,,0.2653,0.0231,0.173,1.4995,0.05770000070333481,0.1384,0.1961,0.7498,0.9228,1.0497,1.1535,2026-08-09
swsh4-58,Eelektrik,normal,Vivid Voltage,58,Uncommon,Masakazu Fukuda,Stage 1,603,Pokémon,2020/11/13,"tcgplayer,cardmarket",https://prices.pokemontcg.io/tcgplayer/swsh4-58,https://images.pokemontcg.io/swsh4/58_hires.png,2026/08/08,2026/02/19,0.06,0.009999999776482582,0.1599999964237213,25.059999465942383,,0.19,,,,0.0577,0.0231,0.0692,0.2768,0.04610000178217888,0.0577,0.0577,0.1154,0.2192,0.2538,1.1535,2026-08-09
ex3-62,Magnemite,normal,Dragon,62,Common,Midori Harada,Basic,81,Pokémon,2003/11/24,"tcgplayer,cardmarket",https://prices.pokemontcg.io/tcgplayer/ex3-62,https://images.pokemontcg.io/ex3/62_hires.png,2026/08/08,2026/02/22,1.12,0.75,1.1100000143051147,21.219999313354492,,12.69,,,,0.3922,0.0577,0.5421,2.4454,2.8838000297546387,0.7036,0.6344,1.1535,2.5723,2.8607,1.1535,2026-08-09
sm11-56,Pikachu,normal,Unified Minds,56,Common,Misa Tsutsui,Basic,25,Pokémon,2019/08/02,"tcgplayer,cardmarket",https://prices.pokemontcg.io/tcgplayer/sm11-56,https://images.pokemontcg.io/sm11/56_hires.png,2026/08/08,2026/02/01,6.03,1.850000023841858,5.989999771118164,96.91000366210938,,18.71,,,,3.2413,0.5652,5.0639,9.8624,3.5411999225616455,4.7755,3.6451,9.0665,8.9858,9.8509,1.1535,2026-08-09
xyp-XY52,Groudon,holofoil,XY Black Star Promos,XY52,Promo,Mitsuhiro Arita,Basic,383,Pokémon,2013/10/12,"tcgplayer,cardmarket",https://prices.pokemontcg.io/tcgplayer/xyp-XY52,https://images.pokemontcg.io/xyp/XY52_hires.png,2026/08/08,2026/02/04,20.82,12.75,14.600000381469727,69.98999786376953,,,,,,11.8118,2.0186,14.8917,0.0,11.477299690246582,12.677,11.3504,1.7302,3.6797,3.8988,1.1535,2026-08-09
sm2-59,Dhelmise,holofoil,Guardians Rising,59,Rare Holo,Hasuno,Basic,781,Pokémon,2017/05/05,"tcgplayer,cardmarket",https://prices.pokemontcg.io/tcgplayer/sm2-59,https://images.pokemontcg.io/sm2/59_hires.png,2026/08/08,2026/02/01,0.35,0.20000000298023224,0.3799999952316284,17.979999542236328,,0.38,,,,0.5306,0.0231,0.6921,0.5883,0.40369999408721924,0.496,0.4153,0.2307,0.5883,0.4614,1.1535,2026-08-09
xy8-57,Dedenne,normal,BREAKthrough,57,Uncommon,Kouki Saitou,Basic,702,Pokémon,2015/11/04,"tcgplayer,cardmarket",https://prices.pokemontcg.io/tcgplayer/xy8-57,https://images.pokemontcg.io/xy8/57_hires.png,2026/08/08,2026/02/04,0.55,0.25,0.5400000214576721,19.979999542236328,,3.92,,,,0.2999,0.0231,0.3114,1.1304,0.7382000088691711,0.2999,0.323,1.7302,1.0266,1.0497,1.1535,2026-08-09
sm12-64,Dewpider,normal,Cosmic Eclipse,64,Common,Shibuzoh.,Basic,751,Pokémon,2019/11/01,"tcgplayer,cardmarket",https://prices.pokemontcg.io/tcgplayer/sm12-64,https://images.pokemontcg.io/sm12/64_hires.png,2026/08/08,2026/02/01,0.21,0.009999999776482582,0.20999999344348907,19.979999542236328,,0.33,,,,0.0807,0.0231,0.1038,0.323,0.10379999876022339,0.0923,0.0692,0.2884,0.2884,0.4153,1.1535,2026-08-09
sm75-60,Fiery Flint,normal,Dragon Majesty,60,Uncommon,Eske Yoshinob,Item,,Trainer,2018/09/07,"tcgplayer,cardmarket",https://prices.pokemontcg.io/tcgplayer/sm75-60,https://images.pokemontcg.io/sm75/60_hires.png,2026/08/08,2026/02/01,0.51,0.30000001192092896,0.5,1.9900000095367432,,1.46,,,,0.0,0.0,0.0,0.0,0.0,0.0,0.0,0.0,0.0,0.0,1.1535,2026-08-09
ex2-56,Aron,normal,Sandstorm,56,Common,Atsuko Nishida,Basic,304,Pokémon,2003/09/18,"tcgplayer,cardmarket",https://prices.pokemontcg.io/tcgplayer/ex2-56,https://images.pokemontcg.io/ex2/56_hires.png,2026/08/08,2026/02/21,1.56,0.6200000047683716,1.559999942779541,99.98999786376953,,18.13,,,,0.323,0.0231,0.7498,1.5803,1.153499960899353,0.7728,0.5652,0.5767,1.6034,2.4339,1.1535,2026-08-09
sm5-61,Cosmoem,normal,Ultra Prism,61,Uncommon,Sanosuke Sakuma,Stage 1,790,Pokémon,2018/02/02,"tcgplayer,cardmarket",https://prices.pokemontcg.io/tcgplayer/sm5-61,https://images.pokemontcg.io/sm5/61_hires.png,2026/08/08,2026/02/01,0.23,0.07999999821186066,0.25,18.0,,0.59,,,,0.1154,0.0231,0.1384,0.5191,0.17299999296665192,0.1269,0.1154,0.5767,0.4499,0.4729,1.1535,2026-08-09
sm3-58,Scolipede,normal,Burning Shadows,58,Rare,Ayaka Yoshida,Stage 2,545,Pokémon,2017/08/05,"tcgplayer,cardmarket",https://prices.pokemontcg.io/tcgplayer/sm3-58,https://images.pokemontcg.io/sm3/58_hires.png,2026/08/08,2026/01/26,0.28,0.10000000149011612,0.28999999165534973,19.979999542236328,,0.35,,,,0.2653,0.0231,0.2884,0.2653,0.13840000331401825,0.2768,0.1846,0.2307,0.3691,0.3691,1.1535,2026-08-09
ex16-54,Magnemite,normal,Power Keepers,54,Common,Hajime Kusajima,Basic,81,Pokémon,2007/02/02,"tcgplayer,cardmarket",https://prices.pokemontcg.io/tcgplayer/ex16-54,https://images.pokemontcg.io/ex16/54_hires.png,2026/08/08,2026/02/22,0.45,0.10000000149011612,0.44999998807907104,19.979999542236328,,22.46,,,,0.1961,0.0231,0.3114,5.1792,0.20759999752044678,0.3114,0.1846,6.8633,5.8136,4.3718,1.1535,2026-08-09
pl2-57,Aron,normal,Rising Rivals,57,Common,Takao Unno,Basic,304,Pokémon,2009/05/16,"tcgplayer,cardmarket",https://prices.pokemontcg.io/tcgplayer/pl2-57,https://images.pokemontcg.io/pl2/57_hires.png,2026/08/08,2026/02/19,0.5,0.20000000298023224,0.4699999988079071,18.059999465942383,,3.17,,,,0.1961,0.0231,0.346,1.0035,0.11540000140666962,0.323,0.1846,2.2493,1.1881,1.0266,1.1535,2026-08-09
neo4-62,Dark Octillery,unlimited,Neo Destiny,62,Common,Shin-ichi Yoshida,Stage 1,224,Pokémon,2002/02/28,"tcgplayer,cardmarket",https://prices.pokemontcg.io/tcgplayer/neo4-62,https://images.pokemontcg.io/neo4/62_hires.png,2026/08/08,2026/02/19,1.23,0.5799999833106995,1.159999966621399,19.979999542236328,,,,,"{""1stEdition"": {""low"": 1.83, ""mid"": 2.99, ""high"": 34.6, ""market"": 2.77, ""directLow"": null}}",2.1224,0.0807,1.8225,0.0,0.17299999296665192,1.3381,1.8687,0.0,0.0,0.0,1.1535,2026-08-09
bw11-65,Swoobat,normal,Legendary Treasures,65,Uncommon,Masakazu Fukuda,Stage 1,528,Pokémon,2013/11/06,"tcgplayer,cardmarket",https://prices.pokemontcg.io/tcgplayer/bw11-65,https://images.pokemontcg.io/bw11/65_hires.png,2026/08/08,2026/02/19,0.45,0.12999999523162842,0.4099999964237213,23.489999771118164,,2.99,,,,0.0,0.173,0.5306,5.8367,0.24220000207424164,0.6575,0.3691,5.8367,4.6832,2.4339,1.1535,2026-08-09
xy3-51,Makuhita,normal,Furious Fists,51,Common,Masakazu Fukuda,Basic,296,Pokémon,2014/08/13,"tcgplayer,cardmarket",https://prices.pokemontcg.io/tcgplayer/xy3-51,https://images.pokemontcg.io/xy3/51_hires.png,2026/08/08,2026/02/19,0.19,0.019999999552965164,0.23000000417232513,1000.0,,0.34,,,,0.1154,0.0231,0.1269,0.3114,0.04610000178217888,0.0807,0.1038,0.5652,0.346,0.323,1.1535,2026-08-09
bw6-60,Cubone,normal,Dragons Exalted,60,Common,Atsuko Nishida,Basic,104,Pokémon,2012/08/15,"tcgplayer,cardmarket",https://prices.pokemontcg.io/tcgplayer/bw6-60,https://images.pokemontcg.io/bw6/60_hires.png,2026/08/08,2026/02/04,1.7,1.7400000095367432,2.190000057220459,6.989999771118164,,12.13,,,,0.5075,0.0231,0.4037,0.8536,0.8651000261306763,0.2538,0.4153,1.142,0.8997,1.0266,1.1535,2026-08-09
ex7-60,Houndour,normal,Team Rocket Returns,60,Common,Tomokazu Komiya,Basic,228,Pokémon,2004/11/01,"tcgplayer,cardmarket",https://prices.pokemontcg.io/tcgplayer/ex7-60,https://images.pokemontcg.io/ex7/60_hires.png,2026/08/08,2026/02/19,11.03,9.989999771118164,29.989999771118164,98.80000305175781,,92.5,,,,7.0825,0.5767,6.4711,0.0,4.602499961853027,5.6868,5.2369,26.5305,43.337,30.1756,1.1535,2026-08-09
ex9-61,Ralts,normal,Emerald,61,Common,Kagemaru Himeno,Basic,280,Pokémon,2005/05/01,"tcgplayer,cardmarket",https://prices.pokemontcg.io/tcgplayer/ex9-61,https://images.pokemontcg.io/ex9/61_hires.png,2026/08/08,2026/02/21,1.64,0.699999988079071,1.5299999713897705,24.190000534057617,,40.49,,,,0.4729,0.0231,0.7267,3.8642,2.0648000240325928,0.8767,0.5075,4.6025,11.708,7.2555,1.1535,2026-08-09
sm8-58,Mantine,normal,Lost Thunder,58,Uncommon,Sanosuke Sakuma,Basic,226,Pokémon,2018/11/02,"tcgplayer,cardmarket",https://prices.pokemontcg.io/tcgplayer/sm8-58,https://images.pokemontcg.io/sm8/58_hires.png,2026/08/08,2026/02/01,0.25,0.03999999910593033,0.25,19.979999542236328,,0.45,,,,0.1615,0.0231,0.15,0.4499,0.17299999296665192,0.1846,0.173,0.346,0.4614,0.4037,1.1535,2026-08-09
pl4-63,Electrike,normal,Arceus,63,Common,Shin Nagasawa,Basic,309,Pokémon,2009/11/04,"tcgplayer,cardmarket",https://prices.pokemontcg.io/tcgplayer/pl4-63,https://images.pokemontcg.io/pl4/63_hires.png,2026/08/08,2026/02/04,0.25,0.10000000149011612,0.25,19.979999542236328,,3.62,,,,0.1154,0.0231,0.1154,0.0,0.20759999752044678,0.1269,0.1384,0.8536,0.8882,0.8997,1.1535,2026-08-09
hgss4-60,Cubone,normal,HS—Triumphant,60,Common,kawayoo,Basic,104,Pokémon,2010/11/03,"tcgplayer,cardmarket",https://prices.pokemontcg.io/tcgplayer/hgss4-60,https://images.pokemontcg.io/hgss4/60_hires.png,2026/08/08,2026/02/19,6.49,3.490000009536743,6.510000228881836,96.94999694824219,,43.07,,,,0.4845,0.0231,0.5652,3.7373,0.34599998593330383,0.5767,0.4268,4.0373,3.5874,2.9876,1.1535,2026-08-09
swsh1-62,Cramorant,normal,Sword & Shield,62,Rare,Shin Nagasawa,Basic,845,Pokémon,2020/02/07,"tcgplayer,cardmarket",https://prices.pokemontcg.io/tcgplayer/swsh1-62,https://images.pokemontcg.io/swsh1/62_hires.png,2026/08/08,2026/02/01,0.17,0.03999999910593033,0.23999999463558197,20.0,,0.51,,,,0.2422,0.0231,0.2884,0.5075,0.17299999296665192,0.2422,0.2768,0.2884,0.496,0.5306,1.1535,2026-08-09
ex4-63,Team Magma's Houndour,normal,Team Magma vs Team Aqua,63,Common,Atsuko Ujiie,Basic,228,Pokémon,2004/03/01,"tcgplayer,cardmarket",https://prices.pokemontcg.io/tcgplayer/ex4-63,https://images.pokemontcg.io/ex4/63_hires.png,2026/08/08,2026/02/19,3.87,0.5,3.7100000381469727,26.200000762939453,,59.99,,,,0.7959,0.0346,0.7036,6.8518,0.4383000135421753,0.7959,0.7267,2.8838,5.2946,4.7293,1.1535,2026-08-09
smp-SM54,Lucario,holofoil,SM Black Star Promos,SM54,Promo,Anesaki Dynamic,Stage 1,448,Pokémon,2017/02/03,"tcgplayer,cardmarket",https://prices.pokemontcg.io/tcgplayer/smp-SM54,https://images.pokemontcg.io/smp/SM54_hires.png,2026/08/08,2026/02/04,3.26,1.649999976158142,3.4800000190734863,19.989999771118164,,,,,,2.4108,0.5767,2.5723,0.0,3.345099925994873,2.2609,2.1686,2.8722,0.8536,0.8651,1.1535,2026-08-09
bw2-54,Drilbur,normal,Emerging Powers,54,Uncommon,match,Basic,529,Pokémon,2011/08/31,"tcgplayer,cardmarket",https://prices.pokemontcg.io/tcgplayer/bw2-54,https://images.pokemontcg.io/bw2/54_hires.png,2026/08/08,2026/02/21,0.4,0.20000000298023224,0.3799999952316284,16.0,,0.61,,,,0.2538,0.0231,0.1615,0.5306,0.05770000070333481,0.1384,0.1846,0.5652,0.646,0.6806,1.1535,2026-08-09
bw4-66,Hippowdon,normal,Next Destinies,66,Uncommon,Naoki Saito,Stage 1,450,Pokémon,2012/02/08,"tcgplayer,cardmarket",https://prices.pokemontcg.io/tcgplayer/bw4-66,https://images.pokemontcg.io/bw4/66_hires.png,2026/08/08,2026/02/04,0.35,0.10000000149011612,0.3100000023841858,17.420000076293945,,0.59,,,,0.2768,0.0231,0.2422,1.1189,0.15000000596046448,0.2422,0.2538,0.9228,0.8997,0.5883,1.1535,2026-08-09
hgss3-60,Oddish,normal,HS—Undaunted,60,Common,Mitsuhiro Arita,Basic,43,Pokémon,2010/08/18,"tcgplayer,cardmarket",https://prices.pokemontcg.io/tcgplayer/hgss3-60,https://images.pokemontcg.io/hgss3/60_hires.png,2026/08/08,2026/02/19,0.87,0.20000000298023224,0.75,19.979999542236328,,6.92,,,,0.2192,0.0231,0.2192,3.6797,0.023099999874830246,0.2653,0.2307,1.6034,3.0568,1.7533,1.1535,2026-08-09
ex6-58,Charmander,normal,FireRed & LeafGreen,58,Common,Midori Harada,Basic,4,Pokémon,2004/09/01,"tcgplayer,cardmarket",https://prices.pokemontcg.io/tcgplayer/ex6-58,https://images.pokemontcg.io/ex6/58_hires.png,2026/08/08,2026/02/21,2.31,0.4099999964237213,2.0999999046325684,24.989999771118164,,116.74,,,,1.1881,0.0577,1.3035,22.3202,0.8073999881744385,1.2804,1.142,34.5935,22.4702,26.8073,1.1535,2026-08-09
sm10-52,Frogadier,normal,Unbroken Bonds,52,Uncommon,Satoshi Shirai,Stage 1,657,Pokémon,2019/05/03,"tcgplayer,cardmarket",https://prices.pokemontcg.io/tcgplayer/sm10-52,https://images.pokemontcg.io/sm10/52_hires.png,2026/08/08,2026/02/04,0.28,0.05000000074505806,0.27000001072883606,18.1200008392334,,0.54,,,,0.1615,0.0231,0.1615,0.8651,0.023099999874830246,0.1154,0.1154,1.1535,0.7959,0.7844,1.1535,2026-08-09
xy9-54,Drapion,normal,BREAKpoint,54,Rare,Mitsuhiro Arita,Stage 1,452,Pokémon,2016/02/03,"tcgplayer,cardmarket",https://prices.pokemontcg.io/tcgplayer/xy9-54,https://images.pokemontcg.io/xy9/54_hires.png,2026/08/08,2026/02/04,0.3,0.10000000149011612,0.33000001311302185,19.989999771118164,,0.83,,,,0.2653,0.0231,0.1961,0.7728,0.36910000443458557,0.1961,0.323,1.1535,0.8305,1.3496,1.1535,2026-08-09
xy2-70,Druddigon,holofoil,Flashfire,70,Rare Holo,Ryota Murayama,Basic,621,Pokémon,2014/05/07,"tcgplayer,cardmarket",https://prices.pokemontcg.io/tcgplayer/xy2-70,https://images.pokemontcg.io/xy2/70_hires.png,2026/08/08,2026/01/21,0.6,0.23000000417232513,0.6499999761581421,19.989999771118164,,1.05,,,,0.8421,0.1154,0.8882,0.992,0.23070000112056732,0.7498,0.9343,2.0648,1.3265,1.4534,1.1535,2026-08-09
pl3-57,Drifblim,normal,Supreme Victors,57,Uncommon,Mitsuhiro Arita,Stage 1,426,Pokémon,2009/08/19,"tcgplayer,cardmarket",https://prices.pokemontcg.io/tcgplayer/pl3-57,https://images.pokemontcg.io/pl3/57_hires.png,2026/08/08,2026/02/19,0.4,0.20000000298023224,0.38999998569488525,19.979999542236328,,1.8,,,,0.4729,0.0231,0.4845,1.6726,0.51910001039505,0.4729,0.3345,1.6726,2.2032,1.1304,1.1535,2026-08-09
xy1-62,Rhyperior,holofoil,XY,62,Rare Holo,Naoki Saito,Stage 2,464,Pokémon,2014/02/05,"tcgplayer,cardmarket",https://prices.pokemontcg.io/tcgplayer/xy1-62,https://images.pokemontcg.io/xy1/62_hires.png,2026/08/08,2026/02/04,0.78,0.44999998807907104,0.7900000214576721,19.979999542236328,,0.97,,,,1.142,0.0923,1.142,0.7382,1.1419999599456787,1.142,1.1074,0.8651,1.984,1.7764,1.1535,2026-08-09
sm7-62,Solrock,normal,Celestial Storm,62,Uncommon,Kyoko Umemoto,Basic,338,Pokémon,2018/08/03,"tcgplayer,cardmarket",https://prices.pokemontcg.io/tcgplayer/sm7-62,https://images.pokemontcg.io/sm7/62_hires.png,2026/08/08,2026/01/21,0.21,0.10000000149011612,0.25999999046325684,2.990000009536743,,0.37,,,,0.0807,0.0231,0.1269,0.2999,0.11540000140666962,0.1038,0.1384,0.1154,0.3922,0.3807,1.1535,2026-08-09
bw9-62,Makuhita,normal,Plasma Freeze,62,Common,Kagemaru Himeno,Basic,296,Pokémon,2013/05/08,"tcgplayer,cardmarket",https://prices.pokemontcg.io/tcgplayer/bw9-62,https://images.pokemontcg.io/bw9/62_hires.png,2026/08/08,2026/02/01,0.23,0.05000000074505806,0.25,23.489999771118164,,0.62,,,,0.1846,0.0231,0.1384,0.5191,0.10379999876022339,0.1154,0.15,0.5652,0.4729,0.496,1.1535,2026-08-09
base6-56,Nidorino,normal,Legendary Collection,56,Uncommon,Mitsuhiro Arita,Stage 1,33,Pokémon,2002/05/24,"tcgplayer,cardmarket",https://prices.pokemontcg.io/tcgplayer/base6-56,https://images.pokemontcg.io/base6/56_hires.png,2026/08/08,2026/06/21,3.14,0.75,2.0899999141693115,34.79999923706055,,110.98,,,,2.0532,0.346,1.7879,79.1532,2.283900022506714,1.5688,1.5688,201.851,76.2348,45.4364,1.1535,2026-08-09
neo3-57,Swinub,unlimited,Neo Revelation,57,Common,Miki Tanaka,Basic,220,Pokémon,2001/09/21,"tcgplayer,cardmarket",https://prices.pokemontcg.io/tcgplayer/neo3-57,https://images.pokemontcg.io/neo3/57_hires.png,2026/08/08,2026/06/21,0.56,0.25,0.6000000238418579,19.979999542236328,,,,,"{""1stEdition"": {""low"": 1.0, ""mid"": 1.86, ""high"": 19.98, ""market"": 1.9, ""directLow"": 2.99}}",0.7498,0.0231,1.3611,0.0,5.75600004196167,0.9343,0.9805,0.0,0.0,0.0,1.1535,2026-08-09
xy7-63,Eevee,normal,Ancient Origins,63,Common,Kouki Saitou,Basic,133,Pokémon,2015/08/12,"tcgplayer,cardmarket",https://prices.pokemontcg.io/tcgplayer/xy7-63,https://images.pokemontcg.io/xy7/63_hires.png,2026/08/08,2026/02/01,0.37,0.09000000357627869,0.49000000953674316,29.989999771118164,,1.77,,,,0.6344,0.0231,0.4614,3.4374,0.5536999702453613,0.4268,0.5767,5.1792,3.7258,3.7027,1.1535,2026-08-09
neo1-55,Chinchou,unlimited,Neo Genesis,55,Common,Ken Sugimori,Basic,170,Pokémon,2000/12/16,"tcgplayer,cardmarket",https://prices.pokemontcg.io/tcgplayer/neo1-55,https://images.pokemontcg.io/neo1/55_hires.png,2026/08/08,2026/03/08,0.61,0.25,0.5299999713897705,21.989999771118164,,,,,"{""1stEdition"": {""low"": 0.7, ""mid"": 1.97, ""high"": 40.0, ""market"": 1.79, ""directLow"": null}}",0.496,0.0231,0.7152,0.0,0.40369999408721924,0.5191,0.4383,1.7302,1.7302,1.7302,1.1535,2026-08-09
xy10-59,Wormadam,normal,Fates Collide,59,Uncommon,Kyoko Umemoto,Stage 1,413,Pokémon,2016/05/02,"tcgplayer,cardmarket",https://prices.pokemontcg.io/tcgplayer/xy10-59,https://images.pokemontcg.io/xy10/59_hires.png,2026/08/08,2026/02/01,0.17,0.07999999821186066,0.23000000417232513,1000.0,,0.31,,,,0.1846,0.0231,0.2076,0.5306,0.23070000112056732,0.1961,0.15,0.5767,0.5191,0.4499,1.1535,2026-08-09
neo2-54,Dunsparce,unlimited,Neo Discovery,54,Common,Yukiko Baba,Basic,206,Pokémon,2001/06/01,"tcgplayer,cardmarket",https://prices.pokemontcg.io/tcgplayer/neo2-54,https://images.pokemontcg.io/neo2/54_hires.png,2026/08/08,2026/06/21,0.61,0.25,0.6399999856948853,20.610000610351562,,,,,"{""1stEdition"": {""low"": 1.39, ""mid"": 5.92, ""high"": 44.1, ""market"": 2.43, ""directLow"": null}}",0.5652,0.0231,0.5537,0.0,0.46140000224113464,0.646,0.5191,0.0,0.0,0.0,1.1535,2026-08-09
dp5-59,Combee,normal,Majestic Dawn,59,Common,Midori Harada,Basic,415,Pokémon,2008/05/01,"tcgplayer,cardmarket",https://prices.pokemontcg.io/tcgplayer/dp5-59,https://images.pokemontcg.io/dp5/59_hires.png,2026/08/08,2026/02/19,0.41,0.20999999344348907,0.4000000059604645,19.979999542236328,,3.07,,,,0.3114,0.0231,0.0231,0.7728,0.10379999876022339,0.1846,0.9459,0.2307,0.5883,0.669,1.1535,2026-08-09
pl1-62,Shieldon,normal,Platinum,62,Uncommon,Mitsuhiro Arita,Stage 1,410,Pokémon,2009/02/11,"tcgplayer,cardmarket",https://prices.pokemontcg.io/tcgplayer/pl1-62,https://images.pokemontcg.io/pl1/62_hires.png,2026/08/08,2026/02/19,0.91,0.3499999940395355,0.7799999713897705,19.979999542236328,,3.91,,,,0.2999,0.0231,0.2307,1.9956,0.10379999876022339,0.2999,0.323,1.142,1.5342,1.488,1.1535,2026-08-09
sma-SV55,Glaceon-GX,holofoil,Hidden Fates Shiny Vault,SV55,Rare Shiny GX,5ban Graphics,Stage 1|GX,471,Pokémon,2019/08/23,"tcgplayer,cardmarket",https://prices.pokemontcg.io/tcgplayer/sma-SV55,https://images.pokemontcg.io/sma/SV55_hires.png,2026/08/08,2026/02/01,58.46,43.0,59.9900016784668,385.0,,,,,,41.7798,21.9165,36.1968,0.0,18.45599937438965,36.7736,43.7869,28.8375,34.1897,41.353,1.1535,2026-08-09
base5-57,Grimer,unlimited,Team Rocket,57,Common,Kagemaru Himeno,Basic,88,Pokémon,2000/04/24,"tcgplayer,cardmarket",https://prices.pokemontcg.io/tcgplayer/base5-57,https://images.pokemontcg.io/base5/57_hires.png,2026/08/08,2026/06/21,0.89,0.20000000298023224,0.7200000286102295,15.5,,,,,"{""1stEdition"": {""low"": 0.92, ""mid"": 2.35, ""high"": 8.99, ""market"": 2.34, ""directLow"": 2.03}}",2.457,0.0231,5.8252,0.0,0.46140000224113464,0.8074,2.5146,0.0577,10.5084,10.5084,1.1535,2026-08-09
xy6-59,M Latios-EX,holofoil,Roaring Skies,59,Rare Holo EX,5ban Graphics,MEGA|EX,381,Pokémon,2015/05/06,"tcgplayer,cardmarket",https://prices.pokemontcg.io/tcgplayer/xy6-59,https://images.pokemontcg.io/xy6/59_hires.png,2026/08/08,2026/02/01,23.38,14.289999961853027,21.0,148.89999389648438,,,,,,6.8056,6.8518,8.3283,0.0,6.805600166320801,7.3017,8.0514,4.0373,4.0373,4.0373,1.1535,2026-08-09
ex15-51,Larvitar,normal,Dragon Frontiers,51,Common,Yukiko Baba,Basic,246,Pokémon,2006/11/01,"tcgplayer,cardmarket",https://prices.pokemontcg.io/tcgplayer/ex15-51,https://images.pokemontcg.io/ex15/51_hires.png,2026/08/08,2026/02/22,0.84,0.17000000178813934,0.6000000238418579,19.979999542236328,,20.97,,,,0.4153,0.0231,0.3807,6.6788,0.8651000261306763,0.3114,0.3576,8.5359,6.4365,5.1677,1.1535,2026-08-09
sm6-57,Cubone,normal,Forbidden Light,57,Common,sowsow,Basic,104,Pokémon,2018/05/04,"tcgplayer,cardmarket",https://prices.pokemontcg.io/tcgplayer/sm6-57,https://images.pokemontcg.io/sm6/57_hires.png,2026/08/08,2026/02/01,0.98,0.25,0.9300000071525574,5.989999771118164,,10.85,,,,0.1615,0.0231,0.1615,1.142,0.3806999921798706,0.173,0.1846,1.142,1.142,2.0763,1.1535,2026-08-09
dp7-54,Bidoof,normal,Stormfront,54,Common,Yuka Morii,Basic,399,Pokémon,2008/11/01,"tcgplayer,cardmarket",https://prices.pokemontcg.io/tcgplayer/dp7-54,https://images.pokemontcg.io/dp7/54_hires.png,2026/08/08,2026/02/19,8.7,3.25,8.489999771118164,33.099998474121094,,26.24,,,,0.2768,0.0231,0.2422,0.9228,0.023099999874830246,0.173,0.2192,0.2884,0.9113,2.0532,1.1535,2026-08-09
sm9-64,Alolan Marowak,normal,Team Up,64,Rare,miki kudo,Stage 1,105,Pokémon,2019/02/01,"tcgplayer,cardmarket",https://prices.pokemontcg.io/tcgplayer/sm9-64,https://images.pokemontcg.io/sm9/64_hires.png,2026/08/08,2026/02/01,1.57,0.9900000095367432,1.5199999809265137,74.98999786376953,,7.02,,,,1.0381,0.1154,0.9459,2.1224,0.5074999928474426,1.0151,0.8305,4.614,1.9725,2.4916,1.1535,2026-08-09
ecard2-36,Sudowoodo,normal,Aquapolis,36,Rare,Kagemaru Himeno,Basic,185,Pokémon,2003/01/15,"tcgplayer,cardmarket",https://prices.pokemontcg.io/tcgplayer/ecard2-36,https://images.pokemontcg.io/ecard2/36_hires.png,2026/08/08,2026/02/21,30.86,74.98999786376953,90.12000274658203,200.3000030517578,,69.99,,,,13.4613,1.1535,10.9698,17.8792,8.639699935913086,9.6433,7.567,4.4064,10.0239,7.8553,1.1535,2026-08-09
sm4-53,Regirock,normal,Crimson Invasion,53,Rare,kawayoo,Basic,377,Pokémon,2017/11/03,"tcgplayer,cardmarket",https://prices.pokemontcg.io/tcgplayer/sm4-53,https://images.pokemontcg.io/sm4/53_hires.png,2026/08/08,2026/02/19,0.31,0.10000000149011612,0.30000001192092896,19.979999542236328,,0.53,,,,0.2538,0.1154,0.4268,0.0,1.153499960899353,0.4383,0.4153,0.2884,0.2307,0.1961,1.1535,2026-08-09
bw7-63,Dusknoir,holofoil,Boundaries Crossed,63,Rare Holo,kawayoo,Stage 2,477,Pokémon,2012/11/07,"tcgplayer,cardmarket",https://prices.pokemontcg.io/tcgplayer/bw7-63,https://images.pokemontcg.io/bw7/63_hires.png,2026/08/08,2026/02/04,4.45,4.0,5.5,53.099998474121094,,14.8,,,,8.9281,1.1535,4.464,1.9494,4.037300109863281,5.11,5.1446,5.7675,5.5022,5.1215,1.1535,2026-08-09
ex14-59,Numel,normal,Crystal Guardians,59,Common,Miki Tanaka,Basic,322,Pokémon,2006/08/01,"tcgplayer,cardmarket",https://prices.pokemontcg.io/tcgplayer/ex14-59,https://images.pokemontcg.io/ex14/59_hires.png,2026/08/08,2026/02/19,0.6,0.23999999463558197,0.5,19.979999542236328,,15.78,,,,0.3114,0.0346,0.323,2.2378,0.05770000070333481,0.2422,0.2884,3.4028,2.5608,2.63,1.1535,2026-08-09
bw1-59,Timburr,normal,Black & White,59,Common,Masakazu Fukuda,Basic,532,Pokémon,2011/04/25,"tcgplayer,cardmarket",https://prices.pokemontcg.io/tcgplayer/bw1-59,https://images.pokemontcg.io/bw1/59_hires.png,2026/08/08,2026/02/19,0.24,0.10000000149011612,0.25,19.979999542236328,,1.7,,,,0.1846,0.0231,0.1154,0.7844,0.219200000166893,0.0923,0.173,4.614,2.5608,1.4649,1.1535,2026-08-09
sm115-62,Misty's Determination,normal,Hidden Fates,62,Uncommon,Megumi Mizutani,Supporter,,Trainer,2019/08/23,"tcgplayer,cardmarket",https://prices.pokemontcg.io/tcgplayer/sm115-62,https://images.pokemontcg.io/sm115/62_hires.png,2026/08/08,2026/02/22,0.32,0.10000000149011612,0.36000001430511475,25.0,,1.86,,,,0.0692,0.0231,0.0692,0.4153,0.04610000178217888,0.0692,0.0692,0.4614,0.4153,0.4037,1.1535,2026-08-09
dp1-64,Staravia,normal,Diamond & Pearl,64,Uncommon,Masakazu Fukuda,Stage 1,397,Pokémon,2007/05/01,"tcgplayer,cardmarket",https://prices.pokemontcg.io/tcgplayer/dp1-64,https://images.pokemontcg.io/dp1/64_hires.png,2026/08/08,2026/02/19,0.45,0.14000000059604645,0.4300000071525574,19.979999542236328,,1.49,,,,0.2653,0.0231,0.4499,0.3922,0.23070000112056732,0.5075,0.2999,0.5191,0.3345,0.7728,1.1535,2026-08-09
ex12-66,Tentacool,normal,Legend Maker,66,Common,Tomoaki Imakuni,Basic,72,Pokémon,2006/02/01,"tcgplayer,cardmarket",https://prices.pokemontcg.io/tcgplayer/ex12-66,https://images.pokemontcg.io/ex12/66_hires.png,2026/08/08,2026/02/04,0.39,0.15000000596046448,0.38999998569488525,19.979999542236328,,36.01,,,,0.2076,0.0231,0.173,4.8793,0.6114000082015991,0.1846,0.2076,1.7187,5.0062,4.5794,1.1535,2026-08-09
dp3-66,Smeargle,normal,Secret Wonders,66,Uncommon,Masakazu Fukuda,Basic,235,Pokémon,2007/11/01,"tcgplayer,cardmarket",https://prices.pokemontcg.io/tcgplayer/dp3-66,https://images.pokemontcg.io/dp3/66_hires.png,2026/08/08,2026/02/04,0.87,0.3199999928474426,0.8100000023841858,19.979999542236328,,8.26,,,,0.4383,0.0231,0.819,1.9033,0.28839999437332153,1.1074,0.5537,1.142,1.4188,1.1996,1.1535,2026-08-09
ecard3-28,Raikou,normal,Skyridge,28,Rare,Mitsuhiro Arita,Basic,243,Pokémon,2003/05/12,"tcgplayer,cardmarket",https://prices.pokemontcg.io/tcgplayer/ecard3-28,https://images.pokemontcg.io/ecard3/28_hires.png,2026/08/08,2026/02/21,66.47,76.9000015258789,300.0,899.5,,124.99,,,,14.6148,3.4605,16.1144,0.0,17.291000366210938,15.0532,14.8917,9.228,24.9387,28.0531,1.1535,2026-08-09
bwp-BW50,Tropical Beach,normal,BW Black Star Promos,BW50,Promo,Naoki Saito,Stadium,,Trainer,2011/03/01,"tcgplayer,cardmarket",https://prices.pokemontcg.io/tcgplayer/bwp-BW50,https://images.pokemontcg.io/bwp/BW50_hires.png,2026/07/22,2026/03/07,999.99,849.989990234375,849.989990234375,849.989990234375,,,,,,40.361,149.955,50.0504,0.0,173.02499389648438,63.8001,135.9169,51.9075,50.3618,50.3618,1.1535,2026-08-09
hgss1-69,Jynx,normal,HeartGold & SoulSilver,69,Common,Midori Harada,Basic,124,Pokémon,2010/02/10,"tcgplayer,cardmarket",https://prices.pokemontcg.io/tcgplayer/hgss1-69,https://images.pokemontcg.io/hgss1/69_hires.png,2026/08/08,2026/02/01,0.44,0.1899999976158142,0.4000000059604645,19.979999542236328,,3.6,,,,0.2538,0.0231,0.2076,0.0,0.11540000140666962,0.173,0.2307,0.8074,1.2804,1.4303,1.1535,2026-08-09
hgss2-62,Spearow,normal,HS—Unleashed,62,Common,Kagemaru Himeno,Basic,21,Pokémon,2010/05/12,"tcgplayer,cardmarket",https://prices.pokemontcg.io/tcgplayer/hgss2-62,https://images.pokemontcg.io/hgss2/62_hires.png,2026/08/08,2026/02/19,0.38,0.11999999731779099,0.36000001430511475,19.979999542236328,,2.75,,,,0.1961,0.0231,0.2192,1.0728,0.23070000112056732,0.2076,0.2076,1.0381,1.0958,1.2804,1.1535,2026-08-09
xy11-66,Yveltal BREAK,holofoil,Steam Siege,66,Rare BREAK,5ban Graphics,BREAK,717,Pokémon,2016/08/03,"tcgplayer,cardmarket",https://prices.pokemontcg.io/tcgplayer/xy11-66,https://images.pokemontcg.io/xy11/66_hires.png,2026/08/08,2026/02/01,8.14,5.0,8.140000343322754,49.0,,,,,,7.2786,2.2955,6.5173,0.0,2.8606998920440674,6.0789,6.6557,4.4986,5.8367,4.3026,1.1535,2026-08-09
sm1-60,Hypno,normal,Sun & Moon,60,Uncommon,OOYAMA,Stage 1,97,Pokémon,2017/02/03,"tcgplayer,cardmarket",https://prices.pokemontcg.io/tcgplayer/sm1-60,https://images.pokemontcg.io/sm1/60_hires.png,2026/08/08,2026/01/21,0.23,0.019999999552965164,0.23999999463558197,4.0,,0.4,,,,0.0807,0.0231,0.1038,0.2076,0.05770000070333481,0.0692,0.0807,0.2192,0.2076,0.3345,1.1535,2026-08-09
bwp-BW51,Crobat,holofoil,BW Black Star Promos,BW51,Promo,5ban Graphics,Stage 2|Team Plasma,169,Pokémon,2011/03/01,"tcgplayer,cardmarket",https://prices.pokemontcg.io/tcgplayer/bwp-BW51,https://images.pokemontcg.io/bwp/BW51_hires.png,2026/08/08,2026/02/22,34.31,38.4900016784668,51.0,350.0,,,,,,13.842,10.3815,24.3619,0.0,57.66350173950195,19.448,17.2102,4.6025,5.5829,4.8793,1.1535,2026-08-09
hgss3-61,Pikachu,normal,HS—Undaunted,61,Common,Kouki Saitou,Basic,25,Pokémon,2010/08/18,"tcgplayer,cardmarket",https://prices.pokemontcg.io/tcgplayer/hgss3-61,https://images.pokemontcg.io/hgss3/61_hires.png,2026/08/08,2026/02/19,13.04,8.989999771118164,12.819999694824219,170.89999389648438,,141.23,,,,3.6566,0.1154,3.7143,0.0,2.595400094985962,3.8527,3.3913,34.5935,40.9954,24.4196,1.1535,2026-08-09
base2-54,Jigglypuff,unlimited,Jungle,54,Common,Kagemaru Himeno,Basic,39,Pokémon,1999/06/16,"tcgplayer,cardmarket",https://prices.pokemontcg.io/tcgplayer/base2-54,https://images.pokemontcg.io/base2/54_hires.png,2026/08/08,2026/06/21,1.61,0.10000000149011612,0.9900000095367432,18.34000015258789,,,,,"{""1stEdition"": {""low"": 2.17, ""mid"": 6.96, ""high"": 96.95, ""market"": 8.46, ""directLow"": 8.99}}",0.9113,0.0231,1.6149,0.0,1.3610999584197998,1.3496,0.8997,0.0577,0.2884,0.2884,1.1535,2026-08-09
base1-64,Starmie,normal,Base,64,Common,Keiji Kinebuchi,Stage 1,121,Pokémon,1999/01/09,"tcgplayer,cardmarket",https://prices.pokemontcg.io/tcgplayer/base1-64,https://images.pokemontcg.io/base1/64_hires.png,2026/08/08,2026/02/21,0.95,0.15000000596046448,0.699999988079071,25.0,,,,,,2.63,0.1154,3.3451,0.0,3.7142999172210693,2.9876,6.6903,0.0,0.0,0.0,1.1535,2026-08-09
ecard2-37,Suicune,normal,Aquapolis,37,Rare,Atsuko Nishida,Basic,245,Pokémon,2003/01/15,"tcgplayer,cardmarket",https://prices.pokemontcg.io/tcgplayer/ecard2-37,https://images.pokemontcg.io/ecard2/37_hires.png,2026/08/08,2026/02/21,66.19,45.0,66.19000244140625,663.0,,108.47,,,,11.5235,2.8838,13.3921,11.535,23.058500289916992,12.7346,15.1801,7.4977,18.6175,15.6991,1.1535,2026-08-09
xy12-58,Machoke,normal,Evolutions,58,Uncommon,Ken Sugimori,Stage 1,67,Pokémon,2016/11/02,"tcgplayer,cardmarket",https://prices.pokemontcg.io/tcgplayer/xy12-58,https://images.pokemontcg.io/xy12/58_hires.png,2026/08/08,2026/02/01,0.15,0.019999999552965164,0.20000000298023224,19.899999618530273,,0.5,,,,0.1384,0.0231,0.1154,0.7844,0.11540000140666962,0.1384,0.1384,0.8074,1.0151,0.7498,1.1535,2026-08-09
sm75-60a,Fiery Flint,,Dragon Majesty,60a,Uncommon,Yoshinobu Saito,Item,,Trainer,2018/09/07,cardmarket,https://prices.pokemontcg.io/cardmarket/sm75-60a,https://images.pokemontcg.io/sm75/60a_hires.png,,2026/02/01,,,,,,,,,,0.4383,0.1154,0.6921,0.0,0.09229999780654907,0.7498,0.5191,0.5767,0.346,0.3807,1.1535,2026-08-09
ex12-67,Trapinch,normal,Legend Maker,67,Common,Tomokazu Komiya,Basic,328,Pokémon,2006/02/01,"tcgplayer,cardmarket",https://prices.pokemontcg.io/tcgplayer/ex12-67,https://images.pokemontcg.io/ex12/67_hires.png,2026/08/08,2026/02/04,1.06,0.25,0.8799999952316284,5.0,,20.37,,,,0.5767,0.0231,0.5306,5.8598,0.3345000147819519,0.4153,0.5191,1.1535,5.1331,5.1331,1.1535,2026-08-09
ex8-62,Koffing,normal,Deoxys,62,Common,Hisao Nakamura,Basic,109,Pokémon,2005/02/01,"tcgplayer,cardmarket",https://prices.pokemontcg.io/tcgplayer/ex8-62,https://images.pokemontcg.io/ex8/62_hires.png,2026/08/08,2026/02/21,1.7,0.25,0.699999988079071,19.979999542236328,,12.5,,,,0.6806,0.0231,0.8882,5.1215,1.2689000368118286,0.7844,0.5883,3.1721,7.4055,6.0328,1.1535,2026-08-09
hgss1-70,Koffing,normal,HeartGold & SoulSilver,70,Common,Hajime Kusajima,Basic,109,Pokémon,2010/02/10,"tcgplayer,cardmarket",https://prices.pokemontcg.io/tcgplayer/hgss1-70,https://images.pokemontcg.io/hgss1/70_hires.png,2026/08/08,2026/02/01,0.53,0.20999999344348907,0.4300000071525574,19.979999542236328,,13.5,,,,0.4153,0.0231,0.1846,2.0532,0.51910001039505,0.1961,0.4268,1.4419,2.2839,2.4224,1.1535,2026-08-09
bw1-60,Gurdurr,normal,Black & White,60,Uncommon,Naoki Saito,Stage 1,533,Pokémon,2011/04/25,"tcgplayer,cardmarket",https://prices.pokemontcg.io/tcgplayer/bw1-60,https://images.pokemontcg.io/bw1/60_hires.png,2026/08/08,2026/02/19,0.46,0.11999999731779099,0.47999998927116394,19.979999542236328,,1.39,,,,0.4037,0.0231,0.4499,1.4995,0.3345000147819519,0.3576,0.4037,0.6921,1.7533,1.4073,1.1535,2026-08-09
ex5-55,Chikorita,normal,Hidden Legends,55,Common,Shin-ichi Yoshikawa,Basic,152,Pokémon,2004/06/01,"tcgplayer,cardmarket",https://prices.pokemontcg.io/tcgplayer/ex5-55,https://images.pokemontcg.io/ex5/55_hires.png,2026/08/08,2026/03/07,1.34,0.6499999761581421,1.309999942779541,96.94999694824219,,40.3,,,,0.3345,0.0231,0.4614,0.5537,0.46140000224113464,0.496,0.3576,0.5537,5.4099,5.779,1.1535,2026-08-09
bw3-58,Litwick,normal,Noble Victories,58,Common,Naoki Saito,Basic,607,Pokémon,2011/11/16,"tcgplayer,cardmarket",https://prices.pokemontcg.io/tcgplayer/bw3-58,https://images.pokemontcg.io/bw3/58_hires.png,2026/08/08,2026/02/19,0.42,0.20000000298023224,0.4300000071525574,19.979999542236328,,3.67,,,,0.346,0.0231,0.323,0.5767,0.34599998593330383,0.3691,0.3922,0.5767,1.1189,0.8536,1.1535,2026-08-09
ex6-59,Clefairy,normal,FireRed & LeafGreen,59,Common,Mitsuhiro Arita,Basic,35,Pokémon,2004/09/01,"tcgplayer,cardmarket",https://prices.pokemontcg.io/tcgplayer/ex6-59,https://images.pokemontcg.io/ex6/59_hires.png,2026/08/08,2026/02/19,1.91,0.9900000095367432,1.940000057220459,19.979999542236328,,17.89,,,,0.4729,0.0461,0.5421,2.8607,0.28839999437332153,0.3922,0.5306,3.449,5.3753,9.0896,1.1535,2026-08-09
base6-57,Omanyte,normal,Legendary Collection,57,Uncommon,Kagemaru Himeno,Stage 1,138,Pokémon,2002/05/24,"tcgplayer,cardmarket",https://prices.pokemontcg.io/tcgplayer/base6-57,https://images.pokemontcg.io/base6/57_hires.png,2026/08/08,2026/02/19,2.19,0.8899999856948853,1.25,46.099998474121094,,76.01,,,,2.953,0.0923,3.4259,55.7256,3.2183001041412354,3.3221,1.4649,34.5473,43.2447,44.4674,1.1535,2026-08-09
gym2-65,Blaine's Rhyhorn,unlimited,Gym Challenge,65,Common,Ken Sugimori,Basic,111,Pokémon,2000/10/16,"tcgplayer,cardmarket",https://prices.pokemontcg.io/tcgplayer/gym2-65,https://images.pokemontcg.io/gym2/65_hires.png,2026/08/08,2026/02/19,1.05,0.30000001192092896,1.0,4.989999771118164,,,,,"{""1stEdition"": {""low"": 1.91, ""mid"": 2.71, ""high"": 96.95, ""market"": 2.71, ""directLow"": 3.96}}",2.0417,0.1154,1.8456,0.0,0.7613000273704529,2.4454,1.8802,0.0,0.0,0.0,1.1535,2026-08-09
smp-SM55,Decidueye,holofoil,SM Black Star Promos,SM55,Promo,Kouki Saitou,Stage 2,724,Pokémon,2017/02/03,"tcgplayer,cardmarket",https://prices.pokemontcg.io/tcgplayer/smp-SM55,https://images.pokemontcg.io/smp/SM55_hires.png,2026/08/08,2026/02/01,0.4,0.15000000596046448,0.46000000834465027,4.0,,,,,,0.6806,0.1154,0.6575,0.0,0.4959999918937683,0.7844,0.5652,0.9805,0.6806,0.6114,1.1535,2026-08-09
swshp-SWSH055,Hatterene V,holofoil,SWSH Black Star Promos,SWSH055,Promo,PLANETA Igarashi,Basic|V,858,Pokémon,2019/11/15,"tcgplayer,cardmarket",https://prices.pokemontcg.io/tcgplayer/swshp-SWSH055,https://images.pokemontcg.io/swshp/SWSH055_hires.png,2026/08/08,2026/02/04,0.87,0.4699999988079071,0.9300000071525574,19.979999542236328,,,,,,1.0728,0.2307,1.0612,0.0,0.911300003528595,1.142,1.1996,0.9228,1.315,1.2804,1.1535,2026-08-09
bw6-61,Marowak,normal,Dragons Exalted,61,Rare,Kouki Saitou,Stage 1,105,Pokémon,2012/08/15,"tcgplayer,cardmarket",https://prices.pokemontcg.io/tcgplayer/bw6-61,https://images.pokemontcg.io/bw6/61_hires.png,2026/08/08,2026/02/04,2.37,0.4000000059604645,0.6899999976158142,5.0,,2.26,,,,0.9459,0.0231,0.7959,1.5457,0.6344000101089478,1.0035,0.8074,1.2689,1.3957,1.5111,1.1535,2026-08-09
col1-63,Mareep,normal,Call of Legends,63,Common,Ken Sugimori,Basic,179,Pokémon,2011/02/09,"tcgplayer,cardmarket",https://prices.pokemontcg.io/tcgplayer/col1-63,https://images.pokemontcg.io/col1/63_hires.png,2026/08/08,2026/02/19,0.57,0.09000000357627869,0.4000000059604645,1.659999966621399,,9.7,,,,1.3727,0.0231,0.4614,0.0,0.28839999437332153,0.323,0.7267,0.9113,2.3877,3.945,1.1535,2026-08-09
ex1-52,Electrike,normal,Ruby & Sapphire,52,Common,Ken Sugimori,Basic,309,Pokémon,2003/07/01,"tcgplayer,cardmarket",https://prices.pokemontcg.io/tcgplayer/ex1-52,https://images.pokemontcg.io/ex1/52_hires.png,2026/08/08,2026/02/22,0.63,0.38999998569488525,0.6899999976158142,19.979999542236328,,7.19,,,,0.3922,0.0231,0.4614,0.0,0.09229999780654907,0.4153,0.3807,34.605,8.3629,3.3798,1.1535,2026-08-09
sm10-53,Pyukumuku,normal,Unbroken Bonds,53,Uncommon,Asako Ito,Basic,771,Pokémon,2019/05/03,"tcgplayer,cardmarket",https://prices.pokemontcg.io/tcgplayer/sm10-53,https://images.pokemontcg.io/sm10/53_hires.png,2026/08/08,2026/02/04,4.36,2.0,4.420000076293945,19.989999771118164,,12.98,,,,0.2192,0.0231,0.1615,1.3842,0.3345000147819519,0.1615,0.2653,1.1535,1.2573,0.9343,1.1535,2026-08-09
dp1-65,Unown [A],normal,Diamond & Pearl,65,Uncommon,Nakaoka,Basic,201,Pokémon,2007/05/01,"tcgplayer,cardmarket",https://prices.pokemontcg.io/tcgplayer/dp1-65,https://images.pokemontcg.io/dp1/65_hires.png,2026/08/08,2026/02/19,2.75,1.5199999809265137,2.950000047683716,32.900001525878906,,3.99,,,,0.6806,0.0577,0.8997,1.1535,0.8651000261306763,0.8536,0.7267,1.142,2.7799,2.2263,1.1535,2026-08-09
xy5-65,Eelektross,holofoil,Primal Clash,65,Rare Holo,Mitsuhiro Arita,Stage 2,604,Pokémon,2015/02/04,"tcgplayer,cardmarket",https://prices.pokemontcg.io/tcgplayer/xy5-65,https://images.pokemontcg.io/xy5/65_hires.png,2026/08/08,2026/01/21,0.75,0.3400000035762787,0.7900000214576721,19.979999542236328,,0.95,,,,0.6806,0.5191,1.3842,1.661,0.6805999875068665,1.4419,1.1881,1.6726,2.3301,2.1801,1.1535,2026-08-09
neo2-55,Hoppip,unlimited,Neo Discovery,55,Common,Kagemaru Himeno,Basic,187,Pokémon,2001/06/01,"tcgplayer,cardmarket",https://prices.pokemontcg.io/tcgplayer/neo2-55,https://images.pokemontcg.io/neo2/55_hires.png,2026/08/08,2026/06/21,0.63,0.25,0.6100000143051147,20.5,,,,,"{""1stEdition"": {""low"": 1.19, ""mid"": 2.6, ""high"": 16.9, ""market"": 2.58, ""directLow"": 3.14}}",0.646,0.0231,0.5191,0.0,0.23070000112056732,1.0497,0.6229,0.0,0.0,0.0,1.1535,2026-08-09
bw5-56,Excadrill,normal,Dark Explorers,56,Rare,Mitsuhiro Arita,Stage 1,530,Pokémon,2012/05/09,"tcgplayer,cardmarket",https://prices.pokemontcg.io/tcgplayer/bw5-56,https://images.pokemontcg.io/bw5/56_hires.png,2026/08/08,2026/02/19,0.7,0.3499999940395355,0.699999988079071,19.979999542236328,,3.11,,,,0.7382,0.1154,0.9459,2.5377,0.6920999884605408,0.7382,0.8421,2.5377,1.9725,1.5688,1.1535,2026-08-09
xy7-64,Porygon,normal,Ancient Origins,64,Common,Yukiko Baba,Basic,137,Pokémon,2015/08/12,"tcgplayer,cardmarket",https://prices.pokemontcg.io/tcgplayer/xy7-64,https://images.pokemontcg.io/xy7/64_hires.png,2026/08/08,2026/02/01,0.22,0.009999999776482582,0.23999999463558197,1000.0,,0.64,,,,0.0923,0.0231,0.1038,1.1535,0.23070000112056732,0.1269,0.1154,1.142,1.1189,0.6575,1.1535,2026-08-09
xy2-71,Dragalge,normal,Flashfire,71,Rare,5ban Graphics,Stage 1,691,Pokémon,2014/05/07,"tcgplayer,cardmarket",https://prices.pokemontcg.io/tcgplayer/xy2-71,https://images.pokemontcg.io/xy2/71_hires.png,2026/08/08,2026/01/21,0.7,0.44999998807907104,0.699999988079071,29.989999771118164,,1.17,,,,0.3691,0.173,0.7844,0.2884,0.17299999296665192,0.5883,0.8305,0.4614,1.1996,1.4765,1.1535,2026-08-09
sm4-54,Gastrodon,normal,Crimson Invasion,54,Uncommon,TOKIYA,Stage 1,423,Pokémon,2017/11/03,"tcgplayer,cardmarket",https://prices.pokemontcg.io/tcgplayer/sm4-54,https://images.pokemontcg.io/sm4/54_hires.png,2026/08/08,2026/02/19,0.21,0.009999999776482582,0.23999999463558197,19.979999542236328,,0.38,,,,0.0923,0.0231,0.1154,0.5421,0.05770000070333481,0.0807,0.0923,0.173,0.4499,0.4383,1.1535,2026-08-09
swsh3-57,Ampharos,normal,Darkness Ablaze,57,Rare,kodama,Stage 2,181,Pokémon,2020/08/14,"tcgplayer,cardmarket",https://prices.pokemontcg.io/tcgplayer/swsh3-57,https://images.pokemontcg.io/swsh3/57_hires.png,2026/08/08,2026/02/01,0.27,0.10000000149011612,0.2800000011920929,19.979999542236328,,0.57,,,,0.2076,0.0231,0.2422,0.9459,0.31139999628067017,0.2422,0.2307,0.7382,0.7498,0.7498,1.1535,2026-08-09
bw7-64,Croagunk,normal,Boundaries Crossed,64,Common,Ken Sugimori,Basic,453,Pokémon,2012/11/07,"tcgplayer,cardmarket",https://prices.pokemontcg.io/tcgplayer/bw7-64,https://images.pokemontcg.io/bw7/64_hires.png,2026/08/08,2026/02/01,0.29,0.1899999976158142,0.30000001192092896,19.979999542236328,,1.23,,,,0.173,0.0231,0.1961,0.0,0.17299999296665192,0.1846,0.1961,1.1535,1.0266,0.992,1.1535,2026-08-09
ex16-55,Meditite,normal,Power Keepers,55,Common,Midori Harada,Basic,307,Pokémon,2007/02/02,"tcgplayer,cardmarket",https://prices.pokemontcg.io/tcgplayer/ex16-55,https://images.pokemontcg.io/ex16/55_hires.png,2026/08/08,2026/02/22,0.37,0.10000000149011612,0.33000001311302185,2.0,,10.45,,,,0.2076,0.0231,0.1846,4.614,0.46140000224113464,0.173,0.5421,5.7675,4.0026,3.9796,1.1535,2026-08-09
xy4-58,Malamar-EX,holofoil,Phantom Forces,58,Rare Holo EX,Eske Yoshinob,Basic|EX,687,Pokémon,2014/11/05,"tcgplayer,cardmarket",https://prices.pokemontcg.io/tcgplayer/xy4-58,https://images.pokemontcg.io/xy4/58_hires.png,2026/08/08,2026/02/04,2.77,1.9500000476837158,2.990000009536743,37.79999923706055,,,,,,4.3718,1.1535,4.3026,0.0,4.602499961853027,4.3026,4.1641,5.1907,3.4144,3.5758,1.1535,2026-08-09
sm8-59,Suicune,holofoil,Lost Thunder,59,Rare Holo,Anesaki Dynamic,Basic,245,Pokémon,2018/11/02,"tcgplayer,cardmarket",https://prices.pokemontcg.io/tcgplayer/sm8-59,https://images.pokemontcg.io/sm8/59_hires.png,2026/08/08,2026/02/01,4.09,1.850000023841858,4.260000228881836,35.099998474121094,,3.99,,,,6.9902,1.142,5.2484,5.9636,2.1916000843048096,6.2174,7.913,6.8633,5.4791,4.9485,1.1535,2026-08-09
ex11-62,Ditto,normal,Delta Species,62,Common,Yuka Morii,Basic,132,Pokémon,2005/10/31,"tcgplayer,cardmarket",https://prices.pokemontcg.io/tcgplayer/ex11-62,https://images.pokemontcg.io/ex11/62_hires.png,2026/08/08,2026/02/19,26.0,19.0,33.290000915527344,400.0,,179.75,,,,4.6717,0.2538,5.0639,36.0007,2.1916000843048096,7.1748,4.6255,9.8048,126.0775,55.3565,1.1535,2026-08-09
xy6-60,Rayquaza-EX,holofoil,Roaring Skies,60,Rare Holo EX,PLANETA,Basic|EX,384,Pokémon,2015/05/06,"tcgplayer,cardmarket",https://prices.pokemontcg.io/tcgplayer/xy6-60,https://images.pokemontcg.io/xy6/60_hires.png,2026/08/08,2026/02/01,27.87,13.989999771118164,23.0,188.5500030517578,,,,,,10.5315,4.614,9.4818,0.0,6.921000003814697,11.8811,13.2883,5.7675,5.9751,5.5599,1.1535,2026-08-09
dp7-55,Bronzor,normal,Stormfront,55,Common,Miki Tanaka,Basic,436,Pokémon,2008/11/01,"tcgplayer,cardmarket",https://prices.pokemontcg.io/tcgplayer/dp7-55,https://images.pokemontcg.io/dp7/55_hires.png,2026/08/08,2026/02/19,0.32,0.14000000059604645,0.30000001192092896,19.979999542236328,,1.94,,,,0.1961,0.0231,0.1615,0.7728,0.23070000112056732,0.1615,0.173,1.1535,1.2689,1.142,1.1535,2026-08-09
bw8-62,Giratina,normal,Plasma Storm,62,Rare,5ban Graphics,Basic|Team Plasma,487,Pokémon,2013/02/06,"tcgplayer,cardmarket",https://prices.pokemontcg.io/tcgplayer/bw8-62,https://images.pokemontcg.io/bw8/62_hires.png,2026/08/08,2026/02/04,6.54,2.9600000381469727,5.0,67.9000015258789,,29.63,,,,4.1065,0.4499,4.4294,10.6583,6.309599876403809,4.1295,3.7604,1.1535,9.1819,5.6291,1.1535,2026-08-09
sm11-57,Alolan Raichu,holofoil,Unified Minds,57,Rare Holo,Kouki Saitou,Stage 1,26,Pokémon,2019/08/02,"tcgplayer,cardmarket",https://prices.pokemontcg.io/tcgplayer/sm11-57,https://images.pokemontcg.io/sm11/57_hires.png,2026/08/08,2026/02/01,7.73,5.0,7.989999771118164,51.15999984741211,,7.23,,,,2.6877,1.1535,3.2298,3.3682,4.602499961853027,2.8376,3.3567,3.9796,3.7604,3.7373,1.1535,2026-08-09
sm7-63,Shuppet,normal,Celestial Storm,63,Common,Mitsuhiro Arita,Basic,353,Pokémon,2018/08/03,"tcgplayer,cardmarket",https://prices.pokemontcg.io/tcgplayer/sm7-63,https://images.pokemontcg.io/sm7/63_hires.png,2026/08/08,2026/01/21,0.25,0.05000000074505806,0.25,2.180000066757202,,0.52,,,,0.1269,0.0231,0.1038,0.173,0.05770000070333481,0.1038,0.0923,0.173,0.3114,0.346,1.1535,2026-08-09
sm9-65,Starmie,normal,Team Up,65,Rare,Mizue,Stage 1,121,Pokémon,2019/02/01,"tcgplayer,cardmarket",https://prices.pokemontcg.io/tcgplayer/sm9-65,https://images.pokemontcg.io/sm9/65_hires.png,2026/08/08,2026/02/01,0.43,0.15000000596046448,0.44999998807907104,2.0,,0.92,,,,0.4383,0.0461,0.4037,1.0843,0.34599998593330383,0.4729,0.496,1.0266,1.1766,1.1996,1.1535,2026-08-09
xy9-55,Sigilyph,normal,BREAKpoint,55,Uncommon,Masakazu Fukuda,Basic,561,Pokémon,2016/02/03,"tcgplayer,cardmarket",https://prices.pokemontcg.io/tcgplayer/xy9-55,https://images.pokemontcg.io/xy9/55_hires.png,2026/08/08,2026/02/04,0.06,0.03999999910593033,0.20000000298023224,1000.0,,0.44,,,,0.1154,0.0231,0.0923,0.5652,0.05770000070333481,0.0807,0.1269,0.2307,0.6344,0.5537,1.1535,2026-08-09
ex4-64,Team Magma's Numel,normal,Team Magma vs Team Aqua,64,Common,Katsura Tabata,Basic,322,Pokémon,2004/03/01,"tcgplayer,cardmarket",https://prices.pokemontcg.io/tcgplayer/ex4-64,https://images.pokemontcg.io/ex4/64_hires.png,2026/08/08,2026/02/19,1.08,0.8100000023841858,1.0700000524520874,19.979999542236328,,8.94,,,,0.7152,0.0577,0.6344,3.4605,0.11540000140666962,0.5652,0.5883,3.4605,4.7524,4.0949,1.1535,2026-08-09
g1-50,Clefairy,normal,Generations,50,Common,Shibuzoh.,Basic,35,Pokémon,2016/02/22,"tcgplayer,cardmarket",https://prices.pokemontcg.io/tcgplayer/g1-50,https://images.pokemontcg.io/g1/50_hires.png,2026/08/08,2026/02/19,2.19,0.8999999761581421,2.009999990463257,20.989999771118164,,10.09,,,,0.3807,0.0231,0.3807,2.2955,0.25380000472068787,0.4153,0.4037,2.8722,2.4454,1.6841,1.1535,2026-08-09
ex13-63,Corphish,normal,Holon Phantoms,63,Common,Midori Harada,Basic,341,Pokémon,2006/05/01,"tcgplayer,cardmarket",https://prices.pokemontcg.io/tcgplayer/ex13-63,https://images.pokemontcg.io/ex13/63_hires.png,2026/08/08,2026/02/19,0.35,0.15000000596046448,0.3700000047683716,19.979999542236328,,20.54,,,,0.3345,0.0231,0.5883,7.4401,1.7302000522613525,0.7267,0.3691,3.449,4.4294,4.4064,1.1535,2026-08-09
bw10-67,Axew,normal,Plasma Blast,67,Common,sui,Basic,610,Pokémon,2013/08/14,"tcgplayer,cardmarket",https://prices.pokemontcg.io/tcgplayer/bw10-67,https://images.pokemontcg.io/bw10/67_hires.png,2026/08/08,2026/02/04,0.4,0.10999999940395355,0.30000001192092896,18.200000762939453,,0.54,,,,0.2307,0.0231,0.2076,1.6264,0.11540000140666962,0.1846,0.1615,0.5421,1.0612,0.8997,1.1535,2026-08-09
xy8-58,Gastly,normal,BREAKthrough,58,Common,Shigenori Negishi,Basic,92,Pokémon,2015/11/04,"tcgplayer,cardmarket",https://prices.pokemontcg.io/tcgplayer/xy8-58,https://images.pokemontcg.io/xy8/58_hires.png,2026/08/08,2026/02/04,0.2,0.03999999910593033,0.23999999463558197,1000.0,,1.19,,,,0.2076,0.0231,0.2653,1.3611,0.34599998593330383,0.2422,0.2192,1.4073,1.3842,1.2342,1.1535,2026-08-09
ex15-52,Larvitar δ,normal,Dragon Frontiers,52,Common,Kouki Saitou,Basic,246,Pokémon,2006/11/01,"tcgplayer,cardmarket",https://prices.pokemontcg.io/tcgplayer/ex15-52,https://images.pokemontcg.io/ex15/52_hires.png,2026/08/08,2026/02/21,0.84,0.15000000596046448,0.7699999809265137,19.989999771118164,,29.91,,,,0.323,0.0231,0.2422,10.37,0.17299999296665192,0.323,0.3345,9.228,9.5856,8.8127,1.1535,2026-08-09
swsh35-66,Suspicious Food Tin,normal,Champion's Path,66,Uncommon,Ryo Ueda,Item,,Trainer,2020/09/25,"tcgplayer,cardmarket",https://prices.pokemontcg.io/tcgplayer/swsh35-66,https://images.pokemontcg.io/swsh35/66_hires.png,2026/08/08,2026/02/19,0.16,0.009999999776482582,0.18000000715255737,17.979999542236328,,0.11,,,,0.0923,0.0231,0.0807,0.4383,0.11540000140666962,0.0923,0.0692,0.2538,0.346,0.3345,1.1535,2026-08-09
base4-63,Wartortle,normal,Base Set 2,63,Uncommon,Ken Sugimori,Stage 1,8,Pokémon,2000/02/24,"tcgplayer,cardmarket",https://prices.pokemontcg.io/tcgplayer/base4-63,https://images.pokemontcg.io/base4/63_hires.png,2026/08/08,2026/02/22,2.23,0.49000000953674316,1.3200000524520874,150.0,,,,,,3.7719,0.1154,4.7063,0.0,27.695499420166016,7.9015,2.9299,0.5652,0.4037,0.4037,1.1535,2026-08-09
bw4-67,Mienfoo,normal,Next Destinies,67,Common,Midori Harada,Basic,619,Pokémon,2012/02/08,"tcgplayer,cardmarket",https://prices.pokemontcg.io/tcgplayer/bw4-67,https://images.pokemontcg.io/bw4/67_hires.png,2026/08/08,2026/02/04,0.27,0.07999999821186066,0.25,1000.0,,0.7,,,,0.1269,0.0231,0.1154,0.5767,0.023099999874830246,0.1269,0.1269,0.9228,0.3691,0.496,1.1535,2026-08-09
sma-SV56,Greninja-GX,holofoil,Hidden Fates Shiny Vault,SV56,Rare Shiny GX,5ban Graphics,Stage 2|GX,658,Pokémon,2019/08/23,"tcgplayer,cardmarket",https://prices.pokemontcg.io/tcgplayer/sma-SV56,https://images.pokemontcg.io/sma/SV56_hires.png,2026/08/08,2026/02/01,120.59,110.0,137.49000549316406,709.9600219726562,,,,,,45.1711,17.3025,45.2633,0.0,53.06100082397461,48.3316,50.085,40.3494,34.8934,40.9146,1.1535,2026-08-09
swsh2-58,Electabuzz,normal,Rebel Clash,58,Common,Midori Harada,Basic,125,Pokémon,2020/05/01,"tcgplayer,cardmarket",https://prices.pokemontcg.io/tcgplayer/swsh2-58,https://images.pokemontcg.io/swsh2/58_hires.png,2026/08/08,2026/01/26,0.15,0.009999999776482582,0.1899999976158142,19.979999542236328,,0.27,,,,0.0807,0.0231,0.0692,0.2653,0.04610000178217888,0.0577,0.0577,0.4499,0.2192,0.2884,1.1535,2026-08-09
ex3-63,Magnemite,normal,Dragon,63,Common,Kyoko Umemoto,Basic,81,Pokémon,2003/11/24,"tcgplayer,cardmarket",https://prices.pokemontcg.io/tcgplayer/ex3-63,https://images.pokemontcg.io/ex3/63_hires.png,2026/08/08,2026/02/22,1.03,0.8500000238418579,1.0,19.979999542236328,,16.57,,,,0.819,0.0461,0.6575,4.1526,0.57669997215271,0.9228,0.646,3.6912,5.0754,4.0257,1.1535,2026-08-09
dp3-67,Smoochum,normal,Secret Wonders,67,Uncommon,Atsuko Nishida,Basic,238,Pokémon,2007/11/01,"tcgplayer,cardmarket",https://prices.pokemontcg.io/tcgplayer/dp3-67,https://images.pokemontcg.io/dp3/67_hires.png,2026/08/08,2026/02/04,2.65,0.8399999737739563,2.0,18.639999389648438,,3.7,,,,0.7613,0.0577,0.3345,1.7187,0.10379999876022339,0.2999,0.7728,1.142,1.7764,1.7302,1.1535,2026-08-09
pl4-64,Gastly,normal,Arceus,64,Common,Mitsuhiro Arita,Basic,92,Pokémon,2009/11/04,"tcgplayer,cardmarket",https://prices.pokemontcg.io/tcgplayer/pl4-64,https://images.pokemontcg.io/pl4/64_hires.png,2026/08/08,2026/02/04,0.66,0.15000000596046448,0.5,19.979999542236328,,21.98,,,,0.1846,0.0231,0.2307,0.0,0.20759999752044678,0.2076,0.1846,0.8074,0.9805,2.4339,1.1535,2026-08-09
ex7-61,Koffing,normal,Team Rocket Returns,61,Common,Midori Harada,Basic,109,Pokémon,2004/11/01,"tcgplayer,cardmarket",https://prices.pokemontcg.io/tcgplayer/ex7-61,https://images.pokemontcg.io/ex7/61_hires.png,2026/08/08,2026/02/19,1.04,0.15000000596046448,0.75,19.979999542236328,,32.21,,,,0.3114,0.0231,0.3345,9.8048,0.023099999874830246,0.2999,0.2884,9.8048,8.3513,7.6131,1.1535,2026-08-09
sm6-58,Torterra,normal,Forbidden Light,58,Rare,kawayoo,Stage 2,389,Pokémon,2018/05/04,"tcgplayer,cardmarket",https://prices.pokemontcg.io/tcgplayer/sm6-58,https://images.pokemontcg.io/sm6/58_hires.png,2026/08/08,2026/02/01,0.67,0.4000000059604645,0.6899999976158142,19.979999542236328,,1.3,,,,0.5998,0.0923,0.6229,2.7684,0.5651999711990356,0.5998,0.6114,1.1535,1.2227,0.9459,1.1535,2026-08-09
xy10-60,Bronzor,normal,Fates Collide,60,Common,Hajime Kusajima,Basic,436,Pokémon,2016/05/02,"tcgplayer,cardmarket",https://prices.pokemontcg.io/tcgplayer/xy10-60,https://images.pokemontcg.io/xy10/60_hires.png,2026/08/08,2026/02/01,0.11,0.009999999776482582,0.20000000298023224,4.0,,0.31,,,,0.8536,0.0231,0.0807,0.4383,0.023099999874830246,0.0923,0.0692,0.1615,0.4383,0.3345,1.1535,2026-08-09
pl1-63,Silcoon,normal,Platinum,63,Uncommon,Kyoko Umemoto,Stage 1,266,Pokémon,2009/02/11,"tcgplayer,cardmarket",https://prices.pokemontcg.io/tcgplayer/pl1-63,https://images.pokemontcg.io/pl1/63_hires.png,2026/08/08,2026/02/19,0.43,0.2199999988079071,0.4300000071525574,19.979999542236328,,1.86,,,,0.15,0.0231,0.1615,1.3496,0.23070000112056732,0.173,0.1846,0.2307,1.0958,1.2112,1.1535,2026-08-09
hgss4-61,Diglett,normal,HS—Triumphant,61,Common,Shizurow,Basic,50,Pokémon,2010/11/03,"tcgplayer,cardmarket",https://prices.pokemontcg.io/tcgplayer/hgss4-61,https://images.pokemontcg.io/hgss4/61_hires.png,2026/08/08,2026/02/19,0.59,0.1899999976158142,0.3700000047683716,1.4900000095367432,,3.91,,,,0.2422,0.0231,0.2999,1.5688,0.1615000069141388,0.2999,0.2422,1.2573,1.2804,1.2804,1.1535,2026-08-09
base5-58,Koffing,unlimited,Team Rocket,58,Common,Sumiyoshi Kizuki,Basic,109,Pokémon,2000/04/24,"tcgplayer,cardmarket",https://prices.pokemontcg.io/tcgplayer/base5-58,https://images.pokemontcg.io/base5/58_hires.png,2026/08/08,2026/06/21,0.55,0.10000000149011612,0.5199999809265137,19.979999542236328,,,,,"{""1stEdition"": {""low"": 0.75, ""mid"": 2.06, ""high"": 28.26, ""market"": 2.17, ""directLow"": null}}",2.7799,0.0231,3.9911,0.0,0.28839999437332153,0.6229,2.803,2.307,0.8421,0.8421,1.1535,2026-08-09
sm12-65,Araquanid,normal,Cosmic Eclipse,65,Uncommon,Tomokazu Komiya,Stage 1,752,Pokémon,2019/11/01,"tcgplayer,cardmarket",https://prices.pokemontcg.io/tcgplayer/sm12-65,https://images.pokemontcg.io/sm12/65_hires.png,2026/08/08,2026/02/01,0.37,0.10000000149011612,0.3700000047683716,19.979999542236328,,0.91,,,,0.1269,0.0231,0.2076,0.6806,0.05770000070333481,0.2076,0.1615,1.1535,0.7498,0.9574,1.1535,2026-08-09
sm3-59,Espurr,normal,Burning Shadows,59,Common,Miki Tanaka,Basic,677,Pokémon,2017/08/05,"tcgplayer,cardmarket",https://prices.pokemontcg.io/tcgplayer/sm3-59,https://images.pokemontcg.io/sm3/59_hires.png,2026/08/08,2026/01/26,0.26,0.019999999552965164,0.25,19.979999542236328,,0.52,,,,0.0461,0.0231,0.0231,0.1846,0.05770000070333481,0.0577,0.0692,0.2884,0.2999,0.2653,1.1535,2026-08-09
pl3-58,Floatzel,normal,Supreme Victors,58,Uncommon,Kagemaru Himeno,Stage 1,419,Pokémon,2009/08/19,"tcgplayer,cardmarket",https://prices.pokemontcg.io/tcgplayer/pl3-58,https://images.pokemontcg.io/pl3/58_hires.png,2026/08/08,2026/02/19,0.32,0.17000000178813934,0.3199999928474426,19.979999542236328,,1.85,,,,0.2422,0.0231,0.2538,0.5191,0.23070000112056732,0.323,0.1846,0.5767,0.7036,1.0381,1.1535,2026-08-09
sm5-62,Lunala ◇,holofoil,Ultra Prism,62,Rare Prism Star,Hitoshi Ariga,Basic|Prism Star,792,Pokémon,2018/02/02,"tcgplayer,cardmarket",https://prices.pokemontcg.io/tcgplayer/sm5-62,https://images.pokemontcg.io/sm5/62_hires.png,2026/08/08,2026/02/01,6.39,3.7100000381469727,6.619999885559082,914.5700073242188,,,,,,3.126,0.5767,3.3221,0.0,2.1916000843048096,2.5838,2.9068,0.8651,2.1455,2.6992,1.1535,2026-08-09
xyp-XY53,Sceptile-EX,holofoil,XY Black Star Promos,XY53,Promo,Eske Yoshinob,Basic|EX,254,Pokémon,2013/10/12,"tcgplayer,cardmarket",https://prices.pokemontcg.io/tcgplayer/xyp-XY53,https://images.pokemontcg.io/xyp/XY53_hires.png,2026/08/08,2026/02/04,9.28,3.859999895095825,5.389999866485596,63.0,,,,,,4.9947,1.4995,5.0754,0.0,8.07450008392334,4.6947,5.7444,2.5954,3.3682,3.5066,1.1535,2026-08-09
swsh4-59,Eelektross,normal,Vivid Voltage,59,Rare,tetsuya koizumi,Stage 2,604,Pokémon,2020/11/13,"tcgplayer,cardmarket",https://prices.pokemontcg.io/tcgplayer/swsh4-59,https://images.pokemontcg.io/swsh4/59_hires.png,2026/08/08,2026/02/01,0.09,0.029999999329447746,0.20000000298023224,999.989990234375,,0.26,,,,0.0807,0.0231,0.0923,0.3114,0.17299999296665192,0.1038,0.1038,0.2076,0.2076,0.346,1.1535,2026-08-09
neo1-56,Cyndaquil,unlimited,Neo Genesis,56,Common,Ken Sugimori,Basic,155,Pokémon,2000/12/16,"tcgplayer,cardmarket",https://prices.pokemontcg.io/tcgplayer/neo1-56,https://images.pokemontcg.io/neo1/56_hires.png,2026/08/08,2026/03/08,1.97,0.5,1.6399999856948853,28.489999771118164,,,,,"{""1stEdition"": {""low"": 6.0, ""mid"": 14.95, ""high"": 94.95, ""market"": 18.18, ""directLow"": 39.03}}",1.0151,0.0231,1.6264,0.0,0.3806999921798706,2.4339,1.4303,1.8456,1.0728,1.0728,1.1535,2026-08-09
neo4-63,Dratini,unlimited,Neo Destiny,63,Common,Yuka Morii,Basic,147,Pokémon,2002/02/28,"tcgplayer,cardmarket",https://prices.pokemontcg.io/tcgplayer/neo4-63,https://images.pokemontcg.io/neo4/63_hires.png,2026/08/08,2026/02/19,16.63,7.210000038146973,14.75,152.49000549316406,,,,,"{""1stEdition"": {""low"": 41.75, ""mid"": 50.99, ""high"": 599.94, ""market"": 20.98, ""directLow"": null}}",2.976,0.1154,1.9379,0.0,2.8838000297546387,1.7764,2.7684,0.1154,0.1154,0.1154,1.1535,2026-08-09
swsh1-63,Snom,normal,Sword & Shield,63,Common,Mina Nakai,Basic,872,Pokémon,2020/02/07,"tcgplayer,cardmarket",https://prices.pokemontcg.io/tcgplayer/swsh1-63,https://images.pokemontcg.io/swsh1/63_hires.png,2026/08/08,2026/02/01,0.2,0.029999999329447746,0.2199999988079071,20.0,,0.37,,,,0.1384,0.0231,0.1961,0.3807,0.023099999874830246,0.0923,0.1269,0.2307,0.2768,0.346,1.1535,2026-08-09
sm35-53,Zoroark-GX,holofoil,Shining Legends,53,Rare Holo GX,5ban Graphics,Stage 1|GX,571,Pokémon,2017/10/06,"tcgplayer,cardmarket",https://prices.pokemontcg.io/tcgplayer/sm35-53,https://images.pokemontcg.io/sm35/53_hires.png,2026/08/08,2026/02/19,3.69,2.5,3.9200000762939453,94.69999694824219,,,,,,2.7338,1.1535,2.2724,0.0,3.264400005340576,2.457,2.7223,1.9609,2.3762,2.63,1.1535,2026-08-09
bw11-66,Sigilyph,holofoil,Legendary Treasures,66,Rare Holo,Shigenori Negishi,Basic,561,Pokémon,2013/11/06,"tcgplayer,cardmarket",https://prices.pokemontcg.io/tcgplayer/bw11-66,https://images.pokemontcg.io/bw11/66_hires.png,2026/08/08,2026/02/04,1.39,0.49000000953674316,1.2799999713897705,5.0,,3.65,,,,1.4419,1.1535,1.488,3.3913,1.7187000513076782,1.488,1.5688,2.2955,2.1686,2.7799,1.1535,2026-08-09
ex2-57,Cacnea,normal,Sandstorm,57,Common,Atsuko Nishida,Basic,331,Pokémon,2003/09/18,"tcgplayer,cardmarket",https://prices.pokemontcg.io/tcgplayer/ex2-57,https://images.pokemontcg.io/ex2/57_hires.png,2026/08/08,2026/02/21,0.52,0.25,0.550000011920929,20.579999923706055,,25.34,,,,0.346,0.0231,0.6806,6.0674,0.23070000112056732,0.5075,0.4383,2.2955,4.8908,4.3141,1.1535,2026-08-09
sm2-60,Tapu Lele-GX,holofoil,Guardians Rising,60,Rare Holo GX,5ban Graphics,Basic|GX,786,Pokémon,2017/05/05,"tcgplayer,cardmarket",https://prices.pokemontcg.io/tcgplayer/sm2-60,https://images.pokemontcg.io/sm2/60_hires.png,2026/08/08,2026/02/01,5.43,3.630000114440918,5.929999828338623,4319.43017578125,,,,,,9.228,0.0,7.9938,0.0,11.53499984741211,8.9742,8.7897,0.0,0.0,0.0,1.1535,2026-08-09
dp6-60,Ledian,normal,Legends Awakened,60,Uncommon,Midori Harada,Stage 1,166,Pokémon,2008/08/01,"tcgplayer,cardmarket",https://prices.pokemontcg.io/tcgplayer/dp6-60,https://images.pokemontcg.io/dp6/60_hires.png,2026/08/08,2026/02/19,0.42,0.17000000178813934,0.3499999940395355,19.979999542236328,,1.73,,,,0.1615,0.0231,0.1384,0.4614,0.10379999876022339,0.1384,0.1615,1.1535,0.992,0.9805,1.1535,2026-08-09
gym1-64,Blaine's Tauros,unlimited,Gym Heroes,64,Common,Ken Sugimori,Basic,128,Pokémon,2000/08/14,"tcgplayer,cardmarket",https://prices.pokemontcg.io/tcgplayer/gym1-64,https://images.pokemontcg.io/gym1/64_hires.png,2026/08/08,2026/02/22,1.19,0.49000000953674316,1.059999942779541,19.979999542236328,,,,,"{""1stEdition"": {""low"": 1.25, ""mid"": 3.96, ""high"": 35.1, ""market"": 4.46, ""directLow"": null}}",1.2573,0.1154,1.5572,0.0,3.4605000019073486,1.1881,1.488,0.0,0.0,0.0,1.1535,2026-08-09
xy1-63,Lunatone,normal,XY,63,Uncommon,kawayoo,Basic,337,Pokémon,2014/02/05,"tcgplayer,cardmarket",https://prices.pokemontcg.io/tcgplayer/xy1-63,https://images.pokemontcg.io/xy1/63_hires.png,2026/08/08,2026/02/04,0.27,0.10000000149011612,0.25999999046325684,14.989999771118164,,0.63,,,,0.2653,0.0231,0.2076,0.2884,0.04610000178217888,0.2192,0.2192,0.2884,0.5306,0.7267,1.1535,2026-08-09
ex9-62,Rhyhorn,normal,Emerald,62,Common,Kouki Saitou,Basic,111,Pokémon,2005/05/01,"tcgplayer,cardmarket",https://prices.pokemontcg.io/tcgplayer/ex9-62,https://images.pokemontcg.io/ex9/62_hires.png,2026/08/08,2026/02/21,0.49,0.25,0.5199999809265137,19.979999542236328,,44.2,,,,0.15,0.0231,0.2076,6.0559,0.20759999752044678,0.2076,0.1615,9.0319,5.9867,5.4445,1.1535,2026-08-09
ex14-60,Seedot,normal,Crystal Guardians,60,Common,Yukiko Baba,Basic,273,Pokémon,2006/08/01,"tcgplayer,cardmarket",https://prices.pokemontcg.io/tcgplayer/ex14-60,https://images.pokemontcg.io/ex14/60_hires.png,2026/08/08,2026/02/19,0.33,0.10000000149011612,0.33000001311302185,18.8799991607666,,10.43,,,,0.2768,0.0231,0.2538,3.5643,0.17299999296665192,0.1961,0.2307,3.2183,3.126,3.0452,1.1535,2026-08-09
bw2-55,Drilbur,normal,Emerging Powers,55,Common,Midori Harada,Basic,529,Pokémon,2011/08/31,"tcgplayer,cardmarket",https://prices.pokemontcg.io/tcgplayer/bw2-55,https://images.pokemontcg.io/bw2/55_hires.png,2026/08/08,2026/02/19,0.25,0.05000000074505806,0.25,19.979999542236328,,2.14,,,,0.1269,0.0231,0.0807,1.0381,0.10379999876022339,0.1154,0.1269,0.5767,0.8074,0.669,1.1535,2026-08-09
dp4-56,Unown [F],normal,Great Encounters,56,Uncommon,Daisuke Ito,Basic,201,Pokémon,2008/02/01,"tcgplayer,cardmarket",https://prices.pokemontcg.io/tcgplayer/dp4-56,https://images.pokemontcg.io/dp4/56_hires.png,2026/08/08,2026/02/21,2.02,0.6700000166893005,1.7300000190734863,19.979999542236328,,7.44,,,,0.2538,0.0231,0.2307,1.1766,0.17299999296665192,0.2307,0.3114,1.2689,1.4188,1.488,1.1535,2026-08-09
hgss2-63,Squirtle,normal,HS—Unleashed,63,Common,Masakazu Fukuda,Basic,7,Pokémon,2010/05/12,"tcgplayer,cardmarket",https://prices.pokemontcg.io/tcgplayer/hgss2-63,https://images.pokemontcg.io/hgss2/63_hires.png,2026/08/08,2026/02/19,4.83,1.5,3.990000009536743,30.600000381469727,,62.1,,,,0.8997,0.0231,0.7844,14.0266,0.023099999874830246,0.6229,0.7844,17.2448,12.1694,10.1047,1.1535,2026-08-09
neo3-58,Unown [K],unlimited,Neo Revelation,58,Common,CR CG gangs,Basic,201,Pokémon,2001/09/21,"tcgplayer,cardmarket",https://prices.pokemontcg.io/tcgplayer/neo3-58,https://images.pokemontcg.io/neo3/58_hires.png,2026/08/08,2026/06/21,1.09,0.4000000059604645,1.0,21.09000015258789,,,,,"{""1stEdition"": {""low"": 1.14, ""mid"": 2.7, ""high"": 28.01, ""market"": 2.85, ""directLow"": 3.49}}",0.9343,0.0231,1.1766,0.0,0.19609999656677246,0.8882,1.0612,0.0,0.0,0.0,1.1535,2026-08-09
xy3-52,Hariyama,normal,Furious Fists,52,Rare,TOKIYA,Stage 1,297,Pokémon,2014/08/13,"tcgplayer,cardmarket",https://prices.pokemontcg.io/tcgplayer/xy3-52,https://images.pokemontcg.io/xy3/52_hires.png,2026/08/08,2026/02/19,0.34,0.09000000357627869,0.36000001430511475,19.989999771118164,,0.86,,,,0.2999,0.0231,0.3807,0.9228,0.10379999876022339,0.2884,0.4383,1.7302,1.1304,0.9805,1.1535,2026-08-09
ex10-63,Natu,normal,Unseen Forces,63,Common,Masakazu Fukuda,Basic,177,Pokémon,2005/08/01,"tcgplayer,cardmarket",https://prices.pokemontcg.io/tcgplayer/ex10-63,https://images.pokemontcg.io/ex10/63_hires.png,2026/08/08,2026/02/22,0.46,0.05999999865889549,0.41999998688697815,19.979999542236328,,23.26,,,,0.15,0.0231,0.2999,3.4374,0.911300003528595,0.1384,0.1615,4.6025,9.6317,5.6406,1.1535,2026-08-09
dp2-57,Octillery,normal,Mysterious Treasures,57,Uncommon,Kagemaru Himeno,Stage 1,224,Pokémon,2007/08/01,"tcgplayer,cardmarket",https://prices.pokemontcg.io/tcgplayer/dp2-57,https://images.pokemontcg.io/dp2/57_hires.png,2026/08/08,2026/02/19,0.37,0.11999999731779099,0.36000001430511475,19.979999542236328,,3.95,,,,0.4729,0.0231,0.4499,1.9956,0.05770000070333481,0.3807,0.3922,2.8261,2.8145,1.8571,1.1535,2026-08-09
dp5-60,Croagunk,normal,Majestic Dawn,60,Common,Kent Kanetsuna,Basic,453,Pokémon,2008/05/01,"tcgplayer,cardmarket",https://prices.pokemontcg.io/tcgplayer/dp5-60,https://images.pokemontcg.io/dp5/60_hires.png,2026/08/08,2026/02/19,0.24,0.05000000074505806,0.25,17.079999923706055,,2.06,,,,0.1384,0.0231,0.1615,0.8536,0.05770000070333481,0.1269,0.1269,1.1535,0.4268,0.8305,1.1535,2026-08-09
ecard3-29,Rhydon,normal,Skyridge,29,Rare,Mitsuhiro Arita,Stage 1,112,Pokémon,2003/05/12,"tcgplayer,cardmarket",https://prices.pokemontcg.io/tcgplayer/ecard3-29,https://images.pokemontcg.io/ecard3/29_hires.png,2026/08/08,2026/02/21,18.81,21.84000015258789,75.0,265.9800109863281,,52.0,,,,8.4436,2.0186,7.3709,50.1773,2.4916000366210938,8.3167,6.3558,12.6885,32.5402,19.6326,1.1535,2026-08-09
ecard1-56,Mewtwo,normal,Expedition Base Set,56,Rare,Kimiya Masago,Basic,150,Pokémon,2002/09/15,"tcgplayer,cardmarket",https://prices.pokemontcg.io/tcgplayer/ecard1-56,https://images.pokemontcg.io/ecard1/56_hires.png,2026/08/08,2026/02/24,81.97,99.98999786376953,177.49000549316406,802.47998046875,,104.99,,,,20.7053,4.0373,20.2209,24.212,8.062999725341797,17.4986,15.2839,40.361,36.5429,48.793,1.1535,2026-08-09
bw9-63,Hariyama,normal,Plasma Freeze,63,Rare,Kouki Saitou,Stage 1,297,Pokémon,2013/05/08,"tcgplayer,cardmarket",https://prices.pokemontcg.io/tcgplayer/bw9-63,https://images.pokemontcg.io/bw9/63_hires.png,2026/08/08,2026/02/01,0.52,0.25,0.5199999809265137,23.489999771118164,,1.38,,,,0.7498,0.1154,1.3727,0.6344,0.34599998593330383,1.3957,0.992,0.6344,1.2458,1.0612,1.1535,2026-08-09
pl2-58,Carvanha,normal,Rising Rivals,58,Common,Midori Harada,Basic,318,Pokémon,2009/05/16,"tcgplayer,cardmarket",https://prices.pokemontcg.io/tcgplayer/pl2-58,https://images.pokemontcg.io/pl2/58_hires.png,2026/08/08,2026/02/19,0.21,0.14000000059604645,0.25,19.979999542236328,,1.09,,,,0.1384,0.0231,0.0923,2.0071,0.11540000140666962,0.1038,0.1384,3.449,1.6264,1.2458,1.1535,2026-08-09
sm115-63,Misty's Water Command,holofoil,Hidden Fates,63,Rare Holo,TOKIYA,Supporter,,Trainer,2019/08/23,"tcgplayer,cardmarket",https://prices.pokemontcg.io/tcgplayer/sm115-63,https://images.pokemontcg.io/sm115/63_hires.png,2026/08/08,2026/02/22,1.01,0.4000000059604645,1.100000023841858,19.34000015258789,,1.81,,,,0.5191,0.0923,0.6114,1.315,0.41530001163482666,0.6114,0.4037,0.4037,1.3381,1.2804,1.1535,2026-08-09
dp2-58,Parasect,normal,Mysterious Treasures,58,Uncommon,Masakazu Fukuda,Stage 1,47,Pokémon,2007/08/01,"tcgplayer,cardmarket",https://prices.pokemontcg.io/tcgplayer/dp2-58,https://images.pokemontcg.io/dp2/58_hires.png,2026/08/08,2026/02/19,0.39,0.20000000298023224,0.3499999940395355,19.979999542236328,,1.3,,,,0.2653,0.0231,0.1615,1.8687,0.1615000069141388,0.173,0.2538,0.8651,2.976,1.9033,1.1535,2026-08-09
swsh3-58,Electrike,normal,Darkness Ablaze,58,Common,Yumi,Basic,309,Pokémon,2020/08/14,"tcgplayer,cardmarket",https://prices.pokemontcg.io/tcgplayer/swsh3-58,https://images.pokemontcg.io/swsh3/58_hires.png,2026/08/08,2026/02/01,0.03,0.009999999776482582,0.15000000596046448,25.020000457763672,,0.25,,,,0.0461,0.0231,0.0577,0.2307,0.04610000178217888,0.0461,0.0461,0.173,0.1615,0.1846,1.1535,2026-08-09
sm6-59,Infernape,holofoil,Forbidden Light,59,Rare Holo,nagimiso,Stage 2,392,Pokémon,2018/05/04,"tcgplayer,cardmarket",https://prices.pokemontcg.io/tcgplayer/sm6-59,https://images.pokemontcg.io/sm6/59_hires.png,2026/08/08,2026/02/01,2.05,0.5,1.9500000476837158,10.0,,1.13,,,,1.0843,0.5652,1.315,1.4765,0.8305000066757202,1.0151,1.142,1.142,1.4303,1.488,1.1535,2026-08-09
sm115-64,Pokémon Center Lady,normal,Hidden Fates,64,Uncommon,TOKIYA,Supporter,,Trainer,2019/08/23,"tcgplayer,cardmarket",https://prices.pokemontcg.io/tcgplayer/sm115-64,https://images.pokemontcg.io/sm115/64_hires.png,2026/08/08,2026/02/22,0.24,0.05000000074505806,0.25,19.559999465942383,,0.54,,,,0.0807,0.0231,0.0923,0.3576,0.05770000070333481,0.1269,0.0692,0.4499,0.3807,0.3922,1.1535,2026-08-09
neo3-59,Zubat,unlimited,Neo Revelation,59,Common,Yukiko Baba,Basic,41,Pokémon,2001/09/21,"tcgplayer,cardmarket",https://prices.pokemontcg.io/tcgplayer/neo3-59,https://images.pokemontcg.io/neo3/59_hires.png,2026/08/08,2026/06/21,0.64,0.3100000023841858,0.6200000047683716,23.0,,,,,"{""1stEdition"": {""low"": 1.2, ""mid"": 2.05, ""high"": 33.9, ""market"": 2.57, ""directLow"": null}}",0.5306,0.0231,0.4037,0.0,0.219200000166893,0.4499,0.7152,0.0,0.0,0.0,1.1535,2026-08-09
bwp-BW52,Lillipup,reverseHolofoil,BW Black Star Promos,BW52,Promo,Mizue,Basic,506,Pokémon,2011/03/01,"tcgplayer,cardmarket",https://prices.pokemontcg.io/tcgplayer/bwp-BW52,https://images.pokemontcg.io/bwp/BW52_hires.png,2026/08/08,2026/02/22,7.26,2.990000009536743,5.510000228881836,57.5,,,,,,0.0,4.3602,10.5315,6.8864,4.613999843597412,8.9281,8.6051,6.9095,8.0168,6.6788,1.1535,2026-08-09
xy4-59,Skarmory,normal,Phantom Forces,59,Common,Sanosuke Sakuma,Basic,227,Pokémon,2014/11/05,"tcgplayer,cardmarket",https://prices.pokemontcg.io/tcgplayer/xy4-59,https://images.pokemontcg.io/xy4/59_hires.png,2026/08/08,2026/02/04,0.26,0.10000000149011612,0.25,19.979999542236328,,1.13,,,,0.2076,0.0231,0.173,1.1535,0.08070000261068344,0.1615,0.1615,1.0958,1.0266,0.6806,1.1535,2026-08-09
ex7-62,Larvitar,normal,Team Rocket Returns,62,Common,Atsuko Nishida,Basic,246,Pokémon,2004/11/01,"tcgplayer,cardmarket",https://prices.pokemontcg.io/tcgplayer/ex7-62,https://images.pokemontcg.io/ex7/62_hires.png,2026/08/08,2026/02/19,0.81,0.3799999952316284,0.8500000238418579,4.900000095367432,,61.65,,,,0.6344,0.0577,0.9805,13.7266,2.249300003051758,1.0497,0.496,11.535,73.3857,25.8384,1.1535,2026-08-09
swsh1-64,Frosmoth,holofoil,Sword & Shield,64,Rare Holo,Kagemaru Himeno,Stage 1,873,Pokémon,2020/02/07,"tcgplayer,cardmarket",https://prices.pokemontcg.io/tcgplayer/swsh1-64,https://images.pokemontcg.io/swsh1/64_hires.png,2026/08/08,2026/02/01,0.31,0.20000000298023224,0.4000000059604645,19.979999542236328,,0.58,,,,8.0745,1.6726,14.2342,0.0,11.53499984741211,12.0771,11.3158,2.5723,2.8953,6.1366,1.1535,2026-08-09
hgss4-62,Dratini,normal,HS—Triumphant,62,Common,Mitsuhiro Arita,Basic,147,Pokémon,2010/11/03,"tcgplayer,cardmarket",https://prices.pokemontcg.io/tcgplayer/hgss4-62,https://images.pokemontcg.io/hgss4/62_hires.png,2026/08/08,2026/02/19,1.22,0.3499999940395355,0.75,19.979999542236328,,12.33,,,,0.3922,0.0231,0.2307,7.4977,0.11540000140666962,0.4037,0.5421,5.7675,4.1065,3.4836,1.1535,2026-08-09
xy1-64,Solrock,normal,XY,64,Uncommon,kawayoo,Basic,338,Pokémon,2014/02/05,"tcgplayer,cardmarket",https://prices.pokemontcg.io/tcgplayer/xy1-64,https://images.pokemontcg.io/xy1/64_hires.png,2026/08/08,2026/02/04,0.23,0.10000000149011612,0.25,19.979999542236328,,0.62,,,,4.2333,4.614,5.5599,0.0,3.4489998817443848,4.4064,4.6717,2.8722,2.8722,2.8722,1.1535,2026-08-09
ex4-65,Team Magma's Poochyena,normal,Team Magma vs Team Aqua,65,Common,Shin-ichi Yoshikawa,Basic,261,Pokémon,2004/03/01,"tcgplayer,cardmarket",https://prices.pokemontcg.io/tcgplayer/ex4-65,https://images.pokemontcg.io/ex4/65_hires.png,2026/08/08,2026/02/19,1.51,0.6499999761581421,1.4900000095367432,21.700000762939453,,14.46,,,,0.6114,0.0231,0.8536,4.8332,1.3035000562667847,1.0728,0.8651,17.3025,5.9059,4.9947,1.1535,2026-08-09
sm11-58,Magnemite,normal,Unified Minds,58,Common,sowsow,Basic,81,Pokémon,2019/08/02,"tcgplayer,cardmarket",https://prices.pokemontcg.io/tcgplayer/sm11-58,https://images.pokemontcg.io/sm11/58_hires.png,2026/08/08,2026/02/01,0.23,0.05000000074505806,0.25,19.979999542236328,,0.46,,,,0.1269,0.0231,0.1154,0.3114,0.11540000140666962,0.1615,0.1269,0.669,0.4153,0.3691,1.1535,2026-08-09
swsh35-67,Team Yell Grunt,normal,Champion's Path,67,Uncommon,nagimiso,Supporter,,Trainer,2020/09/25,"tcgplayer,cardmarket",https://prices.pokemontcg.io/tcgplayer/swsh35-67,https://images.pokemontcg.io/swsh35/67_hires.png,2026/08/08,2026/02/19,0.19,0.009999999776482582,0.20000000298023224,19.979999542236328,,0.08,,,,0.0577,0.0231,0.0923,0.2884,0.05770000070333481,0.0807,0.0577,0.1615,0.3345,0.2192,1.1535,2026-08-09
sm5-63,Dawn Wings Necrozma-GX,holofoil,Ultra Prism,63,Rare Holo GX,5ban Graphics,Basic|GX|Ultra Beast,800,Pokémon,2018/02/02,"tcgplayer,cardmarket",https://prices.pokemontcg.io/tcgplayer/sm5-63,https://images.pokemontcg.io/sm5/63_hires.png,2026/08/08,2026/02/01,5.23,3.0,5.170000076293945,910.5399780273438,,,,,,2.7338,1.1535,2.7338,0.0,1.891700029373169,2.3647,2.9299,4.3256,2.9184,3.4028,1.1535,2026-08-09
xy6-61,M Rayquaza-EX,holofoil,Roaring Skies,61,Rare Holo EX,5ban Graphics,MEGA|EX,384,Pokémon,2015/05/06,"tcgplayer,cardmarket",https://prices.pokemontcg.io/tcgplayer/xy6-61,https://images.pokemontcg.io/xy6/61_hires.png,2026/08/08,2026/02/01,134.4,70.0,133.05999755859375,554.52001953125,,,,,,58.2518,17.3025,64.3884,0.0,80.74500274658203,61.47,66.4416,20.763,20.1632,15.2147,1.1535,2026-08-09
ecard2-38,Tentacruel,normal,Aquapolis,38,Rare,Hajime Kusajima,Stage 1,73,Pokémon,2003/01/15,"tcgplayer,cardmarket",https://prices.pokemontcg.io/tcgplayer/ecard2-38,https://images.pokemontcg.io/ecard2/38_hires.png,2026/08/08,2026/02/21,13.18,13.989999771118164,17.989999771118164,49.900001525878906,,30.2,,,,3.6797,1.1535,4.7986,8.0745,2.8722000122070312,3.7835,5.0985,8.1898,10.0816,7.5554,1.1535,2026-08-09
neo2-56,Kabuto,unlimited,Neo Discovery,56,Common,Yuka Morii,Stage 1,140,Pokémon,2001/06/01,"tcgplayer,cardmarket",https://prices.pokemontcg.io/tcgplayer/neo2-56,https://images.pokemontcg.io/neo2/56_hires.png,2026/08/08,2026/06/21,3.16,0.9900000095367432,2.0,29.8799991607666,,,,,"{""1stEdition"": {""low"": 1.5, ""mid"": 12.0, ""high"": 128.4, ""market"": 12.79, ""directLow"": null}}",0.7498,0.0231,0.5767,0.0,0.17299999296665192,0.5306,0.8882,0.0,0.0,0.0,1.1535,2026-08-09
dp6-61,Lucario,normal,Legends Awakened,61,Uncommon,Naoyo Kimura,Stage 1,448,Pokémon,2008/08/01,"tcgplayer,cardmarket",https://prices.pokemontcg.io/tcgplayer/dp6-61,https://images.pokemontcg.io/dp6/61_hires.png,2026/08/08,2026/02/19,7.55,4.150000095367432,7.0,109.13999938964844,,5.0,,,,1.0612,0.1154,0.9343,11.535,0.23070000112056732,1.0266,1.0612,5.756,3.9911,4.2333,1.1535,2026-08-09
hgss2-64,Stantler,normal,HS—Unleashed,64,Common,Ken Sugimori,Basic,234,Pokémon,2010/05/12,"tcgplayer,cardmarket",https://prices.pokemontcg.io/tcgplayer/hgss2-64,https://images.pokemontcg.io/hgss2/64_hires.png,2026/08/08,2026/02/19,0.42,0.18000000715255737,0.4000000059604645,1.4900000095367432,,0.69,,,,0.2422,0.0231,0.2307,1.5226,0.05770000070333481,0.2076,0.2192,1.2689,1.1881,0.9689,1.1535,2026-08-09
ex14-61,Spearow,normal,Crystal Guardians,61,Common,Midori Harada,Basic,21,Pokémon,2006/08/01,"tcgplayer,cardmarket",https://prices.pokemontcg.io/tcgplayer/ex14-61,https://images.pokemontcg.io/ex14/61_hires.png,2026/08/08,2026/02/19,0.4,0.09000000357627869,0.3499999940395355,19.979999542236328,,10.3,,,,0.2307,0.0231,0.2307,4.2564,0.11540000140666962,0.0923,0.2192,2.8838,3.968,3.9796,1.1535,2026-08-09
sm2-60a,Tapu Lele-GX,,Guardians Rising,60a,Rare Holo GX,5ban Graphics,Basic|GX,786,Pokémon,2017/05/05,cardmarket,https://prices.pokemontcg.io/cardmarket/sm2-60a,https://images.pokemontcg.io/sm2/60a_hires.png,,2026/02/01,,,,,,,,,,4.937,3.3451,4.4064,0.0,2.306999921798706,4.5102,5.4676,4.0373,5.3292,5.5829,1.1535,2026-08-09
neo4-64,Exeggcute,unlimited,Neo Destiny,64,Common,Toshinao Aoki,Basic,102,Pokémon,2002/02/28,"tcgplayer,cardmarket",https://prices.pokemontcg.io/tcgplayer/neo4-64,https://images.pokemontcg.io/neo4/64_hires.png,2026/08/08,2026/02/19,0.95,0.47999998927116394,1.0,23.489999771118164,,,,,"{""1stEdition"": {""low"": 1.5, ""mid"": 3.54, ""high"": 32.44, ""market"": 2.48, ""directLow"": 19.94}}",1.3727,0.0231,0.5191,0.0,0.41530001163482666,0.5306,1.315,0.0,0.0,0.0,1.1535,2026-08-09
base1-65,Staryu,normal,Base,65,Common,Keiji Kinebuchi,Basic,120,Pokémon,1999/01/09,"tcgplayer,cardmarket",https://prices.pokemontcg.io/tcgplayer/base1-65,https://images.pokemontcg.io/base1/65_hires.png,2026/08/08,2026/02/21,0.75,0.009999999776482582,0.550000011920929,100.0,,,,,,0.8536,0.0231,1.142,0.0,1.3956999778747559,0.6229,0.819,0.5652,0.5652,0.5652,1.1535,2026-08-09
bw9-64,Umbreon,holofoil,Plasma Freeze,64,Rare Holo,5ban Graphics,Stage 1|Team Plasma,197,Pokémon,2013/05/08,"tcgplayer,cardmarket",https://prices.pokemontcg.io/tcgplayer/bw9-64,https://images.pokemontcg.io/bw9/64_hires.png,2026/08/08,2026/02/01,134.88,104.98999786376953,166.1999969482422,1139.800048828125,,99.94,,,,15.0878,6.921,22.0895,31.7212,20.75149917602539,19.2288,20.1516,17.3025,29.172,27.7071,1.1535,2026-08-09
xy9-56,Trubbish,normal,BREAKpoint,56,Common,OOYAMA,Basic,568,Pokémon,2016/02/03,"tcgplayer,cardmarket",https://prices.pokemontcg.io/tcgplayer/xy9-56,https://images.pokemontcg.io/xy9/56_hires.png,2026/08/08,2026/02/04,0.8,0.18000000715255737,0.4399999976158142,4.0,,0.86,,,,0.173,0.0,0.173,0.0,0.17299999296665192,0.173,0.173,0.0,0.0,0.0,1.1535,2026-08-09
g1-51,Clefable,normal,Generations,51,Uncommon,Atsuko Nishida,Stage 1,36,Pokémon,2016/02/22,"tcgplayer,cardmarket",https://prices.pokemontcg.io/tcgplayer/g1-51,https://images.pokemontcg.io/g1/51_hires.png,2026/08/08,2026/02/19,0.36,0.15000000596046448,0.4000000059604645,4.0,,1.82,,,,0.3576,0.0231,0.3807,1.4534,0.06920000165700912,0.346,0.3114,1.1535,1.2804,1.3496,1.1535,2026-08-09
bw1-61,Throh,normal,Black & White,61,Rare,Mitsuhiro Arita,Basic,538,Pokémon,2011/04/25,"tcgplayer,cardmarket",https://prices.pokemontcg.io/tcgplayer/bw1-61,https://images.pokemontcg.io/bw1/61_hires.png,2026/08/08,2026/02/19,0.97,0.6000000238418579,0.9900000095367432,19.979999542236328,,2.09,,,,0.7728,0.0231,0.819,1.2573,0.11540000140666962,0.5537,0.8305,1.3611,1.165,1.5572,1.1535,2026-08-09
dp7-56,Cherubi,normal,Stormfront,56,Common,Tomokazu Komiya,Basic,420,Pokémon,2008/11/01,"tcgplayer,cardmarket",https://prices.pokemontcg.io/tcgplayer/dp7-56,https://images.pokemontcg.io/dp7/56_hires.png,2026/08/08,2026/02/19,2.17,1.0,4.25,19.899999618530273,,,,,,0.323,0.0231,0.3114,2.0994,0.05770000070333481,0.3114,0.2653,1.4995,2.1109,2.0532,1.1535,2026-08-09
xy10-61,Bronzong,normal,Fates Collide,61,Rare,Naoki Saito,Stage 1,437,Pokémon,2016/05/02,"tcgplayer,cardmarket",https://prices.pokemontcg.io/tcgplayer/xy10-61,https://images.pokemontcg.io/xy10/61_hires.png,2026/08/08,2026/02/01,0.21,0.03999999910593033,0.25,19.979999542236328,,0.48,,,,0.3576,0.0577,0.323,0.7728,0.34599998593330383,0.4037,0.3576,0.1154,0.7267,0.6921,1.1535,2026-08-09
ecard3-30,Starmie,normal,Skyridge,30,Rare,Hajime Kusajima,Stage 1,121,Pokémon,2003/05/12,"tcgplayer,cardmarket",https://prices.pokemontcg.io/tcgplayer/ecard3-30,https://images.pokemontcg.io/ecard3/30_hires.png,2026/08/08,2026/02/21,71.27,60.0,76.05000305175781,732.9000244140625,,65.0,,,,10.1047,1.1535,9.3895,14.4072,6.921000003814697,9.3087,9.0434,8.7666,14.1996,18.0177,1.1535,2026-08-09
base4-64,Weepinbell,normal,Base Set 2,64,Uncommon,Kagemaru Himeno,Stage 1,70,Pokémon,2000/02/24,"tcgplayer,cardmarket",https://prices.pokemontcg.io/tcgplayer/base4-64,https://images.pokemontcg.io/base4/64_hires.png,2026/08/08,2026/02/22,1.03,0.23999999463558197,0.8500000238418579,19.979999542236328,,,,,,1.0381,0.1154,0.9689,0.0,0.5536999702453613,0.7728,0.9574,0.173,0.173,0.173,1.1535,2026-08-09
bw3-59,Lampent,normal,Noble Victories,59,Uncommon,MAHOU,Stage 1,608,Pokémon,2011/11/16,"tcgplayer,cardmarket",https://prices.pokemontcg.io/tcgplayer/bw3-59,https://images.pokemontcg.io/bw3/59_hires.png,2026/08/08,2026/02/19,1.44,0.4000000059604645,1.440000057220459,19.979999542236328,,10.14,,,,0.5421,0.0231,0.5075,0.0,0.13840000331401825,0.4383,0.4729,1.7187,1.0497,1.4073,1.1535,2026-08-09
ecard1-57,Ninetales,normal,Expedition Base Set,57,Rare,Atsuko Nishida,Stage 1,38,Pokémon,2002/09/15,"tcgplayer,cardmarket",https://prices.pokemontcg.io/tcgplayer/ecard1-57,https://images.pokemontcg.io/ecard1/57_hires.png,2026/08/08,2026/02/21,19.66,24.0,249.8699951171875,496.3699951171875,,49.99,,,,5.3176,0.4614,5.7214,12.2386,5.179200172424316,5.9867,5.4907,5.756,12.85,11.7657,1.1535,2026-08-09
sm4-55,Stufful,normal,Crimson Invasion,55,Common,Kanako Eo,Basic,759,Pokémon,2017/11/03,"tcgplayer,cardmarket",https://prices.pokemontcg.io/tcgplayer/sm4-55,https://images.pokemontcg.io/sm4/55_hires.png,2026/08/08,2026/02/01,0.25,0.029999999329447746,0.25,19.979999542236328,,0.41,,,,0.1038,0.0231,0.0807,0.2653,0.023099999874830246,0.0692,0.0807,0.2884,0.2538,0.2307,1.1535,2026-08-09
pl4-65,Geodude,normal,Arceus,65,Common,Motofumi Fujiwara,Basic,74,Pokémon,2009/11/04,"tcgplayer,cardmarket",https://prices.pokemontcg.io/tcgplayer/pl4-65,https://images.pokemontcg.io/pl4/65_hires.png,2026/08/08,2026/02/04,0.37,0.10000000149011612,0.3400000035762787,19.979999542236328,,2.97,,,,0.1961,0.0231,0.2076,0.9689,0.12690000236034393,0.2076,0.173,0.819,0.7267,1.0266,1.1535,2026-08-09
hgss3-62,Pineco,normal,HS—Undaunted,62,Common,Kagemaru Himeno,Basic,204,Pokémon,2010/08/18,"tcgplayer,cardmarket",https://prices.pokemontcg.io/tcgplayer/hgss3-62,https://images.pokemontcg.io/hgss3/62_hires.png,2026/08/08,2026/02/19,0.31,0.07000000029802322,0.3100000023841858,19.979999542236328,,1.03,,,,0.2422,0.0231,0.2076,1.0728,0.40369999408721924,0.2307,0.2653,0.2884,0.9689,0.7382,1.1535,2026-08-09
col1-64,Mawile,normal,Call of Legends,64,Common,TOKIYA,Basic,303,Pokémon,2011/02/09,"tcgplayer,cardmarket",https://prices.pokemontcg.io/tcgplayer/col1-64,https://images.pokemontcg.io/col1/64_hires.png,2026/08/08,2026/02/04,0.64,0.20000000298023224,0.5600000023841858,19.979999542236328,,11.03,,,,0.2653,0.0231,0.346,1.1535,0.5074999928474426,0.3922,0.3345,1.142,5.0639,5.8367,1.1535,2026-08-09
sm9-66,Mr. Mime,normal,Team Up,66,Rare,Atsuko Nishida,Basic,122,Pokémon,2019/02/01,"tcgplayer,cardmarket",https://prices.pokemontcg.io/tcgplayer/sm9-66,https://images.pokemontcg.io/sm9/66_hires.png,2026/08/08,2026/02/01,0.51,0.20000000298023224,0.5199999809265137,2.299999952316284,,2.53,,,,0.5767,0.1038,0.5998,0.0,0.57669997215271,0.669,0.496,3.1491,1.6034,1.638,1.1535,2026-08-09
ex2-58,Cacnea,normal,Sandstorm,58,Common,Midori Harada,Basic,331,Pokémon,2003/09/18,"tcgplayer,cardmarket",https://prices.pokemontcg.io/tcgplayer/ex2-58,https://images.pokemontcg.io/ex2/58_hires.png,2026/08/08,2026/02/21,1.14,0.6000000238418579,1.1100000143051147,21.1299991607666,,9.66,,,,0.6344,0.0346,0.6921,4.3372,0.25380000472068787,0.7959,0.5075,0.5767,3.5412,4.1641,1.1535,2026-08-09
xy2-72,Goomy,normal,Flashfire,72,Common,5ban Graphics,Basic,704,Pokémon,2014/05/07,"tcgplayer,cardmarket",https://prices.pokemontcg.io/tcgplayer/xy2-72,https://images.pokemontcg.io/xy2/72_hires.png,2026/08/08,2026/01/21,0.28,0.07000000029802322,0.2800000011920929,19.979999542236328,,0.78,,,,0.15,0.0231,0.2076,0.0,0.28839999437332153,0.2192,0.1615,0.5537,0.5421,0.4037,1.1535,2026-08-09
gym1-65,Blaine's Vulpix,unlimited,Gym Heroes,65,Common,Ken Sugimori,Basic,37,Pokémon,2000/08/14,"tcgplayer,cardmarket",https://prices.pokemontcg.io/tcgplayer/gym1-65,https://images.pokemontcg.io/gym1/65_hires.png,2026/08/08,2026/02/22,2.68,0.8999999761581421,2.25,96.94999694824219,,,,,"{""1stEdition"": {""low"": 4.1, ""mid"": 8.11, ""high"": 59.34, ""market"": 7.83, ""directLow"": 6.49}}",2.307,0.0577,2.2839,0.0,1.153499960899353,2.3185,2.2955,0.0,0.0,0.0,1.1535,2026-08-09
pl3-59,Gabite,normal,Supreme Victors,59,Uncommon,Tomokazu Komiya,Stage 1,444,Pokémon,2009/08/19,"tcgplayer,cardmarket",https://prices.pokemontcg.io/tcgplayer/pl3-59,https://images.pokemontcg.io/pl3/59_hires.png,2026/08/08,2026/02/04,2.45,1.25,1.4900000095367432,26.0,,15.59,,,,9.228,10.3815,12.9077,0.0,9.227999687194824,15.653,14.6956,3.4605,0.7844,0.669,1.1535,2026-08-09
sm35-54,Yveltal,holofoil,Shining Legends,54,Rare Holo,Shin Nagasawa,Basic,717,Pokémon,2017/10/06,"tcgplayer,cardmarket",https://prices.pokemontcg.io/tcgplayer/sm35-54,https://images.pokemontcg.io/sm35/54_hires.png,2026/08/08,2026/02/19,0.36,0.10000000149011612,0.4000000059604645,3.0,,0.91,,,,0.496,0.0577,0.5537,1.0728,1.1419999599456787,0.496,0.5075,4.4986,1.3496,0.8997,1.1535,2026-08-09
xyp-XY54,Blaziken-EX,holofoil,XY Black Star Promos,XY54,Promo,Eske Yoshinob,Basic|EX,257,Pokémon,2013/10/12,"tcgplayer,cardmarket",https://prices.pokemontcg.io/tcgplayer/xyp-XY54,https://images.pokemontcg.io/xyp/XY54_hires.png,2026/08/08,2026/02/04,8.91,3.0,5.199999809265137,43.0,,,,,,4.5563,0.9228,3.8412,0.0,4.037300109863281,4.614,5.2254,1.1535,3.3682,3.2529,1.1535,2026-08-09
sm75-61,Lance ◇,holofoil,Dragon Majesty,61,Rare Prism Star,kodama,Supporter|Prism Star,,Trainer,2018/09/07,"tcgplayer,cardmarket",https://prices.pokemontcg.io/tcgplayer/sm75-61,https://images.pokemontcg.io/sm75/61_hires.png,2026/08/08,2026/02/01,2.61,1.0499999523162842,2.869999885559082,24.309999465942383,,,,,,1.5572,0.4499,1.4765,2.307,0.34599998593330383,1.3035,1.7995,1.1535,2.5838,2.157,1.1535,2026-08-09
sma-SV57,Electrode-GX,holofoil,Hidden Fates Shiny Vault,SV57,Rare Shiny GX,5ban Graphics,Stage 1|GX,101,Pokémon,2019/08/23,"tcgplayer,cardmarket",https://prices.pokemontcg.io/tcgplayer/sma-SV57,https://images.pokemontcg.io/sma/SV57_hires.png,2026/08/08,2026/02/01,14.65,13.220000267028809,15.600000381469727,114.9000015258789,,,,,,10.0008,6.9095,8.1206,0.0,10.208499908447266,9.2511,12.7462,23.0585,21.905,23.3584,1.1535,2026-08-09
bw7-65,Croagunk,normal,Boundaries Crossed,65,Uncommon,MAHOU,Basic,453,Pokémon,2012/11/07,"tcgplayer,cardmarket",https://prices.pokemontcg.io/tcgplayer/bw7-65,https://images.pokemontcg.io/bw7/65_hires.png,2026/08/08,2026/02/01,0.62,0.1899999976158142,0.49000000953674316,19.979999542236328,,1.55,,,,0.3576,0.0231,0.4729,0.2307,0.5651999711990356,0.2999,0.3114,0.2307,1.1304,1.0497,1.1535,2026-08-09
dp1-66,Unown [B],normal,Diamond & Pearl,66,Uncommon,Nakaoka,Basic,201,Pokémon,2007/05/01,"tcgplayer,cardmarket",https://prices.pokemontcg.io/tcgplayer/dp1-66,https://images.pokemontcg.io/dp1/66_hires.png,2026/08/08,2026/02/19,1.46,0.23999999463558197,1.0,19.979999542236328,,4.3,,,,1.3842,0.0231,1.2227,0.0,1.0958000421524048,0.8074,0.9343,0.9689,1.4419,2.3993,1.1535,2026-08-09
bw10-68,Fraxure,normal,Plasma Blast,68,Uncommon,Masakazu Fukuda,Stage 1,611,Pokémon,2013/08/14,"tcgplayer,cardmarket",https://prices.pokemontcg.io/tcgplayer/bw10-68,https://images.pokemontcg.io/bw10/68_hires.png,2026/08/08,2026/02/04,0.33,0.20000000298023224,0.36000001430511475,19.979999542236328,,0.93,,,,0.8305,0.0346,0.5191,1.142,0.34599998593330383,0.5883,0.4268,0.8536,0.9574,1.0266,1.1535,2026-08-09
ex13-64,Electrike,normal,Holon Phantoms,64,Common,Midori Harada,Basic,309,Pokémon,2006/05/01,"tcgplayer,cardmarket",https://prices.pokemontcg.io/tcgplayer/ex13-64,https://images.pokemontcg.io/ex13/64_hires.png,2026/08/08,2026/02/19,0.33,0.15000000596046448,0.33000001311302185,19.979999542236328,,5.0,,,,0.3576,0.0231,0.4037,2.307,0.34599998593330383,0.3576,0.3691,2.4916,5.929,3.5874,1.1535,2026-08-09
bw2-56,Excadrill,holofoil,Emerging Powers,56,Rare Holo,5ban Graphics,Stage 1,530,Pokémon,2011/08/31,"tcgplayer,cardmarket",https://prices.pokemontcg.io/tcgplayer/bw2-56,https://images.pokemontcg.io/bw2/56_hires.png,2026/08/08,2026/02/19,1.65,0.75,1.6399999856948853,27.899999618530273,,2.43,,,,1.2689,0.0231,1.2342,1.6726,0.9574000239372253,1.2342,1.3381,2.8261,1.7187,1.5457,1.1535,2026-08-09
xy5-66,Nidoran ♀,normal,Primal Clash,66,Common,Mizue,Basic,29,Pokémon,2015/02/04,"tcgplayer,cardmarket",https://prices.pokemontcg.io/tcgplayer/xy5-66,https://images.pokemontcg.io/xy5/66_hires.png,2026/08/08,2026/01/21,0.23,0.05000000074505806,0.25,1000.0,,0.69,,,,0.2076,0.0231,0.2192,1.0728,0.23070000112056732,0.2422,0.15,1.1535,0.9113,0.8305,1.1535,2026-08-09
ex16-56,Omanyte,normal,Power Keepers,56,Common,Ken Sugimori,Stage 1,138,Pokémon,2007/02/02,"tcgplayer,cardmarket",https://prices.pokemontcg.io/tcgplayer/ex16-56,https://images.pokemontcg.io/ex16/56_hires.png,2026/08/08,2026/02/22,0.8,0.25,0.75,17.520000457763672,,5.9,,,,0.496,0.0231,0.5537,2.8953,0.4959999918937683,0.4499,0.346,3.4605,3.8296,3.5412,1.1535,2026-08-09
swsh2-59,Electivire,normal,Rebel Clash,59,Rare,tetsuya koizumi,Stage 1,466,Pokémon,2020/05/01,"tcgplayer,cardmarket",https://prices.pokemontcg.io/tcgplayer/swsh2-59,https://images.pokemontcg.io/swsh2/59_hires.png,2026/08/08,2026/01/21,0.28,0.10000000149011612,0.2800000011920929,19.979999542236328,,0.6,,,,0.2422,0.0231,0.2422,0.3576,0.23070000112056732,0.2653,0.2999,0.346,0.4037,0.6806,1.1535,2026-08-09
ex15-53,Ledyba δ,normal,Dragon Frontiers,53,Common,Kyoko Umemoto,Basic,165,Pokémon,2006/11/01,"tcgplayer,cardmarket",https://prices.pokemontcg.io/tcgplayer/ex15-53,https://images.pokemontcg.io/ex15/53_hires.png,2026/08/08,2026/02/21,0.66,0.20000000298023224,0.6600000262260437,20.0,,10.96,,,,0.4037,0.0231,0.323,3.6335,0.34599998593330383,0.346,0.3922,8.6282,5.2138,3.7027,1.1535,2026-08-09
gym2-66,Blaine's Vulpix,unlimited,Gym Challenge,66,Common,Ken Sugimori,Basic,37,Pokémon,2000/10/16,"tcgplayer,cardmarket",https://prices.pokemontcg.io/tcgplayer/gym2-66,https://images.pokemontcg.io/gym2/66_hires.png,2026/08/08,2026/02/19,2.76,0.75,2.5,9.989999771118164,,,,,"{""1stEdition"": {""low"": 1.95, ""mid"": 5.6, ""high"": 58.1, ""market"": 5.6, ""directLow"": null}}",1.9725,0.2307,2.2032,0.0,1.1303999423980713,1.8802,1.9494,138.42,138.42,138.42,1.1535,2026-08-09
bw8-63,Trubbish,normal,Plasma Storm,63,Uncommon,Kagemaru Himeno,Basic,568,Pokémon,2013/02/06,"tcgplayer,cardmarket",https://prices.pokemontcg.io/tcgplayer/bw8-63,https://images.pokemontcg.io/bw8/63_hires.png,2026/08/08,2026/02/04,0.73,0.4699999988079071,0.8399999737739563,19.979999542236328,,9.38,,,,0.4268,0.0461,0.3922,0.7152,0.5651999711990356,0.3922,0.3345,0.5652,0.7036,0.8767,1.1535,2026-08-09
ex6-60,Cubone,normal,FireRed & LeafGreen,60,Common,Aya Kusube,Basic,104,Pokémon,2004/09/01,"tcgplayer,cardmarket",https://prices.pokemontcg.io/tcgplayer/ex6-60,https://images.pokemontcg.io/ex6/60_hires.png,2026/08/08,2026/02/19,14.06,9.789999961853027,14.039999961853027,148.0399932861328,,70.97,,,,1.2112,0.0231,0.9228,34.3166,1.6610000133514404,1.0381,1.2112,5.756,29.841,20.1863,1.1535,2026-08-09
base5-59,Machop,unlimited,Team Rocket,59,Common,Ken Sugimori,Basic,66,Pokémon,2000/04/24,"tcgplayer,cardmarket",https://prices.pokemontcg.io/tcgplayer/base5-59,https://images.pokemontcg.io/base5/59_hires.png,2026/08/08,2026/03/08,0.81,0.14000000059604645,0.6000000238418579,5.0,,,,,"{""1stEdition"": {""low"": 0.74, ""mid"": 2.09, ""high"": 30.0, ""market"": 2.01, ""directLow"": 2.4}}",0.7036,0.0231,0.8767,0.0,0.4959999918937683,0.8651,0.7382,0.346,0.346,0.346,1.1535,2026-08-09
sm10-54,Pikachu,normal,Unbroken Bonds,54,Common,nagimiso,Basic,25,Pokémon,2019/05/03,"tcgplayer,cardmarket",https://prices.pokemontcg.io/tcgplayer/sm10-54,https://images.pokemontcg.io/sm10/54_hires.png,2026/08/08,2026/02/04,1.64,0.5400000214576721,1.659999966621399,19.979999542236328,,6.49,,,,2.1686,0.0346,2.9299,5.26,3.1029000282287598,2.8607,2.2493,5.4791,5.6406,5.3522,1.1535,2026-08-09
ex8-63,Lotad,normal,Deoxys,63,Common,Ken Sugimori,Basic,270,Pokémon,2005/02/01,"tcgplayer,cardmarket",https://prices.pokemontcg.io/tcgplayer/ex8-63,https://images.pokemontcg.io/ex8/63_hires.png,2026/08/08,2026/02/19,0.44,0.07000000029802322,0.4399999976158142,20.450000762939453,,18.21,,,,0.6344,0.0231,0.3922,10.4161,0.219200000166893,0.2192,0.3922,0.9228,7.7746,7.8669,1.1535,2026-08-09
hgss1-71,Ledyba,normal,HeartGold & SoulSilver,71,Common,Yuka Morii,Basic,165,Pokémon,2010/02/10,"tcgplayer,cardmarket",https://prices.pokemontcg.io/tcgplayer/hgss1-71,https://images.pokemontcg.io/hgss1/71_hires.png,2026/08/08,2026/02/01,3.12,2.0999999046325684,3.5,54.5,,9.99,,,,0.2884,0.0231,0.346,1.2689,0.15000000596046448,0.3114,0.3114,0.9113,1.0843,1.5918,1.1535,2026-08-09
smp-SM56,Tsareena-GX,holofoil,SM Black Star Promos,SM56,Promo,5ban Graphics,Stage 2|GX,763,Pokémon,2017/02/03,"tcgplayer,cardmarket",https://prices.pokemontcg.io/tcgplayer/smp-SM56,https://images.pokemontcg.io/smp/SM56_hires.png,2026/08/08,2026/02/01,2.52,1.9299999475479126,3.0,33.0,,,,,,1.3496,0.173,1.315,0.0,2.2955000400543213,1.4419,1.7302,1.1535,2.4224,2.2032,1.1535,2026-08-09
swshp-SWSH056,Morpeko V,holofoil,SWSH Black Star Promos,SWSH056,Promo,5ban Graphics,Basic|V,877,Pokémon,2019/11/15,"tcgplayer,cardmarket",https://prices.pokemontcg.io/tcgplayer/swshp-SWSH056,https://images.pokemontcg.io/swshp/SWSH056_hires.png,2026/08/08,2026/02/01,1.69,1.0,1.7000000476837158,4.389999866485596,,,,,,1.4765,0.2307,1.2919,0.0,1.153499960899353,1.1766,1.3611,1.4419,1.2227,1.6495,1.1535,2026-08-09
ex10-64,Oddish,normal,Unseen Forces,64,Common,Kouki Saitou,Basic,43,Pokémon,2005/08/01,"tcgplayer,cardmarket",https://prices.pokemontcg.io/tcgplayer/ex10-64,https://images.pokemontcg.io/ex10/64_hires.png,2026/08/08,2026/02/19,0.59,0.20000000298023224,0.5,20.6299991607666,,67.0,,,,0.2884,0.0231,0.3114,5.9059,0.10379999876022339,0.1961,0.2538,4.614,4.5563,7.3017,1.1535,2026-08-09
xy3-53,Trapinch,normal,Furious Fists,53,Common,Mizue,Basic,328,Pokémon,2014/08/13,"tcgplayer,cardmarket",https://prices.pokemontcg.io/tcgplayer/xy3-53,https://images.pokemontcg.io/xy3/53_hires.png,2026/08/08,2026/02/19,0.19,0.07000000029802322,0.20000000298023224,1000.0,,0.51,,,,0.1384,0.0231,0.1269,0.3922,0.023099999874830246,0.0577,0.0807,0.4614,0.3807,0.3922,1.1535,2026-08-09
ex1-53,Electrike,normal,Ruby & Sapphire,53,Common,Mitsuhiro Arita,Basic,309,Pokémon,2003/07/01,"tcgplayer,cardmarket",https://prices.pokemontcg.io/tcgplayer/ex1-53,https://images.pokemontcg.io/ex1/53_hires.png,2026/08/08,2026/02/22,0.65,0.30000001192092896,0.6399999856948853,20.65999984741211,,10.33,,,,0.2422,0.0231,0.2192,4.614,0.219200000166893,0.2999,0.323,1.8456,2.653,2.2724,1.1535,2026-08-09
dp5-61,Drifloon,normal,Majestic Dawn,61,Common,Masakazu Fukuda,Basic,425,Pokémon,2008/05/01,"tcgplayer,cardmarket",https://prices.pokemontcg.io/tcgplayer/dp5-61,https://images.pokemontcg.io/dp5/61_hires.png,2026/08/08,2026/02/19,0.8,0.20000000298023224,0.5,18.540000915527344,,2.59,,,,0.1961,0.0231,0.1846,0.9574,0.05770000070333481,0.1384,0.173,0.2884,1.4765,0.9805,1.1535,2026-08-09
sm3-60,Meowstic,normal,Burning Shadows,60,Rare,Anesaki Dynamic,Stage 1,678,Pokémon,2017/08/05,"tcgplayer,cardmarket",https://prices.pokemontcg.io/tcgplayer/sm3-60,https://images.pokemontcg.io/sm3/60_hires.png,2026/08/08,2026/01/26,0.4,0.03999999910593033,0.3499999940395355,19.979999542236328,,0.44,,,,0.173,0.0231,0.2653,0.4268,0.11540000140666962,0.2422,0.1846,0.2307,0.4153,0.4729,1.1535,2026-08-09
bw6-62,Nosepass,normal,Dragons Exalted,62,Common,Shin Nagasawa,Basic,299,Pokémon,2012/08/15,"tcgplayer,cardmarket",https://prices.pokemontcg.io/tcgplayer/bw6-62,https://images.pokemontcg.io/bw6/62_hires.png,2026/08/08,2026/02/04,0.35,0.11999999731779099,0.30000001192092896,19.979999542236328,,0.61,,,,0.173,0.0231,0.15,0.0,0.10379999876022339,0.1038,0.1154,0.5537,0.5421,0.4383,1.1535,2026-08-09
xy8-59,Haunter,normal,BREAKthrough,59,Uncommon,Midori Harada,Stage 1,93,Pokémon,2015/11/04,"tcgplayer,cardmarket",https://prices.pokemontcg.io/tcgplayer/xy8-59,https://images.pokemontcg.io/xy8/59_hires.png,2026/08/08,2026/02/04,0.34,0.15000000596046448,0.4000000059604645,24.989999771118164,,3.55,,,,0.2422,0.0231,0.2653,1.3265,0.11540000140666962,0.2307,0.2422,1.8341,1.638,1.6495,1.1535,2026-08-09
ex9-63,Shroomish,normal,Emerald,63,Common,Mitsuhiro Arita,Basic,285,Pokémon,2005/05/01,"tcgplayer,cardmarket",https://prices.pokemontcg.io/tcgplayer/ex9-63,https://images.pokemontcg.io/ex9/63_hires.png,2026/08/08,2026/02/21,0.96,0.30000001192092896,0.9800000190734863,19.979999542236328,,32.99,,,,0.323,0.0231,0.8651,3.3336,0.57669997215271,0.5421,0.4268,2.307,3.1375,4.8447,1.1535,2026-08-09
sm1-61,Espeon-GX,holofoil,Sun & Moon,61,Rare Holo GX,5ban Graphics,Stage 1|GX,196,Pokémon,2017/02/03,"tcgplayer,cardmarket",https://prices.pokemontcg.io/tcgplayer/sm1-61,https://images.pokemontcg.io/sm1/61_hires.png,2026/08/08,2026/01/21,9.78,6.0,9.890000343322754,96.81999969482422,,,,,,5.8598,1.5572,5.8021,0.0,8.362899780273438,5.7214,5.929,3.4144,5.4561,5.6291,1.1535,2026-08-09
dp3-68,Unown [K],normal,Secret Wonders,68,Uncommon,Daisuke Ito,Basic,201,Pokémon,2007/11/01,"tcgplayer,cardmarket",https://prices.pokemontcg.io/tcgplayer/dp3-68,https://images.pokemontcg.io/dp3/68_hires.png,2026/08/08,2026/02/01,1.06,0.5,1.0,19.979999542236328,,11.76,,,,0.8767,0.0231,1.1304,0.0,0.15000000596046448,0.9113,0.669,0.5652,2.134,1.5457,1.1535,2026-08-09
pl2-59,Eevee,normal,Rising Rivals,59,Common,Naoyo Kimura,Basic,133,Pokémon,2009/05/16,"tcgplayer,cardmarket",https://prices.pokemontcg.io/tcgplayer/pl2-59,https://images.pokemontcg.io/pl2/59_hires.png,2026/08/08,2026/02/19,5.56,1.4900000095367432,4.579999923706055,19.979999542236328,,26.66,,,,0.8421,0.0231,0.7382,4.614,0.46140000224113464,0.4729,0.8305,11.4773,10.9352,11.3274,1.1535,2026-08-09
swsh4-60,Zekrom,holofoil,Vivid Voltage,60,Rare Holo,hatachu,Basic,644,Pokémon,2020/11/13,"tcgplayer,cardmarket",https://prices.pokemontcg.io/tcgplayer/swsh4-60,https://images.pokemontcg.io/swsh4/60_hires.png,2026/08/08,2026/02/01,0.37,0.05000000074505806,0.3700000047683716,999.989990234375,,0.43,,,,0.9805,0.0577,0.6921,0.6806,0.31139999628067017,0.4499,0.7844,0.8305,0.6921,0.7613,1.1535,2026-08-09
ex5-56,Chinchou,normal,Hidden Legends,56,Common,Aya Kusube,Basic,170,Pokémon,2004/06/01,"tcgplayer,cardmarket",https://prices.pokemontcg.io/tcgplayer/ex5-56,https://images.pokemontcg.io/ex5/56_hires.png,2026/08/08,2026/03/07,0.41,0.25999999046325684,0.4099999964237213,20.420000076293945,,6.99,,,,1.0151,0.0231,0.7498,6.3442,0.40369999408721924,0.2422,0.7613,6.3442,4.6832,4.6601,1.1535,2026-08-09
xy7-65,Porygon2,normal,Ancient Origins,65,Uncommon,MAHOU,Stage 1,233,Pokémon,2015/08/12,"tcgplayer,cardmarket",https://prices.pokemontcg.io/tcgplayer/xy7-65,https://images.pokemontcg.io/xy7/65_hires.png,2026/08/08,2026/02/01,0.12,0.03999999910593033,0.23999999463558197,1000.0,,0.6,,,,0.1615,0.0231,0.2422,0.3691,0.20759999752044678,0.1961,0.1961,0.7498,0.4729,0.5306,1.1535,2026-08-09
bw11-67,Trubbish,normal,Legendary Treasures,67,Common,kawayoo,Basic,568,Pokémon,2013/11/06,"tcgplayer,cardmarket",https://prices.pokemontcg.io/tcgplayer/bw11-67,https://images.pokemontcg.io/bw11/67_hires.png,2026/08/08,2026/02/04,0.71,0.20000000298023224,0.5,18.079999923706055,,15.83,,,,0.669,0.1154,0.5767,5.7675,0.2653000056743622,0.4729,0.5191,10.3238,9.055,4.6371,1.1535,2026-08-09
xy12-59,Machamp,holofoil,Evolutions,59,Rare Holo,Ken Sugimori,Stage 2,68,Pokémon,2016/11/02,"tcgplayer,cardmarket",https://prices.pokemontcg.io/tcgplayer/xy12-59,https://images.pokemontcg.io/xy12/59_hires.png,2026/08/08,2026/02/01,4.79,2.25,4.989999771118164,26.989999771118164,,5.53,,,,5.11,0.346,4.6025,5.6983,5.1331000328063965,4.4179,5.5483,4.4871,4.7755,8.3283,1.1535,2026-08-09
sm8-60,Suicune-GX,holofoil,Lost Thunder,60,Rare Holo GX,5ban Graphics,Basic|GX,245,Pokémon,2018/11/02,"tcgplayer,cardmarket",https://prices.pokemontcg.io/tcgplayer/sm8-60,https://images.pokemontcg.io/sm8/60_hires.png,2026/08/08,2026/02/01,9.24,5.260000228881836,9.239999771118164,66.94000244140625,,,,,,6.275,3.4144,6.4365,0.0,7.959199905395508,7.1978,6.6788,6.3327,8.2937,7.1517,1.1535,2026-08-09
ex11-63,Ditto,normal,Delta Species,63,Common,Yuka Morii,Basic,132,Pokémon,2005/10/31,"tcgplayer,cardmarket",https://prices.pokemontcg.io/tcgplayer/ex11-63,https://images.pokemontcg.io/ex11/63_hires.png,2026/08/08,2026/02/19,76.61,55.0,69.72000122070312,801.8800048828125,,249.0,,,,16.2182,4.0373,12.4463,625.4623,11.477299690246582,13.4037,15.503,86.5125,378.0019,112.3509,1.1535,2026-08-09
bw4-68,Mienshao,normal,Next Destinies,68,Uncommon,Suwama Chiaki,Stage 1,620,Pokémon,2012/02/08,"tcgplayer,cardmarket",https://prices.pokemontcg.io/tcgplayer/bw4-68,https://images.pokemontcg.io/bw4/68_hires.png,2026/08/08,2026/02/04,0.35,0.07999999821186066,0.30000001192092896,19.979999542236328,,0.43,,,,0.323,0.0231,0.2884,0.7382,0.15000000596046448,0.2192,0.2653,0.173,0.6575,0.6921,1.1535,2026-08-09
ex3-64,Mareep,normal,Dragon,64,Common,Miki Tanaka,Basic,179,Pokémon,2003/11/24,"tcgplayer,cardmarket",https://prices.pokemontcg.io/tcgplayer/ex3-64,https://images.pokemontcg.io/ex3/64_hires.png,2026/08/08,2026/02/22,2.66,1.75,2.6500000953674316,96.86000061035156,,15.73,,,,0.6921,0.0231,0.2884,0.9689,0.219200000166893,0.4037,0.6344,0.2884,5.5253,3.299,1.1535,2026-08-09
dp4-57,Unown [G],normal,Great Encounters,57,Uncommon,Daisuke Ito,Basic,201,Pokémon,2008/02/01,"tcgplayer,cardmarket",https://prices.pokemontcg.io/tcgplayer/dp4-57,https://images.pokemontcg.io/dp4/57_hires.png,2026/08/08,2026/02/21,6.32,2.0,6.25,66.5,,18.7,,,,1.4073,0.0231,1.4765,3.4605,2.1916000843048096,1.3496,1.315,2.8722,3.3451,3.1145,1.1535,2026-08-09
xy11-67,Steelix-EX,holofoil,Steam Siege,67,Rare Holo EX,Eske Yoshinob,Basic|EX,208,Pokémon,2016/08/03,"tcgplayer,cardmarket",https://prices.pokemontcg.io/tcgplayer/xy11-67,https://images.pokemontcg.io/xy11/67_hires.png,2026/08/08,2026/02/01,2.18,1.2000000476837158,2.309999942779541,27.34000015258789,,,,,,2.9876,0.5652,3.4836,0.0,5.075399875640869,3.4836,2.9645,2.2955,2.5146,3.1029,1.1535,2026-08-09
base6-58,Omastar,normal,Legendary Collection,58,Uncommon,Ken Sugimori,Stage 2,139,Pokémon,2002/05/24,"tcgplayer,cardmarket",https://prices.pokemontcg.io/tcgplayer/base6-58,https://images.pokemontcg.io/base6/58_hires.png,2026/08/08,2026/02/19,2.38,1.25,1.9900000095367432,32.79999923706055,,114.7,,,,0.5998,0.1154,0.7382,69.1869,1.7878999710083008,0.5998,0.9343,40.3148,64.7229,47.0743,1.1535,2026-08-09
sm7-64,Shuppet,normal,Celestial Storm,64,Common,Eri Yamaki,Basic,353,Pokémon,2018/08/03,"tcgplayer,cardmarket",https://prices.pokemontcg.io/tcgplayer/sm7-64,https://images.pokemontcg.io/sm7/64_hires.png,2026/08/08,2026/01/21,0.4,0.10000000149011612,0.3499999940395355,19.979999542236328,,0.71,,,,0.1269,0.0231,0.173,0.2884,0.28839999437332153,0.173,0.1269,0.2884,0.2884,0.4614,1.1535,2026-08-09
base2-55,Mankey,unlimited,Jungle,55,Common,Kagemaru Himeno,Basic,56,Pokémon,1999/06/16,"tcgplayer,cardmarket",https://prices.pokemontcg.io/tcgplayer/base2-55,https://images.pokemontcg.io/base2/55_hires.png,2026/08/08,2026/06/21,0.44,0.10000000149011612,0.47999998927116394,29.0,,,,,"{""1stEdition"": {""low"": 0.75, ""mid"": 2.22, ""high"": 20.0, ""market"": 2.64, ""directLow"": null}}",0.7152,0.0231,0.5652,0.0,1.1073999404907227,0.6114,0.7152,0.1154,0.2999,0.2999,1.1535,2026-08-09
pl1-64,Vigoroth,normal,Platinum,64,Uncommon,Kouki Saitou,Stage 1,288,Pokémon,2009/02/11,"tcgplayer,cardmarket",https://prices.pokemontcg.io/tcgplayer/pl1-64,https://images.pokemontcg.io/pl1/64_hires.png,2026/08/08,2026/02/19,0.36,0.20000000298023224,0.4000000059604645,19.979999542236328,,2.65,,,,0.15,0.0231,0.2192,2.7684,0.17299999296665192,0.1961,0.2422,0.5767,1.1766,0.992,1.1535,2026-08-09
neo1-57,Cyndaquil,unlimited,Neo Genesis,57,Common,Shin-ichi Yoshida,Basic,155,Pokémon,2000/12/16,"tcgplayer,cardmarket",https://prices.pokemontcg.io/tcgplayer/neo1-57,https://images.pokemontcg.io/neo1/57_hires.png,2026/08/08,2026/03/08,2.8,0.3499999940395355,1.2000000476837158,15.890000343322754,,,,,"{""1stEdition"": {""low"": 3.89, ""mid"": 10.93, ""high"": 66.3, ""market"": 16.79, ""directLow"": 66.3}}",1.1881,0.0231,1.2919,0.0,0.8073999881744385,1.8687,1.3842,1.1535,2.9299,2.9299,1.1535,2026-08-09
ex12-68,Voltorb,normal,Legend Maker,68,Common,Midori Harada,Basic,100,Pokémon,2006/02/01,"tcgplayer,cardmarket",https://prices.pokemontcg.io/tcgplayer/ex12-68,https://images.pokemontcg.io/ex12/68_hires.png,2026/08/08,2026/02/04,0.43,0.11999999731779099,0.4000000059604645,19.979999542236328,,18.42,,,,0.2076,0.0231,0.1846,2.5608,0.11540000140666962,0.2076,0.2999,1.1535,2.3301,4.7063,1.1535,2026-08-09
sm12-66,Pikachu,normal,Cosmic Eclipse,66,Common,Naoyo Kimura,Basic,25,Pokémon,2019/11/01,"tcgplayer,cardmarket",https://prices.pokemontcg.io/tcgplayer/sm12-66,https://images.pokemontcg.io/sm12/66_hires.png,2026/08/08,2026/02/01,1.76,1.0,1.9700000286102295,10.0,,9.39,,,,3.8873,0.2076,1.6149,6.1251,0.57669997215271,1.2573,3.2298,5.8713,5.5368,5.6868,1.1535,2026-08-09
bw5-57,Excadrill,normal,Dark Explorers,57,Rare,Masakazu Fukuda,Stage 1,530,Pokémon,2012/05/09,"tcgplayer,cardmarket",https://prices.pokemontcg.io/tcgplayer/bw5-57,https://images.pokemontcg.io/bw5/57_hires.png,2026/08/08,2026/02/19,0.85,0.6000000238418579,0.8399999737739563,19.979999542236328,,1.32,,,,0.8074,0.2076,0.669,2.2493,0.11540000140666962,0.7152,0.8651,2.2493,2.5262,1.984,1.1535,2026-08-09
ex16-57,Pikachu,normal,Power Keepers,57,Common,Kagemaru Himeno,Basic,25,Pokémon,2007/02/02,"tcgplayer,cardmarket",https://prices.pokemontcg.io/tcgplayer/ex16-57,https://images.pokemontcg.io/ex16/57_hires.png,2026/08/08,2026/02/22,15.32,3.490000009536743,10.649999618530273,109.80000305175781,,56.96,,,,4.4064,0.5767,4.0949,42.668,1.4419000148773193,3.5412,3.8181,28.826,35.9661,30.9369,1.1535,2026-08-09
sm10-55,Raichu,normal,Unbroken Bonds,55,Rare,Shin Nagasawa,Stage 1,26,Pokémon,2019/05/03,"tcgplayer,cardmarket",https://prices.pokemontcg.io/tcgplayer/sm10-55,https://images.pokemontcg.io/sm10/55_hires.png,2026/08/08,2026/02/04,0.61,0.2800000011920929,0.6000000238418579,19.979999542236328,,1.01,,,,0.669,0.1154,0.6806,1.9956,0.5651999711990356,0.6575,0.7613,1.142,2.3416,3.5643,1.1535,2026-08-09
xy4-60,Bronzor,normal,Phantom Forces,60,Common,Akira Komayama,Basic,436,Pokémon,2014/11/05,"tcgplayer,cardmarket",https://prices.pokemontcg.io/tcgplayer/xy4-60,https://images.pokemontcg.io/xy4/60_hires.png,2026/08/08,2026/02/04,0.21,0.05000000074505806,0.23000000417232513,19.979999542236328,,0.48,,,,0.173,0.0231,0.15,1.4649,0.08070000261068344,0.173,0.1615,2.6184,1.2689,0.6921,1.1535,2026-08-09
sm35-55,Hoopa,holofoil,Shining Legends,55,Rare Holo,TOKIYA,Basic,720,Pokémon,2017/10/06,"tcgplayer,cardmarket",https://prices.pokemontcg.io/tcgplayer/sm35-55,https://images.pokemontcg.io/sm35/55_hires.png,2026/08/08,2026/02/19,0.38,0.11999999731779099,0.4000000059604645,3.0,,1.01,,,,0.4037,0.0346,0.4153,1.165,0.34599998593330383,0.346,0.4037,1.1535,0.9574,1.1881,1.1535,2026-08-09
xyp-XY55,Swampert-EX,holofoil,XY Black Star Promos,XY55,Promo,Eske Yoshinob,Basic|EX,260,Pokémon,2013/10/12,"tcgplayer,cardmarket",https://prices.pokemontcg.io/tcgplayer/xyp-XY55,https://images.pokemontcg.io/xyp/XY55_hires.png,2026/08/08,2026/02/04,11.01,5.699999809265137,10.350000381469727,69.80000305175781,,,,,,6.2289,1.1535,6.6096,0.0,2.9990999698638916,7.8207,6.4827,2.5838,2.8491,3.0568,1.1535,2026-08-09
dp1-67,Unown [C],normal,Diamond & Pearl,67,Uncommon,Nakaoka,Basic,201,Pokémon,2007/05/01,"tcgplayer,cardmarket",https://prices.pokemontcg.io/tcgplayer/dp1-67,https://images.pokemontcg.io/dp1/67_hires.png,2026/08/08,2026/02/19,1.72,0.7200000286102295,1.1299999952316284,24.989999771118164,,6.72,,,,0.4153,0.0577,0.6921,1.5688,0.57669997215271,0.8305,0.5883,2.0186,1.6149,2.157,1.1535,2026-08-09
sm7-65,Banette,normal,Celestial Storm,65,Rare,Eri Yamaki,Stage 1,354,Pokémon,2018/08/03,"tcgplayer,cardmarket",https://prices.pokemontcg.io/tcgplayer/sm7-65,https://images.pokemontcg.io/sm7/65_hires.png,2026/08/08,2026/01/19,0.51,0.20000000298023224,0.47999998927116394,19.979999542236328,,1.31,,,,0.3807,0.0231,0.3576,1.0728,0.05770000070333481,0.4499,0.3807,0.6344,1.7302,1.4188,1.1535,2026-08-09
sm115-65,Sabrina's Suggestion,normal,Hidden Fates,65,Uncommon,Hitoshi Ariga,Supporter,,Trainer,2019/08/23,"tcgplayer,cardmarket",https://prices.pokemontcg.io/tcgplayer/sm115-65,https://images.pokemontcg.io/sm115/65_hires.png,2026/08/08,2026/02/22,0.17,0.019999999552965164,0.20000000298023224,2.990000009536743,,0.33,,,,0.0577,0.0231,0.0807,0.346,0.09229999780654907,0.0807,0.0577,0.5652,0.323,0.3114,1.1535,2026-08-09
col1-65,Misdreavus,normal,Call of Legends,65,Common,Suwama Chiaki,Basic,200,Pokémon,2011/02/09,"tcgplayer,cardmarket",https://prices.pokemontcg.io/tcgplayer/col1-65,https://images.pokemontcg.io/col1/65_hires.png,2026/08/08,2026/02/04,0.48,0.20000000298023224,0.3799999952316284,19.260000228881836,,1.39,,,,3.2644,0.0231,4.1987,0.0,0.17299999296665192,4.8908,1.4765,2.2839,3.3798,2.8376,1.1535,2026-08-09
ex2-59,Cyndaquil,normal,Sandstorm,59,Common,Naoyo Kimura,Basic,155,Pokémon,2003/09/18,"tcgplayer,cardmarket",https://prices.pokemontcg.io/tcgplayer/ex2-59,https://images.pokemontcg.io/ex2/59_hires.png,2026/08/08,2026/02/21,2.63,1.2300000190734863,2.299999952316284,25.799999237060547,,24.91,,,,0.4499,0.0231,0.9689,0.0,1.7302000522613525,0.5652,0.496,3.449,4.0603,4.2795,1.1535,2026-08-09
base6-59,Primeape,normal,Legendary Collection,59,Uncommon,Kagemaru Himeno,Stage 1,57,Pokémon,2002/05/24,"tcgplayer,cardmarket",https://prices.pokemontcg.io/tcgplayer/base6-59,https://images.pokemontcg.io/base6/59_hires.png,2026/08/08,2026/02/19,1.72,0.6299999952316284,1.190000057220459,19.979999542236328,,72.72,,,,27.3726,0.1038,20.9014,67.2837,0.51910001039505,0.8421,8.5244,46.14,52.1959,45.644,1.1535,2026-08-09
ex5-57,Chinchou,normal,Hidden Legends,57,Common,Nakaoka,Basic,170,Pokémon,2004/06/01,"tcgplayer,cardmarket",https://prices.pokemontcg.io/tcgplayer/ex5-57,https://images.pokemontcg.io/ex5/57_hires.png,2026/08/08,2026/03/07,0.47,0.23999999463558197,0.4699999988079071,19.979999542236328,,4.92,,,,0.4383,0.0231,0.1615,0.0,0.11540000140666962,0.3922,0.646,2.2955,5.5253,4.7409,1.1535,2026-08-09
ex4-66,Team Magma's Poochyena,normal,Team Magma vs Team Aqua,66,Common,Shin-ichi Yoshikawa,Basic,261,Pokémon,2004/03/01,"tcgplayer,cardmarket",https://prices.pokemontcg.io/tcgplayer/ex4-66,https://images.pokemontcg.io/ex4/66_hires.png,2026/08/08,2026/02/19,1.48,0.7099999785423279,1.190000057220459,96.94999694824219,,10.0,,,,0.6575,0.0231,0.9574,0.0,0.28839999437332153,1.0958,0.7498,0.2884,8.1898,4.7755,1.1535,2026-08-09
base4-65,Abra,normal,Base Set 2,65,Common,Mitsuhiro Arita,Basic,63,Pokémon,2000/02/24,"tcgplayer,cardmarket",https://prices.pokemontcg.io/tcgplayer/base4-65,https://images.pokemontcg.io/base4/65_hires.png,2026/08/08,2026/02/22,0.72,0.23999999463558197,0.6000000238418579,50.0,,,,,,0.3807,0.1038,0.3576,0.0,0.25380000472068787,0.4383,0.4499,0.1154,0.1154,0.1154,1.1535,2026-08-09
swsh35-68,Turffield Stadium,normal,Champion's Path,68,Uncommon,aky CG Works,Stadium,,Trainer,2020/09/25,"tcgplayer,cardmarket",https://prices.pokemontcg.io/tcgplayer/swsh35-68,https://images.pokemontcg.io/swsh35/68_hires.png,2026/08/08,2026/02/19,0.16,0.029999999329447746,0.20000000298023224,2.990000009536743,,0.28,,,,0.1038,0.0231,0.0807,0.4499,0.05770000070333481,0.1154,0.1038,0.6806,0.5883,0.346,1.1535,2026-08-09
sm75-62,Switch Raft,normal,Dragon Majesty,62,Uncommon,Yoshinobu Saito,Item,,Trainer,2018/09/07,"tcgplayer,cardmarket",https://prices.pokemontcg.io/tcgplayer/sm75-62,https://images.pokemontcg.io/sm75/62_hires.png,2026/08/08,2026/02/01,2.19,1.25,2.190000057220459,26.739999771118164,,3.43,,,,0.6921,0.0231,1.0151,3.4259,0.20759999752044678,0.6921,0.8305,4.6025,1.9494,2.1455,1.1535,2026-08-09
dp6-62,Luxio,normal,Legends Awakened,62,Uncommon,Naoyo Kimura,Stage 1,404,Pokémon,2008/08/01,"tcgplayer,cardmarket",https://prices.pokemontcg.io/tcgplayer/dp6-62,https://images.pokemontcg.io/dp6/62_hires.png,2026/08/08,2026/02/19,1.03,0.3499999940395355,0.75,19.979999542236328,,5.0,,,,0.4845,0.0346,0.8536,0.2538,1.0266000032424927,0.8074,0.5191,1.1535,1.9609,1.5918,1.1535,2026-08-09
base1-66,Tangela,normal,Base,66,Common,Mitsuhiro Arita,Basic,114,Pokémon,1999/01/09,"tcgplayer,cardmarket",https://prices.pokemontcg.io/tcgplayer/base1-66,https://images.pokemontcg.io/base1/66_hires.png,2026/08/08,2026/02/21,1.17,0.20000000298023224,0.7200000286102295,50.0,,,,,,11.1082,1.1535,6.748,0.0,3.691200017929077,4.4871,5.6406,0.0,0.0,0.0,1.1535,2026-08-09
bw9-65,Sneasel,normal,Plasma Freeze,65,Common,Sumiyoshi Kizuki,Basic,215,Pokémon,2013/05/08,"tcgplayer,cardmarket",https://prices.pokemontcg.io/tcgplayer/bw9-65,https://images.pokemontcg.io/bw9/65_hires.png,2026/08/08,2026/02/01,0.31,0.12999999523162842,0.30000001192092896,1000.0,,0.65,,,,0.2307,0.0231,0.2192,0.0,0.11540000140666962,0.2422,0.1846,1.1535,0.5191,0.5537,1.1535,2026-08-09
ex7-63,Larvitar,normal,Team Rocket Returns,63,Common,Midori Harada,Basic,246,Pokémon,2004/11/01,"tcgplayer,cardmarket",https://prices.pokemontcg.io/tcgplayer/ex7-63,https://images.pokemontcg.io/ex7/63_hires.png,2026/08/08,2026/02/19,2.96,1.75,3.259999990463257,96.7300033569336,,88.49,,,,0.992,0.0923,1.4073,12.6654,0.4499000012874603,1.3035,0.9113,7.0825,12.4463,12.7923,1.1535,2026-08-09
ecard2-39,Togetic,normal,Aquapolis,39,Rare,Kagemaru Himeno,Stage 1,176,Pokémon,2003/01/15,"tcgplayer,cardmarket",https://prices.pokemontcg.io/tcgplayer/ecard2-39,https://images.pokemontcg.io/ecard2/39_hires.png,2026/08/08,2026/02/21,32.53,37.75,111.25,202.8800048828125,,126.49,,,,6.7595,2.2955,8.0284,22.3779,3.8757998943328857,9.3087,6.3904,4.614,14.7994,15.3992,1.1535,2026-08-09
xy8-60,Gengar,holofoil,BREAKthrough,60,Rare Holo,Saya Tsuruta,Stage 2,94,Pokémon,2015/11/04,"tcgplayer,cardmarket",https://prices.pokemontcg.io/tcgplayer/xy8-60,https://images.pokemontcg.io/xy8/60_hires.png,2026/08/08,2026/02/04,37.51,25.479999542236328,37.7599983215332,297.0400085449219,,44.12,,,,15.1455,0.2307,11.535,36.1392,13.842000007629395,17.4063,13.669,11.535,23.2661,21.6512,1.1535,2026-08-09
ex10-65,Onix,normal,Unseen Forces,65,Common,Yukiko Baba,Basic,95,Pokémon,2005/08/01,"tcgplayer,cardmarket",https://prices.pokemontcg.io/tcgplayer/ex10-65,https://images.pokemontcg.io/ex10/65_hires.png,2026/08/08,2026/02/19,0.87,0.25,0.9399999976158142,19.979999542236328,,52.0,,,,0.5767,0.0231,0.6921,5.5483,1.6726000308990479,0.7959,0.4729,6.921,10.047,6.7018,1.1535,2026-08-09
xy10-62,Bronzong BREAK,holofoil,Fates Collide,62,Rare BREAK,5ban Graphics,BREAK,437,Pokémon,2016/05/02,"tcgplayer,cardmarket",https://prices.pokemontcg.io/tcgplayer/xy10-62,https://images.pokemontcg.io/xy10/62_hires.png,2026/08/08,2026/02/01,3.27,1.899999976158142,3.2699999809265137,99.0,,,,,,3.1721,0.9228,3.2413,3.4259,3.7488999366760254,3.8296,3.1145,2.8838,4.441,3.1145,1.1535,2026-08-09
bwp-BW53,Flygon,holofoil,BW Black Star Promos,BW53,Promo,BERUBURI,Stage 2,330,Pokémon,2011/03/01,"tcgplayer,cardmarket",https://prices.pokemontcg.io/tcgplayer/bwp-BW53,https://images.pokemontcg.io/bwp/BW53_hires.png,2026/08/08,2026/02/22,63.08,45.0,75.0,299.9800109863281,,,,,,31.306,18.4445,35.2164,0.0,18.444499969482422,29.4719,26.9573,9.2165,8.6397,7.7977,1.1535,2026-08-09
ex12-69,Wailmer,normal,Legend Maker,69,Common,Sumiyoshi Kizuki,Basic,320,Pokémon,2006/02/01,"tcgplayer,cardmarket",https://prices.pokemontcg.io/tcgplayer/ex12-69,https://images.pokemontcg.io/ex12/69_hires.png,2026/08/08,2026/02/01,1.67,0.7699999809265137,1.7100000381469727,28.100000381469727,,55.59,,,,0.3922,0.0231,0.2884,6.921,0.17299999296665192,0.2192,0.3345,8.0168,7.913,5.7329,1.1535,2026-08-09
sm6-60,Gible,normal,Forbidden Light,60,Common,Kyoko Umemoto,Basic,443,Pokémon,2018/05/04,"tcgplayer,cardmarket",https://prices.pokemontcg.io/tcgplayer/sm6-60,https://images.pokemontcg.io/sm6/60_hires.png,2026/08/08,2026/02/01,0.23,0.07999999821186066,0.25,2.990000009536743,,0.47,,,,0.0807,0.0231,0.0807,0.2307,0.023099999874830246,0.0923,0.1038,0.173,0.2653,0.2999,1.1535,2026-08-09
ecard1-58,Pichu,normal,Expedition Base Set,58,Rare,Atsuko Nishida,Baby,172,Pokémon,2002/09/15,"tcgplayer,cardmarket",https://prices.pokemontcg.io/tcgplayer/ecard1-58,https://images.pokemontcg.io/ecard1/58_hires.png,2026/08/08,2026/02/21,41.59,40.209999084472656,89.98999786376953,470.0,,60.0,,,,13.7036,1.5572,16.5066,20.1401,17.18709945678711,13.7266,10.889,43.1409,16.1144,15.3877,1.1535,2026-08-09
xy11-68,M Steelix-EX,holofoil,Steam Siege,68,Rare Holo EX,5ban Graphics,MEGA|EX,208,Pokémon,2016/08/03,"tcgplayer,cardmarket",https://prices.pokemontcg.io/tcgplayer/xy11-68,https://images.pokemontcg.io/xy11/68_hires.png,2026/08/08,2026/02/01,9.45,4.670000076293945,9.630000114440918,96.94999694824219,,,,,,9.1819,3.4028,9.4472,0.0,9.227999687194824,10.6353,8.9627,0.8074,5.6522,4.8447,1.1535,2026-08-09
pl3-60,Garchomp C,normal,Supreme Victors,60,Uncommon,kawayoo,Basic|SP,445,Pokémon,2009/08/19,"tcgplayer,cardmarket",https://prices.pokemontcg.io/tcgplayer/pl3-60,https://images.pokemontcg.io/pl3/60_hires.png,2026/08/08,2026/02/04,11.63,8.40999984741211,10.800000190734863,259.8999938964844,,51.9,,,,81.5178,109.5825,68.1142,0.0,109.5824966430664,84.5169,42.5757,11.4773,11.3966,10.6583,1.1535,2026-08-09
swsh3-59,Manectric,normal,Darkness Ablaze,59,Rare,nagimiso,Stage 1,310,Pokémon,2020/08/14,"tcgplayer,cardmarket",https://prices.pokemontcg.io/tcgplayer/swsh3-59,https://images.pokemontcg.io/swsh3/59_hires.png,2026/08/08,2026/02/01,0.27,0.03999999910593033,0.25999999046325684,19.979999542236328,,0.35,,,,0.2192,0.0231,0.1846,0.5191,0.23070000112056732,0.1615,0.2307,0.5767,0.4383,0.6806,1.1535,2026-08-09
gym2-67,Brock's Diglett,unlimited,Gym Challenge,67,Common,Ken Sugimori,Basic,50,Pokémon,2000/10/16,"tcgplayer,cardmarket",https://prices.pokemontcg.io/tcgplayer/gym2-67,https://images.pokemontcg.io/gym2/67_hires.png,2026/08/08,2026/02/19,1.37,0.5099999904632568,1.190000057220459,19.979999542236328,,,,,"{""1stEdition"": {""low"": 1.4, ""mid"": 2.79, ""high"": 34.6, ""market"": 2.35, ""directLow"": null}}",1.142,0.0577,1.142,0.0,0.9228000044822693,1.1881,1.0728,0.0,0.0,0.0,1.1535,2026-08-09
ex13-65,Exeggcute δ,normal,Holon Phantoms,65,Common,Atsuko Nishida,Basic,102,Pokémon,2006/05/01,"tcgplayer,cardmarket",https://prices.pokemontcg.io/tcgplayer/ex13-65,https://images.pokemontcg.io/ex13/65_hires.png,2026/08/08,2026/02/19,0.64,0.25,0.6399999856948853,16.700000762939453,,35.0,,,,0.3114,0.0346,0.4153,4.6371,0.2653000056743622,0.4037,0.323,6.921,4.3372,6.2866,1.1535,2026-08-09
bw4-69,Sneasel,normal,Next Destinies,69,Common,Masakazu Fukuda,Basic,215,Pokémon,2012/02/08,"tcgplayer,cardmarket",https://prices.pokemontcg.io/tcgplayer/bw4-69,https://images.pokemontcg.io/bw4/69_hires.png,2026/08/08,2026/02/04,0.24,0.10000000149011612,0.25,19.979999542236328,,1.05,,,,0.1038,0.0231,0.1269,0.5767,0.05770000070333481,0.15,0.1384,0.9228,0.4729,0.5998,1.1535,2026-08-09
base5-60,Magnemite,unlimited,Team Rocket,60,Common,Miki Tanaka,Basic,81,Pokémon,2000/04/24,"tcgplayer,cardmarket",https://prices.pokemontcg.io/tcgplayer/base5-60,https://images.pokemontcg.io/base5/60_hires.png,2026/08/08,2026/03/08,0.51,0.1899999976158142,0.5099999904632568,9999.0,,,,,"{""1stEdition"": {""low"": 0.99, ""mid"": 1.99, ""high"": 9999.0, ""market"": 1.98, ""directLow"": null}}",0.7728,0.0231,0.6921,0.0,0.3230000138282776,0.6921,0.6806,0.346,0.346,0.346,1.1535,2026-08-09
xy1-65,Timburr,normal,XY,65,Common,MAHOU,Basic,532,Pokémon,2014/02/05,"tcgplayer,cardmarket",https://prices.pokemontcg.io/tcgplayer/xy1-65,https://images.pokemontcg.io/xy1/65_hires.png,2026/08/08,2026/02/04,0.24,0.03999999910593033,0.25,1000.0,,0.65,,,,0.1038,0.0231,0.0692,0.4268,0.04610000178217888,0.0577,0.0807,0.4383,0.3345,0.4153,1.1535,2026-08-09
bw5-58,Timburr,normal,Dark Explorers,58,Common,Mizue,Basic,532,Pokémon,2012/05/09,"tcgplayer,cardmarket",https://prices.pokemontcg.io/tcgplayer/bw5-58,https://images.pokemontcg.io/bw5/58_hires.png,2026/08/08,2026/02/19,0.31,0.15000000596046448,0.30000001192092896,17.420000076293945,,1.43,,,,0.0923,0.0231,0.1846,0.9228,0.34599998593330383,0.173,0.173,0.9228,1.9033,1.0958,1.1535,2026-08-09
neo3-60,Balloon Berry,unlimited,Neo Revelation,60,Uncommon,Keiji Kinebuchi,Pokémon Tool,,Trainer,2001/09/21,"tcgplayer,cardmarket",https://prices.pokemontcg.io/tcgplayer/neo3-60,https://images.pokemontcg.io/neo3/60_hires.png,2026/08/08,2026/06/21,0.81,0.1899999976158142,0.6700000166893005,20.549999237060547,,,,,"{""1stEdition"": {""low"": 0.5, ""mid"": 1.0, ""high"": 19.98, ""market"": 1.32, ""directLow"": null}}",0.6806,0.0577,0.4845,0.0,0.5997999906539917,0.4614,0.7152,0.0,0.0,0.0,1.1535,2026-08-09
dp4-58,Wailmer,normal,Great Encounters,58,Uncommon,Satoshi Ohta,Basic,320,Pokémon,2008/02/01,"tcgplayer,cardmarket",https://prices.pokemontcg.io/tcgplayer/dp4-58,https://images.pokemontcg.io/dp4/58_hires.png,2026/08/08,2026/02/19,0.75,0.33000001311302185,0.699999988079071,19.979999542236328,,5.0,,,,0.3922,0.0231,0.2884,0.6806,0.3230000138282776,0.2653,0.346,0.173,1.0151,1.2573,1.1535,2026-08-09
ex6-61,Diglett,normal,FireRed & LeafGreen,61,Common,Hajime Kusajima,Basic,50,Pokémon,2004/09/01,"tcgplayer,cardmarket",https://prices.pokemontcg.io/tcgplayer/ex6-61,https://images.pokemontcg.io/ex6/61_hires.png,2026/08/08,2026/02/19,1.04,0.5400000214576721,1.0,21.200000762939453,,36.22,,,,0.8305,0.0577,0.7498,4.3256,0.36910000443458557,0.3807,0.6229,5.7675,4.3833,7.2786,1.1535,2026-08-09
dp7-57,Combee,normal,Stormfront,57,Common,Miki Tanaka,Basic,415,Pokémon,2008/11/01,"tcgplayer,cardmarket",https://prices.pokemontcg.io/tcgplayer/dp7-57,https://images.pokemontcg.io/dp7/57_hires.png,2026/08/08,2026/02/19,0.45,0.15000000596046448,0.3700000047683716,19.260000228881836,,3.07,,,,0.173,0.0231,0.1846,0.7613,0.23070000112056732,0.15,0.1615,1.6841,0.8536,1.1304,1.1535,2026-08-09
ex14-62,Spoink,normal,Crystal Guardians,62,Common,Sumiyoshi Kizuki,Basic,325,Pokémon,2006/08/01,"tcgplayer,cardmarket",https://prices.pokemontcg.io/tcgplayer/ex14-62,https://images.pokemontcg.io/ex14/62_hires.png,2026/08/08,2026/02/19,0.58,0.20000000298023224,0.5699999928474426,19.579999923706055,,16.04,,,,0.4499,0.0231,0.0577,3.3682,0.12690000236034393,0.2884,0.4614,0.8651,2.803,3.2183,1.1535,2026-08-09
pl1-65,Wartortle,normal,Platinum,65,Uncommon,Midori Harada,Stage 1,8,Pokémon,2009/02/11,"tcgplayer,cardmarket",https://prices.pokemontcg.io/tcgplayer/pl1-65,https://images.pokemontcg.io/pl1/65_hires.png,2026/08/08,2026/02/19,3.42,1.6100000143051147,2.990000009536743,96.8499984741211,,12.24,,,,0.9459,0.1154,0.7844,6.9556,0.8073999881744385,0.819,0.8651,2.8722,3.2413,4.291,1.1535,2026-08-09
sm4-56,Bewear,holofoil,Crimson Invasion,56,Rare Holo,Saya Tsuruta,Stage 1,760,Pokémon,2017/11/03,"tcgplayer,cardmarket",https://prices.pokemontcg.io/tcgplayer/sm4-56,https://images.pokemontcg.io/sm4/56_hires.png,2026/08/08,2026/02/01,0.37,0.18000000715255737,0.4000000059604645,2.990000009536743,,0.5,,,,0.5306,0.0577,0.5075,0.7498,0.57669997215271,0.5191,0.6806,0.5652,0.9459,0.7152,1.1535,2026-08-09
xy9-57,Garbodor,holofoil,BREAKpoint,57,Rare Holo,Kouki Saitou,Stage 1,569,Pokémon,2016/02/03,"tcgplayer,cardmarket",https://prices.pokemontcg.io/tcgplayer/xy9-57,https://images.pokemontcg.io/xy9/57_hires.png,2026/08/08,2026/02/04,0.91,0.5,0.949999988079071,96.94999694824219,,1.18,,,,3.4605,0.0,0.5767,0.0,0.57669997215271,0.5652,0.5652,0.0,0.0,0.0,1.1535,2026-08-09
bw7-66,Toxicroak,normal,Boundaries Crossed,66,Rare,Kouki Saitou,Stage 1,454,Pokémon,2012/11/07,"tcgplayer,cardmarket",https://prices.pokemontcg.io/tcgplayer/bw7-66,https://images.pokemontcg.io/bw7/66_hires.png,2026/08/08,2026/02/01,0.44,0.23999999463558197,0.41999998688697815,1.7100000381469727,,0.86,,,,0.5767,0.0231,0.6344,0.0,0.6920999884605408,0.5998,0.5075,1.1535,1.165,1.2804,1.1535,2026-08-09
dp5-62,Eevee,normal,Majestic Dawn,62,Common,Ken Sugimori,Basic,133,Pokémon,2008/05/01,"tcgplayer,cardmarket",https://prices.pokemontcg.io/tcgplayer/dp5-62,https://images.pokemontcg.io/dp5/62_hires.png,2026/08/08,2026/02/19,4.0,1.5,4.0,40.459999084472656,,44.99,,,,0.9228,0.0231,0.6229,12.8731,0.9228000044822693,0.5652,0.9343,5.7675,11.9387,10.6237,1.1535,2026-08-09
g1-52,Mr. Mime,normal,Generations,52,Uncommon,kirisAki,Basic,122,Pokémon,2016/02/22,"tcgplayer,cardmarket",https://prices.pokemontcg.io/tcgplayer/g1-52,https://images.pokemontcg.io/g1/52_hires.png,2026/08/08,2026/02/19,0.98,0.20000000298023224,0.7200000286102295,19.979999542236328,,1.19,,,,0.3345,0.0231,0.4614,1.2227,0.23070000112056732,0.4499,0.323,0.4037,1.1304,1.1304,1.1535,2026-08-09
xy7-66,Porygon-Z,normal,Ancient Origins,66,Rare,TOKIYA,Stage 2,474,Pokémon,2015/08/12,"tcgplayer,cardmarket",https://prices.pokemontcg.io/tcgplayer/xy7-66,https://images.pokemontcg.io/xy7/66_hires.png,2026/08/08,2026/02/01,0.29,0.15000000596046448,0.3400000035762787,19.979999542236328,,1.01,,,,0.5537,0.0577,0.5652,0.8074,0.2768000066280365,0.4845,0.4845,1.7302,1.1996,1.4073,1.1535,2026-08-09
xy5-67,Nidorina,normal,Primal Clash,67,Uncommon,Aya Kusube,Stage 1,30,Pokémon,2015/02/04,"tcgplayer,cardmarket",https://prices.pokemontcg.io/tcgplayer/xy5-67,https://images.pokemontcg.io/xy5/67_hires.png,2026/08/08,2026/01/21,0.34,0.05999999865889549,0.4000000059604645,19.979999542236328,,1.12,,,,0.323,0.0231,0.4383,1.2458,0.2768000066280365,0.323,0.4499,0.6806,1.2689,1.6264,1.1535,2026-08-09
bw10-69,Haxorus,holofoil,Plasma Blast,69,Rare Holo,Kouki Saitou,Stage 2,612,Pokémon,2013/08/14,"tcgplayer,cardmarket",https://prices.pokemontcg.io/tcgplayer/bw10-69,https://images.pokemontcg.io/bw10/69_hires.png,2026/08/08,2026/02/01,1.59,1.0,2.0,25.700000762939453,,1.73,,,,1.4534,0.2884,1.811,0.0,2.0762999057769775,1.4765,2.5146,1.1535,2.5377,2.9068,1.1535,2026-08-09
xy2-73,Sliggoo,normal,Flashfire,73,Uncommon,5ban Graphics,Stage 1,705,Pokémon,2014/05/07,"tcgplayer,cardmarket",https://prices.pokemontcg.io/tcgplayer/xy2-73,https://images.pokemontcg.io/xy2/73_hires.png,2026/08/08,2026/01/21,0.38,0.18000000715255737,0.3700000047683716,19.989999771118164,,1.29,,,,0.1615,0.0231,0.0807,2.8722,0.05770000070333481,0.1615,0.173,1.1535,1.0381,0.7152,1.1535,2026-08-09
dp2-59,Pupitar,normal,Mysterious Treasures,59,Uncommon,Midori Harada,Stage 1,247,Pokémon,2007/08/01,"tcgplayer,cardmarket",https://prices.pokemontcg.io/tcgplayer/dp2-59,https://images.pokemontcg.io/dp2/59_hires.png,2026/08/08,2026/02/19,0.42,0.18000000715255737,0.36000001430511475,19.280000686645508,,2.47,,,,0.2884,0.0231,0.2538,1.8456,0.05770000070333481,0.2307,0.323,1.4995,1.4765,1.8225,1.1535,2026-08-09
bw6-63,Baltoy,normal,Dragons Exalted,63,Common,Shigenori Negishi,Basic,343,Pokémon,2012/08/15,"tcgplayer,cardmarket",https://prices.pokemontcg.io/tcgplayer/bw6-63,https://images.pokemontcg.io/bw6/63_hires.png,2026/08/08,2026/02/01,0.18,0.05000000074505806,0.25,19.979999542236328,,0.79,,,,0.0923,0.0231,0.1269,0.346,0.10379999876022339,0.1615,0.1384,0.346,0.7152,0.5883,1.1535,2026-08-09
hgss1-72,Magikarp,normal,HeartGold & SoulSilver,72,Common,Mitsuhiro Arita,Basic,129,Pokémon,2010/02/10,"tcgplayer,cardmarket",https://prices.pokemontcg.io/tcgplayer/hgss1-72,https://images.pokemontcg.io/hgss1/72_hires.png,2026/08/08,2026/02/01,1.7,0.8199999928474426,1.100000023841858,22.0,,33.32,,,,0.5306,0.0231,0.3114,6.3442,0.57669997215271,0.6229,0.5767,4.6025,5.0062,4.4756,1.1535,2026-08-09
bw1-62,Sawk,normal,Black & White,62,Rare,Naoki Saito,Basic,539,Pokémon,2011/04/25,"tcgplayer,cardmarket",https://prices.pokemontcg.io/tcgplayer/bw1-62,https://images.pokemontcg.io/bw1/62_hires.png,2026/08/08,2026/02/19,0.63,0.4000000059604645,0.6499999761581421,19.979999542236328,,2.03,,,,1.1766,0.0231,0.8305,1.1074,0.28839999437332153,0.7382,0.8536,1.8341,1.0958,1.3727,1.1535,2026-08-09
neo4-65,Gastly,unlimited,Neo Destiny,65,Common,Aya Kusube,Basic,92,Pokémon,2002/02/28,"tcgplayer,cardmarket",https://prices.pokemontcg.io/tcgplayer/neo4-65,https://images.pokemontcg.io/neo4/65_hires.png,2026/08/08,2026/02/19,1.75,0.8500000238418579,1.6100000143051147,21.209999084472656,,,,,"{""1stEdition"": {""low"": 5.0, ""mid"": 31.5, ""high"": 60.7, ""market"": 11.17, ""directLow"": null}}",1.984,0.1154,0.6344,0.0,0.23070000112056732,0.9459,1.9263,0.0,0.0,0.0,1.1535,2026-08-09
ex3-65,Mudkip,normal,Dragon,65,Common,Hironobu Yoshida,Basic,258,Pokémon,2003/11/24,"tcgplayer,cardmarket",https://prices.pokemontcg.io/tcgplayer/ex3-65,https://images.pokemontcg.io/ex3/65_hires.png,2026/08/08,2026/02/22,8.46,2.0,6.480000019073486,79.0,,75.49,,,,0.5652,0.0231,1.2689,7.913,0.9228000044822693,1.1535,0.8997,3.4605,7.4747,4.0834,1.1535,2026-08-09
smp-SM57,Ho-Oh-GX,holofoil,SM Black Star Promos,SM57,Promo,5ban Graphics,Basic|GX,250,Pokémon,2017/02/03,"tcgplayer,cardmarket",https://prices.pokemontcg.io/tcgplayer/smp-SM57,https://images.pokemontcg.io/smp/SM57_hires.png,2026/08/08,2026/02/01,9.78,4.5,9.4399995803833,75.0,,,,,,8.8358,1.0381,8.6051,0.0,5.190700054168701,6.8633,8.5013,5.1907,6.5519,6.7826,1.1535,2026-08-09
pl4-66,Gulpin,normal,Arceus,66,Common,Sumiyoshi Kizuki,Basic,316,Pokémon,2009/11/04,"tcgplayer,cardmarket",https://prices.pokemontcg.io/tcgplayer/pl4-66,https://images.pokemontcg.io/pl4/66_hires.png,2026/08/08,2026/02/04,0.39,0.15000000596046448,0.4000000059604645,17.760000228881836,,2.92,,,,0.1615,0.0231,0.1615,1.6034,0.20759999752044678,0.173,0.15,1.7302,1.6495,1.2573,1.1535,2026-08-09
sm11-59,Magneton,normal,Unified Minds,59,Uncommon,Yumi,Stage 1,82,Pokémon,2019/08/02,"tcgplayer,cardmarket",https://prices.pokemontcg.io/tcgplayer/sm11-59,https://images.pokemontcg.io/sm11/59_hires.png,2026/08/08,2026/02/01,0.25,0.05000000074505806,0.25,19.979999542236328,,0.49,,,,0.1384,0.0231,0.173,0.8421,0.05770000070333481,0.15,0.1269,0.9228,0.819,0.9574,1.1535,2026-08-09
sm2-61,Lunala,normal,Guardians Rising,61,Rare,5ban Graphics,Stage 2,792,Pokémon,2017/05/05,"tcgplayer,cardmarket",https://prices.pokemontcg.io/tcgplayer/sm2-61,https://images.pokemontcg.io/sm2/61_hires.png,2026/08/08,2026/02/01,0.49,0.20000000298023224,0.47999998927116394,19.0,,0.69,,,,0.5537,0.0231,0.7036,0.6229,1.2111999988555908,0.6806,0.6114,0.6806,0.7382,0.7382,1.1535,2026-08-09
xy6-62,Hydreigon-EX,holofoil,Roaring Skies,62,Rare Holo EX,Eske Yoshinob,Basic|EX,635,Pokémon,2015/05/06,"tcgplayer,cardmarket",https://prices.pokemontcg.io/tcgplayer/xy6-62,https://images.pokemontcg.io/xy6/62_hires.png,2026/08/08,2026/02/01,5.13,1.9900000095367432,4.599999904632568,96.37000274658203,,,,,,5.5945,1.7302,6.2404,0.0,2.306999921798706,4.7178,5.0293,2.8838,3.0106,2.8953,1.1535,2026-08-09
gym1-66,Brock's Geodude,unlimited,Gym Heroes,66,Common,Ken Sugimori,Basic,74,Pokémon,2000/08/14,"tcgplayer,cardmarket",https://prices.pokemontcg.io/tcgplayer/gym1-66,https://images.pokemontcg.io/gym1/66_hires.png,2026/08/08,2026/02/22,0.82,0.2199999988079071,0.7400000095367432,17.299999237060547,,,,,"{""1stEdition"": {""low"": 1.4, ""mid"": 3.01, ""high"": 94.8, ""market"": 3.01, ""directLow"": 94.8}}",1.0035,0.1154,1.8802,0.0,0.57669997215271,1.2227,0.9459,1.1535,1.1535,1.1535,1.1535,2026-08-09
sm8-61,Cubchoo,normal,Lost Thunder,61,Common,0313,Basic,613,Pokémon,2018/11/02,"tcgplayer,cardmarket",https://prices.pokemontcg.io/tcgplayer/sm8-61,https://images.pokemontcg.io/sm8/61_hires.png,2026/08/08,2026/02/01,0.22,0.05000000074505806,0.23000000417232513,19.979999542236328,,0.4,,,,0.0923,0.0231,0.0807,0.3807,0.03460000082850456,0.0807,0.0923,0.2192,0.4729,0.4268,1.1535,2026-08-09
sma-SV58,Xurkitree-GX,holofoil,Hidden Fates Shiny Vault,SV58,Rare Shiny GX,5ban Graphics,Basic|GX|Ultra Beast,796,Pokémon,2019/08/23,"tcgplayer,cardmarket",https://prices.pokemontcg.io/tcgplayer/sma-SV58,https://images.pokemontcg.io/sma/SV58_hires.png,2026/08/08,2026/02/01,17.84,14.5,17.84000015258789,39.689998626708984,,,,,,12.1925,5.7675,11.7311,0.0,9.170299530029297,8.4898,11.3504,11.5235,11.8118,13.8766,1.1535,2026-08-09
sm5-64,Cranidos,normal,Ultra Prism,64,Uncommon,Kouki Saitou,Stage 1,408,Pokémon,2018/02/02,"tcgplayer,cardmarket",https://prices.pokemontcg.io/tcgplayer/sm5-64,https://images.pokemontcg.io/sm5/64_hires.png,2026/08/08,2026/02/01,0.17,0.009999999776482582,0.25,19.979999542236328,,0.97,,,,0.1384,0.0231,0.1615,0.4499,0.17299999296665192,0.173,0.15,0.2192,0.4037,0.3576,1.1535,2026-08-09
bw3-60,Chandelure,normal,Noble Victories,60,Rare,Naoyo Kimura,Stage 2,609,Pokémon,2011/11/16,"tcgplayer,cardmarket",https://prices.pokemontcg.io/tcgplayer/bw3-60,https://images.pokemontcg.io/bw3/60_hires.png,2026/08/08,2026/02/19,12.39,10.609999656677246,13.569999694824219,142.1999969482422,,15.37,,,,6.6326,0.5767,6.748,3.472,1.3841999769210815,7.2324,9.1819,4.6371,7.9938,10.1623,1.1535,2026-08-09
dp3-69,Unown [N],normal,Secret Wonders,69,Uncommon,Daisuke Ito,Basic,201,Pokémon,2007/11/01,"tcgplayer,cardmarket",https://prices.pokemontcg.io/tcgplayer/dp3-69,https://images.pokemontcg.io/dp3/69_hires.png,2026/08/08,2026/02/01,1.29,0.5400000214576721,1.2400000095367432,19.979999542236328,,3.47,,,,0.496,0.0231,0.9689,1.1074,0.8651000261306763,1.0612,0.5998,1.1535,0.9228,1.4188,1.1535,2026-08-09
bw2-57,Excadrill,normal,Emerging Powers,57,Rare,Shin Nagasawa,Stage 1,530,Pokémon,2011/08/31,"tcgplayer,cardmarket",https://prices.pokemontcg.io/tcgplayer/bw2-57,https://images.pokemontcg.io/bw2/57_hires.png,2026/08/08,2026/02/19,0.78,0.38999998569488525,0.800000011920929,19.979999542236328,,2.06,,,,0.9228,0.0577,0.8536,1.5688,0.6344000101089478,0.8882,0.7844,1.1535,1.4073,1.3727,1.1535,2026-08-09
swsh4-61,Zeraora,holofoil,Vivid Voltage,61,Rare Holo,so-taro,Basic,807,Pokémon,2020/11/13,"tcgplayer,cardmarket",https://prices.pokemontcg.io/tcgplayer/swsh4-61,https://images.pokemontcg.io/swsh4/61_hires.png,2026/08/08,2026/02/01,0.34,0.07999999821186066,0.3700000047683716,18.459999084472656,,0.5,,,,0.6806,0.0577,0.7152,0.8536,1.153499960899353,0.5537,0.5883,0.7959,0.7036,0.7498,1.1535,2026-08-09
pl2-60,Flareon E4,normal,Rising Rivals,60,Common,Masakazu Fukuda,Basic|SP,136,Pokémon,2009/05/16,"tcgplayer,cardmarket",https://prices.pokemontcg.io/tcgplayer/pl2-60,https://images.pokemontcg.io/pl2/60_hires.png,2026/08/08,2026/02/19,2.78,2.0999999046325684,3.0,34.459999084472656,,41.5,,,,1.0612,0.0461,1.2227,3.6451,0.8073999881744385,1.1189,1.1074,6.921,6.3442,7.7515,1.1535,2026-08-09
neo2-57,Larvitar,unlimited,Neo Discovery,57,Common,Hironobu Yoshida,Basic,246,Pokémon,2001/06/01,"tcgplayer,cardmarket",https://prices.pokemontcg.io/tcgplayer/neo2-57,https://images.pokemontcg.io/neo2/57_hires.png,2026/08/08,2026/06/21,0.67,0.20000000298023224,0.6000000238418579,20.670000076293945,,,,,"{""1stEdition"": {""low"": 1.06, ""mid"": 3.03, ""high"": 30.3, ""market"": 3.1, ""directLow"": null}}",0.646,0.0231,0.5767,0.0,0.34599998593330383,0.4037,0.6114,0.0,0.0,0.0,1.1535,2026-08-09
xy12-60,Machamp BREAK,holofoil,Evolutions,60,Rare BREAK,5ban Graphics,BREAK,68,Pokémon,2016/11/02,"tcgplayer,cardmarket",https://prices.pokemontcg.io/tcgplayer/xy12-60,https://images.pokemontcg.io/xy12/60_hires.png,2026/08/08,2026/02/01,3.19,1.8799999952316284,3.450000047683716,875.9099731445312,,,,,,3.4605,0.5652,3.7604,3.3451,4.152599811553955,3.1145,3.4836,3.3451,4.1295,3.8296,1.1535,2026-08-09
base2-56,Meowth,unlimited,Jungle,56,Common,Mitsuhiro Arita,Basic,52,Pokémon,1999/06/16,"tcgplayer,cardmarket",https://prices.pokemontcg.io/tcgplayer/base2-56,https://images.pokemontcg.io/base2/56_hires.png,2026/08/08,2026/06/21,0.96,0.15000000596046448,0.6700000166893005,16.15999984741211,,,,,"{""1stEdition"": {""low"": 1.99, ""mid"": 6.48, ""high"": 96.94, ""market"": 6.29, ""directLow"": 5.97}}",107.6446,57.6635,95.1637,0.0,103.80349731445312,80.9411,39.369,17.3025,8.7897,8.7897,1.1535,2026-08-09
ex15-54,Mareep δ,normal,Dragon Frontiers,54,Common,Sachiko Adachi,Basic,179,Pokémon,2006/11/01,"tcgplayer,cardmarket",https://prices.pokemontcg.io/tcgplayer/ex15-54,https://images.pokemontcg.io/ex15/54_hires.png,2026/08/08,2026/02/19,1.85,1.0,2.180000066757202,19.979999542236328,,34.97,,,,0.6921,0.0231,0.7152,4.1872,0.5421000123023987,0.5998,0.7152,4.6025,4.6832,4.441,1.1535,2026-08-09
neo1-58,Girafarig,unlimited,Neo Genesis,58,Common,Ken Sugimori,Basic,203,Pokémon,2000/12/16,"tcgplayer,cardmarket",https://prices.pokemontcg.io/tcgplayer/neo1-58,https://images.pokemontcg.io/neo1/58_hires.png,2026/08/08,2026/03/08,0.58,0.25,0.6000000238418579,23.489999771118164,,,,,"{""1stEdition"": {""low"": 0.89, ""mid"": 2.13, ""high"": 26.8, ""market"": 2.22, ""directLow"": null}}",0.5306,0.0231,0.7728,0.0,0.20759999752044678,0.8767,0.646,1.6726,1.4073,1.4073,1.1535,2026-08-09
hgss3-63,Pineco,normal,HS—Undaunted,63,Common,Kyoko Umemoto,Basic,204,Pokémon,2010/08/18,"tcgplayer,cardmarket",https://prices.pokemontcg.io/tcgplayer/hgss3-63,https://images.pokemontcg.io/hgss3/63_hires.png,2026/08/08,2026/02/19,0.34,0.10000000149011612,0.3100000023841858,19.979999542236328,,1.51,,,,0.2422,0.0231,0.0577,1.1189,0.05770000070333481,0.1615,0.2653,0.323,0.8651,0.7959,1.1535,2026-08-09
swshp-SWSH057,Grimmsnarl V,holofoil,SWSH Black Star Promos,SWSH057,Promo,5ban Graphics,Basic|V,861,Pokémon,2019/11/15,"tcgplayer,cardmarket",https://prices.pokemontcg.io/tcgplayer/swshp-SWSH057,https://images.pokemontcg.io/swshp/SWSH057_hires.png,2026/08/08,2026/02/01,1.02,0.7400000095367432,1.1100000143051147,25.0,,,,,,1.2689,0.2307,1.2689,0.0,3.4605000019073486,1.2689,1.2342,1.1304,1.6956,1.6956,1.1535,2026-08-09
ecard3-31,Steelix,normal,Skyridge,31,Rare,Hikaru Koike,Stage 1,208,Pokémon,2003/05/12,"tcgplayer,cardmarket",https://prices.pokemontcg.io/tcgplayer/ecard3-31,https://images.pokemontcg.io/ecard3/31_hires.png,2026/08/08,2026/02/19,85.85,60.0,73.77999877929688,999.5,,,,,,6.3904,1.4995,5.6522,16.4258,6.355800151824951,4.7063,6.7826,69.21,24.6849,21.6858,1.1535,2026-08-09
xy3-54,Lucario-EX,holofoil,Furious Fists,54,Rare Holo EX,Eske Yoshinob,Basic|EX,448,Pokémon,2014/08/13,"tcgplayer,cardmarket",https://prices.pokemontcg.io/tcgplayer/xy3-54,https://images.pokemontcg.io/xy3/54_hires.png,2026/08/08,2026/02/19,11.6,7.199999809265137,12.180000305175781,107.80000305175781,,,,,,8.2591,2.307,7.8669,0.0,9.804800033569336,8.3975,9.3433,6.6326,6.8633,5.6406,1.1535,2026-08-09
sm9-67,Mr. Mime-GX,holofoil,Team Up,67,Rare Holo GX,5ban Graphics,Basic|GX,122,Pokémon,2019/02/01,"tcgplayer,cardmarket",https://prices.pokemontcg.io/tcgplayer/sm9-67,https://images.pokemontcg.io/sm9/67_hires.png,2026/08/08,2026/02/01,5.66,3.619999885559082,5.5,96.94999694824219,,,,,,2.803,0.4268,2.6646,0.0,2.8722000122070312,2.7453,3.2067,1.7302,2.2609,2.4454,1.1535,2026-08-09
hgss4-63,Gastly,normal,HS—Triumphant,63,Common,Takashi Yamaguchi,Basic,92,Pokémon,2010/11/03,"tcgplayer,cardmarket",https://prices.pokemontcg.io/tcgplayer/hgss4-63,https://images.pokemontcg.io/hgss4/63_hires.png,2026/08/08,2026/02/19,4.32,0.6399999856948853,1.25,15.729999542236328,,30.24,,,,0.5537,0.0231,0.346,3.0106,0.05770000070333481,0.323,0.5191,2.307,2.4108,3.2644,1.1535,2026-08-09
hgss2-65,Teddiursa,normal,HS—Unleashed,65,Common,Kouki Saitou,Basic,216,Pokémon,2010/05/12,"tcgplayer,cardmarket",https://prices.pokemontcg.io/tcgplayer/hgss2-65,https://images.pokemontcg.io/hgss2/65_hires.png,2026/08/08,2026/02/19,0.72,0.30000001192092896,0.7200000286102295,67.36000061035156,,15.0,,,,0.2076,0.0231,0.2076,4.764,0.23070000112056732,0.2307,0.2076,11.5235,4.5909,2.1224,1.1535,2026-08-09
sm12-67,Raichu,normal,Cosmic Eclipse,67,Rare,AKIRA EGAWA,Stage 1,26,Pokémon,2019/11/01,"tcgplayer,cardmarket",https://prices.pokemontcg.io/tcgplayer/sm12-67,https://images.pokemontcg.io/sm12/67_hires.png,2026/08/08,2026/02/01,1.03,0.6000000238418579,1.0,19.979999542236328,,2.54,,,,1.2573,0.2307,1.0612,3.126,0.4959999918937683,0.8997,1.0843,2.8838,3.1952,2.7569,1.1535,2026-08-09
bw8-64,Trubbish,normal,Plasma Storm,64,Common,Kouki Saitou,Basic,568,Pokémon,2013/02/06,"tcgplayer,cardmarket",https://prices.pokemontcg.io/tcgplayer/bw8-64,https://images.pokemontcg.io/bw8/64_hires.png,2026/08/08,2026/02/04,2.56,0.15000000596046448,0.5400000214576721,59.13999938964844,,8.97,,,,0.2076,0.0231,0.2307,1.1535,0.023099999874830246,0.2538,0.1846,1.1535,1.2227,0.7613,1.1535,2026-08-09
swsh1-65,Pikachu,normal,Sword & Shield,65,Common,Ryuta Fuse,Basic,25,Pokémon,2020/02/07,"tcgplayer,cardmarket",https://prices.pokemontcg.io/tcgplayer/swsh1-65,https://images.pokemontcg.io/swsh1/65_hires.png,2026/08/08,2026/02/01,0.82,0.23000000417232513,0.7900000214576721,5.0,,2.82,,,,0.7382,0.0231,0.7267,2.5608,0.5882999897003174,0.7267,0.7152,0.6921,3.6566,3.6566,1.1535,2026-08-09
sm3-61,Sandygast,normal,Burning Shadows,61,Common,Masakazu Fukuda,Basic,769,Pokémon,2017/08/05,"tcgplayer,cardmarket",https://prices.pokemontcg.io/tcgplayer/sm3-61,https://images.pokemontcg.io/sm3/61_hires.png,2026/08/08,2026/01/26,0.04,0.009999999776482582,0.20000000298023224,4.0,,0.33,,,,0.0577,0.0231,0.0807,0.2422,0.04610000178217888,0.0807,0.0577,0.1154,0.2768,0.2422,1.1535,2026-08-09
bw11-68,Garbodor,holofoil,Legendary Treasures,68,Rare Holo,Tomoaki Imakuni,Stage 1,569,Pokémon,2013/11/06,"tcgplayer,cardmarket",https://prices.pokemontcg.io/tcgplayer/bw11-68,https://images.pokemontcg.io/bw11/68_hires.png,2026/08/08,2026/02/04,4.66,3.0,4.820000171661377,59.9900016784668,,5.83,,,,3.0798,1.7302,3.5643,6.4596,2.249300003051758,3.0798,2.8607,6.4596,5.7329,4.0026,1.1535,2026-08-09
ex1-54,Koffing,normal,Ruby & Sapphire,54,Common,Atsuko Nishida,Basic,109,Pokémon,2003/07/01,"tcgplayer,cardmarket",https://prices.pokemontcg.io/tcgplayer/ex1-54,https://images.pokemontcg.io/ex1/54_hires.png,2026/08/08,2026/02/22,0.82,0.1899999976158142,0.699999988079071,19.979999542236328,,13.0,,,,0.4153,0.0231,0.3922,9.2165,0.11540000140666962,0.2768,0.4153,2.8261,4.4294,3.0337,1.1535,2026-08-09
ex9-64,Snorunt,normal,Emerald,64,Common,Atsuko Nishida,Basic,361,Pokémon,2005/05/01,"tcgplayer,cardmarket",https://prices.pokemontcg.io/tcgplayer/ex9-64,https://images.pokemontcg.io/ex9/64_hires.png,2026/08/08,2026/02/19,0.73,0.23999999463558197,0.6000000238418579,19.979999542236328,,22.48,,,,0.2538,0.0231,0.2422,8.9973,0.3806999921798706,0.2884,0.2538,3.3451,7.4401,6.9325,1.1535,2026-08-09
ex8-64,Magikarp,normal,Deoxys,64,Common,Hisao Nakamura,Basic,129,Pokémon,2005/02/01,"tcgplayer,cardmarket",https://prices.pokemontcg.io/tcgplayer/ex8-64,https://images.pokemontcg.io/ex8/64_hires.png,2026/08/08,2026/02/19,9.53,4.0,9.930000305175781,100.0,,76.26,,,,1.3611,0.1154,2.0071,28.3415,1.7302000522613525,1.9956,1.4765,17.3025,18.8367,19.0558,1.1535,2026-08-09
sm1-62,Mareanie,normal,Sun & Moon,62,Common,match,Basic,747,Pokémon,2017/02/03,"tcgplayer,cardmarket",https://prices.pokemontcg.io/tcgplayer/sm1-62,https://images.pokemontcg.io/sm1/62_hires.png,2026/08/08,2026/01/21,0.04,0.009999999776482582,0.17000000178813934,19.979999542236328,,0.34,,,,0.0807,0.0231,0.0807,0.2422,0.11540000140666962,0.0692,0.0692,0.173,0.2307,0.346,1.1535,2026-08-09
ex11-64,Ditto,normal,Delta Species,64,Common,Yuka Morii,Basic,132,Pokémon,2005/10/31,"tcgplayer,cardmarket",https://prices.pokemontcg.io/tcgplayer/ex11-64,https://images.pokemontcg.io/ex11/64_hires.png,2026/08/08,2026/02/19,60.69,42.91999816894531,74.98999786376953,486.5,,164.56,,,,10.1854,1.142,8.5128,59.4052,7.901500225067139,7.7746,9.1934,68.9793,50.2234,32.4826,1.1535,2026-08-09
swsh2-60,Shinx,normal,Rebel Clash,60,Common,Uta,Basic,403,Pokémon,2020/05/01,"tcgplayer,cardmarket",https://prices.pokemontcg.io/tcgplayer/swsh2-60,https://images.pokemontcg.io/swsh2/60_hires.png,2026/08/08,2026/01/21,0.05,0.009999999776482582,0.1599999964237213,18.860000610351562,,0.32,,,,0.1154,0.0231,0.173,0.3114,0.03460000082850456,0.0807,0.1154,0.7152,0.3345,0.2999,1.1535,2026-08-09
dp4-59,Zangoose,normal,Great Encounters,59,Uncommon,Masakazu Fukuda,Basic,335,Pokémon,2008/02/01,"tcgplayer,cardmarket",https://prices.pokemontcg.io/tcgplayer/dp4-59,https://images.pokemontcg.io/dp4/59_hires.png,2026/08/08,2026/02/19,0.76,0.25,0.7200000286102295,17.68000030517578,,2.3,,,,0.2768,0.0231,0.2422,0.0,0.34599998593330383,0.1269,0.2307,0.0577,1.8225,1.4303,1.1535,2026-08-09
pl2-61,Forretress G,normal,Rising Rivals,61,Common,Ryota Saito,Basic|SP,205,Pokémon,2009/05/16,"tcgplayer,cardmarket",https://prices.pokemontcg.io/tcgplayer/pl2-61,https://images.pokemontcg.io/pl2/61_hires.png,2026/08/08,2026/02/19,0.31,0.20000000298023224,0.3499999940395355,19.979999542236328,,1.8,,,,0.2422,0.0231,0.2653,2.3647,0.08070000261068344,0.3691,0.2307,3.449,1.9263,1.2573,1.1535,2026-08-09
xy2-74,Goodra,holofoil,Flashfire,74,Rare Holo,5ban Graphics,Stage 2,706,Pokémon,2014/05/07,"tcgplayer,cardmarket",https://prices.pokemontcg.io/tcgplayer/xy2-74,https://images.pokemontcg.io/xy2/74_hires.png,2026/08/08,2026/01/19,1.18,0.6399999856948853,1.2000000476837158,59.9900016784668,,1.55,,,,1.3842,0.1154,1.8802,2.2955,2.0071001052856445,1.7187,1.6264,2.2955,1.488,1.2689,1.1535,2026-08-09
dp2-60,Quilava,normal,Mysterious Treasures,60,Uncommon,Atsuko Nishida,Stage 1,156,Pokémon,2007/08/01,"tcgplayer,cardmarket",https://prices.pokemontcg.io/tcgplayer/dp2-60,https://images.pokemontcg.io/dp2/60_hires.png,2026/08/08,2026/02/19,1.35,0.4000000059604645,0.8999999761581421,19.979999542236328,,14.0,,,,0.496,0.0577,0.4729,1.9494,1.153499960899353,0.4153,0.5767,0.346,2.0648,2.9414,1.1535,2026-08-09
pl1-66,Zangoose,normal,Platinum,66,Uncommon,Hajime Kusajima,Basic,335,Pokémon,2009/02/11,"tcgplayer,cardmarket",https://prices.pokemontcg.io/tcgplayer/pl1-66,https://images.pokemontcg.io/pl1/66_hires.png,2026/08/08,2026/02/19,1.23,0.6499999761581421,1.159999966621399,19.979999542236328,,5.2,,,,0.346,0.0231,0.3114,1.6956,0.13840000331401825,0.2422,0.2768,3.3336,1.5918,1.6495,1.1535,2026-08-09
base5-61,Mankey,unlimited,Team Rocket,61,Common,Sumiyoshi Kizuki,Basic,56,Pokémon,2000/04/24,"tcgplayer,cardmarket",https://prices.pokemontcg.io/tcgplayer/base5-61,https://images.pokemontcg.io/base5/61_hires.png,2026/08/08,2026/03/08,0.6,0.15000000596046448,0.5,18.31999969482422,,,,,"{""1stEdition"": {""low"": 0.45, ""mid"": 2.26, ""high"": 19.99, ""market"": 2.2, ""directLow"": null}}",0.7498,0.0231,0.6806,0.0,0.6114000082015991,0.7036,0.7959,0.0577,0.1154,0.1154,1.1535,2026-08-09
xy1-66,Gurdurr,normal,XY,66,Uncommon,Kouki Saitou,Stage 1,533,Pokémon,2014/02/05,"tcgplayer,cardmarket",https://prices.pokemontcg.io/tcgplayer/xy1-66,https://images.pokemontcg.io/xy1/66_hires.png,2026/08/08,2026/02/04,0.2,0.10000000149011612,0.23999999463558197,1000.0,,0.75,,,,0.1154,0.0231,0.1269,0.7613,0.3230000138282776,0.1384,0.1154,1.7302,0.5421,0.5306,1.1535,2026-08-09
ex14-63,Squirtle,normal,Crystal Guardians,63,Common,Kouki Saitou,Basic,7,Pokémon,2006/08/01,"tcgplayer,cardmarket",https://prices.pokemontcg.io/tcgplayer/ex14-63,https://images.pokemontcg.io/ex14/63_hires.png,2026/08/08,2026/02/19,3.63,0.25,3.0399999618530273,19.979999542236328,,85.56,,,,20.4516,9.2165,17.1756,0.0,14.418700218200684,17.3256,13.9227,4.0373,2.5954,2.5954,1.1535,2026-08-09
col1-66,Phanpy,normal,Call of Legends,66,Common,Ken Sugimori,Basic,231,Pokémon,2011/02/09,"tcgplayer,cardmarket",https://prices.pokemontcg.io/tcgplayer/col1-66,https://images.pokemontcg.io/col1/66_hires.png,2026/08/08,2026/02/04,0.42,0.10000000149011612,0.3700000047683716,19.979999542236328,,6.33,,,,0.3807,0.0231,0.5421,0.0,0.3345000147819519,0.2653,0.346,11.5235,5.8598,5.0177,1.1535,2026-08-09
sm6-61,Gabite,normal,Forbidden Light,61,Uncommon,Sumiyoshi Kizuki,Stage 1,444,Pokémon,2018/05/04,"tcgplayer,cardmarket",https://prices.pokemontcg.io/tcgplayer/sm6-61,https://images.pokemontcg.io/sm6/61_hires.png,2026/08/08,2026/02/01,0.36,0.18000000715255737,0.4000000059604645,2.990000009536743,,0.65,,,,0.1038,0.0231,0.15,0.7959,0.23070000112056732,0.1154,0.1615,0.8651,0.6344,0.5998,1.1535,2026-08-09
sm5-65,Rampardos,holofoil,Ultra Prism,65,Rare Holo,Yoshinobu Saito,Stage 2,409,Pokémon,2018/02/02,"tcgplayer,cardmarket",https://prices.pokemontcg.io/tcgplayer/sm5-65,https://images.pokemontcg.io/sm5/65_hires.png,2026/08/08,2026/02/01,3.0,1.0,2.890000104904175,25.030000686645508,,1.8,,,,0.7036,0.2307,0.8651,2.0071,0.8766999840736389,0.8536,1.0151,0.4614,1.1074,1.3381,1.1535,2026-08-09
swsh35-69,Drednaw V,holofoil,Champion's Path,69,Rare Ultra,aky CG Works,Basic|V,834,Pokémon,2020/09/25,"tcgplayer,cardmarket",https://prices.pokemontcg.io/tcgplayer/swsh35-69,https://images.pokemontcg.io/swsh35/69_hires.png,2026/08/08,2026/02/19,1.32,0.9800000190734863,1.5199999809265137,16.200000762939453,,,,,,1.7995,0.4614,1.9263,0.0,1.7302000522613525,1.8341,1.7302,3.449,2.63,2.9299,1.1535,2026-08-09
sm3-62,Palossand,holofoil,Burning Shadows,62,Rare Holo,kawayoo,Stage 1,770,Pokémon,2017/08/05,"tcgplayer,cardmarket",https://prices.pokemontcg.io/tcgplayer/sm3-62,https://images.pokemontcg.io/sm3/62_hires.png,2026/08/08,2026/01/21,0.32,0.14000000059604645,0.3499999940395355,19.979999542236328,,0.34,,,,0.3807,0.0231,0.3576,0.2422,0.28839999437332153,0.4037,0.4268,0.0577,0.1846,0.2999,1.1535,2026-08-09
xy10-63,Lucario,holofoil,Fates Collide,63,Rare Holo,Hitoshi Ariga,Stage 1,448,Pokémon,2016/05/02,"tcgplayer,cardmarket",https://prices.pokemontcg.io/tcgplayer/xy10-63,https://images.pokemontcg.io/xy10/63_hires.png,2026/08/08,2026/02/01,2.94,0.3499999940395355,2.9200000762939453,4319.7900390625,,5.01,,,,11.2005,10.3815,11.5119,0.0,13.784299850463867,11.1428,12.1464,5.756,5.0639,5.0639,1.1535,2026-08-09
base6-60,Rapidash,normal,Legendary Collection,60,Uncommon,Mitsuhiro Arita,Stage 1,78,Pokémon,2002/05/24,"tcgplayer,cardmarket",https://prices.pokemontcg.io/tcgplayer/base6-60,https://images.pokemontcg.io/base6/60_hires.png,2026/08/08,2026/02/19,2.12,0.5,1.4500000476837158,19.979999542236328,,154.97,,,,0.669,0.1154,0.6344,37.9502,1.61489999294281,0.669,0.7036,37.9502,62.4159,42.2181,1.1535,2026-08-09
bw9-66,Weavile,normal,Plasma Freeze,66,Rare,5ban Graphics,Stage 1|Team Plasma,461,Pokémon,2013/05/08,"tcgplayer,cardmarket",https://prices.pokemontcg.io/tcgplayer/bw9-66,https://images.pokemontcg.io/bw9/66_hires.png,2026/08/08,2026/02/01,1.77,0.9900000095367432,1.8200000524520874,29.989999771118164,,4.9,,,,0.6921,0.2307,1.3496,1.0266,0.6920999884605408,1.0151,1.1074,1.0266,3.2759,3.3336,1.1535,2026-08-09
hgss3-64,Rattata,normal,HS—Undaunted,64,Common,Sachiko Adachi,Basic,19,Pokémon,2010/08/18,"tcgplayer,cardmarket",https://prices.pokemontcg.io/tcgplayer/hgss3-64,https://images.pokemontcg.io/hgss3/64_hires.png,2026/08/08,2026/02/19,0.62,0.25,0.6000000238418579,5.0,,4.93,,,,0.2192,0.0231,0.2768,0.3922,0.023099999874830246,0.2768,0.2422,0.669,2.4339,1.6149,1.1535,2026-08-09
sm8-62,Beartic,normal,Lost Thunder,62,Rare,Mina Nakai,Stage 1,614,Pokémon,2018/11/02,"tcgplayer,cardmarket",https://prices.pokemontcg.io/tcgplayer/sm8-62,https://images.pokemontcg.io/sm8/62_hires.png,2026/08/08,2026/02/01,0.34,0.20000000298023224,0.3199999928474426,19.979999542236328,,0.7,,,,0.3807,0.0577,0.4729,0.9805,0.28839999437332153,0.4845,0.4845,0.4153,0.6806,0.9113,1.1535,2026-08-09
ex13-66,Horsea δ,normal,Holon Phantoms,66,Common,Atsuko Nishida,Basic,116,Pokémon,2006/05/01,"tcgplayer,cardmarket",https://prices.pokemontcg.io/tcgplayer/ex13-66,https://images.pokemontcg.io/ex13/66_hires.png,2026/08/08,2026/02/19,0.97,0.4699999988079071,0.8700000047683716,19.979999542236328,,34.94,,,,0.4037,0.0231,0.6344,6.6903,0.17299999296665192,0.5306,0.4614,5.5368,5.3061,4.6486,1.1535,2026-08-09
swshp-SWSH058,Alcremie,holofoil,SWSH Black Star Promos,SWSH058,Promo,sui,Stage 1,869,Pokémon,2019/11/15,"tcgplayer,cardmarket",https://prices.pokemontcg.io/tcgplayer/swshp-SWSH058,https://images.pokemontcg.io/swshp/SWSH058_hires.png,2026/08/08,2026/02/01,10.41,16.389999389648438,39.5,96.94000244140625,,,,,,1.1074,0.3345,2.7799,0.0,1.038100004196167,2.9299,1.6956,1.142,1.5226,1.6495,1.1535,2026-08-09
ex10-66,Pineco,normal,Unseen Forces,66,Common,Aya Kusube,Basic,204,Pokémon,2005/08/01,"tcgplayer,cardmarket",https://prices.pokemontcg.io/tcgplayer/ex10-66,https://images.pokemontcg.io/ex10/66_hires.png,2026/08/08,2026/02/19,0.36,0.20000000298023224,0.4000000059604645,19.979999542236328,,13.55,,,,0.4729,0.0231,0.5421,4.614,0.28839999437332153,0.2999,0.3691,6.3442,5.2484,4.2564,1.1535,2026-08-09
ex5-58,Clamperl,normal,Hidden Legends,58,Common,Kagemaru Himeno,Basic,366,Pokémon,2004/06/01,"tcgplayer,cardmarket",https://prices.pokemontcg.io/tcgplayer/ex5-58,https://images.pokemontcg.io/ex5/58_hires.png,2026/08/08,2026/03/07,0.42,0.1599999964237213,0.47999998927116394,20.489999771118164,,17.36,,,,0.1846,0.0231,0.1846,0.0,0.15000000596046448,0.173,0.1846,1.1535,4.6255,3.2413,1.1535,2026-08-09
sm12-68,Magnemite,normal,Cosmic Eclipse,68,Common,Suwama Chiaki,Basic,81,Pokémon,2019/11/01,"tcgplayer,cardmarket",https://prices.pokemontcg.io/tcgplayer/sm12-68,https://images.pokemontcg.io/sm12/68_hires.png,2026/08/08,2026/01/21,0.17,0.029999999329447746,0.20000000298023224,19.979999542236328,,0.29,,,,0.0923,0.0231,0.1038,0.5883,0.023099999874830246,0.1154,0.0692,0.173,0.5306,0.4153,1.1535,2026-08-09
bw4-70,Weavile,normal,Next Destinies,70,Rare,Akira Komayama,Stage 1,461,Pokémon,2012/02/08,"tcgplayer,cardmarket",https://prices.pokemontcg.io/tcgplayer/bw4-70,https://images.pokemontcg.io/bw4/70_hires.png,2026/08/08,2026/01/21,0.6,0.14000000059604645,0.550000011920929,19.979999542236328,,0.92,,,,0.7382,0.0346,0.5767,1.0381,1.153499960899353,0.5883,0.4614,0.9805,0.992,1.3265,1.1535,2026-08-09
xy12-61,Onix,normal,Evolutions,61,Common,Ken Sugimori,Basic,95,Pokémon,2016/11/02,"tcgplayer,cardmarket",https://prices.pokemontcg.io/tcgplayer/xy12-61,https://images.pokemontcg.io/xy12/61_hires.png,2026/08/08,2026/02/01,0.14,0.009999999776482582,0.20000000298023224,18.520000457763672,,0.49,,,,0.0807,0.0231,0.0807,0.8421,0.10379999876022339,0.0692,0.0807,0.4614,0.8997,0.7036,1.1535,2026-08-09
pl3-61,Hippopotas,normal,Supreme Victors,61,Uncommon,Masakazu Fukuda,Basic,449,Pokémon,2009/08/19,"tcgplayer,cardmarket",https://prices.pokemontcg.io/tcgplayer/pl3-61,https://images.pokemontcg.io/pl3/61_hires.png,2026/08/08,2026/02/04,0.54,0.18000000715255737,0.44999998807907104,19.979999542236328,,1.32,,,,0.1846,0.0231,0.1961,1.0151,0.23070000112056732,0.1384,0.2538,1.0381,0.8074,0.8882,1.1535,2026-08-09
g1-53,Meowth,normal,Generations,53,Common,kirisAki,Basic,52,Pokémon,2016/02/22,"tcgplayer,cardmarket",https://prices.pokemontcg.io/tcgplayer/g1-53,https://images.pokemontcg.io/g1/53_hires.png,2026/08/08,2026/02/19,0.41,0.10000000149011612,0.4000000059604645,19.979999542236328,,1.21,,,,2.2839,0.0231,0.5998,2.3877,0.20759999752044678,0.15,1.6956,1.142,2.6184,1.7533,1.1535,2026-08-09
hgss4-64,Illumise,normal,HS—Triumphant,64,Common,Kent Kanetsuna,Basic,314,Pokémon,2010/11/03,"tcgplayer,cardmarket",https://prices.pokemontcg.io/tcgplayer/hgss4-64,https://images.pokemontcg.io/hgss4/64_hires.png,2026/08/08,2026/02/19,0.37,0.10000000149011612,0.3700000047683716,5.0,,2.76,,,,0.2653,0.0231,0.4845,1.4188,0.11540000140666962,0.5075,0.3345,0.3345,1.9033,1.3611,1.1535,2026-08-09
bw8-65,Trubbish,normal,Plasma Storm,65,Common,Midori Harada,Basic,568,Pokémon,2013/02/06,"tcgplayer,cardmarket",https://prices.pokemontcg.io/tcgplayer/bw8-65,https://images.pokemontcg.io/bw8/65_hires.png,2026/08/08,2026/02/04,1.36,0.44999998807907104,1.190000057220459,23.860000610351562,,10.39,,,,0.6114,0.0231,0.4729,6.0559,0.11540000140666962,0.4153,0.3807,1.7302,2.5031,1.4303,1.1535,2026-08-09
ex11-65,Dratini δ,normal,Delta Species,65,Common,Hajime Kusajima,Basic,147,Pokémon,2005/10/31,"tcgplayer,cardmarket",https://prices.pokemontcg.io/tcgplayer/ex11-65,https://images.pokemontcg.io/ex11/65_hires.png,2026/08/08,2026/02/19,2.95,1.5,3.180000066757202,63.0,,60.15,,,,1.0497,0.0231,0.9689,27.4879,1.153499960899353,1.0266,0.9689,17.291,19.2404,13.4498,1.1535,2026-08-09
sm4-57,Buzzwole-GX,holofoil,Crimson Invasion,57,Rare Holo GX,5ban Graphics,Basic|GX|Ultra Beast,794,Pokémon,2017/11/03,"tcgplayer,cardmarket",https://prices.pokemontcg.io/tcgplayer/sm4-57,https://images.pokemontcg.io/sm4/57_hires.png,2026/08/08,2026/02/01,5.36,1.7300000190734863,4.989999771118164,96.94999694824219,,,,,,3.1029,1.0381,2.953,0.0,2.306999921798706,2.6415,2.953,5.7675,3.0683,3.1375,1.1535,2026-08-09
xy7-67,Porygon-Z,holofoil,Ancient Origins,67,Rare Holo,Naoki Saito,Stage 2,474,Pokémon,2015/08/12,"tcgplayer,cardmarket",https://prices.pokemontcg.io/tcgplayer/xy7-67,https://images.pokemontcg.io/xy7/67_hires.png,2026/08/08,2026/02/01,3.67,1.5,3.450000047683716,25.0,,3.6,,,,2.976,0.5767,2.4224,2.4224,2.8838000297546387,2.7453,2.4916,1.3842,2.2493,2.7223,1.1535,2026-08-09
bw6-64,Claydol,normal,Dragons Exalted,64,Rare,Shin Nagasawa,Stage 1,344,Pokémon,2012/08/15,"tcgplayer,cardmarket",https://prices.pokemontcg.io/tcgplayer/bw6-64,https://images.pokemontcg.io/bw6/64_hires.png,2026/08/08,2026/02/01,0.61,0.30000001192092896,0.6200000047683716,19.979999542236328,,0.85,,,,0.9343,0.0577,0.8305,0.5767,0.3806999921798706,0.9228,0.8305,1.0381,1.1535,1.3611,1.1535,2026-08-09
swsh3-60,Vikavolt V,holofoil,Darkness Ablaze,60,Rare Holo V,Ayaka Yoshida,Basic|V,738,Pokémon,2020/08/14,"tcgplayer,cardmarket",https://prices.pokemontcg.io/tcgplayer/swsh3-60,https://images.pokemontcg.io/swsh3/60_hires.png,2026/08/08,2026/02/01,0.74,0.5,0.949999988079071,9.989999771118164,,,,,,1.1996,0.2307,0.8421,0.0,0.57669997215271,0.8767,1.142,2.8722,2.2839,2.4454,1.1535,2026-08-09
ex15-55,Natu δ,normal,Dragon Frontiers,55,Common,Yukiko Baba,Basic,177,Pokémon,2006/11/01,"tcgplayer,cardmarket",https://prices.pokemontcg.io/tcgplayer/ex15-55,https://images.pokemontcg.io/ex15/55_hires.png,2026/08/08,2026/02/19,1.56,0.27000001072883606,1.2200000286102295,19.989999771118164,,10.59,,,,0.4037,0.0231,0.4729,2.5608,0.34599998593330383,0.5075,0.4153,7.6708,4.2103,2.6184,1.1535,2026-08-09
ex4-67,Team Magma's Rhyhorn,normal,Team Magma vs Team Aqua,67,Common,Yosuke Da Silva,Basic,111,Pokémon,2004/03/01,"tcgplayer,cardmarket",https://prices.pokemontcg.io/tcgplayer/ex4-67,https://images.pokemontcg.io/ex4/67_hires.png,2026/08/08,2026/02/19,0.76,0.550000011920929,0.8199999928474426,20.84000015258789,,16.66,,,,0.4614,0.0577,0.4499,7.7284,1.153499960899353,0.646,0.4729,13.1499,6.8864,5.5368,1.1535,2026-08-09
pl4-67,Kabuto,normal,Arceus,67,Common,Hironobu Yoshida,Stage 1,140,Pokémon,2009/11/04,"tcgplayer,cardmarket",https://prices.pokemontcg.io/tcgplayer/pl4-67,https://images.pokemontcg.io/pl4/67_hires.png,2026/08/08,2026/02/04,0.52,0.15000000596046448,0.5099999904632568,19.979999542236328,,4.0,,,,0.3691,0.0231,0.3576,2.0532,0.51910001039505,0.2999,0.323,0.7844,1.7879,1.2804,1.1535,2026-08-09
swsh4-62,Pincurchin,normal,Vivid Voltage,62,Uncommon,Kouki Saitou,Basic,871,Pokémon,2020/11/13,"tcgplayer,cardmarket",https://prices.pokemontcg.io/tcgplayer/swsh4-62,https://images.pokemontcg.io/swsh4/62_hires.png,2026/08/08,2026/02/01,0.04,0.009999999776482582,0.15000000596046448,25.040000915527344,,0.26,,,,0.0577,0.0231,0.0461,0.2076,0.05770000070333481,0.0461,0.0461,0.1154,0.1615,0.2192,1.1535,2026-08-09
ex12-70,Wurmple,normal,Legend Maker,70,Common,Yukiko Baba,Basic,265,Pokémon,2006/02/01,"tcgplayer,cardmarket",https://prices.pokemontcg.io/tcgplayer/ex12-70,https://images.pokemontcg.io/ex12/70_hires.png,2026/08/08,2026/02/01,0.66,0.15000000596046448,0.550000011920929,18.059999465942383,,13.84,,,,0.1961,0.0346,0.1961,4.1987,0.17299999296665192,0.2999,0.3576,2.2955,3.8296,4.1641,1.1535,2026-08-09
dp3-70,Unown [O],normal,Secret Wonders,70,Uncommon,Daisuke Ito,Basic,201,Pokémon,2007/11/01,"tcgplayer,cardmarket",https://prices.pokemontcg.io/tcgplayer/dp3-70,https://images.pokemontcg.io/dp3/70_hires.png,2026/08/08,2026/02/01,1.06,0.3799999952316284,0.949999988079071,19.979999542236328,,3.79,,,,0.7036,0.0231,0.5306,0.0,0.11540000140666962,0.6229,0.4729,1.7187,1.6726,1.4419,1.1535,2026-08-09
dp5-63,Eevee,normal,Majestic Dawn,63,Common,Kagemaru Himeno,Basic,133,Pokémon,2008/05/01,"tcgplayer,cardmarket",https://prices.pokemontcg.io/tcgplayer/dp5-63,https://images.pokemontcg.io/dp5/63_hires.png,2026/08/08,2026/02/19,4.88,1.440000057220459,4.369999885559082,96.94999694824219,,50.0,,,,0.8767,0.0231,0.7152,8.0745,0.6690000295639038,1.0151,0.9113,17.3025,14.165,14.165,1.1535,2026-08-09
xy6-63,Reshiram,holofoil,Roaring Skies,63,Rare Holo,Kouki Saitou,Basic,643,Pokémon,2015/05/06,"tcgplayer,cardmarket",https://prices.pokemontcg.io/tcgplayer/xy6-63,https://images.pokemontcg.io/xy6/63_hires.png,2026/08/08,2026/02/01,3.79,1.9800000190734863,3.700000047683716,34.9900016784668,,3.52,,,,4.1295,1.142,4.2218,5.7675,4.037300109863281,4.9254,3.7835,3.1145,4.1757,3.9565,1.1535,2026-08-09
gym1-67,Brock's Mankey,unlimited,Gym Heroes,67,Common,Atsuko Nishida,Basic,56,Pokémon,2000/08/14,"tcgplayer,cardmarket",https://prices.pokemontcg.io/tcgplayer/gym1-67,https://images.pokemontcg.io/gym1/67_hires.png,2026/08/08,2026/02/19,1.22,0.25,0.7799999713897705,17.260000228881836,,,,,"{""1stEdition"": {""low"": 1.44, ""mid"": 2.02, ""high"": 26.38, ""market"": 2.71, ""directLow"": null}}",1.0035,0.0923,1.1766,0.0,0.5651999711990356,0.9689,0.9228,1.1535,1.7302,1.7302,1.1535,2026-08-09
sm115-66,Moltres & Zapdos & Articuno-GX,holofoil,Hidden Fates,66,Rare Ultra,5ban Graphics,Basic|TAG TEAM|GX,144|145|146,Pokémon,2019/08/23,"tcgplayer,cardmarket",https://prices.pokemontcg.io/tcgplayer/sm115-66,https://images.pokemontcg.io/sm115/66_hires.png,2026/08/08,2026/02/22,42.29,36.25,48.290000915527344,352.8900146484375,,,,,,34.7896,13.7151,29.322,0.0,39.21900177001953,29.0797,36.2314,8.409,8.5474,9.228,1.1535,2026-08-09
bwp-BW54,Pikachu,normal,BW Black Star Promos,BW54,Promo,5ban Graphics,Basic,25,Pokémon,2011/03/01,"tcgplayer,cardmarket",https://prices.pokemontcg.io/tcgplayer/bwp-BW54,https://images.pokemontcg.io/bwp/BW54_hires.png,2026/08/08,2026/02/22,99.99,69.98999786376953,112.58999633789062,150.0,,,,,,32.8747,28.8375,60.7664,0.0,31.144500732421875,52.069,46.7283,17.291,14.6033,14.6033,1.1535,2026-08-09
ex8-65,Makuhita,normal,Deoxys,65,Common,Asuka Iwashita,Basic,296,Pokémon,2005/02/01,"tcgplayer,cardmarket",https://prices.pokemontcg.io/tcgplayer/ex8-65,https://images.pokemontcg.io/ex8/65_hires.png,2026/08/08,2026/02/19,0.47,0.15000000596046448,0.4399999976158142,19.979999542236328,,8.49,,,,0.1961,0.0231,0.1615,3.9565,0.4499000012874603,0.173,0.2076,7.4862,4.0142,4.3718,1.1535,2026-08-09
xy9-58,Espurr,normal,BREAKpoint,58,Common,Kagemaru Himeno,Basic,677,Pokémon,2016/02/03,"tcgplayer,cardmarket",https://prices.pokemontcg.io/tcgplayer/xy9-58,https://images.pokemontcg.io/xy9/58_hires.png,2026/08/08,2026/02/04,0.32,0.05000000074505806,0.3499999940395355,19.989999771118164,,1.86,,,,0.0807,0.0231,0.0692,0.5075,0.10379999876022339,0.0692,0.0923,0.0923,0.4614,0.3691,1.1535,2026-08-09
ecard1-59,Pidgeot,normal,Expedition Base Set,59,Rare,Tomokazu Komiya,Stage 2,18,Pokémon,2002/09/15,"tcgplayer,cardmarket",https://prices.pokemontcg.io/tcgplayer/ecard1-59,https://images.pokemontcg.io/ecard1/59_hires.png,2026/08/08,2026/02/21,24.79,23.0,25.0,309.8999938964844,,39.99,,,,6.1482,0.9113,7.4401,28.5491,13.842000007629395,9.0896,6.5173,16.3797,10.3354,11.1543,1.1535,2026-08-09
xyp-XY56,Blissey,holofoil,XY Black Star Promos,XY56,Promo,Akira Komayama,Stage 1,242,Pokémon,2013/10/12,"tcgplayer,cardmarket",https://prices.pokemontcg.io/tcgplayer/xyp-XY56,https://images.pokemontcg.io/xyp/XY56_hires.png,2026/08/08,2026/02/04,5.0,2.0,5.460000038146973,48.400001525878906,,,,,,5.5022,4.3718,5.8482,0.0,5.37529993057251,5.4561,5.2715,4.614,3.6105,2.653,1.1535,2026-08-09
base1-67,Voltorb,normal,Base,67,Common,Keiji Kinebuchi,Basic,100,Pokémon,1999/01/09,"tcgplayer,cardmarket",https://prices.pokemontcg.io/tcgplayer/base1-67,https://images.pokemontcg.io/base1/67_hires.png,2026/08/08,2026/02/21,4.57,0.8999999761581421,2.5,37.900001525878906,,,,,,3.6335,0.0231,4.6025,0.0,1.4534000158309937,5.6291,3.622,1.142,1.8571,1.8571,1.1535,2026-08-09
dp7-58,Drifloon,normal,Stormfront,58,Common,Atsuko Nishida,Basic,425,Pokémon,2008/11/01,"tcgplayer,cardmarket",https://prices.pokemontcg.io/tcgplayer/dp7-58,https://images.pokemontcg.io/dp7/58_hires.png,2026/08/08,2026/02/19,0.44,0.20000000298023224,0.4000000059604645,18.219999313354492,,4.17,,,,0.1961,0.0231,0.2653,1.638,0.11540000140666962,0.2307,0.2192,0.5767,1.4765,1.5342,1.1535,2026-08-09
ecard2-40,Tyranitar,normal,Aquapolis,40,Rare,Naoyo Kimura,Stage 2,248,Pokémon,2003/01/15,"tcgplayer,cardmarket",https://prices.pokemontcg.io/tcgplayer/ecard2-40,https://images.pokemontcg.io/ecard2/40_hires.png,2026/08/08,2026/02/04,109.92,116.98999786376953,250.0,2500.18994140625,,134.99,,,,30.4985,5.7675,27.8109,46.14,22.63170051574707,26.4267,27.9839,51.9075,53.4647,34.8472,1.1535,2026-08-09
ex16-58,Poochyena,normal,Power Keepers,58,Common,Midori Harada,Basic,261,Pokémon,2007/02/02,"tcgplayer,cardmarket",https://prices.pokemontcg.io/tcgplayer/ex16-58,https://images.pokemontcg.io/ex16/58_hires.png,2026/08/08,2026/02/22,0.5,0.15000000596046448,0.47999998927116394,19.979999542236328,,11.88,,,,0.2538,0.0231,0.2999,5.0985,0.09229999780654907,0.173,0.2307,2.8838,4.7409,5.2715,1.1535,2026-08-09
neo2-58,Mareep,unlimited,Neo Discovery,58,Common,Atsuko Nishida,Basic,179,Pokémon,2001/06/01,"tcgplayer,cardmarket",https://prices.pokemontcg.io/tcgplayer/neo2-58,https://images.pokemontcg.io/neo2/58_hires.png,2026/08/08,2026/06/21,1.5,0.30000001192092896,0.8500000238418579,3.990000009536743,,,,,"{""1stEdition"": {""low"": 1.5, ""mid"": 2.99, ""high"": 28.4, ""market"": 2.92, ""directLow"": 19.99}}",0.7267,0.0231,0.7152,0.0,0.10379999876022339,0.8421,0.6806,0.0,0.0,0.0,1.1535,2026-08-09
xy5-68,Nidoqueen,normal,Primal Clash,68,Uncommon,Masakazu Fukuda,Stage 2,31,Pokémon,2015/02/04,"tcgplayer,cardmarket",https://prices.pokemontcg.io/tcgplayer/xy5-68,https://images.pokemontcg.io/xy5/68_hires.png,2026/08/08,2026/01/21,0.44,0.10000000149011612,0.4300000071525574,1000.0,,1.02,,,,1.2112,0.0231,0.6114,0.8882,0.8651000261306763,1.2573,0.9228,1.1535,1.5688,1.5457,1.1535,2026-08-09
bw11-69,Gothita,normal,Legendary Treasures,69,Common,TOKIYA,Basic,574,Pokémon,2013/11/06,"tcgplayer,cardmarket",https://prices.pokemontcg.io/tcgplayer/bw11-69,https://images.pokemontcg.io/bw11/69_hires.png,2026/08/08,2026/02/04,0.5,0.1599999964237213,0.5,19.979999542236328,,9.19,,,,0.6229,0.1154,0.5652,6.9095,1.1419999599456787,0.5883,0.346,9.2165,8.7205,3.4605,1.1535,2026-08-09
ecard3-32,Umbreon,normal,Skyridge,32,Rare,Atsuko Nishida,Stage 1,197,Pokémon,2003/05/12,"tcgplayer,cardmarket",https://prices.pokemontcg.io/tcgplayer/ecard3-32,https://images.pokemontcg.io/ecard3/32_hires.png,2026/08/08,2026/02/19,279.99,350.0,352.67999267578125,355.3599853515625,,,,,,72.5321,34.605,76.0618,175.6204,46.13999938964844,86.4779,94.2063,173.025,156.0339,140.3925,1.1535,2026-08-09
ex7-64,Ledyba,normal,Team Rocket Returns,64,Common,Kagemaru Himeno,Basic,165,Pokémon,2004/11/01,"tcgplayer,cardmarket",https://prices.pokemontcg.io/tcgplayer/ex7-64,https://images.pokemontcg.io/ex7/64_hires.png,2026/08/08,2026/02/19,0.86,0.4000000059604645,0.8100000023841858,19.979999542236328,,33.83,,,,0.3691,0.0923,0.5767,6.0559,0.09229999780654907,1.0728,0.5998,8.0168,5.5022,7.8553,1.1535,2026-08-09
base4-66,Bellsprout,normal,Base Set 2,66,Common,Kagemaru Himeno,Basic,69,Pokémon,2000/02/24,"tcgplayer,cardmarket",https://prices.pokemontcg.io/tcgplayer/base4-66,https://images.pokemontcg.io/base4/66_hires.png,2026/08/08,2026/02/22,0.51,0.1599999964237213,0.5099999904632568,19.020000457763672,,,,,,0.346,0.0577,0.2999,0.0,0.23070000112056732,0.3807,0.3691,0.173,0.173,0.173,1.1535,2026-08-09
dp1-68,Unown [D],normal,Diamond & Pearl,68,Uncommon,Nakaoka,Basic,201,Pokémon,2007/05/01,"tcgplayer,cardmarket",https://prices.pokemontcg.io/tcgplayer/dp1-68,https://images.pokemontcg.io/dp1/68_hires.png,2026/08/08,2026/02/19,1.52,0.49000000953674316,1.2999999523162842,19.979999542236328,,4.12,,,,0.6114,0.0577,0.7728,1.3381,1.8456000089645386,0.5421,0.5306,4.0373,1.8571,2.2839,1.1535,2026-08-09
ex6-62,Doduo,normal,FireRed & LeafGreen,62,Common,Kagemaru Himeno,Basic,84,Pokémon,2004/09/01,"tcgplayer,cardmarket",https://prices.pokemontcg.io/tcgplayer/ex6-62,https://images.pokemontcg.io/ex6/62_hires.png,2026/08/08,2026/02/04,0.64,0.25,0.6399999856948853,20.399999618530273,,13.93,,,,0.5652,0.0461,0.4614,5.5253,0.7498000264167786,0.4268,0.4845,5.5253,4.4986,4.8332,1.1535,2026-08-09
hgss2-66,Tropius,normal,HS—Unleashed,66,Common,match,Basic,357,Pokémon,2010/05/12,"tcgplayer,cardmarket",https://prices.pokemontcg.io/tcgplayer/hgss2-66,https://images.pokemontcg.io/hgss2/66_hires.png,2026/08/08,2026/02/01,0.37,0.2199999988079071,0.3700000047683716,19.979999542236328,,1.87,,,,0.2768,0.0231,0.2884,0.9689,0.219200000166893,0.2768,0.2884,0.5652,0.8305,1.0381,1.1535,2026-08-09
neo3-61,Healing Field,unlimited,Neo Revelation,61,Uncommon,Keiji Kinebuchi,Stadium,,Trainer,2001/09/21,"tcgplayer,cardmarket",https://prices.pokemontcg.io/tcgplayer/neo3-61,https://images.pokemontcg.io/neo3/61_hires.png,2026/08/08,2026/03/07,0.95,0.25,0.8500000238418579,19.8799991607666,,,,,"{""1stEdition"": {""low"": 0.8, ""mid"": 1.49, ""high"": 19.98, ""market"": 1.3, ""directLow"": 3.11}}",0.8421,0.0346,0.8651,0.0,2.249300003051758,0.9343,0.8997,0.0,0.0,0.0,1.1535,2026-08-09
smp-SM58,Necrozma-GX,holofoil,SM Black Star Promos,SM58,Promo,5ban Graphics,Basic|GX,800,Pokémon,2017/02/03,"tcgplayer,cardmarket",https://prices.pokemontcg.io/tcgplayer/smp-SM58,https://images.pokemontcg.io/smp/SM58_hires.png,2026/08/08,2026/02/01,1.88,1.4199999570846558,2.0399999618530273,63.380001068115234,,,,,,2.0071,0.346,2.0302,0.0,3.4489998817443848,2.2724,2.4339,2.307,2.2609,2.6184,1.1535,2026-08-09
ex3-66,Nincada,normal,Dragon,66,Common,Toshinao Aoki,Basic,290,Pokémon,2003/11/24,"tcgplayer,cardmarket",https://prices.pokemontcg.io/tcgplayer/ex3-66,https://images.pokemontcg.io/ex3/66_hires.png,2026/08/08,2026/02/22,0.38,0.20000000298023224,0.38999998569488525,20.389999389648438,,5.22,,,,0.3576,0.0231,0.4268,2.2378,0.34599998593330383,0.7267,0.3807,7.0017,4.1641,2.7915,1.1535,2026-08-09
sm35-56,Shining Rayquaza,holofoil,Shining Legends,56,Rare Shining,Naoki Saito,Basic,384,Pokémon,2017/10/06,"tcgplayer,cardmarket",https://prices.pokemontcg.io/tcgplayer/sm35-56,https://images.pokemontcg.io/sm35/56_hires.png,2026/08/08,2026/02/19,148.48,88.0,182.25,797.0,,,,,,64.273,19.6095,69.7983,0.0,63.442501068115234,66.4762,60.0512,86.5125,71.2171,70.6749,1.1535,2026-08-09
ex2-60,Dunsparce,normal,Sandstorm,60,Common,Mitsuhiro Arita,Basic,206,Pokémon,2003/09/18,"tcgplayer,cardmarket",https://prices.pokemontcg.io/tcgplayer/ex2-60,https://images.pokemontcg.io/ex2/60_hires.png,2026/08/08,2026/02/21,1.87,0.9900000095367432,1.850000023841858,37.369998931884766,,6.36,,,,0.3576,0.0577,0.4614,1.5111,0.46140000224113464,0.6229,0.4383,3.4605,1.811,2.953,1.1535,2026-08-09
ex9-65,Spoink,normal,Emerald,65,Common,Kagemaru Himeno,Basic,325,Pokémon,2005/05/01,"tcgplayer,cardmarket",https://prices.pokemontcg.io/tcgplayer/ex9-65,https://images.pokemontcg.io/ex9/65_hires.png,2026/08/08,2026/02/19,0.63,0.28999999165534973,0.6000000238418579,19.979999542236328,,24.99,,,,0.323,0.0231,0.3691,0.0,0.40369999408721924,0.4729,0.3345,5.779,6.4481,6.2174,1.1535,2026-08-09
sm7-66,Banette-GX,holofoil,Celestial Storm,66,Rare Holo GX,5ban Graphics,Stage 1|GX,354,Pokémon,2018/08/03,"tcgplayer,cardmarket",https://prices.pokemontcg.io/tcgplayer/sm7-66,https://images.pokemontcg.io/sm7/66_hires.png,2026/08/08,2026/01/19,3.41,2.190000057220459,3.390000104904175,5.0,,,,,,6.9095,0.0,4.96,0.0,6.9095001220703125,4.0603,4.0949,0.0,0.0,0.0,1.1535,2026-08-09
swsh1-66,Raichu,normal,Sword & Shield,66,Rare,Hasuno,Stage 1,26,Pokémon,2020/02/07,"tcgplayer,cardmarket",https://prices.pokemontcg.io/tcgplayer/swsh1-66,https://images.pokemontcg.io/swsh1/66_hires.png,2026/08/08,2026/01/21,0.43,0.1899999976158142,0.44999998807907104,16.360000610351562,,0.86,,,,0.5652,0.0577,0.496,2.2724,1.7302000522613525,0.6344,0.5652,2.7569,2.5377,2.8261,1.1535,2026-08-09
xy3-55,M Lucario-EX,holofoil,Furious Fists,55,Rare Holo EX,5ban Graphics,MEGA|EX,448,Pokémon,2014/08/13,"tcgplayer,cardmarket",https://prices.pokemontcg.io/tcgplayer/xy3-55,https://images.pokemontcg.io/xy3/55_hires.png,2026/08/08,2026/02/19,51.31,28.489999771118164,50.0,605.4500122070312,,,,,,39.3805,17.2333,28.4107,0.0,46.13999938964844,37.5926,34.2936,9.7471,9.0088,9.7932,1.1535,2026-08-09
sma-SV59,Mewtwo-GX,holofoil,Hidden Fates Shiny Vault,SV59,Rare Shiny GX,5ban Graphics,Basic|GX,150,Pokémon,2019/08/23,"tcgplayer,cardmarket",https://prices.pokemontcg.io/tcgplayer/sma-SV59,https://images.pokemontcg.io/sma/SV59_hires.png,2026/08/08,2026/02/01,143.49,125.0,150.66000366210938,949.9000244140625,,,,,,82.2676,36.912,76.8231,0.0,62.27750015258789,74.7929,82.1061,86.4548,80.9296,94.9907,1.1535,2026-08-09
sm2-62,Machop,normal,Guardians Rising,62,Common,Kyoko Umemoto,Basic,66,Pokémon,2017/05/05,"tcgplayer,cardmarket",https://prices.pokemontcg.io/tcgplayer/sm2-62,https://images.pokemontcg.io/sm2/62_hires.png,2026/08/08,2026/02/01,0.18,0.03999999910593033,0.20000000298023224,19.979999542236328,,0.35,,,,0.0807,0.0231,0.0577,0.4383,0.06920000165700912,0.0461,0.0692,0.5767,0.4729,0.3114,1.1535,2026-08-09
xy11-69,Shieldon,normal,Steam Siege,69,Uncommon,Mizue,Restored,410,Pokémon,2016/08/03,"tcgplayer,cardmarket",https://prices.pokemontcg.io/tcgplayer/xy11-69,https://images.pokemontcg.io/xy11/69_hires.png,2026/08/08,2026/02/01,0.28,0.05000000074505806,0.25,1000.0,,0.52,,,,0.15,0.0231,0.1846,0.5652,0.13840000331401825,0.1615,0.1154,0.346,0.5421,0.4499,1.1535,2026-08-09
ex1-55,Goldeen,normal,Ruby & Sapphire,55,Common,Hajime Kusajima,Basic,118,Pokémon,2003/07/01,"tcgplayer,cardmarket",https://prices.pokemontcg.io/tcgplayer/ex1-55,https://images.pokemontcg.io/ex1/55_hires.png,2026/08/08,2026/02/22,0.62,0.30000001192092896,0.6399999856948853,19.979999542236328,,5.87,,,,0.2884,0.0231,0.2884,1.5688,0.28839999437332153,0.3922,0.2884,1.7302,1.4649,1.9725,1.1535,2026-08-09
xy4-61,Bronzong,normal,Phantom Forces,61,Rare,match,Stage 1,437,Pokémon,2014/11/05,"tcgplayer,cardmarket",https://prices.pokemontcg.io/tcgplayer/xy4-61,https://images.pokemontcg.io/xy4/61_hires.png,2026/08/08,2026/02/04,2.82,1.9500000476837158,2.8399999141693115,5.150000095367432,,3.55,,,,2.6877,0.2307,2.5838,0.0,0.5651999711990356,2.6877,2.976,1.7302,2.48,2.8376,1.1535,2026-08-09
bw1-63,Sandile,normal,Black & White,63,Common,Naoyo Kimura,Basic,551,Pokémon,2011/04/25,"tcgplayer,cardmarket",https://prices.pokemontcg.io/tcgplayer/bw1-63,https://images.pokemontcg.io/bw1/63_hires.png,2026/08/08,2026/02/19,0.25,0.05000000074505806,0.25,19.979999542236328,,4.73,,,,0.15,0.0231,0.1154,0.8767,0.11540000140666962,0.1269,0.1846,1.142,0.8421,0.7382,1.1535,2026-08-09
gym2-68,Brock's Geodude,unlimited,Gym Challenge,68,Common,Ken Sugimori,Basic,74,Pokémon,2000/10/16,"tcgplayer,cardmarket",https://prices.pokemontcg.io/tcgplayer/gym2-68,https://images.pokemontcg.io/gym2/68_hires.png,2026/08/08,2026/02/19,1.53,0.49000000953674316,0.9900000095367432,9.989999771118164,,,,,"{""1stEdition"": {""low"": 1.99, ""mid"": 3.18, ""high"": 4319.79, ""market"": 3.09, ""directLow"": 4.98}}",1.661,0.1154,1.6034,0.0,1.038100004196167,2.2724,1.7302,0.0,0.0,0.0,1.1535,2026-08-09
xy8-61,Mewtwo-EX,holofoil,BREAKthrough,61,Rare Holo EX,PLANETA,Basic|EX,150,Pokémon,2015/11/04,"tcgplayer,cardmarket",https://prices.pokemontcg.io/tcgplayer/xy8-61,https://images.pokemontcg.io/xy8/61_hires.png,2026/08/08,2026/02/04,11.58,5.159999847412109,11.0,57.5,,,,,,11.3966,3.4605,10.7622,0.0,4.59089994430542,9.9086,10.6814,6.8979,5.9521,5.6291,1.1535,2026-08-09
sm11-60,Magnezone,holofoil,Unified Minds,60,Rare Holo,Shin Nagasawa,Stage 2,462,Pokémon,2019/08/02,"tcgplayer,cardmarket",https://prices.pokemontcg.io/tcgplayer/sm11-60,https://images.pokemontcg.io/sm11/60_hires.png,2026/08/08,2026/02/01,0.65,0.30000001192092896,0.6499999761581421,2.7100000381469727,,0.62,,,,0.7152,0.173,0.8997,0.4383,0.8305000066757202,0.6921,0.8767,0.5191,0.9113,1.2573,1.1535,2026-08-09
swsh2-61,Luxio,normal,Rebel Clash,61,Uncommon,ryoma uratsuka,Stage 1,404,Pokémon,2020/05/01,"tcgplayer,cardmarket",https://prices.pokemontcg.io/tcgplayer/swsh2-61,https://images.pokemontcg.io/swsh2/61_hires.png,2026/08/08,2026/01/21,0.23,0.009999999776482582,0.23999999463558197,19.979999542236328,,0.39,,,,0.0807,0.0231,0.0692,0.3576,0.023099999874830246,0.0692,0.0692,0.0577,0.3114,0.323,1.1535,2026-08-09
bw7-67,Cresselia-EX,holofoil,Boundaries Crossed,67,Rare Holo EX,Hideaki Hakozaki,Basic|EX,488,Pokémon,2012/11/07,"tcgplayer,cardmarket",https://prices.pokemontcg.io/tcgplayer/bw7-67,https://images.pokemontcg.io/bw7/67_hires.png,2026/08/08,2026/02/01,16.17,7.800000190734863,15.0,155.0,,,,,,3.3682,1.7187,4.9947,0.0,6.921000003814697,4.2333,6.7595,2.307,4.3256,4.0603,1.1535,2026-08-09
bw3-61,Gigalith,normal,Noble Victories,61,Rare,Mitsuhiro Arita,Stage 2,526,Pokémon,2011/11/16,"tcgplayer,cardmarket",https://prices.pokemontcg.io/tcgplayer/bw3-61,https://images.pokemontcg.io/bw3/61_hires.png,2026/08/08,2026/02/19,0.94,0.6499999761581421,0.8999999761581421,19.979999542236328,,3.01,,,,0.5652,0.0231,0.6575,1.4995,0.34599998593330383,0.5767,0.8305,0.8074,2.7799,1.8341,1.1535,2026-08-09
base2-57,Nidoran ♀,unlimited,Jungle,57,Common,Ken Sugimori,Basic,29,Pokémon,1999/06/16,"tcgplayer,cardmarket",https://prices.pokemontcg.io/tcgplayer/base2-57,https://images.pokemontcg.io/base2/57_hires.png,2026/08/08,2026/06/21,0.45,0.10000000149011612,0.4300000071525574,15.34000015258789,,,,,"{""1stEdition"": {""low"": 0.34, ""mid"": 2.0, ""high"": 18.69, ""market"": 2.47, ""directLow"": 1.0}}",0.4845,0.0231,0.4614,0.0,0.57669997215271,0.4614,0.4729,1.1535,0.4729,0.4729,1.1535,2026-08-09
sm10-56,Stunfisk,normal,Unbroken Bonds,56,Rare,sowsow,Basic,618,Pokémon,2019/05/03,"tcgplayer,cardmarket",https://prices.pokemontcg.io/tcgplayer/sm10-56,https://images.pokemontcg.io/sm10/56_hires.png,2026/08/08,2026/02/01,0.46,0.20999999344348907,0.4099999964237213,19.979999542236328,,0.77,,,,0.3691,0.0231,0.4499,1.1189,0.05770000070333481,0.4153,0.4153,1.1535,0.992,0.7613,1.1535,2026-08-09
dp6-63,Marowak,normal,Legends Awakened,63,Uncommon,Ken Sugimori,Stage 1,105,Pokémon,2008/08/01,"tcgplayer,cardmarket",https://prices.pokemontcg.io/tcgplayer/dp6-63,https://images.pokemontcg.io/dp6/63_hires.png,2026/08/08,2026/02/04,0.65,0.20000000298023224,0.6299999952316284,17.700000762939453,,8.23,,,,0.4268,0.0231,0.3345,0.9113,0.28839999437332153,0.4037,0.4268,0.9113,2.1686,1.6264,1.1535,2026-08-09
sm75-63,Wela Volcano Park,normal,Dragon Majesty,63,Uncommon,5ban Graphics,Stadium,,Trainer,2018/09/07,"tcgplayer,cardmarket",https://prices.pokemontcg.io/tcgplayer/sm75-63,https://images.pokemontcg.io/sm75/63_hires.png,2026/08/08,2026/02/01,0.35,0.12999999523162842,0.3499999940395355,1.4900000095367432,,0.66,,,,0.3345,0.0231,0.3576,0.3345,0.023099999874830246,0.2653,0.2999,0.3345,0.9228,0.819,1.1535,2026-08-09
bw5-59,Gurdurr,normal,Dark Explorers,59,Uncommon,Mizue,Stage 1,533,Pokémon,2012/05/09,"tcgplayer,cardmarket",https://prices.pokemontcg.io/tcgplayer/bw5-59,https://images.pokemontcg.io/bw5/59_hires.png,2026/08/08,2026/02/19,0.57,0.25,0.5299999713897705,18.31999969482422,,0.98,,,,0.3807,0.0231,0.2653,0.8651,0.17299999296665192,0.2999,0.3114,0.8651,1.2919,1.2112,1.1535,2026-08-09
bw10-70,Druddigon,normal,Plasma Blast,70,Common,Kouki Saitou,Basic,621,Pokémon,2013/08/14,"tcgplayer,cardmarket",https://prices.pokemontcg.io/tcgplayer/bw10-70,https://images.pokemontcg.io/bw10/70_hires.png,2026/08/08,2026/02/01,0.31,0.10999999940395355,0.2800000011920929,19.979999542236328,,0.88,,,,0.2307,0.0231,0.2076,0.9805,0.17299999296665192,0.1961,0.173,0.4268,0.992,0.6806,1.1535,2026-08-09
sm9-68,Jynx,normal,Team Up,68,Uncommon,HYOGONOSUKE,Basic,124,Pokémon,2019/02/01,"tcgplayer,cardmarket",https://prices.pokemontcg.io/tcgplayer/sm9-68,https://images.pokemontcg.io/sm9/68_hires.png,2026/08/08,2026/02/01,0.23,0.09000000357627869,0.25,25.0,,0.45,,,,0.1384,0.0231,0.1154,0.5537,0.2768000066280365,0.15,0.1384,0.4614,0.5767,0.496,1.1535,2026-08-09
neo1-59,Gligar,unlimited,Neo Genesis,59,Common,Hironobu Yoshida,Basic,207,Pokémon,2000/12/16,"tcgplayer,cardmarket",https://prices.pokemontcg.io/tcgplayer/neo1-59,https://images.pokemontcg.io/neo1/59_hires.png,2026/08/08,2026/03/08,0.93,0.25,0.8500000238418579,19.920000076293945,,,,,"{""1stEdition"": {""low"": 0.9, ""mid"": 1.99, ""high"": 19.98, ""market"": 1.87, ""directLow"": null}}",0.8305,0.0231,0.9113,0.0,0.7728000283241272,1.3842,0.9689,1.4419,0.8882,0.8882,1.1535,2026-08-09
hgss1-73,Mareep,normal,HeartGold & SoulSilver,73,Common,Masakazu Fukuda,Basic,179,Pokémon,2010/02/10,"tcgplayer,cardmarket",https://prices.pokemontcg.io/tcgplayer/hgss1-73,https://images.pokemontcg.io/hgss1/73_hires.png,2026/08/08,2026/02/01,0.6,0.20000000298023224,0.6000000238418579,19.979999542236328,,6.5,,,,0.2307,0.0231,0.2192,3.4605,0.46140000224113464,0.346,0.2884,3.3913,2.4454,2.5262,1.1535,2026-08-09
bw2-58,Throh,normal,Emerging Powers,58,Uncommon,match,Basic,538,Pokémon,2011/08/31,"tcgplayer,cardmarket",https://prices.pokemontcg.io/tcgplayer/bw2-58,https://images.pokemontcg.io/bw2/58_hires.png,2026/08/08,2026/02/19,0.23,0.11999999731779099,0.25,19.979999542236328,,0.68,,,,0.15,0.0231,0.173,0.5652,0.1615000069141388,0.1269,0.1615,0.5652,0.5075,0.5652,1.1535,2026-08-09
neo4-66,Girafarig,unlimited,Neo Destiny,66,Common,Yuka Morii,Basic,203,Pokémon,2002/02/28,"tcgplayer,cardmarket",https://prices.pokemontcg.io/tcgplayer/neo4-66,https://images.pokemontcg.io/neo4/66_hires.png,2026/08/08,2026/02/19,12.68,3.0,12.039999961853027,89.98999786376953,,,,,"{""1stEdition"": {""low"": 11.0, ""mid"": 11.0, ""high"": 18.0, ""market"": 10.4, ""directLow"": null}}",1.1074,0.0231,0.9459,0.0,1.0151000022888184,0.8882,1.0612,0.0,0.0,0.0,1.1535,2026-08-09
sm1-63,Toxapex,holofoil,Sun & Moon,63,Rare Holo,Mitsuhiro Arita,Stage 1,748,Pokémon,2017/02/03,"tcgplayer,cardmarket",https://prices.pokemontcg.io/tcgplayer/sm1-63,https://images.pokemontcg.io/sm1/63_hires.png,2026/08/08,2026/01/21,0.37,0.20000000298023224,0.4000000059604645,5.0,,0.6,,,,0.5421,0.1154,0.5306,0.6575,0.46140000224113464,0.5421,0.6114,1.0381,0.5883,0.7959,1.1535,2026-08-09
neo4-67,Gligar,unlimited,Neo Destiny,67,Common,Ken Sugimori,Basic,207,Pokémon,2002/02/28,"tcgplayer,cardmarket",https://prices.pokemontcg.io/tcgplayer/neo4-67,https://images.pokemontcg.io/neo4/67_hires.png,2026/08/08,2026/02/04,0.63,0.10000000149011612,0.6000000238418579,20.3799991607666,,,,,"{""1stEdition"": {""low"": 1.15, ""mid"": 2.5, ""high"": 28.7, ""market"": 2.11, ""directLow"": null}}",0.7498,0.0231,1.7187,0.0,9.227999687194824,0.8536,0.8305,0.0,0.0,0.0,1.1535,2026-08-09
dp5-64,Electrike,normal,Majestic Dawn,64,Common,Daisuke Ito,Basic,309,Pokémon,2008/05/01,"tcgplayer,cardmarket",https://prices.pokemontcg.io/tcgplayer/dp5-64,https://images.pokemontcg.io/dp5/64_hires.png,2026/08/08,2026/02/19,0.26,0.11999999731779099,0.25999999046325684,19.979999542236328,,1.1,,,,0.1384,0.0231,0.173,0.5075,0.11540000140666962,0.1269,0.1269,0.2307,0.5421,1.2689,1.1535,2026-08-09
pl4-68,Makuhita,normal,Arceus,68,Common,sui,Basic,296,Pokémon,2009/11/04,"tcgplayer,cardmarket",https://prices.pokemontcg.io/tcgplayer/pl4-68,https://images.pokemontcg.io/pl4/68_hires.png,2026/08/08,2026/02/04,0.31,0.11999999731779099,0.30000001192092896,19.979999542236328,,6.98,,,,0.1038,0.0231,0.0807,1.5572,0.05770000070333481,0.1269,0.1615,1.5572,2.1224,1.4188,1.1535,2026-08-09
sm35-57,Shining Arceus,holofoil,Shining Legends,57,Rare Shining,Kouki Saitou,Basic,493,Pokémon,2017/10/06,"tcgplayer,cardmarket",https://prices.pokemontcg.io/tcgplayer/sm35-57,https://images.pokemontcg.io/sm35/57_hires.png,2026/08/08,2026/02/19,34.74,22.25,35.7400016784668,206.63999938964844,,,,,,26.2191,6.921,25.5154,0.0,23.06999969482422,29.4027,24.6503,32.298,34.2013,38.6307,1.1535,2026-08-09
xy4-62,Dialga-EX,holofoil,Phantom Forces,62,Rare Holo EX,Ayaka Yoshida,Basic|EX,483,Pokémon,2014/11/05,"tcgplayer,cardmarket",https://prices.pokemontcg.io/tcgplayer/xy4-62,https://images.pokemontcg.io/xy4/62_hires.png,2026/08/08,2026/02/04,10.31,6.019999980926514,9.670000076293945,111.5,,,,,,10.3584,2.8838,10.3354,0.0,8.651200294494629,10.7045,9.7817,4.0373,6.8633,5.4561,1.1535,2026-08-09
bwp-BW55,Elgyem,normal,BW Black Star Promos,BW55,Promo,Mizue,Basic,605,Pokémon,2011/03/01,"tcgplayer,cardmarket",https://prices.pokemontcg.io/tcgplayer/bwp-BW55,https://images.pokemontcg.io/bwp/BW55_hires.png,2026/08/08,2026/02/22,13.97,21.989999771118164,30.0,300.0,,,,,,8.5936,3.449,9.6779,0.0,5.75600004196167,9.5048,7.8438,7.9592,7.9592,7.9592,1.1535,2026-08-09
pl2-62,Gliscor E4,normal,Rising Rivals,62,Common,Kagemaru Himeno,Basic|SP,472,Pokémon,2009/05/16,"tcgplayer,cardmarket",https://prices.pokemontcg.io/tcgplayer/pl2-62,https://images.pokemontcg.io/pl2/62_hires.png,2026/08/08,2026/02/19,0.34,0.10000000149011612,0.3499999940395355,19.979999542236328,,4.99,,,,0.173,0.0231,0.3114,4.2679,0.17299999296665192,0.2768,0.2307,1.7302,1.811,1.4765,1.1535,2026-08-09
neo1-60,Hoothoot,unlimited,Neo Genesis,60,Common,Sumiyoshi Kizuki,Basic,163,Pokémon,2000/12/16,"tcgplayer,cardmarket",https://prices.pokemontcg.io/tcgplayer/neo1-60,https://images.pokemontcg.io/neo1/60_hires.png,2026/08/08,2026/03/08,1.01,0.38999998569488525,0.8999999761581421,21.020000457763672,,,,,"{""1stEdition"": {""low"": 0.66, ""mid"": 2.33, ""high"": 33.4, ""market"": 2.33, ""directLow"": null}}",0.8074,0.0231,1.2342,0.0,0.6920999884605408,1.2458,0.9689,2.307,2.307,2.307,1.1535,2026-08-09
bw1-64,Krokorok,normal,Black & White,64,Uncommon,Kouki Saitou,Stage 1,552,Pokémon,2011/04/25,"tcgplayer,cardmarket",https://prices.pokemontcg.io/tcgplayer/bw1-64,https://images.pokemontcg.io/bw1/64_hires.png,2026/08/08,2026/02/19,0.58,0.20000000298023224,0.5299999713897705,73.12000274658203,,1.37,,,,0.3922,0.0231,0.1961,0.8997,0.28839999437332153,0.2538,0.3922,0.6806,1.3727,1.315,1.1535,2026-08-09
neo2-59,Natu,unlimited,Neo Discovery,59,Common,Sumiyoshi Kizuki,Basic,177,Pokémon,2001/06/01,"tcgplayer,cardmarket",https://prices.pokemontcg.io/tcgplayer/neo2-59,https://images.pokemontcg.io/neo2/59_hires.png,2026/08/08,2026/06/21,0.57,0.15000000596046448,0.550000011920929,20.56999969482422,,,,,"{""1stEdition"": {""low"": 0.75, ""mid"": 2.73, ""high"": 30.13, ""market"": 2.48, ""directLow"": 2.46}}",0.4499,0.0231,0.4383,0.0,0.3230000138282776,0.4268,0.4268,0.0,0.0,0.0,1.1535,2026-08-09
gym2-69,Erika's Jigglypuff,unlimited,Gym Challenge,69,Common,Ken Sugimori,Basic,39,Pokémon,2000/10/16,"tcgplayer,cardmarket",https://prices.pokemontcg.io/tcgplayer/gym2-69,https://images.pokemontcg.io/gym2/69_hires.png,2026/08/08,2026/02/19,2.72,1.190000057220459,2.359999895095825,96.94999694824219,,,,,"{""1stEdition"": {""low"": 9.49, ""mid"": 36.0, ""high"": 299.99, ""market"": 17.86, ""directLow"": null}}",2.7799,0.2307,3.1952,0.0,1.0612000226974487,2.9299,2.3993,0.0,0.0,0.0,1.1535,2026-08-09
pl1-67,Cacnea,normal,Platinum,67,Common,Sumiyoshi Kizuki,Basic,331,Pokémon,2009/02/11,"tcgplayer,cardmarket",https://prices.pokemontcg.io/tcgplayer/pl1-67,https://images.pokemontcg.io/pl1/67_hires.png,2026/08/08,2026/02/19,0.35,0.10000000149011612,0.3499999940395355,19.979999542236328,,1.92,,,,0.1384,0.0231,0.1961,0.6806,0.11540000140666962,0.2653,0.1846,0.2884,0.5998,1.0035,1.1535,2026-08-09
bw5-60,Umbreon,normal,Dark Explorers,60,Uncommon,TOKIYA,Stage 1,197,Pokémon,2012/05/09,"tcgplayer,cardmarket",https://prices.pokemontcg.io/tcgplayer/bw5-60,https://images.pokemontcg.io/bw5/60_hires.png,2026/08/08,2026/02/19,21.94,17.829999923706055,21.969999313354492,205.10000610351562,,91.63,,,,11.3389,0.5767,11.9041,14.5687,1.9608999490737915,10.4046,9.9547,11.4081,34.5819,26.8535,1.1535,2026-08-09
ecard3-33,Vaporeon,normal,Skyridge,33,Rare,Naoyo Kimura,Stage 1,134,Pokémon,2003/05/12,"tcgplayer,cardmarket",https://prices.pokemontcg.io/tcgplayer/ecard3-33,https://images.pokemontcg.io/ecard3/33_hires.png,2026/08/08,2026/02/19,92.12,74.88999938964844,85.0,729.7999877929688,,177.49,,,,7.3247,4.614,7.4977,38.4,14.995499610900879,7.6362,11.9849,57.6635,49.4736,52.6457,1.1535,2026-08-09
dp1-69,Azurill,normal,Diamond & Pearl,69,Common,Ken Sugimori,Basic,298,Pokémon,2007/05/01,"tcgplayer,cardmarket",https://prices.pokemontcg.io/tcgplayer/dp1-69,https://images.pokemontcg.io/dp1/69_hires.png,2026/08/08,2026/02/19,9.66,2.759999990463257,9.630000114440918,60.939998626708984,,14.99,,,,2.457,0.0231,2.9068,4.6025,3.0683000087738037,2.7453,2.3301,0.5767,3.8065,3.8873,1.1535,2026-08-09
bw8-66,Garbodor,holofoil,Plasma Storm,66,Rare Holo,5ban Graphics,Stage 1|Team Plasma,569,Pokémon,2013/02/06,"tcgplayer,cardmarket",https://prices.pokemontcg.io/tcgplayer/bw8-66,https://images.pokemontcg.io/bw8/66_hires.png,2026/08/08,2026/02/04,3.96,1.8700000047683716,4.989999771118164,107.0,,4.89,,,,1.3265,0.173,1.0728,2.8838,0.34599998593330383,1.165,1.984,1.1535,2.6184,2.1686,1.1535,2026-08-09
base6-61,Raticate,normal,Legendary Collection,61,Uncommon,Ken Sugimori,Stage 1,20,Pokémon,2002/05/24,"tcgplayer,cardmarket",https://prices.pokemontcg.io/tcgplayer/base6-61,https://images.pokemontcg.io/base6/61_hires.png,2026/08/08,2026/02/19,2.23,0.6399999856948853,1.0,60.529998779296875,,81.0,,,,0.9805,0.1384,0.7959,86.5125,0.23070000112056732,0.7036,0.9459,69.21,41.6529,32.4018,1.1535,2026-08-09
dp2-61,Sandslash,normal,Mysterious Treasures,61,Uncommon,Atsuko Nishida,Stage 1,28,Pokémon,2007/08/01,"tcgplayer,cardmarket",https://prices.pokemontcg.io/tcgplayer/dp2-61,https://images.pokemontcg.io/dp2/61_hires.png,2026/08/08,2026/02/19,0.48,0.23999999463558197,0.5,19.979999542236328,,3.72,,,,0.3691,0.0461,0.2884,0.3807,0.05770000070333481,0.2653,0.2884,0.173,1.4419,1.1535,1.1535,2026-08-09
sm11-61,Joltik,normal,Unified Minds,61,Common,Midori Harada,Basic,595,Pokémon,2019/08/02,"tcgplayer,cardmarket",https://prices.pokemontcg.io/tcgplayer/sm11-61,https://images.pokemontcg.io/sm11/61_hires.png,2026/08/08,2026/02/01,0.3,0.05000000074505806,0.30000001192092896,19.979999542236328,,0.42,,,,0.1384,0.0231,0.1154,0.3922,0.08070000261068344,0.1038,0.1154,0.2192,0.3576,0.3807,1.1535,2026-08-09
sm10-57,Dedenne-GX,holofoil,Unbroken Bonds,57,Rare Holo GX,PLANETA Igarashi,Basic|GX,702,Pokémon,2019/05/03,"tcgplayer,cardmarket",https://prices.pokemontcg.io/tcgplayer/sm10-57,https://images.pokemontcg.io/sm10/57_hires.png,2026/08/08,2026/02/01,14.65,13.989999771118164,15.989999771118164,200.0,,,,,,0.0,0.0,0.0,0.0,0.0,0.0,0.0,0.0,0.0,0.0,1.1535,2026-08-09
hgss4-65,Kricketot,normal,HS—Triumphant,65,Common,Tomokazu Komiya,Basic,401,Pokémon,2010/11/03,"tcgplayer,cardmarket",https://prices.pokemontcg.io/tcgplayer/hgss4-65,https://images.pokemontcg.io/hgss4/65_hires.png,2026/08/08,2026/02/19,0.78,0.30000001192092896,0.49000000953674316,2.0899999141693115,,8.67,,,,0.323,0.0231,0.3922,2.2032,0.13840000331401825,0.4153,0.3345,2.8376,2.0648,2.653,1.1535,2026-08-09
xy10-64,Genesect-EX,holofoil,Fates Collide,64,Rare Holo EX,Eske Yoshinob,Basic|EX,649,Pokémon,2016/05/02,"tcgplayer,cardmarket",https://prices.pokemontcg.io/tcgplayer/xy10-64,https://images.pokemontcg.io/xy10/64_hires.png,2026/08/08,2026/02/01,1.97,1.3799999952316284,2.190000057220459,25.200000762939453,,,,,,3.1952,1.0381,3.3567,0.0,3.4605000019073486,3.3451,3.3567,3.4028,2.9991,3.0106,1.1535,2026-08-09
dp4-60,Baltoy,normal,Great Encounters,60,Common,Sumiyoshi Kizuki,Basic,343,Pokémon,2008/02/01,"tcgplayer,cardmarket",https://prices.pokemontcg.io/tcgplayer/dp4-60,https://images.pokemontcg.io/dp4/60_hires.png,2026/08/08,2026/02/19,2.83,1.899999976158142,2.9700000286102295,40.599998474121094,,9.29,,,,0.346,0.0231,0.2653,1.4765,0.25380000472068787,0.2653,0.2653,2.0186,2.0994,1.9263,1.1535,2026-08-09
bw9-67,Absol,holofoil,Plasma Freeze,67,Rare Holo,5ban Graphics,Basic|Team Plasma,359,Pokémon,2013/05/08,"tcgplayer,cardmarket",https://prices.pokemontcg.io/tcgplayer/bw9-67,https://images.pokemontcg.io/bw9/67_hires.png,2026/08/08,2026/02/01,18.26,12.0,17.3799991607666,153.0399932861328,,30.23,,,,6.1251,1.7302,7.3939,7.2094,2.0185999870300293,6.9095,6.8633,9.8048,11.1774,8.6743,1.1535,2026-08-09
pl3-62,Ivysaur,normal,Supreme Victors,62,Uncommon,Kanako Eo,Stage 1,2,Pokémon,2009/08/19,"tcgplayer,cardmarket",https://prices.pokemontcg.io/tcgplayer/pl3-62,https://images.pokemontcg.io/pl3/62_hires.png,2026/08/08,2026/02/04,4.27,1.5,3.109999895095825,95.97000122070312,,10.35,,,,0.8997,0.1038,0.8767,10.3815,0.8421000242233276,0.7267,0.8421,10.3815,5.0293,4.787,1.1535,2026-08-09
xy3-55a,M Lucario-EX,,Furious Fists,55a,Rare Ultra,5ban Graphics,MEGA|EX,448,Pokémon,2014/08/13,cardmarket,https://prices.pokemontcg.io/cardmarket/xy3-55a,https://images.pokemontcg.io/xy3/55a_hires.png,,2026/02/19,,,,,,,,,,10.9582,12.6885,19.1596,0.0,10.958200454711914,18.0407,16.3105,4.6025,4.8447,4.8447,1.1535,2026-08-09
ex5-59,Cyndaquil,normal,Hidden Legends,59,Common,Ken Ikuji,Basic,155,Pokémon,2004/06/01,"tcgplayer,cardmarket",https://prices.pokemontcg.io/tcgplayer/ex5-59,https://images.pokemontcg.io/ex5/59_hires.png,2026/08/08,2026/03/07,0.93,0.5,1.0,19.979999542236328,,55.54,,,,1.2112,0.0231,0.9113,8.6512,0.6920999884605408,1.488,0.7036,10.3815,7.3132,6.8056,1.1535,2026-08-09
ex15-56,Nidoran ♀ δ,normal,Dragon Frontiers,56,Common,Hajime Kusajima,Basic,29,Pokémon,2006/11/01,"tcgplayer,cardmarket",https://prices.pokemontcg.io/tcgplayer/ex15-56,https://images.pokemontcg.io/ex15/56_hires.png,2026/08/08,2026/02/19,0.7,0.3499999940395355,0.7799999713897705,19.979999542236328,,13.46,,,,0.4499,0.0577,0.3922,7.567,0.46140000224113464,0.4383,0.4729,5.5945,4.7986,5.4215,1.1535,2026-08-09
hgss3-65,Scyther,normal,HS—Undaunted,65,Common,Masakazu Fukuda,Basic,123,Pokémon,2010/08/18,"tcgplayer,cardmarket",https://prices.pokemontcg.io/tcgplayer/hgss3-65,https://images.pokemontcg.io/hgss3/65_hires.png,2026/08/08,2026/02/19,0.91,0.25,0.6499999761581421,18.18000030517578,,12.76,,,,0.5998,0.0231,0.173,1.5803,0.5651999711990356,0.2653,0.5421,1.1535,1.3496,2.7453,1.1535,2026-08-09
sm115-67,Giovanni's Exile,holofoil,Hidden Fates,67,Rare Ultra,TOKIYA,Supporter,,Trainer,2019/08/23,"tcgplayer,cardmarket",https://prices.pokemontcg.io/tcgplayer/sm115-67,https://images.pokemontcg.io/sm115/67_hires.png,2026/08/08,2026/02/22,3.39,2.200000047683716,4.510000228881836,55.0,,,,,,6.2289,4.6025,6.575,0.0,4.960000038146973,6.3673,6.2174,2.9414,2.6646,2.8953,1.1535,2026-08-09
dp3-71,Unown [X],normal,Secret Wonders,71,Uncommon,Kazuyuki Kano,Basic,201,Pokémon,2007/11/01,"tcgplayer,cardmarket",https://prices.pokemontcg.io/tcgplayer/dp3-71,https://images.pokemontcg.io/dp3/71_hires.png,2026/08/08,2026/02/01,3.01,0.800000011920929,1.7899999618530273,7.659999847412109,,7.74,,,,0.4037,0.0231,1.0035,1.5572,0.47290000319480896,1.4534,0.7613,0.346,1.2804,1.9379,1.1535,2026-08-09
base5-62,Meowth,unlimited,Team Rocket,62,Common,Atsuko Nishida,Basic,52,Pokémon,2000/04/24,"tcgplayer,cardmarket",https://prices.pokemontcg.io/tcgplayer/base5-62,https://images.pokemontcg.io/base5/62_hires.png,2026/08/08,2026/03/08,1.45,0.15000000596046448,0.9700000286102295,9999.0,,,,,"{""1stEdition"": {""low"": 1.79, ""mid"": 3.87, ""high"": 40.0, ""market"": 3.87, ""directLow"": 3.87}}",1.1189,0.0231,0.7036,0.0,0.41530001163482666,0.669,1.1766,0.346,0.346,0.346,1.1535,2026-08-09
sma-SV60,Espeon-GX,holofoil,Hidden Fates Shiny Vault,SV60,Rare Shiny GX,5ban Graphics,Stage 1|GX,196,Pokémon,2019/08/23,"tcgplayer,cardmarket",https://prices.pokemontcg.io/tcgplayer/sma-SV60,https://images.pokemontcg.io/sma/SV60_hires.png,2026/08/08,2026/02/01,125.22,119.98999786376953,150.4600067138672,1087.5999755859375,,,,,,153.4732,57.5596,139.3774,0.0,89.70770263671875,169.5876,106.2373,107.264,104.9685,113.5275,1.1535,2026-08-09
base1-68,Vulpix,normal,Base,68,Common,Ken Sugimori,Basic,37,Pokémon,1999/01/09,"tcgplayer,cardmarket",https://prices.pokemontcg.io/tcgplayer/base1-68,https://images.pokemontcg.io/base1/68_hires.png,2026/08/08,2026/02/21,0.9,0.15000000596046448,0.75,49.9900016784668,,,,,,23.8198,1.0958,16.2644,0.0,2.306999921798706,10.7045,17.7062,0.0,0.0,0.0,1.1535,2026-08-09
dp6-64,Metang,normal,Legends Awakened,64,Uncommon,Midori Harada,Stage 1,375,Pokémon,2008/08/01,"tcgplayer,cardmarket",https://prices.pokemontcg.io/tcgplayer/dp6-64,https://images.pokemontcg.io/dp6/64_hires.png,2026/08/08,2026/02/04,0.68,0.25999999046325684,0.699999988079071,19.979999542236328,,2.34,,,,1.4649,0.0231,1.0728,1.0497,0.23070000112056732,0.496,0.646,0.173,0.7728,1.0035,1.1535,2026-08-09
bw10-71,Kangaskhan,normal,Plasma Blast,71,Common,Kouki Saitou,Basic,115,Pokémon,2013/08/14,"tcgplayer,cardmarket",https://prices.pokemontcg.io/tcgplayer/bw10-71,https://images.pokemontcg.io/bw10/71_hires.png,2026/08/08,2026/02/01,0.32,0.10000000149011612,0.2800000011920929,19.979999542236328,,0.45,,,,0.2076,0.0231,0.1961,0.7613,0.11540000140666962,0.2307,0.1961,0.3345,1.5111,1.0497,1.1535,2026-08-09
ex7-65,Magikarp,normal,Team Rocket Returns,65,Common,Yukiko Baba,Basic,129,Pokémon,2004/11/01,"tcgplayer,cardmarket",https://prices.pokemontcg.io/tcgplayer/ex7-65,https://images.pokemontcg.io/ex7/65_hires.png,2026/08/08,2026/02/19,8.67,4.130000114440918,6.0,56.16999816894531,,231.32,,,,1.5803,0.346,1.9033,31.0407,1.7302000522613525,2.3301,1.9148,57.675,33.3015,25.6192,1.1535,2026-08-09
xy11-70,Bastiodon,normal,Steam Siege,70,Rare,match,Stage 1,411,Pokémon,2016/08/03,"tcgplayer,cardmarket",https://prices.pokemontcg.io/tcgplayer/xy11-70,https://images.pokemontcg.io/xy11/70_hires.png,2026/08/08,2026/01/19,0.4,0.17000000178813934,0.4000000059604645,19.979999542236328,,0.64,,,,0.5998,0.0231,0.7036,1.0958,1.153499960899353,0.5191,0.5537,1.7187,1.3496,1.0266,1.1535,2026-08-09
xy2-75,Pidgey,normal,Flashfire,75,Common,Atsuko Nishida,Basic,16,Pokémon,2014/05/07,"tcgplayer,cardmarket",https://prices.pokemontcg.io/tcgplayer/xy2-75,https://images.pokemontcg.io/xy2/75_hires.png,2026/08/08,2026/01/19,0.22,0.10000000149011612,0.25999999046325684,19.989999771118164,,0.82,,,,0.1384,0.0231,0.173,0.5306,0.023099999874830246,0.1961,0.1269,2.2493,1.3265,0.496,1.1535,2026-08-09
sm4-58,Houndour,normal,Crimson Invasion,58,Common,Kouki Saitou,Basic,228,Pokémon,2017/11/03,"tcgplayer,cardmarket",https://prices.pokemontcg.io/tcgplayer/sm4-58,https://images.pokemontcg.io/sm4/58_hires.png,2026/08/08,2026/02/01,0.19,0.019999999552965164,0.20000000298023224,19.979999542236328,,0.43,,,,0.0923,0.0231,0.1154,0.323,0.219200000166893,0.0923,0.0807,0.346,0.3807,0.2999,1.1535,2026-08-09
xyp-XY57,Fearow,holofoil,XY Black Star Promos,XY57,Promo,match,Stage 1,22,Pokémon,2013/10/12,"tcgplayer,cardmarket",https://prices.pokemontcg.io/tcgplayer/xyp-XY57,https://images.pokemontcg.io/xyp/XY57_hires.png,2026/08/08,2026/02/04,68.32,40.0,59.84000015258789,459.79998779296875,,,,,,74.9775,40.3725,75.7965,0.0,69.20999908447266,67.3759,53.2686,2.2955,4.764,4.1065,1.1535,2026-08-09
swsh4-63,Clefairy,normal,Vivid Voltage,63,Common,HYOGONOSUKE,Basic,35,Pokémon,2020/11/13,"tcgplayer,cardmarket",https://prices.pokemontcg.io/tcgplayer/swsh4-63,https://images.pokemontcg.io/swsh4/63_hires.png,2026/08/08,2026/01/21,0.21,0.019999999552965164,0.23999999463558197,25.239999771118164,,0.28,,,,0.0692,0.0231,0.0692,0.2768,0.03460000082850456,0.0577,0.0692,0.3114,0.323,0.2884,1.1535,2026-08-09
dp7-59,Duskull,normal,Stormfront,59,Common,Kouki Saitou,Basic,355,Pokémon,2008/11/01,"tcgplayer,cardmarket",https://prices.pokemontcg.io/tcgplayer/dp7-59,https://images.pokemontcg.io/dp7/59_hires.png,2026/08/08,2026/02/19,0.44,0.15000000596046448,0.4000000059604645,2.299999952316284,,10.0,,,,0.173,0.0231,0.323,1.3842,0.11540000140666962,0.3114,0.173,1.7302,1.2342,1.811,1.1535,2026-08-09
bw11-70,Gothita,normal,Legendary Treasures,70,Common,Akira Komayama,Basic,574,Pokémon,2013/11/06,"tcgplayer,cardmarket",https://prices.pokemontcg.io/tcgplayer/bw11-70,https://images.pokemontcg.io/bw11/70_hires.png,2026/08/08,2026/02/04,0.28,0.05000000074505806,0.27000001072883606,19.979999542236328,,0.82,,,,0.1038,0.0231,0.1615,4.0257,0.05770000070333481,0.1154,0.173,4.6025,2.4916,1.661,1.1535,2026-08-09
ex12-71,Wynaut,normal,Legend Maker,71,Common,Yuka Morii,Basic,360,Pokémon,2006/02/01,"tcgplayer,cardmarket",https://prices.pokemontcg.io/tcgplayer/ex12-71,https://images.pokemontcg.io/ex12/71_hires.png,2026/08/08,2026/02/01,5.6,3.509999990463257,5.840000152587891,54.599998474121094,,29.52,,,,0.8305,0.0577,0.8536,6.0328,1.3841999769210815,0.7613,0.7844,17.291,7.2555,7.5208,1.1535,2026-08-09
col1-67,Pidgey,normal,Call of Legends,67,Common,Suwama Chiaki,Basic,16,Pokémon,2011/02/09,"tcgplayer,cardmarket",https://prices.pokemontcg.io/tcgplayer/col1-67,https://images.pokemontcg.io/col1/67_hires.png,2026/08/08,2026/02/04,0.49,0.15000000596046448,0.5,19.440000534057617,,8.26,,,,0.5075,0.0231,0.4614,3.5182,0.23070000112056732,0.4383,0.5191,2.8838,5.1215,4.4179,1.1535,2026-08-09
g1-54,Persian,normal,Generations,54,Uncommon,Mitsuhiro Arita,Stage 1,53,Pokémon,2016/02/22,"tcgplayer,cardmarket",https://prices.pokemontcg.io/tcgplayer/g1-54,https://images.pokemontcg.io/g1/54_hires.png,2026/08/08,2026/02/19,0.36,0.07999999821186066,0.3499999940395355,1.690000057220459,,0.81,,,,0.2999,0.0231,0.2422,1.0381,0.2768000066280365,0.1961,0.2999,0.5652,1.1881,1.1189,1.1535,2026-08-09
ecard1-60,Poliwrath,normal,Expedition Base Set,60,Rare,Yuka Morii,Stage 2,62,Pokémon,2002/09/15,"tcgplayer,cardmarket",https://prices.pokemontcg.io/tcgplayer/ecard1-60,https://images.pokemontcg.io/ecard1/60_hires.png,2026/08/08,2026/02/19,35.7,37.4900016784668,276.4700012207031,337.69000244140625,,40.75,,,,7.0017,0.5767,7.0479,10.7737,10.369999885559082,8.7666,6.8056,5.1331,10.6468,8.086,1.1535,2026-08-09
xy5-69,Nidoqueen,normal,Primal Clash,69,Rare,PLANETA,Stage 2,31,Pokémon,2015/02/04,"tcgplayer,cardmarket",https://prices.pokemontcg.io/tcgplayer/xy5-69,https://images.pokemontcg.io/xy5/69_hires.png,2026/08/08,2026/01/21,2.8,1.5,2.6700000762939453,19.399999618530273,,19.56,,,,6.5519,1.1535,6.5634,11.535,4.037300109863281,5.8944,5.5829,17.291,11.0159,9.7586,1.1535,2026-08-09
xy1-67,Conkeldurr,normal,XY,67,Rare,Masakazu Fukuda,Stage 2,534,Pokémon,2014/02/05,"tcgplayer,cardmarket",https://prices.pokemontcg.io/tcgplayer/xy1-67,https://images.pokemontcg.io/xy1/67_hires.png,2026/08/08,2026/02/04,0.75,0.20000000298023224,0.6899999976158142,39.9900016784668,,0.95,,,,0.7382,0.0923,0.6806,0.5767,1.1419999599456787,0.7267,0.7498,2.307,1.7302,1.3611,1.1535,2026-08-09
swshp-SWSH059,Galarian Obstagoon,holofoil,SWSH Black Star Promos,SWSH059,Promo,Hasuno,Stage 2,862,Pokémon,2019/11/15,"tcgplayer,cardmarket",https://prices.pokemontcg.io/tcgplayer/swshp-SWSH059,https://images.pokemontcg.io/swshp/SWSH059_hires.png,2026/08/08,2026/02/01,1.67,1.0,1.649999976158142,3.490000009536743,,,,,,0.7844,0.346,0.8882,0.0,0.8651000261306763,0.8536,0.9228,1.5572,1.6149,1.7764,1.1535,2026-08-09
sm9-69,Cosmog,normal,Team Up,69,Common,sui,Basic,789,Pokémon,2019/02/01,"tcgplayer,cardmarket",https://prices.pokemontcg.io/tcgplayer/sm9-69,https://images.pokemontcg.io/sm9/69_hires.png,2026/08/08,2026/02/01,0.2,0.07999999821186066,0.25,19.979999542236328,,0.61,,,,0.1038,0.0231,0.1269,0.4153,0.23070000112056732,0.1038,0.0923,0.2307,0.4153,0.4383,1.1535,2026-08-09
xy8-62,Mewtwo-EX,holofoil,BREAKthrough,62,Rare Holo EX,PLANETA,Basic|EX,150,Pokémon,2015/11/04,"tcgplayer,cardmarket",https://prices.pokemontcg.io/tcgplayer/xy8-62,https://images.pokemontcg.io/xy8/62_hires.png,2026/08/08,2026/02/01,15.96,4.989999771118164,13.5,49.9900016784668,,,,,,10.716,2.6415,11.535,0.0,6.921000003814697,9.2049,10.2777,4.0373,5.5829,5.5945,1.1535,2026-08-09
bw7-68,Munna,normal,Boundaries Crossed,68,Uncommon,sui,Basic,517,Pokémon,2012/11/07,"tcgplayer,cardmarket",https://prices.pokemontcg.io/tcgplayer/bw7-68,https://images.pokemontcg.io/bw7/68_hires.png,2026/08/08,2026/02/01,0.96,0.5199999809265137,0.9900000095367432,96.94999694824219,,2.5,,,,0.2768,0.0231,0.323,2.8838,0.34599998593330383,0.2884,0.3114,2.8838,1.5688,1.315,1.1535,2026-08-09
sm75-64,Zinnia,normal,Dragon Majesty,64,Uncommon,Megumi Mizutani,Supporter,,Trainer,2018/09/07,"tcgplayer,cardmarket",https://prices.pokemontcg.io/tcgplayer/sm75-64,https://images.pokemontcg.io/sm75/64_hires.png,2026/08/08,2026/02/01,0.38,0.20000000298023224,0.3799999952316284,1.4900000095367432,,1.08,,,,0.323,0.0231,0.4037,1.5111,0.46140000224113464,0.3576,0.323,1.1189,1.2458,1.2458,1.1535,2026-08-09
ex16-59,Ralts,normal,Power Keepers,59,Common,Midori Harada,Basic,280,Pokémon,2007/02/02,"tcgplayer,cardmarket",https://prices.pokemontcg.io/tcgplayer/ex16-59,https://images.pokemontcg.io/ex16/59_hires.png,2026/08/08,2026/02/22,0.72,0.18000000715255737,0.550000011920929,19.979999542236328,,19.18,,,,0.1384,0.0231,0.1846,7.1517,0.15000000596046448,0.173,0.1384,3.4605,5.5253,6.3673,1.1535,2026-08-09
xy12-62,Hitmonchan,holofoil,Evolutions,62,Rare Holo,Ken Sugimori,Basic,107,Pokémon,2016/11/02,"tcgplayer,cardmarket",https://prices.pokemontcg.io/tcgplayer/xy12-62,https://images.pokemontcg.io/xy12/62_hires.png,2026/08/08,2026/02/01,2.13,0.9900000095367432,2.0,18.940000534057617,,2.56,,,,3.0798,0.4614,4.464,3.2298,5.767499923706055,4.5679,2.9068,3.449,3.6566,3.1721,1.1535,2026-08-09
sm8-63,White Kyurem,holofoil,Lost Thunder,63,Rare Holo,Hitoshi Ariga,Basic,646,Pokémon,2018/11/02,"tcgplayer,cardmarket",https://prices.pokemontcg.io/tcgplayer/sm8-63,https://images.pokemontcg.io/sm8/63_hires.png,2026/08/08,2026/02/01,1.43,0.9599999785423279,1.409999966621399,19.979999542236328,,1.42,,,,2.7107,0.346,2.0186,3.449,1.61489999294281,2.1455,2.2378,3.449,2.457,2.8261,1.1535,2026-08-09
ex6-63,Gastly,normal,FireRed & LeafGreen,63,Common,Ken Sugimori,Basic,92,Pokémon,2004/09/01,"tcgplayer,cardmarket",https://prices.pokemontcg.io/tcgplayer/ex6-63,https://images.pokemontcg.io/ex6/63_hires.png,2026/08/08,2026/02/04,1.61,0.75,1.850000023841858,21.969999313354492,,63.04,,,,0.4614,0.0231,0.5075,5.0754,0.11540000140666962,0.4499,0.5767,5.0754,4.9254,5.5137,1.1535,2026-08-09
ex4-68,Team Magma's Rhyhorn,normal,Team Magma vs Team Aqua,68,Common,Yosuke Da Silva,Basic,111,Pokémon,2004/03/01,"tcgplayer,cardmarket",https://prices.pokemontcg.io/tcgplayer/ex4-68,https://images.pokemontcg.io/ex4/68_hires.png,2026/08/08,2026/02/19,0.61,0.20000000298023224,0.5799999833106995,17.940000534057617,,10.0,,,,0.2422,0.0231,0.3345,5.5368,0.17299999296665192,0.3691,0.2884,0.7498,6.425,3.5066,1.1535,2026-08-09
bw6-65,Roggenrola,normal,Dragons Exalted,65,Common,Kyoko Umemoto,Basic,524,Pokémon,2012/08/15,"tcgplayer,cardmarket",https://prices.pokemontcg.io/tcgplayer/bw6-65,https://images.pokemontcg.io/bw6/65_hires.png,2026/08/08,2026/02/01,0.27,0.05000000074505806,0.27000001072883606,19.979999542236328,,0.48,,,,0.1615,0.0231,0.1384,1.7302,0.17299999296665192,0.0923,0.1269,0.5767,0.7613,0.5306,1.1535,2026-08-09
ex1-56,Makuhita,normal,Ruby & Sapphire,56,Common,Ken Sugimori,Basic,296,Pokémon,2003/07/01,"tcgplayer,cardmarket",https://prices.pokemontcg.io/tcgplayer/ex1-56,https://images.pokemontcg.io/ex1/56_hires.png,2026/08/08,2026/02/21,0.32,0.07000000029802322,0.3700000047683716,20.3799991607666,,10.89,,,,0.2422,0.0231,0.4037,3.2529,0.57669997215271,0.4383,0.2538,1.7187,2.5954,2.6415,1.1535,2026-08-09
bw3-62,Timburr,normal,Noble Victories,62,Common,Tomokazu Komiya,Basic,532,Pokémon,2011/11/16,"tcgplayer,cardmarket",https://prices.pokemontcg.io/tcgplayer/bw3-62,https://images.pokemontcg.io/bw3/62_hires.png,2026/08/08,2026/02/19,0.98,0.5,0.949999988079071,19.5,,3.98,,,,0.2999,0.0231,0.323,2.307,0.11540000140666962,0.4037,0.346,0.3345,1.0958,1.1304,1.1535,2026-08-09
ex10-67,Poliwag,normal,Unseen Forces,67,Common,Kagemaru Himeno,Basic,60,Pokémon,2005/08/01,"tcgplayer,cardmarket",https://prices.pokemontcg.io/tcgplayer/ex10-67,https://images.pokemontcg.io/ex10/67_hires.png,2026/08/08,2026/02/19,1.05,0.25,0.9200000166893005,18.920000076293945,,35.19,,,,0.3345,0.0231,0.5537,2.7684,1.0958000421524048,0.6575,0.5421,3.7489,6.3558,5.9175,1.1535,2026-08-09
ex9-66,Spoink,normal,Emerald,66,Common,Atsuko Nishida,Basic,325,Pokémon,2005/05/01,"tcgplayer,cardmarket",https://prices.pokemontcg.io/tcgplayer/ex9-66,https://images.pokemontcg.io/ex9/66_hires.png,2026/08/08,2026/02/19,0.61,0.30000001192092896,0.6899999976158142,19.979999542236328,,35.32,,,,0.3114,0.0231,0.4037,0.0,1.8456000089645386,0.6114,0.4037,5.1907,8.6974,5.8252,1.1535,2026-08-09
hgss1-74,Marill,normal,HeartGold & SoulSilver,74,Common,Kouki Saitou,Basic,183,Pokémon,2010/02/10,"tcgplayer,cardmarket",https://prices.pokemontcg.io/tcgplayer/hgss1-74,https://images.pokemontcg.io/hgss1/74_hires.png,2026/08/08,2026/02/01,0.68,0.30000001192092896,0.6899999976158142,20.0,,0.5,,,,0.2884,0.0231,0.3691,3.0337,0.08070000261068344,0.5537,0.3807,3.0914,3.7027,2.2955,1.1535,2026-08-09
swsh35-70,Gardevoir V,holofoil,Champion's Path,70,Rare Ultra,PLANETA Mochizuki,Basic|V,282,Pokémon,2020/09/25,"tcgplayer,cardmarket",https://prices.pokemontcg.io/tcgplayer/swsh35-70,https://images.pokemontcg.io/swsh35/70_hires.png,2026/08/08,2026/02/19,4.45,3.5,5.0,29.989999771118164,,,,,,3.472,1.3727,3.5758,0.0,1.707200050354004,3.4951,3.4374,3.1145,3.795,4.0949,1.1535,2026-08-09
xy9-59,Meowstic,normal,BREAKpoint,59,Rare,Kagemaru Himeno,Stage 1,678,Pokémon,2016/02/03,"tcgplayer,cardmarket",https://prices.pokemontcg.io/tcgplayer/xy9-59,https://images.pokemontcg.io/xy9/59_hires.png,2026/08/08,2026/02/04,0.2,0.10000000149011612,0.30000001192092896,19.989999771118164,,0.6,,,,0.2307,0.0231,0.323,1.5342,0.23070000112056732,0.3345,0.2422,0.6806,1.0612,1.0035,1.1535,2026-08-09
sm7-67,Deoxys,holofoil,Celestial Storm,67,Rare Holo,Masakazu Fukuda,Basic,386,Pokémon,2018/08/03,"tcgplayer,cardmarket",https://prices.pokemontcg.io/tcgplayer/sm7-67,https://images.pokemontcg.io/sm7/67_hires.png,2026/08/08,2026/01/19,12.49,5.0,12.489999771118164,95.13999938964844,,7.67,,,,3.9334,1.142,2.8722,4.0257,2.306999921798706,3.5297,3.3105,3.4259,5.4907,4.5794,1.1535,2026-08-09
ecard2-41,Umbreon,normal,Aquapolis,41,Rare,Mitsuhiro Arita,Stage 1,197,Pokémon,2003/01/15,"tcgplayer,cardmarket",https://prices.pokemontcg.io/tcgplayer/ecard2-41,https://images.pokemontcg.io/ecard2/41_hires.png,2026/08/08,2026/02/04,181.88,93.0,195.0,541.2899780273438,,350.0,,,,92.4992,16.0913,101.4042,123.6898,43.25630187988281,100.02,65.0343,69.0947,155.2034,118.5683,1.1535,2026-08-09
sm3-63,Necrozma-GX,holofoil,Burning Shadows,63,Rare Holo GX,PLANETA,Basic|GX,800,Pokémon,2017/08/05,"tcgplayer,cardmarket",https://prices.pokemontcg.io/tcgplayer/sm3-63,https://images.pokemontcg.io/sm3/63_hires.png,2026/08/08,2026/01/21,2.6,1.3899999856948853,2.7300000190734863,96.94999694824219,,,,,,2.2032,0.8074,2.48,0.0,3.4489998817443848,2.2032,2.2724,2.5377,2.8261,2.4339,1.1535,2026-08-09
sm5-66,Riolu,normal,Ultra Prism,66,Common,Kyoko Umemoto,Basic,447,Pokémon,2018/02/02,"tcgplayer,cardmarket",https://prices.pokemontcg.io/tcgplayer/sm5-66,https://images.pokemontcg.io/sm5/66_hires.png,2026/08/08,2026/02/01,0.26,0.07000000029802322,0.27000001072883606,19.84000015258789,,0.81,,,,0.1269,0.0231,0.1269,0.4153,0.023099999874830246,0.15,0.1615,0.2884,0.4499,0.4383,1.1535,2026-08-09
hgss2-67,Turtwig,normal,HS—Unleashed,67,Common,match,Basic,387,Pokémon,2010/05/12,"tcgplayer,cardmarket",https://prices.pokemontcg.io/tcgplayer/hgss2-67,https://images.pokemontcg.io/hgss2/67_hires.png,2026/08/08,2026/02/01,0.7,0.10000000149011612,0.4699999988079071,18.1200008392334,,27.49,,,,0.2653,0.0231,0.3114,2.0417,0.7152000069618225,0.323,0.2884,4.0257,2.2955,1.9956,1.1535,2026-08-09
bw4-71,Nuzleaf,normal,Next Destinies,71,Uncommon,Naoyo Kimura,Stage 1,274,Pokémon,2012/02/08,"tcgplayer,cardmarket",https://prices.pokemontcg.io/tcgplayer/bw4-71,https://images.pokemontcg.io/bw4/71_hires.png,2026/08/08,2026/01/21,0.22,0.10000000149011612,0.25,19.979999542236328,,0.49,,,,0.2884,0.0231,0.2653,0.7728,0.34599998593330383,0.2884,0.1846,0.9228,0.7382,0.646,1.1535,2026-08-09
swsh2-62,Luxray,holofoil,Rebel Clash,62,Rare Holo,Hasuno,Stage 2,405,Pokémon,2020/05/01,"tcgplayer,cardmarket",https://prices.pokemontcg.io/tcgplayer/swsh2-62,https://images.pokemontcg.io/swsh2/62_hires.png,2026/08/08,2026/01/21,0.42,0.20999999344348907,0.4399999976158142,19.979999542236328,,0.89,,,,0.5306,0.0231,0.5306,0.5537,0.023099999874830246,0.6575,0.5075,0.8074,0.5421,0.8997,1.1535,2026-08-09
ex8-66,Natu,normal,Deoxys,66,Common,Yuka Morii,Basic,177,Pokémon,2005/02/01,"tcgplayer,cardmarket",https://prices.pokemontcg.io/tcgplayer/ex8-66,https://images.pokemontcg.io/ex8/66_hires.png,2026/08/08,2026/02/19,3.11,1.149999976158142,2.4100000858306885,23.079999923706055,,30.05,,,,0.346,0.0231,0.669,6.0674,0.17299999296665192,0.8882,0.4268,2.1916,5.2946,6.275,1.1535,2026-08-09
ex3-67,Nincada,normal,Dragon,67,Common,Ken Sugimori,Basic,290,Pokémon,2003/11/24,"tcgplayer,cardmarket",https://prices.pokemontcg.io/tcgplayer/ex3-67,https://images.pokemontcg.io/ex3/67_hires.png,2026/08/08,2026/02/22,0.66,0.4000000059604645,0.6700000166893005,96.94999694824219,,3.97,,,,0.5767,0.0231,0.7382,1.488,2.306999921798706,0.9574,0.5883,0.4614,1.0958,1.9609,1.1535,2026-08-09
xy7-68,Lugia-EX,holofoil,Ancient Origins,68,Rare Holo EX,Eske Yoshinob,Basic|EX,249,Pokémon,2015/08/12,"tcgplayer,cardmarket",https://prices.pokemontcg.io/tcgplayer/xy7-68,https://images.pokemontcg.io/xy7/68_hires.png,2026/08/08,2026/02/01,16.78,5.889999866485596,14.989999771118164,67.97000122070312,,,,,,7.7977,2.8261,6.3442,0.0,4.487100124359131,8.7551,8.8243,7.7861,7.417,8.1091,1.1535,2026-08-09
swsh1-67,Chinchou,normal,Sword & Shield,67,Common,Sumiyoshi Kizuki,Basic,170,Pokémon,2020/02/07,"tcgplayer,cardmarket",https://prices.pokemontcg.io/tcgplayer/swsh1-67,https://images.pokemontcg.io/swsh1/67_hires.png,2026/08/08,2026/01/21,0.04,0.009999999776482582,0.15000000596046448,19.979999542236328,,0.23,,,,0.0692,0.0231,0.0577,0.2192,0.023099999874830246,0.0577,0.0577,0.3345,0.2076,0.2768,1.1535,2026-08-09
ex4-69,Team Aqua Schemer,normal,Team Magma vs Team Aqua,69,Common,Ken Sugimori,Supporter,,Trainer,2004/03/01,"tcgplayer,cardmarket",https://prices.pokemontcg.io/tcgplayer/ex4-69,https://images.pokemontcg.io/ex4/69_hires.png,2026/08/08,2026/02/19,0.36,0.11999999731779099,0.38999998569488525,20.399999618530273,,6.37,,,,0.6921,0.0231,0.5421,3.4605,0.06920000165700912,0.2422,0.3922,3.4605,3.622,3.6681,1.1535,2026-08-09
sm9-70,Cosmoem,normal,Team Up,70,Uncommon,Kouki Saitou,Stage 1,790,Pokémon,2019/02/01,"tcgplayer,cardmarket",https://prices.pokemontcg.io/tcgplayer/sm9-70,https://images.pokemontcg.io/sm9/70_hires.png,2026/08/08,2026/02/01,0.25,0.07999999821186066,0.25,2.0,,0.47,,,,0.1038,0.0231,0.0923,0.4383,0.11540000140666962,0.0923,0.1269,0.4037,0.3922,0.4845,1.1535,2026-08-09
neo1-61,Hoppip,unlimited,Neo Genesis,61,Common,Atsuko Nishida,Basic,187,Pokémon,2000/12/16,"tcgplayer,cardmarket",https://prices.pokemontcg.io/tcgplayer/neo1-61,https://images.pokemontcg.io/neo1/61_hires.png,2026/08/08,2026/03/08,0.5,0.20000000298023224,0.5,20.440000534057617,,,,,"{""1stEdition"": {""low"": 1.0, ""mid"": 2.07, ""high"": 32.3, ""market"": 2.18, ""directLow"": null}}",0.5306,0.0231,0.5652,0.0,0.484499990940094,0.4614,0.4499,0.0,0.0,0.0,1.1535,2026-08-09
xy9-60,Honedge,normal,BREAKpoint,60,Common,kawayoo,Basic,679,Pokémon,2016/02/03,"tcgplayer,cardmarket",https://prices.pokemontcg.io/tcgplayer/xy9-60,https://images.pokemontcg.io/xy9/60_hires.png,2026/08/08,2026/02/04,0.2,0.019999999552965164,0.20000000298023224,1000.0,,0.4,,,,0.1154,0.0231,0.1269,0.4153,0.05770000070333481,0.0461,0.0807,0.5767,0.346,0.3345,1.1535,2026-08-09
bw8-67,Garbodor,normal,Plasma Storm,67,Rare,5ban Graphics,Stage 1|Team Plasma,569,Pokémon,2013/02/06,"tcgplayer,cardmarket",https://prices.pokemontcg.io/tcgplayer/bw8-67,https://images.pokemontcg.io/bw8/67_hires.png,2026/08/08,2026/02/01,1.2,0.7200000286102295,1.1699999570846558,19.979999542236328,,6.04,,,,0.5075,0.0231,0.7152,0.0,0.7498000264167786,0.5191,0.8536,2.2493,1.7879,2.0878,1.1535,2026-08-09
pl1-68,Carnivine,normal,Platinum,68,Common,Kagemaru Himeno,Basic,455,Pokémon,2009/02/11,"tcgplayer,cardmarket",https://prices.pokemontcg.io/tcgplayer/pl1-68,https://images.pokemontcg.io/pl1/68_hires.png,2026/08/08,2026/02/19,0.28,0.11999999731779099,0.3100000023841858,19.979999542236328,,0.75,,,,0.1961,0.0231,0.3345,1.488,0.6344000101089478,0.3345,0.2538,2.2263,1.4765,0.8651,1.1535,2026-08-09
bw3-63,Gurdurr,normal,Noble Victories,63,Uncommon,Sumiyoshi Kizuki,Stage 1,533,Pokémon,2011/11/16,"tcgplayer,cardmarket",https://prices.pokemontcg.io/tcgplayer/bw3-63,https://images.pokemontcg.io/bw3/63_hires.png,2026/08/08,2026/02/19,0.54,0.2199999988079071,0.5099999904632568,16.959999084472656,,1.27,,,,0.173,0.0231,0.173,0.8651,0.23070000112056732,0.173,0.2192,0.8651,0.7152,1.0728,1.1535,2026-08-09
xyp-XY58,Malamar,holofoil,XY Black Star Promos,XY58,Promo,5ban Graphics,Stage 1,687,Pokémon,2013/10/12,"tcgplayer,cardmarket",https://prices.pokemontcg.io/tcgplayer/xyp-XY58,https://images.pokemontcg.io/xyp/XY58_hires.png,2026/08/08,2026/02/04,5.26,2.75,5.349999904632568,96.12999725341797,,,,,,9.9201,0.9228,6.4596,0.0,2.8838000297546387,6.2289,4.0026,2.2955,1.6495,1.7764,1.1535,2026-08-09
xy12-63,Clefairy,holofoil,Evolutions,63,Rare Holo,Ken Sugimori,Basic,35,Pokémon,2016/11/02,"tcgplayer,cardmarket",https://prices.pokemontcg.io/tcgplayer/xy12-63,https://images.pokemontcg.io/xy12/63_hires.png,2026/08/08,2026/02/01,5.16,1.5,5.03000020980835,94.98999786376953,,4.66,,,,4.6486,1.0497,5.2138,4.5217,9.227999687194824,5.3061,4.5794,3.0798,4.3602,4.0373,1.1535,2026-08-09
neo2-60,Omanyte,unlimited,Neo Discovery,60,Common,Yuka Morii,Stage 1,138,Pokémon,2001/06/01,"tcgplayer,cardmarket",https://prices.pokemontcg.io/tcgplayer/neo2-60,https://images.pokemontcg.io/neo2/60_hires.png,2026/08/08,2026/06/21,2.86,0.8500000238418579,1.9900000095367432,21.040000915527344,,,,,"{""1stEdition"": {""low"": 4.0, ""mid"": 13.98, ""high"": 147.97, ""market"": 13.56, ""directLow"": null}}",0.7036,0.0231,0.7959,0.0,0.2653000056743622,0.5998,0.7036,0.0,0.0,0.0,1.1535,2026-08-09
ex2-61,Duskull,normal,Sandstorm,61,Common,Midori Harada,Basic,355,Pokémon,2003/09/18,"tcgplayer,cardmarket",https://prices.pokemontcg.io/tcgplayer/ex2-61,https://images.pokemontcg.io/ex2/61_hires.png,2026/08/08,2026/02/19,2.97,0.8600000143051147,2.859999895095825,23.0,,25.88,,,,0.7844,0.0346,1.0612,7.9361,1.4419000148773193,0.7728,0.7613,14.4187,4.9716,3.6566,1.1535,2026-08-09
sm8-64,Popplio,normal,Lost Thunder,64,Common,Hitoshi Ariga,Basic,728,Pokémon,2018/11/02,"tcgplayer,cardmarket",https://prices.pokemontcg.io/tcgplayer/sm8-64,https://images.pokemontcg.io/sm8/64_hires.png,2026/08/08,2026/02/01,0.21,0.12999999523162842,0.25,19.979999542236328,,0.46,,,,0.2076,0.0231,0.1384,0.5191,0.11540000140666962,0.0923,0.15,0.4614,0.4729,0.4614,1.1535,2026-08-09
swsh35-71,Galarian Cursola V,holofoil,Champion's Path,71,Rare Ultra,5ban Graphics,Basic|V,864,Pokémon,2020/09/25,"tcgplayer,cardmarket",https://prices.pokemontcg.io/tcgplayer/swsh35-71,https://images.pokemontcg.io/swsh35/71_hires.png,2026/08/08,2026/02/19,1.72,0.5,1.9299999475479126,20.0,,,,,,1.9956,0.9113,2.3762,0.0,1.7302000522613525,2.6184,2.2493,3.3451,2.5608,2.8261,1.1535,2026-08-09
xy4-63,Heatran,holofoil,Phantom Forces,63,Rare Holo,Midori Harada,Basic,485,Pokémon,2014/11/05,"tcgplayer,cardmarket",https://prices.pokemontcg.io/tcgplayer/xy4-63,https://images.pokemontcg.io/xy4/63_hires.png,2026/08/08,2026/02/04,0.59,0.25,0.5899999737739563,19.979999542236328,,0.62,,,,1.2919,0.2307,1.2112,2.8376,0.8651000261306763,1.2227,1.1996,4.0373,1.811,1.5226,1.1535,2026-08-09
bwp-BW56,Empoleon,holofoil,BW Black Star Promos,BW56,Promo,Shin Nagasawa,Stage 2,395,Pokémon,2011/03/01,"tcgplayer,cardmarket",https://prices.pokemontcg.io/tcgplayer/bwp-BW56,https://images.pokemontcg.io/bwp/BW56_hires.png,2026/08/08,2026/02/19,11.75,5.440000057220459,14.0,117.4000015258789,,,,,,6.6211,1.1535,6.9441,0.0,10.358400344848633,7.8553,6.0559,8.6512,3.8527,2.7338,1.1535,2026-08-09
bw9-68,Sandile,normal,Plasma Freeze,68,Common,sui,Basic,551,Pokémon,2013/05/08,"tcgplayer,cardmarket",https://prices.pokemontcg.io/tcgplayer/bw9-68,https://images.pokemontcg.io/bw9/68_hires.png,2026/08/08,2026/02/01,0.26,0.14000000059604645,0.25999999046325684,1000.0,,0.5,,,,0.173,0.0231,0.1615,1.3265,0.1615000069141388,0.1269,0.1615,1.0958,0.8882,0.5998,1.1535,2026-08-09
bw1-65,Krookodile,holofoil,Black & White,65,Rare Holo,Masakazu Fukuda,Stage 2,553,Pokémon,2011/04/25,"tcgplayer,cardmarket",https://prices.pokemontcg.io/tcgplayer/bw1-65,https://images.pokemontcg.io/bw1/65_hires.png,2026/08/08,2026/02/19,2.65,0.7099999785423279,2.430000066757202,32.599998474121094,,2.53,,,,1.5457,0.0461,1.8571,1.3496,0.9228000044822693,2.7107,1.7533,0.2192,1.1074,1.6495,1.1535,2026-08-09
base1-69,Weedle,normal,Base,69,Common,Mitsuhiro Arita,Basic,13,Pokémon,1999/01/09,"tcgplayer,cardmarket",https://prices.pokemontcg.io/tcgplayer/base1-69,https://images.pokemontcg.io/base1/69_hires.png,2026/08/08,2026/02/21,0.78,0.15000000596046448,0.5299999713897705,20.0,,,,,,1.4188,0.0231,2.7684,0.0,0.8190000057220459,1.0728,1.3611,0.5767,6.8287,6.8287,1.1535,2026-08-09
swsh3-61,Tapu Koko,holofoil,Darkness Ablaze,61,Rare Holo,Hasuno,Basic,785,Pokémon,2020/08/14,"tcgplayer,cardmarket",https://prices.pokemontcg.io/tcgplayer/swsh3-61,https://images.pokemontcg.io/swsh3/61_hires.png,2026/08/08,2026/02/01,0.32,0.10000000149011612,0.33000001311302185,18.420000076293945,,0.4,,,,1.7187,0.173,0.7267,0.0,0.853600025177002,0.7613,0.6921,0.0,0.0,0.0,1.1535,2026-08-09
dp4-61,Buizel,normal,Great Encounters,61,Common,Masakazu Fukuda,Basic,418,Pokémon,2008/02/01,"tcgplayer,cardmarket",https://prices.pokemontcg.io/tcgplayer/dp4-61,https://images.pokemontcg.io/dp4/61_hires.png,2026/08/08,2026/02/19,0.35,0.10000000149011612,0.3400000035762787,19.979999542236328,,4.99,,,,0.1846,0.0231,0.0231,1.2112,0.15000000596046448,0.1615,0.4268,0.7036,0.9459,1.1535,1.1535,2026-08-09
base6-62,Sandslash,normal,Legendary Collection,62,Uncommon,Ken Sugimori,Stage 1,28,Pokémon,2002/05/24,"tcgplayer,cardmarket",https://prices.pokemontcg.io/tcgplayer/base6-62,https://images.pokemontcg.io/base6/62_hires.png,2026/08/08,2026/02/19,1.43,0.5,1.2599999904632568,19.979999542236328,,101.99,,,,1.4188,0.1154,1.3842,95.1637,0.5651999711990356,2.134,1.3035,95.1637,55.1027,42.3681,1.1535,2026-08-09
hgss3-66,Slowpoke,normal,HS—Undaunted,66,Common,Kagemaru Himeno,Basic,79,Pokémon,2010/08/18,"tcgplayer,cardmarket",https://prices.pokemontcg.io/tcgplayer/hgss3-66,https://images.pokemontcg.io/hgss3/66_hires.png,2026/08/08,2026/02/19,25.23,17.56999969482422,19.670000076293945,50.0,,87.5,,,,2.4454,0.0231,1.4419,9.228,1.153499960899353,0.8882,1.9956,29.9795,14.0035,8.1552,1.1535,2026-08-09
neo3-62,Pokémon Breeder Fields,unlimited,Neo Revelation,62,Uncommon,Ken Sugimori,,,Trainer,2001/09/21,"tcgplayer,cardmarket",https://prices.pokemontcg.io/tcgplayer/neo3-62,https://images.pokemontcg.io/neo3/62_hires.png,2026/08/08,2026/03/07,4.46,0.9700000286102295,3.4100000858306885,41.81999969482422,,,,,"{""1stEdition"": {""low"": 3.68, ""mid"": 11.99, ""high"": 242.7, ""market"": 12.66, ""directLow"": null}}",1.0497,0.0346,3.1606,0.0,1.7302000522613525,3.5758,1.6264,0.0,0.0,0.0,1.1535,2026-08-09
dp7-60,Duskull,normal,Stormfront,60,Common,Sachiko Adachi,Basic,355,Pokémon,2008/11/01,"tcgplayer,cardmarket",https://prices.pokemontcg.io/tcgplayer/dp7-60,https://images.pokemontcg.io/dp7/60_hires.png,2026/08/08,2026/02/19,1.32,0.20000000298023224,1.2000000476837158,5.0,,19.95,,,,0.2192,0.0231,0.2538,1.315,0.20759999752044678,0.2307,0.2307,2.8838,1.5457,1.5342,1.1535,2026-08-09
base5-63,Oddish,unlimited,Team Rocket,63,Common,Kagemaru Himeno,Basic,43,Pokémon,2000/04/24,"tcgplayer,cardmarket",https://prices.pokemontcg.io/tcgplayer/base5-63,https://images.pokemontcg.io/base5/63_hires.png,2026/08/08,2026/03/08,0.7,0.18000000715255737,0.6000000238418579,50.0,,,,,"{""1stEdition"": {""low"": 1.39, ""mid"": 3.5, ""high"": 75.0, ""market"": 3.66, ""directLow"": 1.79}}",0.6575,0.0231,0.7728,0.0,0.5536999702453613,0.5421,0.6575,0.2538,0.2422,0.2422,1.1535,2026-08-09
hgss4-66,Lickitung,normal,HS—Triumphant,66,Common,Atsuko Nishida,Basic,108,Pokémon,2010/11/03,"tcgplayer,cardmarket",https://prices.pokemontcg.io/tcgplayer/hgss4-66,https://images.pokemontcg.io/hgss4/66_hires.png,2026/08/08,2026/02/19,0.38,0.20000000298023224,0.4300000071525574,19.979999542236328,,4.0,,,,0.4153,0.0231,0.3691,1.9956,0.12690000236034393,0.3345,0.346,3.4605,1.7418,1.0843,1.1535,2026-08-09
sm4-59,Houndoom,normal,Crimson Invasion,59,Rare,Shin Nagasawa,Stage 1,229,Pokémon,2017/11/03,"tcgplayer,cardmarket",https://prices.pokemontcg.io/tcgplayer/sm4-59,https://images.pokemontcg.io/sm4/59_hires.png,2026/08/08,2026/02/01,0.56,0.10000000149011612,0.5,16.760000228881836,,1.23,,,,0.2884,0.0231,0.2422,0.7844,0.28839999437332153,0.2307,0.323,0.5652,0.819,0.669,1.1535,2026-08-09
sm115-68,Jessie & James,holofoil,Hidden Fates,68,Rare Ultra,Megumi Mizutani,Supporter,,Trainer,2019/08/23,"tcgplayer,cardmarket",https://prices.pokemontcg.io/tcgplayer/sm115-68,https://images.pokemontcg.io/sm115/68_hires.png,2026/08/08,2026/02/22,76.71,69.98999786376953,89.98999786376953,500.0,,,,,,49.093,34.5935,45.644,0.0,45.274898529052734,47.1205,49.4621,6.748,6.5634,8.2245,1.1535,2026-08-09
bw7-69,Musharna,normal,Boundaries Crossed,69,Rare,Satoshi Shirai,Stage 1,518,Pokémon,2012/11/07,"tcgplayer,cardmarket",https://prices.pokemontcg.io/tcgplayer/bw7-69,https://images.pokemontcg.io/bw7/69_hires.png,2026/08/08,2026/02/01,0.64,0.3499999940395355,0.7300000190734863,19.979999542236328,,1.75,,,,0.7613,0.0231,0.646,0.1154,0.911300003528595,0.6921,0.6229,0.7498,0.8536,0.8997,1.1535,2026-08-09
hgss2-68,Vulpix,normal,HS—Unleashed,68,Common,Hajime Kusajima,Basic,37,Pokémon,2010/05/12,"tcgplayer,cardmarket",https://prices.pokemontcg.io/tcgplayer/hgss2-68,https://images.pokemontcg.io/hgss2/68_hires.png,2026/08/08,2026/02/01,3.88,0.4300000071525574,2.450000047683716,96.72000122070312,,39.99,,,,0.3691,0.0231,0.3114,20.7515,0.2768000066280365,0.3691,0.3345,20.7515,8.7666,6.425,1.1535,2026-08-09
g1-55,Doduo,normal,Generations,55,Common,Eri Yamaki,Basic,84,Pokémon,2016/02/22,"tcgplayer,cardmarket",https://prices.pokemontcg.io/tcgplayer/g1-55,https://images.pokemontcg.io/g1/55_hires.png,2026/08/08,2026/02/19,0.27,0.029999999329447746,0.25999999046325684,19.979999542236328,,1.04,,,,0.15,0.0231,0.1846,1.0266,0.09229999780654907,0.173,0.1846,1.8225,1.4765,0.8305,1.1535,2026-08-09
ex14-64,Squirtle,normal,Crystal Guardians,64,Common,Hajime Kusajima,Basic,7,Pokémon,2006/08/01,"tcgplayer,cardmarket",https://prices.pokemontcg.io/tcgplayer/ex14-64,https://images.pokemontcg.io/ex14/64_hires.png,2026/08/08,2026/02/19,17.64,4.570000171661377,10.289999961853027,96.37000274658203,,89.45,,,,1.9956,0.1038,1.2919,22.1933,2.1800999641418457,1.7302,2.3531,7.4977,21.7435,25.2501,1.1535,2026-08-09
swshp-SWSH060,Duraludon,holofoil,SWSH Black Star Promos,SWSH060,Promo,Kazuma Koda,Basic,884,Pokémon,2019/11/15,"tcgplayer,cardmarket",https://prices.pokemontcg.io/tcgplayer/swshp-SWSH060,https://images.pokemontcg.io/swshp/SWSH060_hires.png,2026/08/08,2026/01/21,1.95,1.0,2.0,28.100000381469727,,,,,,1.4419,0.5537,0.0231,0.0,0.23070000112056732,0.8882,2.2493,1.1189,1.2689,1.7072,1.1535,2026-08-09
ex3-68,Nincada,normal,Dragon,68,Common,Hajime Kusajima,Basic,290,Pokémon,2003/11/24,"tcgplayer,cardmarket",https://prices.pokemontcg.io/tcgplayer/ex3-68,https://images.pokemontcg.io/ex3/68_hires.png,2026/08/08,2026/02/22,0.8,0.44999998807907104,0.7900000214576721,96.94999694824219,,9.97,,,,0.5306,0.0231,0.3807,1.4765,0.05770000070333481,0.3691,0.3576,1.7187,3.1837,3.9219,1.1535,2026-08-09
base2-58,Oddish,unlimited,Jungle,58,Common,Keiji Kinebuchi,Basic,43,Pokémon,1999/06/16,"tcgplayer,cardmarket",https://prices.pokemontcg.io/tcgplayer/base2-58,https://images.pokemontcg.io/base2/58_hires.png,2026/08/08,2026/06/21,0.42,0.10000000149011612,0.4300000071525574,15.399999618530273,,,,,"{""1stEdition"": {""low"": 0.95, ""mid"": 3.5, ""high"": 96.95, ""market"": 4.12, ""directLow"": 2.07}}",0.5998,0.0231,0.7728,0.0,1.315000057220459,0.7728,0.5998,0.3345,0.346,0.346,1.1535,2026-08-09
gym2-70,Erika's Oddish,unlimited,Gym Challenge,70,Common,Ken Sugimori,Basic,43,Pokémon,2000/10/16,"tcgplayer,cardmarket",https://prices.pokemontcg.io/tcgplayer/gym2-70,https://images.pokemontcg.io/gym2/70_hires.png,2026/08/08,2026/02/19,2.38,0.5,1.9700000286102295,94.55000305175781,,,,,"{""1stEdition"": {""low"": 2.5, ""mid"": 4.83, ""high"": 96.85, ""market"": 4.83, ""directLow"": 17.99}}",3.5528,0.173,2.8491,0.0,1.118899941444397,1.9379,3.3105,0.0,0.0,0.0,1.1535,2026-08-09
ex1-57,Makuhita,normal,Ruby & Sapphire,57,Common,Kagemaru Himeno,Basic,296,Pokémon,2003/07/01,"tcgplayer,cardmarket",https://prices.pokemontcg.io/tcgplayer/ex1-57,https://images.pokemontcg.io/ex1/57_hires.png,2026/08/08,2026/02/21,0.62,0.3100000023841858,0.6299999952316284,19.8799991607666,,3.33,,,,0.1961,0.0231,0.2884,0.9574,0.23070000112056732,0.2999,0.2076,1.4303,1.1189,1.4649,1.1535,2026-08-09
dp2-62,Sealeo,normal,Mysterious Treasures,62,Uncommon,Kouki Saitou,Stage 1,364,Pokémon,2007/08/01,"tcgplayer,cardmarket",https://prices.pokemontcg.io/tcgplayer/dp2-62,https://images.pokemontcg.io/dp2/62_hires.png,2026/08/08,2026/02/19,0.34,0.14000000059604645,0.3400000035762787,17.239999771118164,,2.74,,,,0.2076,0.0231,0.2192,13.842,0.28839999437332153,0.15,0.2076,13.842,2.3416,1.4765,1.1535,2026-08-09
ecard3-34,Wigglytuff,normal,Skyridge,34,Rare,Hizuki Misono,Stage 1,40,Pokémon,2003/05/12,"tcgplayer,cardmarket",https://prices.pokemontcg.io/tcgplayer/ecard3-34,https://images.pokemontcg.io/ecard3/34_hires.png,2026/08/08,2026/02/19,39.87,44.95000076293945,375.20001220703125,379.5,,199.99,,,,5.2484,1.4995,0.3345,25.6654,5.767499923706055,4.764,11.2351,23.0469,24.5465,15.0416,1.1535,2026-08-09
sm3-64,Machamp-GX,holofoil,Burning Shadows,64,Rare Holo GX,5ban Graphics,Stage 2|GX,68,Pokémon,2017/08/05,"tcgplayer,cardmarket",https://prices.pokemontcg.io/tcgplayer/sm3-64,https://images.pokemontcg.io/sm3/64_hires.png,2026/08/08,2026/01/21,5.02,2.990000009536743,5.150000095367432,885.47998046875,,,,,,3.0568,0.5191,2.8491,0.0,1.118899941444397,2.8953,2.9991,3.0222,3.8065,3.6451,1.1535,2026-08-09
smp-SM59,Marshadow-GX,holofoil,SM Black Star Promos,SM59,Promo,5ban Graphics,Basic|GX,802,Pokémon,2017/02/03,"tcgplayer,cardmarket",https://prices.pokemontcg.io/tcgplayer/smp-SM59,https://images.pokemontcg.io/smp/SM59_hires.png,2026/08/08,2026/02/01,3.45,2.3299999237060547,3.6700000762939453,31.959999084472656,,,,,,1.9609,0.5306,1.638,0.0,0.8651000261306763,1.3957,2.0878,1.1535,2.2724,2.3416,1.1535,2026-08-09
ex6-64,Growlithe,normal,FireRed & LeafGreen,64,Common,Ken Sugimori,Basic,58,Pokémon,2004/09/01,"tcgplayer,cardmarket",https://prices.pokemontcg.io/tcgplayer/ex6-64,https://images.pokemontcg.io/ex6/64_hires.png,2026/08/08,2026/02/04,0.74,0.20000000298023224,0.75,19.979999542236328,,40.77,,,,0.4268,0.0231,0.3576,15.2147,0.2768000066280365,0.2768,0.4153,16.0221,13.6459,10.0585,1.1535,2026-08-09
col1-68,Pineco,normal,Call of Legends,68,Common,Kyoko Umemoto,Basic,204,Pokémon,2011/02/09,"tcgplayer,cardmarket",https://prices.pokemontcg.io/tcgplayer/col1-68,https://images.pokemontcg.io/col1/68_hires.png,2026/08/08,2026/02/04,0.31,0.10000000149011612,0.30000001192092896,17.760000228881836,,1.47,,,,1.1535,0.0231,0.7152,0.0,0.1615000069141388,0.2076,0.6229,14.9378,5.2715,3.1145,1.1535,2026-08-09
pl4-69,Nosepass,normal,Arceus,69,Common,Midori Harada,Basic,299,Pokémon,2009/11/04,"tcgplayer,cardmarket",https://prices.pokemontcg.io/tcgplayer/pl4-69,https://images.pokemontcg.io/pl4/69_hires.png,2026/08/08,2026/02/04,0.4,0.11999999731779099,0.3499999940395355,19.979999542236328,,4.34,,,,0.1615,0.0231,0.1269,0.2307,0.04610000178217888,0.173,0.15,1.3727,0.7267,0.7498,1.1535,2026-08-09
sm5-67,Lucario,holofoil,Ultra Prism,67,Rare Holo,Mitsuhiro Arita,Stage 1,448,Pokémon,2018/02/02,"tcgplayer,cardmarket",https://prices.pokemontcg.io/tcgplayer/sm5-67,https://images.pokemontcg.io/sm5/67_hires.png,2026/08/08,2026/02/01,5.53,1.399999976158142,4.989999771118164,25.600000381469727,,3.78,,,,1.3611,0.1154,1.315,1.638,1.6726000308990479,1.4419,1.2689,0.992,1.6726,1.3265,1.1535,2026-08-09
bw6-66,Boldore,normal,Dragons Exalted,66,Uncommon,Kagemaru Himeno,Stage 1,525,Pokémon,2012/08/15,"tcgplayer,cardmarket",https://prices.pokemontcg.io/tcgplayer/bw6-66,https://images.pokemontcg.io/bw6/66_hires.png,2026/08/08,2026/02/01,0.81,0.1899999976158142,0.550000011920929,5.0,,0.42,,,,0.496,0.0346,0.5075,0.2307,0.219200000166893,0.4614,0.2999,0.496,0.669,0.9343,1.1535,2026-08-09
ex12-72,Cursed Stone,normal,Legend Maker,72,Uncommon,Ryo Ueda,Stadium,,Trainer,2006/02/01,"tcgplayer,cardmarket",https://prices.pokemontcg.io/tcgplayer/ex12-72,https://images.pokemontcg.io/ex12/72_hires.png,2026/08/08,2026/02/01,5.67,2.069999933242798,5.739999771118164,53.0,,14.68,,,,1.6034,0.2884,1.5572,2.307,0.46140000224113464,1.3727,1.5572,3.449,4.6025,6.7595,1.1535,2026-08-09
sm35-58,Damage Mover,normal,Shining Legends,58,Uncommon,Toyste Beach,Item,,Trainer,2017/10/06,"tcgplayer,cardmarket",https://prices.pokemontcg.io/tcgplayer/sm35-58,https://images.pokemontcg.io/sm35/58_hires.png,2026/08/08,2026/02/19,0.18,0.029999999329447746,0.2199999988079071,19.979999542236328,,0.31,,,,0.173,0.0231,0.1384,0.346,0.11540000140666962,0.1384,0.15,0.5767,0.3691,0.3345,1.1535,2026-08-09
dp3-72,Unown [Z],normal,Secret Wonders,72,Uncommon,Kazuyuki Kano,Basic,201,Pokémon,2007/11/01,"tcgplayer,cardmarket",https://prices.pokemontcg.io/tcgplayer/dp3-72,https://images.pokemontcg.io/dp3/72_hires.png,2026/08/08,2026/02/01,1.9,0.6000000238418579,1.899999976158142,19.979999542236328,,6.71,,,,0.5306,0.0231,0.5883,0.5767,0.3921999931335449,0.7267,0.496,0.8651,2.0763,1.9379,1.1535,2026-08-09
ecard2-42,Victreebel,normal,Aquapolis,42,Rare,Miki Tanaka,Stage 2,71,Pokémon,2003/01/15,"tcgplayer,cardmarket",https://prices.pokemontcg.io/tcgplayer/ecard2-42,https://images.pokemontcg.io/ecard2/42_hires.png,2026/08/08,2026/02/04,11.41,21.989999771118164,23.8799991607666,102.5,,35.99,,,,2.9299,0.4614,3.9104,20.763,2.8606998920440674,2.9299,3.5412,20.763,7.567,9.1242,1.1535,2026-08-09
ex9-67,Swablu,normal,Emerald,67,Common,Hajime Kusajima,Basic,333,Pokémon,2005/05/01,"tcgplayer,cardmarket",https://prices.pokemontcg.io/tcgplayer/ex9-67,https://images.pokemontcg.io/ex9/67_hires.png,2026/08/08,2026/02/19,2.1,1.2599999904632568,2.0899999141693115,89.98999786376953,,41.39,,,,0.3576,0.0231,0.4729,8.3975,0.853600025177002,0.5075,0.4845,13.842,9.1703,8.4667,1.1535,2026-08-09
xy1-68,Sableye,normal,XY,68,Uncommon,Shigenori Negishi,Basic,302,Pokémon,2014/02/05,"tcgplayer,cardmarket",https://prices.pokemontcg.io/tcgplayer/xy1-68,https://images.pokemontcg.io/xy1/68_hires.png,2026/08/08,2026/02/04,0.52,0.10000000149011612,0.5,14.989999771118164,,1.81,,,,0.3345,0.0231,0.3807,0.992,0.17299999296665192,0.2422,0.346,1.7302,1.0151,0.8997,1.1535,2026-08-09
neo4-68,Growlithe,unlimited,Neo Destiny,68,Common,Atsuko Nishida,Basic,58,Pokémon,2002/02/28,"tcgplayer,cardmarket",https://prices.pokemontcg.io/tcgplayer/neo4-68,https://images.pokemontcg.io/neo4/68_hires.png,2026/08/08,2026/02/04,6.6,1.5,4.119999885559082,96.94999694824219,,,,,"{""1stEdition"": {""low"": 10.0, ""mid"": 12.0, ""high"": 159.9, ""market"": 18.36, ""directLow"": null}}",2.1916,0.1154,1.6726,0.0,3.1491000652313232,2.6415,2.2378,0.0,0.0,0.0,1.1535,2026-08-09
xy7-69,Ace Trainer,normal,Ancient Origins,69,Uncommon,Ken Sugimori,Supporter,,Trainer,2015/08/12,"tcgplayer,cardmarket",https://prices.pokemontcg.io/tcgplayer/xy7-69,https://images.pokemontcg.io/xy7/69_hires.png,2026/08/08,2026/01/19,0.06,0.05999999865889549,0.23999999463558197,19.979999542236328,,0.37,,,,2.8838,2.307,6.1943,0.0,2.8838000297546387,9.6317,8.9166,2.307,1.2919,1.2342,1.1535,2026-08-09
sm11-62,Galvantula,normal,Unified Minds,62,Rare,Yumi,Stage 1,596,Pokémon,2019/08/02,"tcgplayer,cardmarket",https://prices.pokemontcg.io/tcgplayer/sm11-62,https://images.pokemontcg.io/sm11/62_hires.png,2026/08/08,2026/02/01,0.24,0.12999999523162842,0.30000001192092896,18.940000534057617,,0.48,,,,0.346,0.0577,0.2422,0.2076,0.19609999656677246,0.2538,0.346,0.4499,0.669,0.5767,1.1535,2026-08-09
dp6-65,Metang,normal,Legends Awakened,65,Uncommon,Masakazu Fukuda,Stage 1,375,Pokémon,2008/08/01,"tcgplayer,cardmarket",https://prices.pokemontcg.io/tcgplayer/dp6-65,https://images.pokemontcg.io/dp6/65_hires.png,2026/08/08,2026/02/04,0.38,0.17000000178813934,0.3799999952316284,19.979999542236328,,3.07,,,,0.2653,0.0231,0.2422,1.1535,0.23070000112056732,0.323,0.2653,0.2307,0.7728,1.315,1.1535,2026-08-09
bw10-72,Porygon,normal,Plasma Blast,72,Common,Mitsuhiro Arita,Basic,137,Pokémon,2013/08/14,"tcgplayer,cardmarket",https://prices.pokemontcg.io/tcgplayer/bw10-72,https://images.pokemontcg.io/bw10/72_hires.png,2026/08/08,2026/02/01,0.35,0.09000000357627869,0.3100000023841858,9.989999771118164,,0.67,,,,0.1846,0.0231,0.1846,0.4268,0.17299999296665192,0.1961,0.1615,0.5767,0.5306,0.8305,1.1535,2026-08-09
ex13-67,Kabuto δ,normal,Holon Phantoms,67,Common,Hajime Kusajima,Stage 1,140,Pokémon,2006/05/01,"tcgplayer,cardmarket",https://prices.pokemontcg.io/tcgplayer/ex13-67,https://images.pokemontcg.io/ex13/67_hires.png,2026/08/08,2026/02/19,4.12,1.0,1.6699999570846558,19.579999923706055,,66.94,,,,0.5883,0.0231,0.6921,11.4658,0.9574000239372253,0.8536,0.6229,9.228,11.2005,11.0159,1.1535,2026-08-09
swsh1-68,Chinchou,normal,Sword & Shield,68,Common,Yukiko Baba,Basic,170,Pokémon,2020/02/07,"tcgplayer,cardmarket",https://prices.pokemontcg.io/tcgplayer/swsh1-68,https://images.pokemontcg.io/swsh1/68_hires.png,2026/08/08,2026/01/21,0.04,0.009999999776482582,0.17000000178813934,17.979999542236328,,0.23,,,,0.0577,0.0231,0.0577,0.3576,0.10379999876022339,0.0577,0.0577,0.0577,0.346,0.2884,1.1535,2026-08-09
sma-SV61,Banette-GX,holofoil,Hidden Fates Shiny Vault,SV61,Rare Shiny GX,5ban Graphics,Stage 1|GX,354,Pokémon,2019/08/23,"tcgplayer,cardmarket",https://prices.pokemontcg.io/tcgplayer/sma-SV61,https://images.pokemontcg.io/sma/SV61_hires.png,2026/08/08,2026/02/01,9.86,7.0,11.399999618530273,22.0,,,,,,7.8553,5.7444,9.3549,0.0,8.07450008392334,12.0887,8.8127,9.6548,9.7355,11.212,1.1535,2026-08-09
pl3-63,Lopunny,normal,Supreme Victors,63,Uncommon,Kanako Eo,Stage 1,428,Pokémon,2009/08/19,"tcgplayer,cardmarket",https://prices.pokemontcg.io/tcgplayer/pl3-63,https://images.pokemontcg.io/pl3/63_hires.png,2026/08/08,2026/02/04,2.09,0.6000000238418579,2.1600000858306885,95.3499984741211,,8.49,,,,0.2884,0.0692,0.4383,0.2076,0.25380000472068787,0.2422,0.4499,0.2076,1.0612,1.0381,1.1535,2026-08-09
bw5-61,Umbreon,normal,Dark Explorers,61,Uncommon,Kouki Saitou,Stage 1,197,Pokémon,2012/05/09,"tcgplayer,cardmarket",https://prices.pokemontcg.io/tcgplayer/bw5-61,https://images.pokemontcg.io/bw5/61_hires.png,2026/08/08,2026/02/19,17.64,8.119999885559082,13.079999923706055,201.1999969482422,,99.99,,,,6.3904,1.0958,6.1597,13.6459,6.921000003814697,6.9095,6.0559,16.7257,18.3176,29.9449,1.1535,2026-08-09
xy8-63,M Mewtwo-EX,holofoil,BREAKthrough,63,Rare Holo EX,5ban Graphics,MEGA|EX,150,Pokémon,2015/11/04,"tcgplayer,cardmarket",https://prices.pokemontcg.io/tcgplayer/xy8-63,https://images.pokemontcg.io/xy8/63_hires.png,2026/08/08,2026/02/01,52.42,24.0,51.209999084472656,315.0,,,,,,13.7728,11.535,15.2954,0.0,13.77280044555664,12.0195,11.1082,5.7675,7.267,7.267,1.1535,2026-08-09
dp1-70,Bidoof,normal,Diamond & Pearl,70,Common,Ken Sugimori,Basic,399,Pokémon,2007/05/01,"tcgplayer,cardmarket",https://prices.pokemontcg.io/tcgplayer/dp1-70,https://images.pokemontcg.io/dp1/70_hires.png,2026/08/08,2026/02/19,1.17,0.14000000059604645,0.9900000095367432,19.979999542236328,,3.2,,,,0.2076,0.0231,0.3114,1.3842,0.36910000443458557,0.2768,0.1961,2.307,1.165,1.142,1.1535,2026-08-09
sm10-58,Charjabug,normal,Unbroken Bonds,58,Uncommon,Sekio,Stage 1,737,Pokémon,2019/05/03,"tcgplayer,cardmarket",https://prices.pokemontcg.io/tcgplayer/sm10-58,https://images.pokemontcg.io/sm10/58_hires.png,2026/08/08,2026/02/01,0.26,0.07999999821186066,0.25,19.979999542236328,,0.41,,,,0.15,0.0231,0.1961,0.0,0.023099999874830246,0.1038,0.1615,0.4614,0.4383,0.4499,1.1535,2026-08-09
sm1-64,Cosmog,normal,Sun & Moon,64,Common,Megumi Mizutani,Basic,789,Pokémon,2017/02/03,"tcgplayer,cardmarket",https://prices.pokemontcg.io/tcgplayer/sm1-64,https://images.pokemontcg.io/sm1/64_hires.png,2026/08/08,2026/01/21,0.04,0.009999999776482582,0.20000000298023224,19.979999542236328,,0.47,,,,0.2999,0.0231,0.6921,0.3345,0.10379999876022339,0.0577,0.2192,0.8651,0.323,0.323,1.1535,2026-08-09
swsh2-63,Helioptile,normal,Rebel Clash,63,Common,0313,Basic,694,Pokémon,2020/05/01,"tcgplayer,cardmarket",https://prices.pokemontcg.io/tcgplayer/swsh2-63,https://images.pokemontcg.io/swsh2/63_hires.png,2026/08/08,2026/01/21,0.05,0.009999999776482582,0.17000000178813934,19.979999542236328,,0.26,,,,0.0577,0.0231,0.0346,0.1846,0.023099999874830246,0.0461,0.0577,0.1038,0.1846,0.1961,1.1535,2026-08-09
sm6-62,Garchomp,holofoil,Forbidden Light,62,Rare Holo,Megumi Mizutani,Stage 2,445,Pokémon,2018/05/04,"tcgplayer,cardmarket",https://prices.pokemontcg.io/tcgplayer/sm6-62,https://images.pokemontcg.io/sm6/62_hires.png,2026/08/08,2026/02/01,4.03,2.450000047683716,4.050000190734863,96.94000244140625,,3.62,,,,1.7418,0.5767,1.4534,2.1455,1.9839999675750732,1.7649,1.7764,1.1535,2.157,1.6149,1.1535,2026-08-09
gym1-68,Brock's Mankey,unlimited,Gym Heroes,68,Common,Ken Sugimori,Basic,56,Pokémon,2000/08/14,"tcgplayer,cardmarket",https://prices.pokemontcg.io/tcgplayer/gym1-68,https://images.pokemontcg.io/gym1/68_hires.png,2026/08/08,2026/02/19,1.41,0.6899999976158142,1.1200000047683716,19.979999542236328,,,,,"{""1stEdition"": {""low"": 1.89, ""mid"": 3.98, ""high"": 41.38, ""market"": 4.11, ""directLow"": 8.99}}",1.4765,0.2884,1.638,0.0,2.0532000064849854,1.638,1.3611,2.8838,2.8838,2.8838,1.1535,2026-08-09
ex7-66,Magnemite,normal,Team Rocket Returns,66,Common,Sachiko Adachi,Basic,81,Pokémon,2004/11/01,"tcgplayer,cardmarket",https://prices.pokemontcg.io/tcgplayer/ex7-66,https://images.pokemontcg.io/ex7/66_hires.png,2026/08/08,2026/02/19,0.98,0.3499999940395355,0.9900000095367432,19.979999542236328,,43.99,,,,0.4268,0.0577,0.9805,6.252,1.038100004196167,0.8421,0.4729,6.3442,6.4942,7.9361,1.1535,2026-08-09
pl2-63,Growlithe,normal,Rising Rivals,63,Common,Naoyo Kimura,Basic,58,Pokémon,2009/05/16,"tcgplayer,cardmarket",https://prices.pokemontcg.io/tcgplayer/pl2-63,https://images.pokemontcg.io/pl2/63_hires.png,2026/08/08,2026/02/19,0.97,0.41999998688697815,0.8700000047683716,19.979999542236328,,26.69,,,,0.4268,0.0231,0.4729,1.7879,1.1995999813079834,0.496,0.4383,0.4268,2.6646,2.7684,1.1535,2026-08-09
xy5-70,Tentacool,normal,Primal Clash,70,Common,Yukiko Baba,Basic,72,Pokémon,2015/02/04,"tcgplayer,cardmarket",https://prices.pokemontcg.io/tcgplayer/xy5-70,https://images.pokemontcg.io/xy5/70_hires.png,2026/08/08,2026/01/19,0.2,0.05000000074505806,0.20000000298023224,19.979999542236328,,0.6,,,,0.1384,0.0231,0.1038,0.6229,0.2653000056743622,0.1615,0.1269,0.4383,0.4153,0.496,1.1535,2026-08-09
ex16-60,Seedot,normal,Power Keepers,60,Common,Midori Harada,Basic,273,Pokémon,2007/02/02,"tcgplayer,cardmarket",https://prices.pokemontcg.io/tcgplayer/ex16-60,https://images.pokemontcg.io/ex16/60_hires.png,2026/08/08,2026/02/22,0.42,0.12999999523162842,0.3499999940395355,19.979999542236328,,6.24,,,,0.1961,0.0231,0.15,2.5723,0.11540000140666962,0.1615,0.1846,2.2955,3.0568,2.63,1.1535,2026-08-09
bw2-59,Sawk,normal,Emerging Powers,59,Uncommon,Kouki Saitou,Basic,539,Pokémon,2011/08/31,"tcgplayer,cardmarket",https://prices.pokemontcg.io/tcgplayer/bw2-59,https://images.pokemontcg.io/bw2/59_hires.png,2026/08/08,2026/02/19,0.34,0.10000000149011612,0.25999999046325684,1.690000057220459,,0.88,,,,0.15,0.0231,0.15,0.7382,0.023099999874830246,0.1269,0.1615,0.6806,0.8651,0.646,1.1535,2026-08-09
ex5-60,Doduo,normal,Hidden Legends,60,Common,Miki Tanaka,Basic,84,Pokémon,2004/06/01,"tcgplayer,cardmarket",https://prices.pokemontcg.io/tcgplayer/ex5-60,https://images.pokemontcg.io/ex5/60_hires.png,2026/08/08,2026/02/22,0.25,0.10000000149011612,0.2800000011920929,20.290000915527344,,4.99,,,,0.2307,0.0231,0.1384,5.756,0.3806999921798706,0.1038,0.1846,5.7675,4.0719,3.945,1.1535,2026-08-09
sm2-63,Machop,normal,Guardians Rising,63,Common,Masakazu Fukuda,Basic,66,Pokémon,2017/05/05,"tcgplayer,cardmarket",https://prices.pokemontcg.io/tcgplayer/sm2-63,https://images.pokemontcg.io/sm2/63_hires.png,2026/08/08,2026/02/01,0.17,0.019999999552965164,0.1899999976158142,19.979999542236328,,0.36,,,,0.0461,0.0231,0.0231,0.4268,0.023099999874830246,0.0461,0.0692,0.8074,0.4268,0.3691,1.1535,2026-08-09
swsh4-64,Clefable,normal,Vivid Voltage,64,Rare,Saya Tsuruta,Stage 1,36,Pokémon,2020/11/13,"tcgplayer,cardmarket",https://prices.pokemontcg.io/tcgplayer/swsh4-64,https://images.pokemontcg.io/swsh4/64_hires.png,2026/08/08,2026/01/21,0.32,0.10000000149011612,0.33000001311302185,999.989990234375,,0.73,,,,0.2192,0.0231,0.1961,0.4614,0.13840000331401825,0.2076,0.2538,0.4499,0.3922,0.496,1.1535,2026-08-09
bw4-72,Shiftry,normal,Next Destinies,72,Rare,match,Stage 2,275,Pokémon,2012/02/08,"tcgplayer,cardmarket",https://prices.pokemontcg.io/tcgplayer/bw4-72,https://images.pokemontcg.io/bw4/72_hires.png,2026/08/08,2026/01/21,0.72,0.44999998807907104,0.75,19.979999542236328,,0.96,,,,0.9805,0.0231,0.9113,0.0,0.15000000596046448,0.8536,0.992,1.6149,1.8225,1.6726,1.1535,2026-08-09
xy2-76,Pidgeotto,normal,Flashfire,76,Uncommon,Shin Nagasawa,Stage 1,17,Pokémon,2014/05/07,"tcgplayer,cardmarket",https://prices.pokemontcg.io/tcgplayer/xy2-76,https://images.pokemontcg.io/xy2/76_hires.png,2026/08/08,2026/01/19,0.41,0.1599999964237213,0.38999998569488525,19.989999771118164,,1.79,,,,0.1154,0.0231,0.1384,1.4765,0.05770000070333481,0.1038,0.15,2.307,1.3496,1.1189,1.1535,2026-08-09
dp5-65,Glameow,normal,Majestic Dawn,65,Common,Masakazu Fukuda,Basic,431,Pokémon,2008/05/01,"tcgplayer,cardmarket",https://prices.pokemontcg.io/tcgplayer/dp5-65,https://images.pokemontcg.io/dp5/65_hires.png,2026/08/08,2026/02/19,0.38,0.20000000298023224,0.36000001430511475,2.390000104904175,,4.07,,,,0.15,0.0231,0.1038,0.7613,0.05770000070333481,0.1384,0.15,0.6806,0.6229,0.6344,1.1535,2026-08-09
ex11-66,Dratini δ,normal,Delta Species,66,Common,Mitsuhiro Arita,Basic,147,Pokémon,2005/10/31,"tcgplayer,cardmarket",https://prices.pokemontcg.io/tcgplayer/ex11-66,https://images.pokemontcg.io/ex11/66_hires.png,2026/08/08,2026/02/19,3.36,1.9900000095367432,3.3299999237060547,38.099998474121094,,72.44,,,,5.4099,0.173,1.2227,17.291,3.4605000019073486,1.4649,3.9104,17.3025,18.8021,20.3823,1.1535,2026-08-09
xy6-64,Zekrom,holofoil,Roaring Skies,64,Rare Holo,kawayoo,Basic,644,Pokémon,2015/05/06,"tcgplayer,cardmarket",https://prices.pokemontcg.io/tcgplayer/xy6-64,https://images.pokemontcg.io/xy6/64_hires.png,2026/08/08,2026/02/01,1.83,0.30000001192092896,1.5299999713897705,17.8799991607666,,1.73,,,,1.165,0.1154,1.6034,2.4454,5.7444000244140625,1.8917,1.8917,0.669,1.984,2.5262,1.1535,2026-08-09
sm35-59,Energy Retrieval,normal,Shining Legends,59,Uncommon,Toyste Beach,Item,,Trainer,2017/10/06,"tcgplayer,cardmarket",https://prices.pokemontcg.io/tcgplayer/sm35-59,https://images.pokemontcg.io/sm35/59_hires.png,2026/08/08,2026/02/19,0.18,0.05000000074505806,0.20000000298023224,19.979999542236328,,0.34,,,,0.1269,0.0231,0.1038,0.4153,0.05770000070333481,0.1384,0.1615,0.346,0.4037,0.4729,1.1535,2026-08-09
ecard1-61,Raichu,normal,Expedition Base Set,61,Rare,Atsuko Nishida,Stage 1,26,Pokémon,2002/09/15,"tcgplayer,cardmarket",https://prices.pokemontcg.io/tcgplayer/ecard1-61,https://images.pokemontcg.io/ecard1/61_hires.png,2026/08/08,2026/02/19,17.54,24.5,24.989999771118164,99.30000305175781,,134.66,,,,5.7675,0.5652,3.1952,6.9556,7.105599880218506,4.5448,5.9405,5.3638,8.8127,25.0079,1.1535,2026-08-09
xy2-77,Pidgeot,normal,Flashfire,77,Rare,kawayoo,Stage 2,18,Pokémon,2014/05/07,"tcgplayer,cardmarket",https://prices.pokemontcg.io/tcgplayer/xy2-77,https://images.pokemontcg.io/xy2/77_hires.png,2026/08/08,2026/01/19,1.14,0.4000000059604645,1.100000023841858,111.12000274658203,,4.51,,,,0.5767,0.1154,0.8997,4.614,0.6920999884605408,0.9228,0.7382,4.614,1.7879,1.8571,1.1535,2026-08-09
dp5-66,Hippopotas,normal,Majestic Dawn,66,Common,Kent Kanetsuna,Basic,449,Pokémon,2008/05/01,"tcgplayer,cardmarket",https://prices.pokemontcg.io/tcgplayer/dp5-66,https://images.pokemontcg.io/dp5/66_hires.png,2026/08/08,2026/02/19,0.25,0.14000000059604645,0.28999999165534973,19.979999542236328,,1.22,,,,0.1961,0.0231,0.2192,0.6344,0.05770000070333481,0.346,0.2422,0.8882,0.8767,0.7728,1.1535,2026-08-09
sm10-59,Vikavolt,holofoil,Unbroken Bonds,59,Rare Holo,Hasuno,Stage 2,738,Pokémon,2019/05/03,"tcgplayer,cardmarket",https://prices.pokemontcg.io/tcgplayer/sm10-59,https://images.pokemontcg.io/sm10/59_hires.png,2026/08/08,2026/02/01,0.35,0.23999999463558197,0.4000000059604645,18.100000381469727,,0.42,,,,0.7498,0.2192,1.0612,0.6575,1.038100004196167,0.7844,0.9343,0.4037,0.669,1.0497,1.1535,2026-08-09
ex15-57,Nidoran ♂ δ,normal,Dragon Frontiers,57,Common,Midori Harada,Basic,32,Pokémon,2006/11/01,"tcgplayer,cardmarket",https://prices.pokemontcg.io/tcgplayer/ex15-57,https://images.pokemontcg.io/ex15/57_hires.png,2026/08/08,2026/02/19,1.18,0.44999998807907104,1.2300000190734863,19.989999771118164,,21.76,,,,0.5883,0.0461,0.2192,5.4215,1.153499960899353,0.3114,0.6575,9.1588,5.5137,4.6486,1.1535,2026-08-09
sm3-65,Rhyhorn,normal,Burning Shadows,65,Common,miki kudo,Basic,111,Pokémon,2017/08/05,"tcgplayer,cardmarket",https://prices.pokemontcg.io/tcgplayer/sm3-65,https://images.pokemontcg.io/sm3/65_hires.png,2026/08/08,2026/01/21,0.1,0.009999999776482582,0.20000000298023224,19.979999542236328,,0.33,,,,0.0461,0.0231,0.0577,0.346,0.05770000070333481,0.0461,0.0461,0.5191,0.3576,0.2884,1.1535,2026-08-09
xy11-71,Klink,normal,Steam Siege,71,Common,Miki Tanaka,Basic,599,Pokémon,2016/08/03,"tcgplayer,cardmarket",https://prices.pokemontcg.io/tcgplayer/xy11-71,https://images.pokemontcg.io/xy11/71_hires.png,2026/08/08,2026/01/19,0.14,0.019999999552965164,0.20000000298023224,1000.0,,0.35,,,,0.0692,0.0231,0.0923,0.3576,0.219200000166893,0.0923,0.0923,0.5883,0.4499,0.3576,1.1535,2026-08-09
ex1-58,Makuhita,normal,Ruby & Sapphire,58,Common,Naoyo Kimura,Basic,296,Pokémon,2003/07/01,"tcgplayer,cardmarket",https://prices.pokemontcg.io/tcgplayer/ex1-58,https://images.pokemontcg.io/ex1/58_hires.png,2026/08/08,2026/02/21,0.89,0.33000001311302185,0.8700000047683716,20.979999542236328,,4.32,,,,0.3345,0.0231,0.4037,0.0,0.23070000112056732,0.4383,0.3576,4.614,5.2484,2.803,1.1535,2026-08-09
ecard3-35,Xatu,normal,Skyridge,35,Rare,Atsuko Nishida,Stage 1,178,Pokémon,2003/05/12,"tcgplayer,cardmarket",https://prices.pokemontcg.io/tcgplayer/ecard3-35,https://images.pokemontcg.io/ecard3/35_hires.png,2026/08/08,2026/02/04,6.65,4.550000190734863,17.469999313354492,79.69999694824219,,84.99,,,,1.6149,0.173,1.8802,0.0,0.6690000295639038,1.4534,1.5457,1.1535,14.1073,10.6929,1.1535,2026-08-09
base1-70,Clefairy Doll,normal,Base,70,Rare,Keiji Kinebuchi,,,Trainer,1999/01/09,"tcgplayer,cardmarket",https://prices.pokemontcg.io/tcgplayer/base1-70,https://images.pokemontcg.io/base1/70_hires.png,2026/08/08,2026/02/21,8.76,3.75,6.920000076293945,66.66000366210938,,,,,,8.4552,0.9113,7.0363,0.0,6.817200183868408,8.4206,8.7089,1.0151,2.6877,2.6877,1.1535,2026-08-09
neo2-61,Pineco,unlimited,Neo Discovery,61,Common,Tomokazu Komiya,Basic,204,Pokémon,2001/06/01,"tcgplayer,cardmarket",https://prices.pokemontcg.io/tcgplayer/neo2-61,https://images.pokemontcg.io/neo2/61_hires.png,2026/08/08,2026/06/21,0.76,0.25,0.75,20.760000228881836,,,,,"{""1stEdition"": {""low"": 1.25, ""mid"": 3.02, ""high"": 31.8, ""market"": 3.09, ""directLow"": null}}",0.6114,0.0231,0.5421,0.0,0.25380000472068787,0.6229,0.6114,0.0,0.0,0.0,1.1535,2026-08-09
gym2-71,Erika's Paras,unlimited,Gym Challenge,71,Common,Ken Sugimori,Basic,46,Pokémon,2000/10/16,"tcgplayer,cardmarket",https://prices.pokemontcg.io/tcgplayer/gym2-71,https://images.pokemontcg.io/gym2/71_hires.png,2026/08/08,2026/02/19,1.22,0.5,0.9900000095367432,9.989999771118164,,,,,"{""1stEdition"": {""low"": 1.98, ""mid"": 2.63, ""high"": 96.26, ""market"": 2.59, ""directLow"": 1.98}}",1.1074,0.1038,1.5111,0.0,0.8073999881744385,1.2689,1.0497,0.0,0.0,0.0,1.1535,2026-08-09
bw1-66,Purrloin,normal,Black & White,66,Common,Kagemaru Himeno,Basic,509,Pokémon,2011/04/25,"tcgplayer,cardmarket",https://prices.pokemontcg.io/tcgplayer/bw1-66,https://images.pokemontcg.io/bw1/66_hires.png,2026/08/08,2026/02/01,0.22,0.05000000074505806,0.25,19.979999542236328,,1.15,,,,0.1846,0.0231,0.1384,3.0337,0.10379999876022339,0.1269,0.1615,0.5767,1.5111,1.1766,1.1535,2026-08-09
swsh4-65,Girafarig,normal,Vivid Voltage,65,Uncommon,sowsow,Basic,203,Pokémon,2020/11/13,"tcgplayer,cardmarket",https://prices.pokemontcg.io/tcgplayer/swsh4-65,https://images.pokemontcg.io/swsh4/65_hires.png,2026/08/08,2026/01/21,0.07,0.009999999776482582,0.17000000178813934,25.09000015258789,,0.09,,,,0.0577,0.0231,0.0577,0.2999,0.023099999874830246,0.0461,0.0577,0.3576,0.1961,0.2999,1.1535,2026-08-09
bwp-BW57,Haxorus,holofoil,BW Black Star Promos,BW57,Promo,kawayoo,Stage 2,612,Pokémon,2011/03/01,"tcgplayer,cardmarket",https://prices.pokemontcg.io/tcgplayer/bwp-BW57,https://images.pokemontcg.io/bwp/BW57_hires.png,2026/08/08,2026/02/19,17.98,5.0,17.93000030517578,187.6999969482422,,,,,,15.2493,3.3451,9.8048,0.0,9.227999687194824,11.5004,9.3087,2.8838,2.8491,2.7453,1.1535,2026-08-09
dp3-73,Venomoth,normal,Secret Wonders,73,Uncommon,Mitsuhiro Arita,Stage 1,49,Pokémon,2007/11/01,"tcgplayer,cardmarket",https://prices.pokemontcg.io/tcgplayer/dp3-73,https://images.pokemontcg.io/dp3/73_hires.png,2026/08/08,2026/01/21,0.59,0.2800000011920929,0.5,19.979999542236328,,2.59,,,,0.346,0.0231,0.323,0.5537,0.23070000112056732,0.3922,0.3576,0.819,0.646,0.7498,1.1535,2026-08-09
bw9-69,Krokorok,normal,Plasma Freeze,69,Uncommon,Midori Harada,Stage 1,552,Pokémon,2013/05/08,"tcgplayer,cardmarket",https://prices.pokemontcg.io/tcgplayer/bw9-69,https://images.pokemontcg.io/bw9/69_hires.png,2026/08/08,2026/01/21,0.3,0.10999999940395355,0.30000001192092896,19.979999542236328,,0.71,,,,0.3576,0.0231,0.2768,2.2032,0.28839999437332153,0.2307,0.2653,1.7187,1.4303,0.9805,1.1535,2026-08-09
pl1-69,Chansey,normal,Platinum,69,Common,Kouki Saitou,Basic,113,Pokémon,2009/02/11,"tcgplayer,cardmarket",https://prices.pokemontcg.io/tcgplayer/pl1-69,https://images.pokemontcg.io/pl1/69_hires.png,2026/08/08,2026/02/01,2.52,0.30000001192092896,0.949999988079071,49.9900016784668,,6.0,,,,0.2307,0.0231,0.1961,1.2112,0.40369999408721924,0.2768,0.2768,0.2307,1.4073,1.5918,1.1535,2026-08-09
g1-56,Dodrio,normal,Generations,56,Rare,TOKIYA,Stage 1,85,Pokémon,2016/02/22,"tcgplayer,cardmarket",https://prices.pokemontcg.io/tcgplayer/g1-56,https://images.pokemontcg.io/g1/56_hires.png,2026/08/08,2026/02/19,0.35,0.10000000149011612,0.36000001430511475,29.989999771118164,,1.82,,,,0.4153,0.0577,0.4729,2.1109,0.28839999437332153,0.5306,0.4268,2.8838,2.4916,3.0337,1.1535,2026-08-09
xyp-XY59,Salamence,holofoil,XY Black Star Promos,XY59,Promo,Naoki Saito,Stage 2,373,Pokémon,2013/10/12,"tcgplayer,cardmarket",https://prices.pokemontcg.io/tcgplayer/xyp-XY59,https://images.pokemontcg.io/xyp/XY59_hires.png,2026/08/08,2026/02/04,44.71,27.0,34.9900016784668,350.0,,,,,,14.6841,6.921,16.5643,0.0,17.18709945678711,14.4072,17.4871,6.9095,4.5448,2.9414,1.1535,2026-08-09
sm75-65,Reshiram-GX,holofoil,Dragon Majesty,65,Rare Ultra,PLANETA Igarashi,Basic|GX,643,Pokémon,2018/09/07,"tcgplayer,cardmarket",https://prices.pokemontcg.io/tcgplayer/sm75-65,https://images.pokemontcg.io/sm75/65_hires.png,2026/08/08,2026/02/01,31.27,24.989999771118164,40.9900016784668,333.9200134277344,,,,,,25.227,8.6512,16.6681,0.0,16.72570037841797,23.4391,24.9387,20.763,14.6379,12.9653,1.1535,2026-08-09
sm1-65,Cosmoem,normal,Sun & Moon,65,Rare,Sanosuke Sakuma,Stage 1,790,Pokémon,2017/02/03,"tcgplayer,cardmarket",https://prices.pokemontcg.io/tcgplayer/sm1-65,https://images.pokemontcg.io/sm1/65_hires.png,2026/08/08,2026/01/21,0.22,0.009999999776482582,0.25,18.079999923706055,,0.52,,,,0.15,0.0231,0.2192,0.4268,0.23070000112056732,0.1846,0.1615,0.2884,0.4153,0.3922,1.1535,2026-08-09
neo3-63,Rocket's Hideout,unlimited,Neo Revelation,63,Uncommon,Keiji Kinebuchi,Stadium,,Trainer,2001/09/21,"tcgplayer,cardmarket",https://prices.pokemontcg.io/tcgplayer/neo3-63,https://images.pokemontcg.io/neo3/63_hires.png,2026/08/08,2026/03/07,12.43,3.549999952316284,11.029999732971191,319.489990234375,,,,,"{""1stEdition"": {""low"": 23.24, ""mid"": 44.34, ""high"": 2500.0, ""market"": 39.93, ""directLow"": null}}",3.6681,0.0346,3.1029,0.0,1.7187000513076782,2.3301,3.2644,0.0,0.0,0.0,1.1535,2026-08-09
gym1-69,Brock's Onix,unlimited,Gym Heroes,69,Common,Ken Sugimori,Basic,95,Pokémon,2000/08/14,"tcgplayer,cardmarket",https://prices.pokemontcg.io/tcgplayer/gym1-69,https://images.pokemontcg.io/gym1/69_hires.png,2026/08/08,2026/02/19,1.85,0.25,1.0,4.989999771118164,,,,,"{""1stEdition"": {""low"": 2.77, ""mid"": 6.0, ""high"": 57.1, ""market"": 6.57, ""directLow"": 33.9}}",1.3727,0.0692,2.0302,0.0,0.9689000248908997,1.5226,1.2689,2.8838,2.8838,2.8838,1.1535,2026-08-09
hgss4-67,Machop,normal,HS—Triumphant,67,Common,Shin Nagasawa,Basic,66,Pokémon,2010/11/03,"tcgplayer,cardmarket",https://prices.pokemontcg.io/tcgplayer/hgss4-67,https://images.pokemontcg.io/hgss4/67_hires.png,2026/08/08,2026/02/19,0.28,0.20000000298023224,0.30000001192092896,19.979999542236328,,2.07,,,,0.2538,0.0231,0.2422,1.8225,0.09229999780654907,0.2192,0.2538,0.5767,1.7764,1.5572,1.1535,2026-08-09
ex16-61,Shuppet,normal,Power Keepers,61,Common,Ken Sugimori,Basic,353,Pokémon,2007/02/02,"tcgplayer,cardmarket",https://prices.pokemontcg.io/tcgplayer/ex16-61,https://images.pokemontcg.io/ex16/61_hires.png,2026/08/08,2026/02/22,0.58,0.18000000715255737,0.49000000953674316,19.979999542236328,,27.46,,,,0.1961,0.0231,0.1615,6.0559,0.10379999876022339,0.1846,0.1846,1.4419,5.8598,3.3567,1.1535,2026-08-09
dp6-66,Mightyena,normal,Legends Awakened,66,Uncommon,Masakazu Fukuda,Stage 1,262,Pokémon,2008/08/01,"tcgplayer,cardmarket",https://prices.pokemontcg.io/tcgplayer/dp6-66,https://images.pokemontcg.io/dp6/66_hires.png,2026/08/08,2026/02/04,1.47,0.5,1.4299999475479126,19.979999542236328,,22.5,,,,0.9459,0.0346,0.6344,3.5412,0.34599998593330383,0.9113,0.5652,1.0266,2.63,2.2493,1.1535,2026-08-09
bw4-73,Scraggy,normal,Next Destinies,73,Uncommon,Mizue,Basic,559,Pokémon,2012/02/08,"tcgplayer,cardmarket",https://prices.pokemontcg.io/tcgplayer/bw4-73,https://images.pokemontcg.io/bw4/73_hires.png,2026/08/08,2026/01/21,0.32,0.10000000149011612,0.28999999165534973,5.0,,0.61,,,,0.15,0.0231,0.1615,0.4845,0.28839999437332153,0.2076,0.1615,0.9228,0.5537,0.5306,1.1535,2026-08-09
ecard2-43,Vileplume,normal,Aquapolis,43,Rare,Kyoko Umemoto,Stage 2,45,Pokémon,2003/01/15,"tcgplayer,cardmarket",https://prices.pokemontcg.io/tcgplayer/ecard2-43,https://images.pokemontcg.io/ecard2/43_hires.png,2026/08/08,2026/02/04,20.7,22.0,28.0,409.79998779296875,,69.0,,,,4.6486,0.4614,5.1561,7.5554,3.4489998817443848,5.7906,4.3948,4.6025,7.0594,7.6016,1.1535,2026-08-09
base4-67,Bulbasaur,normal,Base Set 2,67,Common,Mitsuhiro Arita,Basic,1,Pokémon,2000/02/24,"tcgplayer,cardmarket",https://prices.pokemontcg.io/tcgplayer/base4-67,https://images.pokemontcg.io/base4/67_hires.png,2026/08/08,2026/02/22,4.88,0.5,1.7300000190734863,43.790000915527344,,,,,,2.134,0.3576,3.3567,0.0,10.958200454711914,3.1606,2.1916,10.3238,10.3238,10.3238,1.1535,2026-08-09
neo1-62,Horsea,unlimited,Neo Genesis,62,Common,Miki Tanaka,Basic,116,Pokémon,2000/12/16,"tcgplayer,cardmarket",https://prices.pokemontcg.io/tcgplayer/neo1-62,https://images.pokemontcg.io/neo1/62_hires.png,2026/08/08,2026/02/21,0.78,0.25,0.6899999976158142,19.979999542236328,,,,,"{""1stEdition"": {""low"": 1.1, ""mid"": 3.03, ""high"": 31.3, ""market"": 2.89, ""directLow"": null}}",0.9459,0.0231,0.9343,0.0,1.2111999988555908,0.8536,0.9689,0.0,0.0,0.0,1.1535,2026-08-09
sm11-63,Tynamo,normal,Unified Minds,63,Common,Mina Nakai,Basic,602,Pokémon,2019/08/02,"tcgplayer,cardmarket",https://prices.pokemontcg.io/tcgplayer/sm11-63,https://images.pokemontcg.io/sm11/63_hires.png,2026/08/08,2026/02/01,0.18,0.029999999329447746,0.20000000298023224,19.979999542236328,,0.27,,,,0.0807,0.0231,0.0692,0.2422,0.023099999874830246,0.0577,0.0807,0.1038,0.2307,0.3114,1.1535,2026-08-09
pl3-64,Loudred,normal,Supreme Victors,64,Uncommon,Atsuko Nishida,Stage 1,294,Pokémon,2009/08/19,"tcgplayer,cardmarket",https://prices.pokemontcg.io/tcgplayer/pl3-64,https://images.pokemontcg.io/pl3/64_hires.png,2026/08/08,2026/02/04,0.39,0.15000000596046448,0.38999998569488525,19.979999542236328,,1.25,,,,0.2884,0.0346,0.2422,0.0,0.219200000166893,0.2768,0.2422,0.8536,1.4534,0.9805,1.1535,2026-08-09
sm8-65,Popplio,normal,Lost Thunder,65,Common,Yusuke Ohmura,Basic,728,Pokémon,2018/11/02,"tcgplayer,cardmarket",https://prices.pokemontcg.io/tcgplayer/sm8-65,https://images.pokemontcg.io/sm8/65_hires.png,2026/08/08,2026/02/01,0.26,0.10000000149011612,0.2800000011920929,19.979999542236328,,0.54,,,,0.173,0.0231,0.173,0.5537,0.13840000331401825,0.1384,0.15,0.4499,0.5537,0.5883,1.1535,2026-08-09
swshp-SWSH063,Pikachu V,holofoil,SWSH Black Star Promos,SWSH063,Promo,Ryota Murayama,Basic|V,25,Pokémon,2019/11/15,"tcgplayer,cardmarket",https://prices.pokemontcg.io/tcgplayer/swshp-SWSH063,https://images.pokemontcg.io/swshp/SWSH063_hires.png,2026/08/08,2026/01/21,5.68,1.090000033378601,6.820000171661377,9999.0,,,,,,7.1978,3.4605,7.7054,0.0,5.882800102233887,6.3212,7.5208,6.9095,6.5519,7.6938,1.1535,2026-08-09
ex11-67,Drowzee,normal,Delta Species,67,Common,Tomokazu Komiya,Basic,96,Pokémon,2005/10/31,"tcgplayer,cardmarket",https://prices.pokemontcg.io/tcgplayer/ex11-67,https://images.pokemontcg.io/ex11/67_hires.png,2026/08/08,2026/02/19,4.79,2.0,3.950000047683716,25.600000381469727,,74.32,,,,2.3762,0.1038,3.0683,37.6041,4.498600006103516,3.2298,2.5608,57.6635,27.3956,12.7,1.1535,2026-08-09
sm115-69,Moltres & Zapdos & Articuno-GX,holofoil,Hidden Fates,69,Rare Rainbow,5ban Graphics,Basic|TAG TEAM|GX,144|145|146,Pokémon,2019/08/23,"tcgplayer,cardmarket",https://prices.pokemontcg.io/tcgplayer/sm115-69,https://images.pokemontcg.io/sm115/69_hires.png,2026/08/08,2026/02/01,43.63,42.0,48.599998474121094,169.97000122070312,,,,,,27.4648,11.535,35.6431,0.0,34.489601135253906,35.9661,26.8304,16.0798,16.7604,16.9449,1.1535,2026-08-09
dp7-61,Finneon,normal,Stormfront,61,Common,Kagemaru Himeno,Basic,456,Pokémon,2008/11/01,"tcgplayer,cardmarket",https://prices.pokemontcg.io/tcgplayer/dp7-61,https://images.pokemontcg.io/dp7/61_hires.png,2026/08/08,2026/02/19,0.28,0.10000000149011612,0.27000001072883606,19.979999542236328,,2.0,,,,0.1615,0.0231,0.15,0.7613,0.17299999296665192,0.15,0.1961,1.1535,0.7844,0.9574,1.1535,2026-08-09
ex13-68,Lileep δ,normal,Holon Phantoms,68,Common,Kagemaru Himeno,Stage 1,345,Pokémon,2006/05/01,"tcgplayer,cardmarket",https://prices.pokemontcg.io/tcgplayer/ex13-68,https://images.pokemontcg.io/ex13/68_hires.png,2026/08/08,2026/02/19,0.68,0.25,0.7099999785423279,19.440000534057617,,23.47,,,,0.4153,0.0346,0.6806,3.7489,0.7843999862670898,0.7152,0.5306,3.4605,4.3833,5.3522,1.1535,2026-08-09
sm4-60,Deino,normal,Crimson Invasion,60,Common,miki kudo,Basic,633,Pokémon,2017/11/03,"tcgplayer,cardmarket",https://prices.pokemontcg.io/tcgplayer/sm4-60,https://images.pokemontcg.io/sm4/60_hires.png,2026/08/08,2026/02/01,0.19,0.009999999776482582,0.20000000298023224,18.1200008392334,,0.32,,,,0.0807,0.0231,0.0923,0.3922,0.09229999780654907,0.1038,0.0807,0.173,0.4383,0.323,1.1535,2026-08-09
ex6-65,Jigglypuff,normal,FireRed & LeafGreen,65,Common,Kyoko Umemoto,Basic,39,Pokémon,2004/09/01,"tcgplayer,cardmarket",https://prices.pokemontcg.io/tcgplayer/ex6-65,https://images.pokemontcg.io/ex6/65_hires.png,2026/08/08,2026/02/04,3.51,2.369999885559082,4.269999980926514,34.900001525878906,,52.5,,,,1.2342,0.0461,0.992,6.3442,0.23070000112056732,1.2342,1.0843,6.3442,9.8624,10.8314,1.1535,2026-08-09
bw11-71,Gothorita,normal,Legendary Treasures,71,Uncommon,kirisAki,Stage 1,575,Pokémon,2013/11/06,"tcgplayer,cardmarket",https://prices.pokemontcg.io/tcgplayer/bw11-71,https://images.pokemontcg.io/bw11/71_hires.png,2026/08/08,2026/02/04,0.73,0.30000001192092896,0.6899999976158142,23.489999771118164,,3.94,,,,0.7844,0.2307,0.5652,5.7675,0.28839999437332153,0.496,0.5191,5.7675,3.945,1.8802,1.1535,2026-08-09
bw5-62,Sableye,normal,Dark Explorers,62,Uncommon,kawayoo,Basic,302,Pokémon,2012/05/09,"tcgplayer,cardmarket",https://prices.pokemontcg.io/tcgplayer/bw5-62,https://images.pokemontcg.io/bw5/62_hires.png,2026/08/08,2026/02/04,2.22,1.0,1.9900000095367432,28.760000228881836,,19.32,,,,0.3691,0.0231,0.4268,1.4534,0.40369999408721924,0.4037,0.346,1.0958,2.803,3.5412,1.1535,2026-08-09
hgss3-67,Slugma,normal,HS—Undaunted,67,Common,Yuka Morii,Basic,218,Pokémon,2010/08/18,"tcgplayer,cardmarket",https://prices.pokemontcg.io/tcgplayer/hgss3-67,https://images.pokemontcg.io/hgss3/67_hires.png,2026/08/08,2026/02/19,3.4,3.0,7.25,95.56999969482422,,16.75,,,,0.3576,0.0231,0.6575,1.1074,0.9228000044822693,0.5306,0.4037,0.173,0.646,0.8997,1.1535,2026-08-09
xy1-69,Sandile,normal,XY,69,Common,Sumiyoshi Kizuki,Basic,551,Pokémon,2014/02/05,"tcgplayer,cardmarket",https://prices.pokemontcg.io/tcgplayer/xy1-69,https://images.pokemontcg.io/xy1/69_hires.png,2026/08/08,2026/02/04,0.18,0.029999999329447746,0.23000000417232513,1000.0,,0.79,,,,0.1846,0.0231,0.1615,0.4499,0.09229999780654907,0.1615,0.1154,0.9228,0.5421,0.4614,1.1535,2026-08-09
dp4-62,Cacnea,normal,Great Encounters,62,Common,Saya Tsuruta,Basic,331,Pokémon,2008/02/01,"tcgplayer,cardmarket",https://prices.pokemontcg.io/tcgplayer/dp4-62,https://images.pokemontcg.io/dp4/62_hires.png,2026/08/08,2026/02/19,0.36,0.10000000149011612,0.3199999928474426,19.979999542236328,,1.53,,,,0.15,0.0231,0.1038,0.8421,0.10379999876022339,0.1038,0.15,1.1881,0.8767,0.7728,1.1535,2026-08-09
xy7-70,Ampharos Spirit Link,normal,Ancient Origins,70,Uncommon,5ban Graphics,Pokémon Tool,,Trainer,2015/08/12,"tcgplayer,cardmarket",https://prices.pokemontcg.io/tcgplayer/xy7-70,https://images.pokemontcg.io/xy7/70_hires.png,2026/08/08,2026/01/19,0.19,0.07000000029802322,0.25,1000.0,,0.59,,,,0.2538,0.0231,0.173,0.7152,0.15000000596046448,0.15,0.2192,0.2999,0.7844,0.5767,1.1535,2026-08-09
bw10-73,Porygon2,normal,Plasma Blast,73,Uncommon,HiRON,Stage 1,233,Pokémon,2013/08/14,"tcgplayer,cardmarket",https://prices.pokemontcg.io/tcgplayer/bw10-73,https://images.pokemontcg.io/bw10/73_hires.png,2026/08/08,2026/02/01,0.43,0.14000000059604645,0.4000000059604645,21.989999771118164,,1.04,,,,0.3114,0.0231,0.3807,0.8651,0.6920999884605408,0.3807,0.3114,0.5652,0.819,1.165,1.1535,2026-08-09
dp1-71,Bonsly,normal,Diamond & Pearl,71,Common,Midori Harada,Basic,438,Pokémon,2007/05/01,"tcgplayer,cardmarket",https://prices.pokemontcg.io/tcgplayer/dp1-71,https://images.pokemontcg.io/dp1/71_hires.png,2026/08/08,2026/02/19,21.68,11.0,17.270000457763672,203.91000366210938,,111.19,,,,1.2689,0.0461,0.3691,3.1837,1.280400037765503,0.8421,1.3496,11.5235,5.756,4.5794,1.1535,2026-08-09
ex10-68,Poliwhirl,normal,Unseen Forces,68,Common,Miki Tanaka,Stage 1,61,Pokémon,2005/08/01,"tcgplayer,cardmarket",https://prices.pokemontcg.io/tcgplayer/ex10-68,https://images.pokemontcg.io/ex10/68_hires.png,2026/08/08,2026/02/19,1.57,1.4800000190734863,1.8899999856948853,19.579999923706055,,48.87,,,,0.3691,0.0231,0.5191,20.7169,1.0958000421524048,0.6921,0.4383,6.3442,16.9103,13.4383,1.1535,2026-08-09
xy10-65,Jigglypuff,normal,Fates Collide,65,Common,Midori Harada,Basic,39,Pokémon,2016/05/02,"tcgplayer,cardmarket",https://prices.pokemontcg.io/tcgplayer/xy10-65,https://images.pokemontcg.io/xy10/65_hires.png,2026/08/08,2026/02/01,0.47,0.15000000596046448,0.44999998807907104,19.979999542236328,,0.95,,,,0.1154,0.0231,0.1384,0.5306,0.20759999752044678,0.1038,0.1154,0.346,0.346,0.6344,1.1535,2026-08-09
xy9-61,Doublade,normal,BREAKpoint,61,Uncommon,Hajime Kusajima,Stage 1,680,Pokémon,2016/02/03,"tcgplayer,cardmarket",https://prices.pokemontcg.io/tcgplayer/xy9-61,https://images.pokemontcg.io/xy9/61_hires.png,2026/08/08,2026/02/04,0.05,0.029999999329447746,0.20000000298023224,1000.0,,0.38,,,,0.1038,0.0231,0.1269,0.8882,0.05770000070333481,0.1038,0.1038,0.5767,0.819,0.7498,1.1535,2026-08-09
sm7-68,Deoxys,normal,Celestial Storm,68,Rare,Ayaka Yoshida,Basic,386,Pokémon,2018/08/03,"tcgplayer,cardmarket",https://prices.pokemontcg.io/tcgplayer/sm7-68,https://images.pokemontcg.io/sm7/68_hires.png,2026/08/08,2026/01/19,0.57,0.23000000417232513,0.6499999761581421,19.979999542236328,,4.24,,,,0.4729,0.1615,0.8421,1.3842,0.24220000207424164,0.5537,0.6806,1.3842,1.8225,2.2724,1.1535,2026-08-09
pl2-64,Hippopotas,normal,Rising Rivals,64,Common,kawayoo,Basic,449,Pokémon,2009/05/16,"tcgplayer,cardmarket",https://prices.pokemontcg.io/tcgplayer/pl2-64,https://images.pokemontcg.io/pl2/64_hires.png,2026/08/08,2026/02/19,0.34,0.009999999776482582,0.3199999928474426,19.979999542236328,,5.37,,,,0.1269,0.0231,0.2076,0.6921,0.05770000070333481,0.1615,0.1269,0.346,0.9689,1.1881,1.1535,2026-08-09
ex8-67,Nincada,normal,Deoxys,67,Common,Yukiko Baba,Basic,290,Pokémon,2005/02/01,"tcgplayer,cardmarket",https://prices.pokemontcg.io/tcgplayer/ex8-67,https://images.pokemontcg.io/ex8/67_hires.png,2026/08/08,2026/02/19,0.4,0.09000000357627869,0.4000000059604645,20.399999618530273,,14.89,,,,0.2768,0.0231,0.4268,4.614,0.20759999752044678,0.6575,0.4153,4.614,3.8873,3.7489,1.1535,2026-08-09
xy6-65,Spearow,normal,Roaring Skies,65,Common,Masakazu Fukuda,Basic,21,Pokémon,2015/05/06,"tcgplayer,cardmarket",https://prices.pokemontcg.io/tcgplayer/xy6-65,https://images.pokemontcg.io/xy6/65_hires.png,2026/08/08,2026/01/21,0.15,0.029999999329447746,0.20000000298023224,4.0,,0.3,,,,0.1038,0.0231,0.0923,0.346,0.04610000178217888,0.0923,0.0923,0.346,0.4268,0.3807,1.1535,2026-08-09
ex3-69,Numel,normal,Dragon,69,Common,Yuka Morii,Basic,322,Pokémon,2003/11/24,"tcgplayer,cardmarket",https://prices.pokemontcg.io/tcgplayer/ex3-69,https://images.pokemontcg.io/ex3/69_hires.png,2026/08/08,2026/02/22,1.33,0.44999998807907104,1.2300000190734863,21.270000457763672,,11.78,,,,0.4499,0.0231,0.5767,5.26,0.6920999884605408,0.4614,0.4845,5.0754,3.4836,3.299,1.1535,2026-08-09
xy3-56,Mienfoo,normal,Furious Fists,56,Common,Shigenori Negishi,Basic,619,Pokémon,2014/08/13,"tcgplayer,cardmarket",https://prices.pokemontcg.io/tcgplayer/xy3-56,https://images.pokemontcg.io/xy3/56_hires.png,2026/08/08,2026/02/04,0.2,0.019999999552965164,0.2199999988079071,1000.0,,0.39,,,,0.15,0.0231,0.0923,0.496,0.023099999874830246,0.1038,0.0807,0.8074,0.5537,0.3114,1.1535,2026-08-09
sma-SV62,Nihilego-GX,holofoil,Hidden Fates Shiny Vault,SV62,Rare Shiny GX,5ban Graphics,Basic|GX|Ultra Beast,793,Pokémon,2019/08/23,"tcgplayer,cardmarket",https://prices.pokemontcg.io/tcgplayer/sma-SV62,https://images.pokemontcg.io/sma/SV62_hires.png,2026/08/08,2026/02/01,18.88,15.029999732971191,19.020000457763672,317.0,,,,,,11.0621,7.4977,10.9813,0.0,9.654800415039062,9.378,10.2777,13.842,12.85,14.834,1.1535,2026-08-09
base2-59,Paras,unlimited,Jungle,59,Common,Ken Sugimori,Basic,46,Pokémon,1999/06/16,"tcgplayer,cardmarket",https://prices.pokemontcg.io/tcgplayer/base2-59,https://images.pokemontcg.io/base2/59_hires.png,2026/08/08,2026/06/21,0.4,0.05000000074505806,0.4699999988079071,15.40999984741211,,,,,"{""1stEdition"": {""low"": 0.75, ""mid"": 2.21, ""high"": 19.99, ""market"": 2.21, ""directLow"": 2.95}}",0.5767,0.0231,0.5998,0.0,1.6726000308990479,0.5075,0.5767,0.3345,0.346,0.346,1.1535,2026-08-09
ex4-70,Team Magma Schemer,normal,Team Magma vs Team Aqua,70,Common,Ken Sugimori,Supporter,,Trainer,2004/03/01,"tcgplayer,cardmarket",https://prices.pokemontcg.io/tcgplayer/ex4-70,https://images.pokemontcg.io/ex4/70_hires.png,2026/08/08,2026/02/19,0.47,0.11999999731779099,0.4699999988079071,20.549999237060547,,6.67,,,,0.2768,0.0231,0.2538,2.2955,0.28839999437332153,0.2422,0.2307,2.2955,2.9645,2.3993,1.1535,2026-08-09
base6-63,Seadra,normal,Legendary Collection,63,Uncommon,Ken Sugimori,Stage 1,117,Pokémon,2002/05/24,"tcgplayer,cardmarket",https://prices.pokemontcg.io/tcgplayer/base6-63,https://images.pokemontcg.io/base6/63_hires.png,2026/08/08,2026/02/19,2.05,0.9300000071525574,1.7300000190734863,18.030000686645508,,80.01,,,,0.8651,0.2884,0.646,207.63,0.3921999931335449,0.6921,0.8997,19.6095,81.2295,42.4834,1.1535,2026-08-09
sm9-71,Mankey,normal,Team Up,71,Common,Akira Komayama,Basic,56,Pokémon,2019/02/01,"tcgplayer,cardmarket",https://prices.pokemontcg.io/tcgplayer/sm9-71,https://images.pokemontcg.io/sm9/71_hires.png,2026/08/08,2026/01/19,0.23,0.03999999910593033,0.23000000417232513,19.979999542236328,,0.4,,,,0.1961,0.0231,0.1961,0.2538,0.05770000070333481,0.1038,0.15,0.2538,0.2768,0.3576,1.1535,2026-08-09
hgss2-69,Weedle,normal,HS—Unleashed,69,Common,Kyoko Umemoto,Basic,13,Pokémon,2010/05/12,"tcgplayer,cardmarket",https://prices.pokemontcg.io/tcgplayer/hgss2-69,https://images.pokemontcg.io/hgss2/69_hires.png,2026/08/08,2026/02/01,0.5,0.25,0.46000000834465027,19.979999542236328,,2.56,,,,0.2307,0.0231,0.2307,2.3993,0.11540000140666962,0.2538,0.2076,0.2192,1.3035,1.1189,1.1535,2026-08-09
swsh2-64,Heliolisk,normal,Rebel Clash,64,Uncommon,SATOSHI NAKAI,Stage 1,695,Pokémon,2020/05/01,"tcgplayer,cardmarket",https://prices.pokemontcg.io/tcgplayer/swsh2-64,https://images.pokemontcg.io/swsh2/64_hires.png,2026/08/08,2026/01/21,0.07,0.019999999552965164,0.1899999976158142,19.979999542236328,,0.26,,,,0.0577,0.0231,0.0346,0.2076,0.023099999874830246,0.0692,0.0807,0.0577,0.1961,0.2422,1.1535,2026-08-09
smp-SM60,Charizard-GX,holofoil,SM Black Star Promos,SM60,Promo,5ban Graphics,Stage 2|GX,6,Pokémon,2017/02/03,"tcgplayer,cardmarket",https://prices.pokemontcg.io/tcgplayer/smp-SM60,https://images.pokemontcg.io/smp/SM60_hires.png,2026/08/08,2026/02/01,53.66,29.15999984741211,47.04999923706055,519.9000244140625,,,,,,32.6787,5.7675,39.4843,0.0,22.550899505615234,37.8117,32.8978,46.14,35.0203,39.8073,1.1535,2026-08-09
swsh1-69,Lanturn,normal,Sword & Shield,69,Rare,Naoyo Kimura,Stage 1,171,Pokémon,2020/02/07,"tcgplayer,cardmarket",https://prices.pokemontcg.io/tcgplayer/swsh1-69,https://images.pokemontcg.io/swsh1/69_hires.png,2026/08/08,2026/01/21,0.2,0.03999999910593033,0.23999999463558197,19.979999542236328,,0.38,,,,0.2307,0.0231,0.2076,0.6806,0.11540000140666962,0.2307,0.2307,0.2307,0.646,0.8767,1.1535,2026-08-09
xy5-71,Tentacool,normal,Primal Clash,71,Uncommon,Mizue,Basic,72,Pokémon,2015/02/04,"tcgplayer,cardmarket",https://prices.pokemontcg.io/tcgplayer/xy5-71,https://images.pokemontcg.io/xy5/71_hires.png,2026/08/08,2026/01/19,1.36,0.800000011920929,1.4900000095367432,27.850000381469727,,10.38,,,,3.2759,0.173,3.5643,12.677,1.0266000032424927,2.6184,2.457,12.677,9.1011,6.9787,1.1535,2026-08-09
bw2-60,Sandile,normal,Emerging Powers,60,Common,Kagemaru Himeno,Basic,551,Pokémon,2011/08/31,"tcgplayer,cardmarket",https://prices.pokemontcg.io/tcgplayer/bw2-60,https://images.pokemontcg.io/bw2/60_hires.png,2026/08/08,2026/02/19,0.26,0.07999999821186066,0.25,17.420000076293945,,1.01,,,,0.0923,0.0231,0.1038,0.9113,0.09229999780654907,0.1154,0.1154,0.4614,1.0151,0.9228,1.1535,2026-08-09
sm12-69,Magneton,holofoil,Cosmic Eclipse,69,Rare Holo,Eske Yoshinob,Stage 1,82,Pokémon,2019/11/01,"tcgplayer,cardmarket",https://prices.pokemontcg.io/tcgplayer/sm12-69,https://images.pokemontcg.io/sm12/69_hires.png,2026/08/08,2026/01/21,1.3,0.5,1.309999942779541,89.0,,1.28,,,,1.1881,0.2884,1.2804,1.7764,0.57669997215271,0.9574,1.4765,1.4419,1.6841,1.8571,1.1535,2026-08-09
ex7-67,Mareep,normal,Team Rocket Returns,67,Common,Naoyo Kimura,Basic,179,Pokémon,2004/11/01,"tcgplayer,cardmarket",https://prices.pokemontcg.io/tcgplayer/ex7-67,https://images.pokemontcg.io/ex7/67_hires.png,2026/08/08,2026/02/19,2.65,1.0,2.5299999713897705,29.989999771118164,,50.5,,,,0.6114,0.0231,0.3922,118.8105,0.05770000070333481,0.1846,0.5998,6.921,53.6724,18.6982,1.1535,2026-08-09
sm5-68,Hippopotas,normal,Ultra Prism,68,Common,Yumi,Basic,449,Pokémon,2018/02/02,"tcgplayer,cardmarket",https://prices.pokemontcg.io/tcgplayer/sm5-68,https://images.pokemontcg.io/sm5/68_hires.png,2026/08/08,2026/01/19,0.04,0.019999999552965164,0.20000000298023224,19.979999542236328,,0.47,,,,0.0807,0.0231,0.0807,0.3576,0.05770000070333481,0.0807,0.0807,0.5652,0.4383,0.3345,1.1535,2026-08-09
swsh35-72,Grapploct V,holofoil,Champion's Path,72,Rare Ultra,PLANETA Igarashi,Basic|V,853,Pokémon,2020/09/25,"tcgplayer,cardmarket",https://prices.pokemontcg.io/tcgplayer/swsh35-72,https://images.pokemontcg.io/swsh35/72_hires.png,2026/08/08,2026/01/21,1.24,0.8999999761581421,1.4900000095367432,96.94999694824219,,,,,,1.7533,0.5767,1.6726,0.0,1.5341999530792236,1.4649,1.7418,2.48,2.2839,2.6761,1.1535,2026-08-09
hgss1-75,Meowth,normal,HeartGold & SoulSilver,75,Common,Kagemaru Himeno,Basic,52,Pokémon,2010/02/10,"tcgplayer,cardmarket",https://prices.pokemontcg.io/tcgplayer/hgss1-75,https://images.pokemontcg.io/hgss1/75_hires.png,2026/08/08,2026/02/01,1.76,0.15000000596046448,0.5099999904632568,19.799999237060547,,6.2,,,,0.2884,0.0231,0.2768,1.6264,0.2653000056743622,0.2076,0.2768,1.8802,1.2342,2.5146,1.1535,2026-08-09
bw7-70,Woobat,normal,Boundaries Crossed,70,Common,Miki Tanaka,Basic,527,Pokémon,2012/11/07,"tcgplayer,cardmarket",https://prices.pokemontcg.io/tcgplayer/bw7-70,https://images.pokemontcg.io/bw7/70_hires.png,2026/08/08,2026/02/01,0.31,0.1899999976158142,0.3199999928474426,19.979999542236328,,0.83,,,,0.173,0.0231,0.15,1.0958,0.23070000112056732,0.1961,0.173,0.1615,1.0612,0.7844,1.1535,2026-08-09
sm6-63,Croagunk,normal,Forbidden Light,63,Common,SATOSHI NAKAI,Basic,453,Pokémon,2018/05/04,"tcgplayer,cardmarket",https://prices.pokemontcg.io/tcgplayer/sm6-63,https://images.pokemontcg.io/sm6/63_hires.png,2026/08/08,2026/01/21,0.17,0.009999999776482582,0.20000000298023224,19.979999542236328,,0.35,,,,0.1384,0.0231,0.1384,0.2653,0.023099999874830246,0.15,0.0923,0.173,0.2653,0.2884,1.1535,2026-08-09
ex2-62,Duskull,normal,Sandstorm,62,Common,Aya Kusube,Basic,355,Pokémon,2003/09/18,"tcgplayer,cardmarket",https://prices.pokemontcg.io/tcgplayer/ex2-62,https://images.pokemontcg.io/ex2/62_hires.png,2026/08/08,2026/02/19,1.94,0.6899999976158142,1.6100000143051147,22.200000762939453,,54.07,,,,0.6806,0.0461,0.4614,7.4401,0.25380000472068787,0.4153,0.6229,7.4401,17.0141,6.8403,1.1535,2026-08-09
pl4-70,Omanyte,normal,Arceus,70,Common,Aya Kusube,Stage 1,138,Pokémon,2009/11/04,"tcgplayer,cardmarket",https://prices.pokemontcg.io/tcgplayer/pl4-70,https://images.pokemontcg.io/pl4/70_hires.png,2026/08/08,2026/02/01,0.37,0.25,0.4000000059604645,18.760000228881836,,5.0,,,,0.2768,0.0231,0.3114,0.992,0.2653000056743622,0.1961,0.2884,1.7418,1.638,1.3381,1.1535,2026-08-09
col1-69,Relicanth,normal,Call of Legends,69,Common,Wataru Kawahara,Basic,369,Pokémon,2011/02/09,"tcgplayer,cardmarket",https://prices.pokemontcg.io/tcgplayer/col1-69,https://images.pokemontcg.io/col1/69_hires.png,2026/08/08,2026/02/04,0.34,0.10000000149011612,0.33000001311302185,19.979999542236328,,6.32,,,,0.4268,0.0231,0.2884,3.4028,0.28839999437332153,0.4037,0.669,3.4028,3.1606,3.6681,1.1535,2026-08-09
ex9-68,Taillow,normal,Emerald,68,Common,Naoyo Kimura,Basic,276,Pokémon,2005/05/01,"tcgplayer,cardmarket",https://prices.pokemontcg.io/tcgplayer/ex9-68,https://images.pokemontcg.io/ex9/68_hires.png,2026/08/08,2026/02/19,0.53,0.25,0.5199999809265137,18.559999465942383,,10.04,,,,0.3922,0.0231,0.4153,3.1491,0.8073999881744385,0.5306,0.4153,5.756,3.622,3.2529,1.1535,2026-08-09
xy12-64,Pidgeot-EX,holofoil,Evolutions,64,Rare Holo EX,Eske Yoshinob,Basic|EX,18,Pokémon,2016/11/02,"tcgplayer,cardmarket",https://prices.pokemontcg.io/tcgplayer/xy12-64,https://images.pokemontcg.io/xy12/64_hires.png,2026/08/08,2026/02/01,1.8,0.5,1.9700000286102295,18.479999542236328,,,,,,2.63,0.5652,3.0568,0.0,1.5917999744415283,3.5528,2.8607,2.307,2.4916,2.3531,1.1535,2026-08-09
ex5-61,Feebas,normal,Hidden Legends,61,Common,Tomokazu Komiya,Basic,349,Pokémon,2004/06/01,"tcgplayer,cardmarket",https://prices.pokemontcg.io/tcgplayer/ex5-61,https://images.pokemontcg.io/ex5/61_hires.png,2026/08/08,2026/02/22,3.96,2.990000009536743,3.940000057220459,59.900001525878906,,41.3,,,,0.5191,0.0231,0.9113,9.0665,0.23070000112056732,0.9459,0.7498,11.4773,10.5661,8.3744,1.1535,2026-08-09
neo4-69,Hitmonchan,unlimited,Neo Destiny,69,Common,Shin-ichi Yoshida,Basic,107,Pokémon,2002/02/28,"tcgplayer,cardmarket",https://prices.pokemontcg.io/tcgplayer/neo4-69,https://images.pokemontcg.io/neo4/69_hires.png,2026/08/08,2026/02/04,2.29,0.6200000047683716,1.3700000047683716,16.969999313354492,,,,,"{""1stEdition"": {""low"": 3.55, ""mid"": 6.28, ""high"": 55.83, ""market"": 5.98, ""directLow"": 15.99}}",3.0452,0.0461,3.0452,0.0,0.57669997215271,3.4144,2.6069,0.0,0.0,0.0,1.1535,2026-08-09
bwp-BW58,Black Kyurem,holofoil,BW Black Star Promos,BW58,Promo,Shin Nagasawa,Basic,646,Pokémon,2011/03/01,"tcgplayer,cardmarket",https://prices.pokemontcg.io/tcgplayer/bwp-BW58,https://images.pokemontcg.io/bwp/BW58_hires.png,2026/08/08,2026/02/19,21.67,9.0,18.420000076293945,237.89999389648438,,,,,,18.1561,5.7675,20.9822,0.0,18.156099319458008,18.1446,15.9644,4.614,5.5022,5.3176,1.1535,2026-08-09
base2-60,Pikachu,unlimited,Jungle,60,Common,Ken Sugimori,Basic,25,Pokémon,1999/06/16,"tcgplayer,cardmarket",https://prices.pokemontcg.io/tcgplayer/base2-60,https://images.pokemontcg.io/base2/60_hires.png,2026/08/08,2026/06/21,5.79,0.75,4.349999904632568,39.9900016784668,,,,,"{""1stEdition"": {""low"": 17.25, ""mid"": 26.73, ""high"": 149.99, ""market"": 26.69, ""directLow"": 24.99}}",4.3833,0.0577,7.8438,0.0,23.623699188232422,5.26,5.4561,0.8651,20.7284,12.1002,1.1535,2026-08-09
sm9-72,Primeape,normal,Team Up,72,Rare,Anesaki Dynamic,Stage 1,57,Pokémon,2019/02/01,"tcgplayer,cardmarket",https://prices.pokemontcg.io/tcgplayer/sm9-72,https://images.pokemontcg.io/sm9/72_hires.png,2026/08/08,2026/01/19,0.37,0.20000000298023224,0.4000000059604645,19.979999542236328,,1.21,,,,0.4614,0.0231,0.5306,1.2804,0.09229999780654907,0.4614,0.496,0.8074,1.6034,1.0612,1.1535,2026-08-09
xy6-66,Fearow,normal,Roaring Skies,66,Uncommon,Satoshi Shirai,Stage 1,22,Pokémon,2015/05/06,"tcgplayer,cardmarket",https://prices.pokemontcg.io/tcgplayer/xy6-66,https://images.pokemontcg.io/xy6/66_hires.png,2026/08/08,2026/01/21,0.15,0.009999999776482582,0.20000000298023224,1000.0,,0.37,,,,0.1846,0.0231,0.1615,0.5767,0.10379999876022339,0.1961,0.15,0.4614,0.6229,0.4729,1.1535,2026-08-09
xy7-71,Eco Arm,normal,Ancient Origins,71,Uncommon,Toyste Beach,Item,,Trainer,2015/08/12,"tcgplayer,cardmarket",https://prices.pokemontcg.io/tcgplayer/xy7-71,https://images.pokemontcg.io/xy7/71_hires.png,2026/08/08,2026/01/19,0.21,0.05999999865889549,0.2199999988079071,1000.0,,0.32,,,,0.1615,0.0231,0.0577,0.4153,0.18459999561309814,0.15,0.2307,0.2884,0.5191,0.5191,1.1535,2026-08-09
bw7-71,Swoobat,normal,Boundaries Crossed,71,Rare,Sumiyoshi Kizuki,Stage 1,528,Pokémon,2012/11/07,"tcgplayer,cardmarket",https://prices.pokemontcg.io/tcgplayer/bw7-71,https://images.pokemontcg.io/bw7/71_hires.png,2026/08/08,2026/01/21,0.58,0.3400000035762787,0.6000000238418579,40.0,,1.43,,,,1.1766,0.0231,0.7728,0.0,0.57669997215271,0.7959,0.6114,1.1535,1.2573,1.2112,1.1535,2026-08-09
sm8-66,Brionne,normal,Lost Thunder,66,Uncommon,Atsuko Nishida,Stage 1,729,Pokémon,2018/11/02,"tcgplayer,cardmarket",https://prices.pokemontcg.io/tcgplayer/sm8-66,https://images.pokemontcg.io/sm8/66_hires.png,2026/08/08,2026/02/01,0.72,0.25,0.7200000286102295,19.760000228881836,,8.4,,,,0.3345,0.0231,0.346,0.8767,0.17299999296665192,0.323,0.323,0.3345,1.6495,1.2112,1.1535,2026-08-09
neo1-63,Ledyba,unlimited,Neo Genesis,63,Common,Sumiyoshi Kizuki,Basic,165,Pokémon,2000/12/16,"tcgplayer,cardmarket",https://prices.pokemontcg.io/tcgplayer/neo1-63,https://images.pokemontcg.io/neo1/63_hires.png,2026/08/08,2026/02/21,1.09,0.28999999165534973,0.8500000238418579,23.489999771118164,,,,,"{""1stEdition"": {""low"": 1.19, ""mid"": 2.5, ""high"": 30.7, ""market"": 2.55, ""directLow"": null}}",0.6921,0.0231,0.6344,0.0,1.3265000581741333,0.819,0.7267,0.0,0.0,0.0,1.1535,2026-08-09
xy5-72,Tentacruel,normal,Primal Clash,72,Rare,match,Stage 1,73,Pokémon,2015/02/04,"tcgplayer,cardmarket",https://prices.pokemontcg.io/tcgplayer/xy5-72,https://images.pokemontcg.io/xy5/72_hires.png,2026/08/08,2026/01/19,0.58,0.25,0.5,2.990000009536743,,0.83,,,,0.669,0.1154,0.6575,1.1535,0.4499000012874603,0.646,0.6921,1.1535,0.6344,1.0151,1.1535,2026-08-09
swsh4-66,Shedinja,normal,Vivid Voltage,66,Rare,Tomokazu Komiya,Basic,292,Pokémon,2020/11/13,"tcgplayer,cardmarket",https://prices.pokemontcg.io/tcgplayer/swsh4-66,https://images.pokemontcg.io/swsh4/66_hires.png,2026/08/08,2026/01/21,0.37,0.10000000149011612,0.3700000047683716,999.989990234375,,0.66,,,,0.4037,0.0231,0.4037,0.5883,0.2768000066280365,0.5075,0.2768,0.2307,0.5191,0.7844,1.1535,2026-08-09
col1-70,Slowpoke,normal,Call of Legends,70,Common,Sumiyoshi Kizuki,Basic,79,Pokémon,2011/02/09,"tcgplayer,cardmarket",https://prices.pokemontcg.io/tcgplayer/col1-70,https://images.pokemontcg.io/col1/70_hires.png,2026/08/08,2026/02/04,0.91,0.3499999940395355,0.8799999952316284,5.0,,40.0,,,,1.4995,0.0231,1.2689,8.0745,0.4959999918937683,0.4845,0.8074,8.0745,11.7426,6.748,1.1535,2026-08-09
ex14-65,Torchic,normal,Crystal Guardians,65,Common,Sachiko Adachi,Basic,255,Pokémon,2006/08/01,"tcgplayer,cardmarket",https://prices.pokemontcg.io/tcgplayer/ex14-65,https://images.pokemontcg.io/ex14/65_hires.png,2026/08/08,2026/02/19,1.11,0.4099999964237213,1.100000023841858,19.979999542236328,,33.79,,,,1.0497,0.0231,0.323,3.4144,0.31139999628067017,0.3576,0.7959,4.5333,3.2644,5.4099,1.1535,2026-08-09
bw2-61,Krokorok,normal,Emerging Powers,61,Uncommon,Kagemaru Himeno,Stage 1,552,Pokémon,2011/08/31,"tcgplayer,cardmarket",https://prices.pokemontcg.io/tcgplayer/bw2-61,https://images.pokemontcg.io/bw2/61_hires.png,2026/08/08,2026/02/04,0.3,0.10000000149011612,0.28999999165534973,19.979999542236328,,0.66,,,,0.15,0.0231,0.1384,0.8536,0.03460000082850456,0.173,0.1615,0.9459,0.819,0.7613,1.1535,2026-08-09
sm12-70,Jolteon,normal,Cosmic Eclipse,70,Uncommon,Uta,Stage 1,135,Pokémon,2019/11/01,"tcgplayer,cardmarket",https://prices.pokemontcg.io/tcgplayer/sm12-70,https://images.pokemontcg.io/sm12/70_hires.png,2026/08/08,2026/01/19,0.77,0.20000000298023224,0.8100000023841858,19.6200008392334,,4.62,,,,0.4383,0.0577,0.4499,4.0949,0.36910000443458557,0.4153,0.4268,9.2165,4.3372,5.2369,1.1535,2026-08-09
swsh35-73,Hop,holofoil,Champion's Path,73,Rare Ultra,Naoki Saito,Supporter,,Trainer,2020/09/25,"tcgplayer,cardmarket",https://prices.pokemontcg.io/tcgplayer/swsh35-73,https://images.pokemontcg.io/swsh35/73_hires.png,2026/08/08,2026/01/21,1.58,0.49000000953674316,1.7599999904632568,80.0,,,,,,2.8376,0.8651,2.3647,0.0,2.9644999504089355,2.5492,2.7107,4.614,3.6335,3.7604,1.1535,2026-08-09
xy8-64,M Mewtwo-EX,holofoil,BREAKthrough,64,Rare Holo EX,5ban Graphics,MEGA|EX,150,Pokémon,2015/11/04,"tcgplayer,cardmarket",https://prices.pokemontcg.io/tcgplayer/xy8-64,https://images.pokemontcg.io/xy8/64_hires.png,2026/08/08,2026/02/01,37.92,22.969999313354492,37.849998474121094,79.9800033569336,,,,,,11.5235,5.7098,14.6494,0.0,6.9095001220703125,13.2652,11.362,5.7675,4.3256,4.3256,1.1535,2026-08-09
bw10-74,Porygon-Z,holofoil,Plasma Blast,74,Rare Holo,5ban Graphics,Stage 2|Team Plasma,474,Pokémon,2013/08/14,"tcgplayer,cardmarket",https://prices.pokemontcg.io/tcgplayer/bw10-74,https://images.pokemontcg.io/bw10/74_hires.png,2026/08/08,2026/02/01,4.36,0.7200000286102295,4.5,19.979999542236328,,3.15,,,,3.2183,0.2307,2.7107,3.449,4.037300109863281,2.8722,2.5723,2.8838,2.3877,2.2609,1.1535,2026-08-09
ex9-69,Torchic,normal,Emerald,69,Common,Midori Harada,Basic,255,Pokémon,2005/05/01,"tcgplayer,cardmarket",https://prices.pokemontcg.io/tcgplayer/ex9-69,https://images.pokemontcg.io/ex9/69_hires.png,2026/08/08,2026/02/19,0.86,0.25,0.8500000238418579,19.979999542236328,,109.17,,,,0.2307,0.0231,0.3576,16.3336,0.17299999296665192,0.2768,0.2307,8.0745,19.3788,15.5838,1.1535,2026-08-09
bw9-70,Krookodile,normal,Plasma Freeze,70,Rare,5ban Graphics,Stage 2|Team Plasma,553,Pokémon,2013/05/08,"tcgplayer,cardmarket",https://prices.pokemontcg.io/tcgplayer/bw9-70,https://images.pokemontcg.io/bw9/70_hires.png,2026/08/08,2026/01/21,3.44,1.6299999952316284,3.9800000190734863,44.79999923706055,,6.84,,,,0.8997,0.173,1.0497,12.2963,0.6920999884605408,0.9113,0.9805,2.1916,6.5865,4.1411,1.1535,2026-08-09
dp3-74,Vibrava,normal,Secret Wonders,74,Uncommon,Kouki Saitou,Stage 1,329,Pokémon,2007/11/01,"tcgplayer,cardmarket",https://prices.pokemontcg.io/tcgplayer/dp3-74,https://images.pokemontcg.io/dp3/74_hires.png,2026/08/08,2026/01/21,0.65,0.18000000715255737,0.5299999713897705,18.020000457763672,,2.28,,,,0.323,0.0231,0.2192,2.2493,0.5651999711990356,0.2999,0.2999,0.6344,1.1881,1.2573,1.1535,2026-08-09
bw11-72,Gothitelle,holofoil,Legendary Treasures,72,Rare Holo,kawayoo,Stage 2,576,Pokémon,2013/11/06,"tcgplayer,cardmarket",https://prices.pokemontcg.io/tcgplayer/bw11-72,https://images.pokemontcg.io/bw11/72_hires.png,2026/08/08,2026/02/04,1.83,1.2899999618530273,1.8300000429153442,29.989999771118164,,2.23,,,,2.9414,1.1535,3.2529,4.614,3.4605000019073486,4.1987,3.0683,4.614,4.0834,2.7569,1.1535,2026-08-09
ex4-71,Archie,normal,Team Magma vs Team Aqua,71,Uncommon,Ken Sugimori,Supporter,,Trainer,2004/03/01,"tcgplayer,cardmarket",https://prices.pokemontcg.io/tcgplayer/ex4-71,https://images.pokemontcg.io/ex4/71_hires.png,2026/08/08,2026/02/19,4.43,3.2300000190734863,4.980000019073486,79.69999694824219,,6.91,,,,2.0302,0.0231,2.2032,0.0,2.341599941253662,1.9609,2.2493,11.535,3.8065,3.968,1.1535,2026-08-09
ecard1-62,Rapidash,normal,Expedition Base Set,62,Rare,Kagemaru Himeno,Stage 1,78,Pokémon,2002/09/15,"tcgplayer,cardmarket",https://prices.pokemontcg.io/tcgplayer/ecard1-62,https://images.pokemontcg.io/ecard1/62_hires.png,2026/08/08,2026/02/19,14.16,15.0,18.190000534057617,261.67999267578125,,46.98,,,,2.7569,0.5767,3.4605,11.1082,4.602499961853027,3.795,5.0408,7.2209,10.8314,10.1739,1.1535,2026-08-09
bw6-67,Gigalith,holofoil,Dragons Exalted,67,Rare Holo,Ryo Ueda,Stage 2,526,Pokémon,2012/08/15,"tcgplayer,cardmarket",https://prices.pokemontcg.io/tcgplayer/bw6-67,https://images.pokemontcg.io/bw6/67_hires.png,2026/08/08,2026/02/01,0.97,0.49000000953674316,1.0499999523162842,19.979999542236328,,1.22,,,,2.0417,0.1154,2.1224,3.4605,0.51910001039505,2.0417,1.4995,1.1535,1.9148,1.4303,1.1535,2026-08-09
ex15-58,Pupitar,normal,Dragon Frontiers,58,Common,Yukiko Baba,Stage 1,247,Pokémon,2006/11/01,"tcgplayer,cardmarket",https://prices.pokemontcg.io/tcgplayer/ex15-58,https://images.pokemontcg.io/ex15/58_hires.png,2026/08/08,2026/02/19,0.35,0.15000000596046448,0.36000001430511475,19.979999542236328,,14.29,,,,0.2884,0.0231,0.346,6.3442,0.4959999918937683,0.346,0.3114,8.6512,6.0097,5.5368,1.1535,2026-08-09
bw8-68,Elgyem,normal,Plasma Storm,68,Common,Kouki Saitou,Basic,605,Pokémon,2013/02/06,"tcgplayer,cardmarket",https://prices.pokemontcg.io/tcgplayer/bw8-68,https://images.pokemontcg.io/bw8/68_hires.png,2026/08/08,2026/02/01,0.26,0.10000000149011612,0.25999999046325684,17.6200008392334,,0.4,,,,0.1384,0.0231,0.1154,1.3611,0.023099999874830246,0.0923,0.1615,0.4614,0.7382,0.5767,1.1535,2026-08-09
xy12-65,M Pidgeot-EX,holofoil,Evolutions,65,Rare Holo EX,5ban Graphics,MEGA|EX,18,Pokémon,2016/11/02,"tcgplayer,cardmarket",https://prices.pokemontcg.io/tcgplayer/xy12-65,https://images.pokemontcg.io/xy12/65_hires.png,2026/08/08,2026/02/01,4.62,2.7799999713897705,5.0,40.79999923706055,,,,,,6.3789,1.7302,7.913,0.0,5.352200031280518,7.5785,6.5519,3.3451,5.929,5.4215,1.1535,2026-08-09
sm4-61,Zweilous,normal,Crimson Invasion,61,Uncommon,kodama,Stage 1,634,Pokémon,2017/11/03,"tcgplayer,cardmarket",https://prices.pokemontcg.io/tcgplayer/sm4-61,https://images.pokemontcg.io/sm4/61_hires.png,2026/08/08,2026/02/01,0.17,0.019999999552965164,0.20000000298023224,16.579999923706055,,0.33,,,,0.0923,0.0231,0.1038,0.4845,0.08070000261068344,0.0923,0.0807,0.6229,0.4383,0.3691,1.1535,2026-08-09
ex12-73,Fieldworker,normal,Legend Maker,73,Uncommon,Ken Sugimori,Supporter,,Trainer,2006/02/01,"tcgplayer,cardmarket",https://prices.pokemontcg.io/tcgplayer/ex12-73,https://images.pokemontcg.io/ex12/73_hires.png,2026/08/08,2026/02/01,7.0,1.0,6.0,199.8000030517578,,60.91,,,,0.2422,0.0231,0.2538,23.0469,0.023099999874830246,0.323,0.2538,5.756,54.0184,32.8747,1.1535,2026-08-09
dp7-62,Gastly,normal,Stormfront,62,Common,Aya Kusube,Basic,92,Pokémon,2008/11/01,"tcgplayer,cardmarket",https://prices.pokemontcg.io/tcgplayer/dp7-62,https://images.pokemontcg.io/dp7/62_hires.png,2026/08/08,2026/02/19,3.46,1.0,3.1500000953674316,31.219999313354492,,39.93,,,,0.9343,0.0231,0.3345,1.6149,0.11540000140666962,0.3576,0.5537,4.6025,2.0302,2.5954,1.1535,2026-08-09
dp2-63,Shieldon,normal,Mysterious Treasures,63,Uncommon,Kouki Saitou,Stage 1,410,Pokémon,2007/08/01,"tcgplayer,cardmarket",https://prices.pokemontcg.io/tcgplayer/dp2-63,https://images.pokemontcg.io/dp2/63_hires.png,2026/08/08,2026/02/19,0.46,0.07999999821186066,0.4000000059604645,19.979999542236328,,2.96,,,,0.2192,0.0231,0.1961,0.5998,0.05770000070333481,0.1154,0.1961,0.5652,2.2493,1.4765,1.1535,2026-08-09
dp6-67,Ninjask,normal,Legends Awakened,67,Uncommon,Ken Sugimori,Stage 1,291,Pokémon,2008/08/01,"tcgplayer,cardmarket",https://prices.pokemontcg.io/tcgplayer/dp6-67,https://images.pokemontcg.io/dp6/67_hires.png,2026/08/08,2026/02/04,0.78,0.2800000011920929,0.6700000166893005,19.979999542236328,,2.2,,,,0.4383,0.0577,0.4614,0.2307,0.23070000112056732,0.346,0.4268,0.2307,0.9343,0.992,1.1535,2026-08-09
gym1-70,Brock's Rhyhorn,unlimited,Gym Heroes,70,Common,Ken Sugimori,Basic,111,Pokémon,2000/08/14,"tcgplayer,cardmarket",https://prices.pokemontcg.io/tcgplayer/gym1-70,https://images.pokemontcg.io/gym1/70_hires.png,2026/08/08,2026/02/19,0.94,0.30000001192092896,0.75,15.520000457763672,,,,,"{""1stEdition"": {""low"": 1.38, ""mid"": 2.19, ""high"": 26.9, ""market"": 2.24, ""directLow"": null}}",0.9689,0.0577,1.142,0.0,1.4419000148773193,0.819,0.9228,2.8838,2.8838,2.8838,1.1535,2026-08-09
base6-64,Snorlax,normal,Legendary Collection,64,Uncommon,Ken Sugimori,Basic,143,Pokémon,2002/05/24,"tcgplayer,cardmarket",https://prices.pokemontcg.io/tcgplayer/base6-64,https://images.pokemontcg.io/base6/64_hires.png,2026/08/08,2026/02/19,18.59,13.079999923706055,15.989999771118164,19.719999313354492,,651.0,,,,5.8136,0.5767,6.8864,1084.29,6.88640022277832,8.4898,8.7551,172.9096,439.9449,289.0786,1.1535,2026-08-09
hgss3-68,Sneasel,normal,HS—Undaunted,68,Common,Aya Kusube,Basic,215,Pokémon,2010/08/18,"tcgplayer,cardmarket",https://prices.pokemontcg.io/tcgplayer/hgss3-68,https://images.pokemontcg.io/hgss3/68_hires.png,2026/08/08,2026/02/19,0.47,0.18000000715255737,0.4399999976158142,19.979999542236328,,6.83,,,,0.2884,0.0231,0.323,0.7959,0.911300003528595,0.2884,0.2884,1.7302,1.2804,1.6034,1.1535,2026-08-09
xy2-78,Kangaskhan-EX,holofoil,Flashfire,78,Rare Holo EX,Eske Yoshinob,Basic|EX,115,Pokémon,2014/05/07,"tcgplayer,cardmarket",https://prices.pokemontcg.io/tcgplayer/xy2-78,https://images.pokemontcg.io/xy2/78_hires.png,2026/08/08,2026/01/16,2.68,1.5099999904632568,2.880000114440918,37.9900016784668,,,,,,2.6877,0.8074,3.7027,0.0,1.7302000522613525,3.8642,3.8065,1.8456,2.2839,2.2839,1.1535,2026-08-09
xy10-66,Wigglytuff,normal,Fates Collide,66,Uncommon,Mizue,Stage 1,40,Pokémon,2016/05/02,"tcgplayer,cardmarket",https://prices.pokemontcg.io/tcgplayer/xy10-66,https://images.pokemontcg.io/xy10/66_hires.png,2026/08/08,2026/02/01,0.98,0.30000001192092896,0.949999988079071,19.040000915527344,,3.28,,,,0.2768,0.0231,0.2884,1.3265,0.34599998593330383,0.2884,0.2653,0.8074,1.6726,1.2227,1.1535,2026-08-09
ex16-62,Skitty,normal,Power Keepers,62,Common,Tomokazu Komiya,Basic,300,Pokémon,2007/02/02,"tcgplayer,cardmarket",https://prices.pokemontcg.io/tcgplayer/ex16-62,https://images.pokemontcg.io/ex16/62_hires.png,2026/08/08,2026/02/22,1.68,0.9800000190734863,1.6799999475479126,19.989999771118164,,48.77,,,,0.346,0.0231,0.4268,1.7072,0.29989999532699585,0.3114,0.346,1.4188,3.5182,5.4676,1.1535,2026-08-09
dp4-63,Caterpie,normal,Great Encounters,63,Common,Midori Harada,Basic,10,Pokémon,2008/02/01,"tcgplayer,cardmarket",https://prices.pokemontcg.io/tcgplayer/dp4-63,https://images.pokemontcg.io/dp4/63_hires.png,2026/08/08,2026/02/19,0.6,0.27000001072883606,0.6000000238418579,19.5,,15.96,,,,0.2422,0.0231,0.2768,1.5226,0.6920999884605408,0.2999,0.2538,0.9228,1.2689,1.8571,1.1535,2026-08-09
pl4-71,Pikachu,normal,Arceus,71,Common,sui,Basic,25,Pokémon,2009/11/04,"tcgplayer,cardmarket",https://prices.pokemontcg.io/tcgplayer/pl4-71,https://images.pokemontcg.io/pl4/71_hires.png,2026/08/08,2026/02/01,6.82,4.0,6.579999923706055,41.5,,35.0,,,,2.0763,0.2884,2.4224,43.2563,1.9033000469207764,2.2724,2.2955,12.6885,23.4276,25.9537,1.1535,2026-08-09
bw4-74,Scrafty,holofoil,Next Destinies,74,Rare Holo,Naoki Saito,Stage 1,560,Pokémon,2012/02/08,"tcgplayer,cardmarket",https://prices.pokemontcg.io/tcgplayer/bw4-74,https://images.pokemontcg.io/bw4/74_hires.png,2026/08/08,2026/01/21,1.17,0.49000000953674316,1.0,19.920000076293945,,1.1,,,,0.9228,0.0346,1.0266,0.2307,2.0762999057769775,0.9805,1.1074,0.4499,1.5688,1.2919,1.1535,2026-08-09
swsh1-70,Joltik,normal,Sword & Shield,70,Common,Motofumi Fujiwara,Basic,595,Pokémon,2020/02/07,"tcgplayer,cardmarket",https://prices.pokemontcg.io/tcgplayer/swsh1-70,https://images.pokemontcg.io/swsh1/70_hires.png,2026/08/08,2026/01/19,0.11,0.029999999329447746,0.20000000298023224,19.979999542236328,,0.3,,,,0.1038,0.0231,0.1154,0.3114,0.17299999296665192,0.173,0.1038,0.5767,0.2768,0.3114,1.1535,2026-08-09
g1-57,Tauros,normal,Generations,57,Rare,Kagemaru Himeno,Basic,128,Pokémon,2016/02/22,"tcgplayer,cardmarket",https://prices.pokemontcg.io/tcgplayer/g1-57,https://images.pokemontcg.io/g1/57_hires.png,2026/08/08,2026/02/19,0.41,0.1599999964237213,0.4000000059604645,30.0,,0.71,,,,0.5421,0.0577,0.3576,1.2689,0.219200000166893,0.3691,0.4268,0.5191,1.0728,1.3496,1.1535,2026-08-09
base4-68,Caterpie,normal,Base Set 2,68,Common,Ken Sugimori,Basic,10,Pokémon,2000/02/24,"tcgplayer,cardmarket",https://prices.pokemontcg.io/tcgplayer/base4-68,https://images.pokemontcg.io/base4/68_hires.png,2026/08/08,2026/02/22,0.85,0.18000000715255737,0.5799999833106995,18.899999618530273,,,,,,0.5652,0.0923,0.4383,0.0,0.34599998593330383,0.4845,0.5652,0.1154,0.1154,0.1154,1.1535,2026-08-09
base1-71,Computer Search,normal,Base,71,Rare,Keiji Kinebuchi,,,Trainer,1999/01/09,"tcgplayer,cardmarket",https://prices.pokemontcg.io/tcgplayer/base1-71,https://images.pokemontcg.io/base1/71_hires.png,2026/08/08,2026/02/21,4.08,1.0,3.0,97.98999786376953,,,,,,16.0913,1.7302,21.4205,0.0,8.639699935913086,12.0195,23.4276,0.0,0.0,0.0,1.1535,2026-08-09
swsh2-65,Charjabug,normal,Rebel Clash,65,Uncommon,Masakazu Fukuda,Stage 1,737,Pokémon,2020/05/01,"tcgplayer,cardmarket",https://prices.pokemontcg.io/tcgplayer/swsh2-65,https://images.pokemontcg.io/swsh2/65_hires.png,2026/08/08,2026/01/21,0.17,0.009999999776482582,0.20000000298023224,19.979999542236328,,0.28,,,,0.1154,0.0231,0.1038,0.3691,0.23070000112056732,0.1846,0.1038,0.4499,0.2884,0.2538,1.1535,2026-08-09
sm3-66,Rhydon,normal,Burning Shadows,66,Uncommon,Sanosuke Sakuma,Stage 1,112,Pokémon,2017/08/05,"tcgplayer,cardmarket",https://prices.pokemontcg.io/tcgplayer/sm3-66,https://images.pokemontcg.io/sm3/66_hires.png,2026/08/08,2026/01/21,0.04,0.019999999552965164,0.20000000298023224,18.84000015258789,,0.32,,,,0.0807,0.0231,0.0807,0.2076,0.11540000140666962,0.0923,0.0807,0.5767,0.2768,0.2884,1.1535,2026-08-09
ex8-68,Numel,normal,Deoxys,68,Common,Tomokazu Komiya,Basic,322,Pokémon,2005/02/01,"tcgplayer,cardmarket",https://prices.pokemontcg.io/tcgplayer/ex8-68,https://images.pokemontcg.io/ex8/68_hires.png,2026/08/08,2026/02/19,0.74,0.15000000596046448,0.7400000095367432,20.989999771118164,,18.16,,,,0.3922,0.0231,0.8651,4.1411,0.4499000012874603,0.7728,0.4845,6.921,4.3602,5.6522,1.1535,2026-08-09
ex6-66,Krabby,normal,FireRed & LeafGreen,66,Common,Kouki Saitou,Basic,98,Pokémon,2004/09/01,"tcgplayer,cardmarket",https://prices.pokemontcg.io/tcgplayer/ex6-66,https://images.pokemontcg.io/ex6/66_hires.png,2026/08/08,2026/02/04,0.45,0.10000000149011612,0.4300000071525574,20.469999313354492,,13.5,,,,0.3576,0.0231,0.3576,4.5217,0.2768000066280365,0.6229,0.4614,0.1961,2.5723,5.0869,1.1535,2026-08-09
ex7-68,Marill,normal,Team Rocket Returns,68,Common,Sumiyoshi Kizuki,Basic,183,Pokémon,2004/11/01,"tcgplayer,cardmarket",https://prices.pokemontcg.io/tcgplayer/ex7-68,https://images.pokemontcg.io/ex7/68_hires.png,2026/08/08,2026/02/04,2.3,0.8700000047683716,2.299999952316284,24.989999771118164,,36.38,,,,0.6229,0.0231,0.6344,18.2368,0.8651000261306763,0.7498,0.4614,32.2519,18.0753,10.9352,1.1535,2026-08-09
neo2-62,Poliwag,unlimited,Neo Discovery,62,Common,Aya Kusube,Basic,60,Pokémon,2001/06/01,"tcgplayer,cardmarket",https://prices.pokemontcg.io/tcgplayer/neo2-62,https://images.pokemontcg.io/neo2/62_hires.png,2026/08/08,2026/06/21,1.28,0.3499999940395355,1.0,18.299999237060547,,,,,"{""1stEdition"": {""low"": 2.3, ""mid"": 7.89, ""high"": 53.2, ""market"": 7.29, ""directLow"": null}}",0.669,0.0231,0.7728,0.0,3.160599946975708,0.6921,0.6344,0.0577,0.0577,0.0577,1.1535,2026-08-09
bw5-63,Darkrai-EX,holofoil,Dark Explorers,63,Rare Holo EX,Shizurow,Basic|EX,491,Pokémon,2012/05/09,"tcgplayer,cardmarket",https://prices.pokemontcg.io/tcgplayer/bw5-63,https://images.pokemontcg.io/bw5/63_hires.png,2026/08/08,2026/02/01,19.08,8.0,11.520000457763672,133.0,,,,,,15.0878,5.7675,13.4037,0.0,9.227999687194824,11.7311,14.0842,4.614,7.417,7.9707,1.1535,2026-08-09
xy3-57,Mienshao,normal,Furious Fists,57,Uncommon,TOKIYA,Stage 1,620,Pokémon,2014/08/13,"tcgplayer,cardmarket",https://prices.pokemontcg.io/tcgplayer/xy3-57,https://images.pokemontcg.io/xy3/57_hires.png,2026/08/08,2026/02/04,0.28,0.07999999821186066,0.25,1000.0,,0.78,,,,0.3114,0.0231,0.2653,2.2955,0.3345000147819519,0.3114,0.1846,2.2955,0.8651,0.8074,1.1535,2026-08-09
sm2-64,Machoke,normal,Guardians Rising,64,Uncommon,Kouki Saitou,Stage 1,67,Pokémon,2017/05/05,"tcgplayer,cardmarket",https://prices.pokemontcg.io/tcgplayer/sm2-64,https://images.pokemontcg.io/sm2/64_hires.png,2026/08/08,2026/02/01,0.21,0.12999999523162842,0.25,19.979999542236328,,0.7,,,,0.0923,0.0231,0.1038,0.3691,0.23070000112056732,0.1154,0.1038,0.5652,0.346,0.4268,1.1535,2026-08-09
ex1-59,Mudkip,normal,Ruby & Sapphire,59,Common,Mitsuhiro Arita,Basic,258,Pokémon,2003/07/01,"tcgplayer,cardmarket",https://prices.pokemontcg.io/tcgplayer/ex1-59,https://images.pokemontcg.io/ex1/59_hires.png,2026/08/08,2026/02/21,7.82,1.8799999952316284,8.199999809265137,38.599998474121094,,45.67,,,,0.7844,0.0346,1.2112,4.5794,1.6726000308990479,0.9113,0.9113,0.9228,4.0603,5.5599,1.1535,2026-08-09
bw1-67,Liepard,normal,Black & White,67,Rare,Mitsuhiro Arita,Stage 1,510,Pokémon,2011/04/25,"tcgplayer,cardmarket",https://prices.pokemontcg.io/tcgplayer/bw1-67,https://images.pokemontcg.io/bw1/67_hires.png,2026/08/08,2026/02/01,1.03,0.5299999713897705,0.9700000286102295,19.979999542236328,,1.6,,,,0.8651,0.1154,0.8767,0.0,0.6805999875068665,0.992,0.7498,1.7187,1.4995,1.4995,1.1535,2026-08-09
sm75-66,Kingdra-GX,holofoil,Dragon Majesty,66,Rare Ultra,5ban Graphics,Stage 2|GX,230,Pokémon,2018/09/07,"tcgplayer,cardmarket",https://prices.pokemontcg.io/tcgplayer/sm75-66,https://images.pokemontcg.io/sm75/66_hires.png,2026/08/08,2026/02/01,12.39,12.0,14.0,98.80000305175781,,,,,,13.842,2.307,12.6654,0.0,6.921000003814697,11.8464,10.1854,9.228,10.6237,8.4321,1.1535,2026-08-09
sma-SV63,Naganadel-GX,holofoil,Hidden Fates Shiny Vault,SV63,Rare Shiny GX,5ban Graphics,Stage 1|GX|Ultra Beast,804,Pokémon,2019/08/23,"tcgplayer,cardmarket",https://prices.pokemontcg.io/tcgplayer/sma-SV63,https://images.pokemontcg.io/sma/SV63_hires.png,2026/08/08,2026/02/01,13.42,10.0,14.4399995803833,146.9199981689453,,,,,,7.4055,4.3256,7.6823,0.0,7.209400177001953,6.748,7.0363,15.4454,12.5155,11.9387,1.1535,2026-08-09
sm35-60,Great Ball,normal,Shining Legends,60,Uncommon,Ryo Ueda,Item,,Trainer,2017/10/06,"tcgplayer,cardmarket",https://prices.pokemontcg.io/tcgplayer/sm35-60,https://images.pokemontcg.io/sm35/60_hires.png,2026/08/08,2026/02/01,0.13,0.019999999552965164,0.20000000298023224,19.979999542236328,,0.36,,,,0.1269,0.0231,0.1038,0.2538,0.09229999780654907,0.1384,0.1038,0.7498,0.3345,0.3922,1.1535,2026-08-09
sm6-64,Toxicroak,normal,Forbidden Light,64,Rare,Hasuno,Stage 1,454,Pokémon,2018/05/04,"tcgplayer,cardmarket",https://prices.pokemontcg.io/tcgplayer/sm6-64,https://images.pokemontcg.io/sm6/64_hires.png,2026/08/08,2026/01/21,0.36,0.03999999910593033,0.3499999940395355,19.979999542236328,,0.59,,,,0.5075,0.0231,0.323,0.819,0.09229999780654907,0.2999,0.2538,0.5767,0.6344,0.8074,1.1535,2026-08-09
sm7-69,Deoxys,normal,Celestial Storm,69,Rare,Kouki Saitou,Basic,386,Pokémon,2018/08/03,"tcgplayer,cardmarket",https://prices.pokemontcg.io/tcgplayer/sm7-69,https://images.pokemontcg.io/sm7/69_hires.png,2026/08/08,2026/01/19,0.57,0.33000001311302185,0.6200000047683716,19.219999313354492,,3.39,,,,0.5998,0.1154,0.8536,4.1526,0.8651000261306763,0.646,0.7498,2.8722,4.1411,4.441,1.1535,2026-08-09
xy4-64,Escavalier,normal,Phantom Forces,64,Rare,Mitsuhiro Arita,Stage 1,589,Pokémon,2014/11/05,"tcgplayer,cardmarket",https://prices.pokemontcg.io/tcgplayer/xy4-64,https://images.pokemontcg.io/xy4/64_hires.png,2026/08/08,2026/02/04,0.3,0.1899999976158142,0.3199999928474426,17.420000076293945,,0.87,,,,0.4845,0.0577,0.4845,0.8651,0.8073999881744385,0.496,0.5421,0.8651,0.9689,1.0497,1.1535,2026-08-09
swsh3-62,Toxel,normal,Darkness Ablaze,62,Common,Akira Komayama,Basic,848,Pokémon,2020/08/14,"tcgplayer,cardmarket",https://prices.pokemontcg.io/tcgplayer/swsh3-62,https://images.pokemontcg.io/swsh3/62_hires.png,2026/08/08,2026/01/21,0.06,0.009999999776482582,0.15000000596046448,25.059999465942383,,0.27,,,,0.0577,0.0231,0.0692,0.2192,0.04610000178217888,0.0923,0.0461,0.1961,0.1615,0.2076,1.1535,2026-08-09
ex13-69,Magikarp δ,normal,Holon Phantoms,69,Common,Midori Harada,Basic,129,Pokémon,2006/05/01,"tcgplayer,cardmarket",https://prices.pokemontcg.io/tcgplayer/ex13-69,https://images.pokemontcg.io/ex13/69_hires.png,2026/08/08,2026/02/04,4.48,2.0,4.5,50.0,,143.62,,,,1.811,0.0577,1.6264,17.1295,2.5146000385284424,1.3265,1.6034,10.3238,13.1038,15.0532,1.1535,2026-08-09
hgss2-70,Zubat,normal,HS—Unleashed,70,Common,kawayoo,Basic,41,Pokémon,2010/05/12,"tcgplayer,cardmarket",https://prices.pokemontcg.io/tcgplayer/hgss2-70,https://images.pokemontcg.io/hgss2/70_hires.png,2026/08/08,2026/02/01,0.49,0.15000000596046448,0.3499999940395355,18.1200008392334,,15.0,,,,0.2076,0.0231,0.2768,1.5572,0.28839999437332153,0.2192,0.1961,2.2955,2.7915,1.9609,1.1535,2026-08-09
base5-64,Ponyta,unlimited,Team Rocket,64,Common,Atsuko Nishida,Basic,77,Pokémon,2000/04/24,"tcgplayer,cardmarket",https://prices.pokemontcg.io/tcgplayer/base5-64,https://images.pokemontcg.io/base5/64_hires.png,2026/08/08,2026/03/08,0.81,0.10000000149011612,0.5699999928474426,90.0,,,,,"{""1stEdition"": {""low"": 0.89, ""mid"": 1.95, ""high"": 40.0, ""market"": 1.97, ""directLow"": 1.3}}",0.6344,0.0231,0.7498,0.0,0.9574000239372253,0.8882,0.7613,0.346,0.346,0.346,1.1535,2026-08-09
bw3-64,Conkeldurr,holofoil,Noble Victories,64,Rare Holo,kawayoo,Stage 2,534,Pokémon,2011/11/16,"tcgplayer,cardmarket",https://prices.pokemontcg.io/tcgplayer/bw3-64,https://images.pokemontcg.io/bw3/64_hires.png,2026/08/08,2026/02/19,2.14,1.9700000286102295,2.990000009536743,36.29999923706055,,2.46,,,,2.5723,0.2307,3.2413,3.1721,7.786099910736084,4.3833,2.8953,2.5954,2.6646,2.9414,1.1535,2026-08-09
pl1-70,Chimchar,normal,Platinum,70,Common,Kouki Saitou,Basic,390,Pokémon,2009/02/11,"tcgplayer,cardmarket",https://prices.pokemontcg.io/tcgplayer/pl1-70,https://images.pokemontcg.io/pl1/70_hires.png,2026/08/08,2026/02/01,0.57,0.20000000298023224,0.49000000953674316,19.979999542236328,,4.7,,,,0.1961,0.0231,0.2192,4.1295,0.06920000165700912,0.1961,0.1846,4.1295,2.2032,1.7879,1.1535,2026-08-09
gym2-72,Giovanni's Machop,unlimited,Gym Challenge,72,Common,Ken Sugimori,Basic,66,Pokémon,2000/10/16,"tcgplayer,cardmarket",https://prices.pokemontcg.io/tcgplayer/gym2-72,https://images.pokemontcg.io/gym2/72_hires.png,2026/08/08,2026/02/04,1.68,0.30000001192092896,1.0,9.989999771118164,,,,,"{""1stEdition"": {""low"": 2.02, ""mid"": 5.04, ""high"": 96.9, ""market"": 4.61, ""directLow"": null}}",1.2342,0.0923,1.4765,0.0,0.8073999881744385,1.4303,1.3842,0.0,0.0,0.0,1.1535,2026-08-09
sm10-60,Zeraora,normal,Unbroken Bonds,60,Rare,kawayoo,Basic,807,Pokémon,2019/05/03,"tcgplayer,cardmarket",https://prices.pokemontcg.io/tcgplayer/sm10-60,https://images.pokemontcg.io/sm10/60_hires.png,2026/08/08,2026/02/01,0.61,0.20000000298023224,0.6000000238418579,19.979999542236328,,1.11,,,,0.646,0.0577,0.4614,2.1801,0.31139999628067017,0.5883,0.8767,2.2955,2.0994,1.5342,1.1535,2026-08-09
xy11-72,Klang,normal,Steam Siege,72,Uncommon,Shigenori Negishi,Stage 1,600,Pokémon,2016/08/03,"tcgplayer,cardmarket",https://prices.pokemontcg.io/tcgplayer/xy11-72,https://images.pokemontcg.io/xy11/72_hires.png,2026/08/08,2026/01/19,0.13,0.009999999776482582,0.20000000298023224,1000.0,,0.52,,,,0.0692,0.0231,0.0577,0.5883,0.11540000140666962,0.0923,0.0923,0.5767,0.7382,0.6114,1.1535,2026-08-09
xyp-XY60,Gyarados,holofoil,XY Black Star Promos,XY60,Promo,TOKIYA,Stage 1,130,Pokémon,2013/10/12,"tcgplayer,cardmarket",https://prices.pokemontcg.io/tcgplayer/xyp-XY60,https://images.pokemontcg.io/xyp/XY60_hires.png,2026/08/08,2026/02/04,423.88,324.989990234375,340.0,735.0,,,,,,252.5934,161.4785,218.6229,0.0,167.25750732421875,226.2129,154.073,51.9075,25.8038,15.9183,1.1535,2026-08-09
sm5-69,Hippowdon,normal,Ultra Prism,69,Rare,Shigenori Negishi,Stage 1,450,Pokémon,2018/02/02,"tcgplayer,cardmarket",https://prices.pokemontcg.io/tcgplayer/sm5-69,https://images.pokemontcg.io/sm5/69_hires.png,2026/08/08,2026/01/19,0.24,0.05999999865889549,0.2800000011920929,19.979999542236328,,0.25,,,,0.1269,0.0231,0.2307,0.6229,0.11540000140666962,0.173,0.1846,0.1154,0.496,0.4268,1.1535,2026-08-09
ex10-69,Porygon,normal,Unseen Forces,69,Common,Kagemaru Himeno,Basic,137,Pokémon,2005/08/01,"tcgplayer,cardmarket",https://prices.pokemontcg.io/tcgplayer/ex10-69,https://images.pokemontcg.io/ex10/69_hires.png,2026/08/08,2026/02/19,0.69,0.3100000023841858,0.6899999976158142,20.799999237060547,,32.75,,,,0.3114,0.0231,0.5421,8.7897,0.5997999906539917,0.4845,0.4614,11.5235,6.2635,6.3673,1.1535,2026-08-09
pl2-65,Houndoom E4,normal,Rising Rivals,65,Common,Masakazu Fukuda,Basic|SP,229,Pokémon,2009/05/16,"tcgplayer,cardmarket",https://prices.pokemontcg.io/tcgplayer/pl2-65,https://images.pokemontcg.io/pl2/65_hires.png,2026/08/08,2026/02/19,1.59,0.9800000190734863,1.3899999856948853,4.989999771118164,,6.46,,,,0.4037,0.0231,0.5075,3.8527,0.10379999876022339,0.496,0.4037,3.449,3.2644,3.2529,1.1535,2026-08-09
swshp-SWSH064,Eternatus V,holofoil,SWSH Black Star Promos,SWSH064,Promo,5ban Graphics,Basic|V,890,Pokémon,2019/11/15,"tcgplayer,cardmarket",https://prices.pokemontcg.io/tcgplayer/swshp-SWSH064,https://images.pokemontcg.io/swshp/SWSH064_hires.png,2026/08/08,2026/01/21,1.25,0.8199999928474426,1.4199999570846558,18.079999923706055,,,,,,2.3416,0.8651,2.2724,0.0,2.387700080871582,2.0417,2.2609,2.0186,3.7027,3.7258,1.1535,2026-08-09
neo3-64,Old Rod,unlimited,Neo Revelation,64,Common,Keiji Kinebuchi,,,Trainer,2001/09/21,"tcgplayer,cardmarket",https://prices.pokemontcg.io/tcgplayer/neo3-64,https://images.pokemontcg.io/neo3/64_hires.png,2026/08/08,2026/03/07,0.36,0.14000000059604645,0.4000000059604645,20.360000610351562,,,,,"{""1stEdition"": {""low"": 0.35, ""mid"": 0.8, ""high"": 4.99, ""market"": 0.75, ""directLow"": 0.75}}",0.3114,0.0231,0.3807,0.0,0.8190000057220459,0.3576,0.323,0.0,0.0,0.0,1.1535,2026-08-09
ecard3-36,Electrode,normal,Skyridge,36,Uncommon,Sumiyoshi Kizuki,Stage 1,101,Pokémon,2003/05/12,"tcgplayer,cardmarket",https://prices.pokemontcg.io/tcgplayer/ecard3-36,https://images.pokemontcg.io/ecard3/36_hires.png,2026/08/08,2026/02/04,14.89,11.989999771118164,20.899999618530273,198.10000610351562,,60.0,,,,2.7223,0.4499,3.472,10.2777,0.7498000264167786,3.5528,2.6415,10.3815,33.9821,15.2954,1.1535,2026-08-09
ex3-70,Numel,normal,Dragon,70,Common,Naoyo Kimura,Basic,322,Pokémon,2003/11/24,"tcgplayer,cardmarket",https://prices.pokemontcg.io/tcgplayer/ex3-70,https://images.pokemontcg.io/ex3/70_hires.png,2026/08/08,2026/02/22,0.83,0.4699999988079071,0.8299999833106995,19.979999542236328,,25.9,,,,0.4383,0.0231,0.6229,2.0763,0.46140000224113464,0.7036,0.5075,1.1304,1.9379,2.9991,1.1535,2026-08-09
neo4-70,Larvitar,unlimited,Neo Destiny,70,Common,Ken Sugimori,Basic,246,Pokémon,2002/02/28,"tcgplayer,cardmarket",https://prices.pokemontcg.io/tcgplayer/neo4-70,https://images.pokemontcg.io/neo4/70_hires.png,2026/08/08,2026/02/04,3.07,0.8600000143051147,1.5199999809265137,4.989999771118164,,,,,"{""1stEdition"": {""low"": 4.49, ""mid"": 8.97, ""high"": 71.28, ""market"": 9.41, ""directLow"": 19.99}}",1.3957,0.0231,1.638,0.0,6.921000003814697,1.8225,1.5457,0.0,0.0,0.0,1.1535,2026-08-09
pl3-65,Magmar,normal,Supreme Victors,65,Uncommon,Midori Harada,Basic,126,Pokémon,2009/08/19,"tcgplayer,cardmarket",https://prices.pokemontcg.io/tcgplayer/pl3-65,https://images.pokemontcg.io/pl3/65_hires.png,2026/08/08,2026/02/04,0.42,0.25,0.44999998807907104,19.979999542236328,,3.96,,,,0.5191,0.0577,0.3807,0.0,0.3230000138282776,0.3345,0.3807,0.2307,1.9148,1.8571,1.1535,2026-08-09
sm11-64,Tynamo,normal,Unified Minds,64,Common,SATOSHI NAKAI,Basic,602,Pokémon,2019/08/02,"tcgplayer,cardmarket",https://prices.pokemontcg.io/tcgplayer/sm11-64,https://images.pokemontcg.io/sm11/64_hires.png,2026/08/08,2026/02/01,0.18,0.019999999552965164,0.20000000298023224,19.979999542236328,,0.33,,,,0.0807,0.0231,0.1038,0.2076,0.023099999874830246,0.1154,0.0807,0.173,0.2076,0.2999,1.1535,2026-08-09
ex5-62,Gulpin,normal,Hidden Legends,62,Common,Yuka Morii,Basic,316,Pokémon,2004/06/01,"tcgplayer,cardmarket",https://prices.pokemontcg.io/tcgplayer/ex5-62,https://images.pokemontcg.io/ex5/62_hires.png,2026/08/08,2026/02/19,3.49,2.930000066757202,3.930000066757202,39.779998779296875,,30.19,,,,0.5075,0.0231,0.5191,0.0,0.17299999296665192,0.5191,0.5306,0.9343,3.4951,3.795,1.1535,2026-08-09
sm1-66,Lunala-GX,holofoil,Sun & Moon,66,Rare Holo GX,PLANETA,Stage 2|GX,792,Pokémon,2017/02/03,"tcgplayer,cardmarket",https://prices.pokemontcg.io/tcgplayer/sm1-66,https://images.pokemontcg.io/sm1/66_hires.png,2026/08/08,2026/01/21,3.85,1.9900000095367432,3.819999933242798,96.94000244140625,,,,,,0.0,1.1535,5.7098,0.0,11.523500442504883,5.8828,6.5865,5.7675,5.3061,4.764,1.1535,2026-08-09
smp-SM61,Tapu Bulu,holofoil,SM Black Star Promos,SM61,Promo,Megumi Mizutani,Basic,787,Pokémon,2017/02/03,"tcgplayer,cardmarket",https://prices.pokemontcg.io/tcgplayer/smp-SM61,https://images.pokemontcg.io/smp/SM61_hires.png,2026/08/08,2026/02/01,1.34,0.7200000286102295,1.0800000429153442,4318.77001953125,,,,,,4.291,1.1535,2.4108,0.0,4.025700092315674,2.4454,2.5377,2.1916,2.3185,2.2263,1.1535,2026-08-09
xy1-70,Krokorok,normal,XY,70,Uncommon,Akira Komayama,Stage 1,552,Pokémon,2014/02/05,"tcgplayer,cardmarket",https://prices.pokemontcg.io/tcgplayer/xy1-70,https://images.pokemontcg.io/xy1/70_hires.png,2026/08/08,2026/02/04,0.3,0.05000000074505806,0.25,19.979999542236328,,0.68,,,,0.1961,0.0231,0.1961,1.0266,0.23070000112056732,0.2307,0.173,2.0186,1.0035,0.8305,1.1535,2026-08-09
bw7-72,Venipede,normal,Boundaries Crossed,72,Common,Shigenori Negishi,Basic,543,Pokémon,2012/11/07,"tcgplayer,cardmarket",https://prices.pokemontcg.io/tcgplayer/bw7-72,https://images.pokemontcg.io/bw7/72_hires.png,2026/08/08,2026/01/21,0.41,0.1899999976158142,0.4099999964237213,19.979999542236328,,1.29,,,,0.1269,0.0231,0.1384,0.0,0.13840000331401825,0.1154,0.1615,0.173,0.6344,0.8651,1.1535,2026-08-09
sm3-67,Rhyperior,holofoil,Burning Shadows,67,Rare Holo,Mitsuhiro Arita,Stage 2,464,Pokémon,2017/08/05,"tcgplayer,cardmarket",https://prices.pokemontcg.io/tcgplayer/sm3-67,https://images.pokemontcg.io/sm3/67_hires.png,2026/08/08,2026/01/21,0.38,0.15000000596046448,0.4000000059604645,15.5600004196167,,0.31,,,,0.4037,0.0231,0.4383,0.5421,0.03460000082850456,0.4614,0.3576,0.1154,0.4499,0.5075,1.1535,2026-08-09
base4-69,Charmander,normal,Base Set 2,69,Common,Mitsuhiro Arita,Basic,4,Pokémon,2000/02/24,"tcgplayer,cardmarket",https://prices.pokemontcg.io/tcgplayer/base4-69,https://images.pokemontcg.io/base4/69_hires.png,2026/08/08,2026/02/22,1.6,0.30000001192092896,1.0,7.0,,,,,,1.5688,0.1154,2.2493,0.0,2.2955000400543213,1.9033,1.3957,4.5563,4.5563,4.5563,1.1535,2026-08-09
ex10-70,Pupitar,normal,Unseen Forces,70,Common,Aya Kusube,Stage 1,247,Pokémon,2005/08/01,"tcgplayer,cardmarket",https://prices.pokemontcg.io/tcgplayer/ex10-70,https://images.pokemontcg.io/ex10/70_hires.png,2026/08/08,2026/02/19,0.36,0.1899999976158142,0.38999998569488525,19.979999542236328,,13.61,,,,0.15,0.0231,0.1038,5.1677,0.23070000112056732,0.2768,0.1961,6.8633,5.8252,6.2404,1.1535,2026-08-09
ex7-69,Onix,normal,Team Rocket Returns,69,Common,Atsuko Nishida,Basic,95,Pokémon,2004/11/01,"tcgplayer,cardmarket",https://prices.pokemontcg.io/tcgplayer/ex7-69,https://images.pokemontcg.io/ex7/69_hires.png,2026/08/08,2026/02/01,0.92,0.75,1.0,19.979999542236328,,39.99,,,,0.8767,0.0577,0.992,18.456,1.0958000421524048,0.9689,0.9113,13.842,8.9973,9.8048,1.1535,2026-08-09
col1-71,Snubbull,normal,Call of Legends,71,Common,Mizue,Basic,209,Pokémon,2011/02/09,"tcgplayer,cardmarket",https://prices.pokemontcg.io/tcgplayer/col1-71,https://images.pokemontcg.io/col1/71_hires.png,2026/08/08,2026/02/01,0.4,0.09000000357627869,0.30000001192092896,19.979999542236328,,1.08,,,,0.1961,0.0231,0.2653,1.7187,0.29989999532699585,0.1961,0.2768,2.5954,1.7418,1.3496,1.1535,2026-08-09
ex3-71,Pineco,normal,Dragon,71,Common,Hajime Kusajima,Basic,204,Pokémon,2003/11/24,"tcgplayer,cardmarket",https://prices.pokemontcg.io/tcgplayer/ex3-71,https://images.pokemontcg.io/ex3/71_hires.png,2026/08/08,2026/02/22,0.81,0.3400000035762787,0.8199999928474426,19.979999542236328,,4.84,,,,0.2422,0.0231,0.3345,4.0257,0.57669997215271,0.3345,0.3345,1.1535,4.464,3.4951,1.1535,2026-08-09
sm6-65,Pancham,normal,Forbidden Light,65,Common,Midori Harada,Basic,674,Pokémon,2018/05/04,"tcgplayer,cardmarket",https://prices.pokemontcg.io/tcgplayer/sm6-65,https://images.pokemontcg.io/sm6/65_hires.png,2026/08/08,2026/01/21,0.16,0.03999999910593033,0.23999999463558197,19.979999542236328,,0.41,,,,0.1154,0.0231,0.1038,0.2884,0.11540000140666962,0.0807,0.1154,0.5767,0.3114,0.3114,1.1535,2026-08-09
xyp-XY61,Flygon-EX,holofoil,XY Black Star Promos,XY61,Promo,Toyste Beach,Basic|EX,330,Pokémon,2013/10/12,"tcgplayer,cardmarket",https://prices.pokemontcg.io/tcgplayer/xyp-XY61,https://images.pokemontcg.io/xyp/XY61_hires.png,2026/08/08,2026/02/04,11.91,3.450000047683716,5.329999923706055,56.599998474121094,,,,,,4.2449,1.1535,3.6797,0.0,6.921000003814697,4.8447,4.6025,5.1792,3.6335,3.7258,1.1535,2026-08-09
ex15-59,Pupitar δ,normal,Dragon Frontiers,59,Common,Kouki Saitou,Stage 1,247,Pokémon,2006/11/01,"tcgplayer,cardmarket",https://prices.pokemontcg.io/tcgplayer/ex15-59,https://images.pokemontcg.io/ex15/59_hires.png,2026/08/08,2026/02/19,0.44,0.23000000417232513,0.44999998807907104,19.979999542236328,,27.75,,,,0.2653,0.0231,0.3114,9.9662,0.5536999702453613,0.2653,0.2768,9.1703,11.7542,7.1056,1.1535,2026-08-09
bw9-71,Pawniard,normal,Plasma Freeze,71,Common,Kagemaru Himeno,Basic,624,Pokémon,2013/05/08,"tcgplayer,cardmarket",https://prices.pokemontcg.io/tcgplayer/bw9-71,https://images.pokemontcg.io/bw9/71_hires.png,2026/08/08,2026/01/21,0.27,0.07000000029802322,0.25999999046325684,19.979999542236328,,0.54,,,,0.2307,0.0231,0.346,0.2653,1.153499960899353,0.2768,0.2192,1.1535,0.496,0.5306,1.1535,2026-08-09
pl3-66,Manectric G,normal,Supreme Victors,66,Uncommon,Ryota Saito,Basic|SP,310,Pokémon,2009/08/19,"tcgplayer,cardmarket",https://prices.pokemontcg.io/tcgplayer/pl3-66,https://images.pokemontcg.io/pl3/66_hires.png,2026/08/08,2026/02/04,0.98,0.5,0.9900000095367432,19.979999542236328,,3.54,,,,1.5226,0.0577,1.4765,2.2263,0.8651000261306763,1.3611,1.0612,0.2307,3.5528,2.0878,1.1535,2026-08-09
hgss3-69,Stunky,normal,HS—Undaunted,69,Common,Naoyo Kimura,Basic,434,Pokémon,2010/08/18,"tcgplayer,cardmarket",https://prices.pokemontcg.io/tcgplayer/hgss3-69,https://images.pokemontcg.io/hgss3/69_hires.png,2026/08/08,2026/02/19,0.35,0.11999999731779099,0.33000001311302185,17.860000610351562,,0.69,,,,0.2538,0.0231,0.2653,3.3221,0.11540000140666962,0.2653,0.2538,1.142,1.9263,1.3035,1.1535,2026-08-09
sm5-70,Passimian,normal,Ultra Prism,70,Common,kawayoo,Basic,766,Pokémon,2018/02/02,"tcgplayer,cardmarket",https://prices.pokemontcg.io/tcgplayer/sm5-70,https://images.pokemontcg.io/sm5/70_hires.png,2026/08/08,2026/01/19,0.05,0.029999999329447746,0.20000000298023224,19.979999542236328,,0.44,,,,0.0807,0.0231,0.0807,0.3345,0.05770000070333481,0.1269,0.0923,0.5191,0.3807,0.3345,1.1535,2026-08-09
ecard1-63,Skarmory,normal,Expedition Base Set,63,Rare,Kimiya Masago,Basic,227,Pokémon,2002/09/15,"tcgplayer,cardmarket",https://prices.pokemontcg.io/tcgplayer/ecard1-63,https://images.pokemontcg.io/ecard1/63_hires.png,2026/08/08,2026/02/19,13.2,12.989999771118164,69.0,169.8000030517578,,29.99,,,,4.0949,0.346,3.3567,13.0922,2.595400094985962,2.134,2.9991,14.984,11.8349,8.8935,1.1535,2026-08-09
bw11-73,Solosis,normal,Legendary Treasures,73,Common,HiRON,Basic,577,Pokémon,2013/11/06,"tcgplayer,cardmarket",https://prices.pokemontcg.io/tcgplayer/bw11-73,https://images.pokemontcg.io/bw11/73_hires.png,2026/08/08,2026/02/04,0.28,0.10000000149011612,0.25999999046325684,19.979999542236328,,0.77,,,,0.2999,0.0231,0.2999,7.9592,0.40369999408721924,0.3114,0.2538,5.6522,8.6397,4.0834,1.1535,2026-08-09
ex9-70,Treecko,normal,Emerald,70,Common,Mitsuhiro Arita,Basic,252,Pokémon,2005/05/01,"tcgplayer,cardmarket",https://prices.pokemontcg.io/tcgplayer/ex9-70,https://images.pokemontcg.io/ex9/70_hires.png,2026/08/08,2026/02/19,1.0,0.3100000023841858,0.9800000190734863,19.979999542236328,,94.99,,,,0.2422,0.0231,0.4153,2.7107,0.34599998593330383,0.3691,0.2768,4.0719,8.9627,14.3495,1.1535,2026-08-09
swsh4-67,Shuppet,normal,Vivid Voltage,67,Common,Miki Tanaka,Basic,353,Pokémon,2020/11/13,"tcgplayer,cardmarket",https://prices.pokemontcg.io/tcgplayer/swsh4-67,https://images.pokemontcg.io/swsh4/67_hires.png,2026/08/08,2026/01/21,0.05,0.009999999776482582,0.15000000596046448,25.059999465942383,,0.26,,,,0.0461,0.0231,0.0461,0.1846,0.023099999874830246,0.0461,0.0346,0.173,0.1384,0.2076,1.1535,2026-08-09
neo3-65,Shining Gyarados,,Neo Revelation,65,Rare Shining,Ken Sugimori,Basic,130,Pokémon,2001/09/21,"tcgplayer,cardmarket",https://prices.pokemontcg.io/tcgplayer/neo3-65,https://images.pokemontcg.io/neo3/65_hires.png,2026/08/08,2026/02/19,,,,,,,,,"{""unlimitedHolofoil"": {""low"": 849.0, ""mid"": 849.99, ""high"": 4000.0, ""market"": 718.66, ""directLow"": null}}",796.3187,115.35,642.9263,0.0,2353.139892578125,970.9471,690.5312,98.0475,116.4458,126.9542,1.1535,2026-08-09
sm10-61,Muk & Alolan Muk-GX,holofoil,Unbroken Bonds,61,Rare Holo GX,Mitsuhiro Arita,Basic|TAG TEAM|GX,89,Pokémon,2019/05/03,"tcgplayer,cardmarket",https://prices.pokemontcg.io/tcgplayer/sm10-61,https://images.pokemontcg.io/sm10/61_hires.png,2026/08/08,2026/02/01,21.08,16.649999618530273,21.649999618530273,150.0,,,,,,17.0949,1.6726,17.8677,0.0,17.18709945678711,18.9866,15.8837,5.1907,3.5066,4.2795,1.1535,2026-08-09
sma-SV64,Lucario-GX,holofoil,Hidden Fates Shiny Vault,SV64,Rare Shiny GX,5ban Graphics,Stage 1|GX,448,Pokémon,2019/08/23,"tcgplayer,cardmarket",https://prices.pokemontcg.io/tcgplayer/sma-SV64,https://images.pokemontcg.io/sma/SV64_hires.png,2026/08/08,2026/02/01,85.3,70.94999694824219,97.5,657.6400146484375,,,,,,37.5234,33.44,42.8641,0.0,32.86320114135742,39.1498,48.6546,27.1073,29.2297,36.243,1.1535,2026-08-09
neo4-71,Ledyba,unlimited,Neo Destiny,71,Common,Tomokazu Komiya,Basic,165,Pokémon,2002/02/28,"tcgplayer,cardmarket",https://prices.pokemontcg.io/tcgplayer/neo4-71,https://images.pokemontcg.io/neo4/71_hires.png,2026/08/08,2026/02/04,3.3,0.6499999761581421,1.8300000429153442,96.94999694824219,,,,,"{""1stEdition"": {""low"": 4.99, ""mid"": 18.96, ""high"": 52.68, ""market"": 6.17, ""directLow"": null}}",1.9956,0.0231,1.8802,0.0,1.3495999574661255,0.8882,1.984,0.0,0.0,0.0,1.1535,2026-08-09
bw4-75,Bronzor,normal,Next Destinies,75,Common,Naoki Saito,Basic,436,Pokémon,2012/02/08,"tcgplayer,cardmarket",https://prices.pokemontcg.io/tcgplayer/bw4-75,https://images.pokemontcg.io/bw4/75_hires.png,2026/08/08,2026/01/21,0.24,0.05000000074505806,0.25,19.979999542236328,,0.5,,,,0.1154,0.0231,0.1154,0.2538,0.23070000112056732,0.1384,0.1269,0.1154,0.5652,0.5421,1.1535,2026-08-09
base5-65,Psyduck,unlimited,Team Rocket,65,Common,Mitsuhiro Arita,Basic,54,Pokémon,2000/04/24,"tcgplayer,cardmarket",https://prices.pokemontcg.io/tcgplayer/base5-65,https://images.pokemontcg.io/base5/65_hires.png,2026/08/08,2026/03/07,2.08,0.4699999988079071,1.309999942779541,18.360000610351562,,,,,"{""1stEdition"": {""low"": 4.0, ""mid"": 7.6, ""high"": 81.56, ""market"": 7.56, ""directLow"": 4.97}}",3.5297,0.0231,2.134,0.0,0.47290000319480896,2.4916,2.5954,5.7675,2.157,2.157,1.1535,2026-08-09
bw2-62,Krookodile,normal,Emerging Powers,62,Rare,Naoki Saito,Stage 2,553,Pokémon,2011/08/31,"tcgplayer,cardmarket",https://prices.pokemontcg.io/tcgplayer/bw2-62,https://images.pokemontcg.io/bw2/62_hires.png,2026/08/08,2026/02/04,0.73,0.44999998807907104,0.7099999785423279,19.979999542236328,,5.2,,,,1.2227,0.0231,1.165,1.3496,0.6344000101089478,0.6344,0.7382,0.8074,1.4073,0.9805,1.1535,2026-08-09
xy1-71,Krookodile,normal,XY,71,Rare,match,Stage 2,553,Pokémon,2014/02/05,"tcgplayer,cardmarket",https://prices.pokemontcg.io/tcgplayer/xy1-71,https://images.pokemontcg.io/xy1/71_hires.png,2026/08/08,2026/02/04,0.44,0.15000000596046448,0.38999998569488525,19.989999771118164,,0.79,,,,0.5767,0.0577,0.5421,1.8917,0.57669997215271,0.6114,0.5767,2.8261,1.7418,1.1881,1.1535,2026-08-09
bw3-65,Conkeldurr,normal,Noble Victories,65,Rare,Kouki Saitou,Stage 2,534,Pokémon,2011/11/16,"tcgplayer,cardmarket",https://prices.pokemontcg.io/tcgplayer/bw3-65,https://images.pokemontcg.io/bw3/65_hires.png,2026/08/08,2026/02/19,0.96,0.699999988079071,1.0,19.979999542236328,,2.4,,,,1.1535,0.0577,1.4419,1.6956,1.153499960899353,1.5918,1.4073,1.2919,1.5342,1.8456,1.1535,2026-08-09
bwp-BW59,White Kyurem,holofoil,BW Black Star Promos,BW59,Promo,Shin Nagasawa,Basic,646,Pokémon,2011/03/01,"tcgplayer,cardmarket",https://prices.pokemontcg.io/tcgplayer/bwp-BW59,https://images.pokemontcg.io/bwp/BW59_hires.png,2026/08/08,2026/02/19,24.66,11.0,24.450000762939453,263.1000061035156,,,,,,40.361,6.7941,23.4622,0.0,40.361000061035156,20.2209,14.0035,4.0373,5.1907,4.5909,1.1535,2026-08-09
sm75-67,Dragonite-GX,holofoil,Dragon Majesty,67,Rare Ultra,5ban Graphics,Stage 2|GX,149,Pokémon,2018/09/07,"tcgplayer,cardmarket",https://prices.pokemontcg.io/tcgplayer/sm75-67,https://images.pokemontcg.io/sm75/67_hires.png,2026/08/08,2026/02/01,66.12,56.349998474121094,103.62000274658203,791.5999755859375,,,,,,36.3353,16.0913,33.5207,0.0,41.51449966430664,36.4621,36.7505,46.1169,25.6077,17.314,1.1535,2026-08-09
g1-58,Snorlax,normal,Generations,58,Rare,Mitsuhiro Arita,Basic,143,Pokémon,2016/02/22,"tcgplayer,cardmarket",https://prices.pokemontcg.io/tcgplayer/g1-58,https://images.pokemontcg.io/g1/58_hires.png,2026/08/08,2026/02/19,5.86,2.5,5.539999961853027,34.9900016784668,,14.01,,,,1.3727,0.1154,1.5342,5.0523,2.306999921798706,1.7533,1.4073,2.8838,4.7409,6.4019,1.1535,2026-08-09
sm2-65,Machamp,holofoil,Guardians Rising,65,Rare Holo,Hitoshi Ariga,Stage 2,68,Pokémon,2017/05/05,"tcgplayer,cardmarket",https://prices.pokemontcg.io/tcgplayer/sm2-65,https://images.pokemontcg.io/sm2/65_hires.png,2026/08/08,2026/02/01,0.51,0.25,0.5099999904632568,19.979999542236328,,0.56,,,,0.6114,0.0231,0.5652,0.7267,0.5651999711990356,0.7152,0.8074,0.5767,0.6344,0.646,1.1535,2026-08-09
xy6-67,Meowth,normal,Roaring Skies,67,Common,Akira Komayama,Basic,52,Pokémon,2015/05/06,"tcgplayer,cardmarket",https://prices.pokemontcg.io/tcgplayer/xy6-67,https://images.pokemontcg.io/xy6/67_hires.png,2026/08/08,2026/01/21,0.4,0.15000000596046448,0.4099999964237213,40.0,,4.72,,,,0.2192,0.0231,0.2076,0.6806,0.911300003528595,0.2653,0.2307,0.2307,0.6344,0.4845,1.1535,2026-08-09
base6-65,Tauros,normal,Legendary Collection,65,Uncommon,Kagemaru Himeno,Basic,128,Pokémon,2002/05/24,"tcgplayer,cardmarket",https://prices.pokemontcg.io/tcgplayer/base6-65,https://images.pokemontcg.io/base6/65_hires.png,2026/08/08,2026/02/19,1.35,0.8500000238418579,1.2400000095367432,19.979999542236328,,103.97,,,,0.992,0.2884,1.488,181.6762,1.3841999769210815,1.0381,1.1881,5.7675,66.8915,40.4879,1.1535,2026-08-09
ex8-69,Phanpy,normal,Deoxys,69,Common,Yuka Morii,Basic,231,Pokémon,2005/02/01,"tcgplayer,cardmarket",https://prices.pokemontcg.io/tcgplayer/ex8-69,https://images.pokemontcg.io/ex8/69_hires.png,2026/08/08,2026/02/19,8.36,5.0,7.0,96.94000244140625,,33.77,,,,0.9689,0.0577,1.0266,4.764,0.15000000596046448,0.7959,0.819,11.5235,5.8021,7.2901,1.1535,2026-08-09
swsh2-66,Vikavolt,holofoil,Rebel Clash,66,Rare Holo,kawayoo,Stage 2,738,Pokémon,2020/05/01,"tcgplayer,cardmarket",https://prices.pokemontcg.io/tcgplayer/swsh2-66,https://images.pokemontcg.io/swsh2/66_hires.png,2026/08/08,2026/01/21,0.29,0.009999999776482582,0.36000001430511475,15.399999618530273,,0.51,,,,0.646,0.0577,0.3807,0.5537,0.23070000112056732,0.3922,0.5421,0.2884,0.4729,0.7152,1.1535,2026-08-09
ex14-66,Torchic,normal,Crystal Guardians,66,Common,Sumiyoshi Kizuki,Basic,255,Pokémon,2006/08/01,"tcgplayer,cardmarket",https://prices.pokemontcg.io/tcgplayer/ex14-66,https://images.pokemontcg.io/ex14/66_hires.png,2026/08/08,2026/02/19,1.17,0.7400000095367432,1.0,19.979999542236328,,53.14,,,,0.346,0.0231,0.4153,8.0976,0.17299999296665192,0.4153,0.3576,46.14,12.8615,22.0319,1.1535,2026-08-09
xy10-67,Mr. Mime,normal,Fates Collide,67,Rare,Sumiyoshi Kizuki,Basic,122,Pokémon,2016/05/02,"tcgplayer,cardmarket",https://prices.pokemontcg.io/tcgplayer/xy10-67,https://images.pokemontcg.io/xy10/67_hires.png,2026/08/08,2026/02/01,0.51,0.10000000149011612,0.5,19.780000686645508,,0.88,,,,0.3576,0.0231,0.4268,0.819,0.4959999918937683,0.3576,0.346,0.5652,0.7152,0.8305,1.1535,2026-08-09
sm1-67,Makuhita,normal,Sun & Moon,67,Common,Mina Nakai,Basic,296,Pokémon,2017/02/03,"tcgplayer,cardmarket",https://prices.pokemontcg.io/tcgplayer/sm1-67,https://images.pokemontcg.io/sm1/67_hires.png,2026/08/08,2026/01/21,0.04,0.009999999776482582,0.1899999976158142,19.979999542236328,,0.29,,,,0.0577,0.0231,0.0577,0.15,0.023099999874830246,0.0692,0.0692,0.4153,0.3114,0.2653,1.1535,2026-08-09
base2-61,Rhyhorn,unlimited,Jungle,61,Common,Mitsuhiro Arita,Basic,111,Pokémon,1999/06/16,"tcgplayer,cardmarket",https://prices.pokemontcg.io/tcgplayer/base2-61,https://images.pokemontcg.io/base2/61_hires.png,2026/08/08,2026/06/21,0.44,0.03999999910593033,0.4099999964237213,9999.0,,,,,"{""1stEdition"": {""low"": 0.87, ""mid"": 2.98, ""high"": 44.94, ""market"": 3.92, ""directLow"": 34.98}}",0.992,0.0231,1.2804,0.0,0.8305000066757202,0.4614,1.0035,0.3345,0.346,0.346,1.1535,2026-08-09
hgss2-71,Cheerleader's Cheer,normal,HS—Unleashed,71,Uncommon,Kouki Saitou,Supporter,,Trainer,2010/05/12,"tcgplayer,cardmarket",https://prices.pokemontcg.io/tcgplayer/hgss2-71,https://images.pokemontcg.io/hgss2/71_hires.png,2026/08/08,2026/02/01,0.35,0.10000000149011612,0.3499999940395355,19.979999542236328,,2.52,,,,0.2076,0.0231,0.1269,0.9689,0.05770000070333481,0.1038,0.2192,1.7302,1.0381,0.7959,1.1535,2026-08-09
swsh35-74,Charizard VMAX,holofoil,Champion's Path,74,Rare Rainbow,aky CG Works,VMAX,6,Pokémon,2020/09/25,"tcgplayer,cardmarket",https://prices.pokemontcg.io/tcgplayer/swsh35-74,https://images.pokemontcg.io/swsh35/74_hires.png,2026/08/08,2026/01/21,236.89,199.99000549316406,269.989990234375,1500.0,,,,,,209.4179,68.9793,200.2707,0.0,344.8965148925781,233.8144,229.4888,282.6075,315.1131,338.5292,1.1535,2026-08-09
ex11-68,Eevee δ,normal,Delta Species,68,Common,Mitsuhiro Arita,Basic,133,Pokémon,2005/10/31,"tcgplayer,cardmarket",https://prices.pokemontcg.io/tcgplayer/ex11-68,https://images.pokemontcg.io/ex11/68_hires.png,2026/08/08,2026/02/19,9.7,4.96999979019165,10.680000305175781,67.0,,68.65,,,,3.7373,0.5767,4.2564,43.9137,4.025700092315674,4.2679,3.7604,40.3725,34.928,29.7257,1.1535,2026-08-09
bw6-68,Throh,normal,Dragons Exalted,68,Uncommon,Midori Harada,Basic,538,Pokémon,2012/08/15,"tcgplayer,cardmarket",https://prices.pokemontcg.io/tcgplayer/bw6-68,https://images.pokemontcg.io/bw6/68_hires.png,2026/08/08,2026/02/01,0.52,0.23000000417232513,0.5,5.0,,0.88,,,,0.1384,0.0231,0.173,1.0266,0.10379999876022339,0.1384,0.173,0.7382,0.5652,0.7152,1.1535,2026-08-09
ecard3-37,Kabuto,normal,Skyridge,37,Uncommon,Yukiko Baba,Stage 1,140,Pokémon,2003/05/12,"tcgplayer,cardmarket",https://prices.pokemontcg.io/tcgplayer/ecard3-37,https://images.pokemontcg.io/ecard3/37_hires.png,2026/08/08,2026/02/04,28.5,22.0,33.11000061035156,352.9800109863281,,101.91,,,,3.4259,0.5767,3.7835,11.7542,3.4489998817443848,4.5333,4.4986,42.6218,18.1676,14.3957,1.1535,2026-08-09
sm8-67,Primarina,normal,Lost Thunder,67,Rare,Shin Nagasawa,Stage 2,730,Pokémon,2018/11/02,"tcgplayer,cardmarket",https://prices.pokemontcg.io/tcgplayer/sm8-67,https://images.pokemontcg.io/sm8/67_hires.png,2026/08/08,2026/01/21,0.87,0.49000000953674316,0.9100000262260437,2.990000009536743,,1.9,,,,0.9574,0.1154,1.1881,2.7223,0.8073999881744385,1.3035,0.819,4.614,4.0257,3.1375,1.1535,2026-08-09
sm9-73,Hitmonlee,normal,Team Up,73,Uncommon,Tomokazu Komiya,Basic,106,Pokémon,2019/02/01,"tcgplayer,cardmarket",https://prices.pokemontcg.io/tcgplayer/sm9-73,https://images.pokemontcg.io/sm9/73_hires.png,2026/08/08,2026/01/19,0.77,0.3199999928474426,0.8600000143051147,96.94999694824219,,3.25,,,,0.4499,0.0346,0.4845,0.992,0.11540000140666962,0.5075,0.4383,2.307,1.1881,1.488,1.1535,2026-08-09
base1-72,Devolution Spray,normal,Base,72,Rare,Keiji Kinebuchi,,,Trainer,1999/01/09,"tcgplayer,cardmarket",https://prices.pokemontcg.io/tcgplayer/base1-72,https://images.pokemontcg.io/base1/72_hires.png,2026/08/08,2026/02/21,5.62,1.4900000095367432,3.5,9999.0,,,,,,7.1286,0.5767,6.8979,0.0,10.796799659729004,7.2901,7.3824,0.5767,1.1189,1.1189,1.1535,2026-08-09
sm4-62,Hydreigon,normal,Crimson Invasion,62,Rare,Anesaki Dynamic,Stage 2,635,Pokémon,2017/11/03,"tcgplayer,cardmarket",https://prices.pokemontcg.io/tcgplayer/sm4-62,https://images.pokemontcg.io/sm4/62_hires.png,2026/08/08,2026/02/01,0.29,0.10000000149011612,0.30000001192092896,19.979999542236328,,0.6,,,,0.323,0.0231,0.323,0.4383,0.3345000147819519,0.4268,0.323,0.5767,0.4383,0.6229,1.1535,2026-08-09
swsh3-63,Toxtricity,holofoil,Darkness Ablaze,63,Rare Holo,Shin Nagasawa,Stage 1,849,Pokémon,2020/08/14,"tcgplayer,cardmarket",https://prices.pokemontcg.io/tcgplayer/swsh3-63,https://images.pokemontcg.io/swsh3/63_hires.png,2026/08/08,2026/01/21,0.29,0.05000000074505806,0.30000001192092896,20.0,,0.43,,,,0.7267,0.0231,0.8536,0.346,0.8881999850273132,0.7267,0.8651,0.3345,0.3576,0.4729,1.1535,2026-08-09
sm35-61,Hau,normal,Shining Legends,61,Uncommon,Ken Sugimori,Supporter,,Trainer,2017/10/06,"tcgplayer,cardmarket",https://prices.pokemontcg.io/tcgplayer/sm35-61,https://images.pokemontcg.io/sm35/61_hires.png,2026/08/08,2026/02/01,0.12,0.019999999552965164,0.20000000298023224,19.979999542236328,,0.32,,,,0.0923,0.0231,0.0807,0.3576,0.06920000165700912,0.1038,0.1038,0.6114,0.3922,0.3345,1.1535,2026-08-09
dp2-64,Tropius,normal,Mysterious Treasures,64,Uncommon,Kazuyuki Kano,Basic,357,Pokémon,2007/08/01,"tcgplayer,cardmarket",https://prices.pokemontcg.io/tcgplayer/dp2-64,https://images.pokemontcg.io/dp2/64_hires.png,2026/08/08,2026/02/04,0.38,0.2199999988079071,0.38999998569488525,19.979999542236328,,5.92,,,,0.5767,0.0231,0.3345,1.0958,0.11540000140666962,0.1615,0.3691,1.0958,4.2218,1.8341,1.1535,2026-08-09
sm7-70,Lunala,holofoil,Celestial Storm,70,Rare Holo,5ban Graphics,Stage 2,792,Pokémon,2018/08/03,"tcgplayer,cardmarket",https://prices.pokemontcg.io/tcgplayer/sm7-70,https://images.pokemontcg.io/sm7/70_hires.png,2026/08/08,2026/01/19,1.28,0.699999988079071,1.190000057220459,4.0,,1.79,,,,1.488,0.2884,1.984,2.3877,1.038100004196167,1.6726,1.9725,1.1535,2.0071,2.2378,1.1535,2026-08-09
bw5-64,Sandile,normal,Dark Explorers,64,Common,Hajime Kusajima,Basic,551,Pokémon,2012/05/09,"tcgplayer,cardmarket",https://prices.pokemontcg.io/tcgplayer/bw5-64,https://images.pokemontcg.io/bw5/64_hires.png,2026/08/08,2026/02/01,0.32,0.05000000074505806,0.2800000011920929,19.979999542236328,,3.19,,,,0.2422,0.0231,0.1846,0.7728,0.17299999296665192,0.2422,0.15,1.142,1.0151,0.9343,1.1535,2026-08-09
ex16-63,Slakoth,normal,Power Keepers,63,Common,Tomokazu Komiya,Basic,287,Pokémon,2007/02/02,"tcgplayer,cardmarket",https://prices.pokemontcg.io/tcgplayer/ex16-63,https://images.pokemontcg.io/ex16/63_hires.png,2026/08/08,2026/02/22,1.42,0.3499999940395355,0.9800000190734863,19.979999542236328,,23.69,,,,0.2653,0.0231,0.5421,4.4986,0.28839999437332153,0.5421,0.2999,1.1535,3.5412,3.7719,1.1535,2026-08-09
smp-SM62,Golisopod-GX,holofoil,SM Black Star Promos,SM62,Promo,5ban Graphics,Stage 1|GX,768,Pokémon,2017/02/03,"tcgplayer,cardmarket",https://prices.pokemontcg.io/tcgplayer/smp-SM62,https://images.pokemontcg.io/smp/SM62_hires.png,2026/08/08,2026/02/01,1.95,0.9900000095367432,1.9900000095367432,9999.0,,,,,,1.9609,2.307,2.0648,0.0,1.7302000522613525,1.8917,2.0186,2.307,2.5377,2.9184,1.1535,2026-08-09
dp7-63,Larvitar,normal,Stormfront,63,Common,Yuka Morii,Basic,246,Pokémon,2008/11/01,"tcgplayer,cardmarket",https://prices.pokemontcg.io/tcgplayer/dp7-63,https://images.pokemontcg.io/dp7/63_hires.png,2026/08/08,2026/02/19,6.49,3.990000009536743,5.75,49.9900016784668,,37.15,,,,0.2076,0.0231,0.2768,0.8651,0.46140000224113464,0.2768,0.2307,0.5767,1.9725,2.0994,1.1535,2026-08-09
bw8-69,Elgyem,normal,Plasma Storm,69,Uncommon,Mitsuhiro Arita,Basic,605,Pokémon,2013/02/06,"tcgplayer,cardmarket",https://prices.pokemontcg.io/tcgplayer/bw8-69,https://images.pokemontcg.io/bw8/69_hires.png,2026/08/08,2026/02/01,0.36,0.15000000596046448,0.4000000059604645,2.990000009536743,,1.59,,,,0.2076,0.0346,0.4499,0.6921,0.8651000261306763,0.346,0.4037,0.8074,0.6229,0.9228,1.1535,2026-08-09
gym2-73,Giovanni's Magikarp,unlimited,Gym Challenge,73,Common,Ken Sugimori,Basic,129,Pokémon,2000/10/16,"tcgplayer,cardmarket",https://prices.pokemontcg.io/tcgplayer/gym2-73,https://images.pokemontcg.io/gym2/73_hires.png,2026/08/08,2026/02/01,3.55,1.0,3.5,37.36000061035156,,,,,"{""1stEdition"": {""low"": 16.99, ""mid"": 19.71, ""high"": 9999.0, ""market"": 19.01, ""directLow"": null}}",4.614,0.2307,4.7524,0.0,8.489800453186035,4.4179,4.4756,0.0,0.0,0.0,1.1535,2026-08-09
xy12-66,Rattata,normal,Evolutions,66,Common,Mitsuhiro Arita,Basic,19,Pokémon,2016/11/02,"tcgplayer,cardmarket",https://prices.pokemontcg.io/tcgplayer/xy12-66,https://images.pokemontcg.io/xy12/66_hires.png,2026/08/08,2026/02/01,0.07,0.009999999776482582,0.20000000298023224,5.949999809265137,,0.34,,,,0.0807,0.0231,0.0577,0.5306,0.04610000178217888,0.0577,0.0807,0.3691,0.4383,0.4499,1.1535,2026-08-09
dp4-64,Clamperl,normal,Great Encounters,64,Common,Ken Sugimori,Basic,366,Pokémon,2008/02/01,"tcgplayer,cardmarket",https://prices.pokemontcg.io/tcgplayer/dp4-64,https://images.pokemontcg.io/dp4/64_hires.png,2026/08/08,2026/02/19,0.59,0.20000000298023224,0.41999998688697815,18.84000015258789,,5.0,,,,0.2884,0.0231,0.2192,1.3035,0.4499000012874603,0.2076,0.2307,0.5767,1.7187,1.2919,1.1535,2026-08-09
ex1-60,Mudkip,normal,Ruby & Sapphire,60,Common,Ken Sugimori,Basic,258,Pokémon,2003/07/01,"tcgplayer,cardmarket",https://prices.pokemontcg.io/tcgplayer/ex1-60,https://images.pokemontcg.io/ex1/60_hires.png,2026/08/08,2026/02/21,2.57,0.5099999904632568,1.1100000143051147,150.0,,49.61,,,,0.5652,0.0577,0.9343,4.0373,2.8722000122070312,0.8305,0.7152,3.449,4.1757,6.2289,1.1535,2026-08-09
bw1-68,Scraggy,normal,Black & White,68,Common,Masakazu Fukuda,Basic,559,Pokémon,2011/04/25,"tcgplayer,cardmarket",https://prices.pokemontcg.io/tcgplayer/bw1-68,https://images.pokemontcg.io/bw1/68_hires.png,2026/08/08,2026/02/01,0.35,0.07000000029802322,0.3499999940395355,19.979999542236328,,1.79,,,,0.173,0.0231,0.15,0.669,0.23070000112056732,0.1615,0.1615,1.0266,0.8305,1.0958,1.1535,2026-08-09
dp1-72,Buizel,normal,Diamond & Pearl,72,Common,Ken Sugimori,Basic,418,Pokémon,2007/05/01,"tcgplayer,cardmarket",https://prices.pokemontcg.io/tcgplayer/dp1-72,https://images.pokemontcg.io/dp1/72_hires.png,2026/08/08,2026/02/19,0.31,0.10000000149011612,0.30000001192092896,19.979999542236328,,2.48,,,,0.1154,0.0231,1.3957,1.0612,0.17299999296665192,2.9876,0.5652,2.8838,1.5111,1.3265,1.1535,2026-08-09
ex13-70,Mankey δ,normal,Holon Phantoms,70,Common,Atsuko Nishida,Basic,56,Pokémon,2006/05/01,"tcgplayer,cardmarket",https://prices.pokemontcg.io/tcgplayer/ex13-70,https://images.pokemontcg.io/ex13/70_hires.png,2026/08/08,2026/02/04,0.69,0.27000001072883606,0.6600000262260437,35.0,,13.0,,,,0.2884,0.0231,0.15,8.6512,0.41530001163482666,0.2768,0.3922,5.7675,9.7009,8.0399,1.1535,2026-08-09
xy9-62,Aegislash,holofoil,BREAKpoint,62,Rare Holo,Hitoshi Ariga,Stage 2,681,Pokémon,2016/02/03,"tcgplayer,cardmarket",https://prices.pokemontcg.io/tcgplayer/xy9-62,https://images.pokemontcg.io/xy9/62_hires.png,2026/08/08,2026/02/04,0.42,0.15000000596046448,0.47999998927116394,34.9900016784668,,0.65,,,,0.7844,0.1154,0.8997,0.7613,0.40369999408721924,1.1074,0.7152,0.9228,0.8305,0.9343,1.1535,2026-08-09
ex5-63,Jigglypuff,normal,Hidden Legends,63,Common,Naoyo Kimura,Basic,39,Pokémon,2004/06/01,"tcgplayer,cardmarket",https://prices.pokemontcg.io/tcgplayer/ex5-63,https://images.pokemontcg.io/ex5/63_hires.png,2026/08/08,2026/02/19,2.32,1.0,2.309999942779541,22.729999542236328,,80.0,,,,0.5537,0.0231,0.7382,0.0,0.57669997215271,1.2804,0.7152,9.2165,8.2129,6.7018,1.1535,2026-08-09
bw10-75,Teddiursa,normal,Plasma Blast,75,Common,Naoyo Kimura,Basic,216,Pokémon,2013/08/14,"tcgplayer,cardmarket",https://prices.pokemontcg.io/tcgplayer/bw10-75,https://images.pokemontcg.io/bw10/75_hires.png,2026/08/08,2026/01/19,0.4,0.10000000149011612,0.4000000059604645,19.079999923706055,,2.6,,,,0.173,0.0231,0.2884,1.1535,0.28839999437332153,0.2192,0.2422,1.1535,0.9689,1.0843,1.1535,2026-08-09
xy11-73,Klinklang,holofoil,Steam Siege,73,Rare Holo,Midori Harada,Stage 2,601,Pokémon,2016/08/03,"tcgplayer,cardmarket",https://prices.pokemontcg.io/tcgplayer/xy11-73,https://images.pokemontcg.io/xy11/73_hires.png,2026/08/08,2026/01/19,0.66,0.10000000149011612,0.5,4.0,,0.53,,,,0.323,0.0461,0.323,0.8536,0.08070000261068344,0.3345,0.3345,1.0381,0.8651,0.7267,1.1535,2026-08-09
sm11-65,Eelektrik,normal,Unified Minds,65,Uncommon,Midori Harada,Stage 1,603,Pokémon,2019/08/02,"tcgplayer,cardmarket",https://prices.pokemontcg.io/tcgplayer/sm11-65,https://images.pokemontcg.io/sm11/65_hires.png,2026/08/08,2026/02/01,0.18,0.019999999552965164,0.2199999988079071,19.979999542236328,,0.31,,,,0.1154,0.0231,0.1269,0.2307,0.04610000178217888,0.1154,0.1154,0.2307,0.4614,0.4499,1.1535,2026-08-09
neo1-64,Mantine,unlimited,Neo Genesis,64,Common,Ken Sugimori,Basic,226,Pokémon,2000/12/16,"tcgplayer,cardmarket",https://prices.pokemontcg.io/tcgplayer/neo1-64,https://images.pokemontcg.io/neo1/64_hires.png,2026/08/08,2026/02/21,0.48,0.20000000298023224,0.5,20.489999771118164,,,,,"{""1stEdition"": {""low"": 0.75, ""mid"": 1.86, ""high"": 30.3, ""market"": 2.01, ""directLow"": 1.29}}",0.4729,0.0231,0.5998,0.0,0.9919999837875366,0.5767,0.4845,0.0,0.0,0.0,1.1535,2026-08-09
ecard2-44,Zapdos,normal,Aquapolis,44,Rare,Hajime Kusajima,Basic,145,Pokémon,2003/01/15,"tcgplayer,cardmarket",https://prices.pokemontcg.io/tcgplayer/ecard2-44,https://images.pokemontcg.io/ecard2/44_hires.png,2026/08/08,2026/02/04,59.55,49.9900016784668,64.1500015258789,392.7799987792969,,108.78,,,,7.0017,1.1535,8.9973,32.298,9.227999687194824,8.3052,12.2963,33.4515,24.3504,28.3069,1.1535,2026-08-09
hgss4-68,Magnemite,normal,HS—Triumphant,68,Common,Noriko Hotta,Basic,81,Pokémon,2010/11/03,"tcgplayer,cardmarket",https://prices.pokemontcg.io/tcgplayer/hgss4-68,https://images.pokemontcg.io/hgss4/68_hires.png,2026/08/08,2026/02/19,0.46,0.2199999988079071,0.41999998688697815,19.299999237060547,,2.05,,,,0.2884,0.0231,0.2999,1.4073,0.023099999874830246,0.323,0.346,1.1535,1.4188,1.4534,1.1535,2026-08-09
xy7-72,Energy Recycler,normal,Ancient Origins,72,Uncommon,Toyste Beach,Item,,Trainer,2015/08/12,"tcgplayer,cardmarket",https://prices.pokemontcg.io/tcgplayer/xy7-72,https://images.pokemontcg.io/xy7/72_hires.png,2026/08/08,2026/01/19,0.18,0.09000000357627869,0.25,1000.0,,0.71,,,,0.2192,0.0231,0.173,0.5306,0.05770000070333481,0.15,0.2422,0.1038,0.5306,0.9574,1.1535,2026-08-09
ex4-72,Dual Ball,normal,Team Magma vs Team Aqua,72,Uncommon,"""Big Mama"" Tagawa",Item,,Trainer,2004/03/01,"tcgplayer,cardmarket",https://prices.pokemontcg.io/tcgplayer/ex4-72,https://images.pokemontcg.io/ex4/72_hires.png,2026/08/08,2026/02/19,1.36,0.5299999713897705,1.3899999856948853,19.979999542236328,,8.5,,,,1.6841,0.0577,1.5111,11.535,1.9033000469207764,1.7187,1.3265,11.535,4.614,2.5608,1.1535,2026-08-09
gym1-71,Brock's Sandshrew,unlimited,Gym Heroes,71,Common,Ken Sugimori,Basic,27,Pokémon,2000/08/14,"tcgplayer,cardmarket",https://prices.pokemontcg.io/tcgplayer/gym1-71,https://images.pokemontcg.io/gym1/71_hires.png,2026/08/08,2026/02/19,1.37,0.30000001192092896,0.9200000166893005,4.989999771118164,,,,,"{""1stEdition"": {""low"": 2.26, ""mid"": 3.74, ""high"": 96.24, ""market"": 3.71, ""directLow"": 3.73}}",1.0843,0.1154,0.8421,0.0,0.4499000012874603,0.7613,1.1074,2.307,2.307,2.307,1.1535,2026-08-09
xy3-58,Landorus,holofoil,Furious Fists,58,Rare Holo,PLANETA,Basic,645,Pokémon,2014/08/13,"tcgplayer,cardmarket",https://prices.pokemontcg.io/tcgplayer/xy3-58,https://images.pokemontcg.io/xy3/58_hires.png,2026/08/08,2026/02/04,0.57,0.25,0.5899999737739563,19.979999542236328,,0.97,,,,0.7498,0.1154,0.646,1.6726,1.499500036239624,0.6114,0.9689,1.7187,1.3035,1.3496,1.1535,2026-08-09
pl1-71,Combee,normal,Platinum,71,Common,Kagemaru Himeno,Basic,415,Pokémon,2009/02/11,"tcgplayer,cardmarket",https://prices.pokemontcg.io/tcgplayer/pl1-71,https://images.pokemontcg.io/pl1/71_hires.png,2026/08/08,2026/02/01,0.36,0.11999999731779099,0.3499999940395355,2.309999942779541,,2.8,,,,0.2307,0.0231,0.2192,1.6841,0.05770000070333481,0.1961,0.173,2.0186,0.9228,0.7152,1.1535,2026-08-09
xy2-79,M Kangaskhan-EX,holofoil,Flashfire,79,Rare Holo EX,5ban Graphics,MEGA|EX,115,Pokémon,2014/05/07,"tcgplayer,cardmarket",https://prices.pokemontcg.io/tcgplayer/xy2-79,https://images.pokemontcg.io/xy2/79_hires.png,2026/08/08,2026/01/16,19.62,11.5,19.959999084472656,169.8000030517578,,,,,,15.6184,3.4605,13.9573,0.0,17.925399780273438,17.5793,15.4108,2.307,6.252,6.6672,1.1535,2026-08-09
xy5-73,Starmie,normal,Primal Clash,73,Rare,HiRON,Stage 1,121,Pokémon,2015/02/04,"tcgplayer,cardmarket",https://prices.pokemontcg.io/tcgplayer/xy5-73,https://images.pokemontcg.io/xy5/73_hires.png,2026/08/08,2026/01/19,0.44,0.15000000596046448,0.41999998688697815,22.489999771118164,,0.82,,,,0.4729,0.0807,0.496,0.2884,0.34599998593330383,0.4383,0.5306,1.4419,0.9228,1.1304,1.1535,2026-08-09
ex6-67,Magikarp,normal,FireRed & LeafGreen,67,Common,Atsuko Nishida,Basic,129,Pokémon,2004/09/01,"tcgplayer,cardmarket",https://prices.pokemontcg.io/tcgplayer/ex6-67,https://images.pokemontcg.io/ex6/67_hires.png,2026/08/08,2026/02/04,6.13,3.0,6.139999866485596,73.18000030517578,,200.0,,,,1.5572,0.0231,1.2112,21.9165,1.1419999599456787,1.5111,1.5457,21.9165,25.6308,21.4897,1.1535,2026-08-09
swshp-SWSH065,Eevee V,holofoil,SWSH Black Star Promos,SWSH065,Promo,Kagemaru Himeno,Basic|V,133,Pokémon,2019/11/15,"tcgplayer,cardmarket",https://prices.pokemontcg.io/tcgplayer/swshp-SWSH065,https://images.pokemontcg.io/swshp/SWSH065_hires.png,2026/08/08,2026/01/21,6.93,4.0,7.059999942779541,9999.0,,,,,,8.0745,3.4605,8.8243,0.0,16.14900016784668,8.5705,8.3744,5.7675,6.2981,6.6442,1.1535,2026-08-09
xy8-65,Misdreavus,normal,BREAKthrough,65,Common,sui,Basic,200,Pokémon,2015/11/04,"tcgplayer,cardmarket",https://prices.pokemontcg.io/tcgplayer/xy8-65,https://images.pokemontcg.io/xy8/65_hires.png,2026/08/08,2026/02/01,0.24,0.03999999910593033,0.23999999463558197,1000.0,,0.82,,,,0.1038,0.0231,0.0923,0.0,0.11540000140666962,0.0923,0.1269,0.346,0.6921,0.8305,1.1535,2026-08-09
dp6-68,Persian,normal,Legends Awakened,68,Uncommon,Ken Sugimori,Stage 1,53,Pokémon,2008/08/01,"tcgplayer,cardmarket",https://prices.pokemontcg.io/tcgplayer/dp6-68,https://images.pokemontcg.io/dp6/68_hires.png,2026/08/08,2026/02/04,0.59,0.23999999463558197,0.4399999976158142,19.979999542236328,,6.82,,,,0.5421,0.0577,0.7036,4.764,0.31139999628067017,0.5537,0.5537,2.4108,4.0373,2.2724,1.1535,2026-08-09
sm12-71,Chinchou,normal,Cosmic Eclipse,71,Common,Sekio,Basic,170,Pokémon,2019/11/01,"tcgplayer,cardmarket",https://prices.pokemontcg.io/tcgplayer/sm12-71,https://images.pokemontcg.io/sm12/71_hires.png,2026/08/08,2026/01/19,0.17,0.019999999552965164,0.20000000298023224,19.979999542236328,,0.31,,,,0.0577,0.0231,0.0577,0.3576,0.023099999874830246,0.0577,0.0692,0.5191,0.4037,0.3576,1.1535,2026-08-09
neo2-63,Sentret,unlimited,Neo Discovery,63,Common,Sumiyoshi Kizuki,Basic,161,Pokémon,2001/06/01,"tcgplayer,cardmarket",https://prices.pokemontcg.io/tcgplayer/neo2-63,https://images.pokemontcg.io/neo2/63_hires.png,2026/08/08,2026/06/21,0.56,0.20000000298023224,0.550000011920929,20.559999465942383,,,,,"{""1stEdition"": {""low"": 1.25, ""mid"": 2.5, ""high"": 25.1, ""market"": 1.72, ""directLow"": null}}",0.6806,0.0231,1.0266,0.0,0.219200000166893,0.7036,0.5998,0.0,0.0,0.0,1.1535,2026-08-09
dp5-67,Kabuto,normal,Majestic Dawn,67,Common,Midori Harada,Stage 1,140,Pokémon,2008/05/01,"tcgplayer,cardmarket",https://prices.pokemontcg.io/tcgplayer/dp5-67,https://images.pokemontcg.io/dp5/67_hires.png,2026/08/08,2026/02/19,0.65,0.25,0.6000000238418579,19.979999542236328,,15.67,,,,0.323,0.0231,0.323,0.5767,0.17299999296665192,0.2307,0.2999,0.2884,0.9228,1.2342,1.1535,2026-08-09
pl4-72,Ponyta,normal,Arceus,72,Common,Midori Harada,Basic,77,Pokémon,2009/11/04,"tcgplayer,cardmarket",https://prices.pokemontcg.io/tcgplayer/pl4-72,https://images.pokemontcg.io/pl4/72_hires.png,2026/08/08,2026/02/01,0.41,0.10000000149011612,0.3700000047683716,18.0,,5.0,,,,0.1269,0.0231,0.1615,0.9113,0.25380000472068787,0.2422,0.173,5.6522,2.5146,2.307,1.1535,2026-08-09
hgss1-76,Paras,normal,HeartGold & SoulSilver,76,Common,Midori Harada,Basic,46,Pokémon,2010/02/10,"tcgplayer,cardmarket",https://prices.pokemontcg.io/tcgplayer/hgss1-76,https://images.pokemontcg.io/hgss1/76_hires.png,2026/08/08,2026/02/01,0.59,0.18000000715255737,0.5,18.200000762939453,,1.0,,,,0.2884,0.0231,0.2307,6.921,0.13840000331401825,0.1615,0.2538,4.2679,5.1446,2.9068,1.1535,2026-08-09
swsh1-71,Galvantula,normal,Sword & Shield,71,Uncommon,otumami,Stage 1,596,Pokémon,2020/02/07,"tcgplayer,cardmarket",https://prices.pokemontcg.io/tcgplayer/swsh1-71,https://images.pokemontcg.io/swsh1/71_hires.png,2026/08/08,2026/01/19,0.08,0.029999999329447746,0.20000000298023224,19.979999542236328,,0.34,,,,0.0577,0.0231,0.0577,0.7498,0.023099999874830246,0.0577,0.0807,0.1038,0.6229,0.7382,1.1535,2026-08-09
ex2-63,Eevee,normal,Sandstorm,63,Common,Kouki Saitou,Basic,133,Pokémon,2003/09/18,"tcgplayer,cardmarket",https://prices.pokemontcg.io/tcgplayer/ex2-63,https://images.pokemontcg.io/ex2/63_hires.png,2026/08/08,2026/02/19,7.16,5.5,7.090000152587891,47.599998474121094,,86.45,,,,4.1295,0.0346,3.2759,8.9858,1.8456000089645386,3.2183,3.6681,11.535,7.9707,14.7648,1.1535,2026-08-09
ex12-74,Full Flame,normal,Legend Maker,74,Uncommon,Ryo Ueda,Stadium,,Trainer,2006/02/01,"tcgplayer,cardmarket",https://prices.pokemontcg.io/tcgplayer/ex12-74,https://images.pokemontcg.io/ex12/74_hires.png,2026/08/08,2026/02/01,1.11,0.6499999761581421,1.0,19.979999542236328,,7.22,,,,0.8074,0.0346,0.669,0.0,0.46140000224113464,0.7613,0.669,1.1535,3.2529,4.6371,1.1535,2026-08-09
xy4-65,Aegislash-EX,holofoil,Phantom Forces,65,Rare Holo EX,Ayaka Yoshida,Basic|EX,681,Pokémon,2014/11/05,"tcgplayer,cardmarket",https://prices.pokemontcg.io/tcgplayer/xy4-65,https://images.pokemontcg.io/xy4/65_hires.png,2026/08/08,2026/02/04,4.01,2.0,3.5,138.3800048828125,,,,,,5.929,0.5767,5.0408,0.0,5.698299884796143,6.252,4.4756,3.4605,2.9645,3.4144,1.1535,2026-08-09
dp3-75,Wartortle,normal,Secret Wonders,75,Uncommon,Ken Sugimori,Stage 1,8,Pokémon,2007/11/01,"tcgplayer,cardmarket",https://prices.pokemontcg.io/tcgplayer/dp3-75,https://images.pokemontcg.io/dp3/75_hires.png,2026/08/08,2026/01/21,2.46,0.8500000238418579,2.049999952316284,30.81999969482422,,9.7,,,,1.3265,0.0231,1.1304,5.1907,1.4765000343322754,1.5688,1.0958,5.1907,4.5448,4.1757,1.1535,2026-08-09
pl2-66,Kakuna,normal,Rising Rivals,66,Common,Midori Harada,Stage 1,14,Pokémon,2009/05/16,"tcgplayer,cardmarket",https://prices.pokemontcg.io/tcgplayer/pl2-66,https://images.pokemontcg.io/pl2/66_hires.png,2026/08/08,2026/02/19,0.33,0.12999999523162842,0.3400000035762787,18.31999969482422,,1.79,,,,0.3576,0.0231,0.173,0.8421,0.11540000140666962,0.173,0.1384,0.2884,0.6114,1.0151,1.1535,2026-08-09
sm10-62,Ekans,normal,Unbroken Bonds,62,Common,Yumi,Basic,23,Pokémon,2019/05/03,"tcgplayer,cardmarket",https://prices.pokemontcg.io/tcgplayer/sm10-62,https://images.pokemontcg.io/sm10/62_hires.png,2026/08/08,2026/02/01,0.25,0.009999999776482582,0.25,19.979999542236328,,0.37,,,,0.1038,0.0231,0.1038,0.6229,0.03460000082850456,0.1154,0.1154,0.2307,0.6229,0.3691,1.1535,2026-08-09
sm75-68,Altaria-GX,holofoil,Dragon Majesty,68,Rare Ultra,5ban Graphics,Stage 1|GX,334,Pokémon,2018/09/07,"tcgplayer,cardmarket",https://prices.pokemontcg.io/tcgplayer/sm75-68,https://images.pokemontcg.io/sm75/68_hires.png,2026/08/08,2026/02/01,8.73,7.489999771118164,10.0,90.0,,,,,,11.0505,5.1907,10.393,0.0,7.497700214385986,10.3815,12.0771,9.228,10.8198,10.1854,1.1535,2026-08-09
bw1-69,Scrafty,normal,Black & White,69,Rare,Shin Nagasawa,Stage 1,560,Pokémon,2011/04/25,"tcgplayer,cardmarket",https://prices.pokemontcg.io/tcgplayer/bw1-69,https://images.pokemontcg.io/bw1/69_hires.png,2026/08/08,2026/02/01,0.74,0.46000000834465027,0.6800000071525574,19.979999542236328,,3.06,,,,0.7959,0.0577,0.6114,0.9113,0.4499000012874603,0.5767,0.6344,1.6726,1.6149,1.4188,1.1535,2026-08-09
neo2-64,Spinarak,unlimited,Neo Discovery,64,Common,Yukiko Baba,Basic,167,Pokémon,2001/06/01,"tcgplayer,cardmarket",https://prices.pokemontcg.io/tcgplayer/neo2-64,https://images.pokemontcg.io/neo2/64_hires.png,2026/08/08,2026/06/21,0.67,0.1899999976158142,0.6000000238418579,19.420000076293945,,,,,"{""1stEdition"": {""low"": 1.45, ""mid"": 3.0, ""high"": 4320.01, ""market"": 2.43, ""directLow"": 3.14}}",0.646,0.0231,0.4037,0.0,0.12690000236034393,0.4153,0.5883,0.0,0.0,0.0,1.1535,2026-08-09
xy2-80,Snorlax,normal,Flashfire,80,Rare,Mitsuhiro Arita,Basic,143,Pokémon,2014/05/07,"tcgplayer,cardmarket",https://prices.pokemontcg.io/tcgplayer/xy2-80,https://images.pokemontcg.io/xy2/80_hires.png,2026/08/08,2026/01/16,4.0,1.5299999713897705,3.1600000858306885,99.98999786376953,,19.96,,,,2.5377,0.0231,3.126,8.2475,2.8838000297546387,2.0302,2.1916,1.1535,7.0248,8.6974,1.1535,2026-08-09
hgss1-77,Phanpy,normal,HeartGold & SoulSilver,77,Common,Midori Harada,Basic,231,Pokémon,2010/02/10,"tcgplayer,cardmarket",https://prices.pokemontcg.io/tcgplayer/hgss1-77,https://images.pokemontcg.io/hgss1/77_hires.png,2026/08/08,2026/02/01,0.8,0.4000000059604645,0.800000011920929,18.31999969482422,,18.5,,,,0.3922,0.0231,0.4383,0.0,1.153499960899353,0.2307,0.323,1.0958,3.2413,2.976,1.1535,2026-08-09
sm9-74,Hitmonchan,normal,Team Up,74,Uncommon,Tomokazu Komiya,Basic,107,Pokémon,2019/02/01,"tcgplayer,cardmarket",https://prices.pokemontcg.io/tcgplayer/sm9-74,https://images.pokemontcg.io/sm9/74_hires.png,2026/08/08,2026/01/19,0.54,0.20000000298023224,0.5600000023841858,19.979999542236328,,4.29,,,,0.5191,0.0231,0.4499,0.5883,0.11540000140666962,0.7498,0.4614,0.2307,0.646,1.142,1.1535,2026-08-09
dp6-69,Piloswine,normal,Legends Awakened,69,Uncommon,Midori Harada,Stage 1,221,Pokémon,2008/08/01,"tcgplayer,cardmarket",https://prices.pokemontcg.io/tcgplayer/dp6-69,https://images.pokemontcg.io/dp6/69_hires.png,2026/08/08,2026/02/04,0.35,0.15000000596046448,0.3499999940395355,17.979999542236328,,2.81,,,,0.2307,0.0231,0.1961,0.5767,0.2653000056743622,0.173,0.173,0.5767,0.5537,0.7959,1.1535,2026-08-09
dp7-64,Machop,normal,Stormfront,64,Common,Midori Harada,Basic,66,Pokémon,2008/11/01,"tcgplayer,cardmarket",https://prices.pokemontcg.io/tcgplayer/dp7-64,https://images.pokemontcg.io/dp7/64_hires.png,2026/08/08,2026/02/19,0.3,0.09000000357627869,0.30000001192092896,19.979999542236328,,1.99,,,,0.1269,0.0231,0.2422,1.0497,0.23070000112056732,0.2538,0.1615,2.307,1.3611,0.8767,1.1535,2026-08-09
swsh3-64,Pincurchin,holofoil,Darkness Ablaze,64,Rare Holo,Shin Nagasawa,Basic,871,Pokémon,2020/08/14,"tcgplayer,cardmarket",https://prices.pokemontcg.io/tcgplayer/swsh3-64,https://images.pokemontcg.io/swsh3/64_hires.png,2026/08/08,2026/01/21,0.3,0.10000000149011612,0.3100000023841858,2.990000009536743,,0.37,,,,0.5652,0.1154,0.4845,0.5998,0.219200000166893,0.3114,0.4729,0.6921,0.6344,0.6575,1.1535,2026-08-09
hgss2-72,Dual Ball,normal,HS—Unleashed,72,Uncommon,Takashi Yamaguchi,Item,,Trainer,2010/05/12,"tcgplayer,cardmarket",https://prices.pokemontcg.io/tcgplayer/hgss2-72,https://images.pokemontcg.io/hgss2/72_hires.png,2026/08/08,2026/02/01,0.87,0.4399999976158142,0.8199999928474426,19.979999542236328,,3.35,,,,0.323,0.0231,0.323,0.7613,0.6805999875068665,0.2884,0.4268,1.3265,0.8305,1.1304,1.1535,2026-08-09
dp3-76,Bagon,normal,Secret Wonders,76,Common,Atsuko Nishida,Basic,371,Pokémon,2007/11/01,"tcgplayer,cardmarket",https://prices.pokemontcg.io/tcgplayer/dp3-76,https://images.pokemontcg.io/dp3/76_hires.png,2026/08/08,2026/01/21,0.37,0.1899999976158142,0.3700000047683716,19.979999542236328,,2.98,,,,0.2422,0.0231,0.3345,0.6344,0.57669997215271,0.4037,0.3114,0.7959,0.3922,0.9574,1.1535,2026-08-09
ex13-71,Meowth δ,normal,Holon Phantoms,71,Common,Kagemaru Himeno,Basic,52,Pokémon,2006/05/01,"tcgplayer,cardmarket",https://prices.pokemontcg.io/tcgplayer/ex13-71,https://images.pokemontcg.io/ex13/71_hires.png,2026/08/08,2026/02/04,3.28,0.949999988079071,3.0899999141693115,17.899999618530273,,72.49,,,,0.8421,0.0346,0.9113,24.9963,0.9228000044822693,0.7036,0.9689,23.07,23.889,17.3256,1.1535,2026-08-09
ex5-64,Machop,normal,Hidden Legends,64,Common,Hajime Kusajima,Basic,66,Pokémon,2004/06/01,"tcgplayer,cardmarket",https://prices.pokemontcg.io/tcgplayer/ex5-64,https://images.pokemontcg.io/ex5/64_hires.png,2026/08/08,2026/02/19,0.57,0.30000001192092896,0.5899999737739563,20.610000610351562,,12.51,,,,1.5803,0.0577,0.8421,4.0142,0.46140000224113464,0.3114,0.5306,2.8838,3.6335,4.4525,1.1535,2026-08-09
bw11-74,Solosis,normal,Legendary Treasures,74,Common,Kouki Saitou,Basic,577,Pokémon,2013/11/06,"tcgplayer,cardmarket",https://prices.pokemontcg.io/tcgplayer/bw11-74,https://images.pokemontcg.io/bw11/74_hires.png,2026/08/08,2026/02/04,0.32,0.07000000029802322,0.28999999165534973,1000.0,,0.66,,,,0.3345,0.0577,0.2422,0.0,0.11540000140666962,0.1961,0.2307,4.4986,3.9911,1.6726,1.1535,2026-08-09
ex2-64,Ekans,normal,Sandstorm,64,Common,Midori Harada,Basic,23,Pokémon,2003/09/18,"tcgplayer,cardmarket",https://prices.pokemontcg.io/tcgplayer/ex2-64,https://images.pokemontcg.io/ex2/64_hires.png,2026/08/08,2026/02/19,0.72,0.25,0.7300000190734863,20.790000915527344,,11.32,,,,0.3345,0.0231,0.5306,2.8838,0.28839999437332153,0.5883,0.4037,2.8838,2.0186,1.9494,1.1535,2026-08-09
ex3-72,Slugma,normal,Dragon,72,Common,Kyoko Umemoto,Basic,218,Pokémon,2003/11/24,"tcgplayer,cardmarket",https://prices.pokemontcg.io/tcgplayer/ex3-72,https://images.pokemontcg.io/ex3/72_hires.png,2026/08/08,2026/02/22,0.63,0.05000000074505806,0.6100000143051147,9.0,,13.52,,,,0.1961,0.0231,0.4383,2.134,0.28839999437332153,0.3691,0.2307,1.1535,2.0648,2.0532,1.1535,2026-08-09
dp1-73,Buneary,normal,Diamond & Pearl,73,Common,Ken Sugimori,Basic,427,Pokémon,2007/05/01,"tcgplayer,cardmarket",https://prices.pokemontcg.io/tcgplayer/dp1-73,https://images.pokemontcg.io/dp1/73_hires.png,2026/08/08,2026/02/19,0.46,0.20000000298023224,0.44999998807907104,19.979999542236328,,5.01,,,,0.15,0.0231,0.2076,2.3647,0.11540000140666962,0.2422,0.1615,2.2493,2.134,1.4188,1.1535,2026-08-09
ex12-75,Giant Stump,normal,Legend Maker,75,Uncommon,Ryo Ueda,Stadium,,Trainer,2006/02/01,"tcgplayer,cardmarket",https://prices.pokemontcg.io/tcgplayer/ex12-75,https://images.pokemontcg.io/ex12/75_hires.png,2026/08/08,2026/02/01,1.29,0.8999999761581421,1.340000033378601,25.600000381469727,,8.46,,,,1.0958,0.0577,1.2227,0.0,0.57669997215271,1.1189,1.1996,5.7675,4.6025,4.7755,1.1535,2026-08-09
sm12-72,Lanturn,normal,Cosmic Eclipse,72,Rare,otumami,Stage 1,171,Pokémon,2019/11/01,"tcgplayer,cardmarket",https://prices.pokemontcg.io/tcgplayer/sm12-72,https://images.pokemontcg.io/sm12/72_hires.png,2026/08/08,2026/01/19,0.27,0.15000000596046448,0.28999999165534973,19.979999542236328,,0.47,,,,0.3345,0.0231,0.346,0.6921,0.08070000261068344,0.3691,0.2192,0.5191,0.7728,0.819,1.1535,2026-08-09
pl2-67,Kecleon,normal,Rising Rivals,67,Common,Midori Harada,Basic,352,Pokémon,2009/05/16,"tcgplayer,cardmarket",https://prices.pokemontcg.io/tcgplayer/pl2-67,https://images.pokemontcg.io/pl2/67_hires.png,2026/08/08,2026/02/19,0.39,0.20999999344348907,0.38999998569488525,19.979999542236328,,4.36,,,,0.1615,0.0231,0.1384,0.0,0.219200000166893,0.1846,0.173,1.142,1.638,1.3611,1.1535,2026-08-09
pl4-73,Rattata,normal,Arceus,73,Common,Miki Tanaka,Basic,19,Pokémon,2009/11/04,"tcgplayer,cardmarket",https://prices.pokemontcg.io/tcgplayer/pl4-73,https://images.pokemontcg.io/pl4/73_hires.png,2026/08/08,2026/02/01,0.38,0.20000000298023224,0.36000001430511475,19.979999542236328,,4.71,,,,0.1961,0.0231,0.1846,0.0,0.51910001039505,0.2076,0.2076,0.5767,1.165,0.7267,1.1535,2026-08-09
sm7-71,Onix,normal,Celestial Storm,71,Common,Mitsuhiro Arita,Basic,95,Pokémon,2018/08/03,"tcgplayer,cardmarket",https://prices.pokemontcg.io/tcgplayer/sm7-71,https://images.pokemontcg.io/sm7/71_hires.png,2026/08/08,2026/01/19,0.26,0.09000000357627869,0.25,19.979999542236328,,0.45,,,,0.1154,0.0231,0.1038,0.3807,0.09229999780654907,0.1384,0.1038,0.346,0.4037,0.4153,1.1535,2026-08-09
sm8-68,Mareanie,normal,Lost Thunder,68,Common,Aya Kusube,Basic,747,Pokémon,2018/11/02,"tcgplayer,cardmarket",https://prices.pokemontcg.io/tcgplayer/sm8-68,https://images.pokemontcg.io/sm8/68_hires.png,2026/08/08,2026/01/21,0.14,0.05000000074505806,0.20999999344348907,19.979999542236328,,0.32,,,,0.0461,0.0231,0.0692,0.5767,0.11540000140666962,0.0577,0.0807,0.4614,0.496,0.3807,1.1535,2026-08-09
gym2-74,Giovanni's Meowth,unlimited,Gym Challenge,74,Common,Ken Sugimori,Basic,52,Pokémon,2000/10/16,"tcgplayer,cardmarket",https://prices.pokemontcg.io/tcgplayer/gym2-74,https://images.pokemontcg.io/gym2/74_hires.png,2026/08/08,2026/02/01,1.98,0.75,1.850000023841858,87.88999938964844,,,,,"{""1stEdition"": {""low"": 5.21, ""mid"": 8.99, ""high"": 60.15, ""market"": 7.24, ""directLow"": null}}",1.6726,0.1154,2.2724,0.0,5.5945000648498535,2.3993,1.7187,0.0,0.0,0.0,1.1535,2026-08-09
col1-72,Tangela,normal,Call of Legends,72,Common,Hideaki Hakozaki,Basic,114,Pokémon,2011/02/09,"tcgplayer,cardmarket",https://prices.pokemontcg.io/tcgplayer/col1-72,https://images.pokemontcg.io/col1/72_hires.png,2026/08/08,2026/02/01,0.36,0.15000000596046448,0.4399999976158142,19.979999542236328,,18.16,,,,1.5688,0.0231,1.6495,4.9254,0.7498000264167786,0.496,0.8421,4.0373,4.1641,2.5146,1.1535,2026-08-09
xy9-63,Skrelp,normal,BREAKpoint,63,Common,Yukiko Baba,Basic,690,Pokémon,2016/02/03,"tcgplayer,cardmarket",https://prices.pokemontcg.io/tcgplayer/xy9-63,https://images.pokemontcg.io/xy9/63_hires.png,2026/08/08,2026/02/04,0.07,0.029999999329447746,0.20000000298023224,19.979999542236328,,0.44,,,,0.0807,0.0231,0.0577,0.5191,0.023099999874830246,0.0577,0.0923,0.5537,0.6806,0.3576,1.1535,2026-08-09
bwp-BW60,Keldeo,holofoil,BW Black Star Promos,BW60,Promo,5ban Graphics,Basic,647,Pokémon,2011/03/01,"tcgplayer,cardmarket",https://prices.pokemontcg.io/tcgplayer/bwp-BW60,https://images.pokemontcg.io/bwp/BW60_hires.png,2026/08/08,2026/02/19,8.07,8.239999771118164,24.5,106.98999786376953,,,,,,3.449,1.142,5.6291,0.0,3.4489998817443848,6.771,4.0719,5.7675,2.7799,2.5954,1.1535,2026-08-09
ex6-68,Magnemite,normal,FireRed & LeafGreen,68,Common,Ken Sugimori,Basic,81,Pokémon,2004/09/01,"tcgplayer,cardmarket",https://prices.pokemontcg.io/tcgplayer/ex6-68,https://images.pokemontcg.io/ex6/68_hires.png,2026/08/08,2026/02/04,0.32,0.05000000074505806,0.3199999928474426,20.350000381469727,,11.84,,,,0.2192,0.0231,0.2422,1.7418,0.41530001163482666,0.2653,0.2884,2.4108,3.6335,5.6983,1.1535,2026-08-09
swshp-SWSH066,Charizard,holofoil,SWSH Black Star Promos,SWSH066,Promo,NC Empire,Stage 2,6,Pokémon,2019/11/15,"tcgplayer,cardmarket",https://prices.pokemontcg.io/tcgplayer/swshp-SWSH066,https://images.pokemontcg.io/swshp/SWSH066_hires.png,2026/08/08,2026/01/21,580.92,599.989990234375,2299.989990234375,3999.989990234375,,,,,,81.2641,54.2145,108.2906,0.0,173.0135040283203,88.808,89.5116,213.386,166.7846,172.8058,1.1535,2026-08-09
bw2-63,Terrakion,holofoil,Emerging Powers,63,Rare Holo,5ban Graphics,Basic,639,Pokémon,2011/08/31,"tcgplayer,cardmarket",https://prices.pokemontcg.io/tcgplayer/bw2-63,https://images.pokemontcg.io/bw2/63_hires.png,2026/08/08,2026/02/01,1.8,0.75,1.4900000095367432,19.979999542236328,,1.69,,,,2.0186,0.1038,2.0302,0.5421,0.3230000138282776,1.488,1.5457,3.4605,1.3842,1.4073,1.1535,2026-08-09
ex1-61,Numel,normal,Ruby & Sapphire,61,Common,Ken Sugimori,Basic,322,Pokémon,2003/07/01,"tcgplayer,cardmarket",https://prices.pokemontcg.io/tcgplayer/ex1-61,https://images.pokemontcg.io/ex1/61_hires.png,2026/08/08,2026/02/19,0.64,0.25,0.6899999976158142,19.8700008392334,,17.85,,,,0.2768,0.0231,0.3576,1.0381,0.7498000264167786,0.3345,0.2768,4.6025,2.5838,3.2067,1.1535,2026-08-09
ex14-67,Treecko,normal,Crystal Guardians,67,Common,Sachiko Adachi,Basic,252,Pokémon,2006/08/01,"tcgplayer,cardmarket",https://prices.pokemontcg.io/tcgplayer/ex14-67,https://images.pokemontcg.io/ex14/67_hires.png,2026/08/08,2026/02/19,1.21,0.25,1.0,19.979999542236328,,29.04,,,,0.2538,0.0231,0.346,11.2351,0.31139999628067017,0.2307,0.2538,11.535,14.5341,9.5279,1.1535,2026-08-09
neo1-65,Mareep,unlimited,Neo Genesis,65,Common,Ken Sugimori,Basic,179,Pokémon,2000/12/16,"tcgplayer,cardmarket",https://prices.pokemontcg.io/tcgplayer/neo1-65,https://images.pokemontcg.io/neo1/65_hires.png,2026/08/08,2026/02/19,1.19,0.4000000059604645,0.8799999952316284,20.75,,,,,"{""1stEdition"": {""low"": 1.45, ""mid"": 2.84, ""high"": 30.0, ""market"": 2.89, ""directLow"": null}}",0.7036,0.0231,1.0151,0.0,0.426800012588501,0.6229,0.7382,0.0,0.0,0.0,1.1535,2026-08-09
sm1-68,Hariyama,normal,Sun & Moon,68,Rare,Miki Tanaka,Stage 1,297,Pokémon,2017/02/03,"tcgplayer,cardmarket",https://prices.pokemontcg.io/tcgplayer/sm1-68,https://images.pokemontcg.io/sm1/68_hires.png,2026/08/08,2026/01/21,0.18,0.019999999552965164,0.20000000298023224,19.979999542236328,,0.28,,,,0.15,0.0231,0.1384,0.4845,0.09229999780654907,0.15,0.15,0.5767,0.4037,0.5767,1.1535,2026-08-09
ex11-69,Eevee,normal,Delta Species,69,Common,Atsuko Nishida,Basic,133,Pokémon,2005/10/31,"tcgplayer,cardmarket",https://prices.pokemontcg.io/tcgplayer/ex11-69,https://images.pokemontcg.io/ex11/69_hires.png,2026/08/08,2026/02/19,9.3,5.090000152587891,10.100000381469727,74.9000015258789,,66.34,,,,8.7897,0.173,6.1136,21.9165,8.07450008392334,6.8172,6.0328,6.921,100.6659,44.8942,1.1535,2026-08-09
xy1-72,Zorua,normal,XY,72,Common,Toyste Beach,Basic,570,Pokémon,2014/02/05,"tcgplayer,cardmarket",https://prices.pokemontcg.io/tcgplayer/xy1-72,https://images.pokemontcg.io/xy1/72_hires.png,2026/08/08,2026/02/04,0.34,0.05000000074505806,0.33000001311302185,1000.0,,1.52,,,,0.2422,0.0231,0.2192,0.6114,0.11540000140666962,0.2076,0.2076,0.8651,1.0266,1.0266,1.1535,2026-08-09
bw10-76,Ursaring,normal,Plasma Blast,76,Uncommon,5ban Graphics,Stage 1|Team Plasma,217,Pokémon,2013/08/14,"tcgplayer,cardmarket",https://prices.pokemontcg.io/tcgplayer/bw10-76,https://images.pokemontcg.io/bw10/76_hires.png,2026/08/08,2026/01/19,0.45,0.14000000059604645,0.41999998688697815,19.979999542236328,,1.21,,,,0.323,0.0231,0.3114,0.6921,0.17299999296665192,0.3922,0.323,0.6806,0.7613,1.2573,1.1535,2026-08-09
base4-70,Cubone,normal,Base Set 2,70,Common,Mitsuhiro Arita,Basic,104,Pokémon,2000/02/24,"tcgplayer,cardmarket",https://prices.pokemontcg.io/tcgplayer/base4-70,https://images.pokemontcg.io/base4/70_hires.png,2026/08/08,2026/02/22,1.07,0.3799999952316284,1.0,19.260000228881836,,,,,,1.2919,0.0461,1.2342,0.0,1.9608999490737915,1.488,1.4419,0.2884,0.2884,0.2884,1.1535,2026-08-09
sm6-66,Binacle,normal,Forbidden Light,66,Common,Yuka Morii,Basic,688,Pokémon,2018/05/04,"tcgplayer,cardmarket",https://prices.pokemontcg.io/tcgplayer/sm6-66,https://images.pokemontcg.io/sm6/66_hires.png,2026/08/08,2026/01/19,0.52,0.15000000596046448,0.5400000214576721,19.979999542236328,,0.96,,,,0.15,0.0231,0.1846,0.4268,0.10379999876022339,0.1846,0.1384,0.7498,0.4153,0.3691,1.1535,2026-08-09
ex10-71,Remoraid,normal,Unseen Forces,71,Common,Sachiko Adachi,Basic,223,Pokémon,2005/08/01,"tcgplayer,cardmarket",https://prices.pokemontcg.io/tcgplayer/ex10-71,https://images.pokemontcg.io/ex10/71_hires.png,2026/08/08,2026/02/19,0.84,0.5,1.0,19.979999542236328,,43.12,,,,0.1961,0.0231,0.0461,6.5057,0.28839999437332153,0.2653,0.3576,16.0337,7.3824,6.3212,1.1535,2026-08-09
neo3-66,Shining Magikarp,,Neo Revelation,66,Rare Shining,Ken Sugimori,Basic,129,Pokémon,2001/09/21,"tcgplayer,cardmarket",https://prices.pokemontcg.io/tcgplayer/neo3-66,https://images.pokemontcg.io/neo3/66_hires.png,2026/08/08,2026/02/19,,,,,,,,,"{""unlimitedHolofoil"": {""low"": 449.99, ""mid"": 577.15, ""high"": 1250.0, ""market"": 445.0, ""directLow"": null}}",404.7516,92.2223,396.2965,0.0,285.4912109375,349.499,325.1255,63.4425,139.4581,145.8024,1.1535,2026-08-09
sm5-71,Murkrow,normal,Ultra Prism,71,Common,match,Basic,198,Pokémon,2018/02/02,"tcgplayer,cardmarket",https://prices.pokemontcg.io/tcgplayer/sm5-71,https://images.pokemontcg.io/sm5/71_hires.png,2026/08/08,2026/01/19,0.05,0.029999999329447746,0.20000000298023224,19.979999542236328,,0.38,,,,0.0692,0.0231,0.0807,0.2422,0.04610000178217888,0.1154,0.0807,0.346,0.2538,0.2999,1.1535,2026-08-09
xy3-59,Pancham,normal,Furious Fists,59,Uncommon,5ban Graphics,Basic,674,Pokémon,2014/08/13,"tcgplayer,cardmarket",https://prices.pokemontcg.io/tcgplayer/xy3-59,https://images.pokemontcg.io/xy3/59_hires.png,2026/08/08,2026/02/04,0.32,0.09000000357627869,0.25999999046325684,14.989999771118164,,0.85,,,,0.2307,0.0231,0.173,0.5767,0.023099999874830246,0.1961,0.2538,0.5652,0.4037,0.4845,1.1535,2026-08-09
xy12-67,Raticate,normal,Evolutions,67,Rare,Ken Sugimori,Stage 1,20,Pokémon,2016/11/02,"tcgplayer,cardmarket",https://prices.pokemontcg.io/tcgplayer/xy12-67,https://images.pokemontcg.io/xy12/67_hires.png,2026/08/08,2026/02/01,0.2,0.03999999910593033,0.23999999463558197,18.1200008392334,,0.86,,,,0.2653,0.0231,0.2422,2.0302,0.29989999532699585,0.2884,0.2538,2.4224,1.9494,1.8571,1.1535,2026-08-09
ecard1-64,Typhlosion,normal,Expedition Base Set,64,Rare,Hiroaki Ito,Stage 2,157,Pokémon,2002/09/15,"tcgplayer,cardmarket",https://prices.pokemontcg.io/tcgplayer/ecard1-64,https://images.pokemontcg.io/ecard1/64_hires.png,2026/08/08,2026/02/19,68.52,75.0,79.98999786376953,562.8300170898438,,155.0,,,,14.2919,1.6149,12.1117,37.8463,4.498600006103516,17.2448,11.8003,57.675,27.2572,22.7586,1.1535,2026-08-09
gym1-72,Brock's Sandshrew,unlimited,Gym Heroes,72,Common,Ken Sugimori,Basic,27,Pokémon,2000/08/14,"tcgplayer,cardmarket",https://prices.pokemontcg.io/tcgplayer/gym1-72,https://images.pokemontcg.io/gym1/72_hires.png,2026/08/08,2026/02/19,2.11,0.8999999761581421,1.6799999475479126,19.760000228881836,,,,,"{""1stEdition"": {""low"": 8.01, ""mid"": 15.47, ""high"": 96.63, ""market"": 14.18, ""directLow"": 96.63}}",2.3301,0.2884,3.2183,0.0,1.9033000469207764,2.157,2.4454,1.7302,1.7302,1.7302,1.1535,2026-08-09
xy6-68,Dunsparce,normal,Roaring Skies,68,Common,Yuka Morii,Basic,206,Pokémon,2015/05/06,"tcgplayer,cardmarket",https://prices.pokemontcg.io/tcgplayer/xy6-68,https://images.pokemontcg.io/xy6/68_hires.png,2026/08/08,2026/01/21,0.5,0.17000000178813934,0.47999998927116394,19.979999542236328,,0.89,,,,0.1615,0.0231,0.2538,0.4499,0.11540000140666962,0.2538,0.1846,0.346,0.4383,0.496,1.1535,2026-08-09
xy5-74,Rhyhorn,normal,Primal Clash,74,Common,Midori Harada,Basic,111,Pokémon,2015/02/04,"tcgplayer,cardmarket",https://prices.pokemontcg.io/tcgplayer/xy5-74,https://images.pokemontcg.io/xy5/74_hires.png,2026/08/08,2026/01/19,0.17,0.03999999910593033,0.20000000298023224,17.559999465942383,,0.44,,,,0.1038,0.0231,0.1269,0.5191,0.17299999296665192,0.1038,0.1038,0.5191,0.4845,0.5075,1.1535,2026-08-09
smp-SM63,Salazzle-GX,holofoil,SM Black Star Promos,SM63,Promo,5ban Graphics,Stage 1|GX,758,Pokémon,2017/02/03,"tcgplayer,cardmarket",https://prices.pokemontcg.io/tcgplayer/smp-SM63,https://images.pokemontcg.io/smp/SM63_hires.png,2026/08/08,2026/02/01,2.7,1.340000033378601,2.700000047683716,9999.0,,,,,,3.1145,2.2839,3.8065,0.0,4.613999843597412,3.449,3.1029,3.4605,3.8181,3.3798,1.1535,2026-08-09
neo4-72,Light Sunflora,unlimited,Neo Destiny,72,Common,Toshinao Aoki,Stage 1,192,Pokémon,2002/02/28,"tcgplayer,cardmarket",https://prices.pokemontcg.io/tcgplayer/neo4-72,https://images.pokemontcg.io/neo4/72_hires.png,2026/08/08,2026/02/04,1.34,0.5,1.309999942779541,19.979999542236328,,,,,"{""1stEdition"": {""low"": 1.99, ""mid"": 3.86, ""high"": 27.82, ""market"": 3.81, ""directLow"": 3.99}}",2.2263,0.1154,2.1801,0.0,0.17299999296665192,2.134,2.0878,0.0,0.0,0.0,1.1535,2026-08-09
base2-62,Spearow,unlimited,Jungle,62,Common,Mitsuhiro Arita,Basic,21,Pokémon,1999/06/16,"tcgplayer,cardmarket",https://prices.pokemontcg.io/tcgplayer/base2-62,https://images.pokemontcg.io/base2/62_hires.png,2026/08/08,2026/06/21,0.39,0.07999999821186066,0.41999998688697815,15.3100004196167,,,,,"{""1stEdition"": {""low"": 0.16, ""mid"": 2.22, ""high"": 39.99, ""market"": 2.22, ""directLow"": 1.48}}",1.1766,0.0231,3.6681,0.0,0.5074999928474426,4.5217,1.1535,0.346,0.346,0.346,1.1535,2026-08-09
bw3-66,Archen,normal,Noble Victories,66,Uncommon,Kagemaru Himeno,Restored,566,Pokémon,2011/11/16,"tcgplayer,cardmarket",https://prices.pokemontcg.io/tcgplayer/bw3-66,https://images.pokemontcg.io/bw3/66_hires.png,2026/08/08,2026/02/19,0.92,0.44999998807907104,0.8799999952316284,19.979999542236328,,6.14,,,,0.5998,0.0231,0.4268,1.0958,0.23070000112056732,0.5652,0.6344,1.0958,1.6495,1.5226,1.1535,2026-08-09
hgss3-70,Togepi,normal,HS—Undaunted,70,Common,Atsuko Nishida,Basic,175,Pokémon,2010/08/18,"tcgplayer,cardmarket",https://prices.pokemontcg.io/tcgplayer/hgss3-70,https://images.pokemontcg.io/hgss3/70_hires.png,2026/08/08,2026/02/19,3.05,0.8999999761581421,2.2799999713897705,19.979999542236328,,37.5,,,,0.2653,0.0231,0.1269,1.0035,0.04610000178217888,0.1384,0.2422,1.142,1.5226,1.9148,1.1535,2026-08-09
bw7-73,Whirlipede,normal,Boundaries Crossed,73,Uncommon,match,Stage 1,544,Pokémon,2012/11/07,"tcgplayer,cardmarket",https://prices.pokemontcg.io/tcgplayer/bw7-73,https://images.pokemontcg.io/bw7/73_hires.png,2026/08/08,2026/01/21,0.63,0.33000001311302185,0.5,19.979999542236328,,2.94,,,,0.2768,0.0231,0.2538,0.0,0.34599998593330383,0.2999,0.2768,1.0958,0.992,0.9574,1.1535,2026-08-09
dp2-65,Unown [E],normal,Mysterious Treasures,65,Uncommon,Daisuke Ito,Basic,201,Pokémon,2007/08/01,"tcgplayer,cardmarket",https://prices.pokemontcg.io/tcgplayer/dp2-65,https://images.pokemontcg.io/dp2/65_hires.png,2026/08/08,2026/02/04,1.3,0.3199999928474426,0.6100000143051147,19.979999542236328,,1.05,,,,0.5421,0.0577,0.4383,2.3647,0.023099999874830246,0.3807,0.4499,1.7187,3.7373,2.0763,1.1535,2026-08-09
swsh4-68,Banette,normal,Vivid Voltage,68,Rare,kodama,Stage 1,354,Pokémon,2020/11/13,"tcgplayer,cardmarket",https://prices.pokemontcg.io/tcgplayer/swsh4-68,https://images.pokemontcg.io/swsh4/68_hires.png,2026/08/08,2026/01/21,0.29,0.07000000029802322,0.28999999165534973,19.979999542236328,,0.45,,,,0.2192,0.0231,0.2192,0.6344,0.11540000140666962,0.1846,0.2422,0.2884,0.5998,0.6921,1.1535,2026-08-09
pl1-72,Diglett,normal,Platinum,72,Common,Midori Harada,Basic,50,Pokémon,2009/02/11,"tcgplayer,cardmarket",https://prices.pokemontcg.io/tcgplayer/pl1-72,https://images.pokemontcg.io/pl1/72_hires.png,2026/08/08,2026/02/01,0.45,0.10000000149011612,0.4000000059604645,19.979999542236328,,4.01,,,,0.1154,0.0231,0.1384,0.2999,0.08070000261068344,0.1384,0.1038,0.4037,0.3691,0.6344,1.1535,2026-08-09
ex8-70,Poochyena,normal,Deoxys,70,Common,Aimi Tomita,Basic,261,Pokémon,2005/02/01,"tcgplayer,cardmarket",https://prices.pokemontcg.io/tcgplayer/ex8-70,https://images.pokemontcg.io/ex8/70_hires.png,2026/08/08,2026/02/19,1.86,0.7699999809265137,1.809999942779541,18.860000610351562,,29.95,,,,0.496,0.0577,0.8305,6.6672,0.8996999859809875,1.1189,0.646,46.14,11.9618,9.3318,1.1535,2026-08-09
ecard2-45,Bellsprout,normal,Aquapolis,45,Uncommon,Masako Yamashita,Basic,69,Pokémon,2003/01/15,"tcgplayer,cardmarket",https://prices.pokemontcg.io/tcgplayer/ecard2-45,https://images.pokemontcg.io/ecard2/45_hires.png,2026/08/08,2026/02/01,17.94,8.5,22.1200008392334,199.89999389648438,,43.66,,,,3.8527,1.142,4.2218,14.4187,5.767499923706055,3.9565,3.8873,7.267,12.4463,7.5554,1.1535,2026-08-09
base5-66,Rattata,unlimited,Team Rocket,66,Common,Atsuko Nishida,Basic,19,Pokémon,2000/04/24,"tcgplayer,cardmarket",https://prices.pokemontcg.io/tcgplayer/base5-66,https://images.pokemontcg.io/base5/66_hires.png,2026/08/08,2026/03/07,0.79,0.1899999976158142,0.6000000238418579,19.260000228881836,,,,,"{""1stEdition"": {""low"": 0.8, ""mid"": 1.69, ""high"": 19.99, ""market"": 1.67, ""directLow"": null}}",0.7382,0.0231,0.8882,0.0,0.2653000056743622,0.669,0.8074,0.346,0.346,0.346,1.1535,2026-08-09
xyp-XY62,Absol-EX,holofoil,XY Black Star Promos,XY62,Promo,PLANETA,Basic|EX,359,Pokémon,2013/10/12,"tcgplayer,cardmarket",https://prices.pokemontcg.io/tcgplayer/xyp-XY62,https://images.pokemontcg.io/xyp/XY62_hires.png,2026/08/08,2026/02/04,12.9,4.159999847412109,12.109999656677246,307.29998779296875,,,,,,11.2351,5.3292,1.2919,0.0,10.958200454711914,11.2351,18.1215,5.756,4.2564,4.0834,1.1535,2026-08-09
xy8-66,Mismagius,holofoil,BREAKthrough,66,Rare Holo,Ayaka Yoshida,Stage 1,429,Pokémon,2015/11/04,"tcgplayer,cardmarket",https://prices.pokemontcg.io/tcgplayer/xy8-66,https://images.pokemontcg.io/xy8/66_hires.png,2026/08/08,2026/01/19,0.78,0.38999998569488525,0.8299999833106995,29.989999771118164,,0.92,,,,2.0417,0.5767,1.8687,3.9796,1.0958000421524048,2.0302,1.7995,2.307,2.5608,3.2413,1.1535,2026-08-09
bw4-76,Bronzong,normal,Next Destinies,76,Rare,Kouki Saitou,Stage 1,437,Pokémon,2012/02/08,"tcgplayer,cardmarket",https://prices.pokemontcg.io/tcgplayer/bw4-76,https://images.pokemontcg.io/bw4/76_hires.png,2026/08/08,2026/01/21,0.33,0.20000000298023224,0.38999998569488525,19.979999542236328,,0.69,,,,0.5191,0.0231,0.5652,1.1535,0.46140000224113464,0.6806,0.5883,1.1535,1.2804,1.2689,1.1535,2026-08-09
sm3-68,Lunatone,normal,Burning Shadows,68,Uncommon,Shin Nagasawa,Basic,337,Pokémon,2017/08/05,"tcgplayer,cardmarket",https://prices.pokemontcg.io/tcgplayer/sm3-68,https://images.pokemontcg.io/sm3/68_hires.png,2026/08/08,2026/01/19,0.13,0.029999999329447746,0.20000000298023224,19.979999542236328,,0.31,,,,0.0807,0.0231,0.0807,0.1154,0.04610000178217888,0.0807,0.0692,0.1154,0.15,0.2884,1.1535,2026-08-09
g1-59,Clemont,normal,Generations,59,Uncommon,Ken Sugimori,Supporter,,Trainer,2016/02/22,"tcgplayer,cardmarket",https://prices.pokemontcg.io/tcgplayer/g1-59,https://images.pokemontcg.io/g1/59_hires.png,2026/08/08,2026/02/19,0.29,0.1899999976158142,0.30000001192092896,19.979999542236328,,0.56,,,,0.2768,0.0231,0.2307,1.4303,0.023099999874830246,0.2538,0.2307,0.8305,1.7649,1.1766,1.1535,2026-08-09
sm4-63,Guzzlord-GX,holofoil,Crimson Invasion,63,Rare Holo GX,5ban Graphics,Basic|GX|Ultra Beast,799,Pokémon,2017/11/03,"tcgplayer,cardmarket",https://prices.pokemontcg.io/tcgplayer/sm4-63,https://images.pokemontcg.io/sm4/63_hires.png,2026/08/08,2026/02/01,6.68,3.5,6.5,956.5800170898438,,,,,,3.6912,0.5767,4.2449,0.0,5.75600004196167,3.8181,3.5528,4.614,3.7373,3.7489,1.1535,2026-08-09
base1-73,Impostor Professor Oak,normal,Base,73,Rare,Ken Sugimori,,,Trainer,1999/01/09,"tcgplayer,cardmarket",https://prices.pokemontcg.io/tcgplayer/base1-73,https://images.pokemontcg.io/base1/73_hires.png,2026/08/08,2026/02/21,5.94,2.990000009536743,5.409999847412109,4318.990234375,,,,,,23.0585,19.598,37.7887,0.0,25.37700080871582,28.8029,30.4524,0.0,0.0,0.0,1.1535,2026-08-09
ex16-64,Snorunt,normal,Power Keepers,64,Common,Ken Sugimori,Basic,361,Pokémon,2007/02/02,"tcgplayer,cardmarket",https://prices.pokemontcg.io/tcgplayer/ex16-64,https://images.pokemontcg.io/ex16/64_hires.png,2026/08/08,2026/02/22,0.49,0.15000000596046448,0.49000000953674316,19.979999542236328,,6.03,,,,0.3114,0.0231,0.4268,4.1065,0.34599998593330383,0.4268,0.346,4.3256,4.3141,4.0488,1.1535,2026-08-09
bw9-72,Pawniard,normal,Plasma Freeze,72,Common,Kouki Saitou,Basic,624,Pokémon,2013/05/08,"tcgplayer,cardmarket",https://prices.pokemontcg.io/tcgplayer/bw9-72,https://images.pokemontcg.io/bw9/72_hires.png,2026/08/08,2026/01/21,0.26,0.07999999821186066,0.25,7.989999771118164,,0.59,,,,0.173,0.0231,0.1384,0.0,0.05770000070333481,0.173,0.173,0.6921,0.7613,0.9113,1.1535,2026-08-09
bw6-69,Sawk,normal,Dragons Exalted,69,Uncommon,Masakazu Fukuda,Basic,539,Pokémon,2012/08/15,"tcgplayer,cardmarket",https://prices.pokemontcg.io/tcgplayer/bw6-69,https://images.pokemontcg.io/bw6/69_hires.png,2026/08/08,2026/02/01,0.43,0.20000000298023224,0.4000000059604645,19.979999542236328,,0.65,,,,0.2192,0.0231,0.1846,0.9228,0.10379999876022339,0.2076,0.2192,1.1535,0.7844,0.7959,1.1535,2026-08-09
sm35-62,Lillie,normal,Shining Legends,62,Uncommon,Ken Sugimori,Supporter,,Trainer,2017/10/06,"tcgplayer,cardmarket",https://prices.pokemontcg.io/tcgplayer/sm35-62,https://images.pokemontcg.io/sm35/62_hires.png,2026/08/08,2026/02/01,0.26,0.07000000029802322,0.25999999046325684,19.979999542236328,,0.41,,,,0.1384,0.0231,0.1615,0.4729,0.17299999296665192,0.1269,0.173,0.5998,0.5421,0.5306,1.1535,2026-08-09
xy7-73,Faded Town,normal,Ancient Origins,73,Uncommon,Ryo Ueda,Stadium,,Trainer,2015/08/12,"tcgplayer,cardmarket",https://prices.pokemontcg.io/tcgplayer/xy7-73,https://images.pokemontcg.io/xy7/73_hires.png,2026/08/08,2026/01/19,0.08,0.009999999776482582,0.20000000298023224,1000.0,,0.29,,,,0.2076,0.0231,0.1615,0.2076,0.05770000070333481,0.1846,0.1961,0.5652,0.5075,0.4614,1.1535,2026-08-09
base6-66,Tentacruel,normal,Legendary Collection,66,Uncommon,Kagemaru Himeno,Stage 1,73,Pokémon,2002/05/24,"tcgplayer,cardmarket",https://prices.pokemontcg.io/tcgplayer/base6-66,https://images.pokemontcg.io/base6/66_hires.png,2026/08/08,2026/02/19,1.56,0.8500000238418579,1.2999999523162842,19.979999542236328,,90.64,,,,1.0728,0.2307,0.9459,34.605,2.2146999835968018,1.1189,0.8882,34.605,90.6305,50.7886,1.1535,2026-08-09
ecard3-38,Machoke,normal,Skyridge,38,Uncommon,Hisao Nakamura,Stage 1,67,Pokémon,2003/05/12,"tcgplayer,cardmarket",https://prices.pokemontcg.io/tcgplayer/ecard3-38,https://images.pokemontcg.io/ecard3/38_hires.png,2026/08/08,2026/02/04,16.96,26.989999771118164,45.0,65.0,,65.0,,,,4.291,0.5767,4.5794,15.2839,2.9298999309539795,4.9254,4.0719,7.9361,11.5581,11.2351,1.1535,2026-08-09
sm11-66,Eelektross,holofoil,Unified Minds,66,Rare Holo,Shigenori Negishi,Stage 2,604,Pokémon,2019/08/02,"tcgplayer,cardmarket",https://prices.pokemontcg.io/tcgplayer/sm11-66,https://images.pokemontcg.io/sm11/66_hires.png,2026/08/08,2026/02/01,0.62,0.3499999940395355,0.6200000047683716,19.979999542236328,,0.55,,,,0.669,0.1154,0.6344,0.7844,0.5421000123023987,0.669,0.7728,0.2884,1.0728,1.0497,1.1535,2026-08-09
xy10-68,Snubbull,normal,Fates Collide,68,Common,Aya Kusube,Basic,209,Pokémon,2016/05/02,"tcgplayer,cardmarket",https://prices.pokemontcg.io/tcgplayer/xy10-68,https://images.pokemontcg.io/xy10/68_hires.png,2026/08/08,2026/02/01,0.3,0.10000000149011612,0.30000001192092896,4.0,,0.84,,,,0.0923,0.0231,0.0923,0.7382,0.19609999656677246,0.1269,0.1154,0.4383,0.7036,0.4614,1.1535,2026-08-09
swsh2-67,Boltund V,holofoil,Rebel Clash,67,Rare Holo V,aky CG Works,Basic|V,836,Pokémon,2020/05/01,"tcgplayer,cardmarket",https://prices.pokemontcg.io/tcgplayer/swsh2-67,https://images.pokemontcg.io/swsh2/67_hires.png,2026/08/08,2026/01/19,1.12,0.4300000071525574,1.25,50.0,,,,,,1.315,0.5652,0.0231,0.0,0.8073999881744385,1.3727,1.9725,4.1526,4.764,4.5794,1.1535,2026-08-09
dp5-68,Munchlax,normal,Majestic Dawn,68,Common,Masakazu Fukuda,Basic,446,Pokémon,2008/05/01,"tcgplayer,cardmarket",https://prices.pokemontcg.io/tcgplayer/dp5-68,https://images.pokemontcg.io/dp5/68_hires.png,2026/08/08,2026/02/19,16.87,8.789999961853027,15.0,200.0,,36.56,,,,1.6841,0.0231,1.3035,3.9565,2.168600082397461,1.3035,1.5226,5.1907,3.7258,4.7063,1.1535,2026-08-09
hgss4-69,Nidoran ♀,normal,HS—Triumphant,69,Common,sui,Basic,29,Pokémon,2010/11/03,"tcgplayer,cardmarket",https://prices.pokemontcg.io/tcgplayer/hgss4-69,https://images.pokemontcg.io/hgss4/69_hires.png,2026/08/08,2026/02/19,0.29,0.10000000149011612,0.3199999928474426,19.979999542236328,,3.75,,,,0.3345,0.0231,0.4845,5.0754,0.023099999874830246,0.4845,0.3576,8.0745,3.7604,2.7223,1.1535,2026-08-09
ex15-60,Ralts,normal,Dragon Frontiers,60,Common,Hajime Kusajima,Basic,280,Pokémon,2006/11/01,"tcgplayer,cardmarket",https://prices.pokemontcg.io/tcgplayer/ex15-60,https://images.pokemontcg.io/ex15/60_hires.png,2026/08/08,2026/02/19,0.71,0.28999999165534973,0.7300000190734863,19.979999542236328,,24.84,,,,0.4383,0.0231,0.4268,8.0514,0.484499990940094,0.3691,0.3922,5.1907,6.9556,6.8979,1.1535,2026-08-09
ex4-73,Maxie,normal,Team Magma vs Team Aqua,73,Uncommon,Ken Sugimori,Supporter,,Trainer,2004/03/01,"tcgplayer,cardmarket",https://prices.pokemontcg.io/tcgplayer/ex4-73,https://images.pokemontcg.io/ex4/73_hires.png,2026/08/08,2026/02/19,4.92,4.320000171661377,6.079999923706055,82.19999694824219,,8.48,,,,3.1952,0.4614,2.3877,8.9858,1.1419999599456787,2.5838,2.3416,8.0745,18.8367,8.6512,1.1535,2026-08-09
swsh35-75,Drednaw VMAX,holofoil,Champion's Path,75,Rare Rainbow,aky CG Works,VMAX,834,Pokémon,2020/09/25,"tcgplayer,cardmarket",https://prices.pokemontcg.io/tcgplayer/swsh35-75,https://images.pokemontcg.io/swsh35/75_hires.png,2026/08/08,2026/01/21,6.68,4.949999809265137,7.46999979019165,22.790000915527344,,,,,,6.7249,4.614,6.3673,0.0,5.6290998458862305,6.7364,8.1206,14.984,18.5252,20.936,1.1535,2026-08-09
bw8-70,Beheeyem,normal,Plasma Storm,70,Rare,5ban Graphics,Stage 1|Team Plasma,606,Pokémon,2013/02/06,"tcgplayer,cardmarket",https://prices.pokemontcg.io/tcgplayer/bw8-70,https://images.pokemontcg.io/bw8/70_hires.png,2026/08/08,2026/02/01,0.75,0.44999998807907104,0.7599999904632568,19.979999542236328,,2.1,,,,0.8074,0.173,1.2919,1.7302,2.1454999446868896,1.0497,1.0151,1.4534,3.4028,2.4454,1.1535,2026-08-09
xy4-65a,Aegislash-EX,,Phantom Forces,65a,Rare Ultra,Ryo Ueda,Basic|EX,681,Pokémon,2014/11/05,cardmarket,https://prices.pokemontcg.io/tcgplayer/xy4-65a,https://images.pokemontcg.io/xy4/65a_hires.png,2023/03/27,2026/02/04,,,,,,,,,,23.0469,7.4977,18.5137,0.0,22.493200302124023,19.0904,13.7151,5.756,5.3522,4.464,1.1535,2026-08-09
dp4-65,Drowzee,normal,Great Encounters,65,Common,Ken Sugimori,Basic,96,Pokémon,2008/02/01,"tcgplayer,cardmarket",https://prices.pokemontcg.io/tcgplayer/dp4-65,https://images.pokemontcg.io/dp4/65_hires.png,2026/08/08,2026/02/19,0.42,0.10000000149011612,0.4000000059604645,19.979999542236328,,4.65,,,,0.2192,0.0231,0.1846,2.5146,0.25380000472068787,0.1961,0.2076,4.441,1.3496,1.0497,1.1535,2026-08-09
bw5-65,Krokorok,normal,Dark Explorers,65,Uncommon,Mitsuhiro Arita,Stage 1,552,Pokémon,2012/05/09,"tcgplayer,cardmarket",https://prices.pokemontcg.io/tcgplayer/bw5-65,https://images.pokemontcg.io/bw5/65_hires.png,2026/08/08,2026/02/01,0.45,0.23000000417232513,0.41999998688697815,19.979999542236328,,2.56,,,,0.173,0.0231,0.2192,0.8536,0.10379999876022339,0.173,0.2538,0.8421,0.9805,0.9343,1.1535,2026-08-09
sm2-66,Sudowoodo,normal,Guardians Rising,66,Uncommon,Hajime Kusajima,Basic,185,Pokémon,2017/05/05,"tcgplayer,cardmarket",https://prices.pokemontcg.io/tcgplayer/sm2-66,https://images.pokemontcg.io/sm2/66_hires.png,2026/08/08,2026/01/19,0.28,0.03999999910593033,0.25,19.979999542236328,,0.4,,,,0.3345,0.0,0.3345,0.0,0.3345000147819519,0.3345,0.3576,0.0,0.0,0.0,1.1535,2026-08-09
ex7-70,Psyduck,normal,Team Rocket Returns,70,Common,Miki Tanaka,Basic,54,Pokémon,2004/11/01,"tcgplayer,cardmarket",https://prices.pokemontcg.io/tcgplayer/ex7-70,https://images.pokemontcg.io/ex7/70_hires.png,2026/08/08,2026/02/01,30.09,19.940000534057617,31.459999084472656,602.4000244140625,,,,,,10.9352,2.8838,10.6929,38.4462,8.07450008392334,10.3008,9.6433,23.07,100.5275,51.25,1.1535,2026-08-09
sma-SV65,Zygarde-GX,holofoil,Hidden Fates Shiny Vault,SV65,Rare Shiny GX,5ban Graphics,Basic|GX,718,Pokémon,2019/08/23,"tcgplayer,cardmarket",https://prices.pokemontcg.io/tcgplayer/sma-SV65,https://images.pokemontcg.io/sma/SV65_hires.png,2026/08/08,2026/02/01,38.06,34.95000076293945,40.9900016784668,679.7999877929688,,,,,,22.401,11.535,24.8233,0.0,13.842000007629395,22.897,18.6521,9.1127,10.3238,12.1694,1.1535,2026-08-09
pl3-67,Marshtomp,normal,Supreme Victors,67,Uncommon,Tomokazu Komiya,Stage 1,259,Pokémon,2009/08/19,"tcgplayer,cardmarket",https://prices.pokemontcg.io/tcgplayer/pl3-67,https://images.pokemontcg.io/pl3/67_hires.png,2026/08/08,2026/02/04,2.28,1.7000000476837158,2.390000104904175,19.979999542236328,,35.07,,,,0.5421,0.0577,0.5998,1.4419,0.40369999408721924,0.5537,0.496,3.3451,2.6069,1.9494,1.1535,2026-08-09
xy11-74,Cobalion,normal,Steam Siege,74,Rare,kirisAki,Basic,638,Pokémon,2016/08/03,"tcgplayer,cardmarket",https://prices.pokemontcg.io/tcgplayer/xy11-74,https://images.pokemontcg.io/xy11/74_hires.png,2026/08/08,2026/01/19,0.37,0.20000000298023224,0.4000000059604645,19.459999084472656,,0.72,,,,0.9228,0.0,0.9228,0.0,0.9228000044822693,0.7498,0.7498,0.0,0.0,0.0,1.1535,2026-08-09
ex9-71,Voltorb,normal,Emerald,71,Common,Masakazu Fukuda,Basic,100,Pokémon,2005/05/01,"tcgplayer,cardmarket",https://prices.pokemontcg.io/tcgplayer/ex9-71,https://images.pokemontcg.io/ex9/71_hires.png,2026/08/08,2026/02/19,0.71,0.25,0.75,19.979999542236328,,49.95,,,,0.1961,0.0231,0.3807,7.3939,0.5074999928474426,0.2884,0.2076,4.0257,10.6468,8.236,1.1535,2026-08-09
swsh1-72,Tapu Koko V,holofoil,Sword & Shield,72,Rare Holo V,PLANETA Tsuji,Basic|V,785,Pokémon,2020/02/07,"tcgplayer,cardmarket",https://prices.pokemontcg.io/tcgplayer/swsh1-72,https://images.pokemontcg.io/swsh1/72_hires.png,2026/08/08,2026/01/19,0.95,0.5899999737739563,1.0199999809265137,3.990000009536743,,,,,,1.9033,0.4614,1.661,0.0,2.249300003051758,1.4188,1.7187,4.2218,3.5989,3.7373,1.1535,2026-08-09
pl2-68,Koffing,normal,Rising Rivals,68,Common,Yukiko Baba,Basic,109,Pokémon,2009/05/16,"tcgplayer,cardmarket",https://prices.pokemontcg.io/tcgplayer/pl2-68,https://images.pokemontcg.io/pl2/68_hires.png,2026/08/08,2026/02/19,0.99,0.10000000149011612,0.4000000059604645,17.420000076293945,,11.5,,,,0.1154,0.0231,0.1846,0.9689,0.03460000082850456,0.1384,0.1269,2.2955,0.9113,1.2112,1.1535,2026-08-09
bw6-70,Stunfisk,normal,Dragons Exalted,70,Uncommon,HiRON,Basic,618,Pokémon,2012/08/15,"tcgplayer,cardmarket",https://prices.pokemontcg.io/tcgplayer/bw6-70,https://images.pokemontcg.io/bw6/70_hires.png,2026/08/08,2026/02/01,0.33,0.03999999910593033,0.30000001192092896,17.760000228881836,,0.85,,,,0.2538,0.0231,0.2653,1.142,0.57669997215271,0.2768,0.2422,0.5767,1.3611,1.0612,1.1535,2026-08-09
bw11-75,Duosion,normal,Legendary Treasures,75,Uncommon,Suwama Chiaki,Stage 1,578,Pokémon,2013/11/06,"tcgplayer,cardmarket",https://prices.pokemontcg.io/tcgplayer/bw11-75,https://images.pokemontcg.io/bw11/75_hires.png,2026/08/08,2026/02/04,0.46,0.2199999988079071,0.44999998807907104,23.389999389648438,,1.17,,,,0.6114,0.1154,0.4614,8.0168,1.7302000522613525,0.5883,0.4614,8.0168,8.2937,4.2333,1.1535,2026-08-09
bw2-64,Purrloin,normal,Emerging Powers,64,Common,Atsuko Nishida,Basic,509,Pokémon,2011/08/31,"tcgplayer,cardmarket",https://prices.pokemontcg.io/tcgplayer/bw2-64,https://images.pokemontcg.io/bw2/64_hires.png,2026/08/08,2026/02/01,0.34,0.10000000149011612,0.30000001192092896,19.979999542236328,,,,,,0.1615,0.0231,0.15,2.2955,0.11540000140666962,0.173,0.15,2.2955,1.0843,0.8997,1.1535,2026-08-09
hgss2-73,Emcee's Chatter,normal,HS—Unleashed,73,Uncommon,Kouki Saitou,Supporter,,Trainer,2010/05/12,"tcgplayer,cardmarket",https://prices.pokemontcg.io/tcgplayer/hgss2-73,https://images.pokemontcg.io/hgss2/73_hires.png,2026/08/08,2026/02/01,0.38,0.18000000715255737,0.4000000059604645,19.979999542236328,,1.92,,,,0.2307,0.0231,0.2422,0.7152,0.28839999437332153,0.173,0.2653,0.1154,0.5075,0.819,1.1535,2026-08-09
ex4-74,Strength Charm,normal,Team Magma vs Team Aqua,74,Uncommon,Keiji Kinebuchi,Pokémon Tool,,Trainer,2004/03/01,"tcgplayer,cardmarket",https://prices.pokemontcg.io/tcgplayer/ex4-74,https://images.pokemontcg.io/ex4/74_hires.png,2026/08/08,2026/02/19,1.53,0.75,1.5299999713897705,30.5,,5.15,,,,1.1766,0.0231,1.1304,6.8979,1.499500036239624,1.1189,1.5111,8.0745,3.968,3.3682,1.1535,2026-08-09
sm11-67,Stunfisk,normal,Unified Minds,67,Common,MAHOU,Basic,618,Pokémon,2019/08/02,"tcgplayer,cardmarket",https://prices.pokemontcg.io/tcgplayer/sm11-67,https://images.pokemontcg.io/sm11/67_hires.png,2026/08/08,2026/02/01,0.17,0.05000000074505806,0.20000000298023224,19.979999542236328,,0.31,,,,0.0807,0.0231,0.0807,0.173,0.023099999874830246,0.0923,0.0923,0.1269,0.15,0.2538,1.1535,2026-08-09
ex2-65,Growlithe,normal,Sandstorm,65,Common,Hajime Kusajima,Basic,58,Pokémon,2003/09/18,"tcgplayer,cardmarket",https://prices.pokemontcg.io/tcgplayer/ex2-65,https://images.pokemontcg.io/ex2/65_hires.png,2026/08/08,2026/02/19,4.2,2.5799999237060547,4.010000228881836,27.5,,30.45,,,,0.6806,0.0577,0.9228,8.063,1.4187999963760376,1.1074,0.7382,13.842,8.9281,7.9245,1.1535,2026-08-09
ex7-71,Rattata,normal,Team Rocket Returns,71,Common,Aya Kusube,Basic,19,Pokémon,2004/11/01,"tcgplayer,cardmarket",https://prices.pokemontcg.io/tcgplayer/ex7-71,https://images.pokemontcg.io/ex7/71_hires.png,2026/08/08,2026/02/01,1.11,0.5,1.059999942779541,18.65999984741211,,43.17,,,,0.6114,0.0461,0.5883,0.0,1.153499960899353,0.4499,0.5883,15.5492,13.8305,12.3886,1.1535,2026-08-09
bwp-BW61,Keldeo-EX,holofoil,BW Black Star Promos,BW61,Promo,Toyste Beach,Basic|EX,647,Pokémon,2011/03/01,"tcgplayer,cardmarket",https://prices.pokemontcg.io/tcgplayer/bwp-BW61,https://images.pokemontcg.io/bwp/BW61_hires.png,2026/08/08,2026/02/19,2.99,1.3300000429153442,2.299999952316284,96.94999694824219,,,,,,3.9565,1.142,3.7027,0.0,3.979599952697754,3.795,3.5412,1.7302,2.4339,2.6877,1.1535,2026-08-09
hgss4-70,Nidoran ♂,normal,HS—Triumphant,70,Common,match,Basic,32,Pokémon,2010/11/03,"tcgplayer,cardmarket",https://prices.pokemontcg.io/tcgplayer/hgss4-70,https://images.pokemontcg.io/hgss4/70_hires.png,2026/08/08,2026/02/04,0.33,0.07000000029802322,0.3100000023841858,2.0,,2.79,,,,0.173,0.0231,0.2307,1.8802,0.3921999931335449,0.2999,0.2076,3.4605,2.0186,2.0878,1.1535,2026-08-09
xy8-67,Wobbuffet,normal,BREAKthrough,67,Uncommon,Akira Komayama,Basic,202,Pokémon,2015/11/04,"tcgplayer,cardmarket",https://prices.pokemontcg.io/tcgplayer/xy8-67,https://images.pokemontcg.io/xy8/67_hires.png,2026/08/08,2026/01/19,0.38,0.029999999329447746,0.3499999940395355,19.979999542236328,,0.7,,,,0.1384,0.0231,0.2076,1.1535,0.911300003528595,0.2768,0.1961,1.1535,1.0612,1.165,1.1535,2026-08-09
ex9-72,Vulpix,normal,Emerald,72,Common,Midori Harada,Basic,37,Pokémon,2005/05/01,"tcgplayer,cardmarket",https://prices.pokemontcg.io/tcgplayer/ex9-72,https://images.pokemontcg.io/ex9/72_hires.png,2026/08/08,2026/02/04,1.52,0.6000000238418579,1.5199999809265137,19.979999542236328,,64.49,,,,0.4037,0.0231,0.1961,15.3069,0.3921999931335449,0.3576,0.5306,23.07,16.0798,8.9627,1.1535,2026-08-09
neo1-66,Marill,unlimited,Neo Genesis,66,Common,Atsuko Nishida,Basic,183,Pokémon,2000/12/16,"tcgplayer,cardmarket",https://prices.pokemontcg.io/tcgplayer/neo1-66,https://images.pokemontcg.io/neo1/66_hires.png,2026/08/08,2026/02/19,0.96,0.25,0.8399999737739563,23.489999771118164,,,,,"{""1stEdition"": {""low"": 1.99, ""mid"": 4.66, ""high"": 47.21, ""market"": 7.69, ""directLow"": null}}",0.7844,0.0231,1.2227,0.0,1.1303999423980713,1.0843,0.7613,0.0,0.0,0.0,1.1535,2026-08-09
swsh4-69,Duskull,normal,Vivid Voltage,69,Common,nagimiso,Basic,355,Pokémon,2020/11/13,"tcgplayer,cardmarket",https://prices.pokemontcg.io/tcgplayer/swsh4-69,https://images.pokemontcg.io/swsh4/69_hires.png,2026/08/08,2026/01/19,0.12,0.009999999776482582,0.15000000596046448,25.1200008392334,,0.21,,,,0.0461,0.0231,0.0346,0.2884,0.04610000178217888,0.0346,0.0461,0.1154,0.2422,0.2538,1.1535,2026-08-09
ex3-73,Spoink,normal,Dragon,73,Common,Miki Tanaka,Basic,325,Pokémon,2003/11/24,"tcgplayer,cardmarket",https://prices.pokemontcg.io/tcgplayer/ex3-73,https://images.pokemontcg.io/ex3/73_hires.png,2026/08/08,2026/02/22,0.51,0.23000000417232513,0.5099999904632568,20.5,,9.25,,,,0.2884,0.0231,0.2192,9.1473,0.023099999874830246,0.2076,0.2307,6.7941,4.6025,3.0337,1.1535,2026-08-09
sm7-72,Phanpy,normal,Celestial Storm,72,Common,Ken Sugimori,Basic,231,Pokémon,2018/08/03,"tcgplayer,cardmarket",https://prices.pokemontcg.io/tcgplayer/sm7-72,https://images.pokemontcg.io/sm7/72_hires.png,2026/08/08,2026/01/19,0.3,0.10000000149011612,0.30000001192092896,19.979999542236328,,0.48,,,,0.173,0.0231,0.2076,0.4499,0.11540000140666962,0.2192,0.1269,0.6344,0.4499,0.5306,1.1535,2026-08-09
bw4-77,Ferroseed,normal,Next Destinies,77,Common,match,Basic,597,Pokémon,2012/02/08,"tcgplayer,cardmarket",https://prices.pokemontcg.io/tcgplayer/bw4-77,https://images.pokemontcg.io/bw4/77_hires.png,2026/08/08,2026/01/21,0.18,0.05000000074505806,0.25,17.079999923706055,,0.49,,,,0.15,0.0231,0.1615,0.0,0.17299999296665192,0.1154,0.1154,0.9228,0.5075,0.5537,1.1535,2026-08-09
sm2-67,Gligar,normal,Guardians Rising,67,Common,Mina Nakai,Basic,207,Pokémon,2017/05/05,"tcgplayer,cardmarket",https://prices.pokemontcg.io/tcgplayer/sm2-67,https://images.pokemontcg.io/sm2/67_hires.png,2026/08/08,2026/01/19,0.16,0.009999999776482582,0.17000000178813934,16.940000534057617,,0.32,,,,0.0577,0.0231,0.0923,0.2192,0.19609999656677246,0.1038,0.0692,0.1154,0.3576,0.2653,1.1535,2026-08-09
xy5-75,Rhydon,normal,Primal Clash,75,Uncommon,Shin Nagasawa,Stage 1,112,Pokémon,2015/02/04,"tcgplayer,cardmarket",https://prices.pokemontcg.io/tcgplayer/xy5-75,https://images.pokemontcg.io/xy5/75_hires.png,2026/08/08,2026/01/16,0.25,0.05000000074505806,0.25,19.979999542236328,,0.59,,,,0.15,0.0231,0.15,0.0,0.34599998593330383,0.1961,0.1961,0.6921,0.7844,0.7613,1.1535,2026-08-09
sm75-69,Blaine's Last Stand,holofoil,Dragon Majesty,69,Rare Ultra,Mitsuhiro Arita,Supporter,,Trainer,2018/09/07,"tcgplayer,cardmarket",https://prices.pokemontcg.io/tcgplayer/sm75-69,https://images.pokemontcg.io/sm75/69_hires.png,2026/08/08,2026/02/01,45.89,44.0,46.9900016784668,459.70001220703125,,,,,,27.1649,9.8048,25.6654,0.0,34.28200149536133,26.9227,26.2883,17.3025,16.2759,14.5456,1.1535,2026-08-09
ex13-72,Numel,normal,Holon Phantoms,72,Common,Atsuko Nishida,Basic,322,Pokémon,2006/05/01,"tcgplayer,cardmarket",https://prices.pokemontcg.io/tcgplayer/ex13-72,https://images.pokemontcg.io/ex13/72_hires.png,2026/08/08,2026/02/04,0.44,0.17000000178813934,0.41999998688697815,18.540000915527344,,16.22,,,,0.346,0.0231,0.4499,4.1872,1.038100004196167,0.2884,0.2999,1.9609,4.1757,4.5679,1.1535,2026-08-09
ecard2-46,Dodrio,normal,Aquapolis,46,Uncommon,Yukiko Baba,Stage 1,85,Pokémon,2003/01/15,"tcgplayer,cardmarket",https://prices.pokemontcg.io/tcgplayer/ecard2-46,https://images.pokemontcg.io/ecard2/46_hires.png,2026/08/08,2026/02/01,13.07,13.670000076293945,15.989999771118164,104.9000015258789,,31.6,,,,3.968,0.5767,4.8678,23.07,4.3256001472473145,4.0949,4.5333,16.149,13.4152,8.3513,1.1535,2026-08-09
sm4-63a,Guzzlord-GX,,Crimson Invasion,63a,Rare Holo GX,5ban Graphics,Basic|GX|Ultra Beast,799,Pokémon,2017/11/03,cardmarket,https://prices.pokemontcg.io/cardmarket/sm4-63a,https://images.pokemontcg.io/sm4/63a_hires.png,,2026/02/01,,,,,,,,,,1.1535,1.1535,4.9024,0.0,1.153499960899353,5.2369,4.0949,3.4028,3.449,3.2298,1.1535,2026-08-09
hgss1-78,Pikachu,normal,HeartGold & SoulSilver,78,Common,match,Basic,25,Pokémon,2010/02/10,"tcgplayer,cardmarket",https://prices.pokemontcg.io/tcgplayer/hgss1-78,https://images.pokemontcg.io/hgss1/78_hires.png,2026/08/08,2026/02/01,10.94,6.320000171661377,11.550000190734863,107.91999816894531,,48.75,,,,3.5528,0.1154,3.2529,26.1383,5.190700054168701,3.7489,3.3336,34.5935,26.4613,19.1596,1.1535,2026-08-09
ex6-69,Meowth,normal,FireRed & LeafGreen,69,Common,Masakazu Fukuda,Basic,52,Pokémon,2004/09/01,"tcgplayer,cardmarket",https://prices.pokemontcg.io/tcgplayer/ex6-69,https://images.pokemontcg.io/ex6/69_hires.png,2026/08/08,2026/02/04,1.69,0.6399999856948853,1.6799999475479126,17.860000610351562,,42.49,,,,0.3922,0.0231,0.2307,7.0825,0.2768000066280365,0.3691,0.4037,5.1792,7.4747,9.3203,1.1535,2026-08-09
neo2-65,Teddiursa,unlimited,Neo Discovery,65,Common,Miki Tanaka,Basic,216,Pokémon,2001/06/01,"tcgplayer,cardmarket",https://prices.pokemontcg.io/tcgplayer/neo2-65,https://images.pokemontcg.io/neo2/65_hires.png,2026/08/08,2026/06/21,1.11,0.23999999463558197,0.9399999976158142,17.84000015258789,,,,,"{""1stEdition"": {""low"": 2.91, ""mid"": 5.0, ""high"": 45.0, ""market"": 4.94, ""directLow"": null}}",0.5767,0.0231,0.3691,0.0,0.484499990940094,0.4268,0.4845,2.2955,2.2955,2.2955,1.1535,2026-08-09
sm5-72,Honchkrow,normal,Ultra Prism,72,Uncommon,Hitoshi Ariga,Stage 1,430,Pokémon,2018/02/02,"tcgplayer,cardmarket",https://prices.pokemontcg.io/tcgplayer/sm5-72,https://images.pokemontcg.io/sm5/72_hires.png,2026/08/08,2026/01/19,0.12,0.05000000074505806,0.25,19.979999542236328,,0.4,,,,0.1269,0.0231,0.1269,0.2768,0.17299999296665192,0.1269,0.15,0.4614,0.2884,0.3807,1.1535,2026-08-09
dp5-69,Omanyte,normal,Majestic Dawn,69,Common,Suwama Chiaki,Stage 1,138,Pokémon,2008/05/01,"tcgplayer,cardmarket",https://prices.pokemontcg.io/tcgplayer/dp5-69,https://images.pokemontcg.io/dp5/69_hires.png,2026/08/08,2026/02/19,0.71,0.3499999940395355,0.699999988079071,18.110000610351562,,6.5,,,,0.3922,0.0346,0.323,0.0,0.36910000443458557,0.2422,0.346,3.4605,4.1295,2.4108,1.1535,2026-08-09
ex10-72,Slowpoke,normal,Unseen Forces,72,Common,Midori Harada,Basic,79,Pokémon,2005/08/01,"tcgplayer,cardmarket",https://prices.pokemontcg.io/tcgplayer/ex10-72,https://images.pokemontcg.io/ex10/72_hires.png,2026/08/08,2026/02/19,2.57,1.5,2.690000057220459,94.9000015258789,,95.0,,,,0.323,0.0231,1.9494,6.0559,0.6920999884605408,1.2804,0.8997,22.9546,11.3504,10.3008,1.1535,2026-08-09
xy7-74,Forest of Giant Plants,normal,Ancient Origins,74,Uncommon,Ryo Ueda,Stadium,,Trainer,2015/08/12,"tcgplayer,cardmarket",https://prices.pokemontcg.io/tcgplayer/xy7-74,https://images.pokemontcg.io/xy7/74_hires.png,2026/08/08,2026/01/19,0.34,0.09000000357627869,0.33000001311302185,1000.0,,0.51,,,,0.5652,0.0,0.9805,0.0,0.5651999711990356,0.6575,0.4268,0.0,0.0,0.0,1.1535,2026-08-09
sm35-63,Pokémon Breeder,normal,Shining Legends,63,Uncommon,Kanako Eo,Supporter,,Trainer,2017/10/06,"tcgplayer,cardmarket",https://prices.pokemontcg.io/tcgplayer/sm35-63,https://images.pokemontcg.io/sm35/63_hires.png,2026/08/08,2026/02/01,0.23,0.10000000149011612,0.25,19.979999542236328,,0.55,,,,0.173,0.0231,0.15,0.3576,0.04610000178217888,0.0807,0.15,0.4614,0.4037,0.3576,1.1535,2026-08-09
pl1-73,Dunsparce,normal,Platinum,73,Common,Kouki Saitou,Basic,206,Pokémon,2009/02/11,"tcgplayer,cardmarket",https://prices.pokemontcg.io/tcgplayer/pl1-73,https://images.pokemontcg.io/pl1/73_hires.png,2026/08/08,2026/02/01,0.31,0.23999999463558197,0.3700000047683716,19.979999542236328,,2.21,,,,0.1846,0.0231,0.1615,0.5421,0.11540000140666962,0.15,0.1615,0.5191,0.4729,0.8651,1.1535,2026-08-09
xy11-75,Magearna-EX,holofoil,Steam Siege,75,Rare Holo EX,5ban Graphics,Basic|EX,801,Pokémon,2016/08/03,"tcgplayer,cardmarket",https://prices.pokemontcg.io/tcgplayer/xy11-75,https://images.pokemontcg.io/xy11/75_hires.png,2026/08/08,2026/01/19,1.39,0.75,1.6100000143051147,17.65999984741211,,,,,,0.0,0.0,2.0186,0.0,1.7302000522613525,3.6451,3.6451,0.0,0.0,0.0,1.1535,2026-08-09
xy2-81,Sentret,normal,Flashfire,81,Common,Mizue,Basic,161,Pokémon,2014/05/07,"tcgplayer,cardmarket",https://prices.pokemontcg.io/tcgplayer/xy2-81,https://images.pokemontcg.io/xy2/81_hires.png,2026/08/08,2026/01/16,0.23,0.05000000074505806,0.25,19.989999771118164,,0.45,,,,0.1384,0.0231,0.1615,0.4614,0.05770000070333481,0.1615,0.1038,0.2884,0.646,0.3922,1.1535,2026-08-09
bw7-74,Scolipede,holofoil,Boundaries Crossed,74,Rare Holo,5ban Graphics,Stage 2,545,Pokémon,2012/11/07,"tcgplayer,cardmarket",https://prices.pokemontcg.io/tcgplayer/bw7-74,https://images.pokemontcg.io/bw7/74_hires.png,2026/08/08,2026/01/21,4.03,3.0,3.990000009536743,48.099998474121094,,10.99,,,,4.5909,0.1154,4.8332,0.0,3.4028000831604004,5.2023,4.3141,2.307,4.464,3.1375,1.1535,2026-08-09
sm3-69,Solrock,normal,Burning Shadows,69,Uncommon,Masakazu Fukuda,Basic,338,Pokémon,2017/08/05,"tcgplayer,cardmarket",https://prices.pokemontcg.io/tcgplayer/sm3-69,https://images.pokemontcg.io/sm3/69_hires.png,2026/08/08,2026/01/19,0.04,0.009999999776482582,0.20000000298023224,19.719999313354492,,0.32,,,,0.0807,0.0231,0.0807,0.2422,0.05770000070333481,0.0807,0.0692,0.1384,0.2538,0.2884,1.1535,2026-08-09
col1-73,Teddiursa,normal,Call of Legends,73,Common,Ken Sugimori,Basic,216,Pokémon,2011/02/09,"tcgplayer,cardmarket",https://prices.pokemontcg.io/tcgplayer/col1-73,https://images.pokemontcg.io/col1/73_hires.png,2026/08/08,2026/02/01,0.44,0.15000000596046448,0.4099999964237213,19.979999542236328,,4.32,,,,0.3576,0.0231,0.346,0.0,0.29989999532699585,0.3691,0.3922,0.5998,1.7302,2.1224,1.1535,2026-08-09
bw10-77,Chatot,normal,Plasma Blast,77,Uncommon,5ban Graphics,Basic|Team Plasma,441,Pokémon,2013/08/14,"tcgplayer,cardmarket",https://prices.pokemontcg.io/tcgplayer/bw10-77,https://images.pokemontcg.io/bw10/77_hires.png,2026/08/08,2026/01/19,0.37,0.10000000149011612,0.3499999940395355,5.389999866485596,,0.76,,,,0.3922,0.0231,0.4268,0.8421,0.11540000140666962,0.5075,0.3345,0.6575,0.9689,0.8882,1.1535,2026-08-09
bw5-66,Krookodile,holofoil,Dark Explorers,66,Rare Holo,5ban Graphics,Stage 2,553,Pokémon,2012/05/09,"tcgplayer,cardmarket",https://prices.pokemontcg.io/tcgplayer/bw5-66,https://images.pokemontcg.io/bw5/66_hires.png,2026/08/08,2026/02/01,1.66,0.9900000095367432,2.059999942779541,19.979999542236328,,1.27,,,,1.3957,0.1154,1.142,1.6841,1.0958000421524048,0.8997,1.0728,1.7302,1.638,1.7187,1.1535,2026-08-09
dp7-65,Magikarp,normal,Stormfront,65,Common,Tomokazu Komiya,Basic,129,Pokémon,2008/11/01,"tcgplayer,cardmarket",https://prices.pokemontcg.io/tcgplayer/dp7-65,https://images.pokemontcg.io/dp7/65_hires.png,2026/08/08,2026/02/19,5.76,2.0299999713897705,4.730000019073486,998.6599731445312,,15.0,,,,0.992,0.0231,0.4729,16.6219,0.5536999702453613,0.5075,0.7036,24.7887,9.9201,10.22,1.1535,2026-08-09
base5-67,Slowpoke,unlimited,Team Rocket,67,Common,Sumiyoshi Kizuki,Basic,79,Pokémon,2000/04/24,"tcgplayer,cardmarket",https://prices.pokemontcg.io/tcgplayer/base5-67,https://images.pokemontcg.io/base5/67_hires.png,2026/08/08,2026/02/22,1.83,0.3499999940395355,1.0,17.81999969482422,,,,,"{""1stEdition"": {""low"": 1.0, ""mid"": 4.19, ""high"": 19.99, ""market"": 4.56, ""directLow"": null}}",1.2573,0.0231,1.1304,0.0,0.7843999862670898,0.9459,1.2804,0.346,0.346,0.346,1.1535,2026-08-09
pl3-68,Masquerain,normal,Supreme Victors,68,Uncommon,Masakazu Fukuda,Stage 1,284,Pokémon,2009/08/19,"tcgplayer,cardmarket",https://prices.pokemontcg.io/tcgplayer/pl3-68,https://images.pokemontcg.io/pl3/68_hires.png,2026/08/08,2026/02/04,0.34,0.18000000715255737,0.3400000035762787,19.979999542236328,,0.79,,,,0.2192,0.0231,0.1846,1.0151,0.23070000112056732,0.2192,0.1615,1.1535,1.0843,0.819,1.1535,2026-08-09
sm1-69,Roggenrola,normal,Sun & Moon,69,Common,Kanako Eo,Basic,524,Pokémon,2017/02/03,"tcgplayer,cardmarket",https://prices.pokemontcg.io/tcgplayer/sm1-69,https://images.pokemontcg.io/sm1/69_hires.png,2026/08/08,2026/01/19,0.05,0.009999999776482582,0.18000000715255737,19.979999542236328,,0.34,,,,0.0577,0.0231,0.0577,0.2999,0.023099999874830246,0.0692,0.0461,0.2192,0.323,0.2768,1.1535,2026-08-09
gym1-73,Brock's Vulpix,unlimited,Gym Heroes,73,Common,Ken Sugimori,Basic,37,Pokémon,2000/08/14,"tcgplayer,cardmarket",https://prices.pokemontcg.io/tcgplayer/gym1-73,https://images.pokemontcg.io/gym1/73_hires.png,2026/08/08,2026/02/19,3.14,0.6499999761581421,1.840000033378601,96.83000183105469,,,,,"{""1stEdition"": {""low"": 3.0, ""mid"": 6.89, ""high"": 76.0, ""market"": 6.89, ""directLow"": null}}",1.6264,0.2307,2.134,0.0,3.172100067138672,1.7302,1.6264,1.1535,1.1535,1.1535,1.1535,2026-08-09
dp1-74,Chatot,normal,Diamond & Pearl,74,Common,Ken Sugimori,Basic,441,Pokémon,2007/05/01,"tcgplayer,cardmarket",https://prices.pokemontcg.io/tcgplayer/dp1-74,https://images.pokemontcg.io/dp1/74_hires.png,2026/08/08,2026/02/19,0.4,0.11999999731779099,0.38999998569488525,19.979999542236328,,1.31,,,,0.2076,0.0231,0.1615,1.1535,0.28839999437332153,0.2076,0.2076,2.307,1.6149,1.3265,1.1535,2026-08-09
dp6-70,Seadra,,Legends Awakened,70,Uncommon,Atsuko Nishida,Stage 1,117,Pokémon,2008/08/01,cardmarket,https://prices.pokemontcg.io/cardmarket/dp6-70,https://images.pokemontcg.io/dp6/70_hires.png,,2026/02/04,,,,,,,,,,0.6229,0.0461,0.5652,5.7675,0.57669997215271,0.4153,0.4614,1.488,1.984,1.8456,1.1535,2026-08-09
sm9-75,Omanyte,normal,Team Up,75,Uncommon,Midori Harada,Stage 1,138,Pokémon,2019/02/01,"tcgplayer,cardmarket",https://prices.pokemontcg.io/tcgplayer/sm9-75,https://images.pokemontcg.io/sm9/75_hires.png,2026/08/08,2026/01/19,0.3,0.11999999731779099,0.30000001192092896,19.979999542236328,,0.78,,,,0.15,0.0231,0.2192,0.6229,0.28839999437332153,0.2768,0.173,0.0231,0.5421,0.5652,1.1535,2026-08-09
gym2-75,Giovanni's Nidoran ♀,unlimited,Gym Challenge,75,Common,Ken Sugimori,Basic,29,Pokémon,2000/10/16,"tcgplayer,cardmarket",https://prices.pokemontcg.io/tcgplayer/gym2-75,https://images.pokemontcg.io/gym2/75_hires.png,2026/08/08,2026/02/01,0.97,0.25,0.9599999785423279,96.94999694824219,,,,,"{""1stEdition"": {""low"": 1.41, ""mid"": 2.6, ""high"": 34.67, ""market"": 2.73, ""directLow"": null}}",1.0612,0.0461,0.7728,0.0,0.8073999881744385,1.2919,1.142,0.0,0.0,0.0,1.1535,2026-08-09
xyp-XY63,M Absol-EX,holofoil,XY Black Star Promos,XY63,Promo,5ban Graphics,MEGA|EX,359,Pokémon,2013/10/12,"tcgplayer,cardmarket",https://prices.pokemontcg.io/tcgplayer/xyp-XY63,https://images.pokemontcg.io/xyp/XY63_hires.png,2026/08/08,2026/02/04,28.64,12.989999771118164,18.0,279.3999938964844,,,,,,43.187,26.519,31.6982,0.0,46.13999938964844,41.3876,45.794,6.8056,7.071,6.5173,1.1535,2026-08-09
swsh3-65,Dracozolt,normal,Darkness Ablaze,65,Rare,Misa Tsutsui,Stage 1,880,Pokémon,2020/08/14,"tcgplayer,cardmarket",https://prices.pokemontcg.io/tcgplayer/swsh3-65,https://images.pokemontcg.io/swsh3/65_hires.png,2026/08/08,2026/01/21,0.33,0.20000000298023224,0.38999998569488525,19.979999542236328,,0.69,,,,0.4268,0.0231,0.4614,1.7879,0.17299999296665192,0.4268,0.3922,0.7152,1.9033,1.2804,1.1535,2026-08-09
ex14-68,Treecko δ,normal,Crystal Guardians,68,Common,Masakazu Fukuda,Basic,252,Pokémon,2006/08/01,"tcgplayer,cardmarket",https://prices.pokemontcg.io/tcgplayer/ex14-68,https://images.pokemontcg.io/ex14/68_hires.png,2026/08/08,2026/02/19,1.8,0.5099999904632568,1.7999999523162842,19.979999542236328,,45.98,,,,0.4614,0.0231,0.7613,5.2254,0.4383000135421753,0.7036,0.5998,17.3025,11.4312,9.8624,1.1535,2026-08-09
smp-SM64,Silvally,holofoil,SM Black Star Promos,SM64,Promo,Mitsuhiro Arita,Stage 1,773,Pokémon,2017/02/03,"tcgplayer,cardmarket",https://prices.pokemontcg.io/tcgplayer/smp-SM64,https://images.pokemontcg.io/smp/SM64_hires.png,2026/08/08,2026/02/01,2.21,1.5,2.5899999141693115,96.94999694824219,,,,,,1.7302,0.5767,1.7764,0.0,1.7302000522613525,1.7302,1.7995,4.6025,1.7995,1.3842,1.1535,2026-08-09
neo4-73,Machop,unlimited,Neo Destiny,73,Common,Toshinao Aoki,Basic,66,Pokémon,2002/02/28,"tcgplayer,cardmarket",https://prices.pokemontcg.io/tcgplayer/neo4-73,https://images.pokemontcg.io/neo4/73_hires.png,2026/08/08,2026/02/04,0.88,0.25,0.75,20.8799991607666,,,,,"{""1stEdition"": {""low"": 1.75, ""mid"": 2.25, ""high"": 34.3, ""market"": 3.05, ""directLow"": null}}",1.4419,0.0346,2.6761,0.0,0.2768000066280365,2.1455,1.3611,0.0,0.0,0.0,1.1535,2026-08-09
ex11-70,Holon's Magnemite,normal,Delta Species,70,Common,Katsura Tabata,Basic,81,Pokémon,2005/10/31,"tcgplayer,cardmarket",https://prices.pokemontcg.io/tcgplayer/ex11-70,https://images.pokemontcg.io/ex11/70_hires.png,2026/08/08,2026/02/19,1.65,0.6600000262260437,1.75,29.100000381469727,,26.09,,,,0.8651,0.1154,0.5652,10.7968,0.23070000112056732,0.5998,0.8997,11.535,9.8624,8.2245,1.1535,2026-08-09
xy4-66,Klefki,normal,Phantom Forces,66,Uncommon,Shin Nagasawa,Basic,707,Pokémon,2014/11/05,"tcgplayer,cardmarket",https://prices.pokemontcg.io/tcgplayer/xy4-66,https://images.pokemontcg.io/xy4/66_hires.png,2026/08/08,2026/02/04,0.35,0.10000000149011612,0.3100000023841858,19.979999542236328,,0.82,,,,0.2884,0.0231,0.2538,0.4729,0.08070000261068344,0.2653,0.2076,0.4729,0.4153,0.5883,1.1535,2026-08-09
base6-67,Abra,normal,Legendary Collection,67,Common,Mitsuhiro Arita,Basic,63,Pokémon,2002/05/24,"tcgplayer,cardmarket",https://prices.pokemontcg.io/tcgplayer/base6-67,https://images.pokemontcg.io/base6/67_hires.png,2026/08/08,2026/02/19,1.05,0.44999998807907104,1.059999942779541,19.979999542236328,,101.29,,,,0.5537,0.0577,0.6344,41.526,0.51910001039505,0.4383,0.5537,46.14,51.8037,46.1285,1.1535,2026-08-09
sm12-73,Togedemaru,normal,Cosmic Eclipse,73,Uncommon,sowsow,Basic,777,Pokémon,2019/11/01,"tcgplayer,cardmarket",https://prices.pokemontcg.io/tcgplayer/sm12-73,https://images.pokemontcg.io/sm12/73_hires.png,2026/08/08,2026/01/19,0.29,0.09000000357627869,0.33000001311302185,16.899999618530273,,1.24,,,,0.15,0.0231,0.1384,1.1304,0.23070000112056732,0.1154,0.15,2.1916,1.4188,1.1996,1.1535,2026-08-09
xy12-68,Farfetch'd,normal,Evolutions,68,Rare,Ken Sugimori,Basic,83,Pokémon,2016/11/02,"tcgplayer,cardmarket",https://prices.pokemontcg.io/tcgplayer/xy12-68,https://images.pokemontcg.io/xy12/68_hires.png,2026/08/08,2026/02/01,0.23,0.009999999776482582,0.23999999463558197,19.979999542236328,,1.23,,,,0.1846,0.0231,0.1269,1.7072,0.17299999296665192,0.1154,0.1846,1.7302,1.5226,2.134,1.1535,2026-08-09
xy6-69,Skarmory,normal,Roaring Skies,69,Rare,Hitoshi Ariga,Basic,227,Pokémon,2015/05/06,"tcgplayer,cardmarket",https://prices.pokemontcg.io/tcgplayer/xy6-69,https://images.pokemontcg.io/xy6/69_hires.png,2026/08/08,2026/01/21,0.31,0.09000000357627869,0.3100000023841858,18.84000015258789,,0.62,,,,0.2768,0.0231,0.2538,1.5342,0.19609999656677246,0.2768,0.2538,0.9228,1.488,1.0151,1.1535,2026-08-09
base2-63,Venonat,unlimited,Jungle,63,Common,Mitsuhiro Arita,Basic,48,Pokémon,1999/06/16,"tcgplayer,cardmarket",https://prices.pokemontcg.io/tcgplayer/base2-63,https://images.pokemontcg.io/base2/63_hires.png,2026/08/08,2026/06/21,0.4,0.10000000149011612,0.4300000071525574,15.350000381469727,,,,,"{""1stEdition"": {""low"": 0.66, ""mid"": 1.99, ""high"": 29.0, ""market"": 2.7, ""directLow"": 1.64}}",0.6114,0.0231,0.819,0.0,1.2458000183105469,0.4845,0.6114,0.346,0.346,0.346,1.1535,2026-08-09
xy10-69,M Altaria-EX,holofoil,Fates Collide,69,Rare Holo EX,5ban Graphics,MEGA|EX,334,Pokémon,2016/05/02,"tcgplayer,cardmarket",https://prices.pokemontcg.io/tcgplayer/xy10-69,https://images.pokemontcg.io/xy10/69_hires.png,2026/08/08,2026/01/19,9.71,5.989999771118164,9.390000343322754,85.0999984741211,,,,,,10.7391,4.6025,11.6734,0.0,8.07450008392334,10.6237,11.2582,5.756,4.4756,4.0488,1.1535,2026-08-09
sm8-69,Toxapex,normal,Lost Thunder,69,Rare,kirisAki,Stage 1,748,Pokémon,2018/11/02,"tcgplayer,cardmarket",https://prices.pokemontcg.io/tcgplayer/sm8-69,https://images.pokemontcg.io/sm8/69_hires.png,2026/08/08,2026/01/21,0.47,0.20000000298023224,0.49000000953674316,19.979999542236328,,0.65,,,,0.3114,0.0807,0.4268,1.8687,0.34599998593330383,0.3576,0.496,1.8687,1.1074,1.0612,1.1535,2026-08-09
xy9-64,Phantump,normal,BREAKpoint,64,Common,Sumiyoshi Kizuki,Basic,708,Pokémon,2016/02/03,"tcgplayer,cardmarket",https://prices.pokemontcg.io/tcgplayer/xy9-64,https://images.pokemontcg.io/xy9/64_hires.png,2026/08/08,2026/02/04,0.15,0.05000000074505806,0.20999999344348907,19.979999542236328,,0.52,,,,0.1038,0.0231,0.0577,0.5883,0.023099999874830246,0.0461,0.0807,0.2307,0.5306,0.4383,1.1535,2026-08-09
pl2-69,Munchlax,normal,Rising Rivals,69,Common,Tomokazu Komiya,Basic,446,Pokémon,2009/05/16,"tcgplayer,cardmarket",https://prices.pokemontcg.io/tcgplayer/pl2-69,https://images.pokemontcg.io/pl2/69_hires.png,2026/08/08,2026/02/19,9.04,9.630000114440918,13.40999984741211,69.9000015258789,,60.0,,,,1.142,0.0231,1.4419,2.134,1.2689000368118286,1.0035,1.1189,2.2493,4.7409,5.3753,1.1535,2026-08-09
bw9-73,Bisharp,normal,Plasma Freeze,73,Rare,5ban Graphics,Stage 1|Team Plasma,625,Pokémon,2013/05/08,"tcgplayer,cardmarket",https://prices.pokemontcg.io/tcgplayer/bw9-73,https://images.pokemontcg.io/bw9/73_hires.png,2026/08/08,2026/01/19,1.14,0.5,0.9900000095367432,5.0,,4.7,,,,1.7187,0.1154,1.0381,1.3957,0.8073999881744385,1.1535,0.8536,1.638,5.9059,2.9414,1.1535,2026-08-09
ex15-61,Ralts δ,normal,Dragon Frontiers,61,Common,Kyoko Umemoto,Basic,280,Pokémon,2006/11/01,"tcgplayer,cardmarket",https://prices.pokemontcg.io/tcgplayer/ex15-61,https://images.pokemontcg.io/ex15/61_hires.png,2026/08/08,2026/02/19,1.31,0.49000000953674316,1.059999942779541,19.989999771118164,,34.99,,,,0.4383,0.0231,0.2768,13.0576,0.10379999876022339,0.2653,0.3576,4.614,11.039,8.5705,1.1535,2026-08-09
swshp-SWSH067,Donphan,holofoil,SWSH Black Star Promos,SWSH067,Promo,Eri Yamaki,Stage 1,232,Pokémon,2019/11/15,"tcgplayer,cardmarket",https://prices.pokemontcg.io/tcgplayer/swshp-SWSH067,https://images.pokemontcg.io/swshp/SWSH067_hires.png,2026/08/08,2026/01/19,3.83,3.25,4.420000076293945,96.66000366210938,,,,,,7.8899,5.6522,13.2076,0.0,8.07450008392334,8.0745,11.2351,10.9582,7.8784,8.9627,1.1535,2026-08-09
dp3-77,Bulbasaur,normal,Secret Wonders,77,Common,Kouki Saitou,Basic,1,Pokémon,2007/11/01,"tcgplayer,cardmarket",https://prices.pokemontcg.io/tcgplayer/dp3-77,https://images.pokemontcg.io/dp3/77_hires.png,2026/08/08,2026/01/19,6.64,1.0,2.7699999809265137,19.950000762939453,,50.33,,,,0.7152,0.0231,0.8305,13.842,0.3806999921798706,0.8997,0.7844,14.9955,7.8092,8.3629,1.1535,2026-08-09
bw3-67,Archeops,normal,Noble Victories,67,Rare,Kouki Saitou,Stage 1,567,Pokémon,2011/11/16,"tcgplayer,cardmarket",https://prices.pokemontcg.io/tcgplayer/bw3-67,https://images.pokemontcg.io/bw3/67_hires.png,2026/08/08,2026/02/19,10.96,9.789999961853027,12.0,139.8000030517578,,11.8,,,,3.7835,0.0577,3.1145,0.0,4.613999843597412,3.4605,2.8953,14.984,5.4791,5.2023,1.1535,2026-08-09
xy1-73,Zoroark,holofoil,XY,73,Rare Holo,Kagemaru Himeno,Stage 1,571,Pokémon,2014/02/05,"tcgplayer,cardmarket",https://prices.pokemontcg.io/tcgplayer/xy1-73,https://images.pokemontcg.io/xy1/73_hires.png,2026/08/08,2026/02/04,0.78,0.28999999165534973,0.8600000143051147,39.9900016784668,,1.16,,,,1.5342,0.0692,1.9494,1.9263,1.1419999599456787,1.315,1.5918,1.9263,2.0648,1.6264,1.1535,2026-08-09
sm6-67,Barbaracle,normal,Forbidden Light,67,Rare,kirisAki,Stage 1,689,Pokémon,2018/05/04,"tcgplayer,cardmarket",https://prices.pokemontcg.io/tcgplayer/sm6-67,https://images.pokemontcg.io/sm6/67_hires.png,2026/08/08,2026/01/19,0.36,0.20000000298023224,0.36000001430511475,19.979999542236328,,0.45,,,,0.323,0.0346,0.346,0.819,0.11540000140666962,0.3345,0.3345,1.0958,0.8074,0.8305,1.1535,2026-08-09
bw6-71,Terrakion-EX,holofoil,Dragons Exalted,71,Rare Holo EX,Eske Yoshinob,Basic|EX,639,Pokémon,2012/08/15,"tcgplayer,cardmarket",https://prices.pokemontcg.io/tcgplayer/bw6-71,https://images.pokemontcg.io/bw6/71_hires.png,2026/08/08,2026/02/01,6.88,4.949999809265137,6.5,67.0,,,,,,2.7453,1.142,2.7569,0.0,2.249300003051758,2.6415,3.1606,5.4791,6.7249,4.4871,1.1535,2026-08-09
sm10-63,Arbok,normal,Unbroken Bonds,63,Rare,Yukiko Baba,Stage 1,24,Pokémon,2019/05/03,"tcgplayer,cardmarket",https://prices.pokemontcg.io/tcgplayer/sm10-63,https://images.pokemontcg.io/sm10/63_hires.png,2026/08/08,2026/01/26,0.4,0.23999999463558197,0.4099999964237213,19.979999542236328,,0.62,,,,0.2999,0.1154,0.3922,1.6495,0.4499000012874603,0.346,0.3576,2.307,1.3496,0.9689,1.1535,2026-08-09
g1-60,Crushing Hammer,normal,Generations,60,Uncommon,5ban Graphics,Item,,Trainer,2016/02/22,"tcgplayer,cardmarket",https://prices.pokemontcg.io/tcgplayer/g1-60,https://images.pokemontcg.io/g1/60_hires.png,2026/08/08,2026/02/19,0.32,0.10000000149011612,0.30000001192092896,1000.0,,0.92,,,,0.3922,0.0231,0.2884,1.4303,0.34599998593330383,0.4268,0.3345,1.3842,1.2458,1.0958,1.1535,2026-08-09
swsh1-73,Yamper,normal,Sword & Shield,73,Common,Akira Komayama,Basic,835,Pokémon,2020/02/07,"tcgplayer,cardmarket",https://prices.pokemontcg.io/tcgplayer/swsh1-73,https://images.pokemontcg.io/swsh1/73_hires.png,2026/08/08,2026/01/19,0.18,0.019999999552965164,0.20000000298023224,18.579999923706055,,0.4,,,,0.0692,0.0231,0.0807,0.1846,0.11540000140666962,0.0692,0.0577,0.2307,0.2538,0.3922,1.1535,2026-08-09
sma-SV66,Lycanroc-GX,holofoil,Hidden Fates Shiny Vault,SV66,Rare Shiny GX,5ban Graphics,Stage 1|GX,745,Pokémon,2019/08/23,"tcgplayer,cardmarket",https://prices.pokemontcg.io/tcgplayer/sma-SV66,https://images.pokemontcg.io/sma/SV66_hires.png,2026/08/08,2026/01/21,14.81,12.489999771118164,15.25,122.69999694824219,,,,,,8.7666,5.756,9.5394,0.0,6.9095001220703125,9.2857,9.7125,10.6699,11.5811,16.8296,1.1535,2026-08-09
ex1-62,Phanpy,normal,Ruby & Sapphire,62,Common,Kagemaru Himeno,Basic,231,Pokémon,2003/07/01,"tcgplayer,cardmarket",https://prices.pokemontcg.io/tcgplayer/ex1-62,https://images.pokemontcg.io/ex1/62_hires.png,2026/08/08,2026/02/19,2.74,0.949999988079071,2.0,96.94999694824219,,19.66,,,,0.5191,0.0231,0.5306,8.6512,0.25380000472068787,0.5075,0.4845,5.756,6.6326,4.7986,1.1535,2026-08-09
swsh35-76,Gardevoir VMAX,holofoil,Champion's Path,76,Rare Rainbow,5ban Graphics,VMAX,282,Pokémon,2020/09/25,"tcgplayer,cardmarket",https://prices.pokemontcg.io/tcgplayer/swsh35-76,https://images.pokemontcg.io/swsh35/76_hires.png,2026/08/08,2026/01/21,18.17,16.530000686645508,19.43000030517578,151.82000732421875,,,,,,17.1987,5.7675,14.9494,0.0,13.715100288391113,15.9875,16.4489,22.2049,24.5003,25.1463,1.1535,2026-08-09
bw1-70,Zorua,normal,Black & White,70,Common,Kouki Saitou,Basic,570,Pokémon,2011/04/25,"tcgplayer,cardmarket",https://prices.pokemontcg.io/tcgplayer/bw1-70,https://images.pokemontcg.io/bw1/70_hires.png,2026/08/08,2026/02/01,0.61,0.15000000596046448,0.4099999964237213,19.979999542236328,,6.17,,,,0.1846,0.0231,0.1846,1.2458,0.3921999931335449,0.1961,0.173,1.0958,1.5111,1.7764,1.1535,2026-08-09
dp4-66,Ekans,normal,Great Encounters,66,Common,Ken Sugimori,Basic,23,Pokémon,2008/02/01,"tcgplayer,cardmarket",https://prices.pokemontcg.io/tcgplayer/dp4-66,https://images.pokemontcg.io/dp4/66_hires.png,2026/08/08,2026/02/19,0.29,0.10000000149011612,0.3100000023841858,19.979999542236328,,2.35,,,,0.1846,0.0231,0.1846,1.0151,0.17299999296665192,0.1384,0.1154,0.8074,1.0035,1.0958,1.1535,2026-08-09
ex8-71,Seedot,normal,Deoxys,71,Common,Kouki Saitou,Basic,273,Pokémon,2005/02/01,"tcgplayer,cardmarket",https://prices.pokemontcg.io/tcgplayer/ex8-71,https://images.pokemontcg.io/ex8/71_hires.png,2026/08/08,2026/02/19,0.35,0.10999999940395355,0.3700000047683716,20.399999618530273,,16.54,,,,0.2422,0.0231,0.3345,4.9024,0.23070000112056732,0.3922,0.2768,4.0373,4.6025,4.8101,1.1535,2026-08-09
ecard1-65,Typhlosion,normal,Expedition Base Set,65,Rare,K. Hoshiba,Stage 2,157,Pokémon,2002/09/15,"tcgplayer,cardmarket",https://prices.pokemontcg.io/tcgplayer/ecard1-65,https://images.pokemontcg.io/ecard1/65_hires.png,2026/08/08,2026/02/19,27.77,14.989999771118164,152.0,280.0,,64.7,,,,4.7986,0.346,2.5954,3.4605,3.345099925994873,4.9485,6.8979,4.614,36.1853,17.1064,1.1535,2026-08-09
bw8-71,Phanpy,normal,Plasma Storm,71,Common,Sumiyoshi Kizuki,Basic,231,Pokémon,2013/02/06,"tcgplayer,cardmarket",https://prices.pokemontcg.io/tcgplayer/bw8-71,https://images.pokemontcg.io/bw8/71_hires.png,2026/08/08,2026/02/01,0.52,0.33000001311302185,0.5600000023841858,19.979999542236328,,3.81,,,,0.2999,0.0231,0.2768,0.0,0.10379999876022339,0.1269,0.2999,1.7302,1.4073,1.3957,1.1535,2026-08-09
ecard3-39,Misdreavus,normal,Skyridge,39,Uncommon,Atsuko Nishida,Basic,200,Pokémon,2003/05/12,"tcgplayer,cardmarket",https://prices.pokemontcg.io/tcgplayer/ecard3-39,https://images.pokemontcg.io/ecard3/39_hires.png,2026/08/08,2026/02/04,16.47,20.959999084472656,35.0,75.0,,62.8,,,,2.653,0.2884,2.5838,26.1383,3.4605000019073486,2.3993,2.653,57.675,20.094,12.6193,1.1535,2026-08-09
ex16-65,Spheal,normal,Power Keepers,65,Common,Ken Sugimori,Basic,363,Pokémon,2007/02/02,"tcgplayer,cardmarket",https://prices.pokemontcg.io/tcgplayer/ex16-65,https://images.pokemontcg.io/ex16/65_hires.png,2026/08/08,2026/02/22,0.62,0.25,0.5,19.979999542236328,,38.85,,,,0.346,0.0231,0.8997,4.8332,0.5997999906539917,0.8536,0.4037,2.2955,3.795,4.1757,1.1535,2026-08-09
pl4-74,Shinx,normal,Arceus,74,Common,sui,Basic,403,Pokémon,2009/11/04,"tcgplayer,cardmarket",https://prices.pokemontcg.io/tcgplayer/pl4-74,https://images.pokemontcg.io/pl4/74_hires.png,2026/08/08,2026/02/01,0.37,0.10000000149011612,0.38999998569488525,19.559999465942383,,6.32,,,,0.2768,0.0231,0.2422,0.8651,0.18459999561309814,0.1615,0.173,1.7072,1.4419,1.5572,1.1535,2026-08-09
ex5-65,Meditite,normal,Hidden Legends,65,Common,Ken Sugimori,Basic,307,Pokémon,2004/06/01,"tcgplayer,cardmarket",https://prices.pokemontcg.io/tcgplayer/ex5-65,https://images.pokemontcg.io/ex5/65_hires.png,2026/08/08,2026/02/19,0.33,0.07999999821186066,0.33000001311302185,20.34000015258789,,7.46,,,,0.2076,0.0231,0.1846,6.0905,0.11540000140666962,0.1384,0.1846,2.307,2.9876,3.5182,1.1535,2026-08-09
base4-71,Diglett,normal,Base Set 2,71,Common,Keiji Kinebuchi,Basic,50,Pokémon,2000/02/24,"tcgplayer,cardmarket",https://prices.pokemontcg.io/tcgplayer/base4-71,https://images.pokemontcg.io/base4/71_hires.png,2026/08/08,2026/02/22,0.64,0.10000000149011612,0.5,15.380000114440918,,,,,,0.3576,0.0231,0.3576,0.0,0.34599998593330383,0.2768,0.3691,0.1154,0.1154,0.1154,1.1535,2026-08-09
base1-74,Item Finder,normal,Base,74,Rare,Keiji Kinebuchi,,,Trainer,1999/01/09,"tcgplayer,cardmarket",https://prices.pokemontcg.io/tcgplayer/base1-74,https://images.pokemontcg.io/base1/74_hires.png,2026/08/08,2026/02/21,8.15,5.349999904632568,8.319999694824219,88.98999786376953,,,,,,9.6202,2.307,9.6433,0.0,5.652200222015381,9.5856,9.7817,2.307,1.4073,1.4073,1.1535,2026-08-09
dp2-66,Unown [M],normal,Mysterious Treasures,66,Uncommon,Kazuyuki Kano,Basic,201,Pokémon,2007/08/01,"tcgplayer,cardmarket",https://prices.pokemontcg.io/tcgplayer/dp2-66,https://images.pokemontcg.io/dp2/66_hires.png,2026/08/08,2026/02/04,1.12,0.30000001192092896,0.7900000214576721,19.979999542236328,,4.95,,,,0.6806,0.0577,0.9113,1.5572,0.57669997215271,1.0266,0.6921,2.307,3.2067,1.8802,1.1535,2026-08-09
hgss3-71,Burned Tower,normal,HS—Undaunted,71,Uncommon,Ryo Ueda,Stadium,,Trainer,2010/08/18,"tcgplayer,cardmarket",https://prices.pokemontcg.io/tcgplayer/hgss3-71,https://images.pokemontcg.io/hgss3/71_hires.png,2026/08/08,2026/02/19,1.93,0.6499999761581421,3.509999990463257,19.979999542236328,,67.49,,,,0.346,0.0231,0.3691,18.0523,1.0266000032424927,0.346,0.3691,3.449,9.7355,5.929,1.1535,2026-08-09
swsh2-68,Toxel,normal,Rebel Clash,68,Common,nagimiso,Basic,848,Pokémon,2020/05/01,"tcgplayer,cardmarket",https://prices.pokemontcg.io/tcgplayer/swsh2-68,https://images.pokemontcg.io/swsh2/68_hires.png,2026/08/08,2026/01/19,0.03,0.009999999776482582,0.17000000178813934,19.979999542236328,,0.35,,,,0.0807,0.0231,0.0692,0.173,0.023099999874830246,0.0692,0.0692,0.2768,0.1846,0.2884,1.1535,2026-08-09
ex12-76,Power Tree,normal,Legend Maker,76,Uncommon,Ryo Ueda,Stadium,,Trainer,2006/02/01,"tcgplayer,cardmarket",https://prices.pokemontcg.io/tcgplayer/ex12-76,https://images.pokemontcg.io/ex12/76_hires.png,2026/08/08,2026/02/01,0.94,0.20000000298023224,0.7799999713897705,19.979999542236328,,5.91,,,,0.2653,0.0231,0.2653,8.0745,0.46140000224113464,0.4037,0.7036,8.0745,7.2094,6.5519,1.1535,2026-08-09
xy3-60,Pancham,normal,Furious Fists,60,Common,5ban Graphics,Basic,674,Pokémon,2014/08/13,"tcgplayer,cardmarket",https://prices.pokemontcg.io/tcgplayer/xy3-60,https://images.pokemontcg.io/xy3/60_hires.png,2026/08/08,2026/02/04,0.27,0.10000000149011612,0.25999999046325684,1000.0,,1.51,,,,0.1384,0.0231,0.1269,0.5767,0.05770000070333481,0.1154,0.2192,0.5767,0.6229,0.7498,1.1535,2026-08-09
base5-68,Squirtle,unlimited,Team Rocket,68,Common,Atsuko Nishida,Basic,7,Pokémon,2000/04/24,"tcgplayer,cardmarket",https://prices.pokemontcg.io/tcgplayer/base5-68,https://images.pokemontcg.io/base5/68_hires.png,2026/08/08,2026/02/22,4.02,0.75,2.799999952316284,150.0,,,,,"{""1stEdition"": {""low"": 6.0, ""mid"": 13.23, ""high"": 39.99, ""market"": 13.23, ""directLow"": 9.76}}",2.3531,0.0577,2.2032,0.0,2.410799980163574,2.2955,2.307,0.5767,2.5723,2.0763,1.1535,2026-08-09
swsh3-66,Arctozolt,holofoil,Darkness Ablaze,66,Rare Holo,Hitoshi Ariga,Stage 1,881,Pokémon,2020/08/14,"tcgplayer,cardmarket",https://prices.pokemontcg.io/tcgplayer/swsh3-66,https://images.pokemontcg.io/swsh3/66_hires.png,2026/08/08,2026/01/21,1.98,0.49000000953674316,2.140000104904175,33.29999923706055,,1.86,,,,4.464,0.669,4.6832,3.7719,6.494200229644775,5.5368,4.6371,3.9796,4.3026,3.1375,1.1535,2026-08-09
xyp-XY64,Rayquaza,holofoil,XY Black Star Promos,XY64,Promo,Mitsuhiro Arita,Basic,384,Pokémon,2013/10/12,"tcgplayer,cardmarket",https://prices.pokemontcg.io/tcgplayer/xyp-XY64,https://images.pokemontcg.io/xyp/XY64_hires.png,2026/08/08,2026/02/04,45.55,17.0,35.9900016784668,379.3999938964844,,,,,,10.4392,3.449,13.9689,0.0,11.246600151062012,12.0656,17.1064,5.1907,6.8403,5.0869,1.1535,2026-08-09
gym1-74,Brock's Zubat,unlimited,Gym Heroes,74,Common,Atsuko Nishida,Basic,41,Pokémon,2000/08/14,"tcgplayer,cardmarket",https://prices.pokemontcg.io/tcgplayer/gym1-74,https://images.pokemontcg.io/gym1/74_hires.png,2026/08/08,2026/02/19,1.05,0.44999998807907104,0.9399999976158142,15.640000343322754,,,,,"{""1stEdition"": {""low"": 1.5, ""mid"": 3.45, ""high"": 38.1, ""market"": 3.98, ""directLow"": 2.69}}",1.3842,0.0923,1.3381,0.0,0.7382000088691711,1.2804,1.2804,2.307,2.307,2.307,1.1535,2026-08-09
hgss1-79,Sandshrew,normal,HeartGold & SoulSilver,79,Common,Yukiko Baba,Basic,27,Pokémon,2010/02/10,"tcgplayer,cardmarket",https://prices.pokemontcg.io/tcgplayer/hgss1-79,https://images.pokemontcg.io/hgss1/79_hires.png,2026/08/08,2026/02/01,0.76,0.10000000149011612,0.550000011920929,19.540000915527344,,27.26,,,,0.2192,0.0231,0.3114,1.1535,0.11540000140666962,0.3345,0.2307,1.1535,1.2573,1.4995,1.1535,2026-08-09
sm11-68,Thundurus,normal,Unified Minds,68,Uncommon,Anesaki Dynamic,Basic,642,Pokémon,2019/08/02,"tcgplayer,cardmarket",https://prices.pokemontcg.io/tcgplayer/sm11-68,https://images.pokemontcg.io/sm11/68_hires.png,2026/08/08,2026/02/01,0.16,0.019999999552965164,0.20000000298023224,1.690000057220459,,0.43,,,,0.2076,0.0231,0.1615,0.2307,0.023099999874830246,0.1038,0.1846,0.5767,0.323,0.4383,1.1535,2026-08-09
ecard2-47,Flaaffy,normal,Aquapolis,47,Uncommon,Shin-ichi Yoshida,Stage 1,180,Pokémon,2003/01/15,"tcgplayer,cardmarket",https://prices.pokemontcg.io/tcgplayer/ecard2-47,https://images.pokemontcg.io/ecard2/47_hires.png,2026/08/08,2026/02/01,14.5,16.989999771118164,123.55000305175781,219.89999389648438,,24.99,,,,2.4685,0.2307,3.5066,4.0142,5.75600004196167,3.795,3.1491,3.795,8.7666,6.0328,1.1535,2026-08-09
swsh4-70,Dusclops,normal,Vivid Voltage,70,Uncommon,Kazuma Koda,Stage 1,356,Pokémon,2020/11/13,"tcgplayer,cardmarket",https://prices.pokemontcg.io/tcgplayer/swsh4-70,https://images.pokemontcg.io/swsh4/70_hires.png,2026/08/08,2026/01/19,0.09,0.009999999776482582,0.1599999964237213,2.990000009536743,,0.24,,,,0.0346,0.0231,0.0461,0.2192,0.04610000178217888,0.0461,0.0461,0.1154,0.2768,0.2422,1.1535,2026-08-09
xy2-82,Furret,normal,Flashfire,82,Rare,Kagemaru Himeno,Stage 1,162,Pokémon,2014/05/07,"tcgplayer,cardmarket",https://prices.pokemontcg.io/tcgplayer/xy2-82,https://images.pokemontcg.io/xy2/82_hires.png,2026/08/08,2026/01/16,1.24,0.38999998569488525,0.9599999785423279,22.989999771118164,,2.25,,,,1.0843,0.0577,1.1074,3.0106,1.0958000421524048,1.1189,0.9113,2.2493,2.2032,1.4534,1.1535,2026-08-09
base5-69,Voltorb,unlimited,Team Rocket,69,Common,Ken Sugimori,Basic,100,Pokémon,2000/04/24,"tcgplayer,cardmarket",https://prices.pokemontcg.io/tcgplayer/base5-69,https://images.pokemontcg.io/base5/69_hires.png,2026/08/08,2026/02/22,0.58,0.2199999988079071,0.550000011920929,9999.0,,,,,"{""1stEdition"": {""low"": 0.5, ""mid"": 1.81, ""high"": 19.99, ""market"": 1.81, ""directLow"": null}}",0.7498,0.0231,2.6069,0.0,15.826000213623047,2.8376,1.1881,0.2653,0.3114,0.3114,1.1535,2026-08-09
ex8-72,Shroomish,normal,Deoxys,72,Common,Kanako Eo,Basic,285,Pokémon,2005/02/01,"tcgplayer,cardmarket",https://prices.pokemontcg.io/tcgplayer/ex8-72,https://images.pokemontcg.io/ex8/72_hires.png,2026/08/08,2026/02/01,1.63,1.100000023841858,1.7200000286102295,19.979999542236328,,30.07,,,,0.3807,0.0231,0.7498,18.7328,3.4489998817443848,0.8421,0.4845,5.7675,12.4117,8.1898,1.1535,2026-08-09
bw10-78,Caitlin,normal,Plasma Blast,78,Uncommon,Yusuke Ohmura,Supporter,,Trainer,2013/08/14,"tcgplayer,cardmarket",https://prices.pokemontcg.io/tcgplayer/bw10-78,https://images.pokemontcg.io/bw10/78_hires.png,2026/08/08,2026/01/19,0.3,0.10000000149011612,0.30000001192092896,17.079999923706055,,0.61,,,,0.1384,0.0231,0.0346,1.6149,0.10379999876022339,0.1154,0.2538,1.5572,1.1304,1.0151,1.1535,2026-08-09
xy10-70,Cottonee,normal,Fates Collide,70,Common,MAHOU,Basic,546,Pokémon,2016/05/02,"tcgplayer,cardmarket",https://prices.pokemontcg.io/tcgplayer/xy10-70,https://images.pokemontcg.io/xy10/70_hires.png,2026/08/08,2026/01/19,0.23,0.009999999776482582,0.23999999463558197,19.979999542236328,,0.42,,,,0.1154,0.0231,0.1384,0.5767,0.28839999437332153,0.1154,0.0923,0.8651,0.4499,0.3691,1.1535,2026-08-09
bw2-65,Liepard,normal,Emerging Powers,65,Rare,Akira Komayama,Stage 1,510,Pokémon,2011/08/31,"tcgplayer,cardmarket",https://prices.pokemontcg.io/tcgplayer/bw2-65,https://images.pokemontcg.io/bw2/65_hires.png,2026/08/08,2026/02/01,1.49,0.75,1.3899999856948853,19.979999542236328,,2.16,,,,1.0151,0.0923,0.8651,0.8651,0.57669997215271,0.8421,0.8305,1.1535,1.0266,1.4303,1.1535,2026-08-09
ex14-69,Whismur,normal,Crystal Guardians,69,Common,Atsuko Nishida,Basic,293,Pokémon,2006/08/01,"tcgplayer,cardmarket",https://prices.pokemontcg.io/tcgplayer/ex14-69,https://images.pokemontcg.io/ex14/69_hires.png,2026/08/08,2026/02/19,0.34,0.10000000149011612,0.3400000035762787,19.979999542236328,,7.55,,,,0.2538,0.0231,0.2884,2.7684,0.05770000070333481,0.1384,0.2307,4.5563,3.2413,2.9184,1.1535,2026-08-09
base6-68,Bulbasaur,normal,Legendary Collection,68,Common,Mitsuhiro Arita,Basic,1,Pokémon,2002/05/24,"tcgplayer,cardmarket",https://prices.pokemontcg.io/tcgplayer/base6-68,https://images.pokemontcg.io/base6/68_hires.png,2026/08/08,2026/02/19,7.88,1.659999966621399,3.119999885559082,39.2400016784668,,500.0,,,,6.5865,0.2884,2.803,0.0,2.6530001163482666,2.4339,3.9104,171.86,109.7786,108.1752,1.1535,2026-08-09
xy5-76,Rhyperior,normal,Primal Clash,76,Rare,Kouki Saitou,Stage 2,464,Pokémon,2015/02/04,"tcgplayer,cardmarket",https://prices.pokemontcg.io/tcgplayer/xy5-76,https://images.pokemontcg.io/xy5/76_hires.png,2026/08/08,2026/01/16,0.4,0.17000000178813934,0.38999998569488525,1.7400000095367432,,0.87,,,,0.5191,0.0577,0.2422,0.0,0.23070000112056732,0.4153,0.4845,2.2955,1.8225,2.5377,1.1535,2026-08-09
bw5-67,Scraggy,normal,Dark Explorers,67,Common,Kagemaru Himeno,Basic,559,Pokémon,2012/05/09,"tcgplayer,cardmarket",https://prices.pokemontcg.io/tcgplayer/bw5-67,https://images.pokemontcg.io/bw5/67_hires.png,2026/08/08,2026/02/01,0.32,0.15000000596046448,0.30000001192092896,19.979999542236328,,0.47,,,,0.15,0.0231,0.15,0.0,0.04610000178217888,0.1615,0.1269,0.5652,2.0071,1.2458,1.1535,2026-08-09
sm1-70,Boldore,normal,Sun & Moon,70,Uncommon,Shigenori Negishi,Stage 1,525,Pokémon,2017/02/03,"tcgplayer,cardmarket",https://prices.pokemontcg.io/tcgplayer/sm1-70,https://images.pokemontcg.io/sm1/70_hires.png,2026/08/08,2026/01/19,0.05,0.009999999776482582,0.20000000298023224,1000.0,,0.28,,,,0.0692,0.0231,0.0692,0.2768,0.06920000165700912,0.0692,0.0692,0.0577,0.2653,0.2538,1.1535,2026-08-09
ex3-74,Spoink,normal,Dragon,74,Common,Midori Harada,Basic,325,Pokémon,2003/11/24,"tcgplayer,cardmarket",https://prices.pokemontcg.io/tcgplayer/ex3-74,https://images.pokemontcg.io/ex3/74_hires.png,2026/08/08,2026/02/22,1.09,0.75,1.399999976158142,19.979999542236328,,10.86,,,,0.2768,0.0231,0.4614,1.4303,0.6344000101089478,0.7267,0.6229,10.3815,2.4224,3.299,1.1535,2026-08-09
swsh3-67,Jigglypuff,normal,Darkness Ablaze,67,Common,Motofumi Fujiwara,Basic,39,Pokémon,2020/08/14,"tcgplayer,cardmarket",https://prices.pokemontcg.io/tcgplayer/swsh3-67,https://images.pokemontcg.io/swsh3/67_hires.png,2026/08/08,2026/01/19,0.23,0.029999999329447746,0.23999999463558197,25.25,,0.42,,,,0.0807,0.0231,0.0577,0.3576,0.05770000070333481,0.0807,0.0807,0.1154,0.346,0.323,1.1535,2026-08-09
pl3-69,Metang,normal,Supreme Victors,69,Uncommon,Kyoko Umemoto,Stage 1,375,Pokémon,2009/08/19,"tcgplayer,cardmarket",https://prices.pokemontcg.io/tcgplayer/pl3-69,https://images.pokemontcg.io/pl3/69_hires.png,2026/08/08,2026/02/01,0.54,0.25,0.4300000071525574,19.979999542236328,,1.32,,,,0.2538,0.0231,0.173,1.142,0.12690000236034393,0.1846,0.2999,1.1074,1.7879,1.3842,1.1535,2026-08-09
ex4-75,Team Aqua Ball,normal,Team Magma vs Team Aqua,75,Uncommon,Ryo Ueda,Item,,Trainer,2004/03/01,"tcgplayer,cardmarket",https://prices.pokemontcg.io/tcgplayer/ex4-75,https://images.pokemontcg.io/ex4/75_hires.png,2026/08/08,2026/02/19,1.06,0.4099999964237213,1.0499999523162842,19.979999542236328,,7.95,,,,0.5767,0.0577,0.6921,1.2689,0.11540000140666962,0.4729,0.7498,1.7072,1.3265,2.6646,1.1535,2026-08-09
col1-74,Totodile,normal,Call of Legends,74,Common,Ken Sugimori,Basic,158,Pokémon,2011/02/09,"tcgplayer,cardmarket",https://prices.pokemontcg.io/tcgplayer/col1-74,https://images.pokemontcg.io/col1/74_hires.png,2026/08/08,2026/02/01,0.89,0.23999999463558197,0.6899999976158142,2.5,,31.75,,,,0.4383,0.0231,0.4729,0.0,0.8651000261306763,0.4729,0.4845,22.4932,10.6929,7.6477,1.1535,2026-08-09
ex13-73,Oddish δ,normal,Holon Phantoms,73,Common,Atsuko Nishida,Basic,43,Pokémon,2006/05/01,"tcgplayer,cardmarket",https://prices.pokemontcg.io/tcgplayer/ex13-73,https://images.pokemontcg.io/ex13/73_hires.png,2026/08/08,2026/02/04,1.56,0.5,1.4700000286102295,19.979999542236328,,39.6,,,,0.5537,0.0231,0.7498,8.063,0.5421000123023987,1.0381,0.5767,8.063,11.362,8.8704,1.1535,2026-08-09
ex15-62,Seel δ,normal,Dragon Frontiers,62,Common,Hajime Kusajima,Basic,86,Pokémon,2006/11/01,"tcgplayer,cardmarket",https://prices.pokemontcg.io/tcgplayer/ex15-62,https://images.pokemontcg.io/ex15/62_hires.png,2026/08/08,2026/02/19,0.76,0.25,0.6600000262260437,19.979999542236328,,18.63,,,,0.3345,0.0231,0.346,4.937,0.3921999931335449,0.3576,0.3576,4.5563,5.3868,4.3141,1.1535,2026-08-09
dp6-71,Starmie,normal,Legends Awakened,71,Uncommon,Kouki Saitou,Stage 1,121,Pokémon,2008/08/01,"tcgplayer,cardmarket",https://prices.pokemontcg.io/tcgplayer/dp6-71,https://images.pokemontcg.io/dp6/71_hires.png,2026/08/08,2026/02/04,1.49,0.5899999737739563,1.5,19.979999542236328,,6.29,,,,0.8882,0.0231,0.8651,1.3381,0.05770000070333481,0.5883,0.646,1.142,1.4995,1.2112,1.1535,2026-08-09
gym2-76,Giovanni's Nidoran ♂,unlimited,Gym Challenge,76,Common,Ken Sugimori,Basic,32,Pokémon,2000/10/16,"tcgplayer,cardmarket",https://prices.pokemontcg.io/tcgplayer/gym2-76,https://images.pokemontcg.io/gym2/76_hires.png,2026/08/08,2026/02/01,1.36,0.30000001192092896,1.2000000476837158,18.780000686645508,,,,,"{""1stEdition"": {""low"": 2.72, ""mid"": 3.9, ""high"": 50.5, ""market"": 3.84, ""directLow"": 4.98}}",1.2573,0.2884,0.8767,0.0,1.3265000581741333,1.3957,1.3842,0.0,0.0,0.0,1.1535,2026-08-09
xy9-65,Trevenant,normal,BREAKpoint,65,Rare,Midori Harada,Stage 1,709,Pokémon,2016/02/03,"tcgplayer,cardmarket",https://prices.pokemontcg.io/tcgplayer/xy9-65,https://images.pokemontcg.io/xy9/65_hires.png,2026/08/08,2026/02/04,0.26,0.10999999940395355,0.27000001072883606,2.990000009536743,,0.45,,,,0.2307,0.0231,0.2192,0.8305,0.46140000224113464,0.2884,0.2538,1.1535,0.8074,0.7498,1.1535,2026-08-09
swsh2-69,Toxtricity,normal,Rebel Clash,69,Rare,TOKIYA,Stage 1,849,Pokémon,2020/05/01,"tcgplayer,cardmarket",https://prices.pokemontcg.io/tcgplayer/swsh2-69,https://images.pokemontcg.io/swsh2/69_hires.png,2026/08/08,2026/01/19,0.44,0.10999999940395355,0.41999998688697815,2.0,,0.74,,,,0.3114,0.0231,0.3576,0.7613,0.23070000112056732,0.3114,0.323,0.2884,0.8651,0.7613,1.1535,2026-08-09
xy1-74,Inkay,normal,XY,74,Uncommon,5ban Graphics,Basic,686,Pokémon,2014/02/05,"tcgplayer,cardmarket",https://prices.pokemontcg.io/tcgplayer/xy1-74,https://images.pokemontcg.io/xy1/74_hires.png,2026/08/08,2026/01/19,0.31,0.11999999731779099,0.3199999928474426,17.760000228881836,,1.05,,,,0.173,0.0231,0.173,0.4614,0.11540000140666962,0.1615,0.2076,0.5767,0.646,0.646,1.1535,2026-08-09
ex2-66,Lotad,normal,Sandstorm,66,Common,Tomokazu Komiya,Basic,270,Pokémon,2003/09/18,"tcgplayer,cardmarket",https://prices.pokemontcg.io/tcgplayer/ex2-66,https://images.pokemontcg.io/ex2/66_hires.png,2026/08/08,2026/02/19,2.32,0.5,1.559999942779541,96.94999694824219,,10.11,,,,0.7613,0.0231,0.5998,4.4064,0.6920999884605408,0.9228,0.7728,4.614,5.0754,3.0106,1.1535,2026-08-09
hgss1-80,Sentret,normal,HeartGold & SoulSilver,80,Common,MAHOU,Basic,161,Pokémon,2010/02/10,"tcgplayer,cardmarket",https://prices.pokemontcg.io/tcgplayer/hgss1-80,https://images.pokemontcg.io/hgss1/80_hires.png,2026/08/08,2026/02/01,0.49,0.25,0.49000000953674316,19.979999542236328,,2.8,,,,0.3345,0.0231,0.2653,2.6069,0.2768000066280365,0.1846,0.2538,2.0763,2.4339,2.5377,1.1535,2026-08-09
sm75-70,Zinnia,holofoil,Dragon Majesty,70,Rare Ultra,Hideki Ishikawa,Supporter,,Trainer,2018/09/07,"tcgplayer,cardmarket",https://prices.pokemontcg.io/tcgplayer/sm75-70,https://images.pokemontcg.io/sm75/70_hires.png,2026/08/08,2026/02/01,63.69,53.63999938964844,66.5999984741211,530.0,,,,,,57.7557,17.3025,59.0592,0.0,32.29800033569336,65.415,70.0174,36.912,25.2963,24.2696,1.1535,2026-08-09
xy12-69,Doduo,normal,Evolutions,69,Common,Mitsuhiro Arita,Basic,84,Pokémon,2016/11/02,"tcgplayer,cardmarket",https://prices.pokemontcg.io/tcgplayer/xy12-69,https://images.pokemontcg.io/xy12/69_hires.png,2026/08/08,2026/02/01,0.12,0.029999999329447746,0.20000000298023224,5.949999809265137,,0.32,,,,0.0923,0.0231,0.0807,0.5652,0.06920000165700912,0.0577,0.0923,0.3807,0.669,0.5191,1.1535,2026-08-09
hgss2-74,Energy Returner,normal,HS—Unleashed,74,Uncommon,Wataru Kawahara,Item,,Trainer,2010/05/12,"tcgplayer,cardmarket",https://prices.pokemontcg.io/tcgplayer/hgss2-74,https://images.pokemontcg.io/hgss2/74_hires.png,2026/08/08,2026/02/01,0.33,0.09000000357627869,0.30000001192092896,19.979999542236328,,1.0,,,,0.1961,0.0231,0.173,0.9689,0.11540000140666962,0.173,0.15,0.4499,0.7036,0.7036,1.1535,2026-08-09
swsh1-74,Yamper,normal,Sword & Shield,74,Common,Saya Tsuruta,Basic,835,Pokémon,2020/02/07,"tcgplayer,cardmarket",https://prices.pokemontcg.io/tcgplayer/swsh1-74,https://images.pokemontcg.io/swsh1/74_hires.png,2026/08/08,2026/01/19,0.22,0.009999999776482582,0.2199999988079071,18.799999237060547,,0.29,,,,0.0577,0.0231,0.0577,0.3345,0.023099999874830246,0.0461,0.0577,0.9113,0.3114,0.3691,1.1535,2026-08-09
xy8-68,Ralts,normal,BREAKthrough,68,Common,MAHOU,Basic,280,Pokémon,2015/11/04,"tcgplayer,cardmarket",https://prices.pokemontcg.io/tcgplayer/xy8-68,https://images.pokemontcg.io/xy8/68_hires.png,2026/08/08,2026/01/19,0.31,0.10000000149011612,0.3199999928474426,19.979999542236328,,1.04,,,,0.2307,0.0231,0.2422,1.1766,0.06920000165700912,0.496,0.1846,1.0958,1.0958,1.1189,1.1535,2026-08-09
ex5-66,Meditite,normal,Hidden Legends,66,Common,Atsuko Nishida,Basic,307,Pokémon,2004/06/01,"tcgplayer,cardmarket",https://prices.pokemontcg.io/tcgplayer/ex5-66,https://images.pokemontcg.io/ex5/66_hires.png,2026/08/08,2026/02/19,0.46,0.25,0.4699999988079071,20.5,,17.96,,,,0.2768,0.0346,0.2307,2.4339,0.17299999296665192,0.1961,0.2307,4.3026,3.0683,3.3798,1.1535,2026-08-09
hgss3-72,Defender,normal,HS—Undaunted,72,Uncommon,Ryo Ueda,Item,,Trainer,2010/08/18,"tcgplayer,cardmarket",https://prices.pokemontcg.io/tcgplayer/hgss3-72,https://images.pokemontcg.io/hgss3/72_hires.png,2026/08/08,2026/02/19,0.24,0.10000000149011612,0.30000001192092896,2.2300000190734863,,0.56,,,,0.2422,0.0231,0.2192,0.7959,0.09229999780654907,0.4845,0.3345,1.7302,1.2227,1.0612,1.1535,2026-08-09
smp-SM65,Alolan Raichu,holofoil,SM Black Star Promos,SM65,Promo,5ban Graphics,Stage 1,26,Pokémon,2017/02/03,"tcgplayer,cardmarket",https://prices.pokemontcg.io/tcgplayer/smp-SM65,https://images.pokemontcg.io/smp/SM65_hires.png,2026/08/08,2026/02/01,7.7,4.440000057220459,8.579999923706055,47.400001525878906,,,,,,3.3105,0.2884,3.4374,0.0,1.7187000513076782,2.6646,2.7107,1.142,1.9033,1.7879,1.1535,2026-08-09
gym1-75,Erika's Bellsprout,unlimited,Gym Heroes,75,Common,Atsuko Nishida,Basic,69,Pokémon,2000/08/14,"tcgplayer,cardmarket",https://prices.pokemontcg.io/tcgplayer/gym1-75,https://images.pokemontcg.io/gym1/75_hires.png,2026/08/08,2026/02/19,1.22,0.3799999952316284,1.0,17.200000762939453,,,,,"{""1stEdition"": {""low"": 1.8, ""mid"": 2.74, ""high"": 30.89, ""market"": 2.73, ""directLow"": 4.98}}",1.5111,0.1154,1.8225,0.0,2.2146999835968018,1.488,1.9379,2.307,2.307,2.307,1.1535,2026-08-09
ecard2-48,Furret,normal,Aquapolis,48,Uncommon,Atsuko Nishida,Stage 1,162,Pokémon,2003/01/15,"tcgplayer,cardmarket",https://prices.pokemontcg.io/tcgplayer/ecard2-48,https://images.pokemontcg.io/ecard2/48_hires.png,2026/08/08,2026/02/01,41.96,38.9900016784668,48.7599983215332,409.8999938964844,,173.32,,,,8.7781,0.5767,6.425,21.9165,6.921000003814697,5.9059,9.2049,4.4986,18.4214,11.2466,1.1535,2026-08-09
dp1-75,Cherubi,normal,Diamond & Pearl,75,Common,Ken Sugimori,Basic,420,Pokémon,2007/05/01,"tcgplayer,cardmarket",https://prices.pokemontcg.io/tcgplayer/dp1-75,https://images.pokemontcg.io/dp1/75_hires.png,2026/08/08,2026/02/19,0.43,0.10000000149011612,0.41999998688697815,18.040000915527344,,0.98,,,,0.173,0.0231,0.1384,2.5492,0.11540000140666962,0.1269,0.1615,0.6344,1.7995,1.1996,1.1535,2026-08-09
base4-72,Doduo,normal,Base Set 2,72,Common,Mitsuhiro Arita,Basic,84,Pokémon,2000/02/24,"tcgplayer,cardmarket",https://prices.pokemontcg.io/tcgplayer/base4-72,https://images.pokemontcg.io/base4/72_hires.png,2026/08/08,2026/02/22,0.57,0.10000000149011612,0.5,50.0,,,,,,0.3691,0.0231,0.4268,0.0,0.6920999884605408,0.4153,0.3807,0.1154,0.1154,0.1154,1.1535,2026-08-09
sm12-74,Togedemaru,normal,Cosmic Eclipse,74,Common,Misa Tsutsui,Basic,777,Pokémon,2019/11/01,"tcgplayer,cardmarket",https://prices.pokemontcg.io/tcgplayer/sm12-74,https://images.pokemontcg.io/sm12/74_hires.png,2026/08/08,2026/01/19,0.2,0.03999999910593033,0.20000000298023224,17.979999542236328,,0.35,,,,0.1038,0.0231,0.0923,0.2653,0.023099999874830246,0.0692,0.0923,0.5652,0.2999,0.323,1.1535,2026-08-09
ex11-71,Holon's Voltorb,normal,Delta Species,71,Common,Takao Unno,Basic,100,Pokémon,2005/10/31,"tcgplayer,cardmarket",https://prices.pokemontcg.io/tcgplayer/ex11-71,https://images.pokemontcg.io/ex11/71_hires.png,2026/08/08,2026/02/19,0.57,0.28999999165534973,0.5699999928474426,19.979999542236328,,19.23,,,,0.2653,0.0231,0.346,7.2786,0.04610000178217888,0.3807,0.2768,9.228,7.5208,7.3363,1.1535,2026-08-09
xy7-75,Hex Maniac,normal,Ancient Origins,75,Uncommon,Yusuke Ohmura,Supporter,,Trainer,2015/08/12,"tcgplayer,cardmarket",https://prices.pokemontcg.io/tcgplayer/xy7-75,https://images.pokemontcg.io/xy7/75_hires.png,2026/08/08,2026/01/19,3.11,1.75,3.0999999046325684,34.9900016784668,,4.43,,,,2.4108,0.0231,2.6761,3.8758,1.8802000284194946,2.8607,2.2032,3.449,3.3913,2.7915,1.1535,2026-08-09
xy11-76,Marill,normal,Steam Siege,76,Common,Shibuzoh.,Basic,183,Pokémon,2016/08/03,"tcgplayer,cardmarket",https://prices.pokemontcg.io/tcgplayer/xy11-76,https://images.pokemontcg.io/xy11/76_hires.png,2026/08/08,2026/01/19,0.32,0.15000000596046448,0.3499999940395355,19.899999618530273,,1.42,,,,0.15,0.0231,0.2076,0.6344,0.31139999628067017,0.1961,0.15,0.3922,0.5306,0.5075,1.1535,2026-08-09
sm6-68,Tyrunt,normal,Forbidden Light,68,Uncommon,SATOSHI NAKAI,Stage 1,696,Pokémon,2018/05/04,"tcgplayer,cardmarket",https://prices.pokemontcg.io/tcgplayer/sm6-68,https://images.pokemontcg.io/sm6/68_hires.png,2026/08/08,2026/01/19,2.93,1.5,2.9200000762939453,96.95,,12.55,,,,11.362,0.1038,12.3194,1.1535,11.523500442504883,11.8349,9.897,23.07,9.6779,5.9405,1.1535,2026-08-09
dp4-67,Feebas,normal,Great Encounters,67,Common,Ken Sugimori,Basic,349,Pokémon,2008/02/01,"tcgplayer,cardmarket",https://prices.pokemontcg.io/tcgplayer/dp4-67,https://images.pokemontcg.io/dp4/67_hires.png,2026/08/08,2026/02/01,0.41,0.15000000596046448,0.4099999964237213,19.98,,4.35,,,,0.2538,0.0231,0.346,0.0,0.13840000331401825,0.3114,0.2422,0.3345,1.3265,0.992,1.1535,2026-08-09
base1-75,Lass,normal,Base,75,Rare,Ken Sugimori,,,Trainer,1999/01/09,"tcgplayer,cardmarket",https://prices.pokemontcg.io/tcgplayer/base1-75,https://images.pokemontcg.io/base1/75_hires.png,2026/08/08,2026/02/19,4.15,1.090000033378601,2.5,25.0,,,,,,10.7737,6.3327,10.8314,0.0,11.477299690246582,8.8358,17.1525,0.0,0.0,0.0,1.1535,2026-08-09
sm10-64,Zubat,normal,Unbroken Bonds,64,Common,Sekio,Basic,41,Pokémon,2019/05/03,"tcgplayer,cardmarket",https://prices.pokemontcg.io/tcgplayer/sm10-64,https://images.pokemontcg.io/sm10/64_hires.png,2026/08/08,2026/01/19,0.23,0.03999999910593033,0.23999999463558197,19.98,,0.36,,,,0.0923,0.0231,0.0577,0.3345,0.08070000261068344,0.0923,0.0923,0.5767,0.2768,0.346,1.1535,2026-08-09
bwp-BW62,Black Kyurem-EX,holofoil,BW Black Star Promos,BW62,Promo,Eske Yoshinob,Basic|EX,646,Pokémon,2011/03/01,"tcgplayer,cardmarket",https://prices.pokemontcg.io/tcgplayer/bwp-BW62,https://images.pokemontcg.io/bwp/BW62_hires.png,2026/08/08,2026/02/19,7.76,7.0,9.0,14.99,,,,,,4.464,0.6921,4.8101,0.0,4.613999843597412,4.5217,5.283,3.3451,3.2759,3.1837,1.1535,2026-08-09
sm2-68,Gliscor,normal,Guardians Rising,68,Uncommon,Yoshinobu Saito,Stage 1,472,Pokémon,2017/05/05,"tcgplayer,cardmarket",https://prices.pokemontcg.io/tcgplayer/sm2-68,https://images.pokemontcg.io/sm2/68_hires.png,2026/08/08,2026/01/19,0.13,0.019999999552965164,0.20000000298023224,19.98,,0.31,,,,0.0577,0.0231,0.0577,0.2768,0.05770000070333481,0.0577,0.0807,0.2307,0.2768,0.2768,1.1535,2026-08-09
base2-64,Poké Ball,unlimited,Jungle,64,Common,Keiji Kinebuchi,,,Trainer,1999/06/16,"tcgplayer,cardmarket",https://prices.pokemontcg.io/tcgplayer/base2-64,https://images.pokemontcg.io/base2/64_hires.png,2026/08/08,2026/06/21,0.35,0.07000000029802322,0.3100000023841858,9999.0,,,,,"{""1stEdition"": {""low"": 0.5, ""mid"": 2.06, ""high"": 54.6, ""market"": 3.97, ""directLow"": 1.17}}",0.5075,0.0231,0.5652,0.0,0.7498000264167786,0.5537,0.5075,0.346,0.346,0.346,1.1535,2026-08-09
neo1-67,Natu,unlimited,Neo Genesis,67,Common,Ken Sugimori,Basic,177,Pokémon,2000/12/16,"tcgplayer,cardmarket",https://prices.pokemontcg.io/tcgplayer/neo1-67,https://images.pokemontcg.io/neo1/67_hires.png,2026/08/08,2026/02/19,0.84,0.25,0.7099999785423279,20.54,,,,,"{""1stEdition"": {""low"": 0.99, ""mid"": 2.0, ""high"": 29.2, ""market"": 2.04, ""directLow"": null}}",0.5191,0.0231,0.5306,0.0,0.36910000443458557,0.3114,0.5075,0.0231,0.0231,0.0231,1.1535,2026-08-09
bw7-75,Gothita,normal,Boundaries Crossed,75,Common,Ken Sugimori,Basic,574,Pokémon,2012/11/07,"tcgplayer,cardmarket",https://prices.pokemontcg.io/tcgplayer/bw7-75,https://images.pokemontcg.io/bw7/75_hires.png,2026/08/08,2026/01/21,0.35,0.1899999976158142,0.41999998688697815,19.98,,1.76,,,,0.2538,0.0231,0.3576,1.142,0.6920999884605408,0.4268,0.2538,1.142,0.819,0.7728,1.1535,2026-08-09
ex1-63,Poochyena,normal,Ruby & Sapphire,63,Common,Ken Sugimori,Basic,261,Pokémon,2003/07/01,"tcgplayer,cardmarket",https://prices.pokemontcg.io/tcgplayer/ex1-63,https://images.pokemontcg.io/ex1/63_hires.png,2026/08/08,2026/02/19,0.69,0.25,0.699999988079071,20.79,,10.0,,,,0.3691,0.0231,0.7959,2.8722,1.4072999954223633,0.5998,0.5075,0.6921,3.0452,2.4224,1.1535,2026-08-09
sm5-73,Sneasel,normal,Ultra Prism,73,Common,Masakazu Fukuda,Basic,215,Pokémon,2018/02/02,"tcgplayer,cardmarket",https://prices.pokemontcg.io/tcgplayer/sm5-73,https://images.pokemontcg.io/sm5/73_hires.png,2026/08/08,2026/01/19,0.1,0.05000000074505806,0.25,18.94,,0.93,,,,0.0807,0.0231,0.0923,0.3691,0.17299999296665192,0.0923,0.0923,0.1154,0.346,0.3691,1.1535,2026-08-09
g1-61,Energy Switch,normal,Generations,61,Uncommon,5ban Graphics,Item,,Trainer,2016/02/22,"tcgplayer,cardmarket",https://prices.pokemontcg.io/tcgplayer/g1-61,https://images.pokemontcg.io/g1/61_hires.png,2026/08/08,2026/02/19,0.23,0.10000000149011612,0.25,19.98,,0.42,,,,0.2768,0.0231,0.0231,1.7072,0.09229999780654907,0.2538,0.3691,1.1535,1.8802,1.7187,1.1535,2026-08-09
bw1-71,Zoroark,holofoil,Black & White,71,Rare Holo,Naoki Saito,Stage 1,571,Pokémon,2011/04/25,"tcgplayer,cardmarket",https://prices.pokemontcg.io/tcgplayer/bw1-71,https://images.pokemontcg.io/bw1/71_hires.png,2026/08/08,2026/02/01,4.64,3.0,4.75,52.63,,9.04,,,,4.0257,0.1154,3.8181,5.756,3.4605000019073486,2.803,3.0222,1.7187,4.1065,3.8412,1.1535,2026-08-09
xy3-61,Tyrunt,normal,Furious Fists,61,Uncommon,5ban Graphics,Restored,696,Pokémon,2014/08/13,"tcgplayer,cardmarket",https://prices.pokemontcg.io/tcgplayer/xy3-61,https://images.pokemontcg.io/xy3/61_hires.png,2026/08/08,2026/02/04,3.66,0.6600000262260437,2.890000104904175,40.1,,8.16,,,,4.3372,0.173,7.417,14.661,4.1757001876831055,5.3753,4.3602,3.4605,11.7196,6.1943,1.1535,2026-08-09
dp2-67,Unown [T],normal,Mysterious Treasures,67,Uncommon,Kazuyuki Kano,Basic,201,Pokémon,2007/08/01,"tcgplayer,cardmarket",https://prices.pokemontcg.io/tcgplayer/dp2-67,https://images.pokemontcg.io/dp2/67_hires.png,2026/08/08,2026/02/04,1.1,0.5,1.100000023841858,96.8,,4.5,,,,0.4499,0.0231,0.4383,1.7187,0.23070000112056732,0.4268,0.4037,1.7302,1.638,1.9033,1.1535,2026-08-09
xy4-67,Florges-EX,holofoil,Phantom Forces,67,Rare Holo EX,Eske Yoshinob,Basic|EX,671,Pokémon,2014/11/05,"tcgplayer,cardmarket",https://prices.pokemontcg.io/tcgplayer/xy4-67,https://images.pokemontcg.io/xy4/67_hires.png,2026/08/08,2026/02/04,5.93,4.099999904632568,5.690000057220459,54.54,,,,,,5.5599,1.1535,5.4791,0.0,8.062999725341797,5.4099,5.2715,1.6149,3.9219,3.2183,1.1535,2026-08-09
swshp-SWSH068,Snorlax,holofoil,SWSH Black Star Promos,SWSH068,Promo,Narumi Sato,Basic,143,Pokémon,2019/11/15,"tcgplayer,cardmarket",https://prices.pokemontcg.io/tcgplayer/swshp-SWSH068,https://images.pokemontcg.io/swshp/SWSH068_hires.png,2026/07/23,2026/01/19,249.99,299.989990234375,299.989990234375,299.99,,,,,,46.636,10.3815,38.5154,0.0,25.37700080871582,22.2049,40.6724,22.9546,16.0452,15.9414,1.1535,2026-08-09
dp7-66,Magnemite,normal,Stormfront,66,Common,Aya Kusube,Basic,81,Pokémon,2008/11/01,"tcgplayer,cardmarket",https://prices.pokemontcg.io/tcgplayer/dp7-66,https://images.pokemontcg.io/dp7/66_hires.png,2026/08/08,2026/02/19,0.41,0.10000000149011612,0.3700000047683716,19.98,,2.73,,,,0.2884,0.0231,0.2999,0.6575,0.05770000070333481,0.2192,0.2653,0.4499,1.1535,0.9574,1.1535,2026-08-09
xyp-XY65,Latios,holofoil,XY Black Star Promos,XY65,Promo,Masakazu Fukuda,Basic,381,Pokémon,2013/10/12,"tcgplayer,cardmarket",https://prices.pokemontcg.io/tcgplayer/xyp-XY65,https://images.pokemontcg.io/xyp/XY65_hires.png,2026/08/08,2026/02/04,14.79,2.0,9.0,54.8,,,,,,9.2511,2.2955,9.9316,0.0,9.170299530029297,9.2511,7.59,1.4995,2.6415,2.3877,1.1535,2026-08-09
bw4-78,Jigglypuff,normal,Next Destinies,78,Uncommon,sui,Basic,39,Pokémon,2012/02/08,"tcgplayer,cardmarket",https://prices.pokemontcg.io/tcgplayer/bw4-78,https://images.pokemontcg.io/bw4/78_hires.png,2026/08/08,2026/01/21,1.06,0.6499999761581421,1.059999942779541,19.98,,5.2,,,,0.3922,0.0231,0.4499,0.9228,0.05770000070333481,0.4383,0.4153,0.9228,0.8074,0.9574,1.1535,2026-08-09
bw11-76,Reuniclus,normal,Legendary Treasures,76,Rare,Kyoko Umemoto,Stage 2,579,Pokémon,2013/11/06,"tcgplayer,cardmarket",https://prices.pokemontcg.io/tcgplayer/bw11-76,https://images.pokemontcg.io/bw11/76_hires.png,2026/08/08,2026/02/04,0.69,0.25,0.6200000047683716,19.99,,4.14,,,,0.9574,0.0577,0.7959,6.921,0.57669997215271,0.8421,0.7613,6.921,5.9867,3.2759,1.1535,2026-08-09
ex9-73,Whismur,normal,Emerald,73,Common,Hajime Kusajima,Basic,293,Pokémon,2005/05/01,"tcgplayer,cardmarket",https://prices.pokemontcg.io/tcgplayer/ex9-73,https://images.pokemontcg.io/ex9/73_hires.png,2026/08/08,2026/02/04,0.55,0.3499999940395355,0.550000011920929,19.98,,15.0,,,,0.3691,0.0231,0.2768,4.614,0.28839999437332153,0.346,0.3345,2.8838,4.1641,3.8412,1.1535,2026-08-09
ex16-66,Swablu,normal,Power Keepers,66,Common,Ken Sugimori,Basic,333,Pokémon,2007/02/02,"tcgplayer,cardmarket",https://prices.pokemontcg.io/tcgplayer/ex16-66,https://images.pokemontcg.io/ex16/66_hires.png,2026/08/08,2026/02/22,0.46,0.20000000298023224,0.4000000059604645,19.98,,17.92,,,,0.2192,0.0231,0.0231,3.1837,0.20759999752044678,0.2538,0.5075,4.6025,3.2875,4.2795,1.1535,2026-08-09
ex7-72,Rattata,normal,Team Rocket Returns,72,Common,Naoyo Kimura,Basic,19,Pokémon,2004/11/01,"tcgplayer,cardmarket",https://prices.pokemontcg.io/tcgplayer/ex7-72,https://images.pokemontcg.io/ex7/72_hires.png,2026/08/08,2026/02/01,1.67,0.550000011920929,1.5,18.4,,47.98,,,,1.3035,0.0346,0.9459,17.2448,0.46140000224113464,0.323,0.5883,17.2448,10.7852,14.2227,1.1535,2026-08-09
pl1-74,Electrike,normal,Platinum,74,Common,Miki Tanaka,Basic,309,Pokémon,2009/02/11,"tcgplayer,cardmarket",https://prices.pokemontcg.io/tcgplayer/pl1-74,https://images.pokemontcg.io/pl1/74_hires.png,2026/08/08,2026/02/01,0.38,0.15000000596046448,0.36000001430511475,18.74,,1.59,,,,0.2076,0.0231,0.1846,2.1916,0.05770000070333481,0.1269,0.1615,0.1154,1.6956,1.0497,1.1535,2026-08-09
pl4-75,Snorunt,normal,Arceus,75,Common,Yuka Morii,Basic,361,Pokémon,2009/11/04,"tcgplayer,cardmarket",https://prices.pokemontcg.io/tcgplayer/pl4-75,https://images.pokemontcg.io/pl4/75_hires.png,2026/08/08,2026/02/01,3.75,1.850000023841858,4.010000228881836,27.26,,39.0,,,,0.4499,0.0231,0.4614,2.9876,0.40369999408721924,0.3114,0.3691,2.9876,2.8491,2.6877,1.1535,2026-08-09
ecard3-40,Noctowl,normal,Skyridge,40,Uncommon,Atsuko Nishida,Stage 1,164,Pokémon,2003/05/12,"tcgplayer,cardmarket",https://prices.pokemontcg.io/tcgplayer/ecard3-40,https://images.pokemontcg.io/ecard3/40_hires.png,2026/08/08,2026/02/04,15.14,15.0,47.75,166.34,,149.99,,,,3.3451,0.5767,3.6451,14.9955,3.4605000019073486,3.968,3.2529,5.7675,15.7337,13.692,1.1535,2026-08-09
neo2-66,Tyrogue,unlimited,Neo Discovery,66,Common,Miki Tanaka,Baby,236,Pokémon,2001/06/01,"tcgplayer,cardmarket",https://prices.pokemontcg.io/tcgplayer/neo2-66,https://images.pokemontcg.io/neo2/66_hires.png,2026/08/08,2026/06/21,1.15,0.30000001192092896,0.8600000143051147,35.0,,,,,"{""1stEdition"": {""low"": 1.75, ""mid"": 3.41, ""high"": 34.32, ""market"": 3.03, ""directLow"": null}}",0.4499,0.0231,0.5421,0.0,0.41530001163482666,0.5075,0.4499,0.0,0.0,0.0,1.1535,2026-08-09
bw8-72,Donphan,normal,Plasma Storm,72,Uncommon,Shin Nagasawa,Stage 1,232,Pokémon,2013/02/06,"tcgplayer,cardmarket",https://prices.pokemontcg.io/tcgplayer/bw8-72,https://images.pokemontcg.io/bw8/72_hires.png,2026/08/08,2026/01/19,0.76,0.20000000298023224,0.75,19.98,,2.28,,,,1.0035,0.0231,0.9113,0.0,0.6805999875068665,1.0728,0.7844,2.5954,2.0071,2.0186,1.1535,2026-08-09
swsh35-77,Kabu,holofoil,Champion's Path,77,Rare Rainbow,Hitoshi Ariga,Supporter,,Trainer,2020/09/25,"tcgplayer,cardmarket",https://prices.pokemontcg.io/tcgplayer/swsh35-77,https://images.pokemontcg.io/swsh35/77_hires.png,2026/08/08,2026/01/21,2.73,1.5,3.4600000381469727,25.99,,,,,,5.9521,2.1916,5.2715,0.0,8.07450008392334,5.6752,5.779,14.9955,13.692,16.4604,1.1535,2026-08-09
sm4-64,Mawile,normal,Crimson Invasion,64,Uncommon,tetsuya koizumi,Basic,303,Pokémon,2017/11/03,"tcgplayer,cardmarket",https://prices.pokemontcg.io/tcgplayer/sm4-64,https://images.pokemontcg.io/sm4/64_hires.png,2026/08/08,2026/01/21,0.28,0.03999999910593033,0.25,19.98,,0.43,,,,0.0692,0.0231,0.0692,0.2653,0.05770000070333481,0.0692,0.0807,0.5652,0.3345,0.3922,1.1535,2026-08-09
bw6-72,Murkrow,normal,Dragons Exalted,72,Common,Naoyo Kimura,Basic,198,Pokémon,2012/08/15,"tcgplayer,cardmarket",https://prices.pokemontcg.io/tcgplayer/bw6-72,https://images.pokemontcg.io/bw6/72_hires.png,2026/08/08,2026/02/01,0.4,0.10000000149011612,0.36000001430511475,1000.0,,2.66,,,,0.1615,0.0231,0.1615,0.7152,0.05770000070333481,0.1615,0.1615,1.7072,0.8305,0.669,1.1535,2026-08-09
pl2-70,Munchlax,normal,Rising Rivals,70,Common,Kagemaru Himeno,Basic,446,Pokémon,2009/05/16,"tcgplayer,cardmarket",https://prices.pokemontcg.io/tcgplayer/pl2-70,https://images.pokemontcg.io/pl2/70_hires.png,2026/08/08,2026/02/19,10.99,5.849999904632568,8.0,148.45,,,,,,0.646,0.0231,0.6114,3.9104,0.19609999656677246,0.669,0.646,5.1907,6.8979,5.4215,1.1535,2026-08-09
sm7-73,Donphan,normal,Celestial Storm,73,Uncommon,Ken Sugimori,Stage 1,232,Pokémon,2018/08/03,"tcgplayer,cardmarket",https://prices.pokemontcg.io/tcgplayer/sm7-73,https://images.pokemontcg.io/sm7/73_hires.png,2026/08/08,2026/01/19,0.34,0.09000000357627869,0.3499999940395355,19.98,,0.39,,,,0.2422,0.0231,0.2538,0.173,0.40369999408721924,0.2192,0.2076,0.173,0.4153,0.5191,1.1535,2026-08-09
hgss4-71,Pidgey,normal,HS—Triumphant,71,Common,Suwama Chiaki,Basic,16,Pokémon,2010/11/03,"tcgplayer,cardmarket",https://prices.pokemontcg.io/tcgplayer/hgss4-71,https://images.pokemontcg.io/hgss4/71_hires.png,2026/08/08,2026/02/04,0.72,0.18000000715255737,0.5,1.57,,8.96,,,,0.323,0.0231,0.1961,1.8225,0.23070000112056732,0.2884,0.3576,1.6034,1.6726,1.638,1.1535,2026-08-09
bw3-68,Stunfisk,normal,Noble Victories,68,Uncommon,Midori Harada,Basic,618,Pokémon,2011/11/16,"tcgplayer,cardmarket",https://prices.pokemontcg.io/tcgplayer/bw3-68,https://images.pokemontcg.io/bw3/68_hires.png,2026/08/08,2026/02/19,0.46,0.25,0.46000000834465027,19.98,,1.34,,,,0.2192,0.0231,0.346,0.6921,0.17299999296665192,0.2884,0.4614,0.6921,0.7152,1.0843,1.1535,2026-08-09
sm8-70,Bruxish,normal,Lost Thunder,70,Common,tetsuya koizumi,Basic,779,Pokémon,2018/11/02,"tcgplayer,cardmarket",https://prices.pokemontcg.io/tcgplayer/sm8-70,https://images.pokemontcg.io/sm8/70_hires.png,2026/08/08,2026/01/19,0.15,0.03999999910593033,0.20000000298023224,19.98,,0.33,,,,0.0577,0.0231,0.0577,0.2076,0.05770000070333481,0.0692,0.0692,0.1154,0.5075,0.3576,1.1535,2026-08-09
sm3-70,Riolu,normal,Burning Shadows,70,Common,Saya Tsuruta,Basic,447,Pokémon,2017/08/05,"tcgplayer,cardmarket",https://prices.pokemontcg.io/tcgplayer/sm3-70,https://images.pokemontcg.io/sm3/70_hires.png,2026/08/08,2026/01/19,0.24,0.03999999910593033,0.25,19.98,,0.5,,,,0.0923,0.0231,0.0807,0.3576,0.04610000178217888,0.0692,0.0923,0.4614,0.3807,0.346,1.1535,2026-08-09
sm35-64,Pokémon Catcher,normal,Shining Legends,64,Uncommon,Toyste Beach,Item,,Trainer,2017/10/06,"tcgplayer,cardmarket",https://prices.pokemontcg.io/tcgplayer/sm35-64,https://images.pokemontcg.io/sm35/64_hires.png,2026/08/08,2026/01/26,0.14,0.009999999776482582,0.20999999344348907,19.98,,0.31,,,,0.0807,0.0231,0.0923,0.2768,0.12690000236034393,0.1038,0.0807,0.4614,0.3576,0.3345,1.1535,2026-08-09
sma-SV67,Lycanroc-GX,holofoil,Hidden Fates Shiny Vault,SV67,Rare Shiny GX,5ban Graphics,Stage 1|GX,745,Pokémon,2019/08/23,"tcgplayer,cardmarket",https://prices.pokemontcg.io/tcgplayer/sma-SV67,https://images.pokemontcg.io/sma/SV67_hires.png,2026/08/08,2026/01/21,20.75,14.149999618530273,20.739999771118164,366.19,,,,,,8.9512,8.0745,8.7435,0.0,8.8818998336792,9.1242,10.2431,13.7151,15.4915,17.2564,1.1535,2026-08-09
ex12-77,Strange Cave,normal,Legend Maker,77,Uncommon,Ryo Ueda,Stadium,,Trainer,2006/02/01,"tcgplayer,cardmarket",https://prices.pokemontcg.io/tcgplayer/ex12-77,https://images.pokemontcg.io/ex12/77_hires.png,2026/08/08,2026/02/01,0.81,0.3499999940395355,0.6600000262260437,19.98,,10.32,,,,0.5306,0.0346,0.5767,3.1145,0.11540000140666962,0.4845,0.5421,3.1145,3.8412,5.5253,1.1535,2026-08-09
bw9-74,Bisharp,normal,Plasma Freeze,74,Uncommon,5ban Graphics,Stage 1|Team Plasma,625,Pokémon,2013/05/08,"tcgplayer,cardmarket",https://prices.pokemontcg.io/tcgplayer/bw9-74,https://images.pokemontcg.io/bw9/74_hires.png,2026/08/08,2026/01/19,0.52,0.25,0.5600000023841858,19.99,,4.54,,,,0.5306,0.0231,0.5767,0.0,0.2653000056743622,0.5075,0.5191,1.1535,2.976,1.8917,1.1535,2026-08-09
xy6-70,Taillow,normal,Roaring Skies,70,Common,Atsuko Nishida,Basic,276,Pokémon,2015/05/06,"tcgplayer,cardmarket",https://prices.pokemontcg.io/tcgplayer/xy6-70,https://images.pokemontcg.io/xy6/70_hires.png,2026/08/08,2026/01/21,0.17,0.009999999776482582,0.20000000298023224,19.98,,0.34,,,,0.0923,0.0231,0.0923,0.3691,0.10379999876022339,0.1038,0.0807,1.0958,0.4614,0.3114,1.1535,2026-08-09
ecard1-66,Tyranitar,normal,Expedition Base Set,66,Rare,Kimiya Masago,Stage 2,248,Pokémon,2002/09/15,"tcgplayer,cardmarket",https://prices.pokemontcg.io/tcgplayer/ecard1-66,https://images.pokemontcg.io/ecard1/66_hires.png,2026/08/08,2026/02/19,95.2,74.0,699.989990234375,1212.88,,115.0,,,,11.5235,1.7187,11.0851,39.4728,2.306999921798706,11.6273,10.22,183.4065,51.5153,39.715,1.1535,2026-08-09
ex6-70,Nidoran ♀,normal,FireRed & LeafGreen,70,Common,Naoyo Kimura,Basic,29,Pokémon,2004/09/01,"tcgplayer,cardmarket",https://prices.pokemontcg.io/tcgplayer/ex6-70,https://images.pokemontcg.io/ex6/70_hires.png,2026/08/08,2026/02/04,0.55,0.28999999165534973,0.550000011920929,20.55,,10.31,,,,0.819,0.0231,0.6575,5.4561,0.2768000066280365,0.6806,0.6114,6.3442,5.9982,4.4871,1.1535,2026-08-09
neo4-74,Mantine,unlimited,Neo Destiny,74,Common,Yukiko Baba,Basic,226,Pokémon,2002/02/28,"tcgplayer,cardmarket",https://prices.pokemontcg.io/tcgplayer/neo4-74,https://images.pokemontcg.io/neo4/74_hires.png,2026/08/08,2026/02/04,1.31,0.5,1.2400000095367432,22.49,,,,,"{""1stEdition"": {""low"": 0.74, ""mid"": 5.1, ""high"": 39.56, ""market"": 3.5, ""directLow"": null}}",1.142,0.0577,1.3727,0.0,0.40369999408721924,1.1535,1.0381,0.0,0.0,0.0,1.1535,2026-08-09
dp5-70,Pikachu,normal,Majestic Dawn,70,Common,Daisuke Ito,Basic,25,Pokémon,2008/05/01,"tcgplayer,cardmarket",https://prices.pokemontcg.io/tcgplayer/dp5-70,https://images.pokemontcg.io/dp5/70_hires.png,2026/08/08,2026/02/19,8.84,2.7699999809265137,8.0,41.54,,63.74,,,,1.2112,0.0461,1.3265,15.3762,1.0497000217437744,1.0497,1.2919,11.5235,19.771,17.1179,1.1535,2026-08-09
sm9-76,Omastar,holofoil,Team Up,76,Rare Holo,kirisAki,Stage 2,139,Pokémon,2019/02/01,"tcgplayer,cardmarket",https://prices.pokemontcg.io/tcgplayer/sm9-76,https://images.pokemontcg.io/sm9/76_hires.png,2026/08/08,2026/01/19,1.37,0.5,1.25,3.99,,1.47,,,,1.5572,0.4383,1.8571,2.1916,1.0843000411987305,1.7533,1.9148,1.142,2.3993,2.1801,1.1535,2026-08-09
ex10-73,Slugma,normal,Unseen Forces,73,Common,Tomokazu Komiya,Basic,218,Pokémon,2005/08/01,"tcgplayer,cardmarket",https://prices.pokemontcg.io/tcgplayer/ex10-73,https://images.pokemontcg.io/ex10/73_hires.png,2026/08/08,2026/02/04,0.83,0.2199999988079071,0.8199999928474426,19.98,,65.0,,,,0.3922,0.0231,0.4383,3.2644,0.8881999850273132,0.4383,0.346,1.1535,3.4144,6.102,1.1535,2026-08-09
dp3-78,Burmy Plant Cloak,normal,Secret Wonders,78,Common,Kouki Saitou,Basic,412,Pokémon,2007/11/01,"tcgplayer,cardmarket",https://prices.pokemontcg.io/tcgplayer/dp3-78,https://images.pokemontcg.io/dp3/78_hires.png,2026/08/08,2026/01/19,0.64,0.1599999964237213,0.5899999737739563,19.22,,1.98,,,,0.6806,0.0461,0.3114,9.8278,0.28839999437332153,0.323,0.646,0.6344,4.118,1.7649,1.1535,2026-08-09
sm11-69,Tapu Koko,holofoil,Unified Minds,69,Rare Holo,Shin Nagasawa,Basic,785,Pokémon,2019/08/02,"tcgplayer,cardmarket",https://prices.pokemontcg.io/tcgplayer/sm11-69,https://images.pokemontcg.io/sm11/69_hires.png,2026/08/08,2026/02/01,0.54,0.30000001192092896,0.5400000214576721,19.98,,0.54,,,,1.2804,0.1154,1.1881,0.5767,0.46140000224113464,1.1881,0.9689,0.5767,1.315,1.3265,1.1535,2026-08-09
xy2-83,Miltank,normal,Flashfire,83,Uncommon,Kanako Eo,Basic,241,Pokémon,2014/05/07,"tcgplayer,cardmarket",https://prices.pokemontcg.io/tcgplayer/xy2-83,https://images.pokemontcg.io/xy2/83_hires.png,2026/08/08,2026/01/16,0.4,0.1899999976158142,0.4000000059604645,19.98,,3.72,,,,0.1269,0.0231,0.1269,1.0151,0.05770000070333481,0.15,0.2076,1.0381,1.0728,1.0035,1.1535,2026-08-09
base5-70,Zubat,unlimited,Team Rocket,70,Common,Mitsuhiro Arita,Basic,41,Pokémon,2000/04/24,"tcgplayer,cardmarket",https://prices.pokemontcg.io/tcgplayer/base5-70,https://images.pokemontcg.io/base5/70_hires.png,2026/08/08,2026/02/22,0.64,0.20000000298023224,0.550000011920929,50.0,,,,,"{""1stEdition"": {""low"": 0.75, ""mid"": 2.0, ""high"": 19.99, ""market"": 2.36, ""directLow"": 1.27}}",0.7959,0.0231,0.8882,0.0,0.7958999872207642,0.646,0.7382,0.1384,0.5421,0.5421,1.1535,2026-08-09
bw10-79,Cover Fossil,normal,Plasma Blast,79,Uncommon,Ryo Ueda,Item,,Trainer,2013/08/14,"tcgplayer,cardmarket",https://prices.pokemontcg.io/tcgplayer/bw10-79,https://images.pokemontcg.io/bw10/79_hires.png,2026/08/08,2026/01/16,0.35,0.10000000149011612,0.30000001192092896,19.98,,0.73,,,,0.2768,0.0231,0.2653,0.0,0.46140000224113464,0.2768,0.2422,0.9113,1.1766,0.5998,1.1535,2026-08-09
dp6-72,Swalot,normal,Legends Awakened,72,Uncommon,Midori Harada,Stage 1,317,Pokémon,2008/08/01,"tcgplayer,cardmarket",https://prices.pokemontcg.io/tcgplayer/dp6-72,https://images.pokemontcg.io/dp6/72_hires.png,2026/08/08,2026/02/04,1.14,0.5,0.9900000095367432,17.48,,2.01,,,,0.5537,0.0231,0.7959,0.5767,0.8651000261306763,0.6229,0.5767,0.5767,1.3957,1.1881,1.1535,2026-08-09
swsh3-68,Wigglytuff,normal,Darkness Ablaze,68,Rare,Lee HyunJung,Stage 1,40,Pokémon,2020/08/14,"tcgplayer,cardmarket",https://prices.pokemontcg.io/tcgplayer/swsh3-68,https://images.pokemontcg.io/swsh3/68_hires.png,2026/08/08,2026/01/19,0.31,0.05999999865889549,0.30000001192092896,2.56,,0.58,,,,0.2422,0.0231,0.2538,0.5075,0.17299999296665192,0.2999,0.2076,0.5652,0.4845,0.669,1.1535,2026-08-09
bw2-66,Zorua,normal,Emerging Powers,66,Uncommon,Shin Nagasawa,Basic,570,Pokémon,2011/08/31,"tcgplayer,cardmarket",https://prices.pokemontcg.io/tcgplayer/bw2-66,https://images.pokemontcg.io/bw2/66_hires.png,2026/08/08,2026/01/21,0.46,0.23000000417232513,0.4300000071525574,19.98,,1.13,,,,0.2768,0.0231,0.2538,1.0266,0.6920999884605408,0.2768,0.2999,1.1535,1.5572,0.9459,1.1535,2026-08-09
ex13-74,Omanyte δ,normal,Holon Phantoms,74,Common,Kagemaru Himeno,Stage 1,138,Pokémon,2006/05/01,"tcgplayer,cardmarket",https://prices.pokemontcg.io/tcgplayer/ex13-74,https://images.pokemontcg.io/ex13/74_hires.png,2026/08/08,2026/02/04,0.92,0.5,0.8500000238418579,19.98,,21.87,,,,0.3922,0.0231,0.496,15.7568,0.46140000224113464,0.3691,0.4153,14.9955,14.3149,9.2049,1.1535,2026-08-09
base4-73,Drowzee,normal,Base Set 2,73,Common,Ken Sugimori,Basic,96,Pokémon,2000/02/24,"tcgplayer,cardmarket",https://prices.pokemontcg.io/tcgplayer/base4-73,https://images.pokemontcg.io/base4/73_hires.png,2026/08/08,2026/02/22,0.55,0.14000000059604645,0.5199999809265137,15.86,,,,,,0.5421,0.1154,0.6229,0.0,0.1615000069141388,0.496,0.496,0.2884,0.2884,0.2884,1.1535,2026-08-09
dp2-68,Vigoroth,normal,Mysterious Treasures,68,Uncommon,Masakazu Fukuda,Stage 1,288,Pokémon,2007/08/01,"tcgplayer,cardmarket",https://prices.pokemontcg.io/tcgplayer/dp2-68,https://images.pokemontcg.io/dp2/68_hires.png,2026/08/08,2026/02/04,0.38,0.12999999523162842,0.3499999940395355,19.98,,2.43,,,,0.6921,0.0231,0.5537,0.2076,0.34599998593330383,0.496,0.3114,2.2493,0.7728,1.2573,1.1535,2026-08-09
bw3-69,Mienfoo,normal,Noble Victories,69,Common,match,Basic,619,Pokémon,2011/11/16,"tcgplayer,cardmarket",https://prices.pokemontcg.io/tcgplayer/bw3-69,https://images.pokemontcg.io/bw3/69_hires.png,2026/08/08,2026/02/19,0.25,0.15000000596046448,0.30000001192092896,19.98,,0.84,,,,0.1269,0.0231,0.15,0.6921,0.13840000331401825,0.1269,0.2076,0.7036,0.496,0.7613,1.1535,2026-08-09
neo4-75,Mareep,unlimited,Neo Destiny,75,Common,Kagemaru Himeno,Basic,179,Pokémon,2002/02/28,"tcgplayer,cardmarket",https://prices.pokemontcg.io/tcgplayer/neo4-75,https://images.pokemontcg.io/neo4/75_hires.png,2026/08/08,2026/02/04,2.57,1.0,1.600000023841858,29.99,,,,,"{""1stEdition"": {""low"": 5.99, ""mid"": 10.0, ""high"": 43.1, ""market"": 5.59, ""directLow"": null}}",1.7533,0.0577,2.4339,0.0,6.8403000831604,3.1029,1.7187,0.0,0.0,0.0,1.1535,2026-08-09
dp1-76,Chimchar,normal,Diamond & Pearl,76,Common,Ken Sugimori,Basic,390,Pokémon,2007/05/01,"tcgplayer,cardmarket",https://prices.pokemontcg.io/tcgplayer/dp1-76,https://images.pokemontcg.io/dp1/76_hires.png,2026/08/08,2026/02/04,0.53,0.10000000149011612,0.46000000834465027,18.66,,6.19,,,,2.8376,0.5767,2.1224,0.0,1.7302000522613525,2.2724,1.7879,0.0,0.0,0.0,1.1535,2026-08-09
base6-69,Caterpie,normal,Legendary Collection,69,Common,Ken Sugimori,Basic,10,Pokémon,2002/05/24,"tcgplayer,cardmarket",https://prices.pokemontcg.io/tcgplayer/base6-69,https://images.pokemontcg.io/base6/69_hires.png,2026/08/08,2026/02/19,1.1,0.1899999976158142,0.9900000095367432,19.98,,99.95,,,,0.2884,0.1154,0.3114,99.201,0.57669997215271,0.3922,0.3345,43.7176,67.8719,42.0451,1.1535,2026-08-09
sm5-74,Weavile,holofoil,Ultra Prism,74,Rare Holo,Misa Tsutsui,Stage 1,461,Pokémon,2018/02/02,"tcgplayer,cardmarket",https://prices.pokemontcg.io/tcgplayer/sm5-74,https://images.pokemontcg.io/sm5/74_hires.png,2026/08/08,2026/01/19,3.73,1.4500000476837158,3.5399999618530273,31.18,,4.61,,,,1.0266,0.2884,0.9574,1.7879,0.9228000044822693,1.0497,1.142,2.134,1.5342,1.6495,1.1535,2026-08-09
bw6-73,Honchkrow,normal,Dragons Exalted,73,Rare,Shin Nagasawa,Stage 1,430,Pokémon,2012/08/15,"tcgplayer,cardmarket",https://prices.pokemontcg.io/tcgplayer/bw6-73,https://images.pokemontcg.io/bw6/73_hires.png,2026/08/08,2026/02/01,0.71,0.44999998807907104,0.75,19.98,,1.15,,,,0.2538,0.0231,0.2653,1.7187,1.038100004196167,0.4614,0.7844,1.0958,1.8687,1.4534,1.1535,2026-08-09
sm9-77,Kabuto,normal,Team Up,77,Uncommon,sui,Stage 1,140,Pokémon,2019/02/01,"tcgplayer,cardmarket",https://prices.pokemontcg.io/tcgplayer/sm9-77,https://images.pokemontcg.io/sm9/77_hires.png,2026/08/08,2026/01/19,0.32,0.10000000149011612,0.3199999928474426,18.74,,0.74,,,,0.15,0.0231,0.1961,0.9459,0.11540000140666962,0.2307,0.1615,3.449,0.992,0.992,1.1535,2026-08-09
xy12-70,Chansey,holofoil,Evolutions,70,Rare Holo,Ken Sugimori,Basic,113,Pokémon,2016/11/02,"tcgplayer,cardmarket",https://prices.pokemontcg.io/tcgplayer/xy12-70,https://images.pokemontcg.io/xy12/70_hires.png,2026/08/08,2026/02/01,3.55,0.9800000190734863,3.0,39.73,,3.06,,,,4.8447,1.1535,5.26,5.3984,5.352200031280518,5.5137,5.1215,2.8722,5.6175,4.9831,1.1535,2026-08-09
swshp-SWSH069,Lugia,holofoil,SWSH Black Star Promos,SWSH069,Promo,kodama,Basic,249,Pokémon,2019/11/15,"tcgplayer,cardmarket",https://prices.pokemontcg.io/tcgplayer/swshp-SWSH069,https://images.pokemontcg.io/swshp/SWSH069_hires.png,2026/08/08,2026/01/19,47.25,49.58000183105469,60.0,146.97,,,,,,57.1098,20.6476,40.7993,0.0,23.012300491333008,34.1205,37.581,57.675,119.2258,54.4106,1.1535,2026-08-09
ex5-67,Minun,normal,Hidden Legends,67,Common,Kagemaru Himeno,Basic,312,Pokémon,2004/06/01,"tcgplayer,cardmarket",https://prices.pokemontcg.io/tcgplayer/ex5-67,https://images.pokemontcg.io/ex5/67_hires.png,2026/08/08,2026/02/19,32.3,26.31999969482422,34.9900016784668,269.95,,89.95,,,,5.6406,0.0577,5.2715,13.2076,3.4605000019073486,4.4756,5.6983,17.3025,10.8429,14.3841,1.1535,2026-08-09
ecard3-41,Omanyte,normal,Skyridge,41,Uncommon,Yukiko Baba,Stage 1,138,Pokémon,2003/05/12,"tcgplayer,cardmarket",https://prices.pokemontcg.io/tcgplayer/ecard3-41,https://images.pokemontcg.io/ecard3/41_hires.png,2026/08/08,2026/02/04,23.42,33.970001220703125,124.44999694824219,266.88,,111.05,,,,3.9796,1.1535,3.3451,28.8375,3.7488999366760254,3.4144,3.449,28.8375,16.6796,10.6237,1.1535,2026-08-09
xyp-XY66,Rayquaza-EX,holofoil,XY Black Star Promos,XY66,Promo,5ban Graphics,Basic|EX,384,Pokémon,2013/10/12,"tcgplayer,cardmarket",https://prices.pokemontcg.io/tcgplayer/xyp-XY66,https://images.pokemontcg.io/xyp/XY66_hires.png,2026/08/08,2026/02/04,60.82,35.95000076293945,298.0,349.88,,,,,,22.9546,5.7675,19.4595,0.0,5.75600004196167,15.3531,17.6947,40.2571,15.2608,8.2014,1.1535,2026-08-09
bw11-77,Chandelure-EX,holofoil,Legendary Treasures,77,Rare Holo EX,Ryo Ueda,Basic|EX,609,Pokémon,2013/11/06,"tcgplayer,cardmarket",https://prices.pokemontcg.io/tcgplayer/bw11-77,https://images.pokemontcg.io/bw11/77_hires.png,2026/08/08,2026/02/04,10.59,8.0,10.8100004196167,92.55,,,,,,11.2812,8.0745,10.1047,0.0,6.45959997177124,10.5315,9.0088,8.6397,8.8127,8.8704,1.1535,2026-08-09
dp7-67,Magnemite,normal,Stormfront,67,Common,Kent Kanetsuna,Basic,81,Pokémon,2008/11/01,"tcgplayer,cardmarket",https://prices.pokemontcg.io/tcgplayer/dp7-67,https://images.pokemontcg.io/dp7/67_hires.png,2026/08/08,2026/02/19,0.43,0.1899999976158142,0.3700000047683716,19.98,,3.33,,,,0.1384,0.0231,0.1615,0.0,0.23070000112056732,0.173,0.1961,0.8651,0.8074,0.669,1.1535,2026-08-09
sma-SV68,Buzzwole-GX,holofoil,Hidden Fates Shiny Vault,SV68,Rare Shiny GX,5ban Graphics,Basic|GX|Ultra Beast,794,Pokémon,2019/08/23,"tcgplayer,cardmarket",https://prices.pokemontcg.io/tcgplayer/sma-SV68,https://images.pokemontcg.io/sma/SV68_hires.png,2026/08/08,2026/01/19,13.59,9.079999923706055,15.0,168.9,,,,,,6.6096,5.7675,6.6672,0.0,6.609600067138672,7.0594,6.5173,8.3629,8.086,9.4241,1.1535,2026-08-09
xy11-77,Azumarill,normal,Steam Siege,77,Uncommon,Sanosuke Sakuma,Stage 1,184,Pokémon,2016/08/03,"tcgplayer,cardmarket",https://prices.pokemontcg.io/tcgplayer/xy11-77,https://images.pokemontcg.io/xy11/77_hires.png,2026/08/08,2026/01/19,1.6,0.20000000298023224,1.5099999904632568,9.99,,12.25,,,,0.7036,0.0577,1.0843,16.8642,0.19609999656677246,1.6956,1.0381,9.228,14.0496,8.5936,1.1535,2026-08-09
ex15-63,Shellder δ,normal,Dragon Frontiers,63,Common,Hisao Nakamura,Basic,90,Pokémon,2006/11/01,"tcgplayer,cardmarket",https://prices.pokemontcg.io/tcgplayer/ex15-63,https://images.pokemontcg.io/ex15/63_hires.png,2026/08/08,2026/02/19,0.83,0.2800000011920929,0.75,19.98,,13.8,,,,0.346,0.0231,0.4153,4.3372,0.20759999752044678,0.3691,0.3345,5.1331,3.6797,3.9565,1.1535,2026-08-09
base5-71,Here Comes Team Rocket!,unlimited,Team Rocket,71,Rare,Ken Sugimori,,,Trainer,2000/04/24,"tcgplayer,cardmarket",https://prices.pokemontcg.io/tcgplayer/base5-71,https://images.pokemontcg.io/base5/71_hires.png,2026/08/08,2026/02/22,9.84,6.0,9.5,99.9,,,,,"{""1stEdition"": {""low"": 10.0, ""mid"": 13.33, ""high"": 197.1, ""market"": 17.82, ""directLow"": null}}",11.1659,3.1491,12.0079,0.0,18.45599937438965,12.2617,11.3966,4.6025,10.3123,6.8403,1.1535,2026-08-09
swsh2-70,Toxtricity V,holofoil,Rebel Clash,70,Rare Holo V,5ban Graphics,Basic|V,849,Pokémon,2020/05/01,"tcgplayer,cardmarket",https://prices.pokemontcg.io/tcgplayer/swsh2-70,https://images.pokemontcg.io/swsh2/70_hires.png,2026/08/08,2026/01/19,1.06,0.5,1.1799999475479126,10.0,,,,,,1.3727,0.4614,1.5342,0.0,1.0728000402450562,1.2573,1.2573,1.4419,2.134,2.2724,1.1535,2026-08-09
ex3-75,Swablu,normal,Dragon,75,Common,Atsuko Nishida,Basic,333,Pokémon,2003/11/24,"tcgplayer,cardmarket",https://prices.pokemontcg.io/tcgplayer/ex3-75,https://images.pokemontcg.io/ex3/75_hires.png,2026/08/08,2026/02/01,2.04,0.8399999737739563,2.0,22.08,,11.96,,,,0.7844,0.0231,0.5075,5.0869,0.17299999296665192,0.323,0.5075,0.9228,3.7835,3.7027,1.1535,2026-08-09
base1-76,Pokémon Breeder,normal,Base,76,Rare,Ken Sugimori,,,Trainer,1999/01/09,"tcgplayer,cardmarket",https://prices.pokemontcg.io/tcgplayer/base1-76,https://images.pokemontcg.io/base1/76_hires.png,2026/08/08,2026/02/19,6.38,3.7100000381469727,5.369999885559082,58.89,,,,,,9.6087,1.7418,10.2431,0.0,9.055000305175781,9.7817,9.9086,2.2839,1.7533,1.7533,1.1535,2026-08-09
gym1-76,Erika's Bellsprout,unlimited,Gym Heroes,76,Common,Ken Sugimori,Basic,69,Pokémon,2000/08/14,"tcgplayer,cardmarket",https://prices.pokemontcg.io/tcgplayer/gym1-76,https://images.pokemontcg.io/gym1/76_hires.png,2026/08/08,2026/02/01,0.72,0.3199999928474426,0.6800000071525574,17.06,,,,,"{""1stEdition"": {""low"": 1.15, ""mid"": 2.26, ""high"": 96.8, ""market"": 2.38, ""directLow"": null}}",0.6575,0.0923,0.4499,0.0,0.6344000101089478,0.5306,0.6806,0.5767,0.5767,0.5767,1.1535,2026-08-09
sm11-70,Xurkitree,normal,Unified Minds,70,Rare,Satoshi Shirai,Basic|Ultra Beast,796,Pokémon,2019/08/02,"tcgplayer,cardmarket",https://prices.pokemontcg.io/tcgplayer/sm11-70,https://images.pokemontcg.io/sm11/70_hires.png,2026/08/08,2026/02/01,2.47,1.4500000476837158,2.9800000190734863,29.99,,2.72,,,,0.8651,0.0577,0.7613,1.3265,0.6920999884605408,0.6921,0.819,0.4614,1.8571,1.4303,1.1535,2026-08-09
ex12-78,Claw Fossil,normal,Legend Maker,78,Common,Ryo Ueda,Item,,Trainer,2006/02/01,"tcgplayer,cardmarket",https://prices.pokemontcg.io/tcgplayer/ex12-78,https://images.pokemontcg.io/ex12/78_hires.png,2026/08/08,2026/02/01,0.34,0.10000000149011612,0.33000001311302185,17.42,,4.41,,,,0.2999,0.0231,0.2076,2.0186,0.05770000070333481,0.1038,0.2192,1.142,2.1109,2.4108,1.1535,2026-08-09
ex4-76,Team Aqua Belt,normal,Team Magma vs Team Aqua,76,Uncommon,Mitsuhiro Arita,Pokémon Tool,,Trainer,2004/03/01,"tcgplayer,cardmarket",https://prices.pokemontcg.io/tcgplayer/ex4-76,https://images.pokemontcg.io/ex4/76_hires.png,2026/08/08,2026/02/19,1.48,0.9900000095367432,1.5,19.98,,6.97,,,,1.5111,0.1615,1.488,1.2112,1.7302000522613525,1.4534,1.3035,5.1907,3.1837,3.3105,1.1535,2026-08-09
ex6-71,Nidoran ♂,normal,FireRed & LeafGreen,71,Common,Hisao Nakamura,Basic,32,Pokémon,2004/09/01,"tcgplayer,cardmarket",https://prices.pokemontcg.io/tcgplayer/ex6-71,https://images.pokemontcg.io/ex6/71_hires.png,2026/08/08,2026/02/04,0.61,0.25,0.6200000047683716,10.56,,9.7,,,,0.346,0.0231,0.5767,50.9847,0.41530001163482666,0.323,0.5998,4.614,72.013,17.5447,1.1535,2026-08-09
sm1-71,Gigalith,holofoil,Sun & Moon,71,Rare Holo,Eske Yoshinob,Stage 2,526,Pokémon,2017/02/03,"tcgplayer,cardmarket",https://prices.pokemontcg.io/tcgplayer/sm1-71,https://images.pokemontcg.io/sm1/71_hires.png,2026/08/08,2026/01/19,0.43,0.10000000149011612,0.4300000071525574,2.99,,0.44,,,,0.4729,0.0231,0.5421,1.2573,0.8651000261306763,0.5537,0.669,0.8074,1.1074,0.9574,1.1535,2026-08-09
bw1-72,Vullaby,normal,Black & White,72,Uncommon,Kagemaru Himeno,Basic,629,Pokémon,2011/04/25,"tcgplayer,cardmarket",https://prices.pokemontcg.io/tcgplayer/bw1-72,https://images.pokemontcg.io/bw1/72_hires.png,2026/08/08,2026/02/01,0.35,0.20999999344348907,0.3499999940395355,2.99,,1.0,,,,0.3114,0.0231,0.3691,0.9228,0.31139999628067017,0.2999,0.3114,0.9228,0.7959,1.2689,1.1535,2026-08-09
hgss3-73,Energy Exchanger,normal,HS—Undaunted,73,Uncommon,Ryo Ueda,Item,,Trainer,2010/08/18,"tcgplayer,cardmarket",https://prices.pokemontcg.io/tcgplayer/hgss3-73,https://images.pokemontcg.io/hgss3/73_hires.png,2026/08/08,2026/02/19,0.34,0.07999999821186066,0.30000001192092896,19.98,,0.49,,,,0.1384,0.0231,0.0807,0.5421,0.023099999874830246,0.0923,0.1269,1.1535,0.6344,0.646,1.1535,2026-08-09
pl2-71,Nidoran ♀,normal,Rising Rivals,71,Common,Miki Tanaka,Basic,29,Pokémon,2009/05/16,"tcgplayer,cardmarket",https://prices.pokemontcg.io/tcgplayer/pl2-71,https://images.pokemontcg.io/pl2/71_hires.png,2026/08/08,2026/02/19,0.57,0.23000000417232513,0.5,19.98,,4.82,,,,0.173,0.0231,0.173,1.6726,0.11540000140666962,0.2884,0.1961,9.8048,3.2759,1.4649,1.1535,2026-08-09
ex10-74,Snubbull,normal,Unseen Forces,74,Common,Midori Harada,Basic,209,Pokémon,2005/08/01,"tcgplayer,cardmarket",https://prices.pokemontcg.io/tcgplayer/ex10-74,https://images.pokemontcg.io/ex10/74_hires.png,2026/08/08,2026/02/04,0.37,0.12999999523162842,0.33000001311302185,19.98,,20.78,,,,0.2653,0.0231,0.5883,6.0213,2.560800075531006,0.646,0.2884,9.1703,5.5945,4.8793,1.1535,2026-08-09
gym2-77,Koga's Ekans,unlimited,Gym Challenge,77,Common,Ken Sugimori,Basic,23,Pokémon,2000/10/16,"tcgplayer,cardmarket",https://prices.pokemontcg.io/tcgplayer/gym2-77,https://images.pokemontcg.io/gym2/77_hires.png,2026/08/08,2026/02/01,1.21,0.20999999344348907,0.949999988079071,15.52,,,,,"{""1stEdition"": {""low"": 1.38, ""mid"": 3.32, ""high"": 100.0, ""market"": 3.33, ""directLow"": null}}",0.9113,0.173,0.6344,0.0,1.1419999599456787,1.0728,0.9805,0.0461,0.0461,0.0461,1.1535,2026-08-09
swsh35-78,Piers,holofoil,Champion's Path,78,Rare Rainbow,kirisAki,Supporter,,Trainer,2020/09/25,"tcgplayer,cardmarket",https://prices.pokemontcg.io/tcgplayer/swsh35-78,https://images.pokemontcg.io/swsh35/78_hires.png,2026/08/08,2026/01/21,4.02,3.2200000286102295,4.989999771118164,96.92,,,,,,5.1446,1.7302,5.2715,0.0,5.605999946594238,5.6752,4.9831,15.5723,12.5847,15.5261,1.1535,2026-08-09
sm8-71,Electabuzz,normal,Lost Thunder,71,Uncommon,Naoyo Kimura,Basic,125,Pokémon,2018/11/02,"tcgplayer,cardmarket",https://prices.pokemontcg.io/tcgplayer/sm8-71,https://images.pokemontcg.io/sm8/71_hires.png,2026/08/08,2026/01/19,0.26,0.11999999731779099,0.25,19.98,,0.41,,,,0.1846,0.0231,0.1846,0.346,0.219200000166893,0.2076,0.173,0.5767,0.4614,0.4729,1.1535,2026-08-09
ecard1-67,Venusaur,normal,Expedition Base Set,67,Rare,Atsuko Nishida,Stage 2,3,Pokémon,2002/09/15,"tcgplayer,cardmarket",https://prices.pokemontcg.io/tcgplayer/ecard1-67,https://images.pokemontcg.io/ecard1/67_hires.png,2026/08/08,2026/02/19,35.04,33.0,51.47999954223633,431.95,,120.66,,,,12.6078,2.2955,13.3345,26.8189,13.842000007629395,10.8775,10.5891,46.0131,22.9316,20.6361,1.1535,2026-08-09
dp6-73,Swellow,normal,Legends Awakened,73,Uncommon,Suwama Chiaki,Stage 1,277,Pokémon,2008/08/01,"tcgplayer,cardmarket",https://prices.pokemontcg.io/tcgplayer/dp6-73,https://images.pokemontcg.io/dp6/73_hires.png,2026/08/08,2026/02/04,0.54,0.23999999463558197,0.4699999988079071,19.98,,1.23,,,,0.7036,0.0577,0.669,0.7728,0.17299999296665192,0.4153,0.4729,1.1304,0.8882,1.2342,1.1535,2026-08-09
xy3-62,Tyrantrum,normal,Furious Fists,62,Rare,5ban Graphics,Stage 1,697,Pokémon,2014/08/13,"tcgplayer,cardmarket",https://prices.pokemontcg.io/tcgplayer/xy3-62,https://images.pokemontcg.io/xy3/62_hires.png,2026/08/08,2026/02/01,8.45,4.0,8.380000114440918,93.7,,17.46,,,,20.2209,11.535,23.3353,24.5811,16.14900016784668,23.3814,16.8065,17.2448,26.1383,20.0132,1.1535,2026-08-09
sm7-74,Larvitar,normal,Celestial Storm,74,Common,Ken Sugimori,Basic,246,Pokémon,2018/08/03,"tcgplayer,cardmarket",https://prices.pokemontcg.io/tcgplayer/sm7-74,https://images.pokemontcg.io/sm7/74_hires.png,2026/08/08,2026/01/19,0.29,0.05999999865889549,0.25,19.98,,0.48,,,,0.1038,0.0231,0.1615,0.323,0.17299999296665192,0.1615,0.1038,0.3114,0.3576,0.4845,1.1535,2026-08-09
neo1-68,Oddish,unlimited,Neo Genesis,68,Common,Sumiyoshi Kizuki,Basic,43,Pokémon,2000/12/16,"tcgplayer,cardmarket",https://prices.pokemontcg.io/tcgplayer/neo1-68,https://images.pokemontcg.io/neo1/68_hires.png,2026/08/08,2026/02/19,0.82,0.25,0.75,25.49,,,,,"{""1stEdition"": {""low"": 1.17, ""mid"": 2.05, ""high"": 27.3, ""market"": 2.05, ""directLow"": null}}",0.646,0.0231,0.5652,0.0,0.9804999828338623,0.5767,0.6114,1.0958,1.0958,1.0958,1.1535,2026-08-09
xy5-77,Rhyperior,holofoil,Primal Clash,77,Rare Holo,TOKIYA,Stage 2,464,Pokémon,2015/02/04,"tcgplayer,cardmarket",https://prices.pokemontcg.io/tcgplayer/xy5-77,https://images.pokemontcg.io/xy5/77_hires.png,2026/08/08,2026/01/16,5.64,2.490000009536743,5.289999961853027,52.1,,10.93,,,,4.7293,2.307,5.6406,3.6912,5.75600004196167,5.3292,6.0097,3.1721,4.4986,6.1482,1.1535,2026-08-09
bw8-73,Lunatone,normal,Plasma Storm,73,Uncommon,Kouji Tajima,Basic,337,Pokémon,2013/02/06,"tcgplayer,cardmarket",https://prices.pokemontcg.io/tcgplayer/bw8-73,https://images.pokemontcg.io/bw8/73_hires.png,2026/08/08,2026/01/19,0.9,0.4099999964237213,0.8600000143051147,52.91,,2.14,,,,0.5306,0.0231,0.4845,0.0,0.28839999437332153,0.4729,0.4845,0.4037,1.6495,1.2458,1.1535,2026-08-09
g1-62,Evosoda,normal,Generations,62,Uncommon,5ban Graphics,Item,,Trainer,2016/02/22,"tcgplayer,cardmarket",https://prices.pokemontcg.io/tcgplayer/g1-62,https://images.pokemontcg.io/g1/62_hires.png,2026/08/08,2026/02/19,0.53,0.20000000298023224,0.5,19.98,,3.06,,,,0.4729,0.0231,0.4499,1.7302,0.46140000224113464,0.3922,0.4499,2.307,2.0071,1.9263,1.1535,2026-08-09
ex11-72,Koffing,normal,Delta Species,72,Common,Sachiko Adachi,Basic,109,Pokémon,2005/10/31,"tcgplayer,cardmarket",https://prices.pokemontcg.io/tcgplayer/ex11-72,https://images.pokemontcg.io/ex11/72_hires.png,2026/08/08,2026/02/19,4.42,0.25,2.0,19.98,,28.66,,,,0.4614,0.0231,0.4614,2.8838,0.023099999874830246,0.5537,0.4614,5.7675,4.0257,5.2484,1.1535,2026-08-09
ex2-67,Lotad,normal,Sandstorm,67,Common,Mitsuhiro Arita,Basic,270,Pokémon,2003/09/18,"tcgplayer,cardmarket",https://prices.pokemontcg.io/tcgplayer/ex2-67,https://images.pokemontcg.io/ex2/67_hires.png,2026/08/08,2026/02/19,2.28,0.9900000095367432,2.0,22.2,,23.0,,,,0.9228,0.1154,1.0843,10.3815,1.153499960899353,0.6806,0.7267,4.5563,7.3824,4.2449,1.1535,2026-08-09
xy2-84,Buneary,normal,Flashfire,84,Common,Kyoko Umemoto,Basic,427,Pokémon,2014/05/07,"tcgplayer,cardmarket",https://prices.pokemontcg.io/tcgplayer/xy2-84,https://images.pokemontcg.io/xy2/84_hires.png,2026/08/08,2026/01/16,0.35,0.10000000149011612,0.33000001311302185,19.99,,0.99,,,,0.0807,0.0231,0.1269,0.7613,0.20759999752044678,0.173,0.1154,1.1535,0.7382,0.4037,1.1535,2026-08-09
hgss2-75,Engineer's Adjustments,normal,HS—Unleashed,75,Uncommon,Kouki Saitou,Supporter,,Trainer,2010/05/12,"tcgplayer,cardmarket",https://prices.pokemontcg.io/tcgplayer/hgss2-75,https://images.pokemontcg.io/hgss2/75_hires.png,2026/08/08,2026/02/01,0.35,0.12999999523162842,0.3499999940395355,18.34,,2.25,,,,0.1846,0.0231,0.0923,1.2919,0.11540000140666962,0.0692,0.1615,1.0381,0.8536,0.8767,1.1535,2026-08-09
dp5-71,Piplup,normal,Majestic Dawn,71,Common,Kent Kanetsuna,Basic,393,Pokémon,2008/05/01,"tcgplayer,cardmarket",https://prices.pokemontcg.io/tcgplayer/dp5-71,https://images.pokemontcg.io/dp5/71_hires.png,2026/08/08,2026/02/01,1.96,0.6299999952316284,1.0800000429153442,80.0,,18.92,,,,0.2538,0.0231,0.1269,2.5954,0.23070000112056732,0.1615,0.2538,3.4605,2.2493,3.0683,1.1535,2026-08-09
bw9-75,Deino,normal,Plasma Freeze,75,Common,Midori Harada,Basic,633,Pokémon,2013/05/08,"tcgplayer,cardmarket",https://prices.pokemontcg.io/tcgplayer/bw9-75,https://images.pokemontcg.io/bw9/75_hires.png,2026/08/08,2026/01/19,0.45,0.1899999976158142,0.44999998807907104,19.98,,0.92,,,,0.323,0.0231,0.2884,0.5767,0.08070000261068344,0.1615,0.2307,0.5767,0.7728,0.7498,1.1535,2026-08-09
sm75-71,Reshiram-GX,holofoil,Dragon Majesty,71,Rare Rainbow,PLANETA Igarashi,Basic|GX,643,Pokémon,2018/09/07,"tcgplayer,cardmarket",https://prices.pokemontcg.io/tcgplayer/sm75-71,https://images.pokemontcg.io/sm75/71_hires.png,2026/08/08,2026/01/21,63.78,56.65999984741211,78.0,579.2,,,,,,41.8144,17.2794,50.3849,0.0,51.907501220703125,44.652,48.8507,57.5481,40.5109,31.9635,1.1535,2026-08-09
bw10-80,Energy Retrieval,normal,Plasma Blast,80,Uncommon,Kent Kanetsuna,Item,,Trainer,2013/08/14,"tcgplayer,cardmarket",https://prices.pokemontcg.io/tcgplayer/bw10-80,https://images.pokemontcg.io/bw10/80_hires.png,2026/08/08,2026/01/16,0.26,0.019999999552965164,0.25999999046325684,23.49,,0.61,,,,0.5652,0.0231,0.496,0.8651,0.05770000070333481,0.4268,0.3114,0.5652,1.0151,0.8997,1.1535,2026-08-09
swsh1-75,Boltund,holofoil,Sword & Shield,75,Rare Holo,Misa Tsutsui,Stage 1,836,Pokémon,2020/02/07,"tcgplayer,cardmarket",https://prices.pokemontcg.io/tcgplayer/swsh1-75,https://images.pokemontcg.io/swsh1/75_hires.png,2026/08/08,2026/01/19,0.42,0.10999999940395355,0.4399999976158142,19.68,,0.53,,,,0.7844,0.173,0.7036,1.4765,0.28839999437332153,0.7728,0.7267,0.4037,1.4534,1.2458,1.1535,2026-08-09
ex13-75,Phanpy,normal,Holon Phantoms,75,Common,Hisao Nakamura,Basic,231,Pokémon,2006/05/01,"tcgplayer,cardmarket",https://prices.pokemontcg.io/tcgplayer/ex13-75,https://images.pokemontcg.io/ex13/75_hires.png,2026/08/08,2026/02/04,0.92,0.30000001192092896,0.7900000214576721,20.94,,25.36,,,,0.323,0.0231,0.346,4.7178,0.5536999702453613,0.2538,0.346,3.4605,4.6371,4.8562,1.1535,2026-08-09
xy6-71,Swellow,normal,Roaring Skies,71,Rare,Sanosuke Sakuma,Stage 1,277,Pokémon,2015/05/06,"tcgplayer,cardmarket",https://prices.pokemontcg.io/tcgplayer/xy6-71,https://images.pokemontcg.io/xy6/71_hires.png,2026/08/08,2026/01/19,0.31,0.03999999910593033,0.30000001192092896,4.0,,0.48,,,,0.173,0.0807,0.2653,0.9805,0.6114000082015991,0.2307,0.3345,0.5537,1.0035,0.9113,1.1535,2026-08-09
xy1-75,Inkay,normal,XY,75,Common,5ban Graphics,Basic,686,Pokémon,2014/02/05,"tcgplayer,cardmarket",https://prices.pokemontcg.io/tcgplayer/xy1-75,https://images.pokemontcg.io/xy1/75_hires.png,2026/08/08,2026/01/19,0.28,0.03999999910593033,0.25,1000.0,,0.53,,,,0.0807,0.0231,0.0807,0.5537,0.05770000070333481,0.0923,0.0923,0.5537,0.6229,0.4729,1.1535,2026-08-09
pl1-75,Grimer,normal,Platinum,75,Common,Yukiko Baba,Basic,88,Pokémon,2009/02/11,"tcgplayer,cardmarket",https://prices.pokemontcg.io/tcgplayer/pl1-75,https://images.pokemontcg.io/pl1/75_hires.png,2026/08/08,2026/02/01,0.45,0.1899999976158142,0.44999998807907104,19.98,,3.07,,,,0.1615,0.0231,0.15,0.0,0.1615000069141388,0.1384,0.1384,0.346,0.646,0.6921,1.1535,2026-08-09
xy10-71,Whimsicott,normal,Fates Collide,71,Uncommon,sui,Stage 1,547,Pokémon,2016/05/02,"tcgplayer,cardmarket",https://prices.pokemontcg.io/tcgplayer/xy10-71,https://images.pokemontcg.io/xy10/71_hires.png,2026/08/08,2026/01/19,0.47,0.17000000178813934,0.46000000834465027,4.0,,4.66,,,,0.173,0.0231,0.1846,0.669,0.13840000331401825,0.2192,0.1615,0.5767,0.7267,0.8421,1.1535,2026-08-09
xy4-68,Swirlix,normal,Phantom Forces,68,Common,Satoshi Shirai,Basic,684,Pokémon,2014/11/05,"tcgplayer,cardmarket",https://prices.pokemontcg.io/tcgplayer/xy4-68,https://images.pokemontcg.io/xy4/68_hires.png,2026/08/08,2026/02/04,0.43,0.15000000596046448,0.4399999976158142,19.8,,1.73,,,,0.1846,0.0231,0.1615,1.0958,0.20759999752044678,0.1038,0.1384,1.315,0.4729,0.5075,1.1535,2026-08-09
sm12-75,Solgaleo & Lunala-GX,holofoil,Cosmic Eclipse,75,Rare Holo GX,Hideki Ishikawa,Basic|TAG TEAM|GX,791|792,Pokémon,2019/11/01,"tcgplayer,cardmarket",https://prices.pokemontcg.io/tcgplayer/sm12-75,https://images.pokemontcg.io/sm12/75_hires.png,2026/08/08,2026/01/19,41.08,31.5,45.0,281.56,,,,,,25.8499,8.0745,27.3841,0.0,23.589099884033203,30.5216,24.9617,5.7675,8.063,7.59,1.1535,2026-08-09
bwp-BW63,White Kyurem-EX,holofoil,BW Black Star Promos,BW63,Promo,Eske Yoshinob,Basic|EX,646,Pokémon,2011/03/01,"tcgplayer,cardmarket",https://prices.pokemontcg.io/tcgplayer/bwp-BW63,https://images.pokemontcg.io/bwp/BW63_hires.png,2026/08/08,2026/02/19,7.55,4.380000114440918,9.300000190734863,77.5,,,,,,4.2679,1.1535,4.0373,0.0,6.644199848175049,4.5679,5.3176,5.1907,3.9219,3.5874,1.1535,2026-08-09
ex14-70,Wingull,normal,Crystal Guardians,70,Common,Midori Harada,Basic,278,Pokémon,2006/08/01,"tcgplayer,cardmarket",https://prices.pokemontcg.io/tcgplayer/ex14-70,https://images.pokemontcg.io/ex14/70_hires.png,2026/08/08,2026/02/19,1.31,0.10000000149011612,0.47999998927116394,19.98,,11.03,,,,0.2192,0.0231,0.3576,4.8678,0.15000000596046448,0.2192,0.2076,3.8296,3.3798,3.2644,1.1535,2026-08-09
hgss4-72,Ponyta,normal,HS—Triumphant,72,Common,Kyoko Umemoto,Basic,77,Pokémon,2010/11/03,"tcgplayer,cardmarket",https://prices.pokemontcg.io/tcgplayer/hgss4-72,https://images.pokemontcg.io/hgss4/72_hires.png,2026/08/08,2026/02/04,0.91,0.30000001192092896,1.0299999713897705,19.43,,3.83,,,,0.4153,0.0231,0.4614,1.2919,0.46140000224113464,0.346,0.4037,1.7187,2.2955,1.8917,1.1535,2026-08-09
ex16-67,Torchic,normal,Power Keepers,67,Common,Mitsuhiro Arita,Basic,255,Pokémon,2007/02/02,"tcgplayer,cardmarket",https://prices.pokemontcg.io/tcgplayer/ex16-67,https://images.pokemontcg.io/ex16/67_hires.png,2026/08/08,2026/02/22,0.78,0.15000000596046448,0.6600000262260437,19.98,,44.96,,,,0.346,0.0231,0.5767,4.96,0.57669997215271,0.2307,0.346,5.756,5.5137,5.8136,1.1535,2026-08-09
swsh4-71,Dusknoir,holofoil,Vivid Voltage,71,Rare Holo,Shigenori Negishi,Stage 2,477,Pokémon,2020/11/13,"tcgplayer,cardmarket",https://prices.pokemontcg.io/tcgplayer/swsh4-71,https://images.pokemontcg.io/swsh4/71_hires.png,2026/08/08,2026/01/19,0.24,0.07000000029802322,0.25,33.95,,0.33,,,,0.4499,0.0231,0.5767,0.5421,0.23070000112056732,0.496,0.4499,0.4499,0.4499,0.5306,1.1535,2026-08-09
sm10-65,Golbat,normal,Unbroken Bonds,65,Uncommon,Shin Nagasawa,Stage 1,42,Pokémon,2019/05/03,"tcgplayer,cardmarket",https://prices.pokemontcg.io/tcgplayer/sm10-65,https://images.pokemontcg.io/sm10/65_hires.png,2026/08/08,2026/01/19,0.2,0.03999999910593033,0.25,19.98,,0.36,,,,0.1269,0.0231,0.1384,0.6921,0.11540000140666962,0.1038,0.1038,0.6921,0.5075,0.4845,1.1535,2026-08-09
sm2-69,Nosepass,normal,Guardians Rising,69,Common,Tomokazu Komiya,Basic,299,Pokémon,2017/05/05,"tcgplayer,cardmarket",https://prices.pokemontcg.io/tcgplayer/sm2-69,https://images.pokemontcg.io/sm2/69_hires.png,2026/08/08,2026/01/19,0.24,0.03999999910593033,0.27000001072883606,15.19,,0.53,,,,0.1154,0.0231,0.0923,0.4037,0.05770000070333481,0.0807,0.1269,0.2076,0.3691,0.3807,1.1535,2026-08-09
neo2-67,Unown [E],unlimited,Neo Discovery,67,Common,CR CG gangs,Basic,201,Pokémon,2001/06/01,"tcgplayer,cardmarket",https://prices.pokemontcg.io/tcgplayer/neo2-67,https://images.pokemontcg.io/neo2/67_hires.png,2026/08/08,2026/03/07,0.72,0.14000000059604645,0.75,20.75,,,,,"{""1stEdition"": {""low"": 1.2, ""mid"": 2.69, ""high"": 28.96, ""market"": 2.52, ""directLow"": 3.99}}",0.5998,0.0231,0.7036,0.0,1.4880000352859497,0.9805,0.6344,0.0,0.0,0.0,1.1535,2026-08-09
dp3-79,Burmy Sandy Cloak,normal,Secret Wonders,79,Common,Midori Harada,Basic,412,Pokémon,2007/11/01,"tcgplayer,cardmarket",https://prices.pokemontcg.io/tcgplayer/dp3-79,https://images.pokemontcg.io/dp3/79_hires.png,2026/08/08,2026/01/19,0.67,0.18000000715255737,0.4099999964237213,19.98,,2.44,,,,0.2192,0.0231,0.2076,1.3727,0.17299999296665192,0.2192,0.2422,0.5537,1.1996,1.1535,1.1535,2026-08-09
swsh3-69,Mew V,holofoil,Darkness Ablaze,69,Rare Holo V,PLANETA Mochizuki,Basic|V,151,Pokémon,2020/08/14,"tcgplayer,cardmarket",https://prices.pokemontcg.io/tcgplayer/swsh3-69,https://images.pokemontcg.io/swsh3/69_hires.png,2026/08/08,2026/01/19,6.2,4.309999942779541,7.099999904632568,100.0,,,,,,4.0373,1.1535,3.8642,0.0,2.9990999698638916,3.5989,3.9911,3.5412,3.2067,3.7258,1.1535,2026-08-09
xy8-69,Kirlia,normal,BREAKthrough,69,Uncommon,Sanosuke Sakuma,Stage 1,281,Pokémon,2015/11/04,"tcgplayer,cardmarket",https://prices.pokemontcg.io/tcgplayer/xy8-69,https://images.pokemontcg.io/xy8/69_hires.png,2026/08/08,2026/01/19,0.37,0.11999999731779099,0.3199999928474426,1000.0,,1.4,,,,0.2538,0.0231,0.2884,0.0,0.10379999876022339,0.2884,0.2653,0.6921,1.5918,1.661,1.1535,2026-08-09
dp4-68,Glameow,normal,Great Encounters,68,Common,Kagemaru Himeno,Basic,431,Pokémon,2008/02/01,"tcgplayer,cardmarket",https://prices.pokemontcg.io/tcgplayer/dp4-68,https://images.pokemontcg.io/dp4/68_hires.png,2026/08/08,2026/02/01,0.31,0.18000000715255737,0.28999999165534973,19.98,,3.04,,,,0.1846,0.0231,0.2422,1.3842,0.09229999780654907,0.2307,0.15,2.307,1.2804,0.9343,1.1535,2026-08-09
xy9-66,Trevenant BREAK,holofoil,BREAKpoint,66,Rare BREAK,5ban Graphics,BREAK,709,Pokémon,2016/02/03,"tcgplayer,cardmarket",https://prices.pokemontcg.io/tcgplayer/xy9-66,https://images.pokemontcg.io/xy9/66_hires.png,2026/08/08,2026/01/21,3.94,2.7799999713897705,3.9200000762939453,31.22,,,,,,3.3682,1.5342,3.622,0.0,5.709799766540527,3.1606,3.299,3.449,5.0985,3.3451,1.1535,2026-08-09
bw5-68,Scrafty,normal,Dark Explorers,68,Rare,Kagemaru Himeno,Stage 1,560,Pokémon,2012/05/09,"tcgplayer,cardmarket",https://prices.pokemontcg.io/tcgplayer/bw5-68,https://images.pokemontcg.io/bw5/68_hires.png,2026/08/08,2026/02/01,0.54,0.36000001430511475,0.5400000214576721,19.98,,2.48,,,,0.346,0.0231,0.6114,0.0,1.153499960899353,0.496,0.5191,1.1535,1.3611,1.4765,1.1535,2026-08-09
bw7-76,Gothorita,normal,Boundaries Crossed,76,Uncommon,Ken Sugimori,Stage 1,575,Pokémon,2012/11/07,"tcgplayer,cardmarket",https://prices.pokemontcg.io/tcgplayer/bw7-76,https://images.pokemontcg.io/bw7/76_hires.png,2026/08/08,2026/01/16,0.64,0.25,0.5,19.98,,2.05,,,,0.3691,0.0231,0.3345,1.1535,0.28839999437332153,0.3576,0.2999,1.1535,1.5111,1.0151,1.1535,2026-08-09
sm35-65,Sophocles,normal,Shining Legends,65,Uncommon,Ken Sugimori,Supporter,,Trainer,2017/10/06,"tcgplayer,cardmarket",https://prices.pokemontcg.io/tcgplayer/sm35-65,https://images.pokemontcg.io/sm35/65_hires.png,2026/08/08,2026/01/26,0.13,0.019999999552965164,0.20000000298023224,19.98,,0.3,,,,0.0923,0.0231,0.1154,0.2192,0.17299999296665192,0.1154,0.1154,0.5652,0.2422,0.2884,1.1535,2026-08-09
ex8-73,Slakoth,normal,Deoxys,73,Common,Takao Unno,Basic,287,Pokémon,2005/02/01,"tcgplayer,cardmarket",https://prices.pokemontcg.io/tcgplayer/ex8-73,https://images.pokemontcg.io/ex8/73_hires.png,2026/08/08,2026/02/01,1.53,0.5699999928474426,1.4900000095367432,19.98,,19.84,,,,0.5075,0.0231,0.3114,6.1136,0.12690000236034393,0.2999,0.4268,4.6025,7.7861,8.8473,1.1535,2026-08-09
ex9-74,Zigzagoon,normal,Emerald,74,Common,Yuka Morii,Basic,263,Pokémon,2005/05/01,"tcgplayer,cardmarket",https://prices.pokemontcg.io/tcgplayer/ex9-74,https://images.pokemontcg.io/ex9/74_hires.png,2026/08/08,2026/02/04,7.47,5.75,7.840000152587891,184.9,,50.33,,,,0.669,0.0231,0.6921,5.6868,0.34599998593330383,0.8305,0.5191,0.6921,7.9476,5.7329,1.1535,2026-08-09
ex1-64,Poochyena,normal,Ruby & Sapphire,64,Common,Atsuko Nishida,Basic,261,Pokémon,2003/07/01,"tcgplayer,cardmarket",https://prices.pokemontcg.io/tcgplayer/ex1-64,https://images.pokemontcg.io/ex1/64_hires.png,2026/08/08,2026/02/19,1.23,0.7400000095367432,1.190000057220459,19.98,,13.69,,,,0.6575,0.0346,1.6264,1.0381,1.0958000421524048,1.9725,0.8767,2.2493,1.8341,1.9033,1.1535,2026-08-09
pl4-76,Tangela,normal,Arceus,76,Common,Mitsuhiro Arita,Basic,114,Pokémon,2009/11/04,"tcgplayer,cardmarket",https://prices.pokemontcg.io/tcgplayer/pl4-76,https://images.pokemontcg.io/pl4/76_hires.png,2026/08/08,2026/02/01,0.29,0.10000000149011612,0.30000001192092896,19.98,,7.0,,,,0.1961,0.0231,0.2422,0.8421,0.13840000331401825,0.2076,0.1615,1.2112,1.2804,1.1189,1.1535,2026-08-09
col1-75,Vulpix,normal,Call of Legends,75,Common,TOKIYA,Basic,37,Pokémon,2011/02/09,"tcgplayer,cardmarket",https://prices.pokemontcg.io/tcgplayer/col1-75,https://images.pokemontcg.io/col1/75_hires.png,2026/08/08,2026/02/01,5.38,0.5,4.0,39.76,,25.54,,,,0.669,0.0231,2.5723,6.3442,0.51910001039505,0.6344,1.3727,6.3442,5.5137,5.0985,1.1535,2026-08-09
smp-SM66,Pheromosa-GX,holofoil,SM Black Star Promos,SM66,Promo,5ban Graphics,Basic|GX|Ultra Beast,795,Pokémon,2017/02/03,"tcgplayer,cardmarket",https://prices.pokemontcg.io/tcgplayer/smp-SM66,https://images.pokemontcg.io/smp/SM66_hires.png,2026/08/08,2026/01/21,13.79,10.550000190734863,16.760000228881836,9999.0,,,,,,12.2156,11.5235,13.4037,0.0,6.921000003814697,10.543,10.7276,5.4215,4.7755,5.9521,1.1535,2026-08-09
bw2-67,Zoroark,holofoil,Emerging Powers,67,Rare Holo,Shin Nagasawa,Stage 1,571,Pokémon,2011/08/31,"tcgplayer,cardmarket",https://prices.pokemontcg.io/tcgplayer/bw2-67,https://images.pokemontcg.io/bw2/67_hires.png,2026/08/08,2026/01/21,2.74,0.8999999761581421,2.6600000858306885,40.0,,8.01,,,,1.7879,0.1154,1.7764,1.7302,1.7302000522613525,1.7533,1.7187,5.1331,3.1491,1.984,1.1535,2026-08-09
sm3-71,Lucario,holofoil,Burning Shadows,71,Rare Holo,nagimiso,Stage 1,448,Pokémon,2017/08/05,"tcgplayer,cardmarket",https://prices.pokemontcg.io/tcgplayer/sm3-71,https://images.pokemontcg.io/sm3/71_hires.png,2026/08/08,2026/01/19,1.06,0.5,1.0,49.97,,1.47,,,,0.6229,0.0577,0.819,1.142,0.5651999711990356,0.8536,0.7728,3.449,1.7879,1.0843,1.1535,2026-08-09
pl3-70,Milotic,normal,Supreme Victors,70,Uncommon,Hajime Kusajima,Stage 1,350,Pokémon,2009/08/19,"tcgplayer,cardmarket",https://prices.pokemontcg.io/tcgplayer/pl3-70,https://images.pokemontcg.io/pl3/70_hires.png,2026/08/08,2026/02/01,3.8,1.149999976158142,3.7899999618530273,8.77,,24.5,,,,10.5084,0.0577,1.4419,10.6007,0.23070000112056732,1.4419,0.9805,28.8375,9.6894,7.5439,1.1535,2026-08-09
bw4-79,Wigglytuff,normal,Next Destinies,79,Rare,Shin Nagasawa,Stage 1,40,Pokémon,2012/02/08,"tcgplayer,cardmarket",https://prices.pokemontcg.io/tcgplayer/bw4-79,https://images.pokemontcg.io/bw4/79_hires.png,2026/08/08,2026/01/21,1.79,1.0099999904632568,2.619999885559082,26.9,,3.49,,,,1.0843,0.15,1.0843,0.0,0.5651999711990356,1.0843,1.6034,1.6149,1.3842,1.2804,1.1535,2026-08-09
sm6-69,Tyrantrum,holofoil,Forbidden Light,69,Rare Holo,hatachu,Stage 2,697,Pokémon,2018/05/04,"tcgplayer,cardmarket",https://prices.pokemontcg.io/tcgplayer/sm6-69,https://images.pokemontcg.io/sm6/69_hires.png,2026/08/08,2026/01/19,10.29,6.349999904632568,10.0,16.8,,11.12,,,,26.046,9.574,25.2963,21.2821,20.474599838256836,24.6618,21.1783,26.5305,17.8562,16.6565,1.1535,2026-08-09
ex7-73,Remoraid,normal,Team Rocket Returns,73,Common,Midori Harada,Basic,223,Pokémon,2004/11/01,"tcgplayer,cardmarket",https://prices.pokemontcg.io/tcgplayer/ex7-73,https://images.pokemontcg.io/ex7/73_hires.png,2026/08/08,2026/02/01,0.49,0.25,0.49000000953674316,16.88,,27.98,,,,0.2999,0.0346,0.2422,0.0,0.11540000140666962,0.2768,0.2999,4.4986,8.3513,8.9396,1.1535,2026-08-09
hgss1-81,Slowpoke,normal,HeartGold & SoulSilver,81,Common,Sumiyoshi Kizuki,Basic,79,Pokémon,2010/02/10,"tcgplayer,cardmarket",https://prices.pokemontcg.io/tcgplayer/hgss1-81,https://images.pokemontcg.io/hgss1/81_hires.png,2026/08/08,2026/01/16,4.33,1.659999966621399,4.579999923706055,46.23,,,,,,0.2999,0.0231,0.5652,2.8838,0.426800012588501,0.7152,0.4383,1.8341,2.4685,3.3336,1.1535,2026-08-09
sm4-65,Aron,normal,Crimson Invasion,65,Common,TOKIYA,Basic,304,Pokémon,2017/11/03,"tcgplayer,cardmarket",https://prices.pokemontcg.io/tcgplayer/sm4-65,https://images.pokemontcg.io/sm4/65_hires.png,2026/08/08,2026/01/21,0.17,0.009999999776482582,0.20000000298023224,16.16,,0.39,,,,0.1154,0.0346,0.15,0.0,0.11540000140666962,0.1615,0.1384,0.0,0.0,0.0,1.1535,2026-08-09
ecard2-49,Gloom,normal,Aquapolis,49,Uncommon,Kyoko Umemoto,Stage 1,44,Pokémon,2003/01/15,"tcgplayer,cardmarket",https://prices.pokemontcg.io/tcgplayer/ecard2-49,https://images.pokemontcg.io/ecard2/49_hires.png,2026/08/08,2026/02/01,29.83,31.700000762939453,64.94999694824219,834.0,,80.98,,,,3.9219,0.5767,4.0373,10.6583,4.613999843597412,4.4294,4.5679,5.756,7.567,6.8287,1.1535,2026-08-09
xyp-XY67,Jirachi,holofoil,XY Black Star Promos,XY67,Promo,sui,Basic,385,Pokémon,2013/10/12,"tcgplayer,cardmarket",https://prices.pokemontcg.io/tcgplayer/xyp-XY67,https://images.pokemontcg.io/xyp/XY67_hires.png,2026/08/08,2026/02/04,20.65,14.930000305175781,23.1299991607666,463.73,,,,,,8.3859,4.614,8.3629,0.0,8.062999725341797,7.8899,6.8403,2.653,2.5608,1.7418,1.1535,2026-08-09
smp-SM67,Celesteela-GX,holofoil,SM Black Star Promos,SM67,Promo,5ban Graphics,Basic|GX|Ultra Beast,797,Pokémon,2017/02/03,"tcgplayer,cardmarket",https://prices.pokemontcg.io/tcgplayer/smp-SM67,https://images.pokemontcg.io/smp/SM67_hires.png,2026/08/08,2026/01/21,6.38,4.400000095367432,6.75,9999.0,,,,,,3.5066,1.1535,5.1561,0.0,3.345099925994873,3.8065,6.102,4.0257,4.0257,4.1872,1.1535,2026-08-09
bw10-81,Iris,normal,Plasma Blast,81,Uncommon,Yusuke Ohmura,Supporter,,Trainer,2013/08/14,"tcgplayer,cardmarket",https://prices.pokemontcg.io/tcgplayer/bw10-81,https://images.pokemontcg.io/bw10/81_hires.png,2026/08/08,2026/01/16,0.4,0.1899999976158142,0.38999998569488525,17.08,,0.74,,,,0.5767,0.0231,0.5306,0.0,0.47290000319480896,0.5767,0.4845,2.2955,1.4765,1.1766,1.1535,2026-08-09
sm2-70,Barboach,normal,Guardians Rising,70,Common,sui,Basic,339,Pokémon,2017/05/05,"tcgplayer,cardmarket",https://prices.pokemontcg.io/tcgplayer/sm2-70,https://images.pokemontcg.io/sm2/70_hires.png,2026/08/08,2026/01/19,0.15,0.009999999776482582,0.20000000298023224,19.98,,0.3,,,,0.0577,0.0231,0.0807,0.2999,0.04610000178217888,0.1038,0.0577,0.7036,0.4614,0.2999,1.1535,2026-08-09
ex14-71,Bill's Maintenance,normal,Crystal Guardians,71,Uncommon,Ken Sugimori,Supporter,,Trainer,2006/08/01,"tcgplayer,cardmarket",https://prices.pokemontcg.io/tcgplayer/ex14-71,https://images.pokemontcg.io/ex14/71_hires.png,2026/08/08,2026/02/04,0.36,0.10000000149011612,0.36000001430511475,20.0,,7.67,,,,0.2307,0.0231,0.2192,3.5989,0.40369999408721924,0.1846,0.1961,2.2955,4.0257,3.622,1.1535,2026-08-09
sm9-78,Kabutops,normal,Team Up,78,Rare,Shin Nagasawa,Stage 2,141,Pokémon,2019/02/01,"tcgplayer,cardmarket",https://prices.pokemontcg.io/tcgplayer/sm9-78,https://images.pokemontcg.io/sm9/78_hires.png,2026/08/08,2026/01/19,0.79,0.4399999976158142,0.8199999928474426,19.98,,3.34,,,,1.3381,0.4614,1.9379,1.5803,3.4489998817443848,1.8802,1.2689,2.307,1.9494,3.126,1.1535,2026-08-09
ex14-72,Castaway,normal,Crystal Guardians,72,Uncommon,Kouki Saitou,Supporter,,Trainer,2006/08/01,"tcgplayer,cardmarket",https://prices.pokemontcg.io/tcgplayer/ex14-72,https://images.pokemontcg.io/ex14/72_hires.png,2026/08/08,2026/02/04,4.56,3.5,4.989999771118164,49.2,,15.4,,,,3.5874,0.5767,2.63,10.3815,1.153499960899353,2.976,2.803,10.3815,7.8323,7.0594,1.1535,2026-08-09
sm10-66,Crobat,holofoil,Unbroken Bonds,66,Rare Holo,Anesaki Dynamic,Stage 2,169,Pokémon,2019/05/03,"tcgplayer,cardmarket",https://prices.pokemontcg.io/tcgplayer/sm10-66,https://images.pokemontcg.io/sm10/66_hires.png,2026/08/08,2026/01/19,0.66,0.20000000298023224,0.6499999761581421,18.68,,0.7,,,,0.8767,0.2307,1.142,1.165,0.6920999884605408,1.1535,1.0728,1.0843,0.9228,1.3381,1.1535,2026-08-09
ex6-72,Paras,normal,FireRed & LeafGreen,72,Common,Yuka Morii,Basic,46,Pokémon,2004/09/01,"tcgplayer,cardmarket",https://prices.pokemontcg.io/tcgplayer/ex6-72,https://images.pokemontcg.io/ex6/72_hires.png,2026/08/08,2026/02/04,1.54,1.0,1.6100000143051147,21.47,,19.32,,,,0.669,0.0231,0.6114,2.9414,0.3345000147819519,0.8421,0.6114,3.3913,4.1757,6.7941,1.1535,2026-08-09
dp5-72,Piplup,normal,Majestic Dawn,72,Common,Naoyo Kimura,Basic,393,Pokémon,2008/05/01,"tcgplayer,cardmarket",https://prices.pokemontcg.io/tcgplayer/dp5-72,https://images.pokemontcg.io/dp5/72_hires.png,2026/08/08,2026/02/01,6.63,5.25,27.239999771118164,96.94,,10.0,,,,1.1535,0.0577,1.2227,5.6868,1.0497000217437744,0.819,1.0266,5.7675,5.0408,3.6451,1.1535,2026-08-09
bw11-78,Meloetta,holofoil,Legendary Treasures,78,Rare Holo,kawayoo,Basic,648,Pokémon,2013/11/06,"tcgplayer,cardmarket",https://prices.pokemontcg.io/tcgplayer/bw11-78,https://images.pokemontcg.io/bw11/78_hires.png,2026/08/08,2026/02/04,6.63,2.630000114440918,6.570000171661377,239.22,,3.99,,,,9.6087,4.0373,9.5856,11.2236,5.75600004196167,9.8509,7.6823,10.3815,10.9236,5.6983,1.1535,2026-08-09
ex16-68,Trapinch,normal,Power Keepers,68,Common,Sachiko Adachi,Basic,328,Pokémon,2007/02/02,"tcgplayer,cardmarket",https://prices.pokemontcg.io/tcgplayer/ex16-68,https://images.pokemontcg.io/ex16/68_hires.png,2026/08/08,2026/02/22,1.43,0.3199999928474426,0.8500000238418579,96.95,,30.99,,,,0.1961,0.0231,0.2192,0.0,0.12690000236034393,0.1961,0.2192,17.3025,6.3673,5.8367,1.1535,2026-08-09
ecard1-68,Venusaur,normal,Expedition Base Set,68,Rare,Shin-ichi Yoshikawa,Stage 2,3,Pokémon,2002/09/15,"tcgplayer,cardmarket",https://prices.pokemontcg.io/tcgplayer/ecard1-68,https://images.pokemontcg.io/ecard1/68_hires.png,2026/08/08,2026/02/19,30.29,24.479999542236328,39.25,399.9,,120.0,,,,63.3156,8.6512,68.9678,0.0,63.31560134887695,54.3414,54.203,46.14,46.14,46.14,1.1535,2026-08-09
sm2-71,Whiscash,normal,Guardians Rising,71,Rare,Masakazu Fukuda,Stage 1,340,Pokémon,2017/05/05,"tcgplayer,cardmarket",https://prices.pokemontcg.io/tcgplayer/sm2-71,https://images.pokemontcg.io/sm2/71_hires.png,2026/08/08,2026/01/19,0.3,0.10999999940395355,0.30000001192092896,19.98,,0.39,,,,0.2307,0.0231,0.2768,0.3691,0.023099999874830246,0.2307,0.2076,0.2192,0.3691,0.3114,1.1535,2026-08-09
ex2-68,Marill,normal,Sandstorm,68,Common,Mitsuhiro Arita,Basic,183,Pokémon,2003/09/18,"tcgplayer,cardmarket",https://prices.pokemontcg.io/tcgplayer/ex2-68,https://images.pokemontcg.io/ex2/68_hires.png,2026/08/08,2026/02/19,1.5,0.6899999976158142,1.4800000190734863,90.91,,7.8,,,,0.5652,0.0231,0.5421,2.7684,0.28839999437332153,0.4037,0.4845,1.7302,1.5803,3.6105,1.1535,2026-08-09
sm11-71,Mewtwo & Mew-GX,holofoil,Unified Minds,71,Rare Holo GX,Mitsuhiro Arita,Basic|TAG TEAM|GX,150|151,Pokémon,2019/08/02,"tcgplayer,cardmarket",https://prices.pokemontcg.io/tcgplayer/sm11-71,https://images.pokemontcg.io/sm11/71_hires.png,2026/08/08,2026/02/01,119.6,115.19999694824219,147.6699981689453,229.97,,,,,,57.3751,16.0337,54.0761,0.0,98.04750061035156,60.3511,64.1,30.7523,29.1951,24.7656,1.1535,2026-08-09
g1-63,Imakuni?,normal,Generations,63,Uncommon,,Supporter,,Trainer,2016/02/22,"tcgplayer,cardmarket",https://prices.pokemontcg.io/tcgplayer/g1-63,https://images.pokemontcg.io/g1/63_hires.png,2026/08/08,2026/02/04,4.66,1.9500000476837158,3.990000009536743,29.99,,13.61,,,,1.7995,0.1038,1.7072,6.5288,1.2458000183105469,1.3381,1.3842,3.4605,6.5288,3.3567,1.1535,2026-08-09
bwp-BW64,Drifblim,holofoil,BW Black Star Promos,BW64,Promo,Naoki Saito,Stage 1,426,Pokémon,2011/03/01,"tcgplayer,cardmarket",https://prices.pokemontcg.io/tcgplayer/bwp-BW64,https://images.pokemontcg.io/bwp/BW64_hires.png,2026/08/08,2026/02/04,6.96,2.0,4.5,170.0,,,,,,5.7098,3.4605,5.0177,0.0,3.4489998817443848,5.1215,4.6486,4.3141,4.3141,4.3141,1.1535,2026-08-09
ex11-73,Larvitar δ,normal,Delta Species,73,Common,Hajime Kusajima,Basic,246,Pokémon,2005/10/31,"tcgplayer,cardmarket",https://prices.pokemontcg.io/tcgplayer/ex11-73,https://images.pokemontcg.io/ex11/73_hires.png,2026/08/08,2026/02/19,1.68,0.8999999761581421,2.0,25.0,,43.36,,,,3.8873,0.0231,3.8296,16.8988,1.0843000411987305,1.315,3.2067,4.0373,12.6654,10.4738,1.1535,2026-08-09
neo1-69,Onix,unlimited,Neo Genesis,69,Common,Mitsuhiro Arita,Basic,95,Pokémon,2000/12/16,"tcgplayer,cardmarket",https://prices.pokemontcg.io/tcgplayer/neo1-69,https://images.pokemontcg.io/neo1/69_hires.png,2026/08/08,2026/02/04,1.18,0.44999998807907104,1.0,19.98,,,,,"{""1stEdition"": {""low"": 1.29, ""mid"": 3.38, ""high"": 33.1, ""market"": 3.04, ""directLow"": null}}",1.0612,0.0231,0.8536,0.0,1.5687999725341797,0.8882,1.1189,1.5803,0.819,0.819,1.1535,2026-08-09
gym2-78,Koga's Grimer,unlimited,Gym Challenge,78,Common,Ken Sugimori,Basic,88,Pokémon,2000/10/16,"tcgplayer,cardmarket",https://prices.pokemontcg.io/tcgplayer/gym2-78,https://images.pokemontcg.io/gym2/78_hires.png,2026/08/08,2026/02/01,1.15,0.49000000953674316,1.1200000047683716,19.98,,,,,"{""1stEdition"": {""low"": 2.9, ""mid"": 4.0, ""high"": 36.9, ""market"": 4.01, ""directLow"": null}}",1.0728,0.0231,1.2227,0.0,2.226300001144409,1.1535,1.0381,0.0,0.0,0.0,1.1535,2026-08-09
bw8-74,Solrock,normal,Plasma Storm,74,Uncommon,Kouji Tajima,Basic,338,Pokémon,2013/02/06,"tcgplayer,cardmarket",https://prices.pokemontcg.io/tcgplayer/bw8-74,https://images.pokemontcg.io/bw8/74_hires.png,2026/08/08,2026/01/19,0.28,0.14000000059604645,0.30000001192092896,19.98,,0.56,,,,0.4614,0.0231,0.3576,0.0,0.23070000112056732,0.2768,0.2768,3.4605,1.2458,0.9805,1.1535,2026-08-09
xyp-XY67a,Jirachi,,XY Black Star Promos,XY67a,Promo,Naoki Saito,Basic,385,Pokémon,2013/10/12,cardmarket,https://prices.pokemontcg.io/cardmarket/xyp-XY67a,https://images.pokemontcg.io/xyp/XY67a_hires.png,,2026/02/04,,,,,,,,,,129.7687,132.6525,184.6061,0.0,178.781005859375,175.6088,151.0047,48.447,22.078,10.8198,1.1535,2026-08-09
pl1-76,Happiny,normal,Platinum,76,Common,Kagemaru Himeno,Basic,440,Pokémon,2009/02/11,"tcgplayer,cardmarket",https://prices.pokemontcg.io/tcgplayer/pl1-76,https://images.pokemontcg.io/pl1/76_hires.png,2026/08/08,2026/02/01,8.86,4.440000057220459,8.59000015258789,11.99,,,,,,0.5998,0.0231,0.5767,1.6495,0.19609999656677246,0.4845,0.5421,5.756,2.5608,1.9263,1.1535,2026-08-09
swsh4-72,Chimecho,normal,Vivid Voltage,72,Common,Asako Ito,Basic,358,Pokémon,2020/11/13,"tcgplayer,cardmarket",https://prices.pokemontcg.io/tcgplayer/swsh4-72,https://images.pokemontcg.io/swsh4/72_hires.png,2026/08/08,2026/01/19,0.55,0.019999999552965164,0.3100000023841858,25.48,,0.51,,,,0.0807,0.0231,0.0692,0.2999,0.03460000082850456,0.0461,0.0692,0.1154,0.2538,0.2884,1.1535,2026-08-09
dp6-74,Tauros,normal,Legends Awakened,74,Uncommon,Ken Sugimori,Basic,128,Pokémon,2008/08/01,"tcgplayer,cardmarket",https://prices.pokemontcg.io/tcgplayer/dp6-74,https://images.pokemontcg.io/dp6/74_hires.png,2026/08/08,2026/02/04,0.91,0.2800000011920929,0.699999988079071,19.12,,6.15,,,,0.5191,0.0231,0.4845,1.7302,0.46140000224113464,0.3345,0.4153,0.5652,1.0958,1.2804,1.1535,2026-08-09
ex1-65,Poochyena,normal,Ruby & Sapphire,65,Common,Naoyo Kimura,Basic,261,Pokémon,2003/07/01,"tcgplayer,cardmarket",https://prices.pokemontcg.io/tcgplayer/ex1-65,https://images.pokemontcg.io/ex1/65_hires.png,2026/08/08,2026/02/19,1.02,0.5,1.0099999904632568,21.01,,19.74,,,,0.8305,0.0231,1.0728,4.1295,0.3230000138282776,0.9689,0.7152,5.7675,2.5954,2.6992,1.1535,2026-08-09
xy6-72,Swellow,holofoil,Roaring Skies,72,Rare Holo,Mitsuhiro Arita,Stage 1,277,Pokémon,2015/05/06,"tcgplayer,cardmarket",https://prices.pokemontcg.io/tcgplayer/xy6-72,https://images.pokemontcg.io/xy6/72_hires.png,2026/08/08,2026/01/19,2.33,1.5800000429153442,2.490000009536743,19.98,,2.53,,,,3.3105,0.2307,3.5643,3.4374,3.4605000019073486,3.8412,3.2529,0.9113,3.7258,3.5066,1.1535,2026-08-09
swshp-SWSH070,Grookey,holofoil,SWSH Black Star Promos,SWSH070,Promo,Akira Komayama,Basic,810,Pokémon,2019/11/15,"tcgplayer,cardmarket",https://prices.pokemontcg.io/tcgplayer/swshp-SWSH070,https://images.pokemontcg.io/swshp/SWSH070_hires.png,2026/08/08,2026/01/19,1.21,0.5299999713897705,1.2300000190734863,7.0,,,,,,2.4224,0.4614,2.5608,0.0,4.037300109863281,2.5262,2.2609,2.1686,1.0035,1.7995,1.1535,2026-08-09
pl2-72,Nidoran ♂,normal,Rising Rivals,72,Common,Ken Sugimori,Basic,32,Pokémon,2009/05/16,"tcgplayer,cardmarket",https://prices.pokemontcg.io/tcgplayer/pl2-72,https://images.pokemontcg.io/pl2/72_hires.png,2026/08/08,2026/02/19,0.29,0.15000000596046448,0.30000001192092896,19.98,,1.04,,,,0.1961,0.0231,0.2768,1.1535,0.09229999780654907,0.2538,0.2192,9.8048,2.63,1.4303,1.1535,2026-08-09
sm1-72,Crabrawler,normal,Sun & Moon,72,Common,Shin Nagasawa,Basic,739,Pokémon,2017/02/03,"tcgplayer,cardmarket",https://prices.pokemontcg.io/tcgplayer/sm1-72,https://images.pokemontcg.io/sm1/72_hires.png,2026/08/08,2026/01/19,0.03,0.009999999776482582,0.15000000596046448,19.98,,0.27,,,,0.0346,0.0231,0.0231,0.1846,0.09229999780654907,0.0461,0.0577,0.2076,0.173,0.2653,1.1535,2026-08-09
xy8-70,Cresselia,normal,BREAKthrough,70,Rare,kawayoo,Basic,488,Pokémon,2015/11/04,"tcgplayer,cardmarket",https://prices.pokemontcg.io/tcgplayer/xy8-70,https://images.pokemontcg.io/xy8/70_hires.png,2026/08/08,2026/01/19,0.37,0.09000000357627869,0.3700000047683716,39.99,,0.98,,,,0.4153,0.0231,0.3691,3.6797,0.46140000224113464,0.4268,0.4614,3.3221,3.4374,2.3531,1.1535,2026-08-09
bw1-73,Mandibuzz,normal,Black & White,73,Rare,Kouki Saitou,Stage 1,630,Pokémon,2011/04/25,"tcgplayer,cardmarket",https://prices.pokemontcg.io/tcgplayer/bw1-73,https://images.pokemontcg.io/bw1/73_hires.png,2026/08/08,2026/02/01,0.77,0.2199999988079071,0.7099999785423279,19.98,,1.42,,,,0.8305,0.0807,0.9343,0.0,1.0151000022888184,0.8536,0.7844,0.5767,1.7533,1.4995,1.1535,2026-08-09
ex9-75,Battle Frontier,normal,Emerald,75,Uncommon,Midori Harada,Stadium,,Trainer,2005/05/01,"tcgplayer,cardmarket",https://prices.pokemontcg.io/tcgplayer/ex9-75,https://images.pokemontcg.io/ex9/75_hires.png,2026/08/08,2026/02/04,4.82,3.490000009536743,5.5,48.0,,30.82,,,,1.811,0.173,1.7072,21.6281,2.595400094985962,1.9033,1.8456,34.605,14.6956,14.1881,1.1535,2026-08-09
hgss2-76,Good Rod,normal,HS—Unleashed,76,Uncommon,Wataru Kawahara,Item,,Trainer,2010/05/12,"tcgplayer,cardmarket",https://prices.pokemontcg.io/tcgplayer/hgss2-76,https://images.pokemontcg.io/hgss2/76_hires.png,2026/08/08,2026/02/01,0.36,0.10000000149011612,0.3499999940395355,18.64,,0.86,,,,0.1846,0.0231,0.1961,0.7498,0.23070000112056732,0.1846,0.173,0.9574,0.6344,0.7844,1.1535,2026-08-09
ex12-79,Mysterious Fossil,normal,Legend Maker,79,Common,Ryo Ueda,Item,,Trainer,2006/02/01,"tcgplayer,cardmarket",https://prices.pokemontcg.io/tcgplayer/ex12-79,https://images.pokemontcg.io/ex12/79_hires.png,2026/08/08,2026/02/01,0.33,0.15000000596046448,0.3499999940395355,17.42,,3.38,,,,0.6344,0.0231,0.3807,2.8953,0.1615000069141388,0.6921,0.3576,1.7302,3.0568,2.953,1.1535,2026-08-09
neo2-68,Unown [I],unlimited,Neo Discovery,68,Common,CR CG gangs,Basic,201,Pokémon,2001/06/01,"tcgplayer,cardmarket",https://prices.pokemontcg.io/tcgplayer/neo2-68,https://images.pokemontcg.io/neo2/68_hires.png,2026/08/08,2026/03/07,0.72,0.20000000298023224,0.7200000286102295,18.5,,,,,"{""1stEdition"": {""low"": 1.15, ""mid"": 2.42, ""high"": 30.1, ""market"": 2.33, ""directLow"": null}}",0.5652,0.0231,0.7267,0.0,1.61489999294281,0.9343,0.6575,0.0,0.0,0.0,1.1535,2026-08-09
sm75-72,Altaria-GX,holofoil,Dragon Majesty,72,Rare Rainbow,5ban Graphics,Stage 1|GX,334,Pokémon,2018/09/07,"tcgplayer,cardmarket",https://prices.pokemontcg.io/tcgplayer/sm75-72,https://images.pokemontcg.io/sm75/72_hires.png,2026/08/08,2026/01/21,41.13,36.68000030517578,43.0,326.1,,,,,,18.8713,13.842,19.2288,0.0,27.68400001525879,20.6707,24.5465,23.07,19.944,18.9059,1.1535,2026-08-09
bw10-82,Plume Fossil,normal,Plasma Blast,82,Uncommon,Ryo Ueda,Item,,Trainer,2013/08/14,"tcgplayer,cardmarket",https://prices.pokemontcg.io/tcgplayer/bw10-82,https://images.pokemontcg.io/bw10/82_hires.png,2026/08/08,2026/01/16,0.34,0.15000000596046448,0.3400000035762787,19.98,,0.48,,,,0.4383,0.0231,0.4268,0.346,0.51910001039505,0.496,0.2768,0.346,0.819,0.6806,1.1535,2026-08-09
sm7-75,Pupitar,normal,Celestial Storm,75,Uncommon,Hironobu Yoshida,Stage 1,247,Pokémon,2018/08/03,"tcgplayer,cardmarket",https://prices.pokemontcg.io/tcgplayer/sm7-75,https://images.pokemontcg.io/sm7/75_hires.png,2026/08/08,2026/01/19,0.31,0.10000000149011612,0.3100000023841858,19.98,,0.46,,,,0.2192,0.0231,0.1615,0.4268,0.04610000178217888,0.15,0.15,0.4037,0.4614,0.4499,1.1535,2026-08-09
ex13-76,Pichu δ,normal,Holon Phantoms,76,Common,Kouki Saitou,Basic,172,Pokémon,2006/05/01,"tcgplayer,cardmarket",https://prices.pokemontcg.io/tcgplayer/ex13-76,https://images.pokemontcg.io/ex13/76_hires.png,2026/08/08,2026/02/01,6.34,3.490000009536743,5.130000114440918,76.54,,48.5,,,,1.4419,0.1154,2.2147,18.8828,0.9804999828338623,1.7879,2.0071,17.3025,26.4382,22.92,1.1535,2026-08-09
smp-SM68,Xurkitree-GX,holofoil,SM Black Star Promos,SM68,Promo,5ban Graphics,Basic|GX|Ultra Beast,796,Pokémon,2017/02/03,"tcgplayer,cardmarket",https://prices.pokemontcg.io/tcgplayer/smp-SM68,https://images.pokemontcg.io/smp/SM68_hires.png,2026/08/08,2026/01/21,13.18,12.5,18.5,9999.0,,,,,,11.535,2.307,8.1322,0.0,11.53499984741211,8.3052,8.6974,3.4605,3.9104,4.5217,1.1535,2026-08-09
swsh2-71,Toxtricity VMAX,holofoil,Rebel Clash,71,Rare Holo VMAX,5ban Graphics,VMAX,849,Pokémon,2020/05/01,"tcgplayer,cardmarket",https://prices.pokemontcg.io/tcgplayer/swsh2-71,https://images.pokemontcg.io/swsh2/71_hires.png,2026/08/08,2026/01/19,4.81,3.0999999046325684,4.860000133514404,41.19,,,,,,3.7835,1.7302,3.7489,0.0,2.4800000190734863,3.7373,3.8527,6.8056,8.7781,8.8473,1.1535,2026-08-09
xy1-76,Malamar,normal,XY,76,Rare,5ban Graphics,Stage 1,687,Pokémon,2014/02/05,"tcgplayer,cardmarket",https://prices.pokemontcg.io/tcgplayer/xy1-76,https://images.pokemontcg.io/xy1/76_hires.png,2026/08/08,2026/01/19,0.36,0.10000000149011612,0.36000001430511475,19.99,,0.91,,,,0.3922,0.0577,0.4383,0.9574,0.46140000224113464,0.3576,0.5652,1.0958,1.1535,0.992,1.1535,2026-08-09
xy3-63,Hawlucha,holofoil,Furious Fists,63,Rare Holo,5ban Graphics,Basic,701,Pokémon,2014/08/13,"tcgplayer,cardmarket",https://prices.pokemontcg.io/tcgplayer/xy3-63,https://images.pokemontcg.io/xy3/63_hires.png,2026/08/08,2026/02/01,0.83,0.20000000298023224,0.75,19.98,,1.04,,,,0.7267,0.0577,0.8421,0.9459,0.8651000261306763,0.7844,0.8882,1.7187,0.8882,1.3381,1.1535,2026-08-09
ecard3-42,Persian,normal,Skyridge,42,Uncommon,Atsuko Nishida,Stage 1,53,Pokémon,2003/05/12,"tcgplayer,cardmarket",https://prices.pokemontcg.io/tcgplayer/ecard3-42,https://images.pokemontcg.io/ecard3/42_hires.png,2026/08/08,2026/02/04,22.02,15.279999732971191,20.43000030517578,185641.62,,129.99,,,,5.0408,0.5767,4.9485,57.3866,1.7302000522613525,3.8181,4.1872,28.8375,48.8046,24.0389,1.1535,2026-08-09
sm5-75,Stunky,normal,Ultra Prism,75,Common,Naoyo Kimura,Basic,434,Pokémon,2018/02/02,"tcgplayer,cardmarket",https://prices.pokemontcg.io/tcgplayer/sm5-75,https://images.pokemontcg.io/sm5/75_hires.png,2026/08/08,2026/01/19,0.07,0.029999999329447746,0.23999999463558197,19.98,,0.34,,,,0.0923,0.0231,0.0692,0.2768,0.15000000596046448,0.1269,0.1038,0.0807,0.2768,0.346,1.1535,2026-08-09
hgss1-82,Snubbull,normal,HeartGold & SoulSilver,82,Common,Ken Sugimori,Basic,209,Pokémon,2010/02/10,"tcgplayer,cardmarket",https://prices.pokemontcg.io/tcgplayer/hgss1-82,https://images.pokemontcg.io/hgss1/82_hires.png,2026/08/08,2026/01/16,0.42,0.15000000596046448,0.4099999964237213,1.25,,2.09,,,,0.6344,0.0231,0.496,0.9574,0.7267000079154968,0.4268,0.4153,0.9574,1.9033,1.5226,1.1535,2026-08-09
swsh35-79,Charizard V,holofoil,Champion's Path,79,Rare Secret,5ban Graphics,Basic|V,6,Pokémon,2020/09/25,"tcgplayer,cardmarket",https://prices.pokemontcg.io/tcgplayer/swsh35-79,https://images.pokemontcg.io/swsh35/79_hires.png,2026/08/08,2026/01/21,269.07,229.22999572753906,280.239990234375,449.99,,,,,,276.7246,114.1965,283.8879,0.0,219.1649932861328,291.6625,260.5872,403.7135,382.7428,404.8785,1.1535,2026-08-09
ex10-75,Spinarak,normal,Unseen Forces,75,Common,Sachiko Adachi,Basic,167,Pokémon,2005/08/01,"tcgplayer,cardmarket",https://prices.pokemontcg.io/tcgplayer/ex10-75,https://images.pokemontcg.io/ex10/75_hires.png,2026/08/08,2026/02/04,0.55,0.20000000298023224,0.5,19.42,,54.99,,,,1.1074,0.0231,1.2112,20.7399,0.46140000224113464,0.1961,0.7382,6.8633,11.0159,6.1828,1.1535,2026-08-09
neo4-76,Phanpy,unlimited,Neo Destiny,76,Common,Miki Tanaka,Basic,231,Pokémon,2002/02/28,"tcgplayer,cardmarket",https://prices.pokemontcg.io/tcgplayer/neo4-76,https://images.pokemontcg.io/neo4/76_hires.png,2026/08/08,2026/02/01,1.77,0.7400000095367432,1.6200000047683716,23.49,,,,,"{""1stEdition"": {""low"": 2.0, ""mid"": 5.99, ""high"": 36.1, ""market"": 3.71, ""directLow"": null}}",1.638,0.0231,2.2032,0.0,0.3921999931335449,1.3265,1.4534,0.0,0.0,0.0,1.1535,2026-08-09
sm9-79,Larvitar,normal,Team Up,79,Common,Ken Sugimori,Basic,246,Pokémon,2019/02/01,"tcgplayer,cardmarket",https://prices.pokemontcg.io/tcgplayer/sm9-79,https://images.pokemontcg.io/sm9/79_hires.png,2026/08/08,2026/01/19,0.28,0.10000000149011612,0.2800000011920929,19.98,,0.67,,,,0.0807,0.0231,0.0692,0.5767,0.05770000070333481,0.0923,0.0923,0.5652,0.6114,1.8341,1.1535,2026-08-09
base4-74,Exeggcute,normal,Base Set 2,74,Common,Mitsuhiro Arita,Basic,102,Pokémon,2000/02/24,"tcgplayer,cardmarket",https://prices.pokemontcg.io/tcgplayer/base4-74,https://images.pokemontcg.io/base4/74_hires.png,2026/08/08,2026/02/01,0.98,0.20000000298023224,0.7099999785423279,16.76,,,,,,0.7498,0.0807,0.5883,0.0,0.911300003528595,0.5537,0.6229,1.1535,0.6921,0.6921,1.1535,2026-08-09
sm4-66,Lairon,normal,Crimson Invasion,66,Uncommon,Atsuko Nishida,Stage 1,305,Pokémon,2017/11/03,"tcgplayer,cardmarket",https://prices.pokemontcg.io/tcgplayer/sm4-66,https://images.pokemontcg.io/sm4/66_hires.png,2026/08/08,2026/01/19,0.07,0.009999999776482582,0.20000000298023224,19.98,,0.31,,,,0.1038,0.0231,0.15,0.2884,0.08070000261068344,0.15,0.0807,0.2307,0.323,0.2768,1.1535,2026-08-09
dp2-69,Abra,normal,Mysterious Treasures,69,Common,Ken Sugimori,Basic,63,Pokémon,2007/08/01,"tcgplayer,cardmarket",https://prices.pokemontcg.io/tcgplayer/dp2-69,https://images.pokemontcg.io/dp2/69_hires.png,2026/08/08,2026/02/04,2.23,0.9399999976158142,2.119999885559082,32.9,,15.6,,,,0.4614,0.0231,1.1189,1.6841,0.8421000242233276,1.1189,0.5537,0.6806,0.8651,2.3185,1.1535,2026-08-09
dp7-68,Misdreavus,normal,Stormfront,68,Common,Atsuko Nishida,Basic,200,Pokémon,2008/11/01,"tcgplayer,cardmarket",https://prices.pokemontcg.io/tcgplayer/dp7-68,https://images.pokemontcg.io/dp7/68_hires.png,2026/08/08,2026/02/19,0.59,0.15000000596046448,0.4099999964237213,18.12,,4.99,,,,0.2076,0.0231,0.3114,0.9113,0.5421000123023987,0.3345,0.2307,0.9113,0.6806,0.6229,1.1535,2026-08-09
bw9-76,Deino,normal,Plasma Freeze,76,Common,Naoki Saito,Basic,633,Pokémon,2013/05/08,"tcgplayer,cardmarket",https://prices.pokemontcg.io/tcgplayer/bw9-76,https://images.pokemontcg.io/bw9/76_hires.png,2026/08/08,2026/01/19,0.31,0.10000000149011612,0.3100000023841858,19.98,,1.11,,,,0.2538,0.0231,0.2192,1.2112,0.17299999296665192,0.2422,0.1961,2.307,0.9343,0.8882,1.1535,2026-08-09
sm35-66,Super Scoop Up,normal,Shining Legends,66,Uncommon,Toyste Beach,Item,,Trainer,2017/10/06,"tcgplayer,cardmarket",https://prices.pokemontcg.io/tcgplayer/sm35-66,https://images.pokemontcg.io/sm35/66_hires.png,2026/08/08,2026/01/26,0.22,0.05000000074505806,0.2199999988079071,18.12,,0.36,,,,0.0577,0.0231,0.0923,0.2768,0.12690000236034393,0.15,0.0923,0.5191,0.3345,0.4153,1.1535,2026-08-09
sm6-70,Hawlucha,normal,Forbidden Light,70,Uncommon,Naoki Saito,Basic,701,Pokémon,2018/05/04,"tcgplayer,cardmarket",https://prices.pokemontcg.io/tcgplayer/sm6-70,https://images.pokemontcg.io/sm6/70_hires.png,2026/08/08,2026/01/19,0.27,0.09000000357627869,0.2800000011920929,19.98,,0.47,,,,0.0807,0.0231,0.1269,0.3345,0.11540000140666962,0.0923,0.1269,0.1384,0.4383,0.4499,1.1535,2026-08-09
xy9-67,Sudowoodo,normal,BREAKpoint,67,Uncommon,Hitoshi Ariga,Basic,185,Pokémon,2016/02/03,"tcgplayer,cardmarket",https://prices.pokemontcg.io/tcgplayer/xy9-67,https://images.pokemontcg.io/xy9/67_hires.png,2026/08/08,2026/01/21,0.37,0.20000000298023224,0.3499999940395355,19.98,,1.04,,,,0.3807,0.0231,0.2192,0.669,0.023099999874830246,0.1615,0.2653,0.3576,0.5767,0.8074,1.1535,2026-08-09
ex5-68,Oddish,normal,Hidden Legends,68,Common,Yuka Morii,Basic,43,Pokémon,2004/06/01,"tcgplayer,cardmarket",https://prices.pokemontcg.io/tcgplayer/ex5-68,https://images.pokemontcg.io/ex5/68_hires.png,2026/08/08,2026/02/01,5.0,1.9199999570846558,4.909999847412109,22.99,,36.32,,,,0.3691,0.0231,0.3691,17.1871,0.29989999532699585,0.2999,0.4383,5.7675,7.1978,5.7444,1.1535,2026-08-09
base1-77,Pokémon Trader,normal,Base,77,Rare,Ken Sugimori,,,Trainer,1999/01/09,"tcgplayer,cardmarket",https://prices.pokemontcg.io/tcgplayer/base1-77,https://images.pokemontcg.io/base1/77_hires.png,2026/08/08,2026/02/19,5.76,1.9900000095367432,4.989999771118164,53.06,,,,,,26.8996,13.8305,27.7532,0.0,13.830499649047852,35.7354,25.8615,0.0,0.0,0.0,1.1535,2026-08-09
xy4-69,Slurpuff,holofoil,Phantom Forces,69,Rare Holo,sui,Stage 1,685,Pokémon,2014/11/05,"tcgplayer,cardmarket",https://prices.pokemontcg.io/tcgplayer/xy4-69,https://images.pokemontcg.io/xy4/69_hires.png,2026/08/08,2026/01/19,4.06,2.799999952316284,4.800000190734863,42.74,,2.2,,,,1.5918,0.346,1.4534,1.9609,0.911300003528595,1.5226,2.0186,2.307,2.0417,2.0186,1.1535,2026-08-09
pl3-71,Minun,normal,Supreme Victors,71,Uncommon,Yuka Morii,Basic,312,Pokémon,2009/08/19,"tcgplayer,cardmarket",https://prices.pokemontcg.io/tcgplayer/pl3-71,https://images.pokemontcg.io/pl3/71_hires.png,2026/08/08,2026/02/01,18.19,24.0,47.9900016784668,67.92,,49.99,,,,2.0763,0.173,2.5954,5.6406,2.8722000122070312,2.4224,1.8802,8.6512,4.464,3.1375,1.1535,2026-08-09
ecard2-50,Golduck,normal,Aquapolis,50,Uncommon,Sumiyoshi Kizuki,Stage 1,55,Pokémon,2003/01/15,tcgplayer,https://prices.pokemontcg.io/tcgplayer/ecard2-50,https://images.pokemontcg.io/ecard2/50_hires.png,2026/08/08,,17.62,11.0,20.399999618530273,185.38,,59.99,,,,,,,,,,,,,,,2026-08-09
sm8-72,Electivire,normal,Lost Thunder,72,Rare,Akira Komayama,Stage 1,466,Pokémon,2018/11/02,"tcgplayer,cardmarket",https://prices.pokemontcg.io/tcgplayer/sm8-72,https://images.pokemontcg.io/sm8/72_hires.png,2026/08/08,2026/01/19,0.4,0.20999999344348907,0.4099999964237213,19.98,,0.82,,,,0.4153,0.0577,0.323,1.2458,0.41530001163482666,0.3922,0.5652,1.6841,1.7533,1.2342,1.1535,2026-08-09
pl4-77,Tangela,normal,Arceus,77,Common,Kagemaru Himeno,Basic,114,Pokémon,2009/11/04,"tcgplayer,cardmarket",https://prices.pokemontcg.io/tcgplayer/pl4-77,https://images.pokemontcg.io/pl4/77_hires.png,2026/08/08,2026/02/01,0.41,0.10000000149011612,0.3499999940395355,19.98,,6.5,,,,0.1384,0.0231,0.1846,1.1535,0.1615000069141388,0.1269,0.15,1.1535,0.669,0.8305,1.1535,2026-08-09
ex15-64,Smoochum δ,normal,Dragon Frontiers,64,Common,Miki Tanaka,Basic,238,Pokémon,2006/11/01,"tcgplayer,cardmarket",https://prices.pokemontcg.io/tcgplayer/ex15-64,https://images.pokemontcg.io/ex15/64_hires.png,2026/08/08,2026/02/19,0.96,0.6100000143051147,1.0,19.98,,14.96,,,,0.3807,0.0231,0.6806,5.7675,0.51910001039505,0.6806,0.4268,4.6025,6.2174,4.8678,1.1535,2026-08-09
sm3-72,Sawk,normal,Burning Shadows,72,Common,Shigenori Negishi,Basic,539,Pokémon,2017/08/05,"tcgplayer,cardmarket",https://prices.pokemontcg.io/tcgplayer/sm3-72,https://images.pokemontcg.io/sm3/72_hires.png,2026/08/08,2026/01/19,0.09,0.009999999776482582,0.1899999976158142,19.98,,0.27,,,,0.0577,0.0231,0.0692,0.2192,0.05770000070333481,0.0807,0.0577,0.173,0.2422,0.2422,1.1535,2026-08-09
swsh3-70,Snubbull,normal,Darkness Ablaze,70,Common,otumami,Basic,209,Pokémon,2020/08/14,"tcgplayer,cardmarket",https://prices.pokemontcg.io/tcgplayer/swsh3-70,https://images.pokemontcg.io/swsh3/70_hires.png,2026/08/08,2026/01/19,0.03,0.009999999776482582,0.1599999964237213,25.03,,0.27,,,,0.0807,0.0231,0.0692,0.2307,0.04610000178217888,0.0461,0.0577,0.1615,0.1961,0.2076,1.1535,2026-08-09
xy2-85,Lopunny,normal,Flashfire,85,Rare,Sanosuke Sakuma,Stage 1,428,Pokémon,2014/05/07,"tcgplayer,cardmarket",https://prices.pokemontcg.io/tcgplayer/xy2-85,https://images.pokemontcg.io/xy2/85_hires.png,2026/08/08,2026/01/16,0.56,0.2800000011920929,0.550000011920929,19.99,,2.52,,,,0.5767,0.0231,0.5306,1.1535,0.11540000140666962,0.4268,0.5306,1.1535,1.315,1.2573,1.1535,2026-08-09
col1-76,Cheerleader's Cheer,normal,Call of Legends,76,Uncommon,Kouki Saitou,Supporter,,Trainer,2011/02/09,"tcgplayer,cardmarket",https://prices.pokemontcg.io/tcgplayer/col1-76,https://images.pokemontcg.io/col1/76_hires.png,2026/08/08,2026/02/01,0.37,0.11999999731779099,0.3700000047683716,17.42,,1.62,,,,0.4153,0.0231,0.496,1.5457,0.10379999876022339,0.2884,0.3922,1.0381,1.9033,1.9725,1.1535,2026-08-09
bw2-68,Vullaby,normal,Emerging Powers,68,Common,sui,Basic,629,Pokémon,2011/08/31,"tcgplayer,cardmarket",https://prices.pokemontcg.io/tcgplayer/bw2-68,https://images.pokemontcg.io/bw2/68_hires.png,2026/08/08,2026/01/21,0.25,0.12999999523162842,0.25,19.98,,0.74,,,,0.2422,0.0231,0.15,0.6921,0.17299999296665192,0.1269,0.173,1.142,0.7498,0.7382,1.1535,2026-08-09
xy7-76,Level Ball,normal,Ancient Origins,76,Uncommon,Toyste Beach,Item,,Trainer,2015/08/12,"tcgplayer,cardmarket",https://prices.pokemontcg.io/tcgplayer/xy7-76,https://images.pokemontcg.io/xy7/76_hires.png,2026/08/08,2026/01/19,0.33,0.09000000357627869,0.3100000023841858,9.99,,1.02,,,,0.2307,0.0,1.0958,0.0,0.23070000112056732,0.4037,0.4037,0.2307,0.2307,0.2307,1.1535,2026-08-09
xy11-78,Gardevoir-EX,holofoil,Steam Siege,78,Rare Holo EX,Eske Yoshinob,Basic|EX,282,Pokémon,2016/08/03,"tcgplayer,cardmarket",https://prices.pokemontcg.io/tcgplayer/xy11-78,https://images.pokemontcg.io/xy11/78_hires.png,2026/08/08,2026/01/19,5.13,2.990000009536743,5.449999809265137,50.2,,,,,,4.118,1.3842,3.8642,0.0,4.613999843597412,4.8447,4.291,3.4605,3.1952,3.2413,1.1535,2026-08-09
dp4-69,Houndour,normal,Great Encounters,69,Common,Ken Sugimori,Basic,228,Pokémon,2008/02/01,"tcgplayer,cardmarket",https://prices.pokemontcg.io/tcgplayer/dp4-69,https://images.pokemontcg.io/dp4/69_hires.png,2026/08/08,2026/02/01,1.33,0.11999999731779099,0.4000000059604645,19.52,,5.61,,,,0.1615,0.0231,0.173,2.1455,0.05770000070333481,0.1154,0.15,1.9609,1.6726,1.315,1.1535,2026-08-09
hgss3-74,Flower Shop Lady,normal,HS—Undaunted,74,Uncommon,Kanako Eo,Supporter,,Trainer,2010/08/18,"tcgplayer,cardmarket",https://prices.pokemontcg.io/tcgplayer/hgss3-74,https://images.pokemontcg.io/hgss3/74_hires.png,2026/08/08,2026/02/19,2.9,1.4800000190734863,3.0,29.5,,8.38,,,,0.346,0.0231,0.1961,1.3727,0.05770000070333481,0.4268,0.5075,0.5767,1.3727,1.9148,1.1535,2026-08-09
sm12-76,Koffing,normal,Cosmic Eclipse,76,Common,Naoyo Kimura,Basic,109,Pokémon,2019/11/01,"tcgplayer,cardmarket",https://prices.pokemontcg.io/tcgplayer/sm12-76,https://images.pokemontcg.io/sm12/76_hires.png,2026/08/08,2026/01/19,0.19,0.009999999776482582,0.20999999344348907,19.98,,0.35,,,,0.0692,0.0231,0.0923,0.2768,0.023099999874830246,0.0923,0.0692,0.0923,0.2192,0.3576,1.1535,2026-08-09
sma-SV69,Umbreon-GX,holofoil,Hidden Fates Shiny Vault,SV69,Rare Shiny GX,5ban Graphics,Stage 1|GX,197,Pokémon,2019/08/23,"tcgplayer,cardmarket",https://prices.pokemontcg.io/tcgplayer/sma-SV69,https://images.pokemontcg.io/sma/SV69_hires.png,2026/08/08,2026/01/19,310.39,224.9499969482422,349.0,599.99,,,,,,329.8664,115.35,279.816,0.0,195.51820373535156,277.3937,246.9067,165.3312,171.1679,183.9256,1.1535,2026-08-09
ex4-77,Team Aqua Conspirator,normal,Team Magma vs Team Aqua,77,Uncommon,Ken Sugimori,Supporter,,Trainer,2004/03/01,"tcgplayer,cardmarket",https://prices.pokemontcg.io/tcgplayer/ex4-77,https://images.pokemontcg.io/ex4/77_hires.png,2026/08/08,2026/02/19,0.71,0.25,0.699999988079071,19.98,,5.05,,,,0.4037,0.0577,0.3807,1.3265,0.34599998593330383,0.5883,0.5767,1.3265,1.5457,2.5608,1.1535,2026-08-09
gym1-77,Erika's Exeggcute,unlimited,Gym Heroes,77,Common,Ken Sugimori,Basic,102,Pokémon,2000/08/14,"tcgplayer,cardmarket",https://prices.pokemontcg.io/tcgplayer/gym1-77,https://images.pokemontcg.io/gym1/77_hires.png,2026/08/08,2026/02/01,0.72,0.3199999928474426,0.699999988079071,19.98,,,,,"{""1stEdition"": {""low"": 1.1, ""mid"": 3.01, ""high"": 31.68, ""market"": 3.12, ""directLow"": null}}",0.8882,0.1154,1.5803,0.0,2.8838000297546387,1.2112,0.9459,2.307,2.307,2.307,1.1535,2026-08-09
bw3-70,Mienshao,normal,Noble Victories,70,Uncommon,Atsuko Nishida,Stage 1,620,Pokémon,2011/11/16,"tcgplayer,cardmarket",https://prices.pokemontcg.io/tcgplayer/bw3-70,https://images.pokemontcg.io/bw3/70_hires.png,2026/08/08,2026/02/19,0.4,0.25,0.44999998807907104,2.49,,2.56,,,,0.2768,0.0231,0.2076,0.0,0.23070000112056732,0.2768,0.2884,0.1154,1.8802,1.6956,1.1535,2026-08-09
ex8-74,Slugma,normal,Deoxys,74,Common,Aya Kusube,Basic,218,Pokémon,2005/02/01,"tcgplayer,cardmarket",https://prices.pokemontcg.io/tcgplayer/ex8-74,https://images.pokemontcg.io/ex8/74_hires.png,2026/08/08,2026/02/01,1.9,0.8999999761581421,2.0299999713897705,26.38,,37.13,,,,0.819,0.0577,0.7613,8.6743,0.6920999884605408,0.8305,0.6575,3.0683,7.417,9.8048,1.1535,2026-08-09
bw7-77,Meloetta,holofoil,Boundaries Crossed,77,Rare Holo,5ban Graphics,Basic,648,Pokémon,2012/11/07,"tcgplayer,cardmarket",https://prices.pokemontcg.io/tcgplayer/bw7-77,https://images.pokemontcg.io/bw7/77_hires.png,2026/08/08,2026/01/16,12.02,8.0,10.0,159.4,,14.72,,,,5.1677,0.7959,5.433,0.0,5.190700054168701,5.1677,4.0719,4.614,3.4836,3.1606,1.1535,2026-08-09
xy10-72,Diancie-EX,holofoil,Fates Collide,72,Rare Holo EX,Eske Yoshinob,Basic|EX,719,Pokémon,2016/05/02,"tcgplayer,cardmarket",https://prices.pokemontcg.io/tcgplayer/xy10-72,https://images.pokemontcg.io/xy10/72_hires.png,2026/08/08,2026/01/19,4.95,3.75,5.139999866485596,53.84,,,,,,4.0488,1.6149,3.795,0.0,5.709799766540527,4.0373,4.3718,2.2955,3.1837,2.9414,1.1535,2026-08-09
bw6-74,Houndour,normal,Dragons Exalted,74,Common,Akira Komayama,Basic,228,Pokémon,2012/08/15,"tcgplayer,cardmarket",https://prices.pokemontcg.io/tcgplayer/bw6-74,https://images.pokemontcg.io/bw6/74_hires.png,2026/08/08,2026/02/01,0.49,0.25,0.4699999988079071,5.0,,6.54,,,,0.1154,0.0231,0.0692,2.307,0.06920000165700912,0.1038,0.15,2.307,1.3727,0.8882,1.1535,2026-08-09
xy12-71,Porygon,normal,Evolutions,71,Uncommon,Tomoaki Imakuni,Basic,137,Pokémon,2016/11/02,"tcgplayer,cardmarket",https://prices.pokemontcg.io/tcgplayer/xy12-71,https://images.pokemontcg.io/xy12/71_hires.png,2026/08/08,2026/02/01,0.22,0.03999999910593033,0.25,5.95,,0.62,,,,0.15,0.0231,0.0923,0.5883,0.03460000082850456,0.1038,0.1384,0.1154,0.8074,0.5652,1.1535,2026-08-09
dp3-80,Burmy Trash Cloak,normal,Secret Wonders,80,Common,Ken Sugimori,Basic,412,Pokémon,2007/11/01,"tcgplayer,cardmarket",https://prices.pokemontcg.io/tcgplayer/dp3-80,https://images.pokemontcg.io/dp3/80_hires.png,2026/08/08,2026/01/19,0.82,0.15000000596046448,0.49000000953674316,19.98,,5.98,,,,0.2999,0.0231,0.2538,0.9574,0.25380000472068787,0.3114,0.2538,1.1304,0.7382,0.7613,1.1535,2026-08-09
base6-70,Charmander,normal,Legendary Collection,70,Common,Mitsuhiro Arita,Basic,4,Pokémon,2002/05/24,"tcgplayer,cardmarket",https://prices.pokemontcg.io/tcgplayer/base6-70,https://images.pokemontcg.io/base6/70_hires.png,2026/08/08,2026/02/19,2.25,0.5,1.399999976158142,18.76,,599.5,,,,1.8456,0.346,2.2955,151.8352,4.037300109863281,2.3531,1.661,103.7573,288.3519,168.1457,1.1535,2026-08-09
ex7-74,Sandshrew,normal,Team Rocket Returns,74,Common,Atsuko Nishida,Basic,27,Pokémon,2004/11/01,"tcgplayer,cardmarket",https://prices.pokemontcg.io/tcgplayer/ex7-74,https://images.pokemontcg.io/ex7/74_hires.png,2026/08/08,2026/02/01,2.08,0.8500000238418579,2.680000066757202,30.0,,55.49,,,,0.346,0.0346,0.2999,9.228,0.17299999296665192,0.3114,0.5191,17.3025,10.3584,8.4321,1.1535,2026-08-09
bw5-69,Zorua,normal,Dark Explorers,69,Common,Masakazu Fukuda,Basic,570,Pokémon,2012/05/09,"tcgplayer,cardmarket",https://prices.pokemontcg.io/tcgplayer/bw5-69,https://images.pokemontcg.io/bw5/69_hires.png,2026/08/08,2026/02/01,1.3,0.3700000047683716,1.0800000429153442,19.98,,9.88,,,,0.15,0.0231,0.2653,0.0,0.05770000070333481,0.2768,0.2076,13.842,3.2183,2.8722,1.1535,2026-08-09
dp1-77,Clefairy,normal,Diamond & Pearl,77,Common,Ken Sugimori,Basic,35,Pokémon,2007/05/01,"tcgplayer,cardmarket",https://prices.pokemontcg.io/tcgplayer/dp1-77,https://images.pokemontcg.io/dp1/77_hires.png,2026/08/08,2026/02/04,1.29,0.6000000238418579,0.9700000286102295,19.98,,4.58,,,,0.5075,0.0231,0.4383,2.0302,0.1615000069141388,0.6575,0.496,1.0266,1.1074,0.9459,1.1535,2026-08-09
ex3-76,Taillow,normal,Dragon,76,Common,Kyoko Umemoto,Basic,276,Pokémon,2003/11/24,"tcgplayer,cardmarket",https://prices.pokemontcg.io/tcgplayer/ex3-76,https://images.pokemontcg.io/ex3/76_hires.png,2026/08/08,2026/02/01,0.57,0.25,0.550000011920929,20.57,,10.05,,,,0.2999,0.0231,0.4499,2.457,1.3841999769210815,0.346,0.323,0.346,5.5137,2.7799,1.1535,2026-08-09
hgss4-73,Porygon,normal,HS—Triumphant,73,Common,Kouki Saitou,Basic,137,Pokémon,2010/11/03,"tcgplayer,cardmarket",https://prices.pokemontcg.io/tcgplayer/hgss4-73,https://images.pokemontcg.io/hgss4/73_hires.png,2026/08/08,2026/01/21,0.33,0.18000000715255737,0.3499999940395355,19.98,,8.05,,,,0.1615,0.0231,0.2768,1.142,0.1615000069141388,0.2768,0.2884,1.142,0.9805,1.0958,1.1535,2026-08-09
swsh1-76,Boltund,holofoil,Sword & Shield,76,Rare Holo,Kouki Saitou,Stage 1,836,Pokémon,2020/02/07,"tcgplayer,cardmarket",https://prices.pokemontcg.io/tcgplayer/swsh1-76,https://images.pokemontcg.io/swsh1/76_hires.png,2026/08/08,2026/01/19,0.34,0.11999999731779099,0.3499999940395355,19.42,,0.47,,,,0.5191,0.0346,0.5767,0.669,0.17299999296665192,0.6344,0.6921,0.5767,0.5421,0.7728,1.1535,2026-08-09
bw4-80,Meowth,normal,Next Destinies,80,Common,Naoki Saito,Basic,52,Pokémon,2012/02/08,"tcgplayer,cardmarket",https://prices.pokemontcg.io/tcgplayer/bw4-80,https://images.pokemontcg.io/bw4/80_hires.png,2026/08/08,2026/01/21,0.48,0.20000000298023224,0.4300000071525574,19.98,,6.13,,,,0.2538,0.0231,0.346,2.0071,0.4959999918937683,0.3576,0.2653,1.0381,1.2804,2.48,1.1535,2026-08-09
base5-72,Rocket's Sneak Attack,unlimited,Team Rocket,72,Rare,Ken Sugimori,,,Trainer,2000/04/24,"tcgplayer,cardmarket",https://prices.pokemontcg.io/tcgplayer/base5-72,https://images.pokemontcg.io/base5/72_hires.png,2026/08/08,2026/02/22,11.21,5.630000114440918,7.769999980926514,60.0,,,,,"{""1stEdition"": {""low"": 7.46, ""mid"": 11.87, ""high"": 139.44, ""market"": 13.05, ""directLow"": null}}",11.4312,2.0186,11.9503,0.0,19.609500885009766,12.1579,11.7196,4.614,6.9325,3.7027,1.1535,2026-08-09
xy5-78,Nosepass,normal,Primal Clash,78,Common,Satoshi Shirai,Basic,299,Pokémon,2015/02/04,"tcgplayer,cardmarket",https://prices.pokemontcg.io/tcgplayer/xy5-78,https://images.pokemontcg.io/xy5/78_hires.png,2026/08/08,2026/01/16,0.18,0.009999999776482582,0.20000000298023224,19.98,,0.72,,,,0.0923,0.0231,0.0807,1.1304,0.05770000070333481,0.0923,0.1038,0.5191,0.7036,0.6575,1.1535,2026-08-09
gym1-78,Erika's Oddish,unlimited,Gym Heroes,78,Common,Ken Sugimori,Basic,43,Pokémon,2000/08/14,"tcgplayer,cardmarket",https://prices.pokemontcg.io/tcgplayer/gym1-78,https://images.pokemontcg.io/gym1/78_hires.png,2026/08/08,2026/02/01,0.86,0.25,0.75,16.14,,,,,"{""1stEdition"": {""low"": 1.86, ""mid"": 2.79, ""high"": 32.01, ""market"": 2.79, ""directLow"": 5.99}}",0.819,0.0461,0.7267,0.0,0.40369999408721924,0.8651,0.819,0.0,0.0,0.0,1.1535,2026-08-09
gym2-79,Koga's Koffing,unlimited,Gym Challenge,79,Common,Ken Sugimori,Basic,109,Pokémon,2000/10/16,"tcgplayer,cardmarket",https://prices.pokemontcg.io/tcgplayer/gym2-79,https://images.pokemontcg.io/gym2/79_hires.png,2026/08/08,2026/02/01,1.22,0.28999999165534973,0.949999988079071,9.99,,,,,"{""1stEdition"": {""low"": 1.67, ""mid"": 3.0, ""high"": 35.56, ""market"": 2.59, ""directLow"": 5.99}}",1.0612,0.0231,1.2112,0.0,1.153499960899353,1.2342,1.0497,0.9113,0.9113,0.9113,1.1535,2026-08-09
sm2-72,Pancham,normal,Guardians Rising,72,Common,TOKIYA,Basic,674,Pokémon,2017/05/05,"tcgplayer,cardmarket",https://prices.pokemontcg.io/tcgplayer/sm2-72,https://images.pokemontcg.io/sm2/72_hires.png,2026/08/08,2026/01/19,0.23,0.009999999776482582,0.23000000417232513,4.0,,0.34,,,,0.0577,0.0231,0.0231,0.3807,0.03460000082850456,0.0461,0.0807,0.5191,0.3576,0.2884,1.1535,2026-08-09
ex15-67,Totodile δ,normal,Dragon Frontiers,67,Common,Hisao Nakamura,Basic,158,Pokémon,2006/11/01,"tcgplayer,cardmarket",https://prices.pokemontcg.io/tcgplayer/ex15-67,https://images.pokemontcg.io/ex15/67_hires.png,2026/08/08,2026/02/19,4.48,0.7400000095367432,2.940000057220459,50.0,,59.7,,,,0.4845,0.0231,0.646,8.3167,0.8651000261306763,0.5421,0.5191,4.0373,7.071,7.9822,1.1535,2026-08-09
bw7-80,Gligar,normal,Boundaries Crossed,80,Common,Atsuko Nishida,Basic,207,Pokémon,2012/11/07,"tcgplayer,cardmarket",https://prices.pokemontcg.io/tcgplayer/bw7-80,https://images.pokemontcg.io/bw7/80_hires.png,2026/08/08,2026/01/16,0.25,0.15000000596046448,0.25999999046325684,19.98,,0.9,,,,0.2076,0.0231,0.1846,0.0,0.46140000224113464,0.2076,0.173,0.9113,0.5191,0.6229,1.1535,2026-08-09
xyp-XY71,Hoopa-EX,holofoil,XY Black Star Promos,XY71,Promo,Eske Yoshinob,Basic|EX,720,Pokémon,2013/10/12,"tcgplayer,cardmarket",https://prices.pokemontcg.io/tcgplayer/xyp-XY71,https://images.pokemontcg.io/xyp/XY71_hires.png,2026/08/08,2026/02/01,3.15,1.690000057220459,2.8299999237060547,96.95,,,,,,3.2183,1.0381,3.1606,0.0,3.4489998817443848,3.126,3.8412,1.7187,1.9148,2.3993,1.1535,2026-08-09
g1-66,Olympia,normal,Generations,66,Uncommon,Ken Sugimori,Supporter,,Trainer,2016/02/22,"tcgplayer,cardmarket",https://prices.pokemontcg.io/tcgplayer/g1-66,https://images.pokemontcg.io/g1/66_hires.png,2026/08/08,2026/02/04,0.3,0.10000000149011612,0.30000001192092896,19.98,,0.99,,,,0.1615,0.0231,0.2653,3.0568,0.2768000066280365,0.2884,0.2768,0.5767,1.315,1.3727,1.1535,2026-08-09
sm1-75,Palossand,normal,Sun & Moon,75,Rare,Kouki Saitou,Stage 1,770,Pokémon,2017/02/03,"tcgplayer,cardmarket",https://prices.pokemontcg.io/tcgplayer/sm1-75,https://images.pokemontcg.io/sm1/75_hires.png,2026/08/08,2026/01/19,0.18,0.03999999910593033,0.20000000298023224,19.98,,0.27,,,,0.1615,0.0231,0.1269,0.496,0.05770000070333481,0.1384,0.2538,0.5767,0.4268,0.4153,1.1535,2026-08-09
bw2-71,Ferroseed,normal,Emerging Powers,71,Common,MAHOU,Basic,597,Pokémon,2011/08/31,"tcgplayer,cardmarket",https://prices.pokemontcg.io/tcgplayer/bw2-71,https://images.pokemontcg.io/bw2/71_hires.png,2026/08/08,2026/01/21,0.31,0.05000000074505806,0.28999999165534973,19.98,,1.04,,,,0.1154,0.0231,0.1154,0.0,0.11540000140666962,0.1154,0.1384,1.0958,0.7613,0.669,1.1535,2026-08-09
dp5-77,Turtwig,normal,Majestic Dawn,77,Common,Daisuke Ito,Basic,387,Pokémon,2008/05/01,"tcgplayer,cardmarket",https://prices.pokemontcg.io/tcgplayer/dp5-77,https://images.pokemontcg.io/dp5/77_hires.png,2026/08/08,2026/02/01,0.57,0.15000000596046448,0.3799999952316284,19.98,,11.99,,,,0.1961,0.0231,0.2307,3.945,0.15000000596046448,0.1846,0.173,6.921,3.1491,3.4951,1.1535,2026-08-09
pl2-76,Quagsire GL,normal,Rising Rivals,76,Common,Midori Harada,Basic|SP,195,Pokémon,2009/05/16,"tcgplayer,cardmarket",https://prices.pokemontcg.io/tcgplayer/pl2-76,https://images.pokemontcg.io/pl2/76_hires.png,2026/08/08,2026/02/01,1.35,0.4000000059604645,1.190000057220459,19.98,,16.17,,,,0.2999,0.0231,0.2653,0.346,0.11540000140666962,0.2076,0.2422,0.346,2.7338,1.9263,1.1535,2026-08-09
bw8-77,Lucario,normal,Plasma Storm,77,Uncommon,Ken Sugimori,Stage 1,448,Pokémon,2013/02/06,"tcgplayer,cardmarket",https://prices.pokemontcg.io/tcgplayer/bw8-77,https://images.pokemontcg.io/bw8/77_hires.png,2026/08/08,2026/01/16,2.7,1.350000023841858,3.240000009536743,29.2,,27.83,,,,1.7995,0.1038,1.3842,0.0,0.46140000224113464,2.1455,1.488,4.0373,4.9831,4.3372,1.1535,2026-08-09
ex9-78,Lum Berry,normal,Emerald,78,Uncommon,Kazuo Yazawa,Pokémon Tool,,Trainer,2005/05/01,"tcgplayer,cardmarket",https://prices.pokemontcg.io/tcgplayer/ex9-78,https://images.pokemontcg.io/ex9/78_hires.png,2026/08/08,2026/02/04,0.71,0.25,0.7900000214576721,19.98,,7.99,,,,0.7613,0.0231,0.4153,2.307,0.51910001039505,0.496,0.6344,2.307,2.9876,4.1411,1.1535,2026-08-09
ex5-71,Seedot,normal,Hidden Legends,71,Common,Hisao Nakamura,Basic,273,Pokémon,2004/06/01,"tcgplayer,cardmarket",https://prices.pokemontcg.io/tcgplayer/ex5-71,https://images.pokemontcg.io/ex5/71_hires.png,2026/08/08,2026/02/01,0.29,0.05000000074505806,0.3499999940395355,20.35,,11.32,,,,0.173,0.0231,0.1038,14.7302,0.04610000178217888,0.1038,0.3922,5.7098,8.4436,6.1136,1.1535,2026-08-09
xy7-79,Paint Roller,normal,Ancient Origins,79,Uncommon,Toyste Beach,Item,,Trainer,2015/08/12,"tcgplayer,cardmarket",https://prices.pokemontcg.io/tcgplayer/xy7-79,https://images.pokemontcg.io/xy7/79_hires.png,2026/08/08,2026/01/16,0.1,0.009999999776482582,0.20000000298023224,1000.0,,0.27,,,,0.173,0.0231,0.2653,0.0,0.023099999874830246,0.1384,0.2307,0.5767,0.5767,0.4845,1.1535,2026-08-09
sm2-75,Mudbray,normal,Guardians Rising,75,Common,Kouki Saitou,Basic,749,Pokémon,2017/05/05,"tcgplayer,cardmarket",https://prices.pokemontcg.io/tcgplayer/sm2-75,https://images.pokemontcg.io/sm2/75_hires.png,2026/08/08,2026/01/16,0.17,0.009999999776482582,0.20999999344348907,4.0,,0.34,,,,0.0461,0.0231,0.0461,0.3922,0.04610000178217888,0.0692,0.0692,0.3807,0.2884,0.2884,1.1535,2026-08-09
bw1-76,Klinklang,holofoil,Black & White,76,Rare Holo,5ban Graphics,Stage 2,601,Pokémon,2011/04/25,"tcgplayer,cardmarket",https://prices.pokemontcg.io/tcgplayer/bw1-76,https://images.pokemontcg.io/bw1/76_hires.png,2026/08/08,2026/02/01,1.22,0.9300000071525574,1.2300000190734863,19.98,,2.71,,,,1.6495,0.1154,1.4419,2.5954,0.6805999875068665,1.4419,1.5803,1.2689,2.7338,2.1686,1.1535,2026-08-09
hgss4-76,Skorupi,normal,HS—Triumphant,76,Common,Sumiyoshi Kizuki,Basic,451,Pokémon,2010/11/03,"tcgplayer,cardmarket",https://prices.pokemontcg.io/tcgplayer/hgss4-76,https://images.pokemontcg.io/hgss4/76_hires.png,2026/08/08,2026/01/21,0.33,0.10000000149011612,0.28999999165534973,2.0,,1.28,,,,0.1961,0.0231,0.15,0.5537,0.10379999876022339,0.2192,0.173,1.1304,0.6344,0.8305,1.1535,2026-08-09
pl3-74,Numel,normal,Supreme Victors,74,Uncommon,Kagemaru Himeno,Basic,322,Pokémon,2009/08/19,"tcgplayer,cardmarket",https://prices.pokemontcg.io/tcgplayer/pl3-74,https://images.pokemontcg.io/pl3/74_hires.png,2026/08/08,2026/02/01,0.83,0.20000000298023224,0.49000000953674316,19.98,,1.19,,,,0.2307,0.0577,0.3114,1.6034,0.3345000147819519,0.2768,0.4268,0.2307,2.1686,1.4765,1.1535,2026-08-09
dp2-72,Barboach,normal,Mysterious Treasures,72,Common,Ken Sugimori,Basic,339,Pokémon,2007/08/01,"tcgplayer,cardmarket",https://prices.pokemontcg.io/tcgplayer/dp2-72,https://images.pokemontcg.io/dp2/72_hires.png,2026/08/08,2026/02/04,0.27,0.09000000357627869,0.27000001072883606,18.0,,1.3,,,,0.2538,0.0231,0.2768,1.1189,0.23070000112056732,0.2653,0.1961,0.5191,2.2263,1.9725,1.1535,2026-08-09
base4-78,Machop,normal,Base Set 2,78,Common,Mitsuhiro Arita,Basic,66,Pokémon,2000/02/24,"tcgplayer,cardmarket",https://prices.pokemontcg.io/tcgplayer/base4-78,https://images.pokemontcg.io/base4/78_hires.png,2026/08/08,2026/02/01,0.6,0.20000000298023224,0.5,5.0,,,,,,0.3345,0.0577,0.496,0.0,1.6610000133514404,0.3691,0.3807,0.1154,0.1154,0.1154,1.1535,2026-08-09
swsh1-79,Morpeko V,holofoil,Sword & Shield,79,Rare Holo V,5ban Graphics,Basic|V,877,Pokémon,2020/02/07,"tcgplayer,cardmarket",https://prices.pokemontcg.io/tcgplayer/swsh1-79,https://images.pokemontcg.io/swsh1/79_hires.png,2026/08/08,2026/01/16,1.21,0.6700000166893005,1.2400000095367432,90.0,,,,,,1.3727,0.4614,1.3842,0.0,1.1419999599456787,1.6149,1.4649,1.8687,3.0452,3.0914,1.1535,2026-08-09
neo2-71,Wooper,unlimited,Neo Discovery,71,Common,Yukiko Baba,Basic,194,Pokémon,2001/06/01,"tcgplayer,cardmarket",https://prices.pokemontcg.io/tcgplayer/neo2-71,https://images.pokemontcg.io/neo2/71_hires.png,2026/08/08,2026/03/07,2.79,0.38999998569488525,1.7999999523162842,23.7,,,,,"{""1stEdition"": {""low"": 6.05, ""mid"": 15.25, ""high"": 96.7, ""market"": 17.01, ""directLow"": 18.49}}",0.6114,0.0231,0.8536,0.0,1.8456000089645386,0.9459,0.7613,0.0,0.0,0.0,1.1535,2026-08-09
gym1-82,Lt. Surge's Rattata,unlimited,Gym Heroes,82,Common,Ken Sugimori,Basic,19,Pokémon,2000/08/14,"tcgplayer,cardmarket",https://prices.pokemontcg.io/tcgplayer/gym1-82,https://images.pokemontcg.io/gym1/82_hires.png,2026/08/08,2026/02/01,0.75,0.25,0.6000000238418579,17.38,,,,,"{""1stEdition"": {""low"": 0.9, ""mid"": 2.99, ""high"": 32.3, ""market"": 2.67, ""directLow"": null}}",0.6921,0.0231,0.5191,0.0,0.31139999628067017,0.5652,0.7036,0.0,0.0,0.0,1.1535,2026-08-09
sm9-82,Lycanroc-GX,holofoil,Team Up,82,Rare Holo GX,5ban Graphics,Stage 1|GX,745,Pokémon,2019/02/01,"tcgplayer,cardmarket",https://prices.pokemontcg.io/tcgplayer/sm9-82,https://images.pokemontcg.io/sm9/82_hires.png,2026/08/08,2026/01/16,2.45,1.6100000143051147,2.569999933242798,30.58,,,,,,2.4224,0.5537,2.5146,0.0,2.0762999057769775,2.2493,3.1837,3.0568,4.4179,4.2218,1.1535,2026-08-09
gym2-83,Koga's Zubat,unlimited,Gym Challenge,83,Common,Ken Sugimori,Basic,41,Pokémon,2000/10/16,"tcgplayer,cardmarket",https://prices.pokemontcg.io/tcgplayer/gym2-83,https://images.pokemontcg.io/gym2/83_hires.png,2026/08/08,2026/02/01,1.25,0.25,1.0,19.98,,,,,"{""1stEdition"": {""low"": 1.05, ""mid"": 2.75, ""high"": 30.48, ""market"": 2.8, ""directLow"": 1.9}}",1.3265,0.1038,1.4419,0.0,1.7302000522613525,1.6149,1.3265,0.0,0.0,0.0,1.1535,2026-08-09
swsh3-73,Gothita,normal,Darkness Ablaze,73,Common,Mizue,Basic,574,Pokémon,2020/08/14,"tcgplayer,cardmarket",https://prices.pokemontcg.io/tcgplayer/swsh3-73,https://images.pokemontcg.io/swsh3/73_hires.png,2026/08/08,2026/01/19,0.09,0.009999999776482582,0.1899999976158142,25.05,,0.37,,,,0.0577,0.0231,0.0346,0.1961,0.04610000178217888,0.0577,0.0577,0.2653,0.2192,0.2192,1.1535,2026-08-09
dp6-77,Unown [R],normal,Legends Awakened,77,Uncommon,Kent Kanetsuna,Basic,201,Pokémon,2008/08/01,"tcgplayer,cardmarket",https://prices.pokemontcg.io/tcgplayer/dp6-77,https://images.pokemontcg.io/dp6/77_hires.png,2026/08/08,2026/02/01,8.09,7.769999980926514,9.460000038146973,79.2,,16.5,,,,3.2413,0.1154,2.4108,3.8642,1.61489999294281,1.9033,2.63,3.449,3.1606,3.8181,1.1535,2026-08-09
ex2-71,Onix,normal,Sandstorm,71,Common,Midori Harada,Basic,95,Pokémon,2003/09/18,"tcgplayer,cardmarket",https://prices.pokemontcg.io/tcgplayer/ex2-71,https://images.pokemontcg.io/ex2/71_hires.png,2026/08/08,2026/02/19,0.95,0.6600000262260437,1.0,21.01,,21.06,,,,0.4268,0.0231,0.5421,10.7391,0.28839999437332153,0.6575,0.4383,8.0745,6.575,3.8527,1.1535,2026-08-09
dp3-84,Corsola,normal,Secret Wonders,84,Common,Midori Harada,Basic,222,Pokémon,2007/11/01,"tcgplayer,cardmarket",https://prices.pokemontcg.io/tcgplayer/dp3-84,https://images.pokemontcg.io/dp3/84_hires.png,2026/08/08,2026/01/19,0.37,0.15000000596046448,0.3499999940395355,19.98,,2.99,,,,0.173,0.0231,0.2538,0.8074,0.23070000112056732,0.2307,0.1961,0.5652,0.5537,0.8305,1.1535,2026-08-09
xy3-66,Scraggy,normal,Furious Fists,66,Common,Tomokazu Komiya,Basic,559,Pokémon,2014/08/13,"tcgplayer,cardmarket",https://prices.pokemontcg.io/tcgplayer/xy3-66,https://images.pokemontcg.io/xy3/66_hires.png,2026/08/08,2026/01/21,0.27,0.14000000059604645,0.3100000023841858,1000.0,,1.61,,,,0.2422,0.0231,0.2768,0.3922,0.4383000135421753,0.3114,0.1961,0.5652,0.4499,0.7267,1.1535,2026-08-09
xy6-76,M Rayquaza-EX,holofoil,Roaring Skies,76,Rare Holo EX,5ban Graphics,MEGA|EX,384,Pokémon,2015/05/06,"tcgplayer,cardmarket",https://prices.pokemontcg.io/tcgplayer/xy6-76,https://images.pokemontcg.io/xy6/76_hires.png,2026/08/08,2026/01/19,88.18,45.0,56.90999984741211,445.99,,,,,,57.2136,23.07,100.4006,0.0,102.08470153808594,64.0539,65.6111,10.3238,11.8926,11.2351,1.1535,2026-08-09
xy4-72,Deino,normal,Phantom Forces,72,Common,Shigenori Negishi,Basic,633,Pokémon,2014/11/05,"tcgplayer,cardmarket",https://prices.pokemontcg.io/tcgplayer/xy4-72,https://images.pokemontcg.io/xy4/72_hires.png,2026/08/08,2026/01/19,0.16,0.05000000074505806,0.25,1000.0,,0.54,,,,0.15,0.0231,0.1154,0.0,0.05770000070333481,0.1154,0.1615,0.346,0.2884,0.4614,1.1535,2026-08-09
xy9-70,Garchomp,holofoil,BREAKpoint,70,Rare Holo,TOKIYA,Stage 2,445,Pokémon,2016/02/03,"tcgplayer,cardmarket",https://prices.pokemontcg.io/tcgplayer/xy9-70,https://images.pokemontcg.io/xy9/70_hires.png,2026/08/08,2026/01/21,2.13,0.6499999761581421,2.0999999046325684,30.0,,4.33,,,,1.9609,0.346,2.0302,1.6956,3.4028000831604004,1.6726,1.7418,1.7302,1.6149,1.7302,1.1535,2026-08-09
neo4-79,Psyduck,unlimited,Neo Destiny,79,Common,Yuka Morii,Basic,54,Pokémon,2002/02/28,"tcgplayer,cardmarket",https://prices.pokemontcg.io/tcgplayer/neo4-79,https://images.pokemontcg.io/neo4/79_hires.png,2026/08/08,2026/02/01,32.04,22.65999984741211,31.8799991607666,249.0,,,,,"{""1stEdition"": {""low"": 50.0, ""mid"": 100.0, ""high"": 1200.0, ""market"": 52.5, ""directLow"": null}}",3.7373,0.1038,5.1561,0.0,2.283900022506714,3.2298,3.945,0.0,0.0,0.0,1.1535,2026-08-09
bwp-BW68,Meloetta,normal,BW Black Star Promos,BW68,Promo,Naoki Saito,Basic,648,Pokémon,2011/03/01,"tcgplayer,cardmarket",https://prices.pokemontcg.io/tcgplayer/bwp-BW68,https://images.pokemontcg.io/bwp/BW68_hires.png,2026/08/08,2026/02/04,5.64,3.740000009536743,5.940000057220459,66.3,,,,,,3.6912,1.7302,2.8491,0.0,3.4605000019073486,3.3798,3.299,0.0,0.0,0.0,1.1535,2026-08-09
ex4-80,Team Magma Ball,normal,Team Magma vs Team Aqua,80,Uncommon,Ryo Ueda,Item,,Trainer,2004/03/01,"tcgplayer,cardmarket",https://prices.pokemontcg.io/tcgplayer/ex4-80,https://images.pokemontcg.io/ex4/80_hires.png,2026/08/08,2026/02/04,1.17,0.5,1.1100000143051147,19.98,,16.22,,,,0.5306,0.0577,0.6229,2.4454,0.34599998593330383,0.5652,0.646,2.8838,1.8917,3.3105,1.1535,2026-08-09
ex1-68,Ralts,normal,Ruby & Sapphire,68,Common,Kagemaru Himeno,Basic,280,Pokémon,2003/07/01,"tcgplayer,cardmarket",https://prices.pokemontcg.io/tcgplayer/ex1-68,https://images.pokemontcg.io/ex1/68_hires.png,2026/08/08,2026/02/19,2.45,1.25,2.2899999618530273,25.6,,12.14,,,,0.7959,0.0577,1.0381,0.0,0.40369999408721924,1.2112,0.6806,4.614,3.9219,3.945,1.1535,2026-08-09
pl1-79,Lapras,normal,Platinum,79,Common,Mitsuhiro Arita,Basic,131,Pokémon,2009/02/11,"tcgplayer,cardmarket",https://prices.pokemontcg.io/tcgplayer/pl1-79,https://images.pokemontcg.io/pl1/79_hires.png,2026/08/08,2026/02/01,2.4,0.8899999856948853,2.0,29.99,,14.18,,,,0.4499,0.0231,0.5306,4.8101,0.8996999859809875,0.646,0.5537,13.5421,5.9867,5.4676,1.1535,2026-08-09
bw3-73,Terrakion,holofoil,Noble Victories,73,Rare Holo,5ban Graphics,Basic,639,Pokémon,2011/11/16,"tcgplayer,cardmarket",https://prices.pokemontcg.io/tcgplayer/bw3-73,https://images.pokemontcg.io/bw3/73_hires.png,2026/08/08,2026/02/19,2.34,1.5,2.6500000953674316,33.0,,3.12,,,,2.8722,0.1154,3.1721,4.614,4.833199977874756,3.0337,2.3416,4.614,3.2067,3.1837,1.1535,2026-08-09
bw11-82,Excadrill-EX,holofoil,Legendary Treasures,82,Rare Holo EX,Ryo Ueda,Basic|EX,530,Pokémon,2013/11/06,"tcgplayer,cardmarket",https://prices.pokemontcg.io/tcgplayer/bw11-82,https://images.pokemontcg.io/bw11/82_hires.png,2026/08/08,2026/01/16,4.36,2.9600000381469727,4.570000171661377,50.0,,,,,,7.2555,4.0373,7.8669,0.0,7.209400177001953,7.6016,7.1748,3.4605,5.4907,5.2138,1.1535,2026-08-09
sm5-78,Alolan Diglett,normal,Ultra Prism,78,Common,Naoyo Kimura,Basic,50,Pokémon,2018/02/02,"tcgplayer,cardmarket",https://prices.pokemontcg.io/tcgplayer/sm5-78,https://images.pokemontcg.io/sm5/78_hires.png,2026/08/08,2026/01/19,0.14,0.019999999552965164,0.23000000417232513,19.98,,0.54,,,,0.15,0.0231,0.1154,0.5421,0.04610000178217888,0.1154,0.1038,0.2307,0.5421,0.4383,1.1535,2026-08-09
xy1-80,Skarmory-EX,holofoil,XY,80,Rare Holo EX,Eske Yoshinob,Basic|EX,227,Pokémon,2014/02/05,"tcgplayer,cardmarket",https://prices.pokemontcg.io/tcgplayer/xy1-80,https://images.pokemontcg.io/xy1/80_hires.png,2026/08/08,2026/01/16,4.96,2.0,4.25,1540.2,,,,,,4.7986,0.9228,4.9831,0.0,3.22979998588562,4.8678,4.6717,4.4986,3.8412,3.8181,1.1535,2026-08-09
ex16-71,Battle Frontier,normal,Power Keepers,71,Uncommon,Midori Harada,Stadium,,Trainer,2007/02/02,"tcgplayer,cardmarket",https://prices.pokemontcg.io/tcgplayer/ex16-71,https://images.pokemontcg.io/ex16/71_hires.png,2026/08/08,2026/02/19,1.98,0.8999999761581421,2.0,27.3,,7.48,,,,1.1074,0.173,1.5918,3.4605,5.190700054168701,1.5457,1.3727,3.4605,3.945,4.6601,1.1535,2026-08-09
ex12-82,React Energy,normal,Legend Maker,82,Uncommon,Takumi Akabane,Special,,Energy,2006/02/01,"tcgplayer,cardmarket",https://prices.pokemontcg.io/tcgplayer/ex12-82,https://images.pokemontcg.io/ex12/82_hires.png,2026/08/08,2026/02/01,0.72,0.20000000298023224,0.6899999976158142,19.98,,4.6,,,,0.2422,0.0231,0.1846,7.3824,0.10379999876022339,0.2076,0.346,13.842,5.1792,3.3221,1.1535,2026-08-09
ex11-77,Meowth,normal,Delta Species,77,Common,Hiroki Fuchino,Basic,52,Pokémon,2005/10/31,"tcgplayer,cardmarket",https://prices.pokemontcg.io/tcgplayer/ex11-77,https://images.pokemontcg.io/ex11/77_hires.png,2026/08/08,2026/02/01,1.45,0.4000000059604645,1.4299999475479126,19.99,,66.11,,,,0.4153,0.0231,0.0231,20.9937,0.40369999408721924,0.4268,0.6114,18.456,16.5297,13.3806,1.1535,2026-08-09
hgss1-86,Totodile,normal,HeartGold & SoulSilver,86,Common,kawayoo,Basic,158,Pokémon,2010/02/10,"tcgplayer,cardmarket",https://prices.pokemontcg.io/tcgplayer/hgss1-86,https://images.pokemontcg.io/hgss1/86_hires.png,2026/08/08,2026/01/16,2.25,0.6499999761581421,1.6200000047683716,20.0,,21.78,,,,0.5537,0.0231,0.9574,0.0,1.7302000522613525,1.0035,0.5652,0.5767,4.9254,4.3026,1.1535,2026-08-09
ex14-76,Crystal Shard,normal,Crystal Guardians,76,Uncommon,Takumi Akabane,Pokémon Tool,,Trainer,2006/08/01,"tcgplayer,cardmarket",https://prices.pokemontcg.io/tcgplayer/ex14-76,https://images.pokemontcg.io/ex14/76_hires.png,2026/08/08,2026/02/04,0.42,0.25,0.4300000071525574,19.98,,3.52,,,,0.8536,0.1961,0.6921,2.307,0.17299999296665192,0.646,1.0843,5.7675,4.0834,3.6566,1.1535,2026-08-09
bw11-83,Stunfisk,normal,Legendary Treasures,83,Uncommon,Yuka Morii,Basic,618,Pokémon,2013/11/06,"tcgplayer,cardmarket",https://prices.pokemontcg.io/tcgplayer/bw11-83,https://images.pokemontcg.io/bw11/83_hires.png,2026/08/08,2026/01/16,4.25,3.240000009536743,6.269999980926514,75.6,,7.5,,,,3.0683,1.7302,2.9991,0.0,3.4489998817443848,2.9299,1.8225,11.5235,6.0443,3.3221,1.1535,2026-08-09
ex10-79,Wooper,normal,Unseen Forces,79,Common,Kagemaru Himeno,Basic,194,Pokémon,2005/08/01,"tcgplayer,cardmarket",https://prices.pokemontcg.io/tcgplayer/ex10-79,https://images.pokemontcg.io/ex10/79_hires.png,2026/08/08,2026/02/01,4.23,0.33000001311302185,2.990000009536743,19.98,,50.0,,,,0.2768,0.0231,0.2653,12.2963,0.6344000101089478,0.323,0.2999,4.614,10.3815,8.8589,1.1535,2026-08-09
ex15-68,Trapinch δ,normal,Dragon Frontiers,68,Common,Midori Harada,Basic,328,Pokémon,2006/11/01,"tcgplayer,cardmarket",https://prices.pokemontcg.io/tcgplayer/ex15-68,https://images.pokemontcg.io/ex15/68_hires.png,2026/08/08,2026/02/19,0.4,0.10000000149011612,0.44999998807907104,19.98,,15.16,,,,0.2192,0.0231,0.3114,4.9831,0.28839999437332153,0.2422,0.2307,2.2955,4.8101,4.6486,1.1535,2026-08-09
sm11-75,Alolan Marowak,normal,Unified Minds,75,Rare,Masakazu Fukuda,Stage 1,105,Pokémon,2019/08/02,"tcgplayer,cardmarket",https://prices.pokemontcg.io/tcgplayer/sm11-75,https://images.pokemontcg.io/sm11/75_hires.png,2026/08/08,2026/01/19,0.59,0.23999999463558197,0.5699999928474426,19.98,,3.63,,,,0.4153,0.0461,0.3807,1.3727,0.4383000135421753,0.4153,0.4845,1.4419,1.3727,1.4534,1.1535,2026-08-09
dp6-78,Unown [U],normal,Legends Awakened,78,Uncommon,Kent Kanetsuna,Basic,201,Pokémon,2008/08/01,"tcgplayer,cardmarket",https://prices.pokemontcg.io/tcgplayer/dp6-78,https://images.pokemontcg.io/dp6/78_hires.png,2026/08/08,2026/02/01,1.71,0.4000000059604645,1.2999999523162842,96.95,,5.07,,,,1.2919,0.1154,1.1535,1.8341,0.7843999862670898,0.6575,0.7844,0.346,1.3381,2.0763,1.1535,2026-08-09
xyp-XY72,Latios-EX,holofoil,XY Black Star Promos,XY72,Promo,Ayaka Yoshida,Basic|EX,381,Pokémon,2013/10/12,"tcgplayer,cardmarket",https://prices.pokemontcg.io/tcgplayer/xyp-XY72,https://images.pokemontcg.io/xyp/XY72_hires.png,2026/08/08,2026/01/21,15.98,4.789999961853027,14.0,49.99,,,,,,5.0985,2.307,5.6868,0.0,4.602499961853027,5.26,7.9245,4.5563,4.118,4.0257,1.1535,2026-08-09
g1-67,Poké Ball,normal,Generations,67,Uncommon,5ban Graphics,Item,,Trainer,2016/02/22,"tcgplayer,cardmarket",https://prices.pokemontcg.io/tcgplayer/g1-67,https://images.pokemontcg.io/g1/67_hires.png,2026/08/08,2026/02/04,0.17,0.03999999910593033,0.2199999988079071,1000.0,,0.39,,,,0.0923,0.0231,0.15,0.2307,0.3345000147819519,0.1384,0.1038,1.7302,0.7152,0.7613,1.1535,2026-08-09
xy5-82,Trapinch,normal,Primal Clash,82,Common,Suwama Chiaki,Basic,328,Pokémon,2015/02/04,"tcgplayer,cardmarket",https://prices.pokemontcg.io/tcgplayer/xy5-82,https://images.pokemontcg.io/xy5/82_hires.png,2026/08/08,2026/01/16,0.2,0.03999999910593033,0.2199999988079071,1000.0,,0.42,,,,0.1154,0.0231,0.1269,0.6344,0.11540000140666962,0.1615,0.0807,0.7382,0.323,0.4383,1.1535,2026-08-09
pl3-75,Pinsir,normal,Supreme Victors,75,Uncommon,Kouki Saitou,Basic,127,Pokémon,2009/08/19,"tcgplayer,cardmarket",https://prices.pokemontcg.io/tcgplayer/pl3-75,https://images.pokemontcg.io/pl3/75_hires.png,2026/08/08,2026/02/01,0.75,0.5,0.6800000071525574,19.98,,1.38,,,,0.5767,0.1038,0.6344,1.1535,0.11540000140666962,0.646,0.5537,1.1535,1.638,2.2032,1.1535,2026-08-09
bw3-74,Landorus,holofoil,Noble Victories,74,Rare Holo,5ban Graphics,Basic,645,Pokémon,2011/11/16,"tcgplayer,cardmarket",https://prices.pokemontcg.io/tcgplayer/bw3-74,https://images.pokemontcg.io/bw3/74_hires.png,2026/08/08,2026/02/19,5.29,1.8300000429153442,5.380000114440918,55.1,,5.54,,,,1.8917,0.0461,2.5377,0.0,0.6920999884605408,1.3265,2.6761,1.1304,3.6681,2.3531,1.1535,2026-08-09
sm3-76,Lycanroc,normal,Burning Shadows,76,Rare,Masakazu Fukuda,Stage 1,745,Pokémon,2017/08/05,"tcgplayer,cardmarket",https://prices.pokemontcg.io/tcgplayer/sm3-76,https://images.pokemontcg.io/sm3/76_hires.png,2026/08/08,2026/01/19,0.32,0.15000000596046448,0.3199999928474426,19.98,,0.53,,,,0.2999,0.0231,0.2192,0.2192,0.03460000082850456,0.3691,0.5537,0.2884,0.2192,0.3691,1.1535,2026-08-09
pl4-81,Wingull,normal,Arceus,81,Common,Naoyo Kimura,Basic,278,Pokémon,2009/11/04,"tcgplayer,cardmarket",https://prices.pokemontcg.io/tcgplayer/pl4-81,https://images.pokemontcg.io/pl4/81_hires.png,2026/08/08,2026/01/19,0.33,0.10000000149011612,0.30000001192092896,19.98,,5.2,,,,0.1961,0.0231,0.15,0.0,0.05770000070333481,0.1846,0.1615,2.0763,0.7498,0.9228,1.1535,2026-08-09
bw1-77,Patrat,normal,Black & White,77,Common,Kagemaru Himeno,Basic,504,Pokémon,2011/04/25,"tcgplayer,cardmarket",https://prices.pokemontcg.io/tcgplayer/bw1-77,https://images.pokemontcg.io/bw1/77_hires.png,2026/08/08,2026/02/01,0.26,0.05000000074505806,0.25,19.98,,1.4,,,,0.1269,0.0231,0.1154,1.5457,0.05770000070333481,0.1384,0.15,1.7302,1.2112,1.0728,1.1535,2026-08-09
xy12-75,Charizard Spirit Link,normal,Evolutions,75,Uncommon,5ban Graphics,Pokémon Tool,,Trainer,2016/11/02,"tcgplayer,cardmarket",https://prices.pokemontcg.io/tcgplayer/xy12-75,https://images.pokemontcg.io/xy12/75_hires.png,2026/08/08,2026/02/01,0.36,0.05000000074505806,0.36000001430511475,19.36,,8.48,,,,0.4153,0.0231,0.346,5.8598,0.11540000140666962,0.2884,0.3345,11.212,5.9521,6.252,1.1535,2026-08-09
xy11-82,Xerneas BREAK,holofoil,Steam Siege,82,Rare BREAK,5ban Graphics,BREAK,716,Pokémon,2016/08/03,"tcgplayer,cardmarket",https://prices.pokemontcg.io/tcgplayer/xy11-82,https://images.pokemontcg.io/xy11/82_hires.png,2026/08/08,2026/01/19,7.62,5.989999771118164,7.739999771118164,12.87,,,,,,4.6947,1.1535,5.1215,0.0,4.602499961853027,4.7409,4.2679,8.0745,6.7595,4.3141,1.1535,2026-08-09
bw6-78,Aron,normal,Dragons Exalted,78,Common,Sumiyoshi Kizuki,Basic,304,Pokémon,2012/08/15,"tcgplayer,cardmarket",https://prices.pokemontcg.io/tcgplayer/bw6-78,https://images.pokemontcg.io/bw6/78_hires.png,2026/08/08,2026/01/16,0.38,0.10000000149011612,0.4000000059604645,5.0,,1.18,,,,0.2422,0.0231,0.2076,5.756,0.28839999437332153,0.2653,0.1961,5.756,2.0186,1.0612,1.1535,2026-08-09
bw5-73,Vullaby,normal,Dark Explorers,73,Uncommon,match,Basic,629,Pokémon,2012/05/09,"tcgplayer,cardmarket",https://prices.pokemontcg.io/tcgplayer/bw5-73,https://images.pokemontcg.io/bw5/73_hires.png,2026/08/08,2026/02/01,0.45,0.10000000149011612,0.38999998569488525,19.98,,1.13,,,,0.3114,0.0231,0.2999,0.9113,0.03460000082850456,0.2768,0.2192,0.9113,0.7267,0.7728,1.1535,2026-08-09
ecard1-72,Chansey,normal,Expedition Base Set,72,Uncommon,Sumiyoshi Kizuki,Basic,113,Pokémon,2002/09/15,"tcgplayer,cardmarket",https://prices.pokemontcg.io/tcgplayer/ecard1-72,https://images.pokemontcg.io/ecard1/72_hires.png,2026/08/08,2026/02/19,8.6,4.0,10.0,72.41,,43.49,,,,2.1801,0.173,2.48,35.0433,3.4489998817443848,3.0222,2.457,17.3025,26.7727,12.5962,1.1535,2026-08-09
base4-79,Magnemite,normal,Base Set 2,79,Common,Keiji Kinebuchi,Basic,81,Pokémon,2000/02/24,"tcgplayer,cardmarket",https://prices.pokemontcg.io/tcgplayer/base4-79,https://images.pokemontcg.io/base4/79_hires.png,2026/08/08,2026/02/01,0.47,0.15000000596046448,0.47999998927116394,9.99,,,,,,0.4383,0.0461,0.6806,0.0,1.1303999423980713,0.5652,0.4037,0.1154,0.1154,0.1154,1.1535,2026-08-09
ex16-72,Drake's Stadium,normal,Power Keepers,72,Uncommon,Ryo Ueda,Stadium,,Trainer,2007/02/02,"tcgplayer,cardmarket",https://prices.pokemontcg.io/tcgplayer/ex16-72,https://images.pokemontcg.io/ex16/72_hires.png,2026/08/08,2026/02/19,1.42,0.30000001192092896,1.3899999856948853,19.98,,3.13,,,,0.8536,0.1038,0.819,3.622,1.2689000368118286,1.0728,0.5652,3.4605,3.4374,3.8296,1.1535,2026-08-09
xy4-73,Zweilous,normal,Phantom Forces,73,Uncommon,Kagemaru Himeno,Stage 1,634,Pokémon,2014/11/05,"tcgplayer,cardmarket",https://prices.pokemontcg.io/tcgplayer/xy4-73,https://images.pokemontcg.io/xy4/73_hires.png,2026/08/08,2026/01/19,0.22,0.10000000149011612,0.25,1000.0,,0.68,,,,0.2192,0.0231,0.15,0.5652,0.05770000070333481,0.1846,0.2192,0.6921,0.5883,0.6575,1.1535,2026-08-09
hgss1-87,Vulpix,normal,HeartGold & SoulSilver,87,Common,TOKIYA,Basic,37,Pokémon,2010/02/10,"tcgplayer,cardmarket",https://prices.pokemontcg.io/tcgplayer/hgss1-87,https://images.pokemontcg.io/hgss1/87_hires.png,2026/08/08,2026/01/16,3.2,0.8700000047683716,1.8799999952316284,50.0,,21.48,,,,0.5537,0.0231,0.8074,4.7063,0.29989999532699585,0.819,0.4729,9.8048,5.8482,4.464,1.1535,2026-08-09
sm35-69,Double Colorless Energy,normal,Shining Legends,69,Uncommon,,Special,,Energy,2017/10/06,"tcgplayer,cardmarket",https://prices.pokemontcg.io/tcgplayer/sm35-69,https://images.pokemontcg.io/sm35/69_hires.png,2026/08/08,2026/01/21,0.6,0.09000000357627869,0.6000000238418579,19.98,,1.18,,,,0.5306,0.0577,0.6114,0.669,0.7498000264167786,0.6575,0.5767,0.4499,0.6806,1.1535,1.1535,2026-08-09
bw4-84,Minccino,normal,Next Destinies,84,Uncommon,Tomohiro Kitakaze,Basic,572,Pokémon,2012/02/08,"tcgplayer,cardmarket",https://prices.pokemontcg.io/tcgplayer/bw4-84,https://images.pokemontcg.io/bw4/84_hires.png,2026/08/08,2026/01/16,1.87,1.0,1.8200000524520874,29.88,,2.11,,,,0.2884,0.0231,0.2884,1.0035,0.17299999296665192,0.2768,0.2307,0.2307,1.165,0.7728,1.1535,2026-08-09
sm2-76,Mudsdale,holofoil,Guardians Rising,76,Rare Holo,Mitsuhiro Arita,Stage 1,750,Pokémon,2017/05/05,"tcgplayer,cardmarket",https://prices.pokemontcg.io/tcgplayer/sm2-76,https://images.pokemontcg.io/sm2/76_hires.png,2026/08/08,2026/01/16,0.54,0.20999999344348907,0.5099999904632568,19.98,,0.42,,,,0.4729,0.1038,0.5652,0.7498,0.6575000286102295,0.4499,0.5421,0.8074,0.669,0.5652,1.1535,2026-08-09
sm1-76,Alolan Rattata,normal,Sun & Moon,76,Common,Kouki Saitou,Basic,19,Pokémon,2017/02/03,"tcgplayer,cardmarket",https://prices.pokemontcg.io/tcgplayer/sm1-76,https://images.pokemontcg.io/sm1/76_hires.png,2026/08/08,2026/01/19,0.18,0.009999999776482582,0.20000000298023224,18.62,,0.38,,,,0.0577,0.0231,0.0692,0.2653,0.12690000236034393,0.0807,0.0577,0.4499,0.2884,0.3114,1.1535,2026-08-09
ex6-76,Ponyta,normal,FireRed & LeafGreen,76,Common,Ken Sugimori,Basic,77,Pokémon,2004/09/01,"tcgplayer,cardmarket",https://prices.pokemontcg.io/tcgplayer/ex6-76,https://images.pokemontcg.io/ex6/76_hires.png,2026/08/08,2026/02/01,0.88,0.30000001192092896,0.7599999904632568,20.55,,17.61,,,,0.4037,0.0231,0.8305,0.2307,0.11540000140666962,1.7072,0.7382,0.3345,2.2839,3.968,1.1535,2026-08-09
neo1-73,Slowpoke,unlimited,Neo Genesis,73,Common,Tomokazu Komiya,Basic,79,Pokémon,2000/12/16,"tcgplayer,cardmarket",https://prices.pokemontcg.io/tcgplayer/neo1-73,https://images.pokemontcg.io/neo1/73_hires.png,2026/08/08,2026/02/04,8.12,2.5999999046325684,7.78000020980835,50.0,,,,,"{""1stEdition"": {""low"": 4.54, ""mid"": 13.3, ""high"": 94.26, ""market"": 12.24, ""directLow"": 19.99}}",1.3727,0.0231,1.3842,0.0,2.306999921798706,1.0151,1.3727,1.7302,1.7302,1.7302,1.1535,2026-08-09
dp3-85,Diglett,normal,Secret Wonders,85,Common,Takao Unno,Basic,50,Pokémon,2007/11/01,"tcgplayer,cardmarket",https://prices.pokemontcg.io/tcgplayer/dp3-85,https://images.pokemontcg.io/dp3/85_hires.png,2026/08/08,2026/01/19,0.45,0.23000000417232513,0.4000000059604645,19.98,,4.97,,,,0.1961,0.0231,0.2422,1.0381,0.40369999408721924,0.2422,0.1846,0.5767,0.9689,0.5306,1.1535,2026-08-09
base1-81,Energy Retrieval,normal,Base,81,Uncommon,Keiji Kinebuchi,,,Trainer,1999/01/09,"tcgplayer,cardmarket",https://prices.pokemontcg.io/tcgplayer/base1-81,https://images.pokemontcg.io/base1/81_hires.png,2026/08/08,2026/02/01,0.68,0.10000000149011612,0.5199999809265137,18.34,,,,,,1.142,0.0231,2.0302,0.0,0.3345000147819519,2.3877,1.1304,0.0461,0.0461,0.0461,1.1535,2026-08-09
neo2-72,Fossil Egg,unlimited,Neo Discovery,72,Uncommon,"K. Hoshiba, CR CG gangs",,,Trainer,2001/06/01,"tcgplayer,cardmarket",https://prices.pokemontcg.io/tcgplayer/neo2-72,https://images.pokemontcg.io/neo2/72_hires.png,2026/08/08,2026/03/07,0.69,0.15000000596046448,0.5,20.69,,,,,"{""1stEdition"": {""low"": 0.99, ""mid"": 1.45, ""high"": 19.98, ""market"": 1.5, ""directLow"": null}}",0.4845,0.0231,0.9113,0.0,1.3265000581741333,1.0497,0.6344,0.0,0.0,0.0,1.1535,2026-08-09
ex8-78,Surskit,normal,Deoxys,78,Common,Mitsuhiro Arita,Basic,283,Pokémon,2005/02/01,"tcgplayer,cardmarket",https://prices.pokemontcg.io/tcgplayer/ex8-78,https://images.pokemontcg.io/ex8/78_hires.png,2026/08/08,2026/02/01,0.64,0.25,0.6399999856948853,19.98,,12.69,,,,0.4037,0.0231,0.4499,13.842,0.25380000472068787,0.2653,0.346,11.4773,9.3318,9.574,1.1535,2026-08-09
col1-80,Lost Remover,normal,Call of Legends,80,Uncommon,Wataru Kawahara,Item,,Trainer,2011/02/09,"tcgplayer,cardmarket",https://prices.pokemontcg.io/tcgplayer/col1-80,https://images.pokemontcg.io/col1/80_hires.png,2026/08/08,2026/02/01,0.33,0.15000000596046448,0.3700000047683716,17.84,,3.42,,,,0.9805,0.0231,0.5191,0.9805,0.3345000147819519,0.4268,0.6229,0.9343,12.031,4.8101,1.1535,2026-08-09
swsh1-80,Morpeko VMAX,holofoil,Sword & Shield,80,Rare Holo VMAX,5ban Graphics,VMAX,877,Pokémon,2020/02/07,"tcgplayer,cardmarket",https://prices.pokemontcg.io/tcgplayer/swsh1-80,https://images.pokemontcg.io/swsh1/80_hires.png,2026/08/08,2026/01/16,4.18,2.680000066757202,4.099999904632568,99.0,,,,,,3.3567,1.1535,4.1872,0.0,5.190700054168701,4.5563,3.6105,8.0745,6.9441,7.567,1.1535,2026-08-09
bw10-86,Reversal Trigger,normal,Plasma Blast,86,Uncommon,5ban Graphics,Pokémon Tool|Team Plasma,,Trainer,2013/08/14,"tcgplayer,cardmarket",https://prices.pokemontcg.io/tcgplayer/bw10-86,https://images.pokemontcg.io/bw10/86_hires.png,2026/08/08,2026/01/16,0.24,0.03999999910593033,0.25,20.49,,0.47,,,,0.1615,0.0231,0.1961,0.0,0.19609999656677246,0.1961,0.2192,0.2307,0.5537,0.5652,1.1535,2026-08-09
sm75-76,Fiery Flint,holofoil,Dragon Majesty,76,Rare Secret,Eske Yoshinob,Item,,Trainer,2018/09/07,"tcgplayer,cardmarket",https://prices.pokemontcg.io/tcgplayer/sm75-76,https://images.pokemontcg.io/sm75/76_hires.png,2026/08/08,2026/01/21,9.93,8.739999771118164,10.0,104.18,,,,,,13.8305,9.6894,21.0052,0.0,16.137500762939453,19.5057,20.4516,23.07,29.1143,24.9271,1.1535,2026-08-09
xy10-76,Aerodactyl,normal,Fates Collide,76,Rare,kawayoo,Restored,142,Pokémon,2016/05/02,"tcgplayer,cardmarket",https://prices.pokemontcg.io/tcgplayer/xy10-76,https://images.pokemontcg.io/xy10/76_hires.png,2026/08/08,2026/01/19,0.59,0.20000000298023224,0.6000000238418579,19.18,,1.91,,,,1.0728,0.1154,0.9689,3.5643,0.46140000224113464,0.9228,0.9805,5.9982,3.4374,2.7223,1.1535,2026-08-09
ex2-72,Pikachu,normal,Sandstorm,72,Common,Mitsuhiro Arita,Basic,25,Pokémon,2003/09/18,"tcgplayer,cardmarket",https://prices.pokemontcg.io/tcgplayer/ex2-72,https://images.pokemontcg.io/ex2/72_hires.png,2026/08/08,2026/02/19,11.75,5.0,11.989999771118164,61.2,,140.33,,,,3.9911,0.5767,5.8828,42.6218,3.4605000019073486,6.4481,5.2946,23.07,33.5784,20.6823,1.1535,2026-08-09
swsh3-74,Gothorita,normal,Darkness Ablaze,74,Uncommon,sowsow,Stage 1,575,Pokémon,2020/08/14,"tcgplayer,cardmarket",https://prices.pokemontcg.io/tcgplayer/swsh3-74,https://images.pokemontcg.io/swsh3/74_hires.png,2026/08/08,2026/01/19,0.24,0.019999999552965164,0.23999999463558197,25.24,,0.33,,,,0.0692,0.0231,0.0807,0.346,0.05770000070333481,0.0923,0.0692,0.1038,0.346,0.2884,1.1535,2026-08-09
ex3-80,Treecko,normal,Dragon,80,Common,Hajime Kusajima,Basic,252,Pokémon,2003/11/24,"tcgplayer,cardmarket",https://prices.pokemontcg.io/tcgplayer/ex3-80,https://images.pokemontcg.io/ex3/80_hires.png,2026/08/08,2026/02/01,1.15,0.75,1.1699999570846558,21.29,,32.32,,,,0.6344,0.0346,0.4729,1.5918,0.219200000166893,0.323,0.6229,2.157,6.6442,3.8988,1.1535,2026-08-09
bw7-81,Gliscor,holofoil,Boundaries Crossed,81,Rare Holo,Kouki Saitou,Stage 1,472,Pokémon,2012/11/07,"tcgplayer,cardmarket",https://prices.pokemontcg.io/tcgplayer/bw7-81,https://images.pokemontcg.io/bw7/81_hires.png,2026/08/08,2026/01/16,1.98,0.9900000095367432,2.990000009536743,32.1,,3.46,,,,2.9645,0.5767,3.4836,0.0,2.1800999641418457,3.3682,2.9645,2.307,3.9219,2.6761,1.1535,2026-08-09
smp-SM72,Alolan Raichu,holofoil,SM Black Star Promos,SM72,Promo,Akira Komayama,Stage 1,26,Pokémon,2017/02/03,"tcgplayer,cardmarket",https://prices.pokemontcg.io/tcgplayer/smp-SM72,https://images.pokemontcg.io/smp/SM72_hires.png,2026/08/08,2026/01/19,41.67,40.0,60.0,349.99,,,,,,21.6166,17.3025,25.9537,0.0,17.302499771118164,20.5092,23.243,14.4072,9.2972,8.3744,1.1535,2026-08-09
ecard2-54,Marowak,normal,Aquapolis,54,Uncommon,Kagemaru Himeno,Stage 1,105,Pokémon,2003/01/15,"tcgplayer,cardmarket",https://prices.pokemontcg.io/tcgplayer/ecard2-54,https://images.pokemontcg.io/ecard2/54_hires.png,2026/08/08,2026/02/01,13.74,10.0,23.5,208.89,,38.75,,,,3.0914,0.5652,2.6877,5.6637,3.4605000019073486,4.0026,3.6105,9.228,7.2094,8.8243,1.1535,2026-08-09
xy9-71,Pancham,normal,BREAKpoint,71,Common,MAHOU,Basic,674,Pokémon,2016/02/03,"tcgplayer,cardmarket",https://prices.pokemontcg.io/tcgplayer/xy9-71,https://images.pokemontcg.io/xy9/71_hires.png,2026/08/08,2026/01/21,0.18,0.05000000074505806,0.2199999988079071,19.98,,0.46,,,,0.1269,0.0231,0.1038,0.5537,0.11540000140666962,0.0923,0.1269,0.346,0.6806,0.3922,1.1535,2026-08-09
ex4-81,Team Magma Belt,normal,Team Magma vs Team Aqua,81,Uncommon,Mitsuhiro Arita,Pokémon Tool,,Trainer,2004/03/01,"tcgplayer,cardmarket",https://prices.pokemontcg.io/tcgplayer/ex4-81,https://images.pokemontcg.io/ex4/81_hires.png,2026/08/08,2026/02/04,1.78,0.6100000143051147,1.5299999713897705,28.4,,5.17,,,,0.9805,0.1038,1.0035,4.0373,0.8651000261306763,0.7844,0.9574,4.0373,8.1898,4.1411,1.1535,2026-08-09
sm9-83,Alolan Grimer,normal,Team Up,83,Common,SATOSHI NAKAI,Basic,88,Pokémon,2019/02/01,"tcgplayer,cardmarket",https://prices.pokemontcg.io/tcgplayer/sm9-83,https://images.pokemontcg.io/sm9/83_hires.png,2026/08/08,2026/01/16,0.25,0.05000000074505806,0.25,2.0,,0.47,,,,0.0923,0.0231,0.0692,0.5767,0.03460000082850456,0.0923,0.1038,0.346,0.4383,0.4268,1.1535,2026-08-09
ex7-78,Spinarak,normal,Team Rocket Returns,78,Common,Yuka Morii,Basic,167,Pokémon,2004/11/01,"tcgplayer,cardmarket",https://prices.pokemontcg.io/tcgplayer/ex7-78,https://images.pokemontcg.io/ex7/78_hires.png,2026/08/08,2026/02/01,3.33,3.2899999618530273,6.849999904632568,69.8,,37.08,,,,1.0612,0.0231,1.165,9.5279,1.4419000148773193,1.1881,0.8882,17.3025,7.3939,6.4711,1.1535,2026-08-09
dp7-72,Roselia,normal,Stormfront,72,Common,Sumiyoshi Kizuki,Basic,315,Pokémon,2008/11/01,"tcgplayer,cardmarket",https://prices.pokemontcg.io/tcgplayer/dp7-72,https://images.pokemontcg.io/dp7/72_hires.png,2026/08/08,2026/02/01,0.32,0.18000000715255737,0.30000001192092896,19.98,,1.99,,,,0.1269,0.0231,0.2192,1.3611,0.11540000140666962,0.1846,0.1384,0.4037,0.8882,0.8882,1.1535,2026-08-09
ex9-79,Mr. Stone's Project,normal,Emerald,79,Uncommon,Ken Sugimori,Supporter,,Trainer,2005/05/01,"tcgplayer,cardmarket",https://prices.pokemontcg.io/tcgplayer/ex9-79,https://images.pokemontcg.io/ex9/79_hires.png,2026/08/08,2026/02/01,3.75,1.2200000286102295,3.549999952316284,19.69,,25.21,,,,0.7844,0.0577,0.669,9.1127,0.40369999408721924,0.7152,1.2919,9.1127,11.0159,7.2209,1.1535,2026-08-09
gym2-84,Lt. Surge's Pikachu,unlimited,Gym Challenge,84,Common,Atsuko Nishida,Basic,25,Pokémon,2000/10/16,"tcgplayer,cardmarket",https://prices.pokemontcg.io/tcgplayer/gym2-84,https://images.pokemontcg.io/gym2/84_hires.png,2026/08/08,2026/02/01,12.15,6.0,10.5,249.89,,,,,"{""1stEdition"": {""low"": 18.68, ""mid"": 24.99, ""high"": 249.4, ""market"": 24.29, ""directLow"": null}}",11.2697,2.307,10.2892,0.0,10.300800323486328,16.3105,11.4427,0.0,0.0,0.0,1.1535,2026-08-09
ex5-72,Shuppet,normal,Hidden Legends,72,Common,Midori Harada,Basic,353,Pokémon,2004/06/01,"tcgplayer,cardmarket",https://prices.pokemontcg.io/tcgplayer/ex5-72,https://images.pokemontcg.io/ex5/72_hires.png,2026/08/08,2026/02/01,0.65,0.30000001192092896,0.6499999761581421,20.66,,21.85,,,,0.3114,0.0231,0.323,5.756,0.6920999884605408,0.2884,0.3576,5.756,3.945,3.6566,1.1535,2026-08-09
xy6-77,Shaymin-EX,holofoil,Roaring Skies,77,Rare Holo EX,Ayaka Yoshida,Basic|EX,492,Pokémon,2015/05/06,"tcgplayer,cardmarket",https://prices.pokemontcg.io/tcgplayer/xy6-77,https://images.pokemontcg.io/xy6/77_hires.png,2026/08/08,2026/01/19,10.36,7.0,10.0,77.77,,,,,,4.5563,0.0,5.2138,0.0,4.613999843597412,5.3638,4.9139,3.4605,3.4605,3.4605,1.1535,2026-08-09
bw9-80,Mawile,normal,Plasma Freeze,80,Uncommon,Mitsuhiro Arita,Basic,303,Pokémon,2013/05/08,"tcgplayer,cardmarket",https://prices.pokemontcg.io/tcgplayer/bw9-80,https://images.pokemontcg.io/bw9/80_hires.png,2026/08/08,2026/01/16,0.47,0.25,0.4399999976158142,23.49,,3.92,,,,0.2538,0.0231,0.15,0.173,0.023099999874830246,0.2884,0.4037,0.173,0.992,1.0843,1.1535,2026-08-09
pl1-80,Lickitung,normal,Platinum,80,Common,Yuka Morii,Basic,108,Pokémon,2009/02/11,"tcgplayer,cardmarket",https://prices.pokemontcg.io/tcgplayer/pl1-80,https://images.pokemontcg.io/pl1/80_hires.png,2026/08/08,2026/02/01,9.41,5.880000114440918,10.5,162.9,,15.57,,,,0.4845,0.0231,0.2538,3.8527,0.6344000101089478,0.3345,0.6806,1.1996,4.8908,2.134,1.1535,2026-08-09
base6-74,Eevee,normal,Legendary Collection,74,Common,Kagemaru Himeno,Basic,133,Pokémon,2002/05/24,"tcgplayer,cardmarket",https://prices.pokemontcg.io/tcgplayer/base6-74,https://images.pokemontcg.io/base6/74_hires.png,2026/08/08,2026/02/01,5.35,2.559999942779541,4.099999904632568,54.0,,499.98,,,,2.2955,0.1154,2.2609,248.0025,0.57669997215271,1.9148,1.6726,74.9775,1042.2565,350.9178,1.1535,2026-08-09
ex11-78,Ponyta,normal,Delta Species,78,Common,Naoyo Kimura,Basic,77,Pokémon,2005/10/31,"tcgplayer,cardmarket",https://prices.pokemontcg.io/tcgplayer/ex11-78,https://images.pokemontcg.io/ex11/78_hires.png,2026/08/08,2026/02/01,0.57,0.15000000596046448,0.5600000023841858,19.98,,20.41,,,,0.2884,0.0231,0.2538,0.0,0.13840000331401825,0.2076,0.2768,17.3025,6.4481,7.1286,1.1535,2026-08-09
pl2-77,Sealeo,normal,Rising Rivals,77,Common,Saya Tsuruta,Stage 1,364,Pokémon,2009/05/16,"tcgplayer,cardmarket",https://prices.pokemontcg.io/tcgplayer/pl2-77,https://images.pokemontcg.io/pl2/77_hires.png,2026/08/08,2026/02/01,0.36,0.15000000596046448,0.4099999964237213,1.72,,2.16,,,,0.1615,0.0231,0.1961,0.8305,0.10379999876022339,0.2076,0.1615,0.8074,0.7382,1.0958,1.1535,2026-08-09
sm6-74,Diancie ◇,holofoil,Forbidden Light,74,Rare Prism Star,kawayoo,Basic|Prism Star,719,Pokémon,2018/05/04,"tcgplayer,cardmarket",https://prices.pokemontcg.io/tcgplayer/sm6-74,https://images.pokemontcg.io/sm6/74_hires.png,2026/08/08,2026/01/19,5.75,4.0,5.75,96.95,,,,,,4.1987,1.5342,4.1411,3.4605,3.4374001026153564,3.9796,3.8412,3.4605,2.803,3.1837,1.1535,2026-08-09
dp2-73,Bidoof,normal,Mysterious Treasures,73,Common,Yusuke Ohmura,Basic,399,Pokémon,2007/08/01,"tcgplayer,cardmarket",https://prices.pokemontcg.io/tcgplayer/dp2-73,https://images.pokemontcg.io/dp2/73_hires.png,2026/08/08,2026/02/01,0.68,0.25,0.5,19.98,,9.99,,,,0.3922,0.0231,0.3576,2.0763,0.15000000596046448,0.3345,0.2768,2.1916,1.3035,2.48,1.1535,2026-08-09
xy7-80,Sceptile Spirit Link,normal,Ancient Origins,80,Uncommon,5ban Graphics,Pokémon Tool,,Trainer,2015/08/12,"tcgplayer,cardmarket",https://prices.pokemontcg.io/tcgplayer/xy7-80,https://images.pokemontcg.io/xy7/80_hires.png,2026/08/08,2026/01/16,0.14,0.05000000074505806,0.2199999988079071,19.98,,0.41,,,,0.2422,0.0231,0.2192,0.6921,0.17299999296665192,0.2076,0.1846,0.5998,0.9343,0.7728,1.1535,2026-08-09
ecard3-46,Abra,normal,Skyridge,46,Common,Keiko Fukuyama,Basic,63,Pokémon,2003/05/12,"tcgplayer,cardmarket",https://prices.pokemontcg.io/tcgplayer/ecard3-46,https://images.pokemontcg.io/ecard3/46_hires.png,2026/08/08,2026/02/04,27.55,25.989999771118164,30.0,149.9,,145.55,,,,5.929,0.9113,5.6752,26.8189,5.698299884796143,6.5173,5.4907,37.4887,23.566,20.0017,1.1535,2026-08-09
base5-76,Imposter Oak's Revenge,unlimited,Team Rocket,76,Uncommon,Ken Sugimori,,,Trainer,2000/04/24,"tcgplayer,cardmarket",https://prices.pokemontcg.io/tcgplayer/base5-76,https://images.pokemontcg.io/base5/76_hires.png,2026/08/08,2026/02/19,3.81,0.75,2.25,79.99,,,,,"{""1stEdition"": {""low"": 5.06, ""mid"": 8.01, ""high"": 79.9, ""market"": 13.53, ""directLow"": null}}",3.5066,0.0231,3.449,0.0,2.9990999698638916,2.7338,3.5066,0.9228,0.5537,0.5537,1.1535,2026-08-09
neo4-80,Remoraid,unlimited,Neo Destiny,80,Common,"Jungo Suzuki, CR CG gangs",Basic,223,Pokémon,2002/02/28,"tcgplayer,cardmarket",https://prices.pokemontcg.io/tcgplayer/neo4-80,https://images.pokemontcg.io/neo4/80_hires.png,2026/08/08,2026/02/01,0.75,0.20999999344348907,0.75,20.75,,,,,"{""1stEdition"": {""low"": 1.25, ""mid"": 1.91, ""high"": 5.0, ""market"": 1.81, ""directLow"": 1.74}}",0.4729,0.0231,0.5767,0.0,0.3345000147819519,0.323,0.4499,0.0,0.0,0.0,1.1535,2026-08-09
bw8-78,Lucario,holofoil,Plasma Storm,78,Rare Holo,Satoshi Shirai,Stage 1,448,Pokémon,2013/02/06,"tcgplayer,cardmarket",https://prices.pokemontcg.io/tcgplayer/bw8-78,https://images.pokemontcg.io/bw8/78_hires.png,2026/08/08,2026/01/16,9.7,6.489999771118164,10.300000190734863,56.73,,27.38,,,,3.449,0.5652,4.5563,5.756,2.283900022506714,3.7143,3.7604,5.756,5.3984,5.4561,1.1535,2026-08-09
sm8-76,Mareep,normal,Lost Thunder,76,Common,0313,Basic,179,Pokémon,2018/11/02,"tcgplayer,cardmarket",https://prices.pokemontcg.io/tcgplayer/sm8-76,https://images.pokemontcg.io/sm8/76_hires.png,2026/08/08,2026/01/19,0.38,0.10000000149011612,0.3499999940395355,19.98,,0.56,,,,0.0923,0.0231,0.0923,0.6344,0.04610000178217888,0.0807,0.0923,0.5767,0.5075,0.6114,1.1535,2026-08-09
bwp-BW69,Meloetta,normal,BW Black Star Promos,BW69,Promo,Shin Nagasawa,Basic,648,Pokémon,2011/03/01,"tcgplayer,cardmarket",https://prices.pokemontcg.io/tcgplayer/bwp-BW69,https://images.pokemontcg.io/bwp/BW69_hires.png,2026/08/08,2026/02/04,0.93,0.25999999046325684,1.1399999856948853,19.98,,,,,,1.7533,1.142,1.9148,0.0,0.7498000264167786,2.0532,1.811,0.0,0.0,0.0,1.1535,2026-08-09
hgss4-77,Spoink,normal,HS—Triumphant,77,Common,Yukiko Baba,Basic,325,Pokémon,2010/11/03,"tcgplayer,cardmarket",https://prices.pokemontcg.io/tcgplayer/hgss4-77,https://images.pokemontcg.io/hgss4/77_hires.png,2026/08/08,2026/01/21,0.36,0.15000000596046448,0.3499999940395355,17.42,,5.26,,,,0.1846,0.0231,0.1846,1.0266,0.03460000082850456,0.2538,0.1615,1.0266,0.992,0.9228,1.1535,2026-08-09
sm12-80,Ralts,normal,Cosmic Eclipse,80,Common,Atsuko Nishida,Basic,280,Pokémon,2019/11/01,"tcgplayer,cardmarket",https://prices.pokemontcg.io/tcgplayer/sm12-80,https://images.pokemontcg.io/sm12/80_hires.png,2026/08/08,2026/01/16,0.33,0.07999999821186066,0.3100000023841858,19.98,,0.7,,,,0.1154,0.0231,0.0923,0.346,0.023099999874830246,0.1038,0.1154,0.4499,0.4499,0.3807,1.1535,2026-08-09
sm10-70,Gengar,normal,Unbroken Bonds,70,Rare,so-taro,Stage 2,94,Pokémon,2019/05/03,"tcgplayer,cardmarket",https://prices.pokemontcg.io/tcgplayer/sm10-70,https://images.pokemontcg.io/sm10/70_hires.png,2026/08/08,2026/01/19,25.41,14.75,25.0,133.68,,48.48,,,,17.5563,10.3815,18.7213,42.0681,23.06999969482422,19.4249,18.5598,46.14,41.699,33.6591,1.1535,2026-08-09
hgss3-78,Team Rocket's Trickery,normal,HS—Undaunted,78,Uncommon,Takao Unno,Supporter,,Trainer,2010/08/18,"tcgplayer,cardmarket",https://prices.pokemontcg.io/tcgplayer/hgss3-78,https://images.pokemontcg.io/hgss3/78_hires.png,2026/08/08,2026/02/19,0.4,0.11999999731779099,0.4000000059604645,19.98,,6.68,,,,0.2192,0.0231,0.1615,1.7187,0.11540000140666962,0.2192,0.2653,0.9805,1.6495,1.1304,1.1535,2026-08-09
dp1-81,Electabuzz,normal,Diamond & Pearl,81,Common,Kagemaru Himeno,Basic,125,Pokémon,2007/05/01,"tcgplayer,cardmarket",https://prices.pokemontcg.io/tcgplayer/dp1-81,https://images.pokemontcg.io/dp1/81_hires.png,2026/08/08,2026/02/01,0.7,0.20000000298023224,0.5400000214576721,19.98,,5.2,,,,0.2422,0.0231,0.1961,2.307,0.23070000112056732,0.173,0.2538,1.6149,1.6495,1.7649,1.1535,2026-08-09
xy1-81,Pawniard,normal,XY,81,Common,Midori Harada,Basic,624,Pokémon,2014/02/05,"tcgplayer,cardmarket",https://prices.pokemontcg.io/tcgplayer/xy1-81,https://images.pokemontcg.io/xy1/81_hires.png,2026/08/08,2026/01/16,0.18,0.009999999776482582,0.2199999988079071,1000.0,,0.61,,,,0.1038,0.0231,0.1038,0.4153,0.06920000165700912,0.1038,0.1038,0.0577,0.3922,0.6575,1.1535,2026-08-09
sm4-71,Jigglypuff,normal,Crimson Invasion,71,Common,You Iribi,Basic,39,Pokémon,2017/11/03,"tcgplayer,cardmarket",https://prices.pokemontcg.io/tcgplayer/sm4-71,https://images.pokemontcg.io/sm4/71_hires.png,2026/08/08,2026/01/19,0.55,0.15000000596046448,0.5400000214576721,19.98,,1.21,,,,0.1154,0.0231,0.1384,0.496,0.023099999874830246,0.1615,0.1269,0.5767,0.5537,0.4153,1.1535,2026-08-09
bw2-72,Ferrothorn,normal,Emerging Powers,72,Rare,Shin Nagasawa,Stage 1,598,Pokémon,2011/08/31,"tcgplayer,cardmarket",https://prices.pokemontcg.io/tcgplayer/bw2-72,https://images.pokemontcg.io/bw2/72_hires.png,2026/08/08,2026/01/21,0.97,0.25,1.0,19.98,,1.52,,,,0.7382,0.0807,0.8074,1.0381,0.9228000044822693,0.8536,0.6806,1.0381,1.4073,1.2689,1.1535,2026-08-09
xy2-90,Lysandre,normal,Flashfire,90,Uncommon,Ken Sugimori,Supporter,,Trainer,2014/05/07,"tcgplayer,cardmarket",https://prices.pokemontcg.io/tcgplayer/xy2-90,https://images.pokemontcg.io/xy2/90_hires.png,2026/08/08,2026/01/16,0.28,0.10999999940395355,0.30000001192092896,19.99,,1.44,,,,0.1615,0.0231,0.4499,1.5803,0.3921999931335449,0.2653,0.4037,2.307,1.6149,1.2919,1.1535,2026-08-09
hgss2-80,PlusPower,normal,HS—Unleashed,80,Uncommon,Takashi Yamaguchi,Item,,Trainer,2010/05/12,"tcgplayer,cardmarket",https://prices.pokemontcg.io/tcgplayer/hgss2-80,https://images.pokemontcg.io/hgss2/80_hires.png,2026/08/08,2026/02/01,0.63,0.38999998569488525,0.6299999952316284,19.98,,2.33,,,,0.2884,0.0231,0.2422,0.9805,0.23070000112056732,0.1846,0.3345,0.8074,1.5111,1.0035,1.1535,2026-08-09
sm7-80,Regirock,normal,Celestial Storm,80,Rare,Ayaka Yoshida,Basic,377,Pokémon,2018/08/03,"tcgplayer,cardmarket",https://prices.pokemontcg.io/tcgplayer/sm7-80,https://images.pokemontcg.io/sm7/80_hires.png,2026/08/08,2026/01/16,0.42,0.20000000298023224,0.41999998688697815,19.98,,0.66,,,,0.0,0.0,0.5652,0.0,0.57669997215271,0.3807,0.3807,0.0,0.0,0.0,1.1535,2026-08-09
xy8-75,Sandshrew,normal,BREAKthrough,75,Common,Shigenori Negishi,Basic,27,Pokémon,2015/11/04,"tcgplayer,cardmarket",https://prices.pokemontcg.io/tcgplayer/xy8-75,https://images.pokemontcg.io/xy8/75_hires.png,2026/08/08,2026/01/19,0.27,0.03999999910593033,0.25,1000.0,,0.8,,,,0.1384,0.0231,0.1154,1.6149,0.17299999296665192,0.1846,0.1615,0.6921,1.3496,0.7498,1.1535,2026-08-09
ex12-83,Arcanine ex,holofoil,Legend Maker,83,Rare Holo EX,Hikaru Koike,Stage 1|ex,59,Pokémon,2006/02/01,"tcgplayer,cardmarket",https://prices.pokemontcg.io/tcgplayer/ex12-83,https://images.pokemontcg.io/ex12/83_hires.png,2026/08/08,2026/02/01,461.24,410.0,416.0799865722656,499.99,,,,,,104.6455,17.3025,121.2328,0.0,23.058500289916992,131.649,127.1042,57.6635,38.227,37.3734,1.1535,2026-08-09
ex13-80,Poochyena,normal,Holon Phantoms,80,Common,Mitsuhiro Arita,Basic,261,Pokémon,2006/05/01,"tcgplayer,cardmarket",https://prices.pokemontcg.io/tcgplayer/ex13-80,https://images.pokemontcg.io/ex13/80_hires.png,2026/08/08,2026/02/01,0.55,0.1899999976158142,0.5,19.98,,12.45,,,,0.2653,0.0231,0.4383,6.5403,1.153499960899353,0.4268,0.3345,2.7684,5.5368,4.118,1.1535,2026-08-09
gym1-83,Lt. Surge's Spearow,unlimited,Gym Heroes,83,Common,Atsuko Nishida,Basic,21,Pokémon,2000/08/14,"tcgplayer,cardmarket",https://prices.pokemontcg.io/tcgplayer/gym1-83,https://images.pokemontcg.io/gym1/83_hires.png,2026/08/08,2026/02/01,0.89,0.25,0.7900000214576721,5.0,,,,,"{""1stEdition"": {""low"": 1.0, ""mid"": 2.27, ""high"": 31.61, ""market"": 2.47, ""directLow"": 1.87}}",0.8997,0.0461,0.5883,0.0,0.17299999296665192,0.7382,0.9113,0.0,0.0,0.0,1.1535,2026-08-09
dp4-73,Kakuna,normal,Great Encounters,73,Common,Ken Sugimori,Stage 1,14,Pokémon,2008/02/01,"tcgplayer,cardmarket",https://prices.pokemontcg.io/tcgplayer/dp4-73,https://images.pokemontcg.io/dp4/73_hires.png,2026/08/08,2026/02/01,0.27,0.15000000596046448,0.27000001072883606,19.98,,1.3,,,,0.1615,0.0231,0.173,0.4614,0.05770000070333481,0.1384,0.15,0.4614,2.0648,1.2919,1.1535,2026-08-09
sma-SV73,Kartana-GX,holofoil,Hidden Fates Shiny Vault,SV73,Rare Shiny GX,5ban Graphics,Basic|GX|Ultra Beast,798,Pokémon,2019/08/23,"tcgplayer,cardmarket",https://prices.pokemontcg.io/tcgplayer/sma-SV73,https://images.pokemontcg.io/sma/SV73_hires.png,2026/08/08,2026/01/19,8.79,6.860000133514404,9.649999618530273,166.8,,,,,,6.1482,4.3718,6.3442,0.0,5.767499923706055,6.2866,5.5829,7.2094,7.1632,10.1047,1.1535,2026-08-09
sm5-79,Alolan Dugtrio,normal,Ultra Prism,79,Uncommon,Megumi Mizutani,Stage 1,51,Pokémon,2018/02/02,"tcgplayer,cardmarket",https://prices.pokemontcg.io/tcgplayer/sm5-79,https://images.pokemontcg.io/sm5/79_hires.png,2026/08/08,2026/01/16,0.24,0.10000000149011612,0.25,19.98,,0.58,,,,0.1615,0.0231,0.1384,0.4037,0.17299999296665192,0.1384,0.1154,0.346,0.4037,0.496,1.1535,2026-08-09
swsh4-76,Whimsicott,normal,Vivid Voltage,76,Rare,Naoyo Kimura,Stage 1,547,Pokémon,2020/11/13,"tcgplayer,cardmarket",https://prices.pokemontcg.io/tcgplayer/swsh4-76,https://images.pokemontcg.io/swsh4/76_hires.png,2026/08/08,2026/01/16,0.23,0.03999999910593033,0.25,999.99,,0.34,,,,0.1846,0.0231,0.1846,0.5191,0.023099999874830246,0.1615,0.15,0.4729,0.5191,0.4729,1.1535,2026-08-09
dp5-78,Turtwig,normal,Majestic Dawn,78,Common,Naoyo Kimura,Basic,387,Pokémon,2008/05/01,"tcgplayer,cardmarket",https://prices.pokemontcg.io/tcgplayer/dp5-78,https://images.pokemontcg.io/dp5/78_hires.png,2026/08/08,2026/02/01,2.21,1.0399999618530273,1.399999976158142,19.98,,12.11,,,,0.7152,0.0231,0.7382,2.7453,0.9228000044822693,0.7267,0.6806,3.4605,1.9494,1.7187,1.1535,2026-08-09
swsh2-75,Clefable,holofoil,Rebel Clash,75,Rare Holo,miki kudo,Stage 1,36,Pokémon,2020/05/01,"tcgplayer,cardmarket",https://prices.pokemontcg.io/tcgplayer/swsh2-75,https://images.pokemontcg.io/swsh2/75_hires.png,2026/08/08,2026/01/19,1.14,0.36000001430511475,1.090000033378601,2.47,,1.57,,,,0.5537,0.2076,0.5421,0.7728,0.34599998593330383,0.5767,0.7728,1.1535,0.7728,0.9574,1.1535,2026-08-09
ex1-69,Shroomish,normal,Ruby & Sapphire,69,Common,Atsuko Nishida,Basic,285,Pokémon,2003/07/01,"tcgplayer,cardmarket",https://prices.pokemontcg.io/tcgplayer/ex1-69,https://images.pokemontcg.io/ex1/69_hires.png,2026/08/08,2026/02/19,0.67,0.25,0.6000000238418579,3.25,,4.99,,,,0.346,0.0231,0.3114,1.1535,0.23070000112056732,0.2422,0.3114,0.173,2.803,3.5874,1.1535,2026-08-09
xy3-67,Scrafty,normal,Furious Fists,67,Uncommon,match,Stage 1,560,Pokémon,2014/08/13,"tcgplayer,cardmarket",https://prices.pokemontcg.io/tcgplayer/xy3-67,https://images.pokemontcg.io/xy3/67_hires.png,2026/08/08,2026/01/21,0.23,0.05999999865889549,0.25,19.98,,0.93,,,,0.1846,0.0231,0.1269,0.9228,0.03460000082850456,0.1269,0.1154,0.8651,1.0497,0.6575,1.1535,2026-08-09
xy7-81,Tyranitar Spirit Link,normal,Ancient Origins,81,Uncommon,5ban Graphics,Pokémon Tool,,Trainer,2015/08/12,"tcgplayer,cardmarket",https://prices.pokemontcg.io/tcgplayer/xy7-81,https://images.pokemontcg.io/xy7/81_hires.png,2026/08/08,2026/01/16,0.18,0.029999999329447746,0.25,19.98,,0.73,,,,0.173,0.0231,0.1615,0.5306,0.023099999874830246,0.173,0.1615,1.1535,0.7267,0.7498,1.1535,2026-08-09
smp-SM73,Salazzle,holofoil,SM Black Star Promos,SM73,Promo,Shin Nagasawa,Stage 1,758,Pokémon,2017/02/03,"tcgplayer,cardmarket",https://prices.pokemontcg.io/tcgplayer/smp-SM73,https://images.pokemontcg.io/smp/SM73_hires.png,2026/08/08,2026/01/19,5.03,4.789999961853027,8.079999923706055,96.93,,,,,,11.535,3.4605,10.7276,0.0,11.53499984741211,9.9201,9.897,2.307,4.3718,5.2369,1.1535,2026-08-09
bw8-79,Timburr,normal,Plasma Storm,79,Common,Kagemaru Himeno,Basic,532,Pokémon,2013/02/06,"tcgplayer,cardmarket",https://prices.pokemontcg.io/tcgplayer/bw8-79,https://images.pokemontcg.io/bw8/79_hires.png,2026/08/08,2026/01/16,0.27,0.05000000074505806,0.28999999165534973,19.98,,0.48,,,,0.3114,0.0231,0.2538,0.0,0.11540000140666962,0.2884,0.1846,0.2307,0.5652,0.5883,1.1535,2026-08-09
swsh3-75,Gothitelle,normal,Darkness Ablaze,75,Rare,Eri Yamaki,Stage 2,576,Pokémon,2020/08/14,"tcgplayer,cardmarket",https://prices.pokemontcg.io/tcgplayer/swsh3-75,https://images.pokemontcg.io/swsh3/75_hires.png,2026/08/08,2026/01/19,0.21,0.009999999776482582,0.23999999463558197,19.98,,0.44,,,,0.2422,0.0231,0.2192,0.7498,0.11540000140666962,0.1384,0.2538,0.5652,0.7959,0.5652,1.1535,2026-08-09
ex2-73,Psyduck,normal,Sandstorm,73,Common,Kouki Saitou,Basic,54,Pokémon,2003/09/18,"tcgplayer,cardmarket",https://prices.pokemontcg.io/tcgplayer/ex2-73,https://images.pokemontcg.io/ex2/73_hires.png,2026/08/08,2026/02/19,17.04,12.920000076293945,17.329999923706055,144.89,,226.56,,,,3.968,0.0577,4.787,18.4906,3.3220999240875244,3.968,3.8412,16.7257,19.9325,18.6521,1.1535,2026-08-09
g1-68,Pokémon Center Lady,normal,Generations,68,Uncommon,Maiko Fujiwara,Supporter,,Trainer,2016/02/22,"tcgplayer,cardmarket",https://prices.pokemontcg.io/tcgplayer/g1-68,https://images.pokemontcg.io/g1/68_hires.png,2026/08/08,2026/02/04,0.33,0.05000000074505806,0.3100000023841858,19.98,,1.6,,,,0.1615,0.0231,0.1384,0.8882,0.09229999780654907,0.1154,0.1384,3.4605,1.4534,1.0843,1.1535,2026-08-09
ex6-77,Rattata,normal,FireRed & LeafGreen,77,Common,Kyoko Umemoto,Basic,19,Pokémon,2004/09/01,"tcgplayer,cardmarket",https://prices.pokemontcg.io/tcgplayer/ex6-77,https://images.pokemontcg.io/ex6/77_hires.png,2026/08/08,2026/02/01,0.35,0.10000000149011612,0.38999998569488525,20.41,,27.25,,,,0.496,0.0231,0.2192,7.3824,0.46140000224113464,0.1961,0.496,6.7941,6.9556,6.9441,1.1535,2026-08-09
sm6-75,Rockruff,normal,Forbidden Light,75,Common,Tomokazu Komiya,Basic,744,Pokémon,2018/05/04,"tcgplayer,cardmarket",https://prices.pokemontcg.io/tcgplayer/sm6-75,https://images.pokemontcg.io/sm6/75_hires.png,2026/08/08,2026/01/19,0.39,0.07000000029802322,0.3799999952316284,19.98,,2.57,,,,0.1615,0.0231,0.2076,0.5998,0.05770000070333481,0.2307,0.173,0.5767,0.6344,0.4729,1.1535,2026-08-09
ex4-82,Team Magma Conspirator,normal,Team Magma vs Team Aqua,82,Uncommon,Ken Sugimori,Supporter,,Trainer,2004/03/01,"tcgplayer,cardmarket",https://prices.pokemontcg.io/tcgplayer/ex4-82,https://images.pokemontcg.io/ex4/82_hires.png,2026/08/08,2026/02/01,1.29,0.25,0.9700000286102295,18.46,,11.08,,,,0.7613,0.0231,0.7036,5.3061,1.038100004196167,0.5421,0.7152,2.5377,2.8953,2.8607,1.1535,2026-08-09
ex11-79,Poochyena,normal,Delta Species,79,Common,Sachiko Adachi,Basic,261,Pokémon,2005/10/31,"tcgplayer,cardmarket",https://prices.pokemontcg.io/tcgplayer/ex11-79,https://images.pokemontcg.io/ex11/79_hires.png,2026/08/08,2026/02/01,1.23,0.75,1.2000000476837158,19.98,,23.21,,,,0.6114,0.0231,0.5075,16.7142,0.10379999876022339,0.2653,0.5883,2.307,12.0079,6.9787,1.1535,2026-08-09
base5-77,Nightly Garbage Run,unlimited,Team Rocket,77,Uncommon,Sumiyoshi Kizuki,Rocket's Secret Machine,,Trainer,2000/04/24,"tcgplayer,cardmarket",https://prices.pokemontcg.io/tcgplayer/base5-77,https://images.pokemontcg.io/base5/77_hires.png,2026/08/08,2026/02/19,2.19,0.6499999761581421,1.309999942779541,10.99,,,,,"{""1stEdition"": {""low"": 1.25, ""mid"": 1.85, ""high"": 32.1, ""market"": 2.77, ""directLow"": null}}",1.7187,0.0231,1.2689,0.0,1.6841000318527222,1.4765,1.6956,0.5767,0.5767,0.5767,1.1535,2026-08-09
bw1-78,Patrat,normal,Black & White,78,Common,Masakazu Fukuda,Basic,504,Pokémon,2011/04/25,"tcgplayer,cardmarket",https://prices.pokemontcg.io/tcgplayer/bw1-78,https://images.pokemontcg.io/bw1/78_hires.png,2026/08/08,2026/02/01,0.21,0.03999999910593033,0.25,2.99,,1.98,,,,0.1615,0.0231,0.1961,0.0,0.10379999876022339,0.15,0.1384,1.1535,1.0843,0.8882,1.1535,2026-08-09
dp4-74,Koffing,normal,Great Encounters,74,Common,Lee HyunJung,Basic,109,Pokémon,2008/02/01,"tcgplayer,cardmarket",https://prices.pokemontcg.io/tcgplayer/dp4-74,https://images.pokemontcg.io/dp4/74_hires.png,2026/08/08,2026/02/01,1.25,0.1899999976158142,0.5899999737739563,19.98,,28.16,,,,0.2192,0.0231,0.3576,1.1304,0.023099999874830246,0.323,0.2422,1.7302,1.1996,1.1189,1.1535,2026-08-09
xyp-XY73,Rayquaza-EX,holofoil,XY Black Star Promos,XY73,Promo,PLANETA,Basic|EX,384,Pokémon,2013/10/12,"tcgplayer,cardmarket",https://prices.pokemontcg.io/tcgplayer/xyp-XY73,https://images.pokemontcg.io/xyp/XY73_hires.png,2026/08/08,2026/01/21,40.78,19.68000030517578,46.20000076293945,209.15,,,,,,18.5829,4.614,16.7834,0.0,21.916500091552734,18.2599,17.5793,13.842,8.409,6.2635,1.1535,2026-08-09
sm7-81,Groudon,holofoil,Celestial Storm,81,Rare Holo,Masakazu Fukuda,Basic,383,Pokémon,2018/08/03,"tcgplayer,cardmarket",https://prices.pokemontcg.io/tcgplayer/sm7-81,https://images.pokemontcg.io/sm7/81_hires.png,2026/08/08,2026/01/16,6.39,3.450000047683716,7.0,31.19,,5.74,,,,5.4215,0.346,4.3141,8.063,5.075399875640869,3.2875,4.9024,6.9095,4.5679,3.9911,1.1535,2026-08-09
dp6-79,Unown [V],normal,Legends Awakened,79,Uncommon,Kent Kanetsuna,Basic,201,Pokémon,2008/08/01,"tcgplayer,cardmarket",https://prices.pokemontcg.io/tcgplayer/dp6-79,https://images.pokemontcg.io/dp6/79_hires.png,2026/08/08,2026/02/01,1.3,0.6200000047683716,1.0,24.9,,6.65,,,,1.3727,0.0577,1.2458,1.3035,1.153499960899353,0.7844,1.0728,3.4605,1.9956,2.5723,1.1535,2026-08-09
bw3-75,Pawniard,normal,Noble Victories,75,Common,Mitsuhiro Arita,Basic,624,Pokémon,2011/11/16,"tcgplayer,cardmarket",https://prices.pokemontcg.io/tcgplayer/bw3-75,https://images.pokemontcg.io/bw3/75_hires.png,2026/08/08,2026/02/19,0.29,0.15000000596046448,0.30000001192092896,19.98,,1.64,,,,0.173,0.0231,0.2076,1.5803,0.11540000140666962,0.173,0.1384,2.307,1.3035,1.3957,1.1535,2026-08-09
col1-81,Lost World,normal,Call of Legends,81,Uncommon,Hideaki Hakozaki,Stadium,,Trainer,2011/02/09,"tcgplayer,cardmarket",https://prices.pokemontcg.io/tcgplayer/col1-81,https://images.pokemontcg.io/col1/81_hires.png,2026/08/08,2026/02/01,0.9,0.4000000059604645,0.75,19.98,,10.83,,,,1.165,0.0577,0.8882,2.0763,0.46140000224113464,1.165,1.0497,1.7302,5.3176,3.0683,1.1535,2026-08-09
xy1-82,Bisharp,normal,XY,82,Rare,Hitoshi Ariga,Stage 1,625,Pokémon,2014/02/05,"tcgplayer,cardmarket",https://prices.pokemontcg.io/tcgplayer/xy1-82,https://images.pokemontcg.io/xy1/82_hires.png,2026/08/08,2026/01/16,0.45,0.15000000596046448,0.44999998807907104,19.99,,0.6,,,,0.4729,0.0461,0.6229,0.5537,0.28839999437332153,0.5652,0.6114,0.1154,0.5075,1.0958,1.1535,2026-08-09
bw10-87,Root Fossil Lileep,normal,Plasma Blast,87,Uncommon,5ban Graphics,Item,,Trainer,2013/08/14,"tcgplayer,cardmarket",https://prices.pokemontcg.io/tcgplayer/bw10-87,https://images.pokemontcg.io/bw10/87_hires.png,2026/08/08,2026/01/16,0.28,0.18000000715255737,0.3199999928474426,18.32,,0.65,,,,0.15,0.0231,0.2538,0.4037,0.15000000596046448,0.2076,0.2884,1.142,1.0497,0.9805,1.1535,2026-08-09
dp3-86,Duskull,normal,Secret Wonders,86,Common,Hiroki Fuchino,Basic,355,Pokémon,2007/11/01,"tcgplayer,cardmarket",https://prices.pokemontcg.io/tcgplayer/dp3-86,https://images.pokemontcg.io/dp3/86_hires.png,2026/08/08,2026/01/19,0.73,0.3799999952316284,0.7200000286102295,19.98,,7.67,,,,0.2768,0.0231,0.2076,1.0151,0.3921999931335449,0.3114,0.2884,1.3842,0.7382,1.1881,1.1535,2026-08-09
bw6-79,Lairon,normal,Dragons Exalted,79,Uncommon,Shigenori Negishi,Stage 1,305,Pokémon,2012/08/15,"tcgplayer,cardmarket",https://prices.pokemontcg.io/tcgplayer/bw6-79,https://images.pokemontcg.io/bw6/79_hires.png,2026/08/08,2026/01/16,0.39,0.10000000149011612,0.38999998569488525,19.98,,1.11,,,,0.3345,0.0231,0.2307,0.7959,0.11540000140666962,0.2422,0.2538,1.7302,1.2573,1.1189,1.1535,2026-08-09
dp7-73,Skorupi,normal,Stormfront,73,Common,Sachiko Adachi,Basic,451,Pokémon,2008/11/01,"tcgplayer,cardmarket",https://prices.pokemontcg.io/tcgplayer/dp7-73,https://images.pokemontcg.io/dp7/73_hires.png,2026/08/08,2026/02/01,0.69,0.25,0.6899999976158142,19.98,,12.0,,,,0.173,0.0231,0.1038,1.9148,0.06920000165700912,0.1384,0.1846,1.3496,1.6034,0.9228,1.1535,2026-08-09
ex1-70,Skitty,normal,Ruby & Sapphire,70,Common,Ken Sugimori,Basic,300,Pokémon,2003/07/01,"tcgplayer,cardmarket",https://prices.pokemontcg.io/tcgplayer/ex1-70,https://images.pokemontcg.io/ex1/70_hires.png,2026/08/08,2026/02/19,0.88,0.3100000023841858,0.8199999928474426,19.98,,6.8,,,,0.3114,0.0231,0.3922,1.5572,0.11540000140666962,0.3691,0.2884,3.4374,2.9184,2.7569,1.1535,2026-08-09
bw4-85,Cinccino,holofoil,Next Destinies,85,Rare Holo,Kanako Eo,Stage 1,573,Pokémon,2012/02/08,"tcgplayer,cardmarket",https://prices.pokemontcg.io/tcgplayer/bw4-85,https://images.pokemontcg.io/bw4/85_hires.png,2026/08/08,2026/01/16,2.29,1.0,7.389999866485596,94.97,,3.28,,,,1.1535,0.0231,1.3842,2.0071,0.911300003528595,1.1189,1.488,1.7072,1.9263,1.7995,1.1535,2026-08-09
xy3-68,Pangoro,normal,Furious Fists,68,Rare,5ban Graphics,Stage 1,675,Pokémon,2014/08/13,"tcgplayer,cardmarket",https://prices.pokemontcg.io/tcgplayer/xy3-68,https://images.pokemontcg.io/xy3/68_hires.png,2026/08/08,2026/01/21,0.36,0.20000000298023224,0.4099999964237213,19.98,,0.9,,,,0.7613,0.0231,0.646,1.6495,0.28839999437332153,0.6114,0.5191,1.488,1.661,1.2227,1.1535,2026-08-09
sm35-70,Warp Energy,normal,Shining Legends,70,Uncommon,,Special,,Energy,2017/10/06,"tcgplayer,cardmarket",https://prices.pokemontcg.io/tcgplayer/sm35-70,https://images.pokemontcg.io/sm35/70_hires.png,2026/08/08,2026/01/21,0.3,0.10000000149011612,0.30000001192092896,19.98,,0.37,,,,0.1269,0.0231,0.1384,0.2768,0.28839999437332153,0.1846,0.15,0.0577,0.2884,0.4729,1.1535,2026-08-09
swsh4-77,Dedenne,normal,Vivid Voltage,77,Common,Yuka Morii,Basic,702,Pokémon,2020/11/13,"tcgplayer,cardmarket",https://prices.pokemontcg.io/tcgplayer/swsh4-77,https://images.pokemontcg.io/swsh4/77_hires.png,2026/08/08,2026/01/16,0.42,0.10000000149011612,0.36000001430511475,25.31,,0.63,,,,0.0807,0.0231,0.1384,0.2999,0.06920000165700912,0.1269,0.0923,0.2653,0.323,0.3576,1.1535,2026-08-09
swsh2-76,Natu,normal,Rebel Clash,76,Common,Naoyo Kimura,Basic,177,Pokémon,2020/05/01,"tcgplayer,cardmarket",https://prices.pokemontcg.io/tcgplayer/swsh2-76,https://images.pokemontcg.io/swsh2/76_hires.png,2026/08/08,2026/01/19,0.05,0.009999999776482582,0.20000000298023224,3.0,,0.35,,,,0.0577,0.0231,0.0577,0.3807,0.023099999874830246,0.0577,0.0577,0.346,0.3691,0.2999,1.1535,2026-08-09
neo1-74,Snubbull,unlimited,Neo Genesis,74,Common,Mitsuhiro Arita,Basic,209,Pokémon,2000/12/16,"tcgplayer,cardmarket",https://prices.pokemontcg.io/tcgplayer/neo1-74,https://images.pokemontcg.io/neo1/74_hires.png,2026/08/08,2026/02/04,0.73,0.25,0.699999988079071,20.73,,,,,"{""1stEdition"": {""low"": 0.85, ""mid"": 2.28, ""high"": 10.0, ""market"": 2.16, ""directLow"": 2.36}}",0.5883,0.0231,0.4383,0.0,0.6690000295639038,0.4499,0.5652,0.2192,0.2192,0.2192,1.1535,2026-08-09
bw5-74,Escavalier,normal,Dark Explorers,74,Rare,Masakazu Fukuda,Stage 1,589,Pokémon,2012/05/09,"tcgplayer,cardmarket",https://prices.pokemontcg.io/tcgplayer/bw5-74,https://images.pokemontcg.io/bw5/74_hires.png,2026/08/08,2026/02/01,0.74,0.3199999928474426,0.7400000095367432,19.98,,0.85,,,,0.7382,0.0577,0.8421,0.5767,0.7843999862670898,0.7959,0.7267,0.6921,1.2804,1.1304,1.1535,2026-08-09
ex7-79,Swinub,normal,Team Rocket Returns,79,Common,Tomokazu Komiya,Basic,220,Pokémon,2004/11/01,"tcgplayer,cardmarket",https://prices.pokemontcg.io/tcgplayer/ex7-79,https://images.pokemontcg.io/ex7/79_hires.png,2026/08/08,2026/02/01,4.73,3.630000114440918,8.09000015258789,95.72,,79.65,,,,1.5226,0.5537,1.5688,16.7257,2.8838000297546387,1.6841,1.2342,17.3025,23.7044,16.8872,1.1535,2026-08-09
neo2-73,Hyper Devolution Spray,unlimited,Neo Discovery,73,Uncommon,"K. Hoshiba, CR CG gangs",,,Trainer,2001/06/01,"tcgplayer,cardmarket",https://prices.pokemontcg.io/tcgplayer/neo2-73,https://images.pokemontcg.io/neo2/73_hires.png,2026/08/08,2026/03/07,0.52,0.2199999988079071,0.5199999809265137,20.51,,,,,"{""1stEdition"": {""low"": 0.68, ""mid"": 1.5, ""high"": 19.99, ""market"": 1.58, ""directLow"": 2.99}}",0.646,0.0577,0.5998,0.0,0.9574000239372253,0.4729,0.5191,0.0,0.0,0.0,1.1535,2026-08-09
sma-SV74,Stakataka-GX,holofoil,Hidden Fates Shiny Vault,SV74,Rare Shiny GX,5ban Graphics,Basic|GX|Ultra Beast,805,Pokémon,2019/08/23,"tcgplayer,cardmarket",https://prices.pokemontcg.io/tcgplayer/sma-SV74,https://images.pokemontcg.io/sma/SV74_hires.png,2026/08/08,2026/01/19,13.32,9.489999771118164,13.930000305175781,229.09,,,,,,15.5146,5.756,13.8535,0.0,9.227999687194824,9.7125,10.6699,11.5235,13.4959,16.5066,1.1535,2026-08-09
ex3-81,Wurmple,normal,Dragon,81,Common,Midori Harada,Basic,265,Pokémon,2003/11/24,"tcgplayer,cardmarket",https://prices.pokemontcg.io/tcgplayer/ex3-81,https://images.pokemontcg.io/ex3/81_hires.png,2026/08/08,2026/02/01,0.77,0.4000000059604645,0.7400000095367432,19.98,,6.39,,,,0.3691,0.0231,0.4153,1.142,0.1615000069141388,0.3345,0.323,0.8651,1.0266,1.7187,1.1535,2026-08-09
sm4-72,Wigglytuff,normal,Crimson Invasion,72,Rare,0313,Stage 1,40,Pokémon,2017/11/03,"tcgplayer,cardmarket",https://prices.pokemontcg.io/tcgplayer/sm4-72,https://images.pokemontcg.io/sm4/72_hires.png,2026/08/08,2026/01/19,2.05,0.6200000047683716,2.0399999618530273,30.0,,5.7,,,,0.3807,0.1154,0.4268,0.9228,0.23070000112056732,0.4037,0.3807,1.0266,0.9343,0.819,1.1535,2026-08-09
base1-82,Full Heal,normal,Base,82,Uncommon,Keiji Kinebuchi,,,Trainer,1999/01/09,"tcgplayer,cardmarket",https://prices.pokemontcg.io/tcgplayer/base1-82,https://images.pokemontcg.io/base1/82_hires.png,2026/08/08,2026/02/01,1.83,0.15000000596046448,0.9900000095367432,96.95,,,,,,6.6903,4.5679,13.992,0.0,4.602499961853027,7.094,8.7435,0.0,0.0,0.0,1.1535,2026-08-09
ecard1-73,Charmeleon,normal,Expedition Base Set,73,Uncommon,Tomokazu Komiya,Stage 1,5,Pokémon,2002/09/15,"tcgplayer,cardmarket",https://prices.pokemontcg.io/tcgplayer/ecard1-73,https://images.pokemontcg.io/ecard1/73_hires.png,2026/08/08,2026/02/19,35.8,34.9900016784668,59.9900016784668,348.8,,139.99,,,,9.401,2.307,10.2546,21.8011,11.419699668884277,12.6308,11.1543,34.605,27.8109,40.4763,1.1535,2026-08-09
base4-80,Meowth,normal,Base Set 2,80,Common,Mitsuhiro Arita,Basic,52,Pokémon,2000/02/24,"tcgplayer,cardmarket",https://prices.pokemontcg.io/tcgplayer/base4-80,https://images.pokemontcg.io/base4/80_hires.png,2026/08/08,2026/02/01,0.79,0.20000000298023224,0.6000000238418579,5.0,,,,,,0.5075,0.1038,0.5998,0.0,1.153499960899353,0.7498,0.5191,0.173,0.173,0.173,1.1535,2026-08-09
sm3-77,Mudbray,normal,Burning Shadows,77,Common,Saya Tsuruta,Basic,749,Pokémon,2017/08/05,"tcgplayer,cardmarket",https://prices.pokemontcg.io/tcgplayer/sm3-77,https://images.pokemontcg.io/sm3/77_hires.png,2026/08/08,2026/01/19,0.16,0.019999999552965164,0.20000000298023224,19.98,,0.35,,,,0.0577,0.0231,0.0692,0.15,0.05770000070333481,0.0692,0.0577,0.0346,0.1961,0.2538,1.1535,2026-08-09
sm5-80,Magnemite,normal,Ultra Prism,80,Common,MAHOU,Basic,81,Pokémon,2018/02/02,"tcgplayer,cardmarket",https://prices.pokemontcg.io/tcgplayer/sm5-80,https://images.pokemontcg.io/sm5/80_hires.png,2026/08/08,2026/01/16,0.1,0.029999999329447746,0.25,2.99,,0.61,,,,0.0923,0.0231,0.0692,0.3691,0.17299999296665192,0.1154,0.15,0.1615,0.3691,0.2999,1.1535,2026-08-09
xy9-72,Nuzleaf,normal,BREAKpoint,72,Uncommon,Yuka Morii,Stage 1,274,Pokémon,2016/02/03,"tcgplayer,cardmarket",https://prices.pokemontcg.io/tcgplayer/xy9-72,https://images.pokemontcg.io/xy9/72_hires.png,2026/08/08,2026/01/19,0.6,0.23999999463558197,0.6000000238418579,19.98,,1.49,,,,0.3345,0.0231,0.2422,1.142,0.11540000140666962,0.2076,0.2307,0.4614,0.9228,0.7036,1.1535,2026-08-09
xy7-82,Dangerous Energy,normal,Ancient Origins,82,Uncommon,5ban Graphics,Special,,Energy,2015/08/12,"tcgplayer,cardmarket",https://prices.pokemontcg.io/tcgplayer/xy7-82,https://images.pokemontcg.io/xy7/82_hires.png,2026/08/08,2026/01/16,0.25,0.05000000074505806,0.25,19.98,,0.42,,,,0.2076,0.0231,0.173,0.7382,0.11540000140666962,0.2076,0.2192,0.8651,0.7498,0.6114,1.1535,2026-08-09
ecard3-47,Buried Fossil,normal,Skyridge,47,Common,Atsuko Ujiie,Basic,,Pokémon,2003/05/12,"tcgplayer,cardmarket",https://prices.pokemontcg.io/tcgplayer/ecard3-47,https://images.pokemontcg.io/ecard3/47_hires.png,2026/08/08,2026/02/04,19.1,16.25,24.1200008392334,194.9,,54.99,,,,6.6788,1.7072,7.3478,8.2245,8.062999725341797,6.2866,6.6442,5.7675,7.2324,8.9396,1.1535,2026-08-09
bw2-73,Ferrothorn,normal,Emerging Powers,73,Uncommon,Masakazu Fukuda,Stage 1,598,Pokémon,2011/08/31,"tcgplayer,cardmarket",https://prices.pokemontcg.io/tcgplayer/bw2-73,https://images.pokemontcg.io/bw2/73_hires.png,2026/08/08,2026/01/19,0.45,0.12999999523162842,0.41999998688697815,18.4,,0.64,,,,0.5075,0.0231,0.3576,0.5191,0.04610000178217888,0.4383,0.2884,0.5191,0.7613,0.7728,1.1535,2026-08-09
sm11-76,Jynx,normal,Unified Minds,76,Uncommon,sowsow,Basic,124,Pokémon,2019/08/02,"tcgplayer,cardmarket",https://prices.pokemontcg.io/tcgplayer/sm11-76,https://images.pokemontcg.io/sm11/76_hires.png,2026/08/08,2026/01/19,0.33,0.15000000596046448,0.3499999940395355,2.99,,0.99,,,,0.1615,0.0231,0.1384,1.2919,0.13840000331401825,0.1154,0.1961,2.307,1.0728,0.8767,1.1535,2026-08-09
xy10-77,Snorlax,normal,Fates Collide,77,Rare,Tomokazu Komiya,Basic,143,Pokémon,2016/05/02,"tcgplayer,cardmarket",https://prices.pokemontcg.io/tcgplayer/xy10-77,https://images.pokemontcg.io/xy10/77_hires.png,2026/08/08,2026/01/19,9.7,4.5,9.180000305175781,53.52,,29.62,,,,4.3141,0.2884,3.7835,28.826,4.902400016784668,3.945,4.4064,28.826,18.2022,10.1969,1.1535,2026-08-09
ex10-80,Curse Powder,normal,Unseen Forces,80,Uncommon,Ryo Ueda,Pokémon Tool,,Trainer,2005/08/01,"tcgplayer,cardmarket",https://prices.pokemontcg.io/tcgplayer/ex10-80,https://images.pokemontcg.io/ex10/80_hires.png,2026/08/08,2026/02/01,0.66,0.4000000059604645,0.6600000262260437,19.98,,6.33,,,,0.819,0.0577,1.0381,4.6025,1.0958000421524048,0.992,0.8536,3.4374,3.9334,5.0408,1.1535,2026-08-09
xy4-74,Hydreigon,holofoil,Phantom Forces,74,Rare Holo,5ban Graphics,Stage 2,635,Pokémon,2014/11/05,"tcgplayer,cardmarket",https://prices.pokemontcg.io/tcgplayer/xy4-74,https://images.pokemontcg.io/xy4/74_hires.png,2026/08/08,2026/01/16,1.71,0.7099999785423279,1.590000033378601,25.9,,3.05,,,,0.8536,0.5767,2.3877,1.7302,2.7569000720977783,2.63,2.0186,1.1535,1.811,2.0648,1.1535,2026-08-09
dp1-82,Gastly,normal,Diamond & Pearl,82,Common,Kouki Saitou,Basic,92,Pokémon,2007/05/01,"tcgplayer,cardmarket",https://prices.pokemontcg.io/tcgplayer/dp1-82,https://images.pokemontcg.io/dp1/82_hires.png,2026/08/08,2026/02/01,1.44,0.49000000953674316,0.8999999761581421,9.99,,8.66,,,,0.4499,0.0231,0.3807,2.5954,0.6229000091552734,0.2076,0.3576,0.2884,1.9033,2.6184,1.1535,2026-08-09
bw7-82,Makuhita,normal,Boundaries Crossed,82,Common,Ken Sugimori,Basic,296,Pokémon,2012/11/07,"tcgplayer,cardmarket",https://prices.pokemontcg.io/tcgplayer/bw7-82,https://images.pokemontcg.io/bw7/82_hires.png,2026/08/08,2026/01/16,0.25,0.15000000596046448,0.25,19.98,,0.91,,,,0.346,0.0231,0.2653,0.0,0.23070000112056732,0.2884,0.1846,2.2493,0.8651,0.8305,1.1535,2026-08-09
sm12-81,Kirlia,normal,Cosmic Eclipse,81,Uncommon,sowsow,Stage 1,281,Pokémon,2019/11/01,"tcgplayer,cardmarket",https://prices.pokemontcg.io/tcgplayer/sm12-81,https://images.pokemontcg.io/sm12/81_hires.png,2026/08/08,2026/01/16,0.33,0.11999999731779099,0.36000001430511475,19.98,,1.25,,,,0.173,0.0231,0.173,1.315,0.40369999408721924,0.2307,0.1961,1.0843,1.2112,0.992,1.1535,2026-08-09
ex16-73,Energy Recycle System,normal,Power Keepers,73,Uncommon,Zu-Ka,Item,,Trainer,2007/02/02,"tcgplayer,cardmarket",https://prices.pokemontcg.io/tcgplayer/ex16-73,https://images.pokemontcg.io/ex16/73_hires.png,2026/08/08,2026/02/19,0.56,0.1899999976158142,0.550000011920929,17.62,,2.48,,,,0.4268,0.0577,0.819,1.811,0.28839999437332153,0.3691,0.6921,2.1801,2.0878,2.4685,1.1535,2026-08-09
xy12-76,Devolution Spray,normal,Evolutions,76,Uncommon,Keiji Kinebuchi,Item,,Trainer,2016/11/02,"tcgplayer,cardmarket",https://prices.pokemontcg.io/tcgplayer/xy12-76,https://images.pokemontcg.io/xy12/76_hires.png,2026/08/08,2026/01/16,0.15,0.009999999776482582,0.20000000298023224,18.58,,0.54,,,,0.1038,0.0231,0.1154,1.3957,0.04610000178217888,0.1269,0.1038,1.7302,1.638,1.5688,1.1535,2026-08-09
sm2-77,Minior,holofoil,Guardians Rising,77,Rare Holo,Naoki Saito,Basic,774,Pokémon,2017/05/05,"tcgplayer,cardmarket",https://prices.pokemontcg.io/tcgplayer/sm2-77,https://images.pokemontcg.io/sm2/77_hires.png,2026/08/08,2026/01/16,0.51,0.27000001072883606,0.5099999904632568,17.64,,0.55,,,,0.5652,0.0461,0.6229,0.6229,0.40369999408721924,0.6114,0.6344,0.2884,0.4614,0.4614,1.1535,2026-08-09
hgss3-79,Darkness Energy,normal,HS—Undaunted,79,Uncommon,Kent Kanetsuna,Special,,Energy,2010/08/18,"tcgplayer,cardmarket",https://prices.pokemontcg.io/tcgplayer/hgss3-79,https://images.pokemontcg.io/hgss3/79_hires.png,2026/08/08,2026/01/16,0.69,0.33000001311302185,0.6700000166893005,19.98,,1.95,,,,0.6921,0.0231,0.5883,0.0,0.28839999437332153,0.6806,0.5998,5.5368,2.6069,2.157,1.1535,2026-08-09
sm75-77,Switch Raft,holofoil,Dragon Majesty,77,Rare Secret,Yoshinobu Saito,Item,,Trainer,2018/09/07,"tcgplayer,cardmarket",https://prices.pokemontcg.io/tcgplayer/sm75-77,https://images.pokemontcg.io/sm75/77_hires.png,2026/08/08,2026/01/21,10.7,9.880000114440918,11.470000267028809,120.0,,,,,,24.5119,13.842,21.2129,0.0,22.493200302124023,23.2892,26.0922,51.9075,24.6964,20.2209,1.1535,2026-08-09
sm1-77,Alolan Raticate,normal,Sun & Moon,77,Uncommon,match,Stage 1,20,Pokémon,2017/02/03,"tcgplayer,cardmarket",https://prices.pokemontcg.io/tcgplayer/sm1-77,https://images.pokemontcg.io/sm1/77_hires.png,2026/08/08,2026/01/16,0.16,0.019999999552965164,0.20000000298023224,19.98,,0.33,,,,0.15,0.0231,0.1846,0.4614,0.03460000082850456,0.1154,0.1269,0.3691,0.3922,0.3807,1.1535,2026-08-09
ex15-69,Trapinch δ,normal,Dragon Frontiers,69,Common,Yukiko Baba,Basic,328,Pokémon,2006/11/01,"tcgplayer,cardmarket",https://prices.pokemontcg.io/tcgplayer/ex15-69,https://images.pokemontcg.io/ex15/69_hires.png,2026/08/08,2026/02/19,1.15,0.30000001192092896,1.149999976158142,19.98,,22.95,,,,0.5652,0.0461,0.5883,5.0639,0.57669997215271,0.346,0.5191,9.1127,5.3868,6.0789,1.1535,2026-08-09
gym2-85,Lt. Surge's Rattata,unlimited,Gym Challenge,85,Common,Atsuko Nishida,Basic,19,Pokémon,2000/10/16,"tcgplayer,cardmarket",https://prices.pokemontcg.io/tcgplayer/gym2-85,https://images.pokemontcg.io/gym2/85_hires.png,2026/08/08,2026/02/01,1.06,0.4000000059604645,1.0,19.12,,,,,"{""1stEdition"": {""low"": 1.71, ""mid"": 2.52, ""high"": 55.99, ""market"": 2.55, ""directLow"": 2.52}}",1.315,0.1154,1.4419,0.0,1.2573000192642212,1.4188,1.2458,0.0,0.0,0.0,1.1535,2026-08-09
bwp-BW70,Virizion,holofoil,BW Black Star Promos,BW70,Promo,5ban Graphics,Basic,640,Pokémon,2011/03/01,"tcgplayer,cardmarket",https://prices.pokemontcg.io/tcgplayer/bwp-BW70,https://images.pokemontcg.io/bwp/BW70_hires.png,2026/08/08,2026/02/04,4.17,2.0799999237060547,4.179999828338623,55.8,,,,,,3.3105,0.5767,3.5297,0.0,4.025700092315674,3.4144,3.299,3.4605,1.8917,2.1916,1.1535,2026-08-09
ex14-77,Double Full Heal,normal,Crystal Guardians,77,Uncommon,Ryo Ueda,Item,,Trainer,2006/08/01,"tcgplayer,cardmarket",https://prices.pokemontcg.io/tcgplayer/ex14-77,https://images.pokemontcg.io/ex14/77_hires.png,2026/08/08,2026/02/04,0.34,0.10000000149011612,0.3700000047683716,19.98,,3.05,,,,0.4499,0.0231,0.3691,3.7027,1.038100004196167,0.5306,0.3922,2.307,5.4445,3.0222,1.1535,2026-08-09
hgss4-78,Swablu,normal,HS—Triumphant,78,Common,Ryo Ueda,Basic,333,Pokémon,2010/11/03,"tcgplayer,cardmarket",https://prices.pokemontcg.io/tcgplayer/hgss4-78,https://images.pokemontcg.io/hgss4/78_hires.png,2026/08/08,2026/01/21,0.5,0.23000000417232513,0.4399999976158142,17.98,,3.22,,,,0.346,0.0231,0.3922,0.646,0.5651999711990356,0.4729,0.2884,0.2307,0.9113,1.0151,1.1535,2026-08-09
sm8-77,Flaaffy,normal,Lost Thunder,77,Uncommon,Mizue,Stage 1,180,Pokémon,2018/11/02,"tcgplayer,cardmarket",https://prices.pokemontcg.io/tcgplayer/sm8-77,https://images.pokemontcg.io/sm8/77_hires.png,2026/08/08,2026/01/19,0.37,0.11999999731779099,0.3199999928474426,19.98,,0.72,,,,0.0807,0.0231,0.1038,0.6344,0.11540000140666962,0.0692,0.1154,0.2307,0.5537,0.5883,1.1535,2026-08-09
swsh1-81,Galarian Ponyta,normal,Sword & Shield,81,Common,Saya Tsuruta,Basic,77,Pokémon,2020/02/07,"tcgplayer,cardmarket",https://prices.pokemontcg.io/tcgplayer/swsh1-81,https://images.pokemontcg.io/swsh1/81_hires.png,2026/08/08,2026/01/16,0.29,0.07000000029802322,0.3199999928474426,3.24,,0.5,,,,0.1615,0.0231,0.2076,0.3807,0.13840000331401825,0.173,0.15,0.2884,0.4499,0.7152,1.1535,2026-08-09
ex9-80,Oran Berry,normal,Emerald,80,Uncommon,Kazuo Yazawa,Pokémon Tool,,Trainer,2005/05/01,"tcgplayer,cardmarket",https://prices.pokemontcg.io/tcgplayer/ex9-80,https://images.pokemontcg.io/ex9/80_hires.png,2026/08/08,2026/02/01,0.52,0.30000001192092896,0.5099999904632568,19.98,,12.99,,,,0.2307,0.0231,0.1384,0.0,0.11540000140666962,0.2538,0.323,4.1295,5.779,5.1215,1.1535,2026-08-09
bw11-84,Terrakion,holofoil,Legendary Treasures,84,Rare Holo,Shigenori Negishi,Basic,639,Pokémon,2013/11/06,"tcgplayer,cardmarket",https://prices.pokemontcg.io/tcgplayer/bw11-84,https://images.pokemontcg.io/bw11/84_hires.png,2026/08/08,2026/01/16,1.77,0.8899999856948853,1.7200000286102295,5.0,,1.41,,,,2.2032,1.142,2.976,0.0,2.0071001052856445,2.8722,2.4916,8.3629,4.6947,2.7569,1.1535,2026-08-09
pl3-76,Plusle,normal,Supreme Victors,76,Uncommon,Yuka Morii,Basic,311,Pokémon,2009/08/19,"tcgplayer,cardmarket",https://prices.pokemontcg.io/tcgplayer/pl3-76,https://images.pokemontcg.io/pl3/76_hires.png,2026/08/08,2026/02/01,19.57,22.0,31.18000030517578,149.8,,37.66,,,,4.441,1.0381,3.2529,8.7666,3.7488999366760254,3.3913,3.3682,8.6512,8.1552,5.6291,1.1535,2026-08-09
smp-SM74,Regirock,holofoil,SM Black Star Promos,SM74,Promo,kawayoo,Basic,377,Pokémon,2017/02/03,"tcgplayer,cardmarket",https://prices.pokemontcg.io/tcgplayer/smp-SM74,https://images.pokemontcg.io/smp/SM74_hires.png,2026/08/08,2026/01/19,7.76,7.010000228881836,10.0,96.82,,,,,,13.842,6.6903,10.6237,0.0,13.842000007629395,10.7045,9.9893,6.9095,6.2981,4.8216,1.1535,2026-08-09
xy11-83,Druddigon,normal,Steam Siege,83,Rare,kawayoo,Basic,621,Pokémon,2016/08/03,"tcgplayer,cardmarket",https://prices.pokemontcg.io/tcgplayer/xy11-83,https://images.pokemontcg.io/xy11/83_hires.png,2026/08/08,2026/01/19,0.28,0.07999999821186066,0.28999999165534973,17.99,,0.67,,,,0.2884,0.0461,0.2768,1.2919,0.17299999296665192,0.2653,0.3691,0.4037,0.9805,0.9459,1.1535,2026-08-09
hgss2-81,Pokémon Circulator,normal,HS—Unleashed,81,Uncommon,Hideaki Hakozaki,Item,,Trainer,2010/05/12,"tcgplayer,cardmarket",https://prices.pokemontcg.io/tcgplayer/hgss2-81,https://images.pokemontcg.io/hgss2/81_hires.png,2026/08/08,2026/02/01,0.34,0.18000000715255737,0.3400000035762787,17.08,,1.04,,,,0.2653,0.0231,0.1961,2.3762,0.23070000112056732,0.2076,0.2192,0.8421,0.8536,0.7844,1.1535,2026-08-09
ex12-84,Armaldo ex,holofoil,Legend Maker,84,Rare Holo EX,Kimiya Masago,Stage 2|ex,348,Pokémon,2006/02/01,"tcgplayer,cardmarket",https://prices.pokemontcg.io/tcgplayer/ex12-84,https://images.pokemontcg.io/ex12/84_hires.png,2026/08/08,2026/02/01,110.37,95.0,116.97000122070312,1008.9,,,,,,49.7159,7.4977,39.7265,0.0,28.837499618530273,42.7833,40.2341,15.5607,17.3717,18.8251,1.1535,2026-08-09
xy8-76,Sandslash,normal,BREAKthrough,76,Uncommon,Naoki Saito,Stage 1,28,Pokémon,2015/11/04,"tcgplayer,cardmarket",https://prices.pokemontcg.io/tcgplayer/xy8-76,https://images.pokemontcg.io/xy8/76_hires.png,2026/08/08,2026/01/19,0.39,0.20000000298023224,0.38999998569488525,1000.0,,0.58,,,,0.2768,0.0231,0.2076,0.6114,0.11540000140666962,0.2422,0.2653,0.6114,0.6575,1.0151,1.1535,2026-08-09
xy2-91,Magnetic Storm,normal,Flashfire,91,Uncommon,Ryo Ueda,Stadium,,Trainer,2014/05/07,"tcgplayer,cardmarket",https://prices.pokemontcg.io/tcgplayer/xy2-91,https://images.pokemontcg.io/xy2/91_hires.png,2026/08/08,2026/01/16,0.17,0.029999999329447746,0.20000000298023224,19.99,,0.64,,,,0.9459,0.4499,0.9574,0.0,0.51910001039505,0.8074,1.0151,1.142,0.9689,0.9113,1.1535,2026-08-09
ex5-73,Snorunt,normal,Hidden Legends,73,Common,Midori Harada,Basic,361,Pokémon,2004/06/01,"tcgplayer,cardmarket",https://prices.pokemontcg.io/tcgplayer/ex5-73,https://images.pokemontcg.io/ex5/73_hires.png,2026/08/08,2026/02/01,0.48,0.23000000417232513,0.5,20.5,,12.96,,,,0.7152,0.0231,0.8997,5.0869,0.40369999408721924,0.4729,0.496,5.4791,4.8447,4.0834,1.1535,2026-08-09
ecard2-55,Nidorino,normal,Aquapolis,55,Uncommon,Kagemaru Himeno,Stage 1,33,Pokémon,2003/01/15,"tcgplayer,cardmarket",https://prices.pokemontcg.io/tcgplayer/ecard2-55,https://images.pokemontcg.io/ecard2/55_hires.png,2026/08/08,2026/02/01,6.2,4.409999847412109,9.489999771118164,99.9,,47.67,,,,1.9609,0.346,1.488,8.0745,2.2955000400543213,2.0417,2.2724,8.0745,10.3008,7.417,1.1535,2026-08-09
gym1-84,Lt. Surge's Voltorb,unlimited,Gym Heroes,84,Common,Ken Sugimori,Basic,100,Pokémon,2000/08/14,"tcgplayer,cardmarket",https://prices.pokemontcg.io/tcgplayer/gym1-84,https://images.pokemontcg.io/gym1/84_hires.png,2026/08/08,2026/02/01,1.15,0.20999999344348907,0.75,18.84,,,,,"{""1stEdition"": {""low"": 1.5, ""mid"": 2.77, ""high"": 4319.71, ""market"": 2.65, ""directLow"": 2.59}}",0.9574,0.0577,0.7382,0.0,1.153499960899353,0.646,0.9343,0.0,0.0,0.0,1.1535,2026-08-09
sm10-71,Drowzee,normal,Unbroken Bonds,71,Common,Miki Tanaka,Basic,96,Pokémon,2019/05/03,"tcgplayer,cardmarket",https://prices.pokemontcg.io/tcgplayer/sm10-71,https://images.pokemontcg.io/sm10/71_hires.png,2026/08/08,2026/01/19,0.2,0.03999999910593033,0.2199999988079071,19.98,,0.31,,,,0.15,0.0231,0.15,0.3691,0.09229999780654907,0.1961,0.1384,0.2884,0.3691,0.3691,1.1535,2026-08-09
neo4-81,Seel,unlimited,Neo Destiny,81,Common,Masako Yamashita,Basic,86,Pokémon,2002/02/28,"tcgplayer,cardmarket",https://prices.pokemontcg.io/tcgplayer/neo4-81,https://images.pokemontcg.io/neo4/81_hires.png,2026/08/08,2026/02/01,0.79,0.23000000417232513,0.7900000214576721,20.5,,,,,"{""1stEdition"": {""low"": 1.69, ""mid"": 3.16, ""high"": 33.3, ""market"": 3.16, ""directLow"": null}}",0.9574,0.0231,0.819,0.0,0.46140000224113464,0.4845,0.9343,3.449,3.449,3.449,1.1535,2026-08-09
base6-75,Exeggcute,normal,Legendary Collection,75,Common,Mitsuhiro Arita,Basic,102,Pokémon,2002/05/24,"tcgplayer,cardmarket",https://prices.pokemontcg.io/tcgplayer/base6-75,https://images.pokemontcg.io/base6/75_hires.png,2026/08/08,2026/02/01,0.57,0.20000000298023224,0.5400000214576721,19.98,,92.5,,,,0.6229,0.0577,0.3922,29.172,0.10379999876022339,0.2538,0.323,28.6991,40.5225,39.3574,1.1535,2026-08-09
hgss1-88,Wooper,normal,HeartGold & SoulSilver,88,Common,match,Basic,194,Pokémon,2010/02/10,"tcgplayer,cardmarket",https://prices.pokemontcg.io/tcgplayer/hgss1-88,https://images.pokemontcg.io/hgss1/88_hires.png,2026/08/08,2026/01/16,3.65,2.25,3.5299999713897705,94.17,,29.5,,,,0.3576,0.0231,0.3922,2.8722,0.911300003528595,0.323,0.2999,4.614,3.4259,3.0683,1.1535,2026-08-09
pl1-81,Lotad,normal,Platinum,81,Common,Masakazu Fukuda,Basic,270,Pokémon,2009/02/11,"tcgplayer,cardmarket",https://prices.pokemontcg.io/tcgplayer/pl1-81,https://images.pokemontcg.io/pl1/81_hires.png,2026/08/08,2026/01/19,0.33,0.11999999731779099,0.30000001192092896,5.0,,3.4,,,,0.1384,0.0231,0.1961,1.4534,0.5306000113487244,0.2076,0.1269,0.5767,1.6495,1.0843,1.1535,2026-08-09
xy5-83,Solrock,normal,Primal Clash,83,Common,Midori Harada,Basic,338,Pokémon,2015/02/04,"tcgplayer,cardmarket",https://prices.pokemontcg.io/tcgplayer/xy5-83,https://images.pokemontcg.io/xy5/83_hires.png,2026/08/08,2026/01/16,0.2,0.03999999910593033,0.20000000298023224,18.52,,0.35,,,,0.1154,0.0231,0.1154,0.0,0.05770000070333481,0.1269,0.1154,0.2307,0.2307,0.4729,1.1535,2026-08-09
pl2-78,Seedot,normal,Rising Rivals,78,Common,Miki Tanaka,Basic,273,Pokémon,2009/05/16,"tcgplayer,cardmarket",https://prices.pokemontcg.io/tcgplayer/pl2-78,https://images.pokemontcg.io/pl2/78_hires.png,2026/08/08,2026/01/21,0.34,0.10000000149011612,0.30000001192092896,19.98,,1.34,,,,0.1384,0.0231,0.1154,0.0,0.023099999874830246,0.1384,0.1154,0.5767,0.7498,0.6229,1.1535,2026-08-09
xy6-77a,Shaymin-EX,,Roaring Skies,77a,Rare Ultra,TOKIYA,Basic|EX,492,Pokémon,2015/05/06,cardmarket,https://prices.pokemontcg.io/cardmarket/xy6-77a,https://images.pokemontcg.io/xy6/77a_hires.png,,2026/01/19,,,,,,,,,,297.0263,322.98,363.0411,0.0,161.49000549316406,299.5755,279.6661,46.1285,43.8099,24.3042,1.1535,2026-08-09
sm9-84,Alolan Muk,normal,Team Up,84,Rare,Midori Harada,Stage 1,89,Pokémon,2019/02/01,"tcgplayer,cardmarket",https://prices.pokemontcg.io/tcgplayer/sm9-84,https://images.pokemontcg.io/sm9/84_hires.png,2026/08/08,2026/01/16,0.57,0.3799999952316284,0.5699999928474426,19.98,,1.78,,,,0.646,0.0577,0.5652,0.9343,0.41530001163482666,0.5306,0.6229,0.6921,0.8767,1.0497,1.1535,2026-08-09
ex13-81,Psyduck δ,normal,Holon Phantoms,81,Common,Hajime Kusajima,Basic,54,Pokémon,2006/05/01,"tcgplayer,cardmarket",https://prices.pokemontcg.io/tcgplayer/ex13-81,https://images.pokemontcg.io/ex13/81_hires.png,2026/08/08,2026/02/01,20.48,10.0,20.540000915527344,157.41,,201.44,,,,4.3026,0.1615,3.3451,20.1863,1.7302000522613525,2.6992,3.8412,80.745,39.8996,43.2793,1.1535,2026-08-09
dp2-74,Bronzor,normal,Mysterious Treasures,74,Common,Ken Sugimori,Basic,436,Pokémon,2007/08/01,"tcgplayer,cardmarket",https://prices.pokemontcg.io/tcgplayer/dp2-74,https://images.pokemontcg.io/dp2/74_hires.png,2026/08/08,2026/02/01,0.16,0.05000000074505806,0.25,17.08,,0.81,,,,0.2307,0.0231,0.2422,4.118,0.05770000070333481,0.1384,0.173,0.2884,2.953,1.6495,1.1535,2026-08-09
ex8-79,Swablu,normal,Deoxys,79,Common,Kyoko Umemoto,Basic,333,Pokémon,2005/02/01,"tcgplayer,cardmarket",https://prices.pokemontcg.io/tcgplayer/ex8-79,https://images.pokemontcg.io/ex8/79_hires.png,2026/08/08,2026/02/01,1.69,0.7200000286102295,1.690000057220459,19.88,,47.45,,,,0.2999,0.0577,0.2884,15.3762,1.153499960899353,0.4153,0.4037,20.7399,17.9254,11.685,1.1535,2026-08-09
dp5-79,Dawn Stadium,normal,Majestic Dawn,79,Uncommon,Ryo Ueda,Stadium,,Trainer,2008/05/01,"tcgplayer,cardmarket",https://prices.pokemontcg.io/tcgplayer/dp5-79,https://images.pokemontcg.io/dp5/79_hires.png,2026/08/08,2026/02/01,5.54,4.050000190734863,5.949999809265137,57.95,,49.99,,,,1.0612,0.0461,1.1766,4.0142,0.7382000088691711,0.9459,0.8421,2.1916,3.6797,2.9991,1.1535,2026-08-09
pl4-82,Beginning Door,normal,Arceus,82,Uncommon,Ryo Ueda,Item,,Trainer,2009/11/04,"tcgplayer,cardmarket",https://prices.pokemontcg.io/tcgplayer/pl4-82,https://images.pokemontcg.io/pl4/82_hires.png,2026/08/08,2026/01/19,0.46,0.15000000596046448,0.4000000059604645,19.98,,2.13,,,,0.3691,0.0231,0.3576,0.6344,0.23070000112056732,0.3691,0.2538,0.6344,7.4516,2.8838,1.1535,2026-08-09
bw9-81,Dratini,normal,Plasma Freeze,81,Common,Atsuko Nishida,Basic,147,Pokémon,2013/05/08,"tcgplayer,cardmarket",https://prices.pokemontcg.io/tcgplayer/bw9-81,https://images.pokemontcg.io/bw9/81_hires.png,2026/08/08,2026/01/16,0.5,0.12999999523162842,0.5,23.49,,7.12,,,,0.4037,0.0231,0.3807,2.307,0.36910000443458557,0.3114,0.323,2.8838,1.7533,1.7302,1.1535,2026-08-09
bw10-88,Silver Bangle,normal,Plasma Blast,88,Uncommon,5ban Graphics,Pokémon Tool,,Trainer,2013/08/14,"tcgplayer,cardmarket",https://prices.pokemontcg.io/tcgplayer/bw10-88,https://images.pokemontcg.io/bw10/88_hires.png,2026/08/08,2026/01/16,0.22,0.10000000149011612,0.28999999165534973,19.98,,0.34,,,,0.2999,0.0231,0.323,0.7382,0.853600025177002,0.2999,0.2999,0.5537,0.6344,0.6344,1.1535,2026-08-09
base5-78,Goop Gas Attack,unlimited,Team Rocket,78,Common,Sumiyoshi Kizuki,,,Trainer,2000/04/24,"tcgplayer,cardmarket",https://prices.pokemontcg.io/tcgplayer/base5-78,https://images.pokemontcg.io/base5/78_hires.png,2026/08/08,2026/02/19,0.44,0.11999999731779099,0.4000000059604645,3.25,,,,,"{""1stEdition"": {""low"": 0.25, ""mid"": 0.99, ""high"": 19.99, ""market"": 0.97, ""directLow"": null}}",0.6114,0.0231,0.6344,0.0,0.3921999931335449,0.4499,0.6229,0.0,0.0,0.0,1.1535,2026-08-09
sma-SV75,Gardevoir-GX,holofoil,Hidden Fates Shiny Vault,SV75,Rare Shiny GX,5ban Graphics,Stage 2|GX,282,Pokémon,2019/08/23,"tcgplayer,cardmarket",https://prices.pokemontcg.io/tcgplayer/sma-SV75,https://images.pokemontcg.io/sma/SV75_hires.png,2026/08/08,2026/01/19,85.21,79.98999786376953,95.11000061035156,269.0,,,,,,33.2439,23.0585,33.6361,0.0,33.451499938964844,32.6094,34.755,43.6946,40.6032,50.4772,1.1535,2026-08-09
sm8-78,Ampharos,holofoil,Lost Thunder,78,Rare Holo,Satoshi Shirai,Stage 2,181,Pokémon,2018/11/02,"tcgplayer,cardmarket",https://prices.pokemontcg.io/tcgplayer/sm8-78,https://images.pokemontcg.io/sm8/78_hires.png,2026/08/08,2026/01/19,2.28,1.2699999809265137,2.3499999046325684,50.0,,3.79,,,,1.2573,0.173,0.9574,0.8651,0.46140000224113464,1.2458,1.2227,0.5767,1.8225,1.7879,1.1535,2026-08-09
bw5-75,Klink,normal,Dark Explorers,75,Common,Midori Harada,Basic,599,Pokémon,2012/05/09,"tcgplayer,cardmarket",https://prices.pokemontcg.io/tcgplayer/bw5-75,https://images.pokemontcg.io/bw5/75_hires.png,2026/08/08,2026/02/01,0.31,0.10000000149011612,0.25999999046325684,19.98,,0.97,,,,0.2307,0.0231,0.1961,0.669,0.05770000070333481,0.1961,0.173,1.0958,0.7844,0.7036,1.1535,2026-08-09
ex14-78,Dual Ball,normal,Crystal Guardians,78,Uncommon,"""Big Mama"" Tagawa",Item,,Trainer,2006/08/01,"tcgplayer,cardmarket",https://prices.pokemontcg.io/tcgplayer/ex14-78,https://images.pokemontcg.io/ex14/78_hires.png,2026/08/08,2026/02/04,0.55,0.20000000298023224,0.550000011920929,17.2,,4.79,,,,0.2538,0.0231,0.3576,3.2644,0.23070000112056732,0.2422,0.3345,2.8838,10.866,5.3292,1.1535,2026-08-09
xy6-78,Pidove,normal,Roaring Skies,78,Common,kirisAki,Basic,519,Pokémon,2015/05/06,"tcgplayer,cardmarket",https://prices.pokemontcg.io/tcgplayer/xy6-78,https://images.pokemontcg.io/xy6/78_hires.png,2026/08/08,2026/01/19,0.24,0.009999999776482582,0.23999999463558197,1000.0,,0.38,,,,0.1038,0.0231,0.1154,0.6921,0.023099999874830246,0.1038,0.0923,0.5652,0.7267,0.7844,1.1535,2026-08-09
base1-83,Maintenance,normal,Base,83,Uncommon,Keiji Kinebuchi,,,Trainer,1999/01/09,"tcgplayer,cardmarket",https://prices.pokemontcg.io/tcgplayer/base1-83,https://images.pokemontcg.io/base1/83_hires.png,2026/08/08,2026/02/01,3.35,0.5,1.7599999904632568,8.5,,,,,,3.7258,0.1154,3.0106,0.0,3.4605000019073486,3.2759,3.8988,1.1535,1.3035,1.3035,1.1535,2026-08-09
ex11-80,Porygon,normal,Delta Species,80,Common,Hisao Nakamura,Basic,137,Pokémon,2005/10/31,"tcgplayer,cardmarket",https://prices.pokemontcg.io/tcgplayer/ex11-80,https://images.pokemontcg.io/ex11/80_hires.png,2026/08/08,2026/02/01,0.68,0.15000000596046448,0.5600000023841858,19.56,,21.5,,,,0.2307,0.0231,0.1615,8.0745,0.10379999876022339,0.1154,0.2192,5.7098,5.0062,6.0789,1.1535,2026-08-09
sm12-82,Gallade,holofoil,Cosmic Eclipse,82,Rare Holo,Misa Tsutsui,Stage 2,475,Pokémon,2019/11/01,"tcgplayer,cardmarket",https://prices.pokemontcg.io/tcgplayer/sm12-82,https://images.pokemontcg.io/sm12/82_hires.png,2026/08/08,2026/01/16,1.1,0.5899999737739563,1.0,29.99,,1.05,,,,0.8882,0.2307,0.7036,1.2342,1.1419999599456787,0.7844,0.9574,0.6921,1.2804,1.315,1.1535,2026-08-09
ecard3-48,Cleffa,normal,Skyridge,48,Common,Miki Tanaka,Baby,173,Pokémon,2003/05/12,"tcgplayer,cardmarket",https://prices.pokemontcg.io/tcgplayer/ecard3-48,https://images.pokemontcg.io/ecard3/48_hires.png,2026/08/08,2026/02/01,36.67,65.0,88.47000122070312,319.6,,89.17,,,,12.4924,0.9228,9.055,32.2288,1.153499960899353,3.2529,8.8243,17.291,28.4222,19.1827,1.1535,2026-08-09
bw10-89,Silver Mirror,normal,Plasma Blast,89,Uncommon,5ban Graphics,Pokémon Tool,,Trainer,2013/08/14,"tcgplayer,cardmarket",https://prices.pokemontcg.io/tcgplayer/bw10-89,https://images.pokemontcg.io/bw10/89_hires.png,2026/08/08,2026/01/16,0.23,0.12999999523162842,0.25,19.98,,0.38,,,,0.2999,0.0231,0.2538,0.1615,0.3806999921798706,0.2192,0.2307,0.5537,0.5421,0.5191,1.1535,2026-08-09
neo4-82,Slugma,unlimited,Neo Destiny,82,Common,Ken Sugimori,Basic,218,Pokémon,2002/02/28,"tcgplayer,cardmarket",https://prices.pokemontcg.io/tcgplayer/neo4-82,https://images.pokemontcg.io/neo4/82_hires.png,2026/08/08,2026/02/01,0.6,0.28999999165534973,0.6000000238418579,17.22,,,,,"{""1stEdition"": {""low"": 1.7, ""mid"": 3.09, ""high"": 31.0, ""market"": 2.04, ""directLow"": 27.22}}",1.0497,0.0231,0.1384,0.0,0.2653000056743622,1.3727,1.4534,0.0,0.0,0.0,1.1535,2026-08-09
bw11-85,Landorus,holofoil,Legendary Treasures,85,Rare Holo,Midori Harada,Basic,645,Pokémon,2013/11/06,"tcgplayer,cardmarket",https://prices.pokemontcg.io/tcgplayer/bw11-85,https://images.pokemontcg.io/bw11/85_hires.png,2026/08/08,2026/01/16,0.95,0.6399999856948853,0.9900000095367432,29.99,,1.86,,,,2.8376,1.7187,3.2413,6.9095,3.4489998817443848,3.1145,3.2529,6.9095,5.2484,3.4605,1.1535,2026-08-09
ex6-78,Seel,normal,FireRed & LeafGreen,78,Common,Toshinao Aoki,Basic,86,Pokémon,2004/09/01,"tcgplayer,cardmarket",https://prices.pokemontcg.io/tcgplayer/ex6-78,https://images.pokemontcg.io/ex6/78_hires.png,2026/08/08,2026/02/01,0.51,0.20999999344348907,0.5299999713897705,20.54,,17.64,,,,0.346,0.0231,0.4499,4.1872,1.038100004196167,0.4729,0.3576,5.9867,4.6025,6.0674,1.1535,2026-08-09
swsh3-76,Golett,normal,Darkness Ablaze,76,Common,Ryuta Fuse,Basic,622,Pokémon,2020/08/14,"tcgplayer,cardmarket",https://prices.pokemontcg.io/tcgplayer/swsh3-76,https://images.pokemontcg.io/swsh3/76_hires.png,2026/08/08,2026/01/19,0.04,0.009999999776482582,0.15000000596046448,25.04,,0.27,,,,0.0461,0.0231,0.0461,0.2768,0.05770000070333481,0.0461,0.0461,0.346,0.2538,0.2192,1.1535,2026-08-09
sm3-78,Mudsdale,normal,Burning Shadows,78,Rare,TOKIYA,Stage 1,750,Pokémon,2017/08/05,"tcgplayer,cardmarket",https://prices.pokemontcg.io/tcgplayer/sm3-78,https://images.pokemontcg.io/sm3/78_hires.png,2026/08/08,2026/01/19,0.27,0.09000000357627869,0.28999999165534973,18.58,,0.53,,,,0.2422,0.0231,0.2076,0.2653,0.11540000140666962,0.2538,0.1961,0.5767,0.3114,0.3345,1.1535,2026-08-09
base4-81,Metapod,normal,Base Set 2,81,Common,Ken Sugimori,Stage 1,11,Pokémon,2000/02/24,"tcgplayer,cardmarket",https://prices.pokemontcg.io/tcgplayer/base4-81,https://images.pokemontcg.io/base4/81_hires.png,2026/08/08,2026/02/01,0.71,0.20000000298023224,0.6100000143051147,17.82,,,,,,0.6344,0.0807,0.7267,0.0,0.9228000044822693,0.6575,0.5767,0.0577,0.0577,0.0577,1.1535,2026-08-09
bw1-79,Watchog,normal,Black & White,79,Uncommon,match,Stage 1,505,Pokémon,2011/04/25,"tcgplayer,cardmarket",https://prices.pokemontcg.io/tcgplayer/bw1-79,https://images.pokemontcg.io/bw1/79_hires.png,2026/08/08,2026/02/01,0.9,0.14000000059604645,0.5099999904632568,96.95,,1.01,,,,0.5767,0.0231,0.5306,1.142,0.17299999296665192,0.5883,0.3922,2.803,2.2263,1.5918,1.1535,2026-08-09
ex3-82,Balloon Berry,normal,Dragon,82,Uncommon,Keiji Kinebuchi,Pokémon Tool,,Trainer,2003/11/24,"tcgplayer,cardmarket",https://prices.pokemontcg.io/tcgplayer/ex3-82,https://images.pokemontcg.io/ex3/82_hires.png,2026/08/08,2026/02/01,0.4,0.11999999731779099,0.4000000059604645,20.42,,2.75,,,,0.4268,0.0577,0.3922,0.0,0.28839999437332153,0.4499,0.3691,3.0222,2.9876,3.7258,1.1535,2026-08-09
ecard2-56,Pupitar,normal,Aquapolis,56,Uncommon,Naoyo Kimura,Stage 1,247,Pokémon,2003/01/15,"tcgplayer,cardmarket",https://prices.pokemontcg.io/tcgplayer/ecard2-56,https://images.pokemontcg.io/ecard2/56_hires.png,2026/08/08,2026/02/01,9.46,9.460000038146973,13.130000114440918,96.0,,31.38,,,,2.3531,1.1535,3.622,12.9077,1.3841999769210815,3.0106,4.118,2.0763,10.1623,7.8553,1.1535,2026-08-09
xy8-77,Cubone,normal,BREAKthrough,77,Common,Sumiyoshi Kizuki,Basic,104,Pokémon,2015/11/04,"tcgplayer,cardmarket",https://prices.pokemontcg.io/tcgplayer/xy8-77,https://images.pokemontcg.io/xy8/77_hires.png,2026/08/08,2026/01/19,1.4,0.6899999976158142,1.0,19.98,,20.7,,,,0.2538,0.0231,0.2307,4.9254,0.25380000472068787,0.2422,0.2538,8.7551,5.0754,3.2644,1.1535,2026-08-09
xy1-83,Honedge,normal,XY,83,Common,5ban Graphics,Basic,679,Pokémon,2014/02/05,"tcgplayer,cardmarket",https://prices.pokemontcg.io/tcgplayer/xy1-83,https://images.pokemontcg.io/xy1/83_hires.png,2026/08/08,2026/01/16,0.22,0.029999999329447746,0.23000000417232513,1000.0,,1.25,,,,0.1846,0.0231,0.1961,0.323,0.2653000056743622,0.2884,0.1615,0.4614,0.2768,0.346,1.1535,2026-08-09
sm1-78,Alolan Meowth,normal,Sun & Moon,78,Common,Kagemaru Himeno,Basic,52,Pokémon,2017/02/03,"tcgplayer,cardmarket",https://prices.pokemontcg.io/tcgplayer/sm1-78,https://images.pokemontcg.io/sm1/78_hires.png,2026/08/08,2026/01/16,0.31,0.029999999329447746,0.25,19.72,,0.54,,,,0.1038,0.0231,0.1384,0.496,0.04610000178217888,0.1038,0.0923,0.4037,0.4153,0.3922,1.1535,2026-08-09
gym1-87,Misty's Poliwag,unlimited,Gym Heroes,87,Common,Ken Sugimori,Basic,60,Pokémon,2000/08/14,"tcgplayer,cardmarket",https://prices.pokemontcg.io/tcgplayer/gym1-87,https://images.pokemontcg.io/gym1/87_hires.png,2026/08/08,2026/02/01,1.33,0.20000000298023224,0.9900000095367432,4.98,,,,,"{""1stEdition"": {""low"": 1.5, ""mid"": 3.29, ""high"": 96.95, ""market"": 3.3, ""directLow"": 39.44}}",0.7498,0.0577,0.5652,0.0,0.20759999752044678,0.7267,0.7613,0.1154,0.6344,0.6344,1.1535,2026-08-09
bw7-86,Mienfoo,normal,Boundaries Crossed,86,Common,Ken Sugimori,Basic,619,Pokémon,2012/11/07,"tcgplayer,cardmarket",https://prices.pokemontcg.io/tcgplayer/bw7-86,https://images.pokemontcg.io/bw7/86_hires.png,2026/08/08,2026/01/16,0.3,0.11999999731779099,0.30000001192092896,19.98,,0.84,,,,0.2307,0.0231,0.2307,0.9228,0.11540000140666962,0.2076,0.1615,0.5652,0.9689,0.7613,1.1535,2026-08-09
dp4-77,Luvdisc,normal,Great Encounters,77,Common,Motofumi Fujiwara,Basic,370,Pokémon,2008/02/01,"tcgplayer,cardmarket",https://prices.pokemontcg.io/tcgplayer/dp4-77,https://images.pokemontcg.io/dp4/77_hires.png,2026/08/08,2026/02/01,0.84,0.20000000298023224,0.7900000214576721,19.98,,3.1,,,,0.173,0.0231,0.2999,0.8421,0.12690000236034393,0.2768,0.2076,1.0612,0.8305,0.8651,1.1535,2026-08-09
bw8-81,Conkeldurr,normal,Plasma Storm,81,Rare,Shin Nagasawa,Stage 2,534,Pokémon,2013/02/06,"tcgplayer,cardmarket",https://prices.pokemontcg.io/tcgplayer/bw8-81,https://images.pokemontcg.io/bw8/81_hires.png,2026/08/08,2026/01/16,1.24,0.5,1.059999942779541,19.98,,1.98,,,,2.7338,0.1154,1.2919,1.0035,0.023099999874830246,1.3611,0.819,0.9805,1.8917,1.8687,1.1535,2026-08-09
sm10-75,Mewtwo,normal,Unbroken Bonds,75,Rare,Shin Nagasawa,Basic,150,Pokémon,2019/05/03,"tcgplayer,cardmarket",https://prices.pokemontcg.io/tcgplayer/sm10-75,https://images.pokemontcg.io/sm10/75_hires.png,2026/08/08,2026/01/19,2.84,1.25,2.740000009536743,19.2,,8.02,,,,3.5182,0.2538,3.9796,4.441,4.556300163269043,3.9219,3.1952,5.6522,5.1792,5.0523,1.1535,2026-08-09
ex3-85,High Pressure System,normal,Dragon,85,Uncommon,Ken Ikuji,Stadium,,Trainer,2003/11/24,"tcgplayer,cardmarket",https://prices.pokemontcg.io/tcgplayer/ex3-85,https://images.pokemontcg.io/ex3/85_hires.png,2026/08/08,2026/02/01,0.59,0.15000000596046448,0.6000000238418579,19.98,,2.67,,,,0.2422,0.0346,0.3114,1.4995,0.28839999437332153,0.4383,0.5191,4.5448,2.3877,3.6335,1.1535,2026-08-09
hgss2-85,Kingdra,holofoil,HS—Unleashed,85,Rare Prime,Hideaki Hakozaki,Stage 2|Prime,230,Pokémon,2010/05/12,"tcgplayer,cardmarket",https://prices.pokemontcg.io/tcgplayer/hgss2-85,https://images.pokemontcg.io/hgss2/85_hires.png,2026/08/08,2026/01/16,62.15,149.9499969482422,424.94000244140625,613.1,,,,,,14.6956,1.7302,16.3451,0.0,11.53499984741211,21.259,13.669,1.142,8.1552,7.1748,1.1535,2026-08-09
col1-85,Sage's Training,normal,Call of Legends,85,Uncommon,Masakazu Fukuda,Supporter,,Trainer,2011/02/09,"tcgplayer,cardmarket",https://prices.pokemontcg.io/tcgplayer/col1-85,https://images.pokemontcg.io/col1/85_hires.png,2026/08/08,2026/01/16,0.33,0.07999999821186066,0.3100000023841858,17.08,,2.11,,,,0.2653,0.0231,0.2307,2.1916,0.04610000178217888,0.1846,0.323,1.142,2.9645,2.0763,1.1535,2026-08-09
swsh4-80,Milcery,normal,Vivid Voltage,80,Common,Kouki Saitou,Basic,868,Pokémon,2020/11/13,"tcgplayer,cardmarket",https://prices.pokemontcg.io/tcgplayer/swsh4-80,https://images.pokemontcg.io/swsh4/80_hires.png,2026/08/08,2026/01/16,0.06,0.009999999776482582,0.1599999964237213,25.06,,0.31,,,,0.0461,0.0231,0.0577,0.2192,0.11540000140666962,0.0346,0.0346,0.1154,0.2422,0.2192,1.1535,2026-08-09
pl3-80,Rhydon,normal,Supreme Victors,80,Uncommon,Masakazu Fukuda,Stage 1,112,Pokémon,2009/08/19,"tcgplayer,cardmarket",https://prices.pokemontcg.io/tcgplayer/pl3-80,https://images.pokemontcg.io/pl3/80_hires.png,2026/08/08,2026/01/19,0.59,0.23000000417232513,0.5,19.98,,1.4,,,,0.3922,0.0231,0.346,1.7302,0.09229999780654907,0.346,0.3807,1.7302,2.8376,1.661,1.1535,2026-08-09
smp-SM78,Champions Festival,normal,SM Black Star Promos,SM78,Promo,Naoki Saito,Stadium,,Trainer,2017/02/03,"tcgplayer,cardmarket",https://prices.pokemontcg.io/tcgplayer/smp-SM78,https://images.pokemontcg.io/smp/SM78_hires.png,2026/08/08,2026/01/16,489.99,402.2699890136719,451.1300048828125,499.99,,,,,,132.6294,91.1265,93.5373,0.0,173.02499389648438,100.0777,122.1095,24.7772,25.6077,25.6077,1.1535,2026-08-09
hgss4-82,Volbeat,normal,HS—Triumphant,82,Common,Kent Kanetsuna,Basic,313,Pokémon,2010/11/03,"tcgplayer,cardmarket",https://prices.pokemontcg.io/tcgplayer/hgss4-82,https://images.pokemontcg.io/hgss4/82_hires.png,2026/08/08,2026/01/16,0.33,0.15000000596046448,0.33000001311302185,2.35,,0.86,,,,0.3807,0.0231,0.4614,0.5191,0.25380000472068787,0.2884,0.2999,0.6921,0.7267,0.7382,1.1535,2026-08-09
xy12-80,Misty's Determination,normal,Evolutions,80,Uncommon,Ken Sugimori,Supporter,,Trainer,2016/11/02,"tcgplayer,cardmarket",https://prices.pokemontcg.io/tcgplayer/xy12-80,https://images.pokemontcg.io/xy12/80_hires.png,2026/08/08,2026/01/16,0.25,0.05000000074505806,0.25999999046325684,25.26,,0.59,,,,0.1961,0.0231,0.2538,0.6575,0.04610000178217888,0.2538,0.173,0.6229,0.5998,0.669,1.1535,2026-08-09
xy11-87,Hydreigon BREAK,holofoil,Steam Siege,87,Rare BREAK,5ban Graphics,BREAK,635,Pokémon,2016/08/03,"tcgplayer,cardmarket",https://prices.pokemontcg.io/tcgplayer/xy11-87,https://images.pokemontcg.io/xy11/87_hires.png,2026/08/08,2026/01/16,5.84,3.9600000381469727,5.949999809265137,22.93,,,,,,4.4064,0.5767,4.8678,1.1535,2.8838000297546387,4.6371,4.4294,1.1535,4.1987,3.2067,1.1535,2026-08-09
ecard1-77,Flaaffy,normal,Expedition Base Set,77,Uncommon,Mitsuhiro Arita,Stage 1,180,Pokémon,2002/09/15,"tcgplayer,cardmarket",https://prices.pokemontcg.io/tcgplayer/ecard1-77,https://images.pokemontcg.io/ecard1/77_hires.png,2026/08/08,2026/02/04,8.49,3.1700000762939453,7.800000190734863,79.62,,1.69,,,,1.6034,0.1154,1.0843,9.9662,0.9228000044822693,1.7302,3.2413,5.7675,11.6619,10.37,1.1535,2026-08-09
bw2-76,Klinklang,normal,Emerging Powers,76,Rare,Akira Komayama,Stage 2,601,Pokémon,2011/08/31,"tcgplayer,cardmarket",https://prices.pokemontcg.io/tcgplayer/bw2-76,https://images.pokemontcg.io/bw2/76_hires.png,2026/08/08,2026/01/19,1.09,0.4399999976158142,1.0299999713897705,19.98,,1.42,,,,0.9113,0.0231,0.7152,1.984,1.153499960899353,0.7959,0.5421,2.2378,1.5572,1.2689,1.1535,2026-08-09
swsh3-79,Morelull,normal,Darkness Ablaze,79,Common,Suwama Chiaki,Basic,755,Pokémon,2020/08/14,"tcgplayer,cardmarket",https://prices.pokemontcg.io/tcgplayer/swsh3-79,https://images.pokemontcg.io/swsh3/79_hires.png,2026/08/08,2026/01/16,0.07,0.009999999776482582,0.15000000596046448,25.07,,0.14,,,,0.0461,0.0231,0.0577,0.2538,0.023099999874830246,0.0346,0.0461,0.5767,0.2307,0.2192,1.1535,2026-08-09
bw10-92,G Booster,holofoil,Plasma Blast,92,Rare ACE,5ban Graphics,Pokémon Tool|ACE SPEC|Team Plasma,,Trainer,2013/08/14,"tcgplayer,cardmarket",https://prices.pokemontcg.io/tcgplayer/bw10-92,https://images.pokemontcg.io/bw10/92_hires.png,2026/08/08,2026/01/16,5.15,2.0,5.150000095367432,57.5,,,,,,5.1907,1.1535,4.0488,0.0,4.613999843597412,4.5333,4.3487,1.3842,4.1872,3.3221,1.1535,2026-08-09
ex15-73,Copycat,normal,Dragon Frontiers,73,Uncommon,Ken Sugimori,Supporter,,Trainer,2006/11/01,"tcgplayer,cardmarket",https://prices.pokemontcg.io/tcgplayer/ex15-73,https://images.pokemontcg.io/ex15/73_hires.png,2026/08/08,2026/02/19,2.38,0.8799999952316284,2.069999933242798,19.98,,16.37,,,,1.5688,0.2884,1.2689,11.4658,2.2955000400543213,1.3265,1.6841,6.8979,5.9636,5.2369,1.1535,2026-08-09
xy3-71,Clefable,normal,Furious Fists,71,Uncommon,Atsuko Nishida,Stage 1,36,Pokémon,2014/08/13,"tcgplayer,cardmarket",https://prices.pokemontcg.io/tcgplayer/xy3-71,https://images.pokemontcg.io/xy3/71_hires.png,2026/08/08,2026/01/21,0.42,0.18000000715255737,0.41999998688697815,19.98,,1.1,,,,0.2653,0.0231,0.2307,1.4073,0.11540000140666962,0.3114,0.2076,1.488,1.1766,1.0612,1.1535,2026-08-09
bw9-85,Latias-EX,holofoil,Plasma Freeze,85,Rare Holo EX,Ryo Ueda,Basic|EX,380,Pokémon,2013/05/08,"tcgplayer,cardmarket",https://prices.pokemontcg.io/tcgplayer/bw9-85,https://images.pokemontcg.io/bw9/85_hires.png,2026/08/08,2026/01/16,52.44,19.989999771118164,52.869998931884766,349.9,,,,,,15.5953,2.8838,16.2067,0.0,17.291000366210938,17.1987,12.2848,4.3833,7.5554,6.4481,1.1535,2026-08-09
dp1-86,Machop,normal,Diamond & Pearl,86,Common,Atsuko Nishida,Basic,66,Pokémon,2007/05/01,"tcgplayer,cardmarket",https://prices.pokemontcg.io/tcgplayer/dp1-86,https://images.pokemontcg.io/dp1/86_hires.png,2026/08/08,2026/02/01,0.38,0.15000000596046448,0.3499999940395355,4.0,,3.4,,,,0.1384,0.0231,0.1269,1.3496,0.23070000112056732,0.1154,0.15,1.4765,1.638,1.2227,1.1535,2026-08-09
sm5-84,Shieldon,normal,Ultra Prism,84,Uncommon,so-taro,Stage 1,410,Pokémon,2018/02/02,"tcgplayer,cardmarket",https://prices.pokemontcg.io/tcgplayer/sm5-84,https://images.pokemontcg.io/sm5/84_hires.png,2026/08/08,2026/01/16,0.25,0.05000000074505806,0.27000001072883606,19.98,,0.53,,,,0.1269,0.0231,0.1269,0.5537,0.08070000261068344,0.1154,0.1269,0.346,0.4499,0.4383,1.1535,2026-08-09
ex2-77,Seedot,normal,Sandstorm,77,Common,Ken Sugimori,Basic,273,Pokémon,2003/09/18,"tcgplayer,cardmarket",https://prices.pokemontcg.io/tcgplayer/ex2-77,https://images.pokemontcg.io/ex2/77_hires.png,2026/08/08,2026/02/01,0.94,0.5,0.9100000262260437,20.94,,4.9,,,,0.4037,0.0346,0.4268,0.0,0.46140000224113464,0.4153,0.4383,1.7302,2.157,3.2644,1.1535,2026-08-09
bw3-79,Hydreigon,holofoil,Noble Victories,79,Rare Holo,5ban Graphics,Stage 2,635,Pokémon,2011/11/16,"tcgplayer,cardmarket",https://prices.pokemontcg.io/tcgplayer/bw3-79,https://images.pokemontcg.io/bw3/79_hires.png,2026/08/08,2026/01/19,11.23,5.0,9.989999771118164,189.9,,6.93,,,,2.5608,0.2307,4.4986,0.7498,2.8722000122070312,2.5954,3.5758,0.7498,1.5111,4.3487,1.1535,2026-08-09
hgss3-83,Raichu,holofoil,HS—Undaunted,83,Rare Prime,Takashi Yamaguchi,Stage 1|Prime,26,Pokémon,2010/08/18,"tcgplayer,cardmarket",https://prices.pokemontcg.io/tcgplayer/hgss3-83,https://images.pokemontcg.io/hgss3/83_hires.png,2026/08/08,2026/01/16,129.01,149.5,364.8500061035156,799.5,,,,,,24.6734,2.5377,33.0939,0.0,64.58450317382812,22.0203,24.3735,17.3025,40.038,16.2182,1.1535,2026-08-09
base6-79,Machop,normal,Legendary Collection,79,Common,Ken Sugimori,Basic,66,Pokémon,2002/05/24,"tcgplayer,cardmarket",https://prices.pokemontcg.io/tcgplayer/base6-79,https://images.pokemontcg.io/base6/79_hires.png,2026/08/08,2026/02/01,0.65,0.20000000298023224,0.6600000262260437,18.86,,200.0,,,,0.3922,0.1154,1.3957,43.2332,0.2653000056743622,0.5652,0.9459,69.21,41.0069,35.597,1.1535,2026-08-09
xy8-80,Swinub,normal,BREAKthrough,80,Common,Atsuko Nishida,Basic,220,Pokémon,2015/11/04,"tcgplayer,cardmarket",https://prices.pokemontcg.io/tcgplayer/xy8-80,https://images.pokemontcg.io/xy8/80_hires.png,2026/08/08,2026/01/16,0.26,0.05999999865889549,0.2800000011920929,19.98,,0.66,,,,0.0923,0.0231,0.0923,0.646,0.11540000140666962,0.0923,0.1154,0.5767,0.4383,0.5075,1.1535,2026-08-09
bw6-83,Durant,normal,Dragons Exalted,83,Uncommon,Mitsuhiro Arita,Basic,632,Pokémon,2012/08/15,"tcgplayer,cardmarket",https://prices.pokemontcg.io/tcgplayer/bw6-83,https://images.pokemontcg.io/bw6/83_hires.png,2026/08/08,2026/01/16,0.32,0.10000000149011612,0.3199999928474426,19.98,,0.69,,,,0.1384,0.0231,0.1615,0.9689,0.28839999437332153,0.1384,0.2307,0.1154,0.8997,0.7498,1.1535,2026-08-09
sm7-84,Alolan Rattata,normal,Celestial Storm,84,Common,Shibuzoh.,Basic,19,Pokémon,2018/08/03,"tcgplayer,cardmarket",https://prices.pokemontcg.io/tcgplayer/sm7-84,https://images.pokemontcg.io/sm7/84_hires.png,2026/08/08,2026/01/16,0.32,0.14000000059604645,0.3499999940395355,2.99,,0.83,,,,0.15,0.0231,0.173,0.5767,0.05770000070333481,0.2076,0.1269,1.142,0.6114,0.5767,1.1535,2026-08-09
swsh2-80,Sigilyph,normal,Rebel Clash,80,Rare,Naoyo Kimura,Basic,561,Pokémon,2020/05/01,"tcgplayer,cardmarket",https://prices.pokemontcg.io/tcgplayer/swsh2-80,https://images.pokemontcg.io/swsh2/80_hires.png,2026/08/08,2026/01/19,0.09,0.05999999865889549,0.23999999463558197,19.98,,0.47,,,,0.173,0.0231,0.1269,0.6114,0.17299999296665192,0.1846,0.2307,1.4995,0.6229,0.5767,1.1535,2026-08-09
ex8-83,Zubat,normal,Deoxys,83,Common,Sachiko Adachi,Basic,41,Pokémon,2005/02/01,"tcgplayer,cardmarket",https://prices.pokemontcg.io/tcgplayer/ex8-83,https://images.pokemontcg.io/ex8/83_hires.png,2026/08/08,2026/02/01,1.06,0.4300000071525574,1.059999942779541,19.16,,24.2,,,,0.2768,0.0231,0.2884,5.7675,0.46140000224113464,0.2307,0.2653,5.756,10.0008,10.0008,1.1535,2026-08-09
base1-86,Pokémon Flute,normal,Base,86,Uncommon,Keiji Kinebuchi,,,Trainer,1999/01/09,"tcgplayer,cardmarket",https://prices.pokemontcg.io/tcgplayer/base1-86,https://images.pokemontcg.io/base1/86_hires.png,2026/08/08,2026/02/01,3.0,0.6499999761581421,2.049999952316284,17.23,,,,,,3.5528,0.0577,3.449,0.0,3.587399959564209,3.7604,3.622,0.0,0.0,0.0,1.1535,2026-08-09
sm4-75,Jangmo-o,normal,Crimson Invasion,75,Common,Atsuko Nishida,Basic,782,Pokémon,2017/11/03,"tcgplayer,cardmarket",https://prices.pokemontcg.io/tcgplayer/sm4-75,https://images.pokemontcg.io/sm4/75_hires.png,2026/08/08,2026/01/19,0.28,0.019999999552965164,0.25,4.0,,0.41,,,,0.2192,0.0231,0.2192,0.346,0.11540000140666962,0.0923,0.15,0.5537,0.4037,0.2422,1.1535,2026-08-09
ex6-81,Spearow,normal,FireRed & LeafGreen,81,Common,Hisao Nakamura,Basic,21,Pokémon,2004/09/01,"tcgplayer,cardmarket",https://prices.pokemontcg.io/tcgplayer/ex6-81,https://images.pokemontcg.io/ex6/81_hires.png,2026/08/08,2026/02/01,0.55,0.20000000298023224,0.5,20.56,,10.7,,,,0.2884,0.0231,0.2192,3.9219,0.023099999874830246,0.2192,0.2999,3.9219,3.9565,5.9405,1.1535,2026-08-09
bwp-BW74,Giratina,holofoil,BW Black Star Promos,BW74,Promo,5ban Graphics,Basic|Team Plasma,487,Pokémon,2011/03/01,"tcgplayer,cardmarket",https://prices.pokemontcg.io/tcgplayer/bwp-BW74,https://images.pokemontcg.io/bwp/BW74_hires.png,2026/08/08,2026/01/21,327.02,208.99000549316406,344.989990234375,484.98,,,,,,77.6305,6.921,54.8605,0.0,28.837499618530273,31.1445,65.6341,4.614,7.0825,6.6788,1.1535,2026-08-09
sm12-85,Dusknoir,holofoil,Cosmic Eclipse,85,Rare Holo,Eske Yoshinob,Stage 2,477,Pokémon,2019/11/01,"tcgplayer,cardmarket",https://prices.pokemontcg.io/tcgplayer/sm12-85,https://images.pokemontcg.io/sm12/85_hires.png,2026/08/08,2026/01/16,0.5,0.25,0.5199999809265137,19.98,,0.59,,,,0.6575,0.0461,1.142,1.1766,0.28839999437332153,0.7844,0.7959,0.2884,1.2804,1.1189,1.1535,2026-08-09
pl2-82,Spheal,normal,Rising Rivals,82,Common,Tomokazu Komiya,Basic,363,Pokémon,2009/05/16,"tcgplayer,cardmarket",https://prices.pokemontcg.io/tcgplayer/pl2-82,https://images.pokemontcg.io/pl2/82_hires.png,2026/08/08,2026/01/19,4.06,0.49000000953674316,4.75,33.4,,20.1,,,,0.4037,0.0231,0.3114,0.0,0.24220000207424164,0.4037,0.3922,5.756,2.5954,3.7604,1.1535,2026-08-09
ex13-84,Trapinch δ,normal,Holon Phantoms,84,Common,Hajime Kusajima,Basic,328,Pokémon,2006/05/01,"tcgplayer,cardmarket",https://prices.pokemontcg.io/tcgplayer/ex13-84,https://images.pokemontcg.io/ex13/84_hires.png,2026/08/08,2026/01/19,0.91,0.25,0.9100000262260437,19.98,,26.61,,,,0.4037,0.0231,0.3691,4.6025,0.34599998593330383,0.4729,0.5537,10.3815,6.6672,6.4942,1.1535,2026-08-09
ex4-86,Aqua Energy,normal,Team Magma vs Team Aqua,86,Uncommon,Takumi Akabane,Special,,Energy,2004/03/01,"tcgplayer,cardmarket",https://prices.pokemontcg.io/tcgplayer/ex4-86,https://images.pokemontcg.io/ex4/86_hires.png,2026/08/08,2026/02/01,4.5,1.5,6.0,127.4,,25.0,,,,2.9414,0.0346,2.6992,10.3815,3.4605000019073486,3.1029,1.7187,3.4605,6.6096,7.3017,1.1535,2026-08-09
bw5-78,Pawniard,normal,Dark Explorers,78,Common,Naoki Saito,Basic,624,Pokémon,2012/05/09,"tcgplayer,cardmarket",https://prices.pokemontcg.io/tcgplayer/bw5-78,https://images.pokemontcg.io/bw5/78_hires.png,2026/08/08,2026/01/19,0.33,0.1899999976158142,0.33000001311302185,19.98,,0.95,,,,0.15,0.0231,0.2307,1.3265,0.28839999437332153,0.1846,0.2076,1.3265,1.7995,1.0035,1.1535,2026-08-09
xy10-81,Loudred,normal,Fates Collide,81,Uncommon,TOKIYA,Stage 1,294,Pokémon,2016/05/02,"tcgplayer,cardmarket",https://prices.pokemontcg.io/tcgplayer/xy10-81,https://images.pokemontcg.io/xy10/81_hires.png,2026/08/08,2026/01/16,0.19,0.019999999552965164,0.20000000298023224,19.98,,0.61,,,,0.1154,0.0231,0.1154,0.2192,0.15000000596046448,0.1269,0.1154,0.2884,0.4845,0.5191,1.1535,2026-08-09
bw3-80,Escavalier,normal,Noble Victories,80,Rare,Kouki Saitou,Stage 1,589,Pokémon,2011/11/16,"tcgplayer,cardmarket",https://prices.pokemontcg.io/tcgplayer/bw3-80,https://images.pokemontcg.io/bw3/80_hires.png,2026/08/08,2026/01/16,0.53,0.23999999463558197,0.5400000214576721,40.75,,1.19,,,,5.7675,0.5767,7.7054,0.0,5.767499923706055,5.5829,7.1632,3.4259,2.5492,2.5492,1.1535,2026-08-09
ex8-84,Balloon Berry,normal,Deoxys,84,Uncommon,Keiji Kinebuchi,Pokémon Tool,,Trainer,2005/02/01,"tcgplayer,cardmarket",https://prices.pokemontcg.io/tcgplayer/ex8-84,https://images.pokemontcg.io/ex8/84_hires.png,2026/08/08,2026/02/01,0.87,0.49000000953674316,0.8600000143051147,19.98,,9.03,,,,0.5306,0.1154,1.3265,0.0,1.0958000421524048,0.7613,1.2573,4.6025,5.8482,5.3292,1.1535,2026-08-09
ex15-74,Holon Legacy,normal,Dragon Frontiers,74,Uncommon,Shizurow,Stadium,,Trainer,2006/11/01,"tcgplayer,cardmarket",https://prices.pokemontcg.io/tcgplayer/ex15-74,https://images.pokemontcg.io/ex15/74_hires.png,2026/08/08,2026/02/19,0.48,0.3499999940395355,0.5,19.98,,3.12,,,,0.819,0.0577,1.0035,4.0834,1.038100004196167,0.8536,1.2919,3.4605,3.7604,4.8101,1.1535,2026-08-09
ex10-85,Fluffy Berry,normal,Unseen Forces,85,Uncommon,Ryo Ueda,Pokémon Tool,,Trainer,2005/08/01,"tcgplayer,cardmarket",https://prices.pokemontcg.io/tcgplayer/ex10-85,https://images.pokemontcg.io/ex10/85_hires.png,2026/08/08,2026/02/01,0.5,0.30000001192092896,0.5,19.06,,4.79,,,,0.3576,0.0231,0.2076,0.0,0.46140000224113464,0.2653,0.3691,9.2165,6.252,4.8908,1.1535,2026-08-09
bw11-88,Darkrai-EX,holofoil,Legendary Treasures,88,Rare Holo EX,Shizurow,Basic|EX,491,Pokémon,2013/11/06,"tcgplayer,cardmarket",https://prices.pokemontcg.io/tcgplayer/bw11-88,https://images.pokemontcg.io/bw11/88_hires.png,2026/08/08,2026/01/16,26.29,16.989999771118164,36.0,583.73,,,,,,24.3619,10.37,17.8331,0.0,22.781600952148438,14.3726,16.8065,8.0745,10.6007,7.7515,1.1535,2026-08-09
gym1-88,Misty's Seel,unlimited,Gym Heroes,88,Common,Atsuko Nishida,Basic,86,Pokémon,2000/08/14,"tcgplayer,cardmarket",https://prices.pokemontcg.io/tcgplayer/gym1-88,https://images.pokemontcg.io/gym1/88_hires.png,2026/08/08,2026/02/01,0.94,0.5099999904632568,0.9399999976158142,19.98,,,,,"{""1stEdition"": {""low"": 1.77, ""mid"": 3.26, ""high"": 29.98, ""market"": 3.26, ""directLow"": 3.97}}",1.2227,0.0231,1.5918,0.0,1.153499960899353,1.4765,1.1881,1.1535,1.1535,1.1535,1.1535,2026-08-09
sm3-82,Alolan Raticate,normal,Burning Shadows,82,Rare,Kouki Saitou,Stage 1,20,Pokémon,2017/08/05,"tcgplayer,cardmarket",https://prices.pokemontcg.io/tcgplayer/sm3-82,https://images.pokemontcg.io/sm3/82_hires.png,2026/08/08,2026/01/16,0.33,0.05000000074505806,0.33000001311302185,18.98,,0.33,,,,0.2999,0.0231,0.323,0.5306,0.5536999702453613,0.2768,0.2192,0.346,0.5537,0.4383,1.1535,2026-08-09
bw6-84,Altaria,holofoil,Dragons Exalted,84,Rare Holo,HiRON,Stage 1,334,Pokémon,2012/08/15,"tcgplayer,cardmarket",https://prices.pokemontcg.io/tcgplayer/bw6-84,https://images.pokemontcg.io/bw6/84_hires.png,2026/08/08,2026/01/16,3.1,1.559999942779541,2.5,38.1,,2.14,,,,7.3709,0.173,5.8828,1.0728,2.0416998863220215,6.1712,3.0106,0.5767,2.5954,2.4224,1.1535,2026-08-09
bwp-BW75,Metagross,holofoil,BW Black Star Promos,BW75,Promo,5ban Graphics,Stage 2|Team Plasma,376,Pokémon,2011/03/01,"tcgplayer,cardmarket",https://prices.pokemontcg.io/tcgplayer/bwp-BW75,https://images.pokemontcg.io/bwp/BW75_hires.png,2026/08/08,2026/01/21,69.59,69.58999633789062,102.0,125.0,,,,,,23.0585,10.3815,34.0282,0.0,23.058500289916992,32.125,19.9209,4.4871,4.2564,6.8287,1.1535,2026-08-09
ex7-82,Zubat,normal,Team Rocket Returns,82,Common,Miki Tanaka,Basic,41,Pokémon,2004/11/01,"tcgplayer,cardmarket",https://prices.pokemontcg.io/tcgplayer/ex7-82,https://images.pokemontcg.io/ex7/82_hires.png,2026/08/08,2026/02/01,1.26,0.47999998927116394,1.2599999904632568,96.95,,20.19,,,,0.2884,0.0231,0.2768,9.3318,0.46140000224113464,0.2999,0.323,9.6894,9.7355,6.598,1.1535,2026-08-09
sm10-76,Mew,holofoil,Unbroken Bonds,76,Rare Holo,sui,Basic,151,Pokémon,2019/05/03,"tcgplayer,cardmarket",https://prices.pokemontcg.io/tcgplayer/sm10-76,https://images.pokemontcg.io/sm10/76_hires.png,2026/08/08,2026/01/19,17.89,11.550000190734863,19.229999542236328,393.8,,17.15,,,,0.0,0.0,0.0,0.0,0.0,0.0,0.0,0.0,0.0,0.0,1.1535,2026-08-09
dp3-90,Hoppip,normal,Secret Wonders,90,Common,Motofumi Fujiwara,Basic,187,Pokémon,2007/11/01,"tcgplayer,cardmarket",https://prices.pokemontcg.io/tcgplayer/dp3-90,https://images.pokemontcg.io/dp3/90_hires.png,2026/08/08,2026/01/19,0.31,0.20000000298023224,0.3100000023841858,19.98,,2.69,,,,0.15,0.0231,0.1384,1.5688,0.4499000012874603,0.1961,0.15,0.9228,1.2919,1.2804,1.1535,2026-08-09
base1-87,Pokédex,normal,Base,87,Uncommon,Keiji Kinebuchi,,,Trainer,1999/01/09,"tcgplayer,cardmarket",https://prices.pokemontcg.io/tcgplayer/base1-87,https://images.pokemontcg.io/base1/87_hires.png,2026/08/08,2026/02/01,0.58,0.12999999523162842,0.47999998927116394,65.0,,,,,,1.0151,0.0231,0.8074,0.0,0.34599998593330383,0.8305,0.9689,0.0577,0.323,0.323,1.1535,2026-08-09
sm7-85,Alolan Raticate-GX,holofoil,Celestial Storm,85,Rare Holo GX,5ban Graphics,Stage 1|GX,20,Pokémon,2018/08/03,"tcgplayer,cardmarket",https://prices.pokemontcg.io/tcgplayer/sm7-85,https://images.pokemontcg.io/sm7/85_hires.png,2026/08/08,2026/01/16,2.62,1.75,2.630000114440918,96.12,,,,,,2.3877,1.1535,2.3993,0.0,1.4880000352859497,2.1455,2.9068,3.6105,3.1952,3.1952,1.1535,2026-08-09
sm11-80,Drifloon,normal,Unified Minds,80,Common,ryoma uratsuka,Basic,425,Pokémon,2019/08/02,"tcgplayer,cardmarket",https://prices.pokemontcg.io/tcgplayer/sm11-80,https://images.pokemontcg.io/sm11/80_hires.png,2026/08/08,2026/01/19,0.29,0.029999999329447746,0.33000001311302185,19.64,,0.58,,,,0.1154,0.0231,0.1154,0.3807,0.219200000166893,0.0807,0.1038,0.4037,0.3807,0.4153,1.1535,2026-08-09
ex16-77,Great Ball,normal,Power Keepers,77,Uncommon,Nakaoka,Item,,Trainer,2007/02/02,"tcgplayer,cardmarket",https://prices.pokemontcg.io/tcgplayer/ex16-77,https://images.pokemontcg.io/ex16/77_hires.png,2026/08/08,2026/02/01,1.4,0.699999988079071,1.5,19.98,,7.17,,,,1.0381,0.0231,0.7382,4.614,0.47290000319480896,0.8882,0.8536,5.1907,4.0834,4.1872,1.1535,2026-08-09
bw4-88,Heavy Ball,normal,Next Destinies,88,Uncommon,Ryo Ueda,Item,,Trainer,2012/02/08,"tcgplayer,cardmarket",https://prices.pokemontcg.io/tcgplayer/bw4-88,https://images.pokemontcg.io/bw4/88_hires.png,2026/08/08,2026/01/16,0.67,0.18000000715255737,0.5600000023841858,3.98,,3.06,,,,0.6229,0.0231,0.7382,2.8607,1.499500036239624,0.7844,0.5652,0.346,1.5226,1.2689,1.1535,2026-08-09
base5-83,Dark Raichu,1stEditionHolofoil,Team Rocket,83,Rare Secret,Mitsuhiro Arita,Stage 1,26,Pokémon,2000/04/24,"tcgplayer,cardmarket",https://prices.pokemontcg.io/tcgplayer/base5-83,https://images.pokemontcg.io/base5/83_hires.png,2026/08/08,2026/02/19,352.75,225.0,390.0799865722656,1512.5,,,,,"{""unlimitedHolofoil"": {""low"": 85.12, ""mid"": 108.54, ""high"": 9999.0, ""market"": 119.57, ""directLow"": 459.99}}",91.5418,10.3815,116.8842,0.0,149.9550018310547,107.7715,95.1753,34.5704,31.2368,40.0841,1.1535,2026-08-09
ex2-78,Shroomish,normal,Sandstorm,78,Common,Ken Sugimori,Basic,285,Pokémon,2003/09/18,"tcgplayer,cardmarket",https://prices.pokemontcg.io/tcgplayer/ex2-78,https://images.pokemontcg.io/ex2/78_hires.png,2026/08/08,2026/02/01,1.6,0.5,1.3700000047683716,21.54,,9.0,,,,0.3807,0.0231,0.3114,5.9521,0.5306000113487244,0.6806,0.4845,9.2165,4.2564,3.8642,1.1535,2026-08-09
ex13-85,Holon Adventurer,normal,Holon Phantoms,85,Uncommon,Kouki Saitou,Supporter,,Trainer,2006/05/01,"tcgplayer,cardmarket",https://prices.pokemontcg.io/tcgplayer/ex13-85,https://images.pokemontcg.io/ex13/85_hires.png,2026/08/08,2026/01/19,1.02,0.10000000149011612,0.9900000095367432,19.98,,11.99,,,,0.1961,0.0231,0.2768,5.1792,0.3230000138282776,0.3114,0.2538,5.1792,7.3247,5.3407,1.1535,2026-08-09
ex5-78,Togepi,normal,Hidden Legends,78,Common,Nakaoka,Basic,175,Pokémon,2004/06/01,"tcgplayer,cardmarket",https://prices.pokemontcg.io/tcgplayer/ex5-78,https://images.pokemontcg.io/ex5/78_hires.png,2026/08/08,2026/02/01,2.73,2.049999952316284,3.0399999618530273,33.1,,94.26,,,,0.7844,0.0577,0.7152,10.9582,0.46140000224113464,0.7267,0.669,4.0257,7.8092,6.2866,1.1535,2026-08-09
xy9-76,Scizor-EX,holofoil,BREAKpoint,76,Rare Holo EX,Eske Yoshinob,Basic|EX,212,Pokémon,2016/02/03,"tcgplayer,cardmarket",https://prices.pokemontcg.io/tcgplayer/xy9-76,https://images.pokemontcg.io/xy9/76_hires.png,2026/08/08,2026/01/19,4.53,1.9299999475479126,4.429999828338623,25.4,,,,,,3.0106,0.5652,3.2529,0.0,3.4374001026153564,3.3221,3.0337,1.1535,2.9414,3.1837,1.1535,2026-08-09
swsh1-86,Wobbuffet V,holofoil,Sword & Shield,86,Rare Holo V,Ayaka Yoshida,Basic|V,202,Pokémon,2020/02/07,"tcgplayer,cardmarket",https://prices.pokemontcg.io/tcgplayer/swsh1-86,https://images.pokemontcg.io/swsh1/86_hires.png,2026/08/08,2026/01/16,1.35,0.5,1.3799999952316284,7.0,,,,,,1.9956,0.5767,1.661,0.0,1.3841999769210815,1.5572,1.8687,2.2493,2.7684,2.5838,1.1535,2026-08-09
sm4-76,Hakamo-o,normal,Crimson Invasion,76,Uncommon,Masakazu Fukuda,Stage 1,783,Pokémon,2017/11/03,"tcgplayer,cardmarket",https://prices.pokemontcg.io/tcgplayer/sm4-76,https://images.pokemontcg.io/sm4/76_hires.png,2026/08/08,2026/01/19,0.27,0.05000000074505806,0.27000001072883606,19.98,,0.59,,,,0.0923,0.0231,0.0692,0.4383,0.08070000261068344,0.0923,0.0923,0.5537,0.496,0.3922,1.1535,2026-08-09
pl4-87,Expert Belt,normal,Arceus,87,Uncommon,Wataru Kawahara,Pokémon Tool,,Trainer,2009/11/04,"tcgplayer,cardmarket",https://prices.pokemontcg.io/tcgplayer/pl4-87,https://images.pokemontcg.io/pl4/87_hires.png,2026/08/08,2026/01/16,0.77,0.25,0.8899999856948853,19.98,,1.76,,,,0.4499,0.0231,0.2884,0.2884,0.023099999874830246,0.4153,0.3345,0.5191,0.5421,0.7613,1.1535,2026-08-09
bw1-83,Stoutland,normal,Black & White,83,Rare,match,Stage 2,508,Pokémon,2011/04/25,"tcgplayer,cardmarket",https://prices.pokemontcg.io/tcgplayer/bw1-83,https://images.pokemontcg.io/bw1/83_hires.png,2026/08/08,2026/02/01,0.99,0.18000000715255737,0.8399999737739563,99.0,,1.41,,,,0.5883,0.0461,0.5883,1.6034,0.20759999752044678,0.5421,0.4729,2.8607,2.1109,1.5572,1.1535,2026-08-09
xy1-87,Jigglypuff,normal,XY,87,Common,Kanako Eo,Basic,39,Pokémon,2014/02/05,"tcgplayer,cardmarket",https://prices.pokemontcg.io/tcgplayer/xy1-87,https://images.pokemontcg.io/xy1/87_hires.png,2026/08/08,2026/01/16,2.23,1.149999976158142,2.2200000286102295,24.9,,8.97,,,,0.4614,0.0231,0.7959,1.1535,0.23070000112056732,0.7613,0.4845,1.1535,2.5377,1.7764,1.1535,2026-08-09
hgss4-83,Voltorb,normal,HS—Triumphant,83,Common,Masakazu Fukuda,Basic,100,Pokémon,2010/11/03,"tcgplayer,cardmarket",https://prices.pokemontcg.io/tcgplayer/hgss4-83,https://images.pokemontcg.io/hgss4/83_hires.png,2026/08/08,2026/01/16,0.33,0.15000000596046448,0.33000001311302185,17.44,,4.89,,,,0.173,0.0231,0.173,0.6344,0.2653000056743622,0.2422,0.2192,1.142,1.2458,0.992,1.1535,2026-08-09
neo1-78,Sunkern,unlimited,Neo Genesis,78,Common,Kagemaru Himeno,Basic,191,Pokémon,2000/12/16,"tcgplayer,cardmarket",https://prices.pokemontcg.io/tcgplayer/neo1-78,https://images.pokemontcg.io/neo1/78_hires.png,2026/08/08,2026/02/01,0.85,0.30000001192092896,0.7799999713897705,30.49,,,,,"{""1stEdition"": {""low"": 0.94, ""mid"": 1.95, ""high"": 26.66, ""market"": 2.11, ""directLow"": 4.98}}",0.7844,0.0231,0.7728,0.0,0.10379999876022339,0.8421,0.7382,0.0,0.0,0.0,1.1535,2026-08-09
ex3-86,Low Pressure System,normal,Dragon,86,Uncommon,Shin-ichi Yoshikawa,Stadium,,Trainer,2003/11/24,"tcgplayer,cardmarket",https://prices.pokemontcg.io/tcgplayer/ex3-86,https://images.pokemontcg.io/ex3/86_hires.png,2026/08/08,2026/02/01,0.49,0.25,0.46000000834465027,19.98,,4.29,,,,0.4153,0.0577,0.4037,0.0,0.57669997215271,0.3922,0.4499,2.1916,1.661,2.2147,1.1535,2026-08-09
pl3-81,Roserade,normal,Supreme Victors,81,Uncommon,Hajime Kusajima,Stage 1,407,Pokémon,2009/08/19,"tcgplayer,cardmarket",https://prices.pokemontcg.io/tcgplayer/pl3-81,https://images.pokemontcg.io/pl3/81_hires.png,2026/08/08,2026/01/19,0.65,0.20000000298023224,0.6200000047683716,19.98,,3.0,,,,0.3576,0.0346,0.2999,0.5767,0.46140000224113464,0.2884,0.346,0.7959,1.0612,1.1996,1.1535,2026-08-09
sm2-82,Pangoro,normal,Guardians Rising,82,Rare,kodama,Stage 1,675,Pokémon,2017/05/05,"tcgplayer,cardmarket",https://prices.pokemontcg.io/tcgplayer/sm2-82,https://images.pokemontcg.io/sm2/82_hires.png,2026/08/08,2026/01/16,0.31,0.10000000149011612,0.3100000023841858,50.0,,0.41,,,,0.1961,0.0231,0.2884,0.3576,0.09229999780654907,0.2307,0.2192,0.173,0.346,0.4153,1.1535,2026-08-09
bw5-79,Bisharp,normal,Dark Explorers,79,Rare,Naoki Saito,Stage 1,625,Pokémon,2012/05/09,"tcgplayer,cardmarket",https://prices.pokemontcg.io/tcgplayer/bw5-79,https://images.pokemontcg.io/bw5/79_hires.png,2026/08/08,2026/01/19,1.23,0.6399999856948853,1.1100000143051147,19.98,,5.67,,,,1.3035,0.2307,1.8687,1.4303,5.190700054168701,1.6956,1.2573,1.4303,2.0186,1.3842,1.1535,2026-08-09
xy3-72,Sylveon,normal,Furious Fists,72,Rare,5ban Graphics,Stage 1,700,Pokémon,2014/08/13,"tcgplayer,cardmarket",https://prices.pokemontcg.io/tcgplayer/xy3-72,https://images.pokemontcg.io/xy3/72_hires.png,2026/08/08,2026/01/19,13.02,6.639999866485596,12.930000305175781,130.0,,32.83,,,,6.5634,0.2307,6.6557,14.7417,4.983099937438965,7.417,6.6557,11.4197,15.5492,12.527,1.1535,2026-08-09
dp6-83,Beldum,normal,Legends Awakened,83,Common,Sumiyoshi Kizuki,Basic,374,Pokémon,2008/08/01,"tcgplayer,cardmarket",https://prices.pokemontcg.io/tcgplayer/dp6-83,https://images.pokemontcg.io/dp6/83_hires.png,2026/08/08,2026/01/19,0.66,0.3400000035762787,0.6800000071525574,19.98,,7.0,,,,0.2768,0.0231,0.3114,0.0,0.219200000166893,0.346,0.323,2.2493,2.2032,1.7072,1.1535,2026-08-09
pl2-83,Staryu,normal,Rising Rivals,83,Common,Atsuko Nishida,Basic,120,Pokémon,2009/05/16,"tcgplayer,cardmarket",https://prices.pokemontcg.io/tcgplayer/pl2-83,https://images.pokemontcg.io/pl2/83_hires.png,2026/08/08,2026/01/19,0.31,0.10000000149011612,0.30000001192092896,17.42,,1.81,,,,0.173,0.0231,0.1615,0.6921,0.03460000082850456,0.2307,0.15,1.0266,1.4765,1.2227,1.1535,2026-08-09
dp7-76,Stunky,normal,Stormfront,76,Common,Tomokazu Komiya,Basic,434,Pokémon,2008/11/01,"tcgplayer,cardmarket",https://prices.pokemontcg.io/tcgplayer/dp7-76,https://images.pokemontcg.io/dp7/76_hires.png,2026/08/08,2026/02/01,1.02,0.15000000596046448,0.7599999904632568,19.98,,14.88,,,,0.2768,0.0231,0.2422,0.5537,0.40369999408721924,0.1846,0.2422,1.7187,1.9494,1.9148,1.1535,2026-08-09
ex4-87,Magma Energy,normal,Team Magma vs Team Aqua,87,Uncommon,Takumi Akabane,Special,,Energy,2004/03/01,"tcgplayer,cardmarket",https://prices.pokemontcg.io/tcgplayer/ex4-87,https://images.pokemontcg.io/ex4/87_hires.png,2026/08/08,2026/02/01,9.25,8.180000305175781,10.380000114440918,104.9,,32.37,,,,2.5031,0.1154,1.9263,6.1366,0.51910001039505,2.7453,1.9725,1.142,5.6752,5.0754,1.1535,2026-08-09
xyp-XY78,Latias,holofoil,XY Black Star Promos,XY78,Promo,Sanosuke Sakuma,Basic,380,Pokémon,2013/10/12,"tcgplayer,cardmarket",https://prices.pokemontcg.io/tcgplayer/xyp-XY78,https://images.pokemontcg.io/xyp/XY78_hires.png,2026/08/08,2026/01/16,83.83,46.40999984741211,59.540000915527344,341.9,,,,,,49.9812,10.3815,39.6227,0.0,36.9119987487793,47.282,40.9146,8.063,13.2652,14.3034,1.1535,2026-08-09
dp4-78,Makuhita,normal,Great Encounters,78,Common,Atsuko Nishida,Basic,296,Pokémon,2008/02/01,"tcgplayer,cardmarket",https://prices.pokemontcg.io/tcgplayer/dp4-78,https://images.pokemontcg.io/dp4/78_hires.png,2026/08/08,2026/02/01,0.33,0.14000000059604645,0.30000001192092896,18.04,,2.08,,,,0.1846,0.0231,0.1269,1.3265,0.05770000070333481,0.0807,0.1269,2.307,1.3611,1.1535,1.1535,2026-08-09
swsh4-81,Alcremie,normal,Vivid Voltage,81,Rare,Kagemaru Himeno,Stage 1,869,Pokémon,2020/11/13,"tcgplayer,cardmarket",https://prices.pokemontcg.io/tcgplayer/swsh4-81,https://images.pokemontcg.io/swsh4/81_hires.png,2026/08/08,2026/01/16,0.3,0.009999999776482582,0.3199999928474426,2.0,,0.72,,,,0.1846,0.0231,0.1961,0.7498,0.11540000140666962,0.2076,0.2076,0.1038,0.7728,0.7036,1.1535,2026-08-09
base6-80,Magnemite,normal,Legendary Collection,80,Common,Keiji Kinebuchi,Basic,81,Pokémon,2002/05/24,"tcgplayer,cardmarket",https://prices.pokemontcg.io/tcgplayer/base6-80,https://images.pokemontcg.io/base6/80_hires.png,2026/08/08,2026/02/01,0.64,0.18000000715255737,0.6100000143051147,19.52,,97.5,,,,0.4153,0.0577,0.3345,23.07,0.23070000112056732,0.3345,0.2884,28.2723,33.29,33.8206,1.1535,2026-08-09
xy2-95,Protection Cube,normal,Flashfire,95,Uncommon,Toyste Beach,Pokémon Tool,,Trainer,2014/05/07,"tcgplayer,cardmarket",https://prices.pokemontcg.io/tcgplayer/xy2-95,https://images.pokemontcg.io/xy2/95_hires.png,2026/08/08,2026/01/16,0.34,0.14000000059604645,0.3700000047683716,1000.0,,2.56,,,,0.1384,0.0231,0.173,1.3265,0.46140000224113464,0.1615,0.2076,3.968,2.134,1.0035,1.1535,2026-08-09
dp2-79,Cyndaquil,normal,Mysterious Treasures,79,Common,Masakazu Fukuda,Basic,155,Pokémon,2007/08/01,"tcgplayer,cardmarket",https://prices.pokemontcg.io/tcgplayer/dp2-79,https://images.pokemontcg.io/dp2/79_hires.png,2026/08/08,2026/02/01,3.69,0.25,1.2300000190734863,25.6,,7.34,,,,0.4268,0.0346,0.2768,2.0186,0.57669997215271,0.3114,0.4268,1.7302,3.6566,2.8722,1.1535,2026-08-09
sm12-86,Rotom,normal,Cosmic Eclipse,86,Uncommon,Mina Nakai,Basic,479,Pokémon,2019/11/01,"tcgplayer,cardmarket",https://prices.pokemontcg.io/tcgplayer/sm12-86,https://images.pokemontcg.io/sm12/86_hires.png,2026/08/08,2026/01/16,0.26,0.09000000357627869,0.25,19.98,,0.62,,,,0.1154,0.0231,0.1384,0.496,0.11540000140666962,0.1615,0.1154,0.5537,0.4614,0.5767,1.1535,2026-08-09
ecard3-51,Ditto,normal,Skyridge,51,Common,Tomokazu Komiya,Basic,132,Pokémon,2003/05/12,"tcgplayer,cardmarket",https://prices.pokemontcg.io/tcgplayer/ecard3-51,https://images.pokemontcg.io/ecard3/51_hires.png,2026/08/08,2026/02/01,80.27,85.0,138.5,1009.8,,299.0,,,,15.4915,2.307,15.5838,106.6988,5.075399875640869,9.7355,12.1002,109.0057,105.2915,53.4763,1.1535,2026-08-09
g1-72,Shauna,normal,Generations,72,Uncommon,Ken Sugimori,Supporter,,Trainer,2016/02/22,"tcgplayer,cardmarket",https://prices.pokemontcg.io/tcgplayer/g1-72,https://images.pokemontcg.io/g1/72_hires.png,2026/08/08,2026/02/04,0.17,0.07000000029802322,0.25,19.98,,0.41,,,,0.173,0.0231,0.2076,0.5306,0.11540000140666962,0.1615,0.1961,0.5306,0.4499,0.5421,1.1535,2026-08-09
gym2-90,Misty's Psyduck,unlimited,Gym Challenge,90,Common,Ken Sugimori,Basic,54,Pokémon,2000/10/16,"tcgplayer,cardmarket",https://prices.pokemontcg.io/tcgplayer/gym2-90,https://images.pokemontcg.io/gym2/90_hires.png,2026/08/08,2026/02/01,8.55,4.5,7.570000171661377,79.59,,,,,"{""1stEdition"": {""low"": 19.89, ""mid"": 40.01, ""high"": 208.84, ""market"": 29.07, ""directLow"": 79.94}}",4.5794,0.5191,5.2254,0.0,3.05679988861084,5.0985,4.291,0.0,0.0,0.0,1.1535,2026-08-09
hgss3-84,Scizor,holofoil,HS—Undaunted,84,Rare Prime,Noriko Hotta,Stage 1|Prime,212,Pokémon,2010/08/18,"tcgplayer,cardmarket",https://prices.pokemontcg.io/tcgplayer/hgss3-84,https://images.pokemontcg.io/hgss3/84_hires.png,2026/08/08,2026/01/16,81.55,68.44999694824219,399.989990234375,749.9,,,,,,12.8269,2.2955,13.842,0.0,16.033700942993164,12.4809,12.3655,11.535,12.4578,8.4436,1.1535,2026-08-09
ex12-89,Walrein ex,holofoil,Legend Maker,89,Rare Holo EX,Kimiya Masago,Stage 2|ex,365,Pokémon,2006/02/01,"tcgplayer,cardmarket",https://prices.pokemontcg.io/tcgplayer/ex12-89,https://images.pokemontcg.io/ex12/89_hires.png,2026/08/08,2026/01/16,69.25,93.0,125.22000122070312,3998.99,,,,,,43.487,11.4773,45.9439,0.0,80.74500274658203,43.7523,36.4967,51.9075,20.6938,14.2688,1.1535,2026-08-09
sm8-81,Blitzle,normal,Lost Thunder,81,Common,Miki Tanaka,Basic,522,Pokémon,2018/11/02,"tcgplayer,cardmarket",https://prices.pokemontcg.io/tcgplayer/sm8-81,https://images.pokemontcg.io/sm8/81_hires.png,2026/08/08,2026/01/19,0.19,0.03999999910593033,0.20999999344348907,19.98,,0.42,,,,0.2653,0.0577,0.2538,0.0,0.19609999656677246,0.2538,0.15,1.1535,1.1535,1.1535,1.1535,2026-08-09
xy5-88,Hippowdon,holofoil,Primal Clash,88,Rare Holo,Naoyo Kimura,Stage 1,450,Pokémon,2015/02/04,"tcgplayer,cardmarket",https://prices.pokemontcg.io/tcgplayer/xy5-88,https://images.pokemontcg.io/xy5/88_hires.png,2026/08/08,2026/01/16,0.77,0.25,0.7699999809265137,96.95,,0.72,,,,1.4073,0.2307,2.1801,0.0,0.8073999881744385,2.5723,1.6034,4.0373,2.6069,2.0878,1.1535,2026-08-09
bw9-86,Latios-EX,holofoil,Plasma Freeze,86,Rare Holo EX,Ryo Ueda,Basic|EX,381,Pokémon,2013/05/08,"tcgplayer,cardmarket",https://prices.pokemontcg.io/tcgplayer/bw9-86,https://images.pokemontcg.io/bw9/86_hires.png,2026/08/08,2026/01/16,24.22,14.0,25.610000610351562,209.99,,,,,,14.7071,3.4374,15.0993,0.0,17.291000366210938,14.1881,12.6539,5.6522,4.7293,4.7409,1.1535,2026-08-09
ecard1-78,Gloom,normal,Expedition Base Set,78,Uncommon,Yuichi Sawayama,Stage 1,44,Pokémon,2002/09/15,"tcgplayer,cardmarket",https://prices.pokemontcg.io/tcgplayer/ecard1-78,https://images.pokemontcg.io/ecard1/78_hires.png,2026/08/08,2026/02/04,8.33,3.0,7.900000095367432,96.95,,35.16,,,,1.638,0.1154,1.4188,7.8899,0.8073999881744385,1.8225,1.6034,3.4605,7.6477,5.9982,1.1535,2026-08-09
bw10-93,G Scope,holofoil,Plasma Blast,93,Rare ACE,5ban Graphics,Pokémon Tool|ACE SPEC|Team Plasma,,Trainer,2013/08/14,"tcgplayer,cardmarket",https://prices.pokemontcg.io/tcgplayer/bw10-93,https://images.pokemontcg.io/bw10/93_hires.png,2026/08/08,2026/01/16,3.92,1.9700000286102295,4.0,52.5,,,,,,4.7986,1.0381,3.6681,0.0,4.014200210571289,3.6451,3.4951,10.3815,4.441,2.4685,1.1535,2026-08-09
hgss1-92,Fisherman,normal,HeartGold & SoulSilver,92,Uncommon,Kanako Eo,Supporter,,Trainer,2010/02/10,"tcgplayer,cardmarket",https://prices.pokemontcg.io/tcgplayer/hgss1-92,https://images.pokemontcg.io/hgss1/92_hires.png,2026/08/08,2026/01/16,13.22,11.529999732971191,15.0,109.86,,29.16,,,,0.9689,0.0577,0.646,11.4197,0.40369999408721924,0.646,1.0497,3.4605,7.1978,6.252,1.1535,2026-08-09
bw2-77,Cobalion,holofoil,Emerging Powers,77,Rare Holo,5ban Graphics,Basic,638,Pokémon,2011/08/31,"tcgplayer,cardmarket",https://prices.pokemontcg.io/tcgplayer/bw2-77,https://images.pokemontcg.io/bw2/77_hires.png,2026/08/08,2026/01/19,1.53,0.699999988079071,1.5099999904632568,27.5,,3.33,,,,2.2032,0.2307,2.3301,1.8456,1.0843000411987305,2.2032,1.3381,1.7879,1.8571,1.7418,1.1535,2026-08-09
base4-85,Paras,normal,Base Set 2,85,Common,Ken Sugimori,Basic,46,Pokémon,2000/02/24,"tcgplayer,cardmarket",https://prices.pokemontcg.io/tcgplayer/base4-85,https://images.pokemontcg.io/base4/85_hires.png,2026/08/08,2026/02/01,0.64,0.18000000715255737,0.6000000238418579,148.5,,,,,,0.7382,0.0807,0.7036,0.0,1.153499960899353,0.6344,0.6114,0.1154,0.1154,0.1154,1.1535,2026-08-09
bw7-87,Mienfoo,normal,Boundaries Crossed,87,Uncommon,Masakazu Fukuda,Basic,619,Pokémon,2012/11/07,"tcgplayer,cardmarket",https://prices.pokemontcg.io/tcgplayer/bw7-87,https://images.pokemontcg.io/bw7/87_hires.png,2026/08/08,2026/01/16,0.36,0.18000000715255737,0.4000000059604645,19.98,,1.14,,,,0.1154,0.0461,0.346,0.0,0.34599998593330383,0.346,0.2884,1.1535,1.4188,0.8882,1.1535,2026-08-09
sm6-78,Pangoro,normal,Forbidden Light,78,Rare,SATOSHI NAKAI,Stage 1,675,Pokémon,2018/05/04,"tcgplayer,cardmarket",https://prices.pokemontcg.io/tcgplayer/sm6-78,https://images.pokemontcg.io/sm6/78_hires.png,2026/08/08,2026/01/16,0.38,0.15000000596046448,0.3799999952316284,19.98,,0.57,,,,0.3807,0.0577,0.323,0.819,0.57669997215271,0.3691,0.3345,0.5075,0.8882,0.7959,1.1535,2026-08-09
xy8-81,Piloswine,normal,BREAKthrough,81,Uncommon,MAHOU,Stage 1,221,Pokémon,2015/11/04,"tcgplayer,cardmarket",https://prices.pokemontcg.io/tcgplayer/xy8-81,https://images.pokemontcg.io/xy8/81_hires.png,2026/08/08,2026/01/16,0.26,0.05000000074505806,0.25999999046325684,19.98,,0.46,,,,0.1615,0.0231,0.1384,1.0151,0.11540000140666962,0.173,0.1846,2.307,0.8651,0.6921,1.1535,2026-08-09
dp1-87,Magnemite,normal,Diamond & Pearl,87,Common,Kouki Saitou,Basic,81,Pokémon,2007/05/01,"tcgplayer,cardmarket",https://prices.pokemontcg.io/tcgplayer/dp1-87,https://images.pokemontcg.io/dp1/87_hires.png,2026/08/08,2026/02/01,0.23,0.029999999329447746,0.25999999046325684,19.98,,4.99,,,,0.4845,0.0231,0.0807,1.7187,0.04610000178217888,0.0923,0.1269,2.307,1.5111,1.0497,1.1535,2026-08-09
sm1-81,Carvanha,normal,Sun & Moon,81,Common,Sumiyoshi Kizuki,Basic,318,Pokémon,2017/02/03,"tcgplayer,cardmarket",https://prices.pokemontcg.io/tcgplayer/sm1-81,https://images.pokemontcg.io/sm1/81_hires.png,2026/08/08,2026/01/16,0.17,0.009999999776482582,0.20000000298023224,2.0,,0.31,,,,0.0577,0.0231,0.0692,0.2653,0.05770000070333481,0.0577,0.0461,0.346,0.2653,0.2538,1.1535,2026-08-09
swsh2-81,Sandygast,normal,Rebel Clash,81,Common,Yuka Morii,Basic,769,Pokémon,2020/05/01,"tcgplayer,cardmarket",https://prices.pokemontcg.io/tcgplayer/swsh2-81,https://images.pokemontcg.io/swsh2/81_hires.png,2026/08/08,2026/01/16,0.29,0.019999999552965164,0.28999999165534973,17.02,,0.64,,,,0.1038,0.0231,0.0923,0.2653,0.05770000070333481,0.0692,0.1038,0.2307,0.2538,0.2768,1.1535,2026-08-09
xy6-82,Fletchling,normal,Roaring Skies,82,Common,Kanako Eo,Basic,661,Pokémon,2015/05/06,"tcgplayer,cardmarket",https://prices.pokemontcg.io/tcgplayer/xy6-82,https://images.pokemontcg.io/xy6/82_hires.png,2026/08/08,2026/01/16,0.13,0.019999999552965164,0.20000000298023224,19.98,,0.3,,,,0.0577,0.0231,0.0923,0.6229,0.023099999874830246,0.0692,0.0692,0.2884,0.5075,0.3345,1.1535,2026-08-09
ex6-82,Squirtle,normal,FireRed & LeafGreen,82,Common,Toshinao Aoki,Basic,7,Pokémon,2004/09/01,"tcgplayer,cardmarket",https://prices.pokemontcg.io/tcgplayer/ex6-82,https://images.pokemontcg.io/ex6/82_hires.png,2026/08/08,2026/02/01,11.41,6.070000171661377,11.75,188.45,,162.0,,,,2.5838,0.2307,2.307,25.9191,0.5651999711990356,2.3185,2.4108,23.0585,42.7026,32.8401,1.1535,2026-08-09
smp-SM79,Shining Celebi,holofoil,SM Black Star Promos,SM79,Promo,Sanosuke Sakuma,Basic,251,Pokémon,2017/02/03,"tcgplayer,cardmarket",https://prices.pokemontcg.io/tcgplayer/smp-SM79,https://images.pokemontcg.io/smp/SM79_hires.png,2026/08/08,2026/01/16,46.59,30.260000228881836,49.9900016784668,99.95,,,,,,15.8837,5.1907,16.0913,0.0,7.959199905395508,18.456,15.7107,34.5935,75.6927,55.9794,1.1535,2026-08-09
xy7-86,Kyurem-EX,holofoil,Ancient Origins,86,Rare Ultra,Ryo Ueda,Basic|EX,646,Pokémon,2015/08/12,"tcgplayer,cardmarket",https://prices.pokemontcg.io/tcgplayer/xy7-86,https://images.pokemontcg.io/xy7/86_hires.png,2026/08/08,2026/01/16,37.66,21.540000915527344,37.65999984741211,247.7,,,,,,37.7887,19.6095,20.4977,0.0,49.5890007019043,26.4613,34.9626,20.1863,23.3584,14.6264,1.1535,2026-08-09
xy11-88,Meowth,normal,Steam Siege,88,Common,Masakazu Fukuda,Basic,52,Pokémon,2016/08/03,"tcgplayer,cardmarket",https://prices.pokemontcg.io/tcgplayer/xy11-88,https://images.pokemontcg.io/xy11/88_hires.png,2026/08/08,2026/01/16,0.29,0.019999999552965164,0.27000001072883606,1000.0,,0.79,,,,0.0923,0.0231,0.0807,0.6806,0.04610000178217888,0.1038,0.1038,0.6229,0.6806,0.5421,1.1535,2026-08-09
ecard2-60,Skiploom,normal,Aquapolis,60,Uncommon,Yuka Morii,Stage 1,188,Pokémon,2003/01/15,"tcgplayer,cardmarket",https://prices.pokemontcg.io/tcgplayer/ecard2-60,https://images.pokemontcg.io/ecard2/60_hires.png,2026/08/08,2026/01/19,18.82,30.0,39.91999816894531,57.75,,95.0,,,,4.4064,0.9228,5.3984,7.3132,10.381500244140625,5.2484,4.7293,10.9582,11.9733,8.559,1.1535,2026-08-09
sma-SV79,Silvally-GX,holofoil,Hidden Fates Shiny Vault,SV79,Rare Shiny GX,5ban Graphics,Stage 1|GX,773,Pokémon,2019/08/23,"tcgplayer,cardmarket",https://prices.pokemontcg.io/tcgplayer/sma-SV79,https://images.pokemontcg.io/sma/SV79_hires.png,2026/08/08,2026/01/16,13.89,10.239999771118164,13.6899995803833,95.5,,,,,,8.4667,4.6025,6.6672,0.0,8.062999725341797,8.1322,9.4702,20.7399,19.1596,23.3814,1.1535,2026-08-09
xy12-81,Pidgeot Spirit Link,normal,Evolutions,81,Uncommon,5ban Graphics,Pokémon Tool,,Trainer,2016/11/02,"tcgplayer,cardmarket",https://prices.pokemontcg.io/tcgplayer/xy12-81,https://images.pokemontcg.io/xy12/81_hires.png,2026/08/08,2026/01/16,0.1,0.009999999776482582,0.20000000298023224,18.12,,0.56,,,,0.1384,0.0231,0.2422,1.5688,0.10379999876022339,0.1384,0.1154,0.7498,1.2804,1.3381,1.1535,2026-08-09
gym2-91,Misty's Seel,unlimited,Gym Challenge,91,Common,Ken Sugimori,Basic,86,Pokémon,2000/10/16,"tcgplayer,cardmarket",https://prices.pokemontcg.io/tcgplayer/gym2-91,https://images.pokemontcg.io/gym2/91_hires.png,2026/08/08,2026/02/01,1.53,0.3100000023841858,1.1799999475479126,18.66,,,,,"{""1stEdition"": {""low"": 1.69, ""mid"": 2.94, ""high"": 29.99, ""market"": 2.81, ""directLow"": null}}",1.1881,0.0231,1.3611,0.0,1.5226000547409058,1.3265,1.1304,0.0,0.0,0.0,1.1535,2026-08-09
swsh1-87,Munna,normal,Sword & Shield,87,Common,Asako Ito,Basic,517,Pokémon,2020/02/07,"tcgplayer,cardmarket",https://prices.pokemontcg.io/tcgplayer/swsh1-87,https://images.pokemontcg.io/swsh1/87_hires.png,2026/08/08,2026/01/16,0.38,0.10000000149011612,0.3700000047683716,19.98,,1.54,,,,0.0923,0.0231,0.0923,0.3807,0.04610000178217888,0.0692,0.0923,0.346,0.4153,0.3922,1.1535,2026-08-09
base4-86,Pidgey,normal,Base Set 2,86,Common,Ken Sugimori,Basic,16,Pokémon,2000/02/24,"tcgplayer,cardmarket",https://prices.pokemontcg.io/tcgplayer/base4-86,https://images.pokemontcg.io/base4/86_hires.png,2026/08/08,2026/02/01,1.14,0.20000000298023224,0.75,21.38,,,,,,0.7728,0.0461,0.9343,0.0,1.707200050354004,0.7613,0.7036,0.2884,0.2192,0.2192,1.1535,2026-08-09
bw1-84,Pidove,normal,Black & White,84,Common,Masakazu Fukuda,Basic,519,Pokémon,2011/04/25,"tcgplayer,cardmarket",https://prices.pokemontcg.io/tcgplayer/bw1-84,https://images.pokemontcg.io/bw1/84_hires.png,2026/08/08,2026/02/01,0.31,0.03999999910593033,0.25,19.98,,1.31,,,,0.1269,0.0231,0.1615,0.4729,0.10379999876022339,0.15,0.1038,0.7498,0.5421,0.7036,1.1535,2026-08-09
sm3-83,Alolan Grimer,normal,Burning Shadows,83,Common,Kouki Saitou,Basic,88,Pokémon,2017/08/05,"tcgplayer,cardmarket",https://prices.pokemontcg.io/tcgplayer/sm3-83,https://images.pokemontcg.io/sm3/83_hires.png,2026/08/08,2026/01/16,0.07,0.009999999776482582,0.20000000298023224,19.98,,0.43,,,,0.0577,0.0231,0.0461,0.3922,0.03460000082850456,0.0577,0.0577,0.2192,0.3922,0.323,1.1535,2026-08-09
xyp-XY79,Latios,holofoil,XY Black Star Promos,XY79,Promo,Naoki Saito,Basic,381,Pokémon,2013/10/12,"tcgplayer,cardmarket",https://prices.pokemontcg.io/tcgplayer/xyp-XY79,https://images.pokemontcg.io/xyp/XY79_hires.png,2026/08/08,2026/01/16,118.06,64.98999786376953,148.42999267578125,927.92,,,,,,54.2722,8.6512,42.6449,0.0,46.13999938964844,38.2731,36.3006,2.1916,8.6859,7.567,1.1535,2026-08-09
bwp-BW76,Electrode,holofoil,BW Black Star Promos,BW76,Promo,5ban Graphics,Stage 1|Team Plasma,101,Pokémon,2011/03/01,"tcgplayer,cardmarket",https://prices.pokemontcg.io/tcgplayer/bwp-BW76,https://images.pokemontcg.io/bwp/BW76_hires.png,2026/08/08,2026/01/21,12.49,12.369999885559082,12.369999885559082,189.5,,,,,,19.6095,20.1863,18.2714,0.0,20.76300048828125,17.787,14.661,5.1792,7.74,7.74,1.1535,2026-08-09
bw10-94,Master Ball,holofoil,Plasma Blast,94,Rare ACE,5ban Graphics,Item|ACE SPEC,,Trainer,2013/08/14,"tcgplayer,cardmarket",https://prices.pokemontcg.io/tcgplayer/bw10-94,https://images.pokemontcg.io/bw10/94_hires.png,2026/08/08,2026/01/16,16.93,5.0,14.050000190734863,60.0,,,,,,9.2626,3.449,10.6814,0.0,2.306999921798706,12.527,19.8863,13.842,12.85,9.6779,1.1535,2026-08-09
sm11-81,Drifblim,normal,Unified Minds,81,Rare,Mizue,Stage 1,426,Pokémon,2019/08/02,"tcgplayer,cardmarket",https://prices.pokemontcg.io/tcgplayer/sm11-81,https://images.pokemontcg.io/sm11/81_hires.png,2026/08/08,2026/01/19,0.63,0.25,0.6700000166893005,19.98,,2.74,,,,0.4729,0.0231,0.2999,0.8651,0.7958999872207642,0.4614,0.4729,0.8651,0.8305,0.8074,1.1535,2026-08-09
g1-73,Team Flare Grunt,normal,Generations,73,Uncommon,Yusuke Ohmura,Supporter,,Trainer,2016/02/22,"tcgplayer,cardmarket",https://prices.pokemontcg.io/tcgplayer/g1-73,https://images.pokemontcg.io/g1/73_hires.png,2026/08/08,2026/02/01,0.43,0.25,0.41999998688697815,19.98,,2.01,,,,0.2307,0.0577,0.15,1.3496,0.51910001039505,0.3576,0.4383,0.5191,1.2919,1.1996,1.1535,2026-08-09
bw6-85,Rayquaza-EX,holofoil,Dragons Exalted,85,Rare Holo EX,Eske Yoshinob,Basic|EX,384,Pokémon,2012/08/15,"tcgplayer,cardmarket",https://prices.pokemontcg.io/tcgplayer/bw6-85,https://images.pokemontcg.io/bw6/85_hires.png,2026/08/08,2026/01/16,37.33,17.0,35.79999923706055,150.51,,,,,,18.5714,2.7569,20.8207,0.0,9.79319953918457,13.692,14.4187,6.921,6.4711,5.1331,1.1535,2026-08-09
bw4-89,Level Ball,normal,Next Destinies,89,Uncommon,5ban Graphics,Item,,Trainer,2012/02/08,"tcgplayer,cardmarket",https://prices.pokemontcg.io/tcgplayer/bw4-89,https://images.pokemontcg.io/bw4/89_hires.png,2026/08/08,2026/01/16,0.65,0.2800000011920929,0.6499999761581421,19.98,,3.77,,,,0.6921,0.0231,0.5075,0.0,0.5651999711990356,0.5306,0.6229,2.2378,1.7187,1.6495,1.1535,2026-08-09
sm12-87,Woobat,normal,Cosmic Eclipse,87,Common,Shibuzoh.,Basic,527,Pokémon,2019/11/01,"tcgplayer,cardmarket",https://prices.pokemontcg.io/tcgplayer/sm12-87,https://images.pokemontcg.io/sm12/87_hires.png,2026/08/08,2026/01/16,0.18,0.019999999552965164,0.23000000417232513,19.98,,0.43,,,,0.0692,0.0231,0.0692,0.4729,0.04610000178217888,0.0807,0.0807,0.5767,0.3576,0.4037,1.1535,2026-08-09
xy10-82,Exploud,normal,Fates Collide,82,Rare,Masakazu Fukuda,Stage 2,295,Pokémon,2016/05/02,"tcgplayer,cardmarket",https://prices.pokemontcg.io/tcgplayer/xy10-82,https://images.pokemontcg.io/xy10/82_hires.png,2026/08/08,2026/01/16,0.32,0.10000000149011612,0.3199999928474426,19.98,,0.53,,,,0.4499,0.0577,0.4153,0.7267,0.11540000140666962,0.3807,0.4037,0.4383,0.7152,0.7498,1.1535,2026-08-09
ex14-81,Mysterious Shard,normal,Crystal Guardians,81,Uncommon,Takumi Akabane,Pokémon Tool,,Trainer,2006/08/01,"tcgplayer,cardmarket",https://prices.pokemontcg.io/tcgplayer/ex14-81,https://images.pokemontcg.io/ex14/81_hires.png,2026/08/08,2026/02/01,0.67,0.23999999463558197,0.6299999952316284,19.98,,3.34,,,,1.3035,0.0577,1.0728,2.8838,0.28839999437332153,1.0381,1.0035,4.614,3.2875,3.1721,1.1535,2026-08-09
gym1-89,Misty's Shellder,unlimited,Gym Heroes,89,Common,Ken Sugimori,Basic,90,Pokémon,2000/08/14,"tcgplayer,cardmarket",https://prices.pokemontcg.io/tcgplayer/gym1-89,https://images.pokemontcg.io/gym1/89_hires.png,2026/08/08,2026/02/01,1.63,0.30000001192092896,1.0,9.99,,,,,"{""1stEdition"": {""low"": 1.36, ""mid"": 3.15, ""high"": 29.81, ""market"": 3.66, ""directLow"": 2.49}}",0.9228,0.1038,1.1766,0.0,1.6726000308990479,1.4303,1.0381,0.0,0.0,0.0,1.1535,2026-08-09
ex10-86,Mary's Request,normal,Unseen Forces,86,Uncommon,Ken Sugimori,Supporter,,Trainer,2005/08/01,"tcgplayer,cardmarket",https://prices.pokemontcg.io/tcgplayer/ex10-86,https://images.pokemontcg.io/ex10/86_hires.png,2026/08/08,2026/02/01,3.44,2.0999999046325684,3.700000047683716,40.1,,64.99,,,,0.4037,0.0231,0.3922,9.228,0.8881999850273132,0.5191,0.7613,9.228,12.0195,10.37,1.1535,2026-08-09
ex8-85,Crystal Shard,normal,Deoxys,85,Uncommon,Jungo Suzuki,Pokémon Tool,,Trainer,2005/02/01,"tcgplayer,cardmarket",https://prices.pokemontcg.io/tcgplayer/ex8-85,https://images.pokemontcg.io/ex8/85_hires.png,2026/08/08,2026/02/01,0.73,0.46000000834465027,0.8500000238418579,19.98,,5.09,,,,0.4383,0.2192,0.7382,1.7302,0.57669997215271,0.5191,1.0612,1.7302,6.2289,7.9245,1.1535,2026-08-09
sma-SV80,Drampa-GX,holofoil,Hidden Fates Shiny Vault,SV80,Rare Shiny GX,5ban Graphics,Basic|GX,780,Pokémon,2019/08/23,"tcgplayer,cardmarket",https://prices.pokemontcg.io/tcgplayer/sma-SV80,https://images.pokemontcg.io/sma/SV80_hires.png,2026/08/08,2026/01/16,12.09,9.539999961853027,12.5,117.2,,,,,,10.6353,4.0373,8.5359,0.0,5.536799907684326,9.7817,8.5474,15.4684,15.6645,15.4108,1.1535,2026-08-09
dp5-82,Fossil Excavator,normal,Majestic Dawn,82,Uncommon,Kanako Eo,Supporter,,Trainer,2008/05/01,"tcgplayer,cardmarket",https://prices.pokemontcg.io/tcgplayer/dp5-82,https://images.pokemontcg.io/dp5/82_hires.png,2026/08/08,2026/02/01,1.11,0.7900000214576721,1.0499999523162842,19.98,,9.99,,,,0.2999,0.0461,0.2076,2.1109,0.19609999656677246,0.2192,0.5191,4.614,2.457,1.9956,1.1535,2026-08-09
ex4-88,Double Rainbow Energy,normal,Team Magma vs Team Aqua,88,Rare,Takumi Akabane,Special,,Energy,2004/03/01,"tcgplayer,cardmarket",https://prices.pokemontcg.io/tcgplayer/ex4-88,https://images.pokemontcg.io/ex4/88_hires.png,2026/08/08,2026/02/01,7.7,6.400000095367432,9.1899995803833,125.1,,28.63,,,,2.9876,0.346,3.1952,5.8252,0.57669997215271,3.0798,2.8145,2.4108,5.606,5.8136,1.1535,2026-08-09
smp-SM80,Ho-Oh-GX,holofoil,SM Black Star Promos,SM80,Promo,5ban Graphics,Basic|GX,250,Pokémon,2017/02/03,"tcgplayer,cardmarket",https://prices.pokemontcg.io/tcgplayer/smp-SM80,https://images.pokemontcg.io/smp/SM80_hires.png,2026/08/08,2026/01/16,18.17,12.0,19.0,9999.0,,,,,,12.9077,4.614,11.4543,0.0,8.062999725341797,11.2812,9.551,11.535,13.7266,14.2573,1.1535,2026-08-09
bw5-80,Chansey,normal,Dark Explorers,80,Common,Kagemaru Himeno,Basic,113,Pokémon,2012/05/09,"tcgplayer,cardmarket",https://prices.pokemontcg.io/tcgplayer/bw5-80,https://images.pokemontcg.io/bw5/80_hires.png,2026/08/08,2026/01/19,1.32,0.1899999976158142,1.1699999570846558,19.98,,4.87,,,,0.15,0.0231,0.2076,3.9796,0.34599998593330383,0.2192,0.2653,2.2955,3.0337,2.2263,1.1535,2026-08-09
ex3-87,Mr. Briney's Compassion,normal,Dragon,87,Uncommon,Ken Sugimori,Supporter,,Trainer,2003/11/24,"tcgplayer,cardmarket",https://prices.pokemontcg.io/tcgplayer/ex3-87,https://images.pokemontcg.io/ex3/87_hires.png,2026/08/08,2026/02/01,8.17,6.599999904632568,8.75,75.0,,17.65,,,,3.0798,0.8651,2.803,0.0,4.475599765777588,3.2067,3.7489,0.2884,7.3132,7.6708,1.1535,2026-08-09
ex15-75,Holon Mentor,normal,Dragon Frontiers,75,Uncommon,Kouki Saitou,Supporter,,Trainer,2006/11/01,"tcgplayer,cardmarket",https://prices.pokemontcg.io/tcgplayer/ex15-75,https://images.pokemontcg.io/ex15/75_hires.png,2026/08/08,2026/02/19,5.65,2.759999990463257,6.829999923706055,141.08,,22.68,,,,2.6761,0.8074,2.2263,9.7817,1.7302000522613525,2.6069,2.6184,14.8802,7.5785,6.102,1.1535,2026-08-09
xy2-96,Sacred Ash,normal,Flashfire,96,Uncommon,PLANETA,Item,,Trainer,2014/05/07,"tcgplayer,cardmarket",https://prices.pokemontcg.io/tcgplayer/xy2-96,https://images.pokemontcg.io/xy2/96_hires.png,2026/08/08,2026/01/16,0.47,0.20000000298023224,0.46000000834465027,19.98,,6.26,,,,0.4383,0.0577,0.3807,5.7675,0.1615000069141388,0.496,0.5191,1.7302,4.5909,3.0337,1.1535,2026-08-09
pl4-88,Lucky Egg,normal,Arceus,88,Uncommon,Nobuyuki Fujimoto,Pokémon Tool,,Trainer,2009/11/04,"tcgplayer,cardmarket",https://prices.pokemontcg.io/tcgplayer/pl4-88,https://images.pokemontcg.io/pl4/88_hires.png,2026/08/08,2026/01/16,0.62,0.1599999964237213,0.47999998927116394,19.98,,3.29,,,,0.15,0.0231,0.173,1.4534,0.57669997215271,0.173,0.1615,0.4614,0.8536,0.6575,1.1535,2026-08-09
pl3-82,Rotom,normal,Supreme Victors,82,Uncommon,Ken Sugimori,Basic,479,Pokémon,2009/08/19,"tcgplayer,cardmarket",https://prices.pokemontcg.io/tcgplayer/pl3-82,https://images.pokemontcg.io/pl3/82_hires.png,2026/08/08,2026/01/16,1.4,0.4399999976158142,1.0,19.98,,7.49,,,,0.8421,0.0577,0.5075,0.8305,0.40369999408721924,0.8074,0.669,0.2307,1.315,1.0843,1.1535,2026-08-09
ex7-83,Copycat,normal,Team Rocket Returns,83,Uncommon,Ken Sugimori,Supporter,,Trainer,2004/11/01,"tcgplayer,cardmarket",https://prices.pokemontcg.io/tcgplayer/ex7-83,https://images.pokemontcg.io/ex7/83_hires.png,2026/08/08,2026/02/01,6.69,4.75,9.239999771118164,58.21,,30.13,,,,2.1686,0.2884,2.6646,16.5181,1.038100004196167,2.3531,2.3416,16.149,15.5723,11.8349,1.1535,2026-08-09
sm10-77,Misdreavus,normal,Unbroken Bonds,77,Common,Miki Tanaka,Basic,200,Pokémon,2019/05/03,"tcgplayer,cardmarket",https://prices.pokemontcg.io/tcgplayer/sm10-77,https://images.pokemontcg.io/sm10/77_hires.png,2026/08/08,2026/01/19,0.23,0.05000000074505806,0.23000000417232513,17.44,,0.56,,,,0.1269,0.0231,0.1269,0.2538,0.219200000166893,0.1038,0.1154,0.4614,0.2076,0.2538,1.1535,2026-08-09
sm7-86,Sneasel,normal,Celestial Storm,86,Common,Ken Sugimori,Basic,215,Pokémon,2018/08/03,"tcgplayer,cardmarket",https://prices.pokemontcg.io/tcgplayer/sm7-86,https://images.pokemontcg.io/sm7/86_hires.png,2026/08/08,2026/01/16,0.24,0.07000000029802322,0.23999999463558197,19.98,,0.51,,,,0.1038,0.0231,0.1038,0.323,0.06920000165700912,0.0807,0.0923,0.4268,0.5998,0.496,1.1535,2026-08-09
ex9-84,Scott,normal,Emerald,84,Uncommon,Ken Sugimori,Supporter,,Trainer,2005/05/01,"tcgplayer,cardmarket",https://prices.pokemontcg.io/tcgplayer/ex9-84,https://images.pokemontcg.io/ex9/84_hires.png,2026/08/08,2026/02/01,5.27,2.799999952316284,5.260000228881836,47.43,,44.99,,,,2.0648,0.4614,2.0071,3.4605,2.31850004196167,1.8802,1.8917,3.4605,8.0399,6.7249,1.1535,2026-08-09
ex12-90,Regice ★,holofoil,Legend Maker,90,Rare Holo Star,Masakazu Fukuda,Basic|Star,378,Pokémon,2006/02/01,"tcgplayer,cardmarket",https://prices.pokemontcg.io/tcgplayer/ex12-90,https://images.pokemontcg.io/ex12/90_hires.png,2026/05/08,2026/01/16,1250.0,699.97998046875,699.97998046875,699.98,,,,,,692.1,167.2575,685.7558,0.0,692.0999755859375,530.5177,488.1612,115.35,107.4601,80.4682,1.1535,2026-08-09
xy11-89,Persian,normal,Steam Siege,89,Uncommon,Anesaki Dynamic,Stage 1,53,Pokémon,2016/08/03,"tcgplayer,cardmarket",https://prices.pokemontcg.io/tcgplayer/xy11-89,https://images.pokemontcg.io/xy11/89_hires.png,2026/08/08,2026/01/16,0.22,0.03999999910593033,0.23999999463558197,15.18,,0.49,,,,0.1154,0.0231,0.1269,0.3922,0.17299999296665192,0.1269,0.1154,0.4614,0.3922,0.5652,1.1535,2026-08-09
pl2-84,Trapinch,normal,Rising Rivals,84,Common,Atsuko Nishida,Basic,328,Pokémon,2009/05/16,"tcgplayer,cardmarket",https://prices.pokemontcg.io/tcgplayer/pl2-84,https://images.pokemontcg.io/pl2/84_hires.png,2026/08/08,2026/01/19,0.38,0.10000000149011612,0.38999998569488525,3.23,,7.4,,,,0.1384,0.0231,0.15,0.669,0.10379999876022339,0.15,0.1154,1.6495,0.9113,0.8767,1.1535,2026-08-09
bw9-87,Rattata,normal,Plasma Freeze,87,Common,Masakazu Fukuda,Basic,19,Pokémon,2013/05/08,"tcgplayer,cardmarket",https://prices.pokemontcg.io/tcgplayer/bw9-87,https://images.pokemontcg.io/bw9/87_hires.png,2026/08/08,2026/01/16,0.33,0.10000000149011612,0.3100000023841858,23.49,,1.81,,,,0.1384,0.0231,0.1269,1.1535,0.12690000236034393,0.2076,0.1615,1.1535,1.1996,1.1996,1.1535,2026-08-09
ex2-79,Skitty,normal,Sandstorm,79,Common,Kagemaru Himeno,Basic,300,Pokémon,2003/09/18,"tcgplayer,cardmarket",https://prices.pokemontcg.io/tcgplayer/ex2-79,https://images.pokemontcg.io/ex2/79_hires.png,2026/08/08,2026/02/01,4.13,3.0,5.53000020980835,44.9,,21.99,,,,0.496,0.0461,0.6344,8.5359,0.51910001039505,0.4845,0.4729,2.5954,6.7941,7.1748,1.1535,2026-08-09
sm35-75,Raichu-GX,holofoil,Shining Legends,75,Rare Rainbow,5ban Graphics,Stage 1|GX,26,Pokémon,2017/10/06,"tcgplayer,cardmarket",https://prices.pokemontcg.io/tcgplayer/sm35-75,https://images.pokemontcg.io/sm35/75_hires.png,2026/08/08,2026/01/21,41.77,34.02000045776367,41.970001220703125,334.8,,,,,,29.8295,11.535,36.1276,0.0,36.9005012512207,29.8295,32.3441,57.502,63.0734,49.3467,1.1535,2026-08-09
ex5-79,Totodile,normal,Hidden Legends,79,Common,Shin-ichi Yoshikawa,Basic,158,Pokémon,2004/06/01,"tcgplayer,cardmarket",https://prices.pokemontcg.io/tcgplayer/ex5-79,https://images.pokemontcg.io/ex5/79_hires.png,2026/08/08,2026/02/01,0.77,0.3499999940395355,0.7599999904632568,19.5,,51.29,,,,0.6921,0.0231,0.7613,5.9405,0.3230000138282776,0.323,0.6344,7.3824,4.7986,7.4977,1.1535,2026-08-09
col1-86,Darkness Energy,normal,Call of Legends,86,Uncommon,Kent Kanetsuna,Special,,Energy,2011/02/09,"tcgplayer,cardmarket",https://prices.pokemontcg.io/tcgplayer/col1-86,https://images.pokemontcg.io/col1/86_hires.png,2026/08/08,2026/01/16,1.04,0.25,0.75,19.98,,7.37,,,,1.1535,0.0231,0.9228,16.1375,1.0958000421524048,1.3727,0.8651,16.1375,6.0443,3.4259,1.1535,2026-08-09
swsh2-82,Palossand,normal,Rebel Clash,82,Uncommon,Hasuno,Stage 1,770,Pokémon,2020/05/01,"tcgplayer,cardmarket",https://prices.pokemontcg.io/tcgplayer/swsh2-82,https://images.pokemontcg.io/swsh2/82_hires.png,2026/08/08,2026/01/16,0.07,0.029999999329447746,0.18000000715255737,19.98,,0.27,,,,0.0692,0.0231,0.0807,0.2307,0.05770000070333481,0.0923,0.0692,0.346,0.2999,0.2768,1.1535,2026-08-09
ex16-78,Master Ball,normal,Power Keepers,78,Uncommon,Keiji Kinebuchi,Item,,Trainer,2007/02/02,"tcgplayer,cardmarket",https://prices.pokemontcg.io/tcgplayer/ex16-78,https://images.pokemontcg.io/ex16/78_hires.png,2026/08/08,2026/02/01,0.87,0.20000000298023224,0.6800000071525574,18.66,,4.26,,,,0.1846,0.0231,0.1615,2.8838,0.1615000069141388,0.1269,0.1846,13.842,5.3292,5.5599,1.1535,2026-08-09
bw11-89,Zorua,normal,Legendary Treasures,89,Common,Atsuko Nishida,Basic,570,Pokémon,2013/11/06,"tcgplayer,cardmarket",https://prices.pokemontcg.io/tcgplayer/bw11-89,https://images.pokemontcg.io/bw11/89_hires.png,2026/08/08,2026/01/16,1.08,0.25,0.75,14.99,,7.9,,,,0.2999,0.1154,0.3807,0.0,0.23070000112056732,0.346,0.346,6.9095,5.3292,3.1837,1.1535,2026-08-09
bw3-81,Pawniard,normal,Noble Victories,81,Common,Tomokazu Komiya,Basic,624,Pokémon,2011/11/16,"tcgplayer,cardmarket",https://prices.pokemontcg.io/tcgplayer/bw3-81,https://images.pokemontcg.io/bw3/81_hires.png,2026/08/08,2026/01/16,0.56,0.20000000298023224,0.5400000214576721,19.98,,15.99,,,,0.6921,0.0231,0.5998,1.1535,0.8073999881744385,0.5191,0.5652,0.5767,1.2804,1.3611,1.1535,2026-08-09
xy1-88,Jigglypuff,normal,XY,88,Common,Sanosuke Sakuma,Basic,39,Pokémon,2014/02/05,"tcgplayer,cardmarket",https://prices.pokemontcg.io/tcgplayer/xy1-88,https://images.pokemontcg.io/xy1/88_hires.png,2026/08/08,2026/01/16,0.54,0.15000000596046448,0.6100000143051147,19.98,,4.96,,,,0.3691,0.0231,0.7728,0.7613,0.23070000112056732,0.7959,0.496,1.1535,2.8261,2.7107,1.1535,2026-08-09
xy5-89,Drilbur,normal,Primal Clash,89,Common,Kagemaru Himeno,Basic,529,Pokémon,2015/02/04,"tcgplayer,cardmarket",https://prices.pokemontcg.io/tcgplayer/xy5-89,https://images.pokemontcg.io/xy5/89_hires.png,2026/08/08,2026/01/16,0.18,0.05000000074505806,0.20000000298023224,17.84,,0.48,,,,0.1038,0.0231,0.1038,0.0,0.04610000178217888,0.1269,0.1038,0.2307,0.2768,0.4499,1.1535,2026-08-09
sm2-83,Beldum,normal,Guardians Rising,83,Common,Kyoko Umemoto,Basic,374,Pokémon,2017/05/05,"tcgplayer,cardmarket",https://prices.pokemontcg.io/tcgplayer/sm2-83,https://images.pokemontcg.io/sm2/83_hires.png,2026/08/08,2026/01/16,0.2,0.009999999776482582,0.20000000298023224,18.12,,0.33,,,,0.0577,0.0231,0.0577,0.3114,0.05770000070333481,0.0692,0.0577,0.2076,0.323,0.2768,1.1535,2026-08-09
sm5-85,Bastiodon,holofoil,Ultra Prism,85,Rare Holo,Hasuno,Stage 2,411,Pokémon,2018/02/02,"tcgplayer,cardmarket",https://prices.pokemontcg.io/tcgplayer/sm5-85,https://images.pokemontcg.io/sm5/85_hires.png,2026/08/08,2026/01/16,1.77,0.30000001192092896,1.2400000095367432,19.36,,0.92,,,,0.7267,0.0577,0.819,0.5652,0.34599998593330383,0.7844,0.9459,0.2884,0.5652,0.7267,1.1535,2026-08-09
pl1-86,Poochyena,normal,Platinum,86,Common,Tomokazu Komiya,Basic,261,Pokémon,2009/02/11,"tcgplayer,cardmarket",https://prices.pokemontcg.io/tcgplayer/pl1-86,https://images.pokemontcg.io/pl1/86_hires.png,2026/08/08,2026/01/16,2.38,1.0,2.7300000190734863,19.98,,10.99,,,,0.6344,0.0231,0.7382,3.4028,0.05770000070333481,0.646,0.6229,1.811,2.8491,2.0994,1.1535,2026-08-09
dp2-80,Doduo,normal,Mysterious Treasures,80,Common,Ken Sugimori,Basic,84,Pokémon,2007/08/01,"tcgplayer,cardmarket",https://prices.pokemontcg.io/tcgplayer/dp2-80,https://images.pokemontcg.io/dp2/80_hires.png,2026/08/08,2026/02/01,0.31,0.07000000029802322,0.28999999165534973,17.88,,0.97,,,,0.1269,0.0231,0.1846,0.2307,0.11540000140666962,0.1384,0.1154,0.2307,1.5918,1.1535,1.1535,2026-08-09
hgss2-86,Lanturn,holofoil,HS—Unleashed,86,Rare Prime,Hideaki Hakozaki,Stage 1|Prime,171,Pokémon,2010/05/12,"tcgplayer,cardmarket",https://prices.pokemontcg.io/tcgplayer/hgss2-86,https://images.pokemontcg.io/hgss2/86_hires.png,2026/08/08,2026/01/16,43.52,32.0,100.0,283.88,,,,,,9.5394,0.5767,9.1127,0.0,12.665399551391602,8.6628,8.9742,3.4605,5.3061,4.3256,1.1535,2026-08-09
sm8-82,Zebstrika,normal,Lost Thunder,82,Rare,Misa Tsutsui,Stage 1,523,Pokémon,2018/11/02,"tcgplayer,cardmarket",https://prices.pokemontcg.io/tcgplayer/sm8-82,https://images.pokemontcg.io/sm8/82_hires.png,2026/08/08,2026/01/19,1.69,0.949999988079071,1.690000057220459,8.99,,2.6,,,,3.4259,1.7302,3.9911,0.0,4.602499961853027,3.4951,3.2875,3.1721,1.4419,1.4419,1.1535,2026-08-09
hgss4-84,Yanma,normal,HS—Triumphant,84,Common,Naoyo Kimura,Basic,193,Pokémon,2010/11/03,"tcgplayer,cardmarket",https://prices.pokemontcg.io/tcgplayer/hgss4-84,https://images.pokemontcg.io/hgss4/84_hires.png,2026/08/08,2026/01/16,0.34,0.18000000715255737,0.3400000035762787,19.98,,1.42,,,,0.173,0.0231,0.2076,0.173,0.25380000472068787,0.2653,0.1961,0.2192,0.7728,0.7498,1.1535,2026-08-09
xy8-82,Mamoswine,holofoil,BREAKthrough,82,Rare Holo,Masakazu Fukuda,Stage 2,473,Pokémon,2015/11/04,"tcgplayer,cardmarket",https://prices.pokemontcg.io/tcgplayer/xy8-82,https://images.pokemontcg.io/xy8/82_hires.png,2026/08/08,2026/01/16,0.88,0.3700000047683716,0.800000011920929,29.99,,1.04,,,,1.8341,0.346,1.7533,1.9033,2.0762999057769775,1.661,1.638,1.4995,2.4108,2.4916,1.1535,2026-08-09
sm6-79,Yveltal-GX,holofoil,Forbidden Light,79,Rare Holo GX,5ban Graphics,Basic|GX,717,Pokémon,2018/05/04,"tcgplayer,cardmarket",https://prices.pokemontcg.io/tcgplayer/sm6-79,https://images.pokemontcg.io/sm6/79_hires.png,2026/08/08,2026/01/16,10.76,9.0,11.0,33.86,,,,,,10.7045,2.5954,7.9592,0.0,5.75600004196167,9.8509,9.0665,11.535,7.3478,6.6211,1.1535,2026-08-09
swsh3-80,Shiinotic,normal,Darkness Ablaze,80,Uncommon,Misa Tsutsui,Stage 1,756,Pokémon,2020/08/14,"tcgplayer,cardmarket",https://prices.pokemontcg.io/tcgplayer/swsh3-80,https://images.pokemontcg.io/swsh3/80_hires.png,2026/08/08,2026/01/16,0.06,0.009999999776482582,0.1899999976158142,25.06,,0.27,,,,0.0577,0.0231,0.0577,0.2422,0.023099999874830246,0.0461,0.0461,0.1154,0.2076,0.2076,1.1535,2026-08-09
base6-81,Mankey,normal,Legendary Collection,81,Common,Sumiyoshi Kizuki,Basic,56,Pokémon,2002/05/24,"tcgplayer,cardmarket",https://prices.pokemontcg.io/tcgplayer/base6-81,https://images.pokemontcg.io/base6/81_hires.png,2026/08/08,2026/02/01,0.52,0.20000000298023224,0.5,18.1,,105.0,,,,0.346,0.0577,0.5306,51.9075,1.1073999404907227,0.4845,0.3922,51.9075,138.2585,57.0521,1.1535,2026-08-09
xy4-78,Spearow,normal,Phantom Forces,78,Common,Mizue,Basic,21,Pokémon,2014/11/05,"tcgplayer,cardmarket",https://prices.pokemontcg.io/tcgplayer/xy4-78,https://images.pokemontcg.io/xy4/78_hires.png,2026/08/08,2026/01/16,0.17,0.03999999910593033,0.2199999988079071,1000.0,,0.49,,,,0.1384,0.0231,0.1269,0.2076,0.023099999874830246,0.1384,0.15,0.0923,0.4037,0.496,1.1535,2026-08-09
bw7-88,Mienshao,normal,Boundaries Crossed,88,Uncommon,Kagemaru Himeno,Stage 1,620,Pokémon,2012/11/07,"tcgplayer,cardmarket",https://prices.pokemontcg.io/tcgplayer/bw7-88,https://images.pokemontcg.io/bw7/88_hires.png,2026/08/08,2026/01/16,0.32,0.1599999964237213,0.38999998569488525,19.98,,0.9,,,,0.6575,0.0231,0.5306,0.0,0.8996999859809875,0.5421,0.496,2.307,1.4419,1.2573,1.1535,2026-08-09
bw8-82,Purrloin,normal,Plasma Storm,82,Common,MAHOU,Basic,509,Pokémon,2013/02/06,"tcgplayer,cardmarket",https://prices.pokemontcg.io/tcgplayer/bw8-82,https://images.pokemontcg.io/bw8/82_hires.png,2026/08/08,2026/01/16,0.37,0.18000000715255737,0.3499999940395355,19.98,,3.42,,,,0.1961,0.0231,0.2307,0.4037,0.17299999296665192,0.1615,0.1846,0.2307,0.6344,0.669,1.1535,2026-08-09
neo1-79,Swinub,unlimited,Neo Genesis,79,Common,Ken Sugimori,Basic,220,Pokémon,2000/12/16,"tcgplayer,cardmarket",https://prices.pokemontcg.io/tcgplayer/neo1-79,https://images.pokemontcg.io/neo1/79_hires.png,2026/08/08,2026/02/01,0.61,0.12999999523162842,0.6100000143051147,20.62,,,,,"{""1stEdition"": {""low"": 0.72, ""mid"": 2.08, ""high"": 7.75, ""market"": 2.29, ""directLow"": 4.38}}",0.6229,0.0231,0.7613,0.0,0.46140000224113464,0.4153,0.5998,0.0231,0.0231,0.0231,1.1535,2026-08-09
dp3-91,Lickitung,normal,Secret Wonders,91,Common,Ken Sugimori,Basic,108,Pokémon,2007/11/01,"tcgplayer,cardmarket",https://prices.pokemontcg.io/tcgplayer/dp3-91,https://images.pokemontcg.io/dp3/91_hires.png,2026/08/08,2026/01/16,0.49,0.15000000596046448,0.3400000035762787,19.98,,1.57,,,,0.2192,0.0231,0.2768,0.669,0.15000000596046448,0.173,0.1961,0.8536,1.2573,1.0266,1.1535,2026-08-09
neo4-86,Unown [L],unlimited,Neo Destiny,86,Common,CR CG gangs,Basic,201,Pokémon,2002/02/28,"tcgplayer,cardmarket",https://prices.pokemontcg.io/tcgplayer/neo4-86,https://images.pokemontcg.io/neo4/86_hires.png,2026/08/08,2026/02/01,1.0,0.44999998807907104,1.0700000524520874,21.0,,,,,"{""1stEdition"": {""low"": 1.49, ""mid"": 2.32, ""high"": 31.58, ""market"": 2.39, ""directLow"": 2.99}}",1.2689,0.1154,1.3842,0.0,0.6920999884605408,1.6726,1.2804,0.346,0.346,0.346,1.1535,2026-08-09
dp6-84,Beldum,normal,Legends Awakened,84,Common,Masakazu Fukuda,Basic,374,Pokémon,2008/08/01,"tcgplayer,cardmarket",https://prices.pokemontcg.io/tcgplayer/dp6-84,https://images.pokemontcg.io/dp6/84_hires.png,2026/08/08,2026/01/19,0.35,0.09000000357627869,0.30000001192092896,19.98,,5.0,,,,0.1846,0.0231,0.173,0.2307,0.11540000140666962,0.1615,0.173,0.2307,1.4419,0.9343,1.1535,2026-08-09
hgss1-93,Full Heal,normal,HeartGold & SoulSilver,93,Uncommon,Takashi Yamaguchi,Item,,Trainer,2010/02/10,"tcgplayer,cardmarket",https://prices.pokemontcg.io/tcgplayer/hgss1-93,https://images.pokemontcg.io/hgss1/93_hires.png,2026/08/08,2026/01/16,0.26,0.03999999910593033,0.25,19.98,,1.87,,,,0.2422,0.0231,0.1615,0.4614,0.34599998593330383,0.1846,0.1615,0.4614,2.5723,1.5572,1.1535,2026-08-09
ex1-74,Torchic,normal,Ruby & Sapphire,74,Common,Kouki Saitou,Basic,255,Pokémon,2003/07/01,"tcgplayer,cardmarket",https://prices.pokemontcg.io/tcgplayer/ex1-74,https://images.pokemontcg.io/ex1/74_hires.png,2026/08/08,2026/02/19,2.33,0.9900000095367432,2.1600000858306885,19.98,,29.5,,,,2.0186,0.8651,2.0186,0.0,2.306999921798706,2.0532,1.7649,0.0,0.0,0.0,1.1535,2026-08-09
ecard3-52,Dugtrio,normal,Skyridge,52,Common,Tomokazu Komiya,Stage 1,51,Pokémon,2003/05/12,"tcgplayer,cardmarket",https://prices.pokemontcg.io/tcgplayer/ecard3-52,https://images.pokemontcg.io/ecard3/52_hires.png,2026/08/08,2026/02/01,28.93,30.0,64.94999694824219,249.84,,,,,,11.2928,3.9219,7.8207,55.8179,10.381500244140625,9.0088,12.3655,17.3025,46.1285,20.0478,1.1535,2026-08-09
xy9-77,M Scizor-EX,holofoil,BREAKpoint,77,Rare Holo EX,5ban Graphics,MEGA|EX,212,Pokémon,2016/02/03,"tcgplayer,cardmarket",https://prices.pokemontcg.io/tcgplayer/xy9-77,https://images.pokemontcg.io/xy9/77_hires.png,2026/08/08,2026/01/19,20.38,11.300000190734863,20.09000015258789,392.2,,,,,,15.6184,3.4605,16.1605,0.0,20.92449951171875,18.0753,14.7302,4.6025,7.4401,5.3522,1.1535,2026-08-09
sm9-87,Mightyena,normal,Team Up,87,Rare,kirisAki,Stage 1,262,Pokémon,2019/02/01,"tcgplayer,cardmarket",https://prices.pokemontcg.io/tcgplayer/sm9-87,https://images.pokemontcg.io/sm9/87_hires.png,2026/08/08,2026/01/16,0.47,0.1899999976158142,0.4699999988079071,19.98,,1.0,,,,0.2999,0.0923,0.496,0.4499,0.11540000140666962,0.4268,0.4037,0.346,0.9113,0.819,1.1535,2026-08-09
xy7-87,Ampharos-EX,holofoil,Ancient Origins,87,Rare Ultra,Ryo Ueda,Basic|EX,181,Pokémon,2015/08/12,"tcgplayer,cardmarket",https://prices.pokemontcg.io/tcgplayer/xy7-87,https://images.pokemontcg.io/xy7/87_hires.png,2026/08/08,2026/01/16,47.35,29.989999771118164,44.0,297.58,,,,,,37.2004,11.535,31.5713,0.0,40.372501373291016,34.6511,31.0753,17.2448,16.5181,12.1233,1.1535,2026-08-09
xy3-73,Klefki,normal,Furious Fists,73,Uncommon,5ban Graphics,Basic,707,Pokémon,2014/08/13,"tcgplayer,cardmarket",https://prices.pokemontcg.io/tcgplayer/xy3-73,https://images.pokemontcg.io/xy3/73_hires.png,2026/08/08,2026/01/19,0.34,0.12999999523162842,0.3700000047683716,19.98,,1.23,,,,0.3345,0.0231,0.2768,0.8305,0.3230000138282776,0.3114,0.2538,1.0728,0.7613,0.7844,1.1535,2026-08-09
ecard2-61,Smoochum,normal,Aquapolis,61,Uncommon,Kagemaru Himeno,Baby,238,Pokémon,2003/01/15,"tcgplayer,cardmarket",https://prices.pokemontcg.io/tcgplayer/ecard2-61,https://images.pokemontcg.io/ecard2/61_hires.png,2026/08/08,2026/01/19,13.17,14.489999771118164,48.9900016784668,71.0,,35.0,,,,2.9645,0.2307,3.8758,0.0,4.613999843597412,3.3798,3.8296,8.063,16.2644,8.3513,1.1535,2026-08-09
base1-88,Professor Oak,normal,Base,88,Uncommon,Ken Sugimori,,,Trainer,1999/01/09,"tcgplayer,cardmarket",https://prices.pokemontcg.io/tcgplayer/base1-88,https://images.pokemontcg.io/base1/88_hires.png,2026/08/08,2026/02/01,2.19,0.15000000596046448,1.0,35.0,,,,,,1.3611,0.0231,1.2112,0.0,0.5306000113487244,1.0035,1.3842,1.1535,2.8838,2.8838,1.1535,2026-08-09
sm1-82,Sharpedo,holofoil,Sun & Moon,82,Rare Holo,Yumi,Stage 1,319,Pokémon,2017/02/03,"tcgplayer,cardmarket",https://prices.pokemontcg.io/tcgplayer/sm1-82,https://images.pokemontcg.io/sm1/82_hires.png,2026/08/08,2026/01/16,0.51,0.23999999463558197,0.5099999904632568,19.26,,0.82,,,,0.7498,0.0692,0.6344,1.3381,0.6805999875068665,0.8305,0.7267,0.5767,1.1304,0.8882,1.1535,2026-08-09
swsh4-82,Zacian,holofoil,Vivid Voltage,82,Amazing Rare,Shin Nagasawa,Basic,888,Pokémon,2020/11/13,"tcgplayer,cardmarket",https://prices.pokemontcg.io/tcgplayer/swsh4-82,https://images.pokemontcg.io/swsh4/82_hires.png,2026/08/08,2026/01/16,5.33,4.0,5.46999979019165,1000.0,,,,,,6.1597,2.9414,7.6362,0.0,6.690299987792969,8.4898,7.0133,15.5723,15.8145,15.9644,1.1535,2026-08-09
sm4-77,Kommo-o,normal,Crimson Invasion,77,Rare,kawayoo,Stage 2,784,Pokémon,2017/11/03,"tcgplayer,cardmarket",https://prices.pokemontcg.io/tcgplayer/sm4-77,https://images.pokemontcg.io/sm4/77_hires.png,2026/08/08,2026/01/19,0.91,0.5,0.8999999761581421,19.82,,1.21,,,,0.6229,0.0231,0.5883,1.0381,0.34599998593330383,0.7728,0.6344,1.2458,1.2227,1.0497,1.1535,2026-08-09
bw2-78,Patrat,normal,Emerging Powers,78,Common,Masakazu Fukuda,Basic,504,Pokémon,2011/08/31,"tcgplayer,cardmarket",https://prices.pokemontcg.io/tcgplayer/bw2-78,https://images.pokemontcg.io/bw2/78_hires.png,2026/08/08,2026/01/19,0.21,0.07999999821186066,0.23999999463558197,19.98,,1.29,,,,0.1154,0.0231,0.1154,0.9574,0.023099999874830246,0.1384,0.1269,0.9228,1.0151,0.8651,1.1535,2026-08-09
dp4-79,Mankey,normal,Great Encounters,79,Common,Ken Sugimori,Basic,56,Pokémon,2008/02/01,"tcgplayer,cardmarket",https://prices.pokemontcg.io/tcgplayer/dp4-79,https://images.pokemontcg.io/dp4/79_hires.png,2026/08/08,2026/02/01,0.29,0.07999999821186066,0.28999999165534973,19.98,,2.36,,,,0.2076,0.0231,0.15,0.5767,0.05770000070333481,0.0923,0.173,0.5767,0.9689,0.8421,1.1535,2026-08-09
xy12-82,Pokédex,normal,Evolutions,82,Uncommon,Keiji Kinebuchi,Item,,Trainer,2016/11/02,"tcgplayer,cardmarket",https://prices.pokemontcg.io/tcgplayer/xy12-82,https://images.pokemontcg.io/xy12/82_hires.png,2026/08/08,2026/01/16,0.09,0.009999999776482582,0.20000000298023224,7.95,,1.66,,,,0.1615,0.0231,0.15,1.7533,0.11540000140666962,0.2307,0.1269,0.8651,1.6726,1.9725,1.1535,2026-08-09
ex6-83,Squirtle,normal,FireRed & LeafGreen,83,Common,Mitsuhiro Arita,Basic,7,Pokémon,2004/09/01,"tcgplayer,cardmarket",https://prices.pokemontcg.io/tcgplayer/ex6-83,https://images.pokemontcg.io/ex6/83_hires.png,2026/08/08,2026/02/01,33.1,21.0,33.099998474121094,319.9,,252.45,,,,4.9716,0.5767,5.0177,83.052,2.306999921798706,5.3407,5.0408,57.675,47.3281,40.8454,1.1535,2026-08-09
dp7-77,Swinub,normal,Stormfront,77,Common,Yukiko Baba,Basic,220,Pokémon,2008/11/01,"tcgplayer,cardmarket",https://prices.pokemontcg.io/tcgplayer/dp7-77,https://images.pokemontcg.io/dp7/77_hires.png,2026/08/08,2026/02/01,0.51,0.20000000298023224,0.4399999976158142,19.98,,4.86,,,,0.2653,0.0231,0.2422,2.4108,0.13840000331401825,0.2538,0.1846,0.346,1.4419,1.1996,1.1535,2026-08-09
bw2-79,Watchog,normal,Emerging Powers,79,Uncommon,MAHOU,Stage 1,505,Pokémon,2011/08/31,"tcgplayer,cardmarket",https://prices.pokemontcg.io/tcgplayer/bw2-79,https://images.pokemontcg.io/bw2/79_hires.png,2026/08/08,2026/01/19,0.45,0.14000000059604645,0.4099999964237213,5.0,,0.88,,,,0.5191,0.0231,0.3922,0.8997,0.20759999752044678,0.4268,0.2422,1.0958,0.7959,0.6921,1.1535,2026-08-09
ex6-84,Venonat,normal,FireRed & LeafGreen,84,Common,Kagemaru Himeno,Basic,48,Pokémon,2004/09/01,"tcgplayer,cardmarket",https://prices.pokemontcg.io/tcgplayer/ex6-84,https://images.pokemontcg.io/ex6/84_hires.png,2026/08/08,2026/02/01,0.58,0.33000001311302185,0.5799999833106995,19.98,,20.79,,,,0.5075,0.0577,0.3691,0.2307,0.11540000140666962,0.4383,0.4153,7.9592,7.4977,6.8518,1.1535,2026-08-09
bwp-BW77,Pikachu,,BW Black Star Promos,BW77,Promo,Mizue,Basic,25,Pokémon,2011/03/01,,,https://images.pokemontcg.io/bwp/BW77_hires.png,,,,,,,,,,,,,,,,,,,,,,,2026-08-09
ex3-88,TV Reporter,normal,Dragon,88,Uncommon,Ken Sugimori,Supporter,,Trainer,2003/11/24,"tcgplayer,cardmarket",https://prices.pokemontcg.io/tcgplayer/ex3-88,https://images.pokemontcg.io/ex3/88_hires.png,2026/08/08,2026/02/01,0.42,0.20000000298023224,0.4300000071525574,3.25,,25.05,,,,0.2884,0.0231,0.2307,86.5702,0.23070000112056732,0.3576,0.3114,147.0136,103.9765,49.1276,1.1535,2026-08-09
sm3-84,Alolan Muk-GX,holofoil,Burning Shadows,84,Rare Holo GX,5ban Graphics,Stage 1|GX,89,Pokémon,2017/08/05,"tcgplayer,cardmarket",https://prices.pokemontcg.io/tcgplayer/sm3-84,https://images.pokemontcg.io/sm3/84_hires.png,2026/08/08,2026/01/16,3.64,2.0,3.369999885559082,155.12,,,,,,2.2493,0.5191,2.1916,0.0,2.8722000122070312,2.0878,2.2147,1.7302,2.3877,2.4339,1.1535,2026-08-09
ex13-86,Holon Fossil,normal,Holon Phantoms,86,Uncommon,Mitsuhiro Arita,Item,,Trainer,2006/05/01,"tcgplayer,cardmarket",https://prices.pokemontcg.io/tcgplayer/ex13-86,https://images.pokemontcg.io/ex13/86_hires.png,2026/08/08,2026/01/19,0.81,0.25,0.9700000286102295,19.98,,6.21,,,,0.9574,0.0577,1.1074,1.1535,0.9228000044822693,0.9574,0.992,1.1535,2.653,3.7143,1.1535,2026-08-09
smp-SM81,Pikachu,holofoil,SM Black Star Promos,SM81,Promo,Sanosuke Sakuma,Basic,25,Pokémon,2017/02/03,"tcgplayer,cardmarket",https://prices.pokemontcg.io/tcgplayer/smp-SM81,https://images.pokemontcg.io/smp/SM81_hires.png,2026/08/08,2026/01/16,29.38,35.0,65.0,199.99,,,,,,11.6503,3.4605,12.7116,0.0,11.6850004196167,11.3504,10.3469,12.677,6.9671,6.4827,1.1535,2026-08-09
bw6-86,Gible,normal,Dragons Exalted,86,Common,Masakazu Fukuda,Basic,443,Pokémon,2012/08/15,"tcgplayer,cardmarket",https://prices.pokemontcg.io/tcgplayer/bw6-86,https://images.pokemontcg.io/bw6/86_hires.png,2026/08/08,2026/01/16,0.31,0.17000000178813934,0.33000001311302185,19.98,,3.22,,,,0.1038,0.0231,0.0807,1.4419,0.15000000596046448,0.1154,0.1846,2.2955,0.9574,0.7498,1.1535,2026-08-09
ex8-86,Energy Charge,normal,Deoxys,86,Uncommon,Keiji Kinebuchi,Item,,Trainer,2005/02/01,"tcgplayer,cardmarket",https://prices.pokemontcg.io/tcgplayer/ex8-86,https://images.pokemontcg.io/ex8/86_hires.png,2026/08/08,2026/02/01,0.99,0.5,0.9900000095367432,19.98,,8.08,,,,3.4605,0.0577,1.3381,3.1145,1.0266000032424927,1.6264,1.5572,3.1145,6.6326,6.4365,1.1535,2026-08-09
ex2-80,Slakoth,normal,Sandstorm,80,Common,Ken Sugimori,Basic,287,Pokémon,2003/09/18,"tcgplayer,cardmarket",https://prices.pokemontcg.io/tcgplayer/ex2-80,https://images.pokemontcg.io/ex2/80_hires.png,2026/08/08,2026/02/01,1.22,0.6000000238418579,1.0,19.98,,23.82,,,,0.3691,0.0346,0.2884,0.5075,0.28839999437332153,0.2884,0.4153,0.5767,1.5803,2.7223,1.1535,2026-08-09
ex5-80,Voltorb,normal,Hidden Legends,80,Common,Kyoko Umemoto,Basic,100,Pokémon,2004/06/01,"tcgplayer,cardmarket",https://prices.pokemontcg.io/tcgplayer/ex5-80,https://images.pokemontcg.io/ex5/80_hires.png,2026/08/08,2026/02/01,0.52,0.25,0.5199999809265137,20.54,,20.0,,,,1.4649,0.0231,0.8767,0.669,1.153499960899353,0.3922,0.8767,1.1535,3.1375,3.4028,1.1535,2026-08-09
pl2-85,Turtwig GL,normal,Rising Rivals,85,Common,Kanako Eo,Basic|SP,387,Pokémon,2009/05/16,"tcgplayer,cardmarket",https://prices.pokemontcg.io/tcgplayer/pl2-85,https://images.pokemontcg.io/pl2/85_hires.png,2026/08/08,2026/01/19,1.34,0.3199999928474426,1.2999999523162842,19.98,,16.42,,,,0.3922,0.0346,0.4845,6.9095,0.4959999918937683,0.5652,0.4037,6.9095,3.8412,3.2529,1.1535,2026-08-09
swsh4-83,Wooper,normal,Vivid Voltage,83,Common,Mina Nakai,Basic,194,Pokémon,2020/11/13,"tcgplayer,cardmarket",https://prices.pokemontcg.io/tcgplayer/swsh4-83,https://images.pokemontcg.io/swsh4/83_hires.png,2026/08/08,2026/01/16,0.26,0.019999999552965164,0.25999999046325684,25.28,,0.53,,,,0.0461,0.0231,0.0807,0.2653,0.24220000207424164,0.1038,0.0692,0.5767,0.3922,0.3114,1.1535,2026-08-09
neo4-87,Unown [S],unlimited,Neo Destiny,87,Common,CR CG gangs,Basic,201,Pokémon,2002/02/28,"tcgplayer,cardmarket",https://prices.pokemontcg.io/tcgplayer/neo4-87,https://images.pokemontcg.io/neo4/87_hires.png,2026/08/08,2026/02/01,1.45,0.5,1.0800000429153442,57.79,,,,,"{""1stEdition"": {""low"": 3.25, ""mid"": 9.68, ""high"": 58.84, ""market"": 9.77, ""directLow"": 40.25}}",1.0381,0.1154,1.0035,0.0,1.038100004196167,0.646,1.0381,0.0,0.0,0.0,1.1535,2026-08-09
ex1-75,Treecko,normal,Ruby & Sapphire,75,Common,Midori Harada,Basic,252,Pokémon,2003/07/01,"tcgplayer,cardmarket",https://prices.pokemontcg.io/tcgplayer/ex1-75,https://images.pokemontcg.io/ex1/75_hires.png,2026/08/08,2026/02/19,0.9,0.25,0.8100000023841858,20.92,,38.0,,,,0.4729,0.0231,0.5191,1.3035,1.4765000343322754,0.5883,0.4845,2.307,4.0719,8.4782,1.1535,2026-08-09
bw7-89,Landorus-EX,holofoil,Boundaries Crossed,89,Rare Holo EX,Eske Yoshinob,Basic|EX,645,Pokémon,2012/11/07,"tcgplayer,cardmarket",https://prices.pokemontcg.io/tcgplayer/bw7-89,https://images.pokemontcg.io/bw7/89_hires.png,2026/08/08,2026/01/16,15.63,99.98999786376953,120.9800033569336,147.9,,,,,,6.771,1.7187,5.5253,0.0,4.613999843597412,6.1597,7.2094,1.1535,4.7409,3.6797,1.1535,2026-08-09
g1-73a,Team Flare Grunt,,Generations,73a,Rare Ultra,Naoki Saito,Supporter,,Trainer,2016/02/22,cardmarket,https://prices.pokemontcg.io/cardmarket/g1-73a,https://images.pokemontcg.io/g1/73a_hires.png,,2026/02/01,,,,,,,,,,30.6946,28.8375,29.818,0.0,34.59349822998047,31.9058,27.8455,8.0745,6.5865,5.6637,1.1535,2026-08-09
xy4-79,Fearow,normal,Phantom Forces,79,Uncommon,Shin Nagasawa,Stage 1,22,Pokémon,2014/11/05,"tcgplayer,cardmarket",https://prices.pokemontcg.io/tcgplayer/xy4-79,https://images.pokemontcg.io/xy4/79_hires.png,2026/08/08,2026/01/16,0.23,0.05000000074505806,0.25,1000.0,,0.64,,,,0.1615,0.0231,0.1269,0.5998,0.23070000112056732,0.15,0.2076,0.4037,0.8305,0.669,1.1535,2026-08-09
bw4-90,Pokémon Center,normal,Next Destinies,90,Uncommon,5ban Graphics,Stadium,,Trainer,2012/02/08,"tcgplayer,cardmarket",https://prices.pokemontcg.io/tcgplayer/bw4-90,https://images.pokemontcg.io/bw4/90_hires.png,2026/08/08,2026/01/16,0.23,0.10000000149011612,0.25,23.0,,0.53,,,,0.2653,0.0231,0.2884,0.8767,0.46140000224113464,0.3114,0.2538,0.2076,0.5998,0.5075,1.1535,2026-08-09
ecard1-79,Graveler,normal,Expedition Base Set,79,Uncommon,Aya Kusube,Stage 1,75,Pokémon,2002/09/15,"tcgplayer,cardmarket",https://prices.pokemontcg.io/tcgplayer/ecard1-79,https://images.pokemontcg.io/ecard1/79_hires.png,2026/08/08,2026/02/04,6.49,4.75,13.720000267028809,70.0,,13.36,,,,2.0302,0.1154,1.3727,11.858,2.8722000122070312,2.0763,2.0417,23.07,9.5971,9.6779,1.1535,2026-08-09
swsh2-83,Hatenna,normal,Rebel Clash,83,Common,Mina Nakai,Basic,856,Pokémon,2020/05/01,"tcgplayer,cardmarket",https://prices.pokemontcg.io/tcgplayer/swsh2-83,https://images.pokemontcg.io/swsh2/83_hires.png,2026/08/08,2026/01/16,0.05,0.009999999776482582,0.1899999976158142,19.98,,0.39,,,,0.0692,0.0231,0.0692,0.323,0.023099999874830246,0.0692,0.0577,0.0923,0.323,0.2653,1.1535,2026-08-09
bw3-82,Bisharp,holofoil,Noble Victories,82,Rare Holo,5ban Graphics,Stage 1,625,Pokémon,2011/11/16,"tcgplayer,cardmarket",https://prices.pokemontcg.io/tcgplayer/bw3-82,https://images.pokemontcg.io/bw3/82_hires.png,2026/08/08,2026/01/16,1.86,0.9700000286102295,1.4500000476837158,16.21,,1.91,,,,3.449,0.2884,1.638,1.142,3.4489998817443848,2.1224,1.8802,1.142,1.7995,1.638,1.1535,2026-08-09
ex11-83,Slowpoke,normal,Delta Species,83,Common,Kagemaru Himeno,Basic,79,Pokémon,2005/10/31,"tcgplayer,cardmarket",https://prices.pokemontcg.io/tcgplayer/ex11-83,https://images.pokemontcg.io/ex11/83_hires.png,2026/08/08,2026/02/01,3.38,2.25,4.489999771118164,19.99,,66.47,,,,0.9113,0.0346,0.9574,12.6424,0.23070000112056732,0.5998,0.7844,19.598,14.3149,12.6539,1.1535,2026-08-09
hgss1-94,Moomoo Milk,normal,HeartGold & SoulSilver,94,Uncommon,Noriko Hotta,Item,,Trainer,2010/02/10,"tcgplayer,cardmarket",https://prices.pokemontcg.io/tcgplayer/hgss1-94,https://images.pokemontcg.io/hgss1/94_hires.png,2026/08/08,2026/01/16,1.1,0.23000000417232513,0.75,46.8,,4.08,,,,0.1038,0.0231,0.1961,2.1686,0.57669997215271,0.173,0.2076,0.5767,2.2263,2.2839,1.1535,2026-08-09
ex14-82,Poké Ball,normal,Crystal Guardians,82,Uncommon,Shin-ichi Yoshikawa,Item,,Trainer,2006/08/01,"tcgplayer,cardmarket",https://prices.pokemontcg.io/tcgplayer/ex14-82,https://images.pokemontcg.io/ex14/82_hires.png,2026/08/08,2026/02/01,0.41,0.20000000298023224,0.4099999964237213,19.98,,4.61,,,,0.4499,0.0231,0.3691,3.449,0.34599998593330383,0.2538,0.2422,5.7098,5.0177,4.1065,1.1535,2026-08-09
hgss3-85,Slowking,holofoil,HS—Undaunted,85,Rare Prime,Noriko Hotta,Stage 1|Prime,199,Pokémon,2010/08/18,"tcgplayer,cardmarket",https://prices.pokemontcg.io/tcgplayer/hgss3-85,https://images.pokemontcg.io/hgss3/85_hires.png,2026/08/08,2026/01/16,65.72,98.98999786376953,217.0,702.88,,,,,,10.9467,2.307,13.2076,0.0,26.530500411987305,13.7843,15.1108,23.07,9.0665,7.7631,1.1535,2026-08-09
sm35-76,Mewtwo-GX,holofoil,Shining Legends,76,Rare Rainbow,5ban Graphics,Basic|GX,150,Pokémon,2017/10/06,"tcgplayer,cardmarket",https://prices.pokemontcg.io/tcgplayer/sm35-76,https://images.pokemontcg.io/sm35/76_hires.png,2026/08/08,2026/01/21,90.69,84.0,200.99000549316406,614.2,,,,,,45.9324,19.6095,44.652,0.0,74.9197998046875,55.3103,65.3688,122.2133,113.4698,106.3988,1.1535,2026-08-09
ex12-91,Regirock ★,holofoil,Legend Maker,91,Rare Holo Star,Masakazu Fukuda,Basic|Star,377,Pokémon,2006/02/01,"tcgplayer,cardmarket",https://prices.pokemontcg.io/tcgplayer/ex12-91,https://images.pokemontcg.io/ex12/91_hires.png,2026/08/08,2026/01/16,747.0,1450.989990234375,1450.989990234375,1450.99,,,,,,617.1225,288.375,493.9402,0.0,617.1224975585938,529.2835,485.3582,172.9096,105.1992,99.4548,1.1535,2026-08-09
bw5-81,Chansey,normal,Dark Explorers,81,Common,Mizue,Basic,113,Pokémon,2012/05/09,"tcgplayer,cardmarket",https://prices.pokemontcg.io/tcgplayer/bw5-81,https://images.pokemontcg.io/bw5/81_hires.png,2026/08/08,2026/01/19,0.9,0.5,0.8500000238418579,19.04,,0.97,,,,0.2076,0.0231,0.2538,3.4605,0.7958999872207642,0.1961,0.2999,2.2955,2.4454,2.1109,1.1535,2026-08-09
sm11-82,Skorupi,normal,Unified Minds,82,Common,Ken Sugimori,Basic,451,Pokémon,2019/08/02,"tcgplayer,cardmarket",https://prices.pokemontcg.io/tcgplayer/sm11-82,https://images.pokemontcg.io/sm11/82_hires.png,2026/08/08,2026/01/19,0.18,0.029999999329447746,0.20000000298023224,19.98,,0.35,,,,0.0923,0.0231,0.1038,0.2538,0.11540000140666962,0.0923,0.0923,0.2884,0.2884,0.2653,1.1535,2026-08-09
xy9-78,Mawile,normal,BREAKpoint,78,Uncommon,Kouki Saitou,Basic,303,Pokémon,2016/02/03,"tcgplayer,cardmarket",https://prices.pokemontcg.io/tcgplayer/xy9-78,https://images.pokemontcg.io/xy9/78_hires.png,2026/08/08,2026/01/19,0.24,0.05000000074505806,0.25,19.98,,0.6,,,,0.2653,0.0231,0.1846,0.173,0.11540000140666962,0.2307,0.1615,0.5883,0.6229,0.5421,1.1535,2026-08-09
base6-82,Nidoran ♀,normal,Legendary Collection,82,Common,Ken Sugimori,Basic,29,Pokémon,2002/05/24,"tcgplayer,cardmarket",https://prices.pokemontcg.io/tcgplayer/base6-82,https://images.pokemontcg.io/base6/82_hires.png,2026/08/08,2026/02/01,0.54,0.23999999463558197,0.5299999713897705,18.8,,128.33,,,,0.4845,0.1038,0.1846,41.0531,0.11540000140666962,0.2653,1.5572,21.8011,36.4621,31.5482,1.1535,2026-08-09
swsh1-88,Musharna,normal,Sword & Shield,88,Rare,MAHOU,Stage 1,518,Pokémon,2020/02/07,"tcgplayer,cardmarket",https://prices.pokemontcg.io/tcgplayer/swsh1-88,https://images.pokemontcg.io/swsh1/88_hires.png,2026/08/08,2026/01/16,0.23,0.09000000357627869,0.23999999463558197,19.98,,0.43,,,,0.2653,0.0231,0.2653,1.2458,0.28839999437332153,0.2884,0.2422,0.346,0.9113,0.819,1.1535,2026-08-09
bw8-83,Purrloin,normal,Plasma Storm,83,Common,Masakazu Fukuda,Basic,509,Pokémon,2013/02/06,"tcgplayer,cardmarket",https://prices.pokemontcg.io/tcgplayer/bw8-83,https://images.pokemontcg.io/bw8/83_hires.png,2026/08/08,2026/01/16,0.26,0.07000000029802322,0.25999999046325684,19.98,,1.22,,,,0.173,0.0231,0.2653,2.2493,0.20759999752044678,0.173,0.2076,3.4028,1.1535,0.8305,1.1535,2026-08-09
sm4-78,Miltank,normal,Crimson Invasion,78,Uncommon,Mina Nakai,Basic,241,Pokémon,2017/11/03,"tcgplayer,cardmarket",https://prices.pokemontcg.io/tcgplayer/sm4-78,https://images.pokemontcg.io/sm4/78_hires.png,2026/08/08,2026/01/16,0.26,0.05000000074505806,0.25999999046325684,19.98,,0.61,,,,0.0807,0.0231,0.0923,0.3576,0.05770000070333481,0.0577,0.0807,0.5767,0.4614,0.3807,1.1535,2026-08-09
sma-SV81,Aether Foundation Employee,holofoil,Hidden Fates Shiny Vault,SV81,Rare Ultra,take,Supporter,,Trainer,2019/08/23,"tcgplayer,cardmarket",https://prices.pokemontcg.io/tcgplayer/sma-SV81,https://images.pokemontcg.io/sma/SV81_hires.png,2026/08/08,2026/01/16,10.46,8.75,11.550000190734863,29.99,,,,,,13.0576,10.2431,13.173,0.0,27.672500610351562,13.6574,12.8269,14.0381,17.9485,20.4169,1.1535,2026-08-09
sm6-80,Guzzlord,holofoil,Forbidden Light,80,Rare Holo,Anesaki Dynamic,Basic|Ultra Beast,799,Pokémon,2018/05/04,"tcgplayer,cardmarket",https://prices.pokemontcg.io/tcgplayer/sm6-80,https://images.pokemontcg.io/sm6/80_hires.png,2026/08/08,2026/01/16,3.76,2.5899999141693115,3.8499999046325684,29.88,,2.92,,,,1.4534,0.5652,1.2919,4.118,1.0266000032424927,1.4765,1.8341,5.6175,3.126,2.5492,1.1535,2026-08-09
sm7-87,Tyranitar,holofoil,Celestial Storm,87,Rare Holo,Hironobu Yoshida,Stage 2,248,Pokémon,2018/08/03,"tcgplayer,cardmarket",https://prices.pokemontcg.io/tcgplayer/sm7-87,https://images.pokemontcg.io/sm7/87_hires.png,2026/08/08,2026/01/16,7.15,5.619999885559082,7.610000133514404,99.99,,9.07,,,,3.7373,0.5652,3.5874,3.2298,2.8838000297546387,3.7373,3.5874,3.4605,3.6105,3.8296,1.1535,2026-08-09
ex10-87,Poké Ball,normal,Unseen Forces,87,Uncommon,Shin-ichi Yoshikawa,Item,,Trainer,2005/08/01,"tcgplayer,cardmarket",https://prices.pokemontcg.io/tcgplayer/ex10-87,https://images.pokemontcg.io/ex10/87_hires.png,2026/08/08,2026/01/19,0.75,0.25,0.7699999809265137,23.03,,11.9,,,,0.9113,0.0231,0.7844,7.6708,0.8651000261306763,0.9459,0.7498,9.228,6.1366,6.4135,1.1535,2026-08-09
bw1-85,Tranquill,normal,Black & White,85,Uncommon,Kouki Saitou,Stage 1,520,Pokémon,2011/04/25,"tcgplayer,cardmarket",https://prices.pokemontcg.io/tcgplayer/bw1-85,https://images.pokemontcg.io/bw1/85_hires.png,2026/08/08,2026/01/16,0.38,0.07999999821186066,0.28999999165534973,19.98,,1.5,,,,0.1615,0.0231,0.15,0.346,0.023099999874830246,0.1269,0.15,0.346,0.8767,1.3035,1.1535,2026-08-09
base1-89,Revive,normal,Base,89,Uncommon,Keiji Kinebuchi,,,Trainer,1999/01/09,"tcgplayer,cardmarket",https://prices.pokemontcg.io/tcgplayer/base1-89,https://images.pokemontcg.io/base1/89_hires.png,2026/08/08,2026/02/01,2.72,0.6899999976158142,2.0,16.44,,,,,,20.1286,4.6025,20.7053,0.0,34.547298431396484,22.8624,16.6565,0.0,0.0,0.0,1.1535,2026-08-09
ex7-84,Pokémon Retriever,normal,Team Rocket Returns,84,Uncommon,Katsura Tabata,Rocket's Secret Machine,,Trainer,2004/11/01,"tcgplayer,cardmarket",https://prices.pokemontcg.io/tcgplayer/ex7-84,https://images.pokemontcg.io/ex7/84_hires.png,2026/08/08,2026/02/01,1.78,1.0,1.5700000524520874,27.1,,45.0,,,,1.3381,0.1154,1.1189,0.0,0.09229999780654907,0.8767,1.2458,17.3025,22.897,12.1002,1.1535,2026-08-09
ex15-76,Island Hermit,normal,Dragon Frontiers,76,Uncommon,Kouki Saitou,Supporter,,Trainer,2006/11/01,"tcgplayer,cardmarket",https://prices.pokemontcg.io/tcgplayer/ex15-76,https://images.pokemontcg.io/ex15/76_hires.png,2026/08/08,2026/02/19,1.18,0.5,1.0,19.98,,8.11,,,,0.7844,0.1038,0.7267,5.0408,0.28839999437332153,0.669,0.992,3.9219,4.6025,5.0639,1.1535,2026-08-09
ecard2-62,Spinarak,normal,Aquapolis,62,Uncommon,Masako Yamashita,Basic,167,Pokémon,2003/01/15,"tcgplayer,cardmarket",https://prices.pokemontcg.io/tcgplayer/ecard2-62,https://images.pokemontcg.io/ecard2/62_hires.png,2026/08/08,2026/01/16,9.42,7.269999980926514,17.510000228881836,27.75,,50.0,,,,1.9609,1.142,1.8571,0.0,1.7302000522613525,2.2724,2.9876,4.0257,7.5439,4.9716,1.1535,2026-08-09
dp4-80,Mudkip,normal,Great Encounters,80,Common,Emi Yoshida,Basic,258,Pokémon,2008/02/01,"tcgplayer,cardmarket",https://prices.pokemontcg.io/tcgplayer/dp4-80,https://images.pokemontcg.io/dp4/80_hires.png,2026/08/08,2026/02/01,7.55,4.880000114440918,7.309999942779541,72.9,,78.58,,,,0.6575,0.0231,0.6344,2.7915,0.4383000135421753,0.5191,0.5421,6.4481,2.7799,3.7835,1.1535,2026-08-09
xy12-83,Potion,normal,Evolutions,83,Uncommon,Keiji Kinebuchi,Item,,Trainer,2016/11/02,"tcgplayer,cardmarket",https://prices.pokemontcg.io/tcgplayer/xy12-83,https://images.pokemontcg.io/xy12/83_hires.png,2026/08/08,2026/01/16,0.07,0.009999999776482582,0.20000000298023224,25.0,,0.57,,,,0.1154,0.0231,0.1384,1.5918,0.03460000082850456,0.1038,0.0923,0.6344,1.6264,1.3957,1.1535,2026-08-09
dp7-78,Tangela,normal,Stormfront,78,Common,Yukiko Baba,Basic,114,Pokémon,2008/11/01,"tcgplayer,cardmarket",https://prices.pokemontcg.io/tcgplayer/dp7-78,https://images.pokemontcg.io/dp7/78_hires.png,2026/08/08,2026/01/19,0.41,0.18000000715255737,0.4000000059604645,20.0,,3.08,,,,0.1615,0.0231,0.15,0.9805,0.17299999296665192,0.1269,0.15,0.992,1.3381,1.1881,1.1535,2026-08-09
bw11-90,Zoroark,holofoil,Legendary Treasures,90,Rare Holo,match,Stage 1,571,Pokémon,2013/11/06,"tcgplayer,cardmarket",https://prices.pokemontcg.io/tcgplayer/bw11-90,https://images.pokemontcg.io/bw11/90_hires.png,2026/08/08,2026/01/16,2.11,1.090000033378601,1.9900000095367432,99.99,,10.03,,,,3.5874,1.4995,3.968,6.8864,2.710700035095215,4.0834,3.4836,6.4135,6.102,3.7258,1.1535,2026-08-09
xy6-83,Gallade Spirit Link,normal,Roaring Skies,83,Uncommon,5ban Graphics,Pokémon Tool,,Trainer,2015/05/06,"tcgplayer,cardmarket",https://prices.pokemontcg.io/tcgplayer/xy6-83,https://images.pokemontcg.io/xy6/83_hires.png,2026/08/08,2026/01/16,0.22,0.009999999776482582,0.23999999463558197,19.98,,0.58,,,,0.2076,0.0231,0.2076,0.9113,0.06920000165700912,0.173,0.1615,0.5652,0.8074,0.8767,1.1535,2026-08-09
xy10-83,Altaria-EX,holofoil,Fates Collide,83,Rare Holo EX,Eske Yoshinob,Basic|EX,334,Pokémon,2016/05/02,"tcgplayer,cardmarket",https://prices.pokemontcg.io/tcgplayer/xy10-83,https://images.pokemontcg.io/xy10/83_hires.png,2026/08/08,2026/01/16,3.11,1.9900000095367432,3.109999895095825,9.0,,,,,,3.2529,1.1304,3.5412,0.0,2.8838000297546387,3.2875,3.1837,4.5563,3.9104,3.4374,1.1535,2026-08-09
sm2-84,Metang,normal,Guardians Rising,84,Uncommon,Kagemaru Himeno,Stage 1,375,Pokémon,2017/05/05,"tcgplayer,cardmarket",https://prices.pokemontcg.io/tcgplayer/sm2-84,https://images.pokemontcg.io/sm2/84_hires.png,2026/08/08,2026/01/16,0.21,0.03999999910593033,0.2199999988079071,19.98,,0.31,,,,0.0692,0.0231,0.0807,0.2768,0.05770000070333481,0.0807,0.0807,0.2076,0.2768,0.323,1.1535,2026-08-09
sm8-83,Stunfisk,normal,Lost Thunder,83,Common,Ken Sugimori,Basic,618,Pokémon,2018/11/02,"tcgplayer,cardmarket",https://prices.pokemontcg.io/tcgplayer/sm8-83,https://images.pokemontcg.io/sm8/83_hires.png,2026/08/08,2026/01/19,0.17,0.03999999910593033,0.2199999988079071,19.98,,0.75,,,,0.0692,0.0231,0.0807,0.496,0.08070000261068344,0.0807,0.0807,0.173,0.4499,0.3922,1.1535,2026-08-09
xy7-88,M Ampharos-EX,holofoil,Ancient Origins,88,Rare Ultra,5ban Graphics,MEGA|EX,181,Pokémon,2015/08/12,"tcgplayer,cardmarket",https://prices.pokemontcg.io/tcgplayer/xy7-88,https://images.pokemontcg.io/xy7/88_hires.png,2026/08/08,2026/01/16,77.16,59.7599983215332,65.6500015258789,732.24,,,,,,103.7919,51.9075,74.0662,0.0,46.082298278808594,79.7299,97.1016,40.3725,18.2253,13.3575,1.1535,2026-08-09
bw10-95,Scoop Up Cyclone,holofoil,Plasma Blast,95,Rare ACE,5ban Graphics,Item|ACE SPEC,,Trainer,2013/08/14,"tcgplayer,cardmarket",https://prices.pokemontcg.io/tcgplayer/bw10-95,https://images.pokemontcg.io/bw10/95_hires.png,2026/08/08,2026/01/16,12.55,7.96999979019165,11.989999771118164,109.9,,,,,,0.0,5.7675,13.2191,0.0,5.767499923706055,11.535,16.1951,20.7053,15.1339,9.574,1.1535,2026-08-09
xy2-97,Startling Megaphone,normal,Flashfire,97,Uncommon,Toyste Beach,Item,,Trainer,2014/05/07,"tcgplayer,cardmarket",https://prices.pokemontcg.io/tcgplayer/xy2-97,https://images.pokemontcg.io/xy2/97_hires.png,2026/08/08,2026/01/16,0.29,0.15000000596046448,0.28999999165534973,1000.0,,0.93,,,,0.2768,0.0231,0.2999,0.8651,0.28839999437332153,0.2538,0.2422,0.5767,0.8074,0.8997,1.1535,2026-08-09
xy8-83,Hippopotas,normal,BREAKthrough,83,Common,Akira Komayama,Basic,449,Pokémon,2015/11/04,"tcgplayer,cardmarket",https://prices.pokemontcg.io/tcgplayer/xy8-83,https://images.pokemontcg.io/xy8/83_hires.png,2026/08/08,2026/01/16,0.12,0.03999999910593033,0.20000000298023224,19.98,,0.37,,,,0.1154,0.0231,0.15,0.4268,0.17299999296665192,0.1384,0.1038,0.6229,0.4153,0.4383,1.1535,2026-08-09
xy3-74,Dragonite-EX,holofoil,Furious Fists,74,Rare Holo EX,Eske Yoshinob,Basic|EX,149,Pokémon,2014/08/13,"tcgplayer,cardmarket",https://prices.pokemontcg.io/tcgplayer/xy3-74,https://images.pokemontcg.io/xy3/74_hires.png,2026/08/08,2026/01/19,12.11,4.699999809265137,13.529999732971191,78.91,,,,,,5.8021,2.0186,5.8828,0.0,7.497700214385986,5.4445,5.5368,7.7861,4.8908,5.4907,1.1535,2026-08-09
hgss4-85,Black Belt,normal,HS—Triumphant,85,Uncommon,Kanako Eo,Supporter,,Trainer,2010/11/03,"tcgplayer,cardmarket",https://prices.pokemontcg.io/tcgplayer/hgss4-85,https://images.pokemontcg.io/hgss4/85_hires.png,2026/08/08,2026/01/16,0.52,0.15000000596046448,0.4399999976158142,17.42,,6.64,,,,0.1615,0.0231,0.2192,1.1304,0.34599998593330383,0.1961,0.2192,0.5767,1.5342,1.3727,1.1535,2026-08-09
gym2-92,Misty's Staryu,unlimited,Gym Challenge,92,Common,Ken Sugimori,Basic,120,Pokémon,2000/10/16,"tcgplayer,cardmarket",https://prices.pokemontcg.io/tcgplayer/gym2-92,https://images.pokemontcg.io/gym2/92_hires.png,2026/08/08,2026/02/01,1.6,0.6700000166893005,1.5399999618530273,96.95,,,,,"{""1stEdition"": {""low"": 1.98, ""mid"": 3.52, ""high"": 43.1, ""market"": 3.47, ""directLow"": null}}",1.2804,0.2307,1.5918,0.0,1.280400037765503,1.3265,1.2573,0.2768,0.2768,0.2768,1.1535,2026-08-09
pl4-89,Old Amber,normal,Arceus,89,Common,Ryo Ueda,Item,,Trainer,2009/11/04,"tcgplayer,cardmarket",https://prices.pokemontcg.io/tcgplayer/pl4-89,https://images.pokemontcg.io/pl4/89_hires.png,2026/08/08,2026/01/16,0.27,0.05000000074505806,0.27000001072883606,19.98,,0.72,,,,0.15,0.0231,0.1269,0.5767,0.10379999876022339,0.1615,0.1846,1.1535,0.6229,0.5075,1.1535,2026-08-09
bw9-88,Raticate,normal,Plasma Freeze,88,Rare,5ban Graphics,Stage 1|Team Plasma,20,Pokémon,2013/05/08,"tcgplayer,cardmarket",https://prices.pokemontcg.io/tcgplayer/bw9-88,https://images.pokemontcg.io/bw9/88_hires.png,2026/08/08,2026/01/16,0.92,0.38999998569488525,0.9900000095367432,19.98,,4.96,,,,0.4845,0.0577,0.4037,1.8456,0.8073999881744385,0.3576,0.5191,0.346,1.8456,2.0648,1.1535,2026-08-09
sm9-88,Absol,holofoil,Team Up,88,Rare Holo,nagimiso,Basic,359,Pokémon,2019/02/01,"tcgplayer,cardmarket",https://prices.pokemontcg.io/tcgplayer/sm9-88,https://images.pokemontcg.io/sm9/88_hires.png,2026/08/08,2026/01/16,3.38,2.0,3.4000000953674316,95.38,,5.14,,,,3.7604,0.4037,3.795,4.6025,1.7302000522613525,3.4374,2.5723,5.7675,4.9254,4.2795,1.1535,2026-08-09
ecard3-53,Dunsparce,normal,Skyridge,53,Common,Yuka Morii,Basic,206,Pokémon,2003/05/12,"tcgplayer,cardmarket",https://prices.pokemontcg.io/tcgplayer/ecard3-53,https://images.pokemontcg.io/ecard3/53_hires.png,2026/08/08,2026/02/01,49.13,35.0,45.0,437.56,,104.99,,,,4.937,0.4614,4.96,23.07,8.593600273132324,5.7444,3.1837,2.8838,10.9929,10.6929,1.1535,2026-08-09
xy5-90,Diggersby,normal,Primal Clash,90,Rare,Kyoko Umemoto,Stage 1,660,Pokémon,2015/02/04,"tcgplayer,cardmarket",https://prices.pokemontcg.io/tcgplayer/xy5-90,https://images.pokemontcg.io/xy5/90_hires.png,2026/08/08,2026/01/16,0.35,0.05000000074505806,0.3499999940395355,19.99,,0.55,,,,0.6344,0.1154,0.6575,0.0,0.7613000273704529,0.5421,0.4729,0.5767,0.7959,0.819,1.1535,2026-08-09
dp3-92,Lotad,normal,Secret Wonders,92,Common,Saya Tsuruta,Basic,270,Pokémon,2007/11/01,"tcgplayer,cardmarket",https://prices.pokemontcg.io/tcgplayer/dp3-92,https://images.pokemontcg.io/dp3/92_hires.png,2026/08/08,2026/01/16,0.52,0.20000000298023224,0.38999998569488525,19.98,,5.19,,,,0.2884,0.0231,0.2884,0.819,0.08070000261068344,0.2307,0.2538,1.1535,0.8074,1.0728,1.1535,2026-08-09
sm5-86,Bronzor,normal,Ultra Prism,86,Common,Sumiyoshi Kizuki,Basic,436,Pokémon,2018/02/02,"tcgplayer,cardmarket",https://prices.pokemontcg.io/tcgplayer/sm5-86,https://images.pokemontcg.io/sm5/86_hires.png,2026/08/08,2026/01/16,0.02,0.009999999776482582,0.20000000298023224,19.98,,0.29,,,,0.0923,0.0231,0.1154,0.5767,0.3921999931335449,0.1269,0.0807,0.2884,0.323,0.2768,1.1535,2026-08-09
pl3-83,Skarmory FB,normal,Supreme Victors,83,Uncommon,Hironobu Yoshida,Basic|SP,227,Pokémon,2009/08/19,"tcgplayer,cardmarket",https://prices.pokemontcg.io/tcgplayer/pl3-83,https://images.pokemontcg.io/pl3/83_hires.png,2026/08/08,2026/01/16,1.07,0.6499999761581421,0.8600000143051147,19.98,,3.33,,,,0.6229,0.1154,0.5306,0.7728,1.153499960899353,0.6344,0.7728,0.4499,1.2689,1.7649,1.1535,2026-08-09
sm1-83,Sandile,normal,Sun & Moon,83,Common,Atsuko Nishida,Basic,551,Pokémon,2017/02/03,"tcgplayer,cardmarket",https://prices.pokemontcg.io/tcgplayer/sm1-83,https://images.pokemontcg.io/sm1/83_hires.png,2026/08/08,2026/01/16,0.05,0.009999999776482582,0.1899999976158142,19.98,,0.29,,,,0.0807,0.0231,0.0923,0.2768,0.03460000082850456,0.1038,0.0692,0.2884,0.2538,0.2538,1.1535,2026-08-09
ex9-85,Wally's Training,normal,Emerald,85,Uncommon,Ken Sugimori,Supporter,,Trainer,2005/05/01,"tcgplayer,cardmarket",https://prices.pokemontcg.io/tcgplayer/ex9-85,https://images.pokemontcg.io/ex9/85_hires.png,2026/08/08,2026/02/01,0.86,0.5,0.8500000238418579,19.98,,49.47,,,,0.2307,0.0231,0.2422,5.5368,0.3345000147819519,0.2768,0.2307,7.9592,10.6814,7.9476,1.1535,2026-08-09
ex4-89,Blaziken ex,holofoil,Team Magma vs Team Aqua,89,Rare Holo EX,Hikaru Koike,Stage 2|ex,257,Pokémon,2004/03/01,"tcgplayer,cardmarket",https://prices.pokemontcg.io/tcgplayer/ex4-89,https://images.pokemontcg.io/ex4/89_hires.png,2026/08/08,2026/02/01,183.32,600.0,1000.0,1299.99,,,,,,61.8968,11.5235,40.9608,0.0,86.5009994506836,40.7762,50.6386,21.3397,15.8376,20.4516,1.1535,2026-08-09
hgss2-87,Steelix,holofoil,HS—Unleashed,87,Rare Prime,Wataru Kawahara,Stage 1|Prime,208,Pokémon,2010/05/12,"tcgplayer,cardmarket",https://prices.pokemontcg.io/tcgplayer/hgss2-87,https://images.pokemontcg.io/hgss2/87_hires.png,2026/08/08,2026/01/16,123.97,99.9800033569336,150.0,410.76,,,,,,16.2644,0.5767,11.8695,0.0,1.153499960899353,9.2626,13.173,8.9973,3.7258,6.2404,1.1535,2026-08-09
neo1-80,Totodile,unlimited,Neo Genesis,80,Common,Ken Sugimori,Basic,158,Pokémon,2000/12/16,"tcgplayer,cardmarket",https://prices.pokemontcg.io/tcgplayer/neo1-80,https://images.pokemontcg.io/neo1/80_hires.png,2026/08/08,2026/02/01,2.31,0.47999998927116394,1.2699999809265137,90.0,,,,,"{""1stEdition"": {""low"": 5.46, ""mid"": 11.27, ""high"": 153.1, ""market"": 13.2, ""directLow"": null}}",1.8341,0.0231,1.3496,0.0,1.9148000478744507,1.8571,1.8571,11.535,11.535,11.535,1.1535,2026-08-09
sm12-88,Swoobat,normal,Cosmic Eclipse,88,Rare,Tomokazu Komiya,Stage 1,528,Pokémon,2019/11/01,"tcgplayer,cardmarket",https://prices.pokemontcg.io/tcgplayer/sm12-88,https://images.pokemontcg.io/sm12/88_hires.png,2026/08/08,2026/01/16,0.65,0.23999999463558197,0.6299999952316284,19.98,,2.28,,,,0.4499,0.0577,0.4845,2.653,0.15000000596046448,0.4614,0.4383,1.4534,1.5111,1.2573,1.1535,2026-08-09
base4-87,Pikachu,normal,Base Set 2,87,Common,Mitsuhiro Arita,Basic,25,Pokémon,2000/02/24,"tcgplayer,cardmarket",https://prices.pokemontcg.io/tcgplayer/base4-87,https://images.pokemontcg.io/base4/87_hires.png,2026/08/08,2026/02/01,3.05,0.7200000286102295,2.009999990463257,18.92,,,,,,2.7799,0.4614,2.5723,0.0,2.4453999996185303,2.2378,2.6761,2.3647,3.4605,3.4605,1.1535,2026-08-09
dp6-85,Bellsprout,normal,Legends Awakened,85,Common,Atsuko Nishida,Basic,69,Pokémon,2008/08/01,"tcgplayer,cardmarket",https://prices.pokemontcg.io/tcgplayer/dp6-85,https://images.pokemontcg.io/dp6/85_hires.png,2026/08/08,2026/01/19,1.03,0.3199999928474426,0.9700000286102295,17.78,,19.99,,,,0.4499,0.0231,0.4499,0.0,0.23070000112056732,0.2768,0.2999,4.614,2.8261,1.5688,1.1535,2026-08-09
pl1-87,Psyduck,normal,Platinum,87,Common,Tomokazu Komiya,Basic,54,Pokémon,2009/02/11,"tcgplayer,cardmarket",https://prices.pokemontcg.io/tcgplayer/pl1-87,https://images.pokemontcg.io/pl1/87_hires.png,2026/08/08,2026/01/16,24.46,11.989999771118164,25.959999084472656,200.0,,149.99,,,,3.4836,0.0346,3.1721,17.8792,0.57669997215271,3.6105,3.2529,14.8802,16.2528,8.559,1.1535,2026-08-09
dp5-83,Mom's Kindness,normal,Majestic Dawn,83,Uncommon,Ken Sugimori,Supporter,,Trainer,2008/05/01,"tcgplayer,cardmarket",https://prices.pokemontcg.io/tcgplayer/dp5-83,https://images.pokemontcg.io/dp5/83_hires.png,2026/08/08,2026/02/01,0.55,0.05000000074505806,0.3700000047683716,47.0,,11.09,,,,0.0923,0.0231,0.1038,1.165,0.023099999874830246,0.1038,0.1038,2.307,1.2689,0.8651,1.1535,2026-08-09
dp2-81,Electrike,normal,Mysterious Treasures,81,Common,Kouki Saitou,Basic,309,Pokémon,2007/08/01,"tcgplayer,cardmarket",https://prices.pokemontcg.io/tcgplayer/dp2-81,https://images.pokemontcg.io/dp2/81_hires.png,2026/08/08,2026/01/21,0.23,0.07000000029802322,0.2800000011920929,19.98,,1.48,,,,0.323,0.0231,0.2768,0.0,0.34599998593330383,0.2192,0.2768,13.842,2.6761,1.7418,1.1535,2026-08-09
xy1-89,Wigglytuff,normal,XY,89,Rare,Mizue,Stage 1,40,Pokémon,2014/02/05,"tcgplayer,cardmarket",https://prices.pokemontcg.io/tcgplayer/xy1-89,https://images.pokemontcg.io/xy1/89_hires.png,2026/08/08,2026/01/16,1.35,0.9700000286102295,1.4900000095367432,19.99,,2.87,,,,1.1535,0.0231,1.2458,2.6184,0.7958999872207642,0.9689,1.0497,2.6184,2.6992,2.2147,1.1535,2026-08-09
sm10-78,Mismagius,normal,Unbroken Bonds,78,Rare,sui,Stage 1,429,Pokémon,2019/05/03,"tcgplayer,cardmarket",https://prices.pokemontcg.io/tcgplayer/sm10-78,https://images.pokemontcg.io/sm10/78_hires.png,2026/08/08,2026/01/16,0.47,0.25,0.5,10.0,,0.93,,,,0.5998,0.1154,0.7036,1.1996,0.40369999408721924,0.5767,0.7613,1.1535,1.1881,1.1189,1.1535,2026-08-09
col1-87,Metal Energy,normal,Call of Legends,87,Uncommon,Kent Kanetsuna,Special,,Energy,2011/02/09,"tcgplayer,cardmarket",https://prices.pokemontcg.io/tcgplayer/col1-87,https://images.pokemontcg.io/col1/87_hires.png,2026/08/08,2026/01/16,0.49,0.20000000298023224,0.49000000953674316,17.88,,2.62,,,,0.7382,0.0231,1.0266,2.2839,2.306999921798706,1.4188,0.8651,2.2839,5.3522,2.9299,1.1535,2026-08-09
gym2-93,Sabrina's Abra,unlimited,Gym Challenge,93,Common,Ken Sugimori,Basic,63,Pokémon,2000/10/16,"tcgplayer,cardmarket",https://prices.pokemontcg.io/tcgplayer/gym2-93,https://images.pokemontcg.io/gym2/93_hires.png,2026/08/08,2026/02/01,2.76,0.75,2.0,9.99,,,,,"{""1stEdition"": {""low"": 4.3, ""mid"": 6.0, ""high"": 43.45, ""market"": 6.66, ""directLow"": null}}",1.5342,0.0577,1.9379,0.0,1.8687000274658203,1.9609,1.6841,0.0,0.0,0.0,1.1535,2026-08-09
ex16-79,Phoebe's Stadium,normal,Power Keepers,79,Uncommon,Ryo Ueda,Stadium,,Trainer,2007/02/02,"tcgplayer,cardmarket",https://prices.pokemontcg.io/tcgplayer/ex16-79,https://images.pokemontcg.io/ex16/79_hires.png,2026/08/08,2026/02/01,0.61,0.10000000149011612,0.5600000023841858,17.52,,5.36,,,,0.2307,0.0231,0.2768,0.0,0.7613000273704529,0.1961,0.2422,1.0958,3.1952,3.2183,1.1535,2026-08-09
dp3-93,Magmar,normal,Secret Wonders,93,Common,Ken Sugimori,Basic,126,Pokémon,2007/11/01,"tcgplayer,cardmarket",https://prices.pokemontcg.io/tcgplayer/dp3-93,https://images.pokemontcg.io/dp3/93_hires.png,2026/08/08,2026/01/16,0.4,0.12999999523162842,0.3499999940395355,2.49,,3.71,,,,0.0923,0.0231,0.1038,0.9689,0.11540000140666962,0.1154,0.1154,0.5652,0.9805,1.2112,1.1535,2026-08-09
dp5-84,Old Amber,normal,Majestic Dawn,84,Uncommon,Ryo Ueda,Item,,Trainer,2008/05/01,"tcgplayer,cardmarket",https://prices.pokemontcg.io/tcgplayer/dp5-84,https://images.pokemontcg.io/dp5/84_hires.png,2026/08/08,2026/02/01,0.34,0.14000000059604645,0.38999998569488525,20.0,,1.13,,,,0.2999,0.0231,0.2999,1.0035,0.13840000331401825,0.2653,0.323,0.1154,0.6575,0.5767,1.1535,2026-08-09
xy4-80,Chansey,normal,Phantom Forces,80,Common,Naoyo Kimura,Basic,113,Pokémon,2014/11/05,"tcgplayer,cardmarket",https://prices.pokemontcg.io/tcgplayer/xy4-80,https://images.pokemontcg.io/xy4/80_hires.png,2026/08/08,2026/01/16,0.37,0.10000000149011612,0.3199999928474426,19.98,,0.6,,,,0.1846,0.0231,0.1846,1.4303,0.34599998593330383,0.1846,0.1961,0.8074,1.3496,0.7267,1.1535,2026-08-09
xy6-84,Healing Scarf,normal,Roaring Skies,84,Uncommon,Toyste Beach,Pokémon Tool,,Trainer,2015/05/06,"tcgplayer,cardmarket",https://prices.pokemontcg.io/tcgplayer/xy6-84,https://images.pokemontcg.io/xy6/84_hires.png,2026/08/08,2026/01/16,0.2,0.05000000074505806,0.2199999988079071,1000.0,,0.45,,,,0.1384,0.0231,0.15,0.9228,0.15000000596046448,0.15,0.1154,0.7959,0.6229,0.6575,1.1535,2026-08-09
sm11-83,Uxie,holofoil,Unified Minds,83,Rare Holo,kodama,Basic,480,Pokémon,2019/08/02,"tcgplayer,cardmarket",https://prices.pokemontcg.io/tcgplayer/sm11-83,https://images.pokemontcg.io/sm11/83_hires.png,2026/08/08,2026/01/16,0.9,0.6000000238418579,0.949999988079071,19.98,,0.76,,,,1.1996,0.2884,1.5226,2.7569,2.9298999309539795,1.3381,1.1881,0.7498,2.5608,1.811,1.1535,2026-08-09
bwp-BW78,Raichu,,BW Black Star Promos,BW78,Promo,Mizue,Stage 1,26,Pokémon,2011/03/01,,,https://images.pokemontcg.io/bwp/BW78_hires.png,,,,,,,,,,,,,,,,,,,,,,,2026-08-09
smp-SM82,Shining Lugia,holofoil,SM Black Star Promos,SM82,Promo,Hitoshi Ariga,Basic,249,Pokémon,2017/02/03,"tcgplayer,cardmarket",https://prices.pokemontcg.io/tcgplayer/smp-SM82,https://images.pokemontcg.io/smp/SM82_hires.png,2026/08/08,2026/01/16,110.37,75.98999786376953,106.41000366210938,9999.0,,,,,,74.6891,12.6885,66.5454,0.0,38.44620132446289,110.9898,63.0965,115.3385,100.7582,93.0644,1.1535,2026-08-09
swsh3-81,Mimikyu,normal,Darkness Ablaze,81,Rare,Ryota Murayama,Basic,778,Pokémon,2020/08/14,"tcgplayer,cardmarket",https://prices.pokemontcg.io/tcgplayer/swsh3-81,https://images.pokemontcg.io/swsh3/81_hires.png,2026/08/08,2026/01/16,0.46,0.10000000149011612,0.44999998807907104,19.98,,1.16,,,,0.3114,0.0231,0.2307,0.4268,0.09229999780654907,0.2884,0.2999,1.0035,0.7844,0.6806,1.1535,2026-08-09
neo1-81,Totodile,unlimited,Neo Genesis,81,Common,Hironobu Yoshida,Basic,158,Pokémon,2000/12/16,"tcgplayer,cardmarket",https://prices.pokemontcg.io/tcgplayer/neo1-81,https://images.pokemontcg.io/neo1/81_hires.png,2026/08/08,2026/02/01,2.19,0.44999998807907104,1.059999942779541,5.56,,,,,"{""1stEdition"": {""low"": 4.99, ""mid"": 8.11, ""high"": 149.99, ""market"": 11.2, ""directLow"": null}}",3.4144,0.5767,2.1916,0.0,4.602499961853027,3.0222,3.0222,0.0,0.0,0.0,1.1535,2026-08-09
pl3-84,Spiritomb C,normal,Supreme Victors,84,Uncommon,kawayoo,Basic|SP,442,Pokémon,2009/08/19,"tcgplayer,cardmarket",https://prices.pokemontcg.io/tcgplayer/pl3-84,https://images.pokemontcg.io/pl3/84_hires.png,2026/08/08,2026/01/16,1.88,0.5,0.7799999713897705,19.98,,18.24,,,,0.3807,0.0231,0.3807,2.6415,0.51910001039505,0.2076,0.4268,4.2103,3.1837,3.3567,1.1535,2026-08-09
ex13-87,Holon Lake,normal,Holon Phantoms,87,Uncommon,Ryo Ueda,Stadium,,Trainer,2006/05/01,"tcgplayer,cardmarket",https://prices.pokemontcg.io/tcgplayer/ex13-87,https://images.pokemontcg.io/ex13/87_hires.png,2026/08/08,2026/01/19,0.42,0.1899999976158142,0.41999998688697815,18.42,,8.73,,,,0.3691,0.0231,0.2999,0.0,0.09229999780654907,0.3114,0.3691,9.1703,6.0905,3.2183,1.1535,2026-08-09
ex5-81,Vulpix,normal,Hidden Legends,81,Common,Toshinao Aoki,Basic,37,Pokémon,2004/06/01,"tcgplayer,cardmarket",https://prices.pokemontcg.io/tcgplayer/ex5-81,https://images.pokemontcg.io/ex5/81_hires.png,2026/08/08,2026/02/01,2.73,1.4500000476837158,2.640000104904175,33.1,,46.78,,,,0.5075,0.0231,0.4383,7.4401,0.3345000147819519,0.4845,0.5191,9.2165,8.0976,7.1517,1.1535,2026-08-09
pl1-88,Purugly G,normal,Platinum,88,Common,Ryota Saito,Basic|SP,432,Pokémon,2009/02/11,"tcgplayer,cardmarket",https://prices.pokemontcg.io/tcgplayer/pl1-88,https://images.pokemontcg.io/pl1/88_hires.png,2026/08/08,2026/01/16,0.48,0.15000000596046448,0.5,19.98,,3.0,,,,0.173,0.0231,0.2884,2.9414,0.4959999918937683,0.2999,0.2076,3.4028,2.157,1.6956,1.1535,2026-08-09
bw1-86,Unfezant,normal,Black & White,86,Rare,Kagemaru Himeno,Stage 2,521,Pokémon,2011/04/25,"tcgplayer,cardmarket",https://prices.pokemontcg.io/tcgplayer/bw1-86,https://images.pokemontcg.io/bw1/86_hires.png,2026/08/08,2026/01/16,0.47,0.14000000059604645,0.49000000953674316,17.94,,1.5,,,,0.496,0.0231,0.646,1.4419,0.10379999876022339,0.6921,0.5883,2.5838,1.8802,1.7764,1.1535,2026-08-09
sm35-77,Zoroark-GX,holofoil,Shining Legends,77,Rare Rainbow,5ban Graphics,Stage 1|GX,571,Pokémon,2017/10/06,"tcgplayer,cardmarket",https://prices.pokemontcg.io/tcgplayer/sm35-77,https://images.pokemontcg.io/sm35/77_hires.png,2026/08/08,2026/01/21,25.04,24.25,100.0,154.8,,,,,,23.4622,13.7036,24.7887,0.0,17.291000366210938,23.2546,26.1614,35.7585,31.4213,31.2022,1.1535,2026-08-09
ex6-85,Voltorb,normal,FireRed & LeafGreen,85,Common,Ken Sugimori,Basic,100,Pokémon,2004/09/01,"tcgplayer,cardmarket",https://prices.pokemontcg.io/tcgplayer/ex6-85,https://images.pokemontcg.io/ex6/85_hires.png,2026/08/08,2026/02/01,0.58,0.25,0.6100000143051147,20.65,,11.67,,,,2.1801,0.0577,0.9228,0.0,0.11540000140666962,0.2884,0.8997,10.37,5.4907,5.0985,1.1535,2026-08-09
ecard3-54,Eevee,normal,Skyridge,54,Common,Sumiyoshi Kizuki,Basic,133,Pokémon,2003/05/12,"tcgplayer,cardmarket",https://prices.pokemontcg.io/tcgplayer/ecard3-54,https://images.pokemontcg.io/ecard3/54_hires.png,2026/08/08,2026/02/01,44.21,33.41999816894531,64.3499984741211,529.9,,,,,,8.8704,1.1535,7.0363,72.0938,5.32919979095459,6.7941,7.9938,69.1985,70.3635,60.9625,1.1535,2026-08-09
xy12-84,Professor Oak's Hint,normal,Evolutions,84,Uncommon,Ken Sugimori,Supporter,,Trainer,2016/11/02,"tcgplayer,cardmarket",https://prices.pokemontcg.io/tcgplayer/xy12-84,https://images.pokemontcg.io/xy12/84_hires.png,2026/08/08,2026/01/16,0.03,0.009999999776482582,0.20000000298023224,19.04,,0.25,,,,0.0923,0.0231,0.1038,0.4729,0.19609999656677246,0.1154,0.0923,0.4153,0.4729,0.496,1.1535,2026-08-09
swsh4-84,Quagsire,normal,Vivid Voltage,84,Rare,otumami,Stage 1,195,Pokémon,2020/11/13,"tcgplayer,cardmarket",https://prices.pokemontcg.io/tcgplayer/swsh4-84,https://images.pokemontcg.io/swsh4/84_hires.png,2026/08/08,2026/01/16,0.34,0.05000000074505806,0.33000001311302185,19.98,,0.53,,,,0.15,0.0231,0.2422,0.4729,0.10379999876022339,0.2422,0.1846,0.346,0.5075,0.4499,1.1535,2026-08-09
base4-88,Poliwag,normal,Base Set 2,88,Common,Ken Sugimori,Basic,60,Pokémon,2000/02/24,"tcgplayer,cardmarket",https://prices.pokemontcg.io/tcgplayer/base4-88,https://images.pokemontcg.io/base4/88_hires.png,2026/08/08,2026/02/01,0.51,0.20000000298023224,0.5,18.9,,,,,,0.4614,0.0577,0.5075,0.0,0.853600025177002,0.2884,0.4268,0.1154,2.0763,2.0763,1.1535,2026-08-09
sm1-84,Krokorok,normal,Sun & Moon,84,Uncommon,kawayoo,Stage 1,552,Pokémon,2017/02/03,"tcgplayer,cardmarket",https://prices.pokemontcg.io/tcgplayer/sm1-84,https://images.pokemontcg.io/sm1/84_hires.png,2026/08/08,2026/01/16,0.07,0.009999999776482582,0.20000000298023224,19.98,,0.27,,,,0.0692,0.0231,0.0577,0.4153,0.04610000178217888,0.0577,0.0692,0.3114,0.4614,0.3576,1.1535,2026-08-09
xy8-84,Gallade,holofoil,BREAKthrough,84,Rare Holo,5ban Graphics,Stage 2,475,Pokémon,2015/11/04,"tcgplayer,cardmarket",https://prices.pokemontcg.io/tcgplayer/xy8-84,https://images.pokemontcg.io/xy8/84_hires.png,2026/08/08,2026/01/16,0.78,0.3499999940395355,0.8600000143051147,3.0,,1.56,,,,4.6025,0.0,4.2103,0.0,4.602499961853027,2.3647,1.661,0.0,0.0,0.0,1.1535,2026-08-09
ecard2-63,Tyrogue,normal,Aquapolis,63,Uncommon,Tomokazu Komiya,Baby,236,Pokémon,2003/01/15,"tcgplayer,cardmarket",https://prices.pokemontcg.io/tcgplayer/ecard2-63,https://images.pokemontcg.io/ecard2/63_hires.png,2026/08/08,2026/01/16,26.46,34.0,57.75,236.8,,70.0,,,,13.992,6.921,13.4152,16.1375,5.767499923706055,14.1996,11.3389,16.1375,14.9609,12.7692,1.1535,2026-08-09
bw4-91,Skyarrow Bridge,normal,Next Destinies,91,Uncommon,Ryo Ueda,Stadium,,Trainer,2012/02/08,"tcgplayer,cardmarket",https://prices.pokemontcg.io/tcgplayer/bw4-91,https://images.pokemontcg.io/bw4/91_hires.png,2026/08/08,2026/01/16,0.25,0.05999999865889549,0.25,19.98,,0.46,,,,0.2422,0.0231,0.1961,0.2307,0.2768000066280365,0.2884,0.2538,0.2307,0.5767,0.5998,1.1535,2026-08-09
dp6-86,Buneary,normal,Legends Awakened,86,Common,Atsuko Nishida,Basic,427,Pokémon,2008/08/01,"tcgplayer,cardmarket",https://prices.pokemontcg.io/tcgplayer/dp6-86,https://images.pokemontcg.io/dp6/86_hires.png,2026/08/08,2026/01/19,0.57,0.2199999988079071,0.5600000023841858,19.98,,3.26,,,,0.323,0.0231,0.3576,1.4419,0.28839999437332153,0.3922,0.2999,1.7302,1.2342,1.0728,1.1535,2026-08-09
ex1-76,Treecko,normal,Ruby & Sapphire,76,Common,Ken Sugimori,Basic,252,Pokémon,2003/07/01,"tcgplayer,cardmarket",https://prices.pokemontcg.io/tcgplayer/ex1-76,https://images.pokemontcg.io/ex1/76_hires.png,2026/08/08,2026/02/19,2.5,0.6700000166893005,2.2799999713897705,17.74,,30.84,,,,0.7844,0.0577,0.7728,3.2875,0.23070000112056732,0.7267,0.646,3.4605,2.8376,3.3913,1.1535,2026-08-09
dp1-88,Marill,normal,Diamond & Pearl,88,Common,Atsuko Nishida,Basic,183,Pokémon,2007/05/01,"tcgplayer,cardmarket",https://prices.pokemontcg.io/tcgplayer/dp1-88,https://images.pokemontcg.io/dp1/88_hires.png,2026/08/08,2026/01/19,1.61,0.6899999976158142,1.809999942779541,23.99,,17.0,,,,0.2538,0.0231,0.1961,1.6495,0.10379999876022339,0.2307,0.2653,0.9228,1.1189,1.2689,1.1535,2026-08-09
bw3-83,Durant,normal,Noble Victories,83,Uncommon,Masakazu Fukuda,Basic,632,Pokémon,2011/11/16,"tcgplayer,cardmarket",https://prices.pokemontcg.io/tcgplayer/bw3-83,https://images.pokemontcg.io/bw3/83_hires.png,2026/08/08,2026/01/16,0.81,0.23999999463558197,0.699999988079071,18.16,,5.66,,,,0.1961,0.0231,0.1846,2.8838,0.05770000070333481,0.2768,0.496,3.449,2.6761,1.2919,1.1535,2026-08-09
bw10-96,Virizion-EX,holofoil,Plasma Blast,96,Rare Ultra,Ryo Ueda,Basic|EX,640,Pokémon,2013/08/14,"tcgplayer,cardmarket",https://prices.pokemontcg.io/tcgplayer/bw10-96,https://images.pokemontcg.io/bw10/96_hires.png,2026/08/08,2026/01/16,71.95,39.41999816894531,54.9900016784668,508.9,,,,,,28.8144,8.0745,25.527,0.0,34.489601135253906,26.8073,27.4994,13.7151,13.5421,11.8811,1.1535,2026-08-09
sm10-79,Espurr,normal,Unbroken Bonds,79,Common,HYOGONOSUKE,Basic,677,Pokémon,2019/05/03,"tcgplayer,cardmarket",https://prices.pokemontcg.io/tcgplayer/sm10-79,https://images.pokemontcg.io/sm10/79_hires.png,2026/08/08,2026/01/16,0.34,0.07999999821186066,0.3700000047683716,19.98,,0.74,,,,0.15,0.0231,0.15,0.3345,0.17299999296665192,0.1615,0.15,0.2884,0.4153,0.4499,1.1535,2026-08-09
hgss1-95,Poké Ball,normal,HeartGold & SoulSilver,95,Uncommon,Hideaki Hakozaki,Item,,Trainer,2010/02/10,"tcgplayer,cardmarket",https://prices.pokemontcg.io/tcgplayer/hgss1-95,https://images.pokemontcg.io/hgss1/95_hires.png,2026/08/08,2026/01/16,0.33,0.05000000074505806,0.30000001192092896,1.69,,4.58,,,,0.15,0.0231,0.1961,1.4303,0.34599998593330383,0.1961,0.1615,2.7569,1.6841,1.6495,1.1535,2026-08-09
swsh2-84,Hattrem,normal,Rebel Clash,84,Uncommon,kirisAki,Stage 1,857,Pokémon,2020/05/01,"tcgplayer,cardmarket",https://prices.pokemontcg.io/tcgplayer/swsh2-84,https://images.pokemontcg.io/swsh2/84_hires.png,2026/08/08,2026/01/16,0.17,0.019999999552965164,0.20000000298023224,19.98,,0.44,,,,0.0807,0.0231,0.0807,0.2999,0.05770000070333481,0.1038,0.0807,0.1154,0.3345,0.2999,1.1535,2026-08-09
ex11-84,Staryu,normal,Delta Species,84,Common,Midori Harada,Basic,120,Pokémon,2005/10/31,"tcgplayer,cardmarket",https://prices.pokemontcg.io/tcgplayer/ex11-84,https://images.pokemontcg.io/ex11/84_hires.png,2026/08/08,2026/02/01,0.74,0.28999999165534973,0.75,19.98,,12.0,,,,0.5652,0.0461,0.6229,3.4605,0.51910001039505,0.3922,0.7152,7.9476,8.0514,8.5474,1.1535,2026-08-09
sm2-85,Metagross-GX,holofoil,Guardians Rising,85,Rare Holo GX,5ban Graphics,Stage 2|GX,376,Pokémon,2017/05/05,"tcgplayer,cardmarket",https://prices.pokemontcg.io/tcgplayer/sm2-85,https://images.pokemontcg.io/sm2/85_hires.png,2026/08/08,2026/01/16,3.13,1.8799999952316284,3.0,32.42,,,,,,2.6877,0.5537,2.7799,0.0,2.8838000297546387,2.8953,2.5146,2.307,2.4916,3.3221,1.1535,2026-08-09
col1-88,Grass Energy,normal,Call of Legends,88,Common,,Basic,,Energy,2011/02/09,"tcgplayer,cardmarket",https://prices.pokemontcg.io/tcgplayer/col1-88,https://images.pokemontcg.io/col1/88_hires.png,2026/08/08,2026/01/16,10.0,74.98999786376953,83.5,92.0,78.7,,,,,76.8808,69.21,81.4371,0.0,63.442501068115234,85.7281,70.4788,10.37,8.1668,8.1322,1.1535,2026-08-09
ex15-77,Mr. Stone's Project,normal,Dragon Frontiers,77,Uncommon,Ken Sugimori,Supporter,,Trainer,2006/11/01,"tcgplayer,cardmarket",https://prices.pokemontcg.io/tcgplayer/ex15-77,https://images.pokemontcg.io/ex15/77_hires.png,2026/08/08,2026/02/19,1.59,0.5,1.4299999475479126,17.5,,17.14,,,,1.1304,0.0577,0.8997,2.2263,0.3230000138282776,0.5191,0.9113,2.5954,3.2067,3.9334,1.1535,2026-08-09
bw8-84,Liepard,normal,Plasma Storm,84,Rare,5ban Graphics,Stage 1|Team Plasma,510,Pokémon,2013/02/06,"tcgplayer,cardmarket",https://prices.pokemontcg.io/tcgplayer/bw8-84,https://images.pokemontcg.io/bw8/84_hires.png,2026/08/08,2026/01/16,1.23,0.8899999856948853,1.2300000190734863,19.98,,3.02,,,,0.0,0.0577,0.8651,4.5909,0.5651999711990356,0.8997,1.0266,4.5563,3.4951,3.0568,1.1535,2026-08-09
hgss3-86,Umbreon,holofoil,HS—Undaunted,86,Rare Prime,Hideaki Hakozaki,Stage 1|Prime,197,Pokémon,2010/08/18,"tcgplayer,cardmarket",https://prices.pokemontcg.io/tcgplayer/hgss3-86,https://images.pokemontcg.io/hgss3/86_hires.png,2026/08/08,2026/01/16,537.41,474.989990234375,700.8300170898438,799.99,,,,,,144.9257,17.3025,120.4946,0.0,115.3499984741211,121.8327,112.7316,553.68,161.0747,53.5916,1.1535,2026-08-09
xyp-XY80,Black Kyurem,holofoil,XY Black Star Promos,XY80,Promo,Mitsuhiro Arita,Basic,646,Pokémon,2013/10/12,"tcgplayer,cardmarket",https://prices.pokemontcg.io/tcgplayer/xyp-XY80,https://images.pokemontcg.io/xyp/XY80_hires.png,2026/08/08,2026/01/16,49.36,30.290000915527344,49.720001220703125,462.97,,,,,,26.1614,5.7098,25.9422,0.0,32.29800033569336,24.7426,25.6423,4.0373,6.2635,6.3789,1.1535,2026-08-09
pl2-86,Weedle,normal,Rising Rivals,86,Common,Ken Sugimori,Basic,13,Pokémon,2009/05/16,"tcgplayer,cardmarket",https://prices.pokemontcg.io/tcgplayer/pl2-86,https://images.pokemontcg.io/pl2/86_hires.png,2026/08/08,2026/01/19,0.3,0.05000000074505806,0.28999999165534973,19.98,,1.25,,,,0.1384,0.0231,0.1615,1.1535,0.5536999702453613,0.1384,0.1615,2.8838,0.8074,0.646,1.1535,2026-08-09
sm6-81,Empoleon,holofoil,Forbidden Light,81,Rare Holo,nagimiso,Stage 2,395,Pokémon,2018/05/04,"tcgplayer,cardmarket",https://prices.pokemontcg.io/tcgplayer/sm6-81,https://images.pokemontcg.io/sm6/81_hires.png,2026/08/08,2026/01/16,0.92,0.3499999940395355,0.9900000095367432,2.99,,0.93,,,,1.1996,0.346,0.9689,1.3611,1.038100004196167,1.1996,1.0151,2.0071,1.3611,1.165,1.1535,2026-08-09
xy9-79,Ferroseed,normal,BREAKpoint,79,Common,Satoshi Shirai,Basic,597,Pokémon,2016/02/03,"tcgplayer,cardmarket",https://prices.pokemontcg.io/tcgplayer/xy9-79,https://images.pokemontcg.io/xy9/79_hires.png,2026/08/08,2026/01/16,0.03,0.009999999776482582,0.20000000298023224,1000.0,,0.28,,,,0.0807,0.0231,0.0807,0.2653,0.04610000178217888,0.0692,0.0577,0.346,0.4614,0.2884,1.1535,2026-08-09
bw7-90,Purrloin,normal,Boundaries Crossed,90,Common,Akira Komayama,Basic,509,Pokémon,2012/11/07,"tcgplayer,cardmarket",https://prices.pokemontcg.io/tcgplayer/bw7-90,https://images.pokemontcg.io/bw7/90_hires.png,2026/08/08,2026/01/16,0.42,0.15000000596046448,0.3700000047683716,19.98,,0.82,,,,0.173,0.0231,0.1961,1.1535,0.19609999656677246,0.1615,0.173,1.1535,0.8421,0.7152,1.1535,2026-08-09
bw5-82,Blissey,holofoil,Dark Explorers,82,Rare Holo,Kouki Saitou,Stage 1,242,Pokémon,2012/05/09,"tcgplayer,cardmarket",https://prices.pokemontcg.io/tcgplayer/bw5-82,https://images.pokemontcg.io/bw5/82_hires.png,2026/08/08,2026/01/19,1.15,0.6600000262260437,1.2699999809265137,19.98,,1.78,,,,2.0186,0.173,1.6264,0.0,0.9228000044822693,1.3381,1.7764,2.5954,1.9956,1.8341,1.1535,2026-08-09
base1-90,Super Potion,normal,Base,90,Uncommon,Keiji Kinebuchi,,,Trainer,1999/01/09,"tcgplayer,cardmarket",https://prices.pokemontcg.io/tcgplayer/base1-90,https://images.pokemontcg.io/base1/90_hires.png,2026/08/08,2026/02/01,0.36,0.05000000074505806,0.3499999940395355,40.0,,,,,,0.5767,0.0231,0.4383,0.0,0.17299999296665192,0.3807,0.5767,0.0577,0.323,0.323,1.1535,2026-08-09
hgss2-88,Tyranitar,holofoil,HS—Unleashed,88,Rare Prime,Wataru Kawahara,Stage 2|Prime,248,Pokémon,2010/05/12,"tcgplayer,cardmarket",https://prices.pokemontcg.io/tcgplayer/hgss2-88,https://images.pokemontcg.io/hgss2/88_hires.png,2026/08/08,2026/01/16,239.66,114.95999908447266,205.1699981689453,299.99,,,,,,17.9139,2.8838,21.3282,0.0,50.75400161743164,26.8073,23.07,9.228,8.0168,8.5013,1.1535,2026-08-09
xy7-89,Hoopa-EX,holofoil,Ancient Origins,89,Rare Ultra,5ban Graphics,Basic|EX,720,Pokémon,2015/08/12,"tcgplayer,cardmarket",https://prices.pokemontcg.io/tcgplayer/xy7-89,https://images.pokemontcg.io/xy7/89_hires.png,2026/08/08,2026/01/16,49.69,26.530000686645508,49.900001525878906,239.72,,,,,,21.4205,10.37,23.9121,0.0,9.227999687194824,21.4205,23.3814,10.3815,11.858,11.0851,1.1535,2026-08-09
xy11-90,Aipom,normal,Steam Siege,90,Common,Naoki Saito,Basic,190,Pokémon,2016/08/03,"tcgplayer,cardmarket",https://prices.pokemontcg.io/tcgplayer/xy11-90,https://images.pokemontcg.io/xy11/90_hires.png,2026/08/08,2026/01/16,0.19,0.009999999776482582,0.20999999344348907,19.98,,0.52,,,,0.0692,0.0231,0.0461,0.5191,0.06920000165700912,0.0577,0.0692,0.4614,0.5306,0.4499,1.1535,2026-08-09
sm4-79,Swablu,normal,Crimson Invasion,79,Common,Mitsuhiro Arita,Basic,333,Pokémon,2017/11/03,"tcgplayer,cardmarket",https://prices.pokemontcg.io/tcgplayer/sm4-79,https://images.pokemontcg.io/sm4/79_hires.png,2026/08/08,2026/01/16,0.22,0.019999999552965164,0.2199999988079071,19.98,,0.41,,,,0.0461,0.0231,0.0461,0.2999,0.04610000178217888,0.0577,0.0461,0.2307,0.2999,0.2538,1.1535,2026-08-09
bw2-80,Pidove,normal,Emerging Powers,80,Common,Naoki Saito,Basic,519,Pokémon,2011/08/31,"tcgplayer,cardmarket",https://prices.pokemontcg.io/tcgplayer/bw2-80,https://images.pokemontcg.io/bw2/80_hires.png,2026/08/08,2026/01/19,0.28,0.07000000029802322,0.27000001072883606,17.42,,3.9,,,,0.1038,0.0231,0.1269,1.6956,0.17299999296665192,0.1615,0.1269,0.5652,1.3957,0.9343,1.1535,2026-08-09
xy10-84,Audino-EX,holofoil,Fates Collide,84,Rare Holo EX,Ayaka Yoshida,Basic|EX,531,Pokémon,2016/05/02,"tcgplayer,cardmarket",https://prices.pokemontcg.io/tcgplayer/xy10-84,https://images.pokemontcg.io/xy10/84_hires.png,2026/08/08,2026/01/16,4.71,2.4000000953674316,4.650000095367432,45.6,,,,,,4.4179,1.7302,3.968,0.0,3.1029000282287598,4.3948,3.8988,3.449,2.9876,2.953,1.1535,2026-08-09
neo4-88,Unown [T],unlimited,Neo Destiny,88,Common,CR CG gangs,Basic,201,Pokémon,2002/02/28,"tcgplayer,cardmarket",https://prices.pokemontcg.io/tcgplayer/neo4-88,https://images.pokemontcg.io/neo4/88_hires.png,2026/08/08,2026/02/01,0.93,0.3499999940395355,0.9399999976158142,32.14,,,,,"{""1stEdition"": {""low"": 1.05, ""mid"": 2.0, ""high"": 26.24, ""market"": 2.3, ""directLow"": 26.24}}",1.0728,0.0577,0.5652,0.0,0.34599998593330383,0.6229,1.0958,0.0,0.0,0.0,1.1535,2026-08-09
ex2-81,Spearow,normal,Sandstorm,81,Common,Aya Kusube,Basic,21,Pokémon,2003/09/18,"tcgplayer,cardmarket",https://prices.pokemontcg.io/tcgplayer/ex2-81,https://images.pokemontcg.io/ex2/81_hires.png,2026/08/08,2026/02/01,0.81,0.5199999809265137,0.800000011920929,20.99,,5.82,,,,0.5767,0.0231,0.7959,2.2263,0.20759999752044678,0.9805,0.7152,4.614,2.2263,2.4108,1.1535,2026-08-09
ex8-87,Lady Outing,normal,Deoxys,87,Uncommon,Ken Sugimori,Supporter,,Trainer,2005/02/01,"tcgplayer,cardmarket",https://prices.pokemontcg.io/tcgplayer/ex8-87,https://images.pokemontcg.io/ex8/87_hires.png,2026/08/08,2026/02/01,0.5,0.15000000596046448,0.5,20.45,,7.36,,,,0.346,0.0231,0.2884,0.0,0.46140000224113464,0.2768,0.5421,13.7266,13.2306,6.8633,1.1535,2026-08-09
gym1-90,Misty's Staryu,unlimited,Gym Heroes,90,Common,Ken Sugimori,Basic,120,Pokémon,2000/08/14,"tcgplayer,cardmarket",https://prices.pokemontcg.io/tcgplayer/gym1-90,https://images.pokemontcg.io/gym1/90_hires.png,2026/08/08,2026/02/01,1.8,0.49000000953674316,1.100000023841858,96.95,,,,,"{""1stEdition"": {""low"": 1.75, ""mid"": 3.47, ""high"": 40.6, ""market"": 3.7, ""directLow"": null}}",0.9459,0.0346,0.7959,0.0,0.46140000224113464,1.0497,0.9689,1.1535,1.1535,1.1535,1.1535,2026-08-09
pl4-90,Professor Oak's Visit,normal,Arceus,90,Uncommon,Ken Sugimori,Supporter,,Trainer,2009/11/04,"tcgplayer,cardmarket",https://prices.pokemontcg.io/tcgplayer/pl4-90,https://images.pokemontcg.io/pl4/90_hires.png,2026/08/08,2026/01/16,0.4,0.07999999821186066,0.3799999952316284,19.98,,9.2,,,,0.1269,0.0231,0.2076,0.7844,0.23070000112056732,0.1384,0.1384,0.5652,0.9574,0.992,1.1535,2026-08-09
base6-83,Nidoran ♂,normal,Legendary Collection,83,Common,Ken Sugimori,Basic,32,Pokémon,2002/05/24,"tcgplayer,cardmarket",https://prices.pokemontcg.io/tcgplayer/base6-83,https://images.pokemontcg.io/base6/83_hires.png,2026/08/08,2026/02/01,0.92,0.25,0.7900000214576721,19.98,,80.52,,,,0.173,0.0231,0.1961,38.0078,0.05770000070333481,0.1846,0.346,184.56,63.5809,34.1782,1.1535,2026-08-09
bw6-87,Gible,normal,Dragons Exalted,87,Common,Kagemaru Himeno,Basic,443,Pokémon,2012/08/15,"tcgplayer,cardmarket",https://prices.pokemontcg.io/tcgplayer/bw6-87,https://images.pokemontcg.io/bw6/87_hires.png,2026/08/08,2026/01/16,0.37,0.10000000149011612,0.3799999952316284,19.98,,2.79,,,,0.173,0.0231,0.1961,0.0,0.23070000112056732,0.173,0.2422,2.307,1.9609,1.3957,1.1535,2026-08-09
xy2-98,Trick Shovel,normal,Flashfire,98,Uncommon,PLANETA,Item,,Trainer,2014/05/07,"tcgplayer,cardmarket",https://prices.pokemontcg.io/tcgplayer/xy2-98,https://images.pokemontcg.io/xy2/98_hires.png,2026/08/08,2026/01/16,0.28,0.09000000357627869,0.27000001072883606,19.99,,1.21,,,,0.3922,0.0231,0.2192,0.0,0.11540000140666962,0.3691,0.2192,0.8651,1.2342,0.9228,1.1535,2026-08-09
sm5-87,Bronzong,normal,Ultra Prism,87,Uncommon,Kagemaru Himeno,Stage 1,437,Pokémon,2018/02/02,"tcgplayer,cardmarket",https://prices.pokemontcg.io/tcgplayer/sm5-87,https://images.pokemontcg.io/sm5/87_hires.png,2026/08/08,2026/01/16,0.03,0.029999999329447746,0.23000000417232513,19.98,,0.32,,,,0.1154,0.0231,0.1269,0.4153,0.11540000140666962,0.0923,0.1038,0.5767,0.4383,0.4037,1.1535,2026-08-09
swsh1-89,Sinistea,normal,Sword & Shield,89,Common,Saya Tsuruta,Basic,854,Pokémon,2020/02/07,"tcgplayer,cardmarket",https://prices.pokemontcg.io/tcgplayer/swsh1-89,https://images.pokemontcg.io/swsh1/89_hires.png,2026/08/08,2026/01/16,0.19,0.009999999776482582,0.20000000298023224,19.98,,0.33,,,,0.1269,0.0231,0.1846,0.3922,0.11540000140666962,0.1615,0.1269,0.173,0.5767,0.346,1.1535,2026-08-09
sm3-85,Sneasel,normal,Burning Shadows,85,Common,Hasuno,Basic,215,Pokémon,2017/08/05,"tcgplayer,cardmarket",https://prices.pokemontcg.io/tcgplayer/sm3-85,https://images.pokemontcg.io/sm3/85_hires.png,2026/08/08,2026/01/16,0.13,0.029999999329447746,0.20000000298023224,19.98,,0.3,,,,0.0577,0.0231,0.0461,0.2768,0.023099999874830246,0.0692,0.0692,0.173,0.2884,0.2768,1.1535,2026-08-09
sma-SV82,Cynthia,holofoil,Hidden Fates Shiny Vault,SV82,Rare Ultra,Yusuke Ohmura,Supporter,,Trainer,2019/08/23,"tcgplayer,cardmarket",https://prices.pokemontcg.io/tcgplayer/sma-SV82,https://images.pokemontcg.io/sma/SV82_hires.png,2026/08/08,2026/01/16,195.04,179.99000549316406,201.77000427246094,300.0,,,,,,154.2806,74.9775,160.2673,0.0,198.40199279785156,162.6435,168.9185,76.1195,77.1461,79.4646,1.1535,2026-08-09
ex14-83,PokéNav,normal,Crystal Guardians,83,Uncommon,Katsura Tabata,Item,,Trainer,2006/08/01,"tcgplayer,cardmarket",https://prices.pokemontcg.io/tcgplayer/ex14-83,https://images.pokemontcg.io/ex14/83_hires.png,2026/08/08,2026/02/01,0.5,0.07999999821186066,0.4000000059604645,5.0,,2.56,,,,0.1384,0.0231,0.1038,3.4028,0.15000000596046448,0.1961,0.2192,9.1703,5.9867,4.0949,1.1535,2026-08-09
g1-74,Double Colorless Energy,normal,Generations,74,Uncommon,5ban Graphics,Special,,Energy,2016/02/22,"tcgplayer,cardmarket",https://prices.pokemontcg.io/tcgplayer/g1-74,https://images.pokemontcg.io/g1/74_hires.png,2026/08/08,2026/02/01,0.66,0.07999999821186066,0.5899999737739563,2.99,,1.34,,,,0.819,0.0692,0.7844,2.8261,1.7302000522613525,1.0728,0.6344,3.4605,2.0417,2.0417,1.1535,2026-08-09
bw11-91,Cobalion,holofoil,Legendary Treasures,91,Rare Holo,Sumiyoshi Kizuki,Basic,638,Pokémon,2013/11/06,"tcgplayer,cardmarket",https://prices.pokemontcg.io/tcgplayer/bw11-91,https://images.pokemontcg.io/bw11/91_hires.png,2026/08/08,2026/01/16,1.44,0.699999988079071,1.440000057220459,39.99,,1.72,,,,2.5954,1.3842,2.7223,4.2218,1.7302000522613525,2.6761,2.5146,4.2218,4.764,2.3185,1.1535,2026-08-09
dp2-82,Exeggcute,normal,Mysterious Treasures,82,Common,Ken Sugimori,Basic,102,Pokémon,2007/08/01,"tcgplayer,cardmarket",https://prices.pokemontcg.io/tcgplayer/dp2-82,https://images.pokemontcg.io/dp2/82_hires.png,2026/08/08,2026/01/21,0.28,0.10000000149011612,0.28999999165534973,19.98,,2.2,,,,0.2884,0.0231,0.323,1.2919,0.7498000264167786,0.2884,0.2076,1.142,3.3451,1.7995,1.1535,2026-08-09
ex10-88,Pokémon Reversal,normal,Unseen Forces,88,Uncommon,Hiromichi Sugiyama,Item,,Trainer,2005/08/01,"tcgplayer,cardmarket",https://prices.pokemontcg.io/tcgplayer/ex10-88,https://images.pokemontcg.io/ex10/88_hires.png,2026/08/08,2026/01/16,2.35,1.0499999523162842,2.430000066757202,40.0,,14.24,,,,0.819,0.0231,1.0612,17.3025,1.153499960899353,0.9805,1.1189,4.0373,9.1588,6.4711,1.1535,2026-08-09
sm12-89,Golett,normal,Cosmic Eclipse,89,Common,Shigenori Negishi,Basic,622,Pokémon,2019/11/01,"tcgplayer,cardmarket",https://prices.pokemontcg.io/tcgplayer/sm12-89,https://images.pokemontcg.io/sm12/89_hires.png,2026/08/08,2026/01/16,0.17,0.029999999329447746,0.20000000298023224,19.98,,0.33,,,,0.0692,0.0231,0.0807,0.4268,0.15000000596046448,0.0923,0.0692,0.5767,0.3691,0.3345,1.1535,2026-08-09
ex4-90,Cradily ex,holofoil,Team Magma vs Team Aqua,90,Rare Holo EX,Ryo Ueda,Stage 2|ex,346,Pokémon,2004/03/01,"tcgplayer,cardmarket",https://prices.pokemontcg.io/tcgplayer/ex4-90,https://images.pokemontcg.io/ex4/90_hires.png,2026/08/08,2026/02/01,74.99,94.05999755859375,129.99000549316406,199.99,,,,,,37.9502,14.9955,31.0753,0.0,23.06999969482422,43.5792,76.8692,3.4605,19.3788,14.6725,1.1535,2026-08-09
xy5-91,Sharpedo-EX,holofoil,Primal Clash,91,Rare Holo EX,Eske Yoshinob,Basic|EX,319,Pokémon,2015/02/04,"tcgplayer,cardmarket",https://prices.pokemontcg.io/tcgplayer/xy5-91,https://images.pokemontcg.io/xy5/91_hires.png,2026/08/08,2026/01/16,3.87,2.25,3.950000047683716,43.0,,,,,,6.9441,1.142,5.5137,0.0,3.979599952697754,5.3638,5.8021,2.1801,2.9068,2.9414,1.1535,2026-08-09
xy1-90,Wigglytuff,normal,XY,90,Rare,Kagemaru Himeno,Stage 1,40,Pokémon,2014/02/05,"tcgplayer,cardmarket",https://prices.pokemontcg.io/tcgplayer/xy1-90,https://images.pokemontcg.io/xy1/90_hires.png,2026/08/08,2026/01/16,1.56,0.25,2.319999933242798,28.2,,3.87,,,,1.8456,0.1154,1.3496,2.307,0.8996999859809875,1.3611,1.2342,0.4614,2.0417,2.0186,1.1535,2026-08-09
xy3-75,Vibrava,normal,Furious Fists,75,Uncommon,Kagemaru Himeno,Stage 1,329,Pokémon,2014/08/13,"tcgplayer,cardmarket",https://prices.pokemontcg.io/tcgplayer/xy3-75,https://images.pokemontcg.io/xy3/75_hires.png,2026/08/08,2026/01/19,0.36,0.10000000149011612,0.3499999940395355,1000.0,,0.56,,,,0.3922,0.0231,0.2768,0.8074,0.3345000147819519,0.3345,0.2653,0.8074,0.6344,0.6344,1.1535,2026-08-09
dp4-81,Porygon,normal,Great Encounters,81,Common,Kent Kanetsuna,Basic,137,Pokémon,2008/02/01,"tcgplayer,cardmarket",https://prices.pokemontcg.io/tcgplayer/dp4-81,https://images.pokemontcg.io/dp4/81_hires.png,2026/08/08,2026/02/01,0.42,0.15000000596046448,0.4000000059604645,19.15,,3.52,,,,0.2307,0.0231,0.2192,0.6806,0.3230000138282776,0.173,0.173,0.4614,0.7036,0.9113,1.1535,2026-08-09
hgss4-86,Indigo Plateau,normal,HS—Triumphant,86,Uncommon,Ryo Ueda,Stadium,,Trainer,2010/11/03,"tcgplayer,cardmarket",https://prices.pokemontcg.io/tcgplayer/hgss4-86,https://images.pokemontcg.io/hgss4/86_hires.png,2026/08/08,2026/01/16,0.69,0.20000000298023224,0.5,18.44,,14.18,,,,0.3922,0.0231,0.3922,1.0612,0.31139999628067017,0.2999,0.346,1.1535,1.1074,1.4649,1.1535,2026-08-09
sm7-88,Sableye,normal,Celestial Storm,88,Uncommon,Yukiko Baba,Basic,302,Pokémon,2018/08/03,"tcgplayer,cardmarket",https://prices.pokemontcg.io/tcgplayer/sm7-88,https://images.pokemontcg.io/sm7/88_hires.png,2026/08/08,2026/01/16,0.64,0.49000000953674316,0.75,19.98,,2.2,,,,0.323,0.0577,0.4153,0.7382,0.23070000112056732,0.3922,0.346,0.5767,0.6806,0.8421,1.1535,2026-08-09
ex7-85,Pow! Hand Extension,normal,Team Rocket Returns,85,Uncommon,Katsura Tabata,Rocket's Secret Machine,,Trainer,2004/11/01,"tcgplayer,cardmarket",https://prices.pokemontcg.io/tcgplayer/ex7-85,https://images.pokemontcg.io/ex7/85_hires.png,2026/08/08,2026/02/01,50.2,37.0,49.97999954223633,999.9,,63.68,,,,24.3389,11.535,23.4737,36.912,23.06999969482422,23.5429,21.6051,36.912,41.9182,30.6716,1.1535,2026-08-09
sm9-89,Spiritomb,normal,Team Up,89,Uncommon,HYOGONOSUKE,Basic,442,Pokémon,2019/02/01,"tcgplayer,cardmarket",https://prices.pokemontcg.io/tcgplayer/sm9-89,https://images.pokemontcg.io/sm9/89_hires.png,2026/08/08,2026/01/16,0.22,0.10000000149011612,0.25,19.98,,0.43,,,,0.15,0.0231,0.2422,0.4729,0.3345000147819519,0.2538,0.173,0.346,0.5883,0.5306,1.1535,2026-08-09
ecard1-80,Haunter,normal,Expedition Base Set,80,Uncommon,Yukiko Baba,Stage 1,93,Pokémon,2002/09/15,"tcgplayer,cardmarket",https://prices.pokemontcg.io/tcgplayer/ecard1-80,https://images.pokemontcg.io/ecard1/80_hires.png,2026/08/08,2026/02/04,16.37,9.6899995803833,16.5,189.64,,89.6,,,,3.0914,0.2884,2.7569,54.2145,2.8838000297546387,2.7799,3.1837,98.0475,43.9022,21.0975,1.1535,2026-08-09
bw9-89,Eevee,normal,Plasma Freeze,89,Common,Naoki Saito,Basic,133,Pokémon,2013/05/08,"tcgplayer,cardmarket",https://prices.pokemontcg.io/tcgplayer/bw9-89,https://images.pokemontcg.io/bw9/89_hires.png,2026/08/08,2026/01/16,1.57,0.5,1.4600000381469727,22.63,,16.8,,,,1.6034,0.0231,1.7879,11.2466,1.153499960899353,2.1686,1.4649,17.5909,8.8935,10.7737,1.1535,2026-08-09
ex12-92,Registeel ★,holofoil,Legend Maker,92,Rare Holo Star,Masakazu Fukuda,Basic|Star,379,Pokémon,2006/02/01,"tcgplayer,cardmarket",https://prices.pokemontcg.io/tcgplayer/ex12-92,https://images.pokemontcg.io/ex12/92_hires.png,2026/05/04,2026/01/16,,500.0,500.0,500.0,,,,,,426.795,230.7,561.5584,0.0,426.7950134277344,552.1343,574.8237,242.235,156.7145,127.035,1.1535,2026-08-09
sm8-84,Dedenne,normal,Lost Thunder,84,Common,MAHOU,Basic,702,Pokémon,2018/11/02,"tcgplayer,cardmarket",https://prices.pokemontcg.io/tcgplayer/sm8-84,https://images.pokemontcg.io/sm8/84_hires.png,2026/08/08,2026/01/16,0.57,0.11999999731779099,0.5699999928474426,19.98,,1.74,,,,0.1846,0.0231,0.2076,1.3727,0.17299999296665192,0.1961,0.2076,3.1721,0.7728,0.8305,1.1535,2026-08-09
ex3-89,Ampharos ex,holofoil,Dragon,89,Rare Holo EX,Ryo Ueda,Stage 2|ex,181,Pokémon,2003/11/24,"tcgplayer,cardmarket",https://prices.pokemontcg.io/tcgplayer/ex3-89,https://images.pokemontcg.io/ex3/89_hires.png,2026/08/08,2026/02/01,204.55,298.989990234375,330.489990234375,400.0,,,,,,48.77,8.063,53.8454,0.0,23.16230010986328,30.2563,46.3476,3.4605,13.5998,17.314,1.1535,2026-08-09
dp7-79,Treecko,normal,Stormfront,79,Common,Naoyo Kimura,Basic,252,Pokémon,2008/11/01,"tcgplayer,cardmarket",https://prices.pokemontcg.io/tcgplayer/dp7-79,https://images.pokemontcg.io/dp7/79_hires.png,2026/08/08,2026/01/19,0.61,0.15000000596046448,0.46000000834465027,19.98,,5.46,,,,0.1961,0.0231,0.2192,4.1065,0.04610000178217888,0.2076,0.2538,5.756,4.0373,2.7107,1.1535,2026-08-09
ex9-86,Darkness Energy,normal,Emerald,86,Rare,Milky Isobe,Special,,Energy,2005/05/01,"tcgplayer,cardmarket",https://prices.pokemontcg.io/tcgplayer/ex9-86,https://images.pokemontcg.io/ex9/86_hires.png,2026/08/08,2026/02/01,1.69,0.800000011920929,2.0,25.1,,34.99,,,,0.9459,0.2192,0.6575,5.1677,1.7187000513076782,0.9805,1.2689,3.4605,16.8411,8.8819,1.1535,2026-08-09
sm1-85,Krookodile,holofoil,Sun & Moon,85,Rare Holo,Hajime Kusajima,Stage 2,553,Pokémon,2017/02/03,"tcgplayer,cardmarket",https://prices.pokemontcg.io/tcgplayer/sm1-85,https://images.pokemontcg.io/sm1/85_hires.png,2026/08/08,2026/01/16,0.42,0.15000000596046448,0.44999998807907104,19.98,,0.43,,,,0.8305,0.1154,0.8767,0.992,0.23070000112056732,0.9459,0.6114,0.5767,0.8997,0.6921,1.1535,2026-08-09
sm12-90,Golurk,normal,Cosmic Eclipse,90,Rare,Ayaka Yoshida,Stage 1,623,Pokémon,2019/11/01,"tcgplayer,cardmarket",https://prices.pokemontcg.io/tcgplayer/sm12-90,https://images.pokemontcg.io/sm12/90_hires.png,2026/08/08,2026/01/16,0.27,0.12999999523162842,0.2800000011920929,19.98,,0.56,,,,0.4037,0.1154,0.323,1.2227,0.20759999752044678,0.3114,0.2999,3.3336,1.2227,0.8997,1.1535,2026-08-09
ex7-86,Rocket's Admin.,normal,Team Rocket Returns,86,Uncommon,Ken Sugimori,Supporter,,Trainer,2004/11/01,"tcgplayer,cardmarket",https://prices.pokemontcg.io/tcgplayer/ex7-86,https://images.pokemontcg.io/ex7/86_hires.png,2026/08/08,2026/01/19,22.23,20.049999237060547,26.290000915527344,220.0,,100.81,,,,5.3522,4.4986,7.4055,60.5587,6.921000003814697,6.7364,6.4135,56.5215,48.2855,40.6147,1.1535,2026-08-09
ex6-86,Weedle,normal,FireRed & LeafGreen,86,Common,Hajime Kusajima,Basic,13,Pokémon,2004/09/01,"tcgplayer,cardmarket",https://prices.pokemontcg.io/tcgplayer/ex6-86,https://images.pokemontcg.io/ex6/86_hires.png,2026/08/08,2026/02/01,0.54,0.20000000298023224,0.5,20.57,,22.68,,,,0.4845,0.0231,0.3114,2.7915,0.57669997215271,0.2538,0.3576,2.7915,20.0017,13.023,1.1535,2026-08-09
bw11-92,Altaria,normal,Legendary Treasures,92,Uncommon,Atsuko Nishida,Stage 1,334,Pokémon,2013/11/06,"tcgplayer,cardmarket",https://prices.pokemontcg.io/tcgplayer/bw11-92,https://images.pokemontcg.io/bw11/92_hires.png,2026/08/08,2026/01/16,0.71,0.5,0.6899999976158142,19.98,,8.02,,,,0.819,0.2653,1.4995,8.063,0.6460000276565552,0.9574,1.0958,8.063,7.4862,4.2218,1.1535,2026-08-09
dp3-94,Mareep,normal,Secret Wonders,94,Common,Atsuko Nishida,Basic,179,Pokémon,2007/11/01,"tcgplayer,cardmarket",https://prices.pokemontcg.io/tcgplayer/dp3-94,https://images.pokemontcg.io/dp3/94_hires.png,2026/08/08,2026/01/16,0.44,0.20000000298023224,0.4399999976158142,18.48,,5.0,,,,0.1961,0.0231,0.2884,1.8341,1.0958000421524048,0.2999,0.2076,0.9113,1.3381,1.0035,1.1535,2026-08-09
ex4-91,Entei ex,holofoil,Team Magma vs Team Aqua,91,Rare Holo EX,Ryo Ueda,Basic|ex,244,Pokémon,2004/03/01,"tcgplayer,cardmarket",https://prices.pokemontcg.io/tcgplayer/ex4-91,https://images.pokemontcg.io/ex4/91_hires.png,2026/08/08,2026/02/01,277.24,445.9700012207031,498.45001220703125,699.99,,,,,,113.8966,14.984,98.855,0.0,34.59349822998047,54.9297,95.2214,69.21,54.0645,34.8242,1.1535,2026-08-09
bw4-92,Double Colorless Energy,normal,Next Destinies,92,Uncommon,5ban Graphics,Special,,Energy,2012/02/08,"tcgplayer,cardmarket",https://prices.pokemontcg.io/tcgplayer/bw4-92,https://images.pokemontcg.io/bw4/92_hires.png,2026/08/08,2026/01/16,0.66,0.30000001192092896,0.7300000190734863,2.49,,1.23,,,,0.7267,0.0231,0.4383,1.1535,1.1419999599456787,0.7267,0.5191,0.5767,0.8997,1.4188,1.1535,2026-08-09
swsh1-90,Polteageist,normal,Sword & Shield,90,Rare,Shin Nagasawa,Stage 1,855,Pokémon,2020/02/07,"tcgplayer,cardmarket",https://prices.pokemontcg.io/tcgplayer/swsh1-90,https://images.pokemontcg.io/swsh1/90_hires.png,2026/08/08,2026/01/16,0.28,0.11999999731779099,0.2800000011920929,19.98,,0.52,,,,0.2999,0.0231,0.3691,0.6575,0.28839999437332153,0.4037,0.3345,1.488,0.8767,0.7498,1.1535,2026-08-09
ecard1-81,Hitmonlee,normal,Expedition Base Set,81,Uncommon,Atsuko Nishida,Basic,106,Pokémon,2002/09/15,"tcgplayer,cardmarket",https://prices.pokemontcg.io/tcgplayer/ecard1-81,https://images.pokemontcg.io/ecard1/81_hires.png,2026/08/08,2026/02/04,5.03,3.0,9.140000343322754,56.2,,49.31,,,,1.9379,0.0346,1.7649,7.6131,4.556300163269043,2.1455,1.8571,8.0745,7.6131,8.1552,1.1535,2026-08-09
sm5-88,Heatran,holofoil,Ultra Prism,88,Rare Holo,tetsuya koizumi,Basic,485,Pokémon,2018/02/02,"tcgplayer,cardmarket",https://prices.pokemontcg.io/tcgplayer/sm5-88,https://images.pokemontcg.io/sm5/88_hires.png,2026/08/08,2026/01/16,0.37,0.15000000596046448,0.3700000047683716,19.98,,0.44,,,,2.1686,0.1154,2.3531,1.5803,0.9574000239372253,1.6149,1.3727,2.8838,1.1881,0.7728,1.1535,2026-08-09
hgss3-87,Kyogre & Groudon LEGEND,holofoil,HS—Undaunted,87,LEGEND,Shinji Higuchi + Sachiko Eba,LEGEND,382|383,Pokémon,2010/08/18,"tcgplayer,cardmarket",https://prices.pokemontcg.io/tcgplayer/hgss3-87,https://images.pokemontcg.io/hgss3/87_hires.png,2026/08/08,2026/01/16,208.93,160.0,232.5,699.99,,,,,,55.022,17.291,60.9163,0.0,39.21900177001953,50.1196,56.9252,23.0123,22.1472,19.3673,1.1535,2026-08-09
xy9-80,Ferrothorn,normal,BREAKpoint,80,Rare,Kagemaru Himeno,Stage 1,598,Pokémon,2016/02/03,"tcgplayer,cardmarket",https://prices.pokemontcg.io/tcgplayer/xy9-80,https://images.pokemontcg.io/xy9/80_hires.png,2026/08/08,2026/01/16,0.11,0.07000000029802322,0.25,19.99,,0.37,,,,0.2653,0.0231,0.2768,1.811,0.5651999711990356,0.2653,0.2192,0.4614,1.2112,0.8074,1.1535,2026-08-09
pl4-91,Ultimate Zone,normal,Arceus,91,Uncommon,Yusuke Ishikawa,Stadium,,Trainer,2009/11/04,"tcgplayer,cardmarket",https://prices.pokemontcg.io/tcgplayer/pl4-91,https://images.pokemontcg.io/pl4/91_hires.png,2026/08/08,2026/01/16,0.41,0.14000000059604645,0.3499999940395355,19.98,,2.48,,,,0.1961,0.0231,0.1384,2.307,0.03460000082850456,0.1615,0.2653,2.307,1.1535,1.2804,1.1535,2026-08-09
pl1-89,Ralts,normal,Platinum,89,Common,Miki Tanaka,Basic,280,Pokémon,2009/02/11,"tcgplayer,cardmarket",https://prices.pokemontcg.io/tcgplayer/pl1-89,https://images.pokemontcg.io/pl1/89_hires.png,2026/08/08,2026/01/16,0.69,0.3499999940395355,0.6700000166893005,18.29,,9.17,,,,0.1615,0.0231,0.3114,1.5572,0.023099999874830246,0.2884,0.1846,0.6921,1.2689,1.2919,1.1535,2026-08-09
ex2-82,Trapinch,normal,Sandstorm,82,Common,Mitsuhiro Arita,Basic,328,Pokémon,2003/09/18,"tcgplayer,cardmarket",https://prices.pokemontcg.io/tcgplayer/ex2-82,https://images.pokemontcg.io/ex2/82_hires.png,2026/08/08,2026/02/01,1.21,0.10000000149011612,1.2100000381469727,19.98,,9.24,,,,0.4037,0.0231,0.5421,1.7879,0.34599998593330383,0.6344,0.5075,1.6149,1.9956,3.7719,1.1535,2026-08-09
bwp-BW79,Landorus,holofoil,BW Black Star Promos,BW79,Promo,5ban Graphics,Basic|Team Plasma,645,Pokémon,2011/03/01,"tcgplayer,cardmarket",https://prices.pokemontcg.io/tcgplayer/bwp-BW79,https://images.pokemontcg.io/bwp/BW79_hires.png,2026/08/08,2026/01/21,119.99,103.22000122070312,193.99000549316406,599.99,,,,,,1.5918,1.1535,3.5758,0.0,1.038100004196167,1.4303,8.6166,1.7302,6.7364,4.7524,1.1535,2026-08-09
ex3-90,Dragonite ex,holofoil,Dragon,90,Rare Holo EX,Ryo Ueda,Stage 2|ex,149,Pokémon,2003/11/24,"tcgplayer,cardmarket",https://prices.pokemontcg.io/tcgplayer/ex3-90,https://images.pokemontcg.io/ex3/90_hires.png,2026/08/08,2026/02/01,519.67,599.989990234375,750.0,1300.0,,,,,,154.6959,10.3815,133.7714,0.0,63.38479995727539,160.325,134.3827,103.815,32.7709,36.8774,1.1535,2026-08-09
sm10-80,Meowstic,normal,Unbroken Bonds,80,Rare,Saya Tsuruta,Stage 1,678,Pokémon,2019/05/03,"tcgplayer,cardmarket",https://prices.pokemontcg.io/tcgplayer/sm10-80,https://images.pokemontcg.io/sm10/80_hires.png,2026/08/08,2026/01/16,0.6,0.2199999988079071,0.6000000238418579,19.98,,0.99,,,,0.4845,0.0923,0.4729,1.7302,0.5651999711990356,0.2768,0.3922,0.9805,0.9343,0.7036,1.1535,2026-08-09
col1-89,Fire Energy,normal,Call of Legends,89,Common,,Basic,,Energy,2011/02/09,"tcgplayer,cardmarket",https://prices.pokemontcg.io/tcgplayer/col1-89,https://images.pokemontcg.io/col1/89_hires.png,2026/08/08,2026/01/16,,86.51000213623047,86.51000213623047,86.51,52.36,,,,,0.0,17.3025,23.1046,0.0,11.53499984741211,23.889,7.2555,28.826,39.6227,26.6458,1.1535,2026-08-09
bw8-85,Scraggy,normal,Plasma Storm,85,Common,Kouki Saitou,Basic,559,Pokémon,2013/02/06,"tcgplayer,cardmarket",https://prices.pokemontcg.io/tcgplayer/bw8-85,https://images.pokemontcg.io/bw8/85_hires.png,2026/08/08,2026/01/16,0.33,0.15000000596046448,0.30000001192092896,19.98,,0.64,,,,0.2307,0.0231,0.2538,0.346,0.29989999532699585,0.2192,0.1846,0.346,0.4037,0.5998,1.1535,2026-08-09
ex12-93,Pikachu δ,holofoil,Legend Maker,93,Rare Secret,Ryo Ueda,Basic,25,Pokémon,2006/02/01,"tcgplayer,cardmarket",https://prices.pokemontcg.io/tcgplayer/ex12-93,https://images.pokemontcg.io/ex12/93_hires.png,2026/08/08,2026/01/16,204.27,159.99000549316406,164.99000549316406,239.99,,,,,,89.5347,17.2448,68.9793,0.0,46.71670150756836,100.7698,95.1984,23.0585,52.0575,37.4311,1.1535,2026-08-09
bw2-81,Tranquill,normal,Emerging Powers,81,Uncommon,Midori Harada,Stage 1,520,Pokémon,2011/08/31,"tcgplayer,cardmarket",https://prices.pokemontcg.io/tcgplayer/bw2-81,https://images.pokemontcg.io/bw2/81_hires.png,2026/08/08,2026/01/19,0.38,0.09000000357627869,0.3199999928474426,19.98,,0.72,,,,0.1154,0.0231,0.1384,0.9805,0.17299999296665192,0.1269,0.1615,0.5191,0.5306,0.6114,1.1535,2026-08-09
bw6-88,Gabite,normal,Dragons Exalted,88,Uncommon,Mitsuhiro Arita,Stage 1,444,Pokémon,2012/08/15,"tcgplayer,cardmarket",https://prices.pokemontcg.io/tcgplayer/bw6-88,https://images.pokemontcg.io/bw6/88_hires.png,2026/08/08,2026/01/16,0.36,0.20000000298023224,0.4000000059604645,5.0,,2.65,,,,0.3922,0.0231,0.2884,1.0958,0.34599998593330383,0.3922,0.346,1.0958,1.6149,1.2573,1.1535,2026-08-09
gym1-91,Sabrina's Abra,unlimited,Gym Heroes,91,Common,Ken Sugimori,Basic,63,Pokémon,2000/08/14,"tcgplayer,cardmarket",https://prices.pokemontcg.io/tcgplayer/gym1-91,https://images.pokemontcg.io/gym1/91_hires.png,2026/08/08,2026/02/01,1.65,0.46000000834465027,1.5,96.95,,,,,"{""1stEdition"": {""low"": 2.98, ""mid"": 5.19, ""high"": 52.43, ""market"": 5.06, ""directLow"": 6.58}}",1.9379,0.1154,1.6495,0.0,0.8073999881744385,1.5342,1.9148,1.7302,1.8802,1.8802,1.1535,2026-08-09
sm4-80,Altaria,normal,Crimson Invasion,80,Rare,sui,Stage 1,334,Pokémon,2017/11/03,"tcgplayer,cardmarket",https://prices.pokemontcg.io/tcgplayer/sm4-80,https://images.pokemontcg.io/sm4/80_hires.png,2026/08/08,2026/01/16,0.41,0.12999999523162842,0.41999998688697815,19.98,,0.7,,,,0.323,0.0461,0.3114,0.496,0.28839999437332153,0.3345,0.323,0.8651,0.5652,0.6114,1.1535,2026-08-09
ex8-88,Master Ball,normal,Deoxys,88,Uncommon,Keiji Kinebuchi,Item,,Trainer,2005/02/01,"tcgplayer,cardmarket",https://prices.pokemontcg.io/tcgplayer/ex8-88,https://images.pokemontcg.io/ex8/88_hires.png,2026/08/08,2026/02/01,0.47,0.25,0.5,20.5,,29.11,,,,0.2307,0.0231,0.3576,2.307,1.1419999599456787,0.4383,0.2999,2.8261,8.6628,11.1543,1.1535,2026-08-09
xy6-85,Latios Spirit Link,normal,Roaring Skies,85,Uncommon,5ban Graphics,Pokémon Tool,,Trainer,2015/05/06,"tcgplayer,cardmarket",https://prices.pokemontcg.io/tcgplayer/xy6-85,https://images.pokemontcg.io/xy6/85_hires.png,2026/08/08,2026/01/16,0.22,0.009999999776482582,0.25,14.99,,0.69,,,,0.173,0.0231,0.2076,2.2493,0.11540000140666962,0.1615,0.1961,2.2493,3.4836,1.3842,1.1535,2026-08-09
dp6-87,Chinchou,normal,Legends Awakened,87,Common,Atsuko Nishida,Basic,170,Pokémon,2008/08/01,"tcgplayer,cardmarket",https://prices.pokemontcg.io/tcgplayer/dp6-87,https://images.pokemontcg.io/dp6/87_hires.png,2026/08/08,2026/01/19,0.68,0.23999999463558197,0.6899999976158142,18.84,,4.6,,,,0.2538,0.0231,0.7036,1.142,1.8802000284194946,0.8997,0.4499,1.142,1.0612,0.9574,1.1535,2026-08-09
ex7-87,Rocket's Hideout,normal,Team Rocket Returns,87,Uncommon,Ryo Ueda,Stadium,,Trainer,2004/11/01,"tcgplayer,cardmarket",https://prices.pokemontcg.io/tcgplayer/ex7-87,https://images.pokemontcg.io/ex7/87_hires.png,2026/08/08,2026/01/19,6.26,3.880000114440918,6.679999828338623,96.95,,25.82,,,,4.3141,0.5767,3.7604,0.0,0.57669997215271,4.0834,3.7719,6.8633,22.4125,15.007,1.1535,2026-08-09
smp-SM83,Zorua,holofoil,SM Black Star Promos,SM83,Promo,kodama,Basic,570,Pokémon,2017/02/03,"tcgplayer,cardmarket",https://prices.pokemontcg.io/tcgplayer/smp-SM83,https://images.pokemontcg.io/smp/SM83_hires.png,2026/08/08,2026/01/16,2.25,1.4500000476837158,2.490000009536743,28.0,,,,,,0.9113,0.173,1.0843,0.0,1.7302000522613525,1.0958,1.0612,0.2768,0.3807,0.5075,1.1535,2026-08-09
base4-89,Rattata,normal,Base Set 2,89,Common,Mitsuhiro Arita,Basic,19,Pokémon,2000/02/24,"tcgplayer,cardmarket",https://prices.pokemontcg.io/tcgplayer/base4-89,https://images.pokemontcg.io/base4/89_hires.png,2026/08/08,2026/02/01,0.66,0.07999999821186066,0.5699999928474426,53.0,,,,,,0.5191,0.1038,0.5306,0.0,0.8305000066757202,0.496,0.5191,0.2884,0.2884,0.2884,1.1535,2026-08-09
sm9-90,Zorua,normal,Team Up,90,Common,Naoyo Kimura,Basic,570,Pokémon,2019/02/01,"tcgplayer,cardmarket",https://prices.pokemontcg.io/tcgplayer/sm9-90,https://images.pokemontcg.io/sm9/90_hires.png,2026/08/08,2026/01/16,0.29,0.05000000074505806,0.25,19.98,,0.58,,,,0.0692,0.0231,0.0692,0.496,0.03460000082850456,0.1154,0.1154,0.1154,0.669,0.5767,1.1535,2026-08-09
bw9-90,Eevee,normal,Plasma Freeze,90,Common,Toyste Beach,Basic,133,Pokémon,2013/05/08,"tcgplayer,cardmarket",https://prices.pokemontcg.io/tcgplayer/bw9-90,https://images.pokemontcg.io/bw9/90_hires.png,2026/08/08,2026/01/16,1.67,0.5,1.659999966621399,40.0,,17.27,,,,1.4419,0.0231,1.6034,6.748,1.2919000387191772,1.4303,1.1535,0.2307,12.2156,13.8189,1.1535,2026-08-09
xy7-90,Machamp-EX,holofoil,Ancient Origins,90,Rare Ultra,Ryo Ueda,Basic|EX,68,Pokémon,2015/08/12,"tcgplayer,cardmarket",https://prices.pokemontcg.io/tcgplayer/xy7-90,https://images.pokemontcg.io/xy7/90_hires.png,2026/08/08,2026/01/16,28.4,19.979999542236328,33.4900016784668,281.5,,,,,,20.5323,9.228,26.0806,0.0,51.907501220703125,23.1853,29.5411,11.535,11.0621,7.8784,1.1535,2026-08-09
hgss4-87,Junk Arm,normal,HS—Triumphant,87,Uncommon,Ryo Ueda,Item,,Trainer,2010/11/03,"tcgplayer,cardmarket",https://prices.pokemontcg.io/tcgplayer/hgss4-87,https://images.pokemontcg.io/hgss4/87_hires.png,2026/08/08,2026/01/16,3.04,1.4900000095367432,3.0199999809265137,96.95,,4.18,,,,0.7959,0.0231,0.8997,0.0,0.3345000147819519,0.8421,0.8767,1.1304,3.1721,3.0452,1.1535,2026-08-09
sm11-84,Mesprit,normal,Unified Minds,84,Uncommon,Sekio,Basic,481,Pokémon,2019/08/02,"tcgplayer,cardmarket",https://prices.pokemontcg.io/tcgplayer/sm11-84,https://images.pokemontcg.io/sm11/84_hires.png,2026/08/08,2026/01/16,0.27,0.10000000149011612,0.27000001072883606,19.98,,0.85,,,,0.4037,0.15,0.4499,0.0,0.57669997215271,0.4268,0.3807,1.142,1.142,1.142,1.1535,2026-08-09
sm35-77a,Zoroark-GX,,Shining Legends,77a,Rare Ultra,5ban Graphics,Stage 1|GX,571,Pokémon,2017/10/06,cardmarket,https://prices.pokemontcg.io/cardmarket/sm35-77a,https://images.pokemontcg.io/sm35/77a_hires.png,,2026/01/19,,,,,,,,,,21.6166,4.5794,28.9875,0.0,12.111700057983398,32.5287,24.9156,23.0585,22.8162,24.4542,1.1535,2026-08-09
base1-91,Bill,normal,Base,91,Common,Ken Sugimori,,,Trainer,1999/01/09,"tcgplayer,cardmarket",https://prices.pokemontcg.io/tcgplayer/base1-91,https://images.pokemontcg.io/base1/91_hires.png,2026/08/08,2026/02/01,0.41,0.05000000074505806,0.3799999952316284,40.0,,,,,,3.2183,0.6344,4.1872,0.0,3.172100067138672,3.1029,3.1145,0.0,0.0,0.0,1.1535,2026-08-09
swsh2-85,Hatterene,holofoil,Rebel Clash,85,Rare Holo,Kagemaru Himeno,Stage 2,858,Pokémon,2020/05/01,"tcgplayer,cardmarket",https://prices.pokemontcg.io/tcgplayer/swsh2-85,https://images.pokemontcg.io/swsh2/85_hires.png,2026/08/08,2026/01/16,0.51,0.15000000596046448,0.5,18.2,,0.73,,,,0.4268,0.0923,0.346,0.5998,0.20759999752044678,0.2192,0.4037,2.307,1.0843,0.8074,1.1535,2026-08-09
bw1-87,Audino,normal,Black & White,87,Uncommon,MAHOU,Basic,531,Pokémon,2011/04/25,"tcgplayer,cardmarket",https://prices.pokemontcg.io/tcgplayer/bw1-87,https://images.pokemontcg.io/bw1/87_hires.png,2026/08/08,2026/01/16,0.34,0.10000000149011612,0.3400000035762787,19.98,,2.27,,,,0.1961,0.0231,0.2307,1.5457,0.7498000264167786,0.2192,0.2422,1.5457,0.6921,0.8997,1.1535,2026-08-09
xy3-76,Flygon,normal,Furious Fists,76,Rare,Masakazu Fukuda,Stage 2,330,Pokémon,2014/08/13,"tcgplayer,cardmarket",https://prices.pokemontcg.io/tcgplayer/xy3-76,https://images.pokemontcg.io/xy3/76_hires.png,2026/08/08,2026/01/19,1.13,0.30000001192092896,0.9900000095367432,39.94,,3.12,,,,1.638,0.0577,1.0381,1.7879,0.6344000101089478,1.1535,1.2804,2.7684,1.9263,2.457,1.1535,2026-08-09
xy11-91,Ambipom,normal,Steam Siege,91,Uncommon,Atsuko Nishida,Stage 1,424,Pokémon,2016/08/03,"tcgplayer,cardmarket",https://prices.pokemontcg.io/tcgplayer/xy11-91,https://images.pokemontcg.io/xy11/91_hires.png,2026/08/08,2026/01/16,0.17,0.019999999552965164,0.20000000298023224,19.98,,0.41,,,,0.1615,0.0231,0.1384,0.323,0.06920000165700912,0.1384,0.1269,0.1154,0.4845,0.5421,1.1535,2026-08-09
ex15-78,Old Rod,normal,Dragon Frontiers,78,Uncommon,Shizurow,Item,,Trainer,2006/11/01,"tcgplayer,cardmarket",https://prices.pokemontcg.io/tcgplayer/ex15-78,https://images.pokemontcg.io/ex15/78_hires.png,2026/08/08,2026/02/19,0.45,0.3499999940395355,0.7200000286102295,19.98,,4.02,,,,0.4383,0.1154,0.4153,5.5945,1.153499960899353,0.4614,0.7498,11.4197,4.7755,4.2795,1.1535,2026-08-09
pl2-87,Weezing,normal,Rising Rivals,87,Common,Ken Sugimori,Stage 1,110,Pokémon,2009/05/16,"tcgplayer,cardmarket",https://prices.pokemontcg.io/tcgplayer/pl2-87,https://images.pokemontcg.io/pl2/87_hires.png,2026/08/08,2026/01/19,0.32,0.20000000298023224,0.3499999940395355,19.98,,2.79,,,,0.1615,0.0231,0.1154,0.6921,0.17299999296665192,0.1846,0.1846,1.0958,1.5918,1.5803,1.1535,2026-08-09
base6-84,Onix,normal,Legendary Collection,84,Common,Ken Sugimori,Basic,95,Pokémon,2002/05/24,"tcgplayer,cardmarket",https://prices.pokemontcg.io/tcgplayer/base6-84,https://images.pokemontcg.io/base6/84_hires.png,2026/08/08,2026/02/01,0.58,0.20000000298023224,0.5099999904632568,19.54,,132.5,,,,0.5191,0.0807,0.4268,74.8391,0.40369999408721924,0.346,0.4037,248.0025,77.6305,41.6067,1.1535,2026-08-09
bw5-83,Eevee,normal,Dark Explorers,83,Common,MAHOU,Basic,133,Pokémon,2012/05/09,"tcgplayer,cardmarket",https://prices.pokemontcg.io/tcgplayer/bw5-83,https://images.pokemontcg.io/bw5/83_hires.png,2026/08/08,2026/01/19,6.87,4.75,7.349999904632568,51.0,,56.8,,,,2.2609,0.0231,1.5918,0.0,2.710700035095215,1.6264,2.6646,4.614,3.9219,12.8731,1.1535,2026-08-09
sm1-86,Alolan Diglett,normal,Sun & Moon,86,Common,Megumi Mizutani,Basic,50,Pokémon,2017/02/03,"tcgplayer,cardmarket",https://prices.pokemontcg.io/tcgplayer/sm1-86,https://images.pokemontcg.io/sm1/86_hires.png,2026/08/08,2026/01/16,0.25,0.019999999552965164,0.25,4.0,,0.39,,,,0.1038,0.0231,0.0807,0.4614,0.04610000178217888,0.0692,0.0923,0.2884,0.4499,0.3576,1.1535,2026-08-09
hgss1-96,Pokégear 3.0,normal,HeartGold & SoulSilver,96,Uncommon,Noriko Hotta,Item,,Trainer,2010/02/10,"tcgplayer,cardmarket",https://prices.pokemontcg.io/tcgplayer/hgss1-96,https://images.pokemontcg.io/hgss1/96_hires.png,2026/08/08,2026/01/16,11.81,6.989999771118164,11.520000457763672,111.0,,36.23,,,,5.1215,1.9609,5.5368,16.5989,4.613999843597412,7.0594,5.7329,11.535,14.4649,9.2049,1.1535,2026-08-09
ecard2-64,Voltorb,normal,Aquapolis,64,Uncommon,Yukiko Baba,Basic,100,Pokémon,2003/01/15,"tcgplayer,cardmarket",https://prices.pokemontcg.io/tcgplayer/ecard2-64,https://images.pokemontcg.io/ecard2/64_hires.png,2026/08/08,2026/01/16,8.78,10.140000343322754,62.52000045776367,103.1,,19.99,,,,3.4259,1.1535,2.9414,5.1561,1.1419999599456787,3.1952,2.953,4.8908,4.9024,5.2138,1.1535,2026-08-09
ecard3-55,Farfetch'd,normal,Skyridge,55,Common,Midori Harada,Basic,83,Pokémon,2003/05/12,"tcgplayer,cardmarket",https://prices.pokemontcg.io/tcgplayer/ecard3-55,https://images.pokemontcg.io/ecard3/55_hires.png,2026/08/08,2026/02/01,45.29,60.0,81.88999938964844,482.38,,82.0,,,,11.9387,4.441,10.4046,22.4932,6.9095001220703125,10.2546,11.3504,23.0585,29.495,24.7656,1.1535,2026-08-09
xy5-92,Crawdaunt,holofoil,Primal Clash,92,Rare Holo,Hajime Kusajima,Stage 1,342,Pokémon,2015/02/04,"tcgplayer,cardmarket",https://prices.pokemontcg.io/tcgplayer/xy5-92,https://images.pokemontcg.io/xy5/92_hires.png,2026/08/08,2026/01/16,0.66,0.25,0.6899999976158142,3.99,,0.86,,,,1.3035,0.5767,1.3611,1.4419,1.0612000226974487,1.3035,1.3611,1.4419,1.661,1.8341,1.1535,2026-08-09
dp5-85,Poké Ball,normal,Majestic Dawn,85,Uncommon,Ryo Ueda,Item,,Trainer,2008/05/01,"tcgplayer,cardmarket",https://prices.pokemontcg.io/tcgplayer/dp5-85,https://images.pokemontcg.io/dp5/85_hires.png,2026/08/08,2026/02/01,0.35,0.1899999976158142,0.4399999976158142,19.98,,1.34,,,,0.7844,0.0231,0.6114,1.0728,0.11540000140666962,0.4499,0.4499,0.2307,1.1996,1.2227,1.1535,2026-08-09
dp1-89,Meditite,normal,Diamond & Pearl,89,Common,Masakazu Fukuda,Basic,307,Pokémon,2007/05/01,"tcgplayer,cardmarket",https://prices.pokemontcg.io/tcgplayer/dp1-89,https://images.pokemontcg.io/dp1/89_hires.png,2026/08/08,2026/01/19,0.29,0.10000000149011612,0.27000001072883606,3.0,,1.36,,,,0.0923,0.0231,0.15,1.1996,0.34599998593330383,0.1384,0.1384,0.4153,1.1189,1.1189,1.1535,2026-08-09
ex14-84,Warp Point,normal,Crystal Guardians,84,Uncommon,Keiji Kinebuchi,Item,,Trainer,2006/08/01,"tcgplayer,cardmarket",https://prices.pokemontcg.io/tcgplayer/ex14-84,https://images.pokemontcg.io/ex14/84_hires.png,2026/08/08,2026/02/01,1.08,0.3700000047683716,0.9800000190734863,1.99,,5.66,,,,0.1961,0.0231,0.2307,3.4605,0.29989999532699585,0.3922,0.2768,2.2955,2.5031,2.8145,1.1535,2026-08-09
xy2-99,Ultra Ball,normal,Flashfire,99,Uncommon,5ban Graphics,Item,,Trainer,2014/05/07,"tcgplayer,cardmarket",https://prices.pokemontcg.io/tcgplayer/xy2-99,https://images.pokemontcg.io/xy2/99_hires.png,2026/08/08,2026/01/16,0.61,0.14000000059604645,0.5,96.95,,6.98,,,,0.2538,0.0231,0.1961,3.5412,0.05770000070333481,0.1615,0.4153,0.2192,2.5377,1.6495,1.1535,2026-08-09
neo1-82,Wooper,unlimited,Neo Genesis,82,Common,Miki Tanaka,Basic,194,Pokémon,2000/12/16,"tcgplayer,cardmarket",https://prices.pokemontcg.io/tcgplayer/neo1-82,https://images.pokemontcg.io/neo1/82_hires.png,2026/08/08,2026/02/01,3.06,0.75,2.25,23.99,,,,,"{""1stEdition"": {""low"": 2.0, ""mid"": 8.95, ""high"": 38.48, ""market"": 8.95, ""directLow"": 6.29}}",0.669,0.0231,0.8421,0.0,0.6690000295639038,0.6921,0.6575,0.0,0.0,0.0,1.1535,2026-08-09
bw10-97,Genesect-EX,holofoil,Plasma Blast,97,Rare Ultra,5ban Graphics,Basic|EX|Team Plasma,649,Pokémon,2013/08/14,"tcgplayer,cardmarket",https://prices.pokemontcg.io/tcgplayer/bw10-97,https://images.pokemontcg.io/bw10/97_hires.png,2026/08/08,2026/01/16,292.27,249.99000549316406,278.0,1693.64,,,,,,35.7585,13.842,47.1781,0.0,11.53499984741211,33.8668,54.7912,17.3025,27.4764,16.8642,1.1535,2026-08-09
ex16-80,Professor Birch,normal,Power Keepers,80,Uncommon,Ken Sugimori,Supporter,,Trainer,2007/02/02,"tcgplayer,cardmarket",https://prices.pokemontcg.io/tcgplayer/ex16-80,https://images.pokemontcg.io/ex16/80_hires.png,2026/08/08,2026/02/01,0.6,0.14000000059604645,0.49000000953674316,19.98,,3.39,,,,0.2538,0.0231,0.2307,3.449,0.15000000596046448,0.2192,0.2653,3.449,2.9184,3.3221,1.1535,2026-08-09
sm3-86,Weavile,normal,Burning Shadows,86,Rare,Satoshi Shirai,Stage 1,461,Pokémon,2017/08/05,"tcgplayer,cardmarket",https://prices.pokemontcg.io/tcgplayer/sm3-86,https://images.pokemontcg.io/sm3/86_hires.png,2026/08/08,2026/01/16,0.21,0.10000000149011612,0.25,19.98,,0.36,,,,0.2192,0.0231,0.2538,0.3345,0.19609999656677246,0.2192,0.1846,0.4037,0.3345,0.4729,1.1535,2026-08-09
xy8-85,Meloetta,holofoil,BREAKthrough,85,Rare Holo,kirisAki,Basic,648,Pokémon,2015/11/04,"tcgplayer,cardmarket",https://prices.pokemontcg.io/tcgplayer/xy8-85,https://images.pokemontcg.io/xy8/85_hires.png,2026/08/08,2026/01/16,1.6,0.6800000071525574,1.5499999523162842,29.99,,1.3,,,,2.63,0.2307,2.0071,2.63,3.4028000831604004,2.3762,1.8571,2.8838,2.4454,2.6184,1.1535,2026-08-09
bw3-84,Cobalion,holofoil,Noble Victories,84,Rare Holo,5ban Graphics,Basic,638,Pokémon,2011/11/16,"tcgplayer,cardmarket",https://prices.pokemontcg.io/tcgplayer/bw3-84,https://images.pokemontcg.io/bw3/84_hires.png,2026/08/08,2026/01/16,1.57,1.0,1.5700000524520874,27.86,,1.51,,,,1.7649,0.2076,0.9574,6.3442,0.57669997215271,1.2342,1.8225,11.5235,3.2529,2.0071,1.1535,2026-08-09
sm6-82,Dialga-GX,holofoil,Forbidden Light,82,Rare Holo GX,5ban Graphics,Basic|GX,483,Pokémon,2018/05/04,"tcgplayer,cardmarket",https://prices.pokemontcg.io/tcgplayer/sm6-82,https://images.pokemontcg.io/sm6/82_hires.png,2026/08/08,2026/01/16,8.61,6.0,9.149999618530273,74.9,,,,,,7.7169,3.4605,7.1517,0.0,4.602499961853027,7.3824,8.063,2.307,5.7214,4.9831,1.1535,2026-08-09
hgss2-89,Ursaring,holofoil,HS—Unleashed,89,Rare Prime,Wataru Kawahara,Stage 1|Prime,217,Pokémon,2010/05/12,"tcgplayer,cardmarket",https://prices.pokemontcg.io/tcgplayer/hgss2-89,https://images.pokemontcg.io/hgss2/89_hires.png,2026/08/08,2026/01/16,45.8,39.9900016784668,250.0,509.8,,,,,,13.3229,1.1535,10.0585,0.0,2.8838000297546387,7.6477,10.7276,10.9006,6.0443,5.3176,1.1535,2026-08-09
ex1-77,Wingull,normal,Ruby & Sapphire,77,Common,Kouki Saitou,Basic,278,Pokémon,2003/07/01,"tcgplayer,cardmarket",https://prices.pokemontcg.io/tcgplayer/ex1-77,https://images.pokemontcg.io/ex1/77_hires.png,2026/08/08,2026/02/19,0.52,0.23000000417232513,0.5299999713897705,20.6,,14.66,,,,0.2768,0.0231,0.2653,1.661,0.11540000140666962,0.2422,0.2307,4.614,2.2147,1.8225,1.1535,2026-08-09
dp4-82,Slowpoke,normal,Great Encounters,82,Common,Saya Tsuruta,Basic,79,Pokémon,2008/02/01,"tcgplayer,cardmarket",https://prices.pokemontcg.io/tcgplayer/dp4-82,https://images.pokemontcg.io/dp4/82_hires.png,2026/08/08,2026/02/01,7.2,5.260000228881836,8.0,73.05,,99.01,,,,0.3576,0.0231,0.3807,4.4064,0.2768000066280365,0.3807,0.346,3.4605,9.6202,4.7409,1.1535,2026-08-09
xy1-91,Mr. Mime,normal,XY,91,Uncommon,Mizue,Basic,122,Pokémon,2014/02/05,"tcgplayer,cardmarket",https://prices.pokemontcg.io/tcgplayer/xy1-91,https://images.pokemontcg.io/xy1/91_hires.png,2026/08/08,2026/01/16,0.33,0.10000000149011612,0.3499999940395355,18.92,,1.95,,,,0.1154,0.0231,0.15,0.5537,0.40369999408721924,0.1154,0.1961,0.5537,1.0843,0.8651,1.1535,2026-08-09
dp2-83,Finneon,normal,Mysterious Treasures,83,Common,Ken Sugimori,Basic,456,Pokémon,2007/08/01,"tcgplayer,cardmarket",https://prices.pokemontcg.io/tcgplayer/dp2-83,https://images.pokemontcg.io/dp2/83_hires.png,2026/08/08,2026/01/21,0.31,0.10000000149011612,0.30000001192092896,19.98,,0.86,,,,0.2768,0.0231,0.2999,0.0,0.17299999296665192,0.3345,0.2307,0.2307,1.142,1.661,1.1535,2026-08-09
ex6-87,Bill's Maintenance,normal,FireRed & LeafGreen,87,Uncommon,Ken Sugimori,Supporter,,Trainer,2004/09/01,"tcgplayer,cardmarket",https://prices.pokemontcg.io/tcgplayer/ex6-87,https://images.pokemontcg.io/ex6/87_hires.png,2026/08/08,2026/02/01,0.27,0.07999999821186066,0.30000001192092896,20.29,,3.07,,,,0.2307,0.0231,0.2538,4.0373,0.23070000112056732,0.3114,0.2307,3.449,3.7258,3.6451,1.1535,2026-08-09
dp7-80,Voltorb,normal,Stormfront,80,Common,Kent Kanetsuna,Basic,100,Pokémon,2008/11/01,"tcgplayer,cardmarket",https://prices.pokemontcg.io/tcgplayer/dp7-80,https://images.pokemontcg.io/dp7/80_hires.png,2026/08/08,2026/01/19,0.35,0.15000000596046448,0.3100000023841858,19.98,,2.25,,,,0.173,0.0231,0.1846,0.173,0.1615000069141388,0.1961,0.1961,1.142,1.4765,1.1535,1.1535,2026-08-09
sm8-85,Tapu Koko,holofoil,Lost Thunder,85,Rare Holo,kawayoo,Basic,785,Pokémon,2018/11/02,"tcgplayer,cardmarket",https://prices.pokemontcg.io/tcgplayer/sm8-85,https://images.pokemontcg.io/sm8/85_hires.png,2026/08/08,2026/01/16,0.91,0.25,0.9399999976158142,2.49,,0.94,,,,0.8651,0.5537,1.2112,2.1916,0.57669997215271,1.2573,1.4073,2.1916,2.0417,2.1686,1.1535,2026-08-09
sm2-86,Probopass,normal,Guardians Rising,86,Rare,Yoshinobu Saito,Stage 1,476,Pokémon,2017/05/05,"tcgplayer,cardmarket",https://prices.pokemontcg.io/tcgplayer/sm2-86,https://images.pokemontcg.io/sm2/86_hires.png,2026/08/08,2026/01/16,0.23,0.07999999821186066,0.25,19.98,,0.37,,,,0.2192,0.0231,0.2884,0.2653,0.04610000178217888,0.1961,0.1961,0.2538,0.2307,0.2884,1.1535,2026-08-09
swsh4-85,Shuckle,normal,Vivid Voltage,85,Uncommon,Mizue,Basic,213,Pokémon,2020/11/13,"tcgplayer,cardmarket",https://prices.pokemontcg.io/tcgplayer/swsh4-85,https://images.pokemontcg.io/swsh4/85_hires.png,2026/08/08,2026/01/16,0.07,0.009999999776482582,0.1899999976158142,25.08,,0.06,,,,0.0461,0.0231,0.0577,0.2192,0.05770000070333481,0.0577,0.0461,0.1269,0.1961,0.2307,1.1535,2026-08-09
xy10-85,M Audino-EX,holofoil,Fates Collide,85,Rare Holo EX,5ban Graphics,MEGA|EX,531,Pokémon,2016/05/02,"tcgplayer,cardmarket",https://prices.pokemontcg.io/tcgplayer/xy10-85,https://images.pokemontcg.io/xy10/85_hires.png,2026/08/08,2026/01/16,8.77,5.5,8.770000457763672,200.0,,,,,,10.37,0.0,5.6868,0.0,10.369999885559082,4.0719,3.8527,2.307,3.3682,3.3682,1.1535,2026-08-09
ex11-85,Staryu,normal,Delta Species,85,Common,Hisao Nakamura,Basic,120,Pokémon,2005/10/31,"tcgplayer,cardmarket",https://prices.pokemontcg.io/tcgplayer/ex11-85,https://images.pokemontcg.io/ex11/85_hires.png,2026/08/08,2026/02/01,0.59,0.3400000035762787,0.5899999737739563,19.98,,31.5,,,,0.5191,0.0346,0.4153,6.8633,0.40369999408721924,0.5075,0.7844,4.0373,7.9015,6.6557,1.1535,2026-08-09
ex13-88,Mr. Stone's Project,normal,Holon Phantoms,88,Uncommon,Ken Sugimori,Supporter,,Trainer,2006/05/01,"tcgplayer,cardmarket",https://prices.pokemontcg.io/tcgplayer/ex13-88,https://images.pokemontcg.io/ex13/88_hires.png,2026/08/08,2026/01/16,0.96,0.10000000149011612,0.8799999952316284,19.98,,17.8,,,,0.6114,0.0346,0.8997,4.3256,0.09229999780654907,0.7152,0.646,2.8838,5.5137,5.2946,1.1535,2026-08-09
xyp-XY81,White Kyurem,holofoil,XY Black Star Promos,XY81,Promo,Shin Nagasawa,Basic,646,Pokémon,2013/10/12,"tcgplayer,cardmarket",https://prices.pokemontcg.io/tcgplayer/xyp-XY81,https://images.pokemontcg.io/xyp/XY81_hires.png,2026/08/08,2026/01/16,46.46,28.25,47.290000915527344,9999.0,,,,,,41.0877,9.1703,37.2465,0.0,9.227999687194824,35.4009,31.1214,4.614,3.8065,5.11,1.1535,2026-08-09
sm7-89,Steelix,holofoil,Celestial Storm,89,Rare Holo,Ken Sugimori,Stage 1,208,Pokémon,2018/08/03,"tcgplayer,cardmarket",https://prices.pokemontcg.io/tcgplayer/sm7-89,https://images.pokemontcg.io/sm7/89_hires.png,2026/08/08,2026/01/16,2.81,2.0,3.2300000190734863,26.12,,2.81,,,,2.8953,1.142,2.7684,3.4605,2.4684998989105225,3.0337,2.2839,2.8838,3.2413,2.5838,1.1535,2026-08-09
xy12-85,Revive,normal,Evolutions,85,Uncommon,Keiji Kinebuchi,Item,,Trainer,2016/11/02,"tcgplayer,cardmarket",https://prices.pokemontcg.io/tcgplayer/xy12-85,https://images.pokemontcg.io/xy12/85_hires.png,2026/08/08,2026/01/16,0.15,0.009999999776482582,0.20000000298023224,90.24,,2.21,,,,0.1038,0.0231,0.15,1.0843,0.10379999876022339,0.15,0.1038,1.3727,1.1535,1.4534,1.1535,2026-08-09
gym2-94,Sabrina's Abra,unlimited,Gym Challenge,94,Common,Ken Sugimori,Basic,63,Pokémon,2000/10/16,"tcgplayer,cardmarket",https://prices.pokemontcg.io/tcgplayer/gym2-94,https://images.pokemontcg.io/gym2/94_hires.png,2026/08/08,2026/02/01,3.41,0.9900000095367432,3.2300000190734863,96.95,,,,,"{""1stEdition"": {""low"": 7.55, ""mid"": 12.5, ""high"": 55.6, ""market"": 12.5, ""directLow"": 11.81}}",2.307,0.1154,1.8225,0.0,1.1419999599456787,1.9956,2.5492,1.1535,1.1535,1.1535,1.1535,2026-08-09
ex10-89,Professor Elm's Training Method,normal,Unseen Forces,89,Uncommon,Ken Sugimori,Supporter,,Trainer,2005/08/01,"tcgplayer,cardmarket",https://prices.pokemontcg.io/tcgplayer/ex10-89,https://images.pokemontcg.io/ex10/89_hires.png,2026/08/08,2026/01/16,0.83,0.25,0.6800000071525574,17.0,,17.23,,,,0.2422,0.0231,0.2076,14.1304,0.11540000140666962,0.2307,0.496,13.842,10.37,5.756,1.1535,2026-08-09
pl3-85,Staravia,normal,Supreme Victors,85,Uncommon,Mitsuhiro Arita,Stage 1,397,Pokémon,2009/08/19,"tcgplayer,cardmarket",https://prices.pokemontcg.io/tcgplayer/pl3-85,https://images.pokemontcg.io/pl3/85_hires.png,2026/08/08,2026/01/16,0.26,0.1899999976158142,0.30000001192092896,19.98,,1.01,,,,0.346,0.0231,0.3114,0.0,0.10379999876022339,0.346,0.2884,0.7498,0.8882,1.0266,1.1535,2026-08-09
g1-75,Grass Energy,normal,Generations,75,Common,,Basic,,Energy,2016/02/22,"tcgplayer,cardmarket",https://prices.pokemontcg.io/tcgplayer/g1-75,https://images.pokemontcg.io/g1/75_hires.png,2026/08/08,2026/02/01,0.5,0.1599999964237213,0.5,24.99,,9.34,,,,0.1961,0.0577,0.2192,7.8438,0.23070000112056732,0.1961,0.2653,3.2298,6.3558,4.2333,1.1535,2026-08-09
sma-SV83,Fisherman,holofoil,Hidden Fates Shiny Vault,SV83,Rare Ultra,Masakazu Fukuda,Supporter,,Trainer,2019/08/23,"tcgplayer,cardmarket",https://prices.pokemontcg.io/tcgplayer/sma-SV83,https://images.pokemontcg.io/sma/SV83_hires.png,2026/08/08,2026/01/16,7.34,5.480000019073486,7.71999979019165,96.95,,,,,,10.7391,5.1215,8.6628,0.0,7.959199905395508,7.6131,7.59,16.0798,16.3797,17.8331,1.1535,2026-08-09
ex9-87,Double Rainbow Energy,normal,Emerald,87,Rare,Takumi Akabane,Special,,Energy,2005/05/01,"tcgplayer,cardmarket",https://prices.pokemontcg.io/tcgplayer/ex9-87,https://images.pokemontcg.io/ex9/87_hires.png,2026/08/08,2026/02/01,8.12,5.25,9.600000381469727,97.0,,28.07,,,,2.3185,0.2307,2.1801,5.9982,3.4605000019073486,1.9725,2.7915,3.4605,4.614,6.6557,1.1535,2026-08-09
bw7-91,Liepard,holofoil,Boundaries Crossed,91,Rare Holo,kawayoo,Stage 1,510,Pokémon,2012/11/07,"tcgplayer,cardmarket",https://prices.pokemontcg.io/tcgplayer/bw7-91,https://images.pokemontcg.io/bw7/91_hires.png,2026/08/08,2026/01/16,4.33,3.9100000858306885,5.199999809265137,53.1,,5.66,,,,5.7444,0.4499,4.5679,1.7302,4.556300163269043,4.9254,3.2298,1.7302,3.7835,3.2067,1.1535,2026-08-09
swsh3-82,Sinistea,normal,Darkness Ablaze,82,Common,Kouki Saitou,Basic,854,Pokémon,2020/08/14,"tcgplayer,cardmarket",https://prices.pokemontcg.io/tcgplayer/swsh3-82,https://images.pokemontcg.io/swsh3/82_hires.png,2026/08/08,2026/01/16,0.08,0.009999999776482582,0.1599999964237213,16.34,,0.36,,,,0.0807,0.0231,0.0577,0.2422,0.023099999874830246,0.0461,0.0461,0.1384,0.1961,0.2192,1.1535,2026-08-09
neo4-89,Unown [V],unlimited,Neo Destiny,89,Common,CR CG gangs,Basic,201,Pokémon,2002/02/28,"tcgplayer,cardmarket",https://prices.pokemontcg.io/tcgplayer/neo4-89,https://images.pokemontcg.io/neo4/89_hires.png,2026/08/08,2026/02/01,1.38,0.6100000143051147,1.2799999713897705,23.49,,,,,"{""1stEdition"": {""low"": 1.38, ""mid"": 2.0, ""high"": 26.55, ""market"": 4.64, ""directLow"": null}}",1.9033,0.0923,2.0186,0.0,1.0958000421524048,2.157,1.6726,0.0,0.0,0.0,1.1535,2026-08-09
sm12-91,Skrelp,normal,Cosmic Eclipse,91,Common,sui,Basic,690,Pokémon,2019/11/01,"tcgplayer,cardmarket",https://prices.pokemontcg.io/tcgplayer/sm12-91,https://images.pokemontcg.io/sm12/91_hires.png,2026/08/08,2026/01/16,0.22,0.05000000074505806,0.25,18.48,,0.53,,,,0.1154,0.0231,0.1154,0.4268,0.23070000112056732,0.1269,0.1154,0.4037,0.4499,0.4383,1.1535,2026-08-09
ex5-82,Whismur,normal,Hidden Legends,82,Common,Tomokazu Komiya,Basic,293,Pokémon,2004/06/01,"tcgplayer,cardmarket",https://prices.pokemontcg.io/tcgplayer/ex5-82,https://images.pokemontcg.io/ex5/82_hires.png,2026/08/08,2026/02/01,0.66,0.20000000298023224,0.6499999761581421,20.65,,26.53,,,,0.4729,0.0231,0.4037,4.0142,0.23070000112056732,0.2884,0.4499,5.7675,7.913,5.0062,1.1535,2026-08-09
xy4-81,Blissey,normal,Phantom Forces,81,Rare,kirisAki,Stage 1,242,Pokémon,2014/11/05,"tcgplayer,cardmarket",https://prices.pokemontcg.io/tcgplayer/xy4-81,https://images.pokemontcg.io/xy4/81_hires.png,2026/08/08,2026/01/16,0.63,0.25,0.6000000238418579,19.98,,1.01,,,,0.346,0.1961,0.2768,0.9805,0.6575000286102295,0.4499,0.669,1.6149,1.3611,1.4995,1.1535,2026-08-09
sm1-87,Alolan Dugtrio,holofoil,Sun & Moon,87,Rare Holo,match,Stage 1,51,Pokémon,2017/02/03,"tcgplayer,cardmarket",https://prices.pokemontcg.io/tcgplayer/sm1-87,https://images.pokemontcg.io/sm1/87_hires.png,2026/08/08,2026/01/16,0.41,0.2199999988079071,0.5,19.98,,0.55,,,,0.6575,0.0577,0.8882,0.5421,1.7302000522613525,0.8074,0.6575,0.2307,0.5421,0.5306,1.1535,2026-08-09
sm9-91,Zoroark,holofoil,Team Up,91,Rare Holo,Masakazu Fukuda,Stage 1,571,Pokémon,2019/02/01,"tcgplayer,cardmarket",https://prices.pokemontcg.io/tcgplayer/sm9-91,https://images.pokemontcg.io/sm9/91_hires.png,2026/08/08,2026/01/16,1.16,0.3499999940395355,1.25,19.98,,1.4,,,,2.1109,0.5767,2.3993,2.8491,4.613999843597412,2.8376,1.5226,1.6726,2.157,2.157,1.1535,2026-08-09
pl2-88,Aaron's Collection,normal,Rising Rivals,88,Uncommon,Ken Sugimori,Supporter,,Trainer,2009/05/16,"tcgplayer,cardmarket",https://prices.pokemontcg.io/tcgplayer/pl2-88,https://images.pokemontcg.io/pl2/88_hires.png,2026/08/08,2026/01/16,0.59,0.20000000298023224,0.5,17.08,,2.24,,,,0.1961,0.0231,0.15,0.0,0.05770000070333481,0.1269,0.1846,1.2689,1.3265,1.638,1.1535,2026-08-09
xy4-82,Girafarig,normal,Phantom Forces,82,Uncommon,Mitsuhiro Arita,Basic,203,Pokémon,2014/11/05,"tcgplayer,cardmarket",https://prices.pokemontcg.io/tcgplayer/xy4-82,https://images.pokemontcg.io/xy4/82_hires.png,2026/08/08,2026/01/16,0.33,0.15000000596046448,0.30000001192092896,19.98,,0.65,,,,0.2192,0.0231,0.2538,0.496,0.3230000138282776,0.1961,0.2076,0.4614,0.6921,0.7036,1.1535,2026-08-09
sma-SV84,Guzma,holofoil,Hidden Fates Shiny Vault,SV84,Rare Ultra,Hitoshi Ariga,Supporter,,Trainer,2019/08/23,"tcgplayer,cardmarket",https://prices.pokemontcg.io/tcgplayer/sma-SV84,https://images.pokemontcg.io/sma/SV84_hires.png,2026/08/08,2026/01/16,24.57,22.780000686645508,25.0,52.68,,,,,,18.5714,15.5607,16.6796,0.0,17.291000366210938,16.9218,21.0283,23.0585,18.8136,24.1081,1.1535,2026-08-09
hgss1-97,Pokémon Collector,normal,HeartGold & SoulSilver,97,Uncommon,Masakazu Fukuda,Supporter,,Trainer,2010/02/10,"tcgplayer,cardmarket",https://prices.pokemontcg.io/tcgplayer/hgss1-97,https://images.pokemontcg.io/hgss1/97_hires.png,2026/08/08,2026/01/16,8.03,5.760000228881836,7.989999771118164,213877.21,,21.41,,,,2.0186,0.1154,2.6646,9.2165,2.0185999870300293,2.0186,2.6877,9.2165,10.7045,6.9441,1.1535,2026-08-09
ex13-89,Professor Cozmo's Discovery,normal,Holon Phantoms,89,Uncommon,Ken Sugimori,Supporter,,Trainer,2006/05/01,"tcgplayer,cardmarket",https://prices.pokemontcg.io/tcgplayer/ex13-89,https://images.pokemontcg.io/ex13/89_hires.png,2026/08/08,2026/01/16,0.46,0.10000000149011612,0.46000000834465027,2.99,,7.19,,,,0.2999,0.0231,0.1961,5.1907,0.023099999874830246,0.2076,0.2768,5.7675,11.5235,7.417,1.1535,2026-08-09
hgss3-88,Kyogre & Groudon LEGEND,holofoil,HS—Undaunted,88,LEGEND,Shinji Higuchi + Sachiko Eba,LEGEND,382|383,Pokémon,2010/08/18,"tcgplayer,cardmarket",https://prices.pokemontcg.io/tcgplayer/hgss3-88,https://images.pokemontcg.io/hgss3/88_hires.png,2026/08/08,2026/01/16,292.0,250.0,487.0,749.99,,,,,,47.1205,10.7737,50.4541,0.0,17.302499771118164,53.6724,49.7389,57.675,40.534,21.5935,1.1535,2026-08-09
ex14-85,Windstorm,normal,Crystal Guardians,85,Uncommon,Ryo Ueda,Item,,Trainer,2006/08/01,"tcgplayer,cardmarket",https://prices.pokemontcg.io/tcgplayer/ex14-85,https://images.pokemontcg.io/ex14/85_hires.png,2026/08/08,2026/02/01,8.27,5.989999771118164,9.949999809265137,199.88,,15.54,,,,5.1677,0.9228,3.5066,23.07,3.4605000019073486,5.0062,5.9059,28.826,12.0425,12.5385,1.1535,2026-08-09
sm12-92,Dragalge,normal,Cosmic Eclipse,92,Rare,Midori Harada,Stage 1,691,Pokémon,2019/11/01,"tcgplayer,cardmarket",https://prices.pokemontcg.io/tcgplayer/sm12-92,https://images.pokemontcg.io/sm12/92_hires.png,2026/08/08,2026/01/16,0.4,0.20999999344348907,0.41999998688697815,19.12,,0.91,,,,0.4268,0.0461,0.2653,0.992,0.2653000056743622,0.2538,0.4037,0.2884,1.3611,0.9343,1.1535,2026-08-09
bw3-85,Audino,normal,Noble Victories,85,Uncommon,Naoki Saito,Basic,531,Pokémon,2011/11/16,"tcgplayer,cardmarket",https://prices.pokemontcg.io/tcgplayer/bw3-85,https://images.pokemontcg.io/bw3/85_hires.png,2026/08/08,2026/01/16,0.62,0.25,0.6100000143051147,19.6,,2.11,,,,0.2768,0.0231,0.3576,0.3345,0.34599998593330383,0.3114,0.3922,0.173,0.496,0.819,1.1535,2026-08-09
dp6-88,Chinchou,normal,Legends Awakened,88,Common,Midori Harada,Basic,170,Pokémon,2008/08/01,"tcgplayer,cardmarket",https://prices.pokemontcg.io/tcgplayer/dp6-88,https://images.pokemontcg.io/dp6/88_hires.png,2026/08/08,2026/01/16,0.4,0.25,0.4300000071525574,19.98,,2.88,,,,0.1846,0.0231,0.3807,5.756,1.0958000421524048,0.2999,0.2768,5.756,2.157,1.4303,1.1535,2026-08-09
sm6-83,Flabébé,normal,Forbidden Light,83,Common,kirisAki,Basic,669,Pokémon,2018/05/04,"tcgplayer,cardmarket",https://prices.pokemontcg.io/tcgplayer/sm6-83,https://images.pokemontcg.io/sm6/83_hires.png,2026/08/08,2026/01/16,0.42,0.17000000178813934,0.4000000059604645,2.99,,1.56,,,,0.1384,0.0231,0.1154,0.496,0.17299999296665192,0.1615,0.1269,0.5652,0.4037,0.5306,1.1535,2026-08-09
bw6-89,Gabite,normal,Dragons Exalted,89,Uncommon,Kagemaru Himeno,Stage 1,444,Pokémon,2012/08/15,"tcgplayer,cardmarket",https://prices.pokemontcg.io/tcgplayer/bw6-89,https://images.pokemontcg.io/bw6/89_hires.png,2026/08/08,2026/01/16,5.01,3.140000104904175,4.880000114440918,50.34,,19.57,,,,2.9068,0.0231,1.0035,17.3025,0.46140000224113464,1.6264,2.6646,6.921,7.2324,8.5359,1.1535,2026-08-09
dp1-90,Mime Jr.,normal,Diamond & Pearl,90,Common,Ken Sugimori,Basic,439,Pokémon,2007/05/01,"tcgplayer,cardmarket",https://prices.pokemontcg.io/tcgplayer/dp1-90,https://images.pokemontcg.io/dp1/90_hires.png,2026/08/08,2026/01/16,1.07,0.4699999988079071,0.800000011920929,19.68,,7.97,,,,0.2884,0.0231,0.346,1.315,0.09229999780654907,0.2192,0.3114,0.3691,1.2227,2.1109,1.1535,2026-08-09
pl4-92,Dome Fossil,normal,Arceus,92,Common,Ryo Ueda,Item,,Trainer,2009/11/04,"tcgplayer,cardmarket",https://prices.pokemontcg.io/tcgplayer/pl4-92,https://images.pokemontcg.io/pl4/92_hires.png,2026/08/08,2026/01/16,0.35,0.09000000357627869,0.3400000035762787,19.98,,2.84,,,,0.1384,0.0231,0.1961,0.8074,0.28839999437332153,0.15,0.15,0.5767,0.9228,0.9459,1.1535,2026-08-09
hgss4-88,Seeker,normal,HS—Triumphant,88,Uncommon,Wataru Kawahara,Supporter,,Trainer,2010/11/03,"tcgplayer,cardmarket",https://prices.pokemontcg.io/tcgplayer/hgss4-88,https://images.pokemontcg.io/hgss4/88_hires.png,2026/08/08,2026/01/16,3.76,1.5,3.0,41.1,,19.62,,,,1.7187,0.0231,0.8882,0.0,0.57669997215271,1.0381,1.9033,8.7089,13.2191,7.7054,1.1535,2026-08-09
base1-92,Energy Removal,normal,Base,92,Common,Keiji Kinebuchi,,,Trainer,1999/01/09,"tcgplayer,cardmarket",https://prices.pokemontcg.io/tcgplayer/base1-92,https://images.pokemontcg.io/base1/92_hires.png,2026/08/08,2026/02/01,0.48,0.10000000149011612,0.4000000059604645,15.34,,,,,,2.0994,0.5652,6.2058,0.0,2.0071001052856445,1.9956,5.6175,0.0,0.0,0.0,1.1535,2026-08-09
neo1-83,Arcade Game,unlimited,Neo Genesis,83,Rare,"K. Hoshiba, CR CG gangs",Goldenrod Game Corner,,Trainer,2000/12/16,"tcgplayer,cardmarket",https://prices.pokemontcg.io/tcgplayer/neo1-83,https://images.pokemontcg.io/neo1/83_hires.png,2026/08/08,2026/02/01,6.81,3.5,6.0,4317.73,,,,,"{""1stEdition"": {""low"": 8.99, ""mid"": 14.05, ""high"": 118.7, ""market"": 8.75, ""directLow"": null}}",2.5262,0.1154,2.2147,0.0,4.3256001472473145,2.2032,3.4951,2.307,2.307,2.307,1.1535,2026-08-09
xy2-100,Charizard-EX,holofoil,Flashfire,100,Rare Ultra,Ryo Ueda,Basic|EX,6,Pokémon,2014/05/07,"tcgplayer,cardmarket",https://prices.pokemontcg.io/tcgplayer/xy2-100,https://images.pokemontcg.io/xy2/100_hires.png,2026/08/08,2026/01/16,257.97,165.1699981689453,262.1400146484375,1521.5,,,,,,168.3995,43.833,182.3222,0.0,144.1875,173.1519,140.9577,161.4785,102.9845,70.7557,1.1535,2026-08-09
xy11-92,Rufflet,normal,Steam Siege,92,Common,Mitsuhiro Arita,Basic,627,Pokémon,2016/08/03,"tcgplayer,cardmarket",https://prices.pokemontcg.io/tcgplayer/xy11-92,https://images.pokemontcg.io/xy11/92_hires.png,2026/08/08,2026/01/16,0.14,0.009999999776482582,0.20000000298023224,1000.0,,0.31,,,,0.0923,0.0231,0.0923,0.346,0.13840000331401825,0.0807,0.0807,0.1961,0.3576,0.4153,1.1535,2026-08-09
sm8-86,Zeraora-GX,holofoil,Lost Thunder,86,Rare Holo GX,PLANETA Otani,Basic|GX,807,Pokémon,2018/11/02,"tcgplayer,cardmarket",https://prices.pokemontcg.io/tcgplayer/sm8-86,https://images.pokemontcg.io/sm8/86_hires.png,2026/08/08,2026/01/16,7.38,5.0,7.309999942779541,127.4,,,,,,7.0594,1.1535,7.0594,0.0,13.842000007629395,7.8438,7.5439,5.1907,7.0594,7.5785,1.1535,2026-08-09
xy1-92,Spritzee,normal,XY,92,Common,5ban Graphics,Basic,682,Pokémon,2014/02/05,"tcgplayer,cardmarket",https://prices.pokemontcg.io/tcgplayer/xy1-92,https://images.pokemontcg.io/xy1/92_hires.png,2026/08/08,2026/01/16,0.3,0.05000000074505806,0.28999999165534973,18.48,,1.42,,,,0.15,0.0231,0.2192,0.2307,0.05770000070333481,0.2422,0.1615,0.2307,0.5421,0.5767,1.1535,2026-08-09
sm2-87,Solgaleo,normal,Guardians Rising,87,Rare,5ban Graphics,Stage 2,791,Pokémon,2017/05/05,"tcgplayer,cardmarket",https://prices.pokemontcg.io/tcgplayer/sm2-87,https://images.pokemontcg.io/sm2/87_hires.png,2026/08/08,2026/01/16,0.48,0.20000000298023224,0.46000000834465027,19.98,,0.6,,,,0.4037,0.0231,0.4729,0.5075,0.34599998593330383,0.3576,0.3691,0.669,0.5075,0.5767,1.1535,2026-08-09
ex6-88,Celio's Network,normal,FireRed & LeafGreen,88,Uncommon,Ken Sugimori,Supporter,,Trainer,2004/09/01,"tcgplayer,cardmarket",https://prices.pokemontcg.io/tcgplayer/ex6-88,https://images.pokemontcg.io/ex6/88_hires.png,2026/08/08,2026/02/01,0.61,0.20000000298023224,0.5899999737739563,20.62,,5.59,,,,0.6114,0.0231,0.4037,2.5954,0.8073999881744385,0.2768,0.3807,2.307,4.7063,4.96,1.1535,2026-08-09
base4-90,Rhyhorn,normal,Base Set 2,90,Common,Mitsuhiro Arita,Basic,111,Pokémon,2000/02/24,"tcgplayer,cardmarket",https://prices.pokemontcg.io/tcgplayer/base4-90,https://images.pokemontcg.io/base4/90_hires.png,2026/08/08,2026/02/01,0.91,0.1899999976158142,0.6899999976158142,100.0,,,,,,0.7728,0.0577,0.8305,0.0,1.4419000148773193,0.7382,0.7498,0.1154,0.1154,0.1154,1.1535,2026-08-09
pl3-86,Togekiss C,normal,Supreme Victors,86,Uncommon,kawayoo,Basic|SP,468,Pokémon,2009/08/19,"tcgplayer,cardmarket",https://prices.pokemontcg.io/tcgplayer/pl3-86,https://images.pokemontcg.io/pl3/86_hires.png,2026/08/08,2026/01/16,4.09,2.359999895095825,5.739999771118164,33.1,,31.58,,,,1.3496,0.1154,1.5803,5.9059,2.6414999961853027,1.8802,1.4995,6.3442,5.5022,4.8908,1.1535,2026-08-09
ex1-78,Wurmple,normal,Ruby & Sapphire,78,Common,Hajime Kusajima,Basic,265,Pokémon,2003/07/01,"tcgplayer,cardmarket",https://prices.pokemontcg.io/tcgplayer/ex1-78,https://images.pokemontcg.io/ex1/78_hires.png,2026/08/08,2026/02/19,1.46,0.8100000023841858,1.2999999523162842,19.98,,17.54,,,,0.4383,0.0231,0.4268,3.8873,0.20759999752044678,0.4153,0.3691,1.0266,3.2529,3.4259,1.1535,2026-08-09
swsh4-86,Phanpy,normal,Vivid Voltage,86,Common,Shibuzoh.,Basic,231,Pokémon,2020/11/13,"tcgplayer,cardmarket",https://prices.pokemontcg.io/tcgplayer/swsh4-86,https://images.pokemontcg.io/swsh4/86_hires.png,2026/08/08,2026/01/16,0.26,0.009999999776482582,0.25,19.32,,0.4,,,,0.0692,0.0231,0.0807,0.2768,0.05770000070333481,0.0692,0.0692,0.2307,0.3691,0.2884,1.1535,2026-08-09
sm10-81,Marshadow,holofoil,Unbroken Bonds,81,Rare Holo,chibi,Basic,802,Pokémon,2019/05/03,"tcgplayer,cardmarket",https://prices.pokemontcg.io/tcgplayer/sm10-81,https://images.pokemontcg.io/sm10/81_hires.png,2026/08/08,2026/01/16,1.67,0.8500000238418579,1.600000023841858,6.0,,1.83,,,,2.2955,0.0,2.2955,0.0,2.2955000400543213,2.2955,2.2955,0.0,0.0,0.0,1.1535,2026-08-09
neo4-90,Venonat,unlimited,Neo Destiny,90,Common,Masako Yamashita,Basic,48,Pokémon,2002/02/28,"tcgplayer,cardmarket",https://prices.pokemontcg.io/tcgplayer/neo4-90,https://images.pokemontcg.io/neo4/90_hires.png,2026/08/08,2026/02/01,1.14,0.46000000834465027,1.0,18.9,,,,,"{""1stEdition"": {""low"": 1.5, ""mid"": 2.04, ""high"": 4.96, ""market"": 2.7, ""directLow"": 3.49}}",1.0266,0.0231,1.0381,0.0,0.7267000079154968,1.165,1.0266,0.0,0.0,0.0,1.1535,2026-08-09
dp7-81,Voltorb,normal,Stormfront,81,Common,Miki Tanaka,Basic,100,Pokémon,2008/11/01,"tcgplayer,cardmarket",https://prices.pokemontcg.io/tcgplayer/dp7-81,https://images.pokemontcg.io/dp7/81_hires.png,2026/08/08,2026/01/19,0.26,0.15000000596046448,0.33000001311302185,19.98,,1.79,,,,0.15,0.0231,0.2192,0.4383,0.15000000596046448,0.15,0.2307,0.2307,0.9574,1.0266,1.1535,2026-08-09
bw7-92,Vullaby,normal,Boundaries Crossed,92,Common,Naoki Saito,Basic,629,Pokémon,2012/11/07,"tcgplayer,cardmarket",https://prices.pokemontcg.io/tcgplayer/bw7-92,https://images.pokemontcg.io/bw7/92_hires.png,2026/08/08,2026/01/16,0.26,0.20000000298023224,0.28999999165534973,19.98,,0.61,,,,0.2884,0.0231,0.2653,0.0,0.10379999876022339,0.2653,0.2192,1.1535,0.7959,0.7613,1.1535,2026-08-09
swsh1-91,Indeedee V,holofoil,Sword & Shield,91,Rare Holo V,5ban Graphics,Basic|V,876,Pokémon,2020/02/07,"tcgplayer,cardmarket",https://prices.pokemontcg.io/tcgplayer/swsh1-91,https://images.pokemontcg.io/swsh1/91_hires.png,2026/08/08,2026/01/16,0.85,0.5,1.0,7.99,,,,,,1.6495,0.5767,2.0071,0.0,1.7302000522613525,1.9379,1.6149,2.307,2.0994,2.5608,1.1535,2026-08-09
xy9-81,Clefairy,normal,BREAKpoint,81,Common,Tomokazu Komiya,Basic,35,Pokémon,2016/02/03,"tcgplayer,cardmarket",https://prices.pokemontcg.io/tcgplayer/xy9-81,https://images.pokemontcg.io/xy9/81_hires.png,2026/08/08,2026/01/16,3.38,0.9399999976158142,3.009999990463257,22.49,,22.19,,,,0.8074,0.0231,0.4499,2.3301,0.19609999656677246,0.4153,0.6229,0.8074,2.307,1.6726,1.1535,2026-08-09
sm12-93,Phantump,normal,Cosmic Eclipse,93,Common,miki kudo,Basic,708,Pokémon,2019/11/01,"tcgplayer,cardmarket",https://prices.pokemontcg.io/tcgplayer/sm12-93,https://images.pokemontcg.io/sm12/93_hires.png,2026/08/08,2026/01/16,0.22,0.05000000074505806,0.25,19.98,,0.46,,,,0.0807,0.0231,0.0923,0.3114,0.08070000261068344,0.0807,0.0692,0.0807,0.2422,0.4268,1.1535,2026-08-09
swsh3-83,Polteageist,normal,Darkness Ablaze,83,Uncommon,kirisAki,Stage 1,855,Pokémon,2020/08/14,"tcgplayer,cardmarket",https://prices.pokemontcg.io/tcgplayer/swsh3-83,https://images.pokemontcg.io/swsh3/83_hires.png,2026/08/08,2026/01/16,0.07,0.019999999552965164,0.20000000298023224,19.98,,0.28,,,,0.1384,0.0231,0.2538,0.4268,0.11540000140666962,0.2653,0.15,0.2422,0.3114,0.346,1.1535,2026-08-09
xy12-86,Slowbro Spirit Link,normal,Evolutions,86,Uncommon,5ban Graphics,Pokémon Tool,,Trainer,2016/11/02,"tcgplayer,cardmarket",https://prices.pokemontcg.io/tcgplayer/xy12-86,https://images.pokemontcg.io/xy12/86_hires.png,2026/08/08,2026/01/16,0.24,0.019999999552965164,0.25,9.95,,0.93,,,,0.1154,0.0231,0.0807,1.3035,0.04610000178217888,0.0923,0.1038,1.1189,1.3035,1.984,1.1535,2026-08-09
sm3-87,Darkrai,holofoil,Burning Shadows,87,Rare Holo,Hitoshi Ariga,Basic,491,Pokémon,2017/08/05,"tcgplayer,cardmarket",https://prices.pokemontcg.io/tcgplayer/sm3-87,https://images.pokemontcg.io/sm3/87_hires.png,2026/08/08,2026/01/16,1.01,0.30000001192092896,1.0399999618530273,8.98,,1.25,,,,1.2573,0.2884,1.1304,0.0,1.4880000352859497,1.0612,1.165,1.1535,0.5306,0.4037,1.1535,2026-08-09
bw10-98,Jirachi-EX,holofoil,Plasma Blast,98,Rare Ultra,5ban Graphics,Basic|EX,385,Pokémon,2013/08/14,"tcgplayer,cardmarket",https://prices.pokemontcg.io/tcgplayer/bw10-98,https://images.pokemontcg.io/bw10/98_hires.png,2026/08/08,2026/01/16,189.95,70.9800033569336,141.8300018310547,1129.6,,,,,,38.0655,10.3815,65.1266,0.0,115.3499984741211,44.4674,53.8454,6.921,19.0904,21.259,1.1535,2026-08-09
ex5-83,Zubat,normal,Hidden Legends,83,Common,Midori Harada,Basic,41,Pokémon,2004/06/01,"tcgplayer,cardmarket",https://prices.pokemontcg.io/tcgplayer/ex5-83,https://images.pokemontcg.io/ex5/83_hires.png,2026/08/08,2026/02/01,0.78,0.23999999463558197,0.7799999713897705,20.85,,17.33,,,,0.4268,0.0346,0.4499,12.7923,0.426800012588501,0.3576,0.496,1.7302,8.6859,6.8864,1.1535,2026-08-09
base6-85,Pidgey,normal,Legendary Collection,85,Common,Ken Sugimori,Basic,16,Pokémon,2002/05/24,"tcgplayer,cardmarket",https://prices.pokemontcg.io/tcgplayer/base6-85,https://images.pokemontcg.io/base6/85_hires.png,2026/08/08,2026/02/01,1.4,0.3700000047683716,1.2000000476837158,19.98,,150.0,,,,0.5537,0.0231,0.4845,0.0,0.28839999437332153,0.5883,0.3922,69.21,49.2314,30.3601,1.1535,2026-08-09
ex8-89,Meteor Falls,normal,Deoxys,89,Uncommon,Ryo Ueda,Stadium,,Trainer,2005/02/01,"tcgplayer,cardmarket",https://prices.pokemontcg.io/tcgplayer/ex8-89,https://images.pokemontcg.io/ex8/89_hires.png,2026/08/08,2026/02/01,0.74,0.20000000298023224,0.5799999833106995,19.98,,4.75,,,,0.6575,0.0807,0.5537,17.3025,0.40369999408721924,0.5652,0.8074,17.3025,8.8127,7.1863,1.1535,2026-08-09
bw4-93,Prism Energy,normal,Next Destinies,93,Uncommon,5ban Graphics,Special,,Energy,2012/02/08,"tcgplayer,cardmarket",https://prices.pokemontcg.io/tcgplayer/bw4-93,https://images.pokemontcg.io/bw4/93_hires.png,2026/08/08,2026/01/16,2.98,1.7000000476837158,2.890000104904175,40.6,,16.09,,,,1.6726,0.0231,2.1109,2.0186,4.602499961853027,1.8225,1.661,0.8074,5.283,3.3913,1.1535,2026-08-09
ex4-92,Raikou ex,holofoil,Team Magma vs Team Aqua,92,Rare Holo EX,Ryo Ueda,Basic|ex,243,Pokémon,2004/03/01,"tcgplayer,cardmarket",https://prices.pokemontcg.io/tcgplayer/ex4-92,https://images.pokemontcg.io/ex4/92_hires.png,2026/08/08,2026/02/01,199.98,224.99000549316406,225.0,450.0,,,,,,97.713,10.37,104.2995,0.0,317.2124938964844,97.713,77.3652,17.291,43.2447,27.2457,1.1535,2026-08-09
dp4-83,Slugma,normal,Great Encounters,83,Common,Masakazu Fukuda,Basic,218,Pokémon,2008/02/01,"tcgplayer,cardmarket",https://prices.pokemontcg.io/tcgplayer/dp4-83,https://images.pokemontcg.io/dp4/83_hires.png,2026/08/08,2026/02/01,0.32,0.10000000149011612,0.30000001192092896,19.98,,1.0,,,,0.1961,0.0231,0.173,0.15,0.05770000070333481,0.1154,0.1615,0.1154,1.4649,0.8767,1.1535,2026-08-09
ex3-91,Golem ex,holofoil,Dragon,91,Rare Holo EX,Hikaru Koike,Stage 2|ex,76,Pokémon,2003/11/24,"tcgplayer,cardmarket",https://prices.pokemontcg.io/tcgplayer/ex3-91,https://images.pokemontcg.io/ex3/91_hires.png,2026/08/08,2026/02/01,78.79,58.18000030517578,199.99000549316406,750.0,,,,,,101.9694,4.614,71.021,0.0,11.523500442504883,85.3359,37.9386,23.07,14.488,11.6273,1.1535,2026-08-09
swsh2-86,Milcery,normal,Rebel Clash,86,Common,Mina Nakai,Basic,868,Pokémon,2020/05/01,"tcgplayer,cardmarket",https://prices.pokemontcg.io/tcgplayer/swsh2-86,https://images.pokemontcg.io/swsh2/86_hires.png,2026/08/08,2026/01/16,0.22,0.009999999776482582,0.23000000417232513,3.0,,0.35,,,,0.0692,0.0231,0.0461,0.2307,0.05770000070333481,0.0807,0.0923,0.323,0.2653,0.2768,1.1535,2026-08-09
sm11-85,Azelf,normal,Unified Minds,85,Uncommon,Mizue,Basic,482,Pokémon,2019/08/02,"tcgplayer,cardmarket",https://prices.pokemontcg.io/tcgplayer/sm11-85,https://images.pokemontcg.io/sm11/85_hires.png,2026/08/08,2026/01/16,0.11,0.05000000074505806,0.25,17.979999542236328,,0.59,,,,0.1384,0.0231,0.1384,0.6921,0.04610000178217888,0.1154,0.1038,0.9228,0.6921,0.7382,1.1535,2026-08-09
dp2-84,Geodude,normal,Mysterious Treasures,84,Common,Ken Sugimori,Basic,74,Pokémon,2007/08/01,"tcgplayer,cardmarket",https://prices.pokemontcg.io/tcgplayer/dp2-84,https://images.pokemontcg.io/dp2/84_hires.png,2026/08/08,2026/01/21,0.26,0.09000000357627869,0.25,19.979999542236328,,5.47,,,,0.5767,0.0231,0.4268,1.4419,0.7498000264167786,0.7844,0.323,1.3611,1.3381,0.9113,1.1535,2026-08-09
bw1-88,Minccino,normal,Black & White,88,Common,sui,Basic,572,Pokémon,2011/04/25,"tcgplayer,cardmarket",https://prices.pokemontcg.io/tcgplayer/bw1-88,https://images.pokemontcg.io/bw1/88_hires.png,2026/08/08,2026/01/16,0.54,0.10000000149011612,0.4000000059604645,19.979999542236328,,1.07,,,,0.1615,0.0231,0.1615,2.0417,0.10379999876022339,0.1384,0.15,1.5457,1.6264,1.5688,1.1535,2026-08-09
sm1-88,Skarmory,normal,Sun & Moon,88,Common,Anesaki Dynamic,Basic,227,Pokémon,2017/02/03,"tcgplayer,cardmarket",https://prices.pokemontcg.io/tcgplayer/sm1-88,https://images.pokemontcg.io/sm1/88_hires.png,2026/08/08,2026/01/16,0.15,0.019999999552965164,0.1899999976158142,19.979999542236328,,0.43,,,,0.0577,0.0231,0.0461,0.4037,0.04610000178217888,0.0577,0.0577,0.2307,0.2768,0.3114,1.1535,2026-08-09
sm4-81,Starly,normal,Crimson Invasion,81,Common,miki kudo,Basic,396,Pokémon,2017/11/03,"tcgplayer,cardmarket",https://prices.pokemontcg.io/tcgplayer/sm4-81,https://images.pokemontcg.io/sm4/81_hires.png,2026/08/08,2026/01/16,0.18,0.019999999552965164,0.20000000298023224,19.979999542236328,,0.28,,,,0.0577,0.0231,0.0577,0.173,0.09229999780654907,0.0692,0.0577,0.2307,0.1961,0.2076,1.1535,2026-08-09
pl1-90,Remoraid,normal,Platinum,90,Common,Miki Tanaka,Basic,223,Pokémon,2009/02/11,"tcgplayer,cardmarket",https://prices.pokemontcg.io/tcgplayer/pl1-90,https://images.pokemontcg.io/pl1/90_hires.png,2026/08/08,2026/01/16,0.32,0.20000000298023224,0.3499999940395355,19.899999618530273,,1.4,,,,0.2076,0.0231,0.173,2.2493,0.06920000165700912,0.2192,0.173,3.4605,1.0497,0.7613,1.1535,2026-08-09
ecard2-65,Weepinbell,normal,Aquapolis,65,Uncommon,Miki Tanaka,Stage 1,70,Pokémon,2003/01/15,"tcgplayer,cardmarket",https://prices.pokemontcg.io/tcgplayer/ecard2-65,https://images.pokemontcg.io/ecard2/65_hires.png,2026/08/08,2026/01/16,12.06,9.0,18.0,379.0799865722656,,70.0,,,,4.7293,1.1535,3.7835,0.0,2.8722000122070312,3.2529,4.0719,11.5004,9.9662,6.9671,1.1535,2026-08-09
xy8-86,Pancham,normal,BREAKthrough,86,Common,Mizue,Basic,674,Pokémon,2015/11/04,"tcgplayer,cardmarket",https://prices.pokemontcg.io/tcgplayer/xy8-86,https://images.pokemontcg.io/xy8/86_hires.png,2026/08/08,2026/01/16,0.27,0.05000000074505806,0.27000001072883606,19.979999542236328,,0.64,,,,0.1269,0.0231,0.1615,0.4614,0.28839999437332153,0.15,0.173,0.8651,0.7959,0.5883,1.1535,2026-08-09
bw5-84,Eevee,normal,Dark Explorers,84,Common,Sumiyoshi Kizuki,Basic,133,Pokémon,2012/05/09,"tcgplayer,cardmarket",https://prices.pokemontcg.io/tcgplayer/bw5-84,https://images.pokemontcg.io/bw5/84_hires.png,2026/08/08,2026/01/19,3.23,1.25,2.759999990463257,35.45000076293945,,43.25,,,,16.4374,9.228,32.2057,0.0,22.493200302124023,28.1223,17.0257,7.4977,6.5288,4.8216,1.1535,2026-08-09
sm7-90,Scizor-GX,holofoil,Celestial Storm,90,Rare Holo GX,5ban Graphics,Stage 1|GX,212,Pokémon,2018/08/03,"tcgplayer,cardmarket",https://prices.pokemontcg.io/tcgplayer/sm7-90,https://images.pokemontcg.io/sm7/90_hires.png,2026/08/08,2026/01/16,7.42,4.909999847412109,7.869999885559082,96.94000244140625,,,,,,4.8101,0.5767,4.4756,0.0,2.306999921798706,3.7143,4.7178,3.4605,4.8793,3.8412,1.1535,2026-08-09
sm9-92,Vullaby,normal,Team Up,92,Common,Eri Yamaki,Basic,629,Pokémon,2019/02/01,"tcgplayer,cardmarket",https://prices.pokemontcg.io/tcgplayer/sm9-92,https://images.pokemontcg.io/sm9/92_hires.png,2026/08/08,2026/01/16,0.13,0.019999999552965164,0.20000000298023224,19.979999542236328,,0.35,,,,0.15,0.0231,0.1846,0.4037,0.023099999874830246,0.2307,0.1038,0.2884,0.3807,0.346,1.1535,2026-08-09
bw2-82,Unfezant,normal,Emerging Powers,82,Rare,kawayoo,Stage 2,521,Pokémon,2011/08/31,"tcgplayer,cardmarket",https://prices.pokemontcg.io/tcgplayer/bw2-82,https://images.pokemontcg.io/bw2/82_hires.png,2026/08/08,2026/01/16,4.67,1.850000023841858,2.859999895095825,35.29999923706055,,5.67,,,,0.9805,0.0577,1.6149,2.1455,2.306999921798706,1.2919,1.8802,1.9033,4.7524,2.7799,1.1535,2026-08-09
sm35-78,Mewtwo-GX,holofoil,Shining Legends,78,Rare Secret,Mitsuhiro Arita,Basic|GX,150,Pokémon,2017/10/06,"tcgplayer,cardmarket",https://prices.pokemontcg.io/tcgplayer/sm35-78,https://images.pokemontcg.io/sm35/78_hires.png,2026/08/08,2026/01/19,773.3,633.1099853515625,834.0,1499.989990234375,,,,,,472.8773,138.42,345.7962,0.0,392.19000244140625,374.1839,480.7211,57.6635,135.5132,122.6401,1.1535,2026-08-09
ex2-83,Wailmer,normal,Sandstorm,83,Common,Ken Sugimori,Basic,320,Pokémon,2003/09/18,"tcgplayer,cardmarket",https://prices.pokemontcg.io/tcgplayer/ex2-83,https://images.pokemontcg.io/ex2/83_hires.png,2026/08/08,2026/02/01,1.5,0.7400000095367432,1.7000000476837158,21.700000762939453,,29.15,,,,0.6114,0.0231,0.3691,3.4259,0.15000000596046448,0.4499,0.4614,3.4259,2.6069,3.2759,1.1535,2026-08-09
xy4-83,Whismur,normal,Phantom Forces,83,Common,Akira Komayama,Basic,293,Pokémon,2014/11/05,"tcgplayer,cardmarket",https://prices.pokemontcg.io/tcgplayer/xy4-83,https://images.pokemontcg.io/xy4/83_hires.png,2026/08/08,2026/01/16,0.18,0.05999999865889549,0.20999999344348907,19.979999542236328,,0.42,,,,0.15,0.0231,0.1615,0.5767,0.13840000331401825,0.1615,0.1384,0.5767,0.4383,0.4614,1.1535,2026-08-09
smp-SM84,Zoroark-GX,holofoil,SM Black Star Promos,SM84,Promo,5ban Graphics,Stage 1|GX,571,Pokémon,2017/02/03,"tcgplayer,cardmarket",https://prices.pokemontcg.io/tcgplayer/smp-SM84,https://images.pokemontcg.io/smp/SM84_hires.png,2026/08/08,2026/01/16,7.2,3.490000009536743,7.599999904632568,249.9499969482422,,,,,,3.968,1.1535,3.6681,0.0,4.037300109863281,4.2218,3.8527,2.2955,2.1224,2.2955,1.1535,2026-08-09
ecard1-82,Ivysaur,normal,Expedition Base Set,82,Uncommon,Miki Tanaka,Stage 1,2,Pokémon,2002/09/15,"tcgplayer,cardmarket",https://prices.pokemontcg.io/tcgplayer/ecard1-82,https://images.pokemontcg.io/ecard1/82_hires.png,2026/08/08,2026/02/04,18.41,12.619999885559082,19.40999984741211,259.8999938964844,,50.0,,,,3.6797,0.8651,3.7604,30.7984,1.7187000513076782,3.7489,6.1251,14.7071,26.6805,16.3451,1.1535,2026-08-09
bw11-93,Rayquaza,holofoil,Legendary Treasures,93,Rare Holo,Shin Nagasawa,Basic,384,Pokémon,2013/11/06,"tcgplayer,cardmarket",https://prices.pokemontcg.io/tcgplayer/bw11-93,https://images.pokemontcg.io/bw11/93_hires.png,2026/08/08,2026/01/16,44.46,25.0,44.599998474121094,292.4800109863281,,76.05,,,,10.37,8.0745,11.5581,11.535,6.805600166320801,12.2963,15.9875,11.535,17.7178,9.9316,1.1535,2026-08-09
ex13-90,Rare Candy,normal,Holon Phantoms,90,Uncommon,Ryo Ueda,Item,,Trainer,2006/05/01,"tcgplayer,cardmarket",https://prices.pokemontcg.io/tcgplayer/ex13-90,https://images.pokemontcg.io/ex13/90_hires.png,2026/08/08,2026/01/16,9.92,6.800000190734863,8.819999694824219,64.9000015258789,,67.25,,,,2.2724,0.2076,3.2298,23.8313,2.2955000400543213,1.661,3.1721,46.14,25.6192,15.7453,1.1535,2026-08-09
bw9-91,Hoothoot,normal,Plasma Freeze,91,Common,match,Basic,163,Pokémon,2013/05/08,"tcgplayer,cardmarket",https://prices.pokemontcg.io/tcgplayer/bw9-91,https://images.pokemontcg.io/bw9/91_hires.png,2026/08/08,2026/01/16,0.26,0.09000000357627869,0.25,18.799999237060547,,0.91,,,,0.1038,0.0231,0.1154,0.0,0.05770000070333481,0.15,0.1269,1.8456,0.7844,0.6921,1.1535,2026-08-09
ex7-88,Rocket's Mission,normal,Team Rocket Returns,88,Uncommon,Ken Sugimori,Supporter,,Trainer,2004/11/01,"tcgplayer,cardmarket",https://prices.pokemontcg.io/tcgplayer/ex7-88,https://images.pokemontcg.io/ex7/88_hires.png,2026/08/08,2026/01/19,1.24,0.5,1.190000057220459,18.959999084472656,,36.66,,,,0.9228,0.0461,0.8074,11.535,0.34599998593330383,0.7267,0.7728,21.9165,27.1765,16.2182,1.1535,2026-08-09
hgss2-90,Entei & Raikou LEGEND,holofoil,HS—Unleashed,90,LEGEND,Shinji Higuchi + Sachiko Eba,LEGEND,243|244,Pokémon,2010/05/12,"tcgplayer,cardmarket",https://prices.pokemontcg.io/tcgplayer/hgss2-90,https://images.pokemontcg.io/hgss2/90_hires.png,2026/08/08,2026/01/16,121.0,170.0,195.0,315.9800109863281,,,,,,45.8978,9.8048,49.116,0.0,44.813499450683594,49.8312,42.5988,28.8375,20.3131,16.3451,1.1535,2026-08-09
xy5-93,Aggron-EX,holofoil,Primal Clash,93,Rare Holo EX,Eske Yoshinob,Basic|EX,306,Pokémon,2015/02/04,"tcgplayer,cardmarket",https://prices.pokemontcg.io/tcgplayer/xy5-93,https://images.pokemontcg.io/xy5/93_hires.png,2026/08/08,2026/01/16,4.91,2.75,4.78000020980835,109.4000015258789,,,,,,6.2174,2.307,7.567,0.0,4.498600006103516,8.2014,6.5634,2.2032,4.1987,4.1295,1.1535,2026-08-09
dp6-89,Corphish,normal,Legends Awakened,89,Common,Sumiyoshi Kizuki,Basic,341,Pokémon,2008/08/01,"tcgplayer,cardmarket",https://prices.pokemontcg.io/tcgplayer/dp6-89,https://images.pokemontcg.io/dp6/89_hires.png,2026/08/08,2026/01/16,0.37,0.15000000596046448,0.3799999952316284,2.0,,5.0,,,,0.1961,0.0231,0.2768,0.0,0.484499990940094,0.2768,0.2422,1.7187,1.3265,1.4649,1.1535,2026-08-09
gym2-95,Sabrina's Drowzee,unlimited,Gym Challenge,95,Common,Ken Sugimori,Basic,96,Pokémon,2000/10/16,"tcgplayer,cardmarket",https://prices.pokemontcg.io/tcgplayer/gym2-95,https://images.pokemontcg.io/gym2/95_hires.png,2026/08/08,2026/02/01,1.5,0.49000000953674316,1.0,16.81999969482422,,,,,"{""1stEdition"": {""low"": 1.49, ""mid"": 3.5, ""high"": 96.95, ""market"": 3.13, ""directLow"": 3.59}}",1.1304,0.1154,0.7959,0.0,0.46140000224113464,0.9805,1.0843,0.0,0.0,0.0,1.1535,2026-08-09
g1-76,Fire Energy,normal,Generations,76,Common,,Basic,,Energy,2016/02/22,"tcgplayer,cardmarket",https://prices.pokemontcg.io/tcgplayer/g1-76,https://images.pokemontcg.io/g1/76_hires.png,2026/08/08,2026/02/01,0.77,0.3799999952316284,0.75,22.489999771118164,,10.08,,,,0.5883,0.0231,0.5652,7.4631,0.17299999296665192,0.4153,0.4383,11.535,7.4862,7.0825,1.1535,2026-08-09
xy3-77,Noivern,holofoil,Furious Fists,77,Rare Holo,5ban Graphics,Stage 1,715,Pokémon,2014/08/13,"tcgplayer,cardmarket",https://prices.pokemontcg.io/tcgplayer/xy3-77,https://images.pokemontcg.io/xy3/77_hires.png,2026/08/08,2026/01/19,1.12,0.5,1.0,95.48999786376953,,1.83,,,,1.5111,0.0577,1.4649,2.7338,1.4880000352859497,1.0728,1.5457,1.7187,2.5838,2.4108,1.1535,2026-08-09
ecard3-56,Forretress,normal,Skyridge,56,Common,Kouki Saitou,Stage 1,205,Pokémon,2003/05/12,"tcgplayer,cardmarket",https://prices.pokemontcg.io/tcgplayer/ecard3-56,https://images.pokemontcg.io/ecard3/56_hires.png,2026/08/08,2026/02/01,6.54,39.900001525878906,59.9900016784668,66.3499984741211,,32.54,,,,1.9494,0.346,3.8527,12.4001,1.8456000089645386,3.8527,2.2032,14.4187,11.5235,9.7817,1.1535,2026-08-09
bwp-BW80,Druddigon,holofoil,BW Black Star Promos,BW80,Promo,5ban Graphics,Basic|Team Plasma,621,Pokémon,2011/03/01,"tcgplayer,cardmarket",https://prices.pokemontcg.io/tcgplayer/bwp-BW80,https://images.pokemontcg.io/bwp/BW80_hires.png,2026/08/08,2026/01/21,16.17,6.0,7.0,149.8000030517578,,,,,,2.8953,0.5767,3.5066,0.0,4.556300163269043,2.7223,3.2298,2.8722,1.811,2.1455,1.1535,2026-08-09
gym1-92,Sabrina's Drowzee,unlimited,Gym Heroes,92,Common,Atsuko Nishida,Basic,96,Pokémon,2000/08/14,"tcgplayer,cardmarket",https://prices.pokemontcg.io/tcgplayer/gym1-92,https://images.pokemontcg.io/gym1/92_hires.png,2026/08/08,2026/02/01,2.07,0.49000000953674316,1.3200000524520874,96.94999694824219,,,,,"{""1stEdition"": {""low"": 2.42, ""mid"": 4.52, ""high"": 45.77, ""market"": 4.58, ""directLow"": null}}",1.2689,0.0231,1.2342,0.0,1.2342000007629395,0.9805,1.2573,0.0,0.0,0.0,1.1535,2026-08-09
sm5-89,Solgaleo ◇,holofoil,Ultra Prism,89,Rare Prism Star,Shin Nagasawa,Basic|Prism Star,791,Pokémon,2018/02/02,"tcgplayer,cardmarket",https://prices.pokemontcg.io/tcgplayer/sm5-89,https://images.pokemontcg.io/sm5/89_hires.png,2026/08/08,2026/01/16,5.21,2.680000066757202,4.0,39.9900016784668,,,,,,3.3336,1.1189,3.6335,1.1535,3.137500047683716,3.1721,2.8953,1.1535,3.4605,3.1375,1.1535,2026-08-09
ex15-79,Professor Elm's Training Method,normal,Dragon Frontiers,79,Uncommon,Ken Sugimori,Supporter,,Trainer,2006/11/01,"tcgplayer,cardmarket",https://prices.pokemontcg.io/tcgplayer/ex15-79,https://images.pokemontcg.io/ex15/79_hires.png,2026/08/08,2026/02/01,0.62,0.20000000298023224,0.5799999833106995,19.979999542236328,,33.07,,,,46.14,17.3025,36.1392,0.0,46.13999938964844,31.6174,23.7044,0.0,0.0,0.0,1.1535,2026-08-09
bw8-86,Scrafty,normal,Plasma Storm,86,Rare,5ban Graphics,Stage 1|Team Plasma,560,Pokémon,2013/02/06,"tcgplayer,cardmarket",https://prices.pokemontcg.io/tcgplayer/bw8-86,https://images.pokemontcg.io/bw8/86_hires.png,2026/08/08,2026/01/16,3.5,3.049999952316284,4.099999904632568,33.5,,8.41,,,,0.3576,0.2307,0.7498,1.9956,0.2653000056743622,0.5652,0.7959,1.7302,3.3451,2.0186,1.1535,2026-08-09
ex14-86,Energy Search,normal,Crystal Guardians,86,Common,Kai Ishikawa,Item,,Trainer,2006/08/01,"tcgplayer,cardmarket",https://prices.pokemontcg.io/tcgplayer/ex14-86,https://images.pokemontcg.io/ex14/86_hires.png,2026/08/08,2026/02/01,0.15,0.03999999910593033,0.23999999463558197,19.979999542236328,,5.58,,,,0.1269,0.0231,0.0461,2.2955,0.03460000082850456,0.1269,0.1269,2.2955,2.8376,3.1837,1.1535,2026-08-09
ex10-90,Protective Orb,normal,Unseen Forces,90,Uncommon,Ryo Ueda,Pokémon Tool,,Trainer,2005/08/01,"tcgplayer,cardmarket",https://prices.pokemontcg.io/tcgplayer/ex10-90,https://images.pokemontcg.io/ex10/90_hires.png,2026/08/08,2026/01/16,0.35,0.20000000298023224,0.36000001430511475,19.979999542236328,,6.66,,,,0.669,0.0231,0.5767,0.0,0.11540000140666962,0.5998,0.5075,1.142,3.2413,3.7027,1.1535,2026-08-09
xyp-XY82,Regigigas,holofoil,XY Black Star Promos,XY82,Promo,Shin Nagasawa,Basic,486,Pokémon,2013/10/12,"tcgplayer,cardmarket",https://prices.pokemontcg.io/tcgplayer/xyp-XY82,https://images.pokemontcg.io/xyp/XY82_hires.png,2026/08/08,2026/01/16,46.05,16.68000030517578,33.0,329.5400085449219,,,,,,13.5767,4.8447,10.889,0.0,5.075399875640869,10.4507,17.8216,3.4605,7.7977,4.4756,1.1535,2026-08-09
hgss3-89,Rayquaza & Deoxys LEGEND,holofoil,HS—Undaunted,89,LEGEND,Shinji Higuchi + Sachiko Eba,LEGEND,384|386,Pokémon,2010/08/18,"tcgplayer,cardmarket",https://prices.pokemontcg.io/tcgplayer/hgss3-89,https://images.pokemontcg.io/hgss3/89_hires.png,2026/08/08,2026/01/16,226.01,339.0,598.8800048828125,999.0,,,,,,78.5995,9.228,74.4008,0.0,9.227999687194824,75.7388,65.3342,51.9075,42.345,28.6299,1.1535,2026-08-09
col1-90,Water Energy,normal,Call of Legends,90,Common,,Basic,,Energy,2011/02/09,"tcgplayer,cardmarket",https://prices.pokemontcg.io/tcgplayer/col1-90,https://images.pokemontcg.io/col1/90_hires.png,2026/08/08,2026/01/16,48.79,30.0,34.0,497.79998779296875,145.79,,,,,17.3025,8.0745,35.9546,51.6191,17.302499771118164,30.141,12.3078,51.6191,49.6351,31.0638,1.1535,2026-08-09
dp3-95,Murkrow,normal,Secret Wonders,95,Common,Yusuke Ohmura,Basic,198,Pokémon,2007/11/01,"tcgplayer,cardmarket",https://prices.pokemontcg.io/tcgplayer/dp3-95,https://images.pokemontcg.io/dp3/95_hires.png,2026/08/08,2026/01/16,1.69,0.3499999940395355,0.7900000214576721,18.68000030517578,,7.77,,,,0.3114,0.0231,0.323,0.7498,0.08070000261068344,0.3114,0.346,0.9228,2.2724,2.2378,1.1535,2026-08-09
bw3-86,Axew,normal,Noble Victories,86,Common,Atsuko Nishida,Basic,610,Pokémon,2011/11/16,"tcgplayer,cardmarket",https://prices.pokemontcg.io/tcgplayer/bw3-86,https://images.pokemontcg.io/bw3/86_hires.png,2026/08/08,2026/01/16,0.34,0.1599999964237213,0.3400000035762787,19.979999542236328,,1.88,,,,0.2538,0.0231,0.2307,0.5652,0.11540000140666962,0.2307,0.2422,0.5652,1.1074,1.2112,1.1535,2026-08-09
hgss1-98,Pokémon Communication,normal,HeartGold & SoulSilver,98,Uncommon,Takashi Yamaguchi,Item,,Trainer,2010/02/10,"tcgplayer,cardmarket",https://prices.pokemontcg.io/tcgplayer/hgss1-98,https://images.pokemontcg.io/hgss1/98_hires.png,2026/08/08,2026/01/16,2.44,0.9800000190734863,2.490000009536743,100.0,,29.6,,,,0.3691,0.0231,0.3691,3.1145,0.7498000264167786,0.5883,0.5191,11.535,7.8784,4.7524,1.1535,2026-08-09
sma-SV85,Hiker,holofoil,Hidden Fates Shiny Vault,SV85,Rare Ultra,Naoki Saito,Supporter,,Trainer,2019/08/23,"tcgplayer,cardmarket",https://prices.pokemontcg.io/tcgplayer/sma-SV85,https://images.pokemontcg.io/sma/SV85_hires.png,2026/08/08,2026/01/16,4.44,3.009999990463257,4.760000228881836,47.29999923706055,,,,,,4.6371,2.307,5.26,0.0,4.267899990081787,4.4871,5.3292,10.6699,12.9077,14.5226,1.1535,2026-08-09
xy10-86,Minccino,normal,Fates Collide,86,Common,kirisAki,Basic,572,Pokémon,2016/05/02,"tcgplayer,cardmarket",https://prices.pokemontcg.io/tcgplayer/xy10-86,https://images.pokemontcg.io/xy10/86_hires.png,2026/08/08,2026/01/16,0.29,0.05000000074505806,0.2800000011920929,19.979999542236328,,0.53,,,,0.1154,0.0231,0.0923,0.3114,0.11540000140666962,0.1269,0.1038,0.346,0.2538,0.3807,1.1535,2026-08-09
pl2-89,Bebe's Search,normal,Rising Rivals,89,Uncommon,Ken Sugimori,Supporter,,Trainer,2009/05/16,"tcgplayer,cardmarket",https://prices.pokemontcg.io/tcgplayer/pl2-89,https://images.pokemontcg.io/pl2/89_hires.png,2026/08/08,2026/01/16,0.36,0.10000000149011612,0.3799999952316284,19.979999542236328,,1.14,,,,1.2804,0.2192,1.4419,0.0,1.7302000522613525,1.2804,1.165,1.2112,1.3842,1.2689,1.1535,2026-08-09
xy7-91,Tyranitar-EX,holofoil,Ancient Origins,91,Rare Ultra,Ryo Ueda,Basic|EX,248,Pokémon,2015/08/12,"tcgplayer,cardmarket",https://prices.pokemontcg.io/tcgplayer/xy7-91,https://images.pokemontcg.io/xy7/91_hires.png,2026/08/08,2026/01/16,106.03,68.0,104.98999786376953,1077.0999755859375,,,,,,76.3502,17.3025,70.9749,0.0,74.96600341796875,69.4984,52.9226,23.07,26.6689,19.5057,1.1535,2026-08-09
ex9-88,Metal Energy,normal,Emerald,88,Rare,Milky Isobe,Special,,Energy,2005/05/01,"tcgplayer,cardmarket",https://prices.pokemontcg.io/tcgplayer/ex9-88,https://images.pokemontcg.io/ex9/88_hires.png,2026/08/08,2026/02/01,1.25,0.75,1.2300000190734863,19.979999542236328,,11.78,,,,1.2112,0.1154,1.1996,0.0,0.6344000101089478,1.2919,1.2227,10.3238,7.8323,6.7249,1.1535,2026-08-09
xy6-86,Mega Turbo,normal,Roaring Skies,86,Uncommon,Toyste Beach,Item,,Trainer,2015/05/06,"tcgplayer,cardmarket",https://prices.pokemontcg.io/tcgplayer/xy6-86,https://images.pokemontcg.io/xy6/86_hires.png,2026/08/08,2026/01/16,0.27,0.05000000074505806,0.25,1000.0,,0.46,,,,0.2192,0.0231,0.2884,1.142,0.17299999296665192,0.2538,0.2422,1.142,1.4534,0.992,1.1535,2026-08-09
dp5-86,Quick Ball,normal,Majestic Dawn,86,Uncommon,Ryo Ueda,Item,,Trainer,2008/05/01,"tcgplayer,cardmarket",https://prices.pokemontcg.io/tcgplayer/dp5-86,https://images.pokemontcg.io/dp5/86_hires.png,2026/08/08,2026/02/01,0.52,0.20999999344348907,0.5199999809265137,19.979999542236328,,4.3,,,,0.323,0.0231,0.2768,0.6344,0.023099999874830246,0.2422,0.2884,2.307,1.7302,2.4108,1.1535,2026-08-09
ex11-86,Taillow,normal,Delta Species,86,Common,Tomokazu Komiya,Basic,276,Pokémon,2005/10/31,"tcgplayer,cardmarket",https://prices.pokemontcg.io/tcgplayer/ex11-86,https://images.pokemontcg.io/ex11/86_hires.png,2026/08/08,2026/02/01,0.52,0.20000000298023224,0.5099999904632568,19.979999542236328,,27.48,,,,0.3807,0.0231,1.2458,34.605,1.7417999505996704,0.4153,0.5652,10.889,7.567,5.9982,1.1535,2026-08-09
ex16-81,Scott,normal,Power Keepers,81,Uncommon,Ken Sugimori,Supporter,,Trainer,2007/02/02,"tcgplayer,cardmarket",https://prices.pokemontcg.io/tcgplayer/ex16-81,https://images.pokemontcg.io/ex16/81_hires.png,2026/08/08,2026/02/01,2.23,0.800000011920929,1.9900000095367432,19.979999542236328,,12.09,,,,0.4499,0.0231,0.3345,4.441,0.5074999928474426,0.3576,0.4499,4.441,3.8758,4.3141,1.1535,2026-08-09
ex6-89,Energy Removal 2,normal,FireRed & LeafGreen,89,Uncommon,Keiji Kinebuchi,Item,,Trainer,2004/09/01,"tcgplayer,cardmarket",https://prices.pokemontcg.io/tcgplayer/ex6-89,https://images.pokemontcg.io/ex6/89_hires.png,2026/08/08,2026/02/01,0.42,0.10000000149011612,0.3499999940395355,20.299999237060547,,2.61,,,,0.646,0.0231,1.2342,0.0,0.09229999780654907,0.9228,0.5306,0.173,4.0257,2.8261,1.1535,2026-08-09
pl3-87,Wailmer,normal,Supreme Victors,87,Uncommon,Masakazu Fukuda,Basic,320,Pokémon,2009/08/19,"tcgplayer,cardmarket",https://prices.pokemontcg.io/tcgplayer/pl3-87,https://images.pokemontcg.io/pl3/87_hires.png,2026/08/08,2026/01/16,0.64,0.36000001430511475,0.5299999713897705,19.979999542236328,,17.5,,,,0.4268,0.0923,0.2768,0.9574,0.2768000066280365,0.2192,0.4499,1.7302,1.4995,1.1766,1.1535,2026-08-09
sm8-87,Natu,normal,Lost Thunder,87,Common,Anesaki Dynamic,Basic,177,Pokémon,2018/11/02,"tcgplayer,cardmarket",https://prices.pokemontcg.io/tcgplayer/sm8-87,https://images.pokemontcg.io/sm8/87_hires.png,2026/08/08,2026/01/16,0.29,0.05000000074505806,0.25999999046325684,2.990000009536743,,0.46,,,,0.0692,0.0231,0.0577,0.3114,0.17299999296665192,0.0692,0.1154,0.2307,0.323,0.3807,1.1535,2026-08-09
bw7-93,Mandibuzz,normal,Boundaries Crossed,93,Uncommon,Naoki Saito,Stage 1,630,Pokémon,2012/11/07,"tcgplayer,cardmarket",https://prices.pokemontcg.io/tcgplayer/bw7-93,https://images.pokemontcg.io/bw7/93_hires.png,2026/08/08,2026/01/16,0.33,0.20000000298023224,0.36000001430511475,19.979999542236328,,0.94,,,,0.1384,0.0231,0.173,1.1881,0.12690000236034393,0.173,0.1961,1.1304,1.2573,0.9574,1.1535,2026-08-09
bw3-87,Fraxure,normal,Noble Victories,87,Uncommon,Kagemaru Himeno,Stage 1,611,Pokémon,2011/11/16,"tcgplayer,cardmarket",https://prices.pokemontcg.io/tcgplayer/bw3-87,https://images.pokemontcg.io/bw3/87_hires.png,2026/08/08,2026/01/16,0.39,0.20000000298023224,0.4000000059604645,19.979999542236328,,1.96,,,,0.2768,0.0231,0.2192,0.2307,0.23070000112056732,0.2422,0.2076,0.2307,1.142,1.2227,1.1535,2026-08-09
dp1-91,Misdreavus,normal,Diamond & Pearl,91,Common,Ken Sugimori,Basic,200,Pokémon,2007/05/01,"tcgplayer,cardmarket",https://prices.pokemontcg.io/tcgplayer/dp1-91,https://images.pokemontcg.io/dp1/91_hires.png,2026/08/08,2026/01/16,0.39,0.17000000178813934,0.3700000047683716,19.979999542236328,,2.79,,,,0.1384,0.0231,0.1154,1.9956,0.05770000070333481,0.1269,0.1846,0.1154,1.6264,2.5377,1.1535,2026-08-09
sm12-94,Trevenant,normal,Cosmic Eclipse,94,Rare,Shin Nagasawa,Stage 1,709,Pokémon,2019/11/01,"tcgplayer,cardmarket",https://prices.pokemontcg.io/tcgplayer/sm12-94,https://images.pokemontcg.io/sm12/94_hires.png,2026/08/08,2026/01/16,0.26,0.10000000149011612,0.28999999165534973,19.979999542236328,,0.48,,,,0.2768,0.0231,0.3576,1.0612,0.40369999408721924,0.3114,0.2999,0.346,0.8651,0.819,1.1535,2026-08-09
xy12-87,Super Potion,normal,Evolutions,87,Uncommon,Keiji Kinebuchi,Item,,Trainer,2016/11/02,"tcgplayer,cardmarket",https://prices.pokemontcg.io/tcgplayer/xy12-87,https://images.pokemontcg.io/xy12/87_hires.png,2026/08/08,2026/01/16,0.17,0.03999999910593033,0.20000000298023224,19.979999542236328,,1.02,,,,0.0923,0.0231,0.1038,1.9148,0.04610000178217888,0.1384,0.0807,0.1038,2.3185,1.4073,1.1535,2026-08-09
gym1-93,Sabrina's Gastly,unlimited,Gym Heroes,93,Common,Ken Sugimori,Basic,92,Pokémon,2000/08/14,"tcgplayer,cardmarket",https://prices.pokemontcg.io/tcgplayer/gym1-93,https://images.pokemontcg.io/gym1/93_hires.png,2026/08/08,2026/02/01,2.46,0.7599999904632568,1.8899999856948853,19.979999542236328,,,,,"{""1stEdition"": {""low"": 4.86, ""mid"": 11.78, ""high"": 92.05, ""market"": 12.35, ""directLow"": 92.05}}",1.4995,0.0231,0.9459,0.0,2.5722999572753906,1.4765,1.6264,2.307,2.307,2.307,1.1535,2026-08-09
swsh4-87,Donphan,normal,Vivid Voltage,87,Rare,Hasegawa Saki,Stage 1,232,Pokémon,2020/11/13,"tcgplayer,cardmarket",https://prices.pokemontcg.io/tcgplayer/swsh4-87,https://images.pokemontcg.io/swsh4/87_hires.png,2026/08/08,2026/01/16,0.17,0.019999999552965164,0.20000000298023224,19.579999923706055,,0.37,,,,0.1384,0.0231,0.2884,0.5306,0.023099999874830246,0.346,0.1615,2.307,0.7844,0.5191,1.1535,2026-08-09
swsh3-84,Diglett,normal,Darkness Ablaze,84,Common,Hideki Ishikawa,Basic,50,Pokémon,2020/08/14,"tcgplayer,cardmarket",https://prices.pokemontcg.io/tcgplayer/swsh3-84,https://images.pokemontcg.io/swsh3/84_hires.png,2026/08/08,2026/01/16,0.06,0.019999999552965164,0.20000000298023224,25.059999465942383,,0.36,,,,0.0692,0.0231,0.0577,0.3114,0.04610000178217888,0.0577,0.0577,0.1154,0.2538,0.2422,1.1535,2026-08-09
base1-93,Gust of Wind,normal,Base,93,Common,Keiji Kinebuchi,,,Trainer,1999/01/09,"tcgplayer,cardmarket",https://prices.pokemontcg.io/tcgplayer/base1-93,https://images.pokemontcg.io/base1/93_hires.png,2026/08/08,2026/02/01,0.48,0.05999999865889549,0.36000001430511475,75.0,,,,,,1.6956,0.9805,3.6566,0.0,1.0843000411987305,1.811,4.3948,0.0,0.0,0.0,1.1535,2026-08-09
dp7-82,Conductive Quarry,normal,Stormfront,82,Uncommon,Ryo Ueda,Stadium,,Trainer,2008/11/01,"tcgplayer,cardmarket",https://prices.pokemontcg.io/tcgplayer/dp7-82,https://images.pokemontcg.io/dp7/82_hires.png,2026/08/08,2026/01/19,0.32,0.15000000596046448,0.3499999940395355,19.979999542236328,,1.19,,,,0.5075,0.0231,0.2999,0.2192,0.2653000056743622,0.323,0.3345,0.5767,0.4614,0.7152,1.1535,2026-08-09
base4-91,Sandshrew,normal,Base Set 2,91,Common,Ken Sugimori,Basic,27,Pokémon,2000/02/24,"tcgplayer,cardmarket",https://prices.pokemontcg.io/tcgplayer/base4-91,https://images.pokemontcg.io/base4/91_hires.png,2026/08/08,2026/02/01,0.48,0.25,0.5199999809265137,19.979999542236328,,,,,,0.5306,0.0346,0.7613,0.0,0.853600025177002,0.5652,0.4845,0.1154,0.1154,0.1154,1.1535,2026-08-09
ex13-91,Claw Fossil,normal,Holon Phantoms,91,Common,Ryo Ueda,Item,,Trainer,2006/05/01,"tcgplayer,cardmarket",https://prices.pokemontcg.io/tcgplayer/ex13-91,https://images.pokemontcg.io/ex13/91_hires.png,2026/08/08,2026/01/16,0.39,0.10000000149011612,0.38999998569488525,19.979999542236328,,5.84,,,,0.2999,0.0231,0.3807,2.5954,0.23070000112056732,0.4845,0.3114,1.7302,12.2617,7.1171,1.1535,2026-08-09
xy6-87,Rayquaza Spirit Link,normal,Roaring Skies,87,Uncommon,5ban Graphics,Pokémon Tool,,Trainer,2015/05/06,"tcgplayer,cardmarket",https://prices.pokemontcg.io/tcgplayer/xy6-87,https://images.pokemontcg.io/xy6/87_hires.png,2026/08/08,2026/01/16,0.61,0.10000000149011612,0.46000000834465027,19.979999542236328,,12.23,,,,0.2768,0.0231,0.5191,1.8917,0.8881999850273132,0.5652,0.3807,1.1535,1.6034,2.1455,1.1535,2026-08-09
swsh4-88,Hitmontop,normal,Vivid Voltage,88,Uncommon,Sanosuke Sakuma,Basic,237,Pokémon,2020/11/13,"tcgplayer,cardmarket",https://prices.pokemontcg.io/tcgplayer/swsh4-88,https://images.pokemontcg.io/swsh4/88_hires.png,2026/08/08,2026/01/16,0.05,0.009999999776482582,0.1599999964237213,17.979999542236328,,0.34,,,,0.0577,0.0231,0.0692,0.2422,0.08070000261068344,0.0692,0.0692,0.173,0.2192,0.2307,1.1535,2026-08-09
bw9-92,Noctowl,normal,Plasma Freeze,92,Uncommon,Kagemaru Himeno,Stage 1,164,Pokémon,2013/05/08,"tcgplayer,cardmarket",https://prices.pokemontcg.io/tcgplayer/bw9-92,https://images.pokemontcg.io/bw9/92_hires.png,2026/08/08,2026/01/16,0.3,0.10000000149011612,0.30000001192092896,23.489999771118164,,0.62,,,,0.1615,0.0231,0.1961,0.6344,0.09229999780654907,0.1846,0.1615,0.8074,0.6114,1.0843,1.1535,2026-08-09
bwp-BW81,Thundurus-EX,holofoil,BW Black Star Promos,BW81,Promo,Eske Yoshinob,Basic|EX|Team Plasma,642,Pokémon,2011/03/01,"tcgplayer,cardmarket",https://prices.pokemontcg.io/tcgplayer/bwp-BW81,https://images.pokemontcg.io/bwp/BW81_hires.png,2026/08/08,2026/01/21,4.63,1.690000057220459,4.539999961853027,47.0,,,,,,3.9911,1.0381,4.0949,0.0,5.767499923706055,3.8527,3.945,2.3993,2.1686,2.2493,1.1535,2026-08-09
ex9-89,Multi Energy,normal,Emerald,89,Rare,Takumi Akabane,Special,,Energy,2005/05/01,"tcgplayer,cardmarket",https://prices.pokemontcg.io/tcgplayer/ex9-89,https://images.pokemontcg.io/ex9/89_hires.png,2026/08/08,2026/02/01,2.19,1.4199999570846558,2.190000057220459,31.100000381469727,,15.13,,,,2.2839,0.2538,1.7187,8.063,1.7302000522613525,2.0071,0.9689,8.063,7.1517,8.6282,1.1535,2026-08-09
sm1-89,Solgaleo-GX,holofoil,Sun & Moon,89,Rare Holo GX,PLANETA,Stage 2|GX,791,Pokémon,2017/02/03,"tcgplayer,cardmarket",https://prices.pokemontcg.io/tcgplayer/sm1-89,https://images.pokemontcg.io/sm1/89_hires.png,2026/08/08,2026/01/16,3.02,1.600000023841858,3.0899999141693115,12.989999771118164,,,,,,10.9582,3.3336,7.6823,0.0,10.958200454711914,7.9822,6.6096,0.5767,3.9565,3.6797,1.1535,2026-08-09
dp2-85,Gible,normal,Mysterious Treasures,85,Common,Hiroki Fuchino,Basic,443,Pokémon,2007/08/01,"tcgplayer,cardmarket",https://prices.pokemontcg.io/tcgplayer/dp2-85,https://images.pokemontcg.io/dp2/85_hires.png,2026/08/08,2026/01/19,0.35,0.20000000298023224,0.36000001430511475,19.979999542236328,,8.67,,,,0.1615,0.0231,0.346,4.3833,1.0958000421524048,0.4268,0.2653,3.4605,3.7604,2.4916,1.1535,2026-08-09
ex6-90,Energy Switch,normal,FireRed & LeafGreen,90,Uncommon,Ken Ikuji,Item,,Trainer,2004/09/01,"tcgplayer,cardmarket",https://prices.pokemontcg.io/tcgplayer/ex6-90,https://images.pokemontcg.io/ex6/90_hires.png,2026/08/08,2026/02/01,1.97,1.0399999618530273,1.9199999570846558,21.989999771118164,,15.16,,,,1.7879,0.0231,1.4303,2.7107,0.23070000112056732,1.5572,1.0958,2.7107,3.8642,3.6912,1.1535,2026-08-09
bw10-99,Dialga-EX,holofoil,Plasma Blast,99,Rare Ultra,5ban Graphics,Basic|EX|Team Plasma,483,Pokémon,2013/08/14,"tcgplayer,cardmarket",https://prices.pokemontcg.io/tcgplayer/bw10-99,https://images.pokemontcg.io/bw10/99_hires.png,2026/08/08,2026/01/16,299.0,548.989990234375,596.989990234375,600.0,,,,,,102.3385,23.07,96.8594,0.0,46.024600982666016,97.1939,94.0218,80.745,41.03,22.4125,1.1535,2026-08-09
hgss2-91,Entei & Raikou LEGEND,holofoil,HS—Unleashed,91,LEGEND,Shinji Higuchi + Sachiko Eba,LEGEND,243|244,Pokémon,2010/05/12,"tcgplayer,cardmarket",https://prices.pokemontcg.io/tcgplayer/hgss2-91,https://images.pokemontcg.io/hgss2/91_hires.png,2026/08/08,2026/01/16,104.5,199.99000549316406,249.99000549316406,299.989990234375,,,,,,34.7088,6.9095,29.5757,0.0,24.211999893188477,30.3717,39.2305,2.8838,10.889,10.6237,1.1535,2026-08-09
sm4-82,Staravia,normal,Crimson Invasion,82,Uncommon,kawayoo,Stage 1,397,Pokémon,2017/11/03,"tcgplayer,cardmarket",https://prices.pokemontcg.io/tcgplayer/sm4-82,https://images.pokemontcg.io/sm4/82_hires.png,2026/08/08,2026/01/16,0.15,0.009999999776482582,0.20000000298023224,19.979999542236328,,0.6,,,,0.0807,0.0231,0.0807,0.4614,0.05770000070333481,0.0692,0.0807,0.4614,0.5652,0.7498,1.1535,2026-08-09
xy4-84,Loudred,normal,Phantom Forces,84,Uncommon,MAHOU,Stage 1,294,Pokémon,2014/11/05,"tcgplayer,cardmarket",https://prices.pokemontcg.io/tcgplayer/xy4-84,https://images.pokemontcg.io/xy4/84_hires.png,2026/08/08,2026/01/16,0.28,0.09000000357627869,0.27000001072883606,14.989999771118164,,0.67,,,,0.2422,0.0231,0.2307,0.0,0.23070000112056732,0.2076,0.173,0.346,0.5537,0.5191,1.1535,2026-08-09
ecard1-83,Jynx,normal,Expedition Base Set,83,Uncommon,Sumiyoshi Kizuki,Basic,124,Pokémon,2002/09/15,"tcgplayer,cardmarket",https://prices.pokemontcg.io/tcgplayer/ecard1-83,https://images.pokemontcg.io/ecard1/83_hires.png,2026/08/08,2026/02/04,9.31,6.599999904632568,18.190000534057617,42.0,,14.7,,,,1.638,0.1154,1.7879,5.1331,1.4072999954223633,1.6264,1.811,6.921,3.7719,5.0754,1.1535,2026-08-09
sm8-88,Xatu,normal,Lost Thunder,88,Uncommon,Ken Sugimori,Stage 1,178,Pokémon,2018/11/02,"tcgplayer,cardmarket",https://prices.pokemontcg.io/tcgplayer/sm8-88,https://images.pokemontcg.io/sm8/88_hires.png,2026/08/08,2026/01/16,0.29,0.07999999821186066,0.28999999165534973,19.979999542236328,,0.44,,,,0.1615,0.0231,0.15,0.346,0.11540000140666962,0.15,0.1846,0.4614,0.3807,0.4845,1.1535,2026-08-09
base4-92,Spearow,normal,Base Set 2,92,Common,Mitsuhiro Arita,Basic,21,Pokémon,2000/02/24,"tcgplayer,cardmarket",https://prices.pokemontcg.io/tcgplayer/base4-92,https://images.pokemontcg.io/base4/92_hires.png,2026/08/08,2026/02/01,0.69,0.10000000149011612,0.6200000047683716,3.009999990463257,,,,,,0.6344,0.0923,0.8074,0.0,1.153499960899353,0.6229,0.5537,0.1154,0.1154,0.1154,1.1535,2026-08-09
sm3-88,Darkrai-GX,holofoil,Burning Shadows,88,Rare Holo GX,PLANETA,Basic|GX,491,Pokémon,2017/08/05,"tcgplayer,cardmarket",https://prices.pokemontcg.io/tcgplayer/sm3-88,https://images.pokemontcg.io/sm3/88_hires.png,2026/08/08,2026/01/16,11.0,4.150000095367432,8.9399995803833,4318.77001953125,,,,,,4.614,1.1304,4.8332,0.0,4.844699859619141,4.291,4.4756,2.8838,2.8722,4.0488,1.1535,2026-08-09
sm5-90,Dusk Mane Necrozma-GX,holofoil,Ultra Prism,90,Rare Holo GX,5ban Graphics,Basic|GX|Ultra Beast,800,Pokémon,2018/02/02,"tcgplayer,cardmarket",https://prices.pokemontcg.io/tcgplayer/sm5-90,https://images.pokemontcg.io/sm5/90_hires.png,2026/08/08,2026/01/16,5.1,4.400000095367432,5.440000057220459,110.80000305175781,,,,,,10.3815,8.063,11.6157,0.0,10.381500244140625,10.1277,9.897,5.1907,1.9494,1.984,1.1535,2026-08-09
sm9-93,Mandibuzz,normal,Team Up,93,Rare,Ayaka Yoshida,Stage 1,630,Pokémon,2019/02/01,"tcgplayer,cardmarket",https://prices.pokemontcg.io/tcgplayer/sm9-93,https://images.pokemontcg.io/sm9/93_hires.png,2026/08/08,2026/01/16,0.35,0.14000000059604645,0.3499999940395355,1.690000057220459,,0.53,,,,0.6921,0.0577,0.3345,0.9113,0.11540000140666962,0.4845,0.3691,0.9113,0.9689,0.8997,1.1535,2026-08-09
bw5-85,Chatot,normal,Dark Explorers,85,Uncommon,MAHOU,Basic,441,Pokémon,2012/05/09,"tcgplayer,cardmarket",https://prices.pokemontcg.io/tcgplayer/bw5-85,https://images.pokemontcg.io/bw5/85_hires.png,2026/08/08,2026/01/19,0.4,0.1899999976158142,0.4000000059604645,17.459999084472656,,0.89,,,,0.2422,0.0231,0.2307,0.8882,0.23070000112056732,0.2538,0.2192,0.8651,0.8767,0.7036,1.1535,2026-08-09
sm10-82,Marshadow & Machamp-GX,holofoil,Unbroken Bonds,82,Rare Holo GX,Mitsuhiro Arita,Basic|TAG TEAM|GX,68|802,Pokémon,2019/05/03,"tcgplayer,cardmarket",https://prices.pokemontcg.io/tcgplayer/sm10-82,https://images.pokemontcg.io/sm10/82_hires.png,2026/08/08,2026/01/16,31.25,23.56999969482422,33.439998626708984,200.0,,,,,,19.0674,4.0257,16.2759,0.0,21.32819938659668,17.0372,18.456,5.3407,4.4756,4.1526,1.1535,2026-08-09
ex10-91,Sitrus Berry,normal,Unseen Forces,91,Uncommon,Ryo Ueda,Pokémon Tool,,Trainer,2005/08/01,"tcgplayer,cardmarket",https://prices.pokemontcg.io/tcgplayer/ex10-91,https://images.pokemontcg.io/ex10/91_hires.png,2026/08/08,2026/01/16,0.61,0.2800000011920929,0.5400000214576721,19.979999542236328,,7.02,,,,1.0381,0.0577,1.5111,5.7675,2.249300003051758,1.3265,1.1881,2.2955,6.921,5.9636,1.1535,2026-08-09
xy11-93,Braviary,normal,Steam Siege,93,Uncommon,Kyoko Umemoto,Stage 1,628,Pokémon,2016/08/03,"tcgplayer,cardmarket",https://prices.pokemontcg.io/tcgplayer/xy11-93,https://images.pokemontcg.io/xy11/93_hires.png,2026/08/08,2026/01/16,0.14,0.019999999552965164,0.20000000298023224,1000.0,,0.37,,,,0.0923,0.0231,0.1038,0.2538,0.08070000261068344,0.1038,0.1038,0.1384,0.4383,0.4499,1.1535,2026-08-09
pl4-93,Helix Fossil,normal,Arceus,93,Common,Ryo Ueda,Item,,Trainer,2009/11/04,"tcgplayer,cardmarket",https://prices.pokemontcg.io/tcgplayer/pl4-93,https://images.pokemontcg.io/pl4/93_hires.png,2026/08/08,2026/01/16,0.34,0.10999999940395355,0.3400000035762787,19.979999542236328,,1.37,,,,0.173,0.0231,0.1615,0.8074,0.11540000140666962,0.1269,0.1961,1.0381,0.7613,1.2112,1.1535,2026-08-09
xy5-94,M Aggron-EX,holofoil,Primal Clash,94,Rare Holo EX,5ban Graphics,MEGA|EX,306,Pokémon,2015/02/04,"tcgplayer,cardmarket",https://prices.pokemontcg.io/tcgplayer/xy5-94,https://images.pokemontcg.io/xy5/94_hires.png,2026/08/08,2026/01/16,19.25,13.800000190734863,17.690000534057617,400.0,,,,,,18.456,9.228,16.6219,0.0,14.418700218200684,16.2297,16.818,6.2866,7.0017,6.1482,1.1535,2026-08-09
sm2-88,Clefairy,normal,Guardians Rising,88,Common,Kagemaru Himeno,Basic,35,Pokémon,2017/05/05,"tcgplayer,cardmarket",https://prices.pokemontcg.io/tcgplayer/sm2-88,https://images.pokemontcg.io/sm2/88_hires.png,2026/08/08,2026/01/15,0.27,0.07000000029802322,0.3700000047683716,1000.0,,1.0,,,,0.1038,0.0231,0.1384,0.3345,0.04610000178217888,0.1269,0.1038,0.2768,0.4037,0.3807,1.1535,2026-08-09
ex1-79,Zigzagoon,normal,Ruby & Sapphire,79,Common,Atsuko Nishida,Basic,263,Pokémon,2003/07/01,"tcgplayer,cardmarket",https://prices.pokemontcg.io/tcgplayer/ex1-79,https://images.pokemontcg.io/ex1/79_hires.png,2026/08/08,2026/02/19,1.37,0.550000011920929,1.0499999523162842,21.43000030517578,,9.84,,,,0.4153,0.0231,0.323,4.0373,0.09229999780654907,0.4614,0.4153,2.2955,4.0026,4.0026,1.1535,2026-08-09
swsh2-87,Alcremie,normal,Rebel Clash,87,Rare,Mizue,Stage 1,869,Pokémon,2020/05/01,"tcgplayer,cardmarket",https://prices.pokemontcg.io/tcgplayer/swsh2-87,https://images.pokemontcg.io/swsh2/87_hires.png,2026/08/08,2026/01/16,0.36,0.10000000149011612,0.3799999952316284,4.0,,0.99,,,,0.3691,0.0231,0.3576,0.8651,0.11540000140666962,0.5652,0.4037,0.4383,0.8074,0.7613,1.1535,2026-08-09
swsh1-92,Diglett,normal,Sword & Shield,92,Common,Hasegawa Saki,Basic,50,Pokémon,2020/02/07,"tcgplayer,cardmarket",https://prices.pokemontcg.io/tcgplayer/swsh1-92,https://images.pokemontcg.io/swsh1/92_hires.png,2026/08/08,2026/01/16,0.18,0.019999999552965164,0.20000000298023224,18.360000610351562,,0.31,,,,0.0692,0.0231,0.0923,0.2884,0.17299999296665192,0.1154,0.0807,0.2307,0.2653,0.2768,1.1535,2026-08-09
base6-86,Pikachu,normal,Legendary Collection,86,Common,Ken Sugimori,Basic,25,Pokémon,2002/05/24,"tcgplayer,cardmarket",https://prices.pokemontcg.io/tcgplayer/base6-86,https://images.pokemontcg.io/base6/86_hires.png,2026/08/08,2026/02/01,6.6,2.0,4.190000057220459,78.33999633789062,,799.99,,,,3.7489,0.4614,3.6566,346.05,1.7302000522613525,3.968,5.0754,461.4,341.3206,227.5509,1.1535,2026-08-09
ex8-90,Professor Cozmo's Discovery,normal,Deoxys,90,Uncommon,Ken Sugimori,Supporter,,Trainer,2005/02/01,"tcgplayer,cardmarket",https://prices.pokemontcg.io/tcgplayer/ex8-90,https://images.pokemontcg.io/ex8/90_hires.png,2026/08/08,2026/02/01,0.52,0.11999999731779099,0.46000000834465027,20.329999923706055,,7.35,,,,0.2538,0.0231,0.173,4.0373,0.11540000140666962,0.2653,0.4153,5.7675,3.8181,4.6947,1.1535,2026-08-09
ex5-84,Ancient Technical Machine [Ice],normal,Hidden Legends,84,Uncommon,Mitsuhiro Arita,Technical Machine,,Trainer,2004/06/01,"tcgplayer,cardmarket",https://prices.pokemontcg.io/tcgplayer/ex5-84,https://images.pokemontcg.io/ex5/84_hires.png,2026/08/08,2026/02/01,0.75,0.3499999940395355,0.75,19.979999542236328,,2.28,,,,0.9574,0.173,1.0381,1.7764,0.46140000224113464,0.8305,0.8882,0.5652,1.6264,2.0417,1.1535,2026-08-09
col1-91,Lightning Energy,normal,Call of Legends,91,Common,,Basic,,Energy,2011/02/09,"tcgplayer,cardmarket",https://prices.pokemontcg.io/tcgplayer/col1-91,https://images.pokemontcg.io/col1/91_hires.png,2026/08/08,2026/01/16,75.0,58.0,404.0,750.0,114.59,,,,,23.07,43.833,69.7521,0.0,23.06999969482422,60.9509,49.1391,8.063,7.4862,7.417,1.1535,2026-08-09
xy9-82,Clefable,normal,BREAKpoint,82,Rare,Sanosuke Sakuma,Stage 1,36,Pokémon,2016/02/03,"tcgplayer,cardmarket",https://prices.pokemontcg.io/tcgplayer/xy9-82,https://images.pokemontcg.io/xy9/82_hires.png,2026/08/08,2026/01/16,0.97,0.4000000059604645,0.9700000286102295,19.979999542236328,,2.8,,,,0.5998,0.0923,0.4614,2.4339,0.34599998593330383,0.346,0.5652,3.795,1.9956,1.5111,1.1535,2026-08-09
bw3-88,Haxorus,holofoil,Noble Victories,88,Rare Holo,Kouki Saitou,Stage 2,612,Pokémon,2011/11/16,"tcgplayer,cardmarket",https://prices.pokemontcg.io/tcgplayer/bw3-88,https://images.pokemontcg.io/bw3/88_hires.png,2026/08/08,2026/01/16,4.2,2.5,4.679999828338623,94.91999816894531,,13.18,,,,0.4614,0.1154,6.2981,0.0,3.4489998817443848,3.299,5.0869,5.7675,3.4259,4.5102,1.1535,2026-08-09
sm7-91,Mawile,normal,Celestial Storm,91,Uncommon,Kagemaru Himeno,Basic,303,Pokémon,2018/08/03,"tcgplayer,cardmarket",https://prices.pokemontcg.io/tcgplayer/sm7-91,https://images.pokemontcg.io/sm7/91_hires.png,2026/08/08,2026/01/16,0.38,0.12999999523162842,0.3700000047683716,1.6399999856948853,,0.5,,,,0.2076,0.0231,0.1961,0.2999,0.40369999408721924,0.2076,0.1615,0.5767,0.5652,0.5767,1.1535,2026-08-09
ex7-89,Rocket's Poké Ball,normal,Team Rocket Returns,89,Uncommon,Ryo Ueda,Item,,Trainer,2004/11/01,"tcgplayer,cardmarket",https://prices.pokemontcg.io/tcgplayer/ex7-89,https://images.pokemontcg.io/ex7/89_hires.png,2026/08/08,2026/01/19,5.69,3.859999895095825,5.670000076293945,46.400001525878906,,30.79,,,,2.8491,0.346,2.6761,23.07,0.6920999884605408,2.3301,2.3762,23.07,26.1614,17.5793,1.1535,2026-08-09
base1-94,Potion,normal,Base,94,Common,Keiji Kinebuchi,,,Trainer,1999/01/09,"tcgplayer,cardmarket",https://prices.pokemontcg.io/tcgplayer/base1-94,https://images.pokemontcg.io/base1/94_hires.png,2026/08/08,2026/02/01,0.33,0.009999999776482582,0.2800000011920929,15.260000228881836,,,,,,0.2999,0.0231,0.4037,0.0,0.06920000165700912,0.2538,0.3114,0.346,0.346,0.346,1.1535,2026-08-09
bw1-89,Cinccino,normal,Black & White,89,Rare,Kagemaru Himeno,Stage 1,573,Pokémon,2011/04/25,"tcgplayer,cardmarket",https://prices.pokemontcg.io/tcgplayer/bw1-89,https://images.pokemontcg.io/bw1/89_hires.png,2026/08/08,2026/01/16,1.5,0.4000000059604645,1.0,19.3799991607666,,5.25,,,,0.5767,0.0231,0.5537,1.3957,0.3230000138282776,0.5998,0.5075,0.5537,1.1189,1.4303,1.1535,2026-08-09
xy1-93,Aromatisse,holofoil,XY,93,Rare Holo,5ban Graphics,Stage 1,683,Pokémon,2014/02/05,"tcgplayer,cardmarket",https://prices.pokemontcg.io/tcgplayer/xy1-93,https://images.pokemontcg.io/xy1/93_hires.png,2026/08/08,2026/01/16,1.8,0.9800000190734863,1.7599999904632568,27.100000381469727,,3.54,,,,2.2032,0.346,1.9379,5.4791,1.7302000522613525,1.4419,1.6726,9.228,3.472,3.3336,1.1535,2026-08-09
gym1-94,Sabrina's Mr. Mime,unlimited,Gym Heroes,94,Common,Ken Sugimori,Basic,122,Pokémon,2000/08/14,"tcgplayer,cardmarket",https://prices.pokemontcg.io/tcgplayer/gym1-94,https://images.pokemontcg.io/gym1/94_hires.png,2026/08/08,2026/01/19,1.77,0.7400000095367432,1.5499999523162842,42.83000183105469,,,,,"{""1stEdition"": {""low"": 2.22, ""mid"": 5.11, ""high"": 30.47, ""market"": 5.12, ""directLow"": 3.74}}",2.5838,0.1038,3.9565,0.0,1.003499984741211,5.1907,2.2263,3.4605,3.4605,3.4605,1.1535,2026-08-09
sm12-95,Oricorio-GX,holofoil,Cosmic Eclipse,95,Rare Holo GX,aky CG Works,Basic|GX,741,Pokémon,2019/11/01,"tcgplayer,cardmarket",https://prices.pokemontcg.io/tcgplayer/sm12-95,https://images.pokemontcg.io/sm12/95_hires.png,2026/08/08,2026/01/16,2.53,1.9600000381469727,2.7899999618530273,911.6699829101562,,,,,,2.1916,1.0381,2.3185,0.0,2.249300003051758,2.5838,2.0878,4.0373,4.0488,3.8527,1.1535,2026-08-09
g1-77,Water Energy,normal,Generations,77,Common,,Basic,,Energy,2016/02/22,"tcgplayer,cardmarket",https://prices.pokemontcg.io/tcgplayer/g1-77,https://images.pokemontcg.io/g1/77_hires.png,2026/08/08,2026/02/01,0.72,0.4099999964237213,0.75,21.989999771118164,,7.75,,,,0.0,0.2192,0.0577,0.0,0.05770000070333481,0.0577,0.0577,0.0,0.0,0.0,1.1535,2026-08-09
pl3-88,Yanma,normal,Supreme Victors,88,Uncommon,Midori Harada,Basic,193,Pokémon,2009/08/19,"tcgplayer,cardmarket",https://prices.pokemontcg.io/tcgplayer/pl3-88,https://images.pokemontcg.io/pl3/88_hires.png,2026/08/08,2026/01/16,0.4,0.25,0.46000000834465027,19.979999542236328,,2.89,,,,0.5652,0.0346,0.323,3.1029,0.8651000261306763,0.4268,0.3691,3.1029,2.4339,1.4995,1.1535,2026-08-09
neo1-84,Ecogym,unlimited,Neo Genesis,84,Rare,"Shin-ichi Yoshikawa, CR CG gangs",Stadium,,Trainer,2000/12/16,"tcgplayer,cardmarket",https://prices.pokemontcg.io/tcgplayer/neo1-84,https://images.pokemontcg.io/neo1/84_hires.png,2026/08/08,2026/02/01,3.28,1.399999976158142,3.0,32.4900016784668,,,,,"{""1stEdition"": {""low"": 2.68, ""mid"": 4.0, ""high"": 53.8, ""market"": 4.4, ""directLow"": null}}",2.653,0.2307,3.2644,0.0,1.7417999505996704,2.803,2.8491,2.307,2.3993,2.3993,1.1535,2026-08-09
xyp-XY83,Arceus,holofoil,XY Black Star Promos,XY83,Promo,Shin Nagasawa,Basic,493,Pokémon,2013/10/12,"tcgplayer,cardmarket",https://prices.pokemontcg.io/tcgplayer/xyp-XY83,https://images.pokemontcg.io/xyp/XY83_hires.png,2026/08/08,2026/01/16,72.33,45.9900016784668,74.98999786376953,309.8999938964844,,,,,,51.2154,4.614,40.5686,0.0,10.958200454711914,34.8357,42.8871,10.37,13.2768,12.9307,1.1535,2026-08-09
xy12-88,Switch,normal,Evolutions,88,Uncommon,Keiji Kinebuchi,Item,,Trainer,2016/11/02,"tcgplayer,cardmarket",https://prices.pokemontcg.io/tcgplayer/xy12-88,https://images.pokemontcg.io/xy12/88_hires.png,2026/08/08,2026/01/16,0.21,0.019999999552965164,0.20999999344348907,19.979999542236328,,0.38,,,,0.1615,0.0231,0.1961,0.6229,0.20759999752044678,0.2538,0.1384,0.4845,0.6575,0.6114,1.1535,2026-08-09
hgss4-89,Twins,normal,HS—Triumphant,89,Uncommon,Kanako Eo,Supporter,,Trainer,2010/11/03,"tcgplayer,cardmarket",https://prices.pokemontcg.io/tcgplayer/hgss4-89,https://images.pokemontcg.io/hgss4/89_hires.png,2026/08/08,2026/01/16,3.88,2.6700000762939453,4.099999904632568,28.0,,7.09,,,,0.5537,0.0231,0.6114,4.0373,0.6805999875068665,0.5652,0.5306,2.307,3.6797,2.6184,1.1535,2026-08-09
hgss3-90,Rayquaza & Deoxys LEGEND,holofoil,HS—Undaunted,90,LEGEND,Shinji Higuchi + Sachiko Eba,LEGEND,384|386,Pokémon,2010/08/18,"tcgplayer,cardmarket",https://prices.pokemontcg.io/tcgplayer/hgss3-90,https://images.pokemontcg.io/hgss3/90_hires.png,2026/08/08,2026/01/16,264.3,300.0,799.989990234375,2996.3798828125,,,,,,50.4426,5.756,55.9794,0.0,43.82149887084961,52.0575,46.7052,28.8375,24.6964,17.291,1.1535,2026-08-09
xy8-87,Hawlucha,normal,BREAKthrough,87,Rare,match,Basic,701,Pokémon,2015/11/04,"tcgplayer,cardmarket",https://prices.pokemontcg.io/tcgplayer/xy8-87,https://images.pokemontcg.io/xy8/87_hires.png,2026/08/08,2026/01/16,0.39,0.09000000357627869,0.38999998569488525,18.280000686645508,,0.77,,,,0.346,0.0692,0.4383,3.1029,0.12690000236034393,0.4499,0.4729,3.1029,1.5342,1.7418,1.1535,2026-08-09
ex11-87,Weedle,normal,Delta Species,87,Common,Atsuko Nishida,Basic,13,Pokémon,2005/10/31,"tcgplayer,cardmarket",https://prices.pokemontcg.io/tcgplayer/ex11-87,https://images.pokemontcg.io/ex11/87_hires.png,2026/08/08,2026/02/01,0.56,0.1899999976158142,0.5299999713897705,19.979999542236328,,27.6,,,,0.8536,0.0231,0.3922,2.2955,0.23070000112056732,0.1846,0.5191,11.4773,6.7249,5.756,1.1535,2026-08-09
dp6-90,Cubone,normal,Legends Awakened,90,Common,Kagemaru Himeno,Basic,104,Pokémon,2008/08/01,"tcgplayer,cardmarket",https://prices.pokemontcg.io/tcgplayer/dp6-90,https://images.pokemontcg.io/dp6/90_hires.png,2026/08/08,2026/01/16,2.41,0.8700000047683716,2.390000104904175,19.979999542236328,,,,,,0.2768,0.0231,0.2192,20.1863,0.08070000261068344,0.1846,0.2884,12.6885,9.9432,6.0559,1.1535,2026-08-09
bw4-94,Shaymin-EX,holofoil,Next Destinies,94,Rare Ultra,5ban Graphics,Basic|EX,492,Pokémon,2012/02/08,"tcgplayer,cardmarket",https://prices.pokemontcg.io/tcgplayer/bw4-94,https://images.pokemontcg.io/bw4/94_hires.png,2026/08/08,2026/01/16,165.95,80.0,243.94000244140625,609.6400146484375,,,,,,21.9165,4.6025,23.0931,0.0,25.37700080871582,21.0168,21.2013,18.4445,15.1108,12.0887,1.1535,2026-08-09
pl2-90,Bertha's Warmth,normal,Rising Rivals,90,Uncommon,Ken Sugimori,Supporter,,Trainer,2009/05/16,"tcgplayer,cardmarket",https://prices.pokemontcg.io/tcgplayer/pl2-90,https://images.pokemontcg.io/pl2/90_hires.png,2026/08/08,2026/01/16,0.38,0.15000000596046448,0.4000000059604645,19.979999542236328,,2.75,,,,0.4268,0.0231,0.346,0.0,0.05770000070333481,0.3114,0.3922,0.5191,1.0728,1.3842,1.1535,2026-08-09
bw8-87,Skarmory,normal,Plasma Storm,87,Rare,5ban Graphics,Basic|Team Plasma,227,Pokémon,2013/02/06,"tcgplayer,cardmarket",https://prices.pokemontcg.io/tcgplayer/bw8-87,https://images.pokemontcg.io/bw8/87_hires.png,2026/08/08,2026/01/16,3.17,1.309999942779541,3.4800000190734863,60.599998474121094,,10.41,,,,1.2342,0.346,1.7533,2.2493,0.9919999837875366,1.4534,1.4303,2.2493,2.7107,2.2609,1.1535,2026-08-09
dp1-92,Onix,normal,Diamond & Pearl,92,Common,Ken Sugimori,Basic,95,Pokémon,2007/05/01,"tcgplayer,cardmarket",https://prices.pokemontcg.io/tcgplayer/dp1-92,https://images.pokemontcg.io/dp1/92_hires.png,2026/08/08,2026/01/16,0.39,0.15000000596046448,0.38999998569488525,19.979999542236328,,10.0,,,,0.1615,0.0231,0.15,2.1224,0.05770000070333481,0.173,0.1961,1.6149,1.6149,1.3842,1.1535,2026-08-09
dp4-84,Snubbull,normal,Great Encounters,84,Common,Atsuko Nishida,Basic,209,Pokémon,2008/02/01,"tcgplayer,cardmarket",https://prices.pokemontcg.io/tcgplayer/dp4-84,https://images.pokemontcg.io/dp4/84_hires.png,2026/08/08,2026/02/01,0.54,0.18000000715255737,0.4399999976158142,2.990000009536743,,3.93,,,,0.2768,0.0231,0.2538,1.638,0.11540000140666962,0.1846,0.1846,0.5191,1.0958,1.1881,1.1535,2026-08-09
xy7-92,M Tyranitar-EX,holofoil,Ancient Origins,92,Rare Ultra,5ban Graphics,MEGA|EX,248,Pokémon,2015/08/12,"tcgplayer,cardmarket",https://prices.pokemontcg.io/tcgplayer/xy7-92,https://images.pokemontcg.io/xy7/92_hires.png,2026/08/08,2026/01/16,113.96,74.98999786376953,122.81999969482422,1193.0999755859375,,,,,,80.7219,28.826,82.0946,0.0,103.81500244140625,71.3324,75.2659,36.912,16.5873,14.3149,1.1535,2026-08-09
dp3-96,Natu,normal,Secret Wonders,96,Common,Midori Harada,Basic,177,Pokémon,2007/11/01,"tcgplayer,cardmarket",https://prices.pokemontcg.io/tcgplayer/dp3-96,https://images.pokemontcg.io/dp3/96_hires.png,2026/08/08,2026/01/16,0.33,0.18000000715255737,0.3199999928474426,19.979999542236328,,3.11,,,,0.1269,0.0231,0.1384,2.1801,0.08070000261068344,0.173,0.1846,0.5652,0.9228,0.7959,1.1535,2026-08-09
ex16-82,Sidney's Stadium,normal,Power Keepers,82,Uncommon,Ryo Ueda,Stadium,,Trainer,2007/02/02,"tcgplayer,cardmarket",https://prices.pokemontcg.io/tcgplayer/ex16-82,https://images.pokemontcg.io/ex16/82_hires.png,2026/08/08,2026/02/01,0.6,0.20000000298023224,0.5,19.979999542236328,,4.88,,,,0.2884,0.0231,0.173,2.0186,0.13840000331401825,0.1269,0.2884,2.307,1.9956,2.0994,1.1535,2026-08-09
bw6-90,Garchomp,holofoil,Dragons Exalted,90,Rare Holo,5ban Graphics,Stage 2,445,Pokémon,2012/08/15,"tcgplayer,cardmarket",https://prices.pokemontcg.io/tcgplayer/bw6-90,https://images.pokemontcg.io/bw6/90_hires.png,2026/08/08,2026/01/16,11.48,10.0,12.569999694824219,400.0,,20.88,,,,3.0568,0.346,4.6832,4.7293,2.8722000122070312,3.2759,3.622,5.9982,3.5528,4.2218,1.1535,2026-08-09
sm11-86,Giratina,holofoil,Unified Minds,86,Rare Holo,Misa Tsutsui,Basic,487,Pokémon,2019/08/02,"tcgplayer,cardmarket",https://prices.pokemontcg.io/tcgplayer/sm11-86,https://images.pokemontcg.io/sm11/86_hires.png,2026/08/08,2026/01/16,6.82,3.740000009536743,6.71999979019165,15.0,,6.34,,,,3.3451,1.142,3.6105,7.9707,5.467599868774414,4.4064,3.968,4.5563,6.9671,4.5333,1.1535,2026-08-09
swsh3-85,Dugtrio,normal,Darkness Ablaze,85,Uncommon,Yukiko Baba,Stage 1,51,Pokémon,2020/08/14,"tcgplayer,cardmarket",https://prices.pokemontcg.io/tcgplayer/swsh3-85,https://images.pokemontcg.io/swsh3/85_hires.png,2026/08/08,2026/01/16,0.07,0.019999999552965164,0.1899999976158142,25.079999923706055,,0.29,,,,0.0923,0.0231,0.1154,0.2768,0.23070000112056732,0.0692,0.0807,0.173,0.2307,0.2422,1.1535,2026-08-09
sm6-84,Flabébé,normal,Forbidden Light,84,Common,Ken Sugimori,Basic,669,Pokémon,2018/05/04,"tcgplayer,cardmarket",https://prices.pokemontcg.io/tcgplayer/sm6-84,https://images.pokemontcg.io/sm6/84_hires.png,2026/08/08,2026/01/16,0.46,0.20000000298023224,0.41999998688697815,19.979999542236328,,1.57,,,,0.1038,0.0231,0.1615,0.346,0.17299999296665192,0.1961,0.15,0.7728,0.5767,0.5537,1.1535,2026-08-09
ecard2-66,Wooper,normal,Aquapolis,66,Uncommon,Atsuko Nishida,Basic,194,Pokémon,2003/01/15,"tcgplayer,cardmarket",https://prices.pokemontcg.io/tcgplayer/ecard2-66,https://images.pokemontcg.io/ecard2/66_hires.png,2026/08/08,2026/01/16,92.23,67.69000244140625,119.98999786376953,1309.800048828125,,250.0,,,,24.7887,3.4605,12.0887,31.5944,8.07450008392334,14.0842,14.3841,56.5215,36.0469,18.3522,1.1535,2026-08-09
ex2-84,Wingull,normal,Sandstorm,84,Common,Kagemaru Himeno,Basic,278,Pokémon,2003/09/18,"tcgplayer,cardmarket",https://prices.pokemontcg.io/tcgplayer/ex2-84,https://images.pokemontcg.io/ex2/84_hires.png,2026/08/08,2026/02/01,0.79,0.44999998807907104,0.7599999904632568,20.899999618530273,,10.62,,,,0.3576,0.0231,0.3691,0.0,0.34599998593330383,0.2884,0.346,4.96,4.0026,2.9645,1.1535,2026-08-09
xy3-78,Lickitung,normal,Furious Fists,78,Common,Masakazu Fukuda,Basic,108,Pokémon,2014/08/13,"tcgplayer,cardmarket",https://prices.pokemontcg.io/tcgplayer/xy3-78,https://images.pokemontcg.io/xy3/78_hires.png,2026/08/08,2026/01/16,0.29,0.019999999552965164,0.28999999165534973,14.989999771118164,,0.63,,,,0.15,0.0231,0.2076,0.7498,0.11540000140666962,0.1961,0.1269,0.6806,0.7382,0.4499,1.1535,2026-08-09
ecard3-57,Gastly,normal,Skyridge,57,Common,Kyoko Umemoto,Basic,92,Pokémon,2003/05/12,"tcgplayer,cardmarket",https://prices.pokemontcg.io/tcgplayer/ecard3-57,https://images.pokemontcg.io/ecard3/57_hires.png,2026/08/08,2026/02/01,33.85,87.0,120.0,315.0,,175.0,,,,5.5022,1.1535,6.3212,25.9537,1.6726000308990479,5.4215,5.4099,28.8375,20.5784,17.7524,1.1535,2026-08-09
pl1-91,Riolu,normal,Platinum,91,Common,Kouki Saitou,Basic,447,Pokémon,2009/02/11,"tcgplayer,cardmarket",https://prices.pokemontcg.io/tcgplayer/pl1-91,https://images.pokemontcg.io/pl1/91_hires.png,2026/08/08,2026/01/16,0.58,0.15000000596046448,0.5099999904632568,4.989999771118164,,17.31,,,,0.2999,0.0231,0.173,0.9113,0.12690000236034393,0.1269,0.2307,1.7187,1.315,1.2112,1.1535,2026-08-09
bw7-94,Scizor,holofoil,Boundaries Crossed,94,Rare Holo,Hiroki Asanuma,Stage 1,212,Pokémon,2012/11/07,"tcgplayer,cardmarket",https://prices.pokemontcg.io/tcgplayer/bw7-94,https://images.pokemontcg.io/bw7/94_hires.png,2026/08/08,2026/01/16,10.34,6.25,12.1899995803833,83.56999969482422,,30.16,,,,3.1837,1.1535,3.8181,6.8172,4.129499912261963,3.2298,4.7524,4.0949,8.7205,5.3292,1.1535,2026-08-09
dp7-83,Energy Link,normal,Stormfront,83,Uncommon,Ryo Ueda,Pokémon Tool,,Trainer,2008/11/01,"tcgplayer,cardmarket",https://prices.pokemontcg.io/tcgplayer/dp7-83,https://images.pokemontcg.io/dp7/83_hires.png,2026/08/08,2026/01/19,0.41,0.15000000596046448,0.4099999964237213,19.979999542236328,,1.57,,,,0.2307,0.0346,0.2653,1.1535,0.4499000012874603,0.2192,0.2192,0.8074,0.9228,0.9113,1.1535,2026-08-09
neo4-91,Vulpix,unlimited,Neo Destiny,91,Common,Masako Yamashita,Basic,37,Pokémon,2002/02/28,"tcgplayer,cardmarket",https://prices.pokemontcg.io/tcgplayer/neo4-91,https://images.pokemontcg.io/neo4/91_hires.png,2026/08/08,2026/02/01,3.4,1.4800000190734863,3.0199999809265137,28.200000762939453,,,,,"{""1stEdition"": {""low"": 20.0, ""mid"": 30.25, ""high"": 135.5, ""market"": 15.13, ""directLow"": null}}",2.1224,0.1038,2.6877,0.0,0.5536999702453613,2.976,1.984,0.0,0.0,0.0,1.1535,2026-08-09
ex14-87,Potion,normal,Crystal Guardians,87,Common,Shin-ichi Yoshikawa,Item,,Trainer,2006/08/01,"tcgplayer,cardmarket",https://prices.pokemontcg.io/tcgplayer/ex14-87,https://images.pokemontcg.io/ex14/87_hires.png,2026/08/08,2026/02/01,0.1,0.019999999552965164,0.23000000417232513,16.6200008392334,,2.88,,,,0.0807,0.0231,0.0577,1.5918,0.13840000331401825,0.1269,0.1038,2.9414,1.488,2.8376,1.1535,2026-08-09
ex15-80,Professor Oak's Research,normal,Dragon Frontiers,80,Uncommon,Ken Sugimori,Supporter,,Trainer,2006/11/01,"tcgplayer,cardmarket",https://prices.pokemontcg.io/tcgplayer/ex15-80,https://images.pokemontcg.io/ex15/80_hires.png,2026/08/08,2026/02/01,0.92,0.7300000190734863,1.090000033378601,19.979999542236328,,4.79,,,,0.9228,0.0692,1.4534,2.7684,5.75600004196167,1.5688,1.142,3.4605,3.1029,4.4179,1.1535,2026-08-09
gym2-96,Sabrina's Gastly,unlimited,Gym Challenge,96,Common,Ken Sugimori,Basic,92,Pokémon,2000/10/16,"tcgplayer,cardmarket",https://prices.pokemontcg.io/tcgplayer/gym2-96,https://images.pokemontcg.io/gym2/96_hires.png,2026/08/08,2026/02/01,3.44,0.8700000047683716,2.5999999046325684,96.94999694824219,,,,,"{""1stEdition"": {""low"": 10.0, ""mid"": 16.22, ""high"": 71.9, ""market"": 15.16, ""directLow"": 71.9}}",1.638,0.173,1.8225,0.0,0.8651000261306763,1.5457,1.6264,0.0,0.0,0.0,1.1535,2026-08-09
smp-SM85,Marshadow,holofoil,SM Black Star Promos,SM85,Promo,Emi Ando,Basic,802,Pokémon,2017/02/03,"tcgplayer,cardmarket",https://prices.pokemontcg.io/tcgplayer/smp-SM85,https://images.pokemontcg.io/smp/SM85_hires.png,2026/08/08,2026/01/16,4.19,2.0,4.0,25.0,,,,,,1.5572,0.323,1.5803,0.0,1.0151000022888184,1.3957,2.4108,2.2955,1.3727,1.638,1.1535,2026-08-09
sma-SV86,Lady,holofoil,Hidden Fates Shiny Vault,SV86,Rare Ultra,Kanako Eo,Supporter,,Trainer,2019/08/23,"tcgplayer,cardmarket",https://prices.pokemontcg.io/tcgplayer/sma-SV86,https://images.pokemontcg.io/sma/SV86_hires.png,2026/08/08,2026/01/16,15.46,13.9399995803833,16.6299991607666,131.22000122070312,,,,,,15.7107,12.6885,21.755,0.0,31.721200942993164,24.1889,19.6326,17.3025,20.613,23.4853,1.1535,2026-08-09
xy2-101,Magnezone-EX,holofoil,Flashfire,101,Rare Ultra,Ryo Ueda,Basic|EX,462,Pokémon,2014/05/07,"tcgplayer,cardmarket",https://prices.pokemontcg.io/tcgplayer/xy2-101,https://images.pokemontcg.io/xy2/101_hires.png,2026/08/08,2026/01/16,17.87,9.239999771118164,12.0,199.89999389648438,,,,,,10.3123,2.2955,10.1854,0.0,11.650300025939941,9.0204,12.0771,6.921,13.692,7.9938,1.1535,2026-08-09
ex4-93,Sceptile ex,holofoil,Team Magma vs Team Aqua,93,Rare Holo EX,Hikaru Koike,Stage 2|ex,254,Pokémon,2004/03/01,"tcgplayer,cardmarket",https://prices.pokemontcg.io/tcgplayer/ex4-93,https://images.pokemontcg.io/ex4/93_hires.png,2026/08/08,2026/02/01,249.99,174.9499969482422,337.4700012207031,499.989990234375,,,,,,145.5025,16.149,128.3384,0.0,472.93499755859375,162.0898,89.1309,8.063,37.1427,28.2031,1.1535,2026-08-09
hgss1-99,Pokémon Reversal,normal,HeartGold & SoulSilver,99,Uncommon,Wataru Kawahara,Item,,Trainer,2010/02/10,"tcgplayer,cardmarket",https://prices.pokemontcg.io/tcgplayer/hgss1-99,https://images.pokemontcg.io/hgss1/99_hires.png,2026/08/08,2026/01/16,1.78,0.5400000214576721,0.949999988079071,20.0,,6.7,,,,0.646,0.0231,0.2538,0.9574,0.11540000140666962,0.2422,0.346,2.307,1.5342,2.0417,1.1535,2026-08-09
dp5-87,Super Scoop Up,normal,Majestic Dawn,87,Uncommon,Shizurow,Item,,Trainer,2008/05/01,"tcgplayer,cardmarket",https://prices.pokemontcg.io/tcgplayer/dp5-87,https://images.pokemontcg.io/dp5/87_hires.png,2026/08/08,2026/01/16,1.4,1.0099999904632568,1.7899999618530273,18.139999389648438,,4.81,,,,0.323,0.0231,0.5191,1.7302,0.2768000066280365,0.346,0.4037,0.5883,1.1535,1.5572,1.1535,2026-08-09
ex3-92,Kingdra ex,holofoil,Dragon,92,Rare Holo EX,Hikaru Koike,Stage 2|ex,230,Pokémon,2003/11/24,"tcgplayer,cardmarket",https://prices.pokemontcg.io/tcgplayer/ex3-92,https://images.pokemontcg.io/ex3/92_hires.png,2026/08/08,2026/02/01,85.21,99.98999786376953,490.2200012207031,855.0,,,,,,37.2811,5.6522,29.7372,0.0,29.414199829101562,32.5518,34.778,3.4605,17.5101,15.3992,1.1535,2026-08-09
bw11-94,Gible,normal,Legendary Treasures,94,Common,sui,Basic,443,Pokémon,2013/11/06,"tcgplayer,cardmarket",https://prices.pokemontcg.io/tcgplayer/bw11-94,https://images.pokemontcg.io/bw11/94_hires.png,2026/08/08,2026/01/16,0.71,0.25,0.7099999785423279,19.979999542236328,,5.97,,,,2.0532,0.1154,2.2724,9.228,2.2955000400543213,2.8491,1.3727,9.228,7.9822,4.6947,1.1535,2026-08-09
bw2-83,Audino,normal,Emerging Powers,83,Uncommon,Kagemaru Himeno,Basic,531,Pokémon,2011/08/31,"tcgplayer,cardmarket",https://prices.pokemontcg.io/tcgplayer/bw2-83,https://images.pokemontcg.io/bw2/83_hires.png,2026/08/08,2026/01/16,0.64,0.20000000298023224,0.6000000238418579,19.979999542236328,,0.98,,,,0.1615,0.0231,0.2307,0.6921,0.51910001039505,0.2192,0.1961,1.0958,0.8767,0.7036,1.1535,2026-08-09
xy10-87,Minccino,normal,Fates Collide,87,Common,Mizue,Basic,572,Pokémon,2016/05/02,"tcgplayer,cardmarket",https://prices.pokemontcg.io/tcgplayer/xy10-87,https://images.pokemontcg.io/xy10/87_hires.png,2026/08/08,2026/01/16,0.19,0.05000000074505806,0.23999999463558197,1000.0,,0.53,,,,0.1038,0.0231,0.1038,0.2884,0.06920000165700912,0.0807,0.0923,0.3576,0.4614,0.5883,1.1535,2026-08-09
smp-SM86,Pikachu,holofoil,SM Black Star Promos,SM86,Promo,kodama,Basic,25,Pokémon,2017/02/03,"tcgplayer,cardmarket",https://prices.pokemontcg.io/tcgplayer/smp-SM86,https://images.pokemontcg.io/smp/SM86_hires.png,2026/08/08,2026/01/16,32.93,18.5,35.0,498.4599914550781,,,,,,23.7967,4.441,26.2075,0.0,18.398300170898438,20.7399,22.1011,11.535,13.5767,10.8083,1.1535,2026-08-09
hgss2-92,Raikou & Suicune LEGEND,holofoil,HS—Unleashed,92,LEGEND,Shinji Higuchi + Noriko Takaya,LEGEND,243|245,Pokémon,2010/05/12,"tcgplayer,cardmarket",https://prices.pokemontcg.io/tcgplayer/hgss2-92,https://images.pokemontcg.io/hgss2/92_hires.png,2026/08/08,2026/01/16,164.14,197.72000122070312,300.0,1514.0,,,,,,49.6351,9.228,54.2145,0.0,69.20999908447266,43.8099,43.9137,6.7941,19.4941,16.472,1.1535,2026-08-09
hgss1-100,Professor Elm's Training Method,normal,HeartGold & SoulSilver,100,Uncommon,Ken Sugimori,Supporter,,Trainer,2010/02/10,"tcgplayer,cardmarket",https://prices.pokemontcg.io/tcgplayer/hgss1-100,https://images.pokemontcg.io/hgss1/100_hires.png,2026/08/08,2026/01/16,0.34,0.11999999731779099,0.3400000035762787,2.2300000190734863,,2.74,,,,0.2192,0.0231,0.173,1.5457,0.24220000207424164,0.1961,0.1384,3.3336,2.8145,2.5608,1.1535,2026-08-09
base6-87,Ponyta,normal,Legendary Collection,87,Common,Ken Sugimori,Basic,77,Pokémon,2002/05/24,"tcgplayer,cardmarket",https://prices.pokemontcg.io/tcgplayer/base6-87,https://images.pokemontcg.io/base6/87_hires.png,2026/08/08,2026/02/01,0.67,0.029999999329447746,0.6100000143051147,2.990000009536743,,51.48,,,,0.4499,0.0231,0.4153,78.0919,0.23070000112056732,0.2999,0.3576,248.0025,94.8869,51.0539,1.1535,2026-08-09
ecard3-58,Girafarig,normal,Skyridge,58,Common,Yukiko Baba,Basic,203,Pokémon,2003/05/12,"tcgplayer,cardmarket",https://prices.pokemontcg.io/tcgplayer/ecard3-58,https://images.pokemontcg.io/ecard3/58_hires.png,2026/08/08,2026/02/01,12.11,8.0,12.619999885559082,120.0,,57.5,,,,3.2875,0.5767,3.6451,0.0,5.190700054168701,3.4144,2.803,28.8375,15.4684,9.2972,1.1535,2026-08-09
dp1-93,Piplup,normal,Diamond & Pearl,93,Common,Ken Sugimori,Basic,393,Pokémon,2007/05/01,"tcgplayer,cardmarket",https://prices.pokemontcg.io/tcgplayer/dp1-93,https://images.pokemontcg.io/dp1/93_hires.png,2026/08/08,2026/01/16,2.41,0.25,0.8399999737739563,19.989999771118164,,28.45,,,,0.5537,0.0231,0.3114,2.134,0.7498000264167786,0.2884,0.4729,2.307,2.8491,2.4108,1.1535,2026-08-09
xy4-85,Exploud,normal,Phantom Forces,85,Rare,Kouki Saitou,Stage 2,295,Pokémon,2014/11/05,"tcgplayer,cardmarket",https://prices.pokemontcg.io/tcgplayer/xy4-85,https://images.pokemontcg.io/xy4/85_hires.png,2026/08/08,2026/01/16,0.38,0.03999999910593033,0.3799999952316284,19.979999542236328,,0.65,,,,0.4037,0.0577,0.5998,1.2342,0.23070000112056732,0.5652,0.5306,1.6034,0.9113,0.9805,1.1535,2026-08-09
bw1-90,Bouffalant,normal,Black & White,90,Uncommon,Naoki Saito,Basic,626,Pokémon,2011/04/25,"tcgplayer,cardmarket",https://prices.pokemontcg.io/tcgplayer/bw1-90,https://images.pokemontcg.io/bw1/90_hires.png,2026/08/08,2026/01/16,0.3,0.18000000715255737,0.30000001192092896,19.979999542236328,,2.08,,,,0.4614,0.0231,0.3345,1.2112,0.219200000166893,0.2768,0.3345,0.7498,2.2147,2.2032,1.1535,2026-08-09
bw10-100,Palkia-EX,holofoil,Plasma Blast,100,Rare Ultra,5ban Graphics,Basic|EX|Team Plasma,484,Pokémon,2013/08/14,"tcgplayer,cardmarket",https://prices.pokemontcg.io/tcgplayer/bw10-100,https://images.pokemontcg.io/bw10/100_hires.png,2026/08/08,2026/01/16,541.35,394.95001220703125,462.55999755859375,649.6199951171875,,,,,,69.5214,51.9075,136.2399,0.0,374.88751220703125,153.3463,106.5373,17.1871,22.9431,14.8455,1.1535,2026-08-09
bw3-89,Druddigon,normal,Noble Victories,89,Rare,Masakazu Fukuda,Basic,621,Pokémon,2011/11/16,"tcgplayer,cardmarket",https://prices.pokemontcg.io/tcgplayer/bw3-89,https://images.pokemontcg.io/bw3/89_hires.png,2026/08/08,2026/01/16,0.53,0.30000001192092896,0.5299999713897705,19.979999542236328,,0.88,,,,0.346,0.0231,0.4499,0.7728,0.11540000140666962,0.3922,0.4845,4.6025,1.5572,1.8225,1.1535,2026-08-09
gym1-95,Sabrina's Slowpoke,unlimited,Gym Heroes,95,Common,Ken Sugimori,Basic,79,Pokémon,2000/08/14,"tcgplayer,cardmarket",https://prices.pokemontcg.io/tcgplayer/gym1-95,https://images.pokemontcg.io/gym1/95_hires.png,2026/08/08,2026/01/19,1.81,0.6000000238418579,1.309999942779541,19.979999542236328,,,,,"{""1stEdition"": {""low"": 3.69, ""mid"": 6.19, ""high"": 54.9, ""market"": 6.5, ""directLow"": null}}",1.5342,0.15,1.3957,0.0,0.7152000069618225,1.3727,1.5342,1.1535,1.9263,1.9263,1.1535,2026-08-09
g1-78,Lightning Energy,normal,Generations,78,Common,,Basic,,Energy,2016/02/22,"tcgplayer,cardmarket",https://prices.pokemontcg.io/tcgplayer/g1-78,https://images.pokemontcg.io/g1/78_hires.png,2026/08/08,2026/02/01,0.5,0.25,0.5,1000.0,,5.51,,,,0.3691,0.0231,0.2538,9.228,0.11540000140666962,0.4383,0.2538,9.228,7.2094,6.2174,1.1535,2026-08-09
ex1-80,Energy Removal 2,normal,Ruby & Sapphire,80,Uncommon,Keiji Kinebuchi,Item,,Trainer,2003/07/01,"tcgplayer,cardmarket",https://prices.pokemontcg.io/tcgplayer/ex1-80,https://images.pokemontcg.io/ex1/80_hires.png,2026/08/08,2026/02/19,0.41,0.20000000298023224,0.4300000071525574,20.5,,3.7,,,,0.2768,0.0577,0.5191,0.0,0.57669997215271,0.2999,0.3807,2.2493,5.1792,3.3682,1.1535,2026-08-09
ex8-91,Space Center,normal,Deoxys,91,Uncommon,Ryo Ueda,Stadium,,Trainer,2005/02/01,"tcgplayer,cardmarket",https://prices.pokemontcg.io/tcgplayer/ex8-91,https://images.pokemontcg.io/ex8/91_hires.png,2026/08/08,2026/02/01,2.25,0.8899999856948853,2.119999885559082,16.84000015258789,,15.28,,,,0.9689,0.2192,1.3842,3.4605,1.153499960899353,1.1304,5.26,5.1907,8.6974,7.5208,1.1535,2026-08-09
dp3-97,Nidoran ♂,normal,Secret Wonders,97,Common,Mitsuhiro Arita,Basic,32,Pokémon,2007/11/01,"tcgplayer,cardmarket",https://prices.pokemontcg.io/tcgplayer/dp3-97,https://images.pokemontcg.io/dp3/97_hires.png,2026/08/08,2026/01/16,0.37,0.20000000298023224,0.36000001430511475,19.979999542236328,,2.27,,,,0.2192,0.0231,0.2538,2.307,0.10379999876022339,0.2653,0.2076,4.5448,1.2227,1.5688,1.1535,2026-08-09
base1-95,Switch,normal,Base,95,Common,Keiji Kinebuchi,,,Trainer,1999/01/09,"tcgplayer,cardmarket",https://prices.pokemontcg.io/tcgplayer/base1-95,https://images.pokemontcg.io/base1/95_hires.png,2026/08/08,2026/02/01,0.38,0.029999999329447746,0.3499999940395355,30.0,,,,,,0.4845,0.0231,0.1154,0.0,0.12690000236034393,0.3114,0.4729,1.0266,0.7959,0.7959,1.1535,2026-08-09
sm10-83,Sandshrew,normal,Unbroken Bonds,83,Common,Sekio,Basic,27,Pokémon,2019/05/03,"tcgplayer,cardmarket",https://prices.pokemontcg.io/tcgplayer/sm10-83,https://images.pokemontcg.io/sm10/83_hires.png,2026/08/08,2026/01/16,0.25,0.05000000074505806,0.25,19.979999542236328,,0.44,,,,0.1384,0.0231,0.1038,0.4268,0.17299999296665192,0.1269,0.1269,0.5537,0.3807,0.4037,1.1535,2026-08-09
sm2-89,Clefable,normal,Guardians Rising,89,Uncommon,Miki Tanaka,Stage 1,36,Pokémon,2017/05/05,"tcgplayer,cardmarket",https://prices.pokemontcg.io/tcgplayer/sm2-89,https://images.pokemontcg.io/sm2/89_hires.png,2026/08/08,2026/01/15,0.3,0.10000000149011612,0.4000000059604645,17.84000015258789,,0.68,,,,0.1269,0.0231,0.1038,0.4383,0.06920000165700912,0.1384,0.1154,0.3345,0.4729,0.346,1.1535,2026-08-09
sm3-88a,Darkrai-GX,,Burning Shadows,88a,Rare Holo GX,PLANETA,Basic|GX,491,Pokémon,2017/08/05,cardmarket,https://prices.pokemontcg.io/cardmarket/sm3-88a,https://images.pokemontcg.io/sm3/88a_hires.png,,2026/01/16,,,,,,,,,,6.8633,1.1535,6.9556,0.0,8.016799926757812,7.2901,6.6903,0.0,0.0,0.0,1.1535,2026-08-09
sm5-91,Magearna,normal,Ultra Prism,91,Rare,kawayoo,Basic,801,Pokémon,2018/02/02,"tcgplayer,cardmarket",https://prices.pokemontcg.io/tcgplayer/sm5-91,https://images.pokemontcg.io/sm5/91_hires.png,2026/08/08,2026/01/16,0.21,0.15000000596046448,0.3499999940395355,19.979999542236328,,0.64,,,,0.2884,0.0231,0.2538,0.6229,0.11540000140666962,0.2076,0.4153,0.5767,0.4614,0.5421,1.1535,2026-08-09
col1-92,Psychic Energy,normal,Call of Legends,92,Common,,Basic,,Energy,2011/02/09,"tcgplayer,cardmarket",https://prices.pokemontcg.io/tcgplayer/col1-92,https://images.pokemontcg.io/col1/92_hires.png,2026/08/08,2026/01/16,30.0,2500.0,2500.0,2500.0,77.46,,,,,32.298,0.0231,62.8888,0.0,33.451499938964844,43.5908,30.1986,57.4904,39.8534,29.1374,1.1535,2026-08-09
base6-88,Psyduck,normal,Legendary Collection,88,Common,Mitsuhiro Arita,Basic,54,Pokémon,2002/05/24,"tcgplayer,cardmarket",https://prices.pokemontcg.io/tcgplayer/base6-88,https://images.pokemontcg.io/base6/88_hires.png,2026/08/08,2026/02/01,9.91,3.700000047683716,5.989999771118164,706.5399780273438,,,,,,1.4073,0.1154,1.3496,343.1662,0.6805999875068665,0.9343,1.315,282.6075,158.9984,104.6686,1.1535,2026-08-09
ecard2-67,Aipom,normal,Aquapolis,67,Common,Kagemaru Himeno,Basic,190,Pokémon,2003/01/15,"tcgplayer,cardmarket",https://prices.pokemontcg.io/tcgplayer/ecard2-67,https://images.pokemontcg.io/ecard2/67_hires.png,2026/08/08,2026/01/16,7.19,5.570000171661377,9.489999771118164,52.0,,47.5,,,,1.0381,0.1154,0.7498,0.0,1.0266000032424927,0.9228,1.1535,8.063,4.6255,4.6025,1.1535,2026-08-09
bw9-93,Miltank,normal,Plasma Freeze,93,Uncommon,MAHOU,Basic,241,Pokémon,2013/05/08,"tcgplayer,cardmarket",https://prices.pokemontcg.io/tcgplayer/bw9-93,https://images.pokemontcg.io/bw9/93_hires.png,2026/08/08,2026/01/16,0.66,0.25,0.6499999761581421,17.360000610351562,,3.91,,,,0.4037,0.0231,0.3807,2.307,0.219200000166893,0.3922,0.3345,2.2955,1.0612,0.8882,1.1535,2026-08-09
ex10-92,Solid Rage,normal,Unseen Forces,92,Uncommon,Ryo Ueda,Pokémon Tool,,Trainer,2005/08/01,"tcgplayer,cardmarket",https://prices.pokemontcg.io/tcgplayer/ex10-92,https://images.pokemontcg.io/ex10/92_hires.png,2026/08/08,2026/01/16,0.58,0.5,0.6600000262260437,19.979999542236328,,6.21,,,,1.0381,0.1154,0.9343,6.6326,0.51910001039505,0.7036,0.7959,13.842,6.1828,4.3833,1.1535,2026-08-09
xy5-95,Probopass,normal,Primal Clash,95,Rare,TOKIYA,Stage 1,476,Pokémon,2015/02/04,"tcgplayer,cardmarket",https://prices.pokemontcg.io/tcgplayer/xy5-95,https://images.pokemontcg.io/xy5/95_hires.png,2026/08/08,2026/01/16,0.28,0.10000000149011612,0.2800000011920929,19.979999542236328,,0.55,,,,0.4729,0.0231,0.4383,0.0,0.6805999875068665,0.4268,0.5306,0.5767,0.7498,0.9459,1.1535,2026-08-09
ex6-91,EXP.ALL,normal,FireRed & LeafGreen,91,Uncommon,Keiji Kinebuchi,Pokémon Tool,,Trainer,2004/09/01,"tcgplayer,cardmarket",https://prices.pokemontcg.io/tcgplayer/ex6-91,https://images.pokemontcg.io/ex6/91_hires.png,2026/08/08,2026/02/01,1.16,0.7300000190734863,1.1699999570846558,21.399999618530273,,3.82,,,,1.2458,0.1154,1.4073,0.0,0.5651999711990356,1.4995,1.4649,5.6522,4.0488,3.1145,1.1535,2026-08-09
xyp-XY84,Pikachu-EX,holofoil,XY Black Star Promos,XY84,Promo,Hitoshi Ariga,Basic|EX,25,Pokémon,2013/10/12,"tcgplayer,cardmarket",https://prices.pokemontcg.io/tcgplayer/xyp-XY84,https://images.pokemontcg.io/xyp/XY84_hires.png,2026/08/08,2026/01/16,69.0,68.94999694824219,99.98999786376953,509.79998779296875,,,,,,39.9688,8.0745,37.904,0.0,17.302499771118164,35.8969,37.8694,11.1428,25.7923,18.9635,1.1535,2026-08-09
bw1-91,Bouffalant,normal,Black & White,91,Rare,Kouki Saitou,Basic,626,Pokémon,2011/04/25,"tcgplayer,cardmarket",https://prices.pokemontcg.io/tcgplayer/bw1-91,https://images.pokemontcg.io/bw1/91_hires.png,2026/08/08,2026/01/16,0.99,0.25,0.800000011920929,19.979999542236328,,1.75,,,,1.142,0.0923,1.3957,1.8687,0.11540000140666962,1.1535,1.315,1.7302,1.8456,2.0878,1.1535,2026-08-09
ex4-94,Suicune ex,holofoil,Team Magma vs Team Aqua,94,Rare Holo EX,Ryo Ueda,Basic|ex,245,Pokémon,2004/03/01,"tcgplayer,cardmarket",https://prices.pokemontcg.io/tcgplayer/ex4-94,https://images.pokemontcg.io/ex4/94_hires.png,2026/08/08,2026/02/01,675.99,325.0,562.989990234375,850.0,,,,,,175.978,20.1863,156.2416,0.0,103.81500244140625,165.4004,115.6038,24.2235,37.8925,30.7523,1.1535,2026-08-09
bw6-91,Garchomp,normal,Dragons Exalted,91,Rare,Naoki Saito,Stage 2,445,Pokémon,2012/08/15,"tcgplayer,cardmarket",https://prices.pokemontcg.io/tcgplayer/bw6-91,https://images.pokemontcg.io/bw6/91_hires.png,2026/08/08,2026/01/16,1.71,0.5199999809265137,1.7000000476837158,33.0,,8.91,,,,2.0763,0.0346,2.0763,3.9104,0.34599998593330383,2.3877,1.2227,8.6512,4.1872,2.7915,1.1535,2026-08-09
ex8-92,Strength Charm,normal,Deoxys,92,Uncommon,Keiji Kinebuchi,Pokémon Tool,,Trainer,2005/02/01,"tcgplayer,cardmarket",https://prices.pokemontcg.io/tcgplayer/ex8-92,https://images.pokemontcg.io/ex8/92_hires.png,2026/08/08,2026/02/01,0.49,0.09000000357627869,0.47999998927116394,20.3700008392334,,7.19,,,,0.3576,0.0231,0.323,1.1535,0.23070000112056732,0.3922,0.4268,1.1535,3.5182,5.4676,1.1535,2026-08-09
ex7-90,Rocket's Tricky Gym,normal,Team Rocket Returns,90,Uncommon,Ryo Ueda,Stadium,,Trainer,2004/11/01,"tcgplayer,cardmarket",https://prices.pokemontcg.io/tcgplayer/ex7-90,https://images.pokemontcg.io/ex7/90_hires.png,2026/08/08,2026/01/19,2.89,2.180000066757202,3.109999895095825,95.63999938964844,,19.97,,,,3.2759,1.1535,3.5297,8.0745,3.172100067138672,3.2298,2.8491,8.0745,14.984,9.7009,1.1535,2026-08-09
swsh3-86,Larvitar,normal,Darkness Ablaze,86,Common,Sanosuke Sakuma,Basic,246,Pokémon,2020/08/14,"tcgplayer,cardmarket",https://prices.pokemontcg.io/tcgplayer/swsh3-86,https://images.pokemontcg.io/swsh3/86_hires.png,2026/08/08,2026/01/16,0.05,0.009999999776482582,0.15000000596046448,25.06999969482422,,0.3,,,,0.0461,0.0231,0.1038,0.2307,0.08070000261068344,0.1038,0.0461,0.1154,0.3114,0.2538,1.1535,2026-08-09
xy9-83,Togekiss-EX,holofoil,BREAKpoint,83,Rare Holo EX,Eske Yoshinob,Basic|EX,468,Pokémon,2016/02/03,"tcgplayer,cardmarket",https://prices.pokemontcg.io/tcgplayer/xy9-83,https://images.pokemontcg.io/xy9/83_hires.png,2026/08/08,2026/01/16,4.63,3.700000047683716,4.940000057220459,39.599998474121094,,,,,,3.622,0.5767,3.1721,0.0,3.091399908065796,3.8412,3.5643,5.4791,3.5643,3.3798,1.1535,2026-08-09
dp6-91,Dratini,normal,Legends Awakened,91,Common,Ken Sugimori,Basic,147,Pokémon,2008/08/01,"tcgplayer,cardmarket",https://prices.pokemontcg.io/tcgplayer/dp6-91,https://images.pokemontcg.io/dp6/91_hires.png,2026/08/08,2026/01/16,7.42,8.390000343322754,11.989999771118164,53.0,,18.99,,,,1.1304,0.1615,1.3727,0.0,0.57669997215271,1.5803,0.9805,2.1916,1.8456,2.5262,1.1535,2026-08-09
ex3-93,Latias ex,holofoil,Dragon,93,Rare Holo EX,Ryo Ueda,Basic|ex,380,Pokémon,2003/11/24,"tcgplayer,cardmarket",https://prices.pokemontcg.io/tcgplayer/ex3-93,https://images.pokemontcg.io/ex3/93_hires.png,2026/08/08,2026/02/01,177.0,229.99000549316406,230.97999572753906,399.989990234375,,,,,,454.825,7.9592,443.0247,0.0,57.67499923706055,552.5265,190.1083,49.4851,25.7346,24.558,1.1535,2026-08-09
hgss3-THREE,Alph Lithograph,holofoil,HS—Undaunted,THREE,Rare Secret,Milky Isobe,Item,,Trainer,2010/08/18,"tcgplayer,cardmarket",https://prices.pokemontcg.io/tcgplayer/hgss3-THREE,https://images.pokemontcg.io/hgss3/THREE_hires.png,2026/08/08,2026/01/16,117.33,87.44000244140625,153.24000549316406,1259.9000244140625,,,,,,43.1755,17.3025,49.3467,0.0,51.895999908447266,44.4674,37.8694,14.9955,10.1393,8.0168,1.1535,2026-08-09
xy6-88,Revive,normal,Roaring Skies,88,Uncommon,Toyste Beach,Item,,Trainer,2015/05/06,"tcgplayer,cardmarket",https://prices.pokemontcg.io/tcgplayer/xy6-88,https://images.pokemontcg.io/xy6/88_hires.png,2026/08/08,2026/01/16,0.22,0.009999999776482582,0.25,17.420000076293945,,0.41,,,,0.0923,0.0231,0.1384,1.0612,0.08070000261068344,0.1038,0.15,0.346,0.8074,1.0843,1.1535,2026-08-09
sm4-83,Staraptor,normal,Crimson Invasion,83,Rare,Sekio,Stage 2,398,Pokémon,2017/11/03,"tcgplayer,cardmarket",https://prices.pokemontcg.io/tcgplayer/sm4-83,https://images.pokemontcg.io/sm4/83_hires.png,2026/08/08,2026/01/16,0.28,0.05999999865889549,0.2800000011920929,19.979999542236328,,0.38,,,,1.7187,0.2192,0.6114,0.0,1.7187000513076782,0.9228,0.8421,0.0,0.0,0.0,1.1535,2026-08-09
pl2-91,Flint's Willpower,normal,Rising Rivals,91,Uncommon,Ken Sugimori,Supporter,,Trainer,2009/05/16,"tcgplayer,cardmarket",https://prices.pokemontcg.io/tcgplayer/pl2-91,https://images.pokemontcg.io/pl2/91_hires.png,2026/08/08,2026/01/16,0.31,0.10000000149011612,0.3499999940395355,19.979999542236328,,0.81,,,,0.2884,0.0231,0.4383,2.803,0.05770000070333481,0.3114,0.2768,0.346,1.8571,1.3035,1.1535,2026-08-09
hgss2-93,Raikou & Suicune LEGEND,holofoil,HS—Unleashed,93,LEGEND,Shinji Higuchi + Noriko Takaya,LEGEND,243|245,Pokémon,2010/05/12,"tcgplayer,cardmarket",https://prices.pokemontcg.io/tcgplayer/hgss2-93,https://images.pokemontcg.io/hgss2/93_hires.png,2026/08/08,2026/01/16,152.95,153.3000030517578,200.0,3186.4599609375,,,,,,52.5073,6.921,43.7984,0.0,42.667999267578125,53.6262,51.7806,11.5235,15.5376,16.1951,1.1535,2026-08-09
swsh1-93,Dugtrio,normal,Sword & Shield,93,Uncommon,Kyoko Umemoto,Stage 1,51,Pokémon,2020/02/07,"tcgplayer,cardmarket",https://prices.pokemontcg.io/tcgplayer/swsh1-93,https://images.pokemontcg.io/swsh1/93_hires.png,2026/08/08,2026/01/16,0.21,0.05000000074505806,0.25,19.15999984741211,,0.57,,,,0.1615,0.0231,0.15,1.4995,0.11540000140666962,0.173,0.15,0.5537,1.1189,0.7036,1.1535,2026-08-09
dp1-94,Ponyta,normal,Diamond & Pearl,94,Common,Kagemaru Himeno,Basic,77,Pokémon,2007/05/01,"tcgplayer,cardmarket",https://prices.pokemontcg.io/tcgplayer/dp1-94,https://images.pokemontcg.io/dp1/94_hires.png,2026/08/08,2026/01/16,0.48,0.15000000596046448,0.4000000059604645,19.979999542236328,,5.15,,,,0.1154,0.0231,0.2192,0.5652,0.8651000261306763,0.323,0.15,0.1154,0.6229,1.1535,1.1535,2026-08-09
bw7-95,Skarmory,normal,Boundaries Crossed,95,Uncommon,Masakazu Fukuda,Basic,227,Pokémon,2012/11/07,"tcgplayer,cardmarket",https://prices.pokemontcg.io/tcgplayer/bw7-95,https://images.pokemontcg.io/bw7/95_hires.png,2026/08/08,2026/01/15,0.49,0.20000000298023224,0.4399999976158142,45.0,,2.26,,,,0.2768,0.0577,0.2653,2.2955,0.57669997215271,0.3345,0.323,2.2955,0.992,1.0266,1.1535,2026-08-09
ex14-88,Double Rainbow Energy,normal,Crystal Guardians,88,Rare,Takumi Akabane,Special,,Energy,2006/08/01,"tcgplayer,cardmarket",https://prices.pokemontcg.io/tcgplayer/ex14-88,https://images.pokemontcg.io/ex14/88_hires.png,2026/08/08,2026/02/01,5.25,3.8399999141693115,5.190000057220459,53.0,,10.8,,,,1.8802,0.346,1.7764,2.8838,3.4605000019073486,2.1455,2.8722,2.8838,5.8482,7.6131,1.1535,2026-08-09
ex9-90,Altaria ex,holofoil,Emerald,90,Rare Holo EX,Ryo Ueda,Stage 1|ex,334,Pokémon,2005/05/01,"tcgplayer,cardmarket",https://prices.pokemontcg.io/tcgplayer/ex9-90,https://images.pokemontcg.io/ex9/90_hires.png,2026/08/08,2026/02/01,299.99,1699.9000244140625,1702.8900146484375,1799.989990234375,,,,,,69.6829,10.3815,115.4423,0.0,59.981998443603516,66.3609,100.9543,8.0745,42.668,25.6308,1.1535,2026-08-09
dp3-98,Phanpy,normal,Secret Wonders,98,Common,Kouki Saitou,Basic,231,Pokémon,2007/11/01,"tcgplayer,cardmarket",https://prices.pokemontcg.io/tcgplayer/dp3-98,https://images.pokemontcg.io/dp3/98_hires.png,2026/08/08,2026/01/16,0.44,0.1899999976158142,0.4000000059604645,19.979999542236328,,4.07,,,,0.0807,0.0231,0.15,1.1074,0.51910001039505,0.1269,0.1038,0.4614,1.9494,1.4765,1.1535,2026-08-09
bw2-84,Minccino,normal,Emerging Powers,84,Common,Atsuko Nishida,Basic,572,Pokémon,2011/08/31,"tcgplayer,cardmarket",https://prices.pokemontcg.io/tcgplayer/bw2-84,https://images.pokemontcg.io/bw2/84_hires.png,2026/08/08,2026/01/16,1.33,0.18000000715255737,0.4099999964237213,19.979999542236328,,3.68,,,,0.1615,0.0231,0.1961,0.173,0.23070000112056732,0.1846,0.1615,1.1535,0.7613,0.8767,1.1535,2026-08-09
swsh2-88,Indeedee,normal,Rebel Clash,88,Uncommon,Mizue,Basic,876,Pokémon,2020/05/01,"tcgplayer,cardmarket",https://prices.pokemontcg.io/tcgplayer/swsh2-88,https://images.pokemontcg.io/swsh2/88_hires.png,2026/08/08,2026/01/16,0.13,0.009999999776482582,0.20000000298023224,19.979999542236328,,0.42,,,,0.0923,0.0231,0.0923,0.3691,0.023099999874830246,0.1038,0.0807,0.1154,0.2768,0.2538,1.1535,2026-08-09
xy10-88,Cinccino,normal,Fates Collide,88,Uncommon,MAHOU,Stage 1,573,Pokémon,2016/05/02,"tcgplayer,cardmarket",https://prices.pokemontcg.io/tcgplayer/xy10-88,https://images.pokemontcg.io/xy10/88_hires.png,2026/08/08,2026/01/16,0.43,0.15000000596046448,0.4300000071525574,19.979999542236328,,1.03,,,,0.2768,0.0231,0.2653,0.0,0.219200000166893,0.1384,0.2076,0.2307,0.6806,0.6921,1.1535,2026-08-09
xy8-88,Cacturne,normal,BREAKthrough,88,Uncommon,match,Stage 1,332,Pokémon,2015/11/04,"tcgplayer,cardmarket",https://prices.pokemontcg.io/tcgplayer/xy8-88,https://images.pokemontcg.io/xy8/88_hires.png,2026/08/08,2026/01/16,0.19,0.05000000074505806,0.25,1000.0,,0.63,,,,0.1384,0.0231,0.1615,0.669,0.05770000070333481,0.1384,0.15,0.8651,0.7036,0.7613,1.1535,2026-08-09
gym1-96,Sabrina's Venonat,unlimited,Gym Heroes,96,Common,Ken Sugimori,Basic,48,Pokémon,2000/08/14,"tcgplayer,cardmarket",https://prices.pokemontcg.io/tcgplayer/gym1-96,https://images.pokemontcg.io/gym1/96_hires.png,2026/08/08,2026/01/19,1.35,0.4000000059604645,1.0,19.979999542236328,,,,,"{""1stEdition"": {""low"": 1.5, ""mid"": 4.53, ""high"": 56.9, ""market"": 4.85, ""directLow"": null}}",1.2804,0.1154,1.0266,0.0,0.17299999296665192,1.2689,1.6149,2.307,2.307,2.307,1.1535,2026-08-09
ex11-88,Zubat,normal,Delta Species,88,Common,Tomokazu Komiya,Basic,41,Pokémon,2005/10/31,"tcgplayer,cardmarket",https://prices.pokemontcg.io/tcgplayer/ex11-88,https://images.pokemontcg.io/ex11/88_hires.png,2026/08/08,2026/02/01,1.03,0.10000000149011612,1.0,19.020000457763672,,22.7,,,,0.7382,0.0231,0.4383,8.2821,0.04610000178217888,0.346,0.5767,11.5235,6.8749,6.1828,1.1535,2026-08-09
hgss1-101,Professor Oak's New Theory,normal,HeartGold & SoulSilver,101,Uncommon,Ken Sugimori,Supporter,,Trainer,2010/02/10,"tcgplayer,cardmarket",https://prices.pokemontcg.io/tcgplayer/hgss1-101,https://images.pokemontcg.io/hgss1/101_hires.png,2026/08/08,2026/01/16,0.89,0.25,0.7799999713897705,20.0,,6.92,,,,0.2307,0.0231,0.3114,1.1996,0.23070000112056732,0.2653,0.2307,0.5075,1.0843,2.0186,1.1535,2026-08-09
pl4-94,Arceus LV.X,holofoil,Arceus,94,Rare Holo LV.X,Shizurow,Level-Up,493,Pokémon,2009/11/04,"tcgplayer,cardmarket",https://prices.pokemontcg.io/tcgplayer/pl4-94,https://images.pokemontcg.io/pl4/94_hires.png,2026/08/08,2026/01/16,49.79,59.9900016784668,150.47999572753906,523.5900268554688,,,,,,28.503,5.756,30.3601,0.0,11.246600151062012,21.4551,24.0505,6.921,8.1437,9.5394,1.1535,2026-08-09
xy2-102,Toxicroak-EX,holofoil,Flashfire,102,Rare Ultra,Ryo Ueda,Basic|EX,454,Pokémon,2014/05/07,"tcgplayer,cardmarket",https://prices.pokemontcg.io/tcgplayer/xy2-102,https://images.pokemontcg.io/xy2/102_hires.png,2026/08/08,2026/01/16,23.06,12.0,23.030000686645508,250.0,,,,,,10.7622,4.614,13.196,0.0,7.486199855804443,14.1534,11.1197,17.1871,14.7763,10.5776,1.1535,2026-08-09
neo4-92,Broken Ground Gym,unlimited,Neo Destiny,92,Rare,Tomokazu Komiya,Stadium,,Trainer,2002/02/28,"tcgplayer,cardmarket",https://prices.pokemontcg.io/tcgplayer/neo4-92,https://images.pokemontcg.io/neo4/92_hires.png,2026/08/08,2026/02/01,23.0,20.719999313354492,48.0,64.98999786376953,,,,,"{""1stEdition"": {""low"": 38.26, ""mid"": 100.0, ""high"": 699.9, ""market"": 38.26, ""directLow"": null}}",13.7151,7.9592,14.9032,0.0,14.418700218200684,14.1073,13.2076,3.4605,3.4605,3.4605,1.1535,2026-08-09
bwp-BW82,Deoxys-EX,holofoil,BW Black Star Promos,BW82,Promo,Eske Yoshinob,Basic|EX|Team Plasma,386,Pokémon,2011/03/01,"tcgplayer,cardmarket",https://prices.pokemontcg.io/tcgplayer/bwp-BW82,https://images.pokemontcg.io/bwp/BW82_hires.png,2026/08/08,2026/01/21,23.53,9.6899995803833,23.670000076293945,125.72000122070312,,,,,,8.3975,1.1535,8.9281,0.0,10.358400344848633,11.0159,8.2475,3.4028,3.8065,4.0257,1.1535,2026-08-09
xy1-94,Swirlix,normal,XY,94,Common,5ban Graphics,Basic,684,Pokémon,2014/02/05,"tcgplayer,cardmarket",https://prices.pokemontcg.io/tcgplayer/xy1-94,https://images.pokemontcg.io/xy1/94_hires.png,2026/08/08,2026/01/16,0.31,0.15000000596046448,0.3400000035762787,19.979999542236328,,1.27,,,,0.1038,0.0231,0.2422,1.6726,0.2768000066280365,0.2422,0.1384,1.6726,0.7036,0.6229,1.1535,2026-08-09
sm8-89,Espeon,normal,Lost Thunder,89,Rare,Ryota Murayama,Stage 1,196,Pokémon,2018/11/02,"tcgplayer,cardmarket",https://prices.pokemontcg.io/tcgplayer/sm8-89,https://images.pokemontcg.io/sm8/89_hires.png,2026/08/08,2026/01/16,5.11,2.0,4.039999961853027,31.969999313354492,,9.74,,,,1.4995,0.5767,1.4534,0.0,1.430299997329712,1.3957,1.6149,1.4419,10.0816,7.3939,1.1535,2026-08-09
xy12-89,Venusaur Spirit Link,normal,Evolutions,89,Uncommon,5ban Graphics,Pokémon Tool,,Trainer,2016/11/02,"tcgplayer,cardmarket",https://prices.pokemontcg.io/tcgplayer/xy12-89,https://images.pokemontcg.io/xy12/89_hires.png,2026/08/08,2026/01/16,0.23,0.03999999910593033,0.23999999463558197,19.979999542236328,,1.09,,,,0.2076,0.0231,0.1961,2.3993,0.08070000261068344,0.15,0.1846,1.7302,2.3531,2.653,1.1535,2026-08-09
bw10-101,Iris,holofoil,Plasma Blast,101,Rare Ultra,Kagemaru Himeno,Supporter,,Trainer,2013/08/14,"tcgplayer,cardmarket",https://prices.pokemontcg.io/tcgplayer/bw10-101,https://images.pokemontcg.io/bw10/101_hires.png,2026/08/08,2026/01/16,116.0,88.37999725341797,128.22999572753906,1459.699951171875,,,,,,126.8619,23.07,132.0181,0.0,155.72250366210938,97.3785,107.3678,33.4515,57.179,44.2252,1.1535,2026-08-09
sm1-90,Snubbull,normal,Sun & Moon,90,Common,Tomokazu Komiya,Basic,209,Pokémon,2017/02/03,"tcgplayer,cardmarket",https://prices.pokemontcg.io/tcgplayer/sm1-90,https://images.pokemontcg.io/sm1/90_hires.png,2026/08/08,2026/01/16,0.27,0.10000000149011612,0.3100000023841858,19.760000228881836,,1.05,,,,0.0923,0.0231,0.0807,0.5306,0.09229999780654907,0.0923,0.0923,0.5306,0.5075,0.4499,1.1535,2026-08-09
ex5-85,Ancient Technical Machine [Rock],normal,Hidden Legends,85,Uncommon,Mitsuhiro Arita,Technical Machine,,Trainer,2004/06/01,"tcgplayer,cardmarket",https://prices.pokemontcg.io/tcgplayer/ex5-85,https://images.pokemontcg.io/ex5/85_hires.png,2026/08/08,2026/02/01,2.33,1.5,2.6600000858306885,29.100000381469727,,3.56,,,,1.4534,0.0577,2.3301,0.0,0.28839999437332153,1.0612,1.5688,0.9113,3.4259,3.4951,1.1535,2026-08-09
sm6-85,Floette,normal,Forbidden Light,85,Uncommon,Mina Nakai,Stage 1,670,Pokémon,2018/05/04,"tcgplayer,cardmarket",https://prices.pokemontcg.io/tcgplayer/sm6-85,https://images.pokemontcg.io/sm6/85_hires.png,2026/08/08,2026/01/16,0.52,0.10000000149011612,0.5199999809265137,19.979999542236328,,1.07,,,,0.173,0.0346,0.173,0.346,0.219200000166893,0.1846,0.173,0.2307,0.4383,0.4614,1.1535,2026-08-09
hgss4-90,Rescue Energy,normal,HS—Triumphant,90,Uncommon,Kent Kanetsuna,Special,,Energy,2010/11/03,"tcgplayer,cardmarket",https://prices.pokemontcg.io/tcgplayer/hgss4-90,https://images.pokemontcg.io/hgss4/90_hires.png,2026/08/08,2026/01/16,1.32,0.6800000071525574,1.100000023841858,16.959999084472656,,4.74,,,,0.5767,0.0231,0.7036,2.0302,0.57669997215271,0.4037,0.5191,2.0071,2.2609,1.9609,1.1535,2026-08-09
smp-SM87,Latias,holofoil,SM Black Star Promos,SM87,Promo,Mitsuhiro Arita,Basic,380,Pokémon,2017/02/03,"tcgplayer,cardmarket",https://prices.pokemontcg.io/tcgplayer/smp-SM87,https://images.pokemontcg.io/smp/SM87_hires.png,2026/08/08,2026/01/16,11.78,3.990000009536743,11.989999771118164,79.94999694824219,,,,,,6.1136,0.8651,6.3789,0.0,3.4489998817443848,6.0213,4.8216,2.2493,2.48,1.661,1.1535,2026-08-09
bw4-95,Reshiram-EX,holofoil,Next Destinies,95,Rare Ultra,5ban Graphics,Basic|EX,643,Pokémon,2012/02/08,"tcgplayer,cardmarket",https://prices.pokemontcg.io/tcgplayer/bw4-95,https://images.pokemontcg.io/bw4/95_hires.png,2026/08/08,2026/01/16,178.28,160.0,246.0500030517578,1820.0,,,,,,35.0203,11.5235,17.8792,0.0,115.29229736328125,36.243,57.7788,26.519,22.4586,16.6681,1.1535,2026-08-09
xy4-86,Regigigas,holofoil,Phantom Forces,86,Rare Holo,kawayoo,Basic,486,Pokémon,2014/11/05,"tcgplayer,cardmarket",https://prices.pokemontcg.io/tcgplayer/xy4-86,https://images.pokemontcg.io/xy4/86_hires.png,2026/08/08,2026/01/16,1.13,0.38999998569488525,1.0,19.979999542236328,,1.48,,,,2.5146,0.5767,2.4685,2.2955,2.4800000190734863,2.7799,2.0186,3.9104,2.0532,2.3301,1.1535,2026-08-09
sm12-96,Mimikyu,normal,Cosmic Eclipse,96,Uncommon,HYOGONOSUKE,Basic,778,Pokémon,2019/11/01,"tcgplayer,cardmarket",https://prices.pokemontcg.io/tcgplayer/sm12-96,https://images.pokemontcg.io/sm12/96_hires.png,2026/08/08,2026/01/16,2.38,1.149999976158142,2.859999895095825,33.099998474121094,,12.51,,,,0.2999,0.0807,0.2999,5.2138,0.08070000261068344,0.3345,0.2884,3.1721,5.3984,4.8332,1.1535,2026-08-09
xy7-93,Giratina-EX,holofoil,Ancient Origins,93,Rare Ultra,Ryo Ueda,Basic|EX,487,Pokémon,2015/08/12,"tcgplayer,cardmarket",https://prices.pokemontcg.io/tcgplayer/xy7-93,https://images.pokemontcg.io/xy7/93_hires.png,2026/08/08,2026/01/16,146.81,92.98999786376953,169.33999633789062,996.3400268554688,,,,,,47.2589,43.833,69.9482,0.0,86.51249694824219,50.2234,66.3493,28.826,22.6778,19.0443,1.1535,2026-08-09
g1-79,Psychic Energy,normal,Generations,79,Common,,Basic,,Energy,2016/02/22,"tcgplayer,cardmarket",https://prices.pokemontcg.io/tcgplayer/g1-79,https://images.pokemontcg.io/g1/79_hires.png,2026/08/08,2026/02/01,0.5,0.38999998569488525,0.550000011920929,21.989999771118164,,5.46,,,,0.2538,0.0231,0.7728,11.385,0.11540000140666962,0.992,0.3922,9.6087,10.2431,9.2972,1.1535,2026-08-09
ecard3-59,Gligar,normal,Skyridge,59,Common,Shin-ichi Yoshida,Basic,207,Pokémon,2003/05/12,"tcgplayer,cardmarket",https://prices.pokemontcg.io/tcgplayer/ecard3-59,https://images.pokemontcg.io/ecard3/59_hires.png,2026/08/08,2026/02/01,6.28,7.0,9.630000114440918,61.599998474121094,,41.0,,,,3.1837,0.4499,3.0798,11.4197,3.345099925994873,2.7223,2.7453,11.4197,9.574,8.582,1.1535,2026-08-09
gym2-97,Sabrina's Gastly,unlimited,Gym Challenge,97,Common,Atsuko Nishida,Basic,92,Pokémon,2000/10/16,"tcgplayer,cardmarket",https://prices.pokemontcg.io/tcgplayer/gym2-97,https://images.pokemontcg.io/gym2/97_hires.png,2026/08/08,2026/02/01,4.93,2.5,4.849999904632568,33.099998474121094,,,,,"{""1stEdition"": {""low"": 10.0, ""mid"": 20.0, ""high"": 119.49, ""market"": 14.77, ""directLow"": 118.0}}",5.1215,0.5191,3.968,0.0,3.4605000019073486,4.2449,5.606,0.0,0.0,0.0,1.1535,2026-08-09
dp5-88,Warp Point,normal,Majestic Dawn,88,Uncommon,Ryo Ueda,Item,,Trainer,2008/05/01,"tcgplayer,cardmarket",https://prices.pokemontcg.io/tcgplayer/dp5-88,https://images.pokemontcg.io/dp5/88_hires.png,2026/08/08,2026/01/16,0.75,0.3400000035762787,0.7400000095367432,19.979999542236328,,5.0,,,,0.3114,0.0231,0.4383,1.142,1.7302000522613525,0.346,0.2999,1.4419,1.1996,1.0728,1.1535,2026-08-09
ex16-83,Steven's Advice,normal,Power Keepers,83,Uncommon,Ken Sugimori,Supporter,,Trainer,2007/02/02,"tcgplayer,cardmarket",https://prices.pokemontcg.io/tcgplayer/ex16-83,https://images.pokemontcg.io/ex16/83_hires.png,2026/08/08,2026/02/01,5.36,2.990000009536743,4.849999904632568,69.9000015258789,,12.99,,,,0.4037,0.1384,0.9113,14.4072,0.7382000088691711,1.0151,1.3957,6.6903,7.7861,6.1136,1.1535,2026-08-09
ex15-81,Strength Charm,normal,Dragon Frontiers,81,Uncommon,Shizurow,Pokémon Tool,,Trainer,2006/11/01,"tcgplayer,cardmarket",https://prices.pokemontcg.io/tcgplayer/ex15-81,https://images.pokemontcg.io/ex15/81_hires.png,2026/08/08,2026/01/21,0.54,0.20000000298023224,0.550000011920929,50.0,,2.79,,,,0.2538,0.0346,0.0231,1.1535,0.28839999437332153,0.2653,0.3807,3.3913,2.457,3.3221,1.1535,2026-08-09
bw3-90,Cover Fossil,normal,Noble Victories,90,Uncommon,Ryo Ueda,Item,,Trainer,2011/11/16,"tcgplayer,cardmarket",https://prices.pokemontcg.io/tcgplayer/bw3-90,https://images.pokemontcg.io/bw3/90_hires.png,2026/08/08,2026/01/16,0.3,0.15000000596046448,0.33000001311302185,18.540000915527344,,0.64,,,,0.8421,0.0231,0.4614,4.1757,0.51910001039505,0.5537,0.2999,0.2884,1.8571,0.8767,1.1535,2026-08-09
ecard1-84,Kadabra,normal,Expedition Base Set,84,Uncommon,Hajime Kusajima,Stage 1,64,Pokémon,2002/09/15,"tcgplayer,cardmarket",https://prices.pokemontcg.io/tcgplayer/ecard1-84,https://images.pokemontcg.io/ecard1/84_hires.png,2026/08/08,2026/02/04,9.53,5.5,8.920000076293945,89.98999786376953,,80.0,,,,3.8758,0.3345,2.5262,28.6645,2.814500093460083,2.48,3.8642,10.2661,28.6414,19.0558,1.1535,2026-08-09
sm7-92,Beldum,normal,Celestial Storm,92,Common,Naoyo Kimura,Basic,374,Pokémon,2018/08/03,"tcgplayer,cardmarket",https://prices.pokemontcg.io/tcgplayer/sm7-92,https://images.pokemontcg.io/sm7/92_hires.png,2026/08/08,2026/01/16,0.16,0.009999999776482582,0.20000000298023224,19.979999542236328,,0.5,,,,0.1038,0.0231,0.0807,0.1961,0.08070000261068344,0.1154,0.0807,0.1154,0.323,0.3345,1.1535,2026-08-09
ex13-92,Mysterious Fossil,normal,Holon Phantoms,92,Common,Ryo Ueda,Item,,Trainer,2006/05/01,"tcgplayer,cardmarket",https://prices.pokemontcg.io/tcgplayer/ex13-92,https://images.pokemontcg.io/ex13/92_hires.png,2026/08/08,2026/01/16,0.37,0.07999999821186066,0.33000001311302185,17.420000076293945,,5.12,,,,0.1961,0.0231,0.2653,11.535,0.20759999752044678,0.2999,0.2076,17.3025,6.748,4.5333,1.1535,2026-08-09
sm11-87,Cresselia,normal,Unified Minds,87,Uncommon,Megumi Mizutani,Basic,488,Pokémon,2019/08/02,"tcgplayer,cardmarket",https://prices.pokemontcg.io/tcgplayer/sm11-87,https://images.pokemontcg.io/sm11/87_hires.png,2026/08/08,2026/01/16,0.26,0.10000000149011612,0.27000001072883606,19.979999542236328,,0.53,,,,0.1615,0.0231,0.1038,2.8838,0.05770000070333481,0.0692,0.1615,2.8838,1.142,0.9113,1.1535,2026-08-09
bw8-88,Klink,normal,Plasma Storm,88,Common,Akira Komayama,Basic,599,Pokémon,2013/02/06,"tcgplayer,cardmarket",https://prices.pokemontcg.io/tcgplayer/bw8-88,https://images.pokemontcg.io/bw8/88_hires.png,2026/08/08,2026/01/16,0.2,0.009999999776482582,0.25,19.979999542236328,,0.62,,,,0.173,0.0231,0.2076,2.8838,0.11540000140666962,0.2307,0.173,1.7302,1.8571,1.0612,1.1535,2026-08-09
sma-SV87,Aether Paradise Conservation Area,holofoil,Hidden Fates Shiny Vault,SV87,Rare Secret,5ban Graphics,Stadium,,Trainer,2019/08/23,"tcgplayer,cardmarket",https://prices.pokemontcg.io/tcgplayer/sma-SV87,https://images.pokemontcg.io/sma/SV87_hires.png,2026/08/08,2026/01/16,7.27,5.989999771118164,7.480000019073486,19.690000534057617,,,,,,10.5545,5.756,11.1543,0.0,12.330900192260742,9.7932,10.9698,30.2563,27.0842,30.2563,1.1535,2026-08-09
neo1-85,Energy Charge,unlimited,Neo Genesis,85,Rare,Keiji Kinebuchi,,,Trainer,2000/12/16,"tcgplayer,cardmarket",https://prices.pokemontcg.io/tcgplayer/neo1-85,https://images.pokemontcg.io/neo1/85_hires.png,2026/08/08,2026/02/01,2.27,1.25,2.0999999046325684,96.94000244140625,,,,,"{""1stEdition"": {""low"": 1.89, ""mid"": 2.81, ""high"": 38.1, ""market"": 2.88, ""directLow"": 28.74}}",2.0648,0.1154,2.0994,0.0,2.8261001110076904,1.7764,2.1109,0.0,0.0,0.0,1.1535,2026-08-09
xy11-94,Fletchling,normal,Steam Siege,94,Common,TOKIYA,Basic,661,Pokémon,2016/08/03,"tcgplayer,cardmarket",https://prices.pokemontcg.io/tcgplayer/xy11-94,https://images.pokemontcg.io/xy11/94_hires.png,2026/08/08,2026/01/16,0.15,0.019999999552965164,0.20000000298023224,1000.0,,0.34,,,,0.1038,0.0231,0.15,0.2884,0.05770000070333481,0.0577,0.0807,0.2307,0.3807,0.3114,1.1535,2026-08-09
ex2-85,Zigzagoon,normal,Sandstorm,85,Common,Mitsuhiro Arita,Basic,263,Pokémon,2003/09/18,"tcgplayer,cardmarket",https://prices.pokemontcg.io/tcgplayer/ex2-85,https://images.pokemontcg.io/ex2/85_hires.png,2026/08/08,2026/02/01,1.08,0.25,0.7900000214576721,18.639999389648438,,12.66,,,,0.1961,0.0346,0.4499,9.1819,0.35760000348091125,0.4845,0.3114,3.8065,5.6175,3.449,1.1535,2026-08-09
pl3-89,Baltoy,normal,Supreme Victors,89,Common,Masakazu Fukuda,Basic,343,Pokémon,2009/08/19,"tcgplayer,cardmarket",https://prices.pokemontcg.io/tcgplayer/pl3-89,https://images.pokemontcg.io/pl3/89_hires.png,2026/08/08,2026/01/16,0.73,0.27000001072883606,0.7099999785423279,19.979999542236328,,5.99,,,,0.2653,0.0461,0.2192,0.0,0.17299999296665192,0.2422,0.2653,0.5767,1.6726,1.4073,1.1535,2026-08-09
dp2-86,Kricketot,normal,Mysterious Treasures,86,Common,Atsuko Nishida,Basic,401,Pokémon,2007/08/01,"tcgplayer,cardmarket",https://prices.pokemontcg.io/tcgplayer/dp2-86,https://images.pokemontcg.io/dp2/86_hires.png,2026/08/08,2026/01/19,0.29,0.10000000149011612,0.30000001192092896,19.979999542236328,,2.14,,,,0.5998,0.0231,0.3691,6.0559,0.7498000264167786,0.2192,0.4153,11.535,3.449,1.315,1.1535,2026-08-09
dp4-85,Solrock,normal,Great Encounters,85,Common,Ken Sugimori,Basic,338,Pokémon,2008/02/01,"tcgplayer,cardmarket",https://prices.pokemontcg.io/tcgplayer/dp4-85,https://images.pokemontcg.io/dp4/85_hires.png,2026/08/08,2026/02/01,0.33,0.10000000149011612,0.3100000023841858,19.979999542236328,,2.24,,,,0.1846,0.0231,0.1615,0.5306,0.219200000166893,0.1961,0.1269,0.5767,0.6229,0.7959,1.1535,2026-08-09
xy3-79,Lickilicky,normal,Furious Fists,79,Uncommon,Hajime Kusajima,Stage 1,463,Pokémon,2014/08/13,"tcgplayer,cardmarket",https://prices.pokemontcg.io/tcgplayer/xy3-79,https://images.pokemontcg.io/xy3/79_hires.png,2026/08/08,2026/01/16,0.24,0.10000000149011612,0.25,19.979999542236328,,0.81,,,,0.2768,0.0231,0.2422,1.4073,0.17299999296665192,0.2653,0.2307,2.8261,1.2112,0.992,1.1535,2026-08-09
bw5-86,Lillipup,normal,Dark Explorers,86,Common,Kyoko Umemoto,Basic,506,Pokémon,2012/05/09,"tcgplayer,cardmarket",https://prices.pokemontcg.io/tcgplayer/bw5-86,https://images.pokemontcg.io/bw5/86_hires.png,2026/08/08,2026/01/16,0.31,0.10000000149011612,0.3100000023841858,19.979999542236328,,1.32,,,,0.1384,0.0231,0.1038,0.1615,0.29989999532699585,0.1384,0.1269,0.1615,0.5421,0.7036,1.1535,2026-08-09
swsh4-89,Regirock,holofoil,Vivid Voltage,89,Rare Holo,nagimiso,Basic,377,Pokémon,2020/11/13,"tcgplayer,cardmarket",https://prices.pokemontcg.io/tcgplayer/swsh4-89,https://images.pokemontcg.io/swsh4/89_hires.png,2026/08/08,2026/01/16,0.22,0.009999999776482582,0.2800000011920929,999.989990234375,,0.36,,,,0.5652,0.1038,0.819,0.6921,0.28839999437332153,0.8074,0.5998,3.4605,0.9689,0.6921,1.1535,2026-08-09
dp7-84,Energy Switch,normal,Stormfront,84,Uncommon,Ryo Ueda,Item,,Trainer,2008/11/01,"tcgplayer,cardmarket",https://prices.pokemontcg.io/tcgplayer/dp7-84,https://images.pokemontcg.io/dp7/84_hires.png,2026/08/08,2026/01/19,0.42,0.25,0.41999998688697815,19.979999542236328,,6.74,,,,0.173,0.0231,0.1154,2.4224,0.23070000112056732,0.2422,0.2192,1.3842,1.811,1.1535,1.1535,2026-08-09
sm9-94,Pangoro,normal,Team Up,94,Rare,Satoshi Shirai,Stage 1,675,Pokémon,2019/02/01,"tcgplayer,cardmarket",https://prices.pokemontcg.io/tcgplayer/sm9-94,https://images.pokemontcg.io/sm9/94_hires.png,2026/08/08,2026/01/16,0.38,0.10000000149011612,0.3799999952316284,2.0,,0.76,,,,0.6806,0.0231,0.4614,0.0692,0.05770000070333481,0.4845,0.3922,0.0692,1.5572,1.2227,1.1535,2026-08-09
base4-93,Squirtle,normal,Base Set 2,93,Common,Mitsuhiro Arita,Basic,7,Pokémon,2000/02/24,"tcgplayer,cardmarket",https://prices.pokemontcg.io/tcgplayer/base4-93,https://images.pokemontcg.io/base4/93_hires.png,2026/08/08,2026/02/01,2.03,0.33000001311302185,1.2999999523162842,150.0,,,,,,1.0843,0.1154,1.1304,0.0,1.4187999963760376,1.0381,1.0728,1.7302,2.2839,2.2839,1.1535,2026-08-09
pl1-92,Shuppet,normal,Platinum,92,Common,Kyoko Umemoto,Basic,353,Pokémon,2009/02/11,"tcgplayer,cardmarket",https://prices.pokemontcg.io/tcgplayer/pl1-92,https://images.pokemontcg.io/pl1/92_hires.png,2026/08/08,2026/01/16,0.48,0.10000000149011612,0.38999998569488525,19.979999542236328,,3.33,,,,0.1615,0.0231,0.173,3.1721,0.23070000112056732,0.1615,0.1384,2.8838,1.8571,1.0728,1.1535,2026-08-09
bw11-95,Gabite,normal,Legendary Treasures,95,Uncommon,Shigenori Negishi,Stage 1,444,Pokémon,2013/11/06,"tcgplayer,cardmarket",https://prices.pokemontcg.io/tcgplayer/bw11-95,https://images.pokemontcg.io/bw11/95_hires.png,2026/08/08,2026/01/16,0.57,0.15000000596046448,0.5,19.979999542236328,,4.47,,,,0.4729,0.0577,0.7267,13.7151,0.46140000224113464,0.4499,0.7613,13.7151,9.4818,4.0603,1.1535,2026-08-09
ex1-81,Energy Restore,normal,Ruby & Sapphire,81,Uncommon,Hideyuki Nakajima,Item,,Trainer,2003/07/01,"tcgplayer,cardmarket",https://prices.pokemontcg.io/tcgplayer/ex1-81,https://images.pokemontcg.io/ex1/81_hires.png,2026/08/08,2026/02/19,0.54,0.1599999964237213,0.5,20.540000915527344,,2.55,,,,0.1269,0.0231,0.2768,0.0,0.2768000066280365,0.3345,0.2307,1.1535,1.9263,2.157,1.1535,2026-08-09
ex16-84,Claw Fossil,normal,Power Keepers,84,Common,Ryo Ueda,Item,,Trainer,2007/02/02,"tcgplayer,cardmarket",https://prices.pokemontcg.io/tcgplayer/ex16-84,https://images.pokemontcg.io/ex16/84_hires.png,2026/08/08,2026/02/01,0.28,0.10000000149011612,0.2800000011920929,19.979999542236328,,2.0,,,,0.2076,0.0231,0.15,1.5688,0.11540000140666962,0.1615,0.1615,3.4605,2.1686,2.5838,1.1535,2026-08-09
smp-SM88,Latios,holofoil,SM Black Star Promos,SM88,Promo,Mitsuhiro Arita,Basic,381,Pokémon,2017/02/03,"tcgplayer,cardmarket",https://prices.pokemontcg.io/tcgplayer/smp-SM88,https://images.pokemontcg.io/smp/SM88_hires.png,2026/08/08,2026/01/16,12.42,4.519999980926514,12.0,79.83999633789062,,,,,,4.787,0.5767,4.3602,0.0,1.1419999599456787,5.3984,3.8527,1.1535,2.5262,1.7995,1.1535,2026-08-09
xy5-96,Excadrill,normal,Primal Clash,96,Rare,Shin Nagasawa,Stage 1,530,Pokémon,2015/02/04,"tcgplayer,cardmarket",https://prices.pokemontcg.io/tcgplayer/xy5-96,https://images.pokemontcg.io/xy5/96_hires.png,2026/08/08,2026/01/16,0.35,0.15000000596046448,0.36000001430511475,19.979999542236328,,0.73,,,,0.7036,0.0231,0.4729,5.7675,0.05770000070333481,0.6229,0.6344,5.7675,2.7107,1.8456,1.1535,2026-08-09
bw7-96,Skarmory,normal,Boundaries Crossed,96,Uncommon,Hajime Kusajima,Basic,227,Pokémon,2012/11/07,"tcgplayer,cardmarket",https://prices.pokemontcg.io/tcgplayer/bw7-96,https://images.pokemontcg.io/bw7/96_hires.png,2026/08/08,2026/01/15,0.59,0.25,0.5699999928474426,18.0,,4.75,,,,0.4268,0.0231,0.3345,0.0,0.34599998593330383,0.346,0.346,0.4499,1.2342,1.2458,1.1535,2026-08-09
ex15-82,TV Reporter,normal,Dragon Frontiers,82,Uncommon,Ken Sugimori,Supporter,,Trainer,2006/11/01,"tcgplayer,cardmarket",https://prices.pokemontcg.io/tcgplayer/ex15-82,https://images.pokemontcg.io/ex15/82_hires.png,2026/08/08,2026/01/21,0.58,0.15000000596046448,0.5,19.979999542236328,,7.95,,,,0.1961,0.0231,0.2307,3.4605,0.13840000331401825,0.1615,0.2884,2.2955,3.9334,4.3718,1.1535,2026-08-09
base4-94,Starmie,normal,Base Set 2,94,Common,Keiji Kinebuchi,Stage 1,121,Pokémon,2000/02/24,"tcgplayer,cardmarket",https://prices.pokemontcg.io/tcgplayer/base4-94,https://images.pokemontcg.io/base4/94_hires.png,2026/08/08,2026/02/01,0.58,0.15000000596046448,0.5799999833106995,15.529999732971191,,,,,,0.5191,0.0923,0.646,0.0,1.153499960899353,0.5537,0.4499,0.1154,0.1154,0.1154,1.1535,2026-08-09
sm2-90,Cottonee,normal,Guardians Rising,90,Common,Megumi Mizutani,Basic,546,Pokémon,2017/05/05,"tcgplayer,cardmarket",https://prices.pokemontcg.io/tcgplayer/sm2-90,https://images.pokemontcg.io/sm2/90_hires.png,2026/08/08,2026/01/15,0.24,0.019999999552965164,0.25,28.0,,0.37,,,,0.0577,0.0231,0.0923,0.3114,0.05770000070333481,0.0923,0.0577,0.2884,0.323,0.2884,1.1535,2026-08-09
ecard2-68,Bellsprout,normal,Aquapolis,68,Common,Keiko Fukuyama,Basic,69,Pokémon,2003/01/15,"tcgplayer,cardmarket",https://prices.pokemontcg.io/tcgplayer/ecard2-68,https://images.pokemontcg.io/ecard2/68_hires.png,2026/08/08,2026/01/16,11.7,8.239999771118164,14.989999771118164,213.10000610351562,,99.99,,,,2.0417,0.173,2.0186,4.6025,0.9228000044822693,2.0302,2.2147,4.6025,6.7018,4.9716,1.1535,2026-08-09
sm3-89,Inkay,normal,Burning Shadows,89,Common,OOYAMA,Basic,686,Pokémon,2017/08/05,"tcgplayer,cardmarket",https://prices.pokemontcg.io/tcgplayer/sm3-89,https://images.pokemontcg.io/sm3/89_hires.png,2026/08/08,2026/01/16,0.05,0.009999999776482582,0.20000000298023224,56.0,,0.36,,,,0.0461,0.0231,0.0461,0.323,0.023099999874830246,0.0346,0.0577,0.1154,0.3576,0.2768,1.1535,2026-08-09
sma-SV88,Brooklet Hill,holofoil,Hidden Fates Shiny Vault,SV88,Rare Secret,5ban Graphics,Stadium,,Trainer,2019/08/23,"tcgplayer,cardmarket",https://prices.pokemontcg.io/tcgplayer/sma-SV88,https://images.pokemontcg.io/sma/SV88_hires.png,2026/08/08,2026/01/16,22.6,20.0,23.84000015258789,157.10000610351562,,,,,,15.157,13.7843,15.7222,0.0,14.384099960327148,15.0647,16.818,25.9422,24.6272,27.684,1.1535,2026-08-09
swsh2-89,Dreepy,normal,Rebel Clash,89,Common,Akira Komayama,Basic,885,Pokémon,2020/05/01,"tcgplayer,cardmarket",https://prices.pokemontcg.io/tcgplayer/swsh2-89,https://images.pokemontcg.io/swsh2/89_hires.png,2026/08/08,2026/01/16,0.17,0.009999999776482582,0.20000000298023224,18.81999969482422,,0.36,,,,0.0577,0.0231,0.0923,0.2192,0.05770000070333481,0.1038,0.0692,0.1615,0.1961,0.3345,1.1535,2026-08-09
bw10-102,Exeggcute,holofoil,Plasma Blast,102,Rare Secret,5ban Graphics,Basic,102,Pokémon,2013/08/14,"tcgplayer,cardmarket",https://prices.pokemontcg.io/tcgplayer/bw10-102,https://images.pokemontcg.io/bw10/102_hires.png,2026/08/08,2026/01/15,135.0,118.98999786376953,171.1999969482422,1267.97998046875,,,,,,80.7335,25.377,81.9446,0.0,80.7334976196289,79.9145,65.3804,9.228,38.3539,29.4373,1.1535,2026-08-09
g1-80,Fighting Energy,normal,Generations,80,Common,,Basic,,Energy,2016/02/22,"tcgplayer,cardmarket",https://prices.pokemontcg.io/tcgplayer/g1-80,https://images.pokemontcg.io/g1/80_hires.png,2026/08/08,2026/01/21,0.41,0.20999999344348907,0.4399999976158142,1000.0,,7.07,,,,0.1961,0.0346,0.2192,7.244,0.34599998593330383,0.173,0.3691,5.5945,7.5439,5.5483,1.1535,2026-08-09
xy2-103,Kangaskhan-EX,holofoil,Flashfire,103,Rare Ultra,Ryo Ueda,Basic|EX,115,Pokémon,2014/05/07,"tcgplayer,cardmarket",https://prices.pokemontcg.io/tcgplayer/xy2-103,https://images.pokemontcg.io/xy2/103_hires.png,2026/08/08,2025/12/28,33.04,18.0,30.18000030517578,199.89999389648438,,,,,,14.9955,2.8491,11.9733,0.0,2.306999921798706,14.2342,22.8508,11.535,10.1277,8.9396,1.1535,2026-08-09
dp3-99,Pidgey,normal,Secret Wonders,99,Common,Hironobu Yoshida,Basic,16,Pokémon,2007/11/01,"tcgplayer,cardmarket",https://prices.pokemontcg.io/tcgplayer/dp3-99,https://images.pokemontcg.io/dp3/99_hires.png,2026/08/08,2026/01/16,0.71,0.20000000298023224,0.5099999904632568,17.34000015258789,,5.36,,,,0.2192,0.0231,0.4845,1.2804,0.10379999876022339,0.5652,0.3807,5.1907,1.8225,1.2342,1.1535,2026-08-09
neo1-86,Focus Band,unlimited,Neo Genesis,86,Rare,Tomokazu Komiya,Pokémon Tool,,Trainer,2000/12/16,"tcgplayer,cardmarket",https://prices.pokemontcg.io/tcgplayer/neo1-86,https://images.pokemontcg.io/neo1/86_hires.png,2026/08/08,2026/02/01,11.5,9.0,11.550000190734863,251.0,,,,,"{""1stEdition"": {""low"": 12.58, ""mid"": 17.0, ""high"": 117.8, ""market"": 16.5, ""directLow"": 99.68}}",7.4862,1.1535,6.8864,0.0,12.630800247192383,7.2094,8.2245,0.9113,0.9113,0.9113,1.1535,2026-08-09
base1-96,Double Colorless Energy,normal,Base,96,Uncommon,Keiji Kinebuchi,Special,,Energy,1999/01/09,"tcgplayer,cardmarket",https://prices.pokemontcg.io/tcgplayer/base1-96,https://images.pokemontcg.io/base1/96_hires.png,2026/08/08,2026/02/01,5.98,1.7200000286102295,3.5999999046325684,49.939998626708984,,,,,,14.4072,11.5235,27.0496,0.0,11.511899948120117,25.2155,16.1259,0.0,0.0,0.0,1.1535,2026-08-09
hgss4-91,Absol,holofoil,HS—Triumphant,91,Rare Prime,Hideaki Hakozaki,Basic|Prime,359,Pokémon,2010/11/03,"tcgplayer,cardmarket",https://prices.pokemontcg.io/tcgplayer/hgss4-91,https://images.pokemontcg.io/hgss4/91_hires.png,2026/08/08,2026/01/16,125.17,150.3000030517578,185.0,915.8300170898438,,,,,,28.3761,4.614,28.1915,0.0,17.233299255371094,31.2022,27.2803,11.535,12.5385,11.6734,1.1535,2026-08-09
ecard3-60,Golbat,normal,Skyridge,60,Common,Tomokazu Komiya,Stage 1,42,Pokémon,2003/05/12,"tcgplayer,cardmarket",https://prices.pokemontcg.io/tcgplayer/ecard3-60,https://images.pokemontcg.io/ecard3/60_hires.png,2026/08/08,2026/02/01,66.1,98.98999786376953,135.0,259.989990234375,,60.0,,,,18.629,11.4197,17.3717,74.966,11.419699668884277,15.1916,15.8837,74.966,30.4524,18.3637,1.1535,2026-08-09
dp4-86,Swablu,normal,Great Encounters,86,Common,Kanako Eo,Basic,333,Pokémon,2008/02/01,"tcgplayer,cardmarket",https://prices.pokemontcg.io/tcgplayer/dp4-86,https://images.pokemontcg.io/dp4/86_hires.png,2026/08/08,2026/01/16,0.97,0.5,0.9599999785423279,19.979999542236328,,3.94,,,,0.2076,0.0231,0.2538,1.488,0.08070000261068344,0.1961,0.2076,0.5767,1.0381,1.1996,1.1535,2026-08-09
xy3-80,Eevee,normal,Furious Fists,80,Common,sui,Basic,133,Pokémon,2014/08/13,"tcgplayer,cardmarket",https://prices.pokemontcg.io/tcgplayer/xy3-80,https://images.pokemontcg.io/xy3/80_hires.png,2026/08/08,2026/01/16,1.18,0.3499999940395355,1.0,21.989999771118164,,9.05,,,,0.9805,0.0231,1.0612,3.1721,0.57669997215271,1.1766,1.0035,4.614,3.2759,4.3487,1.1535,2026-08-09
xy2-104,Lysandre,holofoil,Flashfire,104,Rare Ultra,Ken Sugimori,Supporter,,Trainer,2014/05/07,"tcgplayer,cardmarket",https://prices.pokemontcg.io/tcgplayer/xy2-104,https://images.pokemontcg.io/xy2/104_hires.png,2026/08/08,2025/12/28,32.6,18.0,23.209999084472656,300.70001220703125,,,,,,20.3131,8.7666,23.0123,0.0,18.45599937438965,20.2785,24.0966,6.9095,10.2431,11.0275,1.1535,2026-08-09
xy10-89,Cinccino,normal,Fates Collide,89,Uncommon,Kouki Saitou,Stage 1,573,Pokémon,2016/05/02,"tcgplayer,cardmarket",https://prices.pokemontcg.io/tcgplayer/xy10-89,https://images.pokemontcg.io/xy10/89_hires.png,2026/08/08,2026/01/16,0.22,0.05000000074505806,0.25,19.979999542236328,,0.59,,,,0.2422,0.0231,0.2538,0.7267,0.11540000140666962,0.2192,0.173,0.4614,0.7152,0.4729,1.1535,2026-08-09
ex1-82,Energy Switch,normal,Ruby & Sapphire,82,Uncommon,Ken Ikuji,Item,,Trainer,2003/07/01,"tcgplayer,cardmarket",https://prices.pokemontcg.io/tcgplayer/ex1-82,https://images.pokemontcg.io/ex1/82_hires.png,2026/08/08,2026/02/19,4.22,1.0399999618530273,3.890000104904175,19.979999542236328,,13.44,,,,0.9689,0.0231,1.3035,1.7302,0.57669997215271,1.5226,0.9459,2.8838,2.7107,2.48,1.1535,2026-08-09
pl2-92,Lucian's Assignment,normal,Rising Rivals,92,Uncommon,Ken Sugimori,Supporter,,Trainer,2009/05/16,"tcgplayer,cardmarket",https://prices.pokemontcg.io/tcgplayer/pl2-92,https://images.pokemontcg.io/pl2/92_hires.png,2026/08/08,2026/01/16,0.27,0.1599999964237213,0.30000001192092896,19.979999542236328,,3.0,,,,3.3451,3.3451,4.0142,0.0,3.345099925994873,4.0142,3.5643,1.1535,0.9805,0.9805,1.1535,2026-08-09
sm3-90,Malamar,normal,Burning Shadows,90,Rare,Mitsuhiro Arita,Stage 1,687,Pokémon,2017/08/05,"tcgplayer,cardmarket",https://prices.pokemontcg.io/tcgplayer/sm3-90,https://images.pokemontcg.io/sm3/90_hires.png,2026/08/08,2026/01/16,0.09,0.009999999776482582,0.23999999463558197,1.559999942779541,,0.3,,,,0.346,0.0231,0.3922,0.2768,0.1615000069141388,0.346,0.3114,0.173,0.2653,0.2999,1.1535,2026-08-09
xy4-87,Bunnelby,normal,Phantom Forces,87,Common,Kagemaru Himeno,Basic,659,Pokémon,2014/11/05,"tcgplayer,cardmarket",https://prices.pokemontcg.io/tcgplayer/xy4-87,https://images.pokemontcg.io/xy4/87_hires.png,2026/08/08,2026/01/16,0.16,0.05000000074505806,0.20000000298023224,19.979999542236328,,0.42,,,,0.0807,0.0231,0.0923,0.4614,0.06920000165700912,0.0923,0.0923,0.4614,0.4268,0.3922,1.1535,2026-08-09
swsh2-90,Drakloak,normal,Rebel Clash,90,Uncommon,Kouki Saitou,Stage 1,886,Pokémon,2020/05/01,"tcgplayer,cardmarket",https://prices.pokemontcg.io/tcgplayer/swsh2-90,https://images.pokemontcg.io/swsh2/90_hires.png,2026/08/08,2026/01/16,0.16,0.009999999776482582,0.20000000298023224,18.600000381469727,,0.35,,,,0.0807,0.0231,0.15,0.3576,0.023099999874830246,0.1615,0.0807,0.1961,0.2768,0.2884,1.1535,2026-08-09
bw5-87,Herdier,normal,Dark Explorers,87,Uncommon,Naoyo Kimura,Stage 1,507,Pokémon,2012/05/09,"tcgplayer,cardmarket",https://prices.pokemontcg.io/tcgplayer/bw5-87,https://images.pokemontcg.io/bw5/87_hires.png,2026/08/08,2026/01/16,0.41,0.3199999928474426,0.47999998927116394,19.979999542236328,,1.53,,,,0.3691,0.0231,0.2768,0.7152,0.05770000070333481,0.3114,0.5075,4.614,1.984,1.165,1.1535,2026-08-09
bw7-97,Klink,normal,Boundaries Crossed,97,Uncommon,MAHOU,Basic,599,Pokémon,2012/11/07,"tcgplayer,cardmarket",https://prices.pokemontcg.io/tcgplayer/bw7-97,https://images.pokemontcg.io/bw7/97_hires.png,2026/08/08,2026/01/15,0.42,0.10000000149011612,0.30000001192092896,19.979999542236328,,0.7,,,,0.3114,0.0231,0.2884,0.0,0.11540000140666962,0.2884,0.2076,0.4499,0.8882,0.7382,1.1535,2026-08-09
smp-SM89,Zoroark,holofoil,SM Black Star Promos,SM89,Promo,Misa Tsutsui,Stage 1,571,Pokémon,2017/02/03,"tcgplayer,cardmarket",https://prices.pokemontcg.io/tcgplayer/smp-SM89,https://images.pokemontcg.io/smp/SM89_hires.png,2026/08/08,2026/01/16,1.2,0.25,1.1399999856948853,19.979999542236328,,,,,,1.0958,0.2307,1.1996,0.0,0.911300003528595,1.4649,1.0266,0.2768,0.8651,0.6229,1.1535,2026-08-09
sm8-90,Unown,normal,Lost Thunder,90,Rare,Masakazu Fukuda,Basic,201,Pokémon,2018/11/02,"tcgplayer,cardmarket",https://prices.pokemontcg.io/tcgplayer/sm8-90,https://images.pokemontcg.io/sm8/90_hires.png,2026/08/08,2026/01/16,0.82,0.30000001192092896,0.8399999737739563,18.65999984741211,,2.05,,,,1.2689,0.2307,1.0843,2.6761,2.0185999870300293,1.315,1.3842,5.7675,2.6761,2.5031,1.1535,2026-08-09
xy1-95,Slurpuff,holofoil,XY,95,Rare Holo,5ban Graphics,Stage 1,685,Pokémon,2014/02/05,"tcgplayer,cardmarket",https://prices.pokemontcg.io/tcgplayer/xy1-95,https://images.pokemontcg.io/xy1/95_hires.png,2026/08/08,2026/01/16,1.28,0.4000000059604645,1.2699999809265137,29.989999771118164,,1.73,,,,0.6575,0.0577,0.7036,0.5767,0.11540000140666962,0.8882,0.7152,0.5767,0.7728,1.1189,1.1535,2026-08-09
ex8-93,Boost Energy,normal,Deoxys,93,Uncommon,Shin-ichi Yoshikawa,Special,,Energy,2005/02/01,"tcgplayer,cardmarket",https://prices.pokemontcg.io/tcgplayer/ex8-93,https://images.pokemontcg.io/ex8/93_hires.png,2026/08/08,2026/02/01,1.19,1.1299999952316284,2.0,19.979999542236328,,7.34,,,,0.9113,0.1038,1.3727,2.6646,1.0958000421524048,1.0958,1.2573,2.6646,7.1978,7.1748,1.1535,2026-08-09
bw6-92,Giratina-EX,holofoil,Dragons Exalted,92,Rare Holo EX,Eske Yoshinob,Basic|EX,487,Pokémon,2012/08/15,"tcgplayer,cardmarket",https://prices.pokemontcg.io/tcgplayer/bw6-92,https://images.pokemontcg.io/bw6/92_hires.png,2026/08/08,2026/01/16,31.09,17.989999771118164,25.0,179.89999389648438,,,,,,5.4791,3.968,9.9778,0.0,10.958200454711914,12.4001,10.6237,5.756,6.9556,7.094,1.1535,2026-08-09
dp7-85,Great Ball,normal,Stormfront,85,Uncommon,Kent Kanetsuna,Item,,Trainer,2008/11/01,"tcgplayer,cardmarket",https://prices.pokemontcg.io/tcgplayer/dp7-85,https://images.pokemontcg.io/dp7/85_hires.png,2026/08/08,2026/01/16,0.49,0.15000000596046448,0.44999998807907104,2.990000009536743,,2.96,,,,0.2076,0.0231,0.2999,0.5767,1.0266000032424927,0.2768,0.1961,0.5767,0.9343,1.0266,1.1535,2026-08-09
xy8-89,Zorua,normal,BREAKthrough,89,Common,Hitoshi Ariga,Basic,570,Pokémon,2015/11/04,"tcgplayer,cardmarket",https://prices.pokemontcg.io/tcgplayer/xy8-89,https://images.pokemontcg.io/xy8/89_hires.png,2026/08/08,2026/01/16,0.28,0.10000000149011612,0.30000001192092896,1000.0,,1.08,,,,0.1961,0.0231,0.2076,2.6761,0.17299999296665192,0.2422,0.1846,1.142,1.5918,1.4073,1.1535,2026-08-09
dp6-92,Drifloon,normal,Legends Awakened,92,Common,Sumiyoshi Kizuki,Basic,425,Pokémon,2008/08/01,"tcgplayer,cardmarket",https://prices.pokemontcg.io/tcgplayer/dp6-92,https://images.pokemontcg.io/dp6/92_hires.png,2026/08/08,2026/01/16,0.57,0.23999999463558197,0.5799999833106995,18.860000610351562,,12.36,,,,0.2538,0.0231,0.2999,2.8261,0.4383000135421753,0.2768,0.2307,2.8261,1.5457,1.2919,1.1535,2026-08-09
ex15-83,Switch,normal,Dragon Frontiers,83,Common,Hiromichi Sugiyama,Item,,Trainer,2006/11/01,"tcgplayer,cardmarket",https://prices.pokemontcg.io/tcgplayer/ex15-83,https://images.pokemontcg.io/ex15/83_hires.png,2026/08/08,2026/01/21,0.46,0.20000000298023224,0.4699999988079071,19.979999542236328,,5.8,,,,0.1846,0.0231,0.1961,3.1837,0.05770000070333481,0.2076,0.2999,4.0949,3.3105,4.9139,1.1535,2026-08-09
sm5-92,Morelull,normal,Ultra Prism,92,Common,Midori Harada,Basic,755,Pokémon,2018/02/02,"tcgplayer,cardmarket",https://prices.pokemontcg.io/tcgplayer/sm5-92,https://images.pokemontcg.io/sm5/92_hires.png,2026/08/08,2026/01/16,0.19,0.10000000149011612,0.30000001192092896,1.690000057220459,,0.63,,,,0.0692,0.0231,0.0577,0.4268,0.09229999780654907,0.0577,0.0923,1.6726,0.5652,0.3345,1.1535,2026-08-09
sma-SV89,Mt. Coronet,holofoil,Hidden Fates Shiny Vault,SV89,Rare Secret,5ban Graphics,Stadium,,Trainer,2019/08/23,"tcgplayer,cardmarket",https://prices.pokemontcg.io/tcgplayer/sma-SV89,https://images.pokemontcg.io/sma/SV89_hires.png,2026/08/08,2026/01/16,10.37,8.920000076293945,11.300000190734863,90.0,,,,,,12.6078,9.1127,13.0807,0.0,10.369999885559082,11.9387,12.85,16.7142,23.9236,30.81,1.1535,2026-08-09
pl4-95,Arceus LV.X,holofoil,Arceus,95,Rare Holo LV.X,Ryo Ueda,Level-Up,493,Pokémon,2009/11/04,"tcgplayer,cardmarket",https://prices.pokemontcg.io/tcgplayer/pl4-95,https://images.pokemontcg.io/pl4/95_hires.png,2026/08/08,2026/01/16,70.41,63.47999954223633,99.3499984741211,199.97999572753906,,,,,,29.2182,5.4215,30.9138,0.0,20.75149917602539,26.2652,27.3149,10.37,13.173,10.2777,1.1535,2026-08-09
xy6-89,Sky Field,normal,Roaring Skies,89,Uncommon,Ayaka Yoshida,Stadium,,Trainer,2015/05/06,"tcgplayer,cardmarket",https://prices.pokemontcg.io/tcgplayer/xy6-89,https://images.pokemontcg.io/xy6/89_hires.png,2026/08/08,2026/01/16,0.77,0.25,0.75,19.760000228881836,,1.93,,,,1.4073,0.0577,1.7072,3.5412,0.5536999702453613,1.3957,1.5803,2.5838,2.9414,3.126,1.1535,2026-08-09
sm4-84,Regigigas,holofoil,Crimson Invasion,84,Rare Holo,Kouki Saitou,Basic,486,Pokémon,2017/11/03,"tcgplayer,cardmarket",https://prices.pokemontcg.io/tcgplayer/sm4-84,https://images.pokemontcg.io/sm4/84_hires.png,2026/08/08,2026/01/16,0.54,0.10000000149011612,0.550000011920929,19.979999542236328,,0.65,,,,3.4605,2.307,4.3372,0.0,3.4605000019073486,3.945,3.0452,1.142,1.4419,1.3727,1.1535,2026-08-09
swsh4-90,Riolu,normal,Vivid Voltage,90,Common,ryoma uratsuka,Basic,447,Pokémon,2020/11/13,"tcgplayer,cardmarket",https://prices.pokemontcg.io/tcgplayer/swsh4-90,https://images.pokemontcg.io/swsh4/90_hires.png,2026/08/08,2026/01/16,0.1,0.009999999776482582,0.1899999976158142,25.100000381469727,,0.28,,,,0.0461,0.0231,0.0577,0.3114,0.05770000070333481,0.0346,0.0461,0.2884,0.2653,0.2768,1.1535,2026-08-09
bwp-BW83,Lugia-EX,holofoil,BW Black Star Promos,BW83,Promo,Toyste Beach,Basic|EX|Team Plasma,249,Pokémon,2011/03/01,"tcgplayer,cardmarket",https://prices.pokemontcg.io/tcgplayer/bwp-BW83,https://images.pokemontcg.io/bwp/BW83_hires.png,2026/08/08,2026/01/21,40.39,20.729999542236328,30.56999969482422,299.5,,,,,,16.0452,2.307,22.1472,0.0,18.45599937438965,21.6627,21.1783,2.2955,10.7045,7.0594,1.1535,2026-08-09
ex7-91,Surprise! Time Machine,normal,Team Rocket Returns,91,Uncommon,Katsura Tabata,Rocket's Secret Machine,,Trainer,2004/11/01,"tcgplayer,cardmarket",https://prices.pokemontcg.io/tcgplayer/ex7-91,https://images.pokemontcg.io/ex7/91_hires.png,2026/08/08,2026/01/19,7.7,6.900000095367432,8.6899995803833,75.5,,39.5,,,,7.7284,3.4028,8.1091,42.3911,7.486199855804443,7.1171,7.1632,16.7257,27.1073,15.1108,1.1535,2026-08-09
xy9-84,Spritzee,normal,BREAKpoint,84,Common,kirisAki,Basic,682,Pokémon,2016/02/03,"tcgplayer,cardmarket",https://prices.pokemontcg.io/tcgplayer/xy9-84,https://images.pokemontcg.io/xy9/84_hires.png,2026/08/08,2026/01/16,0.23,0.10000000149011612,0.25,19.979999542236328,,0.67,,,,0.1269,0.0231,0.1269,0.4153,0.05770000070333481,0.1154,0.1154,1.142,0.4729,0.3345,1.1535,2026-08-09
ex14-89,Aggron ex,holofoil,Crystal Guardians,89,Rare Holo EX,Ryo Ueda,Stage 2|ex,306,Pokémon,2006/08/01,"tcgplayer,cardmarket",https://prices.pokemontcg.io/tcgplayer/ex14-89,https://images.pokemontcg.io/ex14/89_hires.png,2026/08/08,2026/02/01,76.69,200.0,200.0,200.0,,,,,,20.0478,9.228,29.2412,0.0,37.4541015625,36.266,51.3308,16.1375,18.0523,20.9476,1.1535,2026-08-09
base6-89,Rattata,normal,Legendary Collection,89,Common,Mitsuhiro Arita,Basic,19,Pokémon,2002/05/24,"tcgplayer,cardmarket",https://prices.pokemontcg.io/tcgplayer/base6-89,https://images.pokemontcg.io/base6/89_hires.png,2026/08/08,2026/02/01,0.48,0.18000000715255737,0.47999998927116394,17.079999923706055,,149.99,,,,0.3114,0.0577,0.2999,63.4425,0.20759999752044678,0.2768,0.3114,38.0655,53.2225,41.5375,1.1535,2026-08-09
swsh3-87,Pupitar,normal,Darkness Ablaze,87,Uncommon,Sekio,Stage 1,247,Pokémon,2020/08/14,"tcgplayer,cardmarket",https://prices.pokemontcg.io/tcgplayer/swsh3-87,https://images.pokemontcg.io/swsh3/87_hires.png,2026/08/08,2026/01/16,0.03,0.009999999776482582,0.17000000178813934,25.030000686645508,,0.27,,,,0.0692,0.0231,0.0692,0.2768,0.05770000070333481,0.0461,0.0577,0.1615,0.2307,0.2076,1.1535,2026-08-09
ex4-95,Swampert ex,holofoil,Team Magma vs Team Aqua,95,Rare Holo EX,Hikaru Koike,Stage 2|ex,260,Pokémon,2004/03/01,"tcgplayer,cardmarket",https://prices.pokemontcg.io/tcgplayer/ex4-95,https://images.pokemontcg.io/ex4/95_hires.png,2026/08/08,2026/01/19,280.0,160.0,400.0,650.0,,,,,,92.2685,21.9165,72.3706,0.0,115.32689666748047,50.5925,49.5198,38.6307,19.0789,18.7444,1.1535,2026-08-09
sm10-84,Sandslash,normal,Unbroken Bonds,84,Rare,Shigenori Negishi,Stage 1,28,Pokémon,2019/05/03,"tcgplayer,cardmarket",https://prices.pokemontcg.io/tcgplayer/sm10-84,https://images.pokemontcg.io/sm10/84_hires.png,2026/08/08,2026/01/16,0.35,0.1899999976158142,0.3700000047683716,19.979999542236328,,0.6,,,,0.323,0.0577,0.2538,0.9228,0.5536999702453613,0.3114,0.323,0.9228,1.1304,1.1881,1.1535,2026-08-09
neo4-93,EXP.ALL,unlimited,Neo Destiny,93,Rare,Keiji Kinebuchi,Pokémon Tool,,Trainer,2002/02/28,"tcgplayer,cardmarket",https://prices.pokemontcg.io/tcgplayer/neo4-93,https://images.pokemontcg.io/neo4/93_hires.png,2026/08/08,2026/02/01,6.65,4.0,6.5,58.099998474121094,,,,,"{""1stEdition"": {""low"": 7.99, ""mid"": 10.5, ""high"": 109.9, ""market"": 8.43, ""directLow"": 7.99}}",8.4782,0.5652,12.9192,0.0,4.613999843597412,15.1455,8.5936,2.307,2.307,2.307,1.1535,2026-08-09
ex2-86,Double Full Heal,normal,Sandstorm,86,Uncommon,Ryo Ueda,Item,,Trainer,2003/09/18,"tcgplayer,cardmarket",https://prices.pokemontcg.io/tcgplayer/ex2-86,https://images.pokemontcg.io/ex2/86_hires.png,2026/08/08,2026/02/01,0.31,0.12999999523162842,0.3499999940395355,20.3700008392334,,3.22,,,,0.1269,0.0231,0.0923,0.4153,0.023099999874830246,0.1269,0.1846,0.4153,1.6495,3.2529,1.1535,2026-08-09
bw10-103,Virizion,holofoil,Plasma Blast,103,Rare Secret,Ayaka Yoshida,Basic,640,Pokémon,2013/08/14,"tcgplayer,cardmarket",https://prices.pokemontcg.io/tcgplayer/bw10-103,https://images.pokemontcg.io/bw10/103_hires.png,2026/08/08,2025/12/28,127.63,129.99000549316406,300.0,1475.5,,,,,,69.1639,28.8375,120.8291,0.0,115.3385009765625,137.5203,99.6047,28.8375,28.999,25.0079,1.1535,2026-08-09
bw2-85,Cinccino,normal,Emerging Powers,85,Uncommon,Mizue,Stage 1,573,Pokémon,2011/08/31,"tcgplayer,cardmarket",https://prices.pokemontcg.io/tcgplayer/bw2-85,https://images.pokemontcg.io/bw2/85_hires.png,2026/08/08,2026/01/16,0.55,0.25,0.5,19.979999542236328,,1.27,,,,0.2653,0.0231,0.2422,1.142,0.23070000112056732,0.2538,0.2538,1.0958,1.3265,0.9574,1.1535,2026-08-09
sm6-86,Florges,normal,Forbidden Light,86,Rare,Satoshi Shirai,Stage 2,671,Pokémon,2018/05/04,"tcgplayer,cardmarket",https://prices.pokemontcg.io/tcgplayer/sm6-86,https://images.pokemontcg.io/sm6/86_hires.png,2026/08/08,2026/01/16,0.93,0.44999998807907104,0.8899999856948853,19.979999542236328,,1.24,,,,0.819,0.173,0.8882,1.1881,0.5651999711990356,0.9689,0.8074,0.9113,1.2342,1.3611,1.1535,2026-08-09
pl1-93,Skitty,normal,Platinum,93,Common,Masakazu Fukuda,Basic,300,Pokémon,2009/02/11,"tcgplayer,cardmarket",https://prices.pokemontcg.io/tcgplayer/pl1-93,https://images.pokemontcg.io/pl1/93_hires.png,2026/08/08,2026/01/16,0.69,0.11999999731779099,0.5600000023841858,4.989999771118164,,4.92,,,,0.173,0.0231,0.2192,1.4419,0.57669997215271,0.2307,0.2307,0.9113,0.9689,0.9459,1.1535,2026-08-09
ex5-86,Ancient Technical Machine [Steel],normal,Hidden Legends,86,Uncommon,Mitsuhiro Arita,Technical Machine,,Trainer,2004/06/01,"tcgplayer,cardmarket",https://prices.pokemontcg.io/tcgplayer/ex5-86,https://images.pokemontcg.io/ex5/86_hires.png,2026/08/08,2026/02/01,0.55,0.2800000011920929,0.5899999737739563,19.979999542236328,,1.57,,,,1.3496,0.0231,1.165,3.0222,0.8073999881744385,1.0728,1.0612,3.3913,1.8341,2.8722,1.1535,2026-08-09
ex13-93,Root Fossil,normal,Holon Phantoms,93,Common,Ryo Ueda,Item,,Trainer,2006/05/01,"tcgplayer,cardmarket",https://prices.pokemontcg.io/tcgplayer/ex13-93,https://images.pokemontcg.io/ex13/93_hires.png,2026/08/08,2026/01/16,0.47,0.10000000149011612,0.4000000059604645,19.979999542236328,,4.33,,,,0.2768,0.0231,0.3691,5.7675,0.36910000443458557,0.4037,0.3345,5.7675,2.4916,2.8953,1.1535,2026-08-09
dp1-95,Rhyhorn,normal,Diamond & Pearl,95,Common,Kagemaru Himeno,Basic,111,Pokémon,2007/05/01,"tcgplayer,cardmarket",https://prices.pokemontcg.io/tcgplayer/dp1-95,https://images.pokemontcg.io/dp1/95_hires.png,2026/08/08,2026/01/16,0.4,0.1899999976158142,0.4000000059604645,17.700000762939453,,2.66,,,,0.1846,0.0231,0.1384,0.0,0.06920000165700912,0.15,0.1961,1.0958,1.3957,1.3496,1.1535,2026-08-09
sm2-91,Whimsicott,normal,Guardians Rising,91,Uncommon,Kouki Saitou,Stage 1,547,Pokémon,2017/05/05,"tcgplayer,cardmarket",https://prices.pokemontcg.io/tcgplayer/sm2-91,https://images.pokemontcg.io/sm2/91_hires.png,2026/08/08,2026/01/15,0.28,0.10000000149011612,0.30000001192092896,19.979999542236328,,0.59,,,,0.1269,0.0231,0.173,0.323,0.023099999874830246,0.1615,0.1154,0.4037,0.3114,0.3345,1.1535,2026-08-09
ex6-92,Great Ball,normal,FireRed & LeafGreen,92,Uncommon,Nakaoka,Item,,Trainer,2004/09/01,"tcgplayer,cardmarket",https://prices.pokemontcg.io/tcgplayer/ex6-92,https://images.pokemontcg.io/ex6/92_hires.png,2026/08/08,2026/01/16,2.08,1.2000000476837158,2.2799999713897705,31.299999237060547,,9.48,,,,0.7498,0.0231,1.7879,0.0,0.7498000264167786,1.2919,1.4534,7.4977,7.0363,8.0745,1.1535,2026-08-09
xy5-97,Excadrill,holofoil,Primal Clash,97,Rare Holo,PLANETA,Stage 1,530,Pokémon,2015/02/04,"tcgplayer,cardmarket",https://prices.pokemontcg.io/tcgplayer/xy5-97,https://images.pokemontcg.io/xy5/97_hires.png,2026/08/08,2026/01/16,2.91,1.25,3.049999952316284,29.0,,2.53,,,,2.9645,1.142,3.2759,2.976,4.613999843597412,3.0106,2.6992,2.307,3.0452,3.8412,1.1535,2026-08-09
ex10-93,Warp Point,normal,Unseen Forces,93,Uncommon,Keiji Kinebuchi,Item,,Trainer,2005/08/01,"tcgplayer,cardmarket",https://prices.pokemontcg.io/tcgplayer/ex10-93,https://images.pokemontcg.io/ex10/93_hires.png,2026/08/08,2026/01/16,1.02,1.0800000429153442,1.7799999713897705,19.979999542236328,,12.97,,,,0.819,0.0577,0.5767,5.7675,0.28839999437332153,0.7382,0.7728,5.7675,6.6096,4.8562,1.1535,2026-08-09
bw1-92,Energy Retrieval,normal,Black & White,92,Uncommon,Kent Kanetsuna,Item,,Trainer,2011/04/25,"tcgplayer,cardmarket",https://prices.pokemontcg.io/tcgplayer/bw1-92,https://images.pokemontcg.io/bw1/92_hires.png,2026/08/08,2026/01/16,0.19,0.019999999552965164,0.20000000298023224,19.979999542236328,,0.7,,,,0.1269,0.0231,0.1846,0.5767,0.51910001039505,0.2076,0.1615,0.6344,0.9113,0.9343,1.1535,2026-08-09
xy7-94,Lugia-EX,holofoil,Ancient Origins,94,Rare Ultra,Ryo Ueda,Basic|EX,249,Pokémon,2015/08/12,"tcgplayer,cardmarket",https://prices.pokemontcg.io/tcgplayer/xy7-94,https://images.pokemontcg.io/xy7/94_hires.png,2026/08/08,2026/01/16,211.85,134.89999389648438,216.4499969482422,2021.4000244140625,,,,,,86.501,34.5935,120.7368,0.0,121.11750030517578,101.6464,133.31,109.571,59.9589,41.5029,1.1535,2026-08-09
sm12-97,Mimikyu,normal,Cosmic Eclipse,97,Rare,Yuka Morii,Basic,778,Pokémon,2019/11/01,"tcgplayer,cardmarket",https://prices.pokemontcg.io/tcgplayer/sm12-97,https://images.pokemontcg.io/sm12/97_hires.png,2026/08/08,2026/01/16,13.86,9.0,14.869999885559082,79.47000122070312,,34.78,,,,1.0958,0.2192,1.8456,8.5013,2.745300054550171,2.4108,1.1996,4.614,9.6317,5.9175,1.1535,2026-08-09
base4-95,Staryu,normal,Base Set 2,95,Common,Keiji Kinebuchi,Basic,120,Pokémon,2000/02/24,"tcgplayer,cardmarket",https://prices.pokemontcg.io/tcgplayer/base4-95,https://images.pokemontcg.io/base4/95_hires.png,2026/08/08,2026/02/01,0.53,0.15000000596046448,0.5,2.0,,,,,,0.2653,0.0346,0.3691,0.0,0.5651999711990356,0.2538,0.2653,0.1154,0.1154,0.1154,1.1535,2026-08-09
sm1-91,Granbull,normal,Sun & Moon,91,Uncommon,Suwama Chiaki,Stage 1,210,Pokémon,2017/02/03,"tcgplayer,cardmarket",https://prices.pokemontcg.io/tcgplayer/sm1-91,https://images.pokemontcg.io/sm1/91_hires.png,2026/08/08,2026/01/16,0.23,0.07000000029802322,0.25,19.979999542236328,,0.42,,,,0.0692,0.0231,0.0807,0.2768,0.03460000082850456,0.0577,0.0923,0.2884,0.2538,0.346,1.1535,2026-08-09
sm7-93,Beldum,normal,Celestial Storm,93,Common,Hasuno,Basic,374,Pokémon,2018/08/03,"tcgplayer,cardmarket",https://prices.pokemontcg.io/tcgplayer/sm7-93,https://images.pokemontcg.io/sm7/93_hires.png,2026/08/08,2026/01/16,0.15,0.03999999910593033,0.2199999988079071,19.979999542236328,,0.48,,,,0.0807,0.0231,0.0807,0.4268,0.03460000082850456,0.1038,0.0692,0.5767,0.4268,0.3922,1.1535,2026-08-09
hgss1-102,Switch,normal,HeartGold & SoulSilver,102,Uncommon,Hideaki Hakozaki,Item,,Trainer,2010/02/10,"tcgplayer,cardmarket",https://prices.pokemontcg.io/tcgplayer/hgss1-102,https://images.pokemontcg.io/hgss1/102_hires.png,2026/08/08,2026/01/16,1.55,0.6399999856948853,1.4700000286102295,28.100000381469727,,20.53,,,,0.4614,0.0231,0.3114,10.37,0.1615000069141388,0.346,0.3807,5.1792,6.6326,6.1482,1.1535,2026-08-09
bw4-96,Kyurem-EX,holofoil,Next Destinies,96,Rare Ultra,5ban Graphics,Basic|EX,646,Pokémon,2012/02/08,"tcgplayer,cardmarket",https://prices.pokemontcg.io/tcgplayer/bw4-96,https://images.pokemontcg.io/bw4/96_hires.png,2026/08/08,2026/01/16,238.0,104.7699966430664,211.64999389648438,248.99000549316406,,,,,,39.7957,9.228,40.6724,0.0,17.302499771118164,44.3982,40.9262,12.1002,15.4684,13.5421,1.1535,2026-08-09
sm9-95,Yveltal,holofoil,Team Up,95,Rare Holo,Misa Tsutsui,Basic,717,Pokémon,2019/02/01,"tcgplayer,cardmarket",https://prices.pokemontcg.io/tcgplayer/sm9-95,https://images.pokemontcg.io/sm9/95_hires.png,2026/08/08,2026/01/16,2.53,1.4299999475479126,2.5299999713897705,33.0,,2.43,,,,1.0266,0.5767,2.2147,1.3842,0.8073999881744385,1.2689,2.134,1.0381,4.0603,3.1491,1.1535,2026-08-09
ex16-85,Mysterious Fossil,normal,Power Keepers,85,Common,Ryo Ueda,Item,,Trainer,2007/02/02,"tcgplayer,cardmarket",https://prices.pokemontcg.io/tcgplayer/ex16-85,https://images.pokemontcg.io/ex16/85_hires.png,2026/08/08,2026/02/01,0.49,0.07999999821186066,0.41999998688697815,19.979999542236328,,3.42,,,,0.2422,0.0231,0.2768,1.8802,0.11540000140666962,0.1615,0.1961,3.1721,2.0071,2.7338,1.1535,2026-08-09
dp5-89,Dome Fossil,normal,Majestic Dawn,89,Common,Ryo Ueda,Item,,Trainer,2008/05/01,"tcgplayer,cardmarket",https://prices.pokemontcg.io/tcgplayer/dp5-89,https://images.pokemontcg.io/dp5/89_hires.png,2026/08/08,2026/01/16,0.32,0.20000000298023224,0.38999998569488525,19.979999542236328,,3.51,,,,0.323,0.0231,0.323,0.2307,0.11540000140666962,0.323,0.2307,0.4614,1.2227,1.0035,1.1535,2026-08-09
bw9-94,Kecleon,normal,Plasma Freeze,94,Rare,Toyste Beach,Basic,352,Pokémon,2013/05/08,"tcgplayer,cardmarket",https://prices.pokemontcg.io/tcgplayer/bw9-94,https://images.pokemontcg.io/bw9/94_hires.png,2026/08/08,2026/01/16,1.23,0.8999999761581421,1.25,19.979999542236328,,3.53,,,,0.8074,0.0577,0.8651,0.0,0.34599998593330383,0.8997,0.9113,1.0381,2.3647,2.1109,1.1535,2026-08-09
col1-93,Fighting Energy,normal,Call of Legends,93,Common,,Basic,,Energy,2011/02/09,"tcgplayer,cardmarket",https://prices.pokemontcg.io/tcgplayer/col1-93,https://images.pokemontcg.io/col1/93_hires.png,2026/08/08,2026/01/16,10.0,29.989999771118164,37.4900016784668,48.0,46.66,,,,,0.0,11.535,32.5633,0.0,40.361000061035156,38.2501,39.3805,8.0745,8.2014,7.8784,1.1535,2026-08-09
ecard1-85,Machoke,normal,Expedition Base Set,85,Uncommon,Shin-ichi Yoshida,Stage 1,67,Pokémon,2002/09/15,"tcgplayer,cardmarket",https://prices.pokemontcg.io/tcgplayer/ecard1-85,https://images.pokemontcg.io/ecard1/85_hires.png,2026/08/08,2026/02/04,5.77,2.5399999618530273,5.539999961853027,34.91999816894531,,20.85,,,,2.5262,0.0577,2.1224,7.4862,0.4499000012874603,2.2032,2.2263,4.6601,6.8172,5.283,1.1535,2026-08-09
ex3-94,Latios ex,holofoil,Dragon,94,Rare Holo EX,Ryo Ueda,Basic|ex,381,Pokémon,2003/11/24,"tcgplayer,cardmarket",https://prices.pokemontcg.io/tcgplayer/ex3-94,https://images.pokemontcg.io/ex3/94_hires.png,2026/08/08,2026/02/01,277.55,499.989990234375,536.4400024414062,572.8800048828125,,,,,,178.5041,8.0745,164.5352,0.0,173.02499389648438,204.5963,87.7698,25.377,19.6556,23.0239,1.1535,2026-08-09
ecard2-69,Chansey,normal,Aquapolis,69,Common,Atsuko Nishida,Basic,113,Pokémon,2003/01/15,"tcgplayer,cardmarket",https://prices.pokemontcg.io/tcgplayer/ecard2-69,https://images.pokemontcg.io/ecard2/69_hires.png,2026/08/08,2026/01/16,6.75,3.0,9.300000190734863,83.80000305175781,,47.41,,,,1.0958,0.0577,0.8997,9.2049,0.219200000166893,1.1881,1.1074,4.0373,11.5581,6.4481,1.1535,2026-08-09
g1-81,Darkness Energy,normal,Generations,81,Common,,Basic,,Energy,2016/02/22,"tcgplayer,cardmarket",https://prices.pokemontcg.io/tcgplayer/g1-81,https://images.pokemontcg.io/g1/81_hires.png,2026/08/08,2026/01/16,0.88,0.3700000047683716,0.8799999952316284,19.979999542236328,,7.13,,,,0.4268,0.0231,0.4614,6.6442,1.4419000148773193,0.5191,0.4153,13.7266,5.6175,5.2254,1.1535,2026-08-09
bw3-91,Eviolite,normal,Noble Victories,91,Uncommon,5ban Graphics,Pokémon Tool,,Trainer,2011/11/16,"tcgplayer,cardmarket",https://prices.pokemontcg.io/tcgplayer/bw3-91,https://images.pokemontcg.io/bw3/91_hires.png,2026/08/08,2026/01/16,0.31,0.1899999976158142,0.36000001430511475,18.420000076293945,,0.43,,,,1.2112,1.0381,1.0497,0.0,1.2689000368118286,0.992,1.0843,2.307,2.0186,2.0186,1.1535,2026-08-09
ex9-91,Cacturne ex,normal,Emerald,91,Rare Holo EX,Hikaru Koike,Stage 1|ex,332,Pokémon,2005/05/01,"tcgplayer,cardmarket",https://prices.pokemontcg.io/tcgplayer/ex9-91,https://images.pokemontcg.io/ex9/91_hires.png,2026/08/08,2026/02/01,90.17,903.6900024414062,903.6900024414062,903.6900024414062,165.0,,,,,51.6191,6.9095,36.762,0.0,34.60499954223633,38.8845,39.4151,4.6025,17.1295,23.5545,1.1535,2026-08-09
gym2-98,Sabrina's Porygon,unlimited,Gym Challenge,98,Common,Ken Sugimori,Basic,137,Pokémon,2000/10/16,"tcgplayer,cardmarket",https://prices.pokemontcg.io/tcgplayer/gym2-98,https://images.pokemontcg.io/gym2/98_hires.png,2026/08/08,2026/02/01,2.37,0.23000000417232513,1.5700000524520874,9.989999771118164,,,,,"{""1stEdition"": {""low"": 2.8, ""mid"": 6.29, ""high"": 50.88, ""market"": 6.61, ""directLow"": 9.98}}",1.0381,0.1038,0.9228,0.0,1.1649999618530273,1.165,1.0728,0.0,0.0,0.0,1.1535,2026-08-09
bw8-89,Klang,normal,Plasma Storm,89,Uncommon,Akira Komayama,Stage 1,600,Pokémon,2013/02/06,"tcgplayer,cardmarket",https://prices.pokemontcg.io/tcgplayer/bw8-89,https://images.pokemontcg.io/bw8/89_hires.png,2026/08/08,2026/01/16,0.29,0.10000000149011612,0.28999999165534973,19.979999542236328,,0.63,,,,0.3345,0.0231,0.2884,0.0,0.023099999874830246,0.3114,0.2538,1.7302,1.0266,0.8882,1.1535,2026-08-09
sm11-88,Munna,normal,Unified Minds,88,Common,Shibuzoh.,Basic,517,Pokémon,2019/08/02,"tcgplayer,cardmarket",https://prices.pokemontcg.io/tcgplayer/sm11-88,https://images.pokemontcg.io/sm11/88_hires.png,2026/08/08,2026/01/16,3.73,2.0,3.7799999713897705,96.94999694824219,,20.31,,,,0.2999,0.0231,0.2307,1.2689,0.04610000178217888,0.3114,0.2768,0.2884,0.9805,1.0497,1.1535,2026-08-09
pl3-90,Beldum,normal,Supreme Victors,90,Common,Atsuko Nishida,Basic,374,Pokémon,2009/08/19,"tcgplayer,cardmarket",https://prices.pokemontcg.io/tcgplayer/pl3-90,https://images.pokemontcg.io/pl3/90_hires.png,2026/08/08,2026/01/16,0.38,0.10000000149011612,0.3400000035762787,19.979999542236328,,4.19,,,,0.15,0.0231,0.1961,0.2884,0.40369999408721924,0.2422,0.1846,0.4614,0.5537,1.1881,1.1535,2026-08-09
xy11-95,Fletchinder,normal,Steam Siege,95,Uncommon,Shigenori Negishi,Stage 1,662,Pokémon,2016/08/03,"tcgplayer,cardmarket",https://prices.pokemontcg.io/tcgplayer/xy11-95,https://images.pokemontcg.io/xy11/95_hires.png,2026/08/08,2026/01/16,0.16,0.009999999776482582,0.20000000298023224,1000.0,,0.41,,,,0.15,0.0231,0.1846,0.4614,0.023099999874830246,0.0692,0.1154,0.3922,0.4499,0.496,1.1535,2026-08-09
dp2-87,Larvitar,normal,Mysterious Treasures,87,Common,Masakazu Fukuda,Basic,246,Pokémon,2007/08/01,"tcgplayer,cardmarket",https://prices.pokemontcg.io/tcgplayer/dp2-87,https://images.pokemontcg.io/dp2/87_hires.png,2026/08/08,2026/01/19,0.54,0.09000000357627869,0.4000000059604645,19.979999542236328,,6.91,,,,0.15,0.0231,0.1615,7.0363,0.4383000135421753,0.2076,0.2076,13.842,2.8376,2.48,1.1535,2026-08-09
xy12-90,Double Colorless Energy,normal,Evolutions,90,Uncommon,Keiji Kinebuchi,Special,,Energy,2016/11/02,"tcgplayer,cardmarket",https://prices.pokemontcg.io/tcgplayer/xy12-90,https://images.pokemontcg.io/xy12/90_hires.png,2026/08/08,2026/01/16,0.44,0.10000000149011612,0.4000000059604645,9.949999809265137,,1.88,,,,34.5473,17.2448,29.5988,0.0,34.547298431396484,30.141,32.5633,25.377,23.5314,15.5838,1.1535,2026-08-09
gym1-97,Blaine's Quiz #1,unlimited,Gym Heroes,97,Rare,Ken Sugimori,,,Trainer,2000/08/14,"tcgplayer,cardmarket",https://prices.pokemontcg.io/tcgplayer/gym1-97,https://images.pokemontcg.io/gym1/97_hires.png,2026/08/08,2026/01/19,15.31,13.050000190734863,17.809999465942383,95.73999786376953,,,,,"{""1stEdition"": {""low"": 25.92, ""mid"": 30.0, ""high"": 334.57, ""market"": 27.45, ""directLow"": 299.99}}",11.3158,6.3327,10.4507,0.0,12.630800247192383,11.5696,12.6539,3.4605,3.4605,3.4605,1.1535,2026-08-09
ex11-89,Dual Ball,normal,Delta Species,89,Uncommon,"""Big Mama"" Tagawa",Item,,Trainer,2005/10/31,"tcgplayer,cardmarket",https://prices.pokemontcg.io/tcgplayer/ex11-89,https://images.pokemontcg.io/ex11/89_hires.png,2026/08/08,2026/01/19,0.48,0.14000000059604645,0.4699999988079071,19.979999542236328,,7.32,,,,0.2422,0.0231,0.5075,9.228,0.36910000443458557,0.2884,0.4845,9.228,5.9521,5.8944,1.1535,2026-08-09
hgss2-94,Suicune & Entei LEGEND,holofoil,HS—Unleashed,94,LEGEND,Shinji Higuchi + Sachiko Eba,LEGEND,244|245,Pokémon,2010/05/12,"tcgplayer,cardmarket",https://prices.pokemontcg.io/tcgplayer/hgss2-94,https://images.pokemontcg.io/hgss2/94_hires.png,2026/08/08,2026/01/16,113.4,113.4000015258789,207.6699981689453,1296.3800048828125,,,,,,56.7868,8.063,51.5615,0.0,51.907501220703125,35.1241,45.817,13.8305,23.3468,17.3371,1.1535,2026-08-09
xyp-XY85,Hoopa-EX,holofoil,XY Black Star Promos,XY85,Promo,Hitoshi Ariga,Basic|EX,720,Pokémon,2013/10/12,"tcgplayer,cardmarket",https://prices.pokemontcg.io/tcgplayer/xyp-XY85,https://images.pokemontcg.io/xyp/XY85_hires.png,2026/08/08,2026/01/16,18.81,14.25,23.5,160.1999969482422,,,,,,6.5865,3.9219,6.102,0.0,3.4605000019073486,6.2174,7.7746,2.5608,3.449,3.5528,1.1535,2026-08-09
bw11-96,Garchomp,holofoil,Legendary Treasures,96,Rare Holo,Masakazu Fukuda,Stage 2,445,Pokémon,2013/11/06,"tcgplayer,cardmarket",https://prices.pokemontcg.io/tcgplayer/bw11-96,https://images.pokemontcg.io/bw11/96_hires.png,2026/08/08,2026/01/16,8.5,4.25,7.760000228881836,79.69999694824219,,10.39,,,,6.3442,4.6025,7.0133,19.8979,6.921000003814697,5.9636,7.59,19.0328,15.5376,10.0124,1.1535,2026-08-09
swsh1-94,Hitmonlee,normal,Sword & Shield,94,Uncommon,Shigenori Negishi,Basic,106,Pokémon,2020/02/07,"tcgplayer,cardmarket",https://prices.pokemontcg.io/tcgplayer/swsh1-94,https://images.pokemontcg.io/swsh1/94_hires.png,2026/08/08,2026/01/16,0.26,0.07000000029802322,0.25999999046325684,19.84000015258789,,1.64,,,,0.1615,0.0231,0.2653,1.9379,0.17299999296665192,0.2768,0.1846,2.307,2.0532,1.8225,1.1535,2026-08-09
pl2-93,Pokémon Contest Hall,normal,Rising Rivals,93,Uncommon,Makoto Imai,Stadium,,Trainer,2009/05/16,"tcgplayer,cardmarket",https://prices.pokemontcg.io/tcgplayer/pl2-93,https://images.pokemontcg.io/pl2/93_hires.png,2026/08/08,2026/01/16,0.28,0.20000000298023224,0.3499999940395355,19.979999542236328,,2.98,,,,0.3345,0.0231,0.323,0.0,0.10379999876022339,0.323,0.2999,0.8074,0.7613,2.2609,1.1535,2026-08-09
ecard3-61,Granbull,normal,Skyridge,61,Common,Tomokazu Komiya,Stage 1,210,Pokémon,2003/05/12,"tcgplayer,cardmarket",https://prices.pokemontcg.io/tcgplayer/ecard3-61,https://images.pokemontcg.io/ecard3/61_hires.png,2026/08/08,2026/02/01,28.42,20.0,39.9900016784668,209.8000030517578,,35.0,,,,4.7524,1.7187,5.6983,33.6476,6.494200229644775,6.3673,5.0062,10.3815,21.6627,9.574,1.1535,2026-08-09
xy3-81,Slakoth,normal,Furious Fists,81,Common,Midori Harada,Basic,287,Pokémon,2014/08/13,"tcgplayer,cardmarket",https://prices.pokemontcg.io/tcgplayer/xy3-81,https://images.pokemontcg.io/xy3/81_hires.png,2026/08/08,2026/01/16,0.29,0.05000000074505806,0.27000001072883606,19.979999542236328,,0.51,,,,0.1269,0.0231,0.2076,0.5767,0.17299999296665192,0.2192,0.1154,0.5191,0.5537,0.3922,1.1535,2026-08-09
dp3-100,Psyduck,normal,Secret Wonders,100,Common,Kagemaru Himeno,Basic,54,Pokémon,2007/11/01,"tcgplayer,cardmarket",https://prices.pokemontcg.io/tcgplayer/dp3-100,https://images.pokemontcg.io/dp3/100_hires.png,2026/08/08,2026/01/16,12.7,6.599999904632568,11.5600004196167,90.0,,61.59,,,,0.5306,0.0231,0.3691,9.3895,0.5997999906539917,0.7498,0.7152,9.1703,8.1552,6.9441,1.1535,2026-08-09
hgss4-92,Celebi,holofoil,HS—Triumphant,92,Rare Prime,Hideaki Hakozaki,Basic|Prime,251,Pokémon,2010/11/03,"tcgplayer,cardmarket",https://prices.pokemontcg.io/tcgplayer/hgss4-92,https://images.pokemontcg.io/hgss4/92_hires.png,2026/08/08,2026/01/16,88.06,72.08000183105469,111.1500015258789,375.0,,,,,,24.2581,5.756,24.6042,0.0,34.60499954223633,26.8766,27.5802,6.6326,19.2981,13.4844,1.1535,2026-08-09
xy2-105,Pokémon Center Lady,holofoil,Flashfire,105,Rare Ultra,Megumi Mizutani,Supporter,,Trainer,2014/05/07,"tcgplayer,cardmarket",https://prices.pokemontcg.io/tcgplayer/xy2-105,https://images.pokemontcg.io/xy2/105_hires.png,2026/08/08,2025/12/28,56.96,38.66999816894531,59.93000030517578,571.4000244140625,,,,,,26.0691,5.7675,33.29,0.0,51.895999908447266,38.3539,34.7319,34.5935,19.5864,19.4941,1.1535,2026-08-09
neo1-87,Mary,unlimited,Neo Genesis,87,Rare,Ken Sugimori,,,Trainer,2000/12/16,"tcgplayer,cardmarket",https://prices.pokemontcg.io/tcgplayer/neo1-87,https://images.pokemontcg.io/neo1/87_hires.png,2026/08/08,2026/02/01,3.25,1.5,3.0799999237060547,26.489999771118164,,,,,"{""1stEdition"": {""low"": 2.14, ""mid"": 4.64, ""high"": 49.89, ""market"": 5.08, ""directLow"": 7.99}}",1.8225,0.0577,1.9956,0.0,0.9228000044822693,1.7418,1.9263,0.0,0.0,0.0,1.1535,2026-08-09
xy4-88,Diggersby,normal,Phantom Forces,88,Rare,match,Stage 1,660,Pokémon,2014/11/05,"tcgplayer,cardmarket",https://prices.pokemontcg.io/tcgplayer/xy4-88,https://images.pokemontcg.io/xy4/88_hires.png,2026/08/08,2026/01/16,0.31,0.15000000596046448,0.33000001311302185,19.979999542236328,,0.62,,,,0.5306,0.0692,0.5075,1.0381,0.5651999711990356,0.5075,0.4268,1.3727,1.0381,0.9805,1.1535,2026-08-09
sm3-91,Ralts,normal,Burning Shadows,91,Common,Yumi,Basic,280,Pokémon,2017/08/05,"tcgplayer,cardmarket",https://prices.pokemontcg.io/tcgplayer/sm3-91,https://images.pokemontcg.io/sm3/91_hires.png,2026/08/08,2026/01/16,0.37,0.10000000149011612,0.36000001430511475,4.0,,1.25,,,,0.1038,0.0231,0.1154,0.4268,0.06920000165700912,0.1154,0.1154,0.3114,0.4383,0.3922,1.1535,2026-08-09
dp4-87,Tangela,normal,Great Encounters,87,Common,Sumiyoshi Kizuki,Basic,114,Pokémon,2008/02/01,"tcgplayer,cardmarket",https://prices.pokemontcg.io/tcgplayer/dp4-87,https://images.pokemontcg.io/dp4/87_hires.png,2026/08/08,2026/01/16,0.72,0.36000001430511475,0.75,19.979999542236328,,8.53,,,,0.2538,0.0231,0.2999,0.6114,0.13840000331401825,0.2999,0.2307,1.7302,0.8305,0.9689,1.1535,2026-08-09
swsh2-91,Dragapult,holofoil,Rebel Clash,91,Rare Holo,Shin Nagasawa,Stage 2,887,Pokémon,2020/05/01,"tcgplayer,cardmarket",https://prices.pokemontcg.io/tcgplayer/swsh2-91,https://images.pokemontcg.io/swsh2/91_hires.png,2026/08/08,2026/01/16,0.58,0.17000000178813934,0.6100000143051147,3.75,,0.77,,,,0.5537,0.0231,0.4037,1.7649,0.13840000331401825,0.5306,0.7036,1.0151,1.142,1.3496,1.1535,2026-08-09
ex15-84,Holon Energy FF,normal,Dragon Frontiers,84,Rare,Takumi Akabane,Special,,Energy,2006/11/01,"tcgplayer,cardmarket",https://prices.pokemontcg.io/tcgplayer/ex15-84,https://images.pokemontcg.io/ex15/84_hires.png,2026/08/08,2026/01/19,1.62,0.75,1.6299999952316284,96.83999633789062,,3.3,,,,2.0071,0.0231,0.5652,4.0834,1.7302000522613525,1.2804,1.6495,4.0834,5.1446,5.7329,1.1535,2026-08-09
sm3-92,Kirlia,normal,Burning Shadows,92,Uncommon,Anesaki Dynamic,Stage 1,281,Pokémon,2017/08/05,"tcgplayer,cardmarket",https://prices.pokemontcg.io/tcgplayer/sm3-92,https://images.pokemontcg.io/sm3/92_hires.png,2026/08/08,2026/01/16,0.41,0.15000000596046448,0.4000000059604645,19.979999542236328,,0.93,,,,1.6956,0.0,0.8305,0.0,0.8073999881744385,0.8074,0.4614,0.0,0.0,0.0,1.1535,2026-08-09
bw9-95,Starly,normal,Plasma Freeze,95,Common,Kouki Saitou,Basic,396,Pokémon,2013/05/08,"tcgplayer,cardmarket",https://prices.pokemontcg.io/tcgplayer/bw9-95,https://images.pokemontcg.io/bw9/95_hires.png,2026/08/08,2026/01/16,0.26,0.07999999821186066,0.25,7.989999771118164,,0.6,,,,0.1154,0.0231,0.0923,0.5075,0.20759999752044678,0.1269,0.1269,0.1269,0.6114,0.6114,1.1535,2026-08-09
sm1-92,Cutiefly,normal,Sun & Moon,92,Common,Hitoshi Ariga,Basic,742,Pokémon,2017/02/03,"tcgplayer,cardmarket",https://prices.pokemontcg.io/tcgplayer/sm1-92,https://images.pokemontcg.io/sm1/92_hires.png,2026/08/08,2026/01/16,0.2,0.009999999776482582,0.2199999988079071,19.979999542236328,,0.47,,,,0.0923,0.0231,0.0923,0.2768,0.04610000178217888,0.0692,0.0923,0.3114,0.2884,0.323,1.1535,2026-08-09
dp7-86,Luxury Ball,normal,Stormfront,86,Uncommon,Ryo Ueda,Item,,Trainer,2008/11/01,"tcgplayer,cardmarket",https://prices.pokemontcg.io/tcgplayer/dp7-86,https://images.pokemontcg.io/dp7/86_hires.png,2026/08/08,2026/01/16,1.84,1.4500000476837158,2.2699999809265137,29.5,,14.56,,,,0.4268,0.0231,0.5075,2.2955,0.11540000140666962,0.346,0.323,2.307,2.2263,3.3682,1.1535,2026-08-09
sm12-98,Dhelmise,normal,Cosmic Eclipse,98,Uncommon,Midori Harada,Basic,781,Pokémon,2019/11/01,"tcgplayer,cardmarket",https://prices.pokemontcg.io/tcgplayer/sm12-98,https://images.pokemontcg.io/sm12/98_hires.png,2026/08/08,2026/01/16,0.24,0.009999999776482582,0.23999999463558197,19.979999542236328,,0.42,,,,0.1038,0.0231,0.1269,0.7267,0.34599998593330383,0.1384,0.1269,0.5652,0.5998,0.5191,1.1535,2026-08-09
ex13-94,Darkness Energy,normal,Holon Phantoms,94,Rare,Milky Isobe,Special,,Energy,2006/05/01,"tcgplayer,cardmarket",https://prices.pokemontcg.io/tcgplayer/ex13-94,https://images.pokemontcg.io/ex13/94_hires.png,2026/08/08,2026/01/16,1.86,0.8999999761581421,1.8899999856948853,19.979999542236328,,5.76,,,,1.6149,0.0577,2.4108,9.1703,0.46140000224113464,2.2609,1.4649,9.1703,7.6131,5.4561,1.1535,2026-08-09
ecard3-62,Growlithe,normal,Skyridge,62,Common,Masako Yamashita,Basic,58,Pokémon,2003/05/12,"tcgplayer,cardmarket",https://prices.pokemontcg.io/tcgplayer/ecard3-62,https://images.pokemontcg.io/ecard3/62_hires.png,2026/08/08,2026/02/01,31.46,24.989999771118164,40.369998931884766,449.9700012207031,,,,,,2.7569,0.3345,3.0452,25.1578,3.1837000846862793,2.803,2.5492,6.921,22.8047,17.9485,1.1535,2026-08-09
ecard2-70,Chinchou,normal,Aquapolis,70,Common,Yuka Morii,Basic,170,Pokémon,2003/01/15,"tcgplayer,cardmarket",https://prices.pokemontcg.io/tcgplayer/ecard2-70,https://images.pokemontcg.io/ecard2/70_hires.png,2026/08/08,2026/01/16,14.05,11.0,27.219999313354492,233.0,,29.59,,,,1.9609,0.346,1.8802,9.8048,2.849100112915039,2.0878,2.1224,6.921,8.1437,8.2821,1.1535,2026-08-09
bw5-88,Stoutland,normal,Dark Explorers,88,Rare,Atsuko Nishida,Stage 2,508,Pokémon,2012/05/09,"tcgplayer,cardmarket",https://prices.pokemontcg.io/tcgplayer/bw5-88,https://images.pokemontcg.io/bw5/88_hires.png,2026/08/08,2026/01/16,0.9,0.4300000071525574,0.8999999761581421,19.979999542236328,,3.63,,,,0.9459,0.173,0.7498,0.0,0.34599998593330383,0.7959,0.8882,1.7302,3.2759,1.3957,1.1535,2026-08-09
dp4-88,Togepi,normal,Great Encounters,88,Common,Ken Sugimori,Basic,175,Pokémon,2008/02/01,"tcgplayer,cardmarket",https://prices.pokemontcg.io/tcgplayer/dp4-88,https://images.pokemontcg.io/dp4/88_hires.png,2026/08/08,2026/01/16,1.39,0.4000000059604645,1.0700000524520874,29.989999771118164,,5.95,,,,0.2192,0.0231,0.1846,0.5998,0.23070000112056732,0.1615,0.2422,0.5767,0.5537,2.8607,1.1535,2026-08-09
xy1-96,Xerneas,normal,XY,96,Rare,5ban Graphics,Basic,716,Pokémon,2014/02/05,"tcgplayer,cardmarket",https://prices.pokemontcg.io/tcgplayer/xy1-96,https://images.pokemontcg.io/xy1/96_hires.png,2026/08/08,2026/01/16,0.95,0.4300000071525574,0.8600000143051147,19.989999771118164,,2.05,,,,1.1189,0.0231,1.3727,1.7187,1.153499960899353,1.2112,0.8767,2.8838,1.8341,2.2724,1.1535,2026-08-09
swsh3-88,Tyranitar,holofoil,Darkness Ablaze,88,Rare Holo,nagimiso,Stage 2,248,Pokémon,2020/08/14,"tcgplayer,cardmarket",https://prices.pokemontcg.io/tcgplayer/swsh3-88,https://images.pokemontcg.io/swsh3/88_hires.png,2026/08/08,2026/01/16,0.38,0.05999999865889549,0.41999998688697815,2.390000104904175,,0.9,,,,0.7498,0.0577,0.7036,1.638,0.7958999872207642,0.7036,0.7267,2.8838,1.5226,1.6841,1.1535,2026-08-09
xy10-90,Alakazam Spirit Link,normal,Fates Collide,90,Uncommon,5ban Graphics,Pokémon Tool,,Trainer,2016/05/02,"tcgplayer,cardmarket",https://prices.pokemontcg.io/tcgplayer/xy10-90,https://images.pokemontcg.io/xy10/90_hires.png,2026/08/08,2026/01/16,0.28,0.029999999329447746,0.27000001072883606,1000.0,,1.12,,,,0.2768,0.0231,0.2422,1.2804,0.7498000264167786,0.2422,0.2192,0.8651,1.4419,0.669,1.1535,2026-08-09
hgss2-95,Suicune & Entei LEGEND,holofoil,HS—Unleashed,95,LEGEND,Shinji Higuchi + Sachiko Eba,LEGEND,244|245,Pokémon,2010/05/12,"tcgplayer,cardmarket",https://prices.pokemontcg.io/tcgplayer/hgss2-95,https://images.pokemontcg.io/hgss2/95_hires.png,2026/08/08,2026/01/16,180.0,100.23999786376953,235.0,699.97998046875,,,,,,37.2465,8.063,34.0975,0.0,23.058500289916992,35.6085,41.1684,11.5235,15.9068,15.9529,1.1535,2026-08-09
xy7-95,Steven,holofoil,Ancient Origins,95,Rare Ultra,Megumi Mizutani,Supporter,,Trainer,2015/08/12,"tcgplayer,cardmarket",https://prices.pokemontcg.io/tcgplayer/xy7-95,https://images.pokemontcg.io/xy7/95_hires.png,2026/08/08,2026/01/16,39.41,24.989999771118164,37.72999954223633,258.1000061035156,,,,,,27.0726,10.3815,35.9777,0.0,40.372501373291016,24.3504,30.6139,12.6885,14.3841,13.4844,1.1535,2026-08-09
hgss4-93,Electrode,holofoil,HS—Triumphant,93,Rare Prime,Hideaki Hakozaki,Stage 1|Prime,101,Pokémon,2010/11/03,"tcgplayer,cardmarket",https://prices.pokemontcg.io/tcgplayer/hgss4-93,https://images.pokemontcg.io/hgss4/93_hires.png,2026/08/08,2026/01/16,46.23,43.70000076293945,75.0,346.25,,,,,,13.6805,3.449,15.9183,0.0,11.53499984741211,15.6415,16.2413,13.7843,10.6353,5.8482,1.1535,2026-08-09
ex9-92,Camerupt ex,holofoil,Emerald,92,Rare Holo EX,Ryo Ueda,Stage 1|ex,323,Pokémon,2005/05/01,"tcgplayer,cardmarket",https://prices.pokemontcg.io/tcgplayer/ex9-92,https://images.pokemontcg.io/ex9/92_hires.png,2026/08/08,2026/02/01,100.0,27.989999771118164,45.540000915527344,99.98999786376953,,,,,,116.7919,12.6885,71.4247,0.0,20.174699783325195,88.5657,42.2527,4.6025,12.677,11.9387,1.1535,2026-08-09
dp3-101,Qwilfish,normal,Secret Wonders,101,Common,Kenkichi Toyama,Basic,211,Pokémon,2007/11/01,"tcgplayer,cardmarket",https://prices.pokemontcg.io/tcgplayer/dp3-101,https://images.pokemontcg.io/dp3/101_hires.png,2026/08/08,2026/01/16,0.38,0.15000000596046448,0.33000001311302185,19.979999542236328,,2.3,,,,0.15,0.0231,0.1615,0.496,0.3921999931335449,0.2076,0.1846,0.2653,0.5998,0.8882,1.1535,2026-08-09
sma-SV90,Shrine of Punishment,holofoil,Hidden Fates Shiny Vault,SV90,Rare Secret,5ban Graphics,Stadium,,Trainer,2019/08/23,"tcgplayer,cardmarket",https://prices.pokemontcg.io/tcgplayer/sma-SV90,https://images.pokemontcg.io/sma/SV90_hires.png,2026/08/08,2026/01/16,6.07,3.990000009536743,6.369999885559082,12.75,,,,,,10.3354,6.1597,11.8118,0.0,21.916500091552734,10.6007,9.6894,20.7515,20.2555,30.983,1.1535,2026-08-09
sm10-85,Diglett,normal,Unbroken Bonds,85,Common,Kouki Saitou,Basic,50,Pokémon,2019/05/03,"tcgplayer,cardmarket",https://prices.pokemontcg.io/tcgplayer/sm10-85,https://images.pokemontcg.io/sm10/85_hires.png,2026/08/08,2026/01/16,0.26,0.05000000074505806,0.25,19.979999542236328,,0.5,,,,0.1269,0.0231,0.1154,0.646,0.17299999296665192,0.1269,0.1615,0.173,0.3922,0.346,1.1535,2026-08-09
bw8-90,Klinklang,holofoil,Plasma Storm,90,Rare Holo,5ban Graphics,Stage 2|Team Plasma,601,Pokémon,2013/02/06,"tcgplayer,cardmarket",https://prices.pokemontcg.io/tcgplayer/bw8-90,https://images.pokemontcg.io/bw8/90_hires.png,2026/08/08,2026/01/16,1.65,0.9700000286102295,1.6799999475479126,26.440000534057617,,2.14,,,,2.2263,0.173,3.0222,1.9033,3.4605000019073486,2.1686,2.1801,2.8838,2.8607,2.5031,1.1535,2026-08-09
pl1-94,Skuntank G,normal,Platinum,94,Common,Makoto Imai,Basic|SP,435,Pokémon,2009/02/11,"tcgplayer,cardmarket",https://prices.pokemontcg.io/tcgplayer/pl1-94,https://images.pokemontcg.io/pl1/94_hires.png,2026/08/08,2026/01/16,0.39,0.15000000596046448,0.38999998569488525,19.979999542236328,,2.84,,,,0.2884,0.0231,0.173,0.346,0.219200000166893,0.2307,0.3807,0.5767,2.2263,1.4534,1.1535,2026-08-09
bwp-BW84,Porygon-Z,holofoil,BW Black Star Promos,BW84,Promo,5ban Graphics,Stage 2|Team Plasma,474,Pokémon,2011/03/01,"tcgplayer,cardmarket",https://prices.pokemontcg.io/tcgplayer/bwp-BW84,https://images.pokemontcg.io/bwp/BW84_hires.png,2026/08/08,2026/01/21,20.82,49.9900016784668,74.23999786376953,495.5799865722656,,,,,,17.3025,7.9476,20.6476,0.0,17.302499771118164,19.7133,15.3185,2.307,4.2103,4.2333,1.1535,2026-08-09
bw2-86,Rufflet,normal,Emerging Powers,86,Common,Kouki Saitou,Basic,627,Pokémon,2011/08/31,"tcgplayer,cardmarket",https://prices.pokemontcg.io/tcgplayer/bw2-86,https://images.pokemontcg.io/bw2/86_hires.png,2026/08/08,2026/01/16,0.32,0.05000000074505806,0.3199999928474426,19.979999542236328,,1.67,,,,0.173,0.0231,0.1846,1.1535,0.17299999296665192,0.1961,0.173,1.1535,0.9343,0.992,1.1535,2026-08-09
base6-90,Rhyhorn,normal,Legendary Collection,90,Common,Mitsuhiro Arita,Basic,111,Pokémon,2002/05/24,"tcgplayer,cardmarket",https://prices.pokemontcg.io/tcgplayer/base6-90,https://images.pokemontcg.io/base6/90_hires.png,2026/08/08,2026/02/01,0.48,0.25,0.49000000953674316,19.979999542236328,,92.46,,,,0.2192,0.0231,0.2076,45.9439,0.11540000140666962,0.1961,0.2538,34.605,56.0486,35.8046,1.1535,2026-08-09
sm9-96,Hoopa-GX,holofoil,Team Up,96,Rare Holo GX,5ban Graphics,Basic|GX,720,Pokémon,2019/02/01,"tcgplayer,cardmarket",https://prices.pokemontcg.io/tcgplayer/sm9-96,https://images.pokemontcg.io/sm9/96_hires.png,2026/08/08,2026/01/16,3.46,2.75,3.440000057220459,43.900001525878906,,,,,,3.0337,0.5652,3.0222,0.0,3.4374001026153564,2.7338,3.0914,4.614,4.3026,3.6566,1.1535,2026-08-09
pl3-91,Bidoof,normal,Supreme Victors,91,Common,Atsuko Nishida,Basic,399,Pokémon,2009/08/19,"tcgplayer,cardmarket",https://prices.pokemontcg.io/tcgplayer/pl3-91,https://images.pokemontcg.io/pl3/91_hires.png,2026/08/08,2026/01/16,0.71,0.17000000178813934,0.5199999809265137,19.979999542236328,,4.83,,,,0.1615,0.0231,0.3345,0.496,1.0958000421524048,0.2884,0.2422,0.3922,0.8651,1.0728,1.1535,2026-08-09
sm7-94,Metang,normal,Celestial Storm,94,Uncommon,SATOSHI NAKAI,Stage 1,375,Pokémon,2018/08/03,"tcgplayer,cardmarket",https://prices.pokemontcg.io/tcgplayer/sm7-94,https://images.pokemontcg.io/sm7/94_hires.png,2026/08/08,2026/01/16,0.25,0.14000000059604645,0.28999999165534973,19.979999542236328,,0.46,,,,0.1038,0.0231,0.1269,0.5767,0.05770000070333481,0.1269,0.1384,0.6344,0.4499,0.5998,1.1535,2026-08-09
dp1-96,Roselia,,Diamond & Pearl,96,Common,Ken Sugimori,Basic,315,Pokémon,2007/05/01,cardmarket,https://prices.pokemontcg.io/cardmarket/dp1-96,https://images.pokemontcg.io/dp1/96_hires.png,,2026/01/16,,,,,,,,,,0.173,0.0231,0.1615,0.9689,0.06920000165700912,0.173,0.1961,0.173,0.7382,1.0958,1.1535,2026-08-09
ex2-87,Lanette's Net Search,normal,Sandstorm,87,Uncommon,Ken Sugimori,Supporter,,Trainer,2003/09/18,"tcgplayer,cardmarket",https://prices.pokemontcg.io/tcgplayer/ex2-87,https://images.pokemontcg.io/ex2/87_hires.png,2026/08/08,2026/02/01,1.67,0.5,1.4500000476837158,21.68000030517578,,4.92,,,,0.4037,0.0692,0.819,2.8607,3.2874999046325684,0.6575,0.6344,2.2839,3.0683,3.6681,1.1535,2026-08-09
bw7-98,Vibrava,normal,Boundaries Crossed,98,Uncommon,Naoki Saito,Stage 1,329,Pokémon,2012/11/07,"tcgplayer,cardmarket",https://prices.pokemontcg.io/tcgplayer/bw7-98,https://images.pokemontcg.io/bw7/98_hires.png,2026/08/08,2026/01/15,0.57,0.25,0.5299999713897705,19.979999542236328,,2.62,,,,0.2653,0.0231,0.2307,0.0,0.34599998593330383,0.2538,0.2538,0.7267,1.2804,0.992,1.1535,2026-08-09
ex7-92,Swoop! Teleporter,normal,Team Rocket Returns,92,Uncommon,Katsura Tabata,Rocket's Secret Machine,,Trainer,2004/11/01,"tcgplayer,cardmarket",https://prices.pokemontcg.io/tcgplayer/ex7-92,https://images.pokemontcg.io/ex7/92_hires.png,2026/08/08,2026/01/16,18.12,18.459999084472656,20.479999542236328,171.5800018310547,,42.91,,,,9.2165,5.7675,10.3123,0.0,10.946700096130371,11.4427,10.1854,20.763,19.0904,17.5793,1.1535,2026-08-09
xy2-106,Pokémon Fan Club,holofoil,Flashfire,106,Rare Ultra,Emi Ando,Supporter,,Trainer,2014/05/07,"tcgplayer,cardmarket",https://prices.pokemontcg.io/tcgplayer/xy2-106,https://images.pokemontcg.io/xy2/106_hires.png,2026/08/08,2025/12/28,25.17,15.0,25.600000381469727,240.60000610351562,,,,,,14.3149,2.8838,12.4232,0.0,9.227999687194824,13.5882,12.7116,11.4773,8.9627,8.5013,1.1535,2026-08-09
bw11-97,Deino,normal,Legendary Treasures,97,Common,Akira Komayama,Basic,633,Pokémon,2013/11/06,"tcgplayer,cardmarket",https://prices.pokemontcg.io/tcgplayer/bw11-97,https://images.pokemontcg.io/bw11/97_hires.png,2026/08/08,2026/01/16,0.29,0.10000000149011612,0.27000001072883606,23.389999389648438,,0.79,,,,0.0,11.535,11.1659,0.0,11.53499984741211,9.551,8.5128,2.2955,2.4454,2.4454,1.1535,2026-08-09
xy4-89,Fletchling,normal,Phantom Forces,89,Common,Kyoko Umemoto,Basic,661,Pokémon,2014/11/05,"tcgplayer,cardmarket",https://prices.pokemontcg.io/tcgplayer/xy4-89,https://images.pokemontcg.io/xy4/89_hires.png,2026/08/08,2026/01/16,0.17,0.009999999776482582,0.20000000298023224,19.979999542236328,,0.52,,,,0.15,0.0231,0.346,0.8536,0.09229999780654907,0.4499,0.173,0.5421,1.0497,0.6575,1.1535,2026-08-09
xy12-91,Grass Energy,normal,Evolutions,91,Common,,Basic,,Energy,2016/11/02,"tcgplayer,cardmarket",https://prices.pokemontcg.io/tcgplayer/xy12-91,https://images.pokemontcg.io/xy12/91_hires.png,2026/08/08,2026/01/16,0.18,0.07999999821186066,0.23000000417232513,19.979999542236328,,2.72,,,,0.1269,0.0231,0.1961,3.1721,0.3806999921798706,0.2422,0.15,2.307,3.0106,3.4259,1.1535,2026-08-09
ex5-87,Ancient Tomb,normal,Hidden Legends,87,Uncommon,Ken Ikuji,Stadium,,Trainer,2004/06/01,"tcgplayer,cardmarket",https://prices.pokemontcg.io/tcgplayer/ex5-87,https://images.pokemontcg.io/ex5/87_hires.png,2026/08/08,2026/02/01,3.2,2.4100000858306885,6.289999961853027,69.5,,5.63,,,,1.315,0.1154,1.3957,2.7569,0.51910001039505,0.9574,1.2573,4.614,2.3762,3.0452,1.1535,2026-08-09
bw3-92,N,normal,Noble Victories,92,Uncommon,Ken Sugimori,Supporter,,Trainer,2011/11/16,"tcgplayer,cardmarket",https://prices.pokemontcg.io/tcgplayer/bw3-92,https://images.pokemontcg.io/bw3/92_hires.png,2026/08/08,2026/01/16,2.11,0.75,2.0199999809265137,96.94999694824219,,15.15,,,,1.7649,0.0231,2.2032,3.7489,3.691200017929077,1.6034,1.6149,0.7498,2.4685,3.2067,1.1535,2026-08-09
bw10-104,Dusknoir,holofoil,Plasma Blast,104,Rare Secret,Ayaka Yoshida,Stage 2,477,Pokémon,2013/08/14,"tcgplayer,cardmarket",https://prices.pokemontcg.io/tcgplayer/bw10-104,https://images.pokemontcg.io/bw10/104_hires.png,2026/08/08,2025/12/28,145.22,199.99000549316406,1104.949951171875,2012.8800048828125,,,,,,196.095,20.6476,74.5622,0.0,196.09500122070312,87.6429,66.0494,72.0938,42.0797,23.7275,1.1535,2026-08-09
neo4-94,Impostor Professor Oak's Invention,unlimited,Neo Destiny,94,Rare,Ken Sugimori,,,Trainer,2002/02/28,"tcgplayer,cardmarket",https://prices.pokemontcg.io/tcgplayer/neo4-94,https://images.pokemontcg.io/neo4/94_hires.png,2026/08/08,2026/01/19,5.68,4.0,5.0,51.29999923706055,,,,,"{""1stEdition"": {""low"": 5.24, ""mid"": 11.5, ""high"": 118.79, ""market"": 9.78, ""directLow"": null}}",7.071,1.1535,6.275,0.0,6.4481000900268555,7.1978,7.0133,4.614,4.614,4.614,1.1535,2026-08-09
dp2-88,Magby,normal,Mysterious Treasures,88,Common,Midori Harada,Basic,240,Pokémon,2007/08/01,"tcgplayer,cardmarket",https://prices.pokemontcg.io/tcgplayer/dp2-88,https://images.pokemontcg.io/dp2/88_hires.png,2026/08/08,2026/01/19,0.49,0.20000000298023224,0.4000000059604645,19.979999542236328,,5.6,,,,0.2653,0.0231,0.3345,5.1446,0.7498000264167786,0.346,0.3114,0.5306,3.7604,3.126,1.1535,2026-08-09
sm2-92,Sylveon-GX,holofoil,Guardians Rising,92,Rare Holo GX,5ban Graphics,Stage 1|GX,700,Pokémon,2017/05/05,"tcgplayer,cardmarket",https://prices.pokemontcg.io/tcgplayer/sm2-92,https://images.pokemontcg.io/sm2/92_hires.png,2026/08/08,2026/01/15,24.86,21.549999237060547,27.989999771118164,188.92999267578125,,,,,,10.4392,1.7187,10.7276,0.0,13.32289981842041,11.385,10.889,5.1677,4.3026,4.8447,1.1535,2026-08-09
ex4-96,Absol,holofoil,Team Magma vs Team Aqua,96,Rare Secret,Mitsuhiro Arita,Basic,359,Pokémon,2004/03/01,"tcgplayer,cardmarket",https://prices.pokemontcg.io/tcgplayer/ex4-96,https://images.pokemontcg.io/ex4/96_hires.png,2026/08/08,2026/01/16,166.83,315.0,317.5,320.0,,,,,,113.6197,28.8375,89.7423,0.0,28.837499618530273,94.9907,82.9943,5.7675,31.2945,21.086,1.1535,2026-08-09
sm8-91,Unown,normal,Lost Thunder,91,Rare,Hasuno,Basic,201,Pokémon,2018/11/02,"tcgplayer,cardmarket",https://prices.pokemontcg.io/tcgplayer/sm8-91,https://images.pokemontcg.io/sm8/91_hires.png,2026/08/08,2026/01/16,0.99,0.5,0.9900000095367432,19.979999542236328,,1.95,,,,0.7728,0.1615,0.9343,3.0452,0.51910001039505,0.6921,0.8767,3.9796,2.6415,2.2263,1.1535,2026-08-09
pl4-96,Arceus LV.X,holofoil,Arceus,96,Rare Holo LV.X,Ryo Ueda,Level-Up,493,Pokémon,2009/11/04,"tcgplayer,cardmarket",https://prices.pokemontcg.io/tcgplayer/pl4-96,https://images.pokemontcg.io/pl4/96_hires.png,2026/08/08,2026/01/16,40.34,68.0,68.0,695.0,,,,,,31.5367,3.6912,22.3202,0.0,51.895999908447266,32.6556,27.0957,5.7675,6.6788,6.3904,1.1535,2026-08-09
col1-94,Darkness Energy,normal,Call of Legends,94,Common,,Basic,,Energy,2011/02/09,"tcgplayer,cardmarket",https://prices.pokemontcg.io/tcgplayer/col1-94,https://images.pokemontcg.io/col1/94_hires.png,2026/08/08,2026/01/16,85.0,105.98999786376953,107.0,1120.0,149.98,,,,,128.2807,103.6997,166.0694,0.0,161.49000549316406,131.2798,132.6064,13.842,11.0044,9.724,1.1535,2026-08-09
ex10-94,Energy Search,normal,Unseen Forces,94,Common,Kai Ishikawa,Item,,Trainer,2005/08/01,"tcgplayer,cardmarket",https://prices.pokemontcg.io/tcgplayer/ex10-94,https://images.pokemontcg.io/ex10/94_hires.png,2026/08/08,2026/01/16,0.22,0.05000000074505806,0.25,3.5,,14.99,,,,0.0923,0.0231,0.1038,17.3025,0.219200000166893,0.1154,0.1384,17.3025,4.3948,4.787,1.1535,2026-08-09
xy5-98,Honedge,normal,Primal Clash,98,Common,Atsuko Nishida,Basic,679,Pokémon,2015/02/04,"tcgplayer,cardmarket",https://prices.pokemontcg.io/tcgplayer/xy5-98,https://images.pokemontcg.io/xy5/98_hires.png,2026/08/08,2026/01/16,0.23,0.009999999776482582,0.23000000417232513,1000.0,,0.54,,,,0.1154,0.0231,0.0923,0.0,0.11540000140666962,0.0923,0.1038,1.0958,0.4153,0.5075,1.1535,2026-08-09
base4-96,Tangela,normal,Base Set 2,96,Common,Mitsuhiro Arita,Basic,114,Pokémon,2000/02/24,"tcgplayer,cardmarket",https://prices.pokemontcg.io/tcgplayer/base4-96,https://images.pokemontcg.io/base4/96_hires.png,2026/08/08,2026/01/16,0.65,0.10000000149011612,0.5099999904632568,40.0,,,,,,0.2422,0.0231,0.346,0.0,0.17299999296665192,0.3576,0.2768,0.1154,0.1154,0.1154,1.1535,2026-08-09
sm4-84a,Regigigas,,Crimson Invasion,84a,Rare Holo,Hasuno,Basic,486,Pokémon,2017/11/03,cardmarket,https://prices.pokemontcg.io/cardmarket/sm4-84a,https://images.pokemontcg.io/sm4/84a_hires.png,,2026/01/16,,,,,,,,,,1.2919,0.5652,1.3035,0.0,0.8073999881744385,1.3496,1.1996,1.0958,1.9379,1.9494,1.1535,2026-08-09
xy11-96,Talonflame,normal,Steam Siege,96,Rare,Kouki Saitou,Stage 2,663,Pokémon,2016/08/03,"tcgplayer,cardmarket",https://prices.pokemontcg.io/tcgplayer/xy11-96,https://images.pokemontcg.io/xy11/96_hires.png,2026/08/08,2026/01/16,0.37,0.23999999463558197,0.41999998688697815,2.390000104904175,,0.66,,,,0.4268,0.0231,0.3807,0.819,0.11540000140666962,0.4153,0.4729,0.346,0.8074,1.0266,1.1535,2026-08-09
dp5-90,Energy Search,normal,Majestic Dawn,90,Common,Ryo Ueda,Item,,Trainer,2008/05/01,"tcgplayer,cardmarket",https://prices.pokemontcg.io/tcgplayer/dp5-90,https://images.pokemontcg.io/dp5/90_hires.png,2026/08/08,2026/01/16,0.28,0.009999999776482582,0.25,18.059999465942383,,23.66,,,,0.0692,0.0231,0.0807,0.0,0.05770000070333481,0.0807,0.0692,0.5767,0.8651,0.992,1.1535,2026-08-09
sm5-93,Shiinotic,normal,Ultra Prism,93,Rare,kawayoo,Stage 1,756,Pokémon,2018/02/02,"tcgplayer,cardmarket",https://prices.pokemontcg.io/tcgplayer/sm5-93,https://images.pokemontcg.io/sm5/93_hires.png,2026/08/08,2026/01/16,0.74,0.4000000059604645,0.8100000023841858,19.5,,1.43,,,,0.2538,0.0231,0.3114,0.8651,0.51910001039505,0.2999,0.3691,0.5191,0.8651,0.7613,1.1535,2026-08-09
ex1-83,Lady Outing,normal,Ruby & Sapphire,83,Uncommon,Ken Sugimori,Supporter,,Trainer,2003/07/01,"tcgplayer,cardmarket",https://prices.pokemontcg.io/tcgplayer/ex1-83,https://images.pokemontcg.io/ex1/83_hires.png,2026/08/08,2026/02/19,0.61,0.30000001192092896,0.6200000047683716,20.799999237060547,,2.06,,,,0.6921,0.0231,0.7267,0.9228,0.34599998593330383,0.9689,0.5191,1.0381,1.5572,1.2804,1.1535,2026-08-09
base1-97,Fighting Energy,normal,Base,97,,Keiji Kinebuchi,Basic,,Energy,1999/01/09,"tcgplayer,cardmarket",https://prices.pokemontcg.io/tcgplayer/base1-97,https://images.pokemontcg.io/base1/97_hires.png,2026/08/08,2026/01/16,0.43,0.07000000029802322,0.3499999940395355,17.940000534057617,,,,,,0.3922,0.0231,0.2884,0.0,0.10379999876022339,0.2422,0.3576,5.756,4.2333,4.2333,1.1535,2026-08-09
gym2-99,Sabrina's Psyduck,unlimited,Gym Challenge,99,Common,Ken Sugimori,Basic,54,Pokémon,2000/10/16,"tcgplayer,cardmarket",https://prices.pokemontcg.io/tcgplayer/gym2-99,https://images.pokemontcg.io/gym2/99_hires.png,2026/08/08,2026/02/01,10.08,4.0,9.520000457763672,110.02999877929688,,,,,"{""1stEdition"": {""low"": 25.35, ""mid"": 29.95, ""high"": 179.9, ""market"": 25.0, ""directLow"": null}}",5.4907,1.1535,4.6371,0.0,5.767499923706055,4.6486,5.26,0.0,0.0,0.0,1.1535,2026-08-09
swsh4-91,Drilbur,normal,Vivid Voltage,91,Common,Yuka Morii,Basic,529,Pokémon,2020/11/13,"tcgplayer,cardmarket",https://prices.pokemontcg.io/tcgplayer/swsh4-91,https://images.pokemontcg.io/swsh4/91_hires.png,2026/08/08,2026/01/16,0.16,0.019999999552965164,0.2199999988079071,25.170000076293945,,0.46,,,,0.0461,0.0231,0.0807,0.2422,0.04610000178217888,0.0923,0.0577,0.2653,0.2192,0.2768,1.1535,2026-08-09
g1-82,Metal Energy,normal,Generations,82,Common,,Basic,,Energy,2016/02/22,"tcgplayer,cardmarket",https://prices.pokemontcg.io/tcgplayer/g1-82,https://images.pokemontcg.io/g1/82_hires.png,2026/08/08,2026/01/16,0.64,0.25,0.6399999856948853,14.989999771118164,,9.19,,,,0.0,0.5767,0.0231,0.0,0.18459999561309814,0.1846,0.1846,0.1846,0.1846,0.1846,1.1535,2026-08-09
sm6-87,Sylveon,normal,Forbidden Light,87,Rare,0313,Stage 1,700,Pokémon,2018/05/04,"tcgplayer,cardmarket",https://prices.pokemontcg.io/tcgplayer/sm6-87,https://images.pokemontcg.io/sm6/87_hires.png,2026/08/08,2026/01/16,11.09,6.989999771118164,12.380000114440918,57.02000045776367,,19.3,,,,5.6868,2.8838,6.3327,11.8118,0.6344000101089478,5.5599,5.9059,4.0373,9.874,8.5705,1.1535,2026-08-09
ex14-90,Blaziken ex,holofoil,Crystal Guardians,90,Rare Holo EX,Mitsuhiro Arita,Stage 2|ex,257,Pokémon,2006/08/01,"tcgplayer,cardmarket",https://prices.pokemontcg.io/tcgplayer/ex14-90,https://images.pokemontcg.io/ex14/90_hires.png,2026/08/08,2026/02/01,128.1,89.98999786376953,199.99000549316406,959.7999877929688,,,,,,31.8366,13.842,45.4364,0.0,43.19860076904297,37.408,34.8357,30.2678,20.7976,18.8367,1.1535,2026-08-09
ecard1-86,Magmar,normal,Expedition Base Set,86,Uncommon,Miki Tanaka,Basic,126,Pokémon,2002/09/15,"tcgplayer,cardmarket",https://prices.pokemontcg.io/tcgplayer/ecard1-86,https://images.pokemontcg.io/ecard1/86_hires.png,2026/08/08,2026/02/01,7.41,4.650000095367432,7.360000133514404,58.099998474121094,,52.67,,,,2.134,0.1154,2.3647,5.4791,6.921000003814697,1.6841,2.2032,8.0745,6.4596,6.1251,1.1535,2026-08-09
ex6-93,Life Herb,normal,FireRed & LeafGreen,93,Uncommon,Ryo Ueda,Item,,Trainer,2004/09/01,"tcgplayer,cardmarket",https://prices.pokemontcg.io/tcgplayer/ex6-93,https://images.pokemontcg.io/ex6/93_hires.png,2026/08/08,2026/01/16,0.3,0.15000000596046448,0.3100000023841858,20.34000015258789,,2.6,,,,0.2422,0.0231,0.0923,17.3025,0.04610000178217888,0.2653,0.3922,5.7675,6.921,4.118,1.1535,2026-08-09
dp6-93,Exeggcute,normal,Legends Awakened,93,Common,Midori Harada,Basic,102,Pokémon,2008/08/01,"tcgplayer,cardmarket",https://prices.pokemontcg.io/tcgplayer/dp6-93,https://images.pokemontcg.io/dp6/93_hires.png,2026/08/08,2026/01/16,0.45,0.20000000298023224,0.47999998927116394,18.399999618530273,,6.0,,,,0.3345,0.0231,0.3576,1.4419,0.23070000112056732,0.2884,0.2884,1.4419,1.7187,1.7995,1.1535,2026-08-09
bw1-93,Energy Search,normal,Black & White,93,Common,Ryo Ueda,Item,,Trainer,2011/04/25,"tcgplayer,cardmarket",https://prices.pokemontcg.io/tcgplayer/bw1-93,https://images.pokemontcg.io/bw1/93_hires.png,2026/08/08,2026/01/16,0.21,0.009999999776482582,0.2199999988079071,5.0,,1.23,,,,0.0577,0.0231,0.1154,0.6921,0.2653000056743622,0.1038,0.0807,0.2307,0.7152,0.8651,1.1535,2026-08-09
xy6-90,Steven,normal,Roaring Skies,90,Uncommon,Megumi Mizutani,Supporter,,Trainer,2015/05/06,"tcgplayer,cardmarket",https://prices.pokemontcg.io/tcgplayer/xy6-90,https://images.pokemontcg.io/xy6/90_hires.png,2026/08/08,2026/01/16,0.31,0.15000000596046448,0.3100000023841858,19.979999542236328,,0.82,,,,0.3576,0.0231,0.2999,1.1535,0.46140000224113464,0.4729,0.2884,1.1535,1.0035,1.2573,1.1535,2026-08-09
ex8-94,Heal Energy,normal,Deoxys,94,Uncommon,Takumi Akabane,Special,,Energy,2005/02/01,"tcgplayer,cardmarket",https://prices.pokemontcg.io/tcgplayer/ex8-94,https://images.pokemontcg.io/ex8/94_hires.png,2026/08/08,2026/02/01,6.82,4.769999980926514,7.349999904632568,62.5,,14.36,,,,3.4605,0.2884,3.4028,6.921,3.4605000019073486,3.3567,2.8722,6.921,9.4356,8.0976,1.1535,2026-08-09
smp-SM90,Raichu-GX,holofoil,SM Black Star Promos,SM90,Promo,5ban Graphics,Stage 1|GX,26,Pokémon,2017/02/03,"tcgplayer,cardmarket",https://prices.pokemontcg.io/tcgplayer/smp-SM90,https://images.pokemontcg.io/smp/SM90_hires.png,2026/08/08,2026/01/16,10.66,8.5,11.1899995803833,40.0,,,,,,4.7293,1.6034,4.8101,0.0,4.706299781799316,4.6947,4.7178,2.803,2.9414,3.7027,1.1535,2026-08-09
xy9-85,Aromatisse,normal,BREAKpoint,85,Uncommon,kirisAki,Stage 1,683,Pokémon,2016/02/03,"tcgplayer,cardmarket",https://prices.pokemontcg.io/tcgplayer/xy9-85,https://images.pokemontcg.io/xy9/85_hires.png,2026/08/08,2026/01/16,0.17,0.10000000149011612,0.30000001192092896,14.989999771118164,,0.81,,,,0.2538,0.0231,0.2192,1.1535,0.023099999874830246,0.2192,0.2538,1.6149,0.7498,0.9228,1.1535,2026-08-09
xy8-90,Zorua,normal,BREAKthrough,90,Common,Hitoshi Ariga,Basic,570,Pokémon,2015/11/04,"tcgplayer,cardmarket",https://prices.pokemontcg.io/tcgplayer/xy8-90,https://images.pokemontcg.io/xy8/90_hires.png,2026/08/08,2026/01/16,0.46,0.10000000149011612,0.4000000059604645,19.979999542236328,,1.26,,,,0.2538,0.0461,0.173,1.811,0.023099999874830246,0.2192,0.3691,0.4037,1.3611,1.8341,1.1535,2026-08-09
hgss1-103,Double Colorless Energy,normal,HeartGold & SoulSilver,103,Uncommon,Kent Kanetsuna,Special,,Energy,2010/02/10,"tcgplayer,cardmarket",https://prices.pokemontcg.io/tcgplayer/hgss1-103,https://images.pokemontcg.io/hgss1/103_hires.png,2026/08/08,2026/01/16,4.69,3.75,4.78000020980835,48.099998474121094,,32.97,,,,1.7533,0.2884,1.7533,0.0,1.926300048828125,1.7995,1.8917,4.614,5.6406,4.2333,1.1535,2026-08-09
neo1-88,PokéGear,unlimited,Neo Genesis,88,Rare,"Katsura Tabata, CR CG gangs",,,Trainer,2000/12/16,"tcgplayer,cardmarket",https://prices.pokemontcg.io/tcgplayer/neo1-88,https://images.pokemontcg.io/neo1/88_hires.png,2026/08/08,2026/02/01,2.55,1.0,2.0,96.94999694824219,,,,,"{""1stEdition"": {""low"": 1.79, ""mid"": 2.86, ""high"": 33.5, ""market"": 2.7, ""directLow"": null}}",2.5492,0.1154,2.7915,0.0,2.9644999504089355,2.3993,2.9645,0.0,0.0,0.0,1.1535,2026-08-09
bw4-97,Zekrom-EX,holofoil,Next Destinies,97,Rare Ultra,5ban Graphics,Basic|EX,644,Pokémon,2012/02/08,"tcgplayer,cardmarket",https://prices.pokemontcg.io/tcgplayer/bw4-97,https://images.pokemontcg.io/bw4/97_hires.png,2026/08/08,2026/01/16,277.36,147.49000549316406,234.10000610351562,1900.0,,,,,,41.1338,11.535,50.5002,0.0,26.530500411987305,36.1392,63.7078,11.5235,30.6485,19.7825,1.1535,2026-08-09
xyp-XY86,M Blaziken-EX,holofoil,XY Black Star Promos,XY86,Promo,5ban Graphics,MEGA|EX,257,Pokémon,2013/10/12,"tcgplayer,cardmarket",https://prices.pokemontcg.io/tcgplayer/xyp-XY86,https://images.pokemontcg.io/xyp/XY86_hires.png,2026/08/08,2026/01/16,85.66,53.0,72.8499984741211,752.0800170898438,,,,,,53.3378,5.7675,45.4133,0.0,57.67499923706055,48.0894,47.8587,23.07,24.5349,20.9822,1.1535,2026-08-09
swsh2-92,Dragapult V,holofoil,Rebel Clash,92,Rare Holo V,aky CG Works,Basic|V,887,Pokémon,2020/05/01,"tcgplayer,cardmarket",https://prices.pokemontcg.io/tcgplayer/swsh2-92,https://images.pokemontcg.io/swsh2/92_hires.png,2026/08/08,2026/01/16,1.69,0.4699999988079071,1.8899999856948853,19.989999771118164,,,,,,1.7072,0.4614,2.2147,0.0,1.153499960899353,2.0417,1.7995,2.307,2.8491,3.1491,1.1535,2026-08-09
ex3-95,Magcargo ex,holofoil,Dragon,95,Rare Holo EX,Hikaru Koike,Stage 1|ex,219,Pokémon,2003/11/24,"tcgplayer,cardmarket",https://prices.pokemontcg.io/tcgplayer/ex3-95,https://images.pokemontcg.io/ex3/95_hires.png,2026/08/08,2026/01/16,83.46,74.94999694824219,89.95999908447266,860.0,,,,,,46.5437,5.6522,46.0246,0.0,18.917400360107422,43.3601,29.4258,5.7675,8.4552,8.0976,1.1535,2026-08-09
gym1-98,Brock,unlimited,Gym Heroes,98,Rare,Ken Sugimori,,,Trainer,2000/08/14,"tcgplayer,cardmarket",https://prices.pokemontcg.io/tcgplayer/gym1-98,https://images.pokemontcg.io/gym1/98_hires.png,2026/08/08,2026/01/19,5.17,2.700000047683716,4.579999923706055,53.5,,,,,"{""1stEdition"": {""low"": 9.83, ""mid"": 12.22, ""high"": 145.9, ""market"": 13.97, ""directLow"": null}}",5.1677,0.5767,5.0869,0.0,5.225399971008301,5.0754,5.8713,0.8074,0.8074,0.8074,1.1535,2026-08-09
xy3-82,Vigoroth,normal,Furious Fists,82,Uncommon,Suwama Chiaki,Stage 1,288,Pokémon,2014/08/13,"tcgplayer,cardmarket",https://prices.pokemontcg.io/tcgplayer/xy3-82,https://images.pokemontcg.io/xy3/82_hires.png,2026/08/08,2026/01/16,0.31,0.10000000149011612,0.2800000011920929,19.979999542236328,,0.5,,,,0.15,0.0231,0.1269,1.1996,0.11540000140666962,0.15,0.173,1.488,0.7152,0.8882,1.1535,2026-08-09
sm11-89,Musharna,normal,Unified Minds,89,Uncommon,Misa Tsutsui,Stage 1,518,Pokémon,2019/08/02,"tcgplayer,cardmarket",https://prices.pokemontcg.io/tcgplayer/sm11-89,https://images.pokemontcg.io/sm11/89_hires.png,2026/08/08,2026/01/16,0.29,0.10000000149011612,0.28999999165534973,19.979999542236328,,0.5,,,,0.0923,0.0231,0.2307,1.0035,0.17299999296665192,0.173,0.1615,0.2307,0.7267,0.5306,1.1535,2026-08-09
swsh1-95,Hitmonchan,normal,Sword & Shield,95,Uncommon,Shigenori Negishi,Basic,107,Pokémon,2020/02/07,"tcgplayer,cardmarket",https://prices.pokemontcg.io/tcgplayer/swsh1-95,https://images.pokemontcg.io/swsh1/95_hires.png,2026/08/08,2026/01/16,0.29,0.07999999821186066,0.30000001192092896,19.979999542236328,,1.24,,,,0.1961,0.0231,0.2307,2.1455,0.17299999296665192,0.1384,0.2076,1.7302,2.4339,1.6264,1.1535,2026-08-09
bw6-93,Deino,normal,Dragons Exalted,93,Common,kawayoo,Basic,633,Pokémon,2012/08/15,"tcgplayer,cardmarket",https://prices.pokemontcg.io/tcgplayer/bw6-93,https://images.pokemontcg.io/bw6/93_hires.png,2026/08/08,2026/01/16,0.28,0.15000000596046448,0.3400000035762787,19.979999542236328,,3.94,,,,0.1384,0.0231,0.2422,0.8882,0.023099999874830246,0.1384,0.2538,1.2689,1.165,0.6921,1.1535,2026-08-09
ex11-90,Great Ball,normal,Delta Species,90,Uncommon,Nakaoka,Item,,Trainer,2005/10/31,"tcgplayer,cardmarket",https://prices.pokemontcg.io/tcgplayer/ex11-90,https://images.pokemontcg.io/ex11/90_hires.png,2026/08/08,2026/01/19,0.72,0.38999998569488525,0.7200000286102295,19.979999542236328,,10.58,,,,0.2884,0.0231,0.4037,0.0,0.11540000140666962,0.3345,0.3576,4.8332,4.3026,4.1872,1.1535,2026-08-09
ex16-86,Root Fossil,normal,Power Keepers,86,Common,Ryo Ueda,Item,,Trainer,2007/02/02,"tcgplayer,cardmarket",https://prices.pokemontcg.io/tcgplayer/ex16-86,https://images.pokemontcg.io/ex16/86_hires.png,2026/08/08,2026/02/01,0.35,0.05000000074505806,0.36000001430511475,19.979999542236328,,5.0,,,,0.2076,0.0231,0.2192,3.6105,0.24220000207424164,0.1961,0.1961,1.142,4.5679,3.4374,1.1535,2026-08-09
pl2-94,Sunyshore City Gym,normal,Rising Rivals,94,Uncommon,Yusuke Ishikawa,Stadium,,Trainer,2009/05/16,"tcgplayer,cardmarket",https://prices.pokemontcg.io/tcgplayer/pl2-94,https://images.pokemontcg.io/pl2/94_hires.png,2026/08/08,2026/01/16,0.28,0.15000000596046448,0.3499999940395355,19.979999542236328,,1.28,,,,0.2076,0.0231,0.2422,0.8997,0.24220000207424164,0.2307,0.1961,1.1535,0.7036,0.9228,1.1535,2026-08-09
smp-SM91,Silvally-GX,holofoil,SM Black Star Promos,SM91,Promo,5ban Graphics,Stage 1|GX,773,Pokémon,2017/02/03,"tcgplayer,cardmarket",https://prices.pokemontcg.io/tcgplayer/smp-SM91,https://images.pokemontcg.io/smp/SM91_hires.png,2026/08/08,2026/01/16,4.41,1.9800000190734863,4.239999771118164,9999.0,,,,,,3.2644,0.9228,3.1837,0.0,3.4605000019073486,3.299,3.3798,5.1907,2.5954,2.7684,1.1535,2026-08-09
bw10-105,Rare Candy,holofoil,Plasma Blast,105,Rare Secret,5ban Graphics,Item,,Trainer,2013/08/14,"tcgplayer,cardmarket",https://prices.pokemontcg.io/tcgplayer/bw10-105,https://images.pokemontcg.io/bw10/105_hires.png,2026/08/08,2025/12/28,183.76,165.44000244140625,227.4199981689453,1500.0,,,,,,75.6581,40.3725,108.6828,0.0,57.67499923706055,100.343,70.0867,20.6476,18.8482,24.9387,1.1535,2026-08-09
bwp-BW85,Lucario,holofoil,BW Black Star Promos,BW85,Promo,Masakazu Fukuda,Stage 1,448,Pokémon,2011/03/01,"tcgplayer,cardmarket",https://prices.pokemontcg.io/tcgplayer/bwp-BW85,https://images.pokemontcg.io/bwp/BW85_hires.png,2026/08/05,2026/01/21,332.47,299.989990234375,299.989990234375,299.989990234375,,,,,,57.675,1.142,8.6628,0.0,57.67499923706055,15.6299,32.3787,8.6512,14.1304,10.1162,1.1535,2026-08-09
hgss1-104,Rainbow Energy,normal,HeartGold & SoulSilver,104,Uncommon,Kent Kanetsuna,Special,,Energy,2010/02/10,"tcgplayer,cardmarket",https://prices.pokemontcg.io/tcgplayer/hgss1-104,https://images.pokemontcg.io/hgss1/104_hires.png,2026/08/08,2026/01/15,1.98,1.0,1.8600000143051147,2.990000009536743,,9.02,,,,10.9582,9.228,11.4081,0.0,10.381500244140625,10.9582,12.1233,11.535,11.535,11.535,1.1535,2026-08-09
pl3-92,Buizel,normal,Supreme Victors,92,Common,Kagemaru Himeno,Basic,418,Pokémon,2009/08/19,"tcgplayer,cardmarket",https://prices.pokemontcg.io/tcgplayer/pl3-92,https://images.pokemontcg.io/pl3/92_hires.png,2026/08/08,2026/01/16,0.36,0.17000000178813934,0.3499999940395355,19.979999542236328,,5.0,,,,0.1384,0.0231,0.1269,0.2307,0.10379999876022339,0.15,0.1384,0.2307,1.7995,1.1881,1.1535,2026-08-09
xy11-97,Hawlucha,normal,Steam Siege,97,Uncommon,miki kudo,Basic,701,Pokémon,2016/08/03,"tcgplayer,cardmarket",https://prices.pokemontcg.io/tcgplayer/xy11-97,https://images.pokemontcg.io/xy11/97_hires.png,2026/08/08,2026/01/16,0.2,0.029999999329447746,0.20999999344348907,1000.0,,0.56,,,,0.0923,0.0231,0.0692,0.8074,0.04610000178217888,0.1038,0.1384,1.1535,0.7267,0.5075,1.1535,2026-08-09
ex11-91,Holon Farmer,normal,Delta Species,91,Uncommon,Kouki Saitou,Supporter,,Trainer,2005/10/31,"tcgplayer,cardmarket",https://prices.pokemontcg.io/tcgplayer/ex11-91,https://images.pokemontcg.io/ex11/91_hires.png,2026/08/08,2026/01/19,2.35,1.309999942779541,2.3499999046325684,27.899999618530273,,5.76,,,,2.0763,0.0231,3.0222,4.8908,1.153499960899353,3.0683,2.2724,4.5563,5.4676,5.7444,1.1535,2026-08-09
xy2-107,M Charizard-EX,holofoil,Flashfire,107,Rare Secret,5ban Graphics,MEGA|EX,6,Pokémon,2014/05/07,"tcgplayer,cardmarket",https://prices.pokemontcg.io/tcgplayer/xy2-107,https://images.pokemontcg.io/xy2/107_hires.png,2026/08/08,2025/12/28,314.65,169.0,284.0299987792969,1743.699951171875,,,,,,80.7219,23.0123,301.7325,0.0,23.012300491333008,67.4913,227.4471,57.675,62.7158,53.0379,1.1535,2026-08-09
gym1-99,Charity,unlimited,Gym Heroes,99,Rare,Ken Sugimori,,,Trainer,2000/08/14,"tcgplayer,cardmarket",https://prices.pokemontcg.io/tcgplayer/gym1-99,https://images.pokemontcg.io/gym1/99_hires.png,2026/08/08,2026/01/16,8.64,6.0,8.609999656677246,109.58999633789062,,,,,"{""1stEdition"": {""low"": 12.99, ""mid"": 15.23, ""high"": 282.72, ""market"": 14.05, ""directLow"": 282.72}}",10.0816,4.614,9.2857,0.0,4.037300109863281,10.9121,10.7276,51.7921,51.7921,51.7921,1.1535,2026-08-09
ex1-84,Lum Berry,normal,Ruby & Sapphire,84,Uncommon,Kazuo Yazawa,Pokémon Tool,,Trainer,2003/07/01,"tcgplayer,cardmarket",https://prices.pokemontcg.io/tcgplayer/ex1-84,https://images.pokemontcg.io/ex1/84_hires.png,2026/08/08,2026/02/19,0.57,0.11999999731779099,0.5,20.600000381469727,,2.9,,,,0.5421,0.0231,1.0151,1.6726,0.57669997215271,0.992,0.5652,4.3602,2.307,1.4765,1.1535,2026-08-09
sm2-92a,Sylveon-GX,,Guardians Rising,92a,Rare Holo GX,5ban Graphics,Stage 1|GX,700,Pokémon,2017/05/05,cardmarket,https://prices.pokemontcg.io/cardmarket/sm2-92a,https://images.pokemontcg.io/sm2/92a_hires.png,,2025/12/28,,,,,,,,,,11.7426,3.449,12.7346,0.0,11.523500442504883,12.031,14.8917,6.3327,6.575,6.3212,1.1535,2026-08-09
base1-98,Fire Energy,normal,Base,98,,Keiji Kinebuchi,Basic,,Energy,1999/01/09,"tcgplayer,cardmarket",https://prices.pokemontcg.io/tcgplayer/base1-98,https://images.pokemontcg.io/base1/98_hires.png,2026/08/08,2026/01/16,0.53,0.15000000596046448,0.38999998569488525,18.079999923706055,,,,,,1.4534,0.173,2.7107,0.0,0.7498000264167786,3.2298,2.5723,0.0,0.0,0.0,1.1535,2026-08-09
dp3-102,Ralts,normal,Secret Wonders,102,Common,Sumiyoshi Kizuki,Basic,280,Pokémon,2007/11/01,"tcgplayer,cardmarket",https://prices.pokemontcg.io/tcgplayer/dp3-102,https://images.pokemontcg.io/dp3/102_hires.png,2026/08/08,2026/01/16,0.82,0.20000000298023224,0.75,19.979999542236328,,7.32,,,,0.2307,0.0231,0.3345,0.4383,0.29989999532699585,0.3576,0.2307,0.5421,1.7879,1.2689,1.1535,2026-08-09
base4-97,Venonat,normal,Base Set 2,97,Common,Mitsuhiro Arita,Basic,48,Pokémon,2000/02/24,"tcgplayer,cardmarket",https://prices.pokemontcg.io/tcgplayer/base4-97,https://images.pokemontcg.io/base4/97_hires.png,2026/08/08,2026/01/16,1.42,0.20000000298023224,0.6700000166893005,10.75,,,,,,0.5767,0.0577,0.5767,0.0,0.3806999921798706,0.496,0.5767,0.1384,0.1384,0.1384,1.1535,2026-08-09
xy5-99,Doublade,normal,Primal Clash,99,Uncommon,Kanako Eo,Stage 1,680,Pokémon,2015/02/04,"tcgplayer,cardmarket",https://prices.pokemontcg.io/tcgplayer/xy5-99,https://images.pokemontcg.io/xy5/99_hires.png,2026/08/08,2026/01/16,0.21,0.09000000357627869,0.23000000417232513,1000.0,,0.71,,,,0.173,0.0577,0.1384,1.0958,0.23070000112056732,0.15,0.1961,1.0958,0.646,0.5075,1.1535,2026-08-09
xy10-91,Altaria Spirit Link,normal,Fates Collide,91,Uncommon,5ban Graphics,Pokémon Tool,,Trainer,2016/05/02,"tcgplayer,cardmarket",https://prices.pokemontcg.io/tcgplayer/xy10-91,https://images.pokemontcg.io/xy10/91_hires.png,2026/08/08,2026/01/16,0.26,0.03999999910593033,0.25,1000.0,,0.52,,,,0.2653,0.0231,0.2884,0.9805,0.10379999876022339,0.2076,0.2076,0.6344,0.9343,0.6344,1.1535,2026-08-09
ex15-85,Holon Energy GL,normal,Dragon Frontiers,85,Rare,Takumi Akabane,Special,,Energy,2006/11/01,"tcgplayer,cardmarket",https://prices.pokemontcg.io/tcgplayer/ex15-85,https://images.pokemontcg.io/ex15/85_hires.png,2026/08/08,2026/01/19,1.57,0.9900000095367432,1.600000023841858,18.520000457763672,,6.75,,,,1.8456,0.1154,1.7533,4.0373,1.153499960899353,1.2458,1.5457,3.449,3.7027,4.6947,1.1535,2026-08-09
pl3-93,Bulbasaur,normal,Supreme Victors,93,Common,Naoyo Kimura,Basic,1,Pokémon,2009/08/19,"tcgplayer,cardmarket",https://prices.pokemontcg.io/tcgplayer/pl3-93,https://images.pokemontcg.io/pl3/93_hires.png,2026/08/08,2026/01/16,4.55,0.9599999785423279,3.4000000953674316,58.099998474121094,,95.36,,,,0.496,0.0577,0.3807,0.0,0.4383000135421753,0.3576,0.496,15.5723,13.7613,11.8349,1.1535,2026-08-09
hgss4-94,Gengar,holofoil,HS—Triumphant,94,Rare Prime,Takashi Yamaguchi,Stage 2|Prime,94,Pokémon,2010/11/03,"tcgplayer,cardmarket",https://prices.pokemontcg.io/tcgplayer/hgss4-94,https://images.pokemontcg.io/hgss4/94_hires.png,2026/08/08,2026/01/16,493.44,725.0,1000.0,1300.0,,,,,,148.7554,8.0745,163.1972,0.0,149.9550018310547,129.0536,139.735,11.4197,24.3619,26.8073,1.1535,2026-08-09
xy8-91,Zoroark,holofoil,BREAKthrough,91,Rare Holo,kawayoo,Stage 1,571,Pokémon,2015/11/04,"tcgplayer,cardmarket",https://prices.pokemontcg.io/tcgplayer/xy8-91,https://images.pokemontcg.io/xy8/91_hires.png,2026/08/08,2026/01/16,1.6,1.0,1.600000023841858,29.989999771118164,,7.18,,,,1.9263,0.2307,2.5377,4.3256,1.1303999423980713,1.7418,2.4916,4.3256,3.7604,3.6566,1.1535,2026-08-09
swsh4-92,Terrakion,normal,Vivid Voltage,92,Rare,NC Empire,Basic,639,Pokémon,2020/11/13,"tcgplayer,cardmarket",https://prices.pokemontcg.io/tcgplayer/swsh4-92,https://images.pokemontcg.io/swsh4/92_hires.png,2026/08/08,2026/01/16,0.24,0.03999999910593033,0.25,2.990000009536743,,0.24,,,,0.1615,0.0231,0.2192,0.3576,0.11540000140666962,0.2422,0.2076,0.2076,0.3922,0.3922,1.1535,2026-08-09
ex5-88,Desert Ruins,normal,Hidden Legends,88,Uncommon,Shin-ichi Yoshikawa,Stadium,,Trainer,2004/06/01,"tcgplayer,cardmarket",https://prices.pokemontcg.io/tcgplayer/ex5-88,https://images.pokemontcg.io/ex5/88_hires.png,2026/08/08,2026/02/01,7.23,4.989999771118164,8.489999771118164,72.9000015258789,,9.24,,,,2.7338,0.2999,2.3416,4.441,2.595400094985962,2.6877,2.3531,3.4374,3.968,4.4064,1.1535,2026-08-09
xy3-83,Slaking,holofoil,Furious Fists,83,Rare Holo,PLANETA,Stage 2,289,Pokémon,2014/08/13,"tcgplayer,cardmarket",https://prices.pokemontcg.io/tcgplayer/xy3-83,https://images.pokemontcg.io/xy3/83_hires.png,2026/08/08,2026/01/16,0.58,0.25,0.6000000238418579,22.489999771118164,,0.92,,,,1.3381,0.0577,0.7844,1.5342,0.57669997215271,1.0497,1.3381,0.2999,1.2804,1.4534,1.1535,2026-08-09
ex2-88,Rare Candy,normal,Sandstorm,88,Uncommon,Ryo Ueda,Item,,Trainer,2003/09/18,"tcgplayer,cardmarket",https://prices.pokemontcg.io/tcgplayer/ex2-88,https://images.pokemontcg.io/ex2/88_hires.png,2026/08/08,2026/02/01,8.24,6.480000019073486,9.109999656677246,80.0,,24.99,,,,2.3185,0.5767,2.5492,7.2094,2.306999921798706,2.4916,3.1375,8.6512,7.8207,8.8589,1.1535,2026-08-09
sm4-85,Minccino,normal,Crimson Invasion,85,Common,kodama,Basic,572,Pokémon,2017/11/03,"tcgplayer,cardmarket",https://prices.pokemontcg.io/tcgplayer/sm4-85,https://images.pokemontcg.io/sm4/85_hires.png,2026/08/08,2026/01/16,0.25,0.009999999776482582,0.25,19.979999542236328,,0.5,,,,0.0807,0.0231,0.1269,0.2192,0.28839999437332153,0.0807,0.0692,0.1961,0.2192,0.2768,1.1535,2026-08-09
bw9-96,Staravia,normal,Plasma Freeze,96,Uncommon,sui,Stage 1,397,Pokémon,2013/05/08,"tcgplayer,cardmarket",https://prices.pokemontcg.io/tcgplayer/bw9-96,https://images.pokemontcg.io/bw9/96_hires.png,2026/08/08,2026/01/16,0.27,0.09000000357627869,0.27000001072883606,23.489999771118164,,0.51,,,,0.1384,0.0231,0.1269,1.0266,0.2768000066280365,0.15,0.1961,1.0266,0.7728,0.7382,1.1535,2026-08-09
sm10-86,Dugtrio,normal,Unbroken Bonds,86,Rare,Akira Komayama,Stage 1,51,Pokémon,2019/05/03,"tcgplayer,cardmarket",https://prices.pokemontcg.io/tcgplayer/sm10-86,https://images.pokemontcg.io/sm10/86_hires.png,2026/08/08,2026/01/16,0.33,0.11999999731779099,0.3499999940395355,19.979999542236328,,0.46,,,,0.3576,0.0577,0.3576,1.7302,0.51910001039505,0.3345,0.323,1.7302,0.819,0.7613,1.1535,2026-08-09
ex3-96,Muk ex,holofoil,Dragon,96,Rare Holo EX,Hikaru Koike,Stage 1|ex,89,Pokémon,2003/11/24,"tcgplayer,cardmarket",https://prices.pokemontcg.io/tcgplayer/ex3-96,https://images.pokemontcg.io/ex3/96_hires.png,2026/08/08,2026/01/16,103.25,77.7699966430664,100.06999969482422,964.9000244140625,,,,,,30.7984,3.4605,35.5393,0.0,100.71209716796875,44.479,25.8615,13.7266,15.6991,12.5501,1.1535,2026-08-09
xy7-96,Primal Kyogre-EX,holofoil,Ancient Origins,96,Rare Secret,5ban Graphics,MEGA|EX,382,Pokémon,2015/08/12,"tcgplayer,cardmarket",https://prices.pokemontcg.io/tcgplayer/xy7-96,https://images.pokemontcg.io/xy7/96_hires.png,2026/08/08,2026/01/16,438.96,239.99000549316406,485.54998779296875,4962.02978515625,,,,,,214.4933,63.4425,177.0853,0.0,201.8625030517578,185.6789,155.9417,109.5825,62.439,44.0176,1.1535,2026-08-09
sm9-97,Incineroar-GX,holofoil,Team Up,97,Rare Holo GX,5ban Graphics,Stage 2|GX,727,Pokémon,2019/02/01,"tcgplayer,cardmarket",https://prices.pokemontcg.io/tcgplayer/sm9-97,https://images.pokemontcg.io/sm9/97_hires.png,2026/08/08,2026/01/16,3.03,1.940000057220459,3.0,96.86000061035156,,,,,,2.653,1.142,2.1686,0.0,1.153499960899353,2.0878,2.7684,1.7879,3.5989,2.6415,1.1535,2026-08-09
neo1-89,Super Energy Retrieval,unlimited,Neo Genesis,89,Rare,Keiji Kinebuchi,,,Trainer,2000/12/16,"tcgplayer,cardmarket",https://prices.pokemontcg.io/tcgplayer/neo1-89,https://images.pokemontcg.io/neo1/89_hires.png,2026/08/08,2026/02/01,2.35,0.9300000071525574,1.600000023841858,19.979999542236328,,,,,"{""1stEdition"": {""low"": 2.23, ""mid"": 3.3, ""high"": 35.5, ""market"": 3.14, ""directLow"": null}}",1.8341,0.2192,2.1801,0.0,1.8687000274658203,2.4454,1.7072,0.0,0.0,0.0,1.1535,2026-08-09
ex7-93,Venture Bomb,normal,Team Rocket Returns,93,Uncommon,Katsura Tabata,Rocket's Secret Machine,,Trainer,2004/11/01,"tcgplayer,cardmarket",https://prices.pokemontcg.io/tcgplayer/ex7-93,https://images.pokemontcg.io/ex7/93_hires.png,2026/08/08,2026/01/16,4.45,4.599999904632568,15.5,71.69999694824219,,35.5,,,,2.8261,0.9228,3.7835,18.456,8.651200294494629,3.8296,3.1029,25.3655,17.1179,10.6814,1.1535,2026-08-09
ex13-95,Metal Energy,normal,Holon Phantoms,95,Rare,Milky Isobe,Special,,Energy,2006/05/01,"tcgplayer,cardmarket",https://prices.pokemontcg.io/tcgplayer/ex13-95,https://images.pokemontcg.io/ex13/95_hires.png,2026/08/08,2026/01/16,1.04,0.550000011920929,0.9900000095367432,19.979999542236328,,6.77,,,,0.4499,0.0346,0.9113,3.1721,1.2111999988555908,0.646,0.7382,2.307,3.4836,5.3061,1.1535,2026-08-09
xy9-86,Dragalge,holofoil,BREAKpoint,86,Rare Holo,Shin Nagasawa,Stage 1,691,Pokémon,2016/02/03,"tcgplayer,cardmarket",https://prices.pokemontcg.io/tcgplayer/xy9-86,https://images.pokemontcg.io/xy9/86_hires.png,2026/08/08,2026/01/16,0.55,0.25,0.6299999952316284,39.9900016784668,,0.73,,,,0.7728,0.173,0.9574,0.8651,1.3841999769210815,0.6921,0.8074,0.5767,0.8305,1.1074,1.1535,2026-08-09
xy6-91,Switch,normal,Roaring Skies,91,Uncommon,5ban Graphics,Item,,Trainer,2015/05/06,"tcgplayer,cardmarket",https://prices.pokemontcg.io/tcgplayer/xy6-91,https://images.pokemontcg.io/xy6/91_hires.png,2026/08/08,2026/01/16,0.17,0.019999999552965164,0.20000000298023224,19.979999542236328,,0.59,,,,0.0923,0.0231,0.0807,1.0612,0.05770000070333481,0.0692,0.0807,0.1038,0.5652,0.8536,1.1535,2026-08-09
smp-SM92,Tapu Fini,holofoil,SM Black Star Promos,SM92,Promo,Sanosuke Sakuma,Basic,788,Pokémon,2017/02/03,"tcgplayer,cardmarket",https://prices.pokemontcg.io/tcgplayer/smp-SM92,https://images.pokemontcg.io/smp/SM92_hires.png,2026/08/08,2026/01/16,1.97,1.149999976158142,2.359999895095825,3.740000009536743,,,,,,2.9876,0.8651,3.4144,0.0,3.4605000019073486,2.9876,3.5989,3.4028,2.4454,1.9263,1.1535,2026-08-09
swsh1-96,Rhyhorn,normal,Sword & Shield,96,Common,Sekio,Basic,111,Pokémon,2020/02/07,"tcgplayer,cardmarket",https://prices.pokemontcg.io/tcgplayer/swsh1-96,https://images.pokemontcg.io/swsh1/96_hires.png,2026/08/08,2026/01/16,0.04,0.009999999776482582,0.1599999964237213,19.979999542236328,,0.29,,,,0.0577,0.0231,0.0577,0.2653,0.05770000070333481,0.0692,0.0577,0.1154,0.2422,0.2307,1.1535,2026-08-09
bw1-94,Energy Switch,normal,Black & White,94,Uncommon,Kent Kanetsuna,Item,,Trainer,2011/04/25,"tcgplayer,cardmarket",https://prices.pokemontcg.io/tcgplayer/bw1-94,https://images.pokemontcg.io/bw1/94_hires.png,2026/08/08,2026/01/16,0.29,0.10000000149011612,0.28999999165534973,19.979999542236328,,0.78,,,,0.2076,0.0231,0.173,0.9574,0.17299999296665192,0.1615,0.1615,0.9228,0.8882,0.9689,1.1535,2026-08-09
hgss2-TWO,Alph Lithograph,holofoil,HS—Unleashed,TWO,Rare Secret,Milky Isobe,Item,,Trainer,2010/05/12,"tcgplayer,cardmarket",https://prices.pokemontcg.io/tcgplayer/hgss2-TWO,https://images.pokemontcg.io/hgss2/TWO_hires.png,2026/08/08,2026/01/16,126.81,849.7999877929688,1048.300048828125,1246.800048828125,,,,,,21.9511,14.9955,19.0789,0.0,31.063800811767578,23.8082,26.4959,50.754,18.0407,16.2182,1.1535,2026-08-09
dp5-91,Helix Fossil,normal,Majestic Dawn,91,Common,Ryo Ueda,Item,,Trainer,2008/05/01,"tcgplayer,cardmarket",https://prices.pokemontcg.io/tcgplayer/dp5-91,https://images.pokemontcg.io/dp5/91_hires.png,2026/08/08,2026/01/16,0.4,0.11999999731779099,0.4000000059604645,19.979999542236328,,2.03,,,,0.1846,0.0231,0.2307,0.0,0.23070000112056732,0.1615,0.1615,0.5767,0.9228,0.646,1.1535,2026-08-09
bw5-89,Haxorus,holofoil,Dark Explorers,89,Rare Holo,Akira Komayama,Stage 2,612,Pokémon,2012/05/09,"tcgplayer,cardmarket",https://prices.pokemontcg.io/tcgplayer/bw5-89,https://images.pokemontcg.io/bw5/89_hires.png,2026/08/08,2026/01/16,4.58,1.5,3.680000066757202,7.46999979019165,,7.53,,,,2.0417,0.4499,2.2378,0.0,1.499500036239624,2.2839,2.1801,3.8065,3.9796,3.1491,1.1535,2026-08-09
g1-83,Fairy Energy,normal,Generations,83,Common,,Basic,,Energy,2016/02/22,"tcgplayer,cardmarket",https://prices.pokemontcg.io/tcgplayer/g1-83,https://images.pokemontcg.io/g1/83_hires.png,2026/08/08,2026/01/16,0.68,0.1899999976158142,0.6800000071525574,24.989999771118164,,23.02,,,,1.2342,0.0577,0.8536,9.5164,0.7613000273704529,0.7382,0.7267,10.37,9.9662,8.2706,1.1535,2026-08-09
gym2-100,Blaine,unlimited,Gym Challenge,100,Rare,Ken Sugimori,,,Trainer,2000/10/16,"tcgplayer,cardmarket",https://prices.pokemontcg.io/tcgplayer/gym2-100,https://images.pokemontcg.io/gym2/100_hires.png,2026/08/08,2026/02/01,4.17,2.5799999237060547,4.239999771118164,43.099998474121094,,,,,"{""1stEdition"": {""low"": 8.0, ""mid"": 9.88, ""high"": 115.9, ""market"": 10.18, ""directLow"": null}}",10.1047,2.307,9.8624,0.0,11.211999893188477,10.4507,8.9396,11.535,4.4756,3.8065,1.1535,2026-08-09
neo4-95,Radio Tower,unlimited,Neo Destiny,95,Rare,"Yousuke Hirata, CR CG gangs",Stadium,,Trainer,2002/02/28,"tcgplayer,cardmarket",https://prices.pokemontcg.io/tcgplayer/neo4-95,https://images.pokemontcg.io/neo4/95_hires.png,2026/08/08,2026/01/19,8.37,6.300000190734863,12.739999771118164,103.4000015258789,,,,,"{""1stEdition"": {""low"": 9.49, ""mid"": 17.5, ""high"": 113.2, ""market"": 10.49, ""directLow"": null}}",6.102,3.1721,5.6983,0.0,5.709799766540527,6.6096,8.7205,1.7302,1.7302,1.7302,1.1535,2026-08-09
sm6-88,Dedenne,normal,Forbidden Light,88,Uncommon,Tomokazu Komiya,Basic,702,Pokémon,2018/05/04,"tcgplayer,cardmarket",https://prices.pokemontcg.io/tcgplayer/sm6-88,https://images.pokemontcg.io/sm6/88_hires.png,2026/08/08,2026/01/16,7.22,6.760000228881836,7.900000095367432,59.900001525878906,,32.43,,,,2.1916,0.1154,2.4916,7.5093,0.04610000178217888,3.0106,1.7072,6.921,7.7054,4.6025,1.1535,2026-08-09
bw7-99,Flygon,holofoil,Boundaries Crossed,99,Rare Holo,BERUBURI,Stage 2,330,Pokémon,2012/11/07,"tcgplayer,cardmarket",https://prices.pokemontcg.io/tcgplayer/bw7-99,https://images.pokemontcg.io/bw7/99_hires.png,2026/08/08,2026/01/15,13.68,10.989999771118164,16.0,49.9900016784668,,14.43,,,,2.2724,0.9228,4.7409,0.0,2.27239990234375,5.0869,4.4294,6.8633,5.5945,5.1215,1.1535,2026-08-09
ecard2-71,Chinchou,normal,Aquapolis,71,Common,Hisao Nakamura,Basic,170,Pokémon,2003/01/15,"tcgplayer,cardmarket",https://prices.pokemontcg.io/tcgplayer/ecard2-71,https://images.pokemontcg.io/ecard2/71_hires.png,2026/08/08,2026/01/16,4.43,3.0,8.989999771118164,89.9000015258789,,30.0,,,,1.0958,0.0923,0.992,0.0,0.4499000012874603,0.7382,1.0843,3.449,7.74,4.5679,1.1535,2026-08-09
xyp-XY87,M Swampert-EX,holofoil,XY Black Star Promos,XY87,Promo,5ban Graphics,MEGA|EX,260,Pokémon,2013/10/12,"tcgplayer,cardmarket",https://prices.pokemontcg.io/tcgplayer/xyp-XY87,https://images.pokemontcg.io/xyp/XY87_hires.png,2026/08/08,2026/01/16,69.96,38.0,68.5,662.9000244140625,,,,,,46.14,16.149,72.1976,0.0,46.13999938964844,71.2632,47.8472,11.4773,16.7142,12.8269,1.1535,2026-08-09
pl1-95,Slakoth,normal,Platinum,95,Common,Atsuko Nishida,Basic,287,Pokémon,2009/02/11,"tcgplayer,cardmarket",https://prices.pokemontcg.io/tcgplayer/pl1-95,https://images.pokemontcg.io/pl1/95_hires.png,2026/08/08,2026/01/16,0.51,0.11999999731779099,0.4399999976158142,19.979999542236328,,3.65,,,,0.2192,0.0231,0.173,1.3842,0.04610000178217888,0.1961,0.2076,0.8651,1.488,1.165,1.1535,2026-08-09
sm1-93,Ribombee,holofoil,Sun & Moon,93,Rare Holo,Shin Nagasawa,Stage 1,743,Pokémon,2017/02/03,"tcgplayer,cardmarket",https://prices.pokemontcg.io/tcgplayer/sm1-93,https://images.pokemontcg.io/sm1/93_hires.png,2026/08/08,2026/01/16,0.78,0.25,0.7599999904632568,19.739999771118164,,1.0,,,,0.646,0.0231,0.7844,1.0728,0.20759999752044678,0.819,0.5421,0.5767,1.0728,0.7036,1.1535,2026-08-09
sm3-92a,Kirlia,,Burning Shadows,92a,Uncommon,Anesaki Dynamic,Stage 1,281,Pokémon,2017/08/05,cardmarket,https://prices.pokemontcg.io/cardmarket/sm3-92a,https://images.pokemontcg.io/sm3/92a_hires.png,,2026/01/16,,,,,,,,,,2.307,0.0231,1.8456,11.5235,2.306999921798706,1.6264,1.9379,11.5235,11.5235,11.5235,1.1535,2026-08-09
col1-95,Metal Energy,normal,Call of Legends,95,Common,,Basic,,Energy,2011/02/09,"tcgplayer,cardmarket",https://prices.pokemontcg.io/tcgplayer/col1-95,https://images.pokemontcg.io/col1/95_hires.png,2026/08/08,2026/01/16,,28.979999542236328,28.989999771118164,238.8000030517578,50.99,,,,,0.0,8.0745,21.582,24.1658,4.613999843597412,20.4169,13.2537,28.7221,26.4036,21.9857,1.1535,2026-08-09
xy4-90,Furfrou,normal,Phantom Forces,90,Uncommon,Naoki Saito,Basic,676,Pokémon,2014/11/05,"tcgplayer,cardmarket",https://prices.pokemontcg.io/tcgplayer/xy4-90,https://images.pokemontcg.io/xy4/90_hires.png,2026/08/08,2026/01/16,0.46,0.10000000149011612,0.47999998927116394,18.15999984741211,,1.36,,,,0.3345,0.0461,0.346,0.8651,0.8651000261306763,0.3691,0.3576,1.142,1.0843,1.2227,1.1535,2026-08-09
bw11-98,Zweilous,normal,Legendary Treasures,98,Uncommon,Yukiko Baba,Stage 1,634,Pokémon,2013/11/06,"tcgplayer,cardmarket",https://prices.pokemontcg.io/tcgplayer/bw11-98,https://images.pokemontcg.io/bw11/98_hires.png,2026/08/08,2026/01/16,0.64,0.15000000596046448,0.5,1000.0,,1.66,,,,0.6114,0.173,0.496,6.4596,0.23070000112056732,0.4614,0.4499,5.9982,5.0754,3.2183,1.1535,2026-08-09
bw6-94,Deino,normal,Dragons Exalted,94,Common,Kouki Saitou,Basic,633,Pokémon,2012/08/15,"tcgplayer,cardmarket",https://prices.pokemontcg.io/tcgplayer/bw6-94,https://images.pokemontcg.io/bw6/94_hires.png,2026/08/08,2026/01/16,0.24,0.09000000357627869,0.28999999165534973,19.979999542236328,,0.64,,,,0.1384,0.0231,0.1154,0.0,0.023099999874830246,0.1154,0.2076,3.4605,1.1766,0.5537,1.1535,2026-08-09
sma-SV91,Tapu Bulu-GX,holofoil,Hidden Fates Shiny Vault,SV91,Rare Secret,5ban Graphics,Basic|GX,787,Pokémon,2019/08/23,"tcgplayer,cardmarket",https://prices.pokemontcg.io/tcgplayer/sma-SV91,https://images.pokemontcg.io/sma/SV91_hires.png,2026/08/08,2026/01/16,17.6,13.0,17.43000030517578,163.14999389648438,,,,,,17.5101,10.37,19.3211,0.0,31.721200942993164,19.1712,18.2714,34.605,42.5757,58.4594,1.1535,2026-08-09
ecard3-63,Haunter,normal,Skyridge,63,Common,Kyoko Umemoto,Stage 1,93,Pokémon,2003/05/12,"tcgplayer,cardmarket",https://prices.pokemontcg.io/tcgplayer/ecard3-63,https://images.pokemontcg.io/ecard3/63_hires.png,2026/08/08,2026/02/01,52.4,75.0,108.25,445.0,,399.99,,,,6.9095,1.7302,7.6592,38.0655,9.227999687194824,6.2404,5.5714,34.605,38.723,25.0425,1.1535,2026-08-09
sm5-94,Tapu Lele,normal,Ultra Prism,94,Rare,Shin Nagasawa,Basic,786,Pokémon,2018/02/02,"tcgplayer,cardmarket",https://prices.pokemontcg.io/tcgplayer/sm5-94,https://images.pokemontcg.io/sm5/94_hires.png,2026/08/08,2026/01/16,0.76,0.5,0.8799999952316284,19.979999542236328,,1.69,,,,0.4614,0.0692,0.5306,0.646,0.51910001039505,0.496,0.4845,0.5767,0.6575,0.6806,1.1535,2026-08-09
dp7-87,Marley's Request,normal,Stormfront,87,Uncommon,Ken Sugimori,Supporter,,Trainer,2008/11/01,"tcgplayer,cardmarket",https://prices.pokemontcg.io/tcgplayer/dp7-87,https://images.pokemontcg.io/dp7/87_hires.png,2026/08/08,2026/01/16,0.53,0.10000000149011612,0.5,19.979999542236328,,0.99,,,,0.2307,0.0231,0.0461,1.8456,0.25380000472068787,0.2422,0.323,1.4419,1.6264,1.1881,1.1535,2026-08-09
ecard1-87,Metapod,normal,Expedition Base Set,87,Uncommon,Yuichi Sawayama,Stage 1,11,Pokémon,2002/09/15,"tcgplayer,cardmarket",https://prices.pokemontcg.io/tcgplayer/ecard1-87,https://images.pokemontcg.io/ecard1/87_hires.png,2026/08/08,2026/02/01,8.54,5.0,9.819999694824219,96.26000213623047,,79.0,,,,1.6956,0.0923,1.5111,5.0985,0.4499000012874603,1.7418,1.8802,2.1686,9.7701,7.3939,1.1535,2026-08-09
xy2-108,M Charizard-EX,holofoil,Flashfire,108,Rare Secret,5ban Graphics,MEGA|EX,6,Pokémon,2014/05/07,"tcgplayer,cardmarket",https://prices.pokemontcg.io/tcgplayer/xy2-108,https://images.pokemontcg.io/xy2/108_hires.png,2026/08/08,2025/12/28,1000.62,480.0,1208.3599853515625,4999.990234375,,,,,,394.7508,115.35,468.6555,0.0,288.375,459.5659,343.0855,92.28,71.2632,76.0849,1.1535,2026-08-09
sm11-90,Elgyem,normal,Unified Minds,90,Uncommon,Sumiyoshi Kizuki,Basic,605,Pokémon,2019/08/02,"tcgplayer,cardmarket",https://prices.pokemontcg.io/tcgplayer/sm11-90,https://images.pokemontcg.io/sm11/90_hires.png,2026/08/08,2026/01/16,0.24,0.05999999865889549,0.25,19.979999542236328,,0.44,,,,0.0807,0.0231,0.1269,0.4037,0.23070000112056732,0.1384,0.1269,0.4037,0.3807,0.3807,1.1535,2026-08-09
sm7-95,Metagross,holofoil,Celestial Storm,95,Rare Holo,TOKIYA,Stage 2,376,Pokémon,2018/08/03,"tcgplayer,cardmarket",https://prices.pokemontcg.io/tcgplayer/sm7-95,https://images.pokemontcg.io/sm7/95_hires.png,2026/08/08,2026/01/16,1.34,0.9200000166893005,1.3300000429153442,19.979999542236328,,2.84,,,,1.3035,0.2884,1.3842,0.0,1.0958000421524048,1.1881,1.2227,0.4614,0.5191,0.3114,1.1535,2026-08-09
bw4-98,Mewtwo-EX,holofoil,Next Destinies,98,Rare Ultra,5ban Graphics,Basic|EX,150,Pokémon,2012/02/08,"tcgplayer,cardmarket",https://prices.pokemontcg.io/tcgplayer/bw4-98,https://images.pokemontcg.io/bw4/98_hires.png,2026/08/08,2026/01/16,252.24,184.8000030517578,225.4499969482422,1613.0999755859375,,,,,,66.1186,7.4977,58.6439,0.0,19.49410057067871,49.7159,51.0193,46.0246,36.5083,29.5411,1.1535,2026-08-09
ex11-92,Holon Lass,normal,Delta Species,92,Uncommon,Kouki Saitou,Supporter,,Trainer,2005/10/31,"tcgplayer,cardmarket",https://prices.pokemontcg.io/tcgplayer/ex11-92,https://images.pokemontcg.io/ex11/92_hires.png,2026/08/08,2026/01/19,0.9,0.5299999713897705,0.9599999785423279,19.979999542236328,,10.19,,,,0.4153,0.0231,0.4845,0.0,0.6344000101089478,0.4614,0.5883,17.3025,9.0434,6.9441,1.1535,2026-08-09
xy11-98,Armor Fossil Shieldon,normal,Steam Siege,98,Uncommon,Toyste Beach,Item,,Trainer,2016/08/03,"tcgplayer,cardmarket",https://prices.pokemontcg.io/tcgplayer/xy11-98,https://images.pokemontcg.io/xy11/98_hires.png,2026/08/08,2026/01/16,0.22,0.009999999776482582,0.2199999988079071,1000.0,,0.39,,,,0.0923,0.0231,0.1038,0.7613,0.08070000261068344,0.0923,0.0923,0.1154,0.7382,0.646,1.1535,2026-08-09
swsh3-89,Trapinch,normal,Darkness Ablaze,89,Common,Asako Ito,Basic,328,Pokémon,2020/08/14,"tcgplayer,cardmarket",https://prices.pokemontcg.io/tcgplayer/swsh3-89,https://images.pokemontcg.io/swsh3/89_hires.png,2026/08/08,2026/01/16,0.33,0.10999999940395355,0.3199999928474426,25.31999969482422,,0.65,,,,0.0692,0.0231,0.0807,0.3691,0.03460000082850456,0.0807,0.0692,0.173,0.3576,0.3114,1.1535,2026-08-09
dp1-97,Seedot,normal,Diamond & Pearl,97,Common,Masakazu Fukuda,Basic,273,Pokémon,2007/05/01,"tcgplayer,cardmarket",https://prices.pokemontcg.io/tcgplayer/dp1-97,https://images.pokemontcg.io/dp1/97_hires.png,2026/08/08,2026/01/16,0.37,0.10000000149011612,0.3700000047683716,19.979999542236328,,3.97,,,,0.5191,0.0231,0.3114,0.1154,0.8651000261306763,0.2422,0.2076,0.346,0.3114,1.1535,1.1535,2026-08-09
xy1-97,Xerneas-EX,holofoil,XY,97,Rare Holo EX,5ban Graphics,Basic|EX,716,Pokémon,2014/02/05,"tcgplayer,cardmarket",https://prices.pokemontcg.io/tcgplayer/xy1-97,https://images.pokemontcg.io/xy1/97_hires.png,2026/08/08,2026/01/16,14.72,7.519999980926514,14.710000038146973,245.32000732421875,,,,,,6.1597,2.307,5.8713,0.0,5.640600204467773,6.4827,5.6983,3.449,4.4756,4.441,1.1535,2026-08-09
ex16-87,Darkness Energy,normal,Power Keepers,87,Rare,Milky Isobe,Special,,Energy,2007/02/02,"tcgplayer,cardmarket",https://prices.pokemontcg.io/tcgplayer/ex16-87,https://images.pokemontcg.io/ex16/87_hires.png,2026/08/08,2026/01/21,0.82,0.25,0.6899999976158142,17.579999923706055,,3.17,,,,0.2999,0.0231,0.3807,0.5767,0.04610000178217888,0.496,0.323,0.5767,1.8917,3.5758,1.1535,2026-08-09
dp4-89,Torchic,normal,Great Encounters,89,Common,Hiroki Fuchino,Basic,255,Pokémon,2008/02/01,"tcgplayer,cardmarket",https://prices.pokemontcg.io/tcgplayer/dp4-89,https://images.pokemontcg.io/dp4/89_hires.png,2026/08/08,2026/01/16,1.94,0.28999999165534973,2.0399999618530273,37.40999984741211,,35.99,,,,0.3345,0.0231,0.5421,3.4605,0.51910001039505,0.7498,0.4383,4.0373,2.5146,3.2644,1.1535,2026-08-09
ex14-91,Delcatty ex,holofoil,Crystal Guardians,91,Rare Holo EX,Shizurow,Stage 1|ex,301,Pokémon,2006/08/01,"tcgplayer,cardmarket",https://prices.pokemontcg.io/tcgplayer/ex14-91,https://images.pokemontcg.io/ex14/91_hires.png,2026/08/08,2026/01/16,79.99,64.76000213623047,79.98999786376953,709.7000122070312,,,,,,41.3299,6.921,32.1134,0.0,34.60499954223633,41.1915,41.2953,33.44,14.9724,14.8225,1.1535,2026-08-09
bw8-91,Durant,normal,Plasma Storm,91,Uncommon,5ban Graphics,Basic|Team Plasma,632,Pokémon,2013/02/06,"tcgplayer,cardmarket",https://prices.pokemontcg.io/tcgplayer/bw8-91,https://images.pokemontcg.io/bw8/91_hires.png,2026/08/08,2026/01/16,0.41,0.20000000298023224,0.4099999964237213,1.7100000381469727,,2.48,,,,0.4037,0.0231,0.3922,1.7302,0.8073999881744385,0.4037,0.3576,1.1535,2.1455,1.8802,1.1535,2026-08-09
hgss1-105,Ampharos,holofoil,HeartGold & SoulSilver,105,Rare Prime,Kent Kanetsuna,Stage 2|Prime,181,Pokémon,2010/02/10,"tcgplayer,cardmarket",https://prices.pokemontcg.io/tcgplayer/hgss1-105,https://images.pokemontcg.io/hgss1/105_hires.png,2026/08/08,2025/12/28,61.74,58.9900016784668,99.9800033569336,500.0,,,,,,9.8278,0.5652,11.1428,0.0,15.283900260925293,12.8731,10.0239,5.7675,6.7595,5.5599,1.1535,2026-08-09
bw3-93,Plume Fossil,normal,Noble Victories,93,Uncommon,Ryo Ueda,Item,,Trainer,2011/11/16,"tcgplayer,cardmarket",https://prices.pokemontcg.io/tcgplayer/bw3-93,https://images.pokemontcg.io/bw3/93_hires.png,2026/08/08,2026/01/16,0.51,0.20000000298023224,0.44999998807907104,19.979999542236328,,0.73,,,,0.2192,0.0231,0.1961,0.7613,0.17299999296665192,0.1615,0.2768,1.0266,0.7498,0.8536,1.1535,2026-08-09
ex6-94,Mt. Moon,normal,FireRed & LeafGreen,94,Uncommon,Nakaoka,Stadium,,Trainer,2004/09/01,"tcgplayer,cardmarket",https://prices.pokemontcg.io/tcgplayer/ex6-94,https://images.pokemontcg.io/ex6/94_hires.png,2026/08/08,2026/01/16,0.89,0.49000000953674316,0.9200000166893005,19.979999542236328,,9.27,,,,2.1455,0.0577,1.6034,8.0745,3.172100067138672,1.2919,1.2804,8.0745,6.771,6.4481,1.1535,2026-08-09
sm12-99,Cosmog,normal,Cosmic Eclipse,99,Common,Mizue,Basic,789,Pokémon,2019/11/01,"tcgplayer,cardmarket",https://prices.pokemontcg.io/tcgplayer/sm12-99,https://images.pokemontcg.io/sm12/99_hires.png,2026/08/08,2026/01/16,0.25,0.03999999910593033,0.25,19.979999542236328,,0.38,,,,0.0231,0.0,0.0231,0.0,0.023099999874830246,0.0346,0.0692,0.5767,0.5767,0.5767,1.1535,2026-08-09
bwp-BW86,Genesect,holofoil,BW Black Star Promos,BW86,Promo,5ban Graphics,Basic|Team Plasma,649,Pokémon,2011/03/01,"tcgplayer,cardmarket",https://prices.pokemontcg.io/tcgplayer/bwp-BW86,https://images.pokemontcg.io/bwp/BW86_hires.png,2026/08/08,2026/01/21,155.0,89.98999786376953,105.0,1650.0,,,,,,11.2466,1.1535,12.6539,0.0,17.302499771118164,12.5501,15.6069,18.9174,10.6699,7.9592,1.1535,2026-08-09
dp2-89,Magikarp,normal,Mysterious Treasures,89,Common,Yusuke Ohmura,Basic,129,Pokémon,2007/08/01,"tcgplayer,cardmarket",https://prices.pokemontcg.io/tcgplayer/dp2-89,https://images.pokemontcg.io/dp2/89_hires.png,2026/08/08,2026/01/16,1.45,0.25999999046325684,1.2599999904632568,24.989999771118164,,25.82,,,,1.1996,0.0231,1.0266,2.5262,0.17299999296665192,0.2653,0.992,2.8722,6.1251,5.0293,1.1535,2026-08-09
pl4-97,Gengar LV.X,holofoil,Arceus,97,Rare Holo LV.X,Shizurow,Level-Up,94,Pokémon,2009/11/04,"tcgplayer,cardmarket",https://prices.pokemontcg.io/tcgplayer/pl4-97,https://images.pokemontcg.io/pl4/97_hires.png,2026/08/08,2026/01/16,447.56,489.0,1100.0,1299.949951171875,,,,,,73.9393,21.9165,42.4834,0.0,130.9221954345703,73.2242,89.0617,8.0745,15.1455,17.9254,1.1535,2026-08-09
bw2-87,Rufflet,normal,Emerging Powers,87,Common,Naoyo Kimura,Basic,627,Pokémon,2011/08/31,"tcgplayer,cardmarket",https://prices.pokemontcg.io/tcgplayer/bw2-87,https://images.pokemontcg.io/bw2/87_hires.png,2026/08/08,2026/01/16,0.27,0.15000000596046448,0.28999999165534973,19.979999542236328,,1.49,,,,0.1038,0.0231,0.15,0.346,0.17299999296665192,0.1846,0.1615,0.5767,0.669,0.7728,1.1535,2026-08-09
pl2-95,Team Galactic's Invention G-107 Technical Machine G,normal,Rising Rivals,95,Uncommon,Makoto Imai,Technical Machine,,Trainer,2009/05/16,"tcgplayer,cardmarket",https://prices.pokemontcg.io/tcgplayer/pl2-95,https://images.pokemontcg.io/pl2/95_hires.png,2026/08/08,2026/01/16,0.28,0.15000000596046448,0.2800000011920929,19.979999542236328,,1.13,,,,0.15,0.0231,0.15,0.8651,0.06920000165700912,0.15,0.173,0.5652,1.0958,0.9459,1.1535,2026-08-09
ex8-95,Scramble Energy,normal,Deoxys,95,Uncommon,Takumi Akabane,Special,,Energy,2005/02/01,"tcgplayer,cardmarket",https://prices.pokemontcg.io/tcgplayer/ex8-95,https://images.pokemontcg.io/ex8/95_hires.png,2026/08/08,2026/01/19,4.15,3.4800000190734863,4.989999771118164,50.0,,16.57,,,,2.7684,0.5767,2.134,0.0,2.0648000240325928,2.0186,2.3185,11.4081,12.2386,15.5838,1.1535,2026-08-09
ex10-95,Potion,normal,Unseen Forces,95,Common,Shin-ichi Yoshikawa,Item,,Trainer,2005/08/01,"tcgplayer,cardmarket",https://prices.pokemontcg.io/tcgplayer/ex10-95,https://images.pokemontcg.io/ex10/95_hires.png,2026/08/08,2026/01/16,0.29,0.029999999329447746,0.28999999165534973,19.979999542236328,,8.98,,,,0.1038,0.0231,0.15,0.0,0.3345000147819519,0.1269,0.1615,23.07,6.275,3.8527,1.1535,2026-08-09
xy12-92,Fire Energy,normal,Evolutions,92,Common,,Basic,,Energy,2016/11/02,"tcgplayer,cardmarket",https://prices.pokemontcg.io/tcgplayer/xy12-92,https://images.pokemontcg.io/xy12/92_hires.png,2026/08/08,2026/01/16,0.27,0.15000000596046448,0.28999999165534973,18.1200008392334,,3.21,,,,0.646,0.0461,0.3114,4.0834,1.1303999423980713,0.646,0.5998,5.1907,4.0949,4.2333,1.1535,2026-08-09
dp6-94,Gligar,normal,Legends Awakened,94,Common,Masakazu Fukuda,Basic,207,Pokémon,2008/08/01,"tcgplayer,cardmarket",https://prices.pokemontcg.io/tcgplayer/dp6-94,https://images.pokemontcg.io/dp6/94_hires.png,2026/08/08,2026/01/16,0.35,0.05000000074505806,0.3400000035762787,18.719999313354492,,6.89,,,,0.2999,0.0231,0.2884,0.819,0.46140000224113464,0.2307,0.2422,0.173,0.6114,0.9343,1.1535,2026-08-09
base6-91,Sandshrew,normal,Legendary Collection,91,Common,Ken Sugimori,Basic,27,Pokémon,2002/05/24,"tcgplayer,cardmarket",https://prices.pokemontcg.io/tcgplayer/base6-91,https://images.pokemontcg.io/base6/91_hires.png,2026/08/08,2026/02/01,0.62,0.20000000298023224,0.5199999809265137,19.979999542236328,,113.93,,,,0.4153,0.0577,0.346,34.605,0.2653000056743622,0.2768,0.2999,34.605,30.4639,32.5864,1.1535,2026-08-09
ex4-97,Jirachi,holofoil,Team Magma vs Team Aqua,97,Rare Secret,Mitsuhiro Arita,Basic,385,Pokémon,2004/03/01,"tcgplayer,cardmarket",https://prices.pokemontcg.io/tcgplayer/ex4-97,https://images.pokemontcg.io/ex4/97_hires.png,2026/08/08,2026/01/16,187.49,135.0,270.44000244140625,1750.0,,,,,,61.47,5.756,34.1897,0.0,34.60499954223633,63.0734,32.7363,13.842,23.5083,17.1756,1.1535,2026-08-09
gym1-100,Erika,unlimited,Gym Heroes,100,Rare,Ken Sugimori,,,Trainer,2000/08/14,"tcgplayer,cardmarket",https://prices.pokemontcg.io/tcgplayer/gym1-100,https://images.pokemontcg.io/gym1/100_hires.png,2026/08/08,2026/01/16,8.25,2.700000047683716,5.949999809265137,40.0,,,,,"{""1stEdition"": {""low"": 9.7, ""mid"": 16.0, ""high"": 211.9, ""market"": 17.82, ""directLow"": null}}",5.2254,1.1535,4.5333,0.0,6.805600166320801,5.0639,6.9095,2.0186,2.2609,2.2609,1.1535,2026-08-09
swsh2-93,Dragapult VMAX,holofoil,Rebel Clash,93,Rare Holo VMAX,aky CG Works,VMAX,887,Pokémon,2020/05/01,"tcgplayer,cardmarket",https://prices.pokemontcg.io/tcgplayer/swsh2-93,https://images.pokemontcg.io/swsh2/93_hires.png,2026/08/08,2026/01/16,4.55,2.990000009536743,4.599999904632568,400.0,,,,,,3.5758,1.0958,3.6335,0.0,1.0958000421524048,3.3913,3.449,8.0745,6.8749,8.4898,1.1535,2026-08-09
ex9-93,Deoxys ex,holofoil,Emerald,93,Rare Holo EX,Mitsuhiro Arita,Basic|ex,386,Pokémon,2005/05/01,"tcgplayer,cardmarket",https://prices.pokemontcg.io/tcgplayer/ex9-93,https://images.pokemontcg.io/ex9/93_hires.png,2026/08/08,2026/02/01,164.89,99.98999786376953,99.98999786376953,500.0,,,,,,84.6323,17.3025,147.6941,0.0,138.4199981689453,162.0667,103.5151,4.614,44.1329,33.1516,1.1535,2026-08-09
sm8-92,Unown,normal,Lost Thunder,92,Rare,Naoki Saito,Basic,201,Pokémon,2018/11/02,"tcgplayer,cardmarket",https://prices.pokemontcg.io/tcgplayer/sm8-92,https://images.pokemontcg.io/sm8/92_hires.png,2026/08/08,2026/01/16,0.8,0.5,0.8899999856948853,19.979999542236328,,2.83,,,,0.4729,0.1154,0.6229,2.3185,0.3921999931335449,0.5998,0.6344,2.7684,2.0302,1.6149,1.1535,2026-08-09
sm9-98,Skarmory,normal,Team Up,98,Rare,kirisAki,Basic,227,Pokémon,2019/02/01,"tcgplayer,cardmarket",https://prices.pokemontcg.io/tcgplayer/sm9-98,https://images.pokemontcg.io/sm9/98_hires.png,2026/08/08,2026/01/16,0.47,0.18000000715255737,0.47999998927116394,19.979999542236328,,0.84,,,,0.3345,0.0577,0.3345,0.7382,0.4383000135421753,0.2999,0.2999,1.1535,0.7267,0.7267,1.1535,2026-08-09
sm1-94,Dratini,normal,Sun & Moon,94,Common,Naoyo Kimura,Basic,147,Pokémon,2017/02/03,"tcgplayer,cardmarket",https://prices.pokemontcg.io/tcgplayer/sm1-94,https://images.pokemontcg.io/sm1/94_hires.png,2026/08/08,2026/01/16,0.17,0.009999999776482582,0.23999999463558197,19.979999542236328,,0.85,,,,0.1038,0.0231,0.1154,0.5767,0.10379999876022339,0.0807,0.0923,0.646,0.5191,0.496,1.1535,2026-08-09
bw3-94,Rocky Helmet,normal,Noble Victories,94,Uncommon,Ryo Ueda,Pokémon Tool,,Trainer,2011/11/16,"tcgplayer,cardmarket",https://prices.pokemontcg.io/tcgplayer/bw3-94,https://images.pokemontcg.io/bw3/94_hires.png,2026/08/08,2026/01/16,0.29,0.11999999731779099,0.27000001072883606,19.979999542236328,,0.45,,,,0.3114,0.0231,0.2999,0.2307,0.57669997215271,0.4153,0.2538,0.2307,1.1304,1.1766,1.1535,2026-08-09
pl2-96,Team Galactic's Invention G-109 SP Radar,normal,Rising Rivals,96,Uncommon,Kent Kanetsuna,Item,,Trainer,2009/05/16,"tcgplayer,cardmarket",https://prices.pokemontcg.io/tcgplayer/pl2-96,https://images.pokemontcg.io/pl2/96_hires.png,2026/08/08,2026/01/16,0.76,0.3400000035762787,0.7300000190734863,19.979999542236328,,5.0,,,,5.1792,4.6025,5.6291,0.0,5.179200172424316,5.2484,4.1757,2.3647,2.2263,2.2263,1.1535,2026-08-09
hgss1-106,Blissey,holofoil,HeartGold & SoulSilver,106,Rare Prime,Noriko Hotta,Stage 1|Prime,242,Pokémon,2010/02/10,"tcgplayer,cardmarket",https://prices.pokemontcg.io/tcgplayer/hgss1-106,https://images.pokemontcg.io/hgss1/106_hires.png,2026/08/08,2025/12/28,51.83,34.9900016784668,68.27999877929688,365.0,,,,,,7.74,0.5767,9.8394,0.0,9.227999687194824,7.0594,8.2591,5.7675,5.1561,4.4756,1.1535,2026-08-09
gym1-101,Lt. Surge,unlimited,Gym Heroes,101,Rare,Ken Sugimori,,,Trainer,2000/08/14,"tcgplayer,cardmarket",https://prices.pokemontcg.io/tcgplayer/gym1-101,https://images.pokemontcg.io/gym1/101_hires.png,2026/08/08,2026/01/16,4.71,1.600000023841858,3.0399999618530273,48.599998474121094,,,,,"{""1stEdition"": {""low"": 8.89, ""mid"": 41.31, ""high"": 97.94, ""market"": 9.57, ""directLow"": 72.57}}",4.937,1.1535,15.7337,0.0,5.767499923706055,31.0061,11.9964,3.4605,3.4605,3.4605,1.1535,2026-08-09
dp7-88,Poké Blower +,normal,Stormfront,88,Uncommon,Ryo Ueda,Item,,Trainer,2008/11/01,"tcgplayer,cardmarket",https://prices.pokemontcg.io/tcgplayer/dp7-88,https://images.pokemontcg.io/dp7/88_hires.png,2026/08/08,2026/01/16,0.66,0.20000000298023224,0.5799999833106995,19.979999542236328,,3.32,,,,0.496,0.0231,0.4037,0.8074,1.0266000032424927,0.3922,0.4383,0.8074,0.669,1.5572,1.1535,2026-08-09
ex14-92,Exploud ex,holofoil,Crystal Guardians,92,Rare Holo EX,Mitsuhiro Arita,Stage 2|ex,295,Pokémon,2006/08/01,"tcgplayer,cardmarket",https://prices.pokemontcg.io/tcgplayer/ex14-92,https://images.pokemontcg.io/ex14/92_hires.png,2026/08/08,2026/01/16,60.98,46.70000076293945,69.97000122070312,799.9000244140625,,,,,,43.6369,5.756,99.351,0.0,10.958200454711914,39.7265,51.9306,2.307,15.2954,16.1836,1.1535,2026-08-09
xy2-109,M Kangaskhan-EX,holofoil,Flashfire,109,Rare Secret,5ban Graphics,MEGA|EX,115,Pokémon,2014/05/07,"tcgplayer,cardmarket",https://prices.pokemontcg.io/tcgplayer/xy2-109,https://images.pokemontcg.io/xy2/109_hires.png,2026/08/08,2025/12/28,66.05,38.47999954223633,63.9900016784668,579.1500244140625,,,,,,29.6911,17.3025,150.4971,0.0,34.60499954223633,201.8394,69.3484,20.1747,21.5358,15.7337,1.1535,2026-08-09
xyp-XY88,Chespin,holofoil,XY Black Star Promos,XY88,Promo,Atsuko Nishida,Basic,650,Pokémon,2013/10/12,"tcgplayer,cardmarket",https://prices.pokemontcg.io/tcgplayer/xyp-XY88,https://images.pokemontcg.io/xyp/XY88_hires.png,2026/08/08,2026/01/16,6.84,4.099999904632568,6.539999961853027,50.5099983215332,,,,,,4.937,1.1535,4.787,0.0,2.306999921798706,4.4179,4.2795,1.142,2.0302,1.8341,1.1535,2026-08-09
ex16-88,Metal Energy,normal,Power Keepers,88,Rare,Milky Isobe,Special,,Energy,2007/02/02,"tcgplayer,cardmarket",https://prices.pokemontcg.io/tcgplayer/ex16-88,https://images.pokemontcg.io/ex16/88_hires.png,2026/08/08,2026/01/16,1.44,0.5,1.100000023841858,19.979999542236328,,4.35,,,,0.6114,0.0231,0.496,2.2493,0.57669997215271,0.5537,0.6921,2.2493,3.2413,3.4144,1.1535,2026-08-09
ex2-89,Wally's Training,normal,Sandstorm,89,Uncommon,Ken Sugimori,Supporter,,Trainer,2003/09/18,"tcgplayer,cardmarket",https://prices.pokemontcg.io/tcgplayer/ex2-89,https://images.pokemontcg.io/ex2/89_hires.png,2026/08/08,2026/02/01,0.73,0.44999998807907104,0.75,20.75,,10.49,,,,0.5537,0.0346,0.6344,3.9334,0.20759999752044678,0.5883,0.4499,4.764,3.9796,2.6646,1.1535,2026-08-09
pl4-98,Salamence LV.X,holofoil,Arceus,98,Rare Holo LV.X,Ryo Ueda,Level-Up,373,Pokémon,2009/11/04,"tcgplayer,cardmarket",https://prices.pokemontcg.io/tcgplayer/pl4-98,https://images.pokemontcg.io/pl4/98_hires.png,2026/08/08,2026/01/16,103.95,62.84000015258789,82.5,845.0,,,,,,23.0008,3.4605,18.9866,0.0,10.946700096130371,20.0017,26.0806,12.6885,12.7692,9.5394,1.1535,2026-08-09
pl3-94,Buneary,normal,Supreme Victors,94,Common,Kanako Eo,Basic,427,Pokémon,2009/08/19,"tcgplayer,cardmarket",https://prices.pokemontcg.io/tcgplayer/pl3-94,https://images.pokemontcg.io/pl3/94_hires.png,2026/08/08,2026/01/16,0.73,0.2199999988079071,0.7300000190734863,19.979999542236328,,5.75,,,,0.2192,0.0231,0.2076,1.6149,0.23070000112056732,0.173,0.173,1.2227,1.0381,1.1996,1.1535,2026-08-09
ex5-89,Island Cave,normal,Hidden Legends,89,Uncommon,Ken Ikuji,Stadium,,Trainer,2004/06/01,"tcgplayer,cardmarket",https://prices.pokemontcg.io/tcgplayer/ex5-89,https://images.pokemontcg.io/ex5/89_hires.png,2026/08/08,2026/02/01,1.27,0.49000000953674316,1.2200000286102295,19.979999542236328,,2.38,,,,2.0878,0.0577,1.7764,3.4605,0.57669997215271,2.0417,1.9263,3.4605,2.9991,3.0914,1.1535,2026-08-09
dp7-89,Poké Drawer +,normal,Stormfront,89,Uncommon,Ryo Ueda,Item,,Trainer,2008/11/01,"tcgplayer,cardmarket",https://prices.pokemontcg.io/tcgplayer/dp7-89,https://images.pokemontcg.io/dp7/89_hires.png,2026/08/08,2026/01/16,1.8,0.699999988079071,1.2599999904632568,25.600000381469727,,4.93,,,,0.7267,0.0231,0.5421,1.142,0.28839999437332153,0.7152,0.4499,1.142,2.2493,2.0532,1.1535,2026-08-09
bwp-BW87,Leafeon,holofoil,BW Black Star Promos,BW87,Promo,The Pokémon Company Art Team,Stage 1,470,Pokémon,2011/03/01,"tcgplayer,cardmarket",https://prices.pokemontcg.io/tcgplayer/bwp-BW87,https://images.pokemontcg.io/bwp/BW87_hires.png,2026/08/08,2026/01/21,70.92,67.97000122070312,88.25,817.9000244140625,,,,,,14.9955,2.307,14.984,0.0,11.53499984741211,15.4569,17.5332,5.7675,5.6637,5.5945,1.1535,2026-08-09
xy6-92,Trainers' Mail,normal,Roaring Skies,92,Uncommon,Toyste Beach,Item,,Trainer,2015/05/06,"tcgplayer,cardmarket",https://prices.pokemontcg.io/tcgplayer/xy6-92,https://images.pokemontcg.io/xy6/92_hires.png,2026/08/08,2026/01/16,1.71,0.9900000095367432,1.7100000381469727,17.5,,2.32,,,,2.8376,0.346,3.1145,3.968,2.8838000297546387,2.0417,2.4339,4.0373,3.968,3.5643,1.1535,2026-08-09
ecard3-64,Heracross,normal,Skyridge,64,Common,Kouki Saitou,Basic,214,Pokémon,2003/05/12,"tcgplayer,cardmarket",https://prices.pokemontcg.io/tcgplayer/ecard3-64,https://images.pokemontcg.io/ecard3/64_hires.png,2026/08/08,2026/02/01,21.03,18.0,24.989999771118164,199.89999389648438,,217.47,,,,2.953,0.173,2.2378,24.6042,2.8838000297546387,2.8261,2.6992,23.0469,24.2696,18.8136,1.1535,2026-08-09
pl2-97,Underground Expedition,normal,Rising Rivals,97,Uncommon,Kagemaru Himeno,Supporter,,Trainer,2009/05/16,"tcgplayer,cardmarket",https://prices.pokemontcg.io/tcgplayer/pl2-97,https://images.pokemontcg.io/pl2/97_hires.png,2026/08/08,2026/01/16,0.33,0.10000000149011612,0.3499999940395355,19.979999542236328,,1.64,,,,0.0807,0.0231,0.1269,4.614,0.09229999780654907,0.1615,0.1154,0.346,1.0612,1.0035,1.1535,2026-08-09
swsh4-93,Zygarde,holofoil,Vivid Voltage,93,Rare Holo,Ryuta Fuse,Basic,718,Pokémon,2020/11/13,"tcgplayer,cardmarket",https://prices.pokemontcg.io/tcgplayer/swsh4-93,https://images.pokemontcg.io/swsh4/93_hires.png,2026/08/08,2026/01/16,0.31,0.09000000357627869,0.3400000035762787,999.989990234375,,0.36,,,,0.3345,0.0577,0.4268,0.992,0.11540000140666962,0.496,0.4037,0.2884,0.7382,0.8421,1.1535,2026-08-09
sm11-91,Beheeyem,normal,Unified Minds,91,Rare,Kyoko Umemoto,Stage 1,606,Pokémon,2019/08/02,"tcgplayer,cardmarket",https://prices.pokemontcg.io/tcgplayer/sm11-91,https://images.pokemontcg.io/sm11/91_hires.png,2026/08/08,2026/01/16,0.37,0.15000000596046448,0.3700000047683716,18.940000534057617,,0.47,,,,0.2076,0.0577,0.2653,0.0,0.34599998593330383,0.2192,0.3114,0.5652,0.7498,0.819,1.1535,2026-08-09
neo1-90,Time Capsule,unlimited,Neo Genesis,90,Rare,"""Big Mama"" Tagawa, CR CG gangs",,,Trainer,2000/12/16,"tcgplayer,cardmarket",https://prices.pokemontcg.io/tcgplayer/neo1-90,https://images.pokemontcg.io/neo1/90_hires.png,2026/08/08,2026/02/01,1.57,0.6499999761581421,1.2100000381469727,96.91999816894531,,,,,"{""1stEdition"": {""low"": 1.35, ""mid"": 2.0, ""high"": 31.86, ""market"": 2.72, ""directLow"": 4.76}}",1.3496,0.0807,1.7649,0.0,3.4028000831604004,1.5226,1.2227,0.0,0.0,0.0,1.1535,2026-08-09
ex9-94,Dusclops ex,holofoil,Emerald,94,Rare Holo EX,Mitsuhiro Arita,Stage 1|ex,356,Pokémon,2005/05/01,"tcgplayer,cardmarket",https://prices.pokemontcg.io/tcgplayer/ex9-94,https://images.pokemontcg.io/ex9/94_hires.png,2026/08/08,2026/02/01,110.0,100.0,159.1300048828125,1286.699951171875,,,,,,46.8667,10.3815,39.3113,0.0,17.302499771118164,39.7842,44.3175,51.9075,24.8002,23.4968,1.1535,2026-08-09
xy11-99,Captivating Poké Puff,normal,Steam Siege,99,Uncommon,Toyste Beach,Item,,Trainer,2016/08/03,"tcgplayer,cardmarket",https://prices.pokemontcg.io/tcgplayer/xy11-99,https://images.pokemontcg.io/xy11/99_hires.png,2026/08/08,2026/01/16,0.25,0.03999999910593033,0.25,1000.0,,0.34,,,,0.1384,0.0231,0.1154,0.6114,0.06920000165700912,0.15,0.1154,0.8651,0.6114,0.5421,1.1535,2026-08-09
xy3-84,Patrat,normal,Furious Fists,84,Common,Kyoko Umemoto,Basic,504,Pokémon,2014/08/13,"tcgplayer,cardmarket",https://prices.pokemontcg.io/tcgplayer/xy3-84,https://images.pokemontcg.io/xy3/84_hires.png,2026/08/08,2026/01/16,0.23,0.10000000149011612,0.23000000417232513,1000.0,,0.46,,,,0.2076,0.0231,0.1846,0.4037,0.17299999296665192,0.1961,0.1269,0.4037,0.2768,0.323,1.1535,2026-08-09
xy9-87,Rattata,normal,BREAKpoint,87,Common,match,Basic,19,Pokémon,2016/02/03,"tcgplayer,cardmarket",https://prices.pokemontcg.io/tcgplayer/xy9-87,https://images.pokemontcg.io/xy9/87_hires.png,2026/08/08,2026/01/16,0.06,0.019999999552965164,0.20000000298023224,1000.0,,0.36,,,,0.1038,0.0231,0.0807,0.3576,0.06920000165700912,0.1154,0.0807,0.346,0.323,0.323,1.1535,2026-08-09
ex14-93,Groudon ex,holofoil,Crystal Guardians,93,Rare Holo EX,Takabon,Basic|ex,383,Pokémon,2006/08/01,"tcgplayer,cardmarket",https://prices.pokemontcg.io/tcgplayer/ex14-93,https://images.pokemontcg.io/ex14/93_hires.png,2026/08/08,2026/01/16,175.0,148.75,188.05999755859375,1849.699951171875,,,,,,106.6872,9.228,74.1354,0.0,51.61909866333008,69.7637,75.2889,12.1117,24.7887,23.9121,1.1535,2026-08-09
gym1-102,Misty,unlimited,Gym Heroes,102,Rare,Ken Sugimori,,,Trainer,2000/08/14,"tcgplayer,cardmarket",https://prices.pokemontcg.io/tcgplayer/gym1-102,https://images.pokemontcg.io/gym1/102_hires.png,2026/08/08,2026/01/16,6.21,3.390000104904175,5.5,79.62000274658203,,,,,"{""1stEdition"": {""low"": 20.0, ""mid"": 28.26, ""high"": 399.5, ""market"": 28.26, ""directLow"": null}}",4.5563,1.1535,6.3789,0.0,14.418700218200684,6.3904,5.8482,2.2955,2.1801,2.1801,1.1535,2026-08-09
bw5-90,Tornadus-EX,holofoil,Dark Explorers,90,Rare Holo EX,Shizurow,Basic|EX,641,Pokémon,2012/05/09,"tcgplayer,cardmarket",https://prices.pokemontcg.io/tcgplayer/bw5-90,https://images.pokemontcg.io/bw5/90_hires.png,2026/08/08,2026/01/16,18.75,9.800000190734863,17.469999313354492,88.12000274658203,,,,,,5.3522,0.8074,4.9716,0.0,3.172100067138672,4.8793,5.606,2.8838,4.5679,4.0373,1.1535,2026-08-09
ex16-89,Multi Energy,normal,Power Keepers,89,Rare,Takumi Akabane,Special,,Energy,2007/02/02,"tcgplayer,cardmarket",https://prices.pokemontcg.io/tcgplayer/ex16-89,https://images.pokemontcg.io/ex16/89_hires.png,2026/08/08,2026/01/16,2.3,0.9900000095367432,2.299999952316284,31.600000381469727,,5.01,,,,0.7613,0.0577,1.165,3.449,1.003499984741211,0.8074,1.1074,3.449,2.9645,3.5528,1.1535,2026-08-09
pl4-99,Tangrowth LV.X,holofoil,Arceus,99,Rare Holo LV.X,Ryo Ueda,Level-Up,465,Pokémon,2009/11/04,"tcgplayer,cardmarket",https://prices.pokemontcg.io/tcgplayer/pl4-99,https://images.pokemontcg.io/pl4/99_hires.png,2026/08/08,2026/01/16,37.81,24.459999084472656,68.44999694824219,303.1000061035156,,,,,,10.5661,1.7187,7.5093,0.0,5.767499923706055,8.086,11.8349,3.9104,5.9751,6.102,1.1535,2026-08-09
dp5-92,Call Energy,normal,Majestic Dawn,92,Uncommon,Takumi Akabane,Special,,Energy,2008/05/01,"tcgplayer,cardmarket",https://prices.pokemontcg.io/tcgplayer/dp5-92,https://images.pokemontcg.io/dp5/92_hires.png,2026/08/08,2026/01/16,14.5,12.0,16.5,162.39999389648438,,14.35,,,,3.8412,0.0577,3.5874,3.8181,3.4028000831604004,3.5066,3.8412,5.756,4.5448,5.9867,1.1535,2026-08-09
sm1-95,Dragonair,normal,Sun & Moon,95,Uncommon,hatachu,Stage 1,148,Pokémon,2017/02/03,"tcgplayer,cardmarket",https://prices.pokemontcg.io/tcgplayer/sm1-95,https://images.pokemontcg.io/sm1/95_hires.png,2026/08/08,2026/01/16,0.27,0.009999999776482582,0.27000001072883606,19.979999542236328,,0.74,,,,0.1269,0.0231,0.0923,0.7036,0.023099999874830246,0.0692,0.173,0.8536,0.7152,0.7267,1.1535,2026-08-09
xy5-100,Aegislash,holofoil,Primal Clash,100,Rare Holo,Kouki Saitou,Stage 2,681,Pokémon,2015/02/04,"tcgplayer,cardmarket",https://prices.pokemontcg.io/tcgplayer/xy5-100,https://images.pokemontcg.io/xy5/100_hires.png,2026/08/08,2026/01/16,0.75,0.4399999976158142,0.75,3.990000009536743,,0.66,,,,1.4765,0.2884,1.4303,1.0266,1.7302000522613525,1.5111,1.3842,1.0266,2.5608,2.0532,1.1535,2026-08-09
sm10-87,Geodude,normal,Unbroken Bonds,87,Common,Sumiyoshi Kizuki,Basic,74,Pokémon,2019/05/03,"tcgplayer,cardmarket",https://prices.pokemontcg.io/tcgplayer/sm10-87,https://images.pokemontcg.io/sm10/87_hires.png,2026/08/08,2026/01/16,0.14,0.05000000074505806,0.2199999988079071,19.979999542236328,,0.27,,,,0.0923,0.0231,0.1269,0.346,0.18459999561309814,0.15,0.1269,0.4153,0.3576,0.3807,1.1535,2026-08-09
ex8-96,Crobat ex,holofoil,Deoxys,96,Rare Holo EX,Ryo Ueda,Stage 2|ex,169,Pokémon,2005/02/01,"tcgplayer,cardmarket",https://prices.pokemontcg.io/tcgplayer/ex8-96,https://images.pokemontcg.io/ex8/96_hires.png,2026/08/08,2026/01/19,94.42,157.9499969482422,400.0,1299.0,,,,,,66.6492,4.614,50.7886,0.0,80.68730163574219,62.4274,42.1835,3.4605,26.7612,18.0638,1.1535,2026-08-09
pl1-96,Squirtle,normal,Platinum,96,Common,Masakazu Fukuda,Basic,7,Pokémon,2009/02/11,"tcgplayer,cardmarket",https://prices.pokemontcg.io/tcgplayer/pl1-96,https://images.pokemontcg.io/pl1/96_hires.png,2026/08/08,2026/01/16,8.6,2.440000057220459,5.050000190734863,50.9900016784668,,22.81,,,,0.7728,0.0231,0.7728,11.4312,0.5306000113487244,0.6575,0.8074,6.3442,10.0931,7.1748,1.1535,2026-08-09
bw4-99,Regigigas-EX,holofoil,Next Destinies,99,Rare Ultra,5ban Graphics,Basic|EX,486,Pokémon,2012/02/08,"tcgplayer,cardmarket",https://prices.pokemontcg.io/tcgplayer/bw4-99,https://images.pokemontcg.io/bw4/99_hires.png,2026/08/08,2026/01/16,79.58,79.98999786376953,99.98999786376953,703.0,,,,,,19.2865,3.4605,25.873,0.0,40.361000061035156,21.7435,29.0913,24.212,24.6388,23.1853,1.1535,2026-08-09
bw6-95,Zweilous,normal,Dragons Exalted,95,Uncommon,Hajime Kusajima,Stage 1,634,Pokémon,2012/08/15,"tcgplayer,cardmarket",https://prices.pokemontcg.io/tcgplayer/bw6-95,https://images.pokemontcg.io/bw6/95_hires.png,2026/08/08,2026/01/16,0.45,0.20000000298023224,0.4399999976158142,19.979999542236328,,0.95,,,,0.323,0.0231,0.5075,0.173,0.4959999918937683,0.3691,0.3807,1.488,1.5918,1.0266,1.1535,2026-08-09
sm7-96,Registeel,normal,Celestial Storm,96,Rare,Shin Nagasawa,Basic,379,Pokémon,2018/08/03,"tcgplayer,cardmarket",https://prices.pokemontcg.io/tcgplayer/sm7-96,https://images.pokemontcg.io/sm7/96_hires.png,2026/08/08,2025/12/28,0.43,0.1899999976158142,0.4300000071525574,17.920000076293945,,0.57,,,,0.323,0.0577,0.3576,1.1074,0.05770000070333481,0.2768,0.4268,1.1304,1.0497,1.0035,1.1535,2026-08-09
col1-SL1,Deoxys,,Call of Legends,SL1,Rare Holo,Noriko Hotta,Basic,386,Pokémon,2011/02/09,cardmarket,https://prices.pokemontcg.io/cardmarket/col1-SL1,https://images.pokemontcg.io/col1/SL1_hires.png,,2026/01/16,,,,,,,,,,180.4997,28.6068,94.933,0.0,56.52149963378906,94.0795,99.0741,46.14,46.463,28.4684,1.1535,2026-08-09
gym2-101,Brock's Protection,unlimited,Gym Challenge,101,Rare,Ken Sugimori,,,Trainer,2000/10/16,"tcgplayer,cardmarket",https://prices.pokemontcg.io/tcgplayer/gym2-101,https://images.pokemontcg.io/gym2/101_hires.png,2026/08/08,2026/02/01,6.41,4.989999771118164,10.75,152.0,,,,,"{""1stEdition"": {""low"": 6.3, ""mid"": 12.5, ""high"": 99.42, ""market"": 8.8, ""directLow"": 68.84}}",11.4312,2.8261,4.1987,0.0,12.573200225830078,13.2537,13.1268,0.0,0.0,0.0,1.1535,2026-08-09
ex2-90,Claw Fossil,normal,Sandstorm,90,Common,Ryo Ueda,Item,,Trainer,2003/09/18,"tcgplayer,cardmarket",https://prices.pokemontcg.io/tcgplayer/ex2-90,https://images.pokemontcg.io/ex2/90_hires.png,2026/08/08,2026/02/01,0.36,0.10000000149011612,0.3799999952316284,20.389999389648438,,2.94,,,,0.1615,0.0231,0.173,1.7302,0.1615000069141388,0.1384,0.173,1.7879,1.3265,1.7533,1.1535,2026-08-09
xy1-98,Doduo,normal,XY,98,Common,Sumiyoshi Kizuki,Basic,84,Pokémon,2014/02/05,"tcgplayer,cardmarket",https://prices.pokemontcg.io/tcgplayer/xy1-98,https://images.pokemontcg.io/xy1/98_hires.png,2026/08/08,2026/01/16,0.21,0.009999999776482582,0.20999999344348907,19.979999542236328,,0.64,,,,0.0692,0.0231,0.0577,0.0,0.09229999780654907,0.0923,0.1038,1.1535,0.496,0.5075,1.1535,2026-08-09
ecard2-72,Cubone,normal,Aquapolis,72,Common,Midori Harada,Basic,104,Pokémon,2003/01/15,"tcgplayer,cardmarket",https://prices.pokemontcg.io/tcgplayer/ecard2-72,https://images.pokemontcg.io/ecard2/72_hires.png,2026/08/08,2026/01/16,23.45,16.299999237060547,20.989999771118164,213.10000610351562,,55.0,,,,4.9831,0.2884,8.7551,25.9422,4.129499912261963,5.8713,5.0869,32.298,39.542,19.0674,1.1535,2026-08-09
smp-SM93,Marshadow,holofoil,SM Black Star Promos,SM93,Promo,kirisAki,Basic,802,Pokémon,2017/02/03,"tcgplayer,cardmarket",https://prices.pokemontcg.io/tcgplayer/smp-SM93,https://images.pokemontcg.io/smp/SM93_hires.png,2026/08/08,2026/01/16,2.81,0.9100000262260437,2.559999942779541,95.05000305175781,,,,,,0.646,0.1038,0.6921,0.0,2.2955000400543213,0.6114,1.0728,0.2422,0.5537,0.3345,1.1535,2026-08-09
swsh3-90,Vibrava,normal,Darkness Ablaze,90,Uncommon,Sumiyoshi Kizuki,Stage 1,329,Pokémon,2020/08/14,"tcgplayer,cardmarket",https://prices.pokemontcg.io/tcgplayer/swsh3-90,https://images.pokemontcg.io/swsh3/90_hires.png,2026/08/08,2026/01/16,0.02,0.009999999776482582,0.18000000715255737,25.030000686645508,,0.25,,,,0.0923,0.0231,0.0577,0.2192,0.03460000082850456,0.0346,0.0577,0.0692,0.1846,0.2076,1.1535,2026-08-09
ex6-95,Poké Ball,normal,FireRed & LeafGreen,95,Uncommon,K. Hoshiba,Item,,Trainer,2004/09/01,"tcgplayer,cardmarket",https://prices.pokemontcg.io/tcgplayer/ex6-95,https://images.pokemontcg.io/ex6/95_hires.png,2026/08/08,2026/01/16,1.03,0.25,1.0499999523162842,21.639999389648438,,6.57,,,,1.7418,0.0577,2.0417,8.0745,0.40369999408721924,2.2609,1.3265,11.535,7.3593,5.9521,1.1535,2026-08-09
bw7-100,Black Kyurem,normal,Boundaries Crossed,100,Rare,5ban Graphics,Basic,646,Pokémon,2012/11/07,"tcgplayer,cardmarket",https://prices.pokemontcg.io/tcgplayer/bw7-100,https://images.pokemontcg.io/bw7/100_hires.png,2026/08/08,2026/01/15,0.99,0.4000000059604645,0.9900000095367432,19.979999542236328,,4.98,,,,1.7072,0.0346,1.2458,4.0257,0.8073999881744385,0.4268,1.2804,4.0257,2.3301,3.4951,1.1535,2026-08-09
xyp-XY89,Pikachu,holofoil,XY Black Star Promos,XY89,Promo,Masakazu Fukuda,Basic,25,Pokémon,2013/10/12,"tcgplayer,cardmarket",https://prices.pokemontcg.io/tcgplayer/xyp-XY89,https://images.pokemontcg.io/xyp/XY89_hires.png,2026/08/08,2026/01/16,23.12,17.959999084472656,41.0,299.239990234375,,,,,,21.2359,9.228,18.606,0.0,17.302499771118164,20.59,20.267,11.535,8.4321,5.7906,1.1535,2026-08-09
dp6-95,Gligar,normal,Legends Awakened,95,Common,Kouki Saitou,Basic,207,Pokémon,2008/08/01,"tcgplayer,cardmarket",https://prices.pokemontcg.io/tcgplayer/dp6-95,https://images.pokemontcg.io/dp6/95_hires.png,2026/08/08,2026/01/16,0.7,0.25,0.550000011920929,19.979999542236328,,19.9,,,,0.2653,0.0346,0.2768,1.1535,0.46140000224113464,0.2884,0.3691,0.5767,1.0958,0.992,1.1535,2026-08-09
ex7-94,Dark Metal Energy,normal,Team Rocket Returns,94,Uncommon,Takumi Akabane,Special,,Energy,2004/11/01,"tcgplayer,cardmarket",https://prices.pokemontcg.io/tcgplayer/ex7-94,https://images.pokemontcg.io/ex7/94_hires.png,2026/08/08,2026/01/16,5.49,4.889999866485596,5.989999771118164,72.05000305175781,,27.59,,,,4.2564,1.0266,3.5643,4.0373,8.651200294494629,3.472,3.4259,4.0373,11.2005,20.1401,1.1535,2026-08-09
ex3-97,Rayquaza ex,holofoil,Dragon,97,Rare Holo EX,Hikaru Koike,Basic|ex,384,Pokémon,2003/11/24,"tcgplayer,cardmarket",https://prices.pokemontcg.io/tcgplayer/ex3-97,https://images.pokemontcg.io/ex3/97_hires.png,2026/08/08,2026/01/16,484.98,249.99000549316406,514.8599853515625,699.989990234375,,,,,,361.553,14.9955,414.6256,0.0,109.5824966430664,137.1396,246.0531,40.3725,29.9449,30.6254,1.1535,2026-08-09
bw9-97,Staraptor,normal,Plasma Freeze,97,Rare,Hajime Kusajima,Stage 2,398,Pokémon,2013/05/08,"tcgplayer,cardmarket",https://prices.pokemontcg.io/tcgplayer/bw9-97,https://images.pokemontcg.io/bw9/97_hires.png,2026/08/08,2026/01/16,0.77,0.38999998569488525,0.7400000095367432,19.979999542236328,,4.05,,,,0.7728,0.1154,0.9343,0.0,1.4419000148773193,0.7267,0.8536,1.9494,2.5377,2.1109,1.1535,2026-08-09
xy4-91,AZ,normal,Phantom Forces,91,Uncommon,Ken Sugimori,Supporter,,Trainer,2014/11/05,"tcgplayer,cardmarket",https://prices.pokemontcg.io/tcgplayer/xy4-91,https://images.pokemontcg.io/xy4/91_hires.png,2026/08/08,2026/01/16,0.37,0.10000000149011612,0.3499999940395355,19.979999542236328,,0.73,,,,0.3691,0.0231,0.346,1.6495,0.5536999702453613,0.3807,0.3576,1.6726,1.2342,1.3265,1.1535,2026-08-09
sm12-100,Cosmog,normal,Cosmic Eclipse,100,Common,Masakazu Fukuda,Basic,789,Pokémon,2019/11/01,"tcgplayer,cardmarket",https://prices.pokemontcg.io/tcgplayer/sm12-100,https://images.pokemontcg.io/sm12/100_hires.png,2026/08/08,2026/01/16,0.23,0.019999999552965164,0.23999999463558197,19.979999542236328,,0.39,,,,0.0577,0.0231,0.0692,0.496,0.023099999874830246,0.0692,0.0577,0.5767,0.3691,0.4153,1.1535,2026-08-09
bw2-88,Braviary,holofoil,Emerging Powers,88,Rare Holo,Masakazu Fukuda,Stage 1,628,Pokémon,2011/08/31,"tcgplayer,cardmarket",https://prices.pokemontcg.io/tcgplayer/bw2-88,https://images.pokemontcg.io/bw2/88_hires.png,2026/08/08,2026/01/16,1.95,0.75,1.5800000429153442,19.979999542236328,,2.05,,,,1.2458,0.0231,1.2919,0.0,2.2955000400543213,1.3265,1.142,2.5954,1.7533,1.8571,1.1535,2026-08-09
sm8-93,Wobbuffet,normal,Lost Thunder,93,Rare,Megumi Mizutani,Basic,202,Pokémon,2018/11/02,"tcgplayer,cardmarket",https://prices.pokemontcg.io/tcgplayer/sm8-93,https://images.pokemontcg.io/sm8/93_hires.png,2026/08/08,2026/01/16,0.53,0.36000001430511475,0.5299999713897705,19.979999542236328,,1.18,,,,0.5767,0.0577,0.8651,1.1535,0.31139999628067017,0.8074,0.7152,1.7302,1.0035,1.165,1.1535,2026-08-09
dp1-98,Shinx,normal,Diamond & Pearl,98,Common,Ken Sugimori,Basic,403,Pokémon,2007/05/01,"tcgplayer,cardmarket",https://prices.pokemontcg.io/tcgplayer/dp1-98,https://images.pokemontcg.io/dp1/98_hires.png,2026/08/08,2026/01/16,0.83,0.25,0.550000011920929,19.979999542236328,,2.3,,,,5.7675,0.2307,11.4081,0.0,24.800199508666992,10.8775,10.5891,4.614,4.614,4.614,1.1535,2026-08-09
sma-SV92,Tapu Fini-GX,holofoil,Hidden Fates Shiny Vault,SV92,Rare Secret,5ban Graphics,Basic|GX,788,Pokémon,2019/08/23,"tcgplayer,cardmarket",https://prices.pokemontcg.io/tcgplayer/sma-SV92,https://images.pokemontcg.io/sma/SV92_hires.png,2026/08/08,2026/01/16,21.7,19.989999771118164,21.989999771118164,396.3999938964844,,,,,,17.9254,15.5723,15.1339,0.0,31.721200942993164,18.952,20.7745,57.0983,56.0024,67.5028,1.1535,2026-08-09
g1-RC1,Chikorita,normal,Generations,RC1,Common,Sanosuke Sakuma,Basic,152,Pokémon,2016/02/22,"tcgplayer,cardmarket",https://prices.pokemontcg.io/tcgplayer/g1-RC1,https://images.pokemontcg.io/g1/RC1_hires.png,2026/08/08,2026/01/16,14.21,10.0,14.210000038146973,99.98999786376953,,,,,,4.6832,1.1535,4.9024,5.7675,4.037300109863281,5.3061,4.4294,5.7675,1.4419,1.165,1.1535,2026-08-09
ex13-96,Multi Energy,normal,Holon Phantoms,96,Rare,Takumi Akabane,Special,,Energy,2006/05/01,"tcgplayer,cardmarket",https://prices.pokemontcg.io/tcgplayer/ex13-96,https://images.pokemontcg.io/ex13/96_hires.png,2026/08/08,2026/01/16,1.74,1.0,1.7899999618530273,19.979999542236328,,6.74,,,,1.6149,0.2192,1.8917,2.8838,3.2874999046325684,1.4073,1.4995,2.8838,9.6317,5.5253,1.1535,2026-08-09
dp3-103,Rattata,normal,Secret Wonders,103,Common,Mitsuhiro Arita,Basic,19,Pokémon,2007/11/01,"tcgplayer,cardmarket",https://prices.pokemontcg.io/tcgplayer/dp3-103,https://images.pokemontcg.io/dp3/103_hires.png,2026/08/08,2026/01/16,0.35,0.09000000357627869,0.30000001192092896,19.979999542236328,,1.47,,,,0.1384,0.0231,0.2307,1.0266,0.6920999884605408,0.2768,0.1846,0.173,0.819,0.819,1.1535,2026-08-09
base4-98,Voltorb,normal,Base Set 2,98,Common,Keiji Kinebuchi,Basic,100,Pokémon,2000/02/24,"tcgplayer,cardmarket",https://prices.pokemontcg.io/tcgplayer/base4-98,https://images.pokemontcg.io/base4/98_hires.png,2026/08/08,2026/01/16,0.67,0.25,0.6200000047683716,19.979999542236328,,,,,,0.346,0.0577,0.2768,0.0,0.57669997215271,0.3922,0.4845,0.2192,0.2192,0.2192,1.1535,2026-08-09
base6-92,Seel,normal,Legendary Collection,92,Common,Ken Sugimori,Basic,86,Pokémon,2002/05/24,"tcgplayer,cardmarket",https://prices.pokemontcg.io/tcgplayer/base6-92,https://images.pokemontcg.io/base6/92_hires.png,2026/08/08,2026/02/01,0.73,0.25,0.5,19.979999542236328,,126.96,,,,0.3807,0.0231,0.4153,46.14,0.23070000112056732,0.3691,0.3922,34.605,62.6812,38.1693,1.1535,2026-08-09
xy10-92,Audino Spirit Link,normal,Fates Collide,92,Uncommon,5ban Graphics,Pokémon Tool,,Trainer,2016/05/02,"tcgplayer,cardmarket",https://prices.pokemontcg.io/tcgplayer/xy10-92,https://images.pokemontcg.io/xy10/92_hires.png,2026/08/08,2026/01/16,0.22,0.05000000074505806,0.25,19.979999542236328,,0.44,,,,0.0,0.0,0.0,0.0,0.0,0.0,0.0,0.0,0.0,0.0,1.1535,2026-08-09
swsh2-94,Galarian Farfetch'd,normal,Rebel Clash,94,Common,Akira Komayama,Basic,83,Pokémon,2020/05/01,"tcgplayer,cardmarket",https://prices.pokemontcg.io/tcgplayer/swsh2-94,https://images.pokemontcg.io/swsh2/94_hires.png,2026/08/08,2026/01/16,0.08,0.009999999776482582,0.1899999976158142,2.990000009536743,,0.36,,,,0.0461,0.0231,0.0692,0.2653,0.05770000070333481,0.0807,0.0461,0.5767,0.2884,0.2884,1.1535,2026-08-09
dp2-90,Murkrow,normal,Mysterious Treasures,90,Common,Atsuko Nishida,Basic,198,Pokémon,2007/08/01,"tcgplayer,cardmarket",https://prices.pokemontcg.io/tcgplayer/dp2-90,https://images.pokemontcg.io/dp2/90_hires.png,2026/08/08,2026/01/16,0.54,0.20999999344348907,0.38999998569488525,19.979999542236328,,2.7,,,,0.15,0.0231,0.2768,2.976,0.6920999884605408,0.323,0.1961,0.8074,2.6992,2.2147,1.1535,2026-08-09
xy7-97,Primal Groudon-EX,holofoil,Ancient Origins,97,Rare Secret,5ban Graphics,MEGA|EX,383,Pokémon,2015/08/12,"tcgplayer,cardmarket",https://prices.pokemontcg.io/tcgplayer/xy7-97,https://images.pokemontcg.io/xy7/97_hires.png,2026/08/08,2026/01/16,323.56,264.94000244140625,320.3500061035156,449.1600036621094,,,,,,360.4688,74.9775,193.8687,0.0,415.260009765625,266.8276,220.4338,23.07,38.9306,39.0114,1.1535,2026-08-09
sm3-93,Gardevoir-GX,holofoil,Burning Shadows,93,Rare Holo GX,5ban Graphics,Stage 2|GX,282,Pokémon,2017/08/05,"tcgplayer,cardmarket",https://prices.pokemontcg.io/tcgplayer/sm3-93,https://images.pokemontcg.io/sm3/93_hires.png,2026/08/08,2026/01/16,7.41,3.990000009536743,7.559999942779541,872.8800048828125,,,,,,10.7622,0.0,10.2315,0.0,11.53499984741211,8.8935,8.8704,3.4605,4.614,4.614,1.1535,2026-08-09
ecard1-88,Pidgeotto,normal,Expedition Base Set,88,Uncommon,Tomokazu Komiya,Stage 1,17,Pokémon,2002/09/15,"tcgplayer,cardmarket",https://prices.pokemontcg.io/tcgplayer/ecard1-88,https://images.pokemontcg.io/ecard1/88_hires.png,2026/08/08,2026/02/01,13.52,8.0,17.329999923706055,183.3000030517578,,41.7,,,,4.4179,1.1535,6.4827,38.6422,4.556300163269043,7.2555,5.0754,31.7212,28.7337,10.6468,1.1535,2026-08-09
ex11-93,Holon Mentor,normal,Delta Species,93,Uncommon,Kouki Saitou,Supporter,,Trainer,2005/10/31,"tcgplayer,cardmarket",https://prices.pokemontcg.io/tcgplayer/ex11-93,https://images.pokemontcg.io/ex11/93_hires.png,2026/08/08,2026/01/19,5.35,5.0,6.989999771118164,8.0,,14.5,,,,2.6646,0.5767,3.6335,1.7302,4.59089994430542,2.8491,3.3798,1.7302,7.6016,6.9095,1.1535,2026-08-09
xy12-93,Water Energy,normal,Evolutions,93,Common,,Basic,,Energy,2016/11/02,"tcgplayer,cardmarket",https://prices.pokemontcg.io/tcgplayer/xy12-93,https://images.pokemontcg.io/xy12/93_hires.png,2026/08/08,2026/01/16,0.2,0.10000000149011612,0.2800000011920929,19.360000610351562,,2.97,,,,0.9113,0.0231,0.992,5.5599,4.037300109863281,1.0035,0.5537,4.5563,4.4525,4.3372,1.1535,2026-08-09
hgss1-107,Donphan,holofoil,HeartGold & SoulSilver,107,Rare Prime,Kent Kanetsuna,Stage 1|Prime,232,Pokémon,2010/02/10,"tcgplayer,cardmarket",https://prices.pokemontcg.io/tcgplayer/hgss1-107,https://images.pokemontcg.io/hgss1/107_hires.png,2026/08/08,2025/12/28,36.08,27.989999771118164,40.0,598.510009765625,,,,,,11.685,1.0958,13.9343,0.0,3.4605000019073486,14.1881,8.4898,4.787,4.2103,4.6255,1.1535,2026-08-09
base1-99,Grass Energy,normal,Base,99,,Keiji Kinebuchi,Basic,,Energy,1999/01/09,"tcgplayer,cardmarket",https://prices.pokemontcg.io/tcgplayer/base1-99,https://images.pokemontcg.io/base1/99_hires.png,2026/08/08,2026/01/16,0.41,0.05999999865889549,0.3700000047683716,8.4399995803833,,,,,,0.2884,0.0231,0.2653,0.0,0.11540000140666962,0.2307,0.2076,4.614,3.6451,3.6451,1.1535,2026-08-09
ex1-85,Oran Berry,normal,Ruby & Sapphire,85,Uncommon,Kazuo Yazawa,Pokémon Tool,,Trainer,2003/07/01,"tcgplayer,cardmarket",https://prices.pokemontcg.io/tcgplayer/ex1-85,https://images.pokemontcg.io/ex1/85_hires.png,2026/08/08,2026/02/19,0.74,0.46000000834465027,0.75,19.979999542236328,,4.03,,,,23.0239,57.675,18.1907,0.0,23.02389907836914,14.3726,14.3726,0.0,0.0,0.0,1.1535,2026-08-09
bw1-95,Full Heal,normal,Black & White,95,Uncommon,5ban Graphics,Item,,Trainer,2011/04/25,"tcgplayer,cardmarket",https://prices.pokemontcg.io/tcgplayer/bw1-95,https://images.pokemontcg.io/bw1/95_hires.png,2026/08/08,2026/01/16,0.21,0.03999999910593033,0.25,17.079999923706055,,0.5,,,,0.1038,0.0231,0.1846,0.0,0.51910001039505,0.1846,0.1384,0.1154,0.4037,0.5191,1.1535,2026-08-09
ex10-96,Darkness Energy,normal,Unseen Forces,96,Rare,Milky Isobe,Special,,Energy,2005/08/01,"tcgplayer,cardmarket",https://prices.pokemontcg.io/tcgplayer/ex10-96,https://images.pokemontcg.io/ex10/96_hires.png,2026/08/08,2026/01/16,2.33,0.9900000095367432,1.5,3.490000009536743,,19.64,,,,1.1074,0.0577,1.142,3.6335,0.8651000261306763,0.819,1.1766,4.614,4.7986,6.1366,1.1535,2026-08-09
bw11-99,Hydreigon,holofoil,Legendary Treasures,99,Rare Holo,Tomokazu Komiya,Stage 2,635,Pokémon,2013/11/06,"tcgplayer,cardmarket",https://prices.pokemontcg.io/tcgplayer/bw11-99,https://images.pokemontcg.io/bw11/99_hires.png,2026/08/08,2026/01/16,11.13,5.0,17.899999618530273,96.87999725341797,,12.9,,,,19.2173,9.228,17.9831,45.9093,17.302499771118164,20.3247,14.338,45.9093,16.6796,12.031,1.1535,2026-08-09
bw3-95,Super Rod,normal,Noble Victories,95,Uncommon,5ban Graphics,Item,,Trainer,2011/11/16,"tcgplayer,cardmarket",https://prices.pokemontcg.io/tcgplayer/bw3-95,https://images.pokemontcg.io/bw3/95_hires.png,2026/08/08,2026/01/16,2.8,0.75,2.0,19.979999542236328,,3.71,,,,0.5767,0.0231,0.1384,4.6025,1.038100004196167,0.3114,0.8421,0.4614,3.5412,3.3105,1.1535,2026-08-09
bw8-92,Durant,normal,Plasma Storm,92,Uncommon,5ban Graphics,Basic|Team Plasma,632,Pokémon,2013/02/06,"tcgplayer,cardmarket",https://prices.pokemontcg.io/tcgplayer/bw8-92,https://images.pokemontcg.io/bw8/92_hires.png,2026/08/08,2026/01/16,0.4,0.20000000298023224,0.4399999976158142,1.9900000095367432,,2.68,,,,0.5767,0.0231,0.4729,0.0,0.17299999296665192,0.4499,0.2768,3.4605,1.4649,1.315,1.1535,2026-08-09
sm2-93,Comfey,holofoil,Guardians Rising,93,Rare Holo,Sanosuke Sakuma,Basic,764,Pokémon,2017/05/05,"tcgplayer,cardmarket",https://prices.pokemontcg.io/tcgplayer/sm2-93,https://images.pokemontcg.io/sm2/93_hires.png,2026/08/08,2025/12/28,1.97,0.5400000214576721,1.649999976158142,3.5899999141693115,,1.72,,,,0.6344,0.0231,0.7036,0.6921,0.57669997215271,0.5191,0.7152,0.5191,0.8997,0.8305,1.1535,2026-08-09
sm9-99,Jirachi,holofoil,Team Up,99,Rare Holo,HYOGONOSUKE,Basic,385,Pokémon,2019/02/01,"tcgplayer,cardmarket",https://prices.pokemontcg.io/tcgplayer/sm9-99,https://images.pokemontcg.io/sm9/99_hires.png,2026/08/08,2026/01/16,9.04,6.599999904632568,9.039999961853027,169.60000610351562,,9.41,,,,0.0,0.0,2.4685,0.0,2.8838000297546387,2.3185,2.3185,0.0,0.0,0.0,1.1535,2026-08-09
ex15-86,Holon Energy WP,normal,Dragon Frontiers,86,Rare,Takumi Akabane,Special,,Energy,2006/11/01,"tcgplayer,cardmarket",https://prices.pokemontcg.io/tcgplayer/ex15-86,https://images.pokemontcg.io/ex15/86_hires.png,2026/08/08,2026/01/19,1.34,0.5400000214576721,1.3899999856948853,19.979999542236328,,4.78,,,,1.7418,0.1154,1.1766,2.8722,0.3345000147819519,1.638,1.8225,2.8722,5.1561,6.6096,1.1535,2026-08-09
sm5-95,Alolan Exeggutor,normal,Ultra Prism,95,Rare,Hasuno,Stage 1,103,Pokémon,2018/02/02,"tcgplayer,cardmarket",https://prices.pokemontcg.io/tcgplayer/sm5-95,https://images.pokemontcg.io/sm5/95_hires.png,2026/08/08,2026/01/16,0.48,0.25,0.5,19.979999542236328,,0.79,,,,0.646,0.0577,0.7498,0.8421,1.1303999423980713,0.6921,0.5537,0.6921,0.8997,0.7152,1.1535,2026-08-09
hgss4-95,Machamp,holofoil,HS—Triumphant,95,Rare Prime,Shizurow,Stage 2|Prime,68,Pokémon,2010/11/03,"tcgplayer,cardmarket",https://prices.pokemontcg.io/tcgplayer/hgss4-95,https://images.pokemontcg.io/hgss4/95_hires.png,2026/08/08,2026/01/16,50.6,74.98999786376953,283.7900085449219,663.0,,,,,,20.1863,1.7187,20.3131,0.0,15.053199768066406,14.0727,20.2093,5.4791,11.2466,8.5474,1.1535,2026-08-09
dp4-90,Treecko,normal,Great Encounters,90,Common,Kouki Saitou,Basic,252,Pokémon,2008/02/01,"tcgplayer,cardmarket",https://prices.pokemontcg.io/tcgplayer/dp4-90,https://images.pokemontcg.io/dp4/90_hires.png,2026/08/08,2026/01/16,0.89,0.30000001192092896,0.8899999856948853,19.979999542236328,,16.99,,,,0.2999,0.0231,0.346,2.0186,0.46140000224113464,0.5075,0.3345,5.7675,3.8065,2.9876,1.1535,2026-08-09
xy8-92,Zoroark BREAK,holofoil,BREAKthrough,92,Rare BREAK,5ban Graphics,BREAK,571,Pokémon,2015/11/04,"tcgplayer,cardmarket",https://prices.pokemontcg.io/tcgplayer/xy8-92,https://images.pokemontcg.io/xy8/92_hires.png,2026/08/08,2026/01/16,7.25,4.190000057220459,6.690000057220459,54.9900016784668,,,,,,6.0443,2.307,6.0559,0.0,6.309599876403809,5.9175,5.283,4.614,4.3602,4.3141,1.1535,2026-08-09
swsh1-97,Rhyhorn,normal,Sword & Shield,97,Common,sui,Basic,111,Pokémon,2020/02/07,"tcgplayer,cardmarket",https://prices.pokemontcg.io/tcgplayer/swsh1-97,https://images.pokemontcg.io/swsh1/97_hires.png,2026/08/08,2026/01/16,0.04,0.009999999776482582,0.17000000178813934,17.979999542236328,,0.27,,,,0.0692,0.0231,0.0461,0.2422,0.05770000070333481,0.0346,0.0577,0.2538,0.2538,0.323,1.1535,2026-08-09
sm6-89,Klefki,normal,Forbidden Light,89,Uncommon,otumami,Basic,707,Pokémon,2018/05/04,"tcgplayer,cardmarket",https://prices.pokemontcg.io/tcgplayer/sm6-89,https://images.pokemontcg.io/sm6/89_hires.png,2026/08/08,2026/01/16,0.47,0.20000000298023224,0.4699999988079071,2.25,,0.8,,,,0.2076,0.0231,0.2884,0.346,0.219200000166893,0.2768,0.1846,0.346,0.4153,0.5075,1.1535,2026-08-09
sm4-86,Cinccino,normal,Crimson Invasion,86,Uncommon,0313,Stage 1,573,Pokémon,2017/11/03,"tcgplayer,cardmarket",https://prices.pokemontcg.io/tcgplayer/sm4-86,https://images.pokemontcg.io/sm4/86_hires.png,2026/08/08,2026/01/16,0.3,0.009999999776482582,0.3199999928474426,19.979999542236328,,0.44,,,,0.0692,0.0231,0.1154,0.2999,0.023099999874830246,0.0807,0.1038,0.0346,0.2538,0.3345,1.1535,2026-08-09
neo4-96,Thought Wave Machine,unlimited,Neo Destiny,96,Rare,Sumiyoshi Kizuki,Rocket's Secret Machine,,Trainer,2002/02/28,"tcgplayer,cardmarket",https://prices.pokemontcg.io/tcgplayer/neo4-96,https://images.pokemontcg.io/neo4/96_hires.png,2026/08/08,2026/01/16,12.58,11.8100004196167,14.40999984741211,118.0999984741211,,,,,"{""1stEdition"": {""low"": 19.99, ""mid"": 160.99, ""high"": 332.99, ""market"": 34.1, ""directLow"": null}}",5.7214,1.7302,5.9982,0.0,8.639699935913086,6.575,7.3939,0.0,0.0,0.0,1.1535,2026-08-09
smp-SM94,Wash Rotom,holofoil,SM Black Star Promos,SM94,Promo,Shigenori Negishi,Basic,479,Pokémon,2017/02/03,"tcgplayer,cardmarket",https://prices.pokemontcg.io/tcgplayer/smp-SM94,https://images.pokemontcg.io/smp/SM94_hires.png,2026/08/08,2026/01/16,19.52,26.690000534057617,50.0,127.54000091552734,,,,,,7.6708,3.3451,6.8518,0.0,8.016799926757812,6.5403,8.5936,3.4605,4.4179,3.4605,1.1535,2026-08-09
sm2-94,Goomy,normal,Guardians Rising,94,Common,Asako Ito,Basic,704,Pokémon,2017/05/05,"tcgplayer,cardmarket",https://prices.pokemontcg.io/tcgplayer/sm2-94,https://images.pokemontcg.io/sm2/94_hires.png,2026/08/08,2025/12/28,0.74,0.20000000298023224,0.7200000286102295,19.979999542236328,,8.32,,,,0.1384,0.0231,0.1269,0.5537,0.17299999296665192,0.1154,0.1269,0.7382,0.5998,0.5075,1.1535,2026-08-09
pl2-98,Volkner's Philosophy,normal,Rising Rivals,98,Uncommon,Ken Sugimori,Supporter,,Trainer,2009/05/16,"tcgplayer,cardmarket",https://prices.pokemontcg.io/tcgplayer/pl2-98,https://images.pokemontcg.io/pl2/98_hires.png,2026/08/08,2026/01/16,0.42,0.10000000149011612,0.3799999952316284,1.4900000095367432,,1.29,,,,0.2076,0.0231,0.15,0.0,0.023099999874830246,0.1615,0.1615,0.7498,1.6264,1.5226,1.1535,2026-08-09
dp6-96,Gloom,normal,Legends Awakened,96,Common,Sumiyoshi Kizuki,Stage 1,44,Pokémon,2008/08/01,"tcgplayer,cardmarket",https://prices.pokemontcg.io/tcgplayer/dp6-96,https://images.pokemontcg.io/dp6/96_hires.png,2026/08/08,2026/01/16,1.91,0.6499999761581421,1.7999999523162842,5.989999771118164,,4.91,,,,0.3345,0.0231,0.3345,2.4685,0.28839999437332153,0.3345,0.2884,1.6726,1.5226,1.3957,1.1535,2026-08-09
dp5-93,Darkness Energy,normal,Majestic Dawn,93,Uncommon,Takumi Akabane,Special,,Energy,2008/05/01,"tcgplayer,cardmarket",https://prices.pokemontcg.io/tcgplayer/dp5-93,https://images.pokemontcg.io/dp5/93_hires.png,2026/08/08,2026/01/16,0.91,0.4000000059604645,0.8899999856948853,19.979999542236328,,3.99,,,,0.9113,0.0346,0.8997,1.5226,0.8651000261306763,0.7959,0.4614,0.4614,0.6921,1.6264,1.1535,2026-08-09
g1-RC2,Shroomish,normal,Generations,RC2,Common,Miki Tanaka,Basic,285,Pokémon,2016/02/22,"tcgplayer,cardmarket",https://prices.pokemontcg.io/tcgplayer/g1-RC2,https://images.pokemontcg.io/g1/RC2_hires.png,2026/08/08,2026/01/16,5.5,3.4000000953674316,5.610000133514404,39.9900016784668,,,,,,0.8651,0.0577,0.6806,0.0,0.57669997215271,0.6575,0.7959,0.5767,0.8997,0.5767,1.1535,2026-08-09
xy12-94,Lightning Energy,normal,Evolutions,94,Common,,Basic,,Energy,2016/11/02,"tcgplayer,cardmarket",https://prices.pokemontcg.io/tcgplayer/xy12-94,https://images.pokemontcg.io/xy12/94_hires.png,2026/08/08,2026/01/16,0.24,0.07000000029802322,0.23999999463558197,19.280000686645508,,1.91,,,,0.15,0.0231,0.2307,3.8758,0.57669997215271,0.1961,0.1846,4.0373,3.7489,3.7143,1.1535,2026-08-09
xyp-XY90,Hoopa,holofoil,XY Black Star Promos,XY90,Promo,Masakazu Fukuda,Basic,720,Pokémon,2013/10/12,"tcgplayer,cardmarket",https://prices.pokemontcg.io/tcgplayer/xyp-XY90,https://images.pokemontcg.io/xyp/XY90_hires.png,2026/08/08,2026/01/16,3.7,1.6799999475479126,3.4800000190734863,32.70000076293945,,,,,,3.2759,1.1535,2.8376,0.0,2.306999921798706,3.2644,2.0763,3.1145,2.7684,3.6451,1.1535,2026-08-09
pl1-97,Swablu,normal,Platinum,97,Common,Kagemaru Himeno,Basic,333,Pokémon,2009/02/11,"tcgplayer,cardmarket",https://prices.pokemontcg.io/tcgplayer/pl1-97,https://images.pokemontcg.io/pl1/97_hires.png,2026/08/08,2026/01/16,0.75,0.10000000149011612,0.5400000214576721,19.979999542236328,,4.27,,,,0.1615,0.0231,0.2768,2.5031,0.3806999921798706,0.3576,0.2192,3.4605,1.7302,1.6149,1.1535,2026-08-09
sm1-96,Dragonite,holofoil,Sun & Moon,96,Rare Holo,Hiroyuki Yamamoto,Stage 2,149,Pokémon,2017/02/03,"tcgplayer,cardmarket",https://prices.pokemontcg.io/tcgplayer/sm1-96,https://images.pokemontcg.io/sm1/96_hires.png,2026/08/08,2026/01/16,4.16,2.190000057220459,4.130000114440918,8.869999885559082,,2.95,,,,2.2493,0.2307,0.0231,2.5838,2.4223999977111816,2.3993,12.1117,2.307,2.2724,2.4685,1.1535,2026-08-09
ex10-97,Metal Energy,normal,Unseen Forces,97,Rare,Milky Isobe,Special,,Energy,2005/08/01,"tcgplayer,cardmarket",https://prices.pokemontcg.io/tcgplayer/ex10-97,https://images.pokemontcg.io/ex10/97_hires.png,2026/08/08,2026/01/16,1.16,0.6499999761581421,1.0299999713897705,19.979999542236328,,13.0,,,,1.5457,0.1038,0.9574,17.3025,0.6344000101089478,0.7728,0.9343,17.3025,5.8367,6.6096,1.1535,2026-08-09
ex13-97,Dark Metal Energy,normal,Holon Phantoms,97,Uncommon,Takumi Akabane,Special,,Energy,2006/05/01,"tcgplayer,cardmarket",https://prices.pokemontcg.io/tcgplayer/ex13-97,https://images.pokemontcg.io/ex13/97_hires.png,2026/08/08,2026/01/16,2.36,1.0,2.0299999713897705,33.0,,16.01,,,,1.0381,0.0577,1.4303,11.535,1.153499960899353,1.3842,1.2573,11.535,12.6654,9.0665,1.1535,2026-08-09
xy5-101,Mr. Mime,normal,Primal Clash,101,Uncommon,TOKIYA,Basic,122,Pokémon,2015/02/04,"tcgplayer,cardmarket",https://prices.pokemontcg.io/tcgplayer/xy5-101,https://images.pokemontcg.io/xy5/101_hires.png,2026/08/08,2026/01/15,0.51,0.20000000298023224,0.5,18.979999542236328,,1.17,,,,0.2884,0.0461,0.2192,5.7675,0.23070000112056732,0.2884,0.2653,5.7675,0.7498,0.8305,1.1535,2026-08-09
xy3-85,Watchog,normal,Furious Fists,85,Uncommon,Midori Harada,Stage 1,505,Pokémon,2014/08/13,"tcgplayer,cardmarket",https://prices.pokemontcg.io/tcgplayer/xy3-85,https://images.pokemontcg.io/xy3/85_hires.png,2026/08/08,2026/01/16,0.26,0.12999999523162842,0.30000001192092896,1000.0,,0.64,,,,0.3345,0.0577,0.2999,0.5075,0.3345000147819519,0.323,0.2307,0.5767,0.5306,0.7036,1.1535,2026-08-09
swsh1-98,Rhydon,normal,Sword & Shield,98,Uncommon,KEIICHIRO ITO,Stage 1,112,Pokémon,2020/02/07,"tcgplayer,cardmarket",https://prices.pokemontcg.io/tcgplayer/swsh1-98,https://images.pokemontcg.io/swsh1/98_hires.png,2026/08/08,2026/01/16,0.12,0.03999999910593033,0.20000000298023224,19.979999542236328,,0.43,,,,0.1154,0.0231,0.0923,1.1535,0.09229999780654907,0.0807,0.1154,1.4419,0.9228,1.0958,1.1535,2026-08-09
xy8-93,Inkay,normal,BREAKthrough,93,Common,Kouki Saitou,Basic,686,Pokémon,2015/11/04,"tcgplayer,cardmarket",https://prices.pokemontcg.io/tcgplayer/xy8-93,https://images.pokemontcg.io/xy8/93_hires.png,2026/08/08,2026/01/16,0.16,0.019999999552965164,0.20000000298023224,1000.0,,0.28,,,,0.0807,0.0231,0.1154,0.8651,0.11540000140666962,0.1846,0.1154,0.346,0.8305,0.5998,1.1535,2026-08-09
pl4-SH10,Bagon,reverseHolofoil,Arceus,SH10,Rare,Naoyo Kimura,Basic,371,Pokémon,2009/11/04,"tcgplayer,cardmarket",https://prices.pokemontcg.io/tcgplayer/pl4-SH10,https://images.pokemontcg.io/pl4/SH10_hires.png,2026/08/08,2026/01/16,90.17,99.98999786376953,799.9000244140625,2422.8798828125,,,,,,47.7318,11.5119,38.3308,0.0,46.13999938964844,38.8614,37.2696,23.0585,21.7319,18.9981,1.1535,2026-08-09
ex8-97,Deoxys ex,normal,Deoxys,97,Rare Holo EX,Mitsuhiro Arita,Basic|ex,386,Pokémon,2005/02/01,"tcgplayer,cardmarket",https://prices.pokemontcg.io/tcgplayer/ex8-97,https://images.pokemontcg.io/ex8/97_hires.png,2026/08/08,2026/01/19,138.6,799.0,799.0,799.0,225.49,,,,,82.5906,13.842,73.2242,0.0,173.02499389648438,69.0024,92.8221,43.8215,25.2386,26.1037,1.1535,2026-08-09
bw2-89,Tornadus,holofoil,Emerging Powers,89,Rare Holo,5ban Graphics,Basic,641,Pokémon,2011/08/31,"tcgplayer,cardmarket",https://prices.pokemontcg.io/tcgplayer/bw2-89,https://images.pokemontcg.io/bw2/89_hires.png,2026/08/08,2026/01/16,1.39,0.6000000238418579,1.2000000476837158,25.0,,1.52,,,,1.4419,0.1038,1.6726,1.6264,2.8261001110076904,1.1189,1.5457,2.2955,1.6726,1.7649,1.1535,2026-08-09
xy12-95,Psychic Energy,normal,Evolutions,95,Common,,Basic,,Energy,2016/11/02,"tcgplayer,cardmarket",https://prices.pokemontcg.io/tcgplayer/xy12-95,https://images.pokemontcg.io/xy12/95_hires.png,2026/08/08,2026/01/16,0.25,0.05000000074505806,0.25,18.479999542236328,,3.97,,,,0.1269,0.0231,0.0577,3.3913,0.05770000070333481,0.1384,0.2768,1.9609,3.4951,4.7063,1.1535,2026-08-09
base6-93,Slowpoke,normal,Legendary Collection,93,Common,Miki Tanaka,Basic,79,Pokémon,2002/05/24,"tcgplayer,cardmarket",https://prices.pokemontcg.io/tcgplayer/base6-93,https://images.pokemontcg.io/base6/93_hires.png,2026/08/08,2026/02/01,1.58,0.49000000953674316,1.1399999856948853,18.700000762939453,,300.0,,,,0.5421,0.1038,0.6114,294.1425,1.118899941444397,0.5306,0.5767,542.145,131.4875,76.1425,1.1535,2026-08-09
xy11-100,Claw Fossil Anorith,normal,Steam Siege,100,Uncommon,Toyste Beach,Item,,Trainer,2016/08/03,"tcgplayer,cardmarket",https://prices.pokemontcg.io/tcgplayer/xy11-100,https://images.pokemontcg.io/xy11/100_hires.png,2026/08/08,2026/01/16,0.19,0.009999999776482582,0.20000000298023224,1000.0,,0.36,,,,0.1038,0.0231,0.0923,0.3114,0.06920000165700912,0.0923,0.0923,0.5075,0.4845,0.4845,1.1535,2026-08-09
sm1-97,Spearow,normal,Sun & Moon,97,Common,Yukiko Baba,Basic,21,Pokémon,2017/02/03,"tcgplayer,cardmarket",https://prices.pokemontcg.io/tcgplayer/sm1-97,https://images.pokemontcg.io/sm1/97_hires.png,2026/08/08,2026/01/16,0.03,0.009999999776482582,0.15000000596046448,19.979999542236328,,0.33,,,,0.0807,0.0231,0.0807,0.1846,0.05770000070333481,0.0692,0.0577,0.2307,0.1961,0.2884,1.1535,2026-08-09
ecard2-73,Doduo,normal,Aquapolis,73,Common,Yukiko Baba,Basic,84,Pokémon,2003/01/15,"tcgplayer,cardmarket",https://prices.pokemontcg.io/tcgplayer/ecard2-73,https://images.pokemontcg.io/ecard2/73_hires.png,2026/08/08,2026/01/16,5.75,3.75,7.489999771118164,119.9000015258789,,19.09,,,,1.0035,0.1154,0.4729,14.0958,0.57669997215271,0.8767,1.3496,3.3451,9.228,5.11,1.1535,2026-08-09
base1-100,Lightning Energy,normal,Base,100,,Keiji Kinebuchi,Basic,,Energy,1999/01/09,"tcgplayer,cardmarket",https://prices.pokemontcg.io/tcgplayer/base1-100,https://images.pokemontcg.io/base1/100_hires.png,2026/08/08,2026/01/16,0.45,0.14000000059604645,0.4000000059604645,9.989999771118164,,,,,,4.1295,0.4037,3.5297,0.0,3.4489998817443848,4.2333,2.3301,0.0,0.0,0.0,1.1535,2026-08-09
sm10-88,Graveler,normal,Unbroken Bonds,88,Uncommon,Ayaka Yoshida,Stage 1,75,Pokémon,2019/05/03,"tcgplayer,cardmarket",https://prices.pokemontcg.io/tcgplayer/sm10-88,https://images.pokemontcg.io/sm10/88_hires.png,2026/08/08,2026/01/16,0.12,0.05000000074505806,0.20000000298023224,19.979999542236328,,0.35,,,,0.0692,0.0231,0.1038,0.5421,0.23070000112056732,0.1154,0.0923,0.2192,0.4383,0.4614,1.1535,2026-08-09
dp5-94,Health Energy,normal,Majestic Dawn,94,Uncommon,Takumi Akabane,Special,,Energy,2008/05/01,"tcgplayer,cardmarket",https://prices.pokemontcg.io/tcgplayer/dp5-94,https://images.pokemontcg.io/dp5/94_hires.png,2026/08/08,2026/01/16,0.7,0.3499999940395355,0.6899999976158142,19.979999542236328,,2.24,,,,0.3576,0.0461,0.2653,0.8074,0.46140000224113464,0.4614,0.4268,0.5767,0.7844,0.9689,1.1535,2026-08-09
dp7-90,Poké Healer +,normal,Stormfront,90,Uncommon,Ryo Ueda,Item,,Trainer,2008/11/01,"tcgplayer,cardmarket",https://prices.pokemontcg.io/tcgplayer/dp7-90,https://images.pokemontcg.io/dp7/90_hires.png,2026/08/08,2026/01/16,1.09,0.5,1.0,19.979999542236328,,12.49,,,,0.323,0.0231,0.3576,0.6344,0.3806999921798706,0.3345,0.2768,0.1154,0.8997,0.8997,1.1535,2026-08-09
ex15-87,Boost Energy,normal,Dragon Frontiers,87,Uncommon,Shin-ichi Yoshikawa,Special,,Energy,2006/11/01,"tcgplayer,cardmarket",https://prices.pokemontcg.io/tcgplayer/ex15-87,https://images.pokemontcg.io/ex15/87_hires.png,2026/08/08,2026/01/16,1.13,0.699999988079071,1.2000000476837158,26.899999618530273,,5.5,,,,1.4073,0.1154,1.142,9.228,2.249300003051758,1.2919,1.1996,11.535,5.6752,4.8793,1.1535,2026-08-09
sm9-100,Bronzor,normal,Team Up,100,Common,Ken Sugimori,Basic,436,Pokémon,2019/02/01,"tcgplayer,cardmarket",https://prices.pokemontcg.io/tcgplayer/sm9-100,https://images.pokemontcg.io/sm9/100_hires.png,2026/08/08,2026/01/16,0.21,0.09000000357627869,0.25,2.990000009536743,,0.75,,,,0.0807,0.0231,0.1038,0.5191,0.19609999656677246,0.1269,0.1615,0.173,0.3807,0.5075,1.1535,2026-08-09
swsh4-94,Rockruff,normal,Vivid Voltage,94,Common,Eri Yamaki,Basic,744,Pokémon,2020/11/13,"tcgplayer,cardmarket",https://prices.pokemontcg.io/tcgplayer/swsh4-94,https://images.pokemontcg.io/swsh4/94_hires.png,2026/08/08,2026/01/16,0.05,0.009999999776482582,0.1599999964237213,25.06999969482422,,0.28,,,,0.0346,0.0231,0.0692,0.2192,0.05770000070333481,0.0692,0.0461,0.3345,0.3345,0.2653,1.1535,2026-08-09
sm11-92,Honedge,normal,Unified Minds,92,Common,MAHOU,Basic,679,Pokémon,2019/08/02,"tcgplayer,cardmarket",https://prices.pokemontcg.io/tcgplayer/sm11-92,https://images.pokemontcg.io/sm11/92_hires.png,2026/08/08,2026/01/16,0.15,0.029999999329447746,0.20999999344348907,19.979999542236328,,0.36,,,,0.0807,0.0231,0.1154,0.2422,0.023099999874830246,0.15,0.1038,0.2076,0.2307,0.2999,1.1535,2026-08-09
sm6-90,Xerneas-GX,holofoil,Forbidden Light,90,Rare Holo GX,5ban Graphics,Basic|GX,716,Pokémon,2018/05/04,"tcgplayer,cardmarket",https://prices.pokemontcg.io/tcgplayer/sm6-90,https://images.pokemontcg.io/sm6/90_hires.png,2026/08/08,2026/01/16,11.8,8.149999618530273,12.350000381469727,4318.77001953125,,,,,,6.748,1.3842,6.0674,0.0,3.2183001041412354,5.9636,6.2289,6.6903,5.6637,5.4215,1.1535,2026-08-09
dp3-104,Sentret,normal,Secret Wonders,104,Common,Midori Harada,Basic,161,Pokémon,2007/11/01,"tcgplayer,cardmarket",https://prices.pokemontcg.io/tcgplayer/dp3-104,https://images.pokemontcg.io/dp3/104_hires.png,2026/08/08,2026/01/16,0.34,0.15000000596046448,0.3100000023841858,19.559999465942383,,2.04,,,,0.15,0.0231,0.15,1.8802,0.023099999874830246,0.1038,0.1154,0.6921,1.6034,1.0035,1.1535,2026-08-09
ex6-96,PokéDex HANDY909,normal,FireRed & LeafGreen,96,Uncommon,K. Utsunomiya,Item,,Trainer,2004/09/01,"tcgplayer,cardmarket",https://prices.pokemontcg.io/tcgplayer/ex6-96,https://images.pokemontcg.io/ex6/96_hires.png,2026/08/08,2026/01/16,1.06,0.6000000238418579,1.2000000476837158,19.979999542236328,,4.29,,,,0.9343,0.0231,1.3381,0.0,1.3841999769210815,0.8536,1.0266,2.307,3.299,4.3833,1.1535,2026-08-09
bw7-101,Black Kyurem-EX,holofoil,Boundaries Crossed,101,Rare Holo EX,Eske Yoshinob,Basic|EX,646,Pokémon,2012/11/07,"tcgplayer,cardmarket",https://prices.pokemontcg.io/tcgplayer/bw7-101,https://images.pokemontcg.io/bw7/101_hires.png,2026/08/08,2026/01/15,4.01,2.25,4.019999980926514,34.70000076293945,,,,,,6.6672,2.0763,6.3904,0.0,8.07450008392334,6.4135,6.9441,4.0373,5.4215,3.2413,1.1535,2026-08-09
xy1-99,Dodrio,normal,XY,99,Uncommon,Kanako Eo,Stage 1,85,Pokémon,2014/02/05,"tcgplayer,cardmarket",https://prices.pokemontcg.io/tcgplayer/xy1-99,https://images.pokemontcg.io/xy1/99_hires.png,2026/08/08,2026/01/16,0.33,0.05000000074505806,0.30000001192092896,18.68000030517578,,0.69,,,,0.1846,0.0231,0.2192,0.5306,0.11540000140666962,0.1961,0.2192,0.5998,0.5767,0.5767,1.1535,2026-08-09
bwp-BW88,Flareon,holofoil,BW Black Star Promos,BW88,Promo,The Pokémon Company Art Team,Stage 1,136,Pokémon,2011/03/01,"tcgplayer,cardmarket",https://prices.pokemontcg.io/tcgplayer/bwp-BW88,https://images.pokemontcg.io/bwp/BW88_hires.png,2026/08/08,2026/01/21,56.02,52.0,74.33999633789062,381.3599853515625,,,,,,14.4418,4.614,11.8926,0.0,10.381500244140625,13.1845,24.9617,23.0585,7.59,7.5093,1.1535,2026-08-09
gym1-103,No Removal Gym,unlimited,Gym Heroes,103,Rare,Keiji Kinebuchi,Stadium,,Trainer,2000/08/14,"tcgplayer,cardmarket",https://prices.pokemontcg.io/tcgplayer/gym1-103,https://images.pokemontcg.io/gym1/103_hires.png,2026/08/08,2026/01/16,9.12,5.710000038146973,9.140000343322754,99.5,,,,,"{""1stEdition"": {""low"": 8.59, ""mid"": 10.58, ""high"": 193.1, ""market"": 10.58, ""directLow"": null}}",13.1384,6.921,12.4924,0.0,12.53849983215332,13.2537,14.0496,5.3868,3.7143,3.7143,1.1535,2026-08-09
xy9-88,Raticate,normal,BREAKpoint,88,Rare,Kagemaru Himeno,Stage 1,20,Pokémon,2016/02/03,"tcgplayer,cardmarket",https://prices.pokemontcg.io/tcgplayer/xy9-88,https://images.pokemontcg.io/xy9/88_hires.png,2026/08/08,2026/01/16,0.27,0.10000000149011612,0.2800000011920929,23.489999771118164,,0.54,,,,0.2999,0.0346,0.346,0.9113,0.34599998593330383,0.2884,0.4037,1.1535,0.7152,0.8074,1.1535,2026-08-09
dp4-91,Unown [L],normal,Great Encounters,91,Common,Daisuke Ito,Basic,201,Pokémon,2008/02/01,"tcgplayer,cardmarket",https://prices.pokemontcg.io/tcgplayer/dp4-91,https://images.pokemontcg.io/dp4/91_hires.png,2026/08/08,2026/01/16,1.58,0.38999998569488525,1.5700000524520874,24.989999771118164,,5.99,,,,0.4037,0.0231,0.2653,2.4224,0.11540000140666962,0.3345,0.3691,5.7675,3.0914,1.984,1.1535,2026-08-09
sma-SV93,Tapu Koko-GX,holofoil,Hidden Fates Shiny Vault,SV93,Rare Secret,5ban Graphics,Basic|GX,785,Pokémon,2019/08/23,"tcgplayer,cardmarket",https://prices.pokemontcg.io/tcgplayer/sma-SV93,https://images.pokemontcg.io/sma/SV93_hires.png,2026/08/08,2026/01/16,18.56,15.0,18.760000228881836,161.39999389648438,,,,,,21.9972,9.228,20.2093,0.0,17.302499771118164,24.558,19.5518,47.2704,55.6679,67.6643,1.1535,2026-08-09
xy10-93,Bent Spoon,normal,Fates Collide,93,Uncommon,Toyste Beach,Pokémon Tool,,Trainer,2016/05/02,"tcgplayer,cardmarket",https://prices.pokemontcg.io/tcgplayer/xy10-93,https://images.pokemontcg.io/xy10/93_hires.png,2026/08/08,2026/01/16,0.17,0.009999999776482582,0.20999999344348907,1000.0,,0.35,,,,0.1961,0.0231,0.173,0.4037,0.12690000236034393,0.1961,0.2076,0.4153,0.4268,0.646,1.1535,2026-08-09
ex7-95,R Energy,normal,Team Rocket Returns,95,Uncommon,Takumi Akabane,Special,,Energy,2004/11/01,"tcgplayer,cardmarket",https://prices.pokemontcg.io/tcgplayer/ex7-95,https://images.pokemontcg.io/ex7/95_hires.png,2026/08/08,2026/01/16,16.43,12.0,16.229999542236328,149.39999389648438,,41.88,,,,9.2049,4.614,9.2511,0.0,5.767499923706055,7.913,8.6859,23.0585,23.2776,23.7275,1.1535,2026-08-09
dp1-99,Skorupi,normal,Diamond & Pearl,99,Common,Kouki Saitou,Basic,451,Pokémon,2007/05/01,"tcgplayer,cardmarket",https://prices.pokemontcg.io/tcgplayer/dp1-99,https://images.pokemontcg.io/dp1/99_hires.png,2026/08/08,2026/01/16,0.43,0.20000000298023224,0.38999998569488525,16.799999237060547,,3.03,,,,0.646,0.0231,0.4268,2.5146,0.10379999876022339,0.2653,0.3114,0.2192,2.0532,1.2804,1.1535,2026-08-09
ex11-94,Holon Research Tower,normal,Delta Species,94,Uncommon,Ryo Ueda,Stadium,,Trainer,2005/10/31,"tcgplayer,cardmarket",https://prices.pokemontcg.io/tcgplayer/ex11-94,https://images.pokemontcg.io/ex11/94_hires.png,2026/08/08,2026/01/19,1.0,0.25,1.0199999809265137,3.490000009536743,,9.91,,,,1.7879,0.15,1.4073,12.6885,1.4765000343322754,1.6149,2.0302,12.6885,9.3087,8.5936,1.1535,2026-08-09
sm5-96,Gible,normal,Ultra Prism,96,Common,Kyoko Umemoto,Basic,443,Pokémon,2018/02/02,"tcgplayer,cardmarket",https://prices.pokemontcg.io/tcgplayer/sm5-96,https://images.pokemontcg.io/sm5/96_hires.png,2026/08/08,2026/01/16,0.11,0.05000000074505806,0.20999999344348907,19.979999542236328,,0.74,,,,0.0807,0.0231,0.0692,0.496,0.04610000178217888,0.0692,0.0923,0.4614,0.496,0.3922,1.1535,2026-08-09
pl1-98,Tauros,normal,Platinum,98,Common,Mitsuhiro Arita,Basic,128,Pokémon,2009/02/11,"tcgplayer,cardmarket",https://prices.pokemontcg.io/tcgplayer/pl1-98,https://images.pokemontcg.io/pl1/98_hires.png,2026/08/08,2026/01/16,0.66,0.2800000011920929,0.6499999761581421,19.979999542236328,,5.15,,,,0.2538,0.0231,0.3114,2.7453,0.17299999296665192,0.2307,0.2884,5.4676,1.5918,1.0266,1.1535,2026-08-09
xyp-XY91,Champions Festival,normal,XY Black Star Promos,XY91,Promo,Naoki Saito,Stadium,,Trainer,2013/10/12,"tcgplayer,cardmarket",https://prices.pokemontcg.io/tcgplayer/xyp-XY91,https://images.pokemontcg.io/xyp/XY91_hires.png,2026/05/27,2026/01/16,299.99,349.989990234375,349.989990234375,349.989990234375,,,,,,259.5375,27.684,78.3111,0.0,259.5375061035156,92.7645,131.9258,28.2377,25.6538,25.6538,1.1535,2026-08-09
ex5-90,Life Herb,normal,Hidden Legends,90,Uncommon,Ryo Ueda,Item,,Trainer,2004/06/01,"tcgplayer,cardmarket",https://prices.pokemontcg.io/tcgplayer/ex5-90,https://images.pokemontcg.io/ex5/90_hires.png,2026/08/08,2026/02/01,0.31,0.05000000074505806,0.3100000023841858,20.31999969482422,,1.39,,,,0.1615,0.0231,0.2768,0.7844,0.13840000331401825,0.173,0.2422,0.7844,1.1881,2.1224,1.1535,2026-08-09
pl4-SH11,Ponyta,reverseHolofoil,Arceus,SH11,Rare,Kanako Eo,Basic,77,Pokémon,2009/11/04,"tcgplayer,cardmarket",https://prices.pokemontcg.io/tcgplayer/pl4-SH11,https://images.pokemontcg.io/pl4/SH11_hires.png,2026/08/08,2026/01/16,194.77,209.99000549316406,450.0,1398.9000244140625,,,,,,121.1175,13.842,90.9189,0.0,86.51249694824219,95.2445,57.3289,23.07,21.0975,20.0248,1.1535,2026-08-09
ex2-91,Mysterious Fossil,normal,Sandstorm,91,Common,Keiji Kinebuchi,Item,,Trainer,2003/09/18,"tcgplayer,cardmarket",https://prices.pokemontcg.io/tcgplayer/ex2-91,https://images.pokemontcg.io/ex2/91_hires.png,2026/08/08,2026/02/01,0.65,0.20000000298023224,0.6000000238418579,20.65999984741211,,2.58,,,,0.2884,0.0577,0.3114,5.7675,0.1615000069141388,0.2884,0.4153,5.7675,1.3035,1.3727,1.1535,2026-08-09
pl2-99,Darkness Energy,normal,Rising Rivals,99,Uncommon,Takumi Akabane,Special,,Energy,2009/05/16,"tcgplayer,cardmarket",https://prices.pokemontcg.io/tcgplayer/pl2-99,https://images.pokemontcg.io/pl2/99_hires.png,2026/08/08,2026/01/16,0.3,0.15000000596046448,0.5400000214576721,19.979999542236328,,2.09,,,,0.2768,0.0231,0.323,0.0,0.20759999752044678,0.3114,0.2884,1.3842,1.6034,1.2804,1.1535,2026-08-09
swsh2-95,Galarian Sirfetch'd,holofoil,Rebel Clash,95,Rare Holo,You Iribi,Stage 1,865,Pokémon,2020/05/01,"tcgplayer,cardmarket",https://prices.pokemontcg.io/tcgplayer/swsh2-95,https://images.pokemontcg.io/swsh2/95_hires.png,2026/08/08,2026/01/16,0.4,0.10000000149011612,0.4099999964237213,19.979999542236328,,0.7,,,,0.3922,0.0231,0.4268,0.5537,0.46140000224113464,0.5306,0.4499,1.142,0.7267,0.6344,1.1535,2026-08-09
ex9-95,Medicham ex,normal,Emerald,95,Rare Holo EX,Hikaru Koike,Stage 1|ex,308,Pokémon,2005/05/01,"tcgplayer,cardmarket",https://prices.pokemontcg.io/tcgplayer/ex9-95,https://images.pokemontcg.io/ex9/95_hires.png,2026/08/08,2026/02/01,,118.66999816894531,119.9800033569336,119.98999786376953,49.99,,,,,68.4256,9.8048,50.3157,0.0,2.306999921798706,55.3565,36.3814,20.763,12.9307,15.2493,1.1535,2026-08-09
bw3-96,Xtransceiver,normal,Noble Victories,96,Uncommon,Ryo Ueda,Item,,Trainer,2011/11/16,"tcgplayer,cardmarket",https://prices.pokemontcg.io/tcgplayer/bw3-96,https://images.pokemontcg.io/bw3/96_hires.png,2026/08/08,2026/01/16,0.7,0.3700000047683716,0.6899999976158142,19.979999542236328,,1.2,,,,0.3345,0.0231,0.346,0.0,0.09229999780654907,0.346,0.3576,1.142,0.7844,0.7267,1.1535,2026-08-09
smp-SM95,Lucario,holofoil,SM Black Star Promos,SM95,Promo,Mitsuhiro Arita,Stage 1,448,Pokémon,2017/02/03,"tcgplayer,cardmarket",https://prices.pokemontcg.io/tcgplayer/smp-SM95,https://images.pokemontcg.io/smp/SM95_hires.png,2026/08/08,2026/01/16,34.87,36.9900016784668,82.5,403.1000061035156,,,,,,21.6166,11.535,29.6103,0.0,25.36549949645996,32.6787,28.4222,6.8056,8.9166,7.8092,1.1535,2026-08-09
sm8-94,Girafarig,normal,Lost Thunder,94,Uncommon,Ayaka Yoshida,Basic,203,Pokémon,2018/11/02,"tcgplayer,cardmarket",https://prices.pokemontcg.io/tcgplayer/sm8-94,https://images.pokemontcg.io/sm8/94_hires.png,2026/08/08,2026/01/16,0.44,0.25999999046325684,0.44999998807907104,17.860000610351562,,2.58,,,,0.2076,0.0231,0.2653,1.0151,0.08070000261068344,0.1961,0.2422,1.0381,1.4073,1.2112,1.1535,2026-08-09
ecard1-89,Poliwhirl,normal,Expedition Base Set,89,Uncommon,Yuka Morii,Stage 1,61,Pokémon,2002/09/15,"tcgplayer,cardmarket",https://prices.pokemontcg.io/tcgplayer/ecard1-89,https://images.pokemontcg.io/ecard1/89_hires.png,2026/08/08,2026/02/01,24.67,28.0,49.02000045776367,192.33999633789062,,59.94,,,,5.3984,0.173,4.1065,11.4773,0.4499000012874603,3.5528,4.4064,2.4224,10.9352,8.3398,1.1535,2026-08-09
hgss1-108,Feraligatr,holofoil,HeartGold & SoulSilver,108,Rare Prime,Kent Kanetsuna,Stage 2|Prime,160,Pokémon,2010/02/10,"tcgplayer,cardmarket",https://prices.pokemontcg.io/tcgplayer/hgss1-108,https://images.pokemontcg.io/hgss1/108_hires.png,2026/08/08,2025/12/21,89.22,64.0,195.75,753.0,,,,,,12.031,1.1535,14.4418,0.0,21.893400192260742,13.8305,11.6157,7.9592,6.3789,6.3212,1.1535,2026-08-09
bw4-100,Emboar,holofoil,Next Destinies,100,Rare Secret,5ban Graphics,Stage 2,500,Pokémon,2012/02/08,"tcgplayer,cardmarket",https://prices.pokemontcg.io/tcgplayer/bw4-100,https://images.pokemontcg.io/bw4/100_hires.png,2026/08/08,2026/01/16,138.66,90.0,142.27999877929688,200.0,,,,,,131.499,13.842,89.4655,0.0,147.6479949951172,85.682,56.2216,9.1588,39.2075,23.8428,1.1535,2026-08-09
ex10-98,Boost Energy,normal,Unseen Forces,98,Uncommon,Shin-ichi Yoshikawa,Special,,Energy,2005/08/01,"tcgplayer,cardmarket",https://prices.pokemontcg.io/tcgplayer/ex10-98,https://images.pokemontcg.io/ex10/98_hires.png,2026/08/08,2026/01/16,1.02,0.75,1.0199999809265137,18.239999771118164,,16.98,,,,0.5767,0.0807,0.7382,6.3442,0.57669997215271,0.9113,1.0266,4.614,6.8749,4.6371,1.1535,2026-08-09
bw11-100,Black Kyurem-EX,holofoil,Legendary Treasures,100,Rare Holo EX,Eske Yoshinob,Basic|EX,646,Pokémon,2013/11/06,"tcgplayer,cardmarket",https://prices.pokemontcg.io/tcgplayer/bw11-100,https://images.pokemontcg.io/bw11/100_hires.png,2026/08/08,2026/01/16,6.42,4.0,6.420000076293945,45.5,,,,,,10.9352,2.1916,9.055,0.0,9.227999687194824,8.7551,8.7666,4.8332,4.6255,4.8447,1.1535,2026-08-09
bw1-96,PlusPower,normal,Black & White,96,Uncommon,5ban Graphics,Item,,Trainer,2011/04/25,"tcgplayer,cardmarket",https://prices.pokemontcg.io/tcgplayer/bw1-96,https://images.pokemontcg.io/bw1/96_hires.png,2026/08/08,2026/01/16,0.26,0.10999999940395355,0.25999999046325684,5.0,,0.65,,,,0.2076,0.0231,0.2538,0.2768,0.7498000264167786,0.2538,0.2307,0.0923,0.3576,0.819,1.1535,2026-08-09
bw8-93,Cobalion-EX,holofoil,Plasma Storm,93,Rare Holo EX,Eske Yoshinob,Basic|EX,638,Pokémon,2013/02/06,"tcgplayer,cardmarket",https://prices.pokemontcg.io/tcgplayer/bw8-93,https://images.pokemontcg.io/bw8/93_hires.png,2026/08/08,2026/01/16,11.62,8.5,11.800000190734863,129.89999389648438,,,,,,8.2014,1.7302,8.6512,0.0,9.527899742126465,8.6512,10.2315,5.1331,5.2484,5.2369,1.1535,2026-08-09
sm7-97,Jirachi ◇,holofoil,Celestial Storm,97,Rare Prism Star,Kouki Saitou,Basic|Prism Star,385,Pokémon,2018/08/03,"tcgplayer,cardmarket",https://prices.pokemontcg.io/tcgplayer/sm7-97,https://images.pokemontcg.io/sm7/97_hires.png,2026/08/08,2025/12/28,12.81,5.730000019073486,13.829999923706055,79.98999786376953,,,,,,4.1872,0.9228,3.3913,3.4605,2.814500093460083,3.1145,3.9796,3.4605,4.6947,4.291,1.1535,2026-08-09
sm2-95,Sliggoo,normal,Guardians Rising,95,Uncommon,Tomokazu Komiya,Stage 1,705,Pokémon,2017/05/05,"tcgplayer,cardmarket",https://prices.pokemontcg.io/tcgplayer/sm2-95,https://images.pokemontcg.io/sm2/95_hires.png,2026/08/08,2025/12/28,0.34,0.10000000149011612,0.3400000035762787,19.979999542236328,,1.27,,,,0.1846,0.0231,0.1615,0.3576,0.023099999874830246,0.1269,0.173,0.5421,0.4153,0.4037,1.1535,2026-08-09
xy3-86,Tornadus,normal,Furious Fists,86,Rare,kawayoo,Basic,641,Pokémon,2014/08/13,"tcgplayer,cardmarket",https://prices.pokemontcg.io/tcgplayer/xy3-86,https://images.pokemontcg.io/xy3/86_hires.png,2026/08/08,2026/01/16,0.41,0.20000000298023224,0.4099999964237213,19.989999771118164,,0.89,,,,0.5537,0.0231,0.4499,1.0151,0.40369999408721924,0.4845,0.4845,1.2573,1.3265,1.5918,1.1535,2026-08-09
ex14-94,Jirachi ex,holofoil,Crystal Guardians,94,Rare Holo EX,Shizurow,Basic|ex,385,Pokémon,2006/08/01,"tcgplayer,cardmarket",https://prices.pokemontcg.io/tcgplayer/ex14-94,https://images.pokemontcg.io/ex14/94_hires.png,2026/08/08,2026/01/16,235.0,899.989990234375,999.5,2500.0,,,,,,43.6023,17.291,37.4541,0.0,42.679500579833984,43.833,42.9333,28.8375,47.7895,33.4976,1.1535,2026-08-09
ecard3-65,Hoothoot,normal,Skyridge,65,Common,Hizuki Misono,Basic,163,Pokémon,2003/05/12,"tcgplayer,cardmarket",https://prices.pokemontcg.io/tcgplayer/ecard3-65,https://images.pokemontcg.io/ecard3/65_hires.png,2026/08/08,2026/02/01,16.28,14.0,19.350000381469727,193.5,,99.49,,,,2.6184,0.4037,2.7338,26.5305,3.4605000019073486,3.0798,2.4916,26.5305,16.2297,11.6619,1.1535,2026-08-09
xy8-94,Yveltal,holofoil,BREAKthrough,94,Rare Holo,TOKIYA,Basic,717,Pokémon,2015/11/04,"tcgplayer,cardmarket",https://prices.pokemontcg.io/tcgplayer/xy8-94,https://images.pokemontcg.io/xy8/94_hires.png,2026/08/08,2026/01/16,0.93,0.38999998569488525,0.9399999976158142,39.9900016784668,,1.44,,,,1.0728,0.5075,1.2573,2.0878,0.34599998593330383,1.1881,1.7764,2.0763,2.1686,2.6761,1.1535,2026-08-09
bw5-91,Cheren,normal,Dark Explorers,91,Uncommon,Kanako Eo,Supporter,,Trainer,2012/05/09,"tcgplayer,cardmarket",https://prices.pokemontcg.io/tcgplayer/bw5-91,https://images.pokemontcg.io/bw5/91_hires.png,2026/08/08,2026/01/16,0.3,0.05000000074505806,0.3100000023841858,19.979999542236328,,0.46,,,,0.1846,0.0231,0.1615,0.2653,0.28839999437332153,0.2076,0.1846,0.2884,0.2538,0.5191,1.1535,2026-08-09
ex3-98,Charmander,holofoil,Dragon,98,Rare Secret,Mitsuhiro Arita,Basic,4,Pokémon,2003/11/24,"tcgplayer,cardmarket",https://prices.pokemontcg.io/tcgplayer/ex3-98,https://images.pokemontcg.io/ex3/98_hires.png,2026/08/08,2026/01/16,324.96,249.99000549316406,330.7200012207031,399.989990234375,,,,,,142.2612,13.842,107.3216,0.0,92.27999877929688,96.6633,71.1479,48.447,50.7194,27.7763,1.1535,2026-08-09
xy6-92a,Trainers' Mail,,Roaring Skies,92a,Uncommon,Toyste Beach,Item,,Trainer,2015/05/06,cardmarket,https://prices.pokemontcg.io/cardmarket/xy6-92a,https://images.pokemontcg.io/xy6/92a_hires.png,,2026/01/16,,,,,,,,,,6.8056,2.2032,5.5829,0.0,4.3256001472473145,5.1907,4.464,1.1304,1.5342,1.811,1.1535,2026-08-09
neo4-97,Counterattack Claws,unlimited,Neo Destiny,97,Uncommon,Keiji Kinebuchi,Pokémon Tool,,Trainer,2002/02/28,"tcgplayer,cardmarket",https://prices.pokemontcg.io/tcgplayer/neo4-97,https://images.pokemontcg.io/neo4/97_hires.png,2026/08/08,2026/01/16,0.76,0.3499999940395355,0.800000011920929,19.979999542236328,,,,,"{""1stEdition"": {""low"": 1.75, ""mid"": 2.41, ""high"": 33.4, ""market"": 2.55, ""directLow"": null}}",1.2804,0.0807,1.6149,0.0,1.8456000089645386,1.6726,1.6726,0.0,0.0,0.0,1.1535,2026-08-09
swsh1-99,Rhyperior,holofoil,Sword & Shield,99,Rare Holo,Satoshi Shirai,Stage 2,464,Pokémon,2020/02/07,"tcgplayer,cardmarket",https://prices.pokemontcg.io/tcgplayer/swsh1-99,https://images.pokemontcg.io/swsh1/99_hires.png,2026/08/08,2025/12/28,0.46,0.09000000357627869,0.4000000059604645,2.0,,0.5,,,,0.7382,0.1154,0.6806,0.992,0.34599998593330383,0.7613,0.7959,0.4614,0.819,1.1535,1.1535,2026-08-09
dp2-91,Nidoran ♀,normal,Mysterious Treasures,91,Common,Ken Sugimori,Basic,29,Pokémon,2007/08/01,"tcgplayer,cardmarket",https://prices.pokemontcg.io/tcgplayer/dp2-91,https://images.pokemontcg.io/dp2/91_hires.png,2026/08/08,2026/01/16,0.26,0.10999999940395355,0.28999999165534973,19.979999542236328,,1.82,,,,0.2192,0.0231,0.2768,0.0,0.10379999876022339,0.1961,0.1846,1.165,1.5572,1.1766,1.1535,2026-08-09
bw9-98,Tornadus-EX,holofoil,Plasma Freeze,98,Rare Holo EX,Eske Yoshinob,Basic|EX|Team Plasma,641,Pokémon,2013/05/08,"tcgplayer,cardmarket",https://prices.pokemontcg.io/tcgplayer/bw9-98,https://images.pokemontcg.io/bw9/98_hires.png,2026/08/08,2026/01/16,20.27,9.119999885559082,24.280000686645508,77.4000015258789,,,,,,5.9867,2.7684,7.9476,0.0,8.2475004196167,7.0363,7.6477,3.3451,3.9565,3.7835,1.1535,2026-08-09
base4-99,Vulpix,normal,Base Set 2,99,Common,Ken Sugimori,Basic,37,Pokémon,2000/02/24,"tcgplayer,cardmarket",https://prices.pokemontcg.io/tcgplayer/base4-99,https://images.pokemontcg.io/base4/99_hires.png,2026/08/08,2026/01/16,1.2,0.25,0.9100000262260437,91.9800033569336,,,,,,0.8882,0.173,0.9689,0.0,0.29989999532699585,0.8421,0.6921,0.173,0.173,0.173,1.1535,2026-08-09
ex16-90,Cyclone Energy,normal,Power Keepers,90,Uncommon,Shin-ichi Yoshikawa,Special,,Energy,2007/02/02,"tcgplayer,cardmarket",https://prices.pokemontcg.io/tcgplayer/ex16-90,https://images.pokemontcg.io/ex16/90_hires.png,2026/08/08,2026/01/16,1.35,0.44999998807907104,1.440000057220459,19.979999542236328,,5.0,,,,0.8997,0.1154,0.8536,2.63,1.6726000308990479,0.819,0.9113,2.1916,2.2609,2.3531,1.1535,2026-08-09
xy4-92,Battle Compressor Team Flare Gear,normal,Phantom Forces,92,Uncommon,Toyste Beach,Item,,Trainer,2014/11/05,"tcgplayer,cardmarket",https://prices.pokemontcg.io/tcgplayer/xy4-92,https://images.pokemontcg.io/xy4/92_hires.png,2026/08/08,2026/01/16,2.72,1.7899999618530273,2.7899999618530273,15.0,,7.53,,,,1.0958,0.0,0.7498,0.0,1.0958000421524048,0.7844,0.7844,0.2884,0.2884,0.2884,1.1535,2026-08-09
xy5-102,Marill,normal,Primal Clash,102,Common,Shigenori Negishi,Basic,183,Pokémon,2015/02/04,"tcgplayer,cardmarket",https://prices.pokemontcg.io/tcgplayer/xy5-102,https://images.pokemontcg.io/xy5/102_hires.png,2026/08/08,2026/01/15,0.36,0.10000000149011612,0.3499999940395355,19.979999542236328,,1.01,,,,0.5306,0.0231,0.496,0.0,0.3345000147819519,0.9459,0.3576,3.4605,0.9113,0.7498,1.1535,2026-08-09
col1-SL2,Dialga,,Call of Legends,SL2,Rare Holo,Ayaka Yoshida,Basic,483,Pokémon,2011/02/09,cardmarket,https://prices.pokemontcg.io/cardmarket/col1-SL2,https://images.pokemontcg.io/col1/SL2_hires.png,,2026/01/16,,,,,,,,,,68.5756,9.8048,102.177,0.0,346.04998779296875,104.4148,108.6712,11.535,35.6201,43.8099,1.1535,2026-08-09
swsh3-91,Flygon,normal,Darkness Ablaze,91,Rare,hatachu,Stage 2,330,Pokémon,2020/08/14,"tcgplayer,cardmarket",https://prices.pokemontcg.io/tcgplayer/swsh3-91,https://images.pokemontcg.io/swsh3/91_hires.png,2026/08/08,2026/01/16,0.23,0.05000000074505806,0.25,19.299999237060547,,0.6,,,,0.2422,0.0231,0.1961,0.6806,0.12690000236034393,0.2076,0.2884,1.0266,0.7267,0.7267,1.1535,2026-08-09
neo1-91,Bill's Teleporter,unlimited,Neo Genesis,91,Uncommon,Keiji Kinebuchi,,,Trainer,2000/12/16,"tcgplayer,cardmarket",https://prices.pokemontcg.io/tcgplayer/neo1-91,https://images.pokemontcg.io/neo1/91_hires.png,2026/08/08,2026/02/01,0.51,0.15000000596046448,0.5,23.489999771118164,,,,,"{""1stEdition"": {""low"": 0.3, ""mid"": 1.24, ""high"": 18.68, ""market"": 1.27, ""directLow"": 0.99}}",0.9459,0.0461,1.0497,0.0,0.34599998593330383,0.4499,0.9228,0.0,0.0,0.0,1.1535,2026-08-09
hgss4-96,Magnezone,holofoil,HS—Triumphant,96,Rare Prime,Noriko Hotta,Stage 2|Prime,462,Pokémon,2010/11/03,"tcgplayer,cardmarket",https://prices.pokemontcg.io/tcgplayer/hgss4-96,https://images.pokemontcg.io/hgss4/96_hires.png,2026/08/08,2026/01/16,44.23,31.989999771118164,47.95000076293945,300.0,,,,,,15.5953,2.307,13.2652,0.0,18.963499069213867,15.4569,13.7036,17.3025,11.8926,8.0284,1.1535,2026-08-09
bw6-96,Zweilous,normal,Dragons Exalted,96,Uncommon,Kouki Saitou,Stage 1,634,Pokémon,2012/08/15,"tcgplayer,cardmarket",https://prices.pokemontcg.io/tcgplayer/bw6-96,https://images.pokemontcg.io/bw6/96_hires.png,2026/08/08,2026/01/16,0.3,0.2199999988079071,0.3700000047683716,28.0,,0.87,,,,0.2422,0.0231,0.3691,1.1881,0.3921999931335449,0.3576,0.323,1.6726,0.7959,0.7382,1.1535,2026-08-09
gym2-102,Chaos Gym,unlimited,Gym Challenge,102,Rare,Keiji Kinebuchi,Stadium,,Trainer,2000/10/16,"tcgplayer,cardmarket",https://prices.pokemontcg.io/tcgplayer/gym2-102,https://images.pokemontcg.io/gym2/102_hires.png,2026/08/08,2026/01/16,9.04,5.659999847412109,9.050000190734863,94.80000305175781,,,,,"{""1stEdition"": {""low"": 6.72, ""mid"": 10.32, ""high"": 112.22, ""market"": 11.7, ""directLow"": 112.22}}",12.5847,8.063,12.0887,0.0,7.959199905395508,10.7852,12.1117,0.0,0.0,0.0,1.1535,2026-08-09
dp6-97,Gloom,normal,Legends Awakened,97,Common,Ken Sugimori,Stage 1,44,Pokémon,2008/08/01,"tcgplayer,cardmarket",https://prices.pokemontcg.io/tcgplayer/dp6-97,https://images.pokemontcg.io/dp6/97_hires.png,2026/08/08,2026/01/16,0.79,0.27000001072883606,0.800000011920929,19.979999542236328,,5.0,,,,0.346,0.0461,0.4499,2.307,0.23070000112056732,0.3807,0.3922,1.7187,1.9263,1.661,1.1535,2026-08-09
sm12-101,Cosmoem,normal,Cosmic Eclipse,101,Uncommon,Aya Kusube,Stage 1,790,Pokémon,2019/11/01,"tcgplayer,cardmarket",https://prices.pokemontcg.io/tcgplayer/sm12-101,https://images.pokemontcg.io/sm12/101_hires.png,2026/08/08,2026/01/16,0.28,0.05000000074505806,0.2800000011920929,19.979999542236328,,0.68,,,,0.2307,0.0,0.15,0.0,0.23070000112056732,0.2538,0.2538,1.0958,1.4188,1.4188,1.1535,2026-08-09
sm3-94,Diancie,holofoil,Burning Shadows,94,Rare Holo,TOKIYA,Basic,719,Pokémon,2017/08/05,"tcgplayer,cardmarket",https://prices.pokemontcg.io/tcgplayer/sm3-94,https://images.pokemontcg.io/sm3/94_hires.png,2026/08/08,2025/12/28,0.92,0.20000000298023224,0.9200000166893005,6.590000152587891,,1.08,,,,0.5767,0.0577,0.4614,0.5537,0.40369999408721924,0.5306,0.5537,0.4614,0.5191,0.5075,1.1535,2026-08-09
ex1-86,Poké Ball,normal,Ruby & Sapphire,86,Uncommon,K. Hoshiba,Item,,Trainer,2003/07/01,"tcgplayer,cardmarket",https://prices.pokemontcg.io/tcgplayer/ex1-86,https://images.pokemontcg.io/ex1/86_hires.png,2026/08/08,2026/02/19,0.46,0.28999999165534973,0.4300000071525574,20.459999084472656,,19.58,,,,0.3691,0.0231,0.4729,9.2049,0.3230000138282776,0.3691,0.3807,4.614,4.4756,2.0302,1.1535,2026-08-09
ex13-98,δ Rainbow Energy,normal,Holon Phantoms,98,Uncommon,Takumi Akabane,Special,,Energy,2006/05/01,"tcgplayer,cardmarket",https://prices.pokemontcg.io/tcgplayer/ex13-98,https://images.pokemontcg.io/ex13/98_hires.png,2026/08/08,2026/01/16,1.54,0.5,1.149999976158142,19.979999542236328,,13.49,,,,0.5883,0.0577,0.8767,13.0461,1.153499960899353,0.9459,0.7728,11.5235,9.6087,6.9902,1.1535,2026-08-09
xy7-98,M Rayquaza-EX,holofoil,Ancient Origins,98,Rare Secret,5ban Graphics,MEGA|EX,384,Pokémon,2015/08/12,"tcgplayer,cardmarket",https://prices.pokemontcg.io/tcgplayer/xy7-98,https://images.pokemontcg.io/xy7/98_hires.png,2026/08/08,2026/01/16,1069.91,599.989990234375,899.989990234375,1178.0999755859375,,,,,,40.3725,10.3815,29.8756,0.0,34.59349822998047,28.3415,23.2776,26.519,18.6175,17.3025,1.1535,2026-08-09
sm4-87,Bunnelby,normal,Crimson Invasion,87,Common,kirisAki,Basic,659,Pokémon,2017/11/03,"tcgplayer,cardmarket",https://prices.pokemontcg.io/tcgplayer/sm4-87,https://images.pokemontcg.io/sm4/87_hires.png,2026/08/08,2026/01/16,0.05,0.009999999776482582,0.20000000298023224,19.979999542236328,,0.27,,,,0.2884,0.0231,0.1154,0.0,0.28839999437332153,0.173,0.1846,0.0,0.0,0.0,1.1535,2026-08-09
g1-RC3,Charmander,normal,Generations,RC3,Common,Akira Komayama,Basic,4,Pokémon,2016/02/22,"tcgplayer,cardmarket",https://prices.pokemontcg.io/tcgplayer/g1-RC3,https://images.pokemontcg.io/g1/RC3_hires.png,2026/08/08,2026/01/16,20.58,13.920000076293945,20.06999969482422,419.6000061035156,,,,,,7.0017,1.7302,6.7134,0.0,9.770099639892578,7.1286,6.6903,1.1535,21.3282,6.4596,1.1535,2026-08-09
pl3-95,Chatot,normal,Supreme Victors,95,Common,Satoshi Ohta,Basic,441,Pokémon,2009/08/19,"tcgplayer,cardmarket",https://prices.pokemontcg.io/tcgplayer/pl3-95,https://images.pokemontcg.io/pl3/95_hires.png,2026/08/08,2026/01/16,0.39,0.20000000298023224,0.3499999940395355,19.979999542236328,,9.24,,,,0.1615,0.0461,0.2538,0.0,0.1615000069141388,0.1846,0.2884,0.8536,0.3807,0.9805,1.1535,2026-08-09
g1-RC4,Charmeleon,normal,Generations,RC4,Common,Akira Komayama,Stage 1,5,Pokémon,2016/02/22,"tcgplayer,cardmarket",https://prices.pokemontcg.io/tcgplayer/g1-RC4,https://images.pokemontcg.io/g1/RC4_hires.png,2026/08/08,2026/01/16,17.04,9.260000228881836,17.799999237060547,122.83999633789062,,,,,,6.8403,0.9228,6.7249,0.0,6.874899864196777,7.0248,6.5634,4.5679,10.4507,4.3948,1.1535,2026-08-09
gym1-104,The Rocket's Training Gym,unlimited,Gym Heroes,104,Rare,Keiji Kinebuchi,Stadium,,Trainer,2000/08/14,"tcgplayer,cardmarket",https://prices.pokemontcg.io/tcgplayer/gym1-104,https://images.pokemontcg.io/gym1/104_hires.png,2026/08/08,2026/01/16,11.47,7.0,11.829999923706055,92.0199966430664,,,,,"{""1stEdition"": {""low"": 12.24, ""mid"": 34.99, ""high"": 229.83, ""market"": 14.79, ""directLow"": null}}",15.0647,9.228,15.5607,0.0,23.058500289916992,15.999,16.6219,10.3815,6.8979,6.8979,1.1535,2026-08-09
ecard1-90,Pupitar,normal,Expedition Base Set,90,Uncommon,Yukiko Baba,Stage 1,247,Pokémon,2002/09/15,"tcgplayer,cardmarket",https://prices.pokemontcg.io/tcgplayer/ecard1-90,https://images.pokemontcg.io/ecard1/90_hires.png,2026/08/08,2026/02/01,3.55,2.2899999618530273,4.059999942779541,42.900001525878906,,16.0,,,,1.165,0.1154,1.3727,4.4986,1.6610000133514404,1.9148,1.3381,3.5643,3.2298,4.5217,1.1535,2026-08-09
bw1-97,Poké Ball,normal,Black & White,97,Uncommon,Yuri Umemura,Item,,Trainer,2011/04/25,"tcgplayer,cardmarket",https://prices.pokemontcg.io/tcgplayer/bw1-97,https://images.pokemontcg.io/bw1/97_hires.png,2026/08/08,2026/01/16,0.22,0.009999999776482582,0.25,17.420000076293945,,0.73,,,,0.1038,0.0231,0.1038,0.8421,0.40369999408721924,0.15,0.15,0.2538,0.6114,0.6921,1.1535,2026-08-09
swsh3-92,Solrock,normal,Darkness Ablaze,92,Uncommon,Miki Tanaka,Basic,338,Pokémon,2020/08/14,"tcgplayer,cardmarket",https://prices.pokemontcg.io/tcgplayer/swsh3-92,https://images.pokemontcg.io/swsh3/92_hires.png,2026/08/08,2026/01/16,0.02,0.009999999776482582,0.17000000178813934,25.030000686645508,,0.06,,,,0.0577,0.0231,0.0692,0.2768,0.04610000178217888,0.0577,0.0692,0.2307,0.3114,0.2192,1.1535,2026-08-09
ecard3-66,Houndour,normal,Skyridge,66,Common,Hajime Kusajima,Basic,228,Pokémon,2003/05/12,"tcgplayer,cardmarket",https://prices.pokemontcg.io/tcgplayer/ecard3-66,https://images.pokemontcg.io/ecard3/66_hires.png,2026/08/08,2026/02/01,32.66,30.950000762939453,54.5,745.8599853515625,,84.09,,,,4.9947,0.4614,4.4871,11.1313,2.6530001163482666,4.8793,6.2404,5.7675,11.0275,13.2652,1.1535,2026-08-09
sm10-89,Golem,holofoil,Unbroken Bonds,89,Rare Holo,Kyoko Umemoto,Stage 2,76,Pokémon,2019/05/03,"tcgplayer,cardmarket",https://prices.pokemontcg.io/tcgplayer/sm10-89,https://images.pokemontcg.io/sm10/89_hires.png,2026/08/08,2026/01/16,0.64,0.38999998569488525,0.6399999856948853,19.979999542236328,,0.62,,,,0.7152,0.346,0.8305,1.2689,0.46140000224113464,0.9343,0.9805,0.6921,1.2342,1.2227,1.1535,2026-08-09
sm9-101,Bronzong,normal,Team Up,101,Rare,Misa Tsutsui,Stage 1,437,Pokémon,2019/02/01,"tcgplayer,cardmarket",https://prices.pokemontcg.io/tcgplayer/sm9-101,https://images.pokemontcg.io/sm9/101_hires.png,2026/08/08,2026/01/16,0.3,0.17000000178813934,0.30000001192092896,18.1200008392334,,0.54,,,,0.3114,0.0577,0.2768,0.8536,0.24220000207424164,0.2884,0.3345,1.1535,0.8421,0.8997,1.1535,2026-08-09
pl1-99,Torchic,normal,Platinum,99,Common,Naoyo Kimura,Basic,255,Pokémon,2009/02/11,"tcgplayer,cardmarket",https://prices.pokemontcg.io/tcgplayer/pl1-99,https://images.pokemontcg.io/pl1/99_hires.png,2026/08/08,2026/01/16,1.11,0.30000001192092896,0.75,18.84000015258789,,9.69,,,,0.2538,0.0231,0.1384,0.2653,0.06920000165700912,0.1154,0.2538,1.0728,1.488,2.976,1.1535,2026-08-09
ecard2-74,Drowzee,normal,Aquapolis,74,Common,Hisao Nakamura,Basic,96,Pokémon,2003/01/15,tcgplayer,https://prices.pokemontcg.io/tcgplayer/ecard2-74,https://images.pokemontcg.io/ecard2/74_hires.png,2026/08/08,,6.08,4.989999771118164,8.5,89.9000015258789,,65.99,,,,,,,,,,,,,,,2026-08-09
pl3-96,Cherubi,normal,Supreme Victors,96,Common,Saya Tsuruta,Basic,420,Pokémon,2009/08/19,"tcgplayer,cardmarket",https://prices.pokemontcg.io/tcgplayer/pl3-96,https://images.pokemontcg.io/pl3/96_hires.png,2026/08/08,2026/01/16,1.35,0.75,1.0399999618530273,4.989999771118164,,12.99,,,,0.2076,0.0231,0.2307,2.8722,0.10379999876022339,0.2307,0.2192,2.8722,1.7302,1.1189,1.1535,2026-08-09
xy7-99,Energy Retrieval,holofoil,Ancient Origins,99,Rare Secret,5ban Graphics,Item,,Trainer,2015/08/12,"tcgplayer,cardmarket",https://prices.pokemontcg.io/tcgplayer/xy7-99,https://images.pokemontcg.io/xy7/99_hires.png,2026/08/08,2026/01/16,21.1,12.460000038146973,20.719999313354492,55.189998626708984,,,,,,26.519,11.535,19.4941,0.0,23.06999969482422,22.4817,23.7044,5.7675,5.3407,5.9751,1.1535,2026-08-09
swsh1-100,Sudowoodo,normal,Sword & Shield,100,Uncommon,Yukiko Baba,Basic,185,Pokémon,2020/02/07,"tcgplayer,cardmarket",https://prices.pokemontcg.io/tcgplayer/swsh1-100,https://images.pokemontcg.io/swsh1/100_hires.png,2026/08/08,2025/12/28,0.19,0.029999999329447746,0.20000000298023224,20.0,,0.53,,,,0.0923,0.0231,0.1269,0.5998,0.023099999874830246,0.1384,0.1038,0.2307,0.5421,0.6344,1.1535,2026-08-09
xy11-101,Gardevoir Spirit Link,normal,Steam Siege,101,Uncommon,5ban Graphics,Pokémon Tool,,Trainer,2016/08/03,"tcgplayer,cardmarket",https://prices.pokemontcg.io/tcgplayer/xy11-101,https://images.pokemontcg.io/xy11/101_hires.png,2026/08/08,2026/01/16,0.18,0.019999999552965164,0.25,1000.0,,0.66,,,,0.15,0.0231,0.1269,0.9574,0.13840000331401825,0.173,0.15,1.1535,1.2112,1.0266,1.1535,2026-08-09
base6-94,Spearow,normal,Legendary Collection,94,Common,Mitsuhiro Arita,Basic,21,Pokémon,2002/05/24,"tcgplayer,cardmarket",https://prices.pokemontcg.io/tcgplayer/base6-94,https://images.pokemontcg.io/base6/94_hires.png,2026/08/08,2026/02/01,0.55,0.10999999940395355,0.5,19.979999542236328,,100.0,,,,0.3576,0.0231,0.4037,115.35,0.24220000207424164,0.2768,0.323,115.35,67.226,32.7363,1.1535,2026-08-09
sm12-102,Lunala,holofoil,Cosmic Eclipse,102,Rare Holo,Shin Nagasawa,Stage 2,792,Pokémon,2019/11/01,"tcgplayer,cardmarket",https://prices.pokemontcg.io/tcgplayer/sm12-102,https://images.pokemontcg.io/sm12/102_hires.png,2026/08/08,2025/12/07,1.62,0.9700000286102295,1.600000023841858,21.649999618530273,,2.32,,,,1.7764,0.7959,1.7072,2.3531,0.7498000264167786,1.5803,1.5918,1.142,2.2263,2.4454,1.1535,2026-08-09
bw11-101,White Kyurem-EX,holofoil,Legendary Treasures,101,Rare Holo EX,Eske Yoshinob,Basic|EX,646,Pokémon,2013/11/06,"tcgplayer,cardmarket",https://prices.pokemontcg.io/tcgplayer/bw11-101,https://images.pokemontcg.io/bw11/101_hires.png,2026/08/08,2026/01/16,5.44,3.799999952316284,5.679999828338623,55.97999954223633,,,,,,8.1783,3.4605,7.267,0.0,2.0762999057769775,6.9902,6.7364,4.3141,4.3372,4.3026,1.1535,2026-08-09
pl4-SH12,Shinx,reverseHolofoil,Arceus,SH12,Rare,sui,Basic,403,Pokémon,2009/11/04,"tcgplayer,cardmarket",https://prices.pokemontcg.io/tcgplayer/pl4-SH12,https://images.pokemontcg.io/pl4/SH12_hires.png,2026/08/08,2026/01/16,163.37,149.9499969482422,199.99000549316406,1648.0,,,,,,42.5526,13.842,38.4,0.0,69.20999908447266,46.8667,47.132,23.6468,29.9103,28.0762,1.1535,2026-08-09
dp3-105,Shellder,normal,Secret Wonders,105,Common,Ken Sugimori,Basic,90,Pokémon,2007/11/01,"tcgplayer,cardmarket",https://prices.pokemontcg.io/tcgplayer/dp3-105,https://images.pokemontcg.io/dp3/105_hires.png,2026/08/08,2026/01/16,0.33,0.10000000149011612,0.33000001311302185,17.920000076293945,,2.99,,,,0.1038,0.0231,0.2076,1.638,0.6114000082015991,0.323,0.1615,0.5652,0.8767,1.1189,1.1535,2026-08-09
dp6-98,Gulpin,normal,Legends Awakened,98,Common,Ken Sugimori,Basic,316,Pokémon,2008/08/01,"tcgplayer,cardmarket",https://prices.pokemontcg.io/tcgplayer/dp6-98,https://images.pokemontcg.io/dp6/98_hires.png,2026/08/08,2026/01/16,0.45,0.14000000059604645,0.4000000059604645,2.3399999141693115,,3.75,,,,0.2307,0.0231,0.3576,0.0,1.7302000522613525,0.3807,0.2538,3.1721,1.8341,1.2227,1.1535,2026-08-09
xy9-89,Raticate BREAK,holofoil,BREAKpoint,89,Rare BREAK,5ban Graphics,BREAK,20,Pokémon,2016/02/03,"tcgplayer,cardmarket",https://prices.pokemontcg.io/tcgplayer/xy9-89,https://images.pokemontcg.io/xy9/89_hires.png,2026/08/08,2026/01/16,3.84,2.059999942779541,3.7899999618530273,31.5,,,,,,3.1375,1.1535,3.5297,0.0,3.4028000831604004,3.1029,3.5528,3.4605,4.4525,2.7107,1.1535,2026-08-09
sm6-91,Goomy,normal,Forbidden Light,91,Common,Midori Harada,Basic,704,Pokémon,2018/05/04,"tcgplayer,cardmarket",https://prices.pokemontcg.io/tcgplayer/sm6-91,https://images.pokemontcg.io/sm6/91_hires.png,2026/08/08,2026/01/16,0.27,0.05000000074505806,0.28999999165534973,19.979999542236328,,2.99,,,,0.0923,0.0231,0.0577,0.7613,0.05770000070333481,0.0807,0.15,1.0381,0.6806,0.7036,1.1535,2026-08-09
swsh2-96,Nosepass,normal,Rebel Clash,96,Common,Miki Tanaka,Basic,299,Pokémon,2020/05/01,"tcgplayer,cardmarket",https://prices.pokemontcg.io/tcgplayer/swsh2-96,https://images.pokemontcg.io/swsh2/96_hires.png,2026/08/08,2026/01/16,0.06,0.009999999776482582,0.17000000178813934,1.5,,0.24,,,,0.0461,0.0231,0.0461,0.2768,0.05770000070333481,0.0461,0.0577,0.2076,0.2884,0.2192,1.1535,2026-08-09
ex16-91,Warp Energy,normal,Power Keepers,91,Uncommon,Shin-ichi Yoshikawa,Special,,Energy,2007/02/02,"tcgplayer,cardmarket",https://prices.pokemontcg.io/tcgplayer/ex16-91,https://images.pokemontcg.io/ex16/91_hires.png,2026/08/08,2026/01/16,2.17,0.5,2.0,25.700000762939453,,10.8,,,,0.6229,0.1154,0.5998,0.0,0.28839999437332153,0.5075,0.7267,3.3798,4.0949,4.6025,1.1535,2026-08-09
sm3-95,Cutiefly,normal,Burning Shadows,95,Common,Atsuko Nishida,Basic,742,Pokémon,2017/08/05,"tcgplayer,cardmarket",https://prices.pokemontcg.io/tcgplayer/sm3-95,https://images.pokemontcg.io/sm3/95_hires.png,2026/08/08,2025/12/28,0.26,0.019999999552965164,0.25,4.0,,0.64,,,,0.0692,0.0231,0.0807,0.3807,0.023099999874830246,0.0807,0.0807,0.346,0.3345,0.3807,1.1535,2026-08-09
sm4-88,Diggersby,normal,Crimson Invasion,88,Uncommon,Anesaki Dynamic,Stage 1,660,Pokémon,2017/11/03,"tcgplayer,cardmarket",https://prices.pokemontcg.io/tcgplayer/sm4-88,https://images.pokemontcg.io/sm4/88_hires.png,2026/08/08,2026/01/16,0.18,0.009999999776482582,0.20000000298023224,19.979999542236328,,0.29,,,,0.0577,0.0231,0.0346,0.4268,0.023099999874830246,0.0461,0.0692,0.4037,0.3922,0.346,1.1535,2026-08-09
ex6-97,Pokémon Reversal,normal,FireRed & LeafGreen,97,Uncommon,Hiromichi Sugiyama,Item,,Trainer,2004/09/01,"tcgplayer,cardmarket",https://prices.pokemontcg.io/tcgplayer/ex6-97,https://images.pokemontcg.io/ex6/97_hires.png,2026/08/08,2026/01/16,3.78,16.969999313354492,19.989999771118164,31.510000228881836,,16.48,,,,1.9148,0.0577,1.7072,0.0,1.7187000513076782,1.6726,1.5803,6.2174,6.2058,4.8908,1.1535,2026-08-09
xy3-87,Noibat,normal,Furious Fists,87,Common,5ban Graphics,Basic,714,Pokémon,2014/08/13,"tcgplayer,cardmarket",https://prices.pokemontcg.io/tcgplayer/xy3-87,https://images.pokemontcg.io/xy3/87_hires.png,2026/08/08,2026/01/16,0.22,0.009999999776482582,0.23999999463558197,1000.0,,0.57,,,,0.1961,0.0231,0.1961,0.7267,0.023099999874830246,0.15,0.15,0.5767,0.646,0.3922,1.1535,2026-08-09
sm1-98,Fearow,normal,Sun & Moon,98,Common,Hideki Ishikawa,Stage 1,22,Pokémon,2017/02/03,"tcgplayer,cardmarket",https://prices.pokemontcg.io/tcgplayer/sm1-98,https://images.pokemontcg.io/sm1/98_hires.png,2026/08/08,2026/01/16,0.14,0.009999999776482582,0.20000000298023224,19.979999542236328,,0.34,,,,0.0692,0.0231,0.0461,0.3114,0.03460000082850456,0.0692,0.0692,0.2192,0.3114,0.3345,1.1535,2026-08-09
bw4-101,Chandelure,holofoil,Next Destinies,101,Rare Secret,5ban Graphics,Stage 2,609,Pokémon,2012/02/08,"tcgplayer,cardmarket",https://prices.pokemontcg.io/tcgplayer/bw4-101,https://images.pokemontcg.io/bw4/101_hires.png,2026/07/31,2026/01/16,195.67,91.98999786376953,91.98999786376953,91.98999786376953,,,,,,129.7572,11.535,65.1151,0.0,201.8509979248047,59.5321,52.4035,25.377,18.5367,18.5944,1.1535,2026-08-09
hgss1-109,Meganium,holofoil,HeartGold & SoulSilver,109,Rare Prime,Takashi Yamaguchi,Stage 2|Prime,154,Pokémon,2010/02/10,"tcgplayer,cardmarket",https://prices.pokemontcg.io/tcgplayer/hgss1-109,https://images.pokemontcg.io/hgss1/109_hires.png,2026/08/08,2025/12/21,61.67,37.20000076293945,66.0,489.8999938964844,,,,,,14.3265,1.142,15.1339,0.0,13.207599639892578,16.4604,14.015,6.3442,9.5856,6.0674,1.1535,2026-08-09
sma-SV94,Tapu Lele-GX,holofoil,Hidden Fates Shiny Vault,SV94,Rare Secret,5ban Graphics,Basic|GX,786,Pokémon,2019/08/23,"tcgplayer,cardmarket",https://prices.pokemontcg.io/tcgplayer/sma-SV94,https://images.pokemontcg.io/sma/SV94_hires.png,2026/08/08,2026/01/16,20.31,16.780000686645508,22.979999542236328,168.3800048828125,,,,,,19.4134,17.3025,21.8704,0.0,34.60499954223633,21.3282,21.2705,46.1169,56.856,64.6306,1.1535,2026-08-09
xy12-96,Fighting Energy,normal,Evolutions,96,Common,,Basic,,Energy,2016/11/02,"tcgplayer,cardmarket",https://prices.pokemontcg.io/tcgplayer/xy12-96,https://images.pokemontcg.io/xy12/96_hires.png,2026/08/08,2026/01/16,0.19,0.03999999910593033,0.23999999463558197,18.739999771118164,,2.63,,,,0.15,0.0231,0.1615,3.4259,0.23070000112056732,0.15,0.1846,2.8722,3.3336,3.449,1.1535,2026-08-09
ex15-88,δ Rainbow Energy,normal,Dragon Frontiers,88,Uncommon,Takumi Akabane,Special,,Energy,2006/11/01,"tcgplayer,cardmarket",https://prices.pokemontcg.io/tcgplayer/ex15-88,https://images.pokemontcg.io/ex15/88_hires.png,2026/08/08,2026/01/16,0.76,0.25,0.7300000190734863,19.229999542236328,,11.29,,,,0.4614,0.0231,0.5421,0.0,0.9228000044822693,0.4614,0.5075,4.0373,8.4321,5.5945,1.1535,2026-08-09
sm8-95,Shedinja,normal,Lost Thunder,95,Rare,kawayoo,Stage 1,292,Pokémon,2018/11/02,"tcgplayer,cardmarket",https://prices.pokemontcg.io/tcgplayer/sm8-95,https://images.pokemontcg.io/sm8/95_hires.png,2026/08/08,2026/01/16,1.09,0.9200000166893005,1.159999966621399,39.9900016784668,,3.82,,,,1.0266,0.173,0.992,0.0,1.153499960899353,1.0497,1.165,1.0958,3.2067,2.6992,1.1535,2026-08-09
xy10-94,Chaos Tower,normal,Fates Collide,94,Uncommon,5ban Graphics,Stadium,,Trainer,2016/05/02,"tcgplayer,cardmarket",https://prices.pokemontcg.io/tcgplayer/xy10-94,https://images.pokemontcg.io/xy10/94_hires.png,2026/08/08,2026/01/16,0.25,0.05999999865889549,0.2800000011920929,1000.0,,0.6,,,,0.3345,0.0231,0.4499,1.4188,0.23070000112056732,0.4268,0.3345,1.2342,1.1766,1.3727,1.1535,2026-08-09
ex1-87,Pokémon Reversal,normal,Ruby & Sapphire,87,Uncommon,Hiromichi Sugiyama,Item,,Trainer,2003/07/01,"tcgplayer,cardmarket",https://prices.pokemontcg.io/tcgplayer/ex1-87,https://images.pokemontcg.io/ex1/87_hires.png,2026/08/08,2026/02/01,2.35,1.190000057220459,1.8799999952316284,30.200000762939453,,5.73,,,,1.0958,0.0231,0.9805,0.0,1.153499960899353,1.165,0.8997,17.291,5.4215,3.2759,1.1535,2026-08-09
dp5-95,Metal Energy,normal,Majestic Dawn,95,Uncommon,Takumi Akabane,Special,,Energy,2008/05/01,"tcgplayer,cardmarket",https://prices.pokemontcg.io/tcgplayer/dp5-95,https://images.pokemontcg.io/dp5/95_hires.png,2026/08/08,2026/01/16,0.33,0.3400000035762787,0.6299999952316284,19.979999542236328,,1.75,,,,0.496,0.0461,0.5767,1.3842,0.6344000101089478,0.6344,0.5537,1.7302,2.6184,1.7072,1.1535,2026-08-09
ex11-95,Holon Researcher,normal,Delta Species,95,Uncommon,Kanako Eo,Supporter,,Trainer,2005/10/31,"tcgplayer,cardmarket",https://prices.pokemontcg.io/tcgplayer/ex11-95,https://images.pokemontcg.io/ex11/95_hires.png,2026/08/08,2026/01/16,0.86,0.47999998927116394,0.9900000095367432,19.979999542236328,,14.83,,,,0.3691,0.0231,0.4499,0.0,0.5536999702453613,0.5191,0.5652,20.1863,8.8819,7.0248,1.1535,2026-08-09
dp2-92,Paras,normal,Mysterious Treasures,92,Common,Ken Sugimori,Basic,46,Pokémon,2007/08/01,"tcgplayer,cardmarket",https://prices.pokemontcg.io/tcgplayer/dp2-92,https://images.pokemontcg.io/dp2/92_hires.png,2026/08/08,2026/01/16,0.32,0.14000000059604645,0.30000001192092896,19.979999542236328,,1.96,,,,0.1269,0.0231,0.1384,0.0,0.24220000207424164,0.1961,0.2307,0.5767,1.3842,1.1074,1.1535,2026-08-09
neo1-92,Card-Flip Game,unlimited,Neo Genesis,92,Uncommon,"K. Hoshiba, CR CG gangs",Goldenrod Game Corner,,Trainer,2000/12/16,"tcgplayer,cardmarket",https://prices.pokemontcg.io/tcgplayer/neo1-92,https://images.pokemontcg.io/neo1/92_hires.png,2026/08/08,2026/02/01,1.8,0.550000011920929,1.0,20.90999984741211,,,,,"{""1stEdition"": {""low"": 0.79, ""mid"": 1.59, ""high"": 19.98, ""market"": 2.83, ""directLow"": null}}",1.0497,0.0577,1.0612,0.0,0.28839999437332153,0.7844,1.0266,0.0,0.0,0.0,1.1535,2026-08-09
bw2-90,Bianca,normal,Emerging Powers,90,Uncommon,Yusuke Ohmura,Supporter,,Trainer,2011/08/31,"tcgplayer,cardmarket",https://prices.pokemontcg.io/tcgplayer/bw2-90,https://images.pokemontcg.io/bw2/90_hires.png,2026/08/08,2026/01/16,0.25,0.029999999329447746,0.25,19.979999542236328,,1.82,,,,0.1038,0.0231,0.15,2.0648,0.11540000140666962,0.2076,0.1384,0.7498,1.3265,0.9574,1.1535,2026-08-09
sm11-93,Honedge,normal,Unified Minds,93,Common,Suwama Chiaki,Basic,679,Pokémon,2019/08/02,"tcgplayer,cardmarket",https://prices.pokemontcg.io/tcgplayer/sm11-93,https://images.pokemontcg.io/sm11/93_hires.png,2026/08/08,2026/01/16,0.15,0.029999999329447746,0.20000000298023224,19.979999542236328,,0.33,,,,0.0692,0.0231,0.0923,0.4037,0.04610000178217888,0.1038,0.0692,0.0923,0.323,0.2307,1.1535,2026-08-09
pl2-100,Metal Energy,normal,Rising Rivals,100,Uncommon,Takumi Akabane,Special,,Energy,2009/05/16,"tcgplayer,cardmarket",https://prices.pokemontcg.io/tcgplayer/pl2-100,https://images.pokemontcg.io/pl2/100_hires.png,2026/08/08,2026/01/16,0.37,0.25,0.46000000834465027,19.979999542236328,,1.2,,,,0.2653,0.0231,0.2422,0.0,0.19609999656677246,0.2307,0.2192,0.8651,0.8305,0.9113,1.1535,2026-08-09
sm2-96,Goodra,holofoil,Guardians Rising,96,Rare Holo,Naoki Saito,Stage 2,706,Pokémon,2017/05/05,"tcgplayer,cardmarket",https://prices.pokemontcg.io/tcgplayer/sm2-96,https://images.pokemontcg.io/sm2/96_hires.png,2026/08/08,2025/12/28,0.66,0.23999999463558197,0.6200000047683716,19.979999542236328,,0.67,,,,0.7613,0.0577,0.8997,0.7267,1.153499960899353,0.669,0.6575,0.2307,0.7267,0.7036,1.1535,2026-08-09
dp1-100,Sneasel,normal,Diamond & Pearl,100,Common,Ken Sugimori,Basic,215,Pokémon,2007/05/01,"tcgplayer,cardmarket",https://prices.pokemontcg.io/tcgplayer/dp1-100,https://images.pokemontcg.io/dp1/100_hires.png,2026/08/08,2026/01/16,0.3,0.10000000149011612,0.30000001192092896,19.979999542236328,,3.1,,,,0.2422,0.0231,0.0807,0.4268,0.7498000264167786,0.2076,0.2422,0.2884,0.819,1.4303,1.1535,2026-08-09
ex8-98,Deoxys ex,holofoil,Deoxys,98,Rare Holo EX,Mitsuhiro Arita,Basic|ex,386,Pokémon,2005/02/01,"tcgplayer,cardmarket",https://prices.pokemontcg.io/tcgplayer/ex8-98,https://images.pokemontcg.io/ex8/98_hires.png,2026/08/08,2026/01/19,179.99,300.0,400.0,499.989990234375,,,,,,49.0584,10.9582,41.9874,0.0,43.175498962402344,54.7105,54.8259,57.6635,22.4817,22.2972,1.1535,2026-08-09
bw6-97,Hydreigon,holofoil,Dragons Exalted,97,Rare Holo,5ban Graphics,Stage 2,635,Pokémon,2012/08/15,"tcgplayer,cardmarket",https://prices.pokemontcg.io/tcgplayer/bw6-97,https://images.pokemontcg.io/bw6/97_hires.png,2026/08/08,2026/01/16,4.81,1.4900000095367432,4.710000038146973,25.799999237060547,,3.16,,,,3.4836,0.2307,4.4525,2.8838,1.6495000123977661,3.0568,2.653,2.8838,2.2609,2.2955,1.1535,2026-08-09
ex14-95,Kyogre ex,holofoil,Crystal Guardians,95,Rare Holo EX,Yasuki Watanabe,Basic|ex,382,Pokémon,2006/08/01,"tcgplayer,cardmarket",https://prices.pokemontcg.io/tcgplayer/ex14-95,https://images.pokemontcg.io/ex14/95_hires.png,2026/08/08,2026/01/16,199.5,154.5,349.989990234375,999.989990234375,,,,,,32.7363,11.535,87.7121,0.0,397.9574890136719,76.6847,49.3583,26.519,22.7355,38.3539,1.1535,2026-08-09
g1-RC5,Charizard,holofoil,Generations,RC5,Uncommon,Akira Komayama,Stage 2,6,Pokémon,2016/02/22,"tcgplayer,cardmarket",https://prices.pokemontcg.io/tcgplayer/g1-RC5,https://images.pokemontcg.io/g1/RC5_hires.png,2026/08/08,2026/01/16,60.03,33.9900016784668,62.47999954223633,397.55999755859375,,,,,,22.5855,5.7675,25.3078,20.5323,18.109899520874023,20.3131,21.3282,13.842,20.9245,21.3744,1.1535,2026-08-09
base4-100,Weedle,normal,Base Set 2,100,Common,Mitsuhiro Arita,Basic,13,Pokémon,2000/02/24,"tcgplayer,cardmarket",https://prices.pokemontcg.io/tcgplayer/base4-100,https://images.pokemontcg.io/base4/100_hires.png,2026/08/08,2026/01/16,0.57,0.05000000074505806,0.5,100.0,,,,,,0.173,0.0231,0.4729,0.0,0.8651000261306763,0.4037,0.2422,0.0577,0.0577,0.0577,1.1535,2026-08-09
sm5-97,Gible,normal,Ultra Prism,97,Common,Ken Sugimori,Basic,443,Pokémon,2018/02/02,"tcgplayer,cardmarket",https://prices.pokemontcg.io/tcgplayer/sm5-97,https://images.pokemontcg.io/sm5/97_hires.png,2026/08/08,2026/01/16,0.09,0.009999999776482582,0.20000000298023224,19.979999542236328,,0.42,,,,0.1269,0.0231,0.1038,0.5075,0.23070000112056732,0.0807,0.1038,0.4037,0.496,0.4153,1.1535,2026-08-09
ex2-92,Root Fossil,normal,Sandstorm,92,Common,Ryo Ueda,Item,,Trainer,2003/09/18,"tcgplayer,cardmarket",https://prices.pokemontcg.io/tcgplayer/ex2-92,https://images.pokemontcg.io/ex2/92_hires.png,2026/08/08,2026/02/01,0.41,0.07999999821186066,0.4000000059604645,20.399999618530273,,3.17,,,,0.2076,0.0231,0.2192,2.307,0.15000000596046448,0.173,0.2076,1.1535,1.5803,1.6956,1.1535,2026-08-09
ex9-96,Milotic ex,holofoil,Emerald,96,Rare Holo EX,Ryo Ueda,Stage 1|ex,350,Pokémon,2005/05/01,"tcgplayer,cardmarket",https://prices.pokemontcg.io/tcgplayer/ex9-96,https://images.pokemontcg.io/ex9/96_hires.png,2026/08/08,2026/02/01,479.99,114.95999908447266,114.97000122070312,114.97000122070312,,,,,,122.2479,27.684,97.3669,0.0,51.907501220703125,103.6304,134.0482,14.9955,28.6414,31.6751,1.1535,2026-08-09
sm7-98,Heatran,holofoil,Celestial Storm,98,Rare Holo,Masakazu Fukuda,Basic,485,Pokémon,2018/08/03,"tcgplayer,cardmarket",https://prices.pokemontcg.io/tcgplayer/sm7-98,https://images.pokemontcg.io/sm7/98_hires.png,2026/08/08,2025/12/28,0.55,0.28999999165534973,0.550000011920929,19.979999542236328,,0.66,,,,1.7302,0.1154,1.2689,1.6495,0.9804999828338623,1.3727,1.4303,0.6921,1.661,1.5688,1.1535,2026-08-09
bw9-99,Float Stone,normal,Plasma Freeze,99,Uncommon,5ban Graphics,Pokémon Tool,,Trainer,2013/05/08,"tcgplayer,cardmarket",https://prices.pokemontcg.io/tcgplayer/bw9-99,https://images.pokemontcg.io/bw9/99_hires.png,2026/08/08,2026/01/16,6.58,5.0,6.889999866485596,53.08000183105469,,9.35,,,,7.59,2.307,5.9175,0.0,5.767499923706055,6.425,7.267,9.551,10.0124,8.6397,1.1535,2026-08-09
xy4-93,Dimension Valley,normal,Phantom Forces,93,Uncommon,Ryo Ueda,Stadium,,Trainer,2014/11/05,"tcgplayer,cardmarket",https://prices.pokemontcg.io/tcgplayer/xy4-93,https://images.pokemontcg.io/xy4/93_hires.png,2026/08/08,2026/01/16,1.09,0.25,1.0800000429153442,16.559999465942383,,2.71,,,,1.8917,0.346,1.5918,2.307,1.153499960899353,1.2112,1.7995,2.307,4.0488,3.8412,1.1535,2026-08-09
gym2-103,Erika's Kindness,unlimited,Gym Challenge,103,Rare,Ken Sugimori,,,Trainer,2000/10/16,"tcgplayer,cardmarket",https://prices.pokemontcg.io/tcgplayer/gym2-103,https://images.pokemontcg.io/gym2/103_hires.png,2026/08/08,2026/01/16,27.39,24.989999771118164,35.0,313.1000061035156,,,,,"{""1stEdition"": {""low"": 45.3, ""mid"": 95.0, ""high"": 1999.99, ""market"": 49.63, ""directLow"": 109.95}}",22.9085,1.1535,20.4054,0.0,13.842000007629395,17.4294,19.9671,1.9609,1.9609,1.9609,1.1535,2026-08-09
dp4-92,Volbeat,normal,Great Encounters,92,Common,Ken Sugimori,Basic,313,Pokémon,2008/02/01,"tcgplayer,cardmarket",https://prices.pokemontcg.io/tcgplayer/dp4-92,https://images.pokemontcg.io/dp4/92_hires.png,2026/08/08,2026/01/16,0.39,0.20000000298023224,0.3799999952316284,18.079999923706055,,2.31,,,,0.173,0.0231,0.2422,0.0,0.13840000331401825,0.2192,0.173,1.0958,0.6575,0.7728,1.1535,2026-08-09
xy6-93,Ultra Ball,normal,Roaring Skies,93,Uncommon,5ban Graphics,Item,,Trainer,2015/05/06,"tcgplayer,cardmarket",https://prices.pokemontcg.io/tcgplayer/xy6-93,https://images.pokemontcg.io/xy6/93_hires.png,2026/08/08,2026/01/16,0.28,0.10000000149011612,0.2800000011920929,5.0,,1.65,,,,0.5421,0.0346,0.5306,2.5031,0.3806999921798706,0.5767,0.5421,0.1038,1.5226,1.7533,1.1535,2026-08-09
bw7-102,White Kyurem,normal,Boundaries Crossed,102,Rare,5ban Graphics,Basic,646,Pokémon,2012/11/07,"tcgplayer,cardmarket",https://prices.pokemontcg.io/tcgplayer/bw7-102,https://images.pokemontcg.io/bw7/102_hires.png,2026/08/08,2026/01/15,0.71,0.4000000059604645,0.7200000286102295,19.989999771118164,,1.49,,,,1.811,0.0231,1.661,1.2112,0.34599998593330383,1.0497,1.4649,1.2112,1.6149,2.63,1.1535,2026-08-09
xyp-XY92,Sableye,holofoil,XY Black Star Promos,XY92,Promo,match,Basic,302,Pokémon,2013/10/12,"tcgplayer,cardmarket",https://prices.pokemontcg.io/tcgplayer/xyp-XY92,https://images.pokemontcg.io/xyp/XY92_hires.png,2026/08/08,2026/01/16,31.83,18.979999542236328,28.989999771118164,578.3900146484375,,,,,,8.3283,5.1907,8.6397,0.0,10.369999885559082,10.2546,8.6628,2.0071,2.5031,1.9033,1.1535,2026-08-09
ex7-96,Rocket's Articuno ex,normal,Team Rocket Returns,96,Rare Holo EX,Ryo Ueda,Basic|ex,144,Pokémon,2004/11/01,"tcgplayer,cardmarket",https://prices.pokemontcg.io/tcgplayer/ex7-96,https://images.pokemontcg.io/ex7/96_hires.png,2026/08/08,2026/01/16,,125.0,125.0,125.0,380.0,,,,,103.8035,19.6095,315.8052,0.0,115.3385009765625,232.3841,238.8437,46.14,31.6405,52.7265,1.1535,2026-08-09
xy5-103,Azumarill,normal,Primal Clash,103,Rare,MAHOU,Stage 1,184,Pokémon,2015/02/04,"tcgplayer,cardmarket",https://prices.pokemontcg.io/tcgplayer/xy5-103,https://images.pokemontcg.io/xy5/103_hires.png,2026/08/08,2026/01/15,0.91,0.6200000047683716,0.9399999976158142,18.8799991607666,,2.78,,,,1.0266,0.15,0.7382,0.8305,0.51910001039505,0.8882,0.7613,1.7302,1.1881,1.5457,1.1535,2026-08-09
ex10-99,Cyclone Energy,normal,Unseen Forces,99,Uncommon,Shin-ichi Yoshikawa,Special,,Energy,2005/08/01,"tcgplayer,cardmarket",https://prices.pokemontcg.io/tcgplayer/ex10-99,https://images.pokemontcg.io/ex10/99_hires.png,2026/08/08,2026/01/16,1.21,0.5,1.0,19.979999542236328,,18.64,,,,0.4268,0.0231,0.7728,8.6397,1.038100004196167,0.5421,0.8421,6.8056,8.0514,7.567,1.1535,2026-08-09
hgss4-97,Mew,holofoil,HS—Triumphant,97,Rare Prime,Hideaki Hakozaki,Basic|Prime,151,Pokémon,2010/11/03,"tcgplayer,cardmarket",https://prices.pokemontcg.io/tcgplayer/hgss4-97,https://images.pokemontcg.io/hgss4/97_hires.png,2026/08/08,2026/01/16,350.82,449.989990234375,482.0,1999.0,,,,,,82.5214,6.921,79.2685,0.0,228.01229858398438,80.6527,58.7478,5.3061,16.0337,27.9839,1.1535,2026-08-09
bw3-97,Virizion,holofoil,Noble Victories,97,Rare Ultra,5ban Graphics,Basic,640,Pokémon,2011/11/16,"tcgplayer,cardmarket",https://prices.pokemontcg.io/tcgplayer/bw3-97,https://images.pokemontcg.io/bw3/97_hires.png,2026/08/08,2026/01/16,44.55,34.689998626708984,41.650001525878906,435.3999938964844,,,,,,4.5217,3.9219,17.7408,0.0,6.263500213623047,16.6219,20.8437,7.6016,9.2049,10.7968,1.1535,2026-08-09
xy1-100,Tauros,normal,XY,100,Rare,Midori Harada,Basic,128,Pokémon,2014/02/05,"tcgplayer,cardmarket",https://prices.pokemontcg.io/tcgplayer/xy1-100,https://images.pokemontcg.io/xy1/100_hires.png,2026/08/08,2026/01/16,0.66,0.2199999988079071,0.5299999713897705,19.989999771118164,,0.89,,,,0.6229,0.0577,0.7036,1.4419,0.7035999894142151,0.6114,0.646,1.4419,0.992,1.0035,1.1535,2026-08-09
xy8-95,Bronzor,normal,BREAKthrough,95,Common,Shigenori Negishi,Basic,436,Pokémon,2015/11/04,"tcgplayer,cardmarket",https://prices.pokemontcg.io/tcgplayer/xy8-95,https://images.pokemontcg.io/xy8/95_hires.png,2026/08/08,2026/01/16,0.15,0.029999999329447746,0.20000000298023224,1000.0,,0.41,,,,0.0923,0.0231,0.1154,0.0,0.23070000112056732,0.1154,0.1038,0.5767,0.496,0.4729,1.1535,2026-08-09
ex13-99,Crawdaunt ex,holofoil,Holon Phantoms,99,Rare Holo EX,Ryo Ueda,Stage 1|ex,342,Pokémon,2006/05/01,"tcgplayer,cardmarket",https://prices.pokemontcg.io/tcgplayer/ex13-99,https://images.pokemontcg.io/ex13/99_hires.png,2026/08/08,2026/01/16,59.95,45.54999923706055,349.8999938964844,712.97998046875,,,,,,54.7797,6.8056,35.2164,0.0,69.19850158691406,31.9289,29.841,16.0913,8.7089,11.4312,1.1535,2026-08-09
col1-SL3,Entei,,Call of Legends,SL3,Rare Holo,Yuri Umemura,Basic,244,Pokémon,2011/02/09,cardmarket,https://prices.pokemontcg.io/cardmarket/col1-SL3,https://images.pokemontcg.io/col1/SL3_hires.png,,2026/01/16,,,,,,,,,,155.6648,11.2928,138.3969,0.0,190.32749938964844,142.0189,142.6418,11.5235,87.5968,42.8756,1.1535,2026-08-09
swsh4-95,Lycanroc,normal,Vivid Voltage,95,Rare,Anesaki Dynamic,Stage 1,745,Pokémon,2020/11/13,"tcgplayer,cardmarket",https://prices.pokemontcg.io/tcgplayer/swsh4-95,https://images.pokemontcg.io/swsh4/95_hires.png,2026/08/08,2026/01/16,0.1,0.029999999329447746,0.2199999988079071,2.990000009536743,,0.35,,,,0.1961,0.0231,0.1269,0.669,0.023099999874830246,0.1615,0.173,0.2307,0.6114,0.5652,1.1535,2026-08-09
bwp-BW89,Vaporeon,holofoil,BW Black Star Promos,BW89,Promo,The Pokémon Company Art Team,Stage 1,134,Pokémon,2011/03/01,"tcgplayer,cardmarket",https://prices.pokemontcg.io/tcgplayer/bwp-BW89,https://images.pokemontcg.io/bwp/BW89_hires.png,2026/08/08,2026/01/16,71.96,53.9900016784668,89.0,849.9000244140625,,,,,,7.4747,2.8838,12.7231,0.0,9.227999687194824,9.2857,13.023,3.1721,4.5563,5.2715,1.1535,2026-08-09
base1-101,Psychic Energy,normal,Base,101,,Keiji Kinebuchi,Basic,,Energy,1999/01/09,"tcgplayer,cardmarket",https://prices.pokemontcg.io/tcgplayer/base1-101,https://images.pokemontcg.io/base1/101_hires.png,2026/08/08,2026/01/16,0.47,0.10000000149011612,0.4000000059604645,19.219999313354492,,,,,,0.4268,0.0231,0.323,0.0,0.25380000472068787,0.3576,0.4383,3.4605,2.8838,3.0106,1.1535,2026-08-09
ex3-99,Charmeleon,holofoil,Dragon,99,Rare Secret,Mitsuhiro Arita,Stage 1,5,Pokémon,2003/11/24,"tcgplayer,cardmarket",https://prices.pokemontcg.io/tcgplayer/ex3-99,https://images.pokemontcg.io/ex3/99_hires.png,2026/08/08,2026/01/16,118.18,100.5,135.89999389648438,1387.699951171875,,,,,,53.9377,11.5235,50.2349,0.0,84.20549774169922,50.4772,58.7016,27.684,98.1167,46.9244,1.1535,2026-08-09
dp7-91,Premier Ball,normal,Stormfront,91,Uncommon,Ryo Ueda,Item,,Trainer,2008/11/01,"tcgplayer,cardmarket",https://prices.pokemontcg.io/tcgplayer/dp7-91,https://images.pokemontcg.io/dp7/91_hires.png,2026/08/08,2026/01/16,0.97,0.699999988079071,1.0199999809265137,19.979999542236328,,8.32,,,,0.323,0.0577,0.3691,0.8651,0.5651999711990356,0.4268,0.5306,0.8651,1.1189,1.5688,1.1535,2026-08-09
ex5-91,Magnetic Storm,normal,Hidden Legends,91,Uncommon,Shin-ichi Yoshikawa,Stadium,,Trainer,2004/06/01,"tcgplayer,cardmarket",https://prices.pokemontcg.io/tcgplayer/ex5-91,https://images.pokemontcg.io/ex5/91_hires.png,2026/08/08,2026/02/01,0.53,0.18000000715255737,0.550000011920929,20.549999237060547,,3.36,,,,1.0497,0.0231,1.0035,0.0,3.4605000019073486,1.2919,1.1535,2.8838,3.1029,3.3682,1.1535,2026-08-09
gym1-105,Blaine's Last Resort,unlimited,Gym Heroes,105,Uncommon,Ken Sugimori,,,Trainer,2000/08/14,"tcgplayer,cardmarket",https://prices.pokemontcg.io/tcgplayer/gym1-105,https://images.pokemontcg.io/gym1/105_hires.png,2026/08/08,2026/01/16,1.59,0.4000000059604645,1.350000023841858,4.989999771118164,,,,,"{""1stEdition"": {""low"": 1.39, ""mid"": 1.96, ""high"": 25.1, ""market"": 1.99, ""directLow"": null}}",2.6992,0.346,1.9956,0.0,2.595400094985962,2.8838,2.2147,0.4037,1.4303,1.4303,1.1535,2026-08-09
smp-SM96,Heatran,holofoil,SM Black Star Promos,SM96,Promo,tetsuya koizumi,Basic,485,Pokémon,2017/02/03,"tcgplayer,cardmarket",https://prices.pokemontcg.io/tcgplayer/smp-SM96,https://images.pokemontcg.io/smp/SM96_hires.png,2026/08/08,2026/01/16,3.32,2.509999990463257,5.119999885559082,36.5,,,,,,6.598,2.2955,7.3132,0.0,4.613999843597412,7.1748,6.102,1.1535,2.5954,3.2298,1.1535,2026-08-09
bw8-94,Druddigon,normal,Plasma Storm,94,Rare,5ban Graphics,Basic|Team Plasma,621,Pokémon,2013/02/06,"tcgplayer,cardmarket",https://prices.pokemontcg.io/tcgplayer/bw8-94,https://images.pokemontcg.io/bw8/94_hires.png,2026/08/08,2026/01/16,1.0,0.550000011920929,1.0,19.979999542236328,,2.52,,,,0.9343,0.0231,1.0728,2.307,1.3726999759674072,1.0381,1.1881,2.7569,2.134,1.8917,1.1535,2026-08-09
bw5-92,Dark Claw,normal,Dark Explorers,92,Uncommon,5ban Graphics,Pokémon Tool,,Trainer,2012/05/09,"tcgplayer,cardmarket",https://prices.pokemontcg.io/tcgplayer/bw5-92,https://images.pokemontcg.io/bw5/92_hires.png,2026/08/08,2026/01/16,3.38,1.5,3.130000114440918,5.75,,8.28,,,,0.6921,0.0231,0.6229,0.8305,2.0185999870300293,0.9689,0.9574,0.9805,1.8341,1.6956,1.1535,2026-08-09
neo4-98,Energy Amplifier,unlimited,Neo Destiny,98,Uncommon,"""Big Mama"" Tagawa, CR CG gangs",,,Trainer,2002/02/28,"tcgplayer,cardmarket",https://prices.pokemontcg.io/tcgplayer/neo4-98,https://images.pokemontcg.io/neo4/98_hires.png,2026/08/08,2026/01/16,0.98,0.4000000059604645,0.9900000095367432,19.979999542236328,,,,,"{""1stEdition"": {""low"": 0.73, ""mid"": 2.39, ""high"": 30.6, ""market"": 2.39, ""directLow"": null}}",0.9689,0.0231,0.9805,0.0,0.57669997215271,1.142,1.0958,0.2884,0.2884,0.2884,1.1535,2026-08-09
pl2-101,SP Energy,normal,Rising Rivals,101,Uncommon,Kent Kanetsuna,Special,,Energy,2009/05/16,"tcgplayer,cardmarket",https://prices.pokemontcg.io/tcgplayer/pl2-101,https://images.pokemontcg.io/pl2/101_hires.png,2026/08/08,2026/01/16,0.41,0.20000000298023224,0.38999998569488525,2.490000009536743,,0.69,,,,0.2422,0.0231,0.2076,0.7613,0.05770000070333481,0.2884,0.2307,0.7844,0.7959,1.0266,1.1535,2026-08-09
bw3-98,Victini,holofoil,Noble Victories,98,Rare Ultra,5ban Graphics,Basic,494,Pokémon,2011/11/16,"tcgplayer,cardmarket",https://prices.pokemontcg.io/tcgplayer/bw3-98,https://images.pokemontcg.io/bw3/98_hires.png,2026/08/08,2026/01/16,190.78,122.04000091552734,153.6999969482422,250.0,,,,,,80.745,9.228,54.0069,0.0,63.442501068115234,43.9714,44.5251,5.7675,9.228,9.6087,1.1535,2026-08-09
sm2-97,Drampa,holofoil,Guardians Rising,97,Rare Holo,match,Basic,780,Pokémon,2017/05/05,"tcgplayer,cardmarket",https://prices.pokemontcg.io/tcgplayer/sm2-97,https://images.pokemontcg.io/sm2/97_hires.png,2026/08/08,2025/12/28,0.52,0.23000000417232513,0.5099999904632568,19.260000228881836,,0.47,,,,0.9113,0.0577,0.5652,0.3807,0.5651999711990356,0.8305,0.6575,1.142,0.4268,0.5652,1.1535,2026-08-09
sm1-99,Kangaskhan,holofoil,Sun & Moon,99,Rare Holo,TOKIYA,Basic,115,Pokémon,2017/02/03,"tcgplayer,cardmarket",https://prices.pokemontcg.io/tcgplayer/sm1-99,https://images.pokemontcg.io/sm1/99_hires.png,2026/08/08,2026/01/16,0.45,0.2199999988079071,0.46000000834465027,2.4700000286102295,,0.45,,,,0.4729,0.0577,0.3922,0.5998,0.57669997215271,0.4268,0.4614,0.6344,0.6114,0.5767,1.1535,2026-08-09
sm9-102,Ferroseed,normal,Team Up,102,Common,Shigenori Negishi,Basic,597,Pokémon,2019/02/01,"tcgplayer,cardmarket",https://prices.pokemontcg.io/tcgplayer/sm9-102,https://images.pokemontcg.io/sm9/102_hires.png,2026/08/08,2026/01/16,0.13,0.029999999329447746,0.20000000298023224,19.979999542236328,,0.38,,,,0.0577,0.0231,0.0577,0.1154,0.05770000070333481,0.0461,0.0577,0.173,0.323,0.323,1.1535,2026-08-09
g1-RC6,Flareon-EX,holofoil,Generations,RC6,Rare Holo EX,Atsuko Nishida,Basic|EX,136,Pokémon,2016/02/22,"tcgplayer,cardmarket",https://prices.pokemontcg.io/tcgplayer/g1-RC6,https://images.pokemontcg.io/g1/RC6_hires.png,2026/08/08,2026/01/16,86.27,60.0,90.06999969482422,140.4499969482422,,,,,,37.8809,11.535,37.904,0.0,57.67499923706055,43.833,35.2394,9.228,10.889,10.7852,1.1535,2026-08-09
gym1-106,Brock's Training Method,unlimited,Gym Heroes,106,Uncommon,Ken Sugimori,,,Trainer,2000/08/14,"tcgplayer,cardmarket",https://prices.pokemontcg.io/tcgplayer/gym1-106,https://images.pokemontcg.io/gym1/106_hires.png,2026/08/08,2026/01/16,1.07,0.3499999940395355,0.9399999976158142,5.0,,,,,"{""1stEdition"": {""low"": 1.28, ""mid"": 3.23, ""high"": 40.1, ""market"": 3.42, ""directLow"": null}}",2.3301,0.0577,1.7072,0.0,0.34599998593330383,1.4534,1.7533,3.4605,3.4605,3.4605,1.1535,2026-08-09
xy5-104,Azumarill,holofoil,Primal Clash,104,Rare Holo,5ban Graphics,Stage 1,184,Pokémon,2015/02/04,"tcgplayer,cardmarket",https://prices.pokemontcg.io/tcgplayer/xy5-104,https://images.pokemontcg.io/xy5/104_hires.png,2026/08/08,2025/12/07,13.63,7.309999942779541,14.829999923706055,103.87999725341797,,9.88,,,,5.6291,3.4605,8.5128,7.6823,12.111700057983398,6.7134,7.3824,5.7675,5.7444,6.7941,1.1535,2026-08-09
swsh2-97,Meditite,normal,Rebel Clash,97,Common,Yukiko Baba,Basic,307,Pokémon,2020/05/01,"tcgplayer,cardmarket",https://prices.pokemontcg.io/tcgplayer/swsh2-97,https://images.pokemontcg.io/swsh2/97_hires.png,2026/08/08,2026/01/16,0.08,0.009999999776482582,0.15000000596046448,18.540000915527344,,0.31,,,,0.0692,0.0231,0.0461,0.3114,0.03460000082850456,0.0461,0.0461,0.5652,0.1846,0.2538,1.1535,2026-08-09
xy6-94,Wally,normal,Roaring Skies,94,Uncommon,Megumi Mizutani,Supporter,,Trainer,2015/05/06,"tcgplayer,cardmarket",https://prices.pokemontcg.io/tcgplayer/xy6-94,https://images.pokemontcg.io/xy6/94_hires.png,2026/08/08,2026/01/16,0.29,0.05000000074505806,0.25,5.0,,0.54,,,,0.1384,0.0231,0.1615,1.4419,0.023099999874830246,0.1269,0.1615,1.1535,0.9113,0.8767,1.1535,2026-08-09
dp5-96,Recover Energy,normal,Majestic Dawn,96,Uncommon,Takumi Akabane,Special,,Energy,2008/05/01,"tcgplayer,cardmarket",https://prices.pokemontcg.io/tcgplayer/dp5-96,https://images.pokemontcg.io/dp5/96_hires.png,2026/08/08,2026/01/16,0.53,0.3499999940395355,0.6299999952316284,19.979999542236328,,0.25,,,,0.5767,0.0577,0.646,1.2919,1.153499960899353,0.669,0.4037,1.1535,1.7072,1.315,1.1535,2026-08-09
ex11-96,Holon Ruins,normal,Delta Species,96,Uncommon,Ryo Ueda,Stadium,,Trainer,2005/10/31,"tcgplayer,cardmarket",https://prices.pokemontcg.io/tcgplayer/ex11-96,https://images.pokemontcg.io/ex11/96_hires.png,2026/08/08,2026/01/16,1.48,0.699999988079071,1.600000023841858,19.979999542236328,,6.16,,,,2.134,0.346,2.1224,0.0,4.037300109863281,2.5146,2.1224,28.8375,11.039,6.9671,1.1535,2026-08-09
sm11-94,Doublade,normal,Unified Minds,94,Uncommon,Akira Komayama,Stage 1,680,Pokémon,2019/08/02,"tcgplayer,cardmarket",https://prices.pokemontcg.io/tcgplayer/sm11-94,https://images.pokemontcg.io/sm11/94_hires.png,2026/08/08,2026/01/16,0.2,0.009999999776482582,0.20999999344348907,2.990000009536743,,0.54,,,,0.1846,0.0231,0.2999,0.5537,0.1615000069141388,0.3114,0.1846,0.2307,0.4499,0.4614,1.1535,2026-08-09
sm9-103,Ferrothorn,normal,Team Up,103,Rare,Hasuno,Stage 1,598,Pokémon,2019/02/01,"tcgplayer,cardmarket",https://prices.pokemontcg.io/tcgplayer/sm9-103,https://images.pokemontcg.io/sm9/103_hires.png,2026/08/08,2025/12/07,0.26,0.15000000596046448,0.30000001192092896,19.979999542236328,,0.3,,,,0.3691,0.0923,0.4153,0.6114,0.4499000012874603,0.323,0.3807,0.5652,0.496,0.4845,1.1535,2026-08-09
dp5-97,Garchomp LV.X,holofoil,Majestic Dawn,97,Rare Holo LV.X,Ryo Ueda,Level-Up,445,Pokémon,2008/05/01,"tcgplayer,cardmarket",https://prices.pokemontcg.io/tcgplayer/dp5-97,https://images.pokemontcg.io/dp5/97_hires.png,2026/08/08,2026/01/16,193.5,289.989990234375,319.989990234375,349.989990234375,,,,,,41.0415,12.6885,47.6742,0.0,34.60499954223633,53.0495,60.328,28.8375,25.7807,21.8358,1.1535,2026-08-09
sm2-98,Jangmo-o,normal,Guardians Rising,98,Common,match,Basic,782,Pokémon,2017/05/05,"tcgplayer,cardmarket",https://prices.pokemontcg.io/tcgplayer/sm2-98,https://images.pokemontcg.io/sm2/98_hires.png,2026/08/08,2025/12/28,0.23,0.07000000029802322,0.23000000417232513,4.0,,0.36,,,,0.1038,0.0231,0.1384,0.2307,0.11540000140666962,0.1038,0.0923,0.173,0.2422,0.2076,1.1535,2026-08-09
xy5-105,Gardevoir-EX,holofoil,Primal Clash,105,Rare Holo EX,Eske Yoshinob,Basic|EX,282,Pokémon,2015/02/04,"tcgplayer,cardmarket",https://prices.pokemontcg.io/tcgplayer/xy5-105,https://images.pokemontcg.io/xy5/105_hires.png,2026/08/08,2025/12/07,8.61,5.400000095367432,8.979999542236328,103.0,,,,,,8.2937,1.488,7.3709,0.0,4.602499961853027,7.7746,8.5359,8.063,3.8642,3.1606,1.1535,2026-08-09
ecard1-91,Quilava,normal,Expedition Base Set,91,Uncommon,Asuka Iwashita,Stage 1,156,Pokémon,2002/09/15,"tcgplayer,cardmarket",https://prices.pokemontcg.io/tcgplayer/ecard1-91,https://images.pokemontcg.io/ecard1/91_hires.png,2026/08/08,2026/02/01,9.87,7.639999866485596,19.950000762939453,182.89999389648438,,58.33,,,,3.0798,0.5537,3.1952,4.1872,8.062999725341797,3.1029,2.9645,14.9955,8.1437,11.039,1.1535,2026-08-09
sm6-92,Goomy,normal,Forbidden Light,92,Common,Ken Sugimori,Basic,704,Pokémon,2018/05/04,"tcgplayer,cardmarket",https://prices.pokemontcg.io/tcgplayer/sm6-92,https://images.pokemontcg.io/sm6/92_hires.png,2026/08/08,2026/01/16,0.25,0.05000000074505806,0.25,19.979999542236328,,0.55,,,,0.0923,0.0231,0.15,0.3691,0.023099999874830246,0.0807,0.1038,0.2884,0.2884,0.3576,1.1535,2026-08-09
dp3-106,Shellos East Sea,normal,Secret Wonders,106,Common,Ken Sugimori,Basic,422,Pokémon,2007/11/01,"tcgplayer,cardmarket",https://prices.pokemontcg.io/tcgplayer/dp3-106,https://images.pokemontcg.io/dp3/106_hires.png,2026/08/08,2026/01/16,0.48,0.25,0.47999998927116394,19.979999542236328,,9.32,,,,0.15,0.0231,0.2538,0.0,0.34599998593330383,0.2538,0.3691,2.2955,4.3256,2.8607,1.1535,2026-08-09
ex13-100,Mew ex,holofoil,Holon Phantoms,100,Rare Holo EX,Ryo Ueda,Basic|ex,151,Pokémon,2006/05/01,"tcgplayer,cardmarket",https://prices.pokemontcg.io/tcgplayer/ex13-100,https://images.pokemontcg.io/ex13/100_hires.png,2026/08/08,2026/01/16,525.31,119.9000015258789,120.22000122070312,428.9599914550781,,,,,,86.9624,18.456,149.1706,0.0,89.9729995727539,76.2579,156.207,34.605,25.873,35.8623,1.1535,2026-08-09
sm4-89,Type: Null,holofoil,Crimson Invasion,89,Rare Holo,Hitoshi Ariga,Basic,772,Pokémon,2017/11/03,"tcgplayer,cardmarket",https://prices.pokemontcg.io/tcgplayer/sm4-89,https://images.pokemontcg.io/sm4/89_hires.png,2026/08/08,2026/01/16,0.67,0.25,0.7099999785423279,19.979999542236328,,0.98,,,,0.5883,0.1038,0.5075,0.9459,0.6920999884605408,0.6229,0.6229,0.346,1.0151,0.7959,1.1535,2026-08-09
xy6-95,Wide Lens,normal,Roaring Skies,95,Uncommon,Toyste Beach,Pokémon Tool,,Trainer,2015/05/06,"tcgplayer,cardmarket",https://prices.pokemontcg.io/tcgplayer/xy6-95,https://images.pokemontcg.io/xy6/95_hires.png,2026/08/08,2026/01/16,0.18,0.029999999329447746,0.20000000298023224,19.979999542236328,,0.54,,,,0.1038,0.0231,0.0923,0.8651,0.09229999780654907,0.1269,0.15,0.8651,0.669,0.7036,1.1535,2026-08-09
sm7-99,Solgaleo,holofoil,Celestial Storm,99,Rare Holo,5ban Graphics,Stage 2,791,Pokémon,2018/08/03,"tcgplayer,cardmarket",https://prices.pokemontcg.io/tcgplayer/sm7-99,https://images.pokemontcg.io/sm7/99_hires.png,2026/08/08,2025/12/28,1.27,0.949999988079071,1.2599999904632568,2.5,,1.78,,,,1.4073,0.5767,1.8341,2.307,1.153499960899353,1.7533,2.0417,2.307,1.8456,2.3301,1.1535,2026-08-09
sm8-96,Sableye,normal,Lost Thunder,96,Uncommon,Miki Tanaka,Basic,302,Pokémon,2018/11/02,"tcgplayer,cardmarket",https://prices.pokemontcg.io/tcgplayer/sm8-96,https://images.pokemontcg.io/sm8/96_hires.png,2026/08/08,2025/12/28,0.34,0.11999999731779099,0.3400000035762787,19.979999542236328,,0.62,,,,0.1615,0.0231,0.1384,0.173,0.10379999876022339,0.1154,0.1384,0.2538,0.3345,0.4268,1.1535,2026-08-09
dp2-93,Pichu,normal,Mysterious Treasures,93,Common,Yuka Morii,Basic,172,Pokémon,2007/08/01,"tcgplayer,cardmarket",https://prices.pokemontcg.io/tcgplayer/dp2-93,https://images.pokemontcg.io/dp2/93_hires.png,2026/08/08,2026/01/16,17.04,5.599999904632568,12.140000343322754,130.0,,43.6,,,,2.1916,0.0577,1.9609,3.5989,1.4419000148773193,1.8225,2.134,1.4419,17.7178,7.59,1.1535,2026-08-09
bw8-95,Black Kyurem-EX,holofoil,Plasma Storm,95,Rare Holo EX,Shizurow,Basic|EX,646,Pokémon,2013/02/06,"tcgplayer,cardmarket",https://prices.pokemontcg.io/tcgplayer/bw8-95,https://images.pokemontcg.io/bw8/95_hires.png,2026/08/08,2026/01/16,5.17,3.299999952316284,5.110000133514404,46.099998474121094,,,,,,7.6477,1.1535,7.9707,0.0,6.921000003814697,8.3975,6.9325,4.4986,4.8216,3.2067,1.1535,2026-08-09
xy1-101,Dunsparce,normal,XY,101,Uncommon,Naoyo Kimura,Basic,206,Pokémon,2014/02/05,"tcgplayer,cardmarket",https://prices.pokemontcg.io/tcgplayer/xy1-101,https://images.pokemontcg.io/xy1/101_hires.png,2026/08/08,2026/01/16,0.22,0.05000000074505806,0.23999999463558197,1000.0,,0.81,,,,0.1154,0.0231,0.1154,0.6575,0.1615000069141388,0.1384,0.1269,0.4037,0.5191,0.5191,1.1535,2026-08-09
ex16-92,Absol ex,holofoil,Power Keepers,92,Rare Holo EX,Ryo Ueda,Basic|ex,359,Pokémon,2007/02/02,"tcgplayer,cardmarket",https://prices.pokemontcg.io/tcgplayer/ex16-92,https://images.pokemontcg.io/ex16/92_hires.png,2026/08/08,2026/01/16,230.48,199.88999938964844,199.89999389648438,399.989990234375,,,,,,52.738,9.228,47.5357,0.0,23.06999969482422,47.3512,35.1587,21.905,24.1658,24.3735,1.1535,2026-08-09
swsh4-96,Mudbray,normal,Vivid Voltage,96,Common,Naoyo Kimura,Basic,749,Pokémon,2020/11/13,"tcgplayer,cardmarket",https://prices.pokemontcg.io/tcgplayer/swsh4-96,https://images.pokemontcg.io/swsh4/96_hires.png,2026/08/08,2026/01/16,0.03,0.009999999776482582,0.15000000596046448,25.040000915527344,,0.07,,,,0.0346,0.0231,0.0461,0.2884,0.04610000178217888,0.0461,0.0346,0.1154,0.1961,0.2768,1.1535,2026-08-09
ex3-100,Charizard,holofoil,Dragon,100,Rare Secret,Mitsuhiro Arita,Stage 2,6,Pokémon,2003/11/24,"tcgplayer,cardmarket",https://prices.pokemontcg.io/tcgplayer/ex3-100,https://images.pokemontcg.io/ex3/100_hires.png,2026/08/08,2026/01/16,739.97,600.0,650.0,700.0,,,,,,282.6075,69.21,243.3078,0.0,63.442501068115234,266.9545,210.5484,167.2575,70.0636,126.1929,1.1535,2026-08-09
xy9-90,Dunsparce,normal,BREAKpoint,90,Uncommon,Akira Komayama,Basic,206,Pokémon,2016/02/03,"tcgplayer,cardmarket",https://prices.pokemontcg.io/tcgplayer/xy9-90,https://images.pokemontcg.io/xy9/90_hires.png,2026/08/08,2026/01/16,0.19,0.05000000074505806,0.23999999463558197,19.979999542236328,,0.41,,,,0.1615,0.0231,0.1846,0.5075,0.10379999876022339,0.1846,0.173,0.3345,0.5421,0.5191,1.1535,2026-08-09
gym1-107,Celadon City Gym,unlimited,Gym Heroes,107,Uncommon,Keiji Kinebuchi,Stadium,,Trainer,2000/08/14,"tcgplayer,cardmarket",https://prices.pokemontcg.io/tcgplayer/gym1-107,https://images.pokemontcg.io/gym1/107_hires.png,2026/08/08,2026/01/16,1.04,0.3499999940395355,0.8999999761581421,89.9000015258789,,,,,"{""1stEdition"": {""low"": 1.3, ""mid"": 2.12, ""high"": 28.1, ""market"": 2.13, ""directLow"": null}}",1.9609,0.173,1.6495,0.0,1.857100009918213,1.4419,1.5226,0.0,0.0,0.0,1.1535,2026-08-09
col1-SL4,Groudon,,Call of Legends,SL4,Rare Holo,Yuri Umemura,Basic,383,Pokémon,2011/02/09,cardmarket,https://prices.pokemontcg.io/cardmarket/col1-SL4,https://images.pokemontcg.io/col1/SL4_hires.png,,2026/01/16,,,,,,,,,,130.3109,32.1826,150.8432,0.0,20.705299377441406,165.0774,164.466,13.842,83.9171,46.9475,1.1535,2026-08-09
bw1-98,Pokédex,normal,Black & White,98,Uncommon,Noriko Hotta,Item,,Trainer,2011/04/25,"tcgplayer,cardmarket",https://prices.pokemontcg.io/tcgplayer/bw1-98,https://images.pokemontcg.io/bw1/98_hires.png,2026/08/08,2026/01/16,0.25,0.07000000029802322,0.28999999165534973,19.979999542236328,,0.8,,,,0.3922,0.0231,0.4614,0.6114,0.28839999437332153,0.5537,0.323,0.9805,0.3807,0.5421,1.1535,2026-08-09
neo1-93,Gold Berry,unlimited,Neo Genesis,93,Uncommon,"Ryuta Kusumi, CR CG gangs",Pokémon Tool,,Trainer,2000/12/16,"tcgplayer,cardmarket",https://prices.pokemontcg.io/tcgplayer/neo1-93,https://images.pokemontcg.io/neo1/93_hires.png,2026/08/08,2026/02/01,3.08,1.3799999952316284,2.9800000190734863,96.93000030517578,,,,,"{""1stEdition"": {""low"": 2.7, ""mid"": 4.0, ""high"": 40.1, ""market"": 3.65, ""directLow"": null}}",1.6726,0.0577,1.5803,0.0,2.7569000720977783,1.5226,1.6149,0.5767,0.5767,0.5767,1.1535,2026-08-09
bw6-98,Hydreigon,normal,Dragons Exalted,98,Rare,Naoki Saito,Stage 2,635,Pokémon,2012/08/15,"tcgplayer,cardmarket",https://prices.pokemontcg.io/tcgplayer/bw6-98,https://images.pokemontcg.io/bw6/98_hires.png,2026/08/08,2026/01/16,0.84,0.30000001192092896,0.7599999904632568,19.979999542236328,,3.29,,,,1.1189,0.0231,0.819,0.0,0.6575000286102295,1.0843,0.8882,1.4419,1.4649,1.4995,1.1535,2026-08-09
ex9-97,Raichu ex,holofoil,Emerald,97,Rare Holo EX,Mitsuhiro Arita,Stage 1|ex,26,Pokémon,2005/05/01,"tcgplayer,cardmarket",https://prices.pokemontcg.io/tcgplayer/ex9-97,https://images.pokemontcg.io/ex9/97_hires.png,2026/08/08,2026/01/16,130.0,90.0,138.10000610351562,299.989990234375,,,,,,81.391,13.8305,73.9047,0.0,120.92140197753906,69.6599,59.3937,6.8633,19.7248,19.6556,1.1535,2026-08-09
xyp-XY93,Celebi,holofoil,XY Black Star Promos,XY93,Promo,Shin Nagasawa,Basic,251,Pokémon,2013/10/12,"tcgplayer,cardmarket",https://prices.pokemontcg.io/tcgplayer/xyp-XY93,https://images.pokemontcg.io/xyp/XY93_hires.png,2026/08/08,2026/01/16,22.19,10.890000343322754,21.950000762939453,142.61000061035156,,,,,,12.5039,4.0257,14.2573,0.0,11.53499984741211,12.2732,10.9352,10.9467,8.3283,3.9565,1.1535,2026-08-09
bw5-93,Dark Patch,normal,Dark Explorers,93,Uncommon,5ban Graphics,Item,,Trainer,2012/05/09,"tcgplayer,cardmarket",https://prices.pokemontcg.io/tcgplayer/bw5-93,https://images.pokemontcg.io/bw5/93_hires.png,2026/08/08,2026/01/16,1.93,0.699999988079071,1.9299999475479126,14.390000343322754,,5.15,,,,1.0151,0.1038,1.1074,0.0,0.8996999859809875,1.0266,1.2112,4.4871,4.7063,4.3026,1.1535,2026-08-09
ex2-93,Multi Energy,normal,Sandstorm,93,Rare,Takumi Akabane,Special,,Energy,2003/09/18,"tcgplayer,cardmarket",https://prices.pokemontcg.io/tcgplayer/ex2-93,https://images.pokemontcg.io/ex2/93_hires.png,2026/08/08,2026/02/01,1.3,0.75,1.1699999570846558,19.979999542236328,,5.19,,,,0.0,17.2448,24.2812,0.0,17.302499771118164,24.212,20.3708,9.228,9.228,9.228,1.1535,2026-08-09
dp6-99,Hitmonchan,normal,Legends Awakened,99,Common,Ken Sugimori,Basic,107,Pokémon,2008/08/01,"tcgplayer,cardmarket",https://prices.pokemontcg.io/tcgplayer/dp6-99,https://images.pokemontcg.io/dp6/99_hires.png,2026/08/08,2026/01/16,1.03,0.2800000011920929,0.9900000095367432,19.979999542236328,,5.75,,,,0.5998,0.0346,0.5537,2.8838,0.10379999876022339,0.3345,0.4845,2.8838,3.5643,2.6761,1.1535,2026-08-09
pl4-AR1,Arceus,holofoil,Arceus,AR1,Rare,kawayoo,Basic,493,Pokémon,2009/11/04,"tcgplayer,cardmarket",https://prices.pokemontcg.io/tcgplayer/pl4-AR1,https://images.pokemontcg.io/pl4/AR1_hires.png,2026/08/08,2025/12/28,63.28,35.91999816894531,56.0,495.3999938964844,,,,,,11.385,1.7302,10.4392,23.07,3.4605000019073486,9.6202,11.535,23.07,7.8207,6.598,1.1535,2026-08-09
base4-101,Computer Search,normal,Base Set 2,101,Rare,Keiji Kinebuchi,,,Trainer,2000/02/24,"tcgplayer,cardmarket",https://prices.pokemontcg.io/tcgplayer/base4-101,https://images.pokemontcg.io/base4/101_hires.png,2026/08/08,2026/01/16,2.86,0.75,2.2200000286102295,31.8799991607666,,,,,,3.8642,0.8074,2.6184,0.0,2.2955000400543213,2.6184,3.0222,1.2689,1.2689,1.2689,1.1535,2026-08-09
ex10-100,Warp Energy,normal,Unseen Forces,100,Uncommon,Shin-ichi Yoshikawa,Special,,Energy,2005/08/01,"tcgplayer,cardmarket",https://prices.pokemontcg.io/tcgplayer/ex10-100,https://images.pokemontcg.io/ex10/100_hires.png,2026/08/08,2026/01/16,1.53,0.8500000238418579,2.799999952316284,19.979999542236328,,8.5,,,,0.9805,0.0577,0.7498,10.9582,0.51910001039505,0.8651,0.8767,16.149,8.9396,5.8252,1.1535,2026-08-09
ex7-97,Rocket's Entei ex,normal,Team Rocket Returns,97,Rare Holo EX,Ryo Ueda,Basic|ex,244,Pokémon,2004/11/01,"tcgplayer,cardmarket",https://prices.pokemontcg.io/tcgplayer/ex7-97,https://images.pokemontcg.io/ex7/97_hires.png,2026/08/08,2026/01/16,,500.0,900.0,1299.989990234375,305.9,,,,,276.84,32.298,243.2962,0.0,276.8399963378906,211.7365,166.1732,115.35,39.542,57.1675,1.1535,2026-08-09
g1-RC7,Snorunt,normal,Generations,RC7,Common,MAHOU,Basic,361,Pokémon,2016/02/22,"tcgplayer,cardmarket",https://prices.pokemontcg.io/tcgplayer/g1-RC7,https://images.pokemontcg.io/g1/RC7_hires.png,2026/08/08,2026/01/16,8.53,5.739999771118164,8.6899995803833,102.5,,,,,,3.2183,0.1154,2.9299,0.0,4.902400016784668,3.5758,2.8145,0.346,1.3035,0.7036,1.1535,2026-08-09
sm3-96,Ribombee,normal,Burning Shadows,96,Uncommon,Megumi Mizutani,Stage 1,743,Pokémon,2017/08/05,"tcgplayer,cardmarket",https://prices.pokemontcg.io/tcgplayer/sm3-96,https://images.pokemontcg.io/sm3/96_hires.png,2026/08/08,2025/12/28,0.32,0.10000000149011612,0.3199999928474426,19.979999542236328,,0.54,,,,0.1038,0.0231,0.1269,0.2999,0.04610000178217888,0.1154,0.1269,0.346,0.3114,0.2999,1.1535,2026-08-09
bw2-91,Cheren,normal,Emerging Powers,91,Uncommon,Yusuke Ohmura,Supporter,,Trainer,2011/08/31,"tcgplayer,cardmarket",https://prices.pokemontcg.io/tcgplayer/bw2-91,https://images.pokemontcg.io/bw2/91_hires.png,2026/08/08,2026/01/16,0.19,0.009999999776482582,0.20000000298023224,19.979999542236328,,1.54,,,,0.0923,0.0231,0.1384,0.346,0.28839999437332153,0.15,0.0923,1.7302,1.4419,1.0266,1.1535,2026-08-09
base6-95,Squirtle,normal,Legendary Collection,95,Common,Mitsuhiro Arita,Basic,7,Pokémon,2002/05/24,"tcgplayer,cardmarket",https://prices.pokemontcg.io/tcgplayer/base6-95,https://images.pokemontcg.io/base6/95_hires.png,2026/08/08,2026/02/01,4.27,0.699999988079071,2.0,96.22000122070312,,550.0,,,,4.9831,0.1154,3.449,201.8625,10.785200119018555,3.1721,3.2298,206.4765,239.0975,135.1671,1.1535,2026-08-09
xy4-94,Enhanced Hammer,normal,Phantom Forces,94,Uncommon,Ryo Ueda,Item,,Trainer,2014/11/05,"tcgplayer,cardmarket",https://prices.pokemontcg.io/tcgplayer/xy4-94,https://images.pokemontcg.io/xy4/94_hires.png,2026/08/08,2026/01/16,0.26,0.10000000149011612,0.27000001072883606,19.979999542236328,,0.84,,,,0.3691,0.0231,0.3922,0.6344,0.6229000091552734,0.3691,0.2653,0.3922,0.8767,0.8767,1.1535,2026-08-09
ecard3-67,Igglybuff,normal,Skyridge,67,Common,Keiko Fukuyama,Baby,174,Pokémon,2003/05/12,"tcgplayer,cardmarket",https://prices.pokemontcg.io/tcgplayer/ecard3-67,https://images.pokemontcg.io/ecard3/67_hires.png,2026/08/08,2026/01/16,42.16,100.0,125.0,319.79998779296875,,,,,,7.6823,2.8838,7.3939,31.7212,11.523500442504883,8.4552,8.6397,31.7212,20.6015,14.7417,1.1535,2026-08-09
ex6-98,Prof. Oak's Research,normal,FireRed & LeafGreen,98,Uncommon,Ken Sugimori,Supporter,,Trainer,2004/09/01,"tcgplayer,cardmarket",https://prices.pokemontcg.io/tcgplayer/ex6-98,https://images.pokemontcg.io/ex6/98_hires.png,2026/08/08,2026/01/16,1.14,0.7699999809265137,1.1299999952316284,21.479999542236328,,4.64,,,,0.0,126.8735,92.28,0.0,92.27999877929688,92.28,92.28,0.0,0.0,0.0,1.1535,2026-08-09
dp1-101,Starly,normal,Diamond & Pearl,101,Common,Ken Sugimori,Basic,396,Pokémon,2007/05/01,"tcgplayer,cardmarket",https://prices.pokemontcg.io/tcgplayer/dp1-101,https://images.pokemontcg.io/dp1/101_hires.png,2026/08/08,2026/01/16,0.3,0.03999999910593033,0.28999999165534973,19.979999542236328,,2.59,,,,0.1961,0.0231,0.2999,1.5226,0.8651000261306763,0.1961,0.2076,0.2307,1.2804,0.8421,1.1535,2026-08-09
ex1-88,PokéNav,normal,Ruby & Sapphire,88,Uncommon,Katsura Tabata,Item,,Trainer,2003/07/01,"tcgplayer,cardmarket",https://prices.pokemontcg.io/tcgplayer/ex1-88,https://images.pokemontcg.io/ex1/88_hires.png,2026/08/08,2026/02/01,0.36,0.09000000357627869,0.3799999952316284,35.0,,4.45,,,,0.1846,0.0231,0.3345,3.4028,1.0266000032424927,0.2884,0.2192,3.4028,2.1916,2.2263,1.1535,2026-08-09
hgss1-110,Typhlosion,holofoil,HeartGold & SoulSilver,110,Rare Prime,Wataru Kawahara,Stage 2|Prime,157,Pokémon,2010/02/10,"tcgplayer,cardmarket",https://prices.pokemontcg.io/tcgplayer/hgss1-110,https://images.pokemontcg.io/hgss1/110_hires.png,2026/08/08,2025/12/21,73.45,70.0,147.0,669.9000244140625,,,,,,10.8429,2.2378,11.1889,0.0,8.628199577331543,10.1393,10.2892,2.5954,6.0674,7.8553,1.1535,2026-08-09
bwp-BW90,Glaceon,holofoil,BW Black Star Promos,BW90,Promo,The Pokémon Company Art Team,Stage 1,471,Pokémon,2011/03/01,"tcgplayer,cardmarket",https://prices.pokemontcg.io/tcgplayer/bwp-BW90,https://images.pokemontcg.io/bwp/BW90_hires.png,2026/08/08,2026/01/16,57.28,47.0,71.8499984741211,789.7000122070312,,,,,,12.3655,1.1535,13.0692,0.0,5.767499923706055,18.306,15.503,4.0373,4.4871,5.4445,1.1535,2026-08-09
pl3-97,Chimchar,normal,Supreme Victors,97,Common,Masakazu Fukuda,Basic,390,Pokémon,2009/08/19,"tcgplayer,cardmarket",https://prices.pokemontcg.io/tcgplayer/pl3-97,https://images.pokemontcg.io/pl3/97_hires.png,2026/08/08,2026/01/16,0.51,0.14000000059604645,0.44999998807907104,17.6200008392334,,5.0,,,,0.2192,0.0231,0.2653,4.6025,0.09229999780654907,0.2999,0.173,4.6025,4.3026,2.6992,1.1535,2026-08-09
ex11-97,Holon Scientist,normal,Delta Species,97,Uncommon,Ken Sugimori,Supporter,,Trainer,2005/10/31,"tcgplayer,cardmarket",https://prices.pokemontcg.io/tcgplayer/ex11-97,https://images.pokemontcg.io/ex11/97_hires.png,2026/08/08,2026/01/16,6.09,3.990000009536743,8.9399995803833,78.22000122070312,,12.62,,,,2.0994,0.2884,1.9033,9.2165,2.376199960708618,1.9148,2.307,9.2165,5.8252,8.1091,1.1535,2026-08-09
gym2-104,Giovanni,unlimited,Gym Challenge,104,Rare,Ken Sugimori,,,Trainer,2000/10/16,"tcgplayer,cardmarket",https://prices.pokemontcg.io/tcgplayer/gym2-104,https://images.pokemontcg.io/gym2/104_hires.png,2026/08/08,2026/01/16,6.15,3.200000047683716,6.300000190734863,49.75,,,,,"{""1stEdition"": {""low"": 9.15, ""mid"": 14.95, ""high"": 180.7, ""market"": 18.96, ""directLow"": null}}",10.9352,0.5767,12.2848,0.0,6.921000003814697,10.7276,10.889,2.307,8.4898,7.0133,1.1535,2026-08-09
bw3-99,Terrakion,holofoil,Noble Victories,99,Rare Ultra,5ban Graphics,Basic,639,Pokémon,2011/11/16,"tcgplayer,cardmarket",https://prices.pokemontcg.io/tcgplayer/bw3-99,https://images.pokemontcg.io/bw3/99_hires.png,2026/08/08,2026/01/16,43.54,28.65999984741211,40.25,398.8999938964844,,,,,,16.5412,2.1801,15.8722,0.0,5.767499923706055,13.4613,23.1507,4.614,4.614,6.5865,1.1535,2026-08-09
pl1-100,Torkoal,normal,Platinum,100,Common,Kouki Saitou,Basic,324,Pokémon,2009/02/11,"tcgplayer,cardmarket",https://prices.pokemontcg.io/tcgplayer/pl1-100,https://images.pokemontcg.io/pl1/100_hires.png,2026/08/08,2026/01/16,0.34,0.18000000715255737,0.3499999940395355,19.979999542236328,,4.57,,,,0.1269,0.0231,0.15,0.8651,0.05770000070333481,0.1038,0.15,3.4605,1.4303,1.1189,1.1535,2026-08-09
bw4-102,Zoroark,holofoil,Next Destinies,102,Rare Secret,5ban Graphics,Stage 1,571,Pokémon,2012/02/08,"tcgplayer,cardmarket",https://prices.pokemontcg.io/tcgplayer/bw4-102,https://images.pokemontcg.io/bw4/102_hires.png,2026/08/08,2026/01/16,166.38,300.0,399.989990234375,480.0,,,,,,86.5125,19.6095,168.7917,0.0,86.51249694824219,137.4049,100.1469,53.6377,45.7132,33.7399,1.1535,2026-08-09
pl2-102,Upper Energy,normal,Rising Rivals,102,Uncommon,Ryo Ueda,Special,,Energy,2009/05/16,"tcgplayer,cardmarket",https://prices.pokemontcg.io/tcgplayer/pl2-102,https://images.pokemontcg.io/pl2/102_hires.png,2026/08/08,2026/01/16,0.43,0.18000000715255737,0.4399999976158142,19.979999542236328,,1.18,,,,1.7302,2.1916,3.126,0.0,1.7302000522613525,2.3993,2.5492,5.1907,2.9991,2.9991,1.1535,2026-08-09
ex5-92,Steven's Advice,normal,Hidden Legends,92,Uncommon,Ken Sugimori,Supporter,,Trainer,2004/06/01,"tcgplayer,cardmarket",https://prices.pokemontcg.io/tcgplayer/ex5-92,https://images.pokemontcg.io/ex5/92_hires.png,2026/08/08,2026/02/01,2.45,1.440000057220459,2.4000000953674316,96.94999694824219,,10.9,,,,0.5883,0.0231,0.5998,2.307,0.09229999780654907,0.5767,0.6114,2.307,3.1952,3.5528,1.1535,2026-08-09
base1-102,Water Energy,normal,Base,102,,Keiji Kinebuchi,Basic,,Energy,1999/01/09,"tcgplayer,cardmarket",https://prices.pokemontcg.io/tcgplayer/base1-102,https://images.pokemontcg.io/base1/102_hires.png,2026/08/08,2026/01/16,0.44,0.029999999329447746,0.4000000059604645,9.989999771118164,,,,,,0.2768,0.0231,0.4037,0.0,0.23070000112056732,0.3345,0.2653,4.614,0.9574,1.0612,1.1535,2026-08-09
swsh2-98,Medicham,normal,Rebel Clash,98,Uncommon,Suwama Chiaki,Stage 1,308,Pokémon,2020/05/01,"tcgplayer,cardmarket",https://prices.pokemontcg.io/tcgplayer/swsh2-98,https://images.pokemontcg.io/swsh2/98_hires.png,2026/08/08,2026/01/16,0.05,0.019999999552965164,0.18000000715255737,19.979999542236328,,0.28,,,,0.0577,0.0231,0.0577,0.2999,0.05770000070333481,0.0692,0.0692,0.6921,0.3807,0.2768,1.1535,2026-08-09
sm5-98,Gabite,normal,Ultra Prism,98,Uncommon,Sumiyoshi Kizuki,Stage 1,444,Pokémon,2018/02/02,"tcgplayer,cardmarket",https://prices.pokemontcg.io/tcgplayer/sm5-98,https://images.pokemontcg.io/sm5/98_hires.png,2026/08/08,2026/01/16,0.22,0.05000000074505806,0.25,19.979999542236328,,0.54,,,,0.1154,0.0231,0.0807,0.4845,0.05770000070333481,0.0923,0.1154,0.173,0.5191,0.4614,1.1535,2026-08-09
bw9-100,Frozen City,normal,Plasma Freeze,100,Uncommon,5ban Graphics,Stadium|Team Plasma,,Trainer,2013/05/08,"tcgplayer,cardmarket",https://prices.pokemontcg.io/tcgplayer/bw9-100,https://images.pokemontcg.io/bw9/100_hires.png,2026/08/08,2026/01/16,1.36,0.4000000059604645,1.2699999809265137,19.979999542236328,,2.31,,,,0.4614,0.0231,0.4614,2.307,0.8651000261306763,0.4614,0.4383,2.2955,2.1801,1.984,1.1535,2026-08-09
bw7-103,White Kyurem-EX,holofoil,Boundaries Crossed,103,Rare Holo EX,Eske Yoshinob,Basic|EX,646,Pokémon,2012/11/07,"tcgplayer,cardmarket",https://prices.pokemontcg.io/tcgplayer/bw7-103,https://images.pokemontcg.io/bw7/103_hires.png,2026/08/08,2026/01/15,4.02,2.690000057220459,4.059999942779541,39.79999923706055,,,,,,6.0905,1.488,4.1872,0.0,2.2955000400543213,3.5643,5.9636,3.449,3.622,3.6681,1.1535,2026-08-09
ecard2-75,Eevee,normal,Aquapolis,75,Common,Midori Harada,Basic,133,Pokémon,2003/01/15,"tcgplayer,cardmarket",https://prices.pokemontcg.io/tcgplayer/ecard2-75,https://images.pokemontcg.io/ecard2/75_hires.png,2026/08/08,2026/01/16,38.28,129.97000122070312,129.99000549316406,496.67999267578125,,,,,,12.2732,2.1916,11.0736,39.9803,11.396599769592285,12.5732,14.3149,47.8702,30.4293,32.3441,1.1535,2026-08-09
xy3-88,Battle Reporter,normal,Furious Fists,88,Uncommon,Shin Nagasawa,Supporter,,Trainer,2014/08/13,"tcgplayer,cardmarket",https://prices.pokemontcg.io/tcgplayer/xy3-88,https://images.pokemontcg.io/xy3/88_hires.png,2026/08/08,2026/01/16,0.22,0.05999999865889549,0.25,19.979999542236328,,0.48,,,,1.4073,0.4614,1.2573,0.0,1.4880000352859497,1.4419,0.992,0.5652,0.6229,0.5652,1.1535,2026-08-09
sm12-103,Marshadow,normal,Cosmic Eclipse,103,Rare,0313,Basic,802,Pokémon,2019/11/01,"tcgplayer,cardmarket",https://prices.pokemontcg.io/tcgplayer/sm12-103,https://images.pokemontcg.io/sm12/103_hires.png,2026/08/08,2025/12/07,6.08,4.5,6.409999847412109,994.0499877929688,,19.1,,,,9.8048,5.1907,6.102,8.3629,0.57669997215271,8.3167,10.6814,16.149,19.0212,7.7631,1.1535,2026-08-09
ex8-99,Deoxys ex,holofoil,Deoxys,99,Rare Holo EX,Mitsuhiro Arita,Basic|ex,386,Pokémon,2005/02/01,"tcgplayer,cardmarket",https://prices.pokemontcg.io/tcgplayer/ex8-99,https://images.pokemontcg.io/ex8/99_hires.png,2026/08/08,2026/01/19,175.56,200.0,500.0,649.989990234375,,,,,,39.4843,8.0745,66.9261,0.0,39.20750045776367,56.2101,66.6723,34.4781,31.5598,25.8961,1.1535,2026-08-09
ex14-96,Sceptile ex δ,holofoil,Crystal Guardians,96,Rare Holo EX,Shizurow,Stage 2|ex,254,Pokémon,2006/08/01,"tcgplayer,cardmarket",https://prices.pokemontcg.io/tcgplayer/ex14-96,https://images.pokemontcg.io/ex14/96_hires.png,2026/08/08,2026/01/16,204.5,173.77999877929688,265.4599914550781,299.989990234375,,,,,,73.5126,25.377,64.6191,0.0,81.89849853515625,60.1089,55.2873,5.6522,22.3779,21.7204,1.1535,2026-08-09
smp-SM97,Gumshoos,holofoil,SM Black Star Promos,SM97,Promo,nagimiso,Stage 1,735,Pokémon,2017/02/03,"tcgplayer,cardmarket",https://prices.pokemontcg.io/tcgplayer/smp-SM97,https://images.pokemontcg.io/smp/SM97_hires.png,2026/08/08,2026/01/16,5.56,5.0,9.899999618530273,67.9000015258789,,,,,,3.5989,2.1916,9.8278,0.0,5.179200172424316,9.055,6.5403,14.984,7.1748,3.5297,1.1535,2026-08-09
xy7-100,Trainers' Mail,holofoil,Ancient Origins,100,Rare Secret,Toyste Beach,Item,,Trainer,2015/08/12,"tcgplayer,cardmarket",https://prices.pokemontcg.io/tcgplayer/xy7-100,https://images.pokemontcg.io/xy7/100_hires.png,2026/08/08,2026/01/16,6.7,5.5,7.800000190734863,64.16999816894531,,,,,,0.0231,0.0,0.0231,0.0,0.023099999874830246,0.7728,0.7728,1.1535,1.1535,1.1535,1.1535,2026-08-09
ex15-89,Scramble Energy,normal,Dragon Frontiers,89,Uncommon,Takumi Akabane,Special,,Energy,2006/11/01,"tcgplayer,cardmarket",https://prices.pokemontcg.io/tcgplayer/ex15-89,https://images.pokemontcg.io/ex15/89_hires.png,2026/08/08,2026/01/16,3.99,3.119999885559082,4.349999904632568,49.900001525878906,,6.58,,,,2.5608,0.173,1.6149,6.598,1.7648999691009521,1.5457,1.6956,6.598,4.8447,5.4215,1.1535,2026-08-09
xy11-102,Greedy Dice,normal,Steam Siege,102,Uncommon,Toyste Beach,Item,,Trainer,2016/08/03,"tcgplayer,cardmarket",https://prices.pokemontcg.io/tcgplayer/xy11-102,https://images.pokemontcg.io/xy11/102_hires.png,2026/08/08,2026/01/16,0.16,0.019999999552965164,0.20000000298023224,1000.0,,0.31,,,,0.0577,0.0231,0.0461,0.4729,0.09229999780654907,0.0577,0.0807,0.346,0.496,0.496,1.1535,2026-08-09
xy12-97,Darkness Energy,normal,Evolutions,97,Common,,Basic,,Energy,2016/11/02,"tcgplayer,cardmarket",https://prices.pokemontcg.io/tcgplayer/xy12-97,https://images.pokemontcg.io/xy12/97_hires.png,2026/08/08,2026/01/16,1.4,0.47999998927116394,1.3799999952316284,24.899999618530273,,9.03,,,,0.5767,1.1535,1.0728,0.0,0.57669997215271,1.0381,0.9805,0.0,0.0,0.0,1.1535,2026-08-09
neo4-99,Energy Stadium,unlimited,Neo Destiny,99,Uncommon,Hideki Kazama,Stadium,,Trainer,2002/02/28,"tcgplayer,cardmarket",https://prices.pokemontcg.io/tcgplayer/neo4-99,https://images.pokemontcg.io/neo4/99_hires.png,2026/08/08,2026/01/16,2.18,0.47999998927116394,1.649999976158142,21.479999542236328,,,,,"{""1stEdition"": {""low"": 3.85, ""mid"": 7.79, ""high"": 45.0, ""market"": 8.16, ""directLow"": 7.99}}",1.3035,0.1154,1.6495,0.0,2.2955000400543213,1.1304,1.2458,0.0,0.0,0.0,1.1535,2026-08-09
dp4-93,Weedle,normal,Great Encounters,93,Common,Mitsuhiro Arita,Basic,13,Pokémon,2008/02/01,"tcgplayer,cardmarket",https://prices.pokemontcg.io/tcgplayer/dp4-93,https://images.pokemontcg.io/dp4/93_hires.png,2026/08/08,2026/01/16,0.35,0.20000000298023224,0.36000001430511475,1.9900000095367432,,5.21,,,,0.15,0.0231,0.346,1.142,0.5536999702453613,0.4153,0.173,0.5767,0.9113,1.0958,1.1535,2026-08-09
swsh3-93,Hippopotas,normal,Darkness Ablaze,93,Common,Shin Nagasawa,Basic,449,Pokémon,2020/08/14,"tcgplayer,cardmarket",https://prices.pokemontcg.io/tcgplayer/swsh3-93,https://images.pokemontcg.io/swsh3/93_hires.png,2026/08/08,2026/01/16,0.04,0.009999999776482582,0.15000000596046448,25.040000915527344,,0.2,,,,0.0461,0.0231,0.0346,0.2192,0.06920000165700912,0.0346,0.0461,0.2307,0.15,0.1846,1.1535,2026-08-09
dp7-92,Potion,normal,Stormfront,92,Common,Shin-ichi Yoshikawa,Item,,Trainer,2008/11/01,"tcgplayer,cardmarket",https://prices.pokemontcg.io/tcgplayer/dp7-92,https://images.pokemontcg.io/dp7/92_hires.png,2026/08/08,2026/01/16,0.18,0.019999999552965164,0.20999999344348907,5.0,,0.43,,,,0.0461,0.0231,0.0577,2.5377,0.10379999876022339,0.0577,0.0461,0.6921,0.9689,0.6806,1.1535,2026-08-09
sm10-90,Cubone,normal,Unbroken Bonds,90,Common,Mizue,Basic,104,Pokémon,2019/05/03,"tcgplayer,cardmarket",https://prices.pokemontcg.io/tcgplayer/sm10-90,https://images.pokemontcg.io/sm10/90_hires.png,2026/08/08,2026/01/16,0.36,0.10000000149011612,0.3499999940395355,19.979999542236328,,1.1,,,,0.2192,0.0231,0.1384,0.9574,0.11540000140666962,0.1384,0.1846,0.4499,0.8421,0.5537,1.1535,2026-08-09
sm1-100,Tauros-GX,holofoil,Sun & Moon,100,Rare Holo GX,5ban Graphics,Basic|GX,128,Pokémon,2017/02/03,"tcgplayer,cardmarket",https://prices.pokemontcg.io/tcgplayer/sm1-100,https://images.pokemontcg.io/sm1/100_hires.png,2026/08/08,2026/01/16,2.43,1.5199999809265137,2.5999999046325684,219.0,,,,,,3.3451,0.5652,3.2875,0.0,2.768399953842163,3.0222,3.3682,1.7302,2.0648,2.5608,1.1535,2026-08-09
xy10-95,Devolution Spray,normal,Fates Collide,95,Uncommon,Toyste Beach,Item,,Trainer,2016/05/02,"tcgplayer,cardmarket",https://prices.pokemontcg.io/tcgplayer/xy10-95,https://images.pokemontcg.io/xy10/95_hires.png,2026/08/08,2026/01/16,0.21,0.05000000074505806,0.25,1000.0,,0.38,,,,0.173,0.0231,0.1615,0.3922,0.13840000331401825,0.173,0.1846,0.2307,0.3576,0.5652,1.1535,2026-08-09
bw11-102,Lugia-EX,holofoil,Legendary Treasures,102,Rare Holo EX,Toyste Beach,Basic|EX|Team Plasma,249,Pokémon,2013/11/06,"tcgplayer,cardmarket",https://prices.pokemontcg.io/tcgplayer/bw11-102,https://images.pokemontcg.io/bw11/102_hires.png,2026/08/08,2026/01/16,36.12,22.43000030517578,34.0,404.79998779296875,,,,,,26.865,16.1375,32.2634,0.0,8.07450008392334,26.4382,51.7229,16.7257,11.6042,7.8438,1.1535,2026-08-09
hgss4-98,Yanmega,holofoil,HS—Triumphant,98,Rare Prime,Noriko Hotta,Stage 1|Prime,469,Pokémon,2010/11/03,"tcgplayer,cardmarket",https://prices.pokemontcg.io/tcgplayer/hgss4-98,https://images.pokemontcg.io/hgss4/98_hires.png,2026/08/08,2026/01/16,30.4,26.790000915527344,50.0,184.6999969482422,,,,,,10.9929,2.8722,9.2626,0.0,8.939599990844727,9.3203,10.716,5.7675,10.0354,7.1978,1.1535,2026-08-09
xy8-96,Bronzong,normal,BREAKthrough,96,Rare,Tomokazu Komiya,Stage 1,437,Pokémon,2015/11/04,"tcgplayer,cardmarket",https://prices.pokemontcg.io/tcgplayer/xy8-96,https://images.pokemontcg.io/xy8/96_hires.png,2026/08/08,2026/01/16,0.52,0.25,0.5,19.979999542236328,,1.74,,,,1.8341,0.0577,1.3265,1.142,0.8073999881744385,1.984,0.9689,1.142,1.3381,1.8456,1.1535,2026-08-09
swsh1-101,Baltoy,normal,Sword & Shield,101,Common,Uta,Basic,343,Pokémon,2020/02/07,"tcgplayer,cardmarket",https://prices.pokemontcg.io/tcgplayer/swsh1-101,https://images.pokemontcg.io/swsh1/101_hires.png,2026/08/08,2025/12/28,0.02,0.009999999776482582,0.1599999964237213,19.979999542236328,,0.28,,,,0.0692,0.0231,0.0577,0.1961,0.03460000082850456,0.0346,0.0577,0.1846,0.2768,0.2538,1.1535,2026-08-09
gym1-108,Cerulean City Gym,unlimited,Gym Heroes,108,Uncommon,Keiji Kinebuchi,Stadium,,Trainer,2000/08/14,"tcgplayer,cardmarket",https://prices.pokemontcg.io/tcgplayer/gym1-108,https://images.pokemontcg.io/gym1/108_hires.png,2026/08/08,2026/01/16,1.71,0.30000001192092896,1.0,16.760000228881836,,,,,"{""1stEdition"": {""low"": 1.06, ""mid"": 2.85, ""high"": 33.71, ""market"": 2.38, ""directLow"": 33.71}}",1.4995,0.1154,1.7649,0.0,1.7187000513076782,1.4303,1.4534,2.1916,2.1916,2.1916,1.1535,2026-08-09
sm11-95,Aegislash,holofoil,Unified Minds,95,Rare Holo,Eske Yoshinob,Stage 2,681,Pokémon,2019/08/02,"tcgplayer,cardmarket",https://prices.pokemontcg.io/tcgplayer/sm11-95,https://images.pokemontcg.io/sm11/95_hires.png,2026/08/08,2026/01/16,0.56,0.30000001192092896,0.5899999737739563,19.979999542236328,,0.83,,,,0.4729,0.0577,0.7267,0.7728,0.46140000224113464,0.5306,0.7613,1.1304,1.1189,1.0151,1.1535,2026-08-09
sm3-97,Morelull,normal,Burning Shadows,97,Common,Hitoshi Ariga,Basic,755,Pokémon,2017/08/05,"tcgplayer,cardmarket",https://prices.pokemontcg.io/tcgplayer/sm3-97,https://images.pokemontcg.io/sm3/97_hires.png,2026/08/08,2025/12/28,0.26,0.029999999329447746,0.25999999046325684,19.600000381469727,,0.49,,,,0.0807,0.0231,0.0923,0.2076,0.04610000178217888,0.0577,0.0807,0.346,0.2307,0.2538,1.1535,2026-08-09
sm9-104,Pawniard,normal,Team Up,104,Common,Masakazu Fukuda,Basic,624,Pokémon,2019/02/01,"tcgplayer,cardmarket",https://prices.pokemontcg.io/tcgplayer/sm9-104,https://images.pokemontcg.io/sm9/104_hires.png,2026/08/08,2025/12/07,0.21,0.009999999776482582,0.23000000417232513,2.0,,0.37,,,,0.0461,0.0231,0.1154,0.3807,0.34599998593330383,0.1154,0.0692,0.2192,0.3345,0.3807,1.1535,2026-08-09
bw2-92,Crushing Hammer,normal,Emerging Powers,92,Uncommon,5ban Graphics,Item,,Trainer,2011/08/31,"tcgplayer,cardmarket",https://prices.pokemontcg.io/tcgplayer/bw2-92,https://images.pokemontcg.io/bw2/92_hires.png,2026/08/08,2026/01/16,0.47,0.25,0.5,19.979999542236328,,1.66,,,,0.3691,0.0231,0.3345,0.0,0.09229999780654907,0.2999,0.3691,1.3957,1.2689,0.8421,1.1535,2026-08-09
dp6-100,Hitmonlee,normal,Legends Awakened,100,Common,Mitsuhiro Arita,Basic,106,Pokémon,2008/08/01,"tcgplayer,cardmarket",https://prices.pokemontcg.io/tcgplayer/dp6-100,https://images.pokemontcg.io/dp6/100_hires.png,2026/08/08,2026/01/16,0.64,0.33000001311302185,0.6899999976158142,19.979999542236328,,5.95,,,,0.2768,0.0231,0.3114,5.5368,0.1615000069141388,0.2653,0.3807,5.5368,3.2759,2.6069,1.1535,2026-08-09
xyp-XY94,Trevenant,holofoil,XY Black Star Promos,XY94,Promo,Midori Harada,Stage 1,709,Pokémon,2013/10/12,"tcgplayer,cardmarket",https://prices.pokemontcg.io/tcgplayer/xyp-XY94,https://images.pokemontcg.io/xyp/XY94_hires.png,2026/08/08,2026/01/16,10.93,6.489999771118164,10.930000305175781,226.3000030517578,,,,,,16.4258,2.307,10.716,0.0,3.4605000019073486,14.1419,6.4481,5.7444,3.2067,2.8261,1.1535,2026-08-09
g1-RC8,Froslass,holofoil,Generations,RC8,Uncommon,Shin Nagasawa,Stage 1,478,Pokémon,2016/02/22,"tcgplayer,cardmarket",https://prices.pokemontcg.io/tcgplayer/g1-RC8,https://images.pokemontcg.io/g1/RC8_hires.png,2026/08/08,2026/01/16,5.47,1.75,5.409999847412109,49.9900016784668,,,,,,1.4534,0.2307,1.4995,1.7072,0.9574000239372253,1.5572,1.4303,1.7302,1.6149,1.4419,1.1535,2026-08-09
ex1-89,Professor Birch,normal,Ruby & Sapphire,89,Uncommon,Ken Sugimori,Supporter,,Trainer,2003/07/01,"tcgplayer,cardmarket",https://prices.pokemontcg.io/tcgplayer/ex1-89,https://images.pokemontcg.io/ex1/89_hires.png,2026/08/08,2026/02/01,0.42,0.15000000596046448,0.4099999964237213,20.420000076293945,,3.55,,,,0.7267,0.0231,0.4729,0.5767,0.12690000236034393,0.5191,0.4153,0.5767,1.5342,2.1224,1.1535,2026-08-09
gym2-105,Giovanni's Last Resort,unlimited,Gym Challenge,105,Rare,Ken Sugimori,,,Trainer,2000/10/16,"tcgplayer,cardmarket",https://prices.pokemontcg.io/tcgplayer/gym2-105,https://images.pokemontcg.io/gym2/105_hires.png,2026/08/08,2026/01/16,10.69,7.710000038146973,10.949999809265137,104.0999984741211,,,,,"{""1stEdition"": {""low"": 14.0, ""mid"": 28.0, ""high"": 329.9, ""market"": 19.91, ""directLow"": null}}",11.4543,5.6522,12.7231,0.0,8.07450008392334,15.0301,15.4338,4.614,4.614,4.614,1.1535,2026-08-09
dp5-98,Glaceon LV.X,holofoil,Majestic Dawn,98,Rare Holo LV.X,Ryo Ueda,Level-Up,471,Pokémon,2008/05/01,"tcgplayer,cardmarket",https://prices.pokemontcg.io/tcgplayer/dp5-98,https://images.pokemontcg.io/dp5/98_hires.png,2026/08/08,2026/01/16,525.0,449.989990234375,449.989990234375,449.989990234375,,,,,,144.1875,34.5819,139.5504,0.0,57.67499923706055,102.996,141.9612,86.501,67.226,37.258,1.1535,2026-08-09
dp2-94,Pikachu,normal,Mysterious Treasures,94,Common,Sumiyoshi Kizuki,Basic,25,Pokémon,2007/08/01,"tcgplayer,cardmarket",https://prices.pokemontcg.io/tcgplayer/dp2-94,https://images.pokemontcg.io/dp2/94_hires.png,2026/08/08,2026/01/16,21.49,10.630000114440918,19.969999313354492,69.4800033569336,,45.5,,,,4.4064,0.4614,4.1872,11.0851,5.813600063323975,4.0603,4.291,19.6095,30.81,20.8899,1.1535,2026-08-09
neo1-94,Miracle Berry,unlimited,Neo Genesis,94,Uncommon,"Yousuke Hirata, CR CG gangs",Pokémon Tool,,Trainer,2000/12/16,"tcgplayer,cardmarket",https://prices.pokemontcg.io/tcgplayer/neo1-94,https://images.pokemontcg.io/neo1/94_hires.png,2026/08/08,2026/02/01,0.63,0.3499999940395355,0.5899999737739563,19.899999618530273,,,,,"{""1stEdition"": {""low"": 0.5, ""mid"": 0.99, ""high"": 19.98, ""market"": 1.0, ""directLow"": null}}",1.0035,0.0577,0.8421,0.0,0.945900022983551,0.7728,0.8651,0.0,0.0,0.0,1.1535,2026-08-09
ex11-98,Holon Transceiver,normal,Delta Species,98,Uncommon,Mitsuhiro Arita,Item,,Trainer,2005/10/31,"tcgplayer,cardmarket",https://prices.pokemontcg.io/tcgplayer/ex11-98,https://images.pokemontcg.io/ex11/98_hires.png,2026/08/08,2026/01/16,28.59,20.940000534057617,28.59000015258789,350.0,,65.37,,,,11.8464,6.921,15.5607,28.8375,9.227999687194824,16.2528,16.4489,40.3725,29.991,31.3983,1.1535,2026-08-09
ex13-101,Mightyena ex,holofoil,Holon Phantoms,101,Rare Holo EX,Ryo Ueda,Stage 1|ex,262,Pokémon,2006/05/01,"tcgplayer,cardmarket",https://prices.pokemontcg.io/tcgplayer/ex13-101,https://images.pokemontcg.io/ex13/101_hires.png,2026/08/08,2026/01/16,69.88,39.939998626708984,56.18000030517578,199.99000549316406,,,,,,44.2137,9.228,59.8897,0.0,74.97750091552734,54.0761,47.282,39.7957,25.1002,20.094,1.1535,2026-08-09
xy8-97,Mr. Mime,normal,BREAKthrough,97,Rare,kirisAki,Basic,122,Pokémon,2015/11/04,"tcgplayer,cardmarket",https://prices.pokemontcg.io/tcgplayer/xy8-97,https://images.pokemontcg.io/xy8/97_hires.png,2026/08/08,2026/01/16,0.52,0.10000000149011612,0.5,18.139999389648438,,1.96,,,,0.5075,0.1154,0.5767,1.3727,1.0958000421524048,0.5537,0.5652,1.6149,1.7418,1.638,1.1535,2026-08-09
sm8-97,Giratina,holofoil,Lost Thunder,97,Rare Holo,Hasuno,Basic,487,Pokémon,2018/11/02,"tcgplayer,cardmarket",https://prices.pokemontcg.io/tcgplayer/sm8-97,https://images.pokemontcg.io/sm8/97_hires.png,2026/08/08,2025/12/28,11.63,9.149999618530273,12.0,377.2799987792969,,11.2,,,,7.9361,7.3709,5.8713,23.0585,4.037300109863281,7.9476,11.3389,40.3725,17.6601,14.1996,1.1535,2026-08-09
base4-102,Imposter Professor Oak,normal,Base Set 2,102,Rare,Ken Sugimori,,,Trainer,2000/02/24,"tcgplayer,cardmarket",https://prices.pokemontcg.io/tcgplayer/base4-102,https://images.pokemontcg.io/base4/102_hires.png,2026/08/08,2026/01/16,3.25,1.0,2.5,31.860000610351562,,,,,,4.787,1.0381,4.1872,0.0,2.283900022506714,4.5794,3.8642,0.8651,0.8651,0.8651,1.1535,2026-08-09
smp-SM98,Pikachu,holofoil,SM Black Star Promos,SM98,Promo,Saya Tsuruta,Basic,25,Pokémon,2017/02/03,"tcgplayer,cardmarket",https://prices.pokemontcg.io/tcgplayer/smp-SM98,https://images.pokemontcg.io/smp/SM98_hires.png,2026/08/08,2026/01/16,52.87,22.329999923706055,73.25,291.8599853515625,,,,,,51.9075,31.133,52.4727,0.0,57.67499923706055,38.5038,27.1073,23.0585,21.109,19.8979,1.1535,2026-08-09
bw11-103,Swablu,normal,Legendary Treasures,103,Common,Akira Komayama,Basic,333,Pokémon,2013/11/06,"tcgplayer,cardmarket",https://prices.pokemontcg.io/tcgplayer/bw11-103,https://images.pokemontcg.io/bw11/103_hires.png,2026/08/08,2026/01/16,1.23,0.30000001192092896,0.7400000095367432,24.989999771118164,,3.61,,,,0.346,0.1154,0.4268,5.3753,1.7302000522613525,0.3691,0.4845,6.921,5.2484,2.9184,1.1535,2026-08-09
sm2-99,Hakamo-o,normal,Guardians Rising,99,Uncommon,Shin Nagasawa,Stage 1,783,Pokémon,2017/05/05,"tcgplayer,cardmarket",https://prices.pokemontcg.io/tcgplayer/sm2-99,https://images.pokemontcg.io/sm2/99_hires.png,2026/08/08,2025/12/28,0.25,0.05000000074505806,0.25,4.0,,0.59,,,,0.1384,0.0231,0.15,0.2422,0.08070000261068344,0.1615,0.1269,0.9805,0.3576,0.3576,1.1535,2026-08-09
sm4-90,Silvally-GX,holofoil,Crimson Invasion,90,Rare Holo GX,5ban Graphics,Stage 1|GX,773,Pokémon,2017/11/03,"tcgplayer,cardmarket",https://prices.pokemontcg.io/tcgplayer/sm4-90,https://images.pokemontcg.io/sm4/90_hires.png,2026/08/08,2026/01/16,3.06,1.5,3.130000114440918,831.7100219726562,,,,,,2.2493,1.4419,2.8261,0.0,2.306999921798706,2.457,3.3913,5.779,4.5333,4.5333,1.1535,2026-08-09
ex10-101,Blissey ex,holofoil,Unseen Forces,101,Rare Holo EX,Ryo Ueda,Stage 1|ex,242,Pokémon,2005/08/01,"tcgplayer,cardmarket",https://prices.pokemontcg.io/tcgplayer/ex10-101,https://images.pokemontcg.io/ex10/101_hires.png,2026/08/08,2026/01/16,148.61,110.04000091552734,139.99000549316406,1449.9000244140625,,,,,,57.675,10.3815,86.7317,0.0,173.02499389648438,80.5604,43.8099,11.5235,23.0931,19.2288,1.1535,2026-08-09
bw3-100,Cobalion,holofoil,Noble Victories,100,Rare Ultra,5ban Graphics,Basic,638,Pokémon,2011/11/16,"tcgplayer,cardmarket",https://prices.pokemontcg.io/tcgplayer/bw3-100,https://images.pokemontcg.io/bw3/100_hires.png,2026/08/08,2026/01/16,62.03,38.279998779296875,75.1500015258789,926.7000122070312,,,,,,14.3611,1.1535,24.0505,0.0,5.1331000328063965,12.3655,23.2661,4.0373,7.3363,8.7551,1.1535,2026-08-09
ex15-90,Altaria ex δ,holofoil,Dragon Frontiers,90,Rare Holo EX,Shizurow,Stage 1|ex,334,Pokémon,2006/11/01,"tcgplayer,cardmarket",https://prices.pokemontcg.io/tcgplayer/ex15-90,https://images.pokemontcg.io/ex15/90_hires.png,2026/08/08,2026/01/16,98.81,47.599998474121094,57.68000030517578,129.99000549316406,,,,,,46.14,13.842,80.572,0.0,51.83829879760742,70.8364,48.1702,37.4887,34.8934,20.613,1.1535,2026-08-09
sm11-96,Mareanie,normal,Unified Minds,96,Common,Saya Tsuruta,Basic,747,Pokémon,2019/08/02,"tcgplayer,cardmarket",https://prices.pokemontcg.io/tcgplayer/sm11-96,https://images.pokemontcg.io/sm11/96_hires.png,2026/08/08,2026/01/16,0.24,0.009999999776482582,0.25,19.979999542236328,,0.33,,,,0.0692,0.0231,0.0807,0.2768,0.04610000178217888,0.0692,0.0692,0.2307,0.2307,0.3345,1.1535,2026-08-09
pl4-AR2,Arceus,holofoil,Arceus,AR2,Rare,Shin Nagasawa,Basic,493,Pokémon,2009/11/04,"tcgplayer,cardmarket",https://prices.pokemontcg.io/tcgplayer/pl4-AR2,https://images.pokemontcg.io/pl4/AR2_hires.png,2026/08/08,2025/12/28,35.32,23.649999618530273,32.4900016784668,296.42999267578125,,,,,,13.0346,1.7302,13.5075,7.6362,10.093099594116211,10.9006,11.4427,5.7098,6.2289,5.2369,1.1535,2026-08-09
pl3-98,Chingling,normal,Supreme Victors,98,Common,Kagemaru Himeno,Basic,433,Pokémon,2009/08/19,"tcgplayer,cardmarket",https://prices.pokemontcg.io/tcgplayer/pl3-98,https://images.pokemontcg.io/pl3/98_hires.png,2026/08/08,2026/01/16,2.67,0.8100000023841858,2.6500000953674316,1149.989990234375,,11.84,,,,0.5767,0.0807,0.6575,0.0,0.28839999437332153,0.5537,0.496,5.7675,3.4259,1.7879,1.1535,2026-08-09
dp3-107,Shellos West Sea,normal,Secret Wonders,107,Common,Ken Sugimori,Basic,422,Pokémon,2007/11/01,"tcgplayer,cardmarket",https://prices.pokemontcg.io/tcgplayer/dp3-107,https://images.pokemontcg.io/dp3/107_hires.png,2026/08/08,2026/01/16,0.91,0.30000001192092896,0.5,19.979999542236328,,5.27,,,,0.346,0.0231,0.5306,0.0,1.4765000343322754,0.5537,0.4037,0.6806,3.0222,3.299,1.1535,2026-08-09
bw6-99,Aipom,normal,Dragons Exalted,99,Common,sui,Basic,190,Pokémon,2012/08/15,"tcgplayer,cardmarket",https://prices.pokemontcg.io/tcgplayer/bw6-99,https://images.pokemontcg.io/bw6/99_hires.png,2026/08/08,2026/01/16,0.36,0.11999999731779099,0.3499999940395355,5.0,,1.91,,,,0.15,0.0231,0.15,0.9228,0.11540000140666962,0.0923,0.15,1.0958,0.5998,0.6229,1.1535,2026-08-09
swsh4-97,Mudsdale,normal,Vivid Voltage,97,Rare,tetsuya koizumi,Stage 1,750,Pokémon,2020/11/13,"tcgplayer,cardmarket",https://prices.pokemontcg.io/tcgplayer/swsh4-97,https://images.pokemontcg.io/swsh4/97_hires.png,2026/08/08,2026/01/16,0.23,0.03999999910593033,0.25,19.979999542236328,,0.41,,,,0.2192,0.0231,0.323,0.6114,0.11540000140666962,0.2999,0.2422,0.4268,0.496,0.5767,1.1535,2026-08-09
sm12-104,Blacephalon,holofoil,Cosmic Eclipse,104,Rare Holo,Hasuno,Basic|Ultra Beast,806,Pokémon,2019/11/01,"tcgplayer,cardmarket",https://prices.pokemontcg.io/tcgplayer/sm12-104,https://images.pokemontcg.io/sm12/104_hires.png,2026/08/08,2025/12/07,9.05,7.460000038146973,9.630000114440918,65.33999633789062,,9.29,,,,3.449,1.1535,3.4144,5.8713,4.037300109863281,3.0452,4.2679,5.7675,5.8713,4.4179,1.1535,2026-08-09
sm3-98,Shiinotic,normal,Burning Shadows,98,Rare,Naoki Saito,Stage 1,756,Pokémon,2017/08/05,"tcgplayer,cardmarket",https://prices.pokemontcg.io/tcgplayer/sm3-98,https://images.pokemontcg.io/sm3/98_hires.png,2026/08/08,2025/12/28,0.37,0.12999999523162842,0.4000000059604645,19.979999542236328,,0.63,,,,0.173,0.0231,0.1269,0.2422,0.11540000140666962,0.1846,0.1615,0.2307,0.2999,0.3922,1.1535,2026-08-09
bw7-104,Rattata,normal,Boundaries Crossed,104,Common,Yukiko Baba,Basic,19,Pokémon,2012/11/07,"tcgplayer,cardmarket",https://prices.pokemontcg.io/tcgplayer/bw7-104,https://images.pokemontcg.io/bw7/104_hires.png,2026/08/08,2026/01/15,0.52,0.1899999976158142,0.4699999988079071,19.979999542236328,,1.2,,,,0.1269,0.0231,0.173,0.0,0.3806999921798706,0.1846,0.2076,1.6726,0.7844,0.669,1.1535,2026-08-09
sm9-105,Bisharp,normal,Team Up,105,Rare,Anesaki Dynamic,Stage 1,625,Pokémon,2019/02/01,"tcgplayer,cardmarket",https://prices.pokemontcg.io/tcgplayer/sm9-105,https://images.pokemontcg.io/sm9/105_hires.png,2026/08/08,2025/12/07,0.3,0.12999999523162842,0.30000001192092896,19.979999542236328,,0.64,,,,0.3114,0.0346,0.496,0.7152,0.3806999921798706,0.5075,0.346,0.8074,1.1074,1.2573,1.1535,2026-08-09
pl2-103,Alakazam E4 LV.X,holofoil,Rising Rivals,103,Rare Holo LV.X,Ryo Ueda,Level-Up|SP,65,Pokémon,2009/05/16,"tcgplayer,cardmarket",https://prices.pokemontcg.io/tcgplayer/pl2-103,https://images.pokemontcg.io/pl2/103_hires.png,2026/08/08,2026/01/16,312.5,275.0,350.0,350.0,,,,,,43.6369,17.291,41.6529,91.0112,25.37700080871582,36.0123,42.7256,91.0112,32.448,20.4054,1.1535,2026-08-09
bwp-BW91,Jolteon,holofoil,BW Black Star Promos,BW91,Promo,The Pokémon Company Art Team,Stage 1,135,Pokémon,2011/03/01,"tcgplayer,cardmarket",https://prices.pokemontcg.io/tcgplayer/bwp-BW91,https://images.pokemontcg.io/bwp/BW91_hires.png,2026/08/08,2026/01/16,62.88,47.25,65.0,508.760009765625,,,,,,13.8766,4.5563,38.4462,0.0,149.9550018310547,28.0647,26.4036,10.37,7.071,5.8136,1.1535,2026-08-09
swsh2-99,Barboach,normal,Rebel Clash,99,Common,Atsuko Nishida,Basic,339,Pokémon,2020/05/01,"tcgplayer,cardmarket",https://prices.pokemontcg.io/tcgplayer/swsh2-99,https://images.pokemontcg.io/swsh2/99_hires.png,2026/08/08,2025/12/28,0.09,0.019999999552965164,0.18000000715255737,19.979999542236328,,0.26,,,,0.0461,0.0231,0.0577,0.2999,0.023099999874830246,0.0577,0.0461,0.4499,0.323,0.2768,1.1535,2026-08-09
dp1-102,Stunky,normal,Diamond & Pearl,102,Common,Ken Sugimori,Basic,434,Pokémon,2007/05/01,"tcgplayer,cardmarket",https://prices.pokemontcg.io/tcgplayer/dp1-102,https://images.pokemontcg.io/dp1/102_hires.png,2026/08/08,2026/01/16,0.41,0.09000000357627869,0.33000001311302185,4.800000190734863,,1.87,,,,0.1961,0.0231,0.2307,2.6184,0.08070000261068344,0.2999,0.2307,0.173,2.0417,1.2112,1.1535,2026-08-09
xy1-102,Taillow,normal,XY,102,Common,sui,Basic,276,Pokémon,2014/02/05,"tcgplayer,cardmarket",https://prices.pokemontcg.io/tcgplayer/xy1-102,https://images.pokemontcg.io/xy1/102_hires.png,2026/08/08,2026/01/16,0.24,0.05000000074505806,0.23999999463558197,1000.0,,0.68,,,,0.0923,0.0231,0.0577,0.5537,0.11540000140666962,0.0807,0.1038,0.8651,0.4614,0.5191,1.1535,2026-08-09
ex14-97,Shiftry ex,holofoil,Crystal Guardians,97,Rare Holo EX,Ryo Ueda,Stage 2|ex,275,Pokémon,2006/08/01,"tcgplayer,cardmarket",https://prices.pokemontcg.io/tcgplayer/ex14-97,https://images.pokemontcg.io/ex14/97_hires.png,2026/08/08,2026/01/16,46.25,135.0,304.9800109863281,476.79998779296875,,,,,,51.9075,10.37,36.9697,0.0,17.302499771118164,41.2146,27.0034,17.3025,13.2076,14.1419,1.1535,2026-08-09
sm5-99,Garchomp,normal,Ultra Prism,99,Rare,Megumi Mizutani,Stage 2,445,Pokémon,2018/02/02,"tcgplayer,cardmarket",https://prices.pokemontcg.io/tcgplayer/sm5-99,https://images.pokemontcg.io/sm5/99_hires.png,2026/08/08,2026/01/16,0.61,0.28999999165534973,0.6299999952316284,19.559999465942383,,3.79,,,,0.5767,0.0231,0.646,1.142,0.51910001039505,0.5767,0.5306,1.7302,1.0381,0.8651,1.1535,2026-08-09
sm6-93,Sliggoo,normal,Forbidden Light,93,Uncommon,Atsuko Nishida,Stage 1,705,Pokémon,2018/05/04,"tcgplayer,cardmarket",https://prices.pokemontcg.io/tcgplayer/sm6-93,https://images.pokemontcg.io/sm6/93_hires.png,2026/08/08,2026/01/16,0.32,0.15000000596046448,0.3499999940395355,19.979999542236328,,5.91,,,,0.1615,0.0346,0.2192,0.9805,0.51910001039505,0.1615,0.173,1.3727,0.5998,0.5767,1.1535,2026-08-09
ex9-98,Regice ex,holofoil,Emerald,98,Rare Holo EX,Hikaru Koike,Basic|ex,378,Pokémon,2005/05/01,"tcgplayer,cardmarket",https://prices.pokemontcg.io/tcgplayer/ex9-98,https://images.pokemontcg.io/ex9/98_hires.png,2026/08/08,2026/01/16,244.49,249.99000549316406,324.989990234375,399.989990234375,,,,,,71.517,22.9546,48.5854,0.0,71.51699829101562,53.2802,64.7806,28.8375,13.9227,16.2413,1.1535,2026-08-09
bw4-103,Hydreigon,holofoil,Next Destinies,103,Rare Secret,5ban Graphics,Stage 2,635,Pokémon,2012/02/08,"tcgplayer,cardmarket",https://prices.pokemontcg.io/tcgplayer/bw4-103,https://images.pokemontcg.io/bw4/103_hires.png,2026/08/08,2026/01/16,164.99,115.48999786376953,115.48999786376953,1090.0,,,,,,92.28,23.0239,108.1637,0.0,173.02499389648438,103.1344,70.029,7.4977,33.1977,23.0585,1.1535,2026-08-09
bw2-93,Great Ball,normal,Emerging Powers,93,Uncommon,5ban Graphics,Item,,Trainer,2011/08/31,"tcgplayer,cardmarket",https://prices.pokemontcg.io/tcgplayer/bw2-93,https://images.pokemontcg.io/bw2/93_hires.png,2026/08/08,2026/01/16,0.21,0.009999999776482582,0.25,17.479999542236328,,0.96,,,,0.1384,0.0231,0.173,0.9228,0.023099999874830246,0.2192,0.1269,1.1535,0.646,0.7267,1.1535,2026-08-09
swsh3-94,Hippowdon,normal,Darkness Ablaze,94,Rare,KEIICHIRO ITO,Stage 1,450,Pokémon,2020/08/14,"tcgplayer,cardmarket",https://prices.pokemontcg.io/tcgplayer/swsh3-94,https://images.pokemontcg.io/swsh3/94_hires.png,2026/08/08,2026/01/16,0.18,0.05999999865889549,0.20000000298023224,17.979999542236328,,0.41,,,,0.2307,0.0231,0.1615,0.3576,0.20759999752044678,0.1384,0.1961,0.1154,0.3922,0.4499,1.1535,2026-08-09
ex8-100,Hariyama ex,normal,Deoxys,100,Rare Holo EX,Ryo Ueda,Stage 1|ex,297,Pokémon,2005/02/01,"tcgplayer,cardmarket",https://prices.pokemontcg.io/tcgplayer/ex8-100,https://images.pokemontcg.io/ex8/100_hires.png,2026/08/08,2026/01/19,29.5,27.0,31.0,34.9900016784668,82.46,,,,,40.4879,6.921,39.5997,0.0,31.698200225830078,30.9253,33.6707,34.605,15.976,14.1996,1.1535,2026-08-09
xy10-96,Dome Fossil Kabuto,normal,Fates Collide,96,Uncommon,Toyste Beach,Item,,Trainer,2016/05/02,"tcgplayer,cardmarket",https://prices.pokemontcg.io/tcgplayer/xy10-96,https://images.pokemontcg.io/xy10/96_hires.png,2026/08/08,2026/01/16,0.24,0.05000000074505806,0.23999999463558197,1000.0,,0.33,,,,0.173,0.0231,0.173,0.4614,0.11540000140666962,0.2307,0.1384,0.5191,0.5075,0.6344,1.1535,2026-08-09
ecard3-68,Jigglypuff,normal,Skyridge,68,Common,Atsuko Nishida,Basic,39,Pokémon,2003/05/12,"tcgplayer,cardmarket",https://prices.pokemontcg.io/tcgplayer/ecard3-68,https://images.pokemontcg.io/ecard3/68_hires.png,2026/08/08,2026/01/16,34.61,39.0,66.0,329.8999938964844,,,,,,5.5022,1.7187,5.0408,32.9094,2.306999921798706,6.1712,4.9024,25.9537,29.495,18.7674,1.1535,2026-08-09
neo4-100,Lucky Stadium,unlimited,Neo Destiny,100,Uncommon,Imakuni?,Stadium,,Trainer,2002/02/28,"tcgplayer,cardmarket",https://prices.pokemontcg.io/tcgplayer/neo4-100,https://images.pokemontcg.io/neo4/100_hires.png,2026/08/08,2026/01/16,4.14,3.799999952316284,5.059999942779541,48.18000030517578,,,,,"{""1stEdition"": {""low"": 7.99, ""mid"": 48.75, ""high"": 498.39, ""market"": 27.54, ""directLow"": 38.46}}",3.5297,0.6575,2.4916,0.0,3.310499906539917,3.7373,4.8332,0.0,0.0,0.0,1.1535,2026-08-09
pl1-101,Turtwig,normal,Platinum,101,Common,Kagemaru Himeno,Basic,387,Pokémon,2009/02/11,"tcgplayer,cardmarket",https://prices.pokemontcg.io/tcgplayer/pl1-101,https://images.pokemontcg.io/pl1/101_hires.png,2026/08/08,2026/01/16,1.07,0.30000001192092896,1.0,4.989999771118164,,6.25,,,,0.323,0.0231,0.2768,23.07,0.05770000070333481,0.15,0.2422,23.07,5.3753,2.4916,1.1535,2026-08-09
dp7-93,Switch,normal,Stormfront,93,Common,Ryo Ueda,Item,,Trainer,2008/11/01,"tcgplayer,cardmarket",https://prices.pokemontcg.io/tcgplayer/dp7-93,https://images.pokemontcg.io/dp7/93_hires.png,2026/08/08,2026/01/16,0.43,0.14000000059604645,0.3799999952316284,18.260000228881836,,4.88,,,,0.1269,0.0231,0.2076,1.6034,0.6229000091552734,0.1615,0.1269,1.4188,1.6841,1.0381,1.1535,2026-08-09
dp4-94,Whismur,normal,Great Encounters,94,Common,Takao Unno,Basic,293,Pokémon,2008/02/01,"tcgplayer,cardmarket",https://prices.pokemontcg.io/tcgplayer/dp4-94,https://images.pokemontcg.io/dp4/94_hires.png,2026/08/08,2026/01/16,0.36,0.11999999731779099,0.36000001430511475,19.979999542236328,,1.43,,,,0.1154,0.0231,0.1846,1.4073,0.46140000224113464,0.2307,0.173,0.6921,0.9459,0.8882,1.1535,2026-08-09
xy6-96,Winona,normal,Roaring Skies,96,Uncommon,Megumi Mizutani,Supporter,,Trainer,2015/05/06,"tcgplayer,cardmarket",https://prices.pokemontcg.io/tcgplayer/xy6-96,https://images.pokemontcg.io/xy6/96_hires.png,2026/08/08,2026/01/16,0.34,0.07999999821186066,0.3400000035762787,1000.0,,0.74,,,,0.2884,0.0231,0.346,0.8882,0.40369999408721924,0.2884,0.4268,1.142,1.165,1.4073,1.1535,2026-08-09
xy9-91,Stantler,normal,BREAKpoint,91,Uncommon,sui,Basic,234,Pokémon,2016/02/03,"tcgplayer,cardmarket",https://prices.pokemontcg.io/tcgplayer/xy9-91,https://images.pokemontcg.io/xy9/91_hires.png,2026/08/08,2026/01/16,0.04,0.03999999910593033,0.20999999344348907,1000.0,,0.54,,,,0.1269,0.0231,0.1038,0.5652,0.11540000140666962,0.1154,0.0923,0.8421,0.7152,0.5421,1.1535,2026-08-09
bw5-94,Enhanced Hammer,normal,Dark Explorers,94,Uncommon,Ryo Ueda,Item,,Trainer,2012/05/09,"tcgplayer,cardmarket",https://prices.pokemontcg.io/tcgplayer/bw5-94,https://images.pokemontcg.io/bw5/94_hires.png,2026/08/08,2026/01/16,0.7,0.4699999988079071,0.7400000095367432,70.5999984741211,,1.86,,,,0.3691,0.0231,0.2884,0.5537,0.11540000140666962,0.3807,0.3691,0.2307,0.5998,1.1881,1.1535,2026-08-09
ex6-99,Super Scoop Up,normal,FireRed & LeafGreen,99,Uncommon,Keiji Kinebuchi,Item,,Trainer,2004/09/01,"tcgplayer,cardmarket",https://prices.pokemontcg.io/tcgplayer/ex6-99,https://images.pokemontcg.io/ex6/99_hires.png,2026/08/08,2026/01/16,1.44,0.7400000095367432,1.4600000381469727,19.979999542236328,,5.22,,,,1.2342,0.0231,0.5421,0.0,0.11540000140666962,0.8882,0.7382,9.228,5.11,4.4294,1.1535,2026-08-09
ecard2-76,Exeggcute,normal,Aquapolis,76,Common,Yukiko Baba,Basic,102,Pokémon,2003/01/15,"tcgplayer,cardmarket",https://prices.pokemontcg.io/tcgplayer/ecard2-76,https://images.pokemontcg.io/ecard2/76_hires.png,2026/08/08,2026/01/16,2.36,1.0,2.319999933242798,19.989999771118164,,30.55,,,,0.5767,0.0231,0.6921,7.3478,0.7382000088691711,0.7844,0.646,23.07,7.7861,6.8864,1.1535,2026-08-09
hgss1-111,Ho-Oh LEGEND,holofoil,HeartGold & SoulSilver,111,LEGEND,Shinji Higuchi,LEGEND,250,Pokémon,2010/02/10,"tcgplayer,cardmarket",https://prices.pokemontcg.io/tcgplayer/hgss1-111,https://images.pokemontcg.io/hgss1/111_hires.png,2026/08/08,2025/12/21,208.0,199.99000549316406,449.94000244140625,1200.0,,,,,,37.8463,5.7675,36.5429,0.0,44.98649978637695,45.4248,40.9377,17.3025,14.6956,19.2288,1.1535,2026-08-09
col1-SL5,Ho-Oh,,Call of Legends,SL5,Rare Holo,Hideaki Hakozaki,Basic,250,Pokémon,2011/02/09,cardmarket,https://prices.pokemontcg.io/cardmarket/col1-SL5,https://images.pokemontcg.io/col1/SL5_hires.png,,2026/01/16,,,,,,,,,,77.2845,23.07,98.9934,0.0,253.77000427246094,92.4415,99.4778,369.12,121.1867,58.817,1.1535,2026-08-09
base6-96,Tentacool,normal,Legendary Collection,96,Common,Kagemaru Himeno,Basic,72,Pokémon,2002/05/24,"tcgplayer,cardmarket",https://prices.pokemontcg.io/tcgplayer/base6-96,https://images.pokemontcg.io/base6/96_hires.png,2026/08/08,2026/01/16,0.66,0.10000000149011612,0.5899999737739563,18.059999465942383,,131.02,,,,0.2422,0.0577,0.2999,32.5864,0.51910001039505,0.3345,0.3576,23.07,37.2004,31.952,1.1535,2026-08-09
dp6-101,Hitmontop,normal,Legends Awakened,101,Common,Masakazu Fukuda,Basic,237,Pokémon,2008/08/01,"tcgplayer,cardmarket",https://prices.pokemontcg.io/tcgplayer/dp6-101,https://images.pokemontcg.io/dp6/101_hires.png,2026/08/08,2026/01/16,0.71,0.30000001192092896,0.5,19.979999542236328,,8.3,,,,0.4153,0.0231,0.346,3.449,0.05770000070333481,0.3691,0.3691,3.449,1.6149,1.3842,1.1535,2026-08-09
bw1-99,Pokémon Communication,normal,Black & White,99,Uncommon,5ban Graphics,Item,,Trainer,2011/04/25,"tcgplayer,cardmarket",https://prices.pokemontcg.io/tcgplayer/bw1-99,https://images.pokemontcg.io/bw1/99_hires.png,2026/08/08,2026/01/16,0.23,0.009999999776482582,0.25,16.219999313354492,,1.14,,,,0.0807,0.0231,0.1038,0.346,0.51910001039505,0.0692,0.0923,0.346,0.9343,1.0612,1.1535,2026-08-09
sm7-100,Celesteela,holofoil,Celestial Storm,100,Rare Holo,kawayoo,Basic|Ultra Beast,797,Pokémon,2018/08/03,"tcgplayer,cardmarket",https://prices.pokemontcg.io/tcgplayer/sm7-100,https://images.pokemontcg.io/sm7/100_hires.png,2026/08/08,2025/12/28,5.0,3.8299999237060547,7.260000228881836,48.54999923706055,,5.35,,,,0.5652,0.1615,0.8421,0.0,1.1419999599456787,0.5883,0.6575,0.4614,0.3576,0.2999,1.1535,2026-08-09
xy4-95,Gengar Spirit Link,normal,Phantom Forces,95,Uncommon,5ban Graphics,Pokémon Tool,,Trainer,2014/11/05,"tcgplayer,cardmarket",https://prices.pokemontcg.io/tcgplayer/xy4-95,https://images.pokemontcg.io/xy4/95_hires.png,2026/08/08,2026/01/16,5.05,1.649999976158142,3.1700000762939453,33.099998474121094,,17.58,,,,1.7649,0.0577,2.6646,0.0,5.571400165557861,2.976,1.661,5.7675,3.0914,5.3407,1.1535,2026-08-09
sm10-91,Marowak,normal,Unbroken Bonds,91,Rare,kirisAki,Stage 1,105,Pokémon,2019/05/03,"tcgplayer,cardmarket",https://prices.pokemontcg.io/tcgplayer/sm10-91,https://images.pokemontcg.io/sm10/91_hires.png,2026/08/08,2026/01/16,0.49,0.23999999463558197,0.5199999809265137,1.690000057220459,,0.92,,,,0.3922,0.346,0.496,1.3957,0.5074999928474426,0.4845,0.4729,0.5652,1.5111,1.5457,1.1535,2026-08-09
ex16-93,Claydol ex,holofoil,Power Keepers,93,Rare Holo EX,Ryo Ueda,Stage 1|ex,344,Pokémon,2007/02/02,"tcgplayer,cardmarket",https://prices.pokemontcg.io/tcgplayer/ex16-93,https://images.pokemontcg.io/ex16/93_hires.png,2026/08/08,2026/01/16,76.32,53.0,89.98999786376953,600.0,,,,,,32.4134,6.3442,27.8455,0.0,63.442501068115234,24.5926,26.0922,2.307,10.9582,12.9769,1.1535,2026-08-09
bw9-101,Ghetsis,holofoil,Plasma Freeze,101,Rare Holo,Yusuke Ohmura,Supporter|Team Plasma,,Trainer,2013/05/08,"tcgplayer,cardmarket",https://prices.pokemontcg.io/tcgplayer/bw9-101,https://images.pokemontcg.io/bw9/101_hires.png,2026/08/08,2026/01/16,2.66,1.090000033378601,2.2699999809265137,32.79999923706055,,6.58,,,,2.8491,1.3842,1.8917,0.0,2.2955000400543213,1.6149,1.7187,0.0,0.0,0.0,1.1535,2026-08-09
bw8-96,White Kyurem-EX,holofoil,Plasma Storm,96,Rare Holo EX,Shizurow,Basic|EX,646,Pokémon,2013/02/06,"tcgplayer,cardmarket",https://prices.pokemontcg.io/tcgplayer/bw8-96,https://images.pokemontcg.io/bw8/96_hires.png,2026/08/08,2026/01/16,4.58,2.990000009536743,4.940000057220459,8.0,,,,,,16.9103,1.3842,14.2111,0.0,4.037300109863281,5.4561,7.3939,4.4986,4.7986,3.968,1.1535,2026-08-09
ex7-98,Rocket's Hitmonchan ex,normal,Team Rocket Returns,98,Rare Holo EX,Mitsuhiro Arita,Basic|ex,107,Pokémon,2004/11/01,"tcgplayer,cardmarket",https://prices.pokemontcg.io/tcgplayer/ex7-98,https://images.pokemontcg.io/ex7/98_hires.png,2026/08/08,2026/01/16,,200.0,200.0,200.0,209.7,,,,,149.955,32.298,263.9785,0.0,149.9550018310547,261.8445,168.0073,51.9075,71.1825,35.92,1.1535,2026-08-09
xy5-106,M Gardevoir-EX,holofoil,Primal Clash,106,Rare Holo EX,5ban Graphics,MEGA|EX,282,Pokémon,2015/02/04,"tcgplayer,cardmarket",https://prices.pokemontcg.io/tcgplayer/xy5-106,https://images.pokemontcg.io/xy5/106_hires.png,2026/08/08,2025/12/07,27.26,16.010000228881836,27.1299991607666,151.10000610351562,,,,,,29.6449,9.1703,26.0691,0.0,14.995499610900879,27.6379,28.7337,4.614,4.0257,4.3948,1.1535,2026-08-09
swsh1-102,Baltoy,normal,Sword & Shield,102,Common,Miki Tanaka,Basic,343,Pokémon,2020/02/07,"tcgplayer,cardmarket",https://prices.pokemontcg.io/tcgplayer/swsh1-102,https://images.pokemontcg.io/swsh1/102_hires.png,2026/08/08,2025/12/07,0.03,0.009999999776482582,0.15000000596046448,19.979999542236328,,0.2,,,,0.0461,0.0231,0.0692,0.3807,0.023099999874830246,0.0577,0.0461,0.346,0.3691,0.2653,1.1535,2026-08-09
gym1-109,Erika's Maids,unlimited,Gym Heroes,109,Uncommon,Ken Sugimori,,,Trainer,2000/08/14,"tcgplayer,cardmarket",https://prices.pokemontcg.io/tcgplayer/gym1-109,https://images.pokemontcg.io/gym1/109_hires.png,2026/08/08,2026/01/16,2.99,0.9900000095367432,2.549999952316284,96.94999694824219,,,,,"{""1stEdition"": {""low"": 1.75, ""mid"": 6.47, ""high"": 79.99, ""market"": 6.47, ""directLow"": null}}",2.8953,0.0577,2.1916,0.0,5.0177001953125,2.8953,2.4685,0.0,0.0,0.0,1.1535,2026-08-09
hgss4-99,Darkrai & Cresselia LEGEND,holofoil,HS—Triumphant,99,LEGEND,Shinji Higuchi + Noriko Takaya,LEGEND,488|491,Pokémon,2010/11/03,"tcgplayer,cardmarket",https://prices.pokemontcg.io/tcgplayer/hgss4-99,https://images.pokemontcg.io/hgss4/99_hires.png,2026/08/08,2026/01/16,202.09,250.0,575.0,630.0,,,,,,65.8649,17.2679,64.3422,0.0,33.451499938964844,63.1772,74.1239,3.4605,23.2084,15.7453,1.1535,2026-08-09
xy3-89,Energy Switch,normal,Furious Fists,89,Uncommon,5ban Graphics,Item,,Trainer,2014/08/13,"tcgplayer,cardmarket",https://prices.pokemontcg.io/tcgplayer/xy3-89,https://images.pokemontcg.io/xy3/89_hires.png,2026/08/08,2026/01/16,0.19,0.07000000029802322,0.25,19.979999542236328,,0.68,,,,0.1846,0.0231,0.15,0.0,0.11540000140666962,0.1154,0.1615,0.5767,0.5767,0.9689,1.1535,2026-08-09
ex5-93,Groudon ex,holofoil,Hidden Legends,93,Rare Holo EX,Hikaru Koike,Basic|ex,383,Pokémon,2004/06/01,"tcgplayer,cardmarket",https://prices.pokemontcg.io/tcgplayer/ex5-93,https://images.pokemontcg.io/ex5/93_hires.png,2026/08/08,2026/02/01,263.03,225.0,374.989990234375,376.0,,,,,,53.0149,10.3815,85.9473,0.0,23.06999969482422,94.5524,89.4193,28.826,21.3051,12.9999,1.1535,2026-08-09
xy12-98,Metal Energy,normal,Evolutions,98,Common,,Basic,,Energy,2016/11/02,"tcgplayer,cardmarket",https://prices.pokemontcg.io/tcgplayer/xy12-98,https://images.pokemontcg.io/xy12/98_hires.png,2026/08/08,2026/01/16,0.61,0.2800000011920929,0.6000000238418579,19.979999542236328,,3.4,,,,0.7267,0.0231,0.0231,6.6326,0.34599998593330383,0.4729,1.1766,5.756,5.7098,6.102,1.1535,2026-08-09
ex2-94,Aerodactyl ex,holofoil,Sandstorm,94,Rare Holo EX,Hikaru Koike,Stage 1|ex,142,Pokémon,2003/09/18,"tcgplayer,cardmarket",https://prices.pokemontcg.io/tcgplayer/ex2-94,https://images.pokemontcg.io/ex2/94_hires.png,2026/08/08,2026/01/16,166.5,134.99000549316406,489.989990234375,1058.0999755859375,,,,,,58.3325,10.37,70.8595,0.0,76.70780181884766,52.4612,54.1684,18.456,8.8243,15.5607,1.1535,2026-08-09
xy11-103,Ninja Boy,normal,Steam Siege,103,Uncommon,Megumi Mizutani,Supporter,,Trainer,2016/08/03,"tcgplayer,cardmarket",https://prices.pokemontcg.io/tcgplayer/xy11-103,https://images.pokemontcg.io/xy11/103_hires.png,2026/08/08,2026/01/16,0.13,0.009999999776482582,0.20000000298023224,19.979999542236328,,0.41,,,,0.1269,0.0231,0.15,0.4037,0.17299999296665192,0.15,0.1615,0.1154,0.4729,0.4037,1.1535,2026-08-09
ecard1-92,Wartortle,normal,Expedition Base Set,92,Uncommon,Atsuko Nishida,Stage 1,8,Pokémon,2002/09/15,"tcgplayer,cardmarket",https://prices.pokemontcg.io/tcgplayer/ecard1-92,https://images.pokemontcg.io/ecard1/92_hires.png,2026/08/08,2026/02/01,24.32,15.0,28.989999771118164,159.89999389648438,,106.86,,,,4.614,1.1535,10.5891,27.6725,2.306999921798706,11.8926,8.8589,32.298,26.3805,19.6441,1.1535,2026-08-09
sm1-101,Eevee,normal,Sun & Moon,101,Common,Shibuzoh.,Basic,133,Pokémon,2017/02/03,"tcgplayer,cardmarket",https://prices.pokemontcg.io/tcgplayer/sm1-101,https://images.pokemontcg.io/sm1/101_hires.png,2026/08/08,2026/01/16,0.53,0.18000000715255737,0.5899999737739563,18.280000686645508,,2.5,,,,0.5306,0.0231,0.5767,2.3762,0.18459999561309814,0.4153,0.496,2.2955,2.7915,2.1455,1.1535,2026-08-09
pl2-104,Floatzel GL LV.X,holofoil,Rising Rivals,104,Rare Holo LV.X,Mitsuhiro Arita,Level-Up|SP,419,Pokémon,2009/05/16,"tcgplayer,cardmarket",https://prices.pokemontcg.io/tcgplayer/pl2-104,https://images.pokemontcg.io/pl2/104_hires.png,2026/08/08,2026/01/16,100.0,59.9900016784668,125.0,854.7000122070312,,,,,,65.5534,8.063,65.5419,0.0,36.9119987487793,59.982,45.5402,28.8375,36.7851,17.1987,1.1535,2026-08-09
gym1-110,Erika's Perfume,unlimited,Gym Heroes,110,Uncommon,Ken Sugimori,,,Trainer,2000/08/14,"tcgplayer,cardmarket",https://prices.pokemontcg.io/tcgplayer/gym1-110,https://images.pokemontcg.io/gym1/110_hires.png,2026/08/08,2026/01/16,1.52,0.5,1.100000023841858,4.989999771118164,,,,,"{""1stEdition"": {""low"": 1.5, ""mid"": 4.08, ""high"": 95.66, ""market"": 2.79, ""directLow"": 4.98}}",2.4685,0.2307,2.2147,0.0,2.0071001052856445,1.9379,1.9379,3.4605,3.4605,3.4605,1.1535,2026-08-09
g1-RC9,Raichu,normal,Generations,RC9,Common,Aya Kusube,Stage 1,26,Pokémon,2016/02/22,"tcgplayer,cardmarket",https://prices.pokemontcg.io/tcgplayer/g1-RC9,https://images.pokemontcg.io/g1/RC9_hires.png,2026/08/08,2026/01/16,16.08,9.989999771118164,16.049999237060547,104.98999786376953,,,,,,4.1526,0.5767,4.7178,0.0,3.4605000019073486,4.8562,3.8988,1.7187,1.2689,0.9113,1.1535,2026-08-09
dp6-102,Horsea,normal,Legends Awakened,102,Common,Ken Sugimori,Basic,116,Pokémon,2008/08/01,"tcgplayer,cardmarket",https://prices.pokemontcg.io/tcgplayer/dp6-102,https://images.pokemontcg.io/dp6/102_hires.png,2026/08/08,2026/01/16,0.44,0.25,0.44999998807907104,19.979999542236328,,2.28,,,,0.2768,0.0231,0.2884,1.4765,0.8651000261306763,0.3114,0.3345,1.4303,1.4188,1.3381,1.1535,2026-08-09
xy5-107,Kingdra,normal,Primal Clash,107,Rare,Suwama Chiaki,Stage 2,230,Pokémon,2015/02/04,"tcgplayer,cardmarket",https://prices.pokemontcg.io/tcgplayer/xy5-107,https://images.pokemontcg.io/xy5/107_hires.png,2026/08/08,2025/12/07,0.47,0.20000000298023224,0.4699999988079071,2.309999942779541,,1.3,,,,1.1996,0.0231,1.3381,2.803,1.1419999599456787,1.1881,1.2689,2.9991,2.5954,2.3416,1.1535,2026-08-09
bwp-BW92,Espeon,holofoil,BW Black Star Promos,BW92,Promo,The Pokémon Company Art Team,Stage 1,196,Pokémon,2011/03/01,"tcgplayer,cardmarket",https://prices.pokemontcg.io/tcgplayer/bwp-BW92,https://images.pokemontcg.io/bwp/BW92_hires.png,2026/08/08,2026/01/16,93.21,94.80000305175781,101.6500015258789,1012.3699951171875,,,,,,13.5421,2.2955,13.5767,0.0,28.826000213623047,17.7408,17.464,4.614,4.3948,7.1863,1.1535,2026-08-09
ex1-90,Energy Search,normal,Ruby & Sapphire,90,Common,Kai Ishikawa,Item,,Trainer,2003/07/01,"tcgplayer,cardmarket",https://prices.pokemontcg.io/tcgplayer/ex1-90,https://images.pokemontcg.io/ex1/90_hires.png,2026/08/08,2026/02/01,0.2,0.009999999776482582,0.25,20.25,,4.74,,,,0.0807,0.0231,0.0923,0.173,0.1615000069141388,0.1038,0.0923,0.173,4.0257,2.5146,1.1535,2026-08-09
xy8-98,Snubbull,normal,BREAKthrough,98,Common,Yuka Morii,Basic,209,Pokémon,2015/11/04,"tcgplayer,cardmarket",https://prices.pokemontcg.io/tcgplayer/xy8-98,https://images.pokemontcg.io/xy8/98_hires.png,2026/08/08,2026/01/16,1.42,0.5,1.440000057220459,19.979999542236328,,3.88,,,,0.4153,0.0231,0.4153,0.8305,0.04610000178217888,0.4037,0.3345,0.5767,0.9689,0.7728,1.1535,2026-08-09
ex9-99,Regirock ex,holofoil,Emerald,99,Rare Holo EX,Hikaru Koike,Basic|ex,377,Pokémon,2005/05/01,"tcgplayer,cardmarket",https://prices.pokemontcg.io/tcgplayer/ex9-99,https://images.pokemontcg.io/ex9/99_hires.png,2026/08/08,2026/01/16,138.5,170.0,759.7000122070312,1349.4000244140625,,,,,,23.7736,23.0469,55.8063,0.0,25.953699111938477,50.8232,51.1231,16.149,27.7763,22.9662,1.1535,2026-08-09
dp7-94,Cyclone Energy,normal,Stormfront,94,Uncommon,Takumi Akabane,Special,,Energy,2008/11/01,"tcgplayer,cardmarket",https://prices.pokemontcg.io/tcgplayer/dp7-94,https://images.pokemontcg.io/dp7/94_hires.png,2026/08/08,2026/01/16,0.69,0.2800000011920929,0.6000000238418579,19.979999542236328,,1.29,,,,0.2307,0.0577,0.323,1.0728,0.911300003528595,0.2768,0.3691,0.346,0.8651,1.1074,1.1535,2026-08-09
xyp-XY95,Pikachu,holofoil,XY Black Star Promos,XY95,Promo,Kanako Eo,Basic,25,Pokémon,2013/10/12,"tcgplayer,cardmarket",https://prices.pokemontcg.io/tcgplayer/xyp-XY95,https://images.pokemontcg.io/xyp/XY95_hires.png,2026/08/08,2026/01/16,178.32,120.0,231.0399932861328,9999.0,,,,,,101.8887,74.9775,94.9677,0.0,86.5009994506836,84.863,67.0876,34.605,33.3477,11.8464,1.1535,2026-08-09
ex11-99,Master Ball,normal,Delta Species,99,Uncommon,Keiji Kinebuchi,Item,,Trainer,2005/10/31,"tcgplayer,cardmarket",https://prices.pokemontcg.io/tcgplayer/ex11-99,https://images.pokemontcg.io/ex11/99_hires.png,2026/08/08,2026/01/16,0.46,0.20999999344348907,0.5,3.490000009536743,,14.27,,,,0.2884,0.0231,0.3576,6.6326,0.17299999296665192,0.3807,0.323,2.8838,6.8172,7.3824,1.1535,2026-08-09
ex16-94,Flygon ex,holofoil,Power Keepers,94,Rare Holo EX,Mitsuhiro Arita,Stage 2|ex,330,Pokémon,2007/02/02,"tcgplayer,cardmarket",https://prices.pokemontcg.io/tcgplayer/ex16-94,https://images.pokemontcg.io/ex16/94_hires.png,2026/08/08,2026/01/16,107.81,249.99000549316406,499.989990234375,969.219970703125,,,,,,33.1516,10.3815,31.2483,0.0,46.128501892089844,29.6911,28.5837,29.991,21.1898,18.1907,1.1535,2026-08-09
ex13-102,Gyarados ★ δ,holofoil,Holon Phantoms,102,Rare Holo Star,Masakazu Fukuda,Basic|Star,130,Pokémon,2006/05/01,"tcgplayer,cardmarket",https://prices.pokemontcg.io/tcgplayer/ex13-102,https://images.pokemontcg.io/ex13/102_hires.png,2026/08/08,2026/01/16,1200.0,25000.0,25000.0,25000.0,,,,,,980.475,461.4,1991.7023,0.0,1094.6715087890625,2298.591,1220.4952,230.6885,184.8253,184.4677,1.1535,2026-08-09
ecard3-69,Kadabra,normal,Skyridge,69,Common,Toshinao Aoki,Stage 1,64,Pokémon,2003/05/12,"tcgplayer,cardmarket",https://prices.pokemontcg.io/tcgplayer/ecard3-69,https://images.pokemontcg.io/ecard3/69_hires.png,2026/08/08,2026/01/16,27.74,29.989999771118164,45.0,287.70001220703125,,66.98,,,,6.102,0.9805,6.748,40.9492,6.9095001220703125,6.7595,5.3407,24.2235,29.2989,19.1827,1.1535,2026-08-09
xy6-97,Double Dragon Energy,normal,Roaring Skies,97,Uncommon,5ban Graphics,Special,,Energy,2015/05/06,"tcgplayer,cardmarket",https://prices.pokemontcg.io/tcgplayer/xy6-97,https://images.pokemontcg.io/xy6/97_hires.png,2026/08/08,2026/01/16,3.31,1.0,3.3299999237060547,19.989999771118164,,11.15,,,,4.3833,1.1535,5.1561,7.4977,5.317599773406982,4.441,4.7755,15.5723,11.362,10.0816,1.1535,2026-08-09
bw9-102,Shadow Triad,normal,Plasma Freeze,102,Uncommon,Yusuke Ohmura,Supporter|Team Plasma,,Trainer,2013/05/08,"tcgplayer,cardmarket",https://prices.pokemontcg.io/tcgplayer/bw9-102,https://images.pokemontcg.io/bw9/102_hires.png,2026/08/08,2026/01/16,0.26,0.05000000074505806,0.3199999928474426,18.479999542236328,,2.92,,,,0.2076,0.0231,0.2192,4.6025,0.23070000112056732,0.2653,0.1846,4.6025,1.8571,1.6034,1.1535,2026-08-09
ex7-99,Rocket's Mewtwo ex,holofoil,Team Rocket Returns,99,Rare Holo EX,Mitsuhiro Arita,Basic|ex,150,Pokémon,2004/11/01,"tcgplayer,cardmarket",https://prices.pokemontcg.io/tcgplayer/ex7-99,https://images.pokemontcg.io/ex7/99_hires.png,2026/08/08,2026/01/16,565.0,625.0,650.0,1499.989990234375,,,,,,403.6673,17.3025,635.3709,0.0,403.66729736328125,435.0195,544.8096,28.8375,149.9435,118.822,1.1535,2026-08-09
sm11-97,Toxapex,normal,Unified Minds,97,Rare,chibi,Stage 1,748,Pokémon,2019/08/02,"tcgplayer,cardmarket",https://prices.pokemontcg.io/tcgplayer/sm11-97,https://images.pokemontcg.io/sm11/97_hires.png,2026/08/08,2026/01/16,0.24,0.11999999731779099,0.25999999046325684,19.979999542236328,,0.44,,,,0.1846,0.0461,0.4153,0.4153,0.23070000112056732,0.2076,0.2653,0.8651,0.5421,0.4845,1.1535,2026-08-09
sm10-92,Rhyhorn,normal,Unbroken Bonds,92,Common,sowsow,Basic,111,Pokémon,2019/05/03,"tcgplayer,cardmarket",https://prices.pokemontcg.io/tcgplayer/sm10-92,https://images.pokemontcg.io/sm10/92_hires.png,2026/08/08,2026/01/16,0.13,0.05999999865889549,0.23999999463558197,19.979999542236328,,0.48,,,,0.15,0.0231,0.1615,0.5191,0.09229999780654907,0.1269,0.1615,0.5421,0.4383,0.4268,1.1535,2026-08-09
dp2-95,Remoraid,normal,Mysterious Treasures,95,Common,Sumiyoshi Kizuki,Basic,223,Pokémon,2007/08/01,"tcgplayer,cardmarket",https://prices.pokemontcg.io/tcgplayer/dp2-95,https://images.pokemontcg.io/dp2/95_hires.png,2026/08/08,2026/01/16,0.32,0.07000000029802322,0.33000001311302185,18.959999084472656,,1.75,,,,0.1269,0.0231,0.1961,3.8065,0.219200000166893,0.2192,0.1846,0.5767,2.2147,1.0728,1.1535,2026-08-09
swsh1-103,Claydol,normal,Sword & Shield,103,Rare,Tomokazu Komiya,Stage 1,344,Pokémon,2020/02/07,"tcgplayer,cardmarket",https://prices.pokemontcg.io/tcgplayer/swsh1-103,https://images.pokemontcg.io/swsh1/103_hires.png,2026/08/08,2025/12/07,0.36,0.09000000357627869,0.36000001430511475,19.979999542236328,,0.59,,,,0.3691,0.0231,0.3576,1.5111,0.46140000224113464,0.3691,0.496,0.5191,1.5342,1.2573,1.1535,2026-08-09
pl4-AR3,Arceus,holofoil,Arceus,AR3,Rare,Wataru Kawahara,Basic,493,Pokémon,2009/11/04,"tcgplayer,cardmarket",https://prices.pokemontcg.io/tcgplayer/pl4-AR3,https://images.pokemontcg.io/pl4/AR3_hires.png,2026/08/08,2025/12/28,36.73,17.0,40.529998779296875,1000.0,,,,,,5.9059,0.6921,5.5945,3.4605,0.8421000242233276,7.5324,5.9405,3.4605,3.0337,3.7489,1.1535,2026-08-09
ex5-94,Kyogre ex,holofoil,Hidden Legends,94,Rare Holo EX,Hikaru Koike,Basic|ex,382,Pokémon,2004/06/01,"tcgplayer,cardmarket",https://prices.pokemontcg.io/tcgplayer/ex5-94,https://images.pokemontcg.io/ex5/94_hires.png,2026/08/08,2026/02/01,223.75,189.99000549316406,210.0800018310547,1505.0,,,,,,64.8844,10.3815,32.1711,0.0,92.27999877929688,44.4097,48.274,38.0655,22.6432,22.5625,1.1535,2026-08-09
sm3-99,Noivern-GX,holofoil,Burning Shadows,99,Rare Holo GX,5ban Graphics,Stage 1|GX,715,Pokémon,2017/08/05,"tcgplayer,cardmarket",https://prices.pokemontcg.io/tcgplayer/sm3-99,https://images.pokemontcg.io/sm3/99_hires.png,2026/08/08,2025/12/28,1.94,0.8600000143051147,1.9900000095367432,25.420000076293945,,,,,,1.7187,0.5537,2.5492,0.0,1.6495000123977661,2.48,2.1916,1.7302,2.1455,2.3531,1.1535,2026-08-09
bw7-105,Raticate,normal,Boundaries Crossed,105,Uncommon,Naoki Saito,Stage 1,20,Pokémon,2012/11/07,"tcgplayer,cardmarket",https://prices.pokemontcg.io/tcgplayer/bw7-105,https://images.pokemontcg.io/bw7/105_hires.png,2026/08/08,2025/12/28,3.13,0.4000000059604645,3.0999999046325684,109.80000305175781,,3.03,,,,0.819,0.0577,1.0381,0.0,0.9804999828338623,0.9805,1.4995,2.8838,3.8527,4.1987,1.1535,2026-08-09
xy12-99,Fairy Energy,normal,Evolutions,99,Common,,Basic,,Energy,2016/11/02,"tcgplayer,cardmarket",https://prices.pokemontcg.io/tcgplayer/xy12-99,https://images.pokemontcg.io/xy12/99_hires.png,2026/08/08,2026/01/16,0.49,0.20000000298023224,0.5099999904632568,7.949999809265137,,6.49,,,,0.5537,0.0577,0.5421,3.2529,0.40369999408721924,0.3576,0.5998,8.6512,3.5066,3.2875,1.1535,2026-08-09
sm12-105,Onix,normal,Cosmic Eclipse,105,Common,otumami,Basic,95,Pokémon,2019/11/01,"tcgplayer,cardmarket",https://prices.pokemontcg.io/tcgplayer/sm12-105,https://images.pokemontcg.io/sm12/105_hires.png,2026/08/08,2025/12/07,0.23,0.009999999776482582,0.2199999988079071,19.979999542236328,,0.41,,,,0.0923,0.0231,0.0692,0.3922,0.023099999874830246,0.0346,0.0923,0.5767,0.3922,0.4268,1.1535,2026-08-09
xy3-90,Fighting Stadium,normal,Furious Fists,90,Uncommon,Ryo Ueda,Stadium,,Trainer,2014/08/13,"tcgplayer,cardmarket",https://prices.pokemontcg.io/tcgplayer/xy3-90,https://images.pokemontcg.io/xy3/90_hires.png,2026/08/08,2026/01/16,0.26,0.05999999865889549,0.2800000011920929,1000.0,,0.58,,,,0.2884,0.0231,0.2307,0.6921,0.12690000236034393,0.2192,0.2307,0.7498,0.7152,0.9574,1.1535,2026-08-09
ex11-100,Super Scoop Up,normal,Delta Species,100,Uncommon,Keiji Kinebuchi,Item,,Trainer,2005/10/31,"tcgplayer,cardmarket",https://prices.pokemontcg.io/tcgplayer/ex11-100,https://images.pokemontcg.io/ex11/100_hires.png,2026/08/08,2026/01/16,0.74,0.30000001192092896,0.9900000095367432,19.979999542236328,,6.2,,,,0.6114,0.173,0.992,3.4605,0.40369999408721924,0.5652,1.3727,3.4605,5.7675,4.9254,1.1535,2026-08-09
xy9-92,Ho-Oh-EX,holofoil,BREAKpoint,92,Rare Holo EX,Eske Yoshinob,Basic|EX,250,Pokémon,2016/02/03,"tcgplayer,cardmarket",https://prices.pokemontcg.io/tcgplayer/xy9-92,https://images.pokemontcg.io/xy9/92_hires.png,2026/08/08,2026/01/16,5.75,3.4200000762939453,5.730000019073486,97.41000366210938,,,,,,7.5208,2.307,7.5439,0.0,11.523500442504883,7.9822,8.4321,5.7675,5.2138,5.5483,1.1535,2026-08-09
bwp-BW93,Umbreon,holofoil,BW Black Star Promos,BW93,Promo,The Pokémon Company Art Team,Stage 1,197,Pokémon,2011/03/01,"tcgplayer,cardmarket",https://prices.pokemontcg.io/tcgplayer/bwp-BW93,https://images.pokemontcg.io/bwp/BW93_hires.png,2026/08/08,2026/01/16,216.88,134.25999450683594,180.0,451.0,,,,,,36.4621,5.7675,48.9661,0.0,191.76939392089844,72.8666,57.2713,20.1863,15.9183,13.2768,1.1535,2026-08-09
pl1-102,Vulpix,normal,Platinum,102,Common,Mitsuhiro Arita,Basic,37,Pokémon,2009/02/11,"tcgplayer,cardmarket",https://prices.pokemontcg.io/tcgplayer/pl1-102,https://images.pokemontcg.io/pl1/102_hires.png,2026/08/08,2026/01/16,1.19,0.4000000059604645,0.800000011920929,19.979999542236328,,14.0,,,,0.2307,0.0231,0.2768,3.1721,0.51910001039505,0.2538,0.2422,1.1535,2.7223,2.3877,1.1535,2026-08-09
ex15-91,Dragonite ex δ,holofoil,Dragon Frontiers,91,Rare Holo EX,Ryo Ueda,Stage 2|ex,149,Pokémon,2006/11/01,"tcgplayer,cardmarket",https://prices.pokemontcg.io/tcgplayer/ex15-91,https://images.pokemontcg.io/ex15/91_hires.png,2026/08/08,2026/01/16,289.97,320.0,329.989990234375,379.989990234375,,,,,,76.131,19.6095,80.0644,0.0,108.42900085449219,82.0369,83.9171,11.5235,31.4329,25.6423,1.1535,2026-08-09
xy5-108,Kingdra,holofoil,Primal Clash,108,Rare Holo,hatachu,Stage 2,230,Pokémon,2015/02/04,"tcgplayer,cardmarket",https://prices.pokemontcg.io/tcgplayer/xy5-108,https://images.pokemontcg.io/xy5/108_hires.png,2026/08/08,2025/12/07,10.66,6.360000133514404,9.0,100.0,,13.19,,,,7.5439,3.2183,8.4552,7.4977,11.53499984741211,7.6938,10.1162,10.3815,8.1783,9.5279,1.1535,2026-08-09
swsh3-95,Rhyperior V,holofoil,Darkness Ablaze,95,Rare Holo V,Eske Yoshinob,Basic|V,464,Pokémon,2020/08/14,"tcgplayer,cardmarket",https://prices.pokemontcg.io/tcgplayer/swsh3-95,https://images.pokemontcg.io/swsh3/95_hires.png,2026/08/08,2026/01/16,0.81,0.5799999833106995,1.0,19.979999542236328,,,,,,1.2573,0.2884,1.5111,0.0,1.545699954032898,1.3842,1.2919,1.7302,2.3993,2.0994,1.1535,2026-08-09
dp1-103,Turtwig,normal,Diamond & Pearl,103,Common,Ken Sugimori,Basic,387,Pokémon,2007/05/01,"tcgplayer,cardmarket",https://prices.pokemontcg.io/tcgplayer/dp1-103,https://images.pokemontcg.io/dp1/103_hires.png,2026/08/08,2026/01/15,0.53,0.25,0.44999998807907104,20.0,,3.68,,,,2.5031,0.5191,2.3762,0.0,2.306999921798706,2.0186,2.157,0.0,0.0,0.0,1.1535,2026-08-09
sm8-98,Sigilyph-GX,holofoil,Lost Thunder,98,Rare Holo GX,PLANETA Otani,Basic|GX,561,Pokémon,2018/11/02,"tcgplayer,cardmarket",https://prices.pokemontcg.io/tcgplayer/sm8-98,https://images.pokemontcg.io/sm8/98_hires.png,2026/08/08,2025/12/28,2.25,1.2300000190734863,2.359999895095825,99.0,,,,,,2.1801,0.6921,2.0071,0.0,3.5757999420166016,2.0763,2.3416,2.8838,3.299,3.2875,1.1535,2026-08-09
xyp-XY96,Umbreon,holofoil,XY Black Star Promos,XY96,Promo,kawayoo,Stage 1,197,Pokémon,2013/10/12,"tcgplayer,cardmarket",https://prices.pokemontcg.io/tcgplayer/xyp-XY96,https://images.pokemontcg.io/xyp/XY96_hires.png,2026/08/08,2026/01/16,112.4,71.98999786376953,118.0199966430664,1746.43994140625,,,,,,41.03,11.535,39.7265,0.0,8.651200294494629,39.219,36.0238,26.5305,23.9351,8.8127,1.1535,2026-08-09
ex16-95,Metagross ex,holofoil,Power Keepers,95,Rare Holo EX,Ryo Ueda,Stage 2|ex,376,Pokémon,2007/02/02,"tcgplayer,cardmarket",https://prices.pokemontcg.io/tcgplayer/ex16-95,https://images.pokemontcg.io/ex16/95_hires.png,2026/08/08,2026/01/16,80.01,53.9900016784668,61.9900016784668,69.98999786376953,,,,,,30.3371,13.8305,49.5313,0.0,28.837499618530273,24.731,44.7673,12.6885,19.5403,20.3131,1.1535,2026-08-09
ecard3-70,Kakuna,normal,Skyridge,70,Common,Hisao Nakamura,Stage 1,14,Pokémon,2003/05/12,"tcgplayer,cardmarket",https://prices.pokemontcg.io/tcgplayer/ecard3-70,https://images.pokemontcg.io/ecard3/70_hires.png,2026/08/08,2026/01/16,9.65,9.989999771118164,11.899999618530273,120.69999694824219,,65.0,,,,2.5262,0.4614,2.653,25.0309,4.613999843597412,2.5723,2.2493,1.1535,14.6841,12.8385,1.1535,2026-08-09
sm6-94,Goodra,holofoil,Forbidden Light,94,Rare Holo,hatachu,Stage 2,706,Pokémon,2018/05/04,"tcgplayer,cardmarket",https://prices.pokemontcg.io/tcgplayer/sm6-94,https://images.pokemontcg.io/sm6/94_hires.png,2026/08/08,2026/01/16,1.53,0.3499999940395355,1.5,4.989999771118164,,1.11,,,,0.7498,0.2307,0.7844,0.0,0.28839999437332153,0.7267,0.7844,0.5767,1.0381,0.992,1.1535,2026-08-09
bw8-97,Clefairy,normal,Plasma Storm,97,Common,Atsuko Nishida,Basic,35,Pokémon,2013/02/06,"tcgplayer,cardmarket",https://prices.pokemontcg.io/tcgplayer/bw8-97,https://images.pokemontcg.io/bw8/97_hires.png,2026/08/08,2026/01/16,0.4,0.15000000596046448,0.47999998927116394,19.979999542236328,,3.6,,,,0.3691,0.0231,0.5075,0.4268,1.1419999599456787,0.3922,0.3691,0.8997,0.7728,0.9228,1.1535,2026-08-09
xy4-96,Hand Scope,normal,Phantom Forces,96,Uncommon,Toyste Beach,Item,,Trainer,2014/11/05,"tcgplayer,cardmarket",https://prices.pokemontcg.io/tcgplayer/xy4-96,https://images.pokemontcg.io/xy4/96_hires.png,2026/08/08,2026/01/16,0.18,0.05000000074505806,0.25,19.979999542236328,,0.34,,,,0.173,0.0231,0.15,0.0,0.11540000140666962,0.1615,0.1961,0.5191,0.5767,0.5998,1.1535,2026-08-09
ex14-98,Swampert ex,holofoil,Crystal Guardians,98,Rare Holo EX,Ryo Ueda,Stage 2|ex,260,Pokémon,2006/08/01,"tcgplayer,cardmarket",https://prices.pokemontcg.io/tcgplayer/ex14-98,https://images.pokemontcg.io/ex14/98_hires.png,2026/08/08,2026/01/16,255.0,209.99000549316406,255.0,1374.800048828125,,,,,,63.2464,20.7515,63.7539,0.0,114.19650268554688,62.4505,48.7238,6.921,17.1064,38.227,1.1535,2026-08-09
bw9-103,Superior Energy Retrieval,normal,Plasma Freeze,103,Uncommon,5ban Graphics,Item,,Trainer,2013/05/08,"tcgplayer,cardmarket",https://prices.pokemontcg.io/tcgplayer/bw9-103,https://images.pokemontcg.io/bw9/103_hires.png,2026/08/08,2026/01/16,1.34,0.25,1.399999976158142,14.989999771118164,,7.24,,,,2.4224,0.0231,1.9379,7.7169,3.206700086593628,2.3185,1.9725,4.614,4.2564,3.9911,1.1535,2026-08-09
base4-103,Item Finder,normal,Base Set 2,103,Rare,Keiji Kinebuchi,,,Trainer,2000/02/24,"tcgplayer,cardmarket",https://prices.pokemontcg.io/tcgplayer/base4-103,https://images.pokemontcg.io/base4/103_hires.png,2026/08/08,2026/01/16,7.91,3.0,6.550000190734863,63.2400016784668,,,,,,6.5634,4.614,6.8056,0.0,5.190700054168701,5.9405,8.5128,0.0,0.0,0.0,1.1535,2026-08-09
hgss1-112,Ho-Oh LEGEND,holofoil,HeartGold & SoulSilver,112,LEGEND,Shinji Higuchi,LEGEND,250,Pokémon,2010/02/10,"tcgplayer,cardmarket",https://prices.pokemontcg.io/tcgplayer/hgss1-112,https://images.pokemontcg.io/hgss1/112_hires.png,2026/08/08,2025/12/21,127.03,94.51000213623047,395.3800048828125,4999.0,,,,,,28.9067,8.0745,32.7479,0.0,37.16579818725586,37.0273,30.5447,7.5324,17.2218,12.9884,1.1535,2026-08-09
sm11-98,Salandit,normal,Unified Minds,98,Common,Yukiko Baba,Basic,757,Pokémon,2019/08/02,"tcgplayer,cardmarket",https://prices.pokemontcg.io/tcgplayer/sm11-98,https://images.pokemontcg.io/sm11/98_hires.png,2026/08/08,2025/12/28,0.17,0.029999999329447746,0.20000000298023224,19.979999542236328,,0.32,,,,0.0461,0.0231,0.0577,0.4037,0.023099999874830246,0.0461,0.0692,0.5767,0.346,0.2538,1.1535,2026-08-09
ecard2-77,Exeggcute,normal,Aquapolis,77,Common,Sumiyoshi Kizuki,Basic,102,Pokémon,2003/01/15,"tcgplayer,cardmarket",https://prices.pokemontcg.io/tcgplayer/ecard2-77,https://images.pokemontcg.io/ecard2/77_hires.png,2026/08/08,2025/12/28,8.39,3.7799999713897705,7.150000095367432,127.5,,77.32,,,,1.3611,0.1154,1.8687,12.1117,4.59089994430542,1.7418,2.1686,12.1117,7.7169,4.2795,1.1535,2026-08-09
sm2-100,Kommo-o-GX,holofoil,Guardians Rising,100,Rare Holo GX,5ban Graphics,Stage 2|GX,784,Pokémon,2017/05/05,"tcgplayer,cardmarket",https://prices.pokemontcg.io/tcgplayer/sm2-100,https://images.pokemontcg.io/sm2/100_hires.png,2026/08/08,2025/12/07,3.52,2.0,3.75,96.45999908447266,,,,,,2.8838,0.5652,3.4259,0.0,1.7187000513076782,3.0914,2.7223,1.8456,1.8456,2.1801,1.1535,2026-08-09
sm9-106,Cobalion-GX,holofoil,Team Up,106,Rare Holo GX,5ban Graphics,Basic|GX,638,Pokémon,2019/02/01,"tcgplayer,cardmarket",https://prices.pokemontcg.io/tcgplayer/sm9-106,https://images.pokemontcg.io/sm9/106_hires.png,2026/08/08,2025/12/07,2.95,2.0,3.059999942779541,95.26000213623047,,,,,,4.764,0.5652,5.2715,0.0,1.1419999599456787,5.0985,4.1757,1.1535,2.4339,3.472,1.1535,2026-08-09
ex8-101,Manectric ex,normal,Deoxys,101,Rare Holo EX,Hikaru Koike,Stage 1|ex,310,Pokémon,2005/02/01,"tcgplayer,cardmarket",https://prices.pokemontcg.io/tcgplayer/ex8-101,https://images.pokemontcg.io/ex8/101_hires.png,2026/08/08,2026/01/16,92.0,75.0,75.0,75.0,75.51,,,,,27.3033,8.0745,53.3609,0.0,20.75149917602539,29.991,51.8844,11.5235,11.1659,16.4258,1.1535,2026-08-09
sm10-93,Rhyhorn,normal,Unbroken Bonds,93,Common,otumami,Basic,111,Pokémon,2019/05/03,"tcgplayer,cardmarket",https://prices.pokemontcg.io/tcgplayer/sm10-93,https://images.pokemontcg.io/sm10/93_hires.png,2026/08/08,2026/01/16,0.18,0.029999999329447746,0.20000000298023224,17.979999542236328,,0.28,,,,0.0923,0.0231,0.0807,0.4499,0.09229999780654907,0.0923,0.0807,0.2768,0.4037,0.3345,1.1535,2026-08-09
sm5-100,Dialga-GX,holofoil,Ultra Prism,100,Rare Holo GX,5ban Graphics,Basic|GX,483,Pokémon,2018/02/02,"tcgplayer,cardmarket",https://prices.pokemontcg.io/tcgplayer/sm5-100,https://images.pokemontcg.io/sm5/100_hires.png,2026/08/08,2025/12/28,11.58,10.710000038146973,13.529999732971191,909.3699951171875,,,,,,5.4215,1.6034,5.9636,0.0,4.1757001876831055,5.5022,5.8136,3.4144,4.7524,5.0985,1.1535,2026-08-09
xy10-97,Energy Pouch,normal,Fates Collide,97,Uncommon,Toyste Beach,Pokémon Tool,,Trainer,2016/05/02,"tcgplayer,cardmarket",https://prices.pokemontcg.io/tcgplayer/xy10-97,https://images.pokemontcg.io/xy10/97_hires.png,2026/08/08,2026/01/16,0.24,0.05000000074505806,0.25,1000.0,,0.41,,,,0.1269,0.0231,0.1038,0.3922,0.12690000236034393,0.1154,0.1269,0.4153,0.4383,0.5306,1.1535,2026-08-09
gym1-111,Good Manners,unlimited,Gym Heroes,111,Uncommon,Ken Sugimori,,,Trainer,2000/08/14,"tcgplayer,cardmarket",https://prices.pokemontcg.io/tcgplayer/gym1-111,https://images.pokemontcg.io/gym1/111_hires.png,2026/08/08,2026/01/16,4.21,2.0,3.950000047683716,39.439998626708984,,,,,"{""1stEdition"": {""low"": 3.98, ""mid"": 6.36, ""high"": 53.1, ""market"": 6.22, ""directLow"": 8.19}}",5.6175,1.1535,5.4561,0.0,11.523500442504883,5.4099,4.7293,2.307,3.1721,3.1721,1.1535,2026-08-09
neo4-101,Magnifier,unlimited,Neo Destiny,101,Uncommon,Keiji Kinebuchi,,,Trainer,2002/02/28,"tcgplayer,cardmarket",https://prices.pokemontcg.io/tcgplayer/neo4-101,https://images.pokemontcg.io/neo4/101_hires.png,2026/08/08,2026/01/16,1.16,0.4000000059604645,1.100000023841858,19.979999542236328,,,,,"{""1stEdition"": {""low"": 0.84, ""mid"": 2.68, ""high"": 34.6, ""market"": 2.75, ""directLow"": null}}",0.9113,0.1038,1.2804,0.0,2.306999921798706,1.3727,1.165,0.0,0.0,0.0,1.1535,2026-08-09
xy11-104,Pokémon Ranger,normal,Steam Siege,104,Uncommon,Yusuke Ohmura,Supporter,,Trainer,2016/08/03,"tcgplayer,cardmarket",https://prices.pokemontcg.io/tcgplayer/xy11-104,https://images.pokemontcg.io/xy11/104_hires.png,2026/08/08,2025/12/28,0.17,0.05000000074505806,0.20000000298023224,19.979999542236328,,0.41,,,,0.0,3.4605,0.0,0.0,0.0,0.0,0.0,0.0,0.0,0.0,1.1535,2026-08-09
pl3-99,Combee,normal,Supreme Victors,99,Common,Atsuko Nishida,Basic,415,Pokémon,2009/08/19,"tcgplayer,cardmarket",https://prices.pokemontcg.io/tcgplayer/pl3-99,https://images.pokemontcg.io/pl3/99_hires.png,2026/08/08,2026/01/16,0.32,0.05000000074505806,0.3199999928474426,19.979999542236328,,3.99,,,,0.15,0.0231,0.1615,0.0,0.09229999780654907,0.1615,0.1154,2.3647,2.2032,1.2689,1.1535,2026-08-09
smp-SM99,Mimikyu,holofoil,SM Black Star Promos,SM99,Promo,Megumi Mizutani,Basic,778,Pokémon,2017/02/03,"tcgplayer,cardmarket",https://prices.pokemontcg.io/tcgplayer/smp-SM99,https://images.pokemontcg.io/smp/SM99_hires.png,2026/08/08,2026/01/16,36.92,25.0,37.41999816894531,289.79998779296875,,,,,,12.9769,11.5235,16.1029,0.0,13.265199661254883,14.1881,12.1579,18.9174,17.4871,17.4409,1.1535,2026-08-09
swsh2-100,Whiscash,normal,Rebel Clash,100,Rare,kawayoo,Stage 1,340,Pokémon,2020/05/01,"tcgplayer,cardmarket",https://prices.pokemontcg.io/tcgplayer/swsh2-100,https://images.pokemontcg.io/swsh2/100_hires.png,2026/08/08,2025/12/28,0.27,0.05000000074505806,0.25,19.979999542236328,,0.46,,,,0.1961,0.0231,0.2192,0.6114,0.023099999874830246,0.15,0.2192,0.2307,0.5883,0.5998,1.1535,2026-08-09
ex6-100,VS Seeker,normal,FireRed & LeafGreen,100,Uncommon,K. Utsunomiya,Item,,Trainer,2004/09/01,"tcgplayer,cardmarket",https://prices.pokemontcg.io/tcgplayer/ex6-100,https://images.pokemontcg.io/ex6/100_hires.png,2026/08/08,2026/01/16,5.65,5.0,6.460000038146973,62.099998474121094,,19.94,,,,4.7524,1.7302,5.2023,0.0,4.613999843597412,5.4561,5.4099,24.2235,13.1153,12.2617,1.1535,2026-08-09
base6-97,Voltorb,normal,Legendary Collection,97,Common,Keiji Kinebuchi,Basic,100,Pokémon,2002/05/24,"tcgplayer,cardmarket",https://prices.pokemontcg.io/tcgplayer/base6-97,https://images.pokemontcg.io/base6/97_hires.png,2026/08/08,2026/01/16,0.98,0.2199999988079071,0.75,19.979999542236328,,99.96,,,,0.1961,0.0577,0.1615,35.7585,0.10379999876022339,0.2538,0.3576,21.905,30.6485,28.1339,1.1535,2026-08-09
bw11-104,Minccino,normal,Legendary Treasures,104,Common,Midori Harada,Basic,572,Pokémon,2013/11/06,"tcgplayer,cardmarket",https://prices.pokemontcg.io/tcgplayer/bw11-104,https://images.pokemontcg.io/bw11/104_hires.png,2026/08/08,2026/01/16,0.47,0.2199999988079071,0.4699999988079071,29.989999771118164,,2.48,,,,0.6114,0.1038,0.4268,6.1251,0.57669997215271,0.3345,0.4268,4.614,4.937,1.9725,1.1535,2026-08-09
ex5-95,Metagross ex,holofoil,Hidden Legends,95,Rare Holo EX,Mitsuhiro Arita,Stage 2|ex,376,Pokémon,2004/06/01,"tcgplayer,cardmarket",https://prices.pokemontcg.io/tcgplayer/ex5-95,https://images.pokemontcg.io/ex5/95_hires.png,2026/08/08,2026/02/01,177.66,53.369998931884766,249.99000549316406,349.989990234375,,,,,,67.7566,16.0221,68.5294,0.0,80.68730163574219,78.7148,55.5987,23.07,38.6422,27.4072,1.1535,2026-08-09
ex10-102,Espeon ex,holofoil,Unseen Forces,102,Rare Holo EX,Ryo Ueda,Stage 1|ex,196,Pokémon,2005/08/01,"tcgplayer,cardmarket",https://prices.pokemontcg.io/tcgplayer/ex10-102,https://images.pokemontcg.io/ex10/102_hires.png,2026/08/08,2026/01/16,333.59,333.5899963378906,1100.280029296875,1866.9599609375,,,,,,367.1821,51.9075,222.4755,0.0,396.3080139160156,246.526,232.7648,23.07,78.2765,78.2765,1.1535,2026-08-09
dp6-103,Houndour,normal,Legends Awakened,103,Common,Sumiyoshi Kizuki,Basic,228,Pokémon,2008/08/01,"tcgplayer,cardmarket",https://prices.pokemontcg.io/tcgplayer/dp6-103,https://images.pokemontcg.io/dp6/103_hires.png,2026/08/08,2026/01/16,0.92,0.20000000298023224,0.6200000047683716,19.020000457763672,,8.22,,,,0.2768,0.0231,0.2768,2.8607,0.25380000472068787,0.3114,0.2192,3.4605,3.1375,1.8687,1.1535,2026-08-09
col1-SL6,Kyogre,,Call of Legends,SL6,Rare Holo,Yuri Umemura,Basic,382,Pokémon,2011/02/09,cardmarket,https://prices.pokemontcg.io/cardmarket/col1-SL6,https://images.pokemontcg.io/col1/SL6_hires.png,,2026/01/16,,,,,,,,,,97.8514,22.9431,147.1635,0.0,115.3499984741211,118.1069,214.3088,69.21,163.301,72.4167,1.1535,2026-08-09
hgss4-100,Darkrai & Cresselia LEGEND,holofoil,HS—Triumphant,100,LEGEND,Shinji Higuchi + Noriko Takaya,LEGEND,488|491,Pokémon,2010/11/03,"tcgplayer,cardmarket",https://prices.pokemontcg.io/tcgplayer/hgss4-100,https://images.pokemontcg.io/hgss4/100_hires.png,2026/08/08,2026/01/16,139.68,129.5500030517578,400.0,1160.0,,,,,,72.6705,23.0585,69.6253,0.0,28.837499618530273,58.3902,58.4825,4.614,16.645,14.661,1.1535,2026-08-09
xy6-98,Thundurus-EX,holofoil,Roaring Skies,98,Rare Ultra,Ryo Ueda,Basic|EX,642,Pokémon,2015/05/06,"tcgplayer,cardmarket",https://prices.pokemontcg.io/tcgplayer/xy6-98,https://images.pokemontcg.io/xy6/98_hires.png,2026/08/08,2026/01/16,18.19,7.800000190734863,9.890000343322754,159.8000030517578,,,,,,16.4374,5.7675,13.3921,0.0,28.837499618530273,14.0496,12.181,5.6406,5.929,4.7409,1.1535,2026-08-09
bw2-94,Max Potion,normal,Emerging Powers,94,Uncommon,5ban Graphics,Item,,Trainer,2011/08/31,"tcgplayer,cardmarket",https://prices.pokemontcg.io/tcgplayer/bw2-94,https://images.pokemontcg.io/bw2/94_hires.png,2026/08/08,2026/01/16,1.0,0.30000001192092896,0.8899999856948853,19.979999542236328,,2.54,,,,0.4153,0.0231,0.3576,0.7267,0.11540000140666962,0.4037,0.4845,0.4037,1.5342,0.9343,1.1535,2026-08-09
dp5-99,Leafeon LV.X,holofoil,Majestic Dawn,99,Rare Holo LV.X,Ryo Ueda,Level-Up,470,Pokémon,2008/05/01,"tcgplayer,cardmarket",https://prices.pokemontcg.io/tcgplayer/dp5-99,https://images.pokemontcg.io/dp5/99_hires.png,2026/08/08,2026/01/16,200.0,250.0,324.989990234375,399.9700012207031,,,,,,136.459,25.377,179.4385,0.0,32.29800033569336,197.5599,154.1076,40.3725,41.9989,38.1001,1.1535,2026-08-09
sm4-91,Counter Catcher,normal,Crimson Invasion,91,Uncommon,Toyste Beach,Item,,Trainer,2017/11/03,"tcgplayer,cardmarket",https://prices.pokemontcg.io/tcgplayer/sm4-91,https://images.pokemontcg.io/sm4/91_hires.png,2026/08/08,2026/01/16,0.71,0.10000000149011612,0.7799999713897705,8.880000114440918,,3.98,,,,8.0745,6.921,13.6574,0.0,8.07450008392334,8.5936,10.543,0.5652,0.7498,1.1074,1.1535,2026-08-09
xy8-99,Granbull,normal,BREAKthrough,99,Uncommon,Naoki Saito,Stage 1,210,Pokémon,2015/11/04,"tcgplayer,cardmarket",https://prices.pokemontcg.io/tcgplayer/xy8-99,https://images.pokemontcg.io/xy8/99_hires.png,2026/08/08,2026/01/16,0.36,0.15000000596046448,0.3799999952316284,19.979999542236328,,0.86,,,,0.2192,0.0231,0.2307,0.9228,0.17299999296665192,0.2307,0.2768,0.7959,0.7844,0.7498,1.1535,2026-08-09
ex1-91,Potion,normal,Ruby & Sapphire,91,Common,Keiji Kinebuchi,Item,,Trainer,2003/07/01,"tcgplayer,cardmarket",https://prices.pokemontcg.io/tcgplayer/ex1-91,https://images.pokemontcg.io/ex1/91_hires.png,2026/08/08,2026/02/01,0.22,0.029999999329447746,0.23999999463558197,20.239999771118164,,3.25,,,,0.0923,0.0231,0.1038,1.6495,0.15000000596046448,0.1384,0.1038,1.1535,1.9263,1.7072,1.1535,2026-08-09
gym2-106,Koga,unlimited,Gym Challenge,106,Rare,Ken Sugimori,,,Trainer,2000/10/16,"tcgplayer,cardmarket",https://prices.pokemontcg.io/tcgplayer/gym2-106,https://images.pokemontcg.io/gym2/106_hires.png,2026/08/08,2026/01/16,4.41,2.0,4.0,43.099998474121094,,,,,"{""1stEdition"": {""low"": 5.28, ""mid"": 9.29, ""high"": 79.9, ""market"": 6.82, ""directLow"": null}}",10.6237,2.2955,8.7089,0.0,7.959199905395508,7.6016,8.5705,1.1535,1.8341,1.8341,1.1535,2026-08-09
g1-RC10,Dedenne,holofoil,Generations,RC10,Uncommon,kanahei,Basic,702,Pokémon,2016/02/22,"tcgplayer,cardmarket",https://prices.pokemontcg.io/tcgplayer/g1-RC10,https://images.pokemontcg.io/g1/RC10_hires.png,2026/08/08,2026/01/16,24.65,15.0,23.989999771118164,222.89999389648438,,,,,,6.3558,1.7302,6.5288,5.9059,5.32919979095459,6.0789,7.0017,9.0319,6.8633,7.3363,1.1535,2026-08-09
bw1-100,Potion,normal,Black & White,100,Common,Ayaka Yoshida,Item,,Trainer,2011/04/25,"tcgplayer,cardmarket",https://prices.pokemontcg.io/tcgplayer/bw1-100,https://images.pokemontcg.io/bw1/100_hires.png,2026/08/08,2026/01/16,0.2,0.009999999776482582,0.20000000298023224,17.079999923706055,,0.78,,,,0.0577,0.0231,0.1154,0.1154,0.023099999874830246,0.1038,0.0692,0.2884,0.5306,0.6921,1.1535,2026-08-09
sm7-101,Kartana,normal,Celestial Storm,101,Rare,Hasuno,Basic|Ultra Beast,798,Pokémon,2018/08/03,"tcgplayer,cardmarket",https://prices.pokemontcg.io/tcgplayer/sm7-101,https://images.pokemontcg.io/sm7/101_hires.png,2026/08/08,2025/12/28,0.9,0.6000000238418579,0.9900000095367432,19.979999542236328,,1.55,,,,1.1074,0.0577,0.8651,1.9379,0.5651999711990356,0.8536,0.9689,1.142,1.9725,1.6841,1.1535,2026-08-09
pl2-105,Flygon LV.X,holofoil,Rising Rivals,105,Rare Holo LV.X,Shizurow,Level-Up,330,Pokémon,2009/05/16,"tcgplayer,cardmarket",https://prices.pokemontcg.io/tcgplayer/pl2-105,https://images.pokemontcg.io/pl2/105_hires.png,2026/08/08,2026/01/16,120.38,73.98999786376953,83.5199966430664,200.0,,,,,,42.8987,8.9973,77.2499,0.0,403.7250061035156,77.446,49.0468,32.2749,20.6707,18.4906,1.1535,2026-08-09
bw5-95,Hooligans Jim & Cas,normal,Dark Explorers,95,Uncommon,Masakazu Fukuda,Supporter,,Trainer,2012/05/09,"tcgplayer,cardmarket",https://prices.pokemontcg.io/tcgplayer/bw5-95,https://images.pokemontcg.io/bw5/95_hires.png,2026/08/08,2026/01/16,0.38,0.20000000298023224,0.44999998807907104,2.490000009536743,,0.86,,,,0.2884,0.0231,0.2076,0.669,0.05770000070333481,0.1615,0.2192,0.2307,0.9343,0.8305,1.1535,2026-08-09
xy1-103,Swellow,normal,XY,103,Rare,Mizue,Stage 1,277,Pokémon,2014/02/05,"tcgplayer,cardmarket",https://prices.pokemontcg.io/tcgplayer/xy1-103,https://images.pokemontcg.io/xy1/103_hires.png,2026/08/08,2026/01/16,0.44,0.23999999463558197,0.4399999976158142,19.989999771118164,,0.9,,,,0.7267,0.0231,0.7498,1.142,0.8651000261306763,0.7267,0.7382,1.142,1.3842,1.0266,1.1535,2026-08-09
swsh4-98,Coalossal V,holofoil,Vivid Voltage,98,Rare Holo V,5ban Graphics,Basic|V,839,Pokémon,2020/11/13,"tcgplayer,cardmarket",https://prices.pokemontcg.io/tcgplayer/swsh4-98,https://images.pokemontcg.io/swsh4/98_hires.png,2026/08/08,2026/01/16,0.65,0.4000000059604645,0.9700000286102295,19.920000076293945,,,,,,1.0728,0.4614,1.2342,0.0,1.464900016784668,1.1189,1.1074,1.8456,1.5226,1.9379,1.1535,2026-08-09
ex13-103,Mewtwo ★,holofoil,Holon Phantoms,103,Rare Holo Star,Masakazu Fukuda,Basic|Star,150,Pokémon,2006/05/01,"tcgplayer,cardmarket",https://prices.pokemontcg.io/tcgplayer/ex13-103,https://images.pokemontcg.io/ex13/103_hires.png,2026/08/08,2026/01/16,,4750.0,5000.0,9200.0,,,,,,707.0955,449.865,1845.2078,0.0,707.0955200195312,1369.043,1250.5555,115.35,214.2511,167.9957,1.1535,2026-08-09
ex2-95,Aggron ex,holofoil,Sandstorm,95,Rare Holo EX,Hikaru Koike,Stage 2|ex,306,Pokémon,2003/09/18,"tcgplayer,cardmarket",https://prices.pokemontcg.io/tcgplayer/ex2-95,https://images.pokemontcg.io/ex2/95_hires.png,2026/08/08,2026/01/16,115.2,66.98999786376953,149.99000549316406,714.9400024414062,,,,,,42.1604,3.4605,36.266,0.0,23.06999969482422,49.6005,32.3557,14.3957,11.3158,12.3309,1.1535,2026-08-09
ecard1-93,Abra,normal,Expedition Base Set,93,Common,Hajime Kusajima,Basic,63,Pokémon,2002/09/15,"tcgplayer,cardmarket",https://prices.pokemontcg.io/tcgplayer/ecard1-93,https://images.pokemontcg.io/ecard1/93_hires.png,2026/08/08,2026/02/01,4.44,2.25,3.9100000858306885,33.75,,55.99,,,,0.8536,0.0577,1.0266,46.14,1.4072999954223633,1.2112,0.9574,19.0328,29.8295,14.4764,1.1535,2026-08-09
dp4-95,Wingull,normal,Great Encounters,95,Common,Ken Sugimori,Basic,278,Pokémon,2008/02/01,"tcgplayer,cardmarket",https://prices.pokemontcg.io/tcgplayer/dp4-95,https://images.pokemontcg.io/dp4/95_hires.png,2026/08/08,2026/01/16,0.35,0.20000000298023224,0.3499999940395355,19.979999542236328,,1.59,,,,0.2192,0.0231,0.2192,0.819,0.23070000112056732,0.2653,0.1615,0.8651,0.6575,0.9228,1.1535,2026-08-09
ex9-100,Registeel ex,holofoil,Emerald,100,Rare Holo EX,Hikaru Koike,Basic|ex,379,Pokémon,2005/05/01,"tcgplayer,cardmarket",https://prices.pokemontcg.io/tcgplayer/ex9-100,https://images.pokemontcg.io/ex9/100_hires.png,2026/08/08,2026/01/16,173.95,106.91000366210938,171.9600067138672,174.9499969482422,,,,,,72.6705,13.842,69.6368,0.0,34.60499954223633,67.226,57.7442,11.5235,12.9192,16.5758,1.1535,2026-08-09
swsh1-104,Regirock V,holofoil,Sword & Shield,104,Rare Holo V,PLANETA Tsuji,Basic|V,377,Pokémon,2020/02/07,"tcgplayer,cardmarket",https://prices.pokemontcg.io/tcgplayer/swsh1-104,https://images.pokemontcg.io/swsh1/104_hires.png,2026/08/08,2025/12/07,0.97,0.47999998927116394,1.0099999904632568,4.989999771118164,,,,,,1.8802,0.5767,1.488,0.0,1.153499960899353,1.2458,1.7302,1.7302,3.6797,2.7453,1.1535,2026-08-09
bw6-100,Ambipom,normal,Dragons Exalted,100,Rare,Akira Komayama,Stage 1,424,Pokémon,2012/08/15,"tcgplayer,cardmarket",https://prices.pokemontcg.io/tcgplayer/bw6-100,https://images.pokemontcg.io/bw6/100_hires.png,2026/08/08,2026/01/16,0.56,0.25999999046325684,0.6200000047683716,19.979999542236328,,1.15,,,,0.5191,0.0577,0.8305,2.1916,0.6920999884605408,0.7498,1.0035,1.7302,1.5918,1.488,1.1535,2026-08-09
neo1-95,New Pokédex,unlimited,Neo Genesis,95,Uncommon,Keiji Kinebuchi,,,Trainer,2000/12/16,"tcgplayer,cardmarket",https://prices.pokemontcg.io/tcgplayer/neo1-95,https://images.pokemontcg.io/neo1/95_hires.png,2026/08/08,2026/02/01,0.62,0.25,0.5799999833106995,23.489999771118164,,,,,"{""1stEdition"": {""low"": 0.49, ""mid"": 1.0, ""high"": 17.56, ""market"": 1.39, ""directLow"": 17.56}}",0.9113,0.0461,0.7728,0.0,0.1615000069141388,0.5998,0.8074,0.0,0.0,0.0,1.1535,2026-08-09
sm1-101a,Eevee,,Sun & Moon,101a,Common,Saya Tsuruta,Basic,133,Pokémon,2017/02/03,cardmarket,https://prices.pokemontcg.io/cardmarket/sm1-101a,https://images.pokemontcg.io/sm1/101a_hires.png,,2026/01/16,,,,,,,,,,16.299,2.4108,17.9831,0.0,3.4605000019073486,14.5572,13.4498,6.6326,7.267,6.3212,1.1535,2026-08-09
dp2-96,Sandshrew,normal,Mysterious Treasures,96,Common,Ken Sugimori,Basic,27,Pokémon,2007/08/01,"tcgplayer,cardmarket",https://prices.pokemontcg.io/tcgplayer/dp2-96,https://images.pokemontcg.io/dp2/96_hires.png,2026/08/08,2026/01/16,0.84,0.11999999731779099,0.4000000059604645,17.059999465942383,,7.22,,,,0.2192,0.0231,0.2884,13.842,0.06920000165700912,0.346,0.2884,13.842,3.7027,2.7338,1.1535,2026-08-09
pl4-AR4,Arceus,holofoil,Arceus,AR4,Rare,Kouki Saitou,Basic,493,Pokémon,2009/11/04,"tcgplayer,cardmarket",https://prices.pokemontcg.io/tcgplayer/pl4-AR4,https://images.pokemontcg.io/pl4/AR4_hires.png,2026/08/08,2025/12/28,52.04,47.689998626708984,56.029998779296875,499.3999938964844,,,,,,14.3495,1.1535,14.5341,7.4977,10.369999885559082,14.5687,12.9653,4.6025,8.3975,6.921,1.1535,2026-08-09
dp7-95,Warp Energy,normal,Stormfront,95,Uncommon,Takumi Akabane,Special,,Energy,2008/11/01,"tcgplayer,cardmarket",https://prices.pokemontcg.io/tcgplayer/dp7-95,https://images.pokemontcg.io/dp7/95_hires.png,2026/08/08,2026/01/16,2.52,1.2000000476837158,2.5199999809265137,25.100000381469727,,4.23,,,,0.3345,0.0346,0.3691,0.7382,0.57669997215271,0.346,0.5421,0.2307,0.7959,1.0958,1.1535,2026-08-09
ex7-100,Rocket's Moltres ex,holofoil,Team Rocket Returns,100,Rare Holo EX,Ryo Ueda,Basic|ex,146,Pokémon,2004/11/01,"tcgplayer,cardmarket",https://prices.pokemontcg.io/tcgplayer/ex7-100,https://images.pokemontcg.io/ex7/100_hires.png,2026/08/08,2026/01/16,498.88,495.0,747.5,999.989990234375,,,,,,124.0012,20.763,167.1883,0.0,201.8625030517578,84.6323,155.3995,138.3047,80.5489,59.6936,1.1535,2026-08-09
bw3-101,N,holofoil,Noble Victories,101,Rare Ultra,Ken Sugimori,Supporter,,Trainer,2011/11/16,"tcgplayer,cardmarket",https://prices.pokemontcg.io/tcgplayer/bw3-101,https://images.pokemontcg.io/bw3/101_hires.png,2026/08/08,2026/01/16,236.21,171.6300048828125,233.88999938964844,275.94000244140625,,,,,,66.3263,8.6512,51.5499,0.0,40.372501373291016,74.3085,53.1071,14.4764,23.5891,22.1472,1.1535,2026-08-09
dp3-108,Shroomish,normal,Secret Wonders,108,Common,Midori Harada,Basic,285,Pokémon,2007/11/01,"tcgplayer,cardmarket",https://prices.pokemontcg.io/tcgplayer/dp3-108,https://images.pokemontcg.io/dp3/108_hires.png,2026/08/08,2026/01/16,0.35,0.10000000149011612,0.3499999940395355,19.979999542236328,,3.32,,,,0.0807,0.0231,0.0807,1.2227,0.04610000178217888,0.0923,0.1615,0.346,1.142,1.2458,1.1535,2026-08-09
gym1-112,Lt. Surge's Treaty,unlimited,Gym Heroes,112,Uncommon,Ken Sugimori,,,Trainer,2000/08/14,"tcgplayer,cardmarket",https://prices.pokemontcg.io/tcgplayer/gym1-112,https://images.pokemontcg.io/gym1/112_hires.png,2026/08/08,2026/01/16,2.0,0.75,1.899999976158142,7.0,,,,,"{""1stEdition"": {""low"": 1.2, ""mid"": 2.77, ""high"": 9999.0, ""market"": 2.76, ""directLow"": null}}",1.7533,0.4614,1.8456,0.0,2.0185999870300293,1.9609,1.8341,0.0,0.0,0.0,1.1535,2026-08-09
xy5-109,Vibrava,normal,Primal Clash,109,Uncommon,Yukiko Baba,Stage 1,329,Pokémon,2015/02/04,"tcgplayer,cardmarket",https://prices.pokemontcg.io/tcgplayer/xy5-109,https://images.pokemontcg.io/xy5/109_hires.png,2026/08/08,2025/12/07,0.31,0.10000000149011612,0.27000001072883606,19.979999542236328,,0.54,,,,0.15,0.0231,0.2307,0.7959,0.28839999437332153,0.1846,0.2076,0.9113,0.5652,0.646,1.1535,2026-08-09
dp6-104,Ledyba,normal,Legends Awakened,104,Common,Atsuko Nishida,Basic,165,Pokémon,2008/08/01,"tcgplayer,cardmarket",https://prices.pokemontcg.io/tcgplayer/dp6-104,https://images.pokemontcg.io/dp6/104_hires.png,2026/08/08,2026/01/16,0.34,0.15000000596046448,0.33000001311302185,19.979999542236328,,6.13,,,,0.1384,0.0231,0.2307,0.2307,0.7498000264167786,0.1615,0.1269,0.2307,1.0497,1.0266,1.1535,2026-08-09
pl3-100,Corphish,normal,Supreme Victors,100,Common,Hajime Kusajima,Basic,341,Pokémon,2009/08/19,"tcgplayer,cardmarket",https://prices.pokemontcg.io/tcgplayer/pl3-100,https://images.pokemontcg.io/pl3/100_hires.png,2026/08/08,2026/01/16,0.34,0.10000000149011612,0.30000001192092896,23.489999771118164,,2.43,,,,0.173,0.0231,0.2192,0.0,0.05770000070333481,0.2653,0.1154,0.5537,0.9343,0.9805,1.1535,2026-08-09
xyp-XY97,Aerodactyl-EX,holofoil,XY Black Star Promos,XY97,Promo,Ayaka Yoshida,Basic|EX,142,Pokémon,2013/10/12,"tcgplayer,cardmarket",https://prices.pokemontcg.io/tcgplayer/xyp-XY97,https://images.pokemontcg.io/xyp/XY97_hires.png,2026/08/08,2026/01/16,5.44,3.2799999713897705,5.559999942779541,52.5,,,,,,10.1508,2.307,9.9547,0.0,11.53499984741211,10.047,9.8394,8.0514,6.2635,5.1331,1.1535,2026-08-09
swsh3-96,Diggersby,normal,Darkness Ablaze,96,Rare,0313,Stage 1,660,Pokémon,2020/08/14,"tcgplayer,cardmarket",https://prices.pokemontcg.io/tcgplayer/swsh3-96,https://images.pokemontcg.io/swsh3/96_hires.png,2026/08/08,2026/01/16,0.23,0.03999999910593033,0.23999999463558197,19.979999542236328,,0.28,,,,0.2076,0.0231,0.1961,0.6575,0.17299999296665192,0.1615,0.173,0.346,0.5883,0.5537,1.1535,2026-08-09
ex16-96,Salamence ex,holofoil,Power Keepers,96,Rare Holo EX,Mitsuhiro Arita,Stage 2|ex,373,Pokémon,2007/02/02,"tcgplayer,cardmarket",https://prices.pokemontcg.io/tcgplayer/ex16-96,https://images.pokemontcg.io/ex16/96_hires.png,2026/08/08,2026/01/16,219.52,245.6199951171875,314.1300048828125,1096.6700439453125,,,,,,52.4842,9.228,56.4638,0.0,63.442501068115234,55.8294,49.6351,28.2607,27.4187,26.046,1.1535,2026-08-09
ex7-101,Rocket's Scizor ex,holofoil,Team Rocket Returns,101,Rare Holo EX,Hikaru Koike,Stage 1|ex,212,Pokémon,2004/11/01,"tcgplayer,cardmarket",https://prices.pokemontcg.io/tcgplayer/ex7-101,https://images.pokemontcg.io/ex7/101_hires.png,2026/08/08,2026/01/16,341.02,375.0,587.5,799.989990234375,,,,,,380.5281,40.3725,185.4597,0.0,380.5281066894531,151.5814,165.0197,115.2923,64.746,60.8241,1.1535,2026-08-09
sm10-94,Rhydon,normal,Unbroken Bonds,94,Uncommon,kirisAki,Stage 1,112,Pokémon,2019/05/03,"tcgplayer,cardmarket",https://prices.pokemontcg.io/tcgplayer/sm10-94,https://images.pokemontcg.io/sm10/94_hires.png,2026/08/08,2026/01/16,0.26,0.10000000149011612,0.25999999046325684,19.979999542236328,,0.97,,,,0.3807,0.0231,0.323,0.7613,0.17299999296665192,0.2999,0.2653,0.9459,0.9459,0.7959,1.1535,2026-08-09
base6-98,Vulpix,normal,Legendary Collection,98,Common,Ken Sugimori,Basic,37,Pokémon,2002/05/24,"tcgplayer,cardmarket",https://prices.pokemontcg.io/tcgplayer/base6-98,https://images.pokemontcg.io/base6/98_hires.png,2026/08/08,2026/01/16,1.55,0.5,1.0,19.979999542236328,,155.3,,,,0.9574,0.0577,1.1189,34.605,0.7498000264167786,1.2804,0.8305,34.605,90.9535,61.5969,1.1535,2026-08-09
ex6-101,Potion,normal,FireRed & LeafGreen,101,Common,Keiji Kinebuchi,Item,,Trainer,2004/09/01,"tcgplayer,cardmarket",https://prices.pokemontcg.io/tcgplayer/ex6-101,https://images.pokemontcg.io/ex6/101_hires.png,2026/08/08,2026/01/16,0.24,0.07999999821186066,0.25,21.0,,5.49,,,,0.0807,0.0231,0.0346,0.0,0.023099999874830246,0.0461,0.0923,5.6522,5.7906,3.9334,1.1535,2026-08-09
sm9-107,Honedge,normal,Team Up,107,Common,sui,Basic,679,Pokémon,2019/02/01,"tcgplayer,cardmarket",https://prices.pokemontcg.io/tcgplayer/sm9-107,https://images.pokemontcg.io/sm9/107_hires.png,2026/08/08,2025/12/07,0.22,0.03999999910593033,0.23999999463558197,18.780000686645508,,0.41,,,,0.0807,0.0231,0.0577,0.3576,0.09229999780654907,0.0692,0.0807,1.1304,0.4845,0.3922,1.1535,2026-08-09
ex2-96,Gardevoir ex,holofoil,Sandstorm,96,Rare Holo EX,Hikaru Koike,Stage 2|ex,282,Pokémon,2003/09/18,"tcgplayer,cardmarket",https://prices.pokemontcg.io/tcgplayer/ex2-96,https://images.pokemontcg.io/ex2/96_hires.png,2026/08/08,2026/01/16,235.53,174.99000549316406,317.5,499.989990234375,,,,,,58.6901,6.921,60.6856,0.0,121.11750030517578,82.383,60.5703,14.984,14.2919,15.1108,1.1535,2026-08-09
xyp-XY98,M Aerodactyl-EX,holofoil,XY Black Star Promos,XY98,Promo,5ban Graphics,MEGA|EX,142,Pokémon,2013/10/12,"tcgplayer,cardmarket",https://prices.pokemontcg.io/tcgplayer/xyp-XY98,https://images.pokemontcg.io/xyp/XY98_hires.png,2026/08/08,2026/01/16,23.29,11.34000015258789,17.729999542236328,186.89999389648438,,,,,,34.5935,11.535,33.3708,0.0,34.59349822998047,32.9324,23.8544,21.9165,15.3069,11.1428,1.1535,2026-08-09
col1-SL7,Lugia,,Call of Legends,SL7,Rare Holo,Hideaki Hakozaki,Basic,249,Pokémon,2011/02/09,cardmarket,https://prices.pokemontcg.io/cardmarket/col1-SL7,https://images.pokemontcg.io/col1/SL7_hires.png,,2026/01/16,,,,,,,,,,542.145,31.1445,432.6086,0.0,253.7469024658203,469.1746,274.5561,57.675,83.0059,53.8454,1.1535,2026-08-09
dp3-109,Shuckle,normal,Secret Wonders,109,Common,Emi Yoshida,Basic,213,Pokémon,2007/11/01,"tcgplayer,cardmarket",https://prices.pokemontcg.io/tcgplayer/dp3-109,https://images.pokemontcg.io/dp3/109_hires.png,2026/08/08,2026/01/16,1.73,0.5,1.25,28.100000381469727,,20.49,,,,0.4383,0.0231,0.4383,2.307,0.219200000166893,0.5652,0.4845,4.0026,2.157,1.661,1.1535,2026-08-09
sm5-101,Palkia-GX,holofoil,Ultra Prism,101,Rare Holo GX,5ban Graphics,Basic|GX,484,Pokémon,2018/02/02,"tcgplayer,cardmarket",https://prices.pokemontcg.io/tcgplayer/sm5-101,https://images.pokemontcg.io/sm5/101_hires.png,2026/08/08,2025/12/28,6.35,2.25,6.079999923706055,4319.41015625,,,,,,4.5563,1.6726,4.5679,0.0,4.602499961853027,4.5794,4.5217,5.7675,4.764,5.1331,1.1535,2026-08-09
gym2-107,Lt. Surge's Secret Plan,unlimited,Gym Challenge,107,Rare,Ken Sugimori,,,Trainer,2000/10/16,"tcgplayer,cardmarket",https://prices.pokemontcg.io/tcgplayer/gym2-107,https://images.pokemontcg.io/gym2/107_hires.png,2026/08/08,2026/01/16,6.6,4.010000228881836,6.619999885559082,125.80000305175781,,,,,"{""1stEdition"": {""low"": 5.31, ""mid"": 9.62, ""high"": 89.8, ""market"": 8.4, ""directLow"": null}}",9.7586,2.2493,9.0665,0.0,8.593600273132324,9.7586,7.7977,0.0,0.0,0.0,1.1535,2026-08-09
ex1-92,Switch,normal,Ruby & Sapphire,92,Common,Hiromichi Sugiyama,Item,,Trainer,2003/07/01,"tcgplayer,cardmarket",https://prices.pokemontcg.io/tcgplayer/ex1-92,https://images.pokemontcg.io/ex1/92_hires.png,2026/08/08,2026/02/01,0.51,0.09000000357627869,0.44999998807907104,19.979999542236328,,4.89,,,,0.2768,0.0231,0.2768,1.3035,0.28839999437332153,0.1961,0.2192,2.307,1.7879,2.0302,1.1535,2026-08-09
pl2-106,Gallade E4 LV.X,holofoil,Rising Rivals,106,Rare Holo LV.X,Ryo Ueda,Level-Up|SP,475,Pokémon,2009/05/16,"tcgplayer,cardmarket",https://prices.pokemontcg.io/tcgplayer/pl2-106,https://images.pokemontcg.io/pl2/106_hires.png,2026/08/08,2026/01/16,99.03,150.0,159.4600067138672,189.99000549316406,,,,,,37.9502,6.921,32.621,74.9775,5.767499923706055,33.3592,44.8596,74.9775,33.6015,20.2785,1.1535,2026-08-09
hgss4-101,Palkia & Dialga LEGEND,holofoil,HS—Triumphant,101,LEGEND,Shinji Higuchi + Sachiko Eba,LEGEND,483|484,Pokémon,2010/11/03,"tcgplayer,cardmarket",https://prices.pokemontcg.io/tcgplayer/hgss4-101,https://images.pokemontcg.io/hgss4/101_hires.png,2026/08/08,2026/01/16,129.88,125.6500015258789,347.489990234375,2753.0,,,,,,44.652,8.0745,48.2048,0.0,31.144500732421875,45.4825,47.801,28.8375,16.5873,19.598,1.1535,2026-08-09
swsh3-97,Passimian,normal,Darkness Ablaze,97,Common,SATOSHI NAKAI,Basic,766,Pokémon,2020/08/14,"tcgplayer,cardmarket",https://prices.pokemontcg.io/tcgplayer/swsh3-97,https://images.pokemontcg.io/swsh3/97_hires.png,2026/08/08,2026/01/16,0.05,0.009999999776482582,0.15000000596046448,25.059999465942383,,0.08,,,,0.0577,0.0231,0.0692,0.173,0.03460000082850456,0.0577,0.0461,0.0461,0.1615,0.1615,1.1535,2026-08-09
bw7-106,Meowth,normal,Boundaries Crossed,106,Common,Ken Sugimori,Basic,52,Pokémon,2012/11/07,"tcgplayer,cardmarket",https://prices.pokemontcg.io/tcgplayer/bw7-106,https://images.pokemontcg.io/bw7/106_hires.png,2026/08/08,2025/12/28,0.95,0.20000000298023224,0.8999999761581421,19.979999542236328,,6.48,,,,0.2192,0.0231,0.2768,0.4614,0.51910001039505,0.2653,0.2076,0.0807,0.669,0.9343,1.1535,2026-08-09
xy10-98,Energy Reset,normal,Fates Collide,98,Uncommon,Toyste Beach,Item,,Trainer,2016/05/02,"tcgplayer,cardmarket",https://prices.pokemontcg.io/tcgplayer/xy10-98,https://images.pokemontcg.io/xy10/98_hires.png,2026/08/08,2026/01/16,0.23,0.029999999329447746,0.25,2.990000009536743,,0.33,,,,0.2538,0.0231,0.2538,0.3345,0.11540000140666962,0.1961,0.2422,0.1038,0.4499,0.4153,1.1535,2026-08-09
ex13-104,Pikachu ★,holofoil,Holon Phantoms,104,Rare Holo Star,Masakazu Fukuda,Basic|Star,25,Pokémon,2006/05/01,"tcgplayer,cardmarket",https://prices.pokemontcg.io/tcgplayer/ex13-104,https://images.pokemontcg.io/ex13/104_hires.png,2026/08/08,2026/01/16,3200.0,6997.83984375,6997.83984375,6997.83984375,,,,,,2869.3313,576.75,1978.6101,3806.55,1493.782470703125,1745.084,1402.2983,3806.55,1100.7736,462.1844,1.1535,2026-08-09
bw5-96,N,normal,Dark Explorers,96,Uncommon,Megumi Mizutani,Supporter,,Trainer,2012/05/09,"tcgplayer,cardmarket",https://prices.pokemontcg.io/tcgplayer/bw5-96,https://images.pokemontcg.io/bw5/96_hires.png,2026/08/08,2026/01/16,2.98,1.2000000476837158,2.380000114440918,96.94000244140625,,3.32,,,,2.3185,0.0461,1.7995,3.6681,0.9228000044822693,2.0302,1.661,3.4605,3.6566,3.6105,1.1535,2026-08-09
xy3-91,Focus Sash,normal,Furious Fists,91,Uncommon,Toyste Beach,Pokémon Tool,,Trainer,2014/08/13,"tcgplayer,cardmarket",https://prices.pokemontcg.io/tcgplayer/xy3-91,https://images.pokemontcg.io/xy3/91_hires.png,2026/08/08,2026/01/16,0.62,0.10000000149011612,0.6100000143051147,1000.0,,1.89,,,,0.7267,0.0231,0.9113,2.2609,1.1419999599456787,1.0958,0.9574,2.8261,2.0994,2.134,1.1535,2026-08-09
bw3-102,Meowth,holofoil,Noble Victories,102,Rare Secret,Kouki Saitou,Basic,52,Pokémon,2011/11/16,"tcgplayer,cardmarket",https://prices.pokemontcg.io/tcgplayer/bw3-102,https://images.pokemontcg.io/bw3/102_hires.png,2026/08/08,2026/01/16,92.37,61.9900016784668,130.42999267578125,649.9000244140625,,,,,,24.2004,4.614,23.0931,0.0,5.767499923706055,24.6964,23.5891,16.0913,14.1188,13.9458,1.1535,2026-08-09
g1-RC11,Wobbuffet,normal,Generations,RC11,Common,Yukiko Baba,Basic,202,Pokémon,2016/02/22,"tcgplayer,cardmarket",https://prices.pokemontcg.io/tcgplayer/g1-RC11,https://images.pokemontcg.io/g1/RC11_hires.png,2026/08/08,2026/01/16,6.44,3.0999999046325684,6.03000020980835,49.9900016784668,,,,,,1.2573,0.2192,1.3265,0.0,1.153499960899353,1.2342,1.2573,1.1535,1.0035,0.8421,1.1535,2026-08-09
ex8-102,Rayquaza ex,holofoil,Deoxys,102,Rare Holo EX,Shin-ichi Yoshikawa,Basic|ex,384,Pokémon,2005/02/01,"tcgplayer,cardmarket",https://prices.pokemontcg.io/tcgplayer/ex8-102,https://images.pokemontcg.io/ex8/102_hires.png,2026/08/08,2026/01/16,999.0,251.32000732421875,450.0,820.6799926757812,,,,,,113.689,20.763,109.8824,0.0,57.66350173950195,125.7084,89.2924,91.1265,43.4985,55.0681,1.1535,2026-08-09
sm7-102,Stakataka-GX,holofoil,Celestial Storm,102,Rare Holo GX,5ban Graphics,Basic|GX|Ultra Beast,805,Pokémon,2018/08/03,"tcgplayer,cardmarket",https://prices.pokemontcg.io/tcgplayer/sm7-102,https://images.pokemontcg.io/sm7/102_hires.png,2026/08/08,2025/12/21,10.21,8.25,10.619999885559082,148.50999450683594,,,,,,5.1677,1.6149,6.0213,0.0,5.767499923706055,5.3407,4.96,1.7302,2.6992,2.6646,1.1535,2026-08-09
ex11-101,Potion,normal,Delta Species,101,Common,Shin-ichi Yoshikawa,Item,,Trainer,2005/10/31,"tcgplayer,cardmarket",https://prices.pokemontcg.io/tcgplayer/ex11-101,https://images.pokemontcg.io/ex11/101_hires.png,2026/08/08,2026/01/16,0.28,0.09000000357627869,0.27000001072883606,19.979999542236328,,1.65,,,,0.1846,0.0231,0.0346,0.0,0.023099999874830246,0.2999,0.2884,11.535,5.7329,5.433,1.1535,2026-08-09
bw2-95,Pokémon Catcher,normal,Emerging Powers,95,Uncommon,5ban Graphics,Item,,Trainer,2011/08/31,"tcgplayer,cardmarket",https://prices.pokemontcg.io/tcgplayer/bw2-95,https://images.pokemontcg.io/bw2/95_hires.png,2026/08/08,2026/01/16,1.56,1.0,1.6399999856948853,28.100000381469727,,5.2,,,,0.346,103.815,34.2243,0.0,0.34599998593330383,24.6042,24.6042,2.307,3.4605,3.4605,1.1535,2026-08-09
sm11-99,Salazzle,normal,Unified Minds,99,Rare,Masakazu Fukuda,Stage 1,758,Pokémon,2019/08/02,"tcgplayer,cardmarket",https://prices.pokemontcg.io/tcgplayer/sm11-99,https://images.pokemontcg.io/sm11/99_hires.png,2026/08/08,2025/12/28,0.27,0.15000000596046448,0.30000001192092896,19.979999542236328,,0.44,,,,0.2422,0.0577,0.2653,0.7498,0.17299999296665192,0.2307,0.2768,0.3345,0.7152,0.6344,1.1535,2026-08-09
pl4-AR5,Arceus,holofoil,Arceus,AR5,Rare,Mitsuhiro Arita,Basic,493,Pokémon,2009/11/04,"tcgplayer,cardmarket",https://prices.pokemontcg.io/tcgplayer/pl4-AR5,https://images.pokemontcg.io/pl4/AR5_hires.png,2026/08/08,2025/12/28,49.7,29.31999969482422,42.36000061035156,399.79998779296875,,,,,,18.5598,2.8838,17.8216,0.0,3.4605000019073486,22.7355,15.8491,2.307,10.7968,6.598,1.1535,2026-08-09
ecard1-94,Bulbasaur,normal,Expedition Base Set,94,Common,Sachi Matoba,Basic,1,Pokémon,2002/09/15,"tcgplayer,cardmarket",https://prices.pokemontcg.io/tcgplayer/ecard1-94,https://images.pokemontcg.io/ecard1/94_hires.png,2026/08/08,2026/02/01,42.93,20.0,45.970001220703125,476.94000244140625,,124.73,,,,6.1136,0.1154,6.275,41.9067,6.344200134277344,7.3478,6.4481,9.8048,29.7718,26.023,1.1535,2026-08-09
swsh1-105,Mudbray,normal,Sword & Shield,105,Common,Shibuzoh.,Basic,749,Pokémon,2020/02/07,"tcgplayer,cardmarket",https://prices.pokemontcg.io/tcgplayer/swsh1-105,https://images.pokemontcg.io/swsh1/105_hires.png,2026/08/08,2025/12/07,0.19,0.009999999776482582,0.20000000298023224,16.65999984741211,,0.3,,,,0.0692,0.0231,0.1038,0.3345,0.023099999874830246,0.0807,0.0807,0.9113,0.4037,0.3114,1.1535,2026-08-09
sm6-95,Ultra Necrozma-GX,holofoil,Forbidden Light,95,Rare Holo GX,PLANETA Otani,Basic|GX|Ultra Beast,800,Pokémon,2018/05/04,"tcgplayer,cardmarket",https://prices.pokemontcg.io/tcgplayer/sm6-95,https://images.pokemontcg.io/sm6/95_hires.png,2026/08/08,2026/01/16,6.15,4.0,7.0,131.8000030517578,,,,,,3.7258,1.1535,3.622,0.0,1.153499960899353,3.2529,3.5989,2.8722,3.0337,3.2067,1.1535,2026-08-09
xy4-97,Head Ringer Team Flare Hyper Gear,holofoil,Phantom Forces,97,Rare Holo,5ban Graphics,Pokémon Tool F,,Trainer,2014/11/05,"tcgplayer,cardmarket",https://prices.pokemontcg.io/tcgplayer/xy4-97,https://images.pokemontcg.io/xy4/97_hires.png,2026/08/08,2026/01/16,2.43,0.7400000095367432,1.7300000190734863,19.979999542236328,,,,,,3.2644,0.5767,3.7258,1.1535,4.948500156402588,3.3913,2.9184,1.7302,3.1606,2.0532,1.1535,2026-08-09
bw6-101,Slakoth,normal,Dragons Exalted,101,Common,Kanako Eo,Basic,287,Pokémon,2012/08/15,"tcgplayer,cardmarket",https://prices.pokemontcg.io/tcgplayer/bw6-101,https://images.pokemontcg.io/bw6/101_hires.png,2026/08/08,2026/01/16,0.43,0.11999999731779099,0.4099999964237213,5.0,,1.67,,,,0.1961,0.0231,0.1615,0.346,0.05770000070333481,0.1615,0.173,0.4614,0.5767,0.7152,1.1535,2026-08-09
xy12-100,M Venusaur-EX,holofoil,Evolutions,100,Rare Ultra,5ban Graphics,MEGA|EX,3,Pokémon,2016/11/02,"tcgplayer,cardmarket",https://prices.pokemontcg.io/tcgplayer/xy12-100,https://images.pokemontcg.io/xy12/100_hires.png,2026/08/08,2026/01/16,37.11,27.0,37.540000915527344,251.82000732421875,,,,,,39.3574,6.921,40.1072,0.0,27.1072998046875,39.3113,38.7345,27.6609,26.1498,30.1525,1.1535,2026-08-09
bw9-104,Team Plasma Badge,normal,Plasma Freeze,104,Uncommon,5ban Graphics,Pokémon Tool|Team Plasma,,Trainer,2013/05/08,"tcgplayer,cardmarket",https://prices.pokemontcg.io/tcgplayer/bw9-104,https://images.pokemontcg.io/bw9/104_hires.png,2026/08/08,2025/12/28,0.34,0.10000000149011612,0.3499999940395355,19.979999542236328,,1.57,,,,0.2192,0.0231,0.2653,1.3842,0.31139999628067017,0.2192,0.2884,1.1304,1.6034,1.638,1.1535,2026-08-09
dp6-105,Lileep,normal,Legends Awakened,105,Common,Kouki Saitou,Stage 1,345,Pokémon,2008/08/01,"tcgplayer,cardmarket",https://prices.pokemontcg.io/tcgplayer/dp6-105,https://images.pokemontcg.io/dp6/105_hires.png,2026/08/08,2026/01/15,0.63,0.25,0.6299999952316284,19.979999542236328,,2.35,,,,0.5652,0.0231,0.6344,0.1154,1.003499984741211,0.6114,0.4499,0.1154,1.2112,1.3727,1.1535,2026-08-09
dp2-97,Seel,normal,Mysterious Treasures,97,Common,Ken Sugimori,Basic,86,Pokémon,2007/08/01,"tcgplayer,cardmarket",https://prices.pokemontcg.io/tcgplayer/dp2-97,https://images.pokemontcg.io/dp2/97_hires.png,2026/08/08,2026/01/16,0.31,0.12999999523162842,0.3100000023841858,19.979999542236328,,1.12,,,,0.1384,0.0231,0.1269,4.0257,0.18459999561309814,0.1615,0.2076,0.8305,2.8145,1.5688,1.1535,2026-08-09
ecard2-78,Goldeen,normal,Aquapolis,78,Common,Miki Tanaka,Basic,118,Pokémon,2003/01/15,"tcgplayer,cardmarket",https://prices.pokemontcg.io/tcgplayer/ecard2-78,https://images.pokemontcg.io/ecard2/78_hires.png,2026/08/08,2025/12/28,5.91,3.2799999713897705,5.829999923706055,41.099998474121094,,18.62,,,,1.142,0.0231,0.9689,13.842,0.6920999884605408,1.2342,1.3957,13.842,9.2626,6.8749,1.1535,2026-08-09
pl1-103,Wurmple,normal,Platinum,103,Common,Yuka Morii,Basic,265,Pokémon,2009/02/11,"tcgplayer,cardmarket",https://prices.pokemontcg.io/tcgplayer/pl1-103,https://images.pokemontcg.io/pl1/103_hires.png,2026/08/08,2026/01/16,2.99,1.0,2.700000047683716,19.979999542236328,,15.88,,,,0.2192,0.0231,0.2884,0.5652,0.40369999408721924,0.2076,0.1846,0.5767,0.7613,1.6034,1.1535,2026-08-09
sm8-99,Yamask,normal,Lost Thunder,99,Common,Ken Sugimori,Basic,562,Pokémon,2018/11/02,"tcgplayer,cardmarket",https://prices.pokemontcg.io/tcgplayer/sm8-99,https://images.pokemontcg.io/sm8/99_hires.png,2026/08/08,2025/12/28,0.15,0.03999999910593033,0.20000000298023224,2.990000009536743,,0.43,,,,0.0461,0.0231,0.0577,0.2538,0.12690000236034393,0.0461,0.0923,0.1154,0.4383,0.4499,1.1535,2026-08-09
sm2-101,Chansey,normal,Guardians Rising,101,Common,Megumi Mizutani,Basic,113,Pokémon,2017/05/05,"tcgplayer,cardmarket",https://prices.pokemontcg.io/tcgplayer/sm2-101,https://images.pokemontcg.io/sm2/101_hires.png,2026/08/08,2025/12/07,0.24,0.05000000074505806,0.25,19.979999542236328,,0.51,,,,0.0692,0.0231,0.1038,0.2999,0.4499000012874603,0.0692,0.0692,0.4037,0.2768,0.346,1.1535,2026-08-09
bw11-105,Cinccino,holofoil,Legendary Treasures,105,Rare Holo,Mitsuhiro Arita,Stage 1,573,Pokémon,2013/11/06,"tcgplayer,cardmarket",https://prices.pokemontcg.io/tcgplayer/bw11-105,https://images.pokemontcg.io/bw11/105_hires.png,2026/08/08,2025/12/28,3.29,1.25,3.4000000953674316,99.98999786376953,,8.34,,,,2.8722,1.142,3.126,0.0,2.0648000240325928,2.7569,3.1721,10.3584,5.9751,2.5838,1.1535,2026-08-09
gym1-113,Minion of Team Rocket,unlimited,Gym Heroes,113,Uncommon,Ken Sugimori,,,Trainer,2000/08/14,"tcgplayer,cardmarket",https://prices.pokemontcg.io/tcgplayer/gym1-113,https://images.pokemontcg.io/gym1/113_hires.png,2026/08/08,2026/01/16,4.59,2.950000047683716,4.25,34.88999938964844,,,,,"{""1stEdition"": {""low"": 5.26, ""mid"": 8.18, ""high"": 106.8, ""market"": 8.42, ""directLow"": null}}",7.3824,2.307,6.1366,0.0,6.9095001220703125,6.2174,6.3789,0.0,0.0,0.0,1.1535,2026-08-09
dp5-100,Porygon-Z LV.X,holofoil,Majestic Dawn,100,Rare Holo LV.X,Ryo Ueda,Level-Up,474,Pokémon,2008/05/01,"tcgplayer,cardmarket",https://prices.pokemontcg.io/tcgplayer/dp5-100,https://images.pokemontcg.io/dp5/100_hires.png,2026/08/08,2026/01/16,200.0,158.39999389648438,329.20001220703125,499.989990234375,,,,,,41.2376,16.149,50.5464,0.0,40.361000061035156,47.9395,52.6342,11.535,20.1863,15.1455,1.1535,2026-08-09
bw8-98,Clefable,normal,Plasma Storm,98,Rare,Kagemaru Himeno,Stage 1,36,Pokémon,2013/02/06,"tcgplayer,cardmarket",https://prices.pokemontcg.io/tcgplayer/bw8-98,https://images.pokemontcg.io/bw8/98_hires.png,2026/08/08,2026/01/16,3.36,1.3799999952316284,2.930000066757202,32.70000076293945,,9.56,,,,1.5572,0.4614,1.5226,2.8953,1.6263999938964844,1.661,1.2689,2.8953,2.4454,1.9609,1.1535,2026-08-09
neo4-102,Pokémon Personality Test,unlimited,Neo Destiny,102,Uncommon,Tomokazu Komiya,,,Trainer,2002/02/28,"tcgplayer,cardmarket",https://prices.pokemontcg.io/tcgplayer/neo4-102,https://images.pokemontcg.io/neo4/102_hires.png,2026/08/08,2026/01/16,9.19,8.869999885559082,13.0,117.94000244140625,,,,,"{""1stEdition"": {""low"": 34.1, ""mid"": 44.99, ""high"": 189.8, ""market"": 15.77, ""directLow"": null}}",5.5022,2.307,7.6246,0.0,28.260700225830078,7.9476,5.5483,0.0,0.0,0.0,1.1535,2026-08-09
swsh2-101,Galarian Yamask,normal,Rebel Clash,101,Common,Akira Komayama,Basic,562,Pokémon,2020/05/01,"tcgplayer,cardmarket",https://prices.pokemontcg.io/tcgplayer/swsh2-101,https://images.pokemontcg.io/swsh2/101_hires.png,2026/08/08,2025/12/28,0.07,0.009999999776482582,0.20000000298023224,20.0,,0.25,,,,0.0461,0.0231,0.0577,0.4037,0.05770000070333481,0.0461,0.0577,0.1154,0.4268,0.2653,1.1535,2026-08-09
xy1-104,Skitty,normal,XY,104,Common,kawayoo,Basic,300,Pokémon,2014/02/05,"tcgplayer,cardmarket",https://prices.pokemontcg.io/tcgplayer/xy1-104,https://images.pokemontcg.io/xy1/104_hires.png,2026/08/08,2026/01/16,0.45,0.07999999821186066,0.44999998807907104,1000.0,,1.99,,,,0.1384,0.0231,0.173,0.4383,0.10379999876022339,0.15,0.173,0.2884,0.4845,0.5998,1.1535,2026-08-09
ex9-101,Grass Energy,normal,Emerald,101,Rare Holo,,Basic,,Energy,2005/05/01,"tcgplayer,cardmarket",https://prices.pokemontcg.io/tcgplayer/ex9-101,https://images.pokemontcg.io/ex9/101_hires.png,2026/08/08,2026/01/16,18.63,15.600000381469727,18.34000015258789,211.5,21.0,,,,,6.3442,0.9228,6.7826,11.4081,10.381500244140625,5.7329,5.2715,11.4081,5.4099,3.5643,1.1535,2026-08-09
bw1-101,Professor Juniper,normal,Black & White,101,Uncommon,Ken Sugimori,Supporter,,Trainer,2011/04/25,"tcgplayer,cardmarket",https://prices.pokemontcg.io/tcgplayer/bw1-101,https://images.pokemontcg.io/bw1/101_hires.png,2026/08/08,2026/01/16,0.28,0.09000000357627869,0.2800000011920929,17.079999923706055,,1.15,,,,0.1384,0.0231,0.1615,0.0,0.10379999876022339,0.1615,0.1384,1.488,0.8421,0.9459,1.1535,2026-08-09
sm3-100,Zygarde,holofoil,Burning Shadows,100,Rare Holo,Masakazu Fukuda,Basic,718,Pokémon,2017/08/05,"tcgplayer,cardmarket",https://prices.pokemontcg.io/tcgplayer/sm3-100,https://images.pokemontcg.io/sm3/100_hires.png,2026/08/08,2025/12/28,0.6,0.11999999731779099,0.5600000023841858,19.979999542236328,,0.44,,,,0.5537,0.0461,0.2653,0.4729,0.35760000348091125,0.3114,0.5537,0.346,0.4268,0.5883,1.1535,2026-08-09
smp-SM100,Lucario-GX,holofoil,SM Black Star Promos,SM100,Promo,5ban Graphics,Stage 1|GX,448,Pokémon,2017/02/03,"tcgplayer,cardmarket",https://prices.pokemontcg.io/tcgplayer/smp-SM100,https://images.pokemontcg.io/smp/SM100_hires.png,2026/08/08,2026/01/16,21.28,7.010000228881836,19.149999618530273,9999.0,,,,,,4.3026,0.8536,4.0488,0.0,5.190700054168701,5.3407,4.1641,2.8838,2.7453,2.9991,1.1535,2026-08-09
ex10-103,Feraligatr ex,holofoil,Unseen Forces,103,Rare Holo EX,Hikaru Koike,Stage 2|ex,160,Pokémon,2005/08/01,"tcgplayer,cardmarket",https://prices.pokemontcg.io/tcgplayer/ex10-103,https://images.pokemontcg.io/ex10/103_hires.png,2026/08/08,2026/01/16,175.0,124.98999786376953,190.0,193.99000549316406,,,,,,12.677,2.307,13.6344,0.0,11.53499984741211,8.6282,12.2502,5.756,6.5865,8.5128,1.1535,2026-08-09
dp7-96,Dusknoir LV.X,holofoil,Stormfront,96,Rare Holo LV.X,Shizurow,Level-Up,477,Pokémon,2008/11/01,"tcgplayer,cardmarket",https://prices.pokemontcg.io/tcgplayer/dp7-96,https://images.pokemontcg.io/dp7/96_hires.png,2026/08/08,2026/01/16,69.12,58.0,81.4000015258789,532.780029296875,,,,,,20.1747,4.614,21.2013,0.0,12.400099754333496,18.8828,17.9254,17.3025,10.4507,7.5093,1.1535,2026-08-09
ex15-92,Flygon ex δ,holofoil,Dragon Frontiers,92,Rare Holo EX,Nakaoka,Stage 2|ex,330,Pokémon,2006/11/01,"tcgplayer,cardmarket",https://prices.pokemontcg.io/tcgplayer/ex15-92,https://images.pokemontcg.io/ex15/92_hires.png,2026/08/08,2026/01/16,138.46,278.8500061035156,897.0,1376.9000244140625,,,,,,80.745,4.614,67.2721,0.0,51.907501220703125,61.4008,48.6892,32.2865,17.1295,16.2067,1.1535,2026-08-09
xy8-100,Ralts,normal,BREAKthrough,100,Common,Aya Kusube,Basic,280,Pokémon,2015/11/04,"tcgplayer,cardmarket",https://prices.pokemontcg.io/tcgplayer/xy8-100,https://images.pokemontcg.io/xy8/100_hires.png,2026/08/08,2026/01/16,0.49,0.10000000149011612,0.49000000953674316,19.979999542236328,,2.98,,,,0.1846,0.0231,0.2076,0.9459,0.17299999296665192,0.2192,0.1846,1.1535,1.0728,1.1074,1.1535,2026-08-09
hgss1-113,Lugia LEGEND,holofoil,HeartGold & SoulSilver,113,LEGEND,Shinji Higuchi,LEGEND,249,Pokémon,2010/02/10,"tcgplayer,cardmarket",https://prices.pokemontcg.io/tcgplayer/hgss1-113,https://images.pokemontcg.io/hgss1/113_hires.png,2026/08/08,2025/12/21,342.14,217.92999267578125,299.989990234375,988.0,,,,,,56.9022,11.535,57.2136,0.0,58.82849884033203,45.1595,51.1347,6.921,16.3682,21.1783,1.1535,2026-08-09
xy5-110,Flygon,holofoil,Primal Clash,110,Rare Holo,kirisAki,Stage 2,330,Pokémon,2015/02/04,"tcgplayer,cardmarket",https://prices.pokemontcg.io/tcgplayer/xy5-110,https://images.pokemontcg.io/xy5/110_hires.png,2026/08/08,2025/12/07,2.25,0.8399999737739563,1.9299999475479126,26.260000228881836,,1.93,,,,3.3105,1.1535,3.2875,3.4605,3.4489998817443848,3.1491,3.2183,3.449,4.5679,4.0719,1.1535,2026-08-09
bwp-BW94,Eevee,holofoil,BW Black Star Promos,BW94,Promo,The Pokémon Company Art Team,Basic,133,Pokémon,2011/03/01,"tcgplayer,cardmarket",https://prices.pokemontcg.io/tcgplayer/bwp-BW94,https://images.pokemontcg.io/bwp/BW94_hires.png,2026/08/08,2026/01/16,98.55,93.5,140.0,699.9600219726562,,,,,,14.2919,2.8838,13.1153,0.0,9.227999687194824,9.228,19.0097,14.8686,10.543,9.8394,1.1535,2026-08-09
ex14-99,Alakazam ★,holofoil,Crystal Guardians,99,Rare Holo Star,Masakazu Fukuda,Basic|Star,65,Pokémon,2006/08/01,"tcgplayer,cardmarket",https://prices.pokemontcg.io/tcgplayer/ex14-99,https://images.pokemontcg.io/ex14/99_hires.png,2026/08/08,2026/01/16,1500.0,900.0,1995.0,2696.9599609375,,,,,,282.6075,403.725,569.3907,0.0,230.6999969482422,535.8238,696.3564,161.49,259.5375,179.0463,1.1535,2026-08-09
xy11-105,Special Charge,normal,Steam Siege,105,Uncommon,Toyste Beach,Item,,Trainer,2016/08/03,"tcgplayer,cardmarket",https://prices.pokemontcg.io/tcgplayer/xy11-105,https://images.pokemontcg.io/xy11/105_hires.png,2026/08/08,2025/12/28,0.35,0.20000000298023224,0.41999998688697815,5.0,,2.26,,,,0.0577,0.0577,0.0231,0.0,0.05770000070333481,0.2192,0.2192,0.0,0.0,0.0,1.1535,2026-08-09
xy9-93,Glameow,normal,BREAKpoint,93,Common,Saya Tsuruta,Basic,431,Pokémon,2016/02/03,"tcgplayer,cardmarket",https://prices.pokemontcg.io/tcgplayer/xy9-93,https://images.pokemontcg.io/xy9/93_hires.png,2026/08/08,2026/01/16,0.07,0.019999999552965164,0.20000000298023224,1000.0,,0.37,,,,0.173,0.0231,0.15,0.5652,0.023099999874830246,0.1154,0.1038,0.5652,0.5998,0.4037,1.1535,2026-08-09
sm1-102,Spinda,normal,Sun & Moon,102,Uncommon,Shigenori Negishi,Basic,327,Pokémon,2017/02/03,"tcgplayer,cardmarket",https://prices.pokemontcg.io/tcgplayer/sm1-102,https://images.pokemontcg.io/sm1/102_hires.png,2026/08/08,2025/12/28,0.19,0.019999999552965164,0.20000000298023224,15.640000343322754,,0.33,,,,0.0692,0.0231,0.0692,0.4153,0.09229999780654907,0.0807,0.0692,0.4614,0.3807,0.3345,1.1535,2026-08-09
dp4-96,Zigzagoon,normal,Great Encounters,96,Common,Ken Sugimori,Basic,263,Pokémon,2008/02/01,"tcgplayer,cardmarket",https://prices.pokemontcg.io/tcgplayer/dp4-96,https://images.pokemontcg.io/dp4/96_hires.png,2026/08/08,2026/01/16,0.48,0.1899999976158142,0.47999998927116394,2.0,,2.37,,,,0.1154,0.0231,0.1154,1.6726,0.23070000112056732,0.2192,0.1615,4.0373,2.4339,1.3842,1.1535,2026-08-09
base4-104,Lass,normal,Base Set 2,104,Rare,Ken Sugimori,,,Trainer,2000/02/24,"tcgplayer,cardmarket",https://prices.pokemontcg.io/tcgplayer/base4-104,https://images.pokemontcg.io/base4/104_hires.png,2026/08/08,2026/01/16,2.9,1.2000000476837158,2.7699999809265137,38.099998474121094,,,,,,3.8412,1.0151,3.8065,0.0,2.306999921798706,3.7373,3.7143,4.0373,3.1491,3.1491,1.1535,2026-08-09
dp1-104,Wurmple,normal,Diamond & Pearl,104,Common,Ken Sugimori,Basic,265,Pokémon,2007/05/01,"tcgplayer,cardmarket",https://prices.pokemontcg.io/tcgplayer/dp1-104,https://images.pokemontcg.io/dp1/104_hires.png,2026/08/08,2026/01/15,0.26,0.09000000357627869,0.25999999046325684,19.979999542236328,,3.85,,,,0.1154,0.0231,0.1615,0.7036,0.06920000165700912,0.1038,0.1154,0.1154,0.4383,0.5306,1.1535,2026-08-09
sm12-106,Nosepass,normal,Cosmic Eclipse,106,Common,Anesaki Dynamic,Basic,299,Pokémon,2019/11/01,"tcgplayer,cardmarket",https://prices.pokemontcg.io/tcgplayer/sm12-106,https://images.pokemontcg.io/sm12/106_hires.png,2026/08/08,2025/12/07,0.1,0.019999999552965164,0.20000000298023224,19.979999542236328,,0.51,,,,0.1154,0.0231,0.1269,0.4037,0.03460000082850456,0.1154,0.0807,0.5075,0.4268,0.323,1.1535,2026-08-09
xy6-99,Gallade-EX,holofoil,Roaring Skies,99,Rare Ultra,Ryo Ueda,Basic|EX,475,Pokémon,2015/05/06,"tcgplayer,cardmarket",https://prices.pokemontcg.io/tcgplayer/xy6-99,https://images.pokemontcg.io/xy6/99_hires.png,2026/08/08,2026/01/16,18.63,10.479999542236328,13.3100004196167,179.82000732421875,,,,,,14.4418,4.614,14.6494,0.0,11.511899948120117,16.5758,15.653,3.449,9.2049,6.9095,1.1535,2026-08-09
sm4-92,Dashing Pouch,normal,Crimson Invasion,92,Uncommon,Eske Yoshinob,Pokémon Tool,,Trainer,2017/11/03,"tcgplayer,cardmarket",https://prices.pokemontcg.io/tcgplayer/sm4-92,https://images.pokemontcg.io/sm4/92_hires.png,2026/08/08,2026/01/16,0.19,0.009999999776482582,0.20000000298023224,2.990000009536743,,0.13,,,,0.0461,0.0231,0.0461,0.3807,0.03460000082850456,0.0346,0.0692,0.2192,0.346,0.3345,1.1535,2026-08-09
neo1-96,Professor Elm,unlimited,Neo Genesis,96,Uncommon,Ken Sugimori,,,Trainer,2000/12/16,"tcgplayer,cardmarket",https://prices.pokemontcg.io/tcgplayer/neo1-96,https://images.pokemontcg.io/neo1/96_hires.png,2026/08/08,2026/02/01,1.54,0.36000001430511475,1.3700000047683716,21.6299991607666,,,,,"{""1stEdition"": {""low"": 2.23, ""mid"": 3.0, ""high"": 32.5, ""market"": 3.31, ""directLow"": null}}",0.6921,0.0231,0.6806,0.0,0.11540000140666962,0.7036,0.7036,0.2307,0.2307,0.2307,1.1535,2026-08-09
pl3-101,Croagunk,normal,Supreme Victors,101,Common,Masakazu Fukuda,Basic,453,Pokémon,2009/08/19,"tcgplayer,cardmarket",https://prices.pokemontcg.io/tcgplayer/pl3-101,https://images.pokemontcg.io/pl3/101_hires.png,2026/08/08,2026/01/16,0.32,0.10000000149011612,0.3100000023841858,19.979999542236328,,8.5,,,,0.2884,0.0231,0.2307,1.0958,0.13840000331401825,0.2422,0.2076,1.0958,2.2378,1.5918,1.1535,2026-08-09
ecard3-71,Lapras,normal,Skyridge,71,Common,Aya Kusube,Basic,131,Pokémon,2003/05/12,"tcgplayer,cardmarket",https://prices.pokemontcg.io/tcgplayer/ecard3-71,https://images.pokemontcg.io/ecard3/71_hires.png,2026/08/08,2026/01/16,26.52,23.0,36.9900016784668,253.0,,,,,,6.3442,0.5767,8.3283,61.1355,1.1419999599456787,7.7515,5.5945,92.28,47.455,30.6485,1.1535,2026-08-09
ex5-96,Ninetales ex,holofoil,Hidden Legends,96,Rare Holo EX,Ryo Ueda,Stage 1|ex,38,Pokémon,2004/06/01,"tcgplayer,cardmarket",https://prices.pokemontcg.io/tcgplayer/ex5-96,https://images.pokemontcg.io/ex5/96_hires.png,2026/08/08,2026/02/01,296.24,197.99000549316406,249.0,499.989990234375,,,,,,81.4832,9.228,86.8816,0.0,201.8509979248047,103.6304,76.5578,5.756,30.9945,29.1028,1.1535,2026-08-09
swsh4-99,Coalossal VMAX,holofoil,Vivid Voltage,99,Rare Holo VMAX,5ban Graphics,VMAX,839,Pokémon,2020/11/13,"tcgplayer,cardmarket",https://prices.pokemontcg.io/tcgplayer/swsh4-99,https://images.pokemontcg.io/swsh4/99_hires.png,2026/08/08,2026/01/16,1.35,0.5,1.7999999523162842,99.0,,,,,,1.8225,0.5767,1.5688,0.0,1.6841000318527222,1.4995,1.6726,3.2298,5.6752,5.7906,1.1535,2026-08-09
xy5-111,Zigzagoon,normal,Primal Clash,111,Common,Sumiyoshi Kizuki,Basic,263,Pokémon,2015/02/04,"tcgplayer,cardmarket",https://prices.pokemontcg.io/tcgplayer/xy5-111,https://images.pokemontcg.io/xy5/111_hires.png,2026/08/08,2025/12/07,0.19,0.019999999552965164,0.2199999988079071,1000.0,,1.03,,,,0.1154,0.0231,0.0923,0.2307,0.1615000069141388,0.1269,0.1384,0.5767,0.5306,0.5998,1.1535,2026-08-09
smp-SM101,Dawn Wings Necrozma-GX,holofoil,SM Black Star Promos,SM101,Promo,5ban Graphics,Basic|GX|Ultra Beast,800,Pokémon,2017/02/03,"tcgplayer,cardmarket",https://prices.pokemontcg.io/tcgplayer/smp-SM101,https://images.pokemontcg.io/smp/SM101_hires.png,2026/08/08,2026/01/16,5.85,3.0,5.46999979019165,9999.0,,,,,,2.5377,0.5652,2.7915,0.0,1.9608999490737915,2.7107,3.0452,0.8651,2.3762,3.3105,1.1535,2026-08-09
ex9-102,Fire Energy,normal,Emerald,102,Rare Holo,,Basic,,Energy,2005/05/01,"tcgplayer,cardmarket",https://prices.pokemontcg.io/tcgplayer/ex9-102,https://images.pokemontcg.io/ex9/102_hires.png,2026/08/08,2026/01/16,17.25,12.199999809265137,18.110000610351562,184.39999389648438,20.81,,,,,3.7258,2.2839,3.945,8.9742,11.523500442504883,3.7373,4.764,2.8838,7.567,6.4135,1.1535,2026-08-09
ecard1-95,Bulbasaur,normal,Expedition Base Set,95,Common,Tomokazu Komiya,Basic,1,Pokémon,2002/09/15,"tcgplayer,cardmarket",https://prices.pokemontcg.io/tcgplayer/ecard1-95,https://images.pokemontcg.io/ecard1/95_hires.png,2026/08/08,2026/02/01,65.5,43.68000030517578,62.5,827.0,,237.5,,,,11.3504,2.2955,13.8997,51.9075,26.518999099731445,15.2493,11.9733,43.8215,54.872,34.1667,1.1535,2026-08-09
ex2-97,Kabutops ex,holofoil,Sandstorm,97,Rare Holo EX,Ryo Ueda,Stage 2|ex,141,Pokémon,2003/09/18,"tcgplayer,cardmarket",https://prices.pokemontcg.io/tcgplayer/ex2-97,https://images.pokemontcg.io/ex2/97_hires.png,2026/08/08,2026/01/16,110.96,187.0,350.5,899.7999877929688,,,,,,31.9866,6.921,40.8685,0.0,74.97750091552734,24.8464,30.3255,17.291,12.5962,13.9573,1.1535,2026-08-09
sm2-102,Blissey,holofoil,Guardians Rising,102,Rare Holo,Hideki Ishikawa,Stage 1,242,Pokémon,2017/05/05,"tcgplayer,cardmarket",https://prices.pokemontcg.io/tcgplayer/sm2-102,https://images.pokemontcg.io/sm2/102_hires.png,2026/08/08,2025/12/07,1.92,0.30000001192092896,1.9299999475479126,19.979999542236328,,1.41,,,,0.992,0.0231,0.9343,0.8536,0.05770000070333481,0.9689,0.8882,0.5767,0.8421,0.7613,1.1535,2026-08-09
swsh2-102,Galarian Runerigus,normal,Rebel Clash,102,Rare,TOKIYA,Stage 1,867,Pokémon,2020/05/01,"tcgplayer,cardmarket",https://prices.pokemontcg.io/tcgplayer/swsh2-102,https://images.pokemontcg.io/swsh2/102_hires.png,2026/08/08,2025/12/07,0.42,0.15000000596046448,0.41999998688697815,19.979999542236328,,0.69,,,,0.4037,0.0577,0.4499,0.7382,0.4499000012874603,0.4383,0.4037,0.1154,0.7382,0.7498,1.1535,2026-08-09
gym1-114,Misty's Wrath,unlimited,Gym Heroes,114,Uncommon,Ken Sugimori,,,Trainer,2000/08/14,"tcgplayer,cardmarket",https://prices.pokemontcg.io/tcgplayer/gym1-114,https://images.pokemontcg.io/gym1/114_hires.png,2026/08/08,2026/01/16,6.04,3.5,5.5,52.720001220703125,,,,,"{""1stEdition"": {""low"": 14.99, ""mid"": 22.25, ""high"": 180.1, ""market"": 23.14, ""directLow"": 124.99}}",14.1304,1.7302,9.3664,0.0,17.48710060119629,8.8473,6.9671,3.4605,3.4605,3.4605,1.1535,2026-08-09
bw11-106,Druddigon,normal,Legendary Treasures,106,Uncommon,match,Basic,621,Pokémon,2013/11/06,"tcgplayer,cardmarket",https://prices.pokemontcg.io/tcgplayer/bw11-106,https://images.pokemontcg.io/bw11/106_hires.png,2026/08/08,2025/12/28,0.49,0.20000000298023224,0.47999998927116394,19.989999771118164,,2.43,,,,0.7728,0.1038,1.0035,8.0745,2.306999921798706,0.6921,0.6114,6.921,8.0514,3.4144,1.1535,2026-08-09
bw6-102,Vigoroth,normal,Dragons Exalted,102,Uncommon,match,Stage 1,288,Pokémon,2012/08/15,"tcgplayer,cardmarket",https://prices.pokemontcg.io/tcgplayer/bw6-102,https://images.pokemontcg.io/bw6/102_hires.png,2026/08/08,2026/01/16,0.28,0.10000000149011612,0.30000001192092896,1000.0,,0.88,,,,0.2192,0.0231,0.1615,1.0958,0.17299999296665192,0.1961,0.1961,1.0958,1.0728,0.8536,1.1535,2026-08-09
sm5-102,Lickitung,normal,Ultra Prism,102,Common,Mizue,Basic,108,Pokémon,2018/02/02,"tcgplayer,cardmarket",https://prices.pokemontcg.io/tcgplayer/sm5-102,https://images.pokemontcg.io/sm5/102_hires.png,2026/08/08,2025/12/28,0.19,0.05000000074505806,0.23999999463558197,19.979999542236328,,0.6,,,,0.0923,0.0231,0.0923,0.5652,0.05770000070333481,0.0807,0.1154,0.5767,0.4499,0.4268,1.1535,2026-08-09
ex8-103,Salamence ex,normal,Deoxys,103,Rare Holo EX,Hikaru Koike,Stage 2|ex,373,Pokémon,2005/02/01,"tcgplayer,cardmarket",https://prices.pokemontcg.io/tcgplayer/ex8-103,https://images.pokemontcg.io/ex8/103_hires.png,2026/08/08,2026/01/16,,160.0,160.0,160.0,191.13,,,,,152.2505,10.3815,200.9282,0.0,103.81500244140625,266.6085,120.7484,9.228,27.0957,26.023,1.1535,2026-08-09
ex14-100,Celebi ★,holofoil,Crystal Guardians,100,Rare Holo Star,Masakazu Fukuda,Basic|Star,251,Pokémon,2006/08/01,"tcgplayer,cardmarket",https://prices.pokemontcg.io/tcgplayer/ex14-100,https://images.pokemontcg.io/ex14/100_hires.png,2026/08/08,2026/01/16,750.0,1700.0,1850.0,1999.989990234375,,,,,,722.8638,403.725,694.9376,0.0,519.0750122070312,594.8715,562.3312,215.7045,192.9575,225.1171,1.1535,2026-08-09
xy8-101,Flabébé,normal,BREAKthrough,101,Common,Kouki Saitou,Basic,669,Pokémon,2015/11/04,"tcgplayer,cardmarket",https://prices.pokemontcg.io/tcgplayer/xy8-101,https://images.pokemontcg.io/xy8/101_hires.png,2026/08/08,2026/01/16,0.25,0.05000000074505806,0.25999999046325684,19.979999542236328,,0.58,,,,1.1881,0.5767,1.1881,0.0,0.3345000147819519,1.1535,0.9459,2.307,1.6149,1.6149,1.1535,2026-08-09
g1-RC12,Gulpin,normal,Generations,RC12,Common,Tomokazu Komiya,Basic,316,Pokémon,2016/02/22,"tcgplayer,cardmarket",https://prices.pokemontcg.io/tcgplayer/g1-RC12,https://images.pokemontcg.io/g1/RC12_hires.png,2026/08/08,2026/01/16,10.81,7.289999961853027,10.0,60.81999969482422,,,,,,4.4871,0.2307,5.5137,0.0,10.669899940490723,4.5563,4.787,0.346,0.3691,0.2999,1.1535,2026-08-09
ex16-97,Shiftry ex,holofoil,Power Keepers,97,Rare Holo EX,Ryo Ueda,Stage 2|ex,275,Pokémon,2007/02/02,"tcgplayer,cardmarket",https://prices.pokemontcg.io/tcgplayer/ex16-97,https://images.pokemontcg.io/ex16/97_hires.png,2026/08/08,2026/01/16,62.3,70.0,133.64999389648438,500.0,,,,,,32.6325,5.7675,34.605,0.0,17.302499771118164,21.6512,23.9467,5.7675,17.3832,15.007,1.1535,2026-08-09
bw9-105,Team Plasma Ball,normal,Plasma Freeze,105,Uncommon,5ban Graphics,Item|Team Plasma,,Trainer,2013/05/08,"tcgplayer,cardmarket",https://prices.pokemontcg.io/tcgplayer/bw9-105,https://images.pokemontcg.io/bw9/105_hires.png,2026/08/08,2025/12/28,0.33,0.07999999821186066,0.3700000047683716,9.989999771118164,,4.97,,,,0.1846,0.0231,0.1846,1.7187,0.4499000012874603,0.2538,0.1846,1.7187,1.7533,1.5457,1.1535,2026-08-09
bw7-107,Farfetch'd,normal,Boundaries Crossed,107,Uncommon,Ken Sugimori,Basic,83,Pokémon,2012/11/07,"tcgplayer,cardmarket",https://prices.pokemontcg.io/tcgplayer/bw7-107,https://images.pokemontcg.io/bw7/107_hires.png,2026/08/08,2025/12/28,0.58,0.27000001072883606,0.550000011920929,19.979999542236328,,8.82,,,,0.173,0.0231,0.4037,1.4419,0.023099999874830246,0.3114,0.323,1.1535,1.5688,1.7533,1.1535,2026-08-09
ex7-102,Rocket's Scyther ex,holofoil,Team Rocket Returns,102,Rare Holo EX,Hikaru Koike,Basic|ex,123,Pokémon,2004/11/01,"tcgplayer,cardmarket",https://prices.pokemontcg.io/tcgplayer/ex7-102,https://images.pokemontcg.io/ex7/102_hires.png,2026/08/08,2026/01/16,351.99,449.989990234375,450.0,455.0,,,,,,288.3635,98.0475,335.2763,0.0,288.3634948730469,201.0204,176.6816,43.1986,51.6768,42.5988,1.1535,2026-08-09
neo1-97,Sprout Tower,unlimited,Neo Genesis,97,Uncommon,"Hiromichi Sugiyama, CR CG gangs",Stadium,,Trainer,2000/12/16,"tcgplayer,cardmarket",https://prices.pokemontcg.io/tcgplayer/neo1-97,https://images.pokemontcg.io/neo1/97_hires.png,2026/08/08,2026/02/01,1.38,0.5,1.149999976158142,20.760000228881836,,,,,"{""1stEdition"": {""low"": 0.98, ""mid"": 1.44, ""high"": 10.0, ""market"": 1.7, ""directLow"": 1.37}}",1.638,0.0231,2.2147,0.0,0.9804999828338623,1.0958,1.3957,0.346,0.346,0.346,1.1535,2026-08-09
base6-99,Weedle,normal,Legendary Collection,99,Common,Mitsuhiro Arita,Basic,13,Pokémon,2002/05/24,"tcgplayer,cardmarket",https://prices.pokemontcg.io/tcgplayer/base6-99,https://images.pokemontcg.io/base6/99_hires.png,2026/08/08,2026/01/16,0.73,0.4000000059604645,0.75,18.420000076293945,,102.5,,,,0.2653,0.0577,0.5306,35.3663,1.153499960899353,0.3691,0.346,14.9955,31.306,26.8535,1.1535,2026-08-09
sm12-107,Trapinch,normal,Cosmic Eclipse,107,Common,sowsow,Basic,328,Pokémon,2019/11/01,"tcgplayer,cardmarket",https://prices.pokemontcg.io/tcgplayer/sm12-107,https://images.pokemontcg.io/sm12/107_hires.png,2026/08/08,2025/11/30,0.26,0.10000000149011612,0.27000001072883606,20.0,,0.54,,,,0.0923,0.0231,0.1038,0.4037,0.10379999876022339,0.0577,0.0807,0.1384,0.4037,0.4037,1.1535,2026-08-09
base4-105,Pokémon Breeder,normal,Base Set 2,105,Rare,Ken Sugimori,,,Trainer,2000/02/24,"tcgplayer,cardmarket",https://prices.pokemontcg.io/tcgplayer/base4-105,https://images.pokemontcg.io/base4/105_hires.png,2026/08/08,2026/01/16,4.43,2.0999999046325684,4.25,50.0,,,,,,4.8332,1.6149,5.0062,0.0,5.75600004196167,4.9254,4.0026,2.8838,2.8838,2.8838,1.1535,2026-08-09
bw1-102,Revive,normal,Black & White,102,Uncommon,5ban Graphics,Item,,Trainer,2011/04/25,"tcgplayer,cardmarket",https://prices.pokemontcg.io/tcgplayer/bw1-102,https://images.pokemontcg.io/bw1/102_hires.png,2026/08/08,2026/01/16,0.22,0.03999999910593033,0.25,19.979999542236328,,0.58,,,,0.1615,0.0231,0.15,0.8997,0.05770000070333481,0.1384,0.1384,1.142,1.0958,0.8882,1.1535,2026-08-09
xyp-XY99,Aerodactyl Spirit Link,normal,XY Black Star Promos,XY99,Promo,5ban Graphics,Pokémon Tool,,Trainer,2013/10/12,"tcgplayer,cardmarket",https://prices.pokemontcg.io/tcgplayer/xyp-XY99,https://images.pokemontcg.io/xyp/XY99_hires.png,2026/08/08,2026/01/16,1.93,0.9100000262260437,1.340000033378601,19.979999542236328,,,,,,7.8899,5.0754,6.7595,0.0,10.369999885559082,7.6592,5.3522,2.307,2.307,2.307,1.1535,2026-08-09
xy3-92,Fossil Researcher,normal,Furious Fists,92,Uncommon,Naoki Saito,Supporter,,Trainer,2014/08/13,"tcgplayer,cardmarket",https://prices.pokemontcg.io/tcgplayer/xy3-92,https://images.pokemontcg.io/xy3/92_hires.png,2026/08/08,2026/01/16,0.24,0.10000000149011612,0.25,1000.0,,0.48,,,,0.2422,0.0231,0.2307,1.7764,0.46140000224113464,0.2307,0.2307,2.2955,1.3381,0.9228,1.1535,2026-08-09
xy11-106,Steelix Spirit Link,normal,Steam Siege,106,Uncommon,5ban Graphics,Pokémon Tool,,Trainer,2016/08/03,"tcgplayer,cardmarket",https://prices.pokemontcg.io/tcgplayer/xy11-106,https://images.pokemontcg.io/xy11/106_hires.png,2026/08/08,2025/12/28,0.19,0.009999999776482582,0.23000000417232513,1000.0,,0.52,,,,0.1154,0.0231,0.0461,0.6575,0.15000000596046448,0.0923,0.1615,0.3345,0.646,0.5652,1.1535,2026-08-09
bw8-99,Doduo,normal,Plasma Storm,99,Common,Kyoko Umemoto,Basic,84,Pokémon,2013/02/06,"tcgplayer,cardmarket",https://prices.pokemontcg.io/tcgplayer/bw8-99,https://images.pokemontcg.io/bw8/99_hires.png,2026/08/08,2026/01/16,0.28,0.10000000149011612,0.2800000011920929,17.280000686645508,,0.51,,,,0.1961,0.0231,0.2653,0.0,0.11540000140666962,0.2076,0.1961,0.8074,0.5883,0.5998,1.1535,2026-08-09
bw5-97,Old Amber Aerodactyl,normal,Dark Explorers,97,Uncommon,Ryo Ueda,Item,,Trainer,2012/05/09,"tcgplayer,cardmarket",https://prices.pokemontcg.io/tcgplayer/bw5-97,https://images.pokemontcg.io/bw5/97_hires.png,2026/08/08,2026/01/16,0.33,0.20000000298023224,0.3799999952316284,19.979999542236328,,0.61,,,,0.2768,0.0231,0.3114,0.3691,0.23070000112056732,0.2653,0.2538,1.3842,0.6806,0.9343,1.1535,2026-08-09
bwp-BW95,Champions Festival,normal,BW Black Star Promos,BW95,Promo,Naoki Saito,Stadium,,Trainer,2011/03/01,"tcgplayer,cardmarket",https://prices.pokemontcg.io/tcgplayer/bwp-BW95,https://images.pokemontcg.io/bwp/BW95_hires.png,2026/08/08,2026/01/16,174.99,174.99000549316406,175.0,189.99000549316406,,,,,,109.5594,86.501,220.8376,0.0,92.22229766845703,159.3791,155.9301,40.361,40.361,40.361,1.1535,2026-08-09
xy5-112,Linoone,normal,Primal Clash,112,Uncommon,match,Stage 1,264,Pokémon,2015/02/04,"tcgplayer,cardmarket",https://prices.pokemontcg.io/tcgplayer/xy5-112,https://images.pokemontcg.io/xy5/112_hires.png,2026/08/08,2025/12/07,0.32,0.05000000074505806,0.25,19.979999542236328,,0.62,,,,0.15,0.0231,0.1961,0.6114,0.57669997215271,0.1846,0.2076,0.5767,0.4499,0.5421,1.1535,2026-08-09
sm6-96,Arceus ◇,holofoil,Forbidden Light,96,Rare Prism Star,Masakazu Fukuda,Basic|Prism Star,493,Pokémon,2018/05/04,"tcgplayer,cardmarket",https://prices.pokemontcg.io/tcgplayer/sm6-96,https://images.pokemontcg.io/sm6/96_hires.png,2026/08/08,2026/01/16,15.4,10.5,15.460000038146973,49.9900016784668,,,,,,9.6087,2.2955,9.3203,13.842,10.958200454711914,10.7737,9.1011,13.842,11.7657,10.1047,1.1535,2026-08-09
xy8-102,Floette,normal,BREAKthrough,102,Uncommon,Midori Harada,Stage 1,670,Pokémon,2015/11/04,"tcgplayer,cardmarket",https://prices.pokemontcg.io/tcgplayer/xy8-102,https://images.pokemontcg.io/xy8/102_hires.png,2026/08/08,2026/01/16,0.49,0.25,0.46000000834465027,19.979999542236328,,1.16,,,,0.1615,0.0231,0.1269,0.6344,0.13840000331401825,0.173,0.2538,0.15,0.5883,0.7152,1.1535,2026-08-09
bw7-108,Ditto,holofoil,Boundaries Crossed,108,Rare Holo,HiRON,Basic,132,Pokémon,2012/11/07,"tcgplayer,cardmarket",https://prices.pokemontcg.io/tcgplayer/bw7-108,https://images.pokemontcg.io/bw7/108_hires.png,2026/08/08,2025/12/21,45.8,55.0,75.0,1608.3299560546875,,81.3,,,,7.7515,0.9228,9.551,6.6326,17.302499771118164,7.5324,9.574,3.1721,5.1907,7.9938,1.1535,2026-08-09
ex8-104,Sharpedo ex,normal,Deoxys,104,Rare Holo EX,Hikaru Koike,Stage 1|ex,319,Pokémon,2005/02/01,"tcgplayer,cardmarket",https://prices.pokemontcg.io/tcgplayer/ex8-104,https://images.pokemontcg.io/ex8/104_hires.png,2026/08/08,2026/01/16,110.22,111.20999908447266,111.20999908447266,111.20999908447266,150.0,,,,,52.738,11.2005,57.1905,0.0,101.50800323486328,47.0628,41.5375,46.1285,24.1081,20.4285,1.1535,2026-08-09
xy6-100,M Gallade-EX,holofoil,Roaring Skies,100,Rare Ultra,5ban Graphics,MEGA|EX,475,Pokémon,2015/05/06,"tcgplayer,cardmarket",https://prices.pokemontcg.io/tcgplayer/xy6-100,https://images.pokemontcg.io/xy6/100_hires.png,2026/08/08,2026/01/16,53.51,33.45000076293945,43.9900016784668,500.0,,,,,,39.3344,21.905,40.3379,0.0,46.13999938964844,42.7949,45.2864,9.2165,12.0541,9.4126,1.1535,2026-08-09
neo1-98,Super Scoop Up,unlimited,Neo Genesis,98,Uncommon,Keiji Kinebuchi,,,Trainer,2000/12/16,"tcgplayer,cardmarket",https://prices.pokemontcg.io/tcgplayer/neo1-98,https://images.pokemontcg.io/neo1/98_hires.png,2026/08/08,2026/02/01,1.29,0.47999998927116394,1.2000000476837158,23.489999771118164,,,,,"{""1stEdition"": {""low"": 0.75, ""mid"": 1.81, ""high"": 28.2, ""market"": 1.89, ""directLow"": null}}",0.992,0.0461,1.2342,0.0,0.18459999561309814,1.0151,0.9689,0.0,0.0,0.0,1.1535,2026-08-09
bw2-96,Recycle,normal,Emerging Powers,96,Uncommon,Ryo Ueda,Item,,Trainer,2011/08/31,"tcgplayer,cardmarket",https://prices.pokemontcg.io/tcgplayer/bw2-96,https://images.pokemontcg.io/bw2/96_hires.png,2026/08/08,2026/01/16,0.51,0.20000000298023224,0.4399999976158142,2.2799999713897705,,1.03,,,,0.2422,0.0231,0.2768,0.0,0.51910001039505,0.2538,0.2884,1.1535,1.0035,0.9574,1.1535,2026-08-09
ex15-93,Gardevoir ex δ,holofoil,Dragon Frontiers,93,Rare Holo EX,Masahiko Ishii,Stage 2|ex,282,Pokémon,2006/11/01,"tcgplayer,cardmarket",https://prices.pokemontcg.io/tcgplayer/ex15-93,https://images.pokemontcg.io/ex15/93_hires.png,2026/08/08,2026/01/16,152.99,152.99000549316406,199.99000549316406,1850.0,,,,,,60.1666,8.0745,89.477,0.0,115.3499984741211,69.3715,63.6271,17.8792,34.605,26.9919,1.1535,2026-08-09
ex6-102,Switch,normal,FireRed & LeafGreen,102,Common,Hiromichi Sugiyama,Item,,Trainer,2004/09/01,"tcgplayer,cardmarket",https://prices.pokemontcg.io/tcgplayer/ex6-102,https://images.pokemontcg.io/ex6/102_hires.png,2026/08/08,2026/01/16,0.28,0.07999999821186066,0.2800000011920929,20.260000228881836,,10.8,,,,0.1961,0.0231,0.2192,0.0,0.18459999561309814,0.2307,0.1961,5.756,8.559,6.6903,1.1535,2026-08-09
xy12-101,M Charizard-EX,holofoil,Evolutions,101,Rare Ultra,5ban Graphics,MEGA|EX,6,Pokémon,2016/11/02,"tcgplayer,cardmarket",https://prices.pokemontcg.io/tcgplayer/xy12-101,https://images.pokemontcg.io/xy12/101_hires.png,2026/08/08,2026/01/16,150.92,99.0,150.9199981689453,918.1799926757812,,,,,,133.4023,29.4835,124.8318,0.0,169.5644989013672,144.4989,127.3003,121.1175,94.5755,91.138,1.1535,2026-08-09
neo4-103,Team Rocket's Evil Deeds,unlimited,Neo Destiny,103,Uncommon,Ken Sugimori,,,Trainer,2002/02/28,"tcgplayer,cardmarket",https://prices.pokemontcg.io/tcgplayer/neo4-103,https://images.pokemontcg.io/neo4/103_hires.png,2026/08/08,2026/01/16,3.66,2.25,3.5799999237060547,33.099998474121094,,,,,"{""1stEdition"": {""low"": 3.4, ""mid"": 7.15, ""high"": 72.8, ""market"": 7.06, ""directLow"": null}}",6.3789,0.2884,6.1366,0.0,4.025700092315674,5.6522,4.9254,0.0,0.0,0.0,1.1535,2026-08-09
sm5-103,Lickilicky,normal,Ultra Prism,103,Rare,Yumi,Stage 1,463,Pokémon,2018/02/02,"tcgplayer,cardmarket",https://prices.pokemontcg.io/tcgplayer/sm5-103,https://images.pokemontcg.io/sm5/103_hires.png,2026/08/08,2025/12/28,0.44,0.20000000298023224,0.47999998927116394,19.979999542236328,,0.69,,,,0.2653,0.0231,0.2192,0.5191,0.40369999408721924,0.2884,0.2884,0.2884,0.4614,0.5075,1.1535,2026-08-09
sm4-93,Devoured Field,normal,Crimson Invasion,93,Uncommon,5ban Graphics,Stadium,,Trainer,2017/11/03,"tcgplayer,cardmarket",https://prices.pokemontcg.io/tcgplayer/sm4-93,https://images.pokemontcg.io/sm4/93_hires.png,2026/08/08,2026/01/16,0.16,0.03999999910593033,0.20000000298023224,2.990000009536743,,0.37,,,,0.0923,0.0231,0.1038,0.3691,0.03460000082850456,0.0923,0.0807,0.2884,0.3691,0.323,1.1535,2026-08-09
pl2-107,Hippowdon LV.X,holofoil,Rising Rivals,107,Rare Holo LV.X,Shizurow,Level-Up,450,Pokémon,2009/05/16,"tcgplayer,cardmarket",https://prices.pokemontcg.io/tcgplayer/pl2-107,https://images.pokemontcg.io/pl2/107_hires.png,2026/08/08,2026/01/16,80.95,96.98999786376953,436.1499938964844,809.7999877929688,,,,,,29.6103,5.1907,26.2652,0.0,18.167600631713867,29.5181,28.4799,33.7399,20.7861,14.3611,1.1535,2026-08-09
xy9-94,Purugly,normal,BREAKpoint,94,Uncommon,Kagemaru Himeno,Stage 1,432,Pokémon,2016/02/03,"tcgplayer,cardmarket",https://prices.pokemontcg.io/tcgplayer/xy9-94,https://images.pokemontcg.io/xy9/94_hires.png,2026/08/08,2026/01/16,0.14,0.05000000074505806,0.23999999463558197,19.979999542236328,,0.54,,,,0.0923,0.0231,0.0692,0.6114,0.05770000070333481,0.1154,0.1038,0.8074,0.5883,0.5306,1.1535,2026-08-09
sm8-100,Cofagrigus,normal,Lost Thunder,100,Rare,tetsuya koizumi,Stage 1,563,Pokémon,2018/11/02,"tcgplayer,cardmarket",https://prices.pokemontcg.io/tcgplayer/sm8-100,https://images.pokemontcg.io/sm8/100_hires.png,2026/08/08,2025/12/28,1.11,0.75,1.1200000047683716,19.979999542236328,,1.47,,,,0.8536,0.1038,1.0381,1.7302,0.8651000261306763,0.9805,1.0381,1.7302,2.157,2.1109,1.1535,2026-08-09
hgss4-102,Palkia & Dialga LEGEND,holofoil,HS—Triumphant,102,LEGEND,Shinji Higuchi + Sachiko Eba,LEGEND,483|484,Pokémon,2010/11/03,"tcgplayer,cardmarket",https://prices.pokemontcg.io/tcgplayer/hgss4-102,https://images.pokemontcg.io/hgss4/102_hires.png,2026/08/08,2026/01/16,131.24,164.0,265.0,1209.800048828125,,,,,,39.9918,9.8048,42.2758,0.0,57.67499923706055,43.5331,42.1028,10.3815,13.5998,13.9458,1.1535,2026-08-09
sm7-103,Bagon,normal,Celestial Storm,103,Common,Yumi,Basic,371,Pokémon,2018/08/03,"tcgplayer,cardmarket",https://prices.pokemontcg.io/tcgplayer/sm7-103,https://images.pokemontcg.io/sm7/103_hires.png,2026/08/08,2025/12/21,0.18,0.05000000074505806,0.23000000417232513,19.979999542236328,,0.4,,,,0.0577,0.0231,0.1154,0.4499,0.17299999296665192,0.0692,0.0807,0.5191,0.4153,0.4845,1.1535,2026-08-09
gym1-115,Pewter City Gym,unlimited,Gym Heroes,115,Uncommon,Keiji Kinebuchi,Stadium,,Trainer,2000/08/14,"tcgplayer,cardmarket",https://prices.pokemontcg.io/tcgplayer/gym1-115,https://images.pokemontcg.io/gym1/115_hires.png,2026/08/08,2026/01/16,1.36,0.49000000953674316,0.949999988079071,3.740000009536743,,,,,"{""1stEdition"": {""low"": 0.73, ""mid"": 1.5, ""high"": 33.1, ""market"": 2.32, ""directLow"": null}}",1.9033,0.1154,1.488,0.0,0.6920999884605408,1.5572,1.5918,2.307,2.307,2.307,1.1535,2026-08-09
ex16-98,Skarmory ex,holofoil,Power Keepers,98,Rare Holo EX,Ryo Ueda,Basic|ex,227,Pokémon,2007/02/02,"tcgplayer,cardmarket",https://prices.pokemontcg.io/tcgplayer/ex16-98,https://images.pokemontcg.io/ex16/98_hires.png,2026/08/08,2026/01/16,72.28,59.9900016784668,79.98999786376953,299.989990234375,,,,,,26.8881,6.921,33.0132,0.0,57.67499923706055,34.4435,25.1463,3.4605,12.031,11.9503,1.1535,2026-08-09
ecard3-72,Ledyba,normal,Skyridge,72,Common,Masako Yamashita,Basic,165,Pokémon,2003/05/12,"tcgplayer,cardmarket",https://prices.pokemontcg.io/tcgplayer/ecard3-72,https://images.pokemontcg.io/ecard3/72_hires.png,2026/08/08,2026/01/16,15.97,15.0,25.0,229.89999389648438,,32.0,,,,4.8101,0.8651,7.5208,17.291,4.383299827575684,4.2449,6.5288,17.291,10.5084,9.8394,1.1535,2026-08-09
xy4-98,Jamming Net Team Flare Hyper Gear,holofoil,Phantom Forces,98,Rare Holo,5ban Graphics,Pokémon Tool F,,Trainer,2014/11/05,"tcgplayer,cardmarket",https://prices.pokemontcg.io/tcgplayer/xy4-98,https://images.pokemontcg.io/xy4/98_hires.png,2026/08/08,2026/01/16,1.17,0.49000000953674316,0.9900000095367432,19.979999542236328,,,,,,3.6912,0.4614,2.9876,0.0,0.9228000044822693,3.6912,2.9645,6.3442,2.953,3.622,1.1535,2026-08-09
ex2-98,Raichu ex,holofoil,Sandstorm,98,Rare Holo EX,Ryo Ueda,Stage 1|ex,26,Pokémon,2003/09/18,"tcgplayer,cardmarket",https://prices.pokemontcg.io/tcgplayer/ex2-98,https://images.pokemontcg.io/ex2/98_hires.png,2026/08/08,2026/01/16,267.89,498.0,697.489990234375,1915.31005859375,,,,,,66.9607,5.7675,70.2481,0.0,138.4199981689453,73.2357,55.3911,3.4605,22.2164,21.4436,1.1535,2026-08-09
sm10-95,Rhyperior,normal,Unbroken Bonds,95,Rare,kawayoo,Stage 2,464,Pokémon,2019/05/03,"tcgplayer,cardmarket",https://prices.pokemontcg.io/tcgplayer/sm10-95,https://images.pokemontcg.io/sm10/95_hires.png,2026/08/08,2026/01/16,0.3,0.10000000149011612,0.3199999928474426,19.979999542236328,,0.47,,,,0.2884,0.1154,0.4383,1.5572,0.23070000112056732,0.3691,0.3691,2.2955,1.5918,1.2342,1.1535,2026-08-09
ex9-103,Water Energy,normal,Emerald,103,Rare Holo,,Basic,,Energy,2005/05/01,"tcgplayer,cardmarket",https://prices.pokemontcg.io/tcgplayer/ex9-103,https://images.pokemontcg.io/ex9/103_hires.png,2026/08/08,2026/01/16,16.99,16.0,18.600000381469727,139.89999389648438,16.69,,,,,4.8447,0.8651,4.0488,8.3167,2.306999921798706,4.7755,5.0523,7.4862,6.1482,6.5173,1.1535,2026-08-09
smp-SM102,Dusk Mane Necrozma-GX,holofoil,SM Black Star Promos,SM102,Promo,5ban Graphics,Basic|GX|Ultra Beast,800,Pokémon,2017/02/03,"tcgplayer,cardmarket",https://prices.pokemontcg.io/tcgplayer/smp-SM102,https://images.pokemontcg.io/smp/SM102_hires.png,2026/08/08,2025/12/07,6.37,3.950000047683716,6.349999904632568,135.24000549316406,,,,,,3.622,0.5767,3.6566,0.0,4.613999843597412,3.6105,3.7489,3.1491,2.8953,3.0914,1.1535,2026-08-09
swsh2-103,Binacle,normal,Rebel Clash,103,Common,Saya Tsuruta,Basic,688,Pokémon,2020/05/01,"tcgplayer,cardmarket",https://prices.pokemontcg.io/tcgplayer/swsh2-103,https://images.pokemontcg.io/swsh2/103_hires.png,2026/08/08,2025/12/07,0.15,0.009999999776482582,0.17000000178813934,19.979999542236328,,0.24,,,,0.0577,0.0231,0.0461,0.2422,0.023099999874830246,0.0577,0.0577,0.173,0.2768,0.2768,1.1535,2026-08-09
dp4-97,Amulet Coin,normal,Great Encounters,97,Uncommon,Daisuke Ito,Pokémon Tool,,Trainer,2008/02/01,"tcgplayer,cardmarket",https://prices.pokemontcg.io/tcgplayer/dp4-97,https://images.pokemontcg.io/dp4/97_hires.png,2026/08/08,2026/01/16,0.27,0.11999999731779099,0.28999999165534973,5.0,,1.65,,,,0.1154,0.0231,0.1846,0.0,0.6229000091552734,0.173,0.1269,0.9228,1.0728,0.9113,1.1535,2026-08-09
sm1-103,Lillipup,normal,Sun & Moon,103,Common,MAHOU,Basic,506,Pokémon,2017/02/03,"tcgplayer,cardmarket",https://prices.pokemontcg.io/tcgplayer/sm1-103,https://images.pokemontcg.io/sm1/103_hires.png,2026/08/08,2025/12/28,0.17,0.019999999552965164,0.20000000298023224,1000.0,,0.35,,,,0.0577,0.0231,0.1038,0.2768,0.09229999780654907,0.0577,0.0577,0.2307,0.3576,0.2999,1.1535,2026-08-09
ex11-102,Switch,normal,Delta Species,102,Common,Hiromichi Sugiyama,Item,,Trainer,2005/10/31,"tcgplayer,cardmarket",https://prices.pokemontcg.io/tcgplayer/ex11-102,https://images.pokemontcg.io/ex11/102_hires.png,2026/08/08,2026/01/16,0.31,0.03999999910593033,0.3100000023841858,17.420000076293945,,8.74,,,,0.1269,0.0231,0.1384,0.0,0.40369999408721924,0.1961,0.173,6.9095,7.9592,5.3061,1.1535,2026-08-09
dp3-110,Shuppet,normal,Secret Wonders,110,Common,Kagemaru Himeno,Basic,353,Pokémon,2007/11/01,"tcgplayer,cardmarket",https://prices.pokemontcg.io/tcgplayer/dp3-110,https://images.pokemontcg.io/dp3/110_hires.png,2026/08/08,2026/01/16,0.34,0.10000000149011612,0.3400000035762787,19.979999542236328,,6.78,,,,0.1615,0.0231,0.173,1.1535,0.05770000070333481,0.1961,0.15,0.5767,1.5918,0.8074,1.1535,2026-08-09
ex1-93,Darkness Energy,normal,Ruby & Sapphire,93,Rare,Milky Isobe,Special,,Energy,2003/07/01,"tcgplayer,cardmarket",https://prices.pokemontcg.io/tcgplayer/ex1-93,https://images.pokemontcg.io/ex1/93_hires.png,2026/08/08,2026/02/01,1.34,0.5899999737739563,1.2999999523162842,33.970001220703125,,2.35,,,,19.9902,0.0577,28.4453,0.0,8.07450008392334,30.4063,21.2936,8.063,8.4552,8.2937,1.1535,2026-08-09
pl4-AR6,Arceus,holofoil,Arceus,AR6,Rare,Wataru Kawahara,Basic,493,Pokémon,2009/11/04,"tcgplayer,cardmarket",https://prices.pokemontcg.io/tcgplayer/pl4-AR6,https://images.pokemontcg.io/pl4/AR6_hires.png,2026/08/08,2025/12/28,31.27,12.0,33.380001068115234,226.3800048828125,,,,,,5.4215,0.5767,3.8065,8.2245,1.153499960899353,2.9184,5.3868,4.9024,4.8908,3.5066,1.1535,2026-08-09
sm9-108,Doublade,normal,Team Up,108,Uncommon,Shin Nagasawa,Stage 1,680,Pokémon,2019/02/01,"tcgplayer,cardmarket",https://prices.pokemontcg.io/tcgplayer/sm9-108,https://images.pokemontcg.io/sm9/108_hires.png,2026/08/08,2025/12/07,0.22,0.03999999910593033,0.25,18.940000534057617,,0.38,,,,0.1038,0.0231,0.0807,0.3576,0.10379999876022339,0.1038,0.1038,0.3345,0.2884,0.2999,1.1535,2026-08-09
pl1-104,Broken Time-Space,normal,Platinum,104,Uncommon,Kent Kanetsuna,Stadium,,Trainer,2009/02/11,"tcgplayer,cardmarket",https://prices.pokemontcg.io/tcgplayer/pl1-104,https://images.pokemontcg.io/pl1/104_hires.png,2026/08/08,2026/01/16,1.79,1.4900000095367432,1.940000057220459,27.899999618530273,,7.5,,,,2.1686,1.3842,2.5146,0.0,1.7302000522613525,2.0302,1.5572,1.142,1.0035,1.0497,1.1535,2026-08-09
sm11-100,Cosmog,normal,Unified Minds,100,Common,Akira Komayama,Basic,789,Pokémon,2019/08/02,"tcgplayer,cardmarket",https://prices.pokemontcg.io/tcgplayer/sm11-100,https://images.pokemontcg.io/sm11/100_hires.png,2026/08/08,2025/12/28,0.21,0.05000000074505806,0.23000000417232513,19.979999542236328,,0.41,,,,0.0692,0.0231,0.0231,0.323,0.06920000165700912,0.0692,0.1154,0.4037,0.3345,0.3576,1.1535,2026-08-09
col1-SL8,Palkia,,Call of Legends,SL8,Rare Holo,Ayaka Yoshida,Basic,484,Pokémon,2011/02/09,cardmarket,https://prices.pokemontcg.io/cardmarket/col1-SL8,https://images.pokemontcg.io/col1/SL8_hires.png,,2026/01/16,,,,,,,,,,52.2305,9.228,68.1372,0.0,57.66350173950195,62.5312,80.099,23.0585,50.4079,30.8907,1.1535,2026-08-09
dp1-105,Double Full Heal,normal,Diamond & Pearl,105,Uncommon,Ryo Ueda,Item,,Trainer,2007/05/01,"tcgplayer,cardmarket",https://prices.pokemontcg.io/tcgplayer/dp1-105,https://images.pokemontcg.io/dp1/105_hires.png,2026/08/08,2026/01/15,0.32,0.009999999776482582,0.30000001192092896,19.979999542236328,,1.99,,,,0.1384,0.0231,0.1846,0.2307,0.2653000056743622,0.2076,0.1384,0.2307,1.3265,1.0266,1.1535,2026-08-09
swsh4-100,Clobbopus,normal,Vivid Voltage,100,Common,Misa Tsutsui,Basic,852,Pokémon,2020/11/13,"tcgplayer,cardmarket",https://prices.pokemontcg.io/tcgplayer/swsh4-100,https://images.pokemontcg.io/swsh4/100_hires.png,2026/08/08,2026/01/16,0.07,0.009999999776482582,0.15000000596046448,25.059999465942383,,0.11,,,,0.0231,0.0231,0.0346,0.2076,0.03460000082850456,0.0346,0.0346,0.0231,0.2999,0.2422,1.1535,2026-08-09
swsh1-106,Mudsdale,normal,Sword & Shield,106,Rare,Masakazu Fukuda,Stage 1,750,Pokémon,2020/02/07,"tcgplayer,cardmarket",https://prices.pokemontcg.io/tcgplayer/swsh1-106,https://images.pokemontcg.io/swsh1/106_hires.png,2026/08/08,2025/12/07,0.29,0.07000000029802322,0.2800000011920929,2.990000009536743,,0.43,,,,0.4499,0.0231,0.4383,0.5767,0.23070000112056732,0.3922,0.3114,0.4614,0.5767,0.7613,1.1535,2026-08-09
bw6-103,Slaking,holofoil,Dragons Exalted,103,Rare Holo,Naoki Saito,Stage 2,289,Pokémon,2012/08/15,"tcgplayer,cardmarket",https://prices.pokemontcg.io/tcgplayer/bw6-103,https://images.pokemontcg.io/bw6/103_hires.png,2026/08/08,2026/01/16,1.6,0.8299999833106995,1.5199999809265137,19.979999542236328,,1.96,,,,2.7569,0.4614,3.0337,0.5306,2.7569000720977783,2.4224,2.6184,0.5306,1.9956,2.1916,1.1535,2026-08-09
ecard1-96,Caterpie,normal,Expedition Base Set,96,Common,Miki Tanaka,Basic,10,Pokémon,2002/09/15,"tcgplayer,cardmarket",https://prices.pokemontcg.io/tcgplayer/ecard1-96,https://images.pokemontcg.io/ecard1/96_hires.png,2026/08/08,2026/02/01,6.75,4.889999866485596,6.460000038146973,89.06999969482422,,40.69,,,,1.7879,0.0923,1.4419,10.3815,0.28839999437332153,1.0958,1.2919,13.7266,13.4729,8.3398,1.1535,2026-08-09
dp2-98,Shinx,normal,Mysterious Treasures,98,Common,Lee HyunJung,Basic,403,Pokémon,2007/08/01,"tcgplayer,cardmarket",https://prices.pokemontcg.io/tcgplayer/dp2-98,https://images.pokemontcg.io/dp2/98_hires.png,2026/08/08,2026/01/16,0.97,0.25999999046325684,0.8700000047683716,19.979999542236328,,9.21,,,,0.2999,0.0231,0.4614,0.0,1.3841999769210815,0.5075,0.3807,1.315,2.953,1.8341,1.1535,2026-08-09
g1-RC13,Jirachi,holofoil,Generations,RC13,Uncommon,kirisAki,Basic,385,Pokémon,2016/02/22,"tcgplayer,cardmarket",https://prices.pokemontcg.io/tcgplayer/g1-RC13,https://images.pokemontcg.io/g1/RC13_hires.png,2026/08/08,2026/01/16,17.49,11.0,18.09000015258789,99.98999786376953,,,,,,4.8793,0.1154,4.4179,4.9139,5.306099891662598,4.2795,4.5563,5.756,5.6983,5.2484,1.1535,2026-08-09
ex10-104,Ho-Oh ex,holofoil,Unseen Forces,104,Rare Holo EX,Mitsuhiro Arita,Basic|ex,250,Pokémon,2005/08/01,"tcgplayer,cardmarket",https://prices.pokemontcg.io/tcgplayer/ex10-104,https://images.pokemontcg.io/ex10/104_hires.png,2026/08/08,2026/01/16,328.56,351.55999755859375,359.55999755859375,367.55999755859375,,,,,,103.8842,25.377,126.5274,0.0,109.5248031616211,91.6917,108.2444,138.42,83.0405,49.3698,1.1535,2026-08-09
ex7-103,Rocket's Sneasel ex,normal,Team Rocket Returns,103,Rare Holo EX,Ryo Ueda,Basic|ex,215,Pokémon,2004/11/01,"tcgplayer,cardmarket",https://prices.pokemontcg.io/tcgplayer/ex7-103,https://images.pokemontcg.io/ex7/103_hires.png,2026/08/08,2026/01/16,,198.0,198.0,198.0,339.99,,,,,144.1875,74.9775,192.2654,0.0,288.1328125,181.5955,159.2291,51.8498,103.5612,53.407,1.1535,2026-08-09
dp7-97,Heatran LV.X,holofoil,Stormfront,97,Rare Holo LV.X,Shizurow,Level-Up,485,Pokémon,2008/11/01,"tcgplayer,cardmarket",https://prices.pokemontcg.io/tcgplayer/dp7-97,https://images.pokemontcg.io/dp7/97_hires.png,2026/08/08,2026/01/16,61.43,49.9900016784668,96.19000244140625,519.9000244140625,,,,,,16.0913,2.2955,13.2537,0.0,10.72760009765625,16.0913,22.747,11.535,4.6486,6.6096,1.1535,2026-08-09
ex13-105,Grass Energy,holofoil,Holon Phantoms,105,Rare Holo,,Basic,,Energy,2006/05/01,"tcgplayer,cardmarket",https://prices.pokemontcg.io/tcgplayer/ex13-105,https://images.pokemontcg.io/ex13/105_hires.png,2026/08/08,2026/01/16,9.52,6.5,11.470000267028809,76.69999694824219,,,,,,3.449,0.2307,3.5528,3.5874,5.75600004196167,4.5448,5.2023,2.307,3.6566,3.5412,1.1535,2026-08-09
bw11-107,Bouffalant,normal,Legendary Treasures,107,Uncommon,Sanosuke Sakuma,Basic,626,Pokémon,2013/11/06,"tcgplayer,cardmarket",https://prices.pokemontcg.io/tcgplayer/bw11-107,https://images.pokemontcg.io/bw11/107_hires.png,2026/08/08,2025/12/28,3.26,1.350000023841858,3.0,31.200000762939453,,8.46,,,,4.2218,5.7675,5.5368,0.0,8.07450008392334,5.26,4.2103,6.921,4.0949,1.7879,1.1535,2026-08-09
xy1-105,Delcatty,normal,XY,105,Uncommon,Suwama Chiaki,Stage 1,301,Pokémon,2014/02/05,"tcgplayer,cardmarket",https://prices.pokemontcg.io/tcgplayer/xy1-105,https://images.pokemontcg.io/xy1/105_hires.png,2026/08/08,2026/01/16,0.44,0.10000000149011612,0.30000001192092896,1000.0,,1.08,,,,0.4153,0.0231,0.3691,0.0,0.40369999408721924,0.4499,0.2653,0.6806,0.5306,0.7728,1.1535,2026-08-09
sm2-103,Taillow,normal,Guardians Rising,103,Common,Ayaka Yoshida,Basic,276,Pokémon,2017/05/05,"tcgplayer,cardmarket",https://prices.pokemontcg.io/tcgplayer/sm2-103,https://images.pokemontcg.io/sm2/103_hires.png,2026/08/08,2025/12/07,0.17,0.029999999329447746,0.20000000298023224,19.979999542236328,,0.35,,,,0.0577,0.0231,0.0692,0.2653,0.11540000140666962,0.0577,0.0692,0.1615,0.2653,0.2538,1.1535,2026-08-09
ex5-97,Regice ex,holofoil,Hidden Legends,97,Rare Holo EX,Mitsuhiro Arita,Basic|ex,378,Pokémon,2004/06/01,"tcgplayer,cardmarket",https://prices.pokemontcg.io/tcgplayer/ex5-97,https://images.pokemontcg.io/ex5/97_hires.png,2026/08/08,2026/02/01,145.58,220.99000549316406,304.989990234375,1995.56005859375,,,,,,52.2305,11.535,35.6316,0.0,15.249300003051758,49.5428,57.4212,5.7675,15.5607,14.8917,1.1535,2026-08-09
bw9-106,Plasma Energy,normal,Plasma Freeze,106,Uncommon,5ban Graphics,Special|Team Plasma,,Energy,2013/05/08,"tcgplayer,cardmarket",https://prices.pokemontcg.io/tcgplayer/bw9-106,https://images.pokemontcg.io/bw9/106_hires.png,2026/08/08,2025/12/28,0.35,0.20000000298023224,0.38999998569488525,1000.0,,3.04,,,,0.346,0.0231,0.5191,1.1535,0.40369999408721924,0.3922,0.5421,1.1535,2.0186,2.0878,1.1535,2026-08-09
swsh3-98,Galarian Sirfetch'd,normal,Darkness Ablaze,98,Rare,Ryota Murayama,Stage 1,865,Pokémon,2020/08/14,"tcgplayer,cardmarket",https://prices.pokemontcg.io/tcgplayer/swsh3-98,https://images.pokemontcg.io/swsh3/98_hires.png,2026/08/08,2026/01/16,0.27,0.10999999940395355,0.2800000011920929,19.979999542236328,,0.72,,,,2.803,0.0231,6.1597,0.0,2.8838000297546387,6.4135,7.3478,0.0,0.0,0.0,1.1535,2026-08-09
hgss1-114,Lugia LEGEND,holofoil,HeartGold & SoulSilver,114,LEGEND,Shinji Higuchi,LEGEND,249,Pokémon,2010/02/10,"tcgplayer,cardmarket",https://prices.pokemontcg.io/tcgplayer/hgss1-114,https://images.pokemontcg.io/hgss1/114_hires.png,2026/08/08,2025/12/21,312.72,320.0,329.989990234375,900.0,,,,,,50.7886,16.149,42.8064,0.0,56.52149963378906,38.2155,51.2731,23.07,30.0717,17.2448,1.1535,2026-08-09
ecard2-79,Grimer,normal,Aquapolis,79,Common,Keiji Kinebuchi,Basic,88,Pokémon,2003/01/15,"tcgplayer,cardmarket",https://prices.pokemontcg.io/tcgplayer/ecard2-79,https://images.pokemontcg.io/ecard2/79_hires.png,2026/08/08,2025/12/28,21.46,18.739999771118164,24.989999771118164,238.6999969482422,,159.99,,,,2.3762,0.1154,1.7187,5.3176,1.7302000522613525,2.157,2.0878,9.1703,6.7249,4.8216,1.1535,2026-08-09
pl3-102,Doduo,normal,Supreme Victors,102,Common,Atsuko Nishida,Basic,84,Pokémon,2009/08/19,"tcgplayer,cardmarket",https://prices.pokemontcg.io/tcgplayer/pl3-102,https://images.pokemontcg.io/pl3/102_hires.png,2026/08/08,2026/01/16,0.34,0.15000000596046448,0.3400000035762787,18.559999465942383,,0.53,,,,0.1846,0.0231,0.1961,0.0,0.40369999408721924,0.1846,0.1615,1.1535,1.0381,0.9228,1.1535,2026-08-09
xy10-99,Fairy Drop,normal,Fates Collide,99,Uncommon,Toyste Beach,Item,,Trainer,2016/05/02,"tcgplayer,cardmarket",https://prices.pokemontcg.io/tcgplayer/xy10-99,https://images.pokemontcg.io/xy10/99_hires.png,2026/08/08,2026/01/16,0.41,0.07000000029802322,0.38999998569488525,19.979999542236328,,0.7,,,,0.1615,0.0231,0.1154,0.2422,0.11540000140666962,0.15,0.1961,0.2307,0.6229,0.7036,1.1535,2026-08-09
base6-107,Energy Retrieval,normal,Legendary Collection,107,Uncommon,Keiji Kinebuchi,,,Trainer,2002/05/24,"tcgplayer,cardmarket",https://prices.pokemontcg.io/tcgplayer/base6-107,https://images.pokemontcg.io/base6/107_hires.png,2026/08/08,2026/01/16,0.55,0.1899999976158142,0.5,19.979999542236328,,25.57,,,,0.1038,0.1038,0.4499,23.07,0.8766999840736389,0.2307,0.5652,23.07,23.7044,23.2776,1.1535,2026-08-09
xy3-101,Tool Retriever,normal,Furious Fists,101,Uncommon,Toyste Beach,Item,,Trainer,2014/08/13,"tcgplayer,cardmarket",https://prices.pokemontcg.io/tcgplayer/xy3-101,https://images.pokemontcg.io/xy3/101_hires.png,2026/08/08,2025/12/28,0.16,0.07999999821186066,0.23000000417232513,1000.0,,0.5,,,,0.1384,0.0231,0.2192,0.7267,0.11540000140666962,0.2307,0.1961,0.8074,0.6575,0.6806,1.1535,2026-08-09
dp2-105,Teddiursa,normal,Mysterious Treasures,105,Common,Yuka Morii,Basic,216,Pokémon,2007/08/01,"tcgplayer,cardmarket",https://prices.pokemontcg.io/tcgplayer/dp2-105,https://images.pokemontcg.io/dp2/105_hires.png,2026/08/08,2026/01/16,7.94,4.900000095367432,6.989999771118164,61.70000076293945,,40.66,,,,0.5306,0.0231,0.4383,2.1916,0.41530001163482666,0.3691,0.4729,2.8722,3.8873,2.0648,1.1535,2026-08-09
dp3-120,Night Maintenance,normal,Secret Wonders,120,Uncommon,Ryo Ueda,Item,,Trainer,2007/11/01,"tcgplayer,cardmarket",https://prices.pokemontcg.io/tcgplayer/dp3-120,https://images.pokemontcg.io/dp3/120_hires.png,2026/08/08,2025/12/07,0.51,0.25,0.5400000214576721,16.959999084472656,,2.33,,,,0.2192,0.0231,0.15,0.0,0.04610000178217888,0.1846,0.2076,0.2884,0.5306,0.7152,1.1535,2026-08-09
xy9-102,Max Elixir,normal,BREAKpoint,102,Uncommon,Toyste Beach,Item,,Trainer,2016/02/03,"tcgplayer,cardmarket",https://prices.pokemontcg.io/tcgplayer/xy9-102,https://images.pokemontcg.io/xy9/102_hires.png,2026/08/08,2025/12/28,1.63,0.44999998807907104,1.2300000190734863,5.980000019073486,,2.47,,,,0.346,0.0,0.3922,0.0,0.34599998593330383,0.4037,0.4037,0.0,0.0,0.0,1.1535,2026-08-09
bw8-107,Exploud,normal,Plasma Storm,107,Rare,match,Stage 2,295,Pokémon,2013/02/06,"tcgplayer,cardmarket",https://prices.pokemontcg.io/tcgplayer/bw8-107,https://images.pokemontcg.io/bw8/107_hires.png,2026/08/08,2025/12/07,0.7,0.3799999952316284,0.800000011920929,19.84000015258789,,1.26,,,,0.9805,0.2192,0.9343,2.307,0.9343000054359436,0.9113,0.9228,2.307,1.7995,1.6495,1.1535,2026-08-09
sm10-105,Crabominable,normal,Unbroken Bonds,105,Rare,Tomokazu Komiya,Stage 1,740,Pokémon,2019/05/03,"tcgplayer,cardmarket",https://prices.pokemontcg.io/tcgplayer/sm10-105,https://images.pokemontcg.io/sm10/105_hires.png,2026/08/08,2025/12/07,0.46,0.25,0.46000000834465027,19.979999542236328,,1.08,,,,0.2884,0.1154,0.2884,0.8882,0.219200000166893,0.2884,0.4845,1.7302,1.0728,1.0151,1.1535,2026-08-09
ex15-99,Tyranitar ex δ,holofoil,Dragon Frontiers,99,Rare Holo EX,Yusuke Shimada,Stage 2|ex,248,Pokémon,2006/11/01,"tcgplayer,cardmarket",https://prices.pokemontcg.io/tcgplayer/ex15-99,https://images.pokemontcg.io/ex15/99_hires.png,2026/08/08,2026/01/16,190.97,197.99000549316406,270.9700012207031,1649.9000244140625,,,,,,32.7594,17.291,49.0468,0.0,53.06100082397461,63.7078,78.1958,57.675,36.9351,33.8322,1.1535,2026-08-09
dp6-113,Pineco,normal,Legends Awakened,113,Common,Masakazu Fukuda,Basic,204,Pokémon,2008/08/01,"tcgplayer,cardmarket",https://prices.pokemontcg.io/tcgplayer/dp6-113,https://images.pokemontcg.io/dp6/113_hires.png,2026/08/08,2025/12/07,0.3,0.10000000149011612,0.28999999165534973,17.719999313354492,,1.93,,,,0.0923,0.0231,0.2538,0.5767,1.1419999599456787,0.2192,0.1154,0.5767,1.0266,1.1304,1.1535,2026-08-09
pl2-114,Surfing Pikachu,holofoil,Rising Rivals,114,Rare Secret,Toshinao Aoki,Basic,25,Pokémon,2009/05/16,"tcgplayer,cardmarket",https://prices.pokemontcg.io/tcgplayer/pl2-114,https://images.pokemontcg.io/pl2/114_hires.png,2026/08/08,2025/12/21,355.25,400.0,1198.989990234375,3102.030029296875,,,,,,103.4343,12.6885,99.547,86.5125,403.7250061035156,89.6385,57.825,86.5125,37.2234,16.5297,1.1535,2026-08-09
hgss1-123,Gyarados,holofoil,HeartGold & SoulSilver,123,Rare Holo,Wataru Kawahara,Stage 1,130,Pokémon,2010/02/10,"tcgplayer,cardmarket",https://prices.pokemontcg.io/tcgplayer/hgss1-123,https://images.pokemontcg.io/hgss1/123_hires.png,2026/08/08,2025/12/07,234.99,177.5,340.6499938964844,2339.89990234375,,143.77,,,,57.5366,9.228,42.7602,0.0,146.11380004882812,66.0379,46.0823,3.6912,20.4285,14.1996,1.1535,2026-08-09
xy12-108,Misty's Determination,holofoil,Evolutions,108,Rare Ultra,Megumi Mizutani,Supporter,,Trainer,2016/11/02,"tcgplayer,cardmarket",https://prices.pokemontcg.io/tcgplayer/xy12-108,https://images.pokemontcg.io/xy12/108_hires.png,2026/08/08,2025/12/28,38.88,30.700000762939453,41.25,99.98999786376953,,,,,,25.4231,3.4605,28.7683,0.0,32.29800033569336,32.9901,29.3104,21.5589,19.6441,20.4169,1.1535,2026-08-09
sm11-107,Heracross,normal,Unified Minds,107,Uncommon,Sanosuke Sakuma,Basic,214,Pokémon,2019/08/02,"tcgplayer,cardmarket",https://prices.pokemontcg.io/tcgplayer/sm11-107,https://images.pokemontcg.io/sm11/107_hires.png,2026/08/08,2025/12/07,0.27,0.07000000029802322,0.27000001072883606,18.6200008392334,,0.67,,,,0.1846,0.0231,0.173,0.5652,0.17299999296665192,0.173,0.15,0.5652,0.7959,0.6229,1.1535,2026-08-09
ex13-111,Mew,holofoil,Holon Phantoms,111,Rare Secret,Ken Sugimori,Basic,151,Pokémon,2006/05/01,"tcgplayer,cardmarket",https://prices.pokemontcg.io/tcgplayer/ex13-111,https://images.pokemontcg.io/ex13/111_hires.png,2026/08/08,2026/01/16,335.54,124.98999786376953,195.92999267578125,265.0,,,,,,87.1815,4.614,46.4399,0.0,34.60499954223633,56.5907,54.9066,346.05,69.1062,29.1143,1.1535,2026-08-09
bw6-110,Bouffalant,normal,Dragons Exalted,110,Uncommon,Akira Komayama,Basic,626,Pokémon,2012/08/15,"tcgplayer,cardmarket",https://prices.pokemontcg.io/tcgplayer/bw6-110,https://images.pokemontcg.io/bw6/110_hires.png,2026/08/08,2025/12/07,0.54,0.15000000596046448,0.41999998688697815,2.990000009536743,,0.87,,,,0.5421,0.0231,0.4614,1.4303,1.153499960899353,0.4845,0.2653,1.3727,1.315,1.0381,1.1535,2026-08-09
ecard2-86,Houndour,normal,Aquapolis,86,Common,Midori Harada,Basic,228,Pokémon,2003/01/15,"tcgplayer,cardmarket",https://prices.pokemontcg.io/tcgplayer/ecard2-86,https://images.pokemontcg.io/ecard2/86_hires.png,2026/08/08,2025/12/28,5.8,4.050000190734863,6.789999961853027,48.79999923706055,,65.33,,,,1.2573,0.2307,1.3496,6.5865,2.7915000915527344,1.7418,1.5688,15.976,8.2129,6.921,1.1535,2026-08-09
pl3-109,Kricketot,normal,Supreme Victors,109,Common,Kouki Saitou,Basic,401,Pokémon,2009/08/19,"tcgplayer,cardmarket",https://prices.pokemontcg.io/tcgplayer/pl3-109,https://images.pokemontcg.io/pl3/109_hires.png,2026/08/08,2026/01/16,0.34,0.10000000149011612,0.33000001311302185,19.979999542236328,,1.99,,,,0.2307,0.0231,0.2422,0.0,0.08070000261068344,0.2307,0.1846,1.1535,1.6841,0.992,1.1535,2026-08-09
ecard1-105,Cyndaquil,normal,Expedition Base Set,105,Common,Kyoko Umemoto,Basic,155,Pokémon,2002/09/15,"tcgplayer,cardmarket",https://prices.pokemontcg.io/tcgplayer/ecard1-105,https://images.pokemontcg.io/ecard1/105_hires.png,2026/08/08,2026/01/16,12.81,11.0,14.079999923706055,128.0,,58.31,,,,2.3762,0.0577,7.094,16.149,1.6033999919891357,11.8234,4.1295,11.2351,14.7879,10.5545,1.1535,2026-08-09
swsh2-112,Koffing,normal,Rebel Clash,112,Common,Kyoko Umemoto,Basic,109,Pokémon,2020/05/01,"tcgplayer,cardmarket",https://prices.pokemontcg.io/tcgplayer/swsh2-112,https://images.pokemontcg.io/swsh2/112_hires.png,2026/08/08,2025/12/07,0.06,0.009999999776482582,0.18000000715255737,20.0,,0.32,,,,0.0461,0.0231,0.0807,0.1846,0.11540000140666962,0.0807,0.0461,0.173,0.1961,0.1961,1.1535,2026-08-09
sm3-108,Bouffalant,normal,Burning Shadows,108,Uncommon,TOKIYA,Basic,626,Pokémon,2017/08/05,"tcgplayer,cardmarket",https://prices.pokemontcg.io/tcgplayer/sm3-108,https://images.pokemontcg.io/sm3/108_hires.png,2026/08/08,2025/12/07,0.16,0.009999999776482582,0.20000000298023224,19.979999542236328,,0.35,,,,0.0461,0.0231,0.0461,0.2884,0.023099999874830246,0.0461,0.0577,0.5767,0.323,0.2884,1.1535,2026-08-09
swsh4-108,Krokorok,normal,Vivid Voltage,108,Uncommon,sowsow,Stage 1,552,Pokémon,2020/11/13,"tcgplayer,cardmarket",https://prices.pokemontcg.io/tcgplayer/swsh4-108,https://images.pokemontcg.io/swsh4/108_hires.png,2026/08/08,2025/12/07,0.15,0.009999999776482582,0.18000000715255737,25.170000076293945,,0.27,,,,0.0692,0.0231,0.0692,0.2076,0.11540000140666962,0.0692,0.0692,0.2999,0.2076,0.2076,1.1535,2026-08-09
bw11-RC3,Serperior,holofoil,Legendary Treasures,RC3,Uncommon,Shin Nagasawa,Stage 2,497,Pokémon,2013/11/06,"tcgplayer,cardmarket",https://prices.pokemontcg.io/tcgplayer/bw11-RC3,https://images.pokemontcg.io/bw11/RC3_hires.png,2026/08/08,2025/12/07,4.51,2.190000057220459,4.5,49.9900016784668,,,,,,2.3647,0.8651,2.2724,1.9494,2.1916000843048096,2.3647,2.3877,2.2493,1.8917,2.134,1.1535,2026-08-09
base4-115,Pokédex,normal,Base Set 2,115,Uncommon,Keiji Kinebuchi,,,Trainer,2000/02/24,"tcgplayer,cardmarket",https://prices.pokemontcg.io/tcgplayer/base4-115,https://images.pokemontcg.io/base4/115_hires.png,2026/08/08,2026/01/16,0.66,0.15000000596046448,0.5199999809265137,19.979999542236328,,,,,,0.4845,0.1154,0.4383,0.0,0.36910000443458557,0.5537,0.4499,0.0,0.0,0.0,1.1535,2026-08-09
swsh4-109,Krookodile,normal,Vivid Voltage,109,Rare,Ryuta Fuse,Stage 2,553,Pokémon,2020/11/13,"tcgplayer,cardmarket",https://prices.pokemontcg.io/tcgplayer/swsh4-109,https://images.pokemontcg.io/swsh4/109_hires.png,2026/08/08,2025/11/25,0.11,0.03999999910593033,0.23000000417232513,999.989990234375,,0.31,,,,0.1846,0.0231,0.1615,0.4614,0.11540000140666962,0.1384,0.1846,0.5767,0.4383,0.4845,1.1535,2026-08-09
ex11-113,Metagross ★,holofoil,Delta Species,113,Rare Holo Star,Masakazu Fukuda,Basic|Star,376,Pokémon,2005/10/31,"tcgplayer,cardmarket",https://prices.pokemontcg.io/tcgplayer/ex11-113,https://images.pokemontcg.io/ex11/113_hires.png,2026/08/08,2026/01/16,951.99,2500.0,2500.0,2500.0,,,,,,576.3693,346.05,716.1389,0.0,692.0999755859375,800.6905,962.9995,103.815,136.7705,168.734,1.1535,2026-08-09
swsh2-113,Galarian Weezing,holofoil,Rebel Clash,113,Rare Holo,Mitsuhiro Arita,Stage 1,110,Pokémon,2020/05/01,"tcgplayer,cardmarket",https://prices.pokemontcg.io/tcgplayer/swsh2-113,https://images.pokemontcg.io/swsh2/113_hires.png,2026/08/08,2025/11/22,0.46,0.11999999731779099,0.5,19.079999923706055,,0.75,,,,0.5998,0.173,0.7498,1.488,0.219200000166893,0.5306,0.6806,0.7498,1.2804,1.0151,1.1535,2026-08-09
smp-SM110,Ash's Pikachu,normal,SM Black Star Promos,SM110,Promo,2017 Pikachu Project,Basic,25,Pokémon,2017/02/03,"tcgplayer,cardmarket",https://prices.pokemontcg.io/tcgplayer/smp-SM110,https://images.pokemontcg.io/smp/SM110_hires.png,2026/08/08,2025/11/21,58.02,40.0,60.2400016784668,995.510009765625,,,,,,14.165,3.4605,25.7692,0.0,26.530500411987305,30.5101,15.1916,5.7675,5.7675,5.7675,1.1535,2026-08-09
bw9-114,Tornadus-EX,holofoil,Plasma Freeze,114,Rare Ultra,5ban Graphics,Basic|EX|Team Plasma,641,Pokémon,2013/05/08,"tcgplayer,cardmarket",https://prices.pokemontcg.io/tcgplayer/bw9-114,https://images.pokemontcg.io/bw9/114_hires.png,2026/08/08,2025/12/07,98.47,85.5,109.7300033569336,959.7999877929688,,,,,,17.2679,5.7675,25.054,0.0,57.67499923706055,22.3664,30.1871,17.3025,10.5199,9.3203,1.1535,2026-08-09
neo1-105,Recycle Energy,unlimited,Neo Genesis,105,Rare,Hideki Kazama,Special,,Energy,2000/12/16,"tcgplayer,cardmarket",https://prices.pokemontcg.io/tcgplayer/neo1-105,https://images.pokemontcg.io/neo1/105_hires.png,2026/08/08,2026/01/16,5.39,2.990000009536743,5.170000076293945,104.5999984741211,,,,,"{""1stEdition"": {""low"": 5.13, ""mid"": 7.0, ""high"": 96.8, ""market"": 7.19, ""directLow"": null}}",3.1837,0.0231,3.7143,0.0,6.494200229644775,3.8527,3.3336,1.1535,2.4108,2.6877,1.1535,2026-08-09
sm9-117,Dratini,normal,Team Up,117,Common,Kouki Saitou,Basic,147,Pokémon,2019/02/01,"tcgplayer,cardmarket",https://prices.pokemontcg.io/tcgplayer/sm9-117,https://images.pokemontcg.io/sm9/117_hires.png,2026/08/08,2025/11/25,0.28,0.10000000149011612,0.30000001192092896,18.1200008392334,,1.09,,,,0.1384,0.0231,0.1154,0.7959,0.23070000112056732,0.1154,0.15,0.8651,0.7382,0.5883,1.1535,2026-08-09
sm3-109,Noibat,normal,Burning Shadows,109,Common,Yumi,Basic,714,Pokémon,2017/08/05,"tcgplayer,cardmarket",https://prices.pokemontcg.io/tcgplayer/sm3-109,https://images.pokemontcg.io/sm3/109_hires.png,2026/08/08,2025/12/07,0.2,0.019999999552965164,0.20000000298023224,19.979999542236328,,0.28,,,,0.0577,0.0231,0.0692,0.2076,0.023099999874830246,0.0577,0.0807,0.2884,0.2653,0.2884,1.1535,2026-08-09
sm12-113,Groudon,normal,Cosmic Eclipse,113,Rare,Shin Nagasawa,Basic,383,Pokémon,2019/11/01,"tcgplayer,cardmarket",https://prices.pokemontcg.io/tcgplayer/sm12-113,https://images.pokemontcg.io/sm12/113_hires.png,2026/08/08,2025/11/21,0.54,0.30000001192092896,0.5899999737739563,113.0,,1.47,,,,1.2342,0.2192,0.9343,2.8261,0.11540000140666962,1.0151,1.165,7.4977,2.8261,2.2839,1.1535,2026-08-09
xy11-115,Volcanion-EX,holofoil,Steam Siege,115,Rare Secret,Mitsuhiro Arita,Basic|EX,721,Pokémon,2016/08/03,"tcgplayer,cardmarket",https://prices.pokemontcg.io/tcgplayer/xy11-115,https://images.pokemontcg.io/xy11/115_hires.png,2026/08/08,2025/12/07,38.79,20.0,39.88999938964844,739.5800170898438,,,,,,47.3627,11.3043,50.0388,0.0,11.53499984741211,40.3725,38.3308,17.1871,12.9538,9.2741,1.1535,2026-08-09
pl2-RT1,Fan Rotom,reverseHolofoil,Rising Rivals,RT1,Rare,Motofumi Fujiwara,Basic,479,Pokémon,2009/05/16,"tcgplayer,cardmarket",https://prices.pokemontcg.io/tcgplayer/pl2-RT1,https://images.pokemontcg.io/pl2/RT1_hires.png,2026/08/08,2025/12/21,37.94,31.489999771118164,36.61000061035156,49.18000030517578,,,,,,0.0,2.307,4.8447,12.4232,6.921000003814697,4.3833,4.1987,5.1907,11.8811,9.1703,1.1535,2026-08-09
xy4-106,Target Whistle Team Flare Gear,normal,Phantom Forces,106,Uncommon,Toyste Beach,Item,,Trainer,2014/11/05,"tcgplayer,cardmarket",https://prices.pokemontcg.io/tcgplayer/xy4-106,https://images.pokemontcg.io/xy4/106_hires.png,2026/08/08,2025/12/28,0.32,0.12999999523162842,0.30000001192092896,1000.0,,0.47,,,,0.2307,0.0231,0.2538,0.346,0.17299999296665192,0.1846,0.323,0.4614,0.5652,0.6229,1.1535,2026-08-09
swsh3-105,Darkrai,holofoil,Darkness Ablaze,105,Rare Holo,nagimiso,Basic,491,Pokémon,2020/08/14,"tcgplayer,cardmarket",https://prices.pokemontcg.io/tcgplayer/swsh3-105,https://images.pokemontcg.io/swsh3/105_hires.png,2026/08/08,2025/12/07,0.51,0.03999999910593033,0.5,5.0,,0.63,,,,0.8997,0.1154,1.1189,1.5688,0.8073999881744385,1.5226,0.992,0.5767,1.315,1.2804,1.1535,2026-08-09
sm6-102a,Beast Ring,,Forbidden Light,102a,Rare,5ban Graphics,Item,,Trainer,2018/05/04,cardmarket,https://prices.pokemontcg.io/cardmarket/sm6-102a,https://images.pokemontcg.io/sm6/102a_hires.png,,2025/12/07,,,,,,,,,,8.8012,0.2768,5.1215,0.0,17.244800567626953,3.1491,2.0648,0.5652,2.1455,1.0612,1.1535,2026-08-09
gym1-122,Energy Flow,unlimited,Gym Heroes,122,Common,Keiji Kinebuchi,,,Trainer,2000/08/14,"tcgplayer,cardmarket",https://prices.pokemontcg.io/tcgplayer/gym1-122,https://images.pokemontcg.io/gym1/122_hires.png,2026/08/08,2025/12/28,0.54,0.11999999731779099,0.46000000834465027,17.200000762939453,,,,,"{""1stEdition"": {""low"": 0.24, ""mid"": 0.83, ""high"": 34.99, ""market"": 0.87, ""directLow"": 9.9}}",0.6114,0.0231,0.6575,0.0,1.4187999963760376,0.8767,0.7382,0.0,0.0,0.0,1.1535,2026-08-09
dp7-SH3,Voltorb,reverseHolofoil,Stormfront,SH3,Rare,Kent Kanetsuna,Basic,100,Pokémon,2008/11/01,"tcgplayer,cardmarket",https://prices.pokemontcg.io/tcgplayer/dp7-SH3,https://images.pokemontcg.io/dp7/SH3_hires.png,2026/08/08,2026/01/16,50.04,39.0,77.0,650.0,,,,,,23.07,6.0559,19.4019,15.6876,17.302499771118164,29.7026,25.0079,19.598,20.5208,18.7905,1.1535,2026-08-09
gym2-116,Master Ball,unlimited,Gym Challenge,116,Uncommon,Keiji Kinebuchi,,,Trainer,2000/10/16,"tcgplayer,cardmarket",https://prices.pokemontcg.io/tcgplayer/gym2-116,https://images.pokemontcg.io/gym2/116_hires.png,2026/08/08,2026/01/16,3.48,1.600000023841858,2.990000009536743,38.0,,,,,"{""1stEdition"": {""low"": 3.49, ""mid"": 5.42, ""high"": 94.38, ""market"": 5.68, ""directLow"": 9.98}}",4.1757,0.346,4.3256,0.0,1.7302000522613525,4.6947,3.449,1.7187,1.7187,1.7187,1.1535,2026-08-09
sm5-110,Fan Rotom,normal,Ultra Prism,110,Rare,Masakazu Fukuda,Basic,479,Pokémon,2018/02/02,"tcgplayer,cardmarket",https://prices.pokemontcg.io/tcgplayer/sm5-110,https://images.pokemontcg.io/sm5/110_hires.png,2026/08/08,2025/12/07,0.5,0.07000000029802322,0.5099999904632568,18.520000457763672,,0.91,,,,0.4729,0.0231,0.4153,0.4268,0.34599998593330383,0.4729,0.3807,0.2076,0.3576,0.4499,1.1535,2026-08-09
g1-RC23,Swablu,normal,Generations,RC23,Common,Atsuko Nishida,Basic,333,Pokémon,2016/02/22,"tcgplayer,cardmarket",https://prices.pokemontcg.io/tcgplayer/g1-RC23,https://images.pokemontcg.io/g1/RC23_hires.png,2026/08/08,2025/12/28,7.36,5.150000095367432,7.130000114440918,96.94999694824219,,,,,,1.0843,0.173,0.9574,1.1535,0.8881999850273132,0.9574,1.2227,1.1535,0.9459,0.4383,1.1535,2026-08-09
xy9-103,Max Potion,normal,BREAKpoint,103,Uncommon,Toyste Beach,Item,,Trainer,2016/02/03,"tcgplayer,cardmarket",https://prices.pokemontcg.io/tcgplayer/xy9-103,https://images.pokemontcg.io/xy9/103_hires.png,2026/08/08,2025/12/28,0.23,0.05000000074505806,0.25,1000.0,,0.48,,,,0.2192,0.0231,0.1961,1.0381,0.5651999711990356,0.15,0.1846,1.0381,0.7959,0.6806,1.1535,2026-08-09
xy10-108,Power Memory,normal,Fates Collide,108,Uncommon,5ban Graphics,Pokémon Tool,,Trainer,2016/05/02,"tcgplayer,cardmarket",https://prices.pokemontcg.io/tcgplayer/xy10-108,https://images.pokemontcg.io/xy10/108_hires.png,2026/08/08,2025/12/28,0.19,0.07999999821186066,0.20999999344348907,1000.0,,0.46,,,,0.1154,0.0231,0.1038,0.4153,0.023099999874830246,0.1384,0.1615,0.346,0.5537,0.5767,1.1535,2026-08-09
ex1-104,Grass Energy,normal,Ruby & Sapphire,104,Common,,Basic,,Energy,2003/07/01,"tcgplayer,cardmarket",https://prices.pokemontcg.io/tcgplayer/ex1-104,https://images.pokemontcg.io/ex1/104_hires.png,2026/08/08,2026/01/16,0.34,0.019999999552965164,0.33000001311302185,19.979999542236328,,8.55,,,,57.675,0.0,50.904,0.0,57.67499923706055,28.5145,13.3114,0.0,0.0,0.0,1.1535,2026-08-09
xy12-109,ナッシー[Exeggutor],normal,Evolutions,109,Rare Secret,Dr.Ooyama,Stage 1,103,Pokémon,2016/11/02,"tcgplayer,cardmarket",https://prices.pokemontcg.io/tcgplayer/xy12-109,https://images.pokemontcg.io/xy12/109_hires.png,2026/08/08,2025/12/28,4.33,2.0,4.21999979019165,96.94999694824219,,,,,,4.9716,0.2884,2.0071,0.0,2.306999921798706,2.1916,4.7755,1.7187,2.5492,1.6264,1.1535,2026-08-09
xy6-108,Winona,holofoil,Roaring Skies,108,Rare Ultra,Megumi Mizutani,Supporter,,Trainer,2015/05/06,"tcgplayer,cardmarket",https://prices.pokemontcg.io/tcgplayer/xy6-108,https://images.pokemontcg.io/xy6/108_hires.png,2026/08/08,2025/12/28,38.62,17.0,24.18000030517578,189.89999389648438,,,,,,46.5091,10.3815,42.4834,0.0,43.83300018310547,31.7905,35.5509,28.7221,16.4489,11.1889,1.1535,2026-08-09
dp1-112,Professor Rowan,normal,Diamond & Pearl,112,Uncommon,Ken Sugimori,Supporter,,Trainer,2007/05/01,"tcgplayer,cardmarket",https://prices.pokemontcg.io/tcgplayer/dp1-112,https://images.pokemontcg.io/dp1/112_hires.png,2026/08/08,2025/12/28,0.31,0.09000000357627869,0.3199999928474426,19.979999542236328,,1.24,,,,0.2076,0.0231,0.2653,0.0,0.34599998593330383,0.15,0.2422,0.4845,0.6575,0.7267,1.1535,2026-08-09
neo4-111,Shining Raichu,,Neo Destiny,111,Rare Shining,Hironobu Yoshida,Basic,26,Pokémon,2002/02/28,"tcgplayer,cardmarket",https://prices.pokemontcg.io/tcgplayer/neo4-111,https://images.pokemontcg.io/neo4/111_hires.png,2026/08/08,2025/12/28,,,,,,,,,"{""unlimitedHolofoil"": {""low"": 500.0, ""mid"": 850.0, ""high"": 1199.99, ""market"": 463.16, ""directLow"": null}}",227.2395,115.35,263.1941,0.0,196.09500122070312,266.966,289.4939,133.806,166.427,178.6656,1.1535,2026-08-09
xy1-116,Evosoda,normal,XY,116,Uncommon,5ban Graphics,Item,,Trainer,2014/02/05,"tcgplayer,cardmarket",https://prices.pokemontcg.io/tcgplayer/xy1-116,https://images.pokemontcg.io/xy1/116_hires.png,2026/08/08,2025/12/07,0.67,0.18000000715255737,0.550000011920929,14.989999771118164,,5.13,,,,0.5652,0.0231,0.4037,1.5918,0.20759999752044678,0.2768,0.5767,3.4605,1.5688,1.661,1.1535,2026-08-09
sm4-101,Gyarados-GX,holofoil,Crimson Invasion,101,Rare Ultra,5ban Graphics,Stage 1|GX,130,Pokémon,2017/11/03,"tcgplayer,cardmarket",https://prices.pokemontcg.io/tcgplayer/sm4-101,https://images.pokemontcg.io/sm4/101_hires.png,2026/08/08,2025/12/28,27.37,14.149999618530273,31.139999389648438,189.39999389648438,,,,,,13.0807,2.307,12.6885,0.0,8.07450008392334,12.4809,12.5732,15.5723,13.3345,12.7577,1.1535,2026-08-09
pl1-113,Poké Ball,normal,Platinum,113,Uncommon,Ryo Ueda,Item,,Trainer,2009/02/11,"tcgplayer,cardmarket",https://prices.pokemontcg.io/tcgplayer/pl1-113,https://images.pokemontcg.io/pl1/113_hires.png,2026/08/08,2025/12/21,0.3,0.05999999865889549,0.30000001192092896,19.979999542236328,,0.66,,,,0.1038,0.0231,0.0692,0.0,0.11540000140666962,0.1154,0.15,0.2768,0.6114,0.6229,1.1535,2026-08-09
ex10-114,Raikou ★,holofoil,Unseen Forces,114,Rare Holo Star,Masakazu Fukuda,Basic|Star,243,Pokémon,2005/08/01,"tcgplayer,cardmarket",https://prices.pokemontcg.io/tcgplayer/ex10-114,https://images.pokemontcg.io/ex10/114_hires.png,2026/08/08,2026/01/16,1600.0,1550.0,1575.0,1600.0,,,,,,655.038,219.165,565.365,0.0,403.7250061035156,626.0967,760.0527,98.0475,202.8891,250.3095,1.1535,2026-08-09
bw7-118,Patrat,normal,Boundaries Crossed,118,Common,Atsuko Nishida,Basic,504,Pokémon,2012/11/07,"tcgplayer,cardmarket",https://prices.pokemontcg.io/tcgplayer/bw7-118,https://images.pokemontcg.io/bw7/118_hires.png,2026/08/08,2025/12/07,0.3,0.18000000715255737,0.3199999928474426,19.979999542236328,,1.12,,,,0.1038,0.0231,0.1038,1.0843,0.04610000178217888,0.0923,0.1384,0.5767,0.8305,0.8074,1.1535,2026-08-09
bw8-108,Lugia-EX,holofoil,Plasma Storm,108,Rare Holo EX,Toyste Beach,Basic|EX|Team Plasma,249,Pokémon,2013/02/06,"tcgplayer,cardmarket",https://prices.pokemontcg.io/tcgplayer/bw8-108,https://images.pokemontcg.io/bw8/108_hires.png,2026/08/08,2025/12/07,77.7,58.9900016784668,75.6500015258789,709.5,,,,,,10.3815,5.1907,16.5873,0.0,3.4605000019073486,15.7914,25.4462,6.9095,7.0479,5.7444,1.1535,2026-08-09
bw5-104,Kyogre-EX,holofoil,Dark Explorers,104,Rare Ultra,5ban Graphics,Basic|EX,382,Pokémon,2012/05/09,"tcgplayer,cardmarket",https://prices.pokemontcg.io/tcgplayer/bw5-104,https://images.pokemontcg.io/bw5/104_hires.png,2026/08/08,2025/12/28,318.96,367.0400085449219,449.0,699.989990234375,,,,,,27.7878,11.5119,25.8038,0.0,36.9119987487793,31.133,71.3094,32.298,30.9715,27.1073,1.1535,2026-08-09
dp2-106,Totodile,normal,Mysterious Treasures,106,Common,Kouki Saitou,Basic,158,Pokémon,2007/08/01,"tcgplayer,cardmarket",https://prices.pokemontcg.io/tcgplayer/dp2-106,https://images.pokemontcg.io/dp2/106_hires.png,2026/08/08,2026/01/16,0.71,0.28999999165534973,0.5899999737739563,19.979999542236328,,13.22,,,,0.1846,0.0231,0.1961,3.4374,0.17299999296665192,0.1615,0.1846,4.5909,3.472,3.126,1.1535,2026-08-09
ex15-100,Charizard ★ δ,holofoil,Dragon Frontiers,100,Rare Holo Star,Masakazu Fukuda,Basic|Star,6,Pokémon,2006/11/01,"tcgplayer,cardmarket",https://prices.pokemontcg.io/tcgplayer/ex15-100,https://images.pokemontcg.io/ex15/100_hires.png,2026/08/08,2026/01/16,4000.0,20000.0,29750.0,39500.0,,,,,,1907.1162,749.775,967.1059,0.0,1026.614990234375,1273.1757,1711.5748,605.5875,554.499,417.9823,1.1535,2026-08-09
ex6-112,Venusaur ex,holofoil,FireRed & LeafGreen,112,Rare Holo EX,Ryo Ueda,Stage 2|ex,3,Pokémon,2004/09/01,"tcgplayer,cardmarket",https://prices.pokemontcg.io/tcgplayer/ex6-112,https://images.pokemontcg.io/ex6/112_hires.png,2026/08/08,2025/12/28,275.0,202.99000549316406,329.989990234375,480.010009765625,,,,,,174.2246,27.9724,202.3008,0.0,196.09500122070312,155.5841,187.1092,17.3025,27.1765,47.3166,1.1535,2026-08-09
sm11-108,Breloom,normal,Unified Minds,108,Uncommon,Atsuko Nishida,Stage 1,286,Pokémon,2019/08/02,"tcgplayer,cardmarket",https://prices.pokemontcg.io/tcgplayer/sm11-108,https://images.pokemontcg.io/sm11/108_hires.png,2026/08/08,2025/12/07,0.24,0.09000000357627869,0.25,1.690000057220459,,0.43,,,,0.1384,0.0231,0.1384,0.6575,0.023099999874830246,0.1384,0.1154,0.2768,0.496,0.5767,1.1535,2026-08-09
ecard3-79,Murkrow,normal,Skyridge,79,Common,Tomokazu Komiya,Basic,198,Pokémon,2003/05/12,"tcgplayer,cardmarket",https://prices.pokemontcg.io/tcgplayer/ecard3-79,https://images.pokemontcg.io/ecard3/79_hires.png,2026/08/08,2026/01/16,23.88,20.0,28.299999237060547,302.07000732421875,,83.92,,,,6.9556,1.1535,7.7054,0.0,10.323800086975098,9.1127,6.5288,11.535,15.8952,14.7648,1.1535,2026-08-09
sm8-110,Sudowoodo,normal,Lost Thunder,110,Uncommon,Ken Sugimori,Basic,185,Pokémon,2018/11/02,"tcgplayer,cardmarket",https://prices.pokemontcg.io/tcgplayer/sm8-110,https://images.pokemontcg.io/sm8/110_hires.png,2026/08/08,2025/11/25,0.26,0.10000000149011612,0.25999999046325684,19.979999542236328,,0.45,,,,0.1961,0.0231,0.1961,0.4614,0.23070000112056732,0.2192,0.173,0.5767,0.4037,0.4729,1.1535,2026-08-09
hgss1-ONE,Alph Lithograph,holofoil,HeartGold & SoulSilver,ONE,Rare Secret,Milky Isobe,Item,,Trainer,2010/02/10,"tcgplayer,cardmarket",https://prices.pokemontcg.io/tcgplayer/hgss1-ONE,https://images.pokemontcg.io/hgss1/ONE_hires.png,2026/08/08,2025/12/07,131.96,87.08999633789062,250.0,965.9600219726562,,,,,,52.0344,14.9955,52.0344,0.0,41.9182014465332,47.0859,40.361,17.3025,13.992,8.9396,1.1535,2026-08-09
sm10-106,Stakataka,holofoil,Unbroken Bonds,106,Rare Holo,nagimiso,Basic|Ultra Beast,805,Pokémon,2019/05/03,"tcgplayer,cardmarket",https://prices.pokemontcg.io/tcgplayer/sm10-106,https://images.pokemontcg.io/sm10/106_hires.png,2026/08/08,2025/12/07,6.99,3.450000047683716,6.900000095367432,96.62999725341797,,5.46,,,,4.8678,1.7072,5.7444,1.7187,2.8838000297546387,5.3753,4.9485,1.7302,3.2067,4.464,1.1535,2026-08-09
base6-108,Bill,normal,Legendary Collection,108,Common,Ken Sugimori,,,Trainer,2002/05/24,"tcgplayer,cardmarket",https://prices.pokemontcg.io/tcgplayer/base6-108,https://images.pokemontcg.io/base6/108_hires.png,2026/08/08,2026/01/16,0.46,0.14000000059604645,0.3700000047683716,19.979999542236328,,69.59,,,,0.1384,0.0231,0.1846,14.4187,0.08070000261068344,0.1961,0.1961,34.5358,20.6476,29.9564,1.1535,2026-08-09
xy3-102,Training Center,normal,Furious Fists,102,Uncommon,Ryo Ueda,Stadium,,Trainer,2014/08/13,"tcgplayer,cardmarket",https://prices.pokemontcg.io/tcgplayer/xy3-102,https://images.pokemontcg.io/xy3/102_hires.png,2026/08/08,2025/12/28,0.21,0.10000000149011612,0.25,19.979999542236328,,0.56,,,,0.1269,0.0577,0.173,0.7267,0.40369999408721924,0.1961,0.1846,0.5767,0.646,0.7613,1.1535,2026-08-09
pl3-110,Magikarp,normal,Supreme Victors,110,Common,Masakazu Fukuda,Basic,129,Pokémon,2009/08/19,"tcgplayer,cardmarket",https://prices.pokemontcg.io/tcgplayer/pl3-110,https://images.pokemontcg.io/pl3/110_hires.png,2026/08/08,2025/12/07,2.53,1.3799999952316284,2.5,27.100000381469727,,100.0,,,,0.7267,0.0231,0.4268,6.5173,0.3806999921798706,0.7267,0.8997,0.5767,8.5244,7.094,1.1535,2026-08-09
swsh1-113,Grapploct,normal,Sword & Shield,113,Rare,Shin Nagasawa,Stage 1,853,Pokémon,2020/02/07,"tcgplayer,cardmarket",https://prices.pokemontcg.io/tcgplayer/swsh1-113,https://images.pokemontcg.io/swsh1/113_hires.png,2026/08/08,2025/11/25,0.18,0.05999999865889549,0.23999999463558197,16.219999313354492,,0.32,,,,0.346,0.0231,0.2884,0.9805,0.03460000082850456,0.2307,0.2768,0.4614,0.9689,1.0266,1.1535,2026-08-09
sm7-111,Wingull,normal,Celestial Storm,111,Common,Ken Sugimori,Basic,278,Pokémon,2018/08/03,"tcgplayer,cardmarket",https://prices.pokemontcg.io/tcgplayer/sm7-111,https://images.pokemontcg.io/sm7/111_hires.png,2026/08/08,2025/11/22,0.21,0.07000000029802322,0.23000000417232513,19.979999542236328,,0.39,,,,0.0923,0.0231,0.0923,0.2307,0.05770000070333481,0.0692,0.0807,0.2307,0.3922,0.3922,1.1535,2026-08-09
ex7-111,Here Comes Team Rocket!,holofoil,Team Rocket Returns,111,Rare Secret,Ken Sugimori,Supporter,,Trainer,2004/11/01,"tcgplayer,cardmarket",https://prices.pokemontcg.io/tcgplayer/ex7-111,https://images.pokemontcg.io/ex7/111_hires.png,2026/08/08,2026/01/15,326.3,389.95001220703125,579.989990234375,999.989990234375,,,,,,74.9775,102.6615,161.4554,0.0,74.97750091552734,139.4235,163.0011,115.3385,103.3882,78.9455,1.1535,2026-08-09
sm2-112,Stufful,normal,Guardians Rising,112,Common,Kouki Saitou,Basic,759,Pokémon,2017/05/05,"tcgplayer,cardmarket",https://prices.pokemontcg.io/tcgplayer/sm2-112,https://images.pokemontcg.io/sm2/112_hires.png,2026/08/08,2025/12/07,0.13,0.019999999552965164,0.1899999976158142,19.979999542236328,,0.38,,,,0.0577,0.0231,0.0577,0.2538,0.023099999874830246,0.0577,0.0692,0.2076,0.2768,0.2653,1.1535,2026-08-09
ecard2-87,Houndour,normal,Aquapolis,87,Common,Atsuko Nishida,Basic,228,Pokémon,2003/01/15,"tcgplayer,cardmarket",https://prices.pokemontcg.io/tcgplayer/ecard2-87,https://images.pokemontcg.io/ecard2/87_hires.png,2026/08/08,2025/12/28,9.38,6.989999771118164,9.989999771118164,48.29999923706055,,90.0,,,,1.5111,0.0923,1.488,4.614,2.8261001110076904,1.6726,1.7187,4.614,6.102,8.3283,1.1535,2026-08-09
sm1-110,Gumshoos-GX,holofoil,Sun & Moon,110,Rare Holo GX,5ban Graphics,Stage 1|GX,735,Pokémon,2017/02/03,"tcgplayer,cardmarket",https://prices.pokemontcg.io/tcgplayer/sm1-110,https://images.pokemontcg.io/sm1/110_hires.png,2026/08/08,2025/12/07,0.92,0.5,1.2200000286102295,17.34000015258789,,,,,,1.3842,0.5191,1.4995,0.0,0.8651000261306763,1.5226,1.3611,1.7302,1.9494,2.1801,1.1535,2026-08-09
bw1-114,Zekrom,holofoil,Black & White,114,Rare Ultra,5ban Graphics,Basic,644,Pokémon,2011/04/25,"tcgplayer,cardmarket",https://prices.pokemontcg.io/tcgplayer/bw1-114,https://images.pokemontcg.io/bw1/114_hires.png,2026/08/08,2025/12/28,120.58,74.98999786376953,121.0999984741211,747.4199829101562,,,,,,50.108,13.842,26.7497,0.0,84.20549774169922,40.4879,63.0618,2.8838,11.3504,13.2422,1.1535,2026-08-09
xy5-121,Bunnelby,normal,Primal Clash,121,Uncommon,Hitoshi Ariga,Basic,659,Pokémon,2015/02/04,"tcgplayer,cardmarket",https://prices.pokemontcg.io/tcgplayer/xy5-121,https://images.pokemontcg.io/xy5/121_hires.png,2026/08/08,2025/11/21,0.5,0.25,0.5,19.989999771118164,,3.89,,,,1.3035,0.1038,1.5688,0.0,1.4419000148773193,1.6264,1.1996,2.307,2.8953,2.653,1.1535,2026-08-09
xy8-109,Axew,normal,BREAKthrough,109,Common,Kagemaru Himeno,Basic,610,Pokémon,2015/11/04,"tcgplayer,cardmarket",https://prices.pokemontcg.io/tcgplayer/xy8-109,https://images.pokemontcg.io/xy8/109_hires.png,2026/08/08,2025/12/07,0.37,0.05000000074505806,0.3400000035762787,1000.0,,0.8,,,,0.2538,0.0231,0.2653,0.9343,0.40369999408721924,0.2538,0.2192,0.5767,0.7844,0.7498,1.1535,2026-08-09
xyp-XY107,Mewtwo-EX,holofoil,XY Black Star Promos,XY107,Promo,5ban Graphics,Basic|EX,150,Pokémon,2013/10/12,"tcgplayer,cardmarket",https://prices.pokemontcg.io/tcgplayer/xyp-XY107,https://images.pokemontcg.io/xyp/XY107_hires.png,2026/08/08,2025/12/07,13.02,7.800000190734863,12.880000114440918,70.81999969482422,,,,,,9.9893,1.7302,10.8083,0.0,4.498600006103516,8.7089,9.8048,3.4605,4.7409,4.6601,1.1535,2026-08-09
dp6-114,Poliwag,normal,Legends Awakened,114,Common,Atsuko Nishida,Basic,60,Pokémon,2008/08/01,"tcgplayer,cardmarket",https://prices.pokemontcg.io/tcgplayer/dp6-114,https://images.pokemontcg.io/dp6/114_hires.png,2026/08/08,2025/12/07,0.73,0.33000001311302185,0.75,19.579999923706055,,7.25,,,,0.3114,0.0231,0.3807,0.5767,0.28839999437332153,0.7498,0.4268,0.5767,1.4303,1.1074,1.1535,2026-08-09
dp4-105,Dialga LV.X,holofoil,Great Encounters,105,Rare Holo LV.X,Ryo Ueda,Level-Up,483,Pokémon,2008/02/01,"tcgplayer,cardmarket",https://prices.pokemontcg.io/tcgplayer/dp4-105,https://images.pokemontcg.io/dp4/105_hires.png,2026/08/08,2026/01/16,249.99,64.9800033569336,388.2300109863281,6060.1201171875,,,,,,20.1863,11.535,25.054,0.0,34.59349822998047,27.5225,45.7478,21.9165,13.4959,17.4178,1.1535,2026-08-09
bw6-111,Rufflet,normal,Dragons Exalted,111,Common,Suwama Chiaki,Basic,627,Pokémon,2012/08/15,"tcgplayer,cardmarket",https://prices.pokemontcg.io/tcgplayer/bw6-111,https://images.pokemontcg.io/bw6/111_hires.png,2026/08/08,2025/12/07,0.26,0.10000000149011612,0.27000001072883606,5.0,,1.52,,,,0.2422,0.0231,0.173,0.9228,0.17299999296665192,0.1961,0.1615,0.5767,0.7844,0.4845,1.1535,2026-08-09
dp3-121,PlusPower,normal,Secret Wonders,121,Uncommon,Ryo Ueda,Item,,Trainer,2007/11/01,"tcgplayer,cardmarket",https://prices.pokemontcg.io/tcgplayer/dp3-121,https://images.pokemontcg.io/dp3/121_hires.png,2026/08/08,2025/12/07,0.21,0.05000000074505806,0.25,20.0,,0.46,,,,0.0923,0.0231,0.2653,0.0,0.23070000112056732,0.1154,0.1154,0.1038,0.2768,0.646,1.1535,2026-08-09
bw11-RC4,Growlithe,holofoil,Legendary Treasures,RC4,Uncommon,Sanosuke Sakuma,Basic,58,Pokémon,2013/11/06,"tcgplayer,cardmarket",https://prices.pokemontcg.io/tcgplayer/bw11-RC4,https://images.pokemontcg.io/bw11/RC4_hires.png,2026/08/08,2025/12/07,22.31,14.5,19.989999771118164,100.0,,,,,,10.1969,5.756,12.6308,10.8775,11.419699668884277,13.7728,11.0044,10.3238,10.7391,13.1845,1.1535,2026-08-09
ecard1-106,Diglett,normal,Expedition Base Set,106,Common,Masako Yamashita,Basic,50,Pokémon,2002/09/15,"tcgplayer,cardmarket",https://prices.pokemontcg.io/tcgplayer/ecard1-106,https://images.pokemontcg.io/ecard1/106_hires.png,2026/08/08,2026/01/16,3.65,2.75,4.380000114440918,34.099998474121094,,37.66,,,,0.6921,0.0231,1.1535,3.4605,5.467599868774414,1.4534,1.0035,0.2307,4.5448,4.8908,1.1535,2026-08-09
sm9-118,Dragonair,normal,Team Up,118,Uncommon,kirisAki,Stage 1,148,Pokémon,2019/02/01,"tcgplayer,cardmarket",https://prices.pokemontcg.io/tcgplayer/sm9-118,https://images.pokemontcg.io/sm9/118_hires.png,2026/08/08,2025/11/25,0.4,0.1899999976158142,0.4000000059604645,19.979999542236328,,1.07,,,,0.2076,0.0231,0.2422,0.6344,0.28839999437332153,0.1615,0.2076,0.5537,0.669,0.9459,1.1535,2026-08-09
xy9-104,Misty's Determination,normal,BREAKpoint,104,Uncommon,Ken Sugimori,Supporter,,Trainer,2016/02/03,"tcgplayer,cardmarket",https://prices.pokemontcg.io/tcgplayer/xy9-104,https://images.pokemontcg.io/xy9/104_hires.png,2026/08/08,2025/12/28,0.16,0.05000000074505806,0.30000001192092896,1000.0,,1.93,,,,0.15,0.0231,0.1615,0.7498,0.19609999656677246,0.1846,0.1615,0.5767,0.7152,0.9343,1.1535,2026-08-09
smp-SM111,Ash's Pikachu,normal,SM Black Star Promos,SM111,Promo,2017 Pikachu Project,Basic,25,Pokémon,2017/02/03,"tcgplayer,cardmarket",https://prices.pokemontcg.io/tcgplayer/smp-SM111,https://images.pokemontcg.io/smp/SM111_hires.png,2026/08/08,2025/11/21,57.02,39.130001068115234,66.83999633789062,402.8299865722656,,,,,,25.4693,5.7675,24.2812,0.0,10.669899940490723,26.196,14.6494,11.5235,12.2963,12.2963,1.1535,2026-08-09
dp6-115,Poliwhirl,normal,Legends Awakened,115,Common,Sumiyoshi Kizuki,Stage 1,61,Pokémon,2008/08/01,"tcgplayer,cardmarket",https://prices.pokemontcg.io/tcgplayer/dp6-115,https://images.pokemontcg.io/dp6/115_hires.png,2026/08/08,2025/12/07,3.36,1.3899999856948853,3.390000104904175,20.0,,13.7,,,,0.6114,0.0231,0.496,0.5998,0.40369999408721924,0.496,0.5767,0.9228,1.142,1.7187,1.1535,2026-08-09
dp2-107,Vulpix,normal,Mysterious Treasures,107,Common,Kagemaru Himeno,Basic,37,Pokémon,2007/08/01,"tcgplayer,cardmarket",https://prices.pokemontcg.io/tcgplayer/dp2-107,https://images.pokemontcg.io/dp2/107_hires.png,2026/08/08,2026/01/16,1.69,0.30000001192092896,1.0,19.979999542236328,,11.99,,,,0.4729,0.0231,0.669,0.8074,0.3230000138282776,0.3807,0.4153,2.307,1.6149,3.8873,1.1535,2026-08-09
g1-RC24,Altaria,holofoil,Generations,RC24,Uncommon,Kagemaru Himeno,Stage 1,334,Pokémon,2016/02/22,"tcgplayer,cardmarket",https://prices.pokemontcg.io/tcgplayer/g1-RC24,https://images.pokemontcg.io/g1/RC24_hires.png,2026/08/08,2025/12/28,23.19,14.930000305175781,23.0,117.75,,,,,,8.6397,2.8838,8.6628,8.2591,8.639699935913086,8.9281,8.0053,8.7089,9.401,9.5279,1.1535,2026-08-09
xy5-122,Acro Bike,normal,Primal Clash,122,Uncommon,Toyste Beach,Item,,Trainer,2015/02/04,"tcgplayer,cardmarket",https://prices.pokemontcg.io/tcgplayer/xy5-122,https://images.pokemontcg.io/xy5/122_hires.png,2026/08/08,2025/11/21,0.49,0.10000000149011612,0.4000000059604645,19.979999542236328,,0.91,,,,0.1154,0.0231,0.1269,0.0,0.11540000140666962,0.173,0.4729,0.6344,1.3035,1.1189,1.1535,2026-08-09
pl3-111,Magnemite,normal,Supreme Victors,111,Common,Masakazu Fukuda,Basic,81,Pokémon,2009/08/19,"tcgplayer,cardmarket",https://prices.pokemontcg.io/tcgplayer/pl3-111,https://images.pokemontcg.io/pl3/111_hires.png,2026/08/08,2025/12/07,0.37,0.15000000596046448,0.3499999940395355,18.299999237060547,,1.96,,,,0.1154,0.0231,0.1154,0.0,0.219200000166893,0.1384,0.15,0.2192,1.9033,1.3496,1.1535,2026-08-09
dp1-113,Rival,normal,Diamond & Pearl,113,Uncommon,Ken Sugimori,Supporter,,Trainer,2007/05/01,"tcgplayer,cardmarket",https://prices.pokemontcg.io/tcgplayer/dp1-113,https://images.pokemontcg.io/dp1/113_hires.png,2026/08/08,2025/12/28,0.31,0.03999999910593033,0.28999999165534973,19.979999542236328,,0.79,,,,0.15,0.0231,0.1615,0.6921,0.23070000112056732,0.1154,0.1384,0.5767,0.7036,0.6806,1.1535,2026-08-09
gym1-123,Misty's Duel,unlimited,Gym Heroes,123,Common,Ken Sugimori,,,Trainer,2000/08/14,"tcgplayer,cardmarket",https://prices.pokemontcg.io/tcgplayer/gym1-123,https://images.pokemontcg.io/gym1/123_hires.png,2026/08/08,2025/12/28,2.53,0.7300000190734863,2.0,41.38999938964844,,,,,"{""1stEdition"": {""low"": 2.2, ""mid"": 5.65, ""high"": 53.1, ""market"": 5.65, ""directLow"": null}}",1.8456,0.4037,2.3762,0.0,2.2955000400543213,2.2955,1.8802,0.0,0.0,0.0,1.1535,2026-08-09
dp3-122,Professor Oak's Visit,normal,Secret Wonders,122,Uncommon,Ken Sugimori,Supporter,,Trainer,2007/11/01,"tcgplayer,cardmarket",https://prices.pokemontcg.io/tcgplayer/dp3-122,https://images.pokemontcg.io/dp3/122_hires.png,2026/08/08,2025/12/07,0.23,0.07000000029802322,0.27000001072883606,19.979999542236328,,2.0,,,,0.1038,0.0231,0.0577,0.5191,0.023099999874830246,0.0692,0.1269,4.0373,2.0532,1.4188,1.1535,2026-08-09
sm12-114,Drilbur,normal,Cosmic Eclipse,114,Common,Suwama Chiaki,Basic,529,Pokémon,2019/11/01,"tcgplayer,cardmarket",https://prices.pokemontcg.io/tcgplayer/sm12-114,https://images.pokemontcg.io/sm12/114_hires.png,2026/08/08,2025/11/21,0.11,0.019999999552965164,0.20000000298023224,19.979999542236328,,0.25,,,,0.0692,0.0231,0.0692,0.5075,0.023099999874830246,0.0692,0.0577,0.2307,0.4153,0.2999,1.1535,2026-08-09
dp4-106,Palkia LV.X,holofoil,Great Encounters,106,Rare Holo LV.X,Ryo Ueda,Level-Up,484,Pokémon,2008/02/01,"tcgplayer,cardmarket",https://prices.pokemontcg.io/tcgplayer/dp4-106,https://images.pokemontcg.io/dp4/106_hires.png,2026/08/08,2026/01/16,186.66,130.66000366210938,154.0,999.7999877929688,,,,,,22.6778,14.9378,43.3485,0.0,17.302499771118164,27.8455,47.5357,23.0123,16.9565,13.1038,1.1535,2026-08-09
swsh2-114,Stunky,normal,Rebel Clash,114,Common,Shigenori Negishi,Basic,434,Pokémon,2020/05/01,"tcgplayer,cardmarket",https://prices.pokemontcg.io/tcgplayer/swsh2-114,https://images.pokemontcg.io/swsh2/114_hires.png,2026/08/08,2025/11/22,0.16,0.009999999776482582,0.20000000298023224,18.040000915527344,,0.37,,,,0.0692,0.0231,0.0692,0.2768,0.03460000082850456,0.0692,0.0692,0.1154,0.2538,0.2653,1.1535,2026-08-09
sm6-103,Bonnie,normal,Forbidden Light,103,Uncommon,Hideki Ishikawa,Supporter,,Trainer,2018/05/04,"tcgplayer,cardmarket",https://prices.pokemontcg.io/tcgplayer/sm6-103,https://images.pokemontcg.io/sm6/103_hires.png,2026/08/08,2025/12/07,0.12,0.05000000074505806,0.25,19.979999542236328,,0.46,,,,0.1038,0.0231,0.1038,0.4614,0.11540000140666962,0.1615,0.1269,0.4614,0.5075,0.5537,1.1535,2026-08-09
sm5-111,Shaymin,normal,Ultra Prism,111,Rare,kirisAki,Basic,492,Pokémon,2018/02/02,"tcgplayer,cardmarket",https://prices.pokemontcg.io/tcgplayer/sm5-111,https://images.pokemontcg.io/sm5/111_hires.png,2026/08/08,2025/12/07,0.42,0.05000000074505806,0.4000000059604645,19.979999542236328,,0.65,,,,0.3576,0.0231,0.4037,0.496,0.23070000112056732,0.3691,0.3114,0.5191,0.3807,0.496,1.1535,2026-08-09
xy3-103,Herbal Energy,normal,Furious Fists,103,Uncommon,5ban Graphics,Special,,Energy,2014/08/13,"tcgplayer,cardmarket",https://prices.pokemontcg.io/tcgplayer/xy3-103,https://images.pokemontcg.io/xy3/103_hires.png,2026/08/08,2025/12/28,0.75,0.10000000149011612,0.75,19.979999542236328,,2.5,,,,0.3576,0.0231,0.5883,2.0186,0.10379999876022339,0.5537,0.6229,2.2955,2.0186,1.638,1.1535,2026-08-09
sm10-107,Greninja & Zoroark-GX,holofoil,Unbroken Bonds,107,Rare Holo GX,Mitsuhiro Arita,Basic|TAG TEAM|GX,571|658,Pokémon,2019/05/03,"tcgplayer,cardmarket",https://prices.pokemontcg.io/tcgplayer/sm10-107,https://images.pokemontcg.io/sm10/107_hires.png,2026/08/08,2025/11/25,57.31,38.68000030517578,58.2599983215332,1146.199951171875,,,,,,36.9351,14.9955,38.4346,0.0,23.058500289916992,35.747,33.3477,5.7675,5.9636,6.2174,1.1535,2026-08-09
gym2-117,Max Revive,unlimited,Gym Challenge,117,Uncommon,Hikaru Koike,,,Trainer,2000/10/16,"tcgplayer,cardmarket",https://prices.pokemontcg.io/tcgplayer/gym2-117,https://images.pokemontcg.io/gym2/117_hires.png,2026/08/08,2026/01/16,3.27,0.9900000095367432,2.859999895095825,50.060001373291016,,,,,"{""1stEdition"": {""low"": 1.65, ""mid"": 4.15, ""high"": 96.58, ""market"": 4.17, ""directLow"": 30.0}}",4.3718,0.9113,4.3026,0.0,5.75600004196167,3.5989,3.2298,0.0,0.0,0.0,1.1535,2026-08-09
bw5-105,Raikou-EX,holofoil,Dark Explorers,105,Rare Ultra,5ban Graphics,Basic|EX,243,Pokémon,2012/05/09,"tcgplayer,cardmarket",https://prices.pokemontcg.io/tcgplayer/bw5-105,https://images.pokemontcg.io/bw5/105_hires.png,2026/08/08,2025/12/28,320.4,488.8999938964844,644.4500122070312,799.989990234375,,,,,,20.7284,11.3158,32.3903,0.0,28.837499618530273,21.2359,71.0441,37.4772,50.0965,30.7984,1.1535,2026-08-09
base6-109,Mysterious Fossil,normal,Legendary Collection,109,Common,Keiji Kinebuchi,,,Trainer,2002/05/24,"tcgplayer,cardmarket",https://prices.pokemontcg.io/tcgplayer/base6-109,https://images.pokemontcg.io/base6/109_hires.png,2026/08/08,2026/01/16,0.73,0.25,0.699999988079071,19.979999542236328,,48.64,,,,0.1269,0.0231,0.2192,73.3857,0.13840000331401825,0.1961,0.2307,26.5305,51.573,31.7328,1.1535,2026-08-09
sm2-113,Bewear,normal,Guardians Rising,113,Uncommon,Shin Nagasawa,Stage 1,760,Pokémon,2017/05/05,"tcgplayer,cardmarket",https://prices.pokemontcg.io/tcgplayer/sm2-113,https://images.pokemontcg.io/sm2/113_hires.png,2026/08/08,2025/12/07,0.19,0.009999999776482582,0.20000000298023224,19.979999542236328,,0.35,,,,0.0692,0.0231,0.0577,0.2768,0.04610000178217888,0.0923,0.0807,0.15,0.2768,0.2884,1.1535,2026-08-09
xy11-116,Gardevoir-EX,holofoil,Steam Siege,116,Rare Secret,Eske Yoshinob,Basic|EX,282,Pokémon,2016/08/03,"tcgplayer,cardmarket",https://prices.pokemontcg.io/tcgplayer/xy11-116,https://images.pokemontcg.io/xy11/116_hires.png,2026/08/08,2025/12/07,105.28,64.9800033569336,108.47000122070312,853.0999755859375,,,,,,91.7379,28.7798,104.7724,0.0,196.08349609375,89.9038,79.084,17.3025,22.4702,20.3823,1.1535,2026-08-09
neo1-106,Fighting Energy,unlimited,Neo Genesis,106,,Keiji Kinebuchi,Basic,,Energy,2000/12/16,"tcgplayer,cardmarket",https://prices.pokemontcg.io/tcgplayer/neo1-106,https://images.pokemontcg.io/neo1/106_hires.png,2026/08/08,2026/01/16,0.38,0.10000000149011612,0.3499999940395355,17.899999618530273,,,,,"{""1stEdition"": {""low"": 0.4, ""mid"": 0.99, ""high"": 18.7, ""market"": 1.11, ""directLow"": 0.52}}",0.6114,0.0231,0.9574,0.0,3.160599946975708,1.5111,0.8767,0.0,0.0,0.0,1.1535,2026-08-09
ex6-113,Charmander,normal,FireRed & LeafGreen,113,Rare Secret,Ken Sugimori,Basic,4,Pokémon,2004/09/01,"tcgplayer,cardmarket",https://prices.pokemontcg.io/tcgplayer/ex6-113,https://images.pokemontcg.io/ex6/113_hires.png,2026/08/08,2025/12/28,86.88,299.989990234375,303.3699951171875,306.739990234375,94.99,,,,,52.6919,4.5794,41.2722,0.0,5.75600004196167,54.053,37.3042,19.598,14.7648,11.7542,1.1535,2026-08-09
ex15-101,Mew ★ δ,holofoil,Dragon Frontiers,101,Rare Holo Star,Masakazu Fukuda,Basic|Star,151,Pokémon,2006/11/01,"tcgplayer,cardmarket",https://prices.pokemontcg.io/tcgplayer/ex15-101,https://images.pokemontcg.io/ex15/101_hires.png,2026/08/04,2026/01/16,3500.0,2250.0,2250.0,2250.0,,,,,,545.9862,317.2125,731.0422,0.0,865.125,799.214,1205.8228,403.725,333.696,239.9741,1.1535,2026-08-09
pl2-RT2,Frost Rotom,reverseHolofoil,Rising Rivals,RT2,Rare,Hironobu Yoshida,Basic,479,Pokémon,2009/05/16,"tcgplayer,cardmarket",https://prices.pokemontcg.io/tcgplayer/pl2-RT2,https://images.pokemontcg.io/pl2/RT2_hires.png,2026/08/08,2025/12/21,44.43,44.0,48.97999954223633,492.8800048828125,,,,,,0.0,1.7187,3.9796,9.0896,3.4489998817443848,4.3141,4.1526,23.07,9.1242,10.9236,1.1535,2026-08-09
swsh4-110,Trubbish,normal,Vivid Voltage,110,Common,Kyoko Umemoto,Basic,568,Pokémon,2020/11/13,"tcgplayer,cardmarket",https://prices.pokemontcg.io/tcgplayer/swsh4-110,https://images.pokemontcg.io/swsh4/110_hires.png,2026/08/08,2025/11/25,0.18,0.009999999776482582,0.20000000298023224,25.18000030517578,,0.29,,,,0.0461,0.0231,0.0461,0.2307,0.023099999874830246,0.0461,0.0577,0.1038,0.1384,0.2076,1.1535,2026-08-09
ex11-114,Azumarill,holofoil,Delta Species,114,Rare Secret,Kagemaru Himeno,Stage 1,184,Pokémon,2005/10/31,"tcgplayer,cardmarket",https://prices.pokemontcg.io/tcgplayer/ex11-114,https://images.pokemontcg.io/ex11/114_hires.png,2026/08/08,2026/01/16,75.53,34.9900016784668,89.98999786376953,599.9199829101562,,,,,,77.8612,3.4605,34.5012,17.3025,11.53499984741211,33.8437,21.2821,17.3025,10.889,7.1517,1.1535,2026-08-09
ex10-115,Suicune ★,holofoil,Unseen Forces,115,Rare Holo Star,Masakazu Fukuda,Basic|Star,245,Pokémon,2005/08/01,"tcgplayer,cardmarket",https://prices.pokemontcg.io/tcgplayer/ex10-115,https://images.pokemontcg.io/ex10/115_hires.png,2026/08/08,2026/01/16,1100.0,6599.89013671875,6599.89013671875,6599.89013671875,,,,,,461.4,259.5375,855.7586,0.0,346.04998779296875,719.138,692.5153,57.6635,433.7967,237.7248,1.1535,2026-08-09
bw9-115,Ghetsis,holofoil,Plasma Freeze,115,Rare Ultra,Kanako Eo,Supporter|Team Plasma,,Trainer,2013/05/08,"tcgplayer,cardmarket",https://prices.pokemontcg.io/tcgplayer/bw9-115,https://images.pokemontcg.io/bw9/115_hires.png,2026/08/08,2025/12/07,85.44,72.0,157.6699981689453,812.52001953125,,,,,,22.6778,5.7675,40.3725,0.0,13.715100288391113,59.9013,31.8366,16.0913,17.0949,15.7914,1.1535,2026-08-09
sm8-111,Phanpy,normal,Lost Thunder,111,Common,Asako Ito,Basic,231,Pokémon,2018/11/02,"tcgplayer,cardmarket",https://prices.pokemontcg.io/tcgplayer/sm8-111,https://images.pokemontcg.io/sm8/111_hires.png,2026/08/08,2025/11/25,3.42,2.3499999046325684,3.559999942779541,19.979999542236328,,13.51,,,,0.2307,0.0231,0.2884,1.2458,0.3921999931335449,0.323,0.2884,0.5767,1.0266,0.8882,1.1535,2026-08-09
swsh1-114,Stonjourner,normal,Sword & Shield,114,Rare,Shin Nagasawa,Basic,874,Pokémon,2020/02/07,"tcgplayer,cardmarket",https://prices.pokemontcg.io/tcgplayer/swsh1-114,https://images.pokemontcg.io/swsh1/114_hires.png,2026/08/08,2025/11/25,0.2,0.09000000357627869,0.23000000417232513,4.480000019073486,,0.39,,,,0.2422,0.0231,0.2076,0.5652,0.10379999876022339,0.1961,0.1846,1.0381,0.669,0.6806,1.1535,2026-08-09
sm3-110,Stufful,normal,Burning Shadows,110,Common,Sekio,Basic,759,Pokémon,2017/08/05,"tcgplayer,cardmarket",https://prices.pokemontcg.io/tcgplayer/sm3-110,https://images.pokemontcg.io/sm3/110_hires.png,2026/08/08,2025/12/07,0.25,0.03999999910593033,0.25,19.979999542236328,,0.49,,,,0.0692,0.0231,0.173,0.2999,0.023099999874830246,0.1154,0.0807,0.4037,0.3691,0.2999,1.1535,2026-08-09
gym2-118,Misty's Tears,unlimited,Gym Challenge,118,Uncommon,Ken Sugimori,,,Trainer,2000/10/16,"tcgplayer,cardmarket",https://prices.pokemontcg.io/tcgplayer/gym2-118,https://images.pokemontcg.io/gym2/118_hires.png,2026/08/08,2026/01/16,21.71,17.149999618530273,20.270000457763672,82.5999984741211,,,,,"{""1stEdition"": {""low"": 40.49, ""mid"": 74.98, ""high"": 709.9, ""market"": 46.96, ""directLow"": 40.49}}",18.3291,10.9006,17.1525,0.0,23.06999969482422,21.0744,20.1747,51.9075,28.7221,28.7221,1.1535,2026-08-09
ecard1-107,Dratini,normal,Expedition Base Set,107,Common,Kagemaru Himeno,Basic,147,Pokémon,2002/09/15,"tcgplayer,cardmarket",https://prices.pokemontcg.io/tcgplayer/ecard1-107,https://images.pokemontcg.io/ecard1/107_hires.png,2026/08/08,2026/01/16,10.58,7.0,12.0,99.9000015258789,,59.44,,,,2.7799,0.173,2.6761,23.07,1.3841999769210815,1.8687,2.0648,4.614,15.4915,11.2812,1.1535,2026-08-09
sm9-119,Dragonite,holofoil,Team Up,119,Rare Holo,Megumi Mizutani,Stage 2,149,Pokémon,2019/02/01,"tcgplayer,cardmarket",https://prices.pokemontcg.io/tcgplayer/sm9-119,https://images.pokemontcg.io/sm9/119_hires.png,2026/08/08,2025/11/25,8.21,3.990000009536743,8.350000381469727,49.9900016784668,,7.16,,,,5.8367,2.0186,15.48,9.8394,4.613999843597412,5.5945,8.6628,7.9015,8.4321,7.6592,1.1535,2026-08-09
bw7-119,Watchog,normal,Boundaries Crossed,119,Uncommon,Naoki Saito,Stage 1,505,Pokémon,2012/11/07,"tcgplayer,cardmarket",https://prices.pokemontcg.io/tcgplayer/bw7-119,https://images.pokemontcg.io/bw7/119_hires.png,2026/08/08,2025/12/07,0.37,0.20000000298023224,0.3799999952316284,19.979999542236328,,0.76,,,,0.2653,0.0231,0.2307,1.9148,0.28839999437332153,0.2538,0.2192,1.1304,2.0071,1.1304,1.1535,2026-08-09
bw9-116,Professor Juniper,holofoil,Plasma Freeze,116,Rare Ultra,Kanako Eo,Supporter,,Trainer,2013/05/08,"tcgplayer,cardmarket",https://prices.pokemontcg.io/tcgplayer/bw9-116,https://images.pokemontcg.io/bw9/116_hires.png,2026/08/08,2025/12/07,110.1,65.79000091552734,94.22000122070312,1009.3800048828125,,,,,,36.4391,4.614,47.3858,0.0,14.984000205993652,35.3663,40.8916,57.675,29.3681,25.0425,1.1535,2026-08-09
sm10-108,Murkrow,normal,Unbroken Bonds,108,Common,0313,Basic,198,Pokémon,2019/05/03,"tcgplayer,cardmarket",https://prices.pokemontcg.io/tcgplayer/sm10-108,https://images.pokemontcg.io/sm10/108_hires.png,2026/08/08,2025/11/25,0.25,0.029999999329447746,0.25,10.0,,0.35,,,,0.0807,0.0231,0.0923,0.3345,0.11540000140666962,0.0923,0.0923,0.2538,0.323,0.3345,1.1535,2026-08-09
xy3-104,Strong Energy,normal,Furious Fists,104,Uncommon,5ban Graphics,Special,,Energy,2014/08/13,"tcgplayer,cardmarket",https://prices.pokemontcg.io/tcgplayer/xy3-104,https://images.pokemontcg.io/xy3/104_hires.png,2026/08/08,2025/12/28,0.96,0.10000000149011612,0.9900000095367432,96.94999694824219,,1.93,,,,0.5191,0.0577,0.6921,1.1304,0.7267000079154968,0.5075,0.6806,0.5191,1.2919,1.7649,1.1535,2026-08-09
dp3-123,Professor Rowan,normal,Secret Wonders,123,Uncommon,Ken Sugimori,Supporter,,Trainer,2007/11/01,"tcgplayer,cardmarket",https://prices.pokemontcg.io/tcgplayer/dp3-123,https://images.pokemontcg.io/dp3/123_hires.png,2026/08/08,2025/12/07,0.33,0.14000000059604645,0.33000001311302185,19.979999542236328,,0.97,,,,0.346,0.0231,0.2768,0.0,0.28839999437332153,0.2307,0.2422,9.228,1.8456,1.0266,1.1535,2026-08-09
bw8-109,Skitty,normal,Plasma Storm,109,Common,Masakazu Fukuda,Basic,300,Pokémon,2013/02/06,"tcgplayer,cardmarket",https://prices.pokemontcg.io/tcgplayer/bw8-109,https://images.pokemontcg.io/bw8/109_hires.png,2026/08/08,2025/12/07,0.38,0.15000000596046448,0.38999998569488525,18.920000076293945,,2.88,,,,0.2538,0.0231,0.2307,1.2342,0.17299999296665192,0.2192,0.1961,1.6726,0.9574,0.7613,1.1535,2026-08-09
dp2-108,Zubat,normal,Mysterious Treasures,108,Common,Ken Sugimori,Basic,41,Pokémon,2007/08/01,"tcgplayer,cardmarket",https://prices.pokemontcg.io/tcgplayer/dp2-108,https://images.pokemontcg.io/dp2/108_hires.png,2026/08/08,2026/01/16,0.45,0.15000000596046448,0.3100000023841858,19.979999542236328,,3.23,,,,0.173,0.0231,0.1154,2.307,0.11540000140666962,0.1615,0.2422,0.5767,2.6646,1.7072,1.1535,2026-08-09
ecard3-80,Natu,normal,Skyridge,80,Common,Miki Tanaka,Basic,177,Pokémon,2003/05/12,"tcgplayer,cardmarket",https://prices.pokemontcg.io/tcgplayer/ecard3-80,https://images.pokemontcg.io/ecard3/80_hires.png,2026/08/08,2025/12/28,4.29,3.6500000953674316,17.489999771118164,47.5,,54.99,,,,0.9228,0.1154,0.0231,5.756,0.28839999437332153,0.9805,3.2298,5.756,4.9254,6.7941,1.1535,2026-08-09
ex1-105,Fighting Energy,normal,Ruby & Sapphire,105,Common,,Basic,,Energy,2003/07/01,"tcgplayer,cardmarket",https://prices.pokemontcg.io/tcgplayer/ex1-105,https://images.pokemontcg.io/ex1/105_hires.png,2026/08/08,2026/01/16,0.35,0.019999999552965164,0.3499999940395355,20.3799991607666,,7.94,,,,0.0577,0.0231,0.0577,0.0,0.03460000082850456,0.0577,0.0807,5.7675,4.0257,3.945,1.1535,2026-08-09
sm4-102,Alolan Golem-GX,holofoil,Crimson Invasion,102,Rare Ultra,5ban Graphics,Stage 2|GX,76,Pokémon,2017/11/03,"tcgplayer,cardmarket",https://prices.pokemontcg.io/tcgplayer/sm4-102,https://images.pokemontcg.io/sm4/102_hires.png,2026/08/08,2025/12/28,4.81,3.0,4.989999771118164,96.94999694824219,,,,,,6.1482,2.307,5.8713,0.0,5.75600004196167,5.7675,5.1907,5.4099,5.7329,6.1366,1.1535,2026-08-09
sm1-111,Stufful,normal,Sun & Moon,111,Common,Sanosuke Sakuma,Basic,759,Pokémon,2017/02/03,"tcgplayer,cardmarket",https://prices.pokemontcg.io/tcgplayer/sm1-111,https://images.pokemontcg.io/sm1/111_hires.png,2026/08/08,2025/12/07,0.18,0.019999999552965164,0.20000000298023224,1000.0,,0.36,,,,0.0461,0.0231,0.0461,0.2422,0.023099999874830246,0.0346,0.0461,0.2307,0.2076,0.2538,1.1535,2026-08-09
swsh1-115,Stonjourner V,holofoil,Sword & Shield,115,Rare Holo V,5ban Graphics,Basic|V,874,Pokémon,2020/02/07,"tcgplayer,cardmarket",https://prices.pokemontcg.io/tcgplayer/swsh1-115,https://images.pokemontcg.io/swsh1/115_hires.png,2026/08/08,2025/11/25,0.74,0.25,0.8899999856948853,3.880000114440918,,,,,,1.4765,0.3807,1.4073,0.0,0.8073999881744385,1.488,1.4188,2.307,2.6069,2.5838,1.1535,2026-08-09
sm8-112,Donphan,normal,Lost Thunder,112,Rare,Naoyo Kimura,Stage 1,232,Pokémon,2018/11/02,"tcgplayer,cardmarket",https://prices.pokemontcg.io/tcgplayer/sm8-112,https://images.pokemontcg.io/sm8/112_hires.png,2026/08/08,2025/11/25,0.35,0.14000000059604645,0.3799999952316284,19.979999542236328,,0.66,,,,0.5883,0.173,0.5191,1.0958,0.8651000261306763,0.669,0.646,1.0958,1.1996,1.3035,1.1535,2026-08-09
swsh2-115,Skuntank,normal,Rebel Clash,115,Uncommon,sowsow,Stage 1,435,Pokémon,2020/05/01,"tcgplayer,cardmarket",https://prices.pokemontcg.io/tcgplayer/swsh2-115,https://images.pokemontcg.io/swsh2/115_hires.png,2026/08/08,2025/11/22,0.24,0.05000000074505806,0.23999999463558197,19.979999542236328,,0.39,,,,0.1384,0.0231,0.1615,0.346,0.11540000140666962,0.1269,0.1269,0.2884,0.346,0.323,1.1535,2026-08-09
pl3-112,Mankey,normal,Supreme Victors,112,Common,Kanako Eo,Basic,56,Pokémon,2009/08/19,"tcgplayer,cardmarket",https://prices.pokemontcg.io/tcgplayer/pl3-112,https://images.pokemontcg.io/pl3/112_hires.png,2026/08/08,2025/12/07,0.41,0.15000000596046448,0.38999998569488525,1.4900000095367432,,4.0,,,,0.1269,0.0231,0.1038,2.307,0.11540000140666962,0.15,0.2076,2.307,0.9113,1.142,1.1535,2026-08-09
neo1-107,Fire Energy,unlimited,Neo Genesis,107,,Keiji Kinebuchi,Basic,,Energy,2000/12/16,"tcgplayer,cardmarket",https://prices.pokemontcg.io/tcgplayer/neo1-107,https://images.pokemontcg.io/neo1/107_hires.png,2026/08/08,2026/01/16,0.33,0.15000000596046448,0.3400000035762787,20.34000015258789,,,,,"{""1stEdition"": {""low"": 0.36, ""mid"": 1.0, ""high"": 19.98, ""market"": 1.32, ""directLow"": null}}",0.5191,0.0231,0.5998,0.0,0.05770000070333481,0.7036,0.5306,0.4614,0.4614,0.4614,1.1535,2026-08-09
ex6-114,Articuno ex,holofoil,FireRed & LeafGreen,114,Rare Secret,Ryo Ueda,Basic|ex,144,Pokémon,2004/09/01,"tcgplayer,cardmarket",https://prices.pokemontcg.io/tcgplayer/ex6-114,https://images.pokemontcg.io/ex6/114_hires.png,2026/08/08,2025/12/28,175.44,169.99000549316406,225.0,399.9700012207031,,,,,,72.6705,21.9165,130.7492,0.0,86.5009994506836,62.935,104.634,14.984,32.621,32.6787,1.1535,2026-08-09
ecard2-88,Kangaskhan,normal,Aquapolis,88,Common,Toshinao Aoki,Basic,115,Pokémon,2003/01/15,"tcgplayer,cardmarket",https://prices.pokemontcg.io/tcgplayer/ecard2-88,https://images.pokemontcg.io/ecard2/88_hires.png,2026/08/08,2025/12/28,11.7,8.130000114440918,15.829999923706055,144.89999389648438,,41.59,,,,2.3647,0.0231,2.4224,6.9095,5.767499923706055,2.5838,2.7915,6.9095,5.6291,7.3824,1.1535,2026-08-09
swsh3-106,Purrloin,normal,Darkness Ablaze,106,Common,sowsow,Basic,509,Pokémon,2020/08/14,"tcgplayer,cardmarket",https://prices.pokemontcg.io/tcgplayer/swsh3-106,https://images.pokemontcg.io/swsh3/106_hires.png,2026/08/08,2025/12/07,0.08,0.009999999776482582,0.1599999964237213,25.06999969482422,,0.32,,,,0.0692,0.0231,0.0923,0.2076,0.023099999874830246,0.0692,0.0577,0.2653,0.1846,0.2192,1.1535,2026-08-09
smp-SM112,Ash's Pikachu,normal,SM Black Star Promos,SM112,Promo,2017 Pikachu Project,Basic,25,Pokémon,2017/02/03,"tcgplayer,cardmarket",https://prices.pokemontcg.io/tcgplayer/smp-SM112,https://images.pokemontcg.io/smp/SM112_hires.png,2026/08/08,2025/11/21,56.83,37.5099983215332,80.0,397.3299865722656,,,,,,19.125,8.0745,25.4116,0.0,9.227999687194824,35.6201,21.4782,2.653,2.803,2.803,1.1535,2026-08-09
sm7-112,Pelipper,normal,Celestial Storm,112,Uncommon,Shigenori Negishi,Stage 1,279,Pokémon,2018/08/03,"tcgplayer,cardmarket",https://prices.pokemontcg.io/tcgplayer/sm7-112,https://images.pokemontcg.io/sm7/112_hires.png,2026/08/08,2025/11/22,0.24,0.12999999523162842,0.25,19.979999542236328,,0.46,,,,0.173,0.0461,0.173,0.3576,0.20759999752044678,0.1615,0.173,0.2192,0.2999,0.4845,1.1535,2026-08-09
pl2-RT3,Heat Rotom,reverseHolofoil,Rising Rivals,RT3,Rare,Lee HyunJung,Basic,479,Pokémon,2009/05/16,"tcgplayer,cardmarket",https://prices.pokemontcg.io/tcgplayer/pl2-RT3,https://images.pokemontcg.io/pl2/RT3_hires.png,2026/08/08,2025/12/21,69.07,28.989999771118164,49.0,563.0999755859375,,,,,,0.0,3.4028,8.086,6.921,13.842000007629395,6.8172,5.9867,5.7675,6.748,8.7551,1.1535,2026-08-09
sm11-109,Meditite,normal,Unified Minds,109,Common,Mina Nakai,Basic,307,Pokémon,2019/08/02,"tcgplayer,cardmarket",https://prices.pokemontcg.io/tcgplayer/sm11-109,https://images.pokemontcg.io/sm11/109_hires.png,2026/08/08,2025/12/07,0.19,0.029999999329447746,0.20000000298023224,19.979999542236328,,0.35,,,,0.0692,0.0231,0.0807,0.323,0.023099999874830246,0.0692,0.0807,0.4037,0.2999,0.2653,1.1535,2026-08-09
xyp-XY108,Machamp-EX,holofoil,XY Black Star Promos,XY108,Promo,Eske Yoshinob,Basic|EX,68,Pokémon,2013/10/12,"tcgplayer,cardmarket",https://prices.pokemontcg.io/tcgplayer/xyp-XY108,https://images.pokemontcg.io/xyp/XY108_hires.png,2026/08/08,2025/12/07,3.79,1.9500000476837158,3.630000114440918,85.0,,,,,,3.2413,1.0958,2.6646,0.0,2.8838000297546387,2.8145,3.3105,4.614,3.1491,2.7223,1.1535,2026-08-09
bw1-115,Pikachu,holofoil,Black & White,115,Rare Secret,Kouki Saitou,Basic,25,Pokémon,2011/04/25,"tcgplayer,cardmarket",https://prices.pokemontcg.io/tcgplayer/bw1-115,https://images.pokemontcg.io/bw1/115_hires.png,2026/08/08,2025/12/28,139.44,120.0,192.47999572753906,779.5,,,,,,207.0302,11.535,238.613,0.0,1095.824951171875,136.1015,70.4442,4.614,9.2165,20.2209,1.1535,2026-08-09
sm2-114,Komala,normal,Guardians Rising,114,Uncommon,Kouki Saitou,Basic,775,Pokémon,2017/05/05,"tcgplayer,cardmarket",https://prices.pokemontcg.io/tcgplayer/sm2-114,https://images.pokemontcg.io/sm2/114_hires.png,2026/08/08,2025/12/07,0.14,0.03999999910593033,0.20000000298023224,19.979999542236328,,0.3,,,,0.0923,0.0231,0.1038,0.2538,0.23070000112056732,0.0807,0.1269,0.2076,0.3576,0.323,1.1535,2026-08-09
xy10-109,Random Receiver,normal,Fates Collide,109,Uncommon,Toyste Beach,Item,,Trainer,2016/05/02,"tcgplayer,cardmarket",https://prices.pokemontcg.io/tcgplayer/xy10-109,https://images.pokemontcg.io/xy10/109_hires.png,2026/08/08,2025/12/07,0.25,0.10000000149011612,0.2800000011920929,1000.0,,0.54,,,,0.3345,0.0231,0.346,0.0,0.3921999931335449,0.2422,0.323,3.2183,1.5918,1.4534,1.1535,2026-08-09
bw6-112,Braviary,normal,Dragons Exalted,112,Rare,Mitsuhiro Arita,Stage 1,628,Pokémon,2012/08/15,"tcgplayer,cardmarket",https://prices.pokemontcg.io/tcgplayer/bw6-112,https://images.pokemontcg.io/bw6/112_hires.png,2026/08/08,2025/12/07,0.62,0.4000000059604645,0.6499999761581421,19.979999542236328,,0.99,,,,0.7498,0.0231,0.7382,0.0,0.6920999884605408,0.7382,0.7613,0.9228,1.2227,1.3381,1.1535,2026-08-09
g1-RC25,Fletchling,normal,Generations,RC25,Common,Aya Kusube,Basic,661,Pokémon,2016/02/22,"tcgplayer,cardmarket",https://prices.pokemontcg.io/tcgplayer/g1-RC25,https://images.pokemontcg.io/g1/RC25_hires.png,2026/08/08,2025/12/28,6.28,3.2899999618530273,5.630000114440918,39.9900016784668,,,,,,1.1074,0.0577,0.7152,0.0,0.28839999437332153,0.7959,1.0497,0.5767,0.6114,0.5537,1.1535,2026-08-09
dp6-116,Poochyena,normal,Legends Awakened,116,Common,Kouki Saitou,Basic,261,Pokémon,2008/08/01,"tcgplayer,cardmarket",https://prices.pokemontcg.io/tcgplayer/dp6-116,https://images.pokemontcg.io/dp6/116_hires.png,2026/08/08,2025/12/07,0.83,0.23000000417232513,0.6499999761581421,19.979999542236328,,6.15,,,,0.2768,0.0231,0.2768,0.0,0.05770000070333481,0.3345,0.2192,2.1916,1.1535,1.2689,1.1535,2026-08-09
xy12-110,Flying Pikachu,normal,Evolutions,110,Rare Secret,Toshinao Aoki,Basic,25,Pokémon,2016/11/02,"tcgplayer,cardmarket",https://prices.pokemontcg.io/tcgplayer/xy12-110,https://images.pokemontcg.io/xy12/110_hires.png,2026/08/08,2025/12/28,8.7,5.0,8.989999771118164,1000.0,,,,,,9.4241,2.8838,6.7826,0.0,7.682300090789795,6.9787,10.8314,5.7675,16.2067,7.6362,1.1535,2026-08-09
xy9-105,Pokémon Catcher,normal,BREAKpoint,105,Uncommon,5ban Graphics,Item,,Trainer,2016/02/03,"tcgplayer,cardmarket",https://prices.pokemontcg.io/tcgplayer/xy9-105,https://images.pokemontcg.io/xy9/105_hires.png,2026/08/08,2025/12/28,0.1,0.05000000074505806,0.2199999988079071,1000.0,,0.42,,,,0.1384,0.0231,0.2307,0.6114,0.5651999711990356,0.3345,0.2192,0.4037,0.5652,0.5191,1.1535,2026-08-09
gym1-124,Narrow Gym,unlimited,Gym Heroes,124,Common,Keiji Kinebuchi,Stadium,,Trainer,2000/08/14,"tcgplayer,cardmarket",https://prices.pokemontcg.io/tcgplayer/gym1-124,https://images.pokemontcg.io/gym1/124_hires.png,2026/08/08,2025/12/28,1.12,0.44999998807907104,0.7699999809265137,18.520000457763672,,,,,"{""1stEdition"": {""low"": 0.76, ""mid"": 1.38, ""high"": 29.99, ""market"": 1.38, ""directLow"": 1.32}}",1.3727,0.1615,1.4419,0.0,0.34599998593330383,1.5457,1.2227,0.5652,0.4037,0.4037,1.1535,2026-08-09
xy4-107,Tierno,normal,Phantom Forces,107,Uncommon,Ken Sugimori,Supporter,,Trainer,2014/11/05,"tcgplayer,cardmarket",https://prices.pokemontcg.io/tcgplayer/xy4-107,https://images.pokemontcg.io/xy4/107_hires.png,2026/08/08,2025/12/28,0.1,0.009999999776482582,0.20000000298023224,19.979999542236328,,0.39,,,,0.0692,0.0231,0.1038,0.0,0.05770000070333481,0.0692,0.0692,0.8536,0.7613,0.6344,1.1535,2026-08-09
ex10-116,Rocket's Persian ex,holofoil,Unseen Forces,116,Rare Secret,Mitsuhiro Arita,Stage 1|ex,53,Pokémon,2005/08/01,"tcgplayer,cardmarket",https://prices.pokemontcg.io/tcgplayer/ex10-116,https://images.pokemontcg.io/ex10/116_hires.png,2026/08/08,2026/01/16,199.99,170.0,199.99000549316406,1259.800048828125,,,,,,38.4115,13.842,35.5163,0.0,63.442501068115234,36.0584,45.3095,2.307,17.2794,18.5137,1.1535,2026-08-09
bw11-RC5,Torchic,holofoil,Legendary Treasures,RC5,Common,Kanako Eo,Basic,255,Pokémon,2013/11/06,"tcgplayer,cardmarket",https://prices.pokemontcg.io/tcgplayer/bw11-RC5,https://images.pokemontcg.io/bw11/RC5_hires.png,2026/08/08,2025/12/07,7.97,5.0,8.0,49.900001525878906,,,,,,1.9379,0.5767,2.6877,1.2919,1.7994999885559082,1.811,2.157,1.7302,2.8838,2.0186,1.1535,2026-08-09
neo4-112,Shining Steelix,,Neo Destiny,112,Rare Shining,Ken Sugimori,Basic,208,Pokémon,2002/02/28,"tcgplayer,cardmarket",https://prices.pokemontcg.io/tcgplayer/neo4-112,https://images.pokemontcg.io/neo4/112_hires.png,2026/08/08,2025/12/28,,,,,,,,,"{""unlimitedHolofoil"": {""low"": 169.21, ""mid"": 197.99, ""high"": 300.0, ""market"": 471.66, ""directLow"": null}}",146.6445,102.6615,213.386,0.0,115.3499984741211,182.403,261.6369,78.3803,201.5626,160.3019,1.1535,2026-08-09
xy1-117,Fairy Garden,normal,XY,117,Uncommon,Ryo Ueda,Stadium,,Trainer,2014/02/05,"tcgplayer,cardmarket",https://prices.pokemontcg.io/tcgplayer/xy1-117,https://images.pokemontcg.io/xy1/117_hires.png,2026/08/08,2025/12/07,0.28,0.07999999821186066,0.2800000011920929,1000.0,,0.71,,,,0.1154,0.0231,0.3345,0.9689,0.6920999884605408,0.2192,0.2307,0.9113,0.8305,0.7844,1.1535,2026-08-09
xy8-110,Fraxure,normal,BREAKthrough,110,Uncommon,Mitsuhiro Arita,Stage 1,611,Pokémon,2015/11/04,"tcgplayer,cardmarket",https://prices.pokemontcg.io/tcgplayer/xy8-110,https://images.pokemontcg.io/xy8/110_hires.png,2026/08/08,2025/12/07,0.21,0.029999999329447746,0.23000000417232513,19.979999542236328,,0.57,,,,0.2076,0.0231,0.2076,1.0843,0.1615000069141388,0.2076,0.1961,1.0843,0.6806,0.7152,1.1535,2026-08-09
swsh4-111,Garbodor,normal,Vivid Voltage,111,Rare,Hasuno,Stage 1,569,Pokémon,2020/11/13,"tcgplayer,cardmarket",https://prices.pokemontcg.io/tcgplayer/swsh4-111,https://images.pokemontcg.io/swsh4/111_hires.png,2026/08/08,2025/11/25,0.25,0.03999999910593033,0.25,4.75,,0.37,,,,0.2422,0.0231,0.173,0.3807,0.05770000070333481,0.15,0.1961,0.5767,0.323,0.4268,1.1535,2026-08-09
sm6-104,Crasher Wake,normal,Forbidden Light,104,Uncommon,Ken Sugimori,Supporter,,Trainer,2018/05/04,"tcgplayer,cardmarket",https://prices.pokemontcg.io/tcgplayer/sm6-104,https://images.pokemontcg.io/sm6/104_hires.png,2026/08/08,2025/12/07,0.22,0.03999999910593033,0.25,19.979999542236328,,0.66,,,,0.15,0.0231,0.1269,0.2307,0.11540000140666962,0.15,0.2192,0.4614,0.5767,0.5075,1.1535,2026-08-09
sm12-115,Excadrill,holofoil,Cosmic Eclipse,115,Rare Holo,SATOSHI NAKAI,Stage 1,530,Pokémon,2019/11/01,"tcgplayer,cardmarket",https://prices.pokemontcg.io/tcgplayer/sm12-115,https://images.pokemontcg.io/sm12/115_hires.png,2026/08/08,2025/11/21,0.64,0.30000001192092896,0.6399999856948853,19.979999542236328,,0.83,,,,1.165,0.2307,1.165,0.8651,0.8651000261306763,1.0728,0.8997,0.346,0.8767,1.0612,1.1535,2026-08-09
xy5-123,Aggron Spirit Link,normal,Primal Clash,123,Uncommon,5ban Graphics,Pokémon Tool,,Trainer,2015/02/04,"tcgplayer,cardmarket",https://prices.pokemontcg.io/tcgplayer/xy5-123,https://images.pokemontcg.io/xy5/123_hires.png,2026/08/08,2025/11/21,0.22,0.07999999821186066,0.25,19.979999542236328,,0.57,,,,0.2076,0.0231,0.2076,0.5652,0.20759999752044678,0.173,0.2192,0.3922,0.4845,0.5075,1.1535,2026-08-09
base6-110,Potion,normal,Legendary Collection,110,Common,Keiji Kinebuchi,,,Trainer,2002/05/24,"tcgplayer,cardmarket",https://prices.pokemontcg.io/tcgplayer/base6-110,https://images.pokemontcg.io/base6/110_hires.png,2026/08/08,2026/01/16,0.31,0.10000000149011612,0.30000001192092896,15.779999732971191,,38.85,,,,0.173,0.0231,0.2538,96.3173,0.28839999437332153,0.2999,0.1615,173.025,47.6165,31.629,1.1535,2026-08-09
sm5-112,Yungoos,normal,Ultra Prism,112,Common,Misa Tsutsui,Basic,734,Pokémon,2018/02/02,"tcgplayer,cardmarket",https://prices.pokemontcg.io/tcgplayer/sm5-112,https://images.pokemontcg.io/sm5/112_hires.png,2026/08/08,2025/12/07,0.05,0.029999999329447746,0.20000000298023224,19.979999542236328,,0.42,,,,0.0807,0.0231,0.0923,0.3114,0.03460000082850456,0.0461,0.0807,0.1154,0.3114,0.2538,1.1535,2026-08-09
base4-116,Professor Oak,normal,Base Set 2,116,Uncommon,Ken Sugimori,,,Trainer,2000/02/24,"tcgplayer,cardmarket",https://prices.pokemontcg.io/tcgplayer/base4-116,https://images.pokemontcg.io/base4/116_hires.png,2026/08/08,2026/01/16,1.34,0.47999998927116394,1.059999942779541,18.18000030517578,,,,,,0.9574,0.2307,1.0151,0.0,1.153499960899353,1.3265,1.4073,2.2493,2.2493,2.2493,1.1535,2026-08-09
xy6-109,Energy Switch,holofoil,Roaring Skies,109,Rare Secret,5ban Graphics,Item,,Trainer,2015/05/06,"tcgplayer,cardmarket",https://prices.pokemontcg.io/tcgplayer/xy6-109,https://images.pokemontcg.io/xy6/109_hires.png,2026/08/08,2025/12/28,24.38,16.010000228881836,21.84000015258789,159.10000610351562,,,,,,25.8153,11.535,28.1454,0.0,28.779800415039062,27.2111,24.385,17.3025,10.1623,8.0053,1.1535,2026-08-09
sm3-111,Bewear,normal,Burning Shadows,111,Rare,Mitsuhiro Arita,Stage 1,760,Pokémon,2017/08/05,"tcgplayer,cardmarket",https://prices.pokemontcg.io/tcgplayer/sm3-111,https://images.pokemontcg.io/sm3/111_hires.png,2026/08/08,2025/12/07,0.27,0.07999999821186066,0.27000001072883606,18.1200008392334,,0.37,,,,0.1384,0.0231,0.1154,0.2884,0.18459999561309814,0.1384,0.15,0.1154,0.2884,0.2884,1.1535,2026-08-09
bw5-106,Groudon-EX,holofoil,Dark Explorers,106,Rare Ultra,5ban Graphics,Basic|EX,383,Pokémon,2012/05/09,"tcgplayer,cardmarket",https://prices.pokemontcg.io/tcgplayer/bw5-106,https://images.pokemontcg.io/bw5/106_hires.png,2026/08/08,2025/12/28,427.46,313.510009765625,350.0,399.9800109863281,,,,,,124.9702,22.9546,110.0324,0.0,196.09500122070312,109.7901,105.8452,18.4445,40.8685,34.5819,1.1535,2026-08-09
pl1-114,Pokédex HANDY910is,normal,Platinum,114,Uncommon,Ryo Ueda,Item,,Trainer,2009/02/11,"tcgplayer,cardmarket",https://prices.pokemontcg.io/tcgplayer/pl1-114,https://images.pokemontcg.io/pl1/114_hires.png,2026/08/08,2025/12/21,0.41,0.09000000357627869,0.36000001430511475,19.979999542236328,,1.49,,,,0.0692,0.0231,0.0923,0.2884,0.05770000070333481,0.0692,0.2076,1.4419,1.9379,1.0266,1.1535,2026-08-09
dp1-114,Speed Stadium,normal,Diamond & Pearl,114,Uncommon,Ryo Ueda,Stadium,,Trainer,2007/05/01,"tcgplayer,cardmarket",https://prices.pokemontcg.io/tcgplayer/dp1-114,https://images.pokemontcg.io/dp1/114_hires.png,2026/08/08,2025/12/28,0.46,0.10000000149011612,0.47999998927116394,96.94999694824219,,2.07,,,,0.2076,0.0231,0.1615,0.6575,0.11540000140666962,0.1961,0.3345,0.2884,0.8074,0.8421,1.1535,2026-08-09
sm2-115,Drampa-GX,holofoil,Guardians Rising,115,Rare Holo GX,5ban Graphics,Basic|GX,780,Pokémon,2017/05/05,"tcgplayer,cardmarket",https://prices.pokemontcg.io/tcgplayer/sm2-115,https://images.pokemontcg.io/sm2/115_hires.png,2026/08/08,2025/12/07,2.33,0.9900000095367432,2.3299999237060547,57.400001525878906,,,,,,1.3957,0.1615,1.5572,0.0,0.3230000138282776,1.5572,1.638,2.8838,3.126,2.5377,1.1535,2026-08-09
dp6-117,Riolu,normal,Legends Awakened,117,Common,Kagemaru Himeno,Basic,447,Pokémon,2008/08/01,"tcgplayer,cardmarket",https://prices.pokemontcg.io/tcgplayer/dp6-117,https://images.pokemontcg.io/dp6/117_hires.png,2026/08/08,2025/12/07,0.77,0.20999999344348907,0.6899999976158142,2.4200000762939453,,7.08,,,,0.2307,0.0231,0.2307,1.0381,0.17299999296665192,0.2307,0.2192,0.346,0.9343,1.6034,1.1535,2026-08-09
xy5-124,Archie's Ace in the Hole,normal,Primal Clash,124,Uncommon,Yusuke Ohmura,Supporter,,Trainer,2015/02/04,"tcgplayer,cardmarket",https://prices.pokemontcg.io/tcgplayer/xy5-124,https://images.pokemontcg.io/xy5/124_hires.png,2026/08/08,2025/11/21,0.29,0.10000000149011612,0.28999999165534973,19.979999542236328,,0.41,,,,0.646,0.0231,1.0728,0.9689,0.09229999780654907,0.646,0.7959,0.346,1.0035,1.0151,1.1535,2026-08-09
xy4-108,Trick Coin,normal,Phantom Forces,108,Uncommon,Toyste Beach,Pokémon Tool,,Trainer,2014/11/05,"tcgplayer,cardmarket",https://prices.pokemontcg.io/tcgplayer/xy4-108,https://images.pokemontcg.io/xy4/108_hires.png,2026/08/08,2025/12/28,0.35,0.10000000149011612,0.3499999940395355,19.979999542236328,,0.72,,,,0.3114,0.0231,0.1961,1.4419,0.57669997215271,0.1615,0.2884,1.4419,0.7613,0.819,1.1535,2026-08-09
sm6-105,Diantha,holofoil,Forbidden Light,105,Rare Holo,Ken Sugimori,Supporter,,Trainer,2018/05/04,"tcgplayer,cardmarket",https://prices.pokemontcg.io/tcgplayer/sm6-105,https://images.pokemontcg.io/sm6/105_hires.png,2026/08/08,2025/12/07,1.21,0.5,1.190000057220459,96.94999694824219,,1.15,,,,23.07,1.7187,10.8314,0.0,23.06999969482422,11.7657,6.1251,1.1535,2.9299,2.5377,1.1535,2026-08-09
sm9-120,Eevee & Snorlax-GX,holofoil,Team Up,120,Rare Holo GX,Mitsuhiro Arita,Basic|TAG TEAM|GX,133|143,Pokémon,2019/02/01,"tcgplayer,cardmarket",https://prices.pokemontcg.io/tcgplayer/sm9-120,https://images.pokemontcg.io/sm9/120_hires.png,2026/08/08,2025/11/25,90.14,83.0,96.48999786376953,249.97000122070312,,,,,,34.0975,11.535,36.0469,0.0,26.530500411987305,33.3015,46.1515,8.0745,6.3789,8.086,1.1535,2026-08-09
smp-SM113,Ash's Pikachu,normal,SM Black Star Promos,SM113,Promo,2017 Pikachu Project,Basic,25,Pokémon,2017/02/03,"tcgplayer,cardmarket",https://prices.pokemontcg.io/tcgplayer/smp-SM113,https://images.pokemontcg.io/smp/SM113_hires.png,2026/08/08,2025/11/21,53.09,37.0,53.27000045776367,129.99000549316406,,,,,,13.9343,3.4605,24.0389,0.0,62.6349983215332,27.9262,15.653,5.7675,2.8953,2.8953,1.1535,2026-08-09
pl1-115,Pokémon Rescue,normal,Platinum,115,Uncommon,Ryo Ueda,Item,,Trainer,2009/02/11,"tcgplayer,cardmarket",https://prices.pokemontcg.io/tcgplayer/pl1-115,https://images.pokemontcg.io/pl1/115_hires.png,2026/08/08,2025/12/21,0.43,0.3700000047683716,0.5299999713897705,19.979999542236328,,1.63,,,,0.5075,0.0231,0.1961,0.0,0.05770000070333481,0.2192,0.323,0.9113,1.1766,1.0958,1.1535,2026-08-09
pl3-113,Meditite,normal,Supreme Victors,113,Common,Kagemaru Himeno,Basic,307,Pokémon,2009/08/19,"tcgplayer,cardmarket",https://prices.pokemontcg.io/tcgplayer/pl3-113,https://images.pokemontcg.io/pl3/113_hires.png,2026/08/08,2025/12/07,0.38,0.14000000059604645,0.3799999952316284,19.979999542236328,,3.99,,,,0.1961,0.0231,0.173,5.7675,0.3345000147819519,0.1961,0.3114,5.7675,1.7418,1.1996,1.1535,2026-08-09
swsh2-116,Spiritomb,normal,Rebel Clash,116,Rare,Tomokazu Komiya,Basic,442,Pokémon,2020/05/01,"tcgplayer,cardmarket",https://prices.pokemontcg.io/tcgplayer/swsh2-116,https://images.pokemontcg.io/swsh2/116_hires.png,2026/08/08,2025/11/22,0.4,0.10000000149011612,0.4099999964237213,2.490000009536743,,1.4,,,,0.3922,0.0577,0.4614,0.6114,0.23070000112056732,0.4729,0.3922,0.5652,0.6114,0.646,1.1535,2026-08-09
gym1-125,Sabrina's Gaze,unlimited,Gym Heroes,125,Common,Ken Sugimori,,,Trainer,2000/08/14,"tcgplayer,cardmarket",https://prices.pokemontcg.io/tcgplayer/gym1-125,https://images.pokemontcg.io/gym1/125_hires.png,2026/08/08,2025/12/28,1.49,0.38999998569488525,1.0,21.450000762939453,,,,,"{""1stEdition"": {""low"": 1.25, ""mid"": 3.99, ""high"": 96.88, ""market"": 4.09, ""directLow"": 3.99}}",1.4303,0.1154,1.315,0.0,1.1765999794006348,0.9113,1.1535,4.614,24.8118,24.8118,1.1535,2026-08-09
xyp-XY109,Gyarados,holofoil,XY Black Star Promos,XY109,Promo,Hajime Kusajima,Stage 1,130,Pokémon,2013/10/12,"tcgplayer,cardmarket",https://prices.pokemontcg.io/tcgplayer/xyp-XY109,https://images.pokemontcg.io/xyp/XY109_hires.png,2026/08/08,2025/12/07,58.39,44.5,57.4900016784668,149.99000549316406,,,,,,18.7905,9.1127,15.5723,0.0,19.99020004272461,17.3486,18.2484,17.3025,12.4809,7.4747,1.1535,2026-08-09
base4-117,Super Potion,normal,Base Set 2,117,Uncommon,Keiji Kinebuchi,,,Trainer,2000/02/24,"tcgplayer,cardmarket",https://prices.pokemontcg.io/tcgplayer/base4-117,https://images.pokemontcg.io/base4/117_hires.png,2026/08/08,2026/01/16,0.34,0.09000000357627869,0.30000001192092896,19.899999618530273,,,,,,0.1846,0.0231,0.323,0.0,0.2768000066280365,0.3807,0.2538,0.1154,0.1154,0.1154,1.1535,2026-08-09
gym2-119,Rocket's Minefield Gym,unlimited,Gym Challenge,119,Uncommon,Keiji Kinebuchi,Stadium,,Trainer,2000/10/16,"tcgplayer,cardmarket",https://prices.pokemontcg.io/tcgplayer/gym2-119,https://images.pokemontcg.io/gym2/119_hires.png,2026/08/08,2026/01/16,2.15,0.8999999761581421,1.600000023841858,19.989999771118164,,,,,"{""1stEdition"": {""low"": 1.8, ""mid"": 2.98, ""high"": 96.95, ""market"": 3.15, ""directLow"": 5.98}}",3.3451,0.346,2.5146,0.0,1.153499960899353,1.9263,2.3877,0.0,0.0,0.0,1.1535,2026-08-09
dp1-115,Super Scoop Up,normal,Diamond & Pearl,115,Uncommon,Shizurow,Item,,Trainer,2007/05/01,"tcgplayer,cardmarket",https://prices.pokemontcg.io/tcgplayer/dp1-115,https://images.pokemontcg.io/dp1/115_hires.png,2026/08/08,2025/12/28,0.63,0.05000000074505806,0.5,19.979999542236328,,10.62,,,,0.2076,0.0231,0.2192,0.8536,0.17299999296665192,0.173,0.2307,1.5803,1.142,1.0151,1.1535,2026-08-09
pl2-RT4,Mow Rotom,reverseHolofoil,Rising Rivals,RT4,Rare,Yusuke Ohmura,Basic,479,Pokémon,2009/05/16,"tcgplayer,cardmarket",https://prices.pokemontcg.io/tcgplayer/pl2-RT4,https://images.pokemontcg.io/pl2/RT4_hires.png,2026/08/08,2025/12/07,52.5,34.77000045776367,44.9900016784668,99.98999786376953,,,,,,0.0,3.4605,6.4365,10.7968,1.0151000022888184,6.0559,4.5794,8.0745,13.2537,11.7888,1.1535,2026-08-09
bw5-107,Darkrai-EX,holofoil,Dark Explorers,107,Rare Ultra,5ban Graphics,Basic|EX,491,Pokémon,2012/05/09,"tcgplayer,cardmarket",https://prices.pokemontcg.io/tcgplayer/bw5-107,https://images.pokemontcg.io/bw5/107_hires.png,2026/08/08,2025/12/28,789.99,420.69000244140625,798.7999877929688,5999.990234375,,,,,,20.1863,17.1871,33.8091,0.0,37.16579818725586,41.2146,62.0352,33.4515,38.8845,33.5553,1.1535,2026-08-09
sm5-113,Gumshoos,normal,Ultra Prism,113,Uncommon,nagimiso,Stage 1,735,Pokémon,2018/02/02,"tcgplayer,cardmarket",https://prices.pokemontcg.io/tcgplayer/sm5-113,https://images.pokemontcg.io/sm5/113_hires.png,2026/08/08,2025/12/07,0.08,0.05000000074505806,0.23000000417232513,19.979999542236328,,0.42,,,,0.0807,0.0231,0.0923,0.496,0.03460000082850456,0.0923,0.0923,0.173,0.346,0.3807,1.1535,2026-08-09
neo4-113,Shining Tyranitar,1stEditionHolofoil,Neo Destiny,113,Rare Shining,Ken Sugimori,Basic,248,Pokémon,2002/02/28,"tcgplayer,cardmarket",https://prices.pokemontcg.io/tcgplayer/neo4-113,https://images.pokemontcg.io/neo4/113_hires.png,2026/08/08,2025/12/28,4249.99,4199.9501953125,4424.97998046875,4650.0,,,,,"{""unlimitedHolofoil"": {""low"": 1400.0, ""mid"": 1500.0, ""high"": 1599.99, ""market"": 507.5, ""directLow"": null}}",961.7306,126.885,628.4729,0.0,568.0986938476562,633.7329,450.511,144.1875,375.6603,227.4125,1.1535,2026-08-09
ecard1-108,Ekans,normal,Expedition Base Set,108,Common,Kyoko Umemoto,Basic,23,Pokémon,2002/09/15,"tcgplayer,cardmarket",https://prices.pokemontcg.io/tcgplayer/ecard1-108,https://images.pokemontcg.io/ecard1/108_hires.png,2026/08/08,2026/01/16,4.08,3.490000009536743,4.550000190734863,35.79999923706055,,42.73,,,,1.1881,0.0923,1.4419,8.0745,2.306999921798706,1.5111,1.2227,10.3815,9.4241,5.5829,1.1535,2026-08-09
bw9-117,Empoleon,holofoil,Plasma Freeze,117,Rare Secret,Ayaka Yoshida,Stage 2,395,Pokémon,2013/05/08,"tcgplayer,cardmarket",https://prices.pokemontcg.io/tcgplayer/bw9-117,https://images.pokemontcg.io/bw9/117_hires.png,2026/08/05,2025/12/07,293.33,275.0,275.0,275.0,,,,,,172.4483,40.3725,142.3765,0.0,206.47650146484375,166.254,132.8947,80.7335,45.2633,35.9315,1.1535,2026-08-09
sm1-112,Bewear,normal,Sun & Moon,112,Rare,kirisAki,Stage 1,760,Pokémon,2017/02/03,"tcgplayer,cardmarket",https://prices.pokemontcg.io/tcgplayer/sm1-112,https://images.pokemontcg.io/sm1/112_hires.png,2026/08/08,2025/12/07,0.23,0.05000000074505806,0.23999999463558197,2.990000009536743,,0.33,,,,0.2192,0.0231,0.2538,0.4037,0.023099999874830246,0.1961,0.1846,0.346,0.346,0.3345,1.1535,2026-08-09
xy3-105,Heracross-EX,holofoil,Furious Fists,105,Rare Ultra,Ryo Ueda,Basic|EX,214,Pokémon,2014/08/13,"tcgplayer,cardmarket",https://prices.pokemontcg.io/tcgplayer/xy3-105,https://images.pokemontcg.io/xy3/105_hires.png,2026/08/08,2025/12/28,48.73,17.5,49.04999923706055,434.1000061035156,,,,,,8.8012,5.7675,16.5989,0.0,8.051400184631348,13.0807,21.1206,4.0257,14.7763,9.6548,1.1535,2026-08-09
ex6-115,Moltres ex,holofoil,FireRed & LeafGreen,115,Rare Secret,Ryo Ueda,Basic|ex,146,Pokémon,2004/09/01,"tcgplayer,cardmarket",https://prices.pokemontcg.io/tcgplayer/ex6-115,https://images.pokemontcg.io/ex6/115_hires.png,2026/08/08,2025/12/28,180.88,276.989990234375,1563.2900390625,1563.300048828125,,,,,,76.0387,13.842,133.7137,0.0,48.446998596191406,84.4131,125.4085,11.535,26.0576,31.8481,1.1535,2026-08-09
xy12-111,Surfing Pikachu,normal,Evolutions,111,Rare Secret,Toshinao Aoki,Basic,25,Pokémon,2016/11/02,"tcgplayer,cardmarket",https://prices.pokemontcg.io/tcgplayer/xy12-111,https://images.pokemontcg.io/xy12/111_hires.png,2026/08/08,2025/12/28,11.29,6.690000057220459,10.989999771118164,194.69000244140625,,,,,,9.8048,2.9991,5.5599,0.0,6.86329984664917,8.0745,13.4613,9.2165,10.5776,7.1056,1.1535,2026-08-09
bw8-110,Patrat,normal,Plasma Storm,110,Common,Kouki Saitou,Basic,504,Pokémon,2013/02/06,"tcgplayer,cardmarket",https://prices.pokemontcg.io/tcgplayer/bw8-110,https://images.pokemontcg.io/bw8/110_hires.png,2026/08/08,2025/12/07,0.28,0.14000000059604645,0.27000001072883606,1000.0,,0.6,,,,0.1846,0.0231,0.2076,0.0,0.34599998593330383,0.1846,0.15,2.5954,1.8802,0.9343,1.1535,2026-08-09
xy9-106,Potion,normal,BREAKpoint,106,Uncommon,5ban Graphics,Item,,Trainer,2016/02/03,"tcgplayer,cardmarket",https://prices.pokemontcg.io/tcgplayer/xy9-106,https://images.pokemontcg.io/xy9/106_hires.png,2026/08/08,2025/12/28,0.06,0.009999999776482582,0.20000000298023224,19.979999542236328,,0.34,,,,0.0577,0.0231,0.15,2.4916,0.5651999711990356,0.0807,0.0807,0.2307,1.2227,0.5306,1.1535,2026-08-09
g1-RC26,Floral Crown,normal,Generations,RC26,Common,Aya Kusube,Pokémon Tool,,Trainer,2016/02/22,"tcgplayer,cardmarket",https://prices.pokemontcg.io/tcgplayer/g1-RC26,https://images.pokemontcg.io/g1/RC26_hires.png,2026/08/08,2025/12/28,4.11,0.75,2.75,24.989999771118164,,,,,,0.4729,0.0577,0.4729,0.0,0.219200000166893,0.5421,0.4499,0.1154,0.1961,0.1961,1.1535,2026-08-09
swsh4-112,Galarian Meowth,normal,Vivid Voltage,112,Common,Kouki Saitou,Basic,52,Pokémon,2020/11/13,"tcgplayer,cardmarket",https://prices.pokemontcg.io/tcgplayer/swsh4-112,https://images.pokemontcg.io/swsh4/112_hires.png,2026/08/08,2025/11/25,0.06,0.009999999776482582,0.15000000596046448,25.06999969482422,,0.32,,,,0.0346,0.0231,0.0346,0.173,0.023099999874830246,0.0346,0.0346,0.1154,0.2076,0.173,1.1535,2026-08-09
swsh3-107,Liepard,normal,Darkness Ablaze,107,Rare,Hasuno,Stage 1,510,Pokémon,2020/08/14,"tcgplayer,cardmarket",https://prices.pokemontcg.io/tcgplayer/swsh3-107,https://images.pokemontcg.io/swsh3/107_hires.png,2026/08/08,2025/12/07,0.2,0.05000000074505806,0.23999999463558197,19.979999542236328,,0.41,,,,0.2192,0.0461,0.323,0.8767,0.8651000261306763,0.3114,0.2192,0.346,0.646,0.646,1.1535,2026-08-09
ecard2-89,Larvitar,normal,Aquapolis,89,Common,Naoyo Kimura,Basic,246,Pokémon,2003/01/15,"tcgplayer,cardmarket",https://prices.pokemontcg.io/tcgplayer/ecard2-89,https://images.pokemontcg.io/ecard2/89_hires.png,2026/08/08,2025/12/28,8.45,6.809999942779541,10.420000076293945,62.0,,31.96,,,,1.2573,0.2307,0.9228,10.3815,2.0762999057769775,1.0612,1.5918,9.228,9.2857,8.8127,1.1535,2026-08-09
dp3-124,Rival,normal,Secret Wonders,124,Uncommon,Ken Sugimori,Supporter,,Trainer,2007/11/01,"tcgplayer,cardmarket",https://prices.pokemontcg.io/tcgplayer/dp3-124,https://images.pokemontcg.io/dp3/124_hires.png,2026/08/08,2025/12/07,0.41,0.10000000149011612,0.3400000035762787,19.979999542236328,,0.54,,,,0.173,0.0231,0.2076,0.0,0.11540000140666962,0.2422,0.2307,0.1038,0.4268,0.7267,1.1535,2026-08-09
bw6-113,Devolution Spray,normal,Dragons Exalted,113,Uncommon,Ryo Ueda,Item,,Trainer,2012/08/15,"tcgplayer,cardmarket",https://prices.pokemontcg.io/tcgplayer/bw6-113,https://images.pokemontcg.io/bw6/113_hires.png,2026/08/08,2025/12/07,0.48,0.18000000715255737,0.41999998688697815,18.440000534057617,,1.4,,,,0.15,0.0231,0.2192,0.496,0.17299999296665192,0.2422,0.2768,0.3345,0.7498,0.7152,1.1535,2026-08-09
sm7-113,Slakoth,normal,Celestial Storm,113,Common,Kagemaru Himeno,Basic,287,Pokémon,2018/08/03,"tcgplayer,cardmarket",https://prices.pokemontcg.io/tcgplayer/sm7-113,https://images.pokemontcg.io/sm7/113_hires.png,2026/08/08,2025/11/22,0.27,0.07000000029802322,0.25,19.979999542236328,,0.44,,,,0.1269,0.0231,0.1038,0.4614,0.05770000070333481,0.0923,0.0923,0.1846,0.2999,0.3807,1.1535,2026-08-09
sm10-109,Honchkrow-GX,holofoil,Unbroken Bonds,109,Rare Holo GX,sadaji,Stage 1|GX,430,Pokémon,2019/05/03,"tcgplayer,cardmarket",https://prices.pokemontcg.io/tcgplayer/sm10-109,https://images.pokemontcg.io/sm10/109_hires.png,2026/08/08,2025/11/25,2.14,1.350000023841858,2.25,10.0,,,,,,2.5031,0.9228,2.8491,0.0,2.1916000843048096,2.2955,2.976,1.1535,2.5377,2.5146,1.1535,2026-08-09
xy6-110,VS Seeker,holofoil,Roaring Skies,110,Rare Secret,5ban Graphics,Item,,Trainer,2015/05/06,"tcgplayer,cardmarket",https://prices.pokemontcg.io/tcgplayer/xy6-110,https://images.pokemontcg.io/xy6/110_hires.png,2026/08/08,2025/12/28,18.3,12.0,16.780000686645508,34.9900016784668,,,,,,0.0,0.0,0.5767,0.0,0.57669997215271,0.7267,0.7267,1.1535,1.1535,1.1535,1.1535,2026-08-09
sm11-110,Medicham,normal,Unified Minds,110,Rare,Shigenori Negishi,Stage 1,308,Pokémon,2019/08/02,"tcgplayer,cardmarket",https://prices.pokemontcg.io/tcgplayer/sm11-110,https://images.pokemontcg.io/sm11/110_hires.png,2026/08/08,2025/11/25,0.23,0.07999999821186066,0.25,19.979999542236328,,0.45,,,,0.2884,0.0461,0.2768,1.2342,0.10379999876022339,0.2422,0.2192,0.5191,0.8882,0.6229,1.1535,2026-08-09
sm8-113,Hitmontop,normal,Lost Thunder,113,Uncommon,sowsow,Basic,237,Pokémon,2018/11/02,"tcgplayer,cardmarket",https://prices.pokemontcg.io/tcgplayer/sm8-113,https://images.pokemontcg.io/sm8/113_hires.png,2026/08/08,2025/11/25,0.33,0.15000000596046448,0.4000000059604645,19.979999542236328,,0.76,,,,0.1846,0.0231,0.1961,0.7267,0.34599998593330383,0.2076,0.1846,0.4614,0.7382,0.7152,1.1535,2026-08-09
dp2-109,Bebe's Search,normal,Mysterious Treasures,109,Uncommon,Ken Sugimori,Supporter,,Trainer,2007/08/01,"tcgplayer,cardmarket",https://prices.pokemontcg.io/tcgplayer/dp2-109,https://images.pokemontcg.io/dp2/109_hires.png,2026/08/08,2026/01/16,0.39,0.14000000059604645,0.38999998569488525,19.979999542236328,,4.99,,,,0.4729,0.0231,0.3807,1.1074,0.11540000140666962,0.2307,0.4153,1.0843,3.1721,3.3221,1.1535,2026-08-09
bw11-RC6,Piplup,holofoil,Legendary Treasures,RC6,Uncommon,sui,Basic,393,Pokémon,2013/11/06,"tcgplayer,cardmarket",https://prices.pokemontcg.io/tcgplayer/bw11-RC6,https://images.pokemontcg.io/bw11/RC6_hires.png,2026/08/08,2025/12/07,14.29,4.5,14.1899995803833,66.5999984741211,,,,,,5.7444,1.1535,5.2484,2.3416,4.475599765777588,4.9716,4.4064,5.1907,2.8261,4.8216,1.1535,2026-08-09
bw9-118,Sigilyph,holofoil,Plasma Freeze,118,Rare Secret,Ayaka Yoshida,Basic,561,Pokémon,2013/05/08,"tcgplayer,cardmarket",https://prices.pokemontcg.io/tcgplayer/bw9-118,https://images.pokemontcg.io/bw9/118_hires.png,2026/08/08,2025/12/07,118.58,90.0,132.19000244140625,174.3800048828125,,,,,,155.6994,32.1711,84.1709,0.0,207.6300048828125,95.5444,76.8577,21.8011,22.3087,23.739,1.1535,2026-08-09
bw7-120,Lillipup,normal,Boundaries Crossed,120,Common,Kagemaru Himeno,Basic,506,Pokémon,2012/11/07,"tcgplayer,cardmarket",https://prices.pokemontcg.io/tcgplayer/bw7-120,https://images.pokemontcg.io/bw7/120_hires.png,2026/08/08,2025/12/07,0.31,0.07000000029802322,0.30000001192092896,19.979999542236328,,3.13,,,,0.0923,0.0231,0.1038,0.6921,0.17299999296665192,0.0923,0.1384,0.7959,1.1996,0.7728,1.1535,2026-08-09
swsh3-108,Deino,normal,Darkness Ablaze,108,Common,Masakazu Fukuda,Basic,633,Pokémon,2020/08/14,"tcgplayer,cardmarket",https://prices.pokemontcg.io/tcgplayer/swsh3-108,https://images.pokemontcg.io/swsh3/108_hires.png,2026/08/08,2025/12/07,0.06,0.009999999776482582,0.15000000596046448,19.979999542236328,,0.11,,,,0.0346,0.0231,0.0461,0.15,0.023099999874830246,0.0346,0.0346,0.2076,0.2192,0.2076,1.1535,2026-08-09
sm4-103,Nihilego-GX,holofoil,Crimson Invasion,103,Rare Ultra,5ban Graphics,Basic|GX|Ultra Beast,793,Pokémon,2017/11/03,"tcgplayer,cardmarket",https://prices.pokemontcg.io/tcgplayer/sm4-103,https://images.pokemontcg.io/sm4/103_hires.png,2026/08/08,2025/12/28,11.99,7.0,13.1899995803833,21.0,,,,,,6.5519,3.449,6.3673,0.0,6.0559000968933105,5.283,6.3096,4.9024,4.9254,4.8908,1.1535,2026-08-09
ecard1-109,Gastly,normal,Expedition Base Set,109,Common,Yukiko Baba,Basic,92,Pokémon,2002/09/15,"tcgplayer,cardmarket",https://prices.pokemontcg.io/tcgplayer/ecard1-109,https://images.pokemontcg.io/ecard1/109_hires.png,2026/08/08,2026/01/16,6.76,1.850000023841858,6.260000228881836,59.9900016784668,,54.74,,,,1.4765,0.0923,1.1535,12.4117,0.945900022983551,1.3727,1.4188,3.0222,10.7276,9.574,1.1535,2026-08-09
swsh2-117,Trubbish,normal,Rebel Clash,117,Common,HYOGONOSUKE,Basic,568,Pokémon,2020/05/01,"tcgplayer,cardmarket",https://prices.pokemontcg.io/tcgplayer/swsh2-117,https://images.pokemontcg.io/swsh2/117_hires.png,2026/08/08,2025/11/21,0.18,0.009999999776482582,0.20000000298023224,18.540000915527344,,0.37,,,,0.0807,0.0231,0.1038,0.2307,0.03460000082850456,0.0692,0.0692,0.2884,0.2192,0.2538,1.1535,2026-08-09
smp-SM114,Ash's Pikachu,normal,SM Black Star Promos,SM114,Promo,2017 Pikachu Project,Basic,25,Pokémon,2017/02/03,"tcgplayer,cardmarket",https://prices.pokemontcg.io/tcgplayer/smp-SM114,https://images.pokemontcg.io/smp/SM114_hires.png,2026/08/08,2025/11/21,48.15,34.099998474121094,64.47000122070312,129.69000244140625,,,,,,14.1419,4.3718,16.1259,0.0,25.36549949645996,15.8606,14.3957,17.291,12.4463,12.4463,1.1535,2026-08-09
xy1-118,Great Ball,normal,XY,118,Uncommon,Toyste Beach,Item,,Trainer,2014/02/05,"tcgplayer,cardmarket",https://prices.pokemontcg.io/tcgplayer/xy1-118,https://images.pokemontcg.io/xy1/118_hires.png,2026/08/08,2025/12/07,0.19,0.009999999776482582,0.25,19.979999542236328,,0.97,,,,0.0923,0.0231,0.1038,0.5998,0.023099999874830246,0.0692,0.1269,1.1535,0.669,0.8074,1.1535,2026-08-09
sm9-121,Pidgey,normal,Team Up,121,Common,Shigenori Negishi,Basic,16,Pokémon,2019/02/01,"tcgplayer,cardmarket",https://prices.pokemontcg.io/tcgplayer/sm9-121,https://images.pokemontcg.io/sm9/121_hires.png,2026/08/08,2025/11/21,0.25,0.10000000149011612,0.25,19.979999542236328,,0.53,,,,0.1154,0.0231,0.1615,0.4729,0.23070000112056732,0.1038,0.1269,0.0577,0.4499,0.5652,1.1535,2026-08-09
ecard2-90,Lickitung,normal,Aquapolis,90,Common,Yuka Morii,Basic,108,Pokémon,2003/01/15,"tcgplayer,cardmarket",https://prices.pokemontcg.io/tcgplayer/ecard2-90,https://images.pokemontcg.io/ecard2/90_hires.png,2026/08/08,2025/12/28,24.84,24.989999771118164,39.290000915527344,499.8999938964844,,74.98,,,,3.0106,0.6229,2.3877,4.2679,1.1419999599456787,1.6956,3.2529,17.0718,9.0896,6.6557,1.1535,2026-08-09
base4-118,Bill,normal,Base Set 2,118,Common,Ken Sugimori,,,Trainer,2000/02/24,"tcgplayer,cardmarket",https://prices.pokemontcg.io/tcgplayer/base4-118,https://images.pokemontcg.io/base4/118_hires.png,2026/08/08,2026/01/16,0.38,0.09000000357627869,0.3499999940395355,20.0,,,,,,0.1961,0.0231,0.346,0.0,0.08070000261068344,0.3345,0.2076,0.2307,0.15,0.15,1.1535,2026-08-09
dp3-125,Roseanne's Research,normal,Secret Wonders,125,Uncommon,Kanako Eo,Supporter,,Trainer,2007/11/01,"tcgplayer,cardmarket",https://prices.pokemontcg.io/tcgplayer/dp3-125,https://images.pokemontcg.io/dp3/125_hires.png,2026/08/08,2025/12/07,2.94,2.069999933242798,3.119999885559082,27.399999618530273,,10.13,,,,3.8412,0.0231,4.1526,0.0,9.227999687194824,3.7258,2.7338,1.0958,1.7995,1.7764,1.1535,2026-08-09
ex6-116,Zapdos ex,normal,FireRed & LeafGreen,116,Rare Secret,Ryo Ueda,Basic|ex,145,Pokémon,2004/09/01,"tcgplayer,cardmarket",https://prices.pokemontcg.io/tcgplayer/ex6-116,https://images.pokemontcg.io/ex6/116_hires.png,2026/08/08,2025/12/28,,200.0,200.0,200.0,269.97,,,,,69.7867,17.291,75.0582,0.0,62.28900146484375,62.1621,65.6226,16.149,34.2013,43.2216,1.1535,2026-08-09
bw6-114,Giant Cape,normal,Dragons Exalted,114,Uncommon,Ryo Ueda,Pokémon Tool,,Trainer,2012/08/15,"tcgplayer,cardmarket",https://prices.pokemontcg.io/tcgplayer/bw6-114,https://images.pokemontcg.io/bw6/114_hires.png,2026/08/08,2025/12/07,0.21,0.10000000149011612,0.27000001072883606,19.979999542236328,,0.49,,,,0.173,0.0231,0.1615,0.4499,0.11540000140666962,0.1846,0.1384,0.2307,0.5075,0.5306,1.1535,2026-08-09
xy9-107,Professor Sycamore,normal,BREAKpoint,107,Uncommon,Yusuke Ohmura,Supporter,,Trainer,2016/02/03,"tcgplayer,cardmarket",https://prices.pokemontcg.io/tcgplayer/xy9-107,https://images.pokemontcg.io/xy9/107_hires.png,2026/08/08,2025/12/12,0.24,0.019999999552965164,0.25,19.979999542236328,,0.53,,,,0.0,1.142,1.1535,0.0,1.153499960899353,0.9459,0.9459,0.0,0.0,0.0,1.1535,2026-08-09
xy10-110,Scorched Earth,normal,Fates Collide,110,Uncommon,Ryo Ueda,Stadium,,Trainer,2016/05/02,"tcgplayer,cardmarket",https://prices.pokemontcg.io/tcgplayer/xy10-110,https://images.pokemontcg.io/xy10/110_hires.png,2026/08/08,2025/12/07,0.18,0.07000000029802322,0.2199999988079071,19.979999542236328,,0.45,,,,0.2768,0.0231,0.1615,0.8305,0.17299999296665192,0.2538,0.2307,0.5652,0.8882,0.9459,1.1535,2026-08-09
sm5-114,Oranguru,normal,Ultra Prism,114,Uncommon,Kouki Saitou,Basic,765,Pokémon,2018/02/02,"tcgplayer,cardmarket",https://prices.pokemontcg.io/tcgplayer/sm5-114,https://images.pokemontcg.io/sm5/114_hires.png,2026/08/08,2025/11/25,0.09,0.029999999329447746,0.25,19.979999542236328,,0.69,,,,0.173,0.0231,0.1384,0.6575,0.17299999296665192,0.15,0.15,0.5767,0.323,0.4037,1.1535,2026-08-09
xyp-XY110,Mew,holofoil,XY Black Star Promos,XY110,Promo,Kouki Saitou,Basic,151,Pokémon,2013/10/12,"tcgplayer,cardmarket",https://prices.pokemontcg.io/tcgplayer/xyp-XY110,https://images.pokemontcg.io/xyp/XY110_hires.png,2026/08/08,2025/12/07,138.04,84.01000213623047,136.94000244140625,299.95001220703125,,,,,,61.2739,40.3725,105.0492,0.0,143.03399658203125,61.2739,61.3547,5.7675,17.7293,17.0833,1.1535,2026-08-09
sm2-116,Aether Paradise Conservation Area,normal,Guardians Rising,116,Uncommon,5ban Graphics,Stadium,,Trainer,2017/05/05,"tcgplayer,cardmarket",https://prices.pokemontcg.io/tcgplayer/sm2-116,https://images.pokemontcg.io/sm2/116_hires.png,2026/08/08,2025/12/07,0.18,0.05000000074505806,0.20000000298023224,19.979999542236328,,0.32,,,,0.0923,0.0231,0.0577,0.4614,0.023099999874830246,0.0807,0.0807,0.5537,0.4729,0.3691,1.1535,2026-08-09
pl2-RT5,Wash Rotom,reverseHolofoil,Rising Rivals,RT5,Rare,Hiroki Fuchino,Basic,479,Pokémon,2009/05/16,"tcgplayer,cardmarket",https://prices.pokemontcg.io/tcgplayer/pl2-RT5,https://images.pokemontcg.io/pl2/RT5_hires.png,2026/08/08,2025/12/07,51.01,38.97999954223633,50.0,528.9000244140625,,,,,,0.0,2.307,5.7214,11.6619,6.9095001220703125,6.3327,5.0062,17.3025,12.3771,10.4392,1.1535,2026-08-09
dp6-118,Shinx,normal,Legends Awakened,118,Common,Masakazu Fukuda,Basic,403,Pokémon,2008/08/01,"tcgplayer,cardmarket",https://prices.pokemontcg.io/tcgplayer/dp6-118,https://images.pokemontcg.io/dp6/118_hires.png,2026/08/08,2025/12/07,1.77,0.27000001072883606,0.6200000047683716,19.979999542236328,,19.27,,,,0.173,0.0231,0.1961,0.4499,0.11540000140666962,0.2422,0.2192,0.4614,2.0186,1.4765,1.1535,2026-08-09
xy12-112,Imakuni?'s Doduo,normal,Evolutions,112,Rare Secret,Imakuni?,Basic,84,Pokémon,2016/11/02,"tcgplayer,cardmarket",https://prices.pokemontcg.io/tcgplayer/xy12-112,https://images.pokemontcg.io/xy12/112_hires.png,2026/08/08,2025/12/28,4.9,1.5,4.900000095367432,165.0,,,,,,4.5102,0.2307,6.1597,0.0,1.153499960899353,7.4516,4.3948,3.4028,3.299,1.4534,1.1535,2026-08-09
ex1-106,Water Energy,normal,Ruby & Sapphire,106,Common,,Basic,,Energy,2003/07/01,"tcgplayer,cardmarket",https://prices.pokemontcg.io/tcgplayer/ex1-106,https://images.pokemontcg.io/ex1/106_hires.png,2026/08/08,2026/01/16,0.36,0.09000000357627869,0.3199999928474426,19.979999542236328,,27.84,,,,23.07,40.3148,26.6574,0.0,23.06999969482422,20.1632,11.8003,0.0,0.0,0.0,1.1535,2026-08-09
pl1-116,Team Galactic's Invention G-101 Energy Gain,normal,Platinum,116,Uncommon,Makoto Imai,Pokémon Tool,,Trainer,2009/02/11,"tcgplayer,cardmarket",https://prices.pokemontcg.io/tcgplayer/pl1-116,https://images.pokemontcg.io/pl1/116_hires.png,2026/08/08,2025/12/21,2.06,1.100000023841858,1.7400000095367432,49.5,,6.99,,,,0.8882,0.1038,0.9228,2.5492,0.57669997215271,0.8421,0.8536,2.5492,1.2804,1.7187,1.1535,2026-08-09
ex10-117,Celebi ex,holofoil,Unseen Forces,117,Rare Secret,Ryo Ueda,Basic|ex,251,Pokémon,2005/08/01,"tcgplayer,cardmarket",https://prices.pokemontcg.io/tcgplayer/ex10-117,https://images.pokemontcg.io/ex10/117_hires.png,2026/08/08,2026/01/16,370.0,250.0,999.989990234375,999.989990234375,,,,,,342.105,51.9075,336.6144,0.0,472.93499755859375,257.3689,283.8648,230.7,141.719,79.1532,1.1535,2026-08-09
sm3-112,Acerola,normal,Burning Shadows,112,Uncommon,Ken Sugimori,Supporter,,Trainer,2017/08/05,"tcgplayer,cardmarket",https://prices.pokemontcg.io/tcgplayer/sm3-112,https://images.pokemontcg.io/sm3/112_hires.png,2026/08/08,2025/12/07,0.25,0.05000000074505806,0.27000001072883606,19.059999465942383,,0.43,,,,0.1038,0.0231,0.0807,0.4383,0.023099999874830246,0.1038,0.1384,0.3691,0.4153,0.3114,1.1535,2026-08-09
dp1-116,Warp Point,normal,Diamond & Pearl,116,Uncommon,Keiji Kinebuchi,Item,,Trainer,2007/05/01,"tcgplayer,cardmarket",https://prices.pokemontcg.io/tcgplayer/dp1-116,https://images.pokemontcg.io/dp1/116_hires.png,2026/08/08,2025/12/28,0.63,0.20000000298023224,0.699999988079071,19.979999542236328,,1.51,,,,0.2307,0.0231,0.2422,0.5767,0.219200000166893,0.2307,0.2768,3.449,1.4995,1.0728,1.1535,2026-08-09
xy5-125,Dive Ball,normal,Primal Clash,125,Uncommon,Toyste Beach,Item,,Trainer,2015/02/04,"tcgplayer,cardmarket",https://prices.pokemontcg.io/tcgplayer/xy5-125,https://images.pokemontcg.io/xy5/125_hires.png,2026/08/08,2025/11/21,1.7,0.5899999737739563,1.7100000381469727,14.989999771118164,,3.55,,,,3.795,1.4419,3.7373,3.4605,2.687700033187866,3.9796,3.622,5.756,6.8403,5.3176,1.1535,2026-08-09
sm6-106,Eneporter,normal,Forbidden Light,106,Uncommon,Toyste Beach,Item,,Trainer,2018/05/04,"tcgplayer,cardmarket",https://prices.pokemontcg.io/tcgplayer/sm6-106,https://images.pokemontcg.io/sm6/106_hires.png,2026/08/08,2025/12/07,0.18,0.009999999776482582,0.25,19.979999542236328,,0.32,,,,0.173,0.0231,0.1154,0.6921,0.2653000056743622,0.173,0.15,0.6921,0.6114,0.5306,1.1535,2026-08-09
gym2-120,Rocket's Secret Experiment,unlimited,Gym Challenge,120,Uncommon,Ken Sugimori,,,Trainer,2000/10/16,"tcgplayer,cardmarket",https://prices.pokemontcg.io/tcgplayer/gym2-120,https://images.pokemontcg.io/gym2/120_hires.png,2026/08/08,2026/01/16,4.19,3.0,4.340000152587891,47.65999984741211,,,,,"{""1stEdition"": {""low"": 9.35, ""mid"": 50.0, ""high"": 96.95, ""market"": 9.66, ""directLow"": 48.98}}",8.8243,4.614,8.5359,0.0,4.613999843597412,8.1668,8.1206,0.0,0.0,0.0,1.1535,2026-08-09
ecard3-81,Nidoran ♀,normal,Skyridge,81,Common,Midori Harada,Basic,29,Pokémon,2003/05/12,"tcgplayer,cardmarket",https://prices.pokemontcg.io/tcgplayer/ecard3-81,https://images.pokemontcg.io/ecard3/81_hires.png,2026/08/08,2025/12/28,32.09,32.439998626708984,37.97999954223633,279.5,,99.99,,,,7.0133,0.8074,7.4977,12.1117,12.630800247192383,7.1286,6.5057,12.1117,11.9387,10.7276,1.1535,2026-08-09
bw5-108,Tornadus-EX,holofoil,Dark Explorers,108,Rare Ultra,5ban Graphics,Basic|EX,641,Pokémon,2012/05/09,"tcgplayer,cardmarket",https://prices.pokemontcg.io/tcgplayer/bw5-108,https://images.pokemontcg.io/bw5/108_hires.png,2026/08/08,2025/12/28,99.99,99.98999786376953,129.1999969482422,189.99000549316406,,,,,,14.0266,3.1837,23.5775,0.0,8.07450008392334,22.5394,17.5332,21.9165,15.4108,12.7692,1.1535,2026-08-09
swsh1-116,Stonjourner VMAX,holofoil,Sword & Shield,116,Rare Holo VMAX,5ban Graphics,VMAX,874,Pokémon,2020/02/07,"tcgplayer,cardmarket",https://prices.pokemontcg.io/tcgplayer/swsh1-116,https://images.pokemontcg.io/swsh1/116_hires.png,2026/08/08,2025/11/25,1.64,1.0499999523162842,1.9900000095367432,14.760000228881836,,,,,,2.8838,0.5767,3.2413,0.0,2.2955000400543213,3.4028,2.6646,8.0745,10.3008,9.8624,1.1535,2026-08-09
g1-RC27,Wally,holofoil,Generations,RC27,Uncommon,Megumi Mizutani,Supporter,,Trainer,2016/02/22,"tcgplayer,cardmarket",https://prices.pokemontcg.io/tcgplayer/g1-RC27,https://images.pokemontcg.io/g1/RC27_hires.png,2026/08/08,2025/12/28,6.41,2.5,5.0,148.5,,,,,,1.3496,0.0807,1.4303,1.1881,0.7958999872207642,1.5111,1.1535,1.1535,1.4073,1.1766,1.1535,2026-08-09
xy8-111,Haxorus,holofoil,BREAKthrough,111,Rare Holo,hatachu,Stage 2,612,Pokémon,2015/11/04,"tcgplayer,cardmarket",https://prices.pokemontcg.io/tcgplayer/xy8-111,https://images.pokemontcg.io/xy8/111_hires.png,2026/08/08,2025/12/07,1.86,0.5899999737739563,1.7200000286102295,19.979999542236328,,2.37,,,,2.7223,0.5767,2.6761,0.0,0.6344000101089478,2.7107,2.5146,5.756,3.5528,3.2759,1.1535,2026-08-09
bw8-111,Patrat,normal,Plasma Storm,111,Common,Naoki Saito,Basic,504,Pokémon,2013/02/06,"tcgplayer,cardmarket",https://prices.pokemontcg.io/tcgplayer/bw8-111,https://images.pokemontcg.io/bw8/111_hires.png,2026/08/08,2025/12/07,0.29,0.10000000149011612,0.30000001192092896,5.0,,1.24,,,,0.173,0.0231,0.1615,2.0763,0.23070000112056732,0.173,0.1615,2.0763,0.9689,0.6344,1.1535,2026-08-09
swsh4-113,Galarian Perrserker,normal,Vivid Voltage,113,Rare,Shin Nagasawa,Stage 1,863,Pokémon,2020/11/13,"tcgplayer,cardmarket",https://prices.pokemontcg.io/tcgplayer/swsh4-113,https://images.pokemontcg.io/swsh4/113_hires.png,2026/08/08,2025/11/25,0.09,0.019999999552965164,0.20000000298023224,19.979999542236328,,0.34,,,,0.173,0.0231,0.173,0.4614,0.04610000178217888,0.1269,0.2192,0.5767,0.5191,0.6114,1.1535,2026-08-09
sm10-110,Carvanha,normal,Unbroken Bonds,110,Common,SATOSHI NAKAI,Basic,318,Pokémon,2019/05/03,"tcgplayer,cardmarket",https://prices.pokemontcg.io/tcgplayer/sm10-110,https://images.pokemontcg.io/sm10/110_hires.png,2026/08/08,2025/11/25,0.25,0.019999999552965164,0.25,19.979999542236328,,0.3,,,,0.1038,0.0231,0.1038,0.0,0.06920000165700912,0.1038,0.0923,0.346,0.2768,0.2768,1.1535,2026-08-09
xy4-109,VS Seeker,normal,Phantom Forces,109,Uncommon,5ban Graphics,Item,,Trainer,2014/11/05,"tcgplayer,cardmarket",https://prices.pokemontcg.io/tcgplayer/xy4-109,https://images.pokemontcg.io/xy4/109_hires.png,2026/08/08,2025/12/28,4.35,2.5,4.590000152587891,14.989999771118164,,7.06,,,,3.5758,4.614,3.6566,0.0,2.8838000297546387,2.9299,1.4995,0.0,0.0,0.0,1.1535,2026-08-09
gym1-126,Trash Exchange,unlimited,Gym Heroes,126,Common,Keiji Kinebuchi,,,Trainer,2000/08/14,"tcgplayer,cardmarket",https://prices.pokemontcg.io/tcgplayer/gym1-126,https://images.pokemontcg.io/gym1/126_hires.png,2026/08/08,2025/12/28,0.91,0.20000000298023224,0.8799999952316284,3.25,,,,,"{""1stEdition"": {""low"": 0.8, ""mid"": 1.38, ""high"": 19.98, ""market"": 1.6, ""directLow"": 9.99}}",1.4995,0.1154,1.8917,0.0,1.7187000513076782,1.5803,1.1996,1.0958,1.0958,1.0958,1.1535,2026-08-09
dp2-110,Dusk Ball,normal,Mysterious Treasures,110,Uncommon,Ryo Ueda,Item,,Trainer,2007/08/01,"tcgplayer,cardmarket",https://prices.pokemontcg.io/tcgplayer/dp2-110,https://images.pokemontcg.io/dp2/110_hires.png,2026/08/08,2026/01/16,0.4,0.10999999940395355,0.4000000059604645,2.0,,5.2,,,,0.2076,0.0231,0.2307,0.7959,0.05770000070333481,0.173,0.1961,0.9228,1.2919,1.0843,1.1535,2026-08-09
sm8-114,Larvitar,normal,Lost Thunder,114,Common,Misa Tsutsui,Basic,246,Pokémon,2018/11/02,"tcgplayer,cardmarket",https://prices.pokemontcg.io/tcgplayer/sm8-114,https://images.pokemontcg.io/sm8/114_hires.png,2026/08/08,2025/11/23,0.28,0.10000000149011612,0.2800000011920929,19.979999542236328,,0.6,,,,0.15,0.0231,0.15,0.3114,0.04610000178217888,0.1269,0.1961,0.6921,0.323,0.5652,1.1535,2026-08-09
sm12-116,Palpitoad,normal,Cosmic Eclipse,116,Common,Ken Sugimori,Stage 1,536,Pokémon,2019/11/01,"tcgplayer,cardmarket",https://prices.pokemontcg.io/tcgplayer/sm12-116,https://images.pokemontcg.io/sm12/116_hires.png,2026/08/08,2025/11/21,0.12,0.019999999552965164,0.20000000298023224,19.979999542236328,,0.31,,,,0.0577,0.0231,0.0461,0.3922,0.05770000070333481,0.0346,0.0577,0.5767,0.3576,0.2653,1.1535,2026-08-09
bw11-RC7,Pikachu,holofoil,Legendary Treasures,RC7,Uncommon,Atsuko Nishida,Basic,25,Pokémon,2013/11/06,"tcgplayer,cardmarket",https://prices.pokemontcg.io/tcgplayer/bw11-RC7,https://images.pokemontcg.io/bw11/RC7_hires.png,2026/08/08,2025/12/07,91.62,44.0,68.58999633789062,199.9499969482422,,,,,,26.519,13.8074,27.1765,37.4887,43.19860076904297,31.9981,30.9945,40.3725,67.6528,36.9581,1.1535,2026-08-09
neo1-108,Grass Energy,unlimited,Neo Genesis,108,,Keiji Kinebuchi,Basic,,Energy,2000/12/16,"tcgplayer,cardmarket",https://prices.pokemontcg.io/tcgplayer/neo1-108,https://images.pokemontcg.io/neo1/108_hires.png,2026/08/08,2026/01/16,0.42,0.07000000029802322,0.3499999940395355,17.0,,,,,"{""1stEdition"": {""low"": 0.3, ""mid"": 1.1, ""high"": 3.0, ""market"": 1.15, ""directLow"": null}}",0.4153,0.0231,1.0381,0.0,3.4951000213623047,2.307,0.8421,0.4614,0.4614,0.4614,1.1535,2026-08-09
sm1-113,Oranguru,holofoil,Sun & Moon,113,Rare Holo,Mitsuhiro Arita,Basic,765,Pokémon,2017/02/03,"tcgplayer,cardmarket",https://prices.pokemontcg.io/tcgplayer/sm1-113,https://images.pokemontcg.io/sm1/113_hires.png,2026/08/08,2025/12/07,0.49,0.23999999463558197,0.5,19.719999313354492,,0.46,,,,1.7187,0.8651,2.1801,0.0,1.7187000513076782,2.5838,2.3877,0.9228,1.3265,1.3265,1.1535,2026-08-09
pl3-114,Meowth,normal,Supreme Victors,114,Common,Kouki Saitou,Basic,52,Pokémon,2009/08/19,"tcgplayer,cardmarket",https://prices.pokemontcg.io/tcgplayer/pl3-114,https://images.pokemontcg.io/pl3/114_hires.png,2026/08/08,2025/12/07,1.8,0.8899999856948853,1.2200000286102295,95.55000305175781,,6.71,,,,0.2653,0.0346,0.3345,8.063,0.23070000112056732,0.4383,0.3576,8.063,4.3026,3.0568,1.1535,2026-08-09
sm7-114,Vigoroth,normal,Celestial Storm,114,Uncommon,Kagemaru Himeno,Stage 1,288,Pokémon,2018/08/03,"tcgplayer,cardmarket",https://prices.pokemontcg.io/tcgplayer/sm7-114,https://images.pokemontcg.io/sm7/114_hires.png,2026/08/08,2025/11/22,0.26,0.10000000149011612,0.25999999046325684,19.979999542236328,,0.44,,,,0.173,0.0231,0.1615,0.3922,0.023099999874830246,0.1846,0.1846,0.0231,0.2884,0.3691,1.1535,2026-08-09
sm11-111,Relicanth,normal,Unified Minds,111,Uncommon,Yuka Morii,Basic,369,Pokémon,2019/08/02,"tcgplayer,cardmarket",https://prices.pokemontcg.io/tcgplayer/sm11-111,https://images.pokemontcg.io/sm11/111_hires.png,2026/08/08,2025/11/25,0.69,0.20000000298023224,0.75,19.979999542236328,,9.36,,,,0.15,0.0231,0.1961,0.5767,0.219200000166893,0.1615,0.1846,0.496,0.646,0.6344,1.1535,2026-08-09
xy3-106,Seismitoad-EX,holofoil,Furious Fists,106,Rare Ultra,Ryo Ueda,Basic|EX,537,Pokémon,2014/08/13,"tcgplayer,cardmarket",https://prices.pokemontcg.io/tcgplayer/xy3-106,https://images.pokemontcg.io/xy3/106_hires.png,2026/08/08,2025/12/28,27.36,15.899999618530273,30.0,279.79998779296875,,,,,,15.2262,5.756,15.5492,0.0,14.995499610900879,16.8065,16.7142,19.6095,18.8136,11.3274,1.1535,2026-08-09
dp1-117,Energy Search,normal,Diamond & Pearl,117,Common,Kai Ishikawa,Item,,Trainer,2007/05/01,"tcgplayer,cardmarket",https://prices.pokemontcg.io/tcgplayer/dp1-117,https://images.pokemontcg.io/dp1/117_hires.png,2026/08/08,2025/12/28,0.15,0.019999999552965164,0.2199999988079071,19.979999542236328,,1.2,,,,0.0692,0.0231,0.0923,0.7036,0.04610000178217888,0.0692,0.0692,0.0577,1.3381,0.9113,1.1535,2026-08-09
pl3-115,Mime Jr.,normal,Supreme Victors,115,Common,Miki Tanaka,Basic,439,Pokémon,2009/08/19,"tcgplayer,cardmarket",https://prices.pokemontcg.io/tcgplayer/pl3-115,https://images.pokemontcg.io/pl3/115_hires.png,2026/08/08,2025/12/07,0.73,0.46000000834465027,0.7699999809265137,19.979999542236328,,6.4,,,,0.173,0.0231,0.2538,0.0,0.11540000140666962,0.1961,0.2307,3.4028,4.1411,2.0763,1.1535,2026-08-09
ex10-A,Unown,holofoil,Unseen Forces,A,Rare,Shin-ichi Yoshikawa,Basic,201,Pokémon,2005/08/01,"tcgplayer,cardmarket",https://prices.pokemontcg.io/tcgplayer/ex10-A,https://images.pokemontcg.io/ex10/A_hires.png,2026/08/08,2026/01/16,36.81,36.75,80.9800033569336,314.0,,,,,,15.2147,4.614,18.8597,0.0,12.68850040435791,18.1907,14.2919,9.2165,6.0097,4.5102,1.1535,2026-08-09
pl1-117,Team Galactic's Invention G-103 Power Spray,normal,Platinum,117,Uncommon,Yusuke Ishikawa,Item,,Trainer,2009/02/11,"tcgplayer,cardmarket",https://prices.pokemontcg.io/tcgplayer/pl1-117,https://images.pokemontcg.io/pl1/117_hires.png,2026/08/08,2025/12/21,1.84,1.0,1.8300000429153442,28.100000381469727,,3.37,,,,0.9228,0.0231,0.9805,1.8341,0.34599998593330383,0.8305,0.7959,1.8341,1.6495,1.4995,1.1535,2026-08-09
xyp-XY111,Celebi,holofoil,XY Black Star Promos,XY111,Promo,Mitsuhiro Arita,Basic,251,Pokémon,2013/10/12,"tcgplayer,cardmarket",https://prices.pokemontcg.io/tcgplayer/xyp-XY111,https://images.pokemontcg.io/xyp/XY111_hires.png,2026/08/08,2025/12/07,47.9,30.0,48.68000030517578,4318.64990234375,,,,,,16.7257,5.7675,17.3717,0.0,10.381500244140625,14.165,20.3247,20.763,16.3912,14.4187,1.1535,2026-08-09
ecard1-110,Geodude,normal,Expedition Base Set,110,Common,Aya Kusube,Basic,74,Pokémon,2002/09/15,"tcgplayer,cardmarket",https://prices.pokemontcg.io/tcgplayer/ecard1-110,https://images.pokemontcg.io/ecard1/110_hires.png,2026/08/08,2025/12/28,6.1,2.25,6.099999904632568,93.69999694824219,,13.29,,,,0.9459,0.0461,0.7498,2.7684,0.34599998593330383,0.9689,1.0497,8.0745,5.7098,4.764,1.1535,2026-08-09
neo1-109,Lightning Energy,unlimited,Neo Genesis,109,,Keiji Kinebuchi,Basic,,Energy,2000/12/16,"tcgplayer,cardmarket",https://prices.pokemontcg.io/tcgplayer/neo1-109,https://images.pokemontcg.io/neo1/109_hires.png,2026/08/08,2026/01/16,0.43,0.15000000596046448,0.4000000059604645,19.979999542236328,,,,,"{""1stEdition"": {""low"": 0.5, ""mid"": 0.95, ""high"": 17.3, ""market"": 0.98, ""directLow"": 0.58}}",0.4037,0.0231,0.4499,0.0,0.29989999532699585,0.5421,0.4614,0.0,0.0,0.0,1.1535,2026-08-09
sm9-122,Pidgey,normal,Team Up,122,Common,Sumiyoshi Kizuki,Basic,16,Pokémon,2019/02/01,"tcgplayer,cardmarket",https://prices.pokemontcg.io/tcgplayer/sm9-122,https://images.pokemontcg.io/sm9/122_hires.png,2026/08/08,2025/11/21,0.31,0.07999999821186066,0.2800000011920929,19.979999542236328,,0.52,,,,0.0923,0.0231,0.0692,0.5537,0.023099999874830246,0.0807,0.0923,0.2307,0.646,0.4153,1.1535,2026-08-09
swsh2-118,Garbodor,normal,Rebel Clash,118,Rare,AKIRA EGAWA,Stage 1,569,Pokémon,2020/05/01,"tcgplayer,cardmarket",https://prices.pokemontcg.io/tcgplayer/swsh2-118,https://images.pokemontcg.io/swsh2/118_hires.png,2026/08/08,2025/11/21,0.38,0.18000000715255737,0.38999998569488525,19.979999542236328,,0.87,,,,0.3345,0.0231,0.2768,0.8536,0.023099999874830246,0.346,0.2884,0.5075,0.7844,0.6344,1.1535,2026-08-09
dp2-111,Fossil Excavator,normal,Mysterious Treasures,111,Uncommon,Kanako Eo,Supporter,,Trainer,2007/08/01,"tcgplayer,cardmarket",https://prices.pokemontcg.io/tcgplayer/dp2-111,https://images.pokemontcg.io/dp2/111_hires.png,2026/08/08,2025/12/07,0.69,0.1899999976158142,0.550000011920929,2.490000009536743,,4.08,,,,0.2076,0.0231,0.2884,0.5767,0.51910001039505,0.4268,0.2307,0.5767,1.4765,1.0958,1.1535,2026-08-09
dp3-126,Team Galactic's Mars,normal,Secret Wonders,126,Uncommon,Ken Sugimori,Supporter,,Trainer,2007/11/01,"tcgplayer,cardmarket",https://prices.pokemontcg.io/tcgplayer/dp3-126,https://images.pokemontcg.io/dp3/126_hires.png,2026/08/08,2025/12/07,0.31,0.09000000357627869,0.30000001192092896,19.979999542236328,,2.17,,,,0.1846,0.0231,0.2307,0.5652,0.34599998593330383,0.2999,0.323,0.5652,1.7418,0.8767,1.1535,2026-08-09
sm2-117,Altar of the Moone,normal,Guardians Rising,117,Uncommon,5ban Graphics,Stadium,,Trainer,2017/05/05,"tcgplayer,cardmarket",https://prices.pokemontcg.io/tcgplayer/sm2-117,https://images.pokemontcg.io/sm2/117_hires.png,2026/08/08,2025/12/07,0.22,0.019999999552965164,0.2199999988079071,19.979999542236328,,0.36,,,,0.1038,0.0231,0.1269,0.2653,0.023099999874830246,0.0807,0.0923,0.5767,0.2768,0.3114,1.1535,2026-08-09
dp6-119,Skitty,normal,Legends Awakened,119,Common,Sumiyoshi Kizuki,Basic,300,Pokémon,2008/08/01,"tcgplayer,cardmarket",https://prices.pokemontcg.io/tcgplayer/dp6-119,https://images.pokemontcg.io/dp6/119_hires.png,2026/08/08,2025/12/07,2.26,1.0800000429153442,1.9800000190734863,19.979999542236328,,14.3,,,,0.2307,0.0231,0.173,0.2307,0.11540000140666962,0.2307,0.2076,0.2307,1.5688,1.3611,1.1535,2026-08-09
sm6-107,Fossil Excavation Map,normal,Forbidden Light,107,Uncommon,Yoshinobu Saito,Item,,Trainer,2018/05/04,"tcgplayer,cardmarket",https://prices.pokemontcg.io/tcgplayer/sm6-107,https://images.pokemontcg.io/sm6/107_hires.png,2026/08/08,2025/12/07,0.33,0.05000000074505806,0.3499999940395355,19.979999542236328,,0.89,,,,0.15,0.0231,0.1038,0.4499,0.03460000082850456,0.1846,0.1961,0.5767,0.3576,0.4037,1.1535,2026-08-09
sm8-115,Larvitar,normal,Lost Thunder,115,Common,SATOSHI NAKAI,Basic,246,Pokémon,2018/11/02,"tcgplayer,cardmarket",https://prices.pokemontcg.io/tcgplayer/sm8-115,https://images.pokemontcg.io/sm8/115_hires.png,2026/08/08,2025/11/23,0.25,0.05000000074505806,0.25,19.979999542236328,,0.48,,,,0.15,0.0231,0.15,0.6344,0.09229999780654907,0.1038,0.1154,0.7498,0.4729,0.5998,1.1535,2026-08-09
sm12-117,Seismitoad,normal,Cosmic Eclipse,117,Rare,Shigenori Negishi,Stage 2,537,Pokémon,2019/11/01,"tcgplayer,cardmarket",https://prices.pokemontcg.io/tcgplayer/sm12-117,https://images.pokemontcg.io/sm12/117_hires.png,2026/08/08,2025/11/21,0.22,0.05000000074505806,0.25,20.0,,0.41,,,,0.2307,0.0231,0.1846,0.5883,0.23070000112056732,0.2307,0.2307,0.5767,0.5652,0.6114,1.1535,2026-08-09
xy5-126,Energy Retrieval,normal,Primal Clash,126,Uncommon,5ban Graphics,Item,,Trainer,2015/02/04,"tcgplayer,cardmarket",https://prices.pokemontcg.io/tcgplayer/xy5-126,https://images.pokemontcg.io/xy5/126_hires.png,2026/08/08,2025/11/21,0.18,0.05999999865889549,0.20999999344348907,20.0,,0.71,,,,0.0923,0.0231,0.2307,0.6344,0.4499000012874603,0.2192,0.1961,1.1535,0.4845,1.0843,1.1535,2026-08-09
sm3-112a,Acerola,,Burning Shadows,112a,Uncommon,Hideki Ishikawa,Supporter,,Trainer,2017/08/05,cardmarket,https://prices.pokemontcg.io/cardmarket/sm3-112a,https://images.pokemontcg.io/sm3/112a_hires.png,,2025/12/07,,,,,,,,,,3.8412,1.7302,5.9636,0.0,6.332699775695801,4.96,4.5102,3.4028,1.7072,1.3957,1.1535,2026-08-09
xy9-107a,Professor Sycamore,,BREAKpoint,107a,Uncommon,Naoki Saito,Supporter,,Trainer,2016/02/03,cardmarket,https://prices.pokemontcg.io/tcgplayer/xy9-107a,https://images.pokemontcg.io/xy9/107a_hires.png,2023/03/27,2025/12/07,,,,,,,,,,1.6841,0.5767,1.7995,0.0,2.249300003051758,1.6841,1.638,3.449,2.2032,4.3256,1.1535,2026-08-09
gym1-127,Fighting Energy,unlimited,Gym Heroes,127,,Keiji Kinebuchi,Basic,,Energy,2000/08/14,"tcgplayer,cardmarket",https://prices.pokemontcg.io/tcgplayer/gym1-127,https://images.pokemontcg.io/gym1/127_hires.png,2026/08/08,2025/12/28,0.67,0.10999999940395355,0.5,15.520000457763672,,,,,"{""1stEdition"": {""low"": 0.52, ""mid"": 1.22, ""high"": 114.93, ""market"": 1.69, ""directLow"": 96.84}}",0.7267,0.0231,0.646,0.0,1.7187000513076782,0.5191,0.7036,0.0,0.0,0.0,1.1535,2026-08-09
xy4-110,Xerosic,normal,Phantom Forces,110,Uncommon,Yusuke Ohmura,Supporter,,Trainer,2014/11/05,"tcgplayer,cardmarket",https://prices.pokemontcg.io/tcgplayer/xy4-110,https://images.pokemontcg.io/xy4/110_hires.png,2026/08/08,2025/12/28,0.26,0.10000000149011612,0.25,19.979999542236328,,0.48,,,,0.0,11.4773,0.0,0.0,0.0,0.0,0.0,0.0,0.0,0.0,1.1535,2026-08-09
sm10-111,Sharpedo,normal,Unbroken Bonds,111,Rare,Tomokazu Komiya,Stage 1,319,Pokémon,2019/05/03,"tcgplayer,cardmarket",https://prices.pokemontcg.io/tcgplayer/sm10-111,https://images.pokemontcg.io/sm10/111_hires.png,2026/08/08,2025/11/25,2.39,0.6299999952316284,2.180000066757202,34.33000183105469,,6.53,,,,1.0151,0.2884,1.2573,1.9956,0.8073999881744385,1.2227,0.8651,1.5572,1.4765,1.3727,1.1535,2026-08-09
bw8-112,Watchog,normal,Plasma Storm,112,Uncommon,5ban Graphics,Stage 1|Team Plasma,505,Pokémon,2013/02/06,"tcgplayer,cardmarket",https://prices.pokemontcg.io/tcgplayer/bw8-112,https://images.pokemontcg.io/bw8/112_hires.png,2026/08/08,2025/12/07,0.47,0.1899999976158142,0.4699999988079071,19.979999542236328,,4.92,,,,0.4383,0.0231,0.4614,1.0958,0.40369999408721924,0.3807,0.4499,3.4605,1.9956,1.5111,1.1535,2026-08-09
ecard2-91,Magnemite,normal,Aquapolis,91,Common,Hajime Kusajima,Basic,81,Pokémon,2003/01/15,"tcgplayer,cardmarket",https://prices.pokemontcg.io/tcgplayer/ecard2-91,https://images.pokemontcg.io/ecard2/91_hires.png,2026/08/08,2025/12/28,6.35,4.989999771118164,19.790000915527344,66.98999786376953,,99.99,,,,1.0266,0.1038,0.5652,22.4356,0.7843999862670898,0.9228,1.6495,4.4986,12.7231,6.4711,1.1535,2026-08-09
bw9-119,Garbodor,holofoil,Plasma Freeze,119,Rare Secret,Ayaka Yoshida,Stage 1,569,Pokémon,2013/05/08,"tcgplayer,cardmarket",https://prices.pokemontcg.io/tcgplayer/bw9-119,https://images.pokemontcg.io/bw9/119_hires.png,2026/08/08,2025/12/07,223.0,200.0,210.27999877929688,220.55999755859375,,,,,,40.3725,28.7106,66.1994,0.0,40.372501373291016,55.8294,85.5782,46.14,37.6272,31.5252,1.1535,2026-08-09
sm5-115,Type: Null,normal,Ultra Prism,115,Rare,match,Basic,772,Pokémon,2018/02/02,"tcgplayer,cardmarket",https://prices.pokemontcg.io/tcgplayer/sm5-115,https://images.pokemontcg.io/sm5/115_hires.png,2026/08/08,2025/11/25,0.35,0.23999999463558197,0.4399999976158142,19.65999984741211,,1.14,,,,0.2653,0.0231,0.2653,0.6229,0.34599998593330383,0.2538,0.2999,1.8571,0.6229,0.6229,1.1535,2026-08-09
bw5-109,Gardevoir,holofoil,Dark Explorers,109,Rare Secret,5ban Graphics,Stage 2,282,Pokémon,2012/05/09,"tcgplayer,cardmarket",https://prices.pokemontcg.io/tcgplayer/bw5-109,https://images.pokemontcg.io/bw5/109_hires.png,2026/08/08,2025/12/28,693.66,1000.0,1499.989990234375,20000.0,,,,,,33.44,28.8375,83.9287,0.0,43.79840087890625,126.712,151.8121,57.675,106.4219,54.1799,1.1535,2026-08-09
pl2-RT6,Charon's Choice,reverseHolofoil,Rising Rivals,RT6,Rare,Ken Sugimori,Supporter,,Trainer,2009/05/16,"tcgplayer,cardmarket",https://prices.pokemontcg.io/tcgplayer/pl2-RT6,https://images.pokemontcg.io/pl2/RT6_hires.png,2026/08/08,2025/12/07,10.48,20.8700008392334,82.0,583.7999877929688,,,,,,0.0,3.1721,4.6371,6.2635,2.8261001110076904,4.5217,3.7835,6.9095,7.9245,5.6983,1.1535,2026-08-09
smp-SM115,Pheromosa,holofoil,SM Black Star Promos,SM115,Promo,You Iribi,Basic|Ultra Beast,795,Pokémon,2017/02/03,"tcgplayer,cardmarket",https://prices.pokemontcg.io/tcgplayer/smp-SM115,https://images.pokemontcg.io/smp/SM115_hires.png,2026/08/08,2025/11/21,9.22,9.319999694824219,14.390000343322754,99.20999908447266,,,,,,17.0718,5.7675,11.7311,0.0,11.477299690246582,12.3886,8.6628,1.1535,1.9725,3.5066,1.1535,2026-08-09
sm1-114,Big Malasada,normal,Sun & Moon,114,Uncommon,5ban Graphics,Item,,Trainer,2017/02/03,"tcgplayer,cardmarket",https://prices.pokemontcg.io/tcgplayer/sm1-114,https://images.pokemontcg.io/sm1/114_hires.png,2026/08/08,2025/12/07,0.21,0.009999999776482582,0.20000000298023224,1000.0,,0.28,,,,0.0807,0.0231,0.0346,0.2768,0.023099999874830246,0.0577,0.0807,0.5652,0.2999,0.2884,1.1535,2026-08-09
bw11-RC8,Ralts,holofoil,Legendary Treasures,RC8,Common,Mizue,Basic,280,Pokémon,2013/11/06,"tcgplayer,cardmarket",https://prices.pokemontcg.io/tcgplayer/bw11-RC8,https://images.pokemontcg.io/bw11/RC8_hires.png,2026/08/08,2025/12/07,8.76,4.900000095367432,7.820000171661377,96.94999694824219,,,,,,1.9379,0.4614,1.9263,2.2955,2.249300003051758,1.6034,2.7915,2.2955,2.4224,2.1224,1.1535,2026-08-09
base4-119,Energy Removal,normal,Base Set 2,119,Common,Keiji Kinebuchi,,,Trainer,2000/02/24,"tcgplayer,cardmarket",https://prices.pokemontcg.io/tcgplayer/base4-119,https://images.pokemontcg.io/base4/119_hires.png,2026/08/08,2026/01/16,0.42,0.05000000074505806,0.36000001430511475,18.68000030517578,,,,,,0.15,0.0231,0.2884,0.0,0.17299999296665192,0.1961,0.173,0.0577,0.0577,0.0577,1.1535,2026-08-09
sm11-112,Gible,normal,Unified Minds,112,Common,Asako Ito,Basic,443,Pokémon,2019/08/02,"tcgplayer,cardmarket",https://prices.pokemontcg.io/tcgplayer/sm11-112,https://images.pokemontcg.io/sm11/112_hires.png,2026/08/08,2025/11/25,0.96,0.4000000059604645,1.0,19.979999542236328,,5.58,,,,0.15,0.0231,0.1846,0.6229,0.219200000166893,0.173,0.1269,0.2307,0.5883,0.5075,1.1535,2026-08-09
swsh3-109,Zweilous,normal,Darkness Ablaze,109,Uncommon,tetsuya koizumi,Stage 1,634,Pokémon,2020/08/14,"tcgplayer,cardmarket",https://prices.pokemontcg.io/tcgplayer/swsh3-109,https://images.pokemontcg.io/swsh3/109_hires.png,2026/08/08,2025/12/07,0.06,0.009999999776482582,0.1599999964237213,19.979999542236328,,0.2,,,,0.0692,0.0231,0.0461,0.1846,0.023099999874830246,0.0346,0.0577,0.15,0.2076,0.2307,1.1535,2026-08-09
swsh4-114,Forretress,normal,Vivid Voltage,114,Rare,Atsuko Nishida,Stage 1,205,Pokémon,2020/11/13,"tcgplayer,cardmarket",https://prices.pokemontcg.io/tcgplayer/swsh4-114,https://images.pokemontcg.io/swsh4/114_hires.png,2026/08/08,2025/11/25,0.14,0.009999999776482582,0.20000000298023224,20.0,,0.26,,,,0.1846,0.0231,0.1615,0.1961,0.04610000178217888,0.1269,0.15,0.2884,0.2076,0.2422,1.1535,2026-08-09
gym2-121,Sabrina's Psychic Control,unlimited,Gym Challenge,121,Uncommon,Ken Sugimori,,,Trainer,2000/10/16,"tcgplayer,cardmarket",https://prices.pokemontcg.io/tcgplayer/gym2-121,https://images.pokemontcg.io/gym2/121_hires.png,2026/08/08,2026/01/16,9.32,5.0,8.699999809265137,250.0,,,,,"{""1stEdition"": {""low"": 26.99, ""mid"": 32.73, ""high"": 278.38, ""market"": 32.43, ""directLow"": 125.4}}",4.6255,0.5767,6.0328,0.0,13.265199661254883,5.8367,5.0293,0.0,0.0,0.0,1.1535,2026-08-09
xy8-112,Noivern,normal,BREAKthrough,112,Rare,Mitsuhiro Arita,Stage 1,715,Pokémon,2015/11/04,"tcgplayer,cardmarket",https://prices.pokemontcg.io/tcgplayer/xy8-112,https://images.pokemontcg.io/xy8/112_hires.png,2026/08/08,2025/12/07,0.54,0.05999999865889549,0.47999998927116394,19.989999771118164,,0.96,,,,0.6921,0.0461,0.5767,1.4419,1.7302000522613525,0.6229,0.9459,1.7187,2.1916,1.5688,1.1535,2026-08-09
sm7-115,Slaking,holofoil,Celestial Storm,115,Rare Holo,Ken Sugimori,Stage 2,289,Pokémon,2018/08/03,"tcgplayer,cardmarket",https://prices.pokemontcg.io/tcgplayer/sm7-115,https://images.pokemontcg.io/sm7/115_hires.png,2026/08/08,2025/11/21,5.9,3.890000104904175,5.75,56.5,,5.43,,,,4.2218,0.9228,2.8491,2.5377,2.2955000400543213,3.2644,2.5608,5.7675,2.3993,2.5262,1.1535,2026-08-09
sm4-104,Buzzwole-GX,holofoil,Crimson Invasion,104,Rare Ultra,5ban Graphics,Basic|GX|Ultra Beast,794,Pokémon,2017/11/03,"tcgplayer,cardmarket",https://prices.pokemontcg.io/tcgplayer/sm4-104,https://images.pokemontcg.io/sm4/104_hires.png,2026/08/08,2025/12/28,8.26,6.0,8.260000228881836,50.0,,,,,,5.5483,1.7187,6.0097,0.0,5.75600004196167,5.5368,5.5945,4.5563,7.1748,5.8828,1.1535,2026-08-09
g1-RC28,Flareon-EX,holofoil,Generations,RC28,Rare Ultra,kirisAki,Basic|EX,136,Pokémon,2016/02/22,"tcgplayer,cardmarket",https://prices.pokemontcg.io/tcgplayer/g1-RC28,https://images.pokemontcg.io/g1/RC28_hires.png,2026/08/08,2025/12/28,250.15,125.0,254.99000549316406,1269.9000244140625,,,,,,86.2703,28.8375,90.4113,0.0,69.19850158691406,91.3687,83.2712,13.842,25.227,26.1498,1.1535,2026-08-09
bw6-115,Rescue Scarf,normal,Dragons Exalted,115,Uncommon,Ryo Ueda,Pokémon Tool,,Trainer,2012/08/15,"tcgplayer,cardmarket",https://prices.pokemontcg.io/tcgplayer/bw6-115,https://images.pokemontcg.io/bw6/115_hires.png,2026/08/08,2025/12/07,0.77,0.28999999165534973,0.7699999809265137,19.979999542236328,,2.5,,,,0.2422,0.0231,0.2422,1.165,0.28839999437332153,0.2076,0.3114,1.1304,1.2689,0.992,1.1535,2026-08-09
swsh1-117,Galarian Zigzagoon,normal,Sword & Shield,117,Common,kirisAki,Basic,263,Pokémon,2020/02/07,"tcgplayer,cardmarket",https://prices.pokemontcg.io/tcgplayer/swsh1-117,https://images.pokemontcg.io/swsh1/117_hires.png,2026/08/08,2025/11/21,0.19,0.009999999776482582,0.20000000298023224,19.979999542236328,,0.37,,,,0.0807,0.0231,0.0692,0.4614,0.05770000070333481,0.0577,0.0692,0.2307,0.3345,0.3691,1.1535,2026-08-09
xy3-107,Lucario-EX,holofoil,Furious Fists,107,Rare Ultra,Ryo Ueda,Basic|EX,448,Pokémon,2014/08/13,"tcgplayer,cardmarket",https://prices.pokemontcg.io/tcgplayer/xy3-107,https://images.pokemontcg.io/xy3/107_hires.png,2026/08/08,2025/12/28,146.65,71.98999786376953,144.8800048828125,1500.0,,,,,,67.5951,23.07,60.5241,0.0,34.59349822998047,59.7974,64.6883,34.605,26.6805,21.905,1.1535,2026-08-09
xy10-111,Shauna,normal,Fates Collide,111,Uncommon,Ken Sugimori,Supporter,,Trainer,2016/05/02,"tcgplayer,cardmarket",https://prices.pokemontcg.io/tcgplayer/xy10-111,https://images.pokemontcg.io/xy10/111_hires.png,2026/08/08,2025/12/07,0.12,0.009999999776482582,0.20000000298023224,5.0,,0.37,,,,0.0461,0.0231,0.0461,0.0,0.023099999874830246,0.0461,0.0692,1.142,1.142,0.8305,1.1535,2026-08-09
xy12-113,Here Comes Team Rocket!,normal,Evolutions,113,Rare Secret,Ken Sugimori,Supporter,,Trainer,2016/11/02,"tcgplayer,cardmarket",https://prices.pokemontcg.io/tcgplayer/xy12-113,https://images.pokemontcg.io/xy12/113_hires.png,2026/08/08,2025/12/07,0.99,0.4399999976158142,0.9900000095367432,165.0,,,,,,1.7302,0.1154,2.134,0.0,1.2342000007629395,2.3531,1.7418,5.7675,1.638,1.6841,1.1535,2026-08-09
bw7-121,Herdier,normal,Boundaries Crossed,121,Uncommon,Masakazu Fukuda,Stage 1,507,Pokémon,2012/11/07,"tcgplayer,cardmarket",https://prices.pokemontcg.io/tcgplayer/bw7-121,https://images.pokemontcg.io/bw7/121_hires.png,2026/08/08,2025/12/07,0.51,0.1899999976158142,0.5,19.979999542236328,,1.24,,,,0.2653,0.0231,0.2999,0.7036,0.34599998593330383,0.2999,0.2422,0.7036,0.646,0.6575,1.1535,2026-08-09
xy4-111,Double Colorless Energy,normal,Phantom Forces,111,Uncommon,5ban Graphics,Special,,Energy,2014/11/05,"tcgplayer,cardmarket",https://prices.pokemontcg.io/tcgplayer/xy4-111,https://images.pokemontcg.io/xy4/111_hires.png,2026/08/08,2025/12/28,0.64,0.20000000298023224,0.6000000238418579,18.760000228881836,,1.18,,,,1.2342,0.1154,0.7613,0.0,0.23070000112056732,0.7152,0.7844,3.3451,2.6646,2.7107,1.1535,2026-08-09
sm2-118,Altar of the Sunne,normal,Guardians Rising,118,Uncommon,5ban Graphics,Stadium,,Trainer,2017/05/05,"tcgplayer,cardmarket",https://prices.pokemontcg.io/tcgplayer/sm2-118,https://images.pokemontcg.io/sm2/118_hires.png,2026/08/08,2025/11/21,0.13,0.009999999776482582,0.20000000298023224,19.979999542236328,,0.3,,,,0.0807,0.0231,0.1038,0.1961,0.15000000596046448,0.0577,0.0692,0.173,0.2538,0.2192,1.1535,2026-08-09
sm11-113,Gabite,normal,Unified Minds,113,Uncommon,SATOSHI NAKAI,Stage 1,444,Pokémon,2019/08/02,"tcgplayer,cardmarket",https://prices.pokemontcg.io/tcgplayer/sm11-113,https://images.pokemontcg.io/sm11/113_hires.png,2026/08/08,2025/11/25,0.18,0.03999999910593033,0.20000000298023224,19.979999542236328,,0.47,,,,0.0807,0.0231,0.1038,0.3807,0.03460000082850456,0.0692,0.1154,0.4037,0.3922,0.5537,1.1535,2026-08-09
swsh1-118,Galarian Linoone,normal,Sword & Shield,118,Uncommon,nagimiso,Stage 1,264,Pokémon,2020/02/07,"tcgplayer,cardmarket",https://prices.pokemontcg.io/tcgplayer/swsh1-118,https://images.pokemontcg.io/swsh1/118_hires.png,2026/08/08,2025/11/21,0.18,0.029999999329447746,0.20000000298023224,19.979999542236328,,0.5,,,,0.0923,0.0231,0.0692,1.6149,0.03460000082850456,0.0577,0.0692,0.5191,1.5342,1.0497,1.1535,2026-08-09
dp1-118,Potion,normal,Diamond & Pearl,118,Common,Shin-ichi Yoshikawa,Item,,Trainer,2007/05/01,"tcgplayer,cardmarket",https://prices.pokemontcg.io/tcgplayer/dp1-118,https://images.pokemontcg.io/dp1/118_hires.png,2026/08/08,2025/12/28,0.15,0.009999999776482582,0.20000000298023224,19.979999542236328,,1.25,,,,0.0692,0.0231,0.0807,0.7728,0.04610000178217888,0.0461,0.0807,1.1535,0.819,0.8305,1.1535,2026-08-09
pl3-116,Mudkip,normal,Supreme Victors,116,Common,Kouki Saitou,Basic,258,Pokémon,2009/08/19,"tcgplayer,cardmarket",https://prices.pokemontcg.io/tcgplayer/pl3-116,https://images.pokemontcg.io/pl3/116_hires.png,2026/08/08,2025/12/07,2.98,1.0,2.9600000381469727,49.9900016784668,,65.46,,,,0.2422,0.0231,0.2538,0.0,0.11540000140666962,0.15,0.2653,3.4605,5.7444,3.8758,1.1535,2026-08-09
g1-RC29,Pikachu,holofoil,Generations,RC29,Rare Ultra,Kagemaru Himeno,Basic,25,Pokémon,2016/02/22,"tcgplayer,cardmarket",https://prices.pokemontcg.io/tcgplayer/g1-RC29,https://images.pokemontcg.io/g1/RC29_hires.png,2026/08/08,2025/12/28,168.94,90.0,163.82000732421875,399.989990234375,,,,,,69.9136,21.7435,69.1062,0.0,51.895999908447266,62.289,68.7717,45.5517,31.8481,32.4826,1.1535,2026-08-09
xy1-119,Hard Charm,normal,XY,119,Uncommon,5ban Graphics,Pokémon Tool,,Trainer,2014/02/05,"tcgplayer,cardmarket",https://prices.pokemontcg.io/tcgplayer/xy1-119,https://images.pokemontcg.io/xy1/119_hires.png,2026/08/08,2025/12/07,0.26,0.09000000357627869,0.25,1000.0,,0.8,,,,0.1615,0.0231,0.173,1.1535,0.28839999437332153,0.173,0.2422,1.1535,0.8997,0.9343,1.1535,2026-08-09
ex1-107,Psychic Energy,normal,Ruby & Sapphire,107,Common,,Basic,,Energy,2003/07/01,"tcgplayer,cardmarket",https://prices.pokemontcg.io/tcgplayer/ex1-107,https://images.pokemontcg.io/ex1/107_hires.png,2026/08/08,2026/01/16,0.95,0.49000000953674316,0.9700000286102295,21.010000228881836,,8.5,,,,50.754,0.2884,38.6999,0.0,50.75400161743164,24.731,24.731,0.0,0.0,0.0,1.1535,2026-08-09
pl1-118,Team Galactic's Invention G-105 Poké Turn,normal,Platinum,118,Uncommon,Makoto Imai,Item,,Trainer,2009/02/11,"tcgplayer,cardmarket",https://prices.pokemontcg.io/tcgplayer/pl1-118,https://images.pokemontcg.io/pl1/118_hires.png,2026/08/08,2025/12/21,4.7,4.0,4.989999771118164,48.099998474121094,,25.0,,,,1.6264,0.1154,1.7302,0.0,1.3265000581741333,1.8802,2.6646,5.7675,4.7293,5.2254,1.1535,2026-08-09
ecard3-82,Nidoran ♀,normal,Skyridge,82,Common,Masako Yamashita,Basic,29,Pokémon,2003/05/12,"tcgplayer,cardmarket",https://prices.pokemontcg.io/tcgplayer/ecard3-82,https://images.pokemontcg.io/ecard3/82_hires.png,2026/08/08,2025/12/12,20.57,25.0,28.989999771118164,31.489999771118164,,59.99,,,,6.1482,2.307,6.425,6.8633,3.345099925994873,6.6442,6.5634,6.8633,10.1508,8.905,1.1535,2026-08-09
sm4-105,Guzzlord-GX,holofoil,Crimson Invasion,105,Rare Ultra,5ban Graphics,Basic|GX|Ultra Beast,799,Pokémon,2017/11/03,"tcgplayer,cardmarket",https://prices.pokemontcg.io/tcgplayer/sm4-105,https://images.pokemontcg.io/sm4/105_hires.png,2026/08/08,2025/12/28,7.55,4.940000057220459,7.5,61.779998779296875,,,,,,5.6983,1.1535,5.8367,0.0,5.767499923706055,5.4561,5.7444,11.4658,6.5403,6.0097,1.1535,2026-08-09
gym1-128,Fire Energy,unlimited,Gym Heroes,128,,Keiji Kinebuchi,Basic,,Energy,2000/08/14,"tcgplayer,cardmarket",https://prices.pokemontcg.io/tcgplayer/gym1-128,https://images.pokemontcg.io/gym1/128_hires.png,2026/08/08,2025/12/28,2.34,0.9900000095367432,2.2899999618530273,29.049999237060547,,,,,"{""1stEdition"": {""low"": 1.0, ""mid"": 1.5, ""high"": 28.1, ""market"": 1.99, ""directLow"": null}}",2.1109,0.1154,2.7107,0.0,5.190700054168701,2.1109,1.7879,0.6921,0.6921,0.6921,1.1535,2026-08-09
swsh2-119,Vullaby,normal,Rebel Clash,119,Common,Shibuzoh.,Basic,629,Pokémon,2020/05/01,"tcgplayer,cardmarket",https://prices.pokemontcg.io/tcgplayer/swsh2-119,https://images.pokemontcg.io/swsh2/119_hires.png,2026/08/08,2025/11/21,0.11,0.009999999776482582,0.1899999976158142,19.979999542236328,,0.24,,,,0.0692,0.0231,0.1038,0.3576,0.03460000082850456,0.0692,0.0692,0.4614,0.3807,0.2768,1.1535,2026-08-09
xyp-XY112,Jirachi,holofoil,XY Black Star Promos,XY112,Promo,Kagemaru Himeno,Basic,385,Pokémon,2013/10/12,"tcgplayer,cardmarket",https://prices.pokemontcg.io/tcgplayer/xyp-XY112,https://images.pokemontcg.io/xyp/XY112_hires.png,2026/08/08,2025/11/30,79.61,42.9900016784668,71.55000305175781,9999.0,,,,,,31.5021,6.921,37.4195,0.0,51.907501220703125,35.4701,25.1348,8.0745,11.4427,8.2129,1.1535,2026-08-09
xy3-108,Dragonite-EX,holofoil,Furious Fists,108,Rare Ultra,Ryo Ueda,Basic|EX,149,Pokémon,2014/08/13,"tcgplayer,cardmarket",https://prices.pokemontcg.io/tcgplayer/xy3-108,https://images.pokemontcg.io/xy3/108_hires.png,2026/08/08,2025/12/28,131.64,84.98999786376953,123.22000122070312,1853.760009765625,,,,,,47.7549,11.5235,37.7079,0.0,27.072599411010742,52.8649,51.077,34.605,19.6095,20.2324,1.1535,2026-08-09
bw8-113,Watchog,normal,Plasma Storm,113,Rare,5ban Graphics,Stage 1|Team Plasma,505,Pokémon,2013/02/06,"tcgplayer,cardmarket",https://prices.pokemontcg.io/tcgplayer/bw8-113,https://images.pokemontcg.io/bw8/113_hires.png,2026/08/08,2025/12/07,0.73,0.3400000035762787,0.6899999976158142,5.0,,1.95,,,,0.2653,0.0346,0.3576,0.7844,0.05770000070333481,0.2999,0.4153,1.1535,1.1881,1.4419,1.1535,2026-08-09
bw6-116,Tool Scrapper,normal,Dragons Exalted,116,Uncommon,Ryo Ueda,Item,,Trainer,2012/08/15,"tcgplayer,cardmarket",https://prices.pokemontcg.io/tcgplayer/bw6-116,https://images.pokemontcg.io/bw6/116_hires.png,2026/08/08,2025/12/07,0.74,0.20000000298023224,0.6700000166893005,19.979999542236328,,1.64,,,,0.4037,0.0231,0.5883,1.1074,0.57669997215271,0.4499,0.669,0.6921,1.4303,1.1766,1.1535,2026-08-09
sm6-108,Judge,normal,Forbidden Light,108,Uncommon,Sanosuke Sakuma,Supporter,,Trainer,2018/05/04,"tcgplayer,cardmarket",https://prices.pokemontcg.io/tcgplayer/sm6-108,https://images.pokemontcg.io/sm6/108_hires.png,2026/08/08,2025/12/07,0.3,0.05000000074505806,0.3499999940395355,19.979999542236328,,1.37,,,,0.0,0.0577,0.323,0.0,0.3230000138282776,0.3114,0.3114,0.0,0.0,0.0,1.1535,2026-08-09
dp6-120,Sneasel,normal,Legends Awakened,120,Common,Midori Harada,Basic,215,Pokémon,2008/08/01,"tcgplayer,cardmarket",https://prices.pokemontcg.io/tcgplayer/dp6-120,https://images.pokemontcg.io/dp6/120_hires.png,2026/08/08,2025/12/07,0.44,0.009999999776482582,0.4000000059604645,19.979999542236328,,4.14,,,,0.3807,0.0577,0.3807,0.0,0.7498000264167786,0.3807,0.2999,0.2884,0.7498,1.5918,1.1535,2026-08-09
bw7-122,Stoutland,holofoil,Boundaries Crossed,122,Rare Holo,Shin Nagasawa,Stage 2,508,Pokémon,2012/11/07,"tcgplayer,cardmarket",https://prices.pokemontcg.io/tcgplayer/bw7-122,https://images.pokemontcg.io/bw7/122_hires.png,2026/08/08,2025/12/07,5.91,3.200000047683716,7.300000190734863,59.900001525878906,,5.64,,,,3.7027,0.173,4.0603,0.0,2.1916000843048096,3.7027,3.622,3.1145,4.1526,4.6601,1.1535,2026-08-09
sm10-112,Spiritomb,holofoil,Unbroken Bonds,112,Rare Holo,Kagemaru Himeno,Basic,442,Pokémon,2019/05/03,"tcgplayer,cardmarket",https://prices.pokemontcg.io/tcgplayer/sm10-112,https://images.pokemontcg.io/sm10/112_hires.png,2026/08/08,2025/11/25,3.14,1.5,3.130000114440918,32.91999816894531,,3.78,,,,2.1801,0.5767,2.4685,3.7719,2.768399953842163,2.3185,2.3185,2.307,3.0914,2.7453,1.1535,2026-08-09
ex10-B,Unown,holofoil,Unseen Forces,B,Rare,Shin-ichi Yoshikawa,Basic,201,Pokémon,2005/08/01,"tcgplayer,cardmarket",https://prices.pokemontcg.io/tcgplayer/ex10-B,https://images.pokemontcg.io/ex10/B_hires.png,2026/08/08,2026/01/16,37.49,39.9900016784668,47.5,459.79998779296875,,,,,,10.1393,4.6025,11.6042,0.0,8.07450008392334,8.6974,12.3078,2.307,3.6681,4.3256,1.1535,2026-08-09
sm7-116,Whismur,normal,Celestial Storm,116,Common,Shibuzoh.,Basic,293,Pokémon,2018/08/03,"tcgplayer,cardmarket",https://prices.pokemontcg.io/tcgplayer/sm7-116,https://images.pokemontcg.io/sm7/116_hires.png,2026/08/08,2025/11/21,0.35,0.17000000178813934,0.3499999940395355,19.979999542236328,,2.07,,,,0.1038,0.0231,0.1038,0.2884,0.05770000070333481,0.0807,0.1038,0.5767,0.4499,0.4268,1.1535,2026-08-09
sm5-116,Silvally-GX,holofoil,Ultra Prism,116,Rare Holo GX,5ban Graphics,Stage 1|GX,773,Pokémon,2018/02/02,"tcgplayer,cardmarket",https://prices.pokemontcg.io/tcgplayer/sm5-116,https://images.pokemontcg.io/sm5/116_hires.png,2026/08/08,2025/11/25,3.97,2.0,4.0,45.38999938964844,,,,,,3.0222,0.346,2.7223,0.0,2.595400094985962,2.9645,3.0798,2.6415,2.5954,3.472,1.1535,2026-08-09
neo1-110,Psychic Energy,unlimited,Neo Genesis,110,,Keiji Kinebuchi,Basic,,Energy,2000/12/16,"tcgplayer,cardmarket",https://prices.pokemontcg.io/tcgplayer/neo1-110,https://images.pokemontcg.io/neo1/110_hires.png,2026/08/08,2026/01/16,0.45,0.15000000596046448,0.46000000834465027,19.979999542236328,,,,,"{""1stEdition"": {""low"": 0.64, ""mid"": 1.01, ""high"": 60.0, ""market"": 1.42, ""directLow"": 1.05}}",0.4729,0.0231,0.5998,0.0,0.20759999752044678,0.4037,0.4614,0.0,0.0,0.0,1.1535,2026-08-09
xy8-113,Noivern BREAK,holofoil,BREAKthrough,113,Rare BREAK,5ban Graphics,BREAK,715,Pokémon,2015/11/04,"tcgplayer,cardmarket",https://prices.pokemontcg.io/tcgplayer/xy8-113,https://images.pokemontcg.io/xy8/113_hires.png,2026/08/08,2025/12/07,4.66,2.3399999141693115,4.659999847412109,39.29999923706055,,,,,,2.8838,1.1535,4.764,0.0,3.22979998588562,3.0798,4.3602,3.4605,6.2404,3.4374,1.1535,2026-08-09
gym2-122,Saffron City Gym,unlimited,Gym Challenge,122,Uncommon,Keiji Kinebuchi,Stadium,,Trainer,2000/10/16,"tcgplayer,cardmarket",https://prices.pokemontcg.io/tcgplayer/gym2-122,https://images.pokemontcg.io/gym2/122_hires.png,2026/08/08,2025/12/28,1.5,0.25,1.100000023841858,6.539999961853027,,,,,"{""1stEdition"": {""low"": 1.09, ""mid"": 2.99, ""high"": 96.76, ""market"": 3.04, ""directLow"": 96.76}}",1.4419,0.2307,1.3611,0.0,1.153499960899353,1.1189,1.5111,0.0,0.0,0.0,1.1535,2026-08-09
swsh4-115,Steelix V,holofoil,Vivid Voltage,115,Rare Holo V,Satoshi Shirai,Basic|V,208,Pokémon,2020/11/13,"tcgplayer,cardmarket",https://prices.pokemontcg.io/tcgplayer/swsh4-115,https://images.pokemontcg.io/swsh4/115_hires.png,2026/08/08,2025/11/25,0.92,0.5,1.0,99.0,,,,,,1.3265,0.4614,1.3496,0.0,0.9804999828338623,1.3957,1.3842,1.3035,1.6956,1.811,1.1535,2026-08-09
smp-SM116,Xurkitree,holofoil,SM Black Star Promos,SM116,Promo,TOKIYA,Basic|Ultra Beast,796,Pokémon,2017/02/03,"tcgplayer,cardmarket",https://prices.pokemontcg.io/tcgplayer/smp-SM116,https://images.pokemontcg.io/smp/SM116_hires.png,2026/08/08,2025/11/21,5.66,5.230000019073486,9.5,419.79998779296875,,,,,,12.0656,2.8838,8.0168,0.0,5.063899993896484,9.0204,5.8828,1.7187,4.764,3.6681,1.1535,2026-08-09
bw9-120,Garchomp,holofoil,Plasma Freeze,120,Rare Secret,Ayaka Yoshida,Stage 2,445,Pokémon,2013/05/08,"tcgplayer,cardmarket",https://prices.pokemontcg.io/tcgplayer/bw9-120,https://images.pokemontcg.io/bw9/120_hires.png,2026/07/27,2025/11/25,499.0,636.0,636.0,636.0,,,,,,175.9087,50.7425,185.7596,0.0,317.2124938964844,153.5539,184.3062,46.14,40.8108,33.6361,1.1535,2026-08-09
swsh3-110,Hydreigon,normal,Darkness Ablaze,110,Rare,kawayoo,Stage 2,635,Pokémon,2020/08/14,"tcgplayer,cardmarket",https://prices.pokemontcg.io/tcgplayer/swsh3-110,https://images.pokemontcg.io/swsh3/110_hires.png,2026/08/08,2025/12/07,0.25,0.07999999821186066,0.25,4.0,,0.43,,,,0.0,4.441,0.0,4.118,0.0,0.0,0.0,5.756,4.8678,4.7986,1.1535,2026-08-09
dp2-112,Lake Boundary,normal,Mysterious Treasures,112,Uncommon,Ryo Ueda,Stadium,,Trainer,2007/08/01,"tcgplayer,cardmarket",https://prices.pokemontcg.io/tcgplayer/dp2-112,https://images.pokemontcg.io/dp2/112_hires.png,2026/08/08,2025/12/07,0.35,0.20000000298023224,0.4300000071525574,19.979999542236328,,5.0,,,,0.8997,0.0577,0.5537,7.9015,0.34599998593330383,0.3691,0.5191,13.842,3.5528,2.9876,1.1535,2026-08-09
xy9-108,Psychic's Third Eye,normal,BREAKpoint,108,Uncommon,Yusuke Ohmura,Supporter,,Trainer,2016/02/03,"tcgplayer,cardmarket",https://prices.pokemontcg.io/tcgplayer/xy9-108,https://images.pokemontcg.io/xy9/108_hires.png,2026/08/08,2025/12/07,0.09,0.05000000074505806,0.20000000298023224,1000.0,,0.41,,,,0.1269,0.0231,0.1846,0.4614,0.12690000236034393,0.1038,0.1269,0.5767,0.496,0.4845,1.1535,2026-08-09
xy5-127,Escape Rope,normal,Primal Clash,127,Uncommon,Toyste Beach,Item,,Trainer,2015/02/04,"tcgplayer,cardmarket",https://prices.pokemontcg.io/tcgplayer/xy5-127,https://images.pokemontcg.io/xy5/127_hires.png,2026/08/08,2025/11/21,0.27,0.10000000149011612,0.25999999046325684,1000.0,,1.16,,,,0.2192,0.0461,1.3842,1.1996,0.09229999780654907,1.0612,0.5421,0.6114,1.0266,1.0612,1.1535,2026-08-09
bw11-RC9,Kirlia,holofoil,Legendary Treasures,RC9,Common,Kagemaru Himeno,Stage 1,281,Pokémon,2013/11/06,"tcgplayer,cardmarket",https://prices.pokemontcg.io/tcgplayer/bw11-RC9,https://images.pokemontcg.io/bw11/RC9_hires.png,2026/08/08,2025/12/07,6.0,4.0,6.03000020980835,49.9900016784668,,,,,,1.6495,1.0958,1.5342,1.4419,1.0958000421524048,1.315,1.7072,1.3381,1.9494,1.8571,1.1535,2026-08-09
sm8-116,Pupitar,normal,Lost Thunder,116,Uncommon,Yuka Morii,Stage 1,247,Pokémon,2018/11/02,"tcgplayer,cardmarket",https://prices.pokemontcg.io/tcgplayer/sm8-116,https://images.pokemontcg.io/sm8/116_hires.png,2026/08/08,2025/11/23,2.16,1.0,2.1600000858306885,19.979999542236328,,8.37,,,,0.323,0.0231,0.3691,6.7826,0.35760000348091125,0.346,0.2884,2.0186,3.0683,1.7649,1.1535,2026-08-09
xy10-111a,Shauna,,Fates Collide,111a,Rare Ultra,Ken Sugimori,Supporter,,Trainer,2016/05/02,cardmarket,https://prices.pokemontcg.io/cardmarket/xy10-111a,https://images.pokemontcg.io/xy10/111a_hires.png,,2025/12/07,,,,,,,,,,53.3378,46.14,55.0566,0.0,54.79119873046875,54.7797,60.0973,34.605,36.4275,18.7674,1.1535,2026-08-09
sm12-118,Throh,normal,Cosmic Eclipse,118,Uncommon,Ken Sugimori,Basic,538,Pokémon,2019/11/01,"tcgplayer,cardmarket",https://prices.pokemontcg.io/tcgplayer/sm12-118,https://images.pokemontcg.io/sm12/118_hires.png,2026/08/08,2025/11/21,0.17,0.03999999910593033,0.20000000298023224,19.979999542236328,,0.43,,,,0.1154,0.0231,0.0692,0.8536,0.05770000070333481,0.0692,0.0923,0.4614,0.7498,0.4845,1.1535,2026-08-09
base4-120,Gust of Wind,normal,Base Set 2,120,Common,Keiji Kinebuchi,,,Trainer,2000/02/24,"tcgplayer,cardmarket",https://prices.pokemontcg.io/tcgplayer/base4-120,https://images.pokemontcg.io/base4/120_hires.png,2026/08/08,2026/01/16,0.44,0.009999999776482582,0.33000001311302185,5.0,,,,,,0.1154,0.0231,0.1615,0.0,0.17299999296665192,0.2076,0.15,0.0577,0.0577,0.0577,1.1535,2026-08-09
sm3-113,Bodybuilding Dumbbells,normal,Burning Shadows,113,Uncommon,Eske Yoshinob,Pokémon Tool,,Trainer,2017/08/05,"tcgplayer,cardmarket",https://prices.pokemontcg.io/tcgplayer/sm3-113,https://images.pokemontcg.io/sm3/113_hires.png,2026/08/08,2025/12/07,0.17,0.009999999776482582,0.20000000298023224,18.1200008392334,,0.25,,,,0.0807,0.0231,0.0923,0.3114,0.023099999874830246,0.0923,0.0807,0.6229,0.3345,0.2653,1.1535,2026-08-09
sm9-123,Pidgeotto,normal,Team Up,123,Common,Mizue,Stage 1,17,Pokémon,2019/02/01,"tcgplayer,cardmarket",https://prices.pokemontcg.io/tcgplayer/sm9-123,https://images.pokemontcg.io/sm9/123_hires.png,2026/08/08,2025/11/21,0.41,0.10000000149011612,0.4300000071525574,2.140000104904175,,1.41,,,,0.323,0.0231,0.5075,1.2227,0.57669997215271,0.323,0.346,1.1535,1.0151,1.0612,1.1535,2026-08-09
bw5-110,Archeops,holofoil,Dark Explorers,110,Rare Secret,5ban Graphics,Stage 1,567,Pokémon,2012/05/09,"tcgplayer,cardmarket",https://prices.pokemontcg.io/tcgplayer/bw5-110,https://images.pokemontcg.io/bw5/110_hires.png,2026/08/08,2025/12/28,106.49,130.0,145.0,299.9800109863281,,,,,,48.0202,21.7435,16.4604,0.0,63.442501068115234,34.4204,57.675,14.4187,15.4915,25.9191,1.1535,2026-08-09
dp3-127,Potion,normal,Secret Wonders,127,Common,Shin-ichi Yoshikawa,Item,,Trainer,2007/11/01,"tcgplayer,cardmarket",https://prices.pokemontcg.io/tcgplayer/dp3-127,https://images.pokemontcg.io/dp3/127_hires.png,2026/08/08,2025/12/07,0.15,0.009999999776482582,0.20000000298023224,5.0,,1.49,,,,0.0692,0.0231,0.1038,1.7302,0.04610000178217888,0.0692,0.0577,1.7302,1.0266,0.6575,1.1535,2026-08-09
ecard1-111,Goldeen,normal,Expedition Base Set,111,Common,Masako Yamashita,Basic,118,Pokémon,2002/09/15,"tcgplayer,cardmarket",https://prices.pokemontcg.io/tcgplayer/ecard1-111,https://images.pokemontcg.io/ecard1/111_hires.png,2026/08/08,2025/12/28,2.49,1.059999942779541,2.569999933242798,49.93000030517578,,13.71,,,,0.5767,0.0577,0.6229,2.1916,0.34599998593330383,0.2884,0.5421,5.1907,3.6335,3.5643,1.1535,2026-08-09
ecard2-92,Mankey,normal,Aquapolis,92,Common,Tomokazu Komiya,Basic,56,Pokémon,2003/01/15,"tcgplayer,cardmarket",https://prices.pokemontcg.io/tcgplayer/ecard2-92,https://images.pokemontcg.io/ecard2/92_hires.png,2026/08/08,2025/12/28,19.94,33.0,41.06999969482422,111.54000091552734,,128.33,,,,4.4756,0.2192,4.9716,12.4001,5.444499969482422,4.6601,4.3141,18.456,11.1428,9.9778,1.1535,2026-08-09
sm1-115,Crushing Hammer,normal,Sun & Moon,115,Uncommon,Yoshinobu Saito,Item,,Trainer,2017/02/03,"tcgplayer,cardmarket",https://prices.pokemontcg.io/tcgplayer/sm1-115,https://images.pokemontcg.io/sm1/115_hires.png,2026/08/08,2025/12/07,0.22,0.009999999776482582,0.2199999988079071,2.990000009536743,,0.4,,,,0.0692,0.0231,0.0577,0.2884,0.023099999874830246,0.0461,0.1038,0.3345,0.3114,0.3691,1.1535,2026-08-09
smp-SM117,Malamar,holofoil,SM Black Star Promos,SM117,Promo,Shin Nagasawa,Stage 1,687,Pokémon,2017/02/03,"tcgplayer,cardmarket",https://prices.pokemontcg.io/tcgplayer/smp-SM117,https://images.pokemontcg.io/smp/SM117_hires.png,2026/08/08,2025/11/21,5.67,5.269999980926514,7.989999771118164,35.0,,,,,,10.4046,5.1907,7.4862,0.0,4.613999843597412,9.6663,10.1162,9.1703,12.4347,8.6974,1.1535,2026-08-09
xy8-114,Meowth,normal,BREAKthrough,114,Common,kirisAki,Basic,52,Pokémon,2015/11/04,"tcgplayer,cardmarket",https://prices.pokemontcg.io/tcgplayer/xy8-114,https://images.pokemontcg.io/xy8/114_hires.png,2026/08/08,2025/12/07,0.28,0.05000000074505806,0.2800000011920929,19.979999542236328,,0.9,,,,0.173,0.0231,0.1615,0.8651,0.40369999408721924,0.15,0.2076,0.6344,0.8767,0.9689,1.1535,2026-08-09
sm9-124,Pidgeot,normal,Team Up,124,Rare,Akira Komayama,Stage 2,18,Pokémon,2019/02/01,"tcgplayer,cardmarket",https://prices.pokemontcg.io/tcgplayer/sm9-124,https://images.pokemontcg.io/sm9/124_hires.png,2026/08/08,2025/11/21,0.57,0.3400000035762787,0.5799999833106995,19.979999542236328,,1.04,,,,0.5075,0.0577,0.4153,1.1535,0.06920000165700912,0.346,0.496,0.9228,1.4073,1.2342,1.1535,2026-08-09
dp6-121,Spoink,normal,Legends Awakened,121,Common,Kouki Saitou,Basic,325,Pokémon,2008/08/01,"tcgplayer,cardmarket",https://prices.pokemontcg.io/tcgplayer/dp6-121,https://images.pokemontcg.io/dp6/121_hires.png,2026/08/08,2025/12/07,0.54,0.1899999976158142,0.4699999988079071,2.990000009536743,,2.13,,,,0.0692,0.0231,0.2076,2.4224,0.46140000224113464,0.173,0.173,2.4224,1.3265,0.8651,1.1535,2026-08-09
sm2-119,Aqua Patch,normal,Guardians Rising,119,Uncommon,Toyste Beach,Item,,Trainer,2017/05/05,"tcgplayer,cardmarket",https://prices.pokemontcg.io/tcgplayer/sm2-119,https://images.pokemontcg.io/sm2/119_hires.png,2026/08/08,2025/11/21,0.28,0.009999999776482582,0.3100000023841858,2.990000009536743,,0.47,,,,0.2076,0.0231,0.1154,0.4729,0.023099999874830246,0.1615,0.2307,0.8651,0.5998,0.7728,1.1535,2026-08-09
xy5-128,Exp. Share,normal,Primal Clash,128,Uncommon,Toyste Beach,Pokémon Tool,,Trainer,2015/02/04,"tcgplayer,cardmarket",https://prices.pokemontcg.io/tcgplayer/xy5-128,https://images.pokemontcg.io/xy5/128_hires.png,2026/08/08,2025/11/21,0.16,0.05000000074505806,0.20000000298023224,19.979999542236328,,0.48,,,,0.1615,0.0461,0.2192,0.5767,0.46140000224113464,0.2653,0.2999,0.0923,0.5421,0.6806,1.1535,2026-08-09
gym1-129,Grass Energy,unlimited,Gym Heroes,129,,Keiji Kinebuchi,Basic,,Energy,2000/08/14,"tcgplayer,cardmarket",https://prices.pokemontcg.io/tcgplayer/gym1-129,https://images.pokemontcg.io/gym1/129_hires.png,2026/08/08,2025/12/28,0.53,0.10000000149011612,0.44999998807907104,2.390000104904175,,,,,"{""1stEdition"": {""low"": 0.64, ""mid"": 1.0, ""high"": 19.98, ""market"": 1.47, ""directLow"": 19.97}}",0.9689,0.0231,1.3496,0.0,2.2955000400543213,0.7959,0.8997,0.6921,0.6921,0.6921,1.1535,2026-08-09
pl3-117,Nincada,normal,Supreme Victors,117,Common,Tomokazu Komiya,Basic,290,Pokémon,2009/08/19,"tcgplayer,cardmarket",https://prices.pokemontcg.io/tcgplayer/pl3-117,https://images.pokemontcg.io/pl3/117_hires.png,2026/08/08,2025/12/07,0.88,0.5600000023841858,0.9900000095367432,19.979999542236328,,19.99,,,,0.2307,0.0231,0.1615,1.7418,0.3345000147819519,0.2422,0.3691,0.0231,6.4135,3.0106,1.1535,2026-08-09
sm8-117,Carbink,normal,Lost Thunder,117,Common,Sanosuke Sakuma,Basic,703,Pokémon,2018/11/02,"tcgplayer,cardmarket",https://prices.pokemontcg.io/tcgplayer/sm8-117,https://images.pokemontcg.io/sm8/117_hires.png,2026/08/08,2025/11/23,0.17,0.05000000074505806,0.2199999988079071,19.979999542236328,,0.35,,,,0.1038,0.0231,0.1038,0.6344,0.06920000165700912,0.0923,0.1154,0.6921,0.3345,0.346,1.1535,2026-08-09
sm11-114,Garchomp,holofoil,Unified Minds,114,Rare Holo,Akira Komayama,Stage 2,445,Pokémon,2019/08/02,"tcgplayer,cardmarket",https://prices.pokemontcg.io/tcgplayer/sm11-114,https://images.pokemontcg.io/sm11/114_hires.png,2026/08/08,2025/11/21,3.32,1.8600000143051147,3.5,18.31999969482422,,2.75,,,,2.7799,0.2076,3.0568,1.4188,23.058500289916992,3.6912,6.6326,1.7187,5.1446,3.9219,1.1535,2026-08-09
bw8-114,Bouffalant,normal,Plasma Storm,114,Rare,5ban Graphics,Basic|Team Plasma,626,Pokémon,2013/02/06,"tcgplayer,cardmarket",https://prices.pokemontcg.io/tcgplayer/bw8-114,https://images.pokemontcg.io/bw8/114_hires.png,2026/08/08,2025/12/07,0.85,0.5899999737739563,0.8500000238418579,19.979999542236328,,1.81,,,,0.7152,0.0923,0.9459,2.0186,0.5651999711990356,0.9113,0.7959,1.1535,1.6034,1.8571,1.1535,2026-08-09
sm1-116,Energy Retrieval,normal,Sun & Moon,116,Uncommon,Toyste Beach,Item,,Trainer,2017/02/03,"tcgplayer,cardmarket",https://prices.pokemontcg.io/tcgplayer/sm1-116,https://images.pokemontcg.io/sm1/116_hires.png,2026/08/08,2025/12/07,0.2,0.009999999776482582,0.20999999344348907,19.979999542236328,,0.39,,,,0.0461,0.0231,0.0923,0.346,0.023099999874830246,0.0692,0.0923,0.1154,0.4037,0.4037,1.1535,2026-08-09
dp2-113,Night Maintenance,normal,Mysterious Treasures,113,Uncommon,Ryo Ueda,Item,,Trainer,2007/08/01,"tcgplayer,cardmarket",https://prices.pokemontcg.io/tcgplayer/dp2-113,https://images.pokemontcg.io/dp2/113_hires.png,2026/08/08,2025/12/07,0.75,0.25,0.75,20.0,,2.56,,,,0.15,0.0231,0.3345,1.142,0.18459999561309814,0.2653,0.4268,0.5767,1.2573,1.2227,1.1535,2026-08-09
sm12-119,Pancham,normal,Cosmic Eclipse,119,Common,Motofumi Fujiwara,Basic,674,Pokémon,2019/11/01,"tcgplayer,cardmarket",https://prices.pokemontcg.io/tcgplayer/sm12-119,https://images.pokemontcg.io/sm12/119_hires.png,2026/08/08,2025/11/21,0.29,0.029999999329447746,0.3100000023841858,19.979999542236328,,0.43,,,,0.0923,0.0231,0.1154,0.2884,0.05770000070333481,0.1154,0.0923,0.5998,0.323,0.346,1.1535,2026-08-09
xy4-112,Mystery Energy,normal,Phantom Forces,112,Uncommon,5ban Graphics,Special,,Energy,2014/11/05,"tcgplayer,cardmarket",https://prices.pokemontcg.io/tcgplayer/xy4-112,https://images.pokemontcg.io/xy4/112_hires.png,2026/08/08,2025/12/07,3.02,1.2000000476837158,2.9700000286102295,96.94999694824219,,5.96,,,,2.6069,0.4037,2.4224,0.0,5.75600004196167,2.6415,3.3913,4.614,3.4028,3.5643,1.1535,2026-08-09
sm7-117,Whismur,normal,Celestial Storm,117,Common,Asako Ito,Basic,293,Pokémon,2018/08/03,"tcgplayer,cardmarket",https://prices.pokemontcg.io/tcgplayer/sm7-117,https://images.pokemontcg.io/sm7/117_hires.png,2026/08/08,2025/11/21,1.53,0.5,1.559999942779541,19.979999542236328,,15.32,,,,0.1846,0.0231,0.1615,0.8651,0.11540000140666962,0.1384,0.1846,0.8651,0.669,0.5998,1.1535,2026-08-09
dp3-128,Switch,normal,Secret Wonders,128,Common,Ryo Ueda,Item,,Trainer,2007/11/01,"tcgplayer,cardmarket",https://prices.pokemontcg.io/tcgplayer/dp3-128,https://images.pokemontcg.io/dp3/128_hires.png,2026/08/08,2025/12/07,0.66,0.2199999988079071,0.6299999952316284,19.979999542236328,,11.28,,,,0.1961,0.0231,0.2076,0.2884,0.03460000082850456,0.173,0.15,0.2884,1.2573,1.142,1.1535,2026-08-09
xyp-XY113,Manaphy,holofoil,XY Black Star Promos,XY113,Promo,Hitoshi Ariga,Basic,490,Pokémon,2013/10/12,"tcgplayer,cardmarket",https://prices.pokemontcg.io/tcgplayer/xyp-XY113,https://images.pokemontcg.io/xyp/XY113_hires.png,2026/08/08,2025/11/22,46.35,33.630001068115234,46.220001220703125,9999.0,,,,,,32.2173,5.756,31.629,0.0,54.79119873046875,31.4675,28.5261,3.1721,8.6859,6.5057,1.1535,2026-08-09
sm3-114,Escape Rope,normal,Burning Shadows,114,Uncommon,Toyste Beach,Item,,Trainer,2017/08/05,"tcgplayer,cardmarket",https://prices.pokemontcg.io/tcgplayer/sm3-114,https://images.pokemontcg.io/sm3/114_hires.png,2026/08/08,2025/12/07,0.27,0.05000000074505806,0.25,5.0,,0.44,,,,0.1269,0.0231,0.0923,0.4614,0.023099999874830246,0.0692,0.0923,0.5652,0.5883,0.4729,1.1535,2026-08-09
bw5-111,Pokémon Catcher,holofoil,Dark Explorers,111,Rare Secret,5ban Graphics,Item,,Trainer,2012/05/09,"tcgplayer,cardmarket",https://prices.pokemontcg.io/tcgplayer/bw5-111,https://images.pokemontcg.io/bw5/111_hires.png,2026/08/08,2025/12/28,115.0,87.0,115.44999694824219,974.9000244140625,,,,,,12.677,22.9431,69.1985,0.0,12.677000045776367,69.8329,42.2181,9.228,17.2794,18.6636,1.1535,2026-08-09
sm10-113,Sandile,normal,Unbroken Bonds,113,Common,Yuka Morii,Basic,551,Pokémon,2019/05/03,"tcgplayer,cardmarket",https://prices.pokemontcg.io/tcgplayer/sm10-113,https://images.pokemontcg.io/sm10/113_hires.png,2026/08/08,2025/11/25,0.52,0.14000000059604645,0.5299999713897705,19.979999542236328,,1.05,,,,0.1615,0.0231,0.15,0.5767,0.05770000070333481,0.173,0.15,0.4037,0.4729,0.4153,1.1535,2026-08-09
g1-RC30,Gardevoir-EX,holofoil,Generations,RC30,Rare Ultra,Mizue,Basic|EX,282,Pokémon,2016/02/22,"tcgplayer,cardmarket",https://prices.pokemontcg.io/tcgplayer/g1-RC30,https://images.pokemontcg.io/g1/RC30_hires.png,2026/08/08,2025/12/28,97.88,59.7599983215332,99.94000244140625,525.3800048828125,,,,,,47.6742,14.9955,48.3778,0.0,51.3307991027832,51.5499,50.4887,18.4445,6.6788,6.4827,1.1535,2026-08-09
gym2-123,Viridian City Gym,unlimited,Gym Challenge,123,Uncommon,Keiji Kinebuchi,Stadium,,Trainer,2000/10/16,"tcgplayer,cardmarket",https://prices.pokemontcg.io/tcgplayer/gym2-123,https://images.pokemontcg.io/gym2/123_hires.png,2026/08/08,2025/12/28,1.55,0.38999998569488525,1.2999999523162842,96.94999694824219,,,,,"{""1stEdition"": {""low"": 0.9, ""mid"": 2.58, ""high"": 32.8, ""market"": 2.53, ""directLow"": null}}",1.1074,0.0577,1.4419,0.0,1.9839999675750732,1.1766,1.4534,0.0,0.0,0.0,1.1535,2026-08-09
neo1-111,Water Energy,unlimited,Neo Genesis,111,,Keiji Kinebuchi,Basic,,Energy,2000/12/16,"tcgplayer,cardmarket",https://prices.pokemontcg.io/tcgplayer/neo1-111,https://images.pokemontcg.io/neo1/111_hires.png,2026/08/08,2026/01/16,0.52,0.15000000596046448,0.3700000047683716,2.630000114440918,,,,,"{""1stEdition"": {""low"": 0.57, ""mid"": 1.02, ""high"": 95.66, ""market"": 1.43, ""directLow"": 2.96}}",0.2999,0.0231,0.3922,0.0,0.5421000123023987,0.5652,0.3345,0.2076,0.2076,0.2076,1.1535,2026-08-09
ex1-108,Fire Energy,normal,Ruby & Sapphire,108,Common,,Basic,,Energy,2003/07/01,"tcgplayer,cardmarket",https://prices.pokemontcg.io/tcgplayer/ex1-108,https://images.pokemontcg.io/ex1/108_hires.png,2026/08/08,2026/01/16,0.32,0.009999999776482582,0.30000001192092896,20.31999969482422,,12.49,,,,0.0,57.675,21.7435,0.0,9.227999687194824,9.897,6.0905,0.0,0.0,0.0,1.1535,2026-08-09
ecard2-93,Mareep,normal,Aquapolis,93,Common,Hizuki Misono,Basic,179,Pokémon,2003/01/15,"tcgplayer,cardmarket",https://prices.pokemontcg.io/tcgplayer/ecard2-93,https://images.pokemontcg.io/ecard2/93_hires.png,2026/08/08,2025/12/28,7.97,6.5,8.930000305175781,129.89999389648438,,51.35,,,,1.0035,0.0231,0.496,17.6947,0.11540000140666962,0.496,1.3265,2.307,8.4898,5.0985,1.1535,2026-08-09
xy10-112,Team Rocket's Handiwork,normal,Fates Collide,112,Uncommon,Hitoshi Ariga,Supporter,,Trainer,2016/05/02,"tcgplayer,cardmarket",https://prices.pokemontcg.io/tcgplayer/xy10-112,https://images.pokemontcg.io/xy10/112_hires.png,2026/08/08,2025/12/07,0.36,0.1899999976158142,0.36000001430511475,19.979999542236328,,1.13,,,,0.2538,0.0346,0.3691,0.6344,0.23070000112056732,0.323,0.5075,0.9228,1.0843,1.4419,1.1535,2026-08-09
swsh2-120,Mandibuzz,normal,Rebel Clash,120,Rare,kodama,Stage 1,630,Pokémon,2020/05/01,"tcgplayer,cardmarket",https://prices.pokemontcg.io/tcgplayer/swsh2-120,https://images.pokemontcg.io/swsh2/120_hires.png,2026/08/08,2025/11/21,0.14,0.05000000074505806,0.23999999463558197,2.990000009536743,,0.55,,,,0.2307,0.0231,0.2076,2.307,0.23070000112056732,0.2307,0.2422,0.1846,0.8074,0.5191,1.1535,2026-08-09
ecard1-112,Hoppip,normal,Expedition Base Set,112,Common,Toshinao Aoki,Basic,187,Pokémon,2002/09/15,"tcgplayer,cardmarket",https://prices.pokemontcg.io/tcgplayer/ecard1-112,https://images.pokemontcg.io/ecard1/112_hires.png,2026/08/08,2025/12/28,1.23,0.49000000953674316,1.190000057220459,16.959999084472656,,16.62,,,,0.7382,0.0577,0.7498,2.0186,0.20759999752044678,0.6344,0.7498,2.307,2.1686,2.2147,1.1535,2026-08-09
pl1-119,Armor Fossil,normal,Platinum,119,Common,Ryo Ueda,Item,,Trainer,2009/02/11,"tcgplayer,cardmarket",https://prices.pokemontcg.io/tcgplayer/pl1-119,https://images.pokemontcg.io/pl1/119_hires.png,2026/08/08,2025/12/12,0.26,0.07000000029802322,0.28999999165534973,19.979999542236328,,0.91,,,,0.1846,0.0231,0.1154,0.2884,0.12690000236034393,0.1384,0.2768,0.2307,0.7498,1.0151,1.1535,2026-08-09
ex10-C,Unown,holofoil,Unseen Forces,C,Rare,Shin-ichi Yoshikawa,Basic,201,Pokémon,2005/08/01,"tcgplayer,cardmarket",https://prices.pokemontcg.io/tcgplayer/ex10-C,https://images.pokemontcg.io/ex10/C_hires.png,2026/08/08,2026/01/16,43.44,36.310001373291016,47.9900016784668,468.29998779296875,,,,,,11.8811,6.921,14.0035,0.0,6.9095001220703125,13.4267,12.9769,20.763,13.9343,5.7906,1.1535,2026-08-09
bw11-RC10,Gardevoir,holofoil,Legendary Treasures,RC10,Uncommon,Atsuko Nishida,Stage 2,282,Pokémon,2013/11/06,"tcgplayer,cardmarket",https://prices.pokemontcg.io/tcgplayer/bw11-RC10,https://images.pokemontcg.io/bw11/RC10_hires.png,2026/08/08,2025/12/07,13.26,7.0,12.220000267028809,124.98999786376953,,,,,,6.3442,1.1535,5.9867,7.8553,6.86329984664917,5.6406,5.9636,11.5235,8.0284,7.6131,1.1535,2026-08-09
bw7-123,Pidove,normal,Boundaries Crossed,123,Common,Tomokazu Komiya,Basic,519,Pokémon,2012/11/07,"tcgplayer,cardmarket",https://prices.pokemontcg.io/tcgplayer/bw7-123,https://images.pokemontcg.io/bw7/123_hires.png,2026/08/08,2025/12/07,1.35,0.9900000095367432,2.0,19.979999542236328,,12.58,,,,0.4383,0.0231,0.4499,1.5918,0.46140000224113464,0.3807,0.3691,2.307,1.2342,1.4995,1.1535,2026-08-09
dp1-119,Switch,normal,Diamond & Pearl,119,Common,Ryo Ueda,Item,,Trainer,2007/05/01,"tcgplayer,cardmarket",https://prices.pokemontcg.io/tcgplayer/dp1-119,https://images.pokemontcg.io/dp1/119_hires.png,2026/08/08,2025/12/28,0.75,0.3499999940395355,0.75,19.979999542236328,,20.0,,,,0.1846,0.0231,0.3345,1.142,0.23070000112056732,0.1961,0.3345,0.0231,1.5342,1.1189,1.1535,2026-08-09
sm5-117,Drampa,holofoil,Ultra Prism,117,Rare Holo,Hasuno,Basic,780,Pokémon,2018/02/02,"tcgplayer,cardmarket",https://prices.pokemontcg.io/tcgplayer/sm5-117,https://images.pokemontcg.io/sm5/117_hires.png,2026/08/08,2025/11/25,0.48,0.25,0.5,19.979999542236328,,0.69,,,,0.6114,0.1154,0.7613,0.5191,0.57669997215271,0.669,0.5998,0.2768,0.5421,0.6229,1.1535,2026-08-09
bw6-117,Blend Energy GrassFirePsychicDarkness,normal,Dragons Exalted,117,Uncommon,5ban Graphics,Special,,Energy,2012/08/15,"tcgplayer,cardmarket",https://prices.pokemontcg.io/tcgplayer/bw6-117,https://images.pokemontcg.io/bw6/117_hires.png,2026/08/08,2025/12/07,2.98,1.149999976158142,2.9800000190734863,38.0,,5.51,,,,0.0,0.4499,2.6069,0.0,2.8838000297546387,2.7338,2.6877,2.307,1.8341,1.5226,1.1535,2026-08-09
swsh3-111,Hoopa,holofoil,Darkness Ablaze,111,Rare Holo,so-taro,Basic,720,Pokémon,2020/08/14,"tcgplayer,cardmarket",https://prices.pokemontcg.io/tcgplayer/swsh3-111,https://images.pokemontcg.io/swsh3/111_hires.png,2026/08/08,2025/12/07,0.3,0.10000000149011612,0.3499999940395355,19.979999542236328,,0.5,,,,0.7728,0.0231,0.7498,0.7498,0.57669997215271,0.7844,0.5767,0.8651,0.8305,0.8074,1.1535,2026-08-09
swsh4-116,Beldum,normal,Vivid Voltage,116,Common,Aya Kusube,Basic,374,Pokémon,2020/11/13,"tcgplayer,cardmarket",https://prices.pokemontcg.io/tcgplayer/swsh4-116,https://images.pokemontcg.io/swsh4/116_hires.png,2026/08/08,2025/11/25,0.07,0.009999999776482582,0.15000000596046448,25.06999969482422,,0.24,,,,0.0346,0.0231,0.0346,0.2076,0.023099999874830246,0.0577,0.0461,0.1154,0.2884,0.2422,1.1535,2026-08-09
xy3-109,Battle Reporter,holofoil,Furious Fists,109,Rare Ultra,Shin Nagasawa,Supporter,,Trainer,2014/08/13,"tcgplayer,cardmarket",https://prices.pokemontcg.io/tcgplayer/xy3-109,https://images.pokemontcg.io/xy3/109_hires.png,2026/08/08,2025/12/28,14.65,8.90999984741211,14.15999984741211,29.989999771118164,,,,,,8.5705,5.756,9.9086,0.0,9.804800033569336,10.2777,12.1233,19.6095,12.9999,8.8819,1.1535,2026-08-09
xy9-109,Puzzle of Time,normal,BREAKpoint,109,Uncommon,Toyste Beach,Item,,Trainer,2016/02/03,"tcgplayer,cardmarket",https://prices.pokemontcg.io/tcgplayer/xy9-109,https://images.pokemontcg.io/xy9/109_hires.png,2026/08/08,2025/12/07,0.22,0.10000000149011612,0.28999999165534973,1000.0,,0.67,,,,0.2307,0.6921,0.2192,0.0,0.23070000112056732,0.3576,0.3576,0.0,0.0,0.0,1.1535,2026-08-09
bw9-121,Max Potion,holofoil,Plasma Freeze,121,Rare Secret,5ban Graphics,Item,,Trainer,2013/05/08,"tcgplayer,cardmarket",https://prices.pokemontcg.io/tcgplayer/bw9-121,https://images.pokemontcg.io/bw9/121_hires.png,2026/08/08,2025/11/25,39.02,24.899999618530273,32.0,428.6000061035156,,,,,,57.675,9.228,43.4177,0.0,57.67499923706055,43.66,40.0611,28.826,25.7,33.1747,1.1535,2026-08-09
sm4-106,Kartana-GX,holofoil,Crimson Invasion,106,Rare Ultra,5ban Graphics,Basic|GX|Ultra Beast,798,Pokémon,2017/11/03,"tcgplayer,cardmarket",https://prices.pokemontcg.io/tcgplayer/sm4-106,https://images.pokemontcg.io/sm4/106_hires.png,2026/08/08,2025/12/28,6.13,4.639999866485596,5.949999809265137,58.0,,,,,,5.0408,2.2955,5.5599,0.0,4.613999843597412,4.5563,5.0408,4.6025,4.464,5.3061,1.1535,2026-08-09
xyp-XY114,Darkrai,holofoil,XY Black Star Promos,XY114,Promo,kawayoo,Basic,491,Pokémon,2013/10/12,"tcgplayer,cardmarket",https://prices.pokemontcg.io/tcgplayer/xyp-XY114,https://images.pokemontcg.io/xyp/XY114_hires.png,2026/08/08,2025/11/22,91.44,44.970001220703125,84.55000305175781,9999.0,,,,,,38.2385,11.4773,43.4985,0.0,16.14900016784668,38.8499,44.1675,10.3815,10.2431,8.6743,1.1535,2026-08-09
sm1-117,Energy Switch,normal,Sun & Moon,117,Uncommon,Ryo Ueda,Item,,Trainer,2017/02/03,"tcgplayer,cardmarket",https://prices.pokemontcg.io/tcgplayer/sm1-117,https://images.pokemontcg.io/sm1/117_hires.png,2026/08/08,2025/12/07,0.17,0.05000000074505806,0.20000000298023224,2.309999942779541,,0.45,,,,0.2076,0.0231,0.2307,0.2999,0.09229999780654907,0.2422,0.15,0.2307,0.323,0.3922,1.1535,2026-08-09
sm10-114,Sandile,normal,Unbroken Bonds,114,Common,Akira Komayama,Basic,551,Pokémon,2019/05/03,"tcgplayer,cardmarket",https://prices.pokemontcg.io/tcgplayer/sm10-114,https://images.pokemontcg.io/sm10/114_hires.png,2026/08/08,2025/11/22,0.16,0.05000000074505806,0.23000000417232513,19.979999542236328,,0.38,,,,0.1154,0.0231,0.1384,0.496,0.34599998593330383,0.1846,0.15,0.5767,0.3807,0.323,1.1535,2026-08-09
xy4-113,Manectric-EX,holofoil,Phantom Forces,113,Rare Ultra,Ryo Ueda,Basic|EX,310,Pokémon,2014/11/05,"tcgplayer,cardmarket",https://prices.pokemontcg.io/tcgplayer/xy4-113,https://images.pokemontcg.io/xy4/113_hires.png,2026/08/08,2025/12/07,18.23,10.489999771118164,17.489999771118164,174.89999389648438,,,,,,7.6362,7.4977,11.8464,0.0,5.767499923706055,11.7888,16.4489,11.5235,6.3904,5.3061,1.1535,2026-08-09
xy8-115,Doduo,normal,BREAKthrough,115,Common,Naoki Saito,Basic,84,Pokémon,2015/11/04,"tcgplayer,cardmarket",https://prices.pokemontcg.io/tcgplayer/xy8-115,https://images.pokemontcg.io/xy8/115_hires.png,2026/08/08,2025/12/07,0.21,0.029999999329447746,0.2199999988079071,19.979999542236328,,0.48,,,,0.1615,0.0231,0.1846,0.5191,0.11540000140666962,0.173,0.1846,0.5767,0.7152,0.646,1.1535,2026-08-09
ecard2-94,Miltank,normal,Aquapolis,94,Common,Kouki Saitou,Basic,241,Pokémon,2003/01/15,"tcgplayer,cardmarket",https://prices.pokemontcg.io/tcgplayer/ecard2-94,https://images.pokemontcg.io/ecard2/94_hires.png,2026/08/08,2025/12/07,9.12,4.0,8.140000343322754,50.0,,49.79,,,,1.3611,0.0461,1.0266,17.2794,2.306999921798706,1.2458,1.5803,2.0763,6.748,7.0479,1.1535,2026-08-09
xy3-110,Fossil Researcher,holofoil,Furious Fists,110,Rare Ultra,Naoki Saito,Supporter,,Trainer,2014/08/13,"tcgplayer,cardmarket",https://prices.pokemontcg.io/tcgplayer/xy3-110,https://images.pokemontcg.io/xy3/110_hires.png,2026/08/08,2025/12/28,30.21,26.309999465942383,49.38999938964844,297.3599853515625,,,,,,27.7994,5.6406,23.2776,5.7675,21.905000686645508,22.1241,25.1578,5.7675,10.716,8.3398,1.1535,2026-08-09
sm7-118,Loudred,normal,Celestial Storm,118,Uncommon,Masakazu Fukuda,Stage 1,294,Pokémon,2018/08/03,"tcgplayer,cardmarket",https://prices.pokemontcg.io/tcgplayer/sm7-118,https://images.pokemontcg.io/sm7/118_hires.png,2026/08/08,2025/11/21,0.24,0.10000000149011612,0.25,19.979999542236328,,0.41,,,,0.1269,0.0461,0.1615,0.5767,0.11540000140666962,0.1269,0.15,0.5767,0.6229,0.5191,1.1535,2026-08-09
g1-RC31,M Gardevoir-EX,holofoil,Generations,RC31,Rare Ultra,Megumi Mizutani,MEGA|EX,282,Pokémon,2016/02/22,"tcgplayer,cardmarket",https://prices.pokemontcg.io/tcgplayer/g1-RC31,https://images.pokemontcg.io/g1/RC31_hires.png,2026/08/08,2025/12/28,121.71,71.0,115.0,614.52001953125,,,,,,57.3174,24.3619,63.8116,0.0,34.60499954223633,59.1053,56.7407,8.6512,16.6565,11.0736,1.1535,2026-08-09
bw11-RC11,Meloetta-EX,holofoil,Legendary Treasures,RC11,Rare,Eske Yoshinob,Basic|EX,648,Pokémon,2013/11/06,"tcgplayer,cardmarket",https://prices.pokemontcg.io/tcgplayer/bw11-RC11,https://images.pokemontcg.io/bw11/RC11_hires.png,2026/08/08,2025/12/07,14.39,10.0,14.489999771118164,180.8000030517578,,,,,,9.3087,5.7675,8.9742,0.0,10.323800086975098,9.0896,8.0745,4.291,5.0177,3.8181,1.1535,2026-08-09
xy10-113,Ultra Ball,normal,Fates Collide,113,Uncommon,5ban Graphics,Item,,Trainer,2016/05/02,"tcgplayer,cardmarket",https://prices.pokemontcg.io/tcgplayer/xy10-113,https://images.pokemontcg.io/xy10/113_hires.png,2026/08/08,2025/12/07,0.26,0.09000000357627869,0.25999999046325684,5.0,,1.29,,,,0.3576,0.0231,0.0231,1.488,0.57669997215271,0.4037,1.1189,1.488,2.457,2.5031,1.1535,2026-08-09
bw9-122,Ultra Ball,holofoil,Plasma Freeze,122,Rare Secret,5ban Graphics,Item,,Trainer,2013/05/08,"tcgplayer,cardmarket",https://prices.pokemontcg.io/tcgplayer/bw9-122,https://images.pokemontcg.io/bw9/122_hires.png,2026/08/08,2025/11/25,698.84,1099.989990234375,1199.010009765625,1200.0,,,,,,119.0989,57.675,163.474,0.0,179.9459991455078,161.8707,181.4455,103.815,62.0814,115.8229,1.1535,2026-08-09
gym1-130,Lightning Energy,unlimited,Gym Heroes,130,,Keiji Kinebuchi,Basic,,Energy,2000/08/14,"tcgplayer,cardmarket",https://prices.pokemontcg.io/tcgplayer/gym1-130,https://images.pokemontcg.io/gym1/130_hires.png,2026/08/08,2025/12/28,0.45,0.20000000298023224,0.44999998807907104,18.739999771118164,,,,,"{""1stEdition"": {""low"": 0.68, ""mid"": 1.31, ""high"": 95.24, ""market"": 1.89, ""directLow"": 95.24}}",0.4153,0.0231,0.4614,0.0,0.6344000101089478,0.4729,0.4268,0.6921,0.6921,0.6921,1.1535,2026-08-09
sm3-115,Guzma,normal,Burning Shadows,115,Uncommon,Ken Sugimori,Supporter,,Trainer,2017/08/05,"tcgplayer,cardmarket",https://prices.pokemontcg.io/tcgplayer/sm3-115,https://images.pokemontcg.io/sm3/115_hires.png,2026/08/08,2025/12/07,3.29,2.4800000190734863,3.359999895095825,10.0,,3.3,,,,2.9876,1.1535,2.653,0.0,2.306999921798706,2.6877,1.984,0.0,0.0,0.0,1.1535,2026-08-09
gym2-124,Fervor,unlimited,Gym Challenge,124,Common,Ken Sugimori,,,Trainer,2000/10/16,"tcgplayer,cardmarket",https://prices.pokemontcg.io/tcgplayer/gym2-124,https://images.pokemontcg.io/gym2/124_hires.png,2026/08/08,2025/12/28,0.78,0.30000001192092896,0.7599999904632568,19.979999542236328,,,,,"{""1stEdition"": {""low"": 0.67, ""mid"": 1.78, ""high"": 25.6, ""market"": 1.78, ""directLow"": 1.84}}",0.8305,0.0923,1.1881,0.0,1.153499960899353,1.4303,1.0728,0.0,0.0,0.0,1.1535,2026-08-09
sm8-118,Alolan Meowth,normal,Lost Thunder,118,Common,Akira Komayama,Basic,52,Pokémon,2018/11/02,"tcgplayer,cardmarket",https://prices.pokemontcg.io/tcgplayer/sm8-118,https://images.pokemontcg.io/sm8/118_hires.png,2026/08/08,2025/11/21,0.29,0.10000000149011612,0.3199999928474426,19.979999542236328,,0.69,,,,0.1846,0.0231,0.2192,2.5954,0.23070000112056732,0.2192,0.15,1.4419,1.6149,0.7267,1.1535,2026-08-09
bw8-115,Rufflet,normal,Plasma Storm,115,Common,kawayoo,Basic,627,Pokémon,2013/02/06,"tcgplayer,cardmarket",https://prices.pokemontcg.io/tcgplayer/bw8-115,https://images.pokemontcg.io/bw8/115_hires.png,2026/08/08,2025/12/07,0.24,0.10000000149011612,0.28999999165534973,1000.0,,0.45,,,,0.2076,0.0231,0.2076,0.5883,0.10379999876022339,0.173,0.15,0.5191,0.4845,0.496,1.1535,2026-08-09
ex10-D,Unown,holofoil,Unseen Forces,D,Rare,Shin-ichi Yoshikawa,Basic,201,Pokémon,2005/08/01,"tcgplayer,cardmarket",https://prices.pokemontcg.io/tcgplayer/ex10-D,https://images.pokemontcg.io/ex10/D_hires.png,2026/08/08,2026/01/16,49.59,148.50999450683594,197.02000427246094,389.04998779296875,,,,,,17.2679,3.449,17.4409,0.0,11.408100128173828,20.2439,13.4959,6.921,11.039,5.5253,1.1535,2026-08-09
dp2-114,Quick Ball,normal,Mysterious Treasures,114,Uncommon,Ryo Ueda,Item,,Trainer,2007/08/01,"tcgplayer,cardmarket",https://prices.pokemontcg.io/tcgplayer/dp2-114,https://images.pokemontcg.io/dp2/114_hires.png,2026/08/08,2025/12/07,0.5,0.1899999976158142,0.5099999904632568,19.979999542236328,,8.83,,,,0.9228,0.0231,0.4383,1.6034,0.10379999876022339,0.7036,0.496,1.7072,2.9414,2.953,1.1535,2026-08-09
swsh3-112,Nickit,normal,Darkness Ablaze,112,Common,Misa Tsutsui,Basic,827,Pokémon,2020/08/14,"tcgplayer,cardmarket",https://prices.pokemontcg.io/tcgplayer/swsh3-112,https://images.pokemontcg.io/swsh3/112_hires.png,2026/08/08,2025/11/25,0.06,0.009999999776482582,0.15000000596046448,25.049999237060547,,0.29,,,,0.0577,0.0231,0.0577,0.2999,0.03460000082850456,0.0577,0.0577,0.1154,0.2538,0.2307,1.1535,2026-08-09
bw6-118,Blend Energy WaterLightningFightingMetal,normal,Dragons Exalted,118,Uncommon,5ban Graphics,Special,,Energy,2012/08/15,"tcgplayer,cardmarket",https://prices.pokemontcg.io/tcgplayer/bw6-118,https://images.pokemontcg.io/bw6/118_hires.png,2026/08/08,2025/12/07,4.41,2.5,4.5,55.0,,10.2,,,,1.5342,0.0231,1.6726,14.9378,0.8651000261306763,1.5342,1.5803,14.9378,6.6903,4.8678,1.1535,2026-08-09
base4-121,Poké Ball,normal,Base Set 2,121,Common,Keiji Kinebuchi,,,Trainer,2000/02/24,"tcgplayer,cardmarket",https://prices.pokemontcg.io/tcgplayer/base4-121,https://images.pokemontcg.io/base4/121_hires.png,2026/08/08,2026/01/16,0.44,0.09000000357627869,0.3499999940395355,19.979999542236328,,,,,,0.1846,0.0231,0.3922,0.0,0.2768000066280365,0.4037,0.2307,0.1154,0.1154,0.1154,1.1535,2026-08-09
sm12-120,Pangoro,normal,Cosmic Eclipse,120,Uncommon,Shin Nagasawa,Stage 1,675,Pokémon,2019/11/01,"tcgplayer,cardmarket",https://prices.pokemontcg.io/tcgplayer/sm12-120,https://images.pokemontcg.io/sm12/120_hires.png,2026/08/08,2025/11/21,0.19,0.05000000074505806,0.23000000417232513,19.979999542236328,,0.48,,,,0.1154,0.0231,0.1154,0.4729,0.05770000070333481,0.1615,0.1269,0.6921,0.5075,0.4499,1.1535,2026-08-09
xy9-110,Reverse Valley,normal,BREAKpoint,110,Uncommon,5ban Graphics,Stadium,,Trainer,2016/02/03,"tcgplayer,cardmarket",https://prices.pokemontcg.io/tcgplayer/xy9-110,https://images.pokemontcg.io/xy9/110_hires.png,2026/08/08,2025/12/07,0.24,0.03999999910593033,0.2800000011920929,1000.0,,0.76,,,,0.6921,0.6921,0.6921,0.0,0.6920999884605408,0.6575,0.6575,0.0,0.0,0.0,1.1535,2026-08-09
sm11-115,Riolu,normal,Unified Minds,115,Common,kirisAki,Basic,447,Pokémon,2019/08/02,"tcgplayer,cardmarket",https://prices.pokemontcg.io/tcgplayer/sm11-115,https://images.pokemontcg.io/sm11/115_hires.png,2026/08/08,2025/11/21,0.39,0.15000000596046448,0.4099999964237213,19.979999542236328,,0.64,,,,0.1269,0.0231,0.173,0.6229,0.28839999437332153,0.1615,0.15,0.5767,0.5191,0.4383,1.1535,2026-08-09
pl1-120,Skull Fossil,normal,Platinum,120,Common,Ryo Ueda,Item,,Trainer,2009/02/11,"tcgplayer,cardmarket",https://prices.pokemontcg.io/tcgplayer/pl1-120,https://images.pokemontcg.io/pl1/120_hires.png,2026/08/08,2025/12/12,0.24,0.07000000029802322,0.25999999046325684,17.979999542236328,,1.35,,,,0.1615,0.0231,0.2076,0.346,0.11540000140666962,0.2307,0.1961,0.346,1.5226,0.7844,1.1535,2026-08-09
ecard3-83,Nidorina,normal,Skyridge,83,Common,Midori Harada,Stage 1,30,Pokémon,2003/05/12,"tcgplayer,cardmarket",https://prices.pokemontcg.io/tcgplayer/ecard3-83,https://images.pokemontcg.io/ecard3/83_hires.png,2026/08/08,2025/12/12,10.94,14.239999771118164,17.0,47.75,,53.35,,,,1.984,0.5537,4.2218,16.0798,1.0266000032424927,2.1109,4.787,17.291,11.385,13.7959,1.1535,2026-08-09
dp1-120,Empoleon LV.X,holofoil,Diamond & Pearl,120,Rare Holo LV.X,Shizurow,Level-Up,395,Pokémon,2007/05/01,"tcgplayer,cardmarket",https://prices.pokemontcg.io/tcgplayer/dp1-120,https://images.pokemontcg.io/dp1/120_hires.png,2026/08/08,2025/12/28,71.59,43.9900016784668,53.65999984741211,62.349998474121094,,,,,,30.2102,4.614,39.2767,0.0,4.613999843597412,30.0371,31.0868,57.675,27.0034,17.6255,1.1535,2026-08-09
sm4-107,Alolan Exeggutor-GX,holofoil,Crimson Invasion,107,Rare Ultra,5ban Graphics,Stage 1|GX,103,Pokémon,2017/11/03,"tcgplayer,cardmarket",https://prices.pokemontcg.io/tcgplayer/sm4-107,https://images.pokemontcg.io/sm4/107_hires.png,2026/08/08,2025/12/28,6.5,3.7899999618530273,6.5,96.02999877929688,,,,,,5.5599,2.3877,5.2946,0.0,6.897900104522705,6.0674,5.3407,1.7302,7.3939,6.7941,1.1535,2026-08-09
sm5-118,Ancient Crystal,normal,Ultra Prism,118,Uncommon,Toyste Beach,Pokémon Tool,,Trainer,2018/02/02,"tcgplayer,cardmarket",https://prices.pokemontcg.io/tcgplayer/sm5-118,https://images.pokemontcg.io/sm5/118_hires.png,2026/08/08,2025/11/21,0.21,0.03999999910593033,0.25,19.979999542236328,,0.3,,,,0.0807,0.0231,0.0692,0.3114,0.12690000236034393,0.0692,0.1269,0.1154,0.2307,0.2422,1.1535,2026-08-09
xy1-120,Max Revive,normal,XY,120,Uncommon,5ban Graphics,Item,,Trainer,2014/02/05,"tcgplayer,cardmarket",https://prices.pokemontcg.io/tcgplayer/xy1-120,https://images.pokemontcg.io/xy1/120_hires.png,2026/08/08,2025/12/07,0.25,0.05000000074505806,0.25,18.799999237060547,,0.81,,,,0.2076,0.0231,0.1846,0.5767,0.51910001039505,0.173,0.1961,0.2884,0.4383,0.5652,1.1535,2026-08-09
sm9-125,Meowth,normal,Team Up,125,Common,Ken Sugimori,Basic,52,Pokémon,2019/02/01,"tcgplayer,cardmarket",https://prices.pokemontcg.io/tcgplayer/sm9-125,https://images.pokemontcg.io/sm9/125_hires.png,2026/08/08,2025/11/21,0.34,0.10000000149011612,0.3799999952316284,19.979999542236328,,1.21,,,,0.1038,0.0231,0.1384,0.2422,0.51910001039505,0.1384,0.1154,0.4614,0.2422,0.5421,1.1535,2026-08-09
dp3-129,Darkness Energy,normal,Secret Wonders,129,Uncommon,Takumi Akabane,Special,,Energy,2007/11/01,"tcgplayer,cardmarket",https://prices.pokemontcg.io/tcgplayer/dp3-129,https://images.pokemontcg.io/dp3/129_hires.png,2026/08/08,2025/12/07,0.82,0.23000000417232513,0.6100000143051147,19.979999542236328,,1.66,,,,0.4268,0.0577,0.3576,1.2689,0.3345000147819519,0.4037,0.3807,0.8536,1.1996,1.4303,1.1535,2026-08-09
swsh4-117,Metang,normal,Vivid Voltage,117,Uncommon,Kazuma Koda,Stage 1,375,Pokémon,2020/11/13,"tcgplayer,cardmarket",https://prices.pokemontcg.io/tcgplayer/swsh4-117,https://images.pokemontcg.io/swsh4/117_hires.png,2026/08/08,2025/11/25,0.05,0.009999999776482582,0.15000000596046448,25.049999237060547,,0.24,,,,0.0577,0.0231,0.0807,0.2076,0.023099999874830246,0.0923,0.0807,0.1154,0.2192,0.2076,1.1535,2026-08-09
smp-SM118,Lycanroc,holofoil,SM Black Star Promos,SM118,Promo,sui,Stage 1,745,Pokémon,2017/02/03,"tcgplayer,cardmarket",https://prices.pokemontcg.io/tcgplayer/smp-SM118,https://images.pokemontcg.io/smp/SM118_hires.png,2026/08/08,2025/11/21,11.42,10.720000267028809,28.0,96.83000183105469,,,,,,13.3575,4.4986,11.3504,0.0,6.332699775695801,11.4543,8.6974,4.0257,5.4676,5.4791,1.1535,2026-08-09
swsh1-119,Galarian Obstagoon,holofoil,Sword & Shield,119,Rare Holo,Kouki Saitou,Stage 2,862,Pokémon,2020/02/07,"tcgplayer,cardmarket",https://prices.pokemontcg.io/tcgplayer/swsh1-119,https://images.pokemontcg.io/swsh1/119_hires.png,2026/08/08,2025/11/21,0.3,0.10000000149011612,0.3199999928474426,18.600000381469727,,0.47,,,,0.992,0.0231,1.142,1.811,2.249300003051758,0.7152,0.7152,1.1535,1.1881,1.2227,1.1535,2026-08-09
pl3-118,Pachirisu,normal,Supreme Victors,118,Common,Kagemaru Himeno,Basic,417,Pokémon,2009/08/19,"tcgplayer,cardmarket",https://prices.pokemontcg.io/tcgplayer/pl3-118,https://images.pokemontcg.io/pl3/118_hires.png,2026/08/08,2025/12/07,0.84,0.20000000298023224,0.7599999904632568,3.0,,20.0,,,,0.1846,0.0231,0.1154,0.5767,0.11540000140666962,0.1269,0.2422,0.5767,2.6761,1.7649,1.1535,2026-08-09
dp6-122,Staryu,normal,Legends Awakened,122,Common,Ken Sugimori,Basic,120,Pokémon,2008/08/01,"tcgplayer,cardmarket",https://prices.pokemontcg.io/tcgplayer/dp6-122,https://images.pokemontcg.io/dp6/122_hires.png,2026/08/08,2025/12/07,0.37,0.17000000178813934,0.33000001311302185,17.760000228881836,,17.39,,,,0.2192,0.0231,0.2538,1.6841,0.25380000472068787,0.2192,0.2422,1.6841,1.3496,1.3381,1.1535,2026-08-09
xy5-129,Fresh Water Set,normal,Primal Clash,129,Uncommon,Toyste Beach,Item,,Trainer,2015/02/04,"tcgplayer,cardmarket",https://prices.pokemontcg.io/tcgplayer/xy5-129,https://images.pokemontcg.io/xy5/129_hires.png,2026/08/08,2025/11/21,0.16,0.10000000149011612,0.2199999988079071,19.979999542236328,,0.41,,,,0.15,0.0231,0.15,0.7728,0.11540000140666962,0.1384,0.1269,0.8074,0.6921,0.5998,1.1535,2026-08-09
ex1-109,Lightning Energy,normal,Ruby & Sapphire,109,Common,,Basic,,Energy,2003/07/01,"tcgplayer,cardmarket",https://prices.pokemontcg.io/tcgplayer/ex1-109,https://images.pokemontcg.io/ex1/109_hires.png,2026/08/08,2026/01/16,0.31,0.10000000149011612,0.38999998569488525,20.3700008392334,,5.77,,,,0.4037,0.0231,0.1615,0.0,0.11540000140666962,0.173,0.2653,9.2165,4.1757,4.1526,1.1535,2026-08-09
sm2-120,Brooklet Hill,normal,Guardians Rising,120,Uncommon,5ban Graphics,Stadium,,Trainer,2017/05/05,"tcgplayer,cardmarket",https://prices.pokemontcg.io/tcgplayer/sm2-120,https://images.pokemontcg.io/sm2/120_hires.png,2026/08/08,2025/11/21,0.39,0.10000000149011612,0.4000000059604645,18.65999984741211,,0.61,,,,0.173,0.0231,0.1961,0.4614,0.05770000070333481,0.1615,0.1846,0.3345,0.3807,0.4153,1.1535,2026-08-09
sm6-109,Lady,normal,Forbidden Light,109,Uncommon,Yusuke Ohmura,Supporter,,Trainer,2018/05/04,"tcgplayer,cardmarket",https://prices.pokemontcg.io/tcgplayer/sm6-109,https://images.pokemontcg.io/sm6/109_hires.png,2026/08/08,2025/12/07,0.27,0.07999999821186066,0.30000001192092896,19.979999542236328,,0.96,,,,0.1038,0.0231,0.1154,0.0,0.023099999874830246,0.1038,0.1384,0.173,0.7036,0.8767,1.1535,2026-08-09
ecard1-113,Houndour,normal,Expedition Base Set,113,Common,Mitsuhiro Arita,Basic,228,Pokémon,2002/09/15,"tcgplayer,cardmarket",https://prices.pokemontcg.io/tcgplayer/ecard1-113,https://images.pokemontcg.io/ecard1/113_hires.png,2026/08/08,2025/12/28,6.22,4.800000190734863,40.0099983215332,55.900001525878906,,40.25,,,,1.4765,0.0577,1.6264,3.4605,1.7302000522613525,1.2342,1.3381,3.4605,3.9334,5.4215,1.1535,2026-08-09
bw7-124,Tranquill,normal,Boundaries Crossed,124,Uncommon,Kanako Eo,Stage 1,520,Pokémon,2012/11/07,"tcgplayer,cardmarket",https://prices.pokemontcg.io/tcgplayer/bw7-124,https://images.pokemontcg.io/bw7/124_hires.png,2026/08/08,2025/12/07,0.45,0.18000000715255737,0.4000000059604645,19.979999542236328,,1.63,,,,0.0,0.0231,0.2192,0.6344,0.3345000147819519,0.2076,0.2076,0.5767,0.6806,0.8421,1.1535,2026-08-09
swsh2-121,Malamar V,holofoil,Rebel Clash,121,Rare Holo V,Eske Yoshinob,Basic|V,687,Pokémon,2020/05/01,"tcgplayer,cardmarket",https://prices.pokemontcg.io/tcgplayer/swsh2-121,https://images.pokemontcg.io/swsh2/121_hires.png,2026/08/08,2025/11/21,0.87,0.5299999713897705,1.0,19.979999542236328,,,,,,1.2112,0.4614,1.1766,0.0,1.1419999599456787,1.2342,1.3381,1.9725,2.0994,2.0302,1.1535,2026-08-09
xy5-130,Gardevoir Spirit Link,normal,Primal Clash,130,Uncommon,5ban Graphics,Pokémon Tool,,Trainer,2015/02/04,"tcgplayer,cardmarket",https://prices.pokemontcg.io/tcgplayer/xy5-130,https://images.pokemontcg.io/xy5/130_hires.png,2026/08/08,2025/11/21,0.31,0.07999999821186066,0.3100000023841858,19.979999542236328,,0.93,,,,0.2538,0.0231,0.2884,1.9725,0.3345000147819519,0.2422,0.2999,1.142,1.5457,1.1074,1.1535,2026-08-09
smp-SM119,Exeggcute,holofoil,SM Black Star Promos,SM119,Promo,OOYAMA,Basic,102,Pokémon,2017/02/03,"tcgplayer,cardmarket",https://prices.pokemontcg.io/tcgplayer/smp-SM119,https://images.pokemontcg.io/smp/SM119_hires.png,2026/08/08,2025/11/21,4.74,3.130000114440918,16.450000762939453,49.099998474121094,,,,,,3.8873,1.7302,4.0373,0.0,2.7569000720977783,3.8296,3.8527,3.449,2.653,2.0763,1.1535,2026-08-09
gym1-131,Psychic Energy,unlimited,Gym Heroes,131,,Keiji Kinebuchi,Basic,,Energy,2000/08/14,"tcgplayer,cardmarket",https://prices.pokemontcg.io/tcgplayer/gym1-131,https://images.pokemontcg.io/gym1/131_hires.png,2026/08/08,2025/12/28,1.13,0.3700000047683716,0.8199999928474426,17.479999542236328,,,,,"{""1stEdition"": {""low"": 0.8, ""mid"": 1.31, ""high"": 4320.61, ""market"": 1.75, ""directLow"": null}}",1.6034,0.0231,1.7418,0.0,0.23070000112056732,1.4419,1.1996,0.6921,0.6921,0.6921,1.1535,2026-08-09
sm12-121,Crabrawler,normal,Cosmic Eclipse,121,Common,Miki Tanaka,Basic,739,Pokémon,2019/11/01,"tcgplayer,cardmarket",https://prices.pokemontcg.io/tcgplayer/sm12-121,https://images.pokemontcg.io/sm12/121_hires.png,2026/08/08,2025/11/21,0.18,0.05999999865889549,0.20999999344348907,19.979999542236328,,0.36,,,,0.0692,0.0231,0.1269,0.4383,0.05770000070333481,0.1384,0.0923,0.3345,0.4383,0.2653,1.1535,2026-08-09
sm1-118,Exp. Share,normal,Sun & Moon,118,Uncommon,Toyste Beach,Pokémon Tool,,Trainer,2017/02/03,"tcgplayer,cardmarket",https://prices.pokemontcg.io/tcgplayer/sm1-118,https://images.pokemontcg.io/sm1/118_hires.png,2026/08/08,2025/12/07,0.09,0.019999999552965164,0.1899999976158142,15.130000114440918,,0.3,,,,0.1154,0.0231,0.1615,0.4729,0.11540000140666962,0.1384,0.1038,0.2307,0.4614,0.3345,1.1535,2026-08-09
dp6-123,Swinub,normal,Legends Awakened,123,Common,Sumiyoshi Kizuki,Basic,220,Pokémon,2008/08/01,"tcgplayer,cardmarket",https://prices.pokemontcg.io/tcgplayer/dp6-123,https://images.pokemontcg.io/dp6/123_hires.png,2026/08/08,2025/12/07,0.38,0.15000000596046448,0.3499999940395355,19.979999542236328,,7.5,,,,0.1038,0.0231,0.2768,1.7302,1.1419999599456787,0.4383,0.2192,1.7302,0.8305,0.9459,1.1535,2026-08-09
xy1-121,Muscle Band,normal,XY,121,Uncommon,5ban Graphics,Pokémon Tool,,Trainer,2014/02/05,"tcgplayer,cardmarket",https://prices.pokemontcg.io/tcgplayer/xy1-121,https://images.pokemontcg.io/xy1/121_hires.png,2026/08/08,2025/12/07,5.66,2.440000057220459,4.860000133514404,29.989999771118164,,4.76,,,,2.2839,0.0231,2.0302,4.0373,3.80649995803833,1.8456,2.8838,4.6025,5.11,4.6371,1.1535,2026-08-09
xy4-114,Gengar-EX,holofoil,Phantom Forces,114,Rare Ultra,Ryo Ueda,Basic|EX,94,Pokémon,2014/11/05,"tcgplayer,cardmarket",https://prices.pokemontcg.io/tcgplayer/xy4-114,https://images.pokemontcg.io/xy4/114_hires.png,2026/08/08,2025/12/07,758.61,489.989990234375,828.0,6999.0,,,,,,225.1286,80.745,253.3547,0.0,80.62960052490234,239.6281,265.5011,63.431,74.1354,35.6893,1.1535,2026-08-09
xyp-XY115,Shaymin,holofoil,XY Black Star Promos,XY115,Promo,You Iribi,Basic,492,Pokémon,2013/10/12,"tcgplayer,cardmarket",https://prices.pokemontcg.io/tcgplayer/xyp-XY115,https://images.pokemontcg.io/xyp/XY115_hires.png,2026/08/08,2025/11/22,67.35,49.220001220703125,80.58999633789062,9999.0,,,,,,36.0699,10.3815,25.7,0.0,16.14900016784668,40.857,36.2776,5.1907,7.6938,8.8127,1.1535,2026-08-09
sm6-110,Lysandre ◇,holofoil,Forbidden Light,110,Rare Prism Star,Hitoshi Ariga,Supporter|Prism Star,,Trainer,2018/05/04,"tcgplayer,cardmarket",https://prices.pokemontcg.io/tcgplayer/sm6-110,https://images.pokemontcg.io/sm6/110_hires.png,2026/08/08,2025/12/07,1.05,0.5,1.0099999904632568,19.979999542236328,,,,,,1.5803,0.2307,1.638,3.9796,1.0958000421524048,1.7764,1.5111,3.9796,2.8261,1.5342,1.1535,2026-08-09
bw6-119,Ho-Oh-EX,holofoil,Dragons Exalted,119,Rare Ultra,5ban Graphics,Basic|EX,250,Pokémon,2012/08/15,"tcgplayer,cardmarket",https://prices.pokemontcg.io/tcgplayer/bw6-119,https://images.pokemontcg.io/bw6/119_hires.png,2026/08/08,2025/12/07,242.35,149.57000732421875,239.99000549316406,1459.800048828125,,,,,,34.605,5.7444,91.4725,0.0,6.921000003814697,117.9454,62.4851,6.3442,28.8836,23.9467,1.1535,2026-08-09
pl1-121,Rainbow Energy,normal,Platinum,121,Uncommon,Takumi Akabane,Special,,Energy,2009/02/11,"tcgplayer,cardmarket",https://prices.pokemontcg.io/tcgplayer/pl1-121,https://images.pokemontcg.io/pl1/121_hires.png,2026/08/08,2025/12/12,1.24,0.5,1.1299999952316284,19.979999542236328,,4.94,,,,0.9228,0.0461,0.5421,0.819,0.11540000140666962,0.7152,0.5998,1.0381,1.4419,1.8802,1.1535,2026-08-09
sm9-126,Persian,normal,Team Up,126,Uncommon,Yukiko Baba,Stage 1,53,Pokémon,2019/02/01,"tcgplayer,cardmarket",https://prices.pokemontcg.io/tcgplayer/sm9-126,https://images.pokemontcg.io/sm9/126_hires.png,2026/08/08,2025/11/21,0.26,0.10000000149011612,0.25999999046325684,19.979999542236328,,0.51,,,,0.1154,0.0231,0.1154,0.4845,0.023099999874830246,0.0923,0.1038,0.4037,0.4383,0.5421,1.1535,2026-08-09
pl3-119,Paras,normal,Supreme Victors,119,Common,Yukiko Baba,Basic,46,Pokémon,2009/08/19,"tcgplayer,cardmarket",https://prices.pokemontcg.io/tcgplayer/pl3-119,https://images.pokemontcg.io/pl3/119_hires.png,2026/08/08,2025/12/07,0.41,0.17000000178813934,0.3700000047683716,19.979999542236328,,1.0,,,,0.0923,0.0231,0.0807,0.0,0.15000000596046448,0.1269,0.1269,1.1535,1.8917,1.2342,1.1535,2026-08-09
bw8-116,Braviary,normal,Plasma Storm,116,Rare,Akira Komayama,Stage 1,628,Pokémon,2013/02/06,"tcgplayer,cardmarket",https://prices.pokemontcg.io/tcgplayer/bw8-116,https://images.pokemontcg.io/bw8/116_hires.png,2026/08/08,2025/12/07,0.76,0.30000001192092896,0.75,19.979999542236328,,1.37,,,,1.165,0.2307,1.3381,2.307,0.9574000239372253,1.3381,1.0612,2.0071,1.4534,1.661,1.1535,2026-08-09
xy8-116,Doduo,normal,BREAKthrough,116,Common,Naoki Saito,Basic,84,Pokémon,2015/11/04,"tcgplayer,cardmarket",https://prices.pokemontcg.io/tcgplayer/xy8-116,https://images.pokemontcg.io/xy8/116_hires.png,2026/08/08,2025/12/07,0.21,0.05999999865889549,0.20999999344348907,1000.0,,0.46,,,,0.15,0.0231,0.1384,0.6229,0.23070000112056732,0.15,0.1615,0.5652,0.6229,0.6229,1.1535,2026-08-09
bw7-125,Unfezant,normal,Boundaries Crossed,125,Rare,Hajime Kusajima,Stage 2,521,Pokémon,2012/11/07,"tcgplayer,cardmarket",https://prices.pokemontcg.io/tcgplayer/bw7-125,https://images.pokemontcg.io/bw7/125_hires.png,2026/08/08,2025/11/21,0.66,0.3199999928474426,0.6499999761581421,19.979999542236328,,1.08,,,,1.0035,0.1038,1.1766,1.2227,0.9228000044822693,0.8767,0.9574,1.6149,1.1996,1.165,1.1535,2026-08-09
sm2-121,Choice Band,normal,Guardians Rising,121,Uncommon,Eske Yoshinob,Pokémon Tool,,Trainer,2017/05/05,"tcgplayer,cardmarket",https://prices.pokemontcg.io/tcgplayer/sm2-121,https://images.pokemontcg.io/sm2/121_hires.png,2026/08/08,2025/11/21,0.34,0.03999999910593033,0.3400000035762787,17.479999542236328,,0.51,,,,0.5767,0.5191,0.5767,0.0,0.57669997215271,0.5652,0.5652,0.0,0.0,0.0,1.1535,2026-08-09
gym2-125,Transparent Walls,unlimited,Gym Challenge,125,Common,Keiji Kinebuchi,,,Trainer,2000/10/16,"tcgplayer,cardmarket",https://prices.pokemontcg.io/tcgplayer/gym2-125,https://images.pokemontcg.io/gym2/125_hires.png,2026/08/08,2025/12/28,1.19,0.5,1.0,19.979999542236328,,,,,"{""1stEdition"": {""low"": 0.81, ""mid"": 1.27, ""high"": 19.98, ""market"": 1.18, ""directLow"": null}}",1.142,0.1154,1.0612,0.0,0.57669997215271,1.5111,1.3381,0.0,0.0,0.0,1.1535,2026-08-09
sm4-108,Silvally-GX,holofoil,Crimson Invasion,108,Rare Ultra,5ban Graphics,Stage 1|GX,773,Pokémon,2017/11/03,"tcgplayer,cardmarket",https://prices.pokemontcg.io/tcgplayer/sm4-108,https://images.pokemontcg.io/sm4/108_hires.png,2026/08/08,2025/12/07,5.65,3.9700000286102295,5.539999961853027,19.989999771118164,,,,,,3.6912,2.2955,3.7027,0.0,2.8838000297546387,3.6335,4.441,8.9396,6.8633,6.0097,1.1535,2026-08-09
swsh4-118,Metagross,normal,Vivid Voltage,118,Rare,kawayoo,Stage 2,376,Pokémon,2020/11/13,"tcgplayer,cardmarket",https://prices.pokemontcg.io/tcgplayer/swsh4-118,https://images.pokemontcg.io/swsh4/118_hires.png,2026/08/08,2025/11/25,0.19,0.07999999821186066,0.23000000417232513,19.979999542236328,,0.39,,,,0.2192,0.0231,0.2538,0.4383,0.11540000140666962,0.2653,0.2192,0.2307,0.5421,0.4499,1.1535,2026-08-09
swsh2-122,Malamar VMAX,holofoil,Rebel Clash,122,Rare Holo VMAX,5ban Graphics,VMAX,687,Pokémon,2020/05/01,"tcgplayer,cardmarket",https://prices.pokemontcg.io/tcgplayer/swsh2-122,https://images.pokemontcg.io/swsh2/122_hires.png,2026/08/08,2025/11/21,2.31,1.5299999713897705,2.5,17.639999389648438,,,,,,2.7915,0.6921,2.3185,0.0,2.306999921798706,2.0186,2.5954,2.307,4.8101,5.0062,1.1535,2026-08-09
swsh1-120,Sableye V,holofoil,Sword & Shield,120,Rare Holo V,Eske Yoshinob,Basic|V,302,Pokémon,2020/02/07,"tcgplayer,cardmarket",https://prices.pokemontcg.io/tcgplayer/swsh1-120,https://images.pokemontcg.io/swsh1/120_hires.png,2026/08/08,2025/11/21,2.37,0.5,2.049999952316284,21.329999923706055,,,,,,1.7072,0.346,1.3496,0.0,1.4419000148773193,1.4303,1.6841,3.9796,3.5412,3.5412,1.1535,2026-08-09
sm8-119,Alolan Persian,normal,Lost Thunder,119,Rare,Tomokazu Komiya,Stage 1,53,Pokémon,2018/11/02,"tcgplayer,cardmarket",https://prices.pokemontcg.io/tcgplayer/sm8-119,https://images.pokemontcg.io/sm8/119_hires.png,2026/08/08,2025/11/21,3.28,1.0,3.1500000953674316,18.479999542236328,,7.63,,,,1.4419,0.0231,1.488,3.0683,0.8651000261306763,1.5342,1.0958,3.4605,3.6912,2.0071,1.1535,2026-08-09
ecard1-114,Koffing,normal,Expedition Base Set,114,Common,Hajime Kusajima,Basic,109,Pokémon,2002/09/15,"tcgplayer,cardmarket",https://prices.pokemontcg.io/tcgplayer/ecard1-114,https://images.pokemontcg.io/ecard1/114_hires.png,2026/08/08,2025/12/28,5.17,1.5,5.079999923706055,694.2000122070312,,26.08,,,,0.6114,0.1154,0.5998,2.8838,0.4383000135421753,0.6575,0.6344,2.8838,5.5137,5.6175,1.1535,2026-08-09
sm5-119,Cynthia,normal,Ultra Prism,119,Uncommon,Ken Sugimori,Supporter,,Trainer,2018/02/02,"tcgplayer,cardmarket",https://prices.pokemontcg.io/tcgplayer/sm5-119,https://images.pokemontcg.io/sm5/119_hires.png,2026/08/08,2025/11/21,0.57,0.15000000596046448,0.6200000047683716,8.989999771118164,,3.1,,,,0.2653,0.0231,0.2768,0.0,0.11540000140666962,0.3807,0.3576,0.8074,0.8074,0.8074,1.1535,2026-08-09
ecard2-95,Mr. Mime,normal,Aquapolis,95,Common,Yukiko Baba,Basic,122,Pokémon,2003/01/15,tcgplayer,https://prices.pokemontcg.io/tcgplayer/ecard2-95,https://images.pokemontcg.io/ecard2/95_hires.png,2026/08/08,,6.4,7.989999771118164,19.979999542236328,71.80000305175781,,28.17,,,,,,,,,,,,,,,2026-08-09
xy3-111,Korrina,holofoil,Furious Fists,111,Rare Ultra,Yusuke Ohmura,Supporter,,Trainer,2014/08/13,"tcgplayer,cardmarket",https://prices.pokemontcg.io/tcgplayer/xy3-111,https://images.pokemontcg.io/xy3/111_hires.png,2026/08/08,2025/12/28,39.62,23.979999542236328,35.34000015258789,798.0,,,,,,21.4436,6.7826,27.3495,0.0,31.144500732421875,25.6538,30.2563,23.0585,21.7781,15.8606,1.1535,2026-08-09
g1-RC32,Sylveon-EX,holofoil,Generations,RC32,Rare Ultra,Kanako Eo,Basic|EX,700,Pokémon,2016/02/22,"tcgplayer,cardmarket",https://prices.pokemontcg.io/tcgplayer/g1-RC32,https://images.pokemontcg.io/g1/RC32_hires.png,2026/08/08,2025/12/28,181.21,149.99000549316406,201.0,1497.469970703125,,,,,,78.8763,28.8375,87.9659,0.0,34.60499954223633,94.8984,81.6563,5.7675,12.1464,14.4187,1.1535,2026-08-09
xy10-114,Double Colorless Energy,normal,Fates Collide,114,Uncommon,5ban Graphics,Special,,Energy,2016/05/02,"tcgplayer,cardmarket",https://prices.pokemontcg.io/tcgplayer/xy10-114,https://images.pokemontcg.io/xy10/114_hires.png,2026/08/08,2025/12/07,0.53,0.23000000417232513,0.5299999713897705,18.440000534057617,,1.15,,,,6.3442,1.7302,2.5838,0.0,6.921000003814697,0.8421,0.8421,0.0577,0.0577,0.0577,1.1535,2026-08-09
dp3-130,Metal Energy,normal,Secret Wonders,130,Uncommon,Takumi Akabane,Special,,Energy,2007/11/01,"tcgplayer,cardmarket",https://prices.pokemontcg.io/tcgplayer/dp3-130,https://images.pokemontcg.io/dp3/130_hires.png,2026/08/08,2025/12/07,0.62,0.20000000298023224,0.5,19.979999542236328,,1.75,,,,1.0266,0.0231,0.7613,1.7302,0.57669997215271,0.7267,0.6229,1.3381,2.2724,1.6841,1.1535,2026-08-09
sm11-116,Riolu,normal,Unified Minds,116,Common,AKIRA EGAWA,Basic,447,Pokémon,2019/08/02,"tcgplayer,cardmarket",https://prices.pokemontcg.io/tcgplayer/sm11-116,https://images.pokemontcg.io/sm11/116_hires.png,2026/08/08,2025/11/21,0.38,0.14000000059604645,0.3700000047683716,19.979999542236328,,0.64,,,,0.173,0.0231,0.173,0.5998,0.40369999408721924,0.1846,0.173,0.6114,0.4729,0.5075,1.1535,2026-08-09
sm3-115a,Guzma,,Burning Shadows,115a,Uncommon,Masakazu Fukuda,Supporter,,Trainer,2017/08/05,cardmarket,https://prices.pokemontcg.io/cardmarket/sm3-115a,https://images.pokemontcg.io/sm3/115a_hires.png,,2025/11/21,,,,,,,,,,20.1863,17.3025,22.7816,0.0,17.302499771118164,23.07,17.5217,8.0745,5.2484,5.283,1.1535,2026-08-09
xy9-111,Scizor Spirit Link,normal,BREAKpoint,111,Uncommon,5ban Graphics,Pokémon Tool,,Trainer,2016/02/03,"tcgplayer,cardmarket",https://prices.pokemontcg.io/tcgplayer/xy9-111,https://images.pokemontcg.io/xy9/111_hires.png,2026/08/08,2025/12/07,0.24,0.07999999821186066,0.25,19.979999542236328,,0.86,,,,0.1961,0.0231,0.2192,0.6229,0.57669997215271,0.2192,0.1961,1.0958,0.6229,0.5421,1.1535,2026-08-09
ex10-E,Unown,holofoil,Unseen Forces,E,Rare,Shin-ichi Yoshikawa,Basic,201,Pokémon,2005/08/01,"tcgplayer,cardmarket",https://prices.pokemontcg.io/tcgplayer/ex10-E,https://images.pokemontcg.io/ex10/E_hires.png,2026/08/08,2026/01/16,38.09,35.13999938964844,36.5,499.8999938964844,,,,,,18.4099,5.7675,15.7222,0.0,23.012300491333008,15.3877,14.7071,5.7675,8.5705,4.8678,1.1535,2026-08-09
base4-122,Potion,normal,Base Set 2,122,Common,Keiji Kinebuchi,,,Trainer,2000/02/24,"tcgplayer,cardmarket",https://prices.pokemontcg.io/tcgplayer/base4-122,https://images.pokemontcg.io/base4/122_hires.png,2026/08/08,2025/12/28,0.23,0.009999999776482582,0.25,18.299999237060547,,,,,,0.0923,0.0231,0.0692,0.0,0.023099999874830246,0.0807,0.1154,0.0577,0.0577,0.0577,1.1535,2026-08-09
sm7-119,Exploud,normal,Celestial Storm,119,Rare,kawayoo,Stage 2,295,Pokémon,2018/08/03,"tcgplayer,cardmarket",https://prices.pokemontcg.io/tcgplayer/sm7-119,https://images.pokemontcg.io/sm7/119_hires.png,2026/08/08,2025/11/21,0.44,0.15000000596046448,0.4300000071525574,19.979999542236328,,0.5,,,,0.3922,0.0231,0.346,0.9228,0.19609999656677246,0.3807,0.346,0.9228,0.6344,0.7036,1.1535,2026-08-09
dp1-121,Infernape LV.X,holofoil,Diamond & Pearl,121,Rare Holo LV.X,Shizurow,Level-Up,392,Pokémon,2007/05/01,"tcgplayer,cardmarket",https://prices.pokemontcg.io/tcgplayer/dp1-121,https://images.pokemontcg.io/dp1/121_hires.png,2026/08/08,2025/12/28,138.74,43.130001068115234,90.19999694824219,529.7000122070312,,,,,,76.2117,4.5563,53.9031,0.0,34.59349822998047,32.2865,43.6254,11.5235,21.6627,15.8952,1.1535,2026-08-09
dp2-115,Team Galactic's Wager,normal,Mysterious Treasures,115,Uncommon,Ken Sugimori,Supporter,,Trainer,2007/08/01,"tcgplayer,cardmarket",https://prices.pokemontcg.io/tcgplayer/dp2-115,https://images.pokemontcg.io/dp2/115_hires.png,2026/08/08,2025/12/07,0.6,0.30000001192092896,0.5,19.979999542236328,,1.78,,,,0.3807,0.0231,0.5191,0.7498,0.3230000138282776,0.5421,0.4268,1.142,1.1996,1.142,1.1535,2026-08-09
swsh3-113,Thievul,normal,Darkness Ablaze,113,Rare,Akira Komayama,Stage 1,828,Pokémon,2020/08/14,"tcgplayer,cardmarket",https://prices.pokemontcg.io/tcgplayer/swsh3-113,https://images.pokemontcg.io/swsh3/113_hires.png,2026/08/08,2025/11/21,0.22,0.05000000074505806,0.23999999463558197,19.979999542236328,,0.39,,,,0.1269,0.0231,0.1384,0.7844,0.35760000348091125,0.173,0.15,0.4499,0.5998,0.6114,1.1535,2026-08-09
sm10-115,Krokorok,normal,Unbroken Bonds,115,Uncommon,SATOSHI NAKAI,Stage 1,552,Pokémon,2019/05/03,"tcgplayer,cardmarket",https://prices.pokemontcg.io/tcgplayer/sm10-115,https://images.pokemontcg.io/sm10/115_hires.png,2026/08/08,2025/11/21,0.17,0.03999999910593033,0.20999999344348907,19.979999542236328,,0.35,,,,0.0923,0.0231,0.1615,0.5537,0.23070000112056732,0.1154,0.15,0.5652,0.6114,0.5306,1.1535,2026-08-09
ecard3-84,Pikachu,normal,Skyridge,84,Common,Yuka Morii,Basic,25,Pokémon,2003/05/12,"tcgplayer,cardmarket",https://prices.pokemontcg.io/tcgplayer/ecard3-84,https://images.pokemontcg.io/ecard3/84_hires.png,2026/08/08,2025/12/12,142.74,200.0,315.0,1005.7000122070312,,,,,,22.2626,11.535,23.243,57.6635,33.16310119628906,24.2235,26.4728,57.6635,51.1462,60.5818,1.1535,2026-08-09
bw11-RC12,Stunfisk,holofoil,Legendary Treasures,RC12,Uncommon,Akira Komayama,Basic,618,Pokémon,2013/11/06,"tcgplayer,cardmarket",https://prices.pokemontcg.io/tcgplayer/bw11-RC12,https://images.pokemontcg.io/bw11/RC12_hires.png,2026/08/08,2025/12/07,5.55,2.0,5.099999904632568,49.9900016784668,,,,,,0.2307,0.2307,1.2919,1.0035,1.3841999769210815,1.4303,1.0728,2.2493,1.0035,1.3496,1.1535,2026-08-09
xy5-131,Groudon Spirit Link,normal,Primal Clash,131,Uncommon,5ban Graphics,Pokémon Tool,,Trainer,2015/02/04,"tcgplayer,cardmarket",https://prices.pokemontcg.io/tcgplayer/xy5-131,https://images.pokemontcg.io/xy5/131_hires.png,2026/08/08,2025/11/21,0.32,0.07000000029802322,0.30000001192092896,19.979999542236328,,0.97,,,,0.2422,0.0231,0.2307,0.5767,0.5651999711990356,0.2538,0.5075,0.5767,1.2458,1.5457,1.1535,2026-08-09
sm1-119,Great Ball,normal,Sun & Moon,119,Uncommon,Ryo Ueda,Item,,Trainer,2017/02/03,"tcgplayer,cardmarket",https://prices.pokemontcg.io/tcgplayer/sm1-119,https://images.pokemontcg.io/sm1/119_hires.png,2026/08/08,2025/12/07,0.09,0.009999999776482582,0.20000000298023224,16.8799991607666,,0.33,,,,0.2307,0.0346,0.1961,0.0,0.23070000112056732,0.1615,0.1615,0.0,0.0,0.0,1.1535,2026-08-09
gym1-132,Water Energy,unlimited,Gym Heroes,132,,Keiji Kinebuchi,Basic,,Energy,2000/08/14,"tcgplayer,cardmarket",https://prices.pokemontcg.io/tcgplayer/gym1-132,https://images.pokemontcg.io/gym1/132_hires.png,2026/08/08,2025/12/28,0.56,0.20000000298023224,0.46000000834465027,2.7899999618530273,,,,,"{""1stEdition"": {""low"": 0.62, ""mid"": 1.03, ""high"": 19.99, ""market"": 2.05, ""directLow"": 19.76}}",0.8536,0.0231,0.9113,0.0,1.7187000513076782,0.7844,0.646,0.6921,0.6921,0.6921,1.1535,2026-08-09
xy4-115,Malamar-EX,holofoil,Phantom Forces,115,Rare Ultra,Ryo Ueda,Basic|EX,687,Pokémon,2014/11/05,"tcgplayer,cardmarket",https://prices.pokemontcg.io/tcgplayer/xy4-115,https://images.pokemontcg.io/xy4/115_hires.png,2026/08/08,2025/12/07,19.49,9.989999771118164,18.950000762939453,189.89999389648438,,,,,,12.3309,4.6025,13.2652,0.0,10.762200355529785,10.9929,13.5652,14.9955,7.3247,6.4827,1.1535,2026-08-09
sm12-122,Crabominable,normal,Cosmic Eclipse,122,Rare,tetsuya koizumi,Stage 1,740,Pokémon,2019/11/01,"tcgplayer,cardmarket",https://prices.pokemontcg.io/tcgplayer/sm12-122,https://images.pokemontcg.io/sm12/122_hires.png,2026/08/08,2025/11/21,0.22,0.10000000149011612,0.25,19.979999542236328,,0.48,,,,0.1846,0.0461,0.0231,0.7844,0.17299999296665192,0.1384,0.2884,0.2884,0.8651,0.7036,1.1535,2026-08-09
dp6-124,Taillow,normal,Legends Awakened,124,Common,Takao Unno,Basic,276,Pokémon,2008/08/01,"tcgplayer,cardmarket",https://prices.pokemontcg.io/tcgplayer/dp6-124,https://images.pokemontcg.io/dp6/124_hires.png,2026/08/08,2025/12/07,0.25,0.09000000357627869,0.25,5.0,,2.1,,,,0.173,0.0231,0.2538,0.0,0.57669997215271,0.2422,0.173,8.0168,1.8917,1.2689,1.1535,2026-08-09
smp-SM120,Rockruff,holofoil,SM Black Star Promos,SM120,Promo,Hideki Ishikawa,Basic,744,Pokémon,2017/02/03,"tcgplayer,cardmarket",https://prices.pokemontcg.io/tcgplayer/smp-SM120,https://images.pokemontcg.io/smp/SM120_hires.png,2026/08/08,2025/11/21,2.39,1.0700000524520874,2.2100000381469727,30.399999618530273,,,,,,3.8527,0.346,3.6451,0.0,4.23330020904541,3.9104,3.7835,2.2493,1.5226,2.4685,1.1535,2026-08-09
sm4-109,Gladion,holofoil,Crimson Invasion,109,Rare Ultra,TOKIYA,Supporter,,Trainer,2017/11/03,"tcgplayer,cardmarket",https://prices.pokemontcg.io/tcgplayer/sm4-109,https://images.pokemontcg.io/sm4/109_hires.png,2026/08/08,2025/12/07,16.45,13.779999732971191,18.010000228881836,311.79998779296875,,,,,,14.8917,4.5909,15.1224,0.0,12.665399551391602,14.9494,15.4454,10.0931,12.1348,11.0851,1.1535,2026-08-09
sm10-116,Krookodile,normal,Unbroken Bonds,116,Rare,Anesaki Dynamic,Stage 2,553,Pokémon,2019/05/03,"tcgplayer,cardmarket",https://prices.pokemontcg.io/tcgplayer/sm10-116,https://images.pokemontcg.io/sm10/116_hires.png,2026/08/08,2025/11/21,0.39,0.15000000596046448,0.38999998569488525,19.979999542236328,,0.55,,,,0.3691,0.1154,0.4268,0.8651,0.57669997215271,0.3576,0.4268,0.8651,1.0266,0.8536,1.1535,2026-08-09
gym2-126,Warp Point,unlimited,Gym Challenge,126,Common,Keiji Kinebuchi,,,Trainer,2000/10/16,"tcgplayer,cardmarket",https://prices.pokemontcg.io/tcgplayer/gym2-126,https://images.pokemontcg.io/gym2/126_hires.png,2026/08/08,2025/12/28,1.53,0.25,1.0,19.979999542236328,,,,,"{""1stEdition"": {""low"": 0.75, ""mid"": 1.5, ""high"": 19.98, ""market"": 1.51, ""directLow"": 1.22}}",1.3611,0.1154,1.6841,0.0,1.1303999423980713,1.315,1.2112,0.0,0.0,0.0,1.1535,2026-08-09
sm12-123,Rockruff,normal,Cosmic Eclipse,123,Common,Saya Tsuruta,Basic,744,Pokémon,2019/11/01,"tcgplayer,cardmarket",https://prices.pokemontcg.io/tcgplayer/sm12-123,https://images.pokemontcg.io/sm12/123_hires.png,2026/08/08,2025/11/21,0.39,0.15000000596046448,0.4099999964237213,19.979999542236328,,2.03,,,,0.1269,0.0231,0.1615,0.4037,0.03460000082850456,0.1154,0.1269,0.5767,0.3922,0.3576,1.1535,2026-08-09
bw7-126,Audino,normal,Boundaries Crossed,126,Rare,Mitsuhiro Arita,Basic,531,Pokémon,2012/11/07,"tcgplayer,cardmarket",https://prices.pokemontcg.io/tcgplayer/bw7-126,https://images.pokemontcg.io/bw7/126_hires.png,2026/08/08,2025/11/21,0.76,0.5,0.9900000095367432,19.979999542236328,,1.83,,,,0.5421,0.0923,0.5306,1.638,0.34599998593330383,0.4845,0.5652,1.7302,1.8687,1.4073,1.1535,2026-08-09
xy9-112,Tierno,normal,BREAKpoint,112,Uncommon,Ken Sugimori,Supporter,,Trainer,2016/02/03,"tcgplayer,cardmarket",https://prices.pokemontcg.io/tcgplayer/xy9-112,https://images.pokemontcg.io/xy9/112_hires.png,2026/08/08,2025/12/07,0.13,0.009999999776482582,0.18000000715255737,1000.0,,0.39,,,,0.0807,0.0231,0.0577,0.5191,0.11540000140666962,0.0577,0.0692,0.5767,0.5075,0.3922,1.1535,2026-08-09
swsh3-114,Grimmsnarl V,holofoil,Darkness Ablaze,114,Rare Holo V,5ban Graphics,Basic|V,861,Pokémon,2020/08/14,"tcgplayer,cardmarket",https://prices.pokemontcg.io/tcgplayer/swsh3-114,https://images.pokemontcg.io/swsh3/114_hires.png,2026/08/08,2025/11/21,0.75,0.5,0.9900000095367432,5.0,,,,,,1.2573,0.2307,1.3957,0.0,1.0497000217437744,1.2573,1.2804,0.7728,1.3265,1.9263,1.1535,2026-08-09
pl1-122,Dialga G LV.X,holofoil,Platinum,122,Rare Holo LV.X,Mitsuhiro Arita,Level-Up|SP,483,Pokémon,2009/02/11,"tcgplayer,cardmarket",https://prices.pokemontcg.io/tcgplayer/pl1-122,https://images.pokemontcg.io/pl1/122_hires.png,2026/08/08,2025/12/07,189.2,49.38999938964844,186.99000549316406,749.9000244140625,,,,,,27.3264,4.614,28.8952,0.0,26.518999099731445,30.983,23.0585,8.063,22.3087,16.9911,1.1535,2026-08-09
xy10-115,Strong Energy,normal,Fates Collide,115,Uncommon,5ban Graphics,Special,,Energy,2016/05/02,"tcgplayer,cardmarket",https://prices.pokemontcg.io/tcgplayer/xy10-115,https://images.pokemontcg.io/xy10/115_hires.png,2026/08/08,2025/12/07,0.86,0.4000000059604645,0.75,4.0,,1.13,,,,0.5767,1.1535,0.5883,0.0,0.57669997215271,0.2768,0.2768,0.0,0.0,0.0,1.1535,2026-08-09
ecard2-103,Porygon,,Aquapolis,103,Common,Masako Yamashita,Basic,137,Pokémon,2003/01/15,,,https://images.pokemontcg.io/ecard2/103_hires.png,,,,,,,,,,,,,,,,,,,,,,,2026-08-09
pl3-126,Shinx,normal,Supreme Victors,126,Common,Kouki Saitou,Basic,403,Pokémon,2009/08/19,"tcgplayer,cardmarket",https://prices.pokemontcg.io/tcgplayer/pl3-126,https://images.pokemontcg.io/pl3/126_hires.png,2026/08/08,2025/11/25,0.43,0.25,0.41999998688697815,19.979999542236328,,6.0,,,,0.2768,0.0231,0.1269,0.0,0.15000000596046448,0.1384,0.2999,2.307,3.945,2.1801,1.1535,2026-08-09
bw6-127,Krookodile,holofoil,Dragons Exalted,127,Rare Secret,5ban Graphics,Stage 2,553,Pokémon,2012/08/15,"tcgplayer,cardmarket",https://prices.pokemontcg.io/tcgplayer/bw6-127,https://images.pokemontcg.io/bw6/127_hires.png,2026/08/08,2025/11/25,191.76,228.99000549316406,240.49000549316406,399.989990234375,,,,,,96.1212,17.3025,50.258,0.0,69.20999908447266,54.376,49.6466,28.826,32.621,24.8925,1.1535,2026-08-09
xy5-138,Scorched Earth,normal,Primal Clash,138,Uncommon,Ryo Ueda,Stadium,,Trainer,2015/02/04,"tcgplayer,cardmarket",https://prices.pokemontcg.io/tcgplayer/xy5-138,https://images.pokemontcg.io/xy5/138_hires.png,2026/08/08,2025/11/21,0.23,0.10000000149011612,0.25,1000.0,,0.33,,,,0.1961,0.0231,0.2999,0.8882,0.57669997215271,0.3807,0.2999,0.2307,0.8651,0.7152,1.1535,2026-08-09
swsh4-125,Galarian Stunfisk,normal,Vivid Voltage,125,Uncommon,Akira Komayama,Basic,618,Pokémon,2020/11/13,"tcgplayer,cardmarket",https://prices.pokemontcg.io/tcgplayer/swsh4-125,https://images.pokemontcg.io/swsh4/125_hires.png,2026/08/08,2025/11/21,0.06,0.009999999776482582,0.15000000596046448,19.979999542236328,,0.21,,,,0.0692,0.0231,0.1269,0.2768,0.11540000140666962,0.1154,0.0807,0.0461,0.1615,0.2076,1.1535,2026-08-09
xy9-117,Espeon-EX,holofoil,BREAKpoint,117,Rare Ultra,Ryo Ueda,Basic|EX,196,Pokémon,2016/02/03,"tcgplayer,cardmarket",https://prices.pokemontcg.io/tcgplayer/xy9-117,https://images.pokemontcg.io/xy9/117_hires.png,2026/08/08,2025/12/07,76.01,48.5,59.9900016784668,149.9499969482422,,,,,,60.4434,17.291,51.2154,0.0,34.59349822998047,55.8755,61.2278,25.377,20.763,21.9742,1.1535,2026-08-09
swsh1-128,Galarian Perrserker,holofoil,Sword & Shield,128,Rare Holo,Mitsuhiro Arita,Stage 1,863,Pokémon,2020/02/07,"tcgplayer,cardmarket",https://prices.pokemontcg.io/tcgplayer/swsh1-128,https://images.pokemontcg.io/swsh1/128_hires.png,2026/08/08,2025/11/21,0.42,0.2199999988079071,0.44999998807907104,18.079999923706055,,0.54,,,,0.9228,0.0577,1.315,1.6149,2.306999921798706,1.3265,0.9459,0.5191,1.7302,1.3035,1.1535,2026-08-09
bw11-RC18,Minccino,holofoil,Legendary Treasures,RC18,Common,sui,Basic,572,Pokémon,2013/11/06,"tcgplayer,cardmarket",https://prices.pokemontcg.io/tcgplayer/bw11-RC18,https://images.pokemontcg.io/bw11/RC18_hires.png,2026/08/08,2025/11/21,8.68,3.9700000286102295,8.609999656677246,29.989999771118164,,,,,,1.2804,0.5767,1.4765,4.614,2.306999921798706,1.1535,1.3611,4.6025,5.3522,2.6877,1.1535,2026-08-09
ex10-K,Unown,holofoil,Unseen Forces,K,Rare,Nakaoka,Basic,201,Pokémon,2005/08/01,"tcgplayer,cardmarket",https://prices.pokemontcg.io/tcgplayer/ex10-K,https://images.pokemontcg.io/ex10/K_hires.png,2026/08/08,2025/12/07,54.5,28.479999542236328,44.439998626708984,479.8999938964844,,,,,,18.456,4.614,16.0913,10.9582,40.8916015625,16.8065,12.5847,10.9582,9.078,6.0789,1.1535,2026-08-09
xy1-128,Super Potion,normal,XY,128,Uncommon,5ban Graphics,Item,,Trainer,2014/02/05,"tcgplayer,cardmarket",https://prices.pokemontcg.io/tcgplayer/xy1-128,https://images.pokemontcg.io/xy1/128_hires.png,2026/08/08,2025/12/07,0.29,0.05000000074505806,0.28999999165534973,1000.0,,1.21,,,,0.15,0.0231,0.2192,0.2999,0.57669997215271,0.1846,0.173,0.1154,0.3691,0.7382,1.1535,2026-08-09
sm11-123,Meloetta,normal,Unified Minds,123,Rare,Kouki Saitou,Basic,648,Pokémon,2019/08/02,"tcgplayer,cardmarket",https://prices.pokemontcg.io/tcgplayer/sm11-123,https://images.pokemontcg.io/sm11/123_hires.png,2026/08/08,2025/11/21,0.57,0.23999999463558197,0.5699999928474426,18.5,,1.15,,,,0.4729,0.1038,0.3114,1.1074,0.18459999561309814,0.3345,0.5537,0.4614,1.8225,1.4419,1.1535,2026-08-09
sm1-128,Professor Kukui,normal,Sun & Moon,128,Uncommon,Ken Sugimori,Supporter,,Trainer,2017/02/03,"tcgplayer,cardmarket",https://prices.pokemontcg.io/tcgplayer/sm1-128,https://images.pokemontcg.io/sm1/128_hires.png,2026/08/08,2025/12/07,0.15,0.019999999552965164,0.20000000298023224,1000.0,,0.31,,,,4.3372,3.4605,5.9636,0.0,2.6530001163482666,3.6566,4.4294,2.0763,2.2955,1.9725,1.1535,2026-08-09
sm7-125,Beast Ball,normal,Celestial Storm,125,Uncommon,Ryo Ueda,Item,,Trainer,2018/08/03,"tcgplayer,cardmarket",https://prices.pokemontcg.io/tcgplayer/sm7-125,https://images.pokemontcg.io/sm7/125_hires.png,2026/08/08,2025/11/21,0.27,0.10000000149011612,0.27000001072883606,19.979999542236328,,0.59,,,,0.1846,0.0231,0.1846,0.6229,0.23070000112056732,0.1961,0.2192,0.4037,0.5883,0.7498,1.1535,2026-08-09
sm5-124,Gardenia,normal,Ultra Prism,124,Uncommon,Ken Sugimori,Supporter,,Trainer,2018/02/02,"tcgplayer,cardmarket",https://prices.pokemontcg.io/tcgplayer/sm5-124,https://images.pokemontcg.io/sm5/124_hires.png,2026/08/08,2025/11/21,0.28,0.20000000298023224,0.3100000023841858,19.979999542236328,,0.51,,,,0.2192,0.0231,0.2192,0.2307,0.28839999437332153,0.2422,0.173,0.346,0.2422,0.3576,1.1535,2026-08-09
ecard1-121,Meowth,normal,Expedition Base Set,121,Common,Hironobu Yoshida,Basic,52,Pokémon,2002/09/15,"tcgplayer,cardmarket",https://prices.pokemontcg.io/tcgplayer/ecard1-121,https://images.pokemontcg.io/ecard1/121_hires.png,2026/08/08,2025/12/07,5.59,3.0,5.710000038146973,47.97999954223633,,86.82,,,,2.0878,0.1154,1.9033,0.0,1.153499960899353,1.2458,2.0417,3.795,5.8367,6.4942,1.1535,2026-08-09
bw7-133,Rocky Helmet,normal,Boundaries Crossed,133,Uncommon,Ryo Ueda,Pokémon Tool,,Trainer,2012/11/07,"tcgplayer,cardmarket",https://prices.pokemontcg.io/tcgplayer/bw7-133,https://images.pokemontcg.io/bw7/133_hires.png,2026/08/08,2025/11/21,0.21,0.1599999964237213,0.3499999940395355,19.979999542236328,,0.76,,,,0.2884,0.0231,0.2653,0.6114,0.34599998593330383,0.2999,0.2538,0.8651,0.7267,0.8074,1.1535,2026-08-09
sm9-134,Black Market ◇,holofoil,Team Up,134,Rare Prism Star,5ban Graphics,Stadium|Prism Star,,Trainer,2019/02/01,"tcgplayer,cardmarket",https://prices.pokemontcg.io/tcgplayer/sm9-134,https://images.pokemontcg.io/sm9/134_hires.png,2026/08/08,2025/11/21,2.45,1.0,2.450000047683716,29.989999771118164,,,,,,2.2955,0.4614,2.6184,0.0,5.421500205993652,2.1224,2.2378,3.449,3.2759,2.1916,1.1535,2026-08-09
swsh2-129,Bronzor,normal,Rebel Clash,129,Common,Midori Harada,Basic,436,Pokémon,2020/05/01,"tcgplayer,cardmarket",https://prices.pokemontcg.io/tcgplayer/swsh2-129,https://images.pokemontcg.io/swsh2/129_hires.png,2026/08/08,2025/11/21,0.02,0.009999999776482582,0.1599999964237213,19.979999542236328,,0.26,,,,0.0461,0.0231,0.0461,0.2422,0.03460000082850456,0.0461,0.0577,0.2307,0.2422,0.1961,1.1535,2026-08-09
xy8-125,Starly,normal,BREAKthrough,125,Common,Kyoko Umemoto,Basic,396,Pokémon,2015/11/04,"tcgplayer,cardmarket",https://prices.pokemontcg.io/tcgplayer/xy8-125,https://images.pokemontcg.io/xy8/125_hires.png,2026/08/08,2025/11/21,0.2,0.029999999329447746,0.20999999344348907,1000.0,,0.45,,,,0.1269,0.0231,0.15,0.2768,0.28839999437332153,0.15,0.1038,0.5306,0.4153,0.4845,1.1535,2026-08-09
ecard3-90,Rattata,normal,Skyridge,90,Common,Masako Yamashita,Basic,19,Pokémon,2003/05/12,"tcgplayer,cardmarket",https://prices.pokemontcg.io/tcgplayer/ecard3-90,https://images.pokemontcg.io/ecard3/90_hires.png,2026/08/08,2025/12/07,11.79,29.959999084472656,58.52000045776367,185.8800048828125,,46.66,,,,0.9113,0.1154,0.7152,9.2972,0.25380000472068787,0.7267,1.0151,11.8234,10.8198,7.4977,1.1535,2026-08-09
sm3-121,Po Town,normal,Burning Shadows,121,Uncommon,5ban Graphics,Stadium,,Trainer,2017/08/05,"tcgplayer,cardmarket",https://prices.pokemontcg.io/tcgplayer/sm3-121,https://images.pokemontcg.io/sm3/121_hires.png,2026/08/08,2025/11/21,0.04,0.009999999776482582,0.20000000298023224,19.979999542236328,,0.28,,,,0.0577,0.0231,0.0577,0.2653,0.023099999874830246,0.0577,0.0577,0.346,0.2768,0.2999,1.1535,2026-08-09
dp1-130,Metal Energy,normal,Diamond & Pearl,130,Common,,Basic,,Energy,2007/05/01,"tcgplayer,cardmarket",https://prices.pokemontcg.io/tcgplayer/dp1-130,https://images.pokemontcg.io/dp1/130_hires.png,2026/08/08,2025/12/07,2.26,0.75,1.2999999523162842,33.0,,,,,,0.1269,0.0231,0.2422,0.0,0.34599998593330383,0.1615,0.2538,4.6025,3.9334,2.0763,1.1535,2026-08-09
sm10-121,Alolan Diglett,normal,Unbroken Bonds,121,Common,Atsuko Nishida,Basic,50,Pokémon,2019/05/03,"tcgplayer,cardmarket",https://prices.pokemontcg.io/tcgplayer/sm10-121,https://images.pokemontcg.io/sm10/121_hires.png,2026/08/08,2025/11/21,0.25,0.05000000074505806,0.25,19.979999542236328,,0.34,,,,0.1154,0.0231,0.1154,0.3576,0.04610000178217888,0.1269,0.1269,0.173,0.4499,0.3114,1.1535,2026-08-09
dp6-131,Cynthia's Feelings,normal,Legends Awakened,131,Uncommon,Ken Sugimori,Supporter,,Trainer,2008/08/01,"tcgplayer,cardmarket",https://prices.pokemontcg.io/tcgplayer/dp6-131,https://images.pokemontcg.io/dp6/131_hires.png,2026/08/08,2025/11/25,0.92,0.15000000596046448,0.7599999904632568,19.979999542236328,,19.98,,,,0.2653,0.0231,0.2538,1.7533,0.08070000261068344,0.2422,0.2538,0.9228,3.5066,3.8988,1.1535,2026-08-09
sm12-130,Alolan Grimer,normal,Cosmic Eclipse,130,Common,Sekio,Basic,88,Pokémon,2019/11/01,"tcgplayer,cardmarket",https://prices.pokemontcg.io/tcgplayer/sm12-130,https://images.pokemontcg.io/sm12/130_hires.png,2026/08/08,2025/11/21,0.14,0.03999999910593033,0.20000000298023224,19.979999542236328,,0.38,,,,0.0807,0.0231,0.0577,0.3691,0.06920000165700912,0.0461,0.0692,0.6921,0.3807,0.346,1.1535,2026-08-09
xy10-123,Altaria-EX,holofoil,Fates Collide,123,Rare Ultra,Ryo Ueda,Basic|EX,334,Pokémon,2016/05/02,"tcgplayer,cardmarket",https://prices.pokemontcg.io/tcgplayer/xy10-123,https://images.pokemontcg.io/xy10/123_hires.png,2026/08/08,2025/11/21,13.44,6.110000133514404,13.449999809265137,60.529998779296875,,,,,,24.2812,4.6025,19.8056,0.0,8.651200294494629,20.0363,17.0257,8.0745,6.7018,6.1482,1.1535,2026-08-09
dp2-122,Lucario LV.X,holofoil,Mysterious Treasures,122,Rare Holo LV.X,Ryo Ueda,Level-Up,448,Pokémon,2007/08/01,"tcgplayer,cardmarket",https://prices.pokemontcg.io/tcgplayer/dp2-122,https://images.pokemontcg.io/dp2/122_hires.png,2026/08/08,2025/12/07,116.82,83.37999725341797,127.87999725341797,800.0,,,,,,34.5243,10.3584,49.0007,0.0,40.372501373291016,33.0016,36.3929,69.1523,33.44,15.2262,1.1535,2026-08-09
bw8-123,Hypnotoxic Laser,normal,Plasma Storm,123,Uncommon,5ban Graphics,Item|Team Plasma,,Trainer,2013/02/06,"tcgplayer,cardmarket",https://prices.pokemontcg.io/tcgplayer/bw8-123,https://images.pokemontcg.io/bw8/123_hires.png,2026/08/08,2025/12/07,2.31,0.8500000238418579,2.119999885559082,19.989999771118164,,11.82,,,,0.819,0.0231,0.8767,0.0,0.8421000242233276,0.5306,1.1881,6.921,6.0789,5.9521,1.1535,2026-08-09
sm2-126,Hala,normal,Guardians Rising,126,Uncommon,Ken Sugimori,Supporter,,Trainer,2017/05/05,"tcgplayer,cardmarket",https://prices.pokemontcg.io/tcgplayer/sm2-126,https://images.pokemontcg.io/sm2/126_hires.png,2026/08/08,2025/11/21,0.15,0.009999999776482582,0.20000000298023224,19.979999542236328,,0.26,,,,0.0577,0.0231,0.0346,0.323,0.023099999874830246,0.0461,0.0807,0.5767,0.323,0.2999,1.1535,2026-08-09
sm6-116,Unidentified Fossil,normal,Forbidden Light,116,Uncommon,Toyste Beach,Item,,Trainer,2018/05/04,"tcgplayer,cardmarket",https://prices.pokemontcg.io/tcgplayer/sm6-116,https://images.pokemontcg.io/sm6/116_hires.png,2026/08/08,2025/11/21,0.27,0.029999999329447746,0.25999999046325684,19.979999542236328,,0.4,,,,0.1384,0.0231,0.1615,0.5652,0.11540000140666962,0.1384,0.1269,0.5652,0.3922,0.4383,1.1535,2026-08-09
swsh3-120,Skarmory,normal,Darkness Ablaze,120,Common,NC Empire,Basic,227,Pokémon,2020/08/14,"tcgplayer,cardmarket",https://prices.pokemontcg.io/tcgplayer/swsh3-120,https://images.pokemontcg.io/swsh3/120_hires.png,2026/08/08,2025/11/21,0.04,0.009999999776482582,0.17000000178813934,25.040000915527344,,0.29,,,,0.0461,0.0231,0.0577,0.1384,0.023099999874830246,0.0577,0.0461,0.2307,0.173,0.1846,1.1535,2026-08-09
smp-SM128,Alolan Ninetales,normal,SM Black Star Promos,SM128,Promo,kirisAki,Stage 1,38,Pokémon,2017/02/03,"tcgplayer,cardmarket",https://prices.pokemontcg.io/tcgplayer/smp-SM128,https://images.pokemontcg.io/smp/SM128_hires.png,2026/08/08,2025/11/21,6.26,19.989999771118164,19.989999771118164,19.989999771118164,,,,,,9.228,0.0,7.7515,0.0,9.227999687194824,6.2635,5.7329,2.8838,4.1295,4.5679,1.1535,2026-08-09
sm1-129,Rare Candy,normal,Sun & Moon,129,Uncommon,Toyste Beach,Item,,Trainer,2017/02/03,"tcgplayer,cardmarket",https://prices.pokemontcg.io/tcgplayer/sm1-129,https://images.pokemontcg.io/sm1/129_hires.png,2026/08/08,2025/12/07,0.24,0.03999999910593033,0.25999999046325684,15.210000038146973,,0.53,,,,0.3345,0.0231,0.2538,0.8997,0.23070000112056732,0.2422,0.2422,0.9113,0.8882,0.7267,1.1535,2026-08-09
xy5-139,Shrine of Memories,normal,Primal Clash,139,Uncommon,Ryo Ueda,Stadium,,Trainer,2015/02/04,"tcgplayer,cardmarket",https://prices.pokemontcg.io/tcgplayer/xy5-139,https://images.pokemontcg.io/xy5/139_hires.png,2026/08/08,2025/11/21,0.28,0.07999999821186066,0.2800000011920929,19.979999542236328,,0.36,,,,0.4037,0.0577,0.4383,1.4419,0.28839999437332153,0.3345,0.4153,0.9228,0.8767,1.2342,1.1535,2026-08-09
dp6-132,Energy Pickup,normal,Legends Awakened,132,Uncommon,Kent Kanetsuna,Item,,Trainer,2008/08/01,"tcgplayer,cardmarket",https://prices.pokemontcg.io/tcgplayer/dp6-132,https://images.pokemontcg.io/dp6/132_hires.png,2026/08/08,2025/11/25,1.0,0.5,0.7900000214576721,19.979999542236328,,2.67,,,,0.346,0.0231,0.5075,0.0,0.4499000012874603,0.3576,0.7267,0.5306,1.6841,1.4649,1.1535,2026-08-09
sm6-117,Beast Energy ◇,holofoil,Forbidden Light,117,Rare Prism Star,,Special|Prism Star,,Energy,2018/05/04,"tcgplayer,cardmarket",https://prices.pokemontcg.io/tcgplayer/sm6-117,https://images.pokemontcg.io/sm6/117_hires.png,2026/08/08,2025/11/21,1.53,0.8799999952316284,1.5,5.0,,,,,,0.0,2.7569,2.7569,0.0,3.4605000019073486,1.5572,1.5572,0.0,0.0,0.0,1.1535,2026-08-09
sm4-117,Kartana-GX,holofoil,Crimson Invasion,117,Rare Rainbow,5ban Graphics,Basic|GX|Ultra Beast,798,Pokémon,2017/11/03,"tcgplayer,cardmarket",https://prices.pokemontcg.io/tcgplayer/sm4-117,https://images.pokemontcg.io/sm4/117_hires.png,2026/08/08,2025/12/07,11.42,12.59000015258789,14.850000381469727,109.26000213623047,,,,,,10.8198,3.4374,9.1242,0.0,6.921000003814697,9.5048,8.5359,12.0541,12.4809,11.6273,1.1535,2026-08-09
sm2-127,Mallow,normal,Guardians Rising,127,Uncommon,Ken Sugimori,Supporter,,Trainer,2017/05/05,"tcgplayer,cardmarket",https://prices.pokemontcg.io/tcgplayer/sm2-127,https://images.pokemontcg.io/sm2/127_hires.png,2026/08/08,2025/11/21,0.3,0.09000000357627869,0.28999999165534973,4.0,,0.45,,,,0.1038,0.0231,0.1154,0.5306,0.11540000140666962,0.1615,0.1154,0.0577,0.4614,0.4383,1.1535,2026-08-09
smp-SM129,Kyogre,holofoil,SM Black Star Promos,SM129,Promo,Anesaki Dynamic,Basic,382,Pokémon,2017/02/03,"tcgplayer,cardmarket",https://prices.pokemontcg.io/tcgplayer/smp-SM129,https://images.pokemontcg.io/smp/SM129_hires.png,2026/08/08,2025/11/21,33.5,22.829999923706055,45.0,394.5,,,,,,79.5684,13.7266,71.1479,0.0,16.137500762939453,75.7734,37.9963,12.4924,12.3771,8.0284,1.1535,2026-08-09
sm9-135,Brock's Grit,normal,Team Up,135,Uncommon,Naoki Saito,Supporter,,Trainer,2019/02/01,"tcgplayer,cardmarket",https://prices.pokemontcg.io/tcgplayer/sm9-135,https://images.pokemontcg.io/sm9/135_hires.png,2026/08/08,2025/11/21,0.27,0.10000000149011612,0.25,19.979999542236328,,0.41,,,,0.1269,0.0231,0.1038,0.2999,0.10379999876022339,0.0807,0.15,0.5767,0.4153,0.4383,1.1535,2026-08-09
xy10-124,Team Rocket's Handiwork,holofoil,Fates Collide,124,Rare Ultra,Hitoshi Ariga,Supporter,,Trainer,2016/05/02,"tcgplayer,cardmarket",https://prices.pokemontcg.io/tcgplayer/xy10-124,https://images.pokemontcg.io/xy10/124_hires.png,2026/08/08,2025/11/21,26.54,15.5,25.260000228881836,138.4199981689453,,,,,,27.9954,11.535,32.6094,0.0,20.76300048828125,30.5908,31.0061,11.4773,7.1863,7.2209,1.1535,2026-08-09
sm5-125,Lillie,normal,Ultra Prism,125,Uncommon,Sanosuke Sakuma,Supporter,,Trainer,2018/02/02,"tcgplayer,cardmarket",https://prices.pokemontcg.io/tcgplayer/sm5-125,https://images.pokemontcg.io/sm5/125_hires.png,2026/08/08,2025/11/21,0.34,0.05000000074505806,0.3400000035762787,2.990000009536743,,4.48,,,,6.921,0.8074,3.5874,0.0,2.306999921798706,2.3185,1.5226,0.0,0.0,0.0,1.1535,2026-08-09
pl1-130,Scyther,holofoil,Platinum,130,Rare Secret,Ken Sugimori,Basic,123,Pokémon,2009/02/11,"tcgplayer,cardmarket",https://prices.pokemontcg.io/tcgplayer/pl1-130,https://images.pokemontcg.io/pl1/130_hires.png,2026/08/08,2025/12/07,30.76,23.219999313354492,44.97999954223633,499.70001220703125,,,,,,19.3211,4.441,11.1197,0.0,17.01409912109375,13.519,19.9209,20.763,14.5802,8.5013,1.1535,2026-08-09
ex10-L,Unown,holofoil,Unseen Forces,L,Rare,Nakaoka,Basic,201,Pokémon,2005/08/01,"tcgplayer,cardmarket",https://prices.pokemontcg.io/tcgplayer/ex10-L,https://images.pokemontcg.io/ex10/L_hires.png,2026/08/08,2025/12/07,27.77,38.0,56.08000183105469,704.0,,,,,,13.9112,3.4605,10.4276,0.0,3.4605000019073486,12.181,11.9849,14.4187,7.9707,5.0523,1.1535,2026-08-09
bw7-134,Skyla,normal,Boundaries Crossed,134,Uncommon,Yusuke Ohmura,Supporter,,Trainer,2012/11/07,"tcgplayer,cardmarket",https://prices.pokemontcg.io/tcgplayer/bw7-134,https://images.pokemontcg.io/bw7/134_hires.png,2026/08/08,2025/11/21,0.31,0.09000000357627869,0.30000001192092896,5.0,,0.69,,,,0.1154,0.0231,0.1615,1.1535,0.11540000140666962,0.1269,0.1961,1.1535,0.8421,0.9459,1.1535,2026-08-09
pl3-127,Shroomish,normal,Supreme Victors,127,Common,Yuka Morii,Basic,285,Pokémon,2009/08/19,"tcgplayer,cardmarket",https://prices.pokemontcg.io/tcgplayer/pl3-127,https://images.pokemontcg.io/pl3/127_hires.png,2026/08/08,2025/11/25,5.62,3.0,4.909999847412109,90.87000274658203,,4.02,,,,0.3807,0.0231,0.5191,2.5723,1.1419999599456787,0.4383,0.323,2.8838,2.8838,1.8917,1.1535,2026-08-09
swsh1-129,Mawile,normal,Sword & Shield,129,Common,AKIRA EGAWA,Basic,303,Pokémon,2020/02/07,"tcgplayer,cardmarket",https://prices.pokemontcg.io/tcgplayer/swsh1-129,https://images.pokemontcg.io/swsh1/129_hires.png,2026/08/08,2025/11/21,0.13,0.019999999552965164,0.20000000298023224,19.979999542236328,,0.35,,,,0.0923,0.0231,0.0807,0.323,0.023099999874830246,0.0461,0.0692,0.3345,0.2999,0.3114,1.1535,2026-08-09
xyp-XY123,Venusaur-EX,holofoil,XY Black Star Promos,XY123,Promo,Naoki Saito,Basic|EX,3,Pokémon,2013/10/12,"tcgplayer,cardmarket",https://prices.pokemontcg.io/tcgplayer/xyp-XY123,https://images.pokemontcg.io/xyp/XY123_hires.png,2026/08/08,2025/11/21,232.7,220.0,256.29998779296875,399.989990234375,,,,,,85.1398,22.9546,79.2916,0.0,28.837499618530273,71.5977,80.5258,17.3025,21.0744,23.9813,1.1535,2026-08-09
ecard1-122,Oddish,normal,Expedition Base Set,122,Common,Masako Yamashita,Basic,43,Pokémon,2002/09/15,"tcgplayer,cardmarket",https://prices.pokemontcg.io/tcgplayer/ecard1-122,https://images.pokemontcg.io/ecard1/122_hires.png,2026/08/08,2025/12/07,2.39,1.0299999713897705,2.3499999046325684,160.0,,27.7,,,,1.4419,0.0231,1.4995,1.1535,0.484499990940094,0.4845,1.0843,1.1535,3.3567,7.7861,1.1535,2026-08-09
xy1-129,Team Flare Grunt,normal,XY,129,Uncommon,Yusuke Ohmura,Supporter,,Trainer,2014/02/05,"tcgplayer,cardmarket",https://prices.pokemontcg.io/tcgplayer/xy1-129,https://images.pokemontcg.io/xy1/129_hires.png,2026/08/08,2025/12/07,0.34,0.14000000059604645,0.3499999940395355,19.979999542236328,,0.84,,,,0.1615,0.0577,0.173,0.8767,0.11540000140666962,0.15,0.2653,1.0266,0.8536,0.9228,1.1535,2026-08-09
xy8-126,Staravia,normal,BREAKthrough,126,Uncommon,Suwama Chiaki,Stage 1,397,Pokémon,2015/11/04,"tcgplayer,cardmarket",https://prices.pokemontcg.io/tcgplayer/xy8-126,https://images.pokemontcg.io/xy8/126_hires.png,2026/08/08,2025/11/21,0.16,0.10000000149011612,0.23000000417232513,1000.0,,0.45,,,,0.0923,0.0231,0.0807,0.5537,0.15000000596046448,0.0923,0.1846,0.4614,0.6575,0.6344,1.1535,2026-08-09
xy9-118,Darkrai-EX,holofoil,BREAKpoint,118,Rare Ultra,Ryo Ueda,Basic|EX,491,Pokémon,2016/02/03,"tcgplayer,cardmarket",https://prices.pokemontcg.io/tcgplayer/xy9-118,https://images.pokemontcg.io/xy9/118_hires.png,2026/08/08,2025/12/07,60.87,33.0,61.4900016784668,332.0,,,,,,44.3982,8.0745,44.6405,0.0,16.72570037841797,44.2137,41.6298,14.4187,11.2351,9.9662,1.1535,2026-08-09
ecard3-91,Rhyhorn,normal,Skyridge,91,Common,Hisao Nakamura,Basic,111,Pokémon,2003/05/12,"tcgplayer,cardmarket",https://prices.pokemontcg.io/tcgplayer/ecard3-91,https://images.pokemontcg.io/ecard3/91_hires.png,2026/08/08,2025/12/07,12.77,25.0,49.9900016784668,88.87000274658203,,78.33,,,,1.9148,0.0577,1.9494,13.0692,0.11540000140666962,1.5803,1.8687,17.3025,8.6512,11.8464,1.1535,2026-08-09
swsh2-130,Bronzong,normal,Rebel Clash,130,Uncommon,MAHOU,Stage 1,437,Pokémon,2020/05/01,"tcgplayer,cardmarket",https://prices.pokemontcg.io/tcgplayer/swsh2-130,https://images.pokemontcg.io/swsh2/130_hires.png,2026/08/08,2025/11/21,0.03,0.009999999776482582,0.1899999976158142,19.979999542236328,,0.24,,,,0.0692,0.0231,0.0577,0.2768,0.023099999874830246,0.0461,0.0577,0.2192,0.2884,0.2422,1.1535,2026-08-09
sm3-122,Rotom Dex Poké Finder Mode,normal,Burning Shadows,122,Uncommon,5ban Graphics,Item,,Trainer,2017/08/05,"tcgplayer,cardmarket",https://prices.pokemontcg.io/tcgplayer/sm3-122,https://images.pokemontcg.io/sm3/122_hires.png,2026/08/08,2025/11/21,0.16,0.019999999552965164,0.20000000298023224,19.979999542236328,,0.31,,,,0.1269,0.0231,0.0923,0.1961,0.03460000082850456,0.0346,0.0692,0.2307,0.2538,0.2653,1.1535,2026-08-09
sm11-124,Zygarde,normal,Unified Minds,124,Rare,Shigenori Negishi,Basic,718,Pokémon,2019/08/02,"tcgplayer,cardmarket",https://prices.pokemontcg.io/tcgplayer/sm11-124,https://images.pokemontcg.io/sm11/124_hires.png,2026/08/08,2025/11/21,0.45,0.20999999344348907,0.44999998807907104,19.979999542236328,,0.87,,,,0.496,0.0577,0.496,0.496,0.23070000112056732,0.5191,0.346,0.4037,0.9459,0.7959,1.1535,2026-08-09
sm10-122,Alolan Dugtrio,normal,Unbroken Bonds,122,Rare,SATOSHI NAKAI,Stage 1,51,Pokémon,2019/05/03,"tcgplayer,cardmarket",https://prices.pokemontcg.io/tcgplayer/sm10-122,https://images.pokemontcg.io/sm10/122_hires.png,2026/08/08,2025/11/21,0.44,0.15000000596046448,0.46000000834465027,19.979999542236328,,0.72,,,,0.4383,0.0923,0.4153,0.5652,0.23070000112056732,0.3807,0.4268,0.5652,1.0035,1.0151,1.1535,2026-08-09
dp2-123,Magmortar LV.X,holofoil,Mysterious Treasures,123,Rare Holo LV.X,Shizurow,Level-Up,467,Pokémon,2007/08/01,"tcgplayer,cardmarket",https://prices.pokemontcg.io/tcgplayer/dp2-123,https://images.pokemontcg.io/dp2/123_hires.png,2026/08/08,2025/12/07,66.41,39.9900016784668,65.87999725341797,409.79998779296875,,,,,,21.259,8.0745,50.7425,0.0,51.907501220703125,27.188,52.2651,9.228,19.275,13.2768,1.1535,2026-08-09
swsh4-126,Aegislash V,holofoil,Vivid Voltage,126,Rare Holo V,aky CG Works,Basic|V,681,Pokémon,2020/11/13,"tcgplayer,cardmarket",https://prices.pokemontcg.io/tcgplayer/swsh4-126,https://images.pokemontcg.io/swsh4/126_hires.png,2026/08/08,2025/11/21,0.72,0.5,0.9900000095367432,99.0,,,,,,0.7959,0.2307,0.8305,0.0,0.9919999837875366,0.8421,0.8305,1.2573,1.6034,1.8571,1.1535,2026-08-09
swsh3-121,Aron,normal,Darkness Ablaze,121,Common,Naoyo Kimura,Basic,304,Pokémon,2020/08/14,"tcgplayer,cardmarket",https://prices.pokemontcg.io/tcgplayer/swsh3-121,https://images.pokemontcg.io/swsh3/121_hires.png,2026/08/08,2025/11/21,0.06,0.019999999552965164,0.1599999964237213,25.059999465942383,,0.3,,,,0.0577,0.0231,0.0231,0.1961,0.03460000082850456,0.0577,0.0577,0.1154,0.1846,0.2076,1.1535,2026-08-09
sm7-126,Bill's Maintenance,normal,Celestial Storm,126,Uncommon,Ken Sugimori,Supporter,,Trainer,2018/08/03,"tcgplayer,cardmarket",https://prices.pokemontcg.io/tcgplayer/sm7-126,https://images.pokemontcg.io/sm7/126_hires.png,2026/08/08,2025/11/21,0.2,0.05000000074505806,0.25,19.979999542236328,,0.35,,,,0.1846,0.0231,0.15,0.323,0.04610000178217888,0.1615,0.173,0.2884,0.5306,0.4845,1.1535,2026-08-09
sm12-131,Alolan Muk,normal,Cosmic Eclipse,131,Rare,MAHOU,Stage 1,89,Pokémon,2019/11/01,"tcgplayer,cardmarket",https://prices.pokemontcg.io/tcgplayer/sm12-131,https://images.pokemontcg.io/sm12/131_hires.png,2026/08/08,2025/11/21,0.76,0.25,0.7799999713897705,34.97999954223633,,1.21,,,,0.5998,0.1038,0.4037,1.2573,0.3345000147819519,0.4499,0.6114,0.8074,1.2342,1.0266,1.1535,2026-08-09
ecard2-104,Psyduck,normal,Aquapolis,104,Common,Keiko Fukuyama,Basic,54,Pokémon,2003/01/15,"tcgplayer,cardmarket",https://prices.pokemontcg.io/tcgplayer/ecard2-104,https://images.pokemontcg.io/ecard2/104_hires.png,2026/08/08,2025/12/07,177.88,179.99000549316406,249.99000549316406,349.0,,700.0,,,,30.1756,10.8429,31.802,121.1175,27.68400001525879,31.5252,30.0833,138.42,79.9029,55.3334,1.1535,2026-08-09
bw8-124,Plasma Frigate,normal,Plasma Storm,124,Uncommon,5ban Graphics,Stadium|Team Plasma,,Trainer,2013/02/06,"tcgplayer,cardmarket",https://prices.pokemontcg.io/tcgplayer/bw8-124,https://images.pokemontcg.io/bw8/124_hires.png,2026/08/08,2025/12/07,0.32,0.10000000149011612,0.3199999928474426,5.0,,0.95,,,,0.15,0.0231,0.2653,1.142,0.15000000596046448,0.2653,0.2192,1.142,1.6149,1.3265,1.1535,2026-08-09
bw6-128,Rayquaza,holofoil,Dragons Exalted,128,Rare Secret,5ban Graphics,Basic,384,Pokémon,2012/08/15,"tcgplayer,cardmarket",https://prices.pokemontcg.io/tcgplayer/bw6-128,https://images.pokemontcg.io/bw6/128_hires.png,2026/08/08,2025/11/25,659.95,749.9500122070312,749.9500122070312,749.9500122070312,,,,,,51.423,60.305,265.132,0.0,92.27999877929688,289.517,267.6235,184.5485,181.261,79.6261,1.1535,2026-08-09
sm8-126,Scizor,holofoil,Lost Thunder,126,Rare Holo,Anesaki Dynamic,Stage 1,212,Pokémon,2018/11/02,"tcgplayer,cardmarket",https://prices.pokemontcg.io/tcgplayer/sm8-126,https://images.pokemontcg.io/sm8/126_hires.png,2026/08/08,2025/11/21,3.44,1.899999976158142,3.5299999713897705,34.59000015258789,,5.17,,,,2.9876,0.7152,2.976,4.5909,2.8838000297546387,3.0222,2.6646,4.614,4.3602,3.7835,1.1535,2026-08-09
bw11-RC19,Cinccino,holofoil,Legendary Treasures,RC19,Uncommon,Kagemaru Himeno,Stage 1,573,Pokémon,2013/11/06,"tcgplayer,cardmarket",https://prices.pokemontcg.io/tcgplayer/bw11-RC19,https://images.pokemontcg.io/bw11/RC19_hires.png,2026/08/08,2025/11/21,13.05,6.949999809265137,10.25,100.0,,,,,,2.4339,0.346,3.2067,3.6681,2.306999921798706,2.8953,2.6415,1.7187,3.4951,3.3682,1.1535,2026-08-09
dp6-133,Poké Radar,normal,Legends Awakened,133,Uncommon,Kazuaki Aihara,Item,,Trainer,2008/08/01,"tcgplayer,cardmarket",https://prices.pokemontcg.io/tcgplayer/dp6-133,https://images.pokemontcg.io/dp6/133_hires.png,2026/08/08,2025/11/21,0.24,0.10000000149011612,0.2800000011920929,19.979999542236328,,1.57,,,,0.2538,0.0231,0.2653,0.3345,0.10379999876022339,0.1615,0.15,0.3345,0.5998,0.7498,1.1535,2026-08-09
xy5-140,Silent Lab,normal,Primal Clash,140,Uncommon,Ryo Ueda,Stadium,,Trainer,2015/02/04,"tcgplayer,cardmarket",https://prices.pokemontcg.io/tcgplayer/xy5-140,https://images.pokemontcg.io/xy5/140_hires.png,2026/08/08,2025/11/21,3.18,1.5,3.390000104904175,96.94000244140625,,5.51,,,,3.2298,1.1535,4.0026,2.953,5.1331000328063965,3.9796,3.7489,2.7569,4.8793,4.8332,1.1535,2026-08-09
sm6-118,Unit Energy FightingDarknessFairy,normal,Forbidden Light,118,Uncommon,,Special,,Energy,2018/05/04,"tcgplayer,cardmarket",https://prices.pokemontcg.io/tcgplayer/sm6-118,https://images.pokemontcg.io/sm6/118_hires.png,2026/08/08,2025/11/21,1.18,0.5,1.2200000286102295,19.200000762939453,,1.94,,,,0.3345,0.0231,0.2422,0.8651,0.3806999921798706,0.2884,0.3922,0.5767,0.7036,1.2919,1.1535,2026-08-09
sm1-130,Repel,normal,Sun & Moon,130,Uncommon,Yoshinobu Saito,Item,,Trainer,2017/02/03,"tcgplayer,cardmarket",https://prices.pokemontcg.io/tcgplayer/sm1-130,https://images.pokemontcg.io/sm1/130_hires.png,2026/08/08,2025/12/07,0.07,0.019999999552965164,0.20000000298023224,18.860000610351562,,0.31,,,,0.0577,0.0231,0.0577,0.2884,0.11540000140666962,0.0692,0.1038,0.5421,0.2884,0.3114,1.1535,2026-08-09
smp-SM130,Manectric,holofoil,SM Black Star Promos,SM130,Promo,Ryota Murayama,Stage 1,310,Pokémon,2017/02/03,"tcgplayer,cardmarket",https://prices.pokemontcg.io/tcgplayer/smp-SM130,https://images.pokemontcg.io/smp/SM130_hires.png,2026/08/08,2025/11/21,8.14,8.0,10.5,83.19999694824219,,,,,,7.7861,2.307,5.8944,0.0,8.062999725341797,7.0825,9.2857,10.3815,5.3984,5.0062,1.1535,2026-08-09
sm4-118,Alolan Exeggutor-GX,holofoil,Crimson Invasion,118,Rare Rainbow,5ban Graphics,Stage 1|GX,103,Pokémon,2017/11/03,"tcgplayer,cardmarket",https://prices.pokemontcg.io/tcgplayer/sm4-118,https://images.pokemontcg.io/sm4/118_hires.png,2026/08/08,2025/12/07,16.24,12.0,21.190000534057617,107.0999984741211,,,,,,9.6087,4.614,9.6433,0.0,9.227999687194824,9.6433,10.4392,13.842,13.692,12.1694,1.1535,2026-08-09
sm2-128,Max Potion,normal,Guardians Rising,128,Uncommon,Toyste Beach,Item,,Trainer,2017/05/05,"tcgplayer,cardmarket",https://prices.pokemontcg.io/tcgplayer/sm2-128,https://images.pokemontcg.io/sm2/128_hires.png,2026/08/08,2025/11/21,0.23,0.07999999821186066,0.25,19.979999542236328,,0.27,,,,0.2307,0.0231,0.0577,0.2422,0.11540000140666962,0.0807,0.1846,0.2884,0.2076,0.2653,1.1535,2026-08-09
xy10-125,Alakazam-EX,holofoil,Fates Collide,125,Rare Secret,Ryo Ueda,Basic|EX,65,Pokémon,2016/05/02,"tcgplayer,cardmarket",https://prices.pokemontcg.io/tcgplayer/xy10-125,https://images.pokemontcg.io/xy10/125_hires.png,2026/08/08,2025/11/21,173.88,91.19999694824219,175.5,261.5899963378906,,,,,,101.0812,40.3148,101.0351,0.0,33.439998626708984,147.5096,117.5417,23.07,26.5305,22.4817,1.1535,2026-08-09
xy8-127,Staraptor,normal,BREAKthrough,127,Rare,Kouki Saitou,Stage 2,398,Pokémon,2015/11/04,"tcgplayer,cardmarket",https://prices.pokemontcg.io/tcgplayer/xy8-127,https://images.pokemontcg.io/xy8/127_hires.png,2026/08/08,2025/11/21,0.29,0.09000000357627869,0.30000001192092896,19.989999771118164,,0.51,,,,0.4499,0.0346,0.5075,1.3496,0.6460000276565552,0.4499,0.5652,0.1154,1.5803,1.165,1.1535,2026-08-09
sm5-125a,Lillie,,Ultra Prism,125a,Uncommon,Mana Ibe,Supporter,,Trainer,2018/02/02,cardmarket,https://prices.pokemontcg.io/cardmarket/sm5-125a,https://images.pokemontcg.io/sm5/125a_hires.png,,2025/11/21,,,,,,,,,,34.0282,23.0585,39.9688,0.0,17.302499771118164,27.015,36.4045,2.6992,7.7631,6.6326,1.1535,2026-08-09
swsh1-130,Ferroseed,normal,Sword & Shield,130,Common,Yuka Morii,Basic,597,Pokémon,2020/02/07,"tcgplayer,cardmarket",https://prices.pokemontcg.io/tcgplayer/swsh1-130,https://images.pokemontcg.io/swsh1/130_hires.png,2026/08/08,2025/11/21,0.17,0.009999999776482582,0.23000000417232513,19.979999542236328,,0.49,,,,0.0807,0.0231,0.0807,0.346,0.023099999874830246,0.0461,0.0577,0.2884,0.3691,0.3345,1.1535,2026-08-09
sm9-136,Buff Padding,normal,Team Up,136,Uncommon,Yoshinobu Saito,Pokémon Tool,,Trainer,2019/02/01,"tcgplayer,cardmarket",https://prices.pokemontcg.io/tcgplayer/sm9-136,https://images.pokemontcg.io/sm9/136_hires.png,2026/08/08,2025/11/21,0.28,0.07999999821186066,0.25,19.979999542236328,,0.38,,,,0.1615,0.0231,0.2307,0.5767,0.23070000112056732,0.1615,0.2076,0.5652,0.4037,0.4037,1.1535,2026-08-09
bw7-135,Switch,normal,Boundaries Crossed,135,Common,Ayaka Yoshida,Item,,Trainer,2012/11/07,"tcgplayer,cardmarket",https://prices.pokemontcg.io/tcgplayer/bw7-135,https://images.pokemontcg.io/bw7/135_hires.png,2026/08/08,2025/11/21,0.22,0.009999999776482582,0.25,5.0,,0.44,,,,0.1038,0.0231,0.1154,1.1535,0.11540000140666962,0.1038,0.1038,0.8651,0.6921,1.0728,1.1535,2026-08-09
pl1-SH4,Lotad,reverseHolofoil,Platinum,SH4,Rare,Masakazu Fukuda,Basic,270,Pokémon,2009/02/11,"tcgplayer,cardmarket",https://prices.pokemontcg.io/tcgplayer/pl1-SH4,https://images.pokemontcg.io/pl1/SH4_hires.png,2026/08/08,2025/12/07,64.5,67.72000122070312,105.0,518.0,,,,,,20.763,8.063,35.0779,22.4932,18.45599937438965,35.2394,26.1037,23.07,23.2892,25.1694,1.1535,2026-08-09
xy9-119,Scizor-EX,holofoil,BREAKpoint,119,Rare Ultra,Ryo Ueda,Basic|EX,212,Pokémon,2016/02/03,"tcgplayer,cardmarket",https://prices.pokemontcg.io/tcgplayer/xy9-119,https://images.pokemontcg.io/xy9/119_hires.png,2026/08/08,2025/12/07,26.22,12.399999618530273,26.25,136.10000610351562,,,,,,16.1144,5.5253,20.5323,0.0,8.639699935913086,22.3318,24.3965,5.7675,10.5776,7.1286,1.1535,2026-08-09
xyp-XY124,Pikachu-EX,holofoil,XY Black Star Promos,XY124,Promo,Megumi Mizutani,Basic|EX,25,Pokémon,2013/10/12,"tcgplayer,cardmarket",https://prices.pokemontcg.io/tcgplayer/xyp-XY124,https://images.pokemontcg.io/xyp/XY124_hires.png,2026/08/08,2025/11/21,432.69,300.0,411.05999755859375,2596.320068359375,,,,,,156.7722,28.8375,129.3881,0.0,115.3499984741211,151.2585,175.9434,28.2607,41.6298,33.0362,1.1535,2026-08-09
ecard3-92,Sandshrew,normal,Skyridge,92,Common,Naoyo Kimura,Basic,27,Pokémon,2003/05/12,"tcgplayer,cardmarket",https://prices.pokemontcg.io/tcgplayer/ecard3-92,https://images.pokemontcg.io/ecard3/92_hires.png,2026/08/08,2025/12/07,35.15,29.209999084472656,49.9900016784668,463.1000061035156,,,,,,3.1029,0.6921,3.7143,10.37,5.767499923706055,3.5758,2.5723,10.37,15.9298,15.5838,1.1535,2026-08-09
xy1-130,Double Colorless Energy,normal,XY,130,Uncommon,5ban Graphics,Special,,Energy,2014/02/05,"tcgplayer,cardmarket",https://prices.pokemontcg.io/tcgplayer/xy1-130,https://images.pokemontcg.io/xy1/130_hires.png,2026/08/08,2025/12/07,0.81,0.41999998688697815,0.75,19.979999542236328,,1.91,,,,0.6575,0.1154,0.7844,1.7072,0.34599998593330383,0.7498,0.7498,1.7072,1.7187,1.8571,1.1535,2026-08-09
pl3-128,Skorupi,normal,Supreme Victors,128,Common,Hajime Kusajima,Basic,451,Pokémon,2009/08/19,"tcgplayer,cardmarket",https://prices.pokemontcg.io/tcgplayer/pl3-128,https://images.pokemontcg.io/pl3/128_hires.png,2026/08/08,2025/11/25,0.28,0.18000000715255737,0.3100000023841858,23.489999771118164,,1.54,,,,0.15,0.0346,0.173,3.449,0.11540000140666962,0.1154,0.173,3.449,1.7649,1.315,1.1535,2026-08-09
ex10-M,Unown,holofoil,Unseen Forces,M,Rare,Nakaoka,Basic,201,Pokémon,2005/08/01,"tcgplayer,cardmarket",https://prices.pokemontcg.io/tcgplayer/ex10-M,https://images.pokemontcg.io/ex10/M_hires.png,2026/08/08,2025/12/07,36.25,24.479999542236328,61.25,272.8800048828125,,,,,,12.9077,4.0257,13.1038,7.5554,13.784299850463867,13.992,11.0044,7.5554,9.1242,5.6406,1.1535,2026-08-09
swsh2-131,Probopass,normal,Rebel Clash,131,Rare,Anesaki Dynamic,Stage 1,476,Pokémon,2020/05/01,"tcgplayer,cardmarket",https://prices.pokemontcg.io/tcgplayer/swsh2-131,https://images.pokemontcg.io/swsh2/131_hires.png,2026/08/08,2025/11/21,0.14,0.05999999865889549,0.23999999463558197,2.990000009536743,,0.43,,,,0.323,0.0231,0.2653,0.8421,0.17299999296665192,0.2307,0.2307,0.5652,0.8421,0.646,1.1535,2026-08-09
sm8-127,Dialga,holofoil,Lost Thunder,127,Rare Holo,nagimiso,Basic,483,Pokémon,2018/11/02,"tcgplayer,cardmarket",https://prices.pokemontcg.io/tcgplayer/sm8-127,https://images.pokemontcg.io/sm8/127_hires.png,2026/08/08,2025/11/21,1.84,0.9900000095367432,1.600000023841858,18.0,,1.4,,,,1.8341,0.5767,2.3531,2.8838,4.037300109863281,2.4108,1.811,2.8838,2.0532,2.3877,1.1535,2026-08-09
bw8-125,Team Plasma Grunt,normal,Plasma Storm,125,Uncommon,Yusuke Ohmura,Supporter|Team Plasma,,Trainer,2013/02/06,"tcgplayer,cardmarket",https://prices.pokemontcg.io/tcgplayer/bw8-125,https://images.pokemontcg.io/bw8/125_hires.png,2026/08/08,2025/12/07,0.3,0.029999999329447746,0.25999999046325684,19.979999542236328,,2.12,,,,0.1038,0.0231,0.1154,0.8882,0.3345000147819519,0.1154,0.1384,0.7152,1.5226,1.1304,1.1535,2026-08-09
sm7-127,Copycat,normal,Celestial Storm,127,Uncommon,Ken Sugimori,Supporter,,Trainer,2018/08/03,"tcgplayer,cardmarket",https://prices.pokemontcg.io/tcgplayer/sm7-127,https://images.pokemontcg.io/sm7/127_hires.png,2026/08/08,2025/11/21,0.22,0.07999999821186066,0.25,19.979999542236328,,0.37,,,,4.0142,2.2955,5.606,0.0,2.306999921798706,3.7027,4.3141,2.0648,1.7649,1.7879,1.1535,2026-08-09
ecard1-123,Pidgey,normal,Expedition Base Set,123,Common,Tomokazu Komiya,Basic,16,Pokémon,2002/09/15,"tcgplayer,cardmarket",https://prices.pokemontcg.io/tcgplayer/ecard1-123,https://images.pokemontcg.io/ecard1/123_hires.png,2026/08/08,2025/12/07,8.39,6.5,19.950000762939453,74.80000305175781,,38.22,,,,2.457,0.6806,2.457,8.6512,1.1419999599456787,3.1606,2.4339,9.228,7.0825,6.8172,1.1535,2026-08-09
sm3-123,Sophocles,normal,Burning Shadows,123,Uncommon,Ken Sugimori,Supporter,,Trainer,2017/08/05,"tcgplayer,cardmarket",https://prices.pokemontcg.io/tcgplayer/sm3-123,https://images.pokemontcg.io/sm3/123_hires.png,2026/08/08,2025/11/21,0.05,0.009999999776482582,0.1899999976158142,19.979999542236328,,0.25,,,,0.0577,0.0231,0.0461,0.346,0.11540000140666962,0.0692,0.0577,0.2307,0.2768,0.2884,1.1535,2026-08-09
sm12-132,Carvanha,normal,Cosmic Eclipse,132,Common,Hasuno,Basic,318,Pokémon,2019/11/01,"tcgplayer,cardmarket",https://prices.pokemontcg.io/tcgplayer/sm12-132,https://images.pokemontcg.io/sm12/132_hires.png,2026/08/08,2025/11/21,0.16,0.019999999552965164,0.20000000298023224,19.979999542236328,,0.3,,,,0.0577,0.0231,0.0577,0.5998,0.10379999876022339,0.0692,0.0692,0.0923,0.3807,0.2422,1.1535,2026-08-09
dp6-134,Snowpoint Temple,normal,Legends Awakened,134,Uncommon,Ryo Ueda,Stadium,,Trainer,2008/08/01,"tcgplayer,cardmarket",https://prices.pokemontcg.io/tcgplayer/dp6-134,https://images.pokemontcg.io/dp6/134_hires.png,2026/08/08,2025/11/21,0.56,0.20999999344348907,0.5299999713897705,19.979999542236328,,4.72,,,,0.3807,0.0577,0.2999,3.3451,0.1615000069141388,0.4268,0.2884,3.3451,1.6264,1.3265,1.1535,2026-08-09
bw7-136,Town Map,normal,Boundaries Crossed,136,Uncommon,Toyste Beach,Item,,Trainer,2012/11/07,"tcgplayer,cardmarket",https://prices.pokemontcg.io/tcgplayer/bw7-136,https://images.pokemontcg.io/bw7/136_hires.png,2026/08/08,2025/11/21,2.27,1.9800000190734863,2.940000057220459,45.099998474121094,,8.73,,,,4.441,0.0577,2.8491,3.4605,0.57669997215271,4.5217,3.8873,3.4605,5.8944,4.6717,1.1535,2026-08-09
ecard1-124,Pikachu,normal,Expedition Base Set,124,Common,Atsuko Nishida,Basic,25,Pokémon,2002/09/15,"tcgplayer,cardmarket",https://prices.pokemontcg.io/tcgplayer/ecard1-124,https://images.pokemontcg.io/ecard1/124_hires.png,2026/08/08,2025/12/07,22.94,13.5,28.280000686645508,248.47000122070312,,109.66,,,,5.1677,0.5767,6.0213,14.984,4.556300163269043,4.4756,4.8101,12.6885,14.3149,26.5997,1.1535,2026-08-09
dp2-124,Time-Space Distortion,holofoil,Mysterious Treasures,124,Rare Secret,Shizurow,Item,,Trainer,2007/08/01,"tcgplayer,cardmarket",https://prices.pokemontcg.io/tcgplayer/dp2-124,https://images.pokemontcg.io/dp2/124_hires.png,2026/08/08,2025/12/07,64.7,53.099998474121094,399.989990234375,719.9000244140625,,,,,,31.6982,9.228,24.9156,0.0,20.16320037841797,27.9147,37.7541,11.535,30.487,18.4675,1.1535,2026-08-09
sm12-133,Absol,normal,Cosmic Eclipse,133,Uncommon,Mizue,Basic,359,Pokémon,2019/11/01,"tcgplayer,cardmarket",https://prices.pokemontcg.io/tcgplayer/sm12-133,https://images.pokemontcg.io/sm12/133_hires.png,2026/08/08,2025/11/21,0.24,0.10000000149011612,0.2800000011920929,20.0,,2.51,,,,0.1961,0.0231,0.2076,1.5342,0.19609999656677246,0.2076,0.1615,2.2955,1.4303,1.0497,1.1535,2026-08-09
sm9-137,Dana,normal,Team Up,137,Uncommon,Megumi Mizutani,Supporter,,Trainer,2019/02/01,"tcgplayer,cardmarket",https://prices.pokemontcg.io/tcgplayer/sm9-137,https://images.pokemontcg.io/sm9/137_hires.png,2026/08/08,2025/11/21,0.23,0.07000000029802322,0.25,19.979999542236328,,0.43,,,,0.1269,0.0231,0.1384,0.4268,0.25380000472068787,0.1615,0.1615,0.3345,0.3807,0.4037,1.1535,2026-08-09
xyp-XY125,Mewtwo-EX,holofoil,XY Black Star Promos,XY125,Promo,Eske Yoshinob,Basic|EX,150,Pokémon,2013/10/12,"tcgplayer,cardmarket",https://prices.pokemontcg.io/tcgplayer/xyp-XY125,https://images.pokemontcg.io/xyp/XY125_hires.png,2026/08/08,2025/11/21,131.41,82.0,189.00999450683594,628.9000244140625,,,,,,65.0805,40.3148,96.1327,0.0,93.13359832763672,105.4876,78.2073,86.4548,54.6874,27.8916,1.1535,2026-08-09
xy8-128,Chatot,normal,BREAKthrough,128,Rare,Akira Komayama,Basic,441,Pokémon,2015/11/04,"tcgplayer,cardmarket",https://prices.pokemontcg.io/tcgplayer/xy8-128,https://images.pokemontcg.io/xy8/128_hires.png,2026/08/08,2025/11/21,0.29,0.03999999910593033,0.28999999165534973,19.989999771118164,,0.36,,,,0.2192,0.0577,0.346,0.5191,0.6229000091552734,0.3114,0.323,0.346,0.5652,0.7152,1.1535,2026-08-09
pl1-SH5,Swablu,reverseHolofoil,Platinum,SH5,Rare,Kagemaru Himeno,Basic,333,Pokémon,2009/02/11,"tcgplayer,cardmarket",https://prices.pokemontcg.io/tcgplayer/pl1-SH5,https://images.pokemontcg.io/pl1/SH5_hires.png,2026/08/08,2025/12/07,77.06,45.2599983215332,55.220001220703125,199.99000549316406,,,,,,25.9537,8.063,21.2821,40.7416,25.953699111938477,20.0132,22.8508,11.535,25.4347,21.2129,1.1535,2026-08-09
sm3-124,Super Scoop Up,normal,Burning Shadows,124,Uncommon,Toyste Beach,Item,,Trainer,2017/08/05,"tcgplayer,cardmarket",https://prices.pokemontcg.io/tcgplayer/sm3-124,https://images.pokemontcg.io/sm3/124_hires.png,2026/08/08,2025/11/21,0.14,0.019999999552965164,0.20000000298023224,19.979999542236328,,0.21,,,,0.0807,0.0231,0.0692,0.2884,0.06920000165700912,0.0923,0.0807,0.0807,0.323,0.2538,1.1535,2026-08-09
bw8-126,Virbank City Gym,normal,Plasma Storm,126,Uncommon,Ryo Ueda,Stadium,,Trainer,2013/02/06,"tcgplayer,cardmarket",https://prices.pokemontcg.io/tcgplayer/bw8-126,https://images.pokemontcg.io/bw8/126_hires.png,2026/08/08,2025/12/07,4.66,3.0,4.710000038146973,48.380001068115234,,5.33,,,,6.275,0.0577,5.11,4.0373,4.440999984741211,4.7293,4.441,3.4605,5.2254,5.4215,1.1535,2026-08-09
swsh1-131,Ferrothorn,normal,Sword & Shield,131,Uncommon,Midori Harada,Stage 1,598,Pokémon,2020/02/07,"tcgplayer,cardmarket",https://prices.pokemontcg.io/tcgplayer/swsh1-131,https://images.pokemontcg.io/swsh1/131_hires.png,2026/08/08,2025/11/21,0.01,0.009999999776482582,0.15000000596046448,2.0,,0.36,,,,0.0461,0.0231,0.0346,0.5537,0.023099999874830246,0.0346,0.0577,0.346,0.5537,0.5767,1.1535,2026-08-09
swsh2-132,Durant,normal,Rebel Clash,132,Uncommon,Hideki Ishikawa,Basic,632,Pokémon,2020/05/01,"tcgplayer,cardmarket",https://prices.pokemontcg.io/tcgplayer/swsh2-132,https://images.pokemontcg.io/swsh2/132_hires.png,2026/08/08,2025/11/21,0.05,0.029999999329447746,0.20000000298023224,19.979999542236328,,0.26,,,,0.0577,0.0231,0.0577,0.2884,0.03460000082850456,0.0461,0.0692,0.1384,0.3114,0.2653,1.1535,2026-08-09
xy5-141,Teammates,normal,Primal Clash,141,Uncommon,Megumi Mizutani,Supporter,,Trainer,2015/02/04,"tcgplayer,cardmarket",https://prices.pokemontcg.io/tcgplayer/xy5-141,https://images.pokemontcg.io/xy5/141_hires.png,2026/08/08,2025/11/21,2.51,1.25,2.549999952316284,5.989999771118164,,4.3,,,,4.6025,14.984,3.4605,0.0,4.602499961853027,4.0373,2.0878,0.0,0.0,0.0,1.1535,2026-08-09
swsh4-127,Aegislash VMAX,holofoil,Vivid Voltage,127,Rare Holo VMAX,aky CG Works,VMAX,681,Pokémon,2020/11/13,"tcgplayer,cardmarket",https://prices.pokemontcg.io/tcgplayer/swsh4-127,https://images.pokemontcg.io/swsh4/127_hires.png,2026/08/08,2025/11/21,1.33,0.75,1.7999999523162842,13.319999694824219,,,,,,1.4995,0.5652,1.4995,0.0,1.2342000007629395,1.5342,1.4649,3.1721,3.0222,3.7143,1.1535,2026-08-09
sm5-126,Looker,normal,Ultra Prism,126,Uncommon,Ken Sugimori,Supporter,,Trainer,2018/02/02,"tcgplayer,cardmarket",https://prices.pokemontcg.io/tcgplayer/sm5-126,https://images.pokemontcg.io/sm5/126_hires.png,2026/08/08,2025/11/21,0.06,0.019999999552965164,0.20000000298023224,18.1200008392334,,0.31,,,,0.1154,0.0231,0.0807,0.5191,0.05770000070333481,0.1038,0.0807,0.5767,0.4614,0.3345,1.1535,2026-08-09
sm4-119,Silvally-GX,holofoil,Crimson Invasion,119,Rare Rainbow,5ban Graphics,Stage 1|GX,773,Pokémon,2017/11/03,"tcgplayer,cardmarket",https://prices.pokemontcg.io/tcgplayer/sm4-119,https://images.pokemontcg.io/sm4/119_hires.png,2026/08/08,2025/12/07,13.66,9.180000305175781,15.520000457763672,96.94999694824219,,,,,,11.3389,2.307,10.7045,0.0,9.804800033569336,11.4658,11.0736,13.8305,14.8686,12.5155,1.1535,2026-08-09
sm7-128,Energy Recycle System,normal,Celestial Storm,128,Uncommon,Zu-Ka,Item,,Trainer,2018/08/03,"tcgplayer,cardmarket",https://prices.pokemontcg.io/tcgplayer/sm7-128,https://images.pokemontcg.io/sm7/128_hires.png,2026/08/08,2025/11/21,0.29,0.09000000357627869,0.28999999165534973,19.979999542236328,,0.39,,,,0.2076,0.0231,0.15,0.5652,0.08070000261068344,0.1384,0.2999,0.7498,0.5306,0.5191,1.1535,2026-08-09
bw11-RC20,Elesa,holofoil,Legendary Treasures,RC20,Common,Yusuke Ohmura,Supporter,,Trainer,2013/11/06,"tcgplayer,cardmarket",https://prices.pokemontcg.io/tcgplayer/bw11-RC20,https://images.pokemontcg.io/bw11/RC20_hires.png,2026/08/08,2025/11/21,2.16,0.6499999761581421,2.0,24.989999771118164,,,,,,0.4614,0.0577,0.8074,1.0035,0.28839999437332153,0.7498,0.9343,1.142,1.6726,1.3381,1.1535,2026-08-09
swsh3-122,Lairon,normal,Darkness Ablaze,122,Uncommon,Mizue,Stage 1,305,Pokémon,2020/08/14,"tcgplayer,cardmarket",https://prices.pokemontcg.io/tcgplayer/swsh3-122,https://images.pokemontcg.io/swsh3/122_hires.png,2026/08/08,2025/11/21,0.07,0.009999999776482582,0.18000000715255737,25.06999969482422,,0.29,,,,0.0692,0.0231,0.0807,0.1615,0.03460000082850456,0.0807,0.0577,0.2076,0.1615,0.2192,1.1535,2026-08-09
sm11-125,Umbreon & Darkrai-GX,holofoil,Unified Minds,125,Rare Holo GX,Mitsuhiro Arita,Basic|TAG TEAM|GX,197|491,Pokémon,2019/08/02,"tcgplayer,cardmarket",https://prices.pokemontcg.io/tcgplayer/sm11-125,https://images.pokemontcg.io/sm11/125_hires.png,2026/08/08,2025/11/21,110.02,71.98999786376953,112.5,1000.0,,,,,,86.9739,16.149,91.138,0.0,31.721200942993164,67.8489,71.5401,7.3017,7.4631,7.7054,1.1535,2026-08-09
sm8-128,Durant,normal,Lost Thunder,128,Common,Ken Sugimori,Basic,632,Pokémon,2018/11/02,"tcgplayer,cardmarket",https://prices.pokemontcg.io/tcgplayer/sm8-128,https://images.pokemontcg.io/sm8/128_hires.png,2026/08/08,2025/11/21,0.2,0.05999999865889549,0.20999999344348907,19.979999542236328,,0.34,,,,0.0807,0.0231,0.0807,0.3691,0.023099999874830246,0.0577,0.0923,0.9228,0.4845,0.3576,1.1535,2026-08-09
ecard2-105,Remoraid,normal,Aquapolis,105,Common,Mitsuhiro Arita,Basic,223,Pokémon,2003/01/15,"tcgplayer,cardmarket",https://prices.pokemontcg.io/tcgplayer/ecard2-105,https://images.pokemontcg.io/ecard2/105_hires.png,2026/08/08,2025/12/07,3.32,1.9900000095367432,5.949999809265137,160.0,,23.53,,,,1.0728,0.0231,1.1304,4.5448,0.8073999881744385,1.0381,1.3035,4.5448,4.9254,5.4215,1.1535,2026-08-09
smp-SM131,Celesteela,holofoil,SM Black Star Promos,SM131,Promo,Masakazu Fukuda,Basic|Ultra Beast,797,Pokémon,2017/02/03,"tcgplayer,cardmarket",https://prices.pokemontcg.io/tcgplayer/smp-SM131,https://images.pokemontcg.io/smp/SM131_hires.png,2026/08/08,2025/11/21,5.93,4.510000228881836,5.96999979019165,49.90999984741211,,,,,,13.3806,3.9796,11.0621,0.0,7.382400035858154,12.9192,7.5093,8.0745,4.9024,4.4986,1.1535,2026-08-09
pl3-129,Starly,normal,Supreme Victors,129,Common,Mitsuhiro Arita,Basic,396,Pokémon,2009/08/19,"tcgplayer,cardmarket",https://prices.pokemontcg.io/tcgplayer/pl3-129,https://images.pokemontcg.io/pl3/129_hires.png,2026/08/08,2025/11/25,0.3,0.15000000596046448,0.30000001192092896,19.979999542236328,,3.99,,,,0.1038,0.0231,0.1154,0.6344,0.51910001039505,0.1615,0.2538,0.6344,0.9343,0.9343,1.1535,2026-08-09
ecard3-93,Sandslash,normal,Skyridge,93,Common,Miki Tanaka,Stage 1,28,Pokémon,2003/05/12,"tcgplayer,cardmarket",https://prices.pokemontcg.io/tcgplayer/ecard3-93,https://images.pokemontcg.io/ecard3/93_hires.png,2026/08/08,2025/12/07,14.61,14.0,17.670000076293945,159.8000030517578,,58.23,,,,2.307,0.346,2.1686,15.5723,1.6033999919891357,2.1109,2.307,17.291,10.2315,11.8003,1.1535,2026-08-09
xy9-120,M Scizor-EX,holofoil,BREAKpoint,120,Rare Ultra,5ban Graphics,MEGA|EX,212,Pokémon,2016/02/03,"tcgplayer,cardmarket",https://prices.pokemontcg.io/tcgplayer/xy9-120,https://images.pokemontcg.io/xy9/120_hires.png,2026/08/08,2025/12/07,48.62,29.90999984741211,48.9900016784668,317.6600036621094,,,,,,35.9546,17.3025,44.5366,0.0,40.430198669433594,44.4674,44.8942,14.984,13.9573,12.2963,1.1535,2026-08-09
sm1-131,Rotom Dex,normal,Sun & Moon,131,Uncommon,5ban Graphics,Item,,Trainer,2017/02/03,"tcgplayer,cardmarket",https://prices.pokemontcg.io/tcgplayer/sm1-131,https://images.pokemontcg.io/sm1/131_hires.png,2026/08/08,2025/11/21,0.27,0.029999999329447746,0.25,19.979999542236328,,0.36,,,,0.0807,0.0231,0.0692,0.2999,0.11540000140666962,0.1038,0.1038,0.0923,0.2192,0.2999,1.1535,2026-08-09
sm10-123,Aron,normal,Unbroken Bonds,123,Common,Ken Sugimori,Basic,304,Pokémon,2019/05/03,"tcgplayer,cardmarket",https://prices.pokemontcg.io/tcgplayer/sm10-123,https://images.pokemontcg.io/sm10/123_hires.png,2026/08/08,2025/11/21,0.21,0.03999999910593033,0.2199999988079071,19.979999542236328,,0.39,,,,0.1269,0.0231,0.1269,0.2192,0.04610000178217888,0.1384,0.1038,0.2307,0.2884,0.323,1.1535,2026-08-09
sm6-119,Palkia-GX,holofoil,Forbidden Light,119,Rare Ultra,5ban Graphics,Basic|GX,484,Pokémon,2018/05/04,"tcgplayer,cardmarket",https://prices.pokemontcg.io/tcgplayer/sm6-119,https://images.pokemontcg.io/sm6/119_hires.png,2026/08/08,2025/11/21,19.2,14.84000015258789,18.90999984741211,75.0,,,,,,14.2803,5.7675,14.1419,0.0,6.805600166320801,15.33,15.3646,11.5119,8.3629,7.6708,1.1535,2026-08-09
ex10-N,Unown,holofoil,Unseen Forces,N,Rare,Nakaoka,Basic,201,Pokémon,2005/08/01,"tcgplayer,cardmarket",https://prices.pokemontcg.io/tcgplayer/ex10-N,https://images.pokemontcg.io/ex10/N_hires.png,2026/08/08,2025/12/07,36.96,33.0,120.97000122070312,199.99000549316406,,,,,,11.7772,3.6912,15.1339,0.0,3.4489998817443848,13.2306,14.6494,23.07,11.1197,5.8021,1.1535,2026-08-09
xy1-131,Rainbow Energy,normal,XY,131,Uncommon,5ban Graphics,Special,,Energy,2014/02/05,"tcgplayer,cardmarket",https://prices.pokemontcg.io/tcgplayer/xy1-131,https://images.pokemontcg.io/xy1/131_hires.png,2026/08/08,2025/12/07,0.52,0.1899999976158142,0.5,45.0,,0.9,,,,0.7844,0.0231,0.7036,2.307,0.28839999437332153,0.7844,0.5191,0.4614,1.1996,1.3035,1.1535,2026-08-09
sm2-128a,Max Potion,,Guardians Rising,128a,Uncommon,Toyste Beach,Item,,Trainer,2017/05/05,cardmarket,https://prices.pokemontcg.io/cardmarket/sm2-128a,https://images.pokemontcg.io/sm2/128a_hires.png,,2025/11/21,,,,,,,,,,0.3807,0.1154,0.4614,0.0,1.0958000421524048,0.4614,0.496,0.0577,0.173,0.2192,1.1535,2026-08-09
bw7-137,Computer Search,holofoil,Boundaries Crossed,137,Rare ACE,Ryo Ueda,Item|ACE SPEC,,Trainer,2012/11/07,"tcgplayer,cardmarket",https://prices.pokemontcg.io/tcgplayer/bw7-137,https://images.pokemontcg.io/bw7/137_hires.png,2026/08/08,2025/11/21,16.19,11.0,16.68000030517578,121.95999908447266,,,,,,6.0559,2.8838,13.2537,0.0,4.037300109863281,14.488,12.1002,3.449,18.5252,15.503,1.1535,2026-08-09
xy1-132,Grass Energy,normal,XY,132,Common,,Basic,,Energy,2014/02/05,"tcgplayer,cardmarket",https://prices.pokemontcg.io/tcgplayer/xy1-132,https://images.pokemontcg.io/xy1/132_hires.png,2026/08/08,2025/12/07,1.22,0.2800000011920929,0.9900000095367432,22.489999771118164,,,,,,0.0461,0.0231,0.2192,0.0,0.023099999874830246,0.2307,0.1384,1.7302,3.0452,1.4995,1.1535,2026-08-09
swsh1-132,Galarian Stunfisk,normal,Sword & Shield,132,Uncommon,Kouki Saitou,Basic,618,Pokémon,2020/02/07,"tcgplayer,cardmarket",https://prices.pokemontcg.io/tcgplayer/swsh1-132,https://images.pokemontcg.io/swsh1/132_hires.png,2026/08/08,2025/11/21,0.11,0.009999999776482582,0.15000000596046448,19.979999542236328,,0.37,,,,0.0807,0.0231,0.0923,0.4729,0.023099999874830246,0.0346,0.0577,0.2653,0.4268,0.5191,1.1535,2026-08-09
xy5-142,Weakness Policy,normal,Primal Clash,142,Uncommon,Ayaka Yoshida,Pokémon Tool,,Trainer,2015/02/04,"tcgplayer,cardmarket",https://prices.pokemontcg.io/tcgplayer/xy5-142,https://images.pokemontcg.io/xy5/142_hires.png,2026/08/08,2025/11/21,0.25,0.05999999865889549,0.25,2.990000009536743,,0.38,,,,0.2076,0.0231,0.2422,0.2884,0.08070000261068344,0.2538,0.2884,0.4037,0.4729,0.5998,1.1535,2026-08-09
sm9-138,Dangerous Drill,normal,Team Up,138,Uncommon,Toyste Beach,Item,,Trainer,2019/02/01,"tcgplayer,cardmarket",https://prices.pokemontcg.io/tcgplayer/sm9-138,https://images.pokemontcg.io/sm9/138_hires.png,2026/08/08,2025/11/21,0.22,0.019999999552965164,0.25,2.75,,0.47,,,,0.1384,0.0231,0.15,2.2955,0.17299999296665192,0.1154,0.15,2.2955,0.496,0.4499,1.1535,2026-08-09
sm4-120,Counter Catcher,holofoil,Crimson Invasion,120,Rare Secret,Toyste Beach,Item,,Trainer,2017/11/03,"tcgplayer,cardmarket",https://prices.pokemontcg.io/tcgplayer/sm4-120,https://images.pokemontcg.io/sm4/120_hires.png,2026/08/08,2025/12/07,8.23,4.010000228881836,8.989999771118164,109.9000015258789,,,,,,10.3815,4.614,13.2883,0.0,17.291000366210938,14.5572,16.7142,8.063,7.6016,6.4596,1.1535,2026-08-09
sm12-134,Pawniard,normal,Cosmic Eclipse,134,Common,Ken Sugimori,Basic,624,Pokémon,2019/11/01,"tcgplayer,cardmarket",https://prices.pokemontcg.io/tcgplayer/sm12-134,https://images.pokemontcg.io/sm12/134_hires.png,2026/08/08,2025/11/21,0.15,0.019999999552965164,0.20000000298023224,19.979999542236328,,0.3,,,,0.0692,0.0231,0.0692,0.4614,0.08070000261068344,0.0923,0.0692,0.346,0.2653,0.346,1.1535,2026-08-09
pl1-SH6,Vulpix,reverseHolofoil,Platinum,SH6,Rare,Mitsuhiro Arita,Basic,37,Pokémon,2009/02/11,"tcgplayer,cardmarket",https://prices.pokemontcg.io/tcgplayer/pl1-SH6,https://images.pokemontcg.io/pl1/SH6_hires.png,2026/08/08,2025/12/07,162.96,150.0,448.989990234375,5009.7998046875,,,,,,14.9955,11.5235,33.9129,37.8233,14.995499610900879,41.2376,37.0735,28.8375,35.4355,38.2616,1.1535,2026-08-09
dp6-135,Stark Mountain,normal,Legends Awakened,135,Uncommon,Ryo Ueda,Stadium,,Trainer,2008/08/01,"tcgplayer,cardmarket",https://prices.pokemontcg.io/tcgplayer/dp6-135,https://images.pokemontcg.io/dp6/135_hires.png,2026/08/08,2025/11/21,0.96,0.5799999833106995,0.8999999761581421,19.979999542236328,,2.83,,,,0.6229,0.0577,0.5998,0.0,0.23070000112056732,0.6344,0.5883,1.142,0.8882,1.0843,1.1535,2026-08-09
sm1-132,Switch,normal,Sun & Moon,132,Uncommon,Ryo Ueda,Item,,Trainer,2017/02/03,"tcgplayer,cardmarket",https://prices.pokemontcg.io/tcgplayer/sm1-132,https://images.pokemontcg.io/sm1/132_hires.png,2026/08/08,2025/11/21,0.12,0.029999999329447746,0.20000000298023224,4.0,,0.21,,,,0.4614,0.0577,0.3576,0.0,0.28839999437332153,0.2768,0.2653,0.173,0.173,0.173,1.1535,2026-08-09
xy8-129,Rufflet,normal,BREAKthrough,129,Common,Tomokazu Komiya,Basic,627,Pokémon,2015/11/04,"tcgplayer,cardmarket",https://prices.pokemontcg.io/tcgplayer/xy8-129,https://images.pokemontcg.io/xy8/129_hires.png,2026/08/08,2025/11/21,0.3,0.11999999731779099,0.30000001192092896,19.979999542236328,,0.73,,,,0.3345,0.0231,0.4845,1.661,0.3806999921798706,0.496,0.3576,1.6149,1.638,1.2573,1.1535,2026-08-09
sm5-127,Looker Whistle,normal,Ultra Prism,127,Uncommon,Toyste Beach,Item,,Trainer,2018/02/02,"tcgplayer,cardmarket",https://prices.pokemontcg.io/tcgplayer/sm5-127,https://images.pokemontcg.io/sm5/127_hires.png,2026/08/08,2025/11/21,0.05,0.029999999329447746,0.25,19.979999542236328,,0.3,,,,0.173,0.0231,0.1154,0.2999,0.11540000140666962,0.173,0.1038,0.7382,0.2884,0.3576,1.1535,2026-08-09
ecard3-94,Seel,normal,Skyridge,94,Common,Hisao Nakamura,Basic,86,Pokémon,2003/05/12,"tcgplayer,cardmarket",https://prices.pokemontcg.io/tcgplayer/ecard3-94,https://images.pokemontcg.io/ecard3/94_hires.png,2026/08/08,2025/12/07,37.41,25.0,37.400001525878906,399.8999938964844,,90.32,,,,7.4516,2.8838,6.6672,6.921,8.062999725341797,7.3247,4.8562,9.897,8.3398,10.866,1.1535,2026-08-09
xy9-121,Ho-Oh-EX,holofoil,BREAKpoint,121,Rare Ultra,Ryo Ueda,Basic|EX,250,Pokémon,2016/02/03,"tcgplayer,cardmarket",https://prices.pokemontcg.io/tcgplayer/xy9-121,https://images.pokemontcg.io/xy9/121_hires.png,2026/08/08,2025/12/07,44.1,30.979999542236328,45.4900016784668,199.99000549316406,,,,,,50.3733,11.535,17.1525,0.0,10.381500244140625,51.0308,79.4762,17.3025,25.7807,17.3486,1.1535,2026-08-09
bw8-127,Plasma Energy,normal,Plasma Storm,127,Uncommon,5ban Graphics,Special|Team Plasma,,Energy,2013/02/06,"tcgplayer,cardmarket",https://prices.pokemontcg.io/tcgplayer/bw8-127,https://images.pokemontcg.io/bw8/127_hires.png,2026/08/08,2025/12/07,0.36,0.09000000357627869,0.3499999940395355,4.989999771118164,,2.76,,,,0.3691,0.0231,0.4383,5.7444,0.46140000224113464,0.3345,0.3114,5.7444,2.9645,1.8225,1.1535,2026-08-09
xyp-XY126,Mew-EX,holofoil,XY Black Star Promos,XY126,Promo,Eske Yoshinob,Basic|EX,151,Pokémon,2013/10/12,"tcgplayer,cardmarket",https://prices.pokemontcg.io/tcgplayer/xyp-XY126,https://images.pokemontcg.io/xyp/XY126_hires.png,2026/08/08,2025/11/21,208.93,128.63999938964844,294.489990234375,1414.9000244140625,,,,,,207.63,115.2347,169.3915,0.0,184.54849243164062,182.0915,114.681,86.501,69.1869,48.0894,1.1535,2026-08-09
swsh3-123,Aggron,holofoil,Darkness Ablaze,123,Rare Holo,Hasuno,Stage 2,306,Pokémon,2020/08/14,"tcgplayer,cardmarket",https://prices.pokemontcg.io/tcgplayer/swsh3-123,https://images.pokemontcg.io/swsh3/123_hires.png,2026/08/08,2025/11/21,0.32,0.05000000074505806,0.4000000059604645,19.559999465942383,,0.62,,,,0.5998,0.1154,0.6921,0.669,0.3345000147819519,0.6921,0.5191,0.6921,0.5421,0.9228,1.1535,2026-08-09
swsh2-133,Honedge,normal,Rebel Clash,133,Common,Sekio,Basic,679,Pokémon,2020/05/01,"tcgplayer,cardmarket",https://prices.pokemontcg.io/tcgplayer/swsh2-133,https://images.pokemontcg.io/swsh2/133_hires.png,2026/08/08,2025/11/21,0.02,0.009999999776482582,0.1899999976158142,3.0,,0.29,,,,0.0577,0.0231,0.0461,0.15,0.023099999874830246,0.0461,0.0577,0.1154,0.1269,0.1846,1.1535,2026-08-09
sm11-126,Mega Sableye & Tyranitar-GX,holofoil,Unified Minds,126,Rare Holo GX,Mitsuhiro Arita,Basic|TAG TEAM|GX,248|302,Pokémon,2019/08/02,"tcgplayer,cardmarket",https://prices.pokemontcg.io/tcgplayer/sm11-126,https://images.pokemontcg.io/sm11/126_hires.png,2026/08/08,2025/11/21,42.33,35.0,48.5,293.2200012207031,,,,,,23.3699,3.449,22.0895,0.0,31.52519989013672,25.8845,25.2616,9.228,7.3824,6.0213,1.1535,2026-08-09
ecard1-125,Poliwag,normal,Expedition Base Set,125,Common,Yuka Morii,Basic,60,Pokémon,2002/09/15,"tcgplayer,cardmarket",https://prices.pokemontcg.io/tcgplayer/ecard1-125,https://images.pokemontcg.io/ecard1/125_hires.png,2026/08/08,2025/12/07,19.1,17.5,21.799999237060547,196.7100067138672,,36.97,,,,1.4073,0.0231,1.6034,4.6255,3.4028000831604004,1.4303,1.4534,4.0373,4.2564,4.4179,1.1535,2026-08-09
ex10-O,Unown,holofoil,Unseen Forces,O,Rare,Nakaoka,Basic,201,Pokémon,2005/08/01,"tcgplayer,cardmarket",https://prices.pokemontcg.io/tcgplayer/ex10-O,https://images.pokemontcg.io/ex10/O_hires.png,2026/08/08,2025/12/07,25.95,43.70000076293945,76.48999786376953,290.0,,,,,,8.236,1.1535,7.4631,0.0,5.767499923706055,8.1783,8.3629,9.2165,16.8065,7.7169,1.1535,2026-08-09
pl3-130,Surskit,normal,Supreme Victors,130,Common,Miki Tanaka,Basic,283,Pokémon,2009/08/19,"tcgplayer,cardmarket",https://prices.pokemontcg.io/tcgplayer/pl3-130,https://images.pokemontcg.io/pl3/130_hires.png,2026/08/08,2025/11/25,0.34,0.10000000149011612,0.28999999165534973,19.979999542236328,,2.51,,,,0.0923,0.0231,0.0923,0.0,0.11540000140666962,0.0923,0.1384,3.2183,1.3842,0.8882,1.1535,2026-08-09
sm2-129,Multi Switch,normal,Guardians Rising,129,Uncommon,Toyste Beach,Item,,Trainer,2017/05/05,"tcgplayer,cardmarket",https://prices.pokemontcg.io/tcgplayer/sm2-129,https://images.pokemontcg.io/sm2/129_hires.png,2026/08/08,2025/11/21,0.12,0.029999999329447746,0.20000000298023224,19.979999542236328,,0.34,,,,0.0577,0.0231,0.0231,0.3345,0.04610000178217888,0.0577,0.0807,0.3345,0.3345,0.3345,1.1535,2026-08-09
smp-SM132,Delcatty,holofoil,SM Black Star Promos,SM132,Promo,0313,Stage 1,301,Pokémon,2017/02/03,"tcgplayer,cardmarket",https://prices.pokemontcg.io/tcgplayer/smp-SM132,https://images.pokemontcg.io/smp/SM132_hires.png,2026/08/08,2025/11/21,8.3,16.59000015258789,88.58000183105469,123.0999984741211,,,,,,15.7568,4.6025,9.7701,0.0,4.025700092315674,10.3123,7.1171,5.7675,7.2555,4.8332,1.1535,2026-08-09
bw11-RC21,Shaymin-EX,holofoil,Legendary Treasures,RC21,Rare Ultra,Kanako Eo,Basic|EX,492,Pokémon,2013/11/06,"tcgplayer,cardmarket",https://prices.pokemontcg.io/tcgplayer/bw11-RC21,https://images.pokemontcg.io/bw11/RC21_hires.png,2026/08/08,2025/11/21,49.29,29.209999084472656,45.0,200.0,,,,,,28.7337,17.291,58.3325,0.0,28.837499618530273,28.7337,39.9688,32.298,26.5305,17.9023,1.1535,2026-08-09
sm3-125,Tormenting Spray,normal,Burning Shadows,125,Uncommon,Toyste Beach,Item,,Trainer,2017/08/05,"tcgplayer,cardmarket",https://prices.pokemontcg.io/tcgplayer/sm3-125,https://images.pokemontcg.io/sm3/125_hires.png,2026/08/08,2025/11/21,0.08,0.009999999776482582,0.20000000298023224,1.690000057220459,,0.24,,,,0.0577,0.0231,0.0577,0.1846,0.11540000140666962,0.0807,0.0692,0.173,0.2192,0.1961,1.1535,2026-08-09
ecard2-106,Scyther,normal,Aquapolis,106,Common,Midori Harada,Basic,123,Pokémon,2003/01/15,"tcgplayer,cardmarket",https://prices.pokemontcg.io/tcgplayer/ecard2-106,https://images.pokemontcg.io/ecard2/106_hires.png,2026/08/08,2025/12/07,15.93,13.5,20.0,300.0,,199.99,,,,4.1295,0.173,2.8491,14.3495,2.8838000297546387,5.2023,3.126,24.212,14.9032,12.3309,1.1535,2026-08-09
sm8-129,Cobalion,holofoil,Lost Thunder,129,Rare Holo,Kouki Saitou,Basic,638,Pokémon,2018/11/02,"tcgplayer,cardmarket",https://prices.pokemontcg.io/tcgplayer/sm8-129,https://images.pokemontcg.io/sm8/129_hires.png,2026/08/08,2025/11/21,0.72,0.38999998569488525,0.7099999785423279,1.9900000095367432,,0.73,,,,1.9725,0.173,2.157,11.535,1.6726000308990479,2.2263,1.4534,1.7187,2.8376,1.9148,1.1535,2026-08-09
sm6-120,Greninja-GX,holofoil,Forbidden Light,120,Rare Ultra,5ban Graphics,Stage 2|GX,658,Pokémon,2018/05/04,"tcgplayer,cardmarket",https://prices.pokemontcg.io/tcgplayer/sm6-120,https://images.pokemontcg.io/sm6/120_hires.png,2026/08/08,2025/11/21,58.73,40.650001525878906,66.1500015258789,95.9800033569336,,,,,,14.7071,8.6512,15.8837,0.0,20.76300048828125,15.8029,18.4675,14.4072,14.8917,12.2963,1.1535,2026-08-09
sm10-124,Lairon,normal,Unbroken Bonds,124,Uncommon,Suwama Chiaki,Stage 1,305,Pokémon,2019/05/03,"tcgplayer,cardmarket",https://prices.pokemontcg.io/tcgplayer/sm10-124,https://images.pokemontcg.io/sm10/124_hires.png,2026/08/08,2025/11/21,0.22,0.029999999329447746,0.23000000417232513,19.979999542236328,,0.5,,,,0.1038,0.0231,0.0923,0.2884,0.023099999874830246,0.1038,0.1154,0.2884,0.3807,0.4037,1.1535,2026-08-09
sm7-129,Energy Switch,normal,Celestial Storm,129,Uncommon,Ken Ikuji,Item,,Trainer,2018/08/03,"tcgplayer,cardmarket",https://prices.pokemontcg.io/tcgplayer/sm7-129,https://images.pokemontcg.io/sm7/129_hires.png,2026/08/08,2025/11/21,0.36,0.2199999988079071,0.4000000059604645,16.360000610351562,,1.31,,,,0.5767,0.2307,1.1535,0.0,1.153499960899353,0.5421,0.5421,0.0,0.0,0.0,1.1535,2026-08-09
swsh4-128,Magearna,holofoil,Vivid Voltage,128,Rare Holo,AKIRA EGAWA,Basic,801,Pokémon,2020/11/13,"tcgplayer,cardmarket",https://prices.pokemontcg.io/tcgplayer/swsh4-128,https://images.pokemontcg.io/swsh4/128_hires.png,2026/08/08,2025/11/21,0.3,0.05000000074505806,0.33000001311302185,999.989990234375,,0.37,,,,0.173,0.0231,0.1846,0.4729,0.11540000140666962,0.173,0.1961,0.4037,0.4499,0.496,1.1535,2026-08-09
xy5-143,Shield Energy,normal,Primal Clash,143,Uncommon,5ban Graphics,Special,,Energy,2015/02/04,"tcgplayer,cardmarket",https://prices.pokemontcg.io/tcgplayer/xy5-143,https://images.pokemontcg.io/xy5/143_hires.png,2026/08/08,2025/11/21,0.5,0.10000000149011612,0.5,96.94000244140625,,1.47,,,,0.7959,0.0577,0.8421,1.9609,0.7498000264167786,1.0843,1.1304,1.9609,1.8917,2.0878,1.1535,2026-08-09
sm9-139,Electrocharger,normal,Team Up,139,Uncommon,Eske Yoshinob,Item,,Trainer,2019/02/01,"tcgplayer,cardmarket",https://prices.pokemontcg.io/tcgplayer/sm9-139,https://images.pokemontcg.io/sm9/139_hires.png,2026/08/08,2025/11/21,0.22,0.05000000074505806,0.25,2.990000009536743,,0.32,,,,0.0923,0.0231,0.1154,0.4614,0.17299999296665192,0.1269,0.1269,2.307,0.646,0.4268,1.1535,2026-08-09
sm12-135,Bisharp,normal,Cosmic Eclipse,135,Uncommon,SATOSHI NAKAI,Stage 1,625,Pokémon,2019/11/01,"tcgplayer,cardmarket",https://prices.pokemontcg.io/tcgplayer/sm12-135,https://images.pokemontcg.io/sm12/135_hires.png,2026/08/08,2025/11/21,0.17,0.05000000074505806,0.20000000298023224,19.979999542236328,,0.34,,,,0.1154,0.0231,0.1154,0.4845,0.06920000165700912,0.1154,0.1038,0.4037,0.496,0.496,1.1535,2026-08-09
xy1-133,Fire Energy,normal,XY,133,Common,,Basic,,Energy,2014/02/05,"tcgplayer,cardmarket",https://prices.pokemontcg.io/tcgplayer/xy1-133,https://images.pokemontcg.io/xy1/133_hires.png,2026/08/08,2025/11/21,0.89,0.699999988079071,0.8799999952316284,49.9900016784668,,,,,,0.0807,0.0231,0.0807,0.0,0.023099999874830246,0.0807,0.1038,0.5767,0.3691,0.5075,1.1535,2026-08-09
dp6-136,Technical Machine TS-1,normal,Legends Awakened,136,Uncommon,Ryo Ueda,Technical Machine,,Trainer,2008/08/01,"tcgplayer,cardmarket",https://prices.pokemontcg.io/tcgplayer/dp6-136,https://images.pokemontcg.io/dp6/136_hires.png,2026/08/08,2025/11/21,0.32,0.05000000074505806,0.30000001192092896,19.979999542236328,,1.14,,,,0.2307,0.0231,0.3114,0.1154,0.20759999752044678,0.2076,0.1961,0.5767,0.4499,0.7267,1.1535,2026-08-09
bw7-138,Crystal Edge,holofoil,Boundaries Crossed,138,Rare ACE,5ban Graphics,Pokémon Tool|ACE SPEC,,Trainer,2012/11/07,"tcgplayer,cardmarket",https://prices.pokemontcg.io/tcgplayer/bw7-138,https://images.pokemontcg.io/bw7/138_hires.png,2026/08/08,2025/11/21,2.59,1.1200000047683716,2.200000047683716,35.599998474121094,,,,,,2.1224,0.4499,1.6495,0.0,1.153499960899353,2.0532,2.307,0.5767,3.5989,2.4224,1.1535,2026-08-09
sm4-121,Wishful Baton,holofoil,Crimson Invasion,121,Rare Secret,Toyste Beach,Pokémon Tool,,Trainer,2017/11/03,"tcgplayer,cardmarket",https://prices.pokemontcg.io/tcgplayer/sm4-121,https://images.pokemontcg.io/sm4/121_hires.png,2026/08/08,2025/12/07,4.07,2.75,4.070000171661377,38.63999938964844,,,,,,7.2209,2.307,7.7284,0.0,7.716899871826172,7.3824,6.8287,8.063,9.1934,8.1898,1.1535,2026-08-09
sm2-130,Rescue Stretcher,normal,Guardians Rising,130,Uncommon,Yoshinobu Saito,Item,,Trainer,2017/05/05,"tcgplayer,cardmarket",https://prices.pokemontcg.io/tcgplayer/sm2-130,https://images.pokemontcg.io/sm2/130_hires.png,2026/08/08,2025/11/21,0.78,0.09000000357627869,0.75,5.849999904632568,,1.73,,,,0.5767,0.0,0.5306,0.0,0.57669997215271,0.2653,0.2653,0.0,0.0,0.0,1.1535,2026-08-09
xy8-130,Braviary,normal,BREAKthrough,130,Rare,match,Stage 1,628,Pokémon,2015/11/04,"tcgplayer,cardmarket",https://prices.pokemontcg.io/tcgplayer/xy8-130,https://images.pokemontcg.io/xy8/130_hires.png,2026/08/08,2025/11/21,0.28,0.07000000029802322,0.2800000011920929,23.489999771118164,,0.47,,,,0.3345,0.0577,0.4153,1.165,0.28839999437332153,0.346,0.3922,0.9228,1.1535,1.1535,1.1535,2026-08-09
smp-SM133,Thundurus-GX,holofoil,SM Black Star Promos,SM133,Promo,5ban Graphics,Basic|GX,642,Pokémon,2017/02/03,"tcgplayer,cardmarket",https://prices.pokemontcg.io/tcgplayer/smp-SM133,https://images.pokemontcg.io/smp/SM133_hires.png,2026/08/08,2025/11/21,3.48,2.6500000953674316,3.4800000190734863,9999.0,,,,,,3.6681,1.3842,3.7143,0.0,4.602499961853027,3.6105,3.6797,5.1677,5.26,6.7364,1.1535,2026-08-09
sm1-133,Team Skull Grunt,normal,Sun & Moon,133,Uncommon,Ken Sugimori,Supporter,,Trainer,2017/02/03,"tcgplayer,cardmarket",https://prices.pokemontcg.io/tcgplayer/sm1-133,https://images.pokemontcg.io/sm1/133_hires.png,2026/08/08,2025/11/21,0.17,0.029999999329447746,0.20000000298023224,2.990000009536743,,0.32,,,,0.0577,0.0231,0.0807,0.2999,0.05770000070333481,0.0807,0.0692,0.2192,0.2999,0.3114,1.1535,2026-08-09
pl3-131,Turtwig,normal,Supreme Victors,131,Common,Atsuko Nishida,Basic,387,Pokémon,2009/08/19,"tcgplayer,cardmarket",https://prices.pokemontcg.io/tcgplayer/pl3-131,https://images.pokemontcg.io/pl3/131_hires.png,2026/08/08,2025/11/25,0.88,0.5,0.9100000262260437,19.979999542236328,,10.06,,,,0.3114,0.0577,0.2076,0.0,0.17299999296665192,0.2884,0.3576,13.1499,4.6371,3.1837,1.1535,2026-08-09
xyp-XY127,Moltres,holofoil,XY Black Star Promos,XY127,Promo,OOYAMA,Basic,146,Pokémon,2013/10/12,"tcgplayer,cardmarket",https://prices.pokemontcg.io/tcgplayer/xyp-XY127,https://images.pokemontcg.io/xyp/XY127_hires.png,2026/08/08,2025/11/21,55.15,57.90999984741211,60.060001373291016,589.9000244140625,,,,,,45.4594,26.5305,41.676,0.0,43.475399017333984,42.1258,32.2057,40.3725,8.7089,6.0789,1.1535,2026-08-09
ecard3-95,Seel,normal,Skyridge,95,Common,Yukiko Baba,Basic,86,Pokémon,2003/05/12,"tcgplayer,cardmarket",https://prices.pokemontcg.io/tcgplayer/ecard3-95,https://images.pokemontcg.io/ecard3/95_hires.png,2026/08/08,2025/12/07,25.32,50.0,53.689998626708984,307.8999938964844,,,,,,4.1757,1.4995,2.7453,0.0,1.61489999294281,2.8145,6.0213,14.4187,12.3194,11.2582,1.1535,2026-08-09
swsh1-133,Pawniard,normal,Sword & Shield,133,Common,Motofumi Fujiwara,Basic,624,Pokémon,2020/02/07,"tcgplayer,cardmarket",https://prices.pokemontcg.io/tcgplayer/swsh1-133,https://images.pokemontcg.io/swsh1/133_hires.png,2026/08/08,2025/11/21,0.04,0.009999999776482582,0.15000000596046448,19.979999542236328,,0.24,,,,0.0461,0.0231,0.0346,0.2076,0.023099999874830246,0.0346,0.0461,0.2307,0.2653,0.2422,1.1535,2026-08-09
ex10-P,Unown,holofoil,Unseen Forces,P,Rare,Kyoko Koizumi,Basic,201,Pokémon,2005/08/01,"tcgplayer,cardmarket",https://prices.pokemontcg.io/tcgplayer/ex10-P,https://images.pokemontcg.io/ex10/P_hires.png,2026/08/08,2025/12/07,34.01,29.989999771118164,32.47999954223633,599.9000244140625,,,,,,13.7382,2.8838,11.6619,0.0,8.07450008392334,13.4267,12.7116,28.8375,11.6273,5.0408,1.1535,2026-08-09
ecard1-126,Ponyta,normal,Expedition Base Set,126,Common,Kagemaru Himeno,Basic,77,Pokémon,2002/09/15,"tcgplayer,cardmarket",https://prices.pokemontcg.io/tcgplayer/ecard1-126,https://images.pokemontcg.io/ecard1/126_hires.png,2026/08/08,2025/12/07,8.55,4.590000152587891,7.75,41.560001373291016,,41.8,,,,0.7267,0.0577,0.5075,0.0,1.4880000352859497,0.7844,1.1996,10.9582,4.6371,6.5519,1.1535,2026-08-09
ecard2-107,Sentret,normal,Aquapolis,107,Common,Hizuki Misono,Basic,161,Pokémon,2003/01/15,"tcgplayer,cardmarket",https://prices.pokemontcg.io/tcgplayer/ecard2-107,https://images.pokemontcg.io/ecard2/107_hires.png,2026/08/08,2025/12/07,6.11,8.0,19.969999313354492,88.0,,38.31,,,,1.7302,0.0577,1.4303,12.0656,2.2955000400543213,1.4765,2.134,23.07,8.5705,5.9521,1.1535,2026-08-09
bw8-128,Dowsing Machine,holofoil,Plasma Storm,128,Rare ACE,Ryo Ueda,Item|ACE SPEC,,Trainer,2013/02/06,"tcgplayer,cardmarket",https://prices.pokemontcg.io/tcgplayer/bw8-128,https://images.pokemontcg.io/bw8/128_hires.png,2026/08/08,2025/12/07,7.23,4.579999923706055,8.0,78.30000305175781,,,,,,9.1357,1.6149,7.6823,0.0,11.523500442504883,5.7906,8.8589,6.921,8.1552,9.9893,1.1535,2026-08-09
xy9-122,Skyla,holofoil,BREAKpoint,122,Rare Ultra,Megumi Mizutani,Supporter,,Trainer,2016/02/03,"tcgplayer,cardmarket",https://prices.pokemontcg.io/tcgplayer/xy9-122,https://images.pokemontcg.io/xy9/122_hires.png,2026/08/08,2025/12/07,55.9,40.0,56.81999969482422,100.0,,,,,,38.896,9.228,46.3015,0.0,57.67499923706055,50.4656,40.9954,21.9165,22.401,20.3016,1.1535,2026-08-09
swsh2-134,Doublade,normal,Rebel Clash,134,Uncommon,Aya Kusube,Stage 1,680,Pokémon,2020/05/01,"tcgplayer,cardmarket",https://prices.pokemontcg.io/tcgplayer/swsh2-134,https://images.pokemontcg.io/swsh2/134_hires.png,2026/08/08,2025/11/21,0.06,0.009999999776482582,0.20000000298023224,19.979999542236328,,0.3,,,,0.0577,0.0231,0.0461,0.3114,0.04610000178217888,0.0577,0.0692,0.0577,0.2538,0.2768,1.1535,2026-08-09
sm5-128,Mars,normal,Ultra Prism,128,Uncommon,Ken Sugimori,Supporter,,Trainer,2018/02/02,"tcgplayer,cardmarket",https://prices.pokemontcg.io/tcgplayer/sm5-128,https://images.pokemontcg.io/sm5/128_hires.png,2026/08/08,2025/11/21,0.3,0.10000000149011612,0.30000001192092896,1.6699999570846558,,0.7,,,,0.1384,0.0231,0.0577,0.2307,0.03460000082850456,0.1384,0.1615,0.4614,0.2538,0.3922,1.1535,2026-08-09
swsh3-124,Escavalier,normal,Darkness Ablaze,124,Rare,Anesaki Dynamic,Stage 1,589,Pokémon,2020/08/14,"tcgplayer,cardmarket",https://prices.pokemontcg.io/tcgplayer/swsh3-124,https://images.pokemontcg.io/swsh3/124_hires.png,2026/08/08,2025/11/21,0.03,0.009999999776482582,0.20000000298023224,19.979999542236328,,0.35,,,,0.15,0.0231,0.1154,0.3807,0.10379999876022339,0.2076,0.2307,0.7036,0.4383,0.4845,1.1535,2026-08-09
sm11-127,Alolan Grimer,normal,Unified Minds,127,Common,kawayoo,Basic,88,Pokémon,2019/08/02,"tcgplayer,cardmarket",https://prices.pokemontcg.io/tcgplayer/sm11-127,https://images.pokemontcg.io/sm11/127_hires.png,2026/08/08,2025/11/21,0.2,0.029999999329447746,0.23000000417232513,19.979999542236328,,0.52,,,,0.0692,0.0231,0.0807,0.2538,0.06920000165700912,0.0807,0.1038,0.1154,0.2768,0.2999,1.1535,2026-08-09
sm7-130,Fisherman,normal,Celestial Storm,130,Uncommon,Masakazu Fukuda,Supporter,,Trainer,2018/08/03,"tcgplayer,cardmarket",https://prices.pokemontcg.io/tcgplayer/sm7-130,https://images.pokemontcg.io/sm7/130_hires.png,2026/08/08,2025/11/21,0.26,0.09000000357627869,0.28999999165534973,19.979999542236328,,0.49,,,,0.173,0.0231,0.15,0.5767,0.08070000261068344,0.1154,0.1961,0.5767,0.6114,0.6114,1.1535,2026-08-09
sm3-126,Weakness Policy,normal,Burning Shadows,126,Uncommon,Ayaka Yoshida,Pokémon Tool,,Trainer,2017/08/05,"tcgplayer,cardmarket",https://prices.pokemontcg.io/tcgplayer/sm3-126,https://images.pokemontcg.io/sm3/126_hires.png,2026/08/08,2025/11/21,0.04,0.009999999776482582,0.20000000298023224,18.1200008392334,,0.36,,,,0.1154,0.0231,0.0923,0.3807,0.03460000082850456,0.0807,0.0807,0.0231,0.323,0.2653,1.1535,2026-08-09
sm8-130,Genesect-GX,holofoil,Lost Thunder,130,Rare Holo GX,Yoshinobu Saito,Basic|GX,649,Pokémon,2018/11/02,"tcgplayer,cardmarket",https://prices.pokemontcg.io/tcgplayer/sm8-130,https://images.pokemontcg.io/sm8/130_hires.png,2026/08/08,2025/11/21,2.36,1.399999976158142,2.490000009536743,21.239999771118164,,,,,,3.4605,1.1535,2.7915,0.0,2.0071001052856445,3.4028,3.0222,1.8802,2.6992,2.5838,1.1535,2026-08-09
sm5-129,Missing Clover,normal,Ultra Prism,129,Uncommon,Toyste Beach,Item,,Trainer,2018/02/02,"tcgplayer,cardmarket",https://prices.pokemontcg.io/tcgplayer/sm5-129,https://images.pokemontcg.io/sm5/129_hires.png,2026/08/08,2025/11/21,0.14,0.029999999329447746,0.23999999463558197,19.979999542236328,,0.3,,,,0.1269,0.0231,0.0923,0.3807,0.023099999874830246,0.0807,0.1038,0.346,0.2768,0.2768,1.1535,2026-08-09
sm7-131,Friend Ball,normal,Celestial Storm,131,Uncommon,Katsura Tabata,Item,,Trainer,2018/08/03,"tcgplayer,cardmarket",https://prices.pokemontcg.io/tcgplayer/sm7-131,https://images.pokemontcg.io/sm7/131_hires.png,2026/08/08,2025/11/21,0.28,0.1599999964237213,0.28999999165534973,19.979999542236328,,0.46,,,,0.3114,0.0346,0.2999,0.669,0.23070000112056732,0.3345,0.2538,0.5767,0.6229,0.4729,1.1535,2026-08-09
ecard1-127,Qwilfish,normal,Expedition Base Set,127,Common,Toshinao Aoki,Basic,211,Pokémon,2002/09/15,"tcgplayer,cardmarket",https://prices.pokemontcg.io/tcgplayer/ecard1-127,https://images.pokemontcg.io/ecard1/127_hires.png,2026/08/08,2025/12/07,2.11,1.25,2.5799999237060547,27.100000381469727,,15.0,,,,1.0266,0.1154,0.8882,2.2032,0.5651999711990356,0.6806,0.7613,3.449,2.457,3.449,1.1535,2026-08-09
sm3-127,Wicke,normal,Burning Shadows,127,Uncommon,take,Supporter,,Trainer,2017/08/05,"tcgplayer,cardmarket",https://prices.pokemontcg.io/tcgplayer/sm3-127,https://images.pokemontcg.io/sm3/127_hires.png,2026/08/08,2025/11/21,0.15,0.019999999552965164,0.20000000298023224,17.239999771118164,,0.45,,,,0.0577,0.0231,0.0577,0.2076,0.11540000140666962,0.0577,0.0692,0.0577,0.2538,0.2653,1.1535,2026-08-09
pl3-132,Whismur,normal,Supreme Victors,132,Common,Yuka Morii,Basic,293,Pokémon,2009/08/19,"tcgplayer,cardmarket",https://prices.pokemontcg.io/tcgplayer/pl3-132,https://images.pokemontcg.io/pl3/132_hires.png,2026/08/08,2025/11/25,3.77,2.200000047683716,2.990000009536743,19.979999542236328,,,,,,0.2192,0.0231,0.1615,2.2263,0.17299999296665192,0.173,0.2076,3.1029,2.307,1.8802,1.1535,2026-08-09
sm4-122,Counter Energy,holofoil,Crimson Invasion,122,Rare Secret,,Special,,Energy,2017/11/03,"tcgplayer,cardmarket",https://prices.pokemontcg.io/tcgplayer/sm4-122,https://images.pokemontcg.io/sm4/122_hires.png,2026/08/08,2025/12/07,7.24,5.989999771118164,7.400000095367432,69.54000091552734,,,,,,7.4977,2.307,8.6628,0.0,13.265199661254883,7.9822,8.905,5.9521,7.3478,7.1171,1.1535,2026-08-09
swsh3-125,Klink,normal,Darkness Ablaze,125,Common,Kouki Saitou,Basic,599,Pokémon,2020/08/14,"tcgplayer,cardmarket",https://prices.pokemontcg.io/tcgplayer/swsh3-125,https://images.pokemontcg.io/swsh3/125_hires.png,2026/08/08,2025/11/21,0.04,0.009999999776482582,0.15000000596046448,25.040000915527344,,0.08,,,,0.0692,0.0231,0.0807,0.2192,0.023099999874830246,0.0461,0.0577,0.1384,0.1846,0.2192,1.1535,2026-08-09
swsh1-134,Bisharp,normal,Sword & Shield,134,Uncommon,kawayoo,Stage 1,625,Pokémon,2020/02/07,"tcgplayer,cardmarket",https://prices.pokemontcg.io/tcgplayer/swsh1-134,https://images.pokemontcg.io/swsh1/134_hires.png,2026/08/08,2025/11/21,0.12,0.009999999776482582,0.17000000178813934,2.0,,0.43,,,,0.0577,0.0231,0.0461,0.669,0.023099999874830246,0.0346,0.0461,0.8421,0.7728,0.6114,1.1535,2026-08-09
bw8-129,Scramble Switch,holofoil,Plasma Storm,129,Rare ACE,5ban Graphics,Item|ACE SPEC,,Trainer,2013/02/06,"tcgplayer,cardmarket",https://prices.pokemontcg.io/tcgplayer/bw8-129,https://images.pokemontcg.io/bw8/129_hires.png,2026/08/08,2025/12/07,7.26,3.5,7.260000228881836,29.690000534057617,,,,,,6.4365,0.2307,5.26,0.0,5.767499923706055,4.4525,6.275,8.063,5.7675,4.9947,1.1535,2026-08-09
sm10-125,Aggron,normal,Unbroken Bonds,125,Rare,Satoshi Shirai,Stage 2,306,Pokémon,2019/05/03,"tcgplayer,cardmarket",https://prices.pokemontcg.io/tcgplayer/sm10-125,https://images.pokemontcg.io/sm10/125_hires.png,2026/08/08,2025/11/21,0.4,0.15000000596046448,0.4099999964237213,19.979999542236328,,0.57,,,,0.496,0.0461,0.6229,1.5457,0.5651999711990356,0.496,0.5652,2.2493,1.1996,1.2458,1.1535,2026-08-09
swsh4-129,Duraludon,holofoil,Vivid Voltage,129,Rare Holo,kawayoo,Basic,884,Pokémon,2020/11/13,"tcgplayer,cardmarket",https://prices.pokemontcg.io/tcgplayer/swsh4-129,https://images.pokemontcg.io/swsh4/129_hires.png,2026/08/08,2025/11/21,0.25,0.009999999776482582,0.2800000011920929,999.989990234375,,0.22,,,,0.1384,0.0231,0.1384,0.4729,0.3806999921798706,0.173,0.173,1.1535,0.4614,0.496,1.1535,2026-08-09
ecard3-96,Shuckle,normal,Skyridge,96,Common,Sumiyoshi Kizuki,Basic,213,Pokémon,2003/05/12,"tcgplayer,cardmarket",https://prices.pokemontcg.io/tcgplayer/ecard3-96,https://images.pokemontcg.io/ecard3/96_hires.png,2026/08/08,2025/12/07,29.43,18.5,39.36000061035156,199.77999877929688,,,,,,2.9876,0.346,3.8873,0.0,2.1800999641418457,3.3567,3.0452,11.5235,18.306,18.8021,1.1535,2026-08-09
smp-SM134,Tornadus-GX,holofoil,SM Black Star Promos,SM134,Promo,5ban Graphics,Basic|GX,641,Pokémon,2017/02/03,"tcgplayer,cardmarket",https://prices.pokemontcg.io/tcgplayer/smp-SM134,https://images.pokemontcg.io/smp/SM134_hires.png,2026/08/08,2025/11/21,3.1,2.0199999809265137,3.049999952316284,9999.0,,,,,,3.7143,1.0381,3.3451,0.0,4.556300163269043,2.9299,3.4144,5.756,4.6601,4.5679,1.1535,2026-08-09
ex10-Q,Unown,holofoil,Unseen Forces,Q,Rare,Nakaoka,Basic,201,Pokémon,2005/08/01,"tcgplayer,cardmarket",https://prices.pokemontcg.io/tcgplayer/ex10-Q,https://images.pokemontcg.io/ex10/Q_hires.png,2026/08/08,2025/12/07,28.09,42.0,372.3999938964844,699.7899780273438,,,,,,11.7426,2.307,12.8615,0.0,5.767499923706055,11.1313,13.7382,6.921,12.0771,5.4445,1.1535,2026-08-09
xy9-123,Gyarados-EX,holofoil,BREAKpoint,123,Rare Secret,Mitsuhiro Arita,Basic|EX,130,Pokémon,2016/02/03,"tcgplayer,cardmarket",https://prices.pokemontcg.io/tcgplayer/xy9-123,https://images.pokemontcg.io/xy9/123_hires.png,2026/08/08,2025/12/07,196.55,118.0,199.8800048828125,1775.699951171875,,,,,,112.8469,28.7221,87.9313,0.0,148.00559997558594,99.4202,97.5746,23.07,27.015,31.3291,1.1535,2026-08-09
ecard2-108,Slowpoke,normal,Aquapolis,108,Common,Aya Kusube,Basic,79,Pokémon,2003/01/15,"tcgplayer,cardmarket",https://prices.pokemontcg.io/tcgplayer/ecard2-108,https://images.pokemontcg.io/ecard2/108_hires.png,2026/08/08,2025/11/21,28.79,29.0,35.5,311.20001220703125,,128.49,,,,2.2493,0.173,1.8802,22.4932,0.46140000224113464,1.6495,2.2378,3.3451,23.4507,11.2005,1.1535,2026-08-09
sm1-134,Timer Ball,normal,Sun & Moon,134,Uncommon,Toyste Beach,Item,,Trainer,2017/02/03,"tcgplayer,cardmarket",https://prices.pokemontcg.io/tcgplayer/sm1-134,https://images.pokemontcg.io/sm1/134_hires.png,2026/08/08,2025/11/21,0.23,0.05000000074505806,0.23000000417232513,1000.0,,0.52,,,,0.0577,0.0231,0.1038,0.4729,0.219200000166893,0.15,0.1038,0.4614,0.4037,0.4383,1.1535,2026-08-09
sm8-131,Magearna,normal,Lost Thunder,131,Uncommon,Masakazu Fukuda,Basic,801,Pokémon,2018/11/02,"tcgplayer,cardmarket",https://prices.pokemontcg.io/tcgplayer/sm8-131,https://images.pokemontcg.io/sm8/131_hires.png,2026/08/08,2025/11/21,0.26,0.10000000149011612,0.25999999046325684,19.979999542236328,,0.58,,,,0.2307,0.0231,0.173,2.8838,0.1615000069141388,0.1846,0.173,1.1535,1.3611,1.0151,1.1535,2026-08-09
xyp-XY128,White Kyurem,holofoil,XY Black Star Promos,XY128,Promo,kawayoo,Basic,646,Pokémon,2013/10/12,"tcgplayer,cardmarket",https://prices.pokemontcg.io/tcgplayer/xyp-XY128,https://images.pokemontcg.io/xyp/XY128_hires.png,2026/08/08,2025/11/21,21.06,15.989999771118164,22.530000686645508,259.6600036621094,,,,,,84.5631,11.4197,40.6263,0.0,34.59349822998047,44.4674,24.7772,6.921,5.0985,4.9254,1.1535,2026-08-09
swsh2-135,Aegislash,normal,Rebel Clash,135,Rare,Ryuta Fuse,Stage 2,681,Pokémon,2020/05/01,"tcgplayer,cardmarket",https://prices.pokemontcg.io/tcgplayer/swsh2-135,https://images.pokemontcg.io/swsh2/135_hires.png,2026/08/08,2025/11/21,0.3,0.10999999940395355,0.33000001311302185,18.65999984741211,,0.57,,,,0.346,0.0231,0.323,0.8074,0.34599998593330383,0.2768,0.2768,0.8651,0.8305,0.7613,1.1535,2026-08-09
sm6-121,Naganadel-GX,holofoil,Forbidden Light,121,Rare Ultra,5ban Graphics,Stage 1|GX|Ultra Beast,804,Pokémon,2018/05/04,"tcgplayer,cardmarket",https://prices.pokemontcg.io/tcgplayer/sm6-121,https://images.pokemontcg.io/sm6/121_hires.png,2026/08/08,2025/11/21,8.27,8.270000457763672,14.739999771118164,96.87000274658203,,,,,,6.3442,2.307,7.7054,0.0,5.986700057983398,7.1286,6.8864,8.0745,8.9512,6.8749,1.1535,2026-08-09
xy1-134,Water Energy,normal,XY,134,Common,,Basic,,Energy,2014/02/05,"tcgplayer,cardmarket",https://prices.pokemontcg.io/tcgplayer/xy1-134,https://images.pokemontcg.io/xy1/134_hires.png,2026/08/08,2025/11/21,3.6,0.6200000047683716,3.1500000953674316,48.099998474121094,,,,,,0.3114,0.0231,0.2076,0.5652,0.05770000070333481,0.2999,0.15,1.0381,0.7844,0.6229,1.1535,2026-08-09
sm12-136,Guzzlord,holofoil,Cosmic Eclipse,136,Rare Holo,Kouki Saitou,Basic|Ultra Beast,799,Pokémon,2019/11/01,"tcgplayer,cardmarket",https://prices.pokemontcg.io/tcgplayer/sm12-136,https://images.pokemontcg.io/sm12/136_hires.png,2026/08/08,2025/11/21,6.81,5.0,6.989999771118164,12.279999732971191,,6.89,,,,5.1446,1.1535,5.3522,4.3256,6.921000003814697,5.8828,4.6255,7.4977,5.283,4.5909,1.1535,2026-08-09
sm9-140,Erika's Hospitality,holofoil,Team Up,140,Rare Holo,Sanosuke Sakuma,Supporter,,Trainer,2019/02/01,"tcgplayer,cardmarket",https://prices.pokemontcg.io/tcgplayer/sm9-140,https://images.pokemontcg.io/sm9/140_hires.png,2026/08/08,2025/11/21,0.65,0.25,0.6499999761581421,19.979999542236328,,0.99,,,,0.3345,0.0692,0.0231,1.6264,0.11540000140666962,0.2192,0.4153,0.1154,1.0958,1.1189,1.1535,2026-08-09
xy8-131,Noibat,normal,BREAKthrough,131,Common,sui,Basic,714,Pokémon,2015/11/04,"tcgplayer,cardmarket",https://prices.pokemontcg.io/tcgplayer/xy8-131,https://images.pokemontcg.io/xy8/131_hires.png,2026/08/08,2025/11/21,0.21,0.009999999776482582,0.2199999988079071,1000.0,,0.58,,,,0.1384,0.0231,0.1269,0.4614,0.13840000331401825,0.1269,0.15,0.4268,0.4268,0.4499,1.1535,2026-08-09
dp6-137,Technical Machine TS-2,normal,Legends Awakened,137,Uncommon,Ryo Ueda,Technical Machine,,Trainer,2008/08/01,"tcgplayer,cardmarket",https://prices.pokemontcg.io/tcgplayer/dp6-137,https://images.pokemontcg.io/dp6/137_hires.png,2026/08/08,2025/11/21,0.58,0.23999999463558197,0.46000000834465027,19.979999542236328,,1.25,,,,0.2422,0.0231,0.496,0.9805,0.853600025177002,0.323,0.5306,1.1535,0.6575,0.8074,1.1535,2026-08-09
bw7-139,Crystal Wall,holofoil,Boundaries Crossed,139,Rare ACE,5ban Graphics,Pokémon Tool|ACE SPEC,,Trainer,2012/11/07,"tcgplayer,cardmarket",https://prices.pokemontcg.io/tcgplayer/bw7-139,https://images.pokemontcg.io/bw7/139_hires.png,2026/08/08,2025/11/21,2.63,1.5,2.559999942779541,38.099998474121094,,,,,,2.9068,0.4614,2.4685,0.0,2.283900022506714,2.4108,2.2147,0.6921,1.6956,2.0763,1.1535,2026-08-09
bw11-RC22,Reshiram,holofoil,Legendary Treasures,RC22,Rare Ultra,Kagemaru Himeno,Basic,643,Pokémon,2013/11/06,"tcgplayer,cardmarket",https://prices.pokemontcg.io/tcgplayer/bw11-RC22,https://images.pokemontcg.io/bw11/RC22_hires.png,2026/08/08,2025/11/21,174.89,93.9800033569336,169.97000122070312,399.989990234375,,,,,,99.1664,57.6173,78.0804,0.0,57.67499923706055,86.5356,101.4273,57.6635,39.0344,34.928,1.1535,2026-08-09
xy5-144,Wonder Energy,normal,Primal Clash,144,Uncommon,5ban Graphics,Special,,Energy,2015/02/04,"tcgplayer,cardmarket",https://prices.pokemontcg.io/tcgplayer/xy5-144,https://images.pokemontcg.io/xy5/144_hires.png,2026/08/08,2025/11/21,0.58,0.30000001192092896,0.6000000238418579,19.979999542236328,,1.32,,,,0.819,0.0577,1.0612,1.5572,1.4765000343322754,0.9113,0.7613,1.3842,1.0381,1.3611,1.1535,2026-08-09
sm11-128,Murkrow,normal,Unified Minds,128,Common,nagimiso,Basic,198,Pokémon,2019/08/02,"tcgplayer,cardmarket",https://prices.pokemontcg.io/tcgplayer/sm11-128,https://images.pokemontcg.io/sm11/128_hires.png,2026/08/08,2025/11/21,0.22,0.07999999821186066,0.25,19.979999542236328,,0.38,,,,0.0923,0.0231,0.0807,0.2422,0.03460000082850456,0.0807,0.1154,0.0577,0.2768,0.3114,1.1535,2026-08-09
sm2-130a,Rescue Stretcher,,Guardians Rising,130a,Uncommon,Yoshinobu Saito,Item,,Trainer,2017/05/05,cardmarket,https://prices.pokemontcg.io/cardmarket/sm2-130a,https://images.pokemontcg.io/sm2/130a_hires.png,,2025/11/21,,,,,,,,,,1.2458,0.2884,1.4303,0.0,0.5651999711990356,1.2804,1.0958,0.2884,0.2192,0.2192,1.1535,2026-08-09
xy5-145,Trevenant-EX,holofoil,Primal Clash,145,Rare Ultra,Ryo Ueda,Basic|EX,709,Pokémon,2015/02/04,"tcgplayer,cardmarket",https://prices.pokemontcg.io/tcgplayer/xy5-145,https://images.pokemontcg.io/xy5/145_hires.png,2026/08/08,2025/11/21,22.18,10.260000228881836,22.09000015258789,219.8000030517578,,,,,,0.0,4.614,15.4915,0.0,7.959199905395508,12.5732,15.8722,11.1889,8.3975,7.2555,1.1535,2026-08-09
sm2-131,Turtonator-GX,holofoil,Guardians Rising,131,Rare Ultra,5ban Graphics,Basic|GX,776,Pokémon,2017/05/05,"tcgplayer,cardmarket",https://prices.pokemontcg.io/tcgplayer/sm2-131,https://images.pokemontcg.io/sm2/131_hires.png,2026/08/08,2025/11/21,4.56,3.0899999141693115,4.75,100000.0,,,,,,4.5794,1.142,4.118,0.0,3.4489998817443848,4.3948,4.441,5.0754,5.7214,4.7755,1.1535,2026-08-09
sm9-141,Evelyn,normal,Team Up,141,Uncommon,Megumi Mizutani,Supporter,,Trainer,2019/02/01,"tcgplayer,cardmarket",https://prices.pokemontcg.io/tcgplayer/sm9-141,https://images.pokemontcg.io/sm9/141_hires.png,2026/08/08,2025/11/21,0.21,0.03999999910593033,0.25,19.979999542236328,,0.36,,,,0.2307,0.0231,0.2076,0.3691,0.08070000261068344,0.2307,0.173,0.5421,0.3691,0.4845,1.1535,2026-08-09
sm5-130,Mt. Coronet,normal,Ultra Prism,130,Uncommon,Ryo Ueda,Stadium,,Trainer,2018/02/02,"tcgplayer,cardmarket",https://prices.pokemontcg.io/tcgplayer/sm5-130,https://images.pokemontcg.io/sm5/130_hires.png,2026/08/08,2025/11/21,0.4,0.20000000298023224,0.41999998688697815,1.4900000095367432,,0.31,,,,0.4037,0.0231,0.3114,0.4268,0.023099999874830246,0.2999,0.2768,0.5767,0.3922,0.3691,1.1535,2026-08-09
ecard1-128,Rattata,normal,Expedition Base Set,128,Common,Yuka Morii,Basic,19,Pokémon,2002/09/15,"tcgplayer,cardmarket",https://prices.pokemontcg.io/tcgplayer/ecard1-128,https://images.pokemontcg.io/ecard1/128_hires.png,2026/08/08,2025/12/07,9.42,8.0,65.4000015258789,68.3499984741211,,,,,,0.7613,0.0577,0.9459,4.464,2.768399953842163,0.7613,0.8074,2.3877,4.9716,6.6326,1.1535,2026-08-09
sm4-123,Warp Energy,holofoil,Crimson Invasion,123,Rare Secret,,Special,,Energy,2017/11/03,"tcgplayer,cardmarket",https://prices.pokemontcg.io/tcgplayer/sm4-123,https://images.pokemontcg.io/sm4/123_hires.png,2026/08/08,2025/12/07,4.82,3.130000114440918,4.889999866485596,46.0,,,,,,5.7675,2.307,5.2138,0.0,4.025700092315674,5.4099,5.6868,7.7861,9.1127,7.6246,1.1535,2026-08-09
xy1-135,Lightning Energy,normal,XY,135,Common,,Basic,,Energy,2014/02/05,"tcgplayer,cardmarket",https://prices.pokemontcg.io/tcgplayer/xy1-135,https://images.pokemontcg.io/xy1/135_hires.png,2026/08/08,2025/11/21,0.7,0.25999999046325684,0.699999988079071,19.979999542236328,,,,,,0.4268,0.0231,0.5652,0.0,0.17299999296665192,0.323,0.173,1.142,0.9343,0.8767,1.1535,2026-08-09
swsh1-135,Corviknight,normal,Sword & Shield,135,Rare,Shin Nagasawa,Stage 2,823,Pokémon,2020/02/07,"tcgplayer,cardmarket",https://prices.pokemontcg.io/tcgplayer/swsh1-135,https://images.pokemontcg.io/swsh1/135_hires.png,2026/08/08,2025/11/21,0.29,0.09000000357627869,0.28999999165534973,19.979999542236328,,0.52,,,,0.3345,0.0231,0.2422,0.669,0.10379999876022339,0.2653,0.2884,0.6344,0.6921,0.7382,1.1535,2026-08-09
sm3-128,Wishful Baton,normal,Burning Shadows,128,Uncommon,Toyste Beach,Pokémon Tool,,Trainer,2017/08/05,"tcgplayer,cardmarket",https://prices.pokemontcg.io/tcgplayer/sm3-128,https://images.pokemontcg.io/sm3/128_hires.png,2026/08/08,2025/11/21,0.3,0.09000000357627869,0.28999999165534973,4.0,,0.44,,,,0.1961,0.0231,0.1269,0.4037,0.12690000236034393,0.1384,0.173,0.8536,0.346,0.3807,1.1535,2026-08-09
sm1-135,Ultra Ball,normal,Sun & Moon,135,Uncommon,Ryo Ueda,Item,,Trainer,2017/02/03,"tcgplayer,cardmarket",https://prices.pokemontcg.io/tcgplayer/sm1-135,https://images.pokemontcg.io/sm1/135_hires.png,2026/08/08,2025/11/21,0.25,0.07999999821186066,0.27000001072883606,4.0,,0.88,,,,2.307,1.1074,0.8536,0.0,2.306999921798706,0.8651,0.4729,0.0,0.0,0.0,1.1535,2026-08-09
swsh3-126,Klang,normal,Darkness Ablaze,126,Uncommon,NC Empire,Stage 1,600,Pokémon,2020/08/14,"tcgplayer,cardmarket",https://prices.pokemontcg.io/tcgplayer/swsh3-126,https://images.pokemontcg.io/swsh3/126_hires.png,2026/08/08,2025/11/21,0.07,0.009999999776482582,0.15000000596046448,25.06999969482422,,0.25,,,,0.0346,0.0231,0.0346,0.2422,0.023099999874830246,0.0346,0.0461,0.1961,0.173,0.2538,1.1535,2026-08-09
swsh2-136,Copperajah V,holofoil,Rebel Clash,136,Rare Holo V,5ban Graphics,Basic|V,879,Pokémon,2020/05/01,"tcgplayer,cardmarket",https://prices.pokemontcg.io/tcgplayer/swsh2-136,https://images.pokemontcg.io/swsh2/136_hires.png,2026/08/08,2025/11/21,1.06,0.6000000238418579,1.1699999570846558,50.0,,,,,,1.4303,0.4614,1.3265,0.0,1.4187999963760376,1.1766,1.4188,1.1535,1.984,2.0071,1.1535,2026-08-09
ecard3-97,Skarmory,normal,Skyridge,97,Common,Katsura Tabata,Basic,227,Pokémon,2003/05/12,"tcgplayer,cardmarket",https://prices.pokemontcg.io/tcgplayer/ecard3-97,https://images.pokemontcg.io/ecard3/97_hires.png,2026/08/08,2025/12/07,12.25,15.0,32.5,115.0999984741211,,,,,,2.0648,0.2307,4.9716,14.9378,1.7648999691009521,2.3993,4.4179,11.535,18.2599,11.1889,1.1535,2026-08-09
xyp-XY129,Zygarde,holofoil,XY Black Star Promos,XY129,Promo,5ban Graphics,Basic,718,Pokémon,2013/10/12,"tcgplayer,cardmarket",https://prices.pokemontcg.io/tcgplayer/xyp-XY129,https://images.pokemontcg.io/xyp/XY129_hires.png,2026/08/08,2025/11/21,14.0,11.84000015258789,14.75,102.80000305175781,,,,,,24.5465,11.4197,26.4382,0.0,23.058500289916992,21.086,15.9414,8.063,4.8332,5.7675,1.1535,2026-08-09
ecard2-109,Smeargle,normal,Aquapolis,109,Common,Miki Tanaka,Basic,235,Pokémon,2003/01/15,"tcgplayer,cardmarket",https://prices.pokemontcg.io/tcgplayer/ecard2-109,https://images.pokemontcg.io/ecard2/109_hires.png,2026/08/08,2025/11/21,12.06,11.989999771118164,26.3799991607666,89.80000305175781,,46.49,,,,2.4454,0.173,3.8065,0.0,11.53499984741211,3.2875,1.9033,3.4605,5.2138,5.0177,1.1535,2026-08-09
smp-SM135,Latias,holofoil,SM Black Star Promos,SM135,Promo,Kouki Saitou,Basic,380,Pokémon,2017/02/03,"tcgplayer,cardmarket",https://prices.pokemontcg.io/tcgplayer/smp-SM135,https://images.pokemontcg.io/smp/SM135_hires.png,2026/08/08,2025/11/21,12.07,6.0,13.720000267028809,95.79000091552734,,,,,,2.0532,0.1154,3.7143,0.0,3.4605000019073486,2.5031,2.3531,1.4995,0.7844,0.7613,1.1535,2026-08-09
sm11-129,Murkrow,normal,Unified Minds,129,Common,tetsuya koizumi,Basic,198,Pokémon,2019/08/02,"tcgplayer,cardmarket",https://prices.pokemontcg.io/tcgplayer/sm11-129,https://images.pokemontcg.io/sm11/129_hires.png,2026/08/08,2025/11/21,0.23,0.07000000029802322,0.25,2.0,,0.44,,,,0.15,0.0231,0.15,0.5537,0.10379999876022339,0.1384,0.1154,0.5652,0.496,0.3576,1.1535,2026-08-09
dp6-138,Claw Fossil,normal,Legends Awakened,138,Common,Ryo Ueda,Item,,Trainer,2008/08/01,"tcgplayer,cardmarket",https://prices.pokemontcg.io/tcgplayer/dp6-138,https://images.pokemontcg.io/dp6/138_hires.png,2026/08/08,2025/11/21,0.28,0.009999999776482582,0.3400000035762787,19.979999542236328,,1.73,,,,0.2076,0.0231,0.1961,0.8074,0.2768000066280365,0.1615,0.3691,0.8074,1.4419,1.0728,1.1535,2026-08-09
ex10-R,Unown,holofoil,Unseen Forces,R,Rare,Nakaoka,Basic,201,Pokémon,2005/08/01,"tcgplayer,cardmarket",https://prices.pokemontcg.io/tcgplayer/ex10-R,https://images.pokemontcg.io/ex10/R_hires.png,2026/08/08,2025/12/07,38.75,149.99000549316406,393.20001220703125,394.6499938964844,,,,,,13.8189,4.8447,14.338,0.0,9.227999687194824,18.2022,13.4844,17.3025,10.7968,7.0479,1.1535,2026-08-09
xy8-132,Noibat,normal,BREAKthrough,132,Common,Kagemaru Himeno,Basic,714,Pokémon,2015/11/04,"tcgplayer,cardmarket",https://prices.pokemontcg.io/tcgplayer/xy8-132,https://images.pokemontcg.io/xy8/132_hires.png,2026/08/08,2025/11/21,0.21,0.05000000074505806,0.25,1000.0,,0.64,,,,0.15,0.0231,0.1961,0.15,0.23070000112056732,0.2076,0.1384,0.2307,0.3576,0.5767,1.1535,2026-08-09
bw11-RC23,Emolga,holofoil,Legendary Treasures,RC23,Rare Ultra,Atsuko Nishida,Basic,587,Pokémon,2013/11/06,"tcgplayer,cardmarket",https://prices.pokemontcg.io/tcgplayer/bw11-RC23,https://images.pokemontcg.io/bw11/RC23_hires.png,2026/08/08,2025/11/21,85.07,56.400001525878906,67.66999816894531,138.99000549316406,,,,,,56.7407,44.9865,59.3476,0.0,80.74500274658203,59.982,51.7229,26.4151,16.299,11.2928,1.1535,2026-08-09
sm8-132,Alolan Ninetales-GX,holofoil,Lost Thunder,132,Rare Holo GX,5ban Graphics,Stage 1|GX,38,Pokémon,2018/11/02,"tcgplayer,cardmarket",https://prices.pokemontcg.io/tcgplayer/sm8-132,https://images.pokemontcg.io/sm8/132_hires.png,2026/08/08,2025/11/21,15.54,11.369999885559082,15.59000015258789,118.0999984741211,,,,,,6.1712,1.7187,5.8944,0.0,2.8261001110076904,5.606,6.1136,5.8482,4.3602,3.4836,1.1535,2026-08-09
swsh4-130,Eevee,normal,Vivid Voltage,130,Common,Lee HyunJung,Basic,133,Pokémon,2020/11/13,"tcgplayer,cardmarket",https://prices.pokemontcg.io/tcgplayer/swsh4-130,https://images.pokemontcg.io/swsh4/130_hires.png,2026/08/08,2025/11/21,0.3,0.009999999776482582,0.30000001192092896,25.270000457763672,,0.74,,,,0.1384,0.0231,0.1154,0.6921,0.05770000070333481,0.1038,0.1269,1.0266,0.6806,0.7036,1.1535,2026-08-09
sm12-137,Alolan Sandshrew,normal,Cosmic Eclipse,137,Common,ryoma uratsuka,Basic,27,Pokémon,2019/11/01,"tcgplayer,cardmarket",https://prices.pokemontcg.io/tcgplayer/sm12-137,https://images.pokemontcg.io/sm12/137_hires.png,2026/08/08,2025/11/21,0.33,0.03999999910593033,0.3499999940395355,19.979999542236328,,0.76,,,,0.1154,0.0231,0.1038,0.5191,0.11540000140666962,0.1269,0.1154,0.5767,0.4845,0.4383,1.1535,2026-08-09
sm10-126,Lucario,holofoil,Unbroken Bonds,126,Rare Holo,Midori Harada,Stage 1,448,Pokémon,2019/05/03,"tcgplayer,cardmarket",https://prices.pokemontcg.io/tcgplayer/sm10-126,https://images.pokemontcg.io/sm10/126_hires.png,2026/08/08,2025/11/21,3.38,1.4900000095367432,3.2200000286102295,8.0,,3.64,,,,1.0381,0.2307,0.9689,1.7302,0.46140000224113464,1.0151,1.4073,1.7302,2.6646,1.8802,1.1535,2026-08-09
bw7-140,Gold Potion,holofoil,Boundaries Crossed,140,Rare ACE,Ryo Ueda,Item|ACE SPEC,,Trainer,2012/11/07,"tcgplayer,cardmarket",https://prices.pokemontcg.io/tcgplayer/bw7-140,https://images.pokemontcg.io/bw7/140_hires.png,2026/08/08,2025/11/21,7.58,4.309999942779541,6.690000057220459,12.430000305175781,,,,,,3.4028,0.5767,3.6797,0.0,4.602499961853027,3.8181,4.0719,4.0373,4.3948,3.7143,1.1535,2026-08-09
pl3-133,Zubat,normal,Supreme Victors,133,Common,Masakazu Fukuda,Basic,41,Pokémon,2009/08/19,"tcgplayer,cardmarket",https://prices.pokemontcg.io/tcgplayer/pl3-133,https://images.pokemontcg.io/pl3/133_hires.png,2026/08/08,2025/11/25,0.35,0.14000000059604645,0.3499999940395355,19.100000381469727,,5.97,,,,0.1846,0.0231,0.2192,0.0,0.12690000236034393,0.173,0.1846,1.7072,1.488,1.661,1.1535,2026-08-09
sm7-132,Hau,normal,Celestial Storm,132,Uncommon,TOKIYA,Supporter,,Trainer,2018/08/03,"tcgplayer,cardmarket",https://prices.pokemontcg.io/tcgplayer/sm7-132,https://images.pokemontcg.io/sm7/132_hires.png,2026/08/08,2025/11/21,0.14,0.009999999776482582,0.20000000298023224,16.31999969482422,,0.38,,,,0.0577,0.0231,0.0461,0.346,0.023099999874830246,0.0461,0.0577,0.346,0.496,0.4037,1.1535,2026-08-09
sm6-122,Lucario-GX,holofoil,Forbidden Light,122,Rare Ultra,5ban Graphics,Stage 1|GX,448,Pokémon,2018/05/04,"tcgplayer,cardmarket",https://prices.pokemontcg.io/tcgplayer/sm6-122,https://images.pokemontcg.io/sm6/122_hires.png,2026/08/08,2025/11/21,33.16,31.8700008392334,42.0,327.79998779296875,,,,,,18.8367,6.921,20.9591,0.0,19.540300369262695,20.117,16.6681,13.842,13.4383,9.7125,1.1535,2026-08-09
bw8-130,Victory Piece,holofoil,Plasma Storm,130,Rare ACE,5ban Graphics,Pokémon Tool|ACE SPEC,,Trainer,2013/02/06,"tcgplayer,cardmarket",https://prices.pokemontcg.io/tcgplayer/bw8-130,https://images.pokemontcg.io/bw8/130_hires.png,2026/08/08,2025/12/07,3.51,1.4299999475479126,2.299999952316284,19.979999542236328,,,,,,1.9725,0.173,1.4649,0.0,1.7187000513076782,1.984,2.9068,0.9113,3.7719,2.4224,1.1535,2026-08-09
xy5-146,Camerupt-EX,holofoil,Primal Clash,146,Rare Ultra,Ryo Ueda,Basic|EX,323,Pokémon,2015/02/04,"tcgplayer,cardmarket",https://prices.pokemontcg.io/tcgplayer/xy5-146,https://images.pokemontcg.io/xy5/146_hires.png,2026/08/08,2025/11/21,20.82,11.420000076293945,17.25,205.50999450683594,,,,,,18.9289,9.9432,16.7834,0.0,23.046899795532227,24.8464,20.1978,11.2466,10.0585,8.7089,1.1535,2026-08-09
sm4-124,Water Energy,holofoil,Crimson Invasion,124,Rare Secret,,Basic,,Energy,2017/11/03,"tcgplayer,cardmarket",https://prices.pokemontcg.io/tcgplayer/sm4-124,https://images.pokemontcg.io/sm4/124_hires.png,2026/08/08,2025/12/07,18.15,12.3100004196167,18.149999618530273,128.6999969482422,,,,,,12.6654,4.6025,15.3992,0.0,14.418700218200684,15.7799,14.9494,23.0585,26.8535,24.4773,1.1535,2026-08-09
xy1-136,Psychic Energy,normal,XY,136,Common,,Basic,,Energy,2014/02/05,"tcgplayer,cardmarket",https://prices.pokemontcg.io/tcgplayer/xy1-136,https://images.pokemontcg.io/xy1/136_hires.png,2026/08/08,2025/11/21,1.68,1.1799999475479126,1.399999976158142,25.799999237060547,,,,,,0.2884,0.0231,0.3114,0.992,0.17299999296665192,0.3114,0.1615,0.6921,0.8421,0.6114,1.1535,2026-08-09
ecard1-129,Shellder,normal,Expedition Base Set,129,Common,Sumiyoshi Kizuki,Basic,90,Pokémon,2002/09/15,"tcgplayer,cardmarket",https://prices.pokemontcg.io/tcgplayer/ecard1-129,https://images.pokemontcg.io/ecard1/129_hires.png,2026/08/08,2025/12/07,4.05,0.9300000071525574,4.019999980926514,37.29999923706055,,27.36,,,,0.5998,0.0923,0.7267,4.4525,0.10379999876022339,0.5537,0.5537,2.2493,6.3673,3.5643,1.1535,2026-08-09
sm9-142,Fairy Charm UB,normal,Team Up,142,Uncommon,Toyste Beach,Pokémon Tool,,Trainer,2019/02/01,"tcgplayer,cardmarket",https://prices.pokemontcg.io/tcgplayer/sm9-142,https://images.pokemontcg.io/sm9/142_hires.png,2026/08/08,2025/11/21,0.26,0.05000000074505806,0.25,1.9900000095367432,,0.4,,,,0.1038,0.0231,0.15,0.496,0.11540000140666962,0.1269,0.0923,0.5191,0.3691,0.3922,1.1535,2026-08-09
sm2-132,Alolan Ninetales-GX,holofoil,Guardians Rising,132,Rare Ultra,5ban Graphics,Stage 1|GX,38,Pokémon,2017/05/05,"tcgplayer,cardmarket",https://prices.pokemontcg.io/tcgplayer/sm2-132,https://images.pokemontcg.io/sm2/132_hires.png,2026/08/08,2025/11/21,28.27,17.940000534057617,32.369998931884766,261.8800048828125,,,,,,13.4844,2.307,14.1419,0.0,10.923600196838379,13.2306,12.8154,6.921,9.5856,9.5164,1.1535,2026-08-09
sm5-131,Order Pad,normal,Ultra Prism,131,Uncommon,Eske Yoshinob,Item,,Trainer,2018/02/02,"tcgplayer,cardmarket",https://prices.pokemontcg.io/tcgplayer/sm5-131,https://images.pokemontcg.io/sm5/131_hires.png,2026/08/08,2025/11/21,0.26,0.15000000596046448,0.2800000011920929,19.979999542236328,,0.45,,,,0.1615,0.0231,0.1615,0.3691,0.023099999874830246,0.1961,0.1961,0.5767,0.4037,0.3691,1.1535,2026-08-09
sm3-129,Golisopod-GX,holofoil,Burning Shadows,129,Rare Ultra,5ban Graphics,Stage 1|GX,768,Pokémon,2017/08/05,"tcgplayer,cardmarket",https://prices.pokemontcg.io/tcgplayer/sm3-129,https://images.pokemontcg.io/sm3/129_hires.png,2026/08/08,2025/11/21,5.32,2.990000009536743,4.989999771118164,95.0999984741211,,,,,,4.2679,1.661,5.5483,0.0,2.2955000400543213,3.7604,5.8136,4.614,5.3061,5.8021,1.1535,2026-08-09
smp-SM136,Latios,holofoil,SM Black Star Promos,SM136,Promo,Kouki Saitou,Basic,381,Pokémon,2017/02/03,"tcgplayer,cardmarket",https://prices.pokemontcg.io/tcgplayer/smp-SM136,https://images.pokemontcg.io/smp/SM136_hires.png,2026/08/08,2025/11/21,13.41,9.25,13.149999618530273,79.98999786376953,,,,,,1.9379,0.2884,3.0452,0.0,3.345099925994873,2.3762,2.0186,1.6149,0.6344,0.5537,1.1535,2026-08-09
ecard3-98,Slugma,normal,Skyridge,98,Common,Naoyo Kimura,Basic,218,Pokémon,2003/05/12,"tcgplayer,cardmarket",https://prices.pokemontcg.io/tcgplayer/ecard3-98,https://images.pokemontcg.io/ecard3/98_hires.png,2026/08/08,2025/11/25,13.61,24.989999771118164,124.5,159.8000030517578,,69.97,,,,4.3026,1.1535,3.795,10.9582,5.767499923706055,3.4144,3.3451,10.9582,9.378,9.2972,1.1535,2026-08-09
sm1-136,Double Colorless Energy,normal,Sun & Moon,136,Uncommon,,Special,,Energy,2017/02/03,"tcgplayer,cardmarket",https://prices.pokemontcg.io/tcgplayer/sm1-136,https://images.pokemontcg.io/sm1/136_hires.png,2026/08/08,2025/11/21,0.45,0.23999999463558197,0.47999998927116394,18.34000015258789,,0.62,,,,3.449,2.2493,0.7382,0.0,0.57669997215271,0.5652,0.496,0.346,0.346,0.346,1.1535,2026-08-09
xyp-XY130,Tyranitar,holofoil,XY Black Star Promos,XY130,Promo,Satoshi Shirai,Stage 2,248,Pokémon,2013/10/12,"tcgplayer,cardmarket",https://prices.pokemontcg.io/tcgplayer/xyp-XY130,https://images.pokemontcg.io/xyp/XY130_hires.png,2026/08/08,2025/11/21,37.46,49.9900016784668,401.8999938964844,422.3800048828125,,,,,,38.4462,28.826,38.4346,0.0,46.13999938964844,36.416,34.778,17.2448,9.3549,7.0479,1.1535,2026-08-09
swsh1-136,Cufant,normal,Sword & Shield,136,Common,kirisAki,Basic,878,Pokémon,2020/02/07,"tcgplayer,cardmarket",https://prices.pokemontcg.io/tcgplayer/swsh1-136,https://images.pokemontcg.io/swsh1/136_hires.png,2026/08/08,2025/11/21,0.06,0.009999999776482582,0.17000000178813934,19.979999542236328,,0.29,,,,0.0461,0.0231,0.0577,0.2999,0.08070000261068344,0.0346,0.0461,0.5191,0.346,0.2999,1.1535,2026-08-09
swsh2-137,Copperajah VMAX,holofoil,Rebel Clash,137,Rare Holo VMAX,5ban Graphics,VMAX,879,Pokémon,2020/05/01,"tcgplayer,cardmarket",https://prices.pokemontcg.io/tcgplayer/swsh2-137,https://images.pokemontcg.io/swsh2/137_hires.png,2026/08/08,2025/11/21,3.0,1.0,2.990000009536743,49.9900016784668,,,,,,2.3416,0.5767,2.0532,0.0,3.4605000019073486,2.6877,2.7223,3.9219,8.6397,8.0053,1.1535,2026-08-09
bw11-RC24,Mew-EX,holofoil,Legendary Treasures,RC24,Rare Ultra,MAHOU,Basic|EX,151,Pokémon,2013/11/06,"tcgplayer,cardmarket",https://prices.pokemontcg.io/tcgplayer/bw11-RC24,https://images.pokemontcg.io/bw11/RC24_hires.png,2026/08/08,2025/11/21,227.73,119.18000030517578,199.0,1216.4200439453125,,,,,,175.828,69.0947,175.3897,0.0,114.98090362548828,181.2033,155.3534,80.745,61.7122,51.1347,1.1535,2026-08-09
xy8-133,Assault Vest,normal,BREAKthrough,133,Uncommon,Toyste Beach,Pokémon Tool,,Trainer,2015/11/04,"tcgplayer,cardmarket",https://prices.pokemontcg.io/tcgplayer/xy8-133,https://images.pokemontcg.io/xy8/133_hires.png,2026/08/08,2025/11/21,0.19,0.029999999329447746,0.20999999344348907,19.979999542236328,,0.38,,,,0.1961,0.0231,0.2076,0.7844,0.8421000242233276,0.2768,0.2422,0.6806,0.7498,0.8536,1.1535,2026-08-09
sm11-130,Honchkrow,normal,Unified Minds,130,Rare,Tomokazu Komiya,Stage 1,430,Pokémon,2019/08/02,"tcgplayer,cardmarket",https://prices.pokemontcg.io/tcgplayer/sm11-130,https://images.pokemontcg.io/sm11/130_hires.png,2026/08/08,2025/11/21,0.83,0.4000000059604645,0.8299999833106995,19.979999542236328,,1.54,,,,0.7382,0.1154,0.7036,2.307,0.46140000224113464,0.7036,0.669,0.5652,1.7418,1.3957,1.1535,2026-08-09
bw7-141,Celebi-EX,holofoil,Boundaries Crossed,141,Rare Ultra,5ban Graphics,Basic|EX,251,Pokémon,2012/11/07,"tcgplayer,cardmarket",https://prices.pokemontcg.io/tcgplayer/bw7-141,https://images.pokemontcg.io/bw7/141_hires.png,2026/08/08,2025/11/21,92.08,93.0,101.0,1259.800048828125,,,,,,14.4303,8.0168,49.2429,0.0,14.430299758911133,41.5606,42.6334,34.605,23.3122,18.3983,1.1535,2026-08-09
sm10-127,Genesect,normal,Unbroken Bonds,127,Rare,Anesaki Dynamic,Basic,649,Pokémon,2019/05/03,"tcgplayer,cardmarket",https://prices.pokemontcg.io/tcgplayer/sm10-127,https://images.pokemontcg.io/sm10/127_hires.png,2026/08/08,2025/11/21,0.35,0.20000000298023224,0.3700000047683716,19.979999542236328,,0.46,,,,0.5883,0.0923,0.4845,1.7187,0.8073999881744385,0.6114,0.4614,1.7187,1.6149,1.2919,1.1535,2026-08-09
pl3-134,Battle Tower,normal,Supreme Victors,134,Uncommon,Wataru Kawahara,Stadium,,Trainer,2009/08/19,"tcgplayer,cardmarket",https://prices.pokemontcg.io/tcgplayer/pl3-134,https://images.pokemontcg.io/pl3/134_hires.png,2026/08/08,2025/11/25,0.33,0.09000000357627869,0.33000001311302185,19.979999542236328,,0.8,,,,0.323,0.0461,0.3922,0.5767,0.57669997215271,0.323,0.2653,1.0381,0.5998,0.819,1.1535,2026-08-09
sm8-133,Jigglypuff,normal,Lost Thunder,133,Common,Ken Sugimori,Basic,39,Pokémon,2018/11/02,"tcgplayer,cardmarket",https://prices.pokemontcg.io/tcgplayer/sm8-133,https://images.pokemontcg.io/sm8/133_hires.png,2026/08/08,2025/11/21,0.58,0.30000001192092896,0.6000000238418579,19.979999542236328,,1.72,,,,0.1961,0.0231,0.2076,0.5191,0.28839999437332153,0.2422,0.1961,0.3345,0.4153,0.6114,1.1535,2026-08-09
ecard2-110,Sneasel,normal,Aquapolis,110,Common,Midori Harada,Basic,215,Pokémon,2003/01/15,"tcgplayer,cardmarket",https://prices.pokemontcg.io/tcgplayer/ecard2-110,https://images.pokemontcg.io/ecard2/110_hires.png,2026/08/08,2025/11/21,6.08,4.550000190734863,6.940000057220459,99.9000015258789,,50.0,,,,1.9263,0.1154,1.661,17.3025,1.7187000513076782,1.6264,1.6149,17.3025,9.5856,7.1286,1.1535,2026-08-09
ex10-S,Unown,holofoil,Unseen Forces,S,Rare,Nakaoka,Basic,201,Pokémon,2005/08/01,"tcgplayer,cardmarket",https://prices.pokemontcg.io/tcgplayer/ex10-S,https://images.pokemontcg.io/ex10/S_hires.png,2026/08/08,2025/12/07,35.95,40.0,48.400001525878906,476.6000061035156,,,,,,14.511,5.1907,14.0266,0.0,9.504799842834473,15.3992,13.8997,14.984,12.6078,5.779,1.1535,2026-08-09
swsh3-127,Klinklang,normal,Darkness Ablaze,127,Rare,Naoki Saito,Stage 2,601,Pokémon,2020/08/14,"tcgplayer,cardmarket",https://prices.pokemontcg.io/tcgplayer/swsh3-127,https://images.pokemontcg.io/swsh3/127_hires.png,2026/08/08,2025/11/21,0.12,0.029999999329447746,0.2199999988079071,19.979999542236328,,0.36,,,,0.2538,0.0231,0.1846,0.5075,0.11540000140666962,0.2076,0.2076,1.1535,0.4037,0.496,1.1535,2026-08-09
sm12-138,Alolan Sandslash,normal,Cosmic Eclipse,138,Rare,Hasuno,Stage 1,28,Pokémon,2019/11/01,"tcgplayer,cardmarket",https://prices.pokemontcg.io/tcgplayer/sm12-138,https://images.pokemontcg.io/sm12/138_hires.png,2026/08/08,2025/11/21,0.58,0.33000001311302185,0.5699999928474426,19.65999984741211,,1.18,,,,0.4845,0.0577,0.5191,1.638,0.219200000166893,0.4268,0.5075,6.3442,1.4649,1.2342,1.1535,2026-08-09
sm7-133,Hiker,normal,Celestial Storm,133,Uncommon,Naoki Saito,Supporter,,Trainer,2018/08/03,"tcgplayer,cardmarket",https://prices.pokemontcg.io/tcgplayer/sm7-133,https://images.pokemontcg.io/sm7/133_hires.png,2026/08/08,2025/11/21,0.14,0.05000000074505806,0.25,19.979999542236328,,0.44,,,,0.2538,0.0231,0.2422,0.4383,0.57669997215271,0.2538,0.1615,0.2884,0.3691,0.323,1.1535,2026-08-09
dp6-139,Root Fossil,normal,Legends Awakened,139,Common,Ryo Ueda,Item,,Trainer,2008/08/01,"tcgplayer,cardmarket",https://prices.pokemontcg.io/tcgplayer/dp6-139,https://images.pokemontcg.io/dp6/139_hires.png,2026/08/08,2025/11/21,0.32,0.05000000074505806,0.25,19.979999542236328,,0.88,,,,0.1038,0.0231,0.173,0.0,0.09229999780654907,0.15,0.1615,0.4037,0.7152,0.8536,1.1535,2026-08-09
bw8-131,Victini-EX,holofoil,Plasma Storm,131,Rare Ultra,Ryo Ueda,Basic|EX,494,Pokémon,2013/02/06,"tcgplayer,cardmarket",https://prices.pokemontcg.io/tcgplayer/bw8-131,https://images.pokemontcg.io/bw8/131_hires.png,2026/08/08,2025/12/07,137.5,88.38999938964844,115.48999786376953,1148.4000244140625,,,,,,45.494,9.2165,58.667,0.0,102.39620208740234,71.667,46.6245,57.675,33.3592,17.4525,1.1535,2026-08-09
swsh4-131,Snorlax,holofoil,Vivid Voltage,131,Rare Holo,Atsuko Nishida,Basic,143,Pokémon,2020/11/13,"tcgplayer,cardmarket",https://prices.pokemontcg.io/tcgplayer/swsh4-131,https://images.pokemontcg.io/swsh4/131_hires.png,2026/08/08,2025/11/21,3.65,0.25,3.759999990463257,999.8699951171875,,3.0,,,,5.8598,0.5652,4.8678,0.0,2.8838000297546387,2.8953,5.1907,0.0,0.0,0.0,1.1535,2026-08-09
xy5-147,Wailord-EX,holofoil,Primal Clash,147,Rare Ultra,Ryo Ueda,Basic|EX,321,Pokémon,2015/02/04,"tcgplayer,cardmarket",https://prices.pokemontcg.io/tcgplayer/xy5-147,https://images.pokemontcg.io/xy5/147_hires.png,2026/08/08,2025/11/21,59.05,29.0,76.30999755859375,290.0,,,,,,34.928,8.6512,24.8002,0.0,24.788700103759766,21.6858,29.0913,11.535,17.6024,14.3265,1.1535,2026-08-09
sm6-123,Zygarde-GX,holofoil,Forbidden Light,123,Rare Ultra,5ban Graphics,Basic|GX,718,Pokémon,2018/05/04,"tcgplayer,cardmarket",https://prices.pokemontcg.io/tcgplayer/sm6-123,https://images.pokemontcg.io/sm6/123_hires.png,2026/08/08,2025/11/21,23.11,15.0,24.139999389648438,224.6999969482422,,,,,,10.4968,4.5217,5.5599,0.0,8.051400184631348,9.4818,10.0354,5.7675,5.6406,5.8367,1.1535,2026-08-09
sm9-143,Grass Memory,normal,Team Up,143,Uncommon,5ban Graphics,Pokémon Tool,,Trainer,2019/02/01,"tcgplayer,cardmarket",https://prices.pokemontcg.io/tcgplayer/sm9-143,https://images.pokemontcg.io/sm9/143_hires.png,2026/08/08,2025/11/21,0.24,0.07999999821186066,0.25,19.979999542236328,,0.36,,,,0.1154,0.0231,0.0577,0.2422,0.05770000070333481,0.1384,0.1269,0.4037,0.2653,0.3114,1.1535,2026-08-09
xy1-137,Fighting Energy,normal,XY,137,Common,,Basic,,Energy,2014/02/05,"tcgplayer,cardmarket",https://prices.pokemontcg.io/tcgplayer/xy1-137,https://images.pokemontcg.io/xy1/137_hires.png,2026/08/08,2025/11/21,0.87,0.6000000238418579,0.9800000190734863,59.9900016784668,,,,,,0.1038,0.0231,0.3345,2.6877,0.04610000178217888,0.2076,0.1384,2.6877,2.6184,1.4073,1.1535,2026-08-09
sm5-132,Pal Pad,normal,Ultra Prism,132,Uncommon,Toyste Beach,Item,,Trainer,2018/02/02,"tcgplayer,cardmarket",https://prices.pokemontcg.io/tcgplayer/sm5-132,https://images.pokemontcg.io/sm5/132_hires.png,2026/08/08,2025/11/21,0.28,0.009999999776482582,0.4099999964237213,19.979999542236328,,1.96,,,,1.7302,1.7302,1.7302,0.0,1.7302000522613525,1.7302,1.7302,0.5767,0.5767,0.5767,1.1535,2026-08-09
sm2-133,Wishiwashi-GX,holofoil,Guardians Rising,133,Rare Ultra,5ban Graphics,Basic|GX,746,Pokémon,2017/05/05,"tcgplayer,cardmarket",https://prices.pokemontcg.io/tcgplayer/sm2-133,https://images.pokemontcg.io/sm2/133_hires.png,2026/08/08,2025/11/21,4.91,3.1600000858306885,5.059999942779541,40.18000030517578,,,,,,4.7986,1.1535,4.3718,0.0,1.8341000080108643,3.8988,4.464,4.6025,4.937,4.5102,1.1535,2026-08-09
xy8-134,Brigette,normal,BREAKthrough,134,Uncommon,Megumi Mizutani,Supporter,,Trainer,2015/11/04,"tcgplayer,cardmarket",https://prices.pokemontcg.io/tcgplayer/xy8-134,https://images.pokemontcg.io/xy8/134_hires.png,2026/08/08,2025/11/21,0.76,0.25,0.7599999904632568,8.979999542236328,,2.03,,,,3.3913,3.7489,2.2724,0.0,3.3912999629974365,2.2493,3.1952,0.0,0.0,0.0,1.1535,2026-08-09
xyp-XY131,Pansear,holofoil,XY Black Star Promos,XY131,Promo,sui,Basic,513,Pokémon,2013/10/12,"tcgplayer,cardmarket",https://prices.pokemontcg.io/tcgplayer/xyp-XY131,https://images.pokemontcg.io/xyp/XY131_hires.png,2026/08/08,2025/11/21,1.19,0.46000000834465027,1.100000023841858,19.979999542236328,,,,,,1.5342,0.6114,2.5377,0.0,1.7532999515533447,1.8456,3.6566,1.4419,1.4995,1.3727,1.1535,2026-08-09
swsh2-138,Duraludon,holofoil,Rebel Clash,138,Rare Holo,Shin Nagasawa,Basic,884,Pokémon,2020/05/01,"tcgplayer,cardmarket",https://prices.pokemontcg.io/tcgplayer/swsh2-138,https://images.pokemontcg.io/swsh2/138_hires.png,2026/08/08,2025/11/21,0.44,0.25,0.49000000953674316,2.7100000381469727,,0.78,,,,0.6229,0.0577,0.5883,1.7995,0.28839999437332153,0.6344,0.5306,1.7302,1.661,0.9689,1.1535,2026-08-09
dp6-140,Azelf LV.X,holofoil,Legends Awakened,140,Rare Holo LV.X,Shizurow,Level-Up,482,Pokémon,2008/08/01,"tcgplayer,cardmarket",https://prices.pokemontcg.io/tcgplayer/dp6-140,https://images.pokemontcg.io/dp6/140_hires.png,2026/08/08,2025/11/21,101.26,83.3499984741211,106.36000061035156,883.0999755859375,,,,,,39.0921,9.228,38.3769,0.0,34.60499954223633,36.7966,41.5952,69.21,27.4302,23.3584,1.1535,2026-08-09
sm10-128,Meltan,normal,Unbroken Bonds,128,Common,Kouki Saitou,Basic,808,Pokémon,2019/05/03,"tcgplayer,cardmarket",https://prices.pokemontcg.io/tcgplayer/sm10-128,https://images.pokemontcg.io/sm10/128_hires.png,2026/08/08,2025/11/21,0.17,0.03999999910593033,0.20999999344348907,19.979999542236328,,0.38,,,,0.0923,0.0231,0.1384,0.4153,0.10379999876022339,0.1038,0.1154,0.5767,0.3345,0.3114,1.1535,2026-08-09
xy1-138,Darkness Energy,normal,XY,138,Common,,Basic,,Energy,2014/02/05,"tcgplayer,cardmarket",https://prices.pokemontcg.io/tcgplayer/xy1-138,https://images.pokemontcg.io/xy1/138_hires.png,2026/08/08,2025/11/21,0.93,1.0,5.619999885559082,39.9900016784668,,,,,,0.1961,0.0231,0.4729,1.1996,0.10379999876022339,0.3922,0.1846,1.142,1.4188,1.4534,1.1535,2026-08-09
sm6-124,Yveltal-GX,holofoil,Forbidden Light,124,Rare Ultra,5ban Graphics,Basic|GX,717,Pokémon,2018/05/04,"tcgplayer,cardmarket",https://prices.pokemontcg.io/tcgplayer/sm6-124,https://images.pokemontcg.io/sm6/124_hires.png,2026/08/08,2025/11/21,19.41,15.6899995803833,20.299999237060547,75.0,,,,,,13.8189,5.7675,13.9458,0.0,11.523500442504883,13.5882,16.1144,16.1375,16.1375,13.7613,1.1535,2026-08-09
smp-SM137,Reshiram-GX,holofoil,SM Black Star Promos,SM137,Promo,PLANETA Otani,Basic|GX,643,Pokémon,2017/02/03,"tcgplayer,cardmarket",https://prices.pokemontcg.io/tcgplayer/smp-SM137,https://images.pokemontcg.io/smp/SM137_hires.png,2026/08/08,2025/11/21,10.69,5.239999771118164,10.699999809265137,159.55999755859375,,,,,,6.771,1.7187,6.9671,0.0,6.9095001220703125,6.1712,6.5519,2.8722,3.4144,4.4986,1.1535,2026-08-09
swsh3-128,Galarian Stunfisk V,holofoil,Darkness Ablaze,128,Rare Holo V,PLANETA Tsuji,Basic|V,618,Pokémon,2020/08/14,"tcgplayer,cardmarket",https://prices.pokemontcg.io/tcgplayer/swsh3-128,https://images.pokemontcg.io/swsh3/128_hires.png,2026/08/08,2025/11/21,0.77,0.25,0.9599999785423279,5.0,,,,,,1.1766,0.346,1.1304,0.0,1.2111999988555908,1.0843,1.142,1.3381,1.5457,1.5803,1.1535,2026-08-09
sm11-131,Sneasel,normal,Unified Minds,131,Common,sui,Basic,215,Pokémon,2019/08/02,"tcgplayer,cardmarket",https://prices.pokemontcg.io/tcgplayer/sm11-131,https://images.pokemontcg.io/sm11/131_hires.png,2026/08/08,2025/11/21,0.27,0.05000000074505806,0.25999999046325684,19.979999542236328,,0.41,,,,0.1269,0.0231,0.1384,0.4268,0.03460000082850456,0.1038,0.1154,0.2307,0.3691,0.3345,1.1535,2026-08-09
bw7-142,Keldeo-EX,holofoil,Boundaries Crossed,142,Rare Ultra,5ban Graphics,Basic|EX,647,Pokémon,2012/11/07,"tcgplayer,cardmarket",https://prices.pokemontcg.io/tcgplayer/bw7-142,https://images.pokemontcg.io/bw7/142_hires.png,2026/08/08,2025/11/21,146.08,75.80000305175781,115.0,1599.800048828125,,,,,,27.1073,5.756,19.6787,0.0,17.879199981689453,18.4329,32.7709,57.675,27.1649,19.7018,1.1535,2026-08-09
swsh1-137,Copperajah,holofoil,Sword & Shield,137,Rare Holo,Hitoshi Ariga,Stage 1,879,Pokémon,2020/02/07,"tcgplayer,cardmarket",https://prices.pokemontcg.io/tcgplayer/swsh1-137,https://images.pokemontcg.io/swsh1/137_hires.png,2026/08/08,2025/11/21,0.37,0.17000000178813934,0.3700000047683716,2.630000114440918,,0.45,,,,1.0497,0.1154,1.0266,1.5688,0.3345000147819519,0.8651,1.315,0.5767,1.0612,1.1304,1.1535,2026-08-09
sm8-134,Wigglytuff,normal,Lost Thunder,134,Rare,nagimiso,Stage 1,40,Pokémon,2018/11/02,"tcgplayer,cardmarket",https://prices.pokemontcg.io/tcgplayer/sm8-134,https://images.pokemontcg.io/sm8/134_hires.png,2026/08/08,2025/11/21,1.17,0.18000000715255737,1.100000023841858,19.979999542236328,,3.03,,,,0.5652,0.173,0.7267,1.3265,1.0958000421524048,0.6114,0.5883,4.614,1.6495,1.4995,1.1535,2026-08-09
ex10-T,Unown,holofoil,Unseen Forces,T,Rare,Kyoko Koizumi,Basic,201,Pokémon,2005/08/01,"tcgplayer,cardmarket",https://prices.pokemontcg.io/tcgplayer/ex10-T,https://images.pokemontcg.io/ex10/T_hires.png,2026/08/08,2025/12/07,35.64,25.0,29.989999771118164,49.9900016784668,,,,,,22.2856,5.7098,17.7985,0.0,34.547298431396484,18.283,12.354,17.3025,10.2085,4.6486,1.1535,2026-08-09
bw8-132,Articuno-EX,holofoil,Plasma Storm,132,Rare Ultra,Toyste Beach,Basic|EX|Team Plasma,144,Pokémon,2013/02/06,"tcgplayer,cardmarket",https://prices.pokemontcg.io/tcgplayer/bw8-132,https://images.pokemontcg.io/bw8/132_hires.png,2026/08/08,2025/12/07,331.74,449.989990234375,499.989990234375,586.4299926757812,,,,,,38.0078,10.3815,62.612,0.0,41.41059875488281,32.1942,70.7557,63.4425,40.0034,23.4968,1.1535,2026-08-09
sm1-137,Rainbow Energy,normal,Sun & Moon,137,Uncommon,,Special,,Energy,2017/02/03,"tcgplayer,cardmarket",https://prices.pokemontcg.io/tcgplayer/sm1-137,https://images.pokemontcg.io/sm1/137_hires.png,2026/08/08,2025/11/21,0.44,0.18000000715255737,0.4000000059604645,15.319999694824219,,0.47,,,,3.0452,1.1535,2.157,0.0,2.8722000122070312,1.8571,0.992,0.0,0.0,0.0,1.1535,2026-08-09
bw11-RC25,Meloetta-EX,holofoil,Legendary Treasures,RC25,Rare Ultra,Eske Yoshinob,Basic|EX,648,Pokémon,2013/11/06,"tcgplayer,cardmarket",https://prices.pokemontcg.io/tcgplayer/bw11-RC25,https://images.pokemontcg.io/bw11/RC25_hires.png,2026/08/08,2025/11/21,37.81,19.5,36.7400016784668,189.3800048828125,,,,,,26.2191,11.5235,21.0514,0.0,28.779800415039062,23.7044,29.0221,13.842,7.8207,6.252,1.1535,2026-08-09
sm7-134,Hustle Belt,normal,Celestial Storm,134,Uncommon,Yoshinobu Saito,Pokémon Tool,,Trainer,2018/08/03,"tcgplayer,cardmarket",https://prices.pokemontcg.io/tcgplayer/sm7-134,https://images.pokemontcg.io/sm7/134_hires.png,2026/08/08,2025/11/21,0.31,0.20000000298023224,0.3499999940395355,18.1200008392334,,0.64,,,,0.2307,0.0346,0.2538,0.4383,0.05770000070333481,0.2422,0.2307,0.5191,0.4037,0.4268,1.1535,2026-08-09
swsh4-132,Lugia,holofoil,Vivid Voltage,132,Rare Holo,NC Empire,Basic,249,Pokémon,2020/11/13,"tcgplayer,cardmarket",https://prices.pokemontcg.io/tcgplayer/swsh4-132,https://images.pokemontcg.io/swsh4/132_hires.png,2026/08/08,2025/11/21,1.44,0.3499999940395355,1.649999976158142,99.0,,1.46,,,,1.4073,0.2884,1.4765,2.5838,1.5687999725341797,1.5457,1.5111,3.449,2.8838,2.3993,1.1535,2026-08-09
xy5-148,Kyogre-EX,holofoil,Primal Clash,148,Rare Ultra,5ban Graphics,Basic|EX,382,Pokémon,2015/02/04,"tcgplayer,cardmarket",https://prices.pokemontcg.io/tcgplayer/xy5-148,https://images.pokemontcg.io/xy5/148_hires.png,2026/08/08,2025/11/21,142.91,106.16000366210938,150.05999755859375,755.7000122070312,,,,,,64.0192,11.535,75.8888,0.0,69.20999908447266,74.3892,75.5427,69.0831,47.1089,30.1756,1.1535,2026-08-09
sm5-133,Pokémon Fan Club,normal,Ultra Prism,133,Uncommon,Sanosuke Sakuma,Supporter,,Trainer,2018/02/02,"tcgplayer,cardmarket",https://prices.pokemontcg.io/tcgplayer/sm5-133,https://images.pokemontcg.io/sm5/133_hires.png,2026/08/08,2025/11/21,0.21,0.019999999552965164,0.23999999463558197,19.979999542236328,,0.35,,,,0.0923,0.0231,0.0692,0.3114,0.023099999874830246,0.0692,0.0923,0.7382,0.3691,0.3576,1.1535,2026-08-09
sm3-130,Tapu Bulu-GX,holofoil,Burning Shadows,130,Rare Ultra,5ban Graphics,Basic|GX,787,Pokémon,2017/08/05,"tcgplayer,cardmarket",https://prices.pokemontcg.io/tcgplayer/sm3-130,https://images.pokemontcg.io/sm3/130_hires.png,2026/08/08,2025/11/21,4.53,3.5,4.5,96.91999816894531,,,,,,4.1872,2.307,3.6451,0.0,5.698299884796143,4.2795,4.5448,11.535,5.7214,6.8633,1.1535,2026-08-09
sm2-134,Vikavolt-GX,holofoil,Guardians Rising,134,Rare Ultra,5ban Graphics,Stage 2|GX,738,Pokémon,2017/05/05,"tcgplayer,cardmarket",https://prices.pokemontcg.io/tcgplayer/sm2-134,https://images.pokemontcg.io/sm2/134_hires.png,2026/08/08,2025/11/21,4.12,2.9600000381469727,4.119999885559082,9.989999771118164,,,,,,2.803,1.6726,3.3798,0.0,2.8838000297546387,3.1029,3.7373,6.4596,4.3372,5.3061,1.1535,2026-08-09
pl3-135,Champion's Room,normal,Supreme Victors,135,Uncommon,Yusuke Ishikawa,Stadium,,Trainer,2009/08/19,"tcgplayer,cardmarket",https://prices.pokemontcg.io/tcgplayer/pl3-135,https://images.pokemontcg.io/pl3/135_hires.png,2026/08/08,2025/11/21,0.29,0.11999999731779099,0.28999999165534973,16.100000381469727,,1.56,,,,0.4383,0.0461,0.323,2.8261,0.18459999561309814,0.2653,0.323,4.4986,1.8341,1.0958,1.1535,2026-08-09
ecard3-99,Slugma,normal,Skyridge,99,Common,Yukiko Baba,Basic,218,Pokémon,2003/05/12,"tcgplayer,cardmarket",https://prices.pokemontcg.io/tcgplayer/ecard3-99,https://images.pokemontcg.io/ecard3/99_hires.png,2026/08/08,2025/11/21,25.94,40.0,200.0,249.99000549316406,,42.5,,,,5.3407,1.142,5.433,3.4144,5.767499923706055,5.1215,4.4064,3.4144,6.5403,8.7666,1.1535,2026-08-09
ecard1-130,Spearow,normal,Expedition Base Set,130,Common,Kyoko Umemoto,Basic,21,Pokémon,2002/09/15,"tcgplayer,cardmarket",https://prices.pokemontcg.io/tcgplayer/ecard1-130,https://images.pokemontcg.io/ecard1/130_hires.png,2026/08/08,2025/12/07,3.44,1.8300000429153442,3.5299999713897705,96.94999694824219,,9.99,,,,1.5226,0.1038,1.6034,7.7861,1.707200050354004,1.5342,1.5572,3.4605,8.5705,6.1482,1.1535,2026-08-09
ecard2-111,Spinarak,normal,Aquapolis,111,Common,Miki Tanaka,Basic,167,Pokémon,2003/01/15,"tcgplayer,cardmarket",https://prices.pokemontcg.io/tcgplayer/ecard2-111,https://images.pokemontcg.io/ecard2/111_hires.png,2026/08/08,2025/11/21,3.31,1.350000023841858,3.559999942779541,161.22999572753906,,20.72,,,,0.9689,0.0577,0.7959,3.9334,0.945900022983551,0.5883,0.992,2.157,3.5297,3.6566,1.1535,2026-08-09
sm12-139,Steelix,holofoil,Cosmic Eclipse,139,Rare Holo,KEIICHIRO ITO,Stage 1,208,Pokémon,2019/11/01,"tcgplayer,cardmarket",https://prices.pokemontcg.io/tcgplayer/sm12-139,https://images.pokemontcg.io/sm12/139_hires.png,2026/08/08,2025/11/21,0.8,0.20000000298023224,0.8199999928474426,15.0,,1.16,,,,1.3381,0.2192,1.1304,1.8571,0.911300003528595,1.3842,1.3265,1.4419,1.7764,1.488,1.1535,2026-08-09
sm9-144,Ingo & Emmet,normal,Team Up,144,Uncommon,Yusuke Ohmura,Supporter,,Trainer,2019/02/01,"tcgplayer,cardmarket",https://prices.pokemontcg.io/tcgplayer/sm9-144,https://images.pokemontcg.io/sm9/144_hires.png,2026/08/08,2025/11/21,0.24,0.09000000357627869,0.25,18.1200008392334,,0.4,,,,0.1269,0.0231,0.1269,0.4845,0.12690000236034393,0.1615,0.1846,0.4037,0.4153,0.5191,1.1535,2026-08-09
xy8-135,Buddy-Buddy Rescue,normal,BREAKthrough,135,Uncommon,Toyste Beach,Item,,Trainer,2015/11/04,"tcgplayer,cardmarket",https://prices.pokemontcg.io/tcgplayer/xy8-135,https://images.pokemontcg.io/xy8/135_hires.png,2026/08/08,2025/11/21,0.21,0.07999999821186066,0.25,1000.0,,0.44,,,,0.3576,0.0231,0.2653,0.9113,0.5421000123023987,0.2999,0.2768,0.5767,0.7844,0.9343,1.1535,2026-08-09
sm9-145,Jasmine,normal,Team Up,145,Uncommon,Ken Sugimori,Supporter,,Trainer,2019/02/01,"tcgplayer,cardmarket",https://prices.pokemontcg.io/tcgplayer/sm9-145,https://images.pokemontcg.io/sm9/145_hires.png,2026/08/08,2025/11/21,0.33,0.14000000059604645,0.3400000035762787,18.1200008392334,,0.41,,,,0.15,0.0231,0.173,0.5767,0.23070000112056732,0.173,0.2076,0.5767,0.6806,0.7498,1.1535,2026-08-09
xy5-149,Primal Kyogre-EX,holofoil,Primal Clash,149,Rare Ultra,5ban Graphics,MEGA|EX,382,Pokémon,2015/02/04,"tcgplayer,cardmarket",https://prices.pokemontcg.io/tcgplayer/xy5-149,https://images.pokemontcg.io/xy5/149_hires.png,2026/08/08,2025/11/21,315.18,149.77000427246094,315.3699951171875,1273.800048828125,,,,,,200.0284,40.3725,218.7728,0.0,132.53709411621094,203.8696,159.8866,29.4373,23.0469,20.936,1.1535,2026-08-09
sm2-135,Tapu Koko-GX,holofoil,Guardians Rising,135,Rare Ultra,5ban Graphics,Basic|GX,785,Pokémon,2017/05/05,"tcgplayer,cardmarket",https://prices.pokemontcg.io/tcgplayer/sm2-135,https://images.pokemontcg.io/sm2/135_hires.png,2026/08/08,2025/11/21,5.64,3.109999895095825,6.300000190734863,48.0,,,,,,4.8562,1.1535,4.9947,0.0,3.4374001026153564,4.937,5.2254,4.5563,9.0434,7.8669,1.1535,2026-08-09
xy1-139,Metal Energy,normal,XY,139,Common,,Basic,,Energy,2014/02/05,"tcgplayer,cardmarket",https://prices.pokemontcg.io/tcgplayer/xy1-139,https://images.pokemontcg.io/xy1/139_hires.png,2026/08/08,2025/11/21,0.93,0.699999988079071,0.949999988079071,19.979999542236328,,,,,,0.0807,0.0231,0.2538,0.0,1.0958000421524048,0.2768,0.1846,0.5767,2.653,1.7764,1.1535,2026-08-09
sm8-135,Marill,normal,Lost Thunder,135,Common,Ken Sugimori,Basic,183,Pokémon,2018/11/02,"tcgplayer,cardmarket",https://prices.pokemontcg.io/tcgplayer/sm8-135,https://images.pokemontcg.io/sm8/135_hires.png,2026/08/08,2025/11/21,0.45,0.20000000298023224,0.4699999988079071,19.979999542236328,,2.76,,,,0.1154,0.0231,0.15,0.9689,0.1615000069141388,0.173,0.1384,1.7302,0.8074,0.6806,1.1535,2026-08-09
sm10-129,Melmetal,holofoil,Unbroken Bonds,129,Rare Holo,Kouki Saitou,Stage 1,809,Pokémon,2019/05/03,"tcgplayer,cardmarket",https://prices.pokemontcg.io/tcgplayer/sm10-129,https://images.pokemontcg.io/sm10/129_hires.png,2026/08/08,2025/11/21,0.54,0.25,0.5400000214576721,1.9900000095367432,,0.55,,,,1.3381,0.2884,1.3265,1.5226,1.61489999294281,1.3496,1.3496,1.7302,1.6149,1.4649,1.1535,2026-08-09
ecard1-131,Squirtle,normal,Expedition Base Set,131,Common,Yuka Morii,Basic,7,Pokémon,2002/09/15,"tcgplayer,cardmarket",https://prices.pokemontcg.io/tcgplayer/ecard1-131,https://images.pokemontcg.io/ecard1/131_hires.png,2026/08/08,2025/12/07,48.17,50.0,70.0,249.99000549316406,,90.0,,,,6.8172,0.2307,6.8287,28.3992,9.227999687194824,8.1552,8.9512,23.0123,31.8712,25.4808,1.1535,2026-08-09
ecard3-100,Snorlax,normal,Skyridge,100,Common,Naoyo Kimura,Basic,143,Pokémon,2003/05/12,"tcgplayer,cardmarket",https://prices.pokemontcg.io/tcgplayer/ecard3-100,https://images.pokemontcg.io/ecard3/100_hires.png,2026/08/08,2025/11/21,131.08,105.0,212.5,949.9000244140625,,335.99,,,,44.3636,2.307,32.7825,161.4785,29.990999221801758,67.0645,32.148,57.6635,138.5584,85.9704,1.1535,2026-08-09
sm12-140,Mawile,normal,Cosmic Eclipse,140,Uncommon,kodama,Basic,303,Pokémon,2019/11/01,"tcgplayer,cardmarket",https://prices.pokemontcg.io/tcgplayer/sm12-140,https://images.pokemontcg.io/sm12/140_hires.png,2026/08/08,2025/11/21,0.32,0.11999999731779099,0.3700000047683716,19.979999542236328,,4.47,,,,0.1154,0.0231,0.1615,0.669,0.1615000069141388,0.1269,0.1269,1.0958,0.7152,0.819,1.1535,2026-08-09
sm5-134,Unidentified Fossil,normal,Ultra Prism,134,Uncommon,Toyste Beach,Item,,Trainer,2018/02/02,"tcgplayer,cardmarket",https://prices.pokemontcg.io/tcgplayer/sm5-134,https://images.pokemontcg.io/sm5/134_hires.png,2026/08/08,2025/11/21,0.2,0.10000000149011612,0.25,2.299999952316284,,0.4,,,,0.0692,0.0231,0.1269,0.2422,0.46140000224113464,0.1846,0.0923,0.2307,0.2192,0.2538,1.1535,2026-08-09
ex10-U,Unown,holofoil,Unseen Forces,U,Rare,Kyoko Koizumi,Basic,201,Pokémon,2005/08/01,"tcgplayer,cardmarket",https://prices.pokemontcg.io/tcgplayer/ex10-U,https://images.pokemontcg.io/ex10/U_hires.png,2026/08/08,2025/12/07,36.67,37.0,68.47000122070312,337.79998779296875,,,,,,18.5483,8.6512,18.9059,0.0,40.34939956665039,19.1827,14.5572,34.605,7.0825,4.291,1.1535,2026-08-09
ecard2-112,Tangela,normal,Aquapolis,112,Common,Tomokazu Komiya,Basic,114,Pokémon,2003/01/15,"tcgplayer,cardmarket",https://prices.pokemontcg.io/tcgplayer/ecard2-112,https://images.pokemontcg.io/ecard2/112_hires.png,2026/08/08,2025/11/21,12.54,14.0,29.479999542236328,119.9000015258789,,99.98,,,,3.622,0.1154,3.0683,9.055,3.4028000831604004,4.1872,3.0106,9.055,7.74,7.74,1.1535,2026-08-09
sm1-138,Lurantis-GX,holofoil,Sun & Moon,138,Rare Ultra,5ban Graphics,Stage 1|GX,754,Pokémon,2017/02/03,"tcgplayer,cardmarket",https://prices.pokemontcg.io/tcgplayer/sm1-138,https://images.pokemontcg.io/sm1/138_hires.png,2026/08/08,2025/11/21,3.71,2.0,3.9600000381469727,24.18000030517578,,,,,,3.6797,1.1535,3.1606,0.0,2.8838000297546387,3.0568,3.9219,2.8838,3.8412,4.8562,1.1535,2026-08-09
swsh2-139,Zacian,normal,Rebel Clash,139,Rare,Hideki Ishikawa,Basic,888,Pokémon,2020/05/01,"tcgplayer,cardmarket",https://prices.pokemontcg.io/tcgplayer/swsh2-139,https://images.pokemontcg.io/swsh2/139_hires.png,2026/08/08,2025/11/21,0.48,0.14000000059604645,0.5,19.360000610351562,,0.77,,,,0.6344,0.0231,0.3807,1.0612,0.34599998593330383,0.5767,0.6921,0.1846,1.1766,1.2342,1.1535,2026-08-09
sm7-135,Last Chance Potion,normal,Celestial Storm,135,Uncommon,Ayaka Yoshida,Item,,Trainer,2018/08/03,"tcgplayer,cardmarket",https://prices.pokemontcg.io/tcgplayer/sm7-135,https://images.pokemontcg.io/sm7/135_hires.png,2026/08/08,2025/11/21,0.25,0.14000000059604645,0.25,19.979999542236328,,0.56,,,,0.1615,0.0231,0.1384,0.8651,0.11540000140666962,0.1615,0.1615,0.8651,0.4729,0.5191,1.1535,2026-08-09
swsh4-133,Taillow,normal,Vivid Voltage,133,Common,Yuka Morii,Basic,276,Pokémon,2020/11/13,"tcgplayer,cardmarket",https://prices.pokemontcg.io/tcgplayer/swsh4-133,https://images.pokemontcg.io/swsh4/133_hires.png,2026/08/08,2025/11/21,0.24,0.009999999776482582,0.25,25.260000228881836,,0.48,,,,0.0692,0.0231,0.0692,0.2307,0.03460000082850456,0.0346,0.0577,0.2422,0.173,0.2653,1.1535,2026-08-09
sm11-132,Weavile-GX,holofoil,Unified Minds,132,Rare Holo GX,aky CG Works,Stage 1|GX,461,Pokémon,2019/08/02,"tcgplayer,cardmarket",https://prices.pokemontcg.io/tcgplayer/sm11-132,https://images.pokemontcg.io/sm11/132_hires.png,2026/08/08,2025/11/21,5.43,2.0999999046325684,4.75,30.31999969482422,,,,,,2.8722,0.8074,2.953,0.0,1.1419999599456787,3.0106,3.4144,3.3105,3.5874,3.5874,1.1535,2026-08-09
sm6-125,Dialga-GX,holofoil,Forbidden Light,125,Rare Ultra,5ban Graphics,Basic|GX,483,Pokémon,2018/05/04,"tcgplayer,cardmarket",https://prices.pokemontcg.io/tcgplayer/sm6-125,https://images.pokemontcg.io/sm6/125_hires.png,2026/08/08,2025/11/21,34.75,31.770000457763672,45.0,256.6000061035156,,,,,,20.7284,9.228,45.5632,0.0,13.842000007629395,19.0212,35.0664,17.2794,11.4197,9.4472,1.1535,2026-08-09
bw7-143,Cresselia-EX,holofoil,Boundaries Crossed,143,Rare Ultra,5ban Graphics,Basic|EX,488,Pokémon,2012/11/07,"tcgplayer,cardmarket",https://prices.pokemontcg.io/tcgplayer/bw7-143,https://images.pokemontcg.io/bw7/143_hires.png,2026/08/08,2025/11/21,108.72,72.9800033569336,196.07000732421875,1998.0,,,,,,100.9312,5.6522,45.5056,0.0,7.901500225067139,41.1915,38.9537,11.535,19.0212,16.9449,1.1535,2026-08-09
sm3-131,Ho-Oh-GX,holofoil,Burning Shadows,131,Rare Ultra,5ban Graphics,Basic|GX,250,Pokémon,2017/08/05,"tcgplayer,cardmarket",https://prices.pokemontcg.io/tcgplayer/sm3-131,https://images.pokemontcg.io/sm3/131_hires.png,2026/08/08,2025/11/21,19.38,14.0,78.0,141.52999877929688,,,,,,13.6344,2.307,13.692,0.0,28.837499618530273,14.2227,12.4578,14.2919,12.6078,11.7772,1.1535,2026-08-09
smp-SM138,Zekrom-GX,holofoil,SM Black Star Promos,SM138,Promo,5ban Graphics,Basic|GX,644,Pokémon,2017/02/03,"tcgplayer,cardmarket",https://prices.pokemontcg.io/tcgplayer/smp-SM138,https://images.pokemontcg.io/smp/SM138_hires.png,2026/08/08,2025/11/21,25.59,13.0,26.030000686645508,219.6999969482422,,,,,,13.8305,2.8838,14.6494,0.0,10.381500244140625,15.0647,11.9041,11.4081,5.6983,5.1907,1.1535,2026-08-09
xyp-XY132,Gastly,holofoil,XY Black Star Promos,XY132,Promo,Shigenori Negishi,Basic,92,Pokémon,2013/10/12,"tcgplayer,cardmarket",https://prices.pokemontcg.io/tcgplayer/xyp-XY132,https://images.pokemontcg.io/xyp/XY132_hires.png,2026/08/08,2025/11/21,20.82,6.75,18.0,95.91000366210938,,,,,,6.8172,1.1535,7.094,0.0,10.323800086975098,7.244,5.2715,3.3798,1.8341,1.3265,1.1535,2026-08-09
pl3-136,Cynthia's Guidance,normal,Supreme Victors,136,Uncommon,Ken Sugimori,Supporter,,Trainer,2009/08/19,"tcgplayer,cardmarket",https://prices.pokemontcg.io/tcgplayer/pl3-136,https://images.pokemontcg.io/pl3/136_hires.png,2026/08/08,2025/11/21,0.7,0.49000000953674316,0.699999988079071,96.94999694824219,,5.37,,,,0.4383,0.0577,0.4153,4.614,0.28839999437332153,0.496,0.3691,2.307,2.2032,1.5918,1.1535,2026-08-09
swsh1-138,Zacian V,holofoil,Sword & Shield,138,Rare Holo V,5ban Graphics,Basic|V,888,Pokémon,2020/02/07,"tcgplayer,cardmarket",https://prices.pokemontcg.io/tcgplayer/swsh1-138,https://images.pokemontcg.io/swsh1/138_hires.png,2026/08/08,2025/11/21,1.13,0.49000000953674316,1.2799999713897705,19.520000457763672,,,,,,1.6841,0.5767,2.4454,0.0,2.2955000400543213,2.4339,3.3451,0.0,0.0,0.0,1.1535,2026-08-09
bw8-133,Cobalion-EX,holofoil,Plasma Storm,133,Rare Ultra,Ryo Ueda,Basic|EX,638,Pokémon,2013/02/06,"tcgplayer,cardmarket",https://prices.pokemontcg.io/tcgplayer/bw8-133,https://images.pokemontcg.io/bw8/133_hires.png,2026/08/08,2025/12/07,49.78,33.0,67.0,683.0999755859375,,,,,,32.298,3.4374,32.9324,0.0,34.60499954223633,38.7115,26.5997,7.0363,10.22,9.8163,1.1535,2026-08-09
dp6-141,Gliscor LV.X,holofoil,Legends Awakened,141,Rare Holo LV.X,Ryo Ueda,Level-Up,472,Pokémon,2008/08/01,"tcgplayer,cardmarket",https://prices.pokemontcg.io/tcgplayer/dp6-141,https://images.pokemontcg.io/dp6/141_hires.png,2026/08/08,2025/11/21,95.0,98.55000305175781,121.44999694824219,1619.800048828125,,,,,,34.432,5.1907,31.5713,0.0,28.260700225830078,33.786,30.6831,17.3025,12.3078,8.5936,1.1535,2026-08-09
swsh3-129,Meltan,normal,Darkness Ablaze,129,Common,HYOGONOSUKE,Basic,808,Pokémon,2020/08/14,"tcgplayer,cardmarket",https://prices.pokemontcg.io/tcgplayer/swsh3-129,https://images.pokemontcg.io/swsh3/129_hires.png,2026/08/08,2025/11/21,0.12,0.019999999552965164,0.15000000596046448,25.1200008392334,,0.24,,,,0.0807,0.0231,0.0692,0.2192,0.023099999874830246,0.0461,0.0692,0.6921,0.2538,0.2538,1.1535,2026-08-09
sm9-146,Judge Whistle,normal,Team Up,146,Uncommon,Ayaka Yoshida,Item,,Trainer,2019/02/01,"tcgplayer,cardmarket",https://prices.pokemontcg.io/tcgplayer/sm9-146,https://images.pokemontcg.io/sm9/146_hires.png,2026/08/08,2025/11/21,0.2,0.05000000074505806,0.25,19.979999542236328,,0.43,,,,0.1269,0.0231,0.15,0.3114,0.23070000112056732,0.1269,0.1269,0.4037,0.3576,0.3922,1.1535,2026-08-09
xy8-136,Fisherman,normal,BREAKthrough,136,Uncommon,Hitoshi Ariga,Supporter,,Trainer,2015/11/04,"tcgplayer,cardmarket",https://prices.pokemontcg.io/tcgplayer/xy8-136,https://images.pokemontcg.io/xy8/136_hires.png,2026/08/08,2025/11/21,0.24,0.03999999910593033,0.25,1000.0,,0.56,,,,0.2653,0.0231,0.2076,0.0,0.08070000261068344,0.2538,0.2884,0.7498,0.669,0.7267,1.1535,2026-08-09
xy5-150,Groudon-EX,holofoil,Primal Clash,150,Rare Ultra,5ban Graphics,Basic|EX,383,Pokémon,2015/02/04,"tcgplayer,cardmarket",https://prices.pokemontcg.io/tcgplayer/xy5-150,https://images.pokemontcg.io/xy5/150_hires.png,2026/08/08,2025/11/21,159.33,90.0,179.99000549316406,750.9199829101562,,,,,,88.8656,34.4896,97.0093,0.0,207.6300048828125,107.9676,83.2942,57.675,31.0061,18.7674,1.1535,2026-08-09
sm2-136,Toxapex-GX,holofoil,Guardians Rising,136,Rare Ultra,5ban Graphics,Stage 1|GX,748,Pokémon,2017/05/05,"tcgplayer,cardmarket",https://prices.pokemontcg.io/tcgplayer/sm2-136,https://images.pokemontcg.io/sm2/136_hires.png,2026/08/08,2025/11/21,4.93,3.0,4.929999828338623,96.94999694824219,,,,,,3.7143,0.9228,2.9184,0.0,1.153499960899353,2.4454,3.3105,3.9219,4.3602,4.0373,1.1535,2026-08-09
sm1-139,Lapras-GX,holofoil,Sun & Moon,139,Rare Ultra,5ban Graphics,Basic|GX,131,Pokémon,2017/02/03,"tcgplayer,cardmarket",https://prices.pokemontcg.io/tcgplayer/sm1-139,https://images.pokemontcg.io/sm1/139_hires.png,2026/08/08,2025/11/21,10.37,6.5,10.680000305175781,69.0999984741211,,,,,,7.1056,1.6149,7.071,0.0,2.5376999378204346,5.7444,6.6672,3.9104,5.7906,7.1978,1.1535,2026-08-09
xy1-140,Fairy Energy,normal,XY,140,Common,,Basic,,Energy,2014/02/05,"tcgplayer,cardmarket",https://prices.pokemontcg.io/tcgplayer/xy1-140,https://images.pokemontcg.io/xy1/140_hires.png,2026/08/08,2025/11/21,0.81,0.25,1.0299999713897705,96.33000183105469,,,,,,0.7152,0.0231,0.6575,1.7302,0.10379999876022339,0.346,0.4037,1.7302,2.3301,2.0763,1.1535,2026-08-09
sm5-135,Volkner,normal,Ultra Prism,135,Uncommon,Ken Sugimori,Supporter,,Trainer,2018/02/02,"tcgplayer,cardmarket",https://prices.pokemontcg.io/tcgplayer/sm5-135,https://images.pokemontcg.io/sm5/135_hires.png,2026/08/08,2025/11/21,0.49,0.15000000596046448,0.5,19.299999237060547,,0.82,,,,0.6806,0.0577,0.8305,0.7728,0.4959999918937683,0.669,0.5998,0.7382,0.6806,0.8882,1.1535,2026-08-09
smp-SM139,Salamence-GX,holofoil,SM Black Star Promos,SM139,Promo,5ban Graphics,Stage 2|GX,373,Pokémon,2017/02/03,"tcgplayer,cardmarket",https://prices.pokemontcg.io/tcgplayer/smp-SM139,https://images.pokemontcg.io/smp/SM139_hires.png,2026/08/08,2025/11/21,16.41,11.8100004196167,19.690000534057617,9999.0,,,,,,10.1047,4.6025,18.5944,0.0,11.419699668884277,10.2431,12.8846,7.7284,9.055,9.0665,1.1535,2026-08-09
sm12-141,Probopass,normal,Cosmic Eclipse,141,Uncommon,Masakazu Fukuda,Stage 1,476,Pokémon,2019/11/01,"tcgplayer,cardmarket",https://prices.pokemontcg.io/tcgplayer/sm12-141,https://images.pokemontcg.io/sm12/141_hires.png,2026/08/08,2025/11/21,0.16,0.009999999776482582,0.20000000298023224,19.979999542236328,,0.39,,,,0.1038,0.0231,0.1384,0.9574,0.12690000236034393,0.1615,0.1038,0.5652,0.7844,0.4845,1.1535,2026-08-09
sm10-130,Gardevoir & Sylveon-GX,holofoil,Unbroken Bonds,130,Rare Holo GX,Mitsuhiro Arita,Basic|TAG TEAM|GX,282|700,Pokémon,2019/05/03,"tcgplayer,cardmarket",https://prices.pokemontcg.io/tcgplayer/sm10-130,https://images.pokemontcg.io/sm10/130_hires.png,2026/08/08,2025/11/21,77.78,59.650001525878906,80.91000366210938,499.6199951171875,,,,,,23.0585,16.149,12.6654,0.0,23.058500289916992,16.7604,10.37,0.0,0.0,0.0,1.1535,2026-08-09
ecard2-113,Tentacool,normal,Aquapolis,113,Common,Hajime Kusajima,Basic,72,Pokémon,2003/01/15,"tcgplayer,cardmarket",https://prices.pokemontcg.io/tcgplayer/ecard2-113,https://images.pokemontcg.io/ecard2/113_hires.png,2026/08/08,2025/11/21,3.36,1.850000023841858,3.690000057220459,66.0,,28.75,,,,1.1535,0.173,0.8305,3.9334,0.34599998593330383,1.0151,1.2112,5.7098,4.6371,4.4294,1.1535,2026-08-09
ex10-V,Unown,holofoil,Unseen Forces,V,Rare,Kyoko Koizumi,Basic,201,Pokémon,2005/08/01,"tcgplayer,cardmarket",https://prices.pokemontcg.io/tcgplayer/ex10-V,https://images.pokemontcg.io/ex10/V_hires.png,2026/08/08,2025/12/07,45.32,38.22999954223633,59.9900016784668,799.9000244140625,,,,,,13.0461,4.614,11.1889,0.0,10.381500244140625,12.2271,10.9467,11.535,9.5971,5.5829,1.1535,2026-08-09
ecard3-101,Snubbull,normal,Skyridge,101,Common,Hisao Nakamura,Basic,209,Pokémon,2003/05/12,"tcgplayer,cardmarket",https://prices.pokemontcg.io/tcgplayer/ecard3-101,https://images.pokemontcg.io/ecard3/101_hires.png,2026/08/08,2025/11/21,11.99,17.0,41.25,119.80000305175781,,69.99,,,,2.157,0.5191,1.7302,46.14,1.6610000133514404,1.5457,1.9956,11.5235,13.6574,7.8669,1.1535,2026-08-09
ecard1-132,Squirtle,normal,Expedition Base Set,132,Common,Kyoko Umemoto,Basic,7,Pokémon,2002/09/15,"tcgplayer,cardmarket",https://prices.pokemontcg.io/tcgplayer/ecard1-132,https://images.pokemontcg.io/ecard1/132_hires.png,2026/08/08,2025/12/07,40.73,27.989999771118164,40.189998626708984,343.3399963378906,,285.24,,,,9.078,0.4037,8.582,117.657,11.523500442504883,7.8899,8.2937,18.4445,73.3049,30.3024,1.1535,2026-08-09
sm7-136,Life Herb,normal,Celestial Storm,136,Uncommon,Ryo Ueda,Item,,Trainer,2018/08/03,"tcgplayer,cardmarket",https://prices.pokemontcg.io/tcgplayer/sm7-136,https://images.pokemontcg.io/sm7/136_hires.png,2026/08/08,2025/11/21,0.16,0.029999999329447746,0.25,19.979999542236328,,0.44,,,,0.1384,0.0346,0.1384,0.1615,0.023099999874830246,0.1269,0.2076,0.4499,0.2768,0.346,1.1535,2026-08-09
swsh2-140,Zamazenta,normal,Rebel Clash,140,Rare,Hideki Ishikawa,Basic,889,Pokémon,2020/05/01,"tcgplayer,cardmarket",https://prices.pokemontcg.io/tcgplayer/swsh2-140,https://images.pokemontcg.io/swsh2/140_hires.png,2026/08/08,2025/11/21,0.55,0.25,0.550000011920929,19.020000457763672,,0.92,,,,0.5767,0.0231,0.6806,1.0728,0.3345000147819519,0.8074,0.9343,2.5954,1.1766,1.0843,1.1535,2026-08-09
sm11-133,Sableye,normal,Unified Minds,133,Uncommon,Suwama Chiaki,Basic,302,Pokémon,2019/08/02,"tcgplayer,cardmarket",https://prices.pokemontcg.io/tcgplayer/sm11-133,https://images.pokemontcg.io/sm11/133_hires.png,2026/08/08,2025/11/21,0.28,0.07000000029802322,0.25999999046325684,19.979999542236328,,0.69,,,,0.0807,0.0231,0.0807,0.6921,0.06920000165700912,0.0923,0.1615,1.1535,0.7152,0.5652,1.1535,2026-08-09
sm3-132,Salazzle-GX,holofoil,Burning Shadows,132,Rare Ultra,5ban Graphics,Stage 1|GX,758,Pokémon,2017/08/05,"tcgplayer,cardmarket",https://prices.pokemontcg.io/tcgplayer/sm3-132,https://images.pokemontcg.io/sm3/132_hires.png,2026/08/08,2025/11/21,5.33,3.0,5.269999980926514,108.66000366210938,,,,,,5.4676,1.7302,5.4099,0.0,5.75600004196167,5.7098,5.4561,6.3327,5.6868,5.606,1.1535,2026-08-09
sm6-126,Xerneas-GX,holofoil,Forbidden Light,126,Rare Ultra,5ban Graphics,Basic|GX,716,Pokémon,2018/05/04,"tcgplayer,cardmarket",https://prices.pokemontcg.io/tcgplayer/sm6-126,https://images.pokemontcg.io/sm6/126_hires.png,2026/08/08,2025/11/21,26.53,43.5099983215332,51.0,259.3800048828125,,,,,,15.6415,5.756,15.653,0.0,19.009700775146484,14.4764,15.1685,10.1508,12.9192,9.8163,1.1535,2026-08-09
sm8-136,Azumarill,normal,Lost Thunder,136,Rare,Naoyo Kimura,Stage 1,184,Pokémon,2018/11/02,"tcgplayer,cardmarket",https://prices.pokemontcg.io/tcgplayer/sm8-136,https://images.pokemontcg.io/sm8/136_hires.png,2026/08/08,2025/11/21,0.9,0.6000000238418579,0.8999999761581421,19.979999542236328,,2.65,,,,0.5883,0.0577,0.5191,1.3381,0.11540000140666962,0.5191,0.669,2.307,2.2493,1.9609,1.1535,2026-08-09
bw7-144,Landorus-EX,holofoil,Boundaries Crossed,144,Rare Ultra,5ban Graphics,Basic|EX,645,Pokémon,2012/11/07,"tcgplayer,cardmarket",https://prices.pokemontcg.io/tcgplayer/bw7-144,https://images.pokemontcg.io/bw7/144_hires.png,2026/08/08,2025/11/21,95.0,56.0,69.0,1182.300048828125,,,,,,47.8702,5.7675,24.8579,0.0,3.4605000019073486,24.2581,23.8082,34.5935,19.9325,15.6299,1.1535,2026-08-09
bw8-134,Lugia-EX,holofoil,Plasma Storm,134,Rare Ultra,Toyste Beach,Basic|EX|Team Plasma,249,Pokémon,2013/02/06,"tcgplayer,cardmarket",https://prices.pokemontcg.io/tcgplayer/bw8-134,https://images.pokemontcg.io/bw8/134_hires.png,2026/08/08,2025/12/07,725.0,989.0,1326.699951171875,6903.31005859375,,,,,,155.9301,51.9075,170.9602,0.0,115.3499984741211,192.5076,225.2901,51.9075,47.132,30.0487,1.1535,2026-08-09
pl3-137,Cyrus's Initiative,normal,Supreme Victors,137,Uncommon,Ken Sugimori,Supporter,,Trainer,2009/08/19,"tcgplayer,cardmarket",https://prices.pokemontcg.io/tcgplayer/pl3-137,https://images.pokemontcg.io/pl3/137_hires.png,2026/08/08,2025/11/21,0.51,0.20000000298023224,0.49000000953674316,19.979999542236328,,4.0,,,,0.2192,0.0231,0.2307,0.0,0.40369999408721924,0.2768,0.2422,0.6921,0.8305,1.2342,1.1535,2026-08-09
swsh4-134,Swellow,normal,Vivid Voltage,134,Uncommon,kodama,Stage 1,277,Pokémon,2020/11/13,"tcgplayer,cardmarket",https://prices.pokemontcg.io/tcgplayer/swsh4-134,https://images.pokemontcg.io/swsh4/134_hires.png,2026/08/08,2025/11/21,0.05,0.009999999776482582,0.17000000178813934,25.049999237060547,,0.11,,,,0.0692,0.0231,0.0807,0.2076,0.04610000178217888,0.0692,0.0577,0.2538,0.2653,0.2192,1.1535,2026-08-09
dp6-142,Magnezone LV.X,holofoil,Legends Awakened,142,Rare Holo LV.X,Ryo Ueda,Level-Up,462,Pokémon,2008/08/01,"tcgplayer,cardmarket",https://prices.pokemontcg.io/tcgplayer/dp6-142,https://images.pokemontcg.io/dp6/142_hires.png,2026/08/08,2025/11/21,80.0,61.9900016784668,381.44000244140625,1400.0,,,,,,28.2607,10.3815,33.5438,0.0,34.60499954223633,28.9644,33.3361,7.4747,11.3504,8.1437,1.1535,2026-08-09
swsh3-130,Melmetal,normal,Darkness Ablaze,130,Rare,NC Empire,Stage 1,809,Pokémon,2020/08/14,"tcgplayer,cardmarket",https://prices.pokemontcg.io/tcgplayer/swsh3-130,https://images.pokemontcg.io/swsh3/130_hires.png,2026/08/08,2025/11/21,0.12,0.05000000074505806,0.2199999988079071,19.979999542236328,,0.39,,,,0.2076,0.0231,0.1154,0.3576,0.05770000070333481,0.1038,0.1961,0.5191,0.4845,0.5191,1.1535,2026-08-09
xyp-XY133,Ash-Greninja-EX,holofoil,XY Black Star Promos,XY133,Promo,5ban Graphics,Basic|EX,658,Pokémon,2013/10/12,"tcgplayer,cardmarket",https://prices.pokemontcg.io/tcgplayer/xyp-XY133,https://images.pokemontcg.io/xyp/XY133_hires.png,2026/08/08,2025/11/21,111.96,37.880001068115234,54.970001220703125,906.75,,,,,,28.4568,6.9095,16.495,0.0,40.08409881591797,32.8863,38.7691,7.4862,8.9742,7.6708,1.1535,2026-08-09
swsh1-139,Zamazenta V,holofoil,Sword & Shield,139,Rare Holo V,aky CG Works,Basic|V,889,Pokémon,2020/02/07,"tcgplayer,cardmarket",https://prices.pokemontcg.io/tcgplayer/swsh1-139,https://images.pokemontcg.io/swsh1/139_hires.png,2026/08/08,2025/11/21,1.05,0.6499999761581421,1.1399999856948853,19.979999542236328,,,,,,1.811,0.5537,1.6726,0.0,2.8722000122070312,1.9379,1.9148,4.5563,4.6717,5.6406,1.1535,2026-08-09
sm2-137,Tapu Lele-GX,holofoil,Guardians Rising,137,Rare Ultra,5ban Graphics,Basic|GX,786,Pokémon,2017/05/05,"tcgplayer,cardmarket",https://prices.pokemontcg.io/tcgplayer/sm2-137,https://images.pokemontcg.io/sm2/137_hires.png,2026/08/08,2025/11/21,9.43,7.25,9.619999885559082,29.34000015258789,,,,,,5.6752,1.0381,6.9095,0.0,8.07450008392334,6.2174,6.8287,10.3238,8.2014,10.7391,1.1535,2026-08-09
smp-SM140,Salamence,holofoil,SM Black Star Promos,SM140,Promo,kawayoo,Stage 2,373,Pokémon,2017/02/03,"tcgplayer,cardmarket",https://prices.pokemontcg.io/tcgplayer/smp-SM140,https://images.pokemontcg.io/smp/SM140_hires.png,2026/08/08,2025/11/21,9.37,22.950000762939453,41.54999923706055,63.97999954223633,,,,,,7.5324,3.7489,9.5625,0.0,11.419699668884277,7.1978,7.7977,3.4028,3.449,3.1029,1.1535,2026-08-09
xy1-141,Venusaur-EX,holofoil,XY,141,Rare Ultra,Ryo Ueda,Basic|EX,3,Pokémon,2014/02/05,"tcgplayer,cardmarket",https://prices.pokemontcg.io/tcgplayer/xy1-141,https://images.pokemontcg.io/xy1/141_hires.png,2026/08/08,2025/11/21,95.54,67.91000366210938,97.16000366210938,1350.0,,,,,,59.7167,13.842,65.3688,0.0,46.13999938964844,57.7788,51.4461,58.2402,64.1115,38.2616,1.1535,2026-08-09
xy5-151,Primal Groudon-EX,holofoil,Primal Clash,151,Rare Ultra,5ban Graphics,MEGA|EX,383,Pokémon,2015/02/04,"tcgplayer,cardmarket",https://prices.pokemontcg.io/tcgplayer/xy5-151,https://images.pokemontcg.io/xy5/151_hires.png,2026/08/08,2025/11/21,212.27,199.99000549316406,249.00999450683594,1999.9000244140625,,,,,,11.535,288.2597,11.535,0.0,11.53499984741211,11.535,11.535,0.0,0.0,0.0,1.1535,2026-08-09
sm5-135a,Volkner,,Ultra Prism,135a,Uncommon,Hideki Ishikawa,Supporter,,Trainer,2018/02/02,cardmarket,https://prices.pokemontcg.io/cardmarket/sm5-135a,https://images.pokemontcg.io/sm5/135a_hires.png,,2025/11/21,,,,,,,,,,10.3815,3.4028,4.0142,0.0,10.381500244140625,4.7986,4.0949,2.4108,1.9263,1.638,1.1535,2026-08-09
sm9-147,Lavender Town,normal,Team Up,147,Uncommon,5ban Graphics,Stadium,,Trainer,2019/02/01,"tcgplayer,cardmarket",https://prices.pokemontcg.io/tcgplayer/sm9-147,https://images.pokemontcg.io/sm9/147_hires.png,2026/08/08,2025/11/21,0.22,0.05000000074505806,0.25,19.979999542236328,,0.39,,,,0.173,0.0231,0.1846,0.4729,0.17299999296665192,0.1384,0.1384,0.5652,0.6575,0.5075,1.1535,2026-08-09
sm1-140,Espeon-GX,holofoil,Sun & Moon,140,Rare Ultra,5ban Graphics,Stage 1|GX,196,Pokémon,2017/02/03,"tcgplayer,cardmarket",https://prices.pokemontcg.io/tcgplayer/sm1-140,https://images.pokemontcg.io/sm1/140_hires.png,2026/08/08,2025/11/21,32.77,20.0,33.27000045776367,184.39999389648438,,,,,,19.7364,6.921,10.3008,0.0,9.320300102233887,19.1135,26.4382,20.4746,22.5509,16.4028,1.1535,2026-08-09
xy8-137,Float Stone,normal,BREAKthrough,137,Uncommon,Toyste Beach,Pokémon Tool,,Trainer,2015/11/04,"tcgplayer,cardmarket",https://prices.pokemontcg.io/tcgplayer/xy8-137,https://images.pokemontcg.io/xy8/137_hires.png,2026/08/08,2025/11/21,6.0,3.75,6.150000095367432,40.720001220703125,,6.91,,,,1.4995,2.8838,1.5572,0.0,1.4419000148773193,1.0958,1.0958,0.0,0.0,0.0,1.1535,2026-08-09
sm12-142,Solgaleo,holofoil,Cosmic Eclipse,142,Rare Holo,Misa Tsutsui,Stage 2,791,Pokémon,2019/11/01,"tcgplayer,cardmarket",https://prices.pokemontcg.io/tcgplayer/sm12-142,https://images.pokemontcg.io/sm12/142_hires.png,2026/08/08,2025/11/21,1.38,0.5,1.440000057220459,18.139999389648438,,1.57,,,,6.4019,1.142,5.1331,0.0,8.062999725341797,4.937,5.3638,0.0,0.0,0.0,1.1535,2026-08-09
swsh2-141,Snorlax,normal,Rebel Clash,141,Rare,Eri Yamaki,Basic,143,Pokémon,2020/05/01,"tcgplayer,cardmarket",https://prices.pokemontcg.io/tcgplayer/swsh2-141,https://images.pokemontcg.io/swsh2/141_hires.png,2026/08/08,2025/11/21,1.42,0.25,1.409999966621399,19.979999542236328,,4.18,,,,0.9228,0.0461,0.7844,2.6069,1.1649999618530273,0.6114,0.8651,6.921,3.0337,2.4916,1.1535,2026-08-09
ecard2-114,Togepi,normal,Aquapolis,114,Common,Miki Tanaka,Basic,175,Pokémon,2003/01/15,"tcgplayer,cardmarket",https://prices.pokemontcg.io/tcgplayer/ecard2-114,https://images.pokemontcg.io/ecard2/114_hires.png,2026/08/08,2025/11/21,17.13,14.989999771118164,30.520000457763672,159.89999389648438,,34.99,,,,2.8838,0.0923,2.5608,4.291,0.5651999711990356,2.8838,2.7223,3.4605,6.9325,6.6442,1.1535,2026-08-09
sm7-137,Lisia,normal,Celestial Storm,137,Uncommon,Megumi Mizutani,Supporter,,Trainer,2018/08/03,"tcgplayer,cardmarket",https://prices.pokemontcg.io/tcgplayer/sm7-137,https://images.pokemontcg.io/sm7/137_hires.png,2026/08/08,2025/11/21,0.3,0.10000000149011612,0.30000001192092896,15.920000076293945,,0.87,,,,0.2076,0.0231,0.2076,0.346,0.11540000140666962,0.2076,0.1961,0.4614,0.4153,0.4845,1.1535,2026-08-09
ex10-W,Unown,holofoil,Unseen Forces,W,Rare,Kyoko Koizumi,Basic,201,Pokémon,2005/08/01,"tcgplayer,cardmarket",https://prices.pokemontcg.io/tcgplayer/ex10-W,https://images.pokemontcg.io/ex10/W_hires.png,2026/08/08,2025/12/07,38.99,249.99000549316406,274.989990234375,299.989990234375,,,,,,13.7843,3.1721,12.527,0.0,16.091299057006836,12.6424,12.1117,57.675,18.8021,7.5439,1.1535,2026-08-09
ecard1-133,Tauros,normal,Expedition Base Set,133,Common,Yuichi Sawayama,Basic,128,Pokémon,2002/09/15,"tcgplayer,cardmarket",https://prices.pokemontcg.io/tcgplayer/ecard1-133,https://images.pokemontcg.io/ecard1/133_hires.png,2026/08/08,2025/12/07,9.51,5.0,8.0,96.37999725341797,,37.43,,,,3.1721,0.2192,3.8065,8.0053,2.306999921798706,3.8065,2.4685,8.0053,6.8749,7.6592,1.1535,2026-08-09
sm10-131,Cleffa,normal,Unbroken Bonds,131,Uncommon,Shibuzoh.,Basic,173,Pokémon,2019/05/03,"tcgplayer,cardmarket",https://prices.pokemontcg.io/tcgplayer/sm10-131,https://images.pokemontcg.io/sm10/131_hires.png,2026/08/08,2025/11/21,7.13,4.510000228881836,7.420000076293945,100.0,,30.78,,,,0.7498,0.0231,0.5191,2.9991,0.7267000079154968,0.4268,0.5998,1.4419,5.4676,3.2413,1.1535,2026-08-09
ecard3-102,Stantler,normal,Skyridge,102,Common,Aya Kusube,Basic,234,Pokémon,2003/05/12,"tcgplayer,cardmarket",https://prices.pokemontcg.io/tcgplayer/ecard3-102,https://images.pokemontcg.io/ecard3/102_hires.png,2026/08/08,2025/11/21,7.91,9.329999923706055,11.989999771118164,73.80000305175781,,49.99,,,,2.976,0.5652,2.6415,8.0168,3.4489998817443848,2.2609,2.2493,8.0168,8.3398,8.2706,1.1535,2026-08-09
bw7-145,Black Kyurem-EX,holofoil,Boundaries Crossed,145,Rare Ultra,5ban Graphics,Basic|EX,646,Pokémon,2012/11/07,"tcgplayer,cardmarket",https://prices.pokemontcg.io/tcgplayer/bw7-145,https://images.pokemontcg.io/bw7/145_hires.png,2026/08/08,2025/11/21,699.64,380.0,739.1900024414062,1999.989990234375,,,,,,46.14,16.7257,60.4088,0.0,7.959199905395508,110.4822,79.3954,18.456,26.8535,21.7319,1.1535,2026-08-09
smp-SM141,White Kyurem-GX,holofoil,SM Black Star Promos,SM141,Promo,5ban Graphics,Basic|GX,646,Pokémon,2017/02/03,"tcgplayer,cardmarket",https://prices.pokemontcg.io/tcgplayer/smp-SM141,https://images.pokemontcg.io/smp/SM141_hires.png,2026/08/08,2025/11/21,14.43,12.84000015258789,16.610000610351562,330.0,,,,,,10.1969,4.0373,23.1392,0.0,103.81500244140625,18.4214,13.9804,11.5235,8.5705,7.1056,1.1535,2026-08-09
sm6-127,Ultra Necrozma-GX,holofoil,Forbidden Light,127,Rare Ultra,PLANETA Igarashi,Basic|GX|Ultra Beast,800,Pokémon,2018/05/04,"tcgplayer,cardmarket",https://prices.pokemontcg.io/tcgplayer/sm6-127,https://images.pokemontcg.io/sm6/127_hires.png,2026/08/08,2025/11/21,26.77,18.950000762939453,29.989999771118164,349.0,,,,,,16.5181,5.7675,19.1366,0.0,4.602499961853027,18.2599,19.2865,14.984,15.6184,11.0967,1.1535,2026-08-09
sm7-138,Lure Ball,normal,Celestial Storm,138,Uncommon,Katsura Tabata,Item,,Trainer,2018/08/03,"tcgplayer,cardmarket",https://prices.pokemontcg.io/tcgplayer/sm7-138,https://images.pokemontcg.io/sm7/138_hires.png,2026/08/08,2025/11/21,0.23,0.10000000149011612,0.25999999046325684,19.979999542236328,,0.59,,,,0.3114,0.0231,0.2999,0.0,0.11540000140666962,0.2422,0.2884,0.8651,0.496,0.6229,1.1535,2026-08-09
xy1-142,Blastoise-EX,holofoil,XY,142,Rare Ultra,Ryo Ueda,Basic|EX,9,Pokémon,2014/02/05,"tcgplayer,cardmarket",https://prices.pokemontcg.io/tcgplayer/xy1-142,https://images.pokemontcg.io/xy1/142_hires.png,2026/08/08,2025/11/21,156.88,149.99000549316406,212.0,1519.4000244140625,,,,,,86.1203,19.0328,87.1354,0.0,92.27999877929688,103.6535,88.3004,64.5845,40.6955,36.566,1.1535,2026-08-09
swsh3-131,Cufant,normal,Darkness Ablaze,131,Common,Akira Komayama,Basic,878,Pokémon,2020/08/14,"tcgplayer,cardmarket",https://prices.pokemontcg.io/tcgplayer/swsh3-131,https://images.pokemontcg.io/swsh3/131_hires.png,2026/08/08,2025/11/21,0.05,0.009999999776482582,0.15000000596046448,25.049999237060547,,0.24,,,,0.0461,0.0231,0.0692,0.3345,0.023099999874830246,0.0577,0.0461,0.0692,0.3114,0.2768,1.1535,2026-08-09
sm10-132,Clefairy,normal,Unbroken Bonds,132,Common,0313,Basic,35,Pokémon,2019/05/03,"tcgplayer,cardmarket",https://prices.pokemontcg.io/tcgplayer/sm10-132,https://images.pokemontcg.io/sm10/132_hires.png,2026/08/08,2025/11/21,0.43,0.1599999964237213,0.47999998927116394,10.0,,2.97,,,,0.1384,0.0231,0.2653,0.5306,0.5074999928474426,0.2076,0.173,0.5191,0.5306,0.5883,1.1535,2026-08-09
ecard3-103,Staryu,normal,Skyridge,103,Common,Kyoko Umemoto,Basic,120,Pokémon,2003/05/12,"tcgplayer,cardmarket",https://prices.pokemontcg.io/tcgplayer/ecard3-103,https://images.pokemontcg.io/ecard3/103_hires.png,2026/08/08,2025/11/21,22.47,23.770000457763672,26.690000534057617,321.8999938964844,,39.95,,,,4.3487,1.4419,5.0293,0.0,11.419699668884277,4.4064,3.795,5.7675,9.7471,10.1739,1.1535,2026-08-09
ecard2-115,Voltorb,normal,Aquapolis,115,Common,Keiji Kinebuchi,Basic,100,Pokémon,2003/01/15,"tcgplayer,cardmarket",https://prices.pokemontcg.io/tcgplayer/ecard2-115,https://images.pokemontcg.io/ecard2/115_hires.png,2026/08/08,2025/11/21,4.39,2.5199999809265137,4.889999866485596,36.599998474121094,,44.45,,,,2.0417,0.173,1.5803,2.803,0.8073999881744385,1.0958,1.488,2.6415,4.3718,4.0026,1.1535,2026-08-09
sm2-138,Lycanroc-GX,holofoil,Guardians Rising,138,Rare Ultra,5ban Graphics,Stage 1|GX,745,Pokémon,2017/05/05,"tcgplayer,cardmarket",https://prices.pokemontcg.io/tcgplayer/sm2-138,https://images.pokemontcg.io/sm2/138_hires.png,2026/08/08,2025/11/21,5.7,3.180000066757202,5.909999847412109,24.989999771118164,,,,,,5.8136,1.1535,5.4561,0.0,8.062999725341797,6.1366,5.0293,5.756,6.1828,6.3442,1.1535,2026-08-09
swsh4-135,Whismur,normal,Vivid Voltage,135,Common,Tika Matsuno,Basic,293,Pokémon,2020/11/13,"tcgplayer,cardmarket",https://prices.pokemontcg.io/tcgplayer/swsh4-135,https://images.pokemontcg.io/swsh4/135_hires.png,2026/08/08,2025/11/21,0.03,0.009999999776482582,0.1599999964237213,25.030000686645508,,0.25,,,,0.0461,0.0231,0.0461,0.173,0.11540000140666962,0.0461,0.0461,0.2884,0.1615,0.173,1.1535,2026-08-09
xy8-138,Giovanni's Scheme,normal,BREAKthrough,138,Uncommon,Ken Sugimori,Supporter,,Trainer,2015/11/04,"tcgplayer,cardmarket",https://prices.pokemontcg.io/tcgplayer/xy8-138,https://images.pokemontcg.io/xy8/138_hires.png,2026/08/08,2025/11/21,0.21,0.009999999776482582,0.2800000011920929,19.979999542236328,,0.58,,,,0.2307,0.0231,0.2538,0.9574,0.57669997215271,0.2653,0.3114,1.3842,0.9113,0.9113,1.1535,2026-08-09
pl3-138,Night Teleporter,normal,Supreme Victors,138,Uncommon,Ryota Saito,Item,,Trainer,2009/08/19,"tcgplayer,cardmarket",https://prices.pokemontcg.io/tcgplayer/pl3-138,https://images.pokemontcg.io/pl3/138_hires.png,2026/08/08,2025/11/21,0.22,0.10000000149011612,0.25,19.979999542236328,,0.67,,,,0.1038,0.0231,0.15,0.5191,0.10379999876022339,0.1384,0.1384,0.346,0.4268,0.6344,1.1535,2026-08-09
sm3-133,Tapu Fini-GX,holofoil,Burning Shadows,133,Rare Ultra,5ban Graphics,Basic|GX,788,Pokémon,2017/08/05,"tcgplayer,cardmarket",https://prices.pokemontcg.io/tcgplayer/sm3-133,https://images.pokemontcg.io/sm3/133_hires.png,2026/08/08,2025/11/21,5.97,3.990000009536743,5.78000020980835,20.0,,,,,,5.5945,1.1535,6.1136,0.0,9.804800033569336,5.756,6.0213,5.7675,6.9671,6.1251,1.1535,2026-08-09
ex10-X,Unown,holofoil,Unseen Forces,X,Rare,Kyoko Koizumi,Basic,201,Pokémon,2005/08/01,"tcgplayer,cardmarket",https://prices.pokemontcg.io/tcgplayer/ex10-X,https://images.pokemontcg.io/ex10/X_hires.png,2026/08/08,2025/12/07,44.13,49.939998626708984,49.9900016784668,599.9000244140625,,,,,,11.9964,2.8838,15.7453,0.0,9.227999687194824,14.488,13.8651,29.991,9.874,5.4676,1.1535,2026-08-09
ecard1-134,Totodile,normal,Expedition Base Set,134,Common,Mitsuhiro Arita,Basic,158,Pokémon,2002/09/15,"tcgplayer,cardmarket",https://prices.pokemontcg.io/tcgplayer/ecard1-134,https://images.pokemontcg.io/ecard1/134_hires.png,2026/08/08,2025/12/07,29.6,15.0,31.0,187.74000549316406,,89.0,,,,4.5102,0.1154,3.5758,7.4977,2.8606998920440674,2.7338,3.9911,229.5465,24.5811,19.3557,1.1535,2026-08-09
sm12-143,Togepi & Cleffa & Igglybuff-GX,holofoil,Cosmic Eclipse,143,Rare Holo GX,Mitsuhiro Arita,Basic|TAG TEAM|GX,173|174|175,Pokémon,2019/11/01,"tcgplayer,cardmarket",https://prices.pokemontcg.io/tcgplayer/sm12-143,https://images.pokemontcg.io/sm12/143_hires.png,2026/08/08,2025/11/21,68.25,44.9900016784668,70.05999755859375,898.9600219726562,,,,,,28.8606,8.0745,28.7568,0.0,24.223499298095703,30.4639,27.038,4.5563,4.8562,4.6947,1.1535,2026-08-09
dp6-143,Mesprit LV.X,holofoil,Legends Awakened,143,Rare Holo LV.X,Shizurow,Level-Up,481,Pokémon,2008/08/01,"tcgplayer,cardmarket",https://prices.pokemontcg.io/tcgplayer/dp6-143,https://images.pokemontcg.io/dp6/143_hires.png,2026/08/08,2025/11/21,76.91,75.0,99.97000122070312,617.7999877929688,,,,,,35.5047,11.5235,74.5853,0.0,28.826000213623047,54.2376,54.699,25.377,20.9591,19.8979,1.1535,2026-08-09
bw8-135,Colress,holofoil,Plasma Storm,135,Rare Ultra,Kanako Eo,Supporter|Team Plasma,,Trainer,2013/02/06,"tcgplayer,cardmarket",https://prices.pokemontcg.io/tcgplayer/bw8-135,https://images.pokemontcg.io/bw8/135_hires.png,2026/08/08,2025/12/07,90.0,54.119998931884766,93.94999694824219,591.2000122070312,,,,,,98.0475,10.3584,79.1416,13.8305,98.04750061035156,60.8241,45.8516,13.8305,22.9085,19.3557,1.1535,2026-08-09
sm8-137,Snubbull,normal,Lost Thunder,137,Common,Akira Komayama,Basic,209,Pokémon,2018/11/02,"tcgplayer,cardmarket",https://prices.pokemontcg.io/tcgplayer/sm8-137,https://images.pokemontcg.io/sm8/137_hires.png,2026/08/08,2025/11/21,0.29,0.09000000357627869,0.30000001192092896,19.979999542236328,,0.61,,,,0.1038,0.0231,0.1038,0.4153,0.11540000140666962,0.1038,0.1154,1.0381,0.5191,0.4383,1.1535,2026-08-09
sm9-148,Metal Goggles,normal,Team Up,148,Uncommon,Yoshinobu Saito,Pokémon Tool,,Trainer,2019/02/01,"tcgplayer,cardmarket",https://prices.pokemontcg.io/tcgplayer/sm9-148,https://images.pokemontcg.io/sm9/148_hires.png,2026/08/08,2025/11/21,0.41,0.20000000298023224,0.4099999964237213,18.579999923706055,,0.91,,,,0.2653,0.0231,0.1961,0.8767,0.06920000165700912,0.2653,0.2999,0.8074,0.8421,0.7382,1.1535,2026-08-09
swsh1-140,Snorlax,normal,Sword & Shield,140,Rare,chibi,Basic,143,Pokémon,2020/02/07,"tcgplayer,cardmarket",https://prices.pokemontcg.io/tcgplayer/swsh1-140,https://images.pokemontcg.io/swsh1/140_hires.png,2026/08/08,2025/11/21,0.98,0.3400000035762787,0.9599999785423279,19.979999542236328,,4.76,,,,0.819,0.0346,1.0612,3.3567,0.6460000276565552,1.0035,0.8767,9.228,4.3026,3.126,1.1535,2026-08-09
xy5-152,Sharpedo-EX,holofoil,Primal Clash,152,Rare Ultra,Ryo Ueda,Basic|EX,319,Pokémon,2015/02/04,"tcgplayer,cardmarket",https://prices.pokemontcg.io/tcgplayer/xy5-152,https://images.pokemontcg.io/xy5/152_hires.png,2026/08/08,2025/11/21,38.67,27.510000228881836,38.66999816894531,297.44000244140625,,,,,,8.6282,8.0745,17.314,0.0,15.57229995727539,15.2954,20.2439,11.5235,11.9503,9.3203,1.1535,2026-08-09
sm5-136,Super Boost Energy ◇,holofoil,Ultra Prism,136,Rare Prism Star,,Special|Prism Star,,Energy,2018/02/02,"tcgplayer,cardmarket",https://prices.pokemontcg.io/tcgplayer/sm5-136,https://images.pokemontcg.io/sm5/136_hires.png,2026/08/08,2025/11/21,2.71,1.1200000047683716,2.2899999618530273,96.94999694824219,,,,,,1.8571,0.2884,1.9033,3.1145,2.2146999835968018,1.6034,1.7995,3.1145,3.0106,2.2955,1.1535,2026-08-09
sm1-141,Lunala-GX,holofoil,Sun & Moon,141,Rare Ultra,5ban Graphics,Stage 2|GX,792,Pokémon,2017/02/03,"tcgplayer,cardmarket",https://prices.pokemontcg.io/tcgplayer/sm1-141,https://images.pokemontcg.io/sm1/141_hires.png,2026/08/08,2025/11/21,7.06,4.349999904632568,7.429999828338623,129.4600067138672,,,,,,8.0514,1.7187,7.7631,0.0,7.497700214385986,7.4055,7.0479,2.307,6.6672,7.2324,1.1535,2026-08-09
xyp-XY134,Empoleon BREAK,holofoil,XY Black Star Promos,XY134,Promo,5ban Graphics,BREAK,395,Pokémon,2013/10/12,"tcgplayer,cardmarket",https://prices.pokemontcg.io/tcgplayer/xyp-XY134,https://images.pokemontcg.io/xyp/XY134_hires.png,2026/08/08,2025/11/21,19.2,14.0,21.0,179.3800048828125,,,,,,25.9537,17.3025,23.8774,0.0,28.826000213623047,24.6964,16.968,11.5235,9.9432,5.9521,1.1535,2026-08-09
swsh2-142,Chatot,normal,Rebel Clash,142,Uncommon,ryoma uratsuka,Basic,441,Pokémon,2020/05/01,"tcgplayer,cardmarket",https://prices.pokemontcg.io/tcgplayer/swsh2-142,https://images.pokemontcg.io/swsh2/142_hires.png,2026/08/08,2025/11/21,0.05,0.009999999776482582,0.20000000298023224,19.979999542236328,,0.27,,,,0.0807,0.0231,0.0461,0.2422,0.023099999874830246,0.0923,0.1038,0.1384,0.2422,0.2653,1.1535,2026-08-09
sm11-134,Drapion,normal,Unified Minds,134,Rare,SATOSHI NAKAI,Stage 1,452,Pokémon,2019/08/02,"tcgplayer,cardmarket",https://prices.pokemontcg.io/tcgplayer/sm11-134,https://images.pokemontcg.io/sm11/134_hires.png,2026/08/08,2025/11/21,0.33,0.15000000596046448,0.3400000035762787,24.0,,0.49,,,,0.4383,0.0231,0.5652,0.0,0.57669997215271,0.3691,0.4153,0.4153,0.3691,0.6806,1.1535,2026-08-09
sm9-149,Morgan,normal,Team Up,149,Uncommon,Megumi Mizutani,Supporter,,Trainer,2019/02/01,"tcgplayer,cardmarket",https://prices.pokemontcg.io/tcgplayer/sm9-149,https://images.pokemontcg.io/sm9/149_hires.png,2026/08/08,2025/11/21,0.24,0.07000000029802322,0.25,19.979999542236328,,0.47,,,,0.2422,0.0231,0.173,0.8536,0.023099999874830246,0.1384,0.1846,0.4614,0.669,0.4845,1.1535,2026-08-09
xy8-139,Glalie Spirit Link,normal,BREAKthrough,139,Uncommon,5ban Graphics,Pokémon Tool,,Trainer,2015/11/04,"tcgplayer,cardmarket",https://prices.pokemontcg.io/tcgplayer/xy8-139,https://images.pokemontcg.io/xy8/139_hires.png,2026/08/08,2025/11/21,0.31,0.019999999552965164,0.25,14.989999771118164,,0.55,,,,0.2076,0.0231,0.2076,0.5998,0.23070000112056732,0.173,0.2192,0.5767,0.5421,0.7382,1.1535,2026-08-09
ecard1-135,Totodile,normal,Expedition Base Set,135,Common,Aimi Tomita,Basic,158,Pokémon,2002/09/15,"tcgplayer,cardmarket",https://prices.pokemontcg.io/tcgplayer/ecard1-135,https://images.pokemontcg.io/ecard1/135_hires.png,2026/08/08,2025/12/07,21.54,17.25,24.520000457763672,130.42999267578125,,147.5,,,,3.126,0.0231,2.7799,7.244,2.8838000297546387,2.3647,3.4836,9.3318,9.7471,15.9068,1.1535,2026-08-09
ex10-Y,Unown,holofoil,Unseen Forces,Y,Rare,Kyoko Koizumi,Basic,201,Pokémon,2005/08/01,"tcgplayer,cardmarket",https://prices.pokemontcg.io/tcgplayer/ex10-Y,https://images.pokemontcg.io/ex10/Y_hires.png,2026/08/08,2025/12/07,43.3,43.70000076293945,68.22000122070312,997.02001953125,,,,,,14.6148,4.6025,14.0266,0.0,14.995499610900879,14.4072,12.0887,19.6095,8.8819,5.8828,1.1535,2026-08-09
sm10-133,Clefable,normal,Unbroken Bonds,133,Rare,Suwama Chiaki,Stage 1,36,Pokémon,2019/05/03,"tcgplayer,cardmarket",https://prices.pokemontcg.io/tcgplayer/sm10-133,https://images.pokemontcg.io/sm10/133_hires.png,2026/08/08,2025/11/21,1.38,0.6700000166893005,1.4900000095367432,18.15999984741211,,1.51,,,,0.4614,0.1154,0.4499,0.6806,0.11540000140666962,0.4614,0.3922,0.5767,0.819,1.1189,1.1535,2026-08-09
sm2-139,Metagross-GX,holofoil,Guardians Rising,139,Rare Ultra,5ban Graphics,Stage 2|GX,376,Pokémon,2017/05/05,"tcgplayer,cardmarket",https://prices.pokemontcg.io/tcgplayer/sm2-139,https://images.pokemontcg.io/sm2/139_hires.png,2026/08/08,2025/11/21,13.43,6.960000038146973,13.430000305175781,67.4000015258789,,,,,,5.7444,1.1535,6.6557,0.0,4.037300109863281,5.11,7.417,5.756,5.5829,6.0097,1.1535,2026-08-09
sm6-128,Bonnie,holofoil,Forbidden Light,128,Rare Ultra,Hideki Ishikawa,Supporter,,Trainer,2018/05/04,"tcgplayer,cardmarket",https://prices.pokemontcg.io/tcgplayer/sm6-128,https://images.pokemontcg.io/sm6/128_hires.png,2026/08/08,2025/11/21,32.92,64.95999908447266,79.98999786376953,185.42999267578125,,,,,,17.2564,5.6522,18.9635,0.0,34.547298431396484,19.7248,16.9911,10.2661,10.9352,8.3744,1.1535,2026-08-09
xyp-XY135,Beheeyem BREAK,holofoil,XY Black Star Promos,XY135,Promo,5ban Graphics,BREAK,606,Pokémon,2013/10/12,"tcgplayer,cardmarket",https://prices.pokemontcg.io/tcgplayer/xyp-XY135,https://images.pokemontcg.io/xyp/XY135_hires.png,2026/08/08,2025/11/21,11.43,5.650000095367432,11.0,119.98999786376953,,,,,,14.5687,6.2866,9.8855,0.0,7.7631001472473145,9.7355,9.7586,5.1331,4.3141,3.968,1.1535,2026-08-09
ecard3-104,Staryu,normal,Skyridge,104,Common,Keiko Fukuyama,Basic,120,Pokémon,2003/05/12,"tcgplayer,cardmarket",https://prices.pokemontcg.io/tcgplayer/ecard3-104,https://images.pokemontcg.io/ecard3/104_hires.png,2026/08/08,2025/11/21,34.06,25.639999389648438,99.0,410.8800048828125,,41.49,,,,17.291,1.4419,14.488,12.6885,4.613999843597412,17.1179,8.1552,10.3238,12.9884,12.677,1.1535,2026-08-09
sm12-143a,Togepi & Cleffa & Igglybuff-GX,,Cosmic Eclipse,143a,Rare Ultra,0313,Basic|TAG TEAM|GX,173|174|175,Pokémon,2019/11/01,cardmarket,https://prices.pokemontcg.io/cardmarket/sm12-143a,https://images.pokemontcg.io/sm12/143a_hires.png,,2025/11/21,,,,,,,,,,439.8526,346.0269,468.5517,0.0,403.7250061035156,461.8268,328.586,0.0,0.0,0.0,1.1535,2026-08-09
pl3-139,Palmer's Contribution,normal,Supreme Victors,139,Uncommon,Ken Sugimori,Supporter,,Trainer,2009/08/19,"tcgplayer,cardmarket",https://prices.pokemontcg.io/tcgplayer/pl3-139,https://images.pokemontcg.io/pl3/139_hires.png,2026/08/08,2025/11/21,0.59,0.2800000011920929,0.5099999904632568,19.979999542236328,,3.6,,,,0.3345,0.0231,0.346,1.0958,0.40369999408721924,0.3922,0.346,1.0958,0.992,0.9574,1.1535,2026-08-09
xy5-153,Aggron-EX,holofoil,Primal Clash,153,Rare Ultra,Ryo Ueda,Basic|EX,306,Pokémon,2015/02/04,"tcgplayer,cardmarket",https://prices.pokemontcg.io/tcgplayer/xy5-153,https://images.pokemontcg.io/xy5/153_hires.png,2026/08/08,2025/11/21,42.04,24.5,43.93000030517578,499.8299865722656,,,,,,10.6007,11.535,28.3415,0.0,28.837499618530273,28.4222,25.0771,16.1375,11.6503,10.7852,1.1535,2026-08-09
smp-SM142,Kyurem,holofoil,SM Black Star Promos,SM142,Promo,Masakazu Fukuda,Basic,646,Pokémon,2017/02/03,"tcgplayer,cardmarket",https://prices.pokemontcg.io/tcgplayer/smp-SM142,https://images.pokemontcg.io/smp/SM142_hires.png,2026/08/08,2025/11/21,3.17,1.9900000095367432,4.170000076293945,34.4900016784668,,,,,,6.0443,1.7187,3.7835,0.0,13.842000007629395,4.5448,3.8065,0.4614,2.0994,2.5377,1.1535,2026-08-09
bw7-146,White Kyurem-EX,holofoil,Boundaries Crossed,146,Rare Ultra,5ban Graphics,Basic|EX,646,Pokémon,2012/11/07,"tcgplayer,cardmarket",https://prices.pokemontcg.io/tcgplayer/bw7-146,https://images.pokemontcg.io/bw7/146_hires.png,2026/08/08,2025/11/21,509.97,334.989990234375,389.989990234375,555.75,,,,,,160.8786,10.3815,124.2781,0.0,112.46630096435547,132.0527,90.3075,34.605,46.9244,28.33,1.1535,2026-08-09
swsh4-136,Loudred,normal,Vivid Voltage,136,Uncommon,miki kudo,Stage 1,294,Pokémon,2020/11/13,"tcgplayer,cardmarket",https://prices.pokemontcg.io/tcgplayer/swsh4-136,https://images.pokemontcg.io/swsh4/136_hires.png,2026/08/08,2025/11/21,0.05,0.019999999552965164,0.1599999964237213,25.040000915527344,,0.25,,,,0.0577,0.0231,0.0577,0.1615,0.08070000261068344,0.0577,0.0577,0.1846,0.2192,0.1961,1.1535,2026-08-09
sm8-138,Granbull,normal,Lost Thunder,138,Rare,Shin Nagasawa,Stage 1,210,Pokémon,2018/11/02,"tcgplayer,cardmarket",https://prices.pokemontcg.io/tcgplayer/sm8-138,https://images.pokemontcg.io/sm8/138_hires.png,2026/08/08,2025/11/21,0.51,0.30000001192092896,0.5299999713897705,3.990000009536743,,1.11,,,,0.5537,0.0577,0.646,1.6495,0.5536999702453613,0.6575,0.6229,1.7302,1.6495,1.3496,1.1535,2026-08-09
xy1-143,Emolga-EX,holofoil,XY,143,Rare Ultra,Ryo Ueda,Basic|EX,587,Pokémon,2014/02/05,"tcgplayer,cardmarket",https://prices.pokemontcg.io/tcgplayer/xy1-143,https://images.pokemontcg.io/xy1/143_hires.png,2026/08/08,2025/11/21,56.65,34.9900016784668,52.68000030517578,768.8200073242188,,,,,,21.8819,3.4605,19.621,0.0,20.739900588989258,18.2945,17.2333,21.905,19.7479,11.4889,1.1535,2026-08-09
swsh3-132,Copperajah,holofoil,Darkness Ablaze,132,Rare Holo,Kouki Saitou,Stage 1,879,Pokémon,2020/08/14,"tcgplayer,cardmarket",https://prices.pokemontcg.io/tcgplayer/swsh3-132,https://images.pokemontcg.io/swsh3/132_hires.png,2026/08/08,2025/11/21,0.31,0.07999999821186066,0.30000001192092896,2.369999885559082,,0.42,,,,0.3922,0.0231,0.4268,0.669,0.34599998593330383,0.1961,0.4268,0.4614,0.5883,0.5767,1.1535,2026-08-09
sm5-137,Unit Energy GrassFireWater,normal,Ultra Prism,137,Uncommon,,Special,,Energy,2018/02/02,"tcgplayer,cardmarket",https://prices.pokemontcg.io/tcgplayer/sm5-137,https://images.pokemontcg.io/sm5/137_hires.png,2026/08/08,2025/11/21,0.49,0.07000000029802322,0.49000000953674316,19.1200008392334,,1.05,,,,0.5306,0.0231,0.3807,0.6114,0.36910000443458557,0.3807,0.4153,0.4614,0.4383,0.5652,1.1535,2026-08-09
swsh2-143,Pidove,normal,Rebel Clash,143,Common,Ryota Murayama,Basic,519,Pokémon,2020/05/01,"tcgplayer,cardmarket",https://prices.pokemontcg.io/tcgplayer/swsh2-143,https://images.pokemontcg.io/swsh2/143_hires.png,2026/08/08,2025/11/21,0.2,0.009999999776482582,0.20000000298023224,19.979999542236328,,0.33,,,,0.0692,0.0231,0.0577,0.2768,0.03460000082850456,0.0692,0.0692,0.1154,0.2884,0.2999,1.1535,2026-08-09
sm7-139,The Masked Royal,normal,Celestial Storm,139,Uncommon,Ken Sugimori,Supporter,,Trainer,2018/08/03,"tcgplayer,cardmarket",https://prices.pokemontcg.io/tcgplayer/sm7-139,https://images.pokemontcg.io/sm7/139_hires.png,2026/08/08,2025/11/21,0.24,0.05999999865889549,0.25,19.979999542236328,,0.39,,,,0.2076,0.0231,0.1615,0.4037,0.10379999876022339,0.1846,0.173,0.173,0.3922,0.3807,1.1535,2026-08-09
ecard2-116,Vulpix,normal,Aquapolis,116,Common,Keiko Fukuyama,Basic,37,Pokémon,2003/01/15,"tcgplayer,cardmarket",https://prices.pokemontcg.io/tcgplayer/ecard2-116,https://images.pokemontcg.io/ecard2/116_hires.png,2026/08/08,2025/11/21,12.05,6.480000019073486,11.979999542236328,102.66999816894531,,100.58,,,,1.8456,0.1154,1.4188,8.6512,1.153499960899353,1.7533,1.7302,11.5235,10.3238,8.4436,1.1535,2026-08-09
sm1-142,Umbreon-GX,holofoil,Sun & Moon,142,Rare Ultra,5ban Graphics,Stage 1|GX,197,Pokémon,2017/02/03,"tcgplayer,cardmarket",https://prices.pokemontcg.io/tcgplayer/sm1-142,https://images.pokemontcg.io/sm1/142_hires.png,2026/08/08,2025/11/21,54.74,34.5,54.779998779296875,282.7200012207031,,,,,,38.2962,6.8864,35.7008,0.0,13.842000007629395,34.605,34.8357,12.4001,13.669,17.0257,1.1535,2026-08-09
sm3-134,Necrozma-GX,holofoil,Burning Shadows,134,Rare Ultra,5ban Graphics,Basic|GX,800,Pokémon,2017/08/05,"tcgplayer,cardmarket",https://prices.pokemontcg.io/tcgplayer/sm3-134,https://images.pokemontcg.io/sm3/134_hires.png,2026/08/08,2025/11/21,6.3,3.75,5.0,51.220001220703125,,,,,,5.7098,1.7302,5.1331,0.0,4.602499961853027,4.3833,5.0985,4.0373,5.3984,5.2715,1.1535,2026-08-09
dp6-144,Mewtwo LV.X,holofoil,Legends Awakened,144,Rare Holo LV.X,Shizurow,Level-Up,150,Pokémon,2008/08/01,"tcgplayer,cardmarket",https://prices.pokemontcg.io/tcgplayer/dp6-144,https://images.pokemontcg.io/dp6/144_hires.png,2026/08/08,2025/11/21,264.14,149.97000122070312,345.07000732421875,850.0,,,,,,60.1781,13.842,59.6013,0.0,17.302499771118164,49.6005,64.8152,40.2571,16.9449,19.0674,1.1535,2026-08-09
sm11-135,Purrloin,normal,Unified Minds,135,Common,Sumiyoshi Kizuki,Basic,509,Pokémon,2019/08/02,"tcgplayer,cardmarket",https://prices.pokemontcg.io/tcgplayer/sm11-135,https://images.pokemontcg.io/sm11/135_hires.png,2026/08/08,2025/11/21,0.28,0.09000000357627869,0.25999999046325684,19.979999542236328,,0.48,,,,0.0692,0.0231,0.1038,0.2884,0.23070000112056732,0.0923,0.0807,0.1154,0.2653,0.323,1.1535,2026-08-09
bw8-136,Charizard,holofoil,Plasma Storm,136,Rare Secret,Ayaka Yoshida,Stage 2,6,Pokémon,2013/02/06,"tcgplayer,cardmarket",https://prices.pokemontcg.io/tcgplayer/bw8-136,https://images.pokemontcg.io/bw8/136_hires.png,2026/08/08,2025/12/07,1150.0,749.989990234375,3000.0,29999.990234375,,,,,,403.725,161.4554,348.8645,0.0,513.3074951171875,433.866,369.2584,92.28,277.659,240.747,1.1535,2026-08-09
swsh1-141,Snorlax V,holofoil,Sword & Shield,141,Rare Holo V,Masakazu Fukuda,Basic|V,143,Pokémon,2020/02/07,"tcgplayer,cardmarket",https://prices.pokemontcg.io/tcgplayer/swsh1-141,https://images.pokemontcg.io/swsh1/141_hires.png,2026/08/08,2025/11/21,10.66,7.739999771118164,11.600000381469727,96.94999694824219,,,,,,5.8598,1.1535,6.2635,0.0,4.833199977874756,6.0559,6.0328,3.449,3.8296,3.8527,1.1535,2026-08-09
sm9-150,Nanu,normal,Team Up,150,Uncommon,Ken Sugimori,Supporter,,Trainer,2019/02/01,"tcgplayer,cardmarket",https://prices.pokemontcg.io/tcgplayer/sm9-150,https://images.pokemontcg.io/sm9/150_hires.png,2026/08/08,2025/11/21,0.28,0.07000000029802322,0.27000001072883606,2.990000009536743,,0.36,,,,0.1154,0.0231,0.0923,0.4037,0.04610000178217888,0.1384,0.1269,0.5767,0.346,0.3691,1.1535,2026-08-09
xy8-140,Heavy Ball,normal,BREAKthrough,140,Uncommon,Toyste Beach,Item,,Trainer,2015/11/04,"tcgplayer,cardmarket",https://prices.pokemontcg.io/tcgplayer/xy8-140,https://images.pokemontcg.io/xy8/140_hires.png,2026/08/08,2025/11/21,0.51,0.20000000298023224,0.5199999809265137,19.979999542236328,,1.0,,,,3.8527,2.8722,2.7223,0.0,4.833199977874756,2.6761,1.8341,0.0,0.0,0.0,1.1535,2026-08-09
sm2-140,Sylveon-GX,holofoil,Guardians Rising,140,Rare Ultra,5ban Graphics,Stage 1|GX,700,Pokémon,2017/05/05,"tcgplayer,cardmarket",https://prices.pokemontcg.io/tcgplayer/sm2-140,https://images.pokemontcg.io/sm2/140_hires.png,2026/08/08,2025/11/21,71.98,40.650001525878906,72.25,495.8900146484375,,,,,,18.8136,7.4285,12.8961,0.0,11.53499984741211,16.8988,22.7355,10.5776,13.0461,12.9999,1.1535,2026-08-09
ex10-Z,Unown,holofoil,Unseen Forces,Z,Rare,Kyoko Koizumi,Basic,201,Pokémon,2005/08/01,"tcgplayer,cardmarket",https://prices.pokemontcg.io/tcgplayer/ex10-Z,https://images.pokemontcg.io/ex10/Z_hires.png,2026/08/08,2025/12/07,23.8,23.600000381469727,44.95000076293945,699.9000244140625,,,,,,14.6379,4.6025,12.8731,0.0,17.302499771118164,13.8189,15.4223,3.4605,4.8101,4.2333,1.1535,2026-08-09
xy5-154,M Aggron-EX,holofoil,Primal Clash,154,Rare Ultra,5ban Graphics,MEGA|EX,306,Pokémon,2015/02/04,"tcgplayer,cardmarket",https://prices.pokemontcg.io/tcgplayer/xy5-154,https://images.pokemontcg.io/xy5/154_hires.png,2026/08/08,2025/11/21,95.78,56.0,71.41999816894531,1010.780029296875,,,,,,72.0938,17.3025,86.5356,0.0,11.53499984741211,64.7575,61.4008,23.0585,21.2244,14.2457,1.1535,2026-08-09
ecard1-136,Vulpix,normal,Expedition Base Set,136,Common,Yuka Morii,Basic,37,Pokémon,2002/09/15,"tcgplayer,cardmarket",https://prices.pokemontcg.io/tcgplayer/ecard1-136,https://images.pokemontcg.io/ecard1/136_hires.png,2026/08/08,2025/11/21,24.28,27.989999771118164,36.9900016784668,222.39999389648438,,72.99,,,,4.7524,0.2192,4.8101,9.5048,4.613999843597412,4.7409,4.4756,9.2165,13.7497,8.0168,1.1535,2026-08-09
smp-SM143,Moltres,holofoil,SM Black Star Promos,SM143,Promo,Hitoshi Ariga,Basic,146,Pokémon,2017/02/03,"tcgplayer,cardmarket",https://prices.pokemontcg.io/tcgplayer/smp-SM143,https://images.pokemontcg.io/smp/SM143_hires.png,2026/08/08,2025/11/21,9.97,9.0,14.670000076293945,96.94999694824219,,,,,,7.7515,1.7187,8.7551,0.0,10.369999885559082,7.7746,8.4782,17.3025,9.078,6.4827,1.1535,2026-08-09
sm10-134,Jigglypuff,normal,Unbroken Bonds,134,Common,Yumi,Basic,39,Pokémon,2019/05/03,"tcgplayer,cardmarket",https://prices.pokemontcg.io/tcgplayer/sm10-134,https://images.pokemontcg.io/sm10/134_hires.png,2026/08/08,2025/11/21,1.31,0.6299999952316284,1.3700000047683716,19.979999542236328,,3.67,,,,0.1615,0.0231,0.323,1.0612,0.23070000112056732,0.2538,0.173,1.142,1.0035,0.7959,1.1535,2026-08-09
sm6-129,Crasher Wake,holofoil,Forbidden Light,129,Rare Ultra,Naoki Saito,Supporter,,Trainer,2018/05/04,"tcgplayer,cardmarket",https://prices.pokemontcg.io/tcgplayer/sm6-129,https://images.pokemontcg.io/sm6/129_hires.png,2026/08/08,2025/11/21,10.51,7.590000152587891,12.039999961853027,96.5,,,,,,8.3859,2.8838,8.9858,0.0,8.639699935913086,8.7666,10.1162,9.1127,7.4401,7.0017,1.1535,2026-08-09
ecard3-105,Sunflora,normal,Skyridge,105,Common,Miki Tanaka,Stage 1,192,Pokémon,2003/05/12,"tcgplayer,cardmarket",https://prices.pokemontcg.io/tcgplayer/ecard3-105,https://images.pokemontcg.io/ecard3/105_hires.png,2026/08/08,2025/11/21,13.27,14.75,19.989999771118164,790.780029296875,,30.0,,,,2.6069,0.2307,2.0532,0.0,1.153499960899353,1.3496,1.9148,1.1535,7.0825,7.8092,1.1535,2026-08-09
xyp-XY136,Noctowl BREAK,holofoil,XY Black Star Promos,XY136,Promo,5ban Graphics,BREAK,164,Pokémon,2013/10/12,"tcgplayer,cardmarket",https://prices.pokemontcg.io/tcgplayer/xyp-XY136,https://images.pokemontcg.io/xyp/XY136_hires.png,2026/08/08,2025/11/21,14.65,7.190000057220459,13.0,103.51000213623047,,,,,,13.2306,12.1117,16.818,0.0,12.68850040435791,12.3424,15.3646,11.5235,6.4019,4.5563,1.1535,2026-08-09
sm12-144,Clefairy,normal,Cosmic Eclipse,144,Uncommon,Mina Nakai,Basic,35,Pokémon,2019/11/01,"tcgplayer,cardmarket",https://prices.pokemontcg.io/tcgplayer/sm12-144,https://images.pokemontcg.io/sm12/144_hires.png,2026/08/08,2025/11/21,0.41,0.10000000149011612,0.4300000071525574,19.979999542236328,,4.99,,,,0.15,0.0231,0.1615,1.0151,0.11540000140666962,0.173,0.173,0.9228,0.8305,0.7844,1.1535,2026-08-09
pl3-140,VS Seeker,normal,Supreme Victors,140,Uncommon,Wataru Kawahara,Item,,Trainer,2009/08/19,"tcgplayer,cardmarket",https://prices.pokemontcg.io/tcgplayer/pl3-140,https://images.pokemontcg.io/pl3/140_hires.png,2026/08/08,2025/11/21,5.03,3.1500000953674316,4.489999771118164,52.70000076293945,,10.97,,,,5.6522,2.8838,6.1482,0.0,6.921000003814697,6.4481,5.6868,5.6522,6.0789,6.9325,1.1535,2026-08-09
bw7-147,Bianca,holofoil,Boundaries Crossed,147,Rare Ultra,Megumi Mizutani,Supporter,,Trainer,2012/11/07,"tcgplayer,cardmarket",https://prices.pokemontcg.io/tcgplayer/bw7-147,https://images.pokemontcg.io/bw7/147_hires.png,2026/08/08,2025/11/21,191.77,162.0,197.60000610351562,2998.719970703125,,,,,,33.117,11.535,86.7547,0.0,46.13999938964844,67.3759,72.7628,28.8375,90.2152,44.9519,1.1535,2026-08-09
swsh4-137,Exploud,normal,Vivid Voltage,137,Rare,Shigenori Negishi,Stage 2,295,Pokémon,2020/11/13,"tcgplayer,cardmarket",https://prices.pokemontcg.io/tcgplayer/swsh4-137,https://images.pokemontcg.io/swsh4/137_hires.png,2026/08/08,2025/11/21,0.22,0.019999999552965164,0.2199999988079071,33.0,,0.4,,,,0.2538,0.0231,0.2307,0.5191,0.05770000070333481,0.2653,0.2076,0.5537,0.6229,0.5306,1.1535,2026-08-09
sm8-139,Ralts,normal,Lost Thunder,139,Common,Yuka Morii,Basic,280,Pokémon,2018/11/02,"tcgplayer,cardmarket",https://prices.pokemontcg.io/tcgplayer/sm8-139,https://images.pokemontcg.io/sm8/139_hires.png,2026/08/08,2025/11/21,3.16,1.9900000095367432,3.5,19.979999542236328,,12.03,,,,0.2076,0.0231,0.2307,0.5191,0.17299999296665192,0.2307,0.2076,1.1535,0.8882,1.0035,1.1535,2026-08-09
xy1-144,Yveltal-EX,holofoil,XY,144,Rare Ultra,5ban Graphics,Basic|EX,717,Pokémon,2014/02/05,"tcgplayer,cardmarket",https://prices.pokemontcg.io/tcgplayer/xy1-144,https://images.pokemontcg.io/xy1/144_hires.png,2026/08/08,2025/11/21,93.04,55.0,87.48999786376953,762.5,,,,,,32.4826,13.8305,37.7079,0.0,22.493200302124023,30.8792,33.6476,28.8375,21.4782,15.2493,1.1535,2026-08-09
sm5-138,Unit Energy LightningPsychicMetal,normal,Ultra Prism,138,Uncommon,,Special,,Energy,2018/02/02,"tcgplayer,cardmarket",https://prices.pokemontcg.io/tcgplayer/sm5-138,https://images.pokemontcg.io/sm5/138_hires.png,2026/08/08,2025/11/21,0.66,0.25,0.6899999976158142,16.020000457763672,,1.28,,,,0.3807,0.0231,0.3922,0.5191,0.8651000261306763,0.4499,0.3922,0.5191,0.6921,0.7728,1.1535,2026-08-09
swsh2-144,Tranquill,normal,Rebel Clash,144,Uncommon,Saya Tsuruta,Stage 1,520,Pokémon,2020/05/01,"tcgplayer,cardmarket",https://prices.pokemontcg.io/tcgplayer/swsh2-144,https://images.pokemontcg.io/swsh2/144_hires.png,2026/08/08,2025/11/21,0.09,0.009999999776482582,0.20000000298023224,19.979999542236328,,0.25,,,,0.0692,0.0231,0.0577,0.3345,0.03460000082850456,0.0461,0.0577,0.2884,0.3345,0.2307,1.1535,2026-08-09
swsh3-133,Kangaskhan,holofoil,Darkness Ablaze,133,Rare Holo,kawayoo,Basic,115,Pokémon,2020/08/14,"tcgplayer,cardmarket",https://prices.pokemontcg.io/tcgplayer/swsh3-133,https://images.pokemontcg.io/swsh3/133_hires.png,2026/08/08,2025/11/21,0.43,0.20000000298023224,0.44999998807907104,19.979999542236328,,0.63,,,,0.7613,0.1154,0.5537,1.0612,0.3345000147819519,0.5652,0.7382,1.4649,1.1304,0.9343,1.1535,2026-08-09
sm1-143,Solgaleo-GX,holofoil,Sun & Moon,143,Rare Ultra,5ban Graphics,Stage 2|GX,791,Pokémon,2017/02/03,"tcgplayer,cardmarket",https://prices.pokemontcg.io/tcgplayer/sm1-143,https://images.pokemontcg.io/sm1/143_hires.png,2026/08/08,2025/11/21,6.58,4.489999771118164,6.650000095367432,35.0,,,,,,5.4907,2.2839,5.7329,0.0,8.662799835205078,4.9485,6.6557,8.6512,8.2245,9.5048,1.1535,2026-08-09
swsh1-142,Snorlax VMAX,holofoil,Sword & Shield,142,Rare Holo VMAX,aky CG Works,VMAX,143,Pokémon,2020/02/07,"tcgplayer,cardmarket",https://prices.pokemontcg.io/tcgplayer/swsh1-142,https://images.pokemontcg.io/swsh1/142_hires.png,2026/08/08,2025/11/21,58.66,50.0,61.15999984741211,527.9400024414062,,,,,,50.3503,5.6522,32.0904,0.0,43.83300018310547,48.2048,59.336,20.763,18.5829,18.4329,1.1535,2026-08-09
sm11-136,Liepard,normal,Unified Minds,136,Rare,sui,Stage 1,510,Pokémon,2019/08/02,"tcgplayer,cardmarket",https://prices.pokemontcg.io/tcgplayer/sm11-136,https://images.pokemontcg.io/sm11/136_hires.png,2026/08/08,2025/11/21,0.4,0.15000000596046448,0.4000000059604645,19.979999542236328,,0.46,,,,0.3345,0.0231,0.346,2.1455,0.36910000443458557,0.2884,0.2884,0.3922,1.3496,0.6921,1.1535,2026-08-09
bw8-137,Blastoise,holofoil,Plasma Storm,137,Rare Secret,Ayaka Yoshida,Stage 2,9,Pokémon,2013/02/06,"tcgplayer,cardmarket",https://prices.pokemontcg.io/tcgplayer/bw8-137,https://images.pokemontcg.io/bw8/137_hires.png,2026/08/08,2025/12/07,464.98,499.0,589.719970703125,5050.22998046875,,,,,,121.1175,40.3725,219.0843,0.0,161.47850036621094,247.0105,197.3985,92.28,92.2685,63.9846,1.1535,2026-08-09
sm7-140,PokéNav,normal,Celestial Storm,140,Uncommon,Katsura Tabata,Item,,Trainer,2018/08/03,"tcgplayer,cardmarket",https://prices.pokemontcg.io/tcgplayer/sm7-140,https://images.pokemontcg.io/sm7/140_hires.png,2026/08/08,2025/11/21,0.22,0.10000000149011612,0.25,19.979999542236328,,0.45,,,,0.2422,0.0231,0.173,0.5652,0.05770000070333481,0.173,0.1615,0.5767,0.3576,0.4383,1.1535,2026-08-09
ecard2-117,Wooper,normal,Aquapolis,117,Common,Keiko Fukuyama,Basic,194,Pokémon,2003/01/15,"tcgplayer,cardmarket",https://prices.pokemontcg.io/tcgplayer/ecard2-117,https://images.pokemontcg.io/ecard2/117_hires.png,2026/08/08,2025/11/21,48.37,68.1500015258789,83.41000366210938,125.0,,,,,,8.0399,0.5767,8.6743,14.8225,3.4489998817443848,8.236,6.4942,15.1108,35.9546,15.9875,1.1535,2026-08-09
dp6-145,Rhyperior LV.X,holofoil,Legends Awakened,145,Rare Holo LV.X,Ryo Ueda,Level-Up,464,Pokémon,2008/08/01,"tcgplayer,cardmarket",https://prices.pokemontcg.io/tcgplayer/dp6-145,https://images.pokemontcg.io/dp6/145_hires.png,2026/08/08,2025/11/21,39.5,45.0,71.9800033569336,959.7999877929688,,,,,,30.6946,8.0745,30.0717,0.0,23.046899795532227,24.3158,22.5279,5.756,11.535,7.9361,1.1535,2026-08-09
sm3-135,Machamp-GX,holofoil,Burning Shadows,135,Rare Ultra,5ban Graphics,Stage 2|GX,68,Pokémon,2017/08/05,"tcgplayer,cardmarket",https://prices.pokemontcg.io/tcgplayer/sm3-135,https://images.pokemontcg.io/sm3/135_hires.png,2026/08/08,2025/11/21,7.55,3.940000057220459,8.0,102.94000244140625,,,,,,5.5945,0.6806,6.9787,0.0,4.613999843597412,8.5705,7.267,6.9095,5.8252,5.3176,1.1535,2026-08-09
sm10-135,Wigglytuff,normal,Unbroken Bonds,135,Rare,miki kudo,Stage 1,40,Pokémon,2019/05/03,"tcgplayer,cardmarket",https://prices.pokemontcg.io/tcgplayer/sm10-135,https://images.pokemontcg.io/sm10/135_hires.png,2026/08/08,2025/11/21,5.83,3.5,6.340000152587891,39.099998474121094,,12.47,,,,0.7036,0.1154,0.6114,5.756,1.0843000411987305,0.5652,0.646,0.2884,4.4064,3.0106,1.1535,2026-08-09
sm9-151,Nita,normal,Team Up,151,Uncommon,Megumi Mizutani,Supporter,,Trainer,2019/02/01,"tcgplayer,cardmarket",https://prices.pokemontcg.io/tcgplayer/sm9-151,https://images.pokemontcg.io/sm9/151_hires.png,2026/08/08,2025/11/21,0.27,0.03999999910593033,0.27000001072883606,19.979999542236328,,0.34,,,,0.15,0.0231,0.1154,0.496,0.11540000140666962,0.1269,0.1269,0.3345,0.3807,0.4153,1.1535,2026-08-09
xy5-155,Gardevoir-EX,holofoil,Primal Clash,155,Rare Ultra,Ryo Ueda,Basic|EX,282,Pokémon,2015/02/04,"tcgplayer,cardmarket",https://prices.pokemontcg.io/tcgplayer/xy5-155,https://images.pokemontcg.io/xy5/155_hires.png,2026/08/08,2025/11/21,67.33,39.75,76.63999938964844,677.0,,,,,,48.9545,22.9546,67.9527,0.0,40.34939956665039,69.1177,42.345,17.3025,16.6565,15.1455,1.1535,2026-08-09
ecard3-106,Sunkern,normal,Skyridge,106,Common,Toshinao Aoki,Basic,191,Pokémon,2003/05/12,"tcgplayer,cardmarket",https://prices.pokemontcg.io/tcgplayer/ecard3-106,https://images.pokemontcg.io/ecard3/106_hires.png,2026/08/08,2025/11/21,9.64,8.0,14.979999542236328,108.0199966430664,,,,,,3.7489,0.4037,3.2183,12.0541,0.5651999711990356,3.2875,1.8341,10.2085,9.1819,7.4055,1.1535,2026-08-09
sm2-141,Kommo-o-GX,holofoil,Guardians Rising,141,Rare Ultra,5ban Graphics,Stage 2|GX,784,Pokémon,2017/05/05,"tcgplayer,cardmarket",https://prices.pokemontcg.io/tcgplayer/sm2-141,https://images.pokemontcg.io/sm2/141_hires.png,2026/08/08,2025/11/21,6.47,4.690000057220459,7.010000228881836,93.69999694824219,,,,,,4.1641,2.2955,5.0062,0.0,7.486199855804443,4.8447,5.0408,5.1907,5.2369,5.756,1.1535,2026-08-09
xy8-141,Heavy Boots,normal,BREAKthrough,141,Uncommon,Toyste Beach,Pokémon Tool,,Trainer,2015/11/04,"tcgplayer,cardmarket",https://prices.pokemontcg.io/tcgplayer/xy8-141,https://images.pokemontcg.io/xy8/141_hires.png,2026/08/08,2025/11/21,0.16,0.019999999552965164,0.20000000298023224,1000.0,,0.3,,,,0.1038,0.0231,0.1038,0.2653,0.5074999928474426,0.1615,0.15,0.5767,0.5075,0.5306,1.1535,2026-08-09
smp-SM144,Articuno,holofoil,SM Black Star Promos,SM144,Promo,Hitoshi Ariga,Basic,144,Pokémon,2017/02/03,"tcgplayer,cardmarket",https://prices.pokemontcg.io/tcgplayer/smp-SM144,https://images.pokemontcg.io/smp/SM144_hires.png,2026/08/08,2025/11/21,13.59,12.199999809265137,16.0,179.89999389648438,,,,,,9.7471,2.307,10.2431,0.0,9.216500282287598,9.7125,10.4853,19.6095,8.3167,6.3212,1.1535,2026-08-09
ex10-!,Unown,holofoil,Unseen Forces,!,Rare,Kyoko Koizumi,Basic,201,Pokémon,2005/08/01,"tcgplayer,cardmarket",https://prices.pokemontcg.io/tcgplayer/ex10-!,https://images.pokemontcg.io/ex10/!_hires.png,2026/08/08,2025/12/07,45.0,60.0,120.0,21555.3203125,,,,,,28.7568,17.1871,29.4142,0.0,35.700801849365234,27.1649,23.8659,40.3725,27.9147,16.9218,1.1535,2026-08-09
sm12-145,Alolan Ninetales,holofoil,Cosmic Eclipse,145,Rare Holo,Eri Yamaki,Stage 1,38,Pokémon,2019/11/01,"tcgplayer,cardmarket",https://prices.pokemontcg.io/tcgplayer/sm12-145,https://images.pokemontcg.io/sm12/145_hires.png,2026/08/08,2025/11/21,7.42,3.990000009536743,6.099999904632568,36.959999084472656,,6.3,,,,3.3682,0.5767,3.1145,3.6105,1.7302000522613525,3.4028,3.0683,2.307,3.4836,3.3336,1.1535,2026-08-09
sm6-130,Diantha,holofoil,Forbidden Light,130,Rare Ultra,nagimiso,Supporter,,Trainer,2018/05/04,"tcgplayer,cardmarket",https://prices.pokemontcg.io/tcgplayer/sm6-130,https://images.pokemontcg.io/sm6/130_hires.png,2026/08/08,2025/11/21,42.06,32.97999954223633,42.060001373291016,165.99000549316406,,,,,,19.9671,9.228,23.0931,0.0,29.97949981689453,20.6823,24.7195,17.3025,17.3832,11.5581,1.1535,2026-08-09
ecard1-137,Bill's Maintenance,normal,Expedition Base Set,137,Uncommon,Ken Sugimori,Supporter,,Trainer,2002/09/15,"tcgplayer,cardmarket",https://prices.pokemontcg.io/tcgplayer/ecard1-137,https://images.pokemontcg.io/ecard1/137_hires.png,2026/08/08,2025/11/21,0.7,0.23000000417232513,0.6000000238418579,19.979999542236328,,8.87,,,,0.496,0.0461,0.5075,5.1446,0.4499000012874603,0.3691,0.4499,2.7684,3.3451,3.6451,1.1535,2026-08-09
xy1-145,Skarmory-EX,holofoil,XY,145,Rare Ultra,Ryo Ueda,Basic|EX,227,Pokémon,2014/02/05,"tcgplayer,cardmarket",https://prices.pokemontcg.io/tcgplayer/xy1-145,https://images.pokemontcg.io/xy1/145_hires.png,2026/08/08,2025/11/21,44.64,17.0,41.709999084472656,245.49000549316406,,,,,,23.5083,4.8908,17.96,0.0,5.767499923706055,22.8047,17.4409,17.291,9.7817,8.0053,1.1535,2026-08-09
pl3-141,Absol G LV.X,holofoil,Supreme Victors,141,Rare Holo LV.X,Yusuke Ishikawa,Level-Up|SP,359,Pokémon,2009/08/19,"tcgplayer,cardmarket",https://prices.pokemontcg.io/tcgplayer/pl3-141,https://images.pokemontcg.io/pl3/141_hires.png,2026/08/08,2025/11/21,71.24,85.0,156.9600067138672,205.77999877929688,,,,,,25.4001,5.7675,29.5296,0.0,43.83300018310547,25.5846,34.605,12.677,23.3122,14.0842,1.1535,2026-08-09
swsh3-134,Tauros,normal,Darkness Ablaze,134,Common,Anesaki Dynamic,Basic,128,Pokémon,2020/08/14,"tcgplayer,cardmarket",https://prices.pokemontcg.io/tcgplayer/swsh3-134,https://images.pokemontcg.io/swsh3/134_hires.png,2026/08/08,2025/11/21,0.05,0.009999999776482582,0.15000000596046448,25.059999465942383,,0.3,,,,0.0461,0.0231,0.0577,0.2653,0.023099999874830246,0.0346,0.0461,0.346,0.2422,0.2653,1.1535,2026-08-09
xyp-XY137,Vivillon,holofoil,XY Black Star Promos,XY137,Promo,match,Stage 2,666,Pokémon,2013/10/12,"tcgplayer,cardmarket",https://prices.pokemontcg.io/tcgplayer/xyp-XY137,https://images.pokemontcg.io/xyp/XY137_hires.png,2026/08/08,2025/11/21,2.67,0.7099999785423279,2.0199999809265137,29.81999969482422,,,,,,0.9343,0.0577,0.8651,0.0,1.4419000148773193,1.3611,1.3496,0.3576,0.7036,0.9113,1.1535,2026-08-09
swsh4-138,Rayquaza,holofoil,Vivid Voltage,138,Amazing Rare,5ban Graphics,Basic,384,Pokémon,2020/11/13,"tcgplayer,cardmarket",https://prices.pokemontcg.io/tcgplayer/swsh4-138,https://images.pokemontcg.io/swsh4/138_hires.png,2026/08/08,2025/11/21,24.12,23.950000762939453,27.760000228881836,935.27001953125,,,,,,25.8961,6.8633,19.0443,0.0,24.627199172973633,21.9165,23.5545,27.1073,28.4107,31.9058,1.1535,2026-08-09
swsh2-145,Unfezant,normal,Rebel Clash,145,Rare,Naoyo Kimura,Stage 2,521,Pokémon,2020/05/01,"tcgplayer,cardmarket",https://prices.pokemontcg.io/tcgplayer/swsh2-145,https://images.pokemontcg.io/swsh2/145_hires.png,2026/08/08,2025/11/21,0.05,0.019999999552965164,0.20000000298023224,19.979999542236328,,0.5,,,,0.3114,0.0231,0.2422,0.4729,0.10379999876022339,0.1961,0.2538,0.9228,0.5767,0.5883,1.1535,2026-08-09
xyp-XY138,Froakie,holofoil,XY Black Star Promos,XY138,Promo,Sanosuke Sakuma,Basic,656,Pokémon,2013/10/12,"tcgplayer,cardmarket",https://prices.pokemontcg.io/tcgplayer/xyp-XY138,https://images.pokemontcg.io/xyp/XY138_hires.png,2026/08/08,2025/11/21,4.88,4.820000171661377,20.0,25.299999237060547,,,,,,0.7267,0.2192,0.9459,0.0,1.038100004196167,1.0958,1.4649,0.5767,1.4995,1.2919,1.1535,2026-08-09
sm7-141,Rainbow Brush,normal,Celestial Storm,141,Uncommon,Eske Yoshinob,Item,,Trainer,2018/08/03,"tcgplayer,cardmarket",https://prices.pokemontcg.io/tcgplayer/sm7-141,https://images.pokemontcg.io/sm7/141_hires.png,2026/08/08,2025/11/21,0.25,0.09000000357627869,0.25,19.979999542236328,,0.39,,,,0.1384,0.0231,0.15,0.5767,0.11540000140666962,0.1384,0.15,0.5767,0.2192,0.3922,1.1535,2026-08-09
ecard3-107,Swinub,normal,Skyridge,107,Common,Yuka Morii,Basic,220,Pokémon,2003/05/12,"tcgplayer,cardmarket",https://prices.pokemontcg.io/tcgplayer/ecard3-107,https://images.pokemontcg.io/ecard3/107_hires.png,2026/08/08,2025/11/21,88.74,89.98999786376953,137.0,905.0999755859375,,189.99,,,,11.4197,3.4605,13.842,14.9263,11.419699668884277,12.6078,9.3664,14.9263,13.4959,14.0612,1.1535,2026-08-09
sm12-146,Azurill,normal,Cosmic Eclipse,146,Common,Asako Ito,Basic,298,Pokémon,2019/11/01,"tcgplayer,cardmarket",https://prices.pokemontcg.io/tcgplayer/sm12-146,https://images.pokemontcg.io/sm12/146_hires.png,2026/08/08,2025/11/21,9.44,7.5,9.989999771118164,67.80000305175781,,14.4,,,,3.9104,0.1038,3.4144,6.2981,5.709799766540527,3.0106,3.2298,11.5235,6.7134,3.5874,1.1535,2026-08-09
dp6-146,Uxie LV.X,holofoil,Legends Awakened,146,Rare Holo LV.X,Shizurow,Level-Up,480,Pokémon,2008/08/01,"tcgplayer,cardmarket",https://prices.pokemontcg.io/tcgplayer/dp6-146,https://images.pokemontcg.io/dp6/146_hires.png,2026/08/08,2025/11/21,93.52,110.0,349.6499938964844,955.0,,,,,,53.0033,14.9955,37.7079,0.0,34.60499954223633,47.1435,44.5712,69.21,32.3672,25.9999,1.1535,2026-08-09
sm11-137,Scraggy,normal,Unified Minds,137,Common,Yumi,Basic,559,Pokémon,2019/08/02,"tcgplayer,cardmarket",https://prices.pokemontcg.io/tcgplayer/sm11-137,https://images.pokemontcg.io/sm11/137_hires.png,2026/08/08,2025/11/21,0.21,0.07000000029802322,0.2199999988079071,19.979999542236328,,0.37,,,,0.0923,0.0231,0.0807,0.2999,0.03460000082850456,0.1038,0.0923,0.323,0.2768,0.2538,1.1535,2026-08-09
sm5-139,Leafeon-GX,holofoil,Ultra Prism,139,Rare Ultra,5ban Graphics,Stage 1|GX,470,Pokémon,2018/02/02,"tcgplayer,cardmarket",https://prices.pokemontcg.io/tcgplayer/sm5-139,https://images.pokemontcg.io/sm5/139_hires.png,2026/08/08,2025/11/21,44.22,40.0,63.369998931884766,443.70001220703125,,,,,,19.0328,5.7675,23.8428,0.0,19.032800674438477,23.1969,23.3699,24.2235,24.6849,17.6947,1.1535,2026-08-09
sm1-144,Tauros-GX,holofoil,Sun & Moon,144,Rare Ultra,5ban Graphics,Basic|GX,128,Pokémon,2017/02/03,"tcgplayer,cardmarket",https://prices.pokemontcg.io/tcgplayer/sm1-144,https://images.pokemontcg.io/sm1/144_hires.png,2026/08/08,2025/11/21,4.65,3.25,5.130000114440918,50.0,,,,,,4.3833,1.7187,3.5643,0.0,2.5838000774383545,3.8642,4.5679,5.7675,5.6868,4.8562,1.1535,2026-08-09
bw8-138,Random Receiver,holofoil,Plasma Storm,138,Rare Secret,5ban Graphics,Item,,Trainer,2013/02/06,"tcgplayer,cardmarket",https://prices.pokemontcg.io/tcgplayer/bw8-138,https://images.pokemontcg.io/bw8/138_hires.png,2026/08/08,2025/12/07,42.37,26.25,37.40999984741211,449.82000732421875,,,,,,23.3238,6.3442,22.4586,0.0,34.60499954223633,19.7479,22.251,34.5935,17.3948,15.8606,1.1535,2026-08-09
swsh1-143,Hoothoot,normal,Sword & Shield,143,Common,Yumi,Basic,163,Pokémon,2020/02/07,"tcgplayer,cardmarket",https://prices.pokemontcg.io/tcgplayer/swsh1-143,https://images.pokemontcg.io/swsh1/143_hires.png,2026/08/08,2025/11/21,0.05,0.009999999776482582,0.15000000596046448,19.979999542236328,,0.25,,,,0.0346,0.0231,0.0346,0.1615,0.023099999874830246,0.0346,0.0461,0.2307,0.2538,0.2653,1.1535,2026-08-09
sm3-136,Lycanroc-GX,holofoil,Burning Shadows,136,Rare Ultra,5ban Graphics,Stage 1|GX,745,Pokémon,2017/08/05,"tcgplayer,cardmarket",https://prices.pokemontcg.io/tcgplayer/sm3-136,https://images.pokemontcg.io/sm3/136_hires.png,2026/08/08,2025/11/21,4.29,2.9800000190734863,4.21999979019165,41.439998626708984,,,,,,4.1872,2.307,5.3868,0.0,6.805600166320801,5.2023,4.5909,5.7098,6.8749,6.7018,1.1535,2026-08-09
sm10-136,Togepi,normal,Unbroken Bonds,136,Common,Sekio,Basic,175,Pokémon,2019/05/03,"tcgplayer,cardmarket",https://prices.pokemontcg.io/tcgplayer/sm10-136,https://images.pokemontcg.io/sm10/136_hires.png,2026/08/08,2025/11/21,0.84,0.44999998807907104,0.8399999737739563,19.979999542236328,,2.75,,,,0.15,0.0231,0.1846,0.7844,0.17299999296665192,0.1615,0.1615,0.8651,0.7959,0.7728,1.1535,2026-08-09
xy5-156,M Gardevoir-EX,holofoil,Primal Clash,156,Rare Ultra,5ban Graphics,MEGA|EX,282,Pokémon,2015/02/04,"tcgplayer,cardmarket",https://prices.pokemontcg.io/tcgplayer/xy5-156,https://images.pokemontcg.io/xy5/156_hires.png,2026/08/08,2025/11/21,103.2,58.0,79.0,822.8800048828125,,,,,,51.8498,21.9165,67.9642,0.0,34.489601135253906,67.6874,69.3138,17.3025,20.8668,15.2262,1.1535,2026-08-09
xy1-146,Xerneas-EX,holofoil,XY,146,Rare Ultra,5ban Graphics,Basic|EX,716,Pokémon,2014/02/05,"tcgplayer,cardmarket",https://prices.pokemontcg.io/tcgplayer/xy1-146,https://images.pokemontcg.io/xy1/146_hires.png,2026/08/08,2025/11/21,105.27,66.0,126.5999984741211,878.1400146484375,,,,,,31.0061,11.535,41.7798,0.0,53.580101013183594,38.3654,39.8188,18.456,20.0709,20.7861,1.1535,2026-08-09
sm9-152,Pokémon Communication,normal,Team Up,152,Uncommon,Ayaka Yoshida,Item,,Trainer,2019/02/01,"tcgplayer,cardmarket",https://prices.pokemontcg.io/tcgplayer/sm9-152,https://images.pokemontcg.io/sm9/152_hires.png,2026/08/08,2025/11/21,0.2,0.029999999329447746,0.25,18.84000015258789,,0.72,,,,0.0,0.2884,1.1535,0.0,1.153499960899353,0.7267,0.7267,0.0,0.0,0.0,1.1535,2026-08-09
ecard2-118,Apricorn Forest,normal,Aquapolis,118,Rare,Midori Harada,Stadium,,Trainer,2003/01/15,"tcgplayer,cardmarket",https://prices.pokemontcg.io/tcgplayer/ecard2-118,https://images.pokemontcg.io/ecard2/118_hires.png,2026/08/08,2025/11/21,8.27,7.0,9.850000381469727,92.19999694824219,,20.31,,,,4.1295,0.6921,5.3061,0.0,1.153499960899353,5.1677,3.8758,5.7329,7.0248,6.7595,1.1535,2026-08-09
smp-SM145,Zapdos,holofoil,SM Black Star Promos,SM145,Promo,Hitoshi Ariga,Basic,145,Pokémon,2017/02/03,"tcgplayer,cardmarket",https://prices.pokemontcg.io/tcgplayer/smp-SM145,https://images.pokemontcg.io/smp/SM145_hires.png,2026/08/08,2025/11/21,12.86,7.889999866485596,14.270000457763672,51.31999969482422,,,,,,4.96,2.5954,6.575,0.0,5.75600004196167,4.96,6.425,14.9955,13.8881,7.4055,1.1535,2026-08-09
swsh4-139,Chatot,normal,Vivid Voltage,139,Common,0313,Basic,441,Pokémon,2020/11/13,"tcgplayer,cardmarket",https://prices.pokemontcg.io/tcgplayer/swsh4-139,https://images.pokemontcg.io/swsh4/139_hires.png,2026/08/08,2025/11/21,0.06,0.009999999776482582,0.15000000596046448,25.059999465942383,,0.21,,,,0.0577,0.0231,0.0577,0.173,0.06920000165700912,0.0692,0.0577,0.1154,0.1961,0.2192,1.1535,2026-08-09
sm2-142,Drampa-GX,holofoil,Guardians Rising,142,Rare Ultra,5ban Graphics,Basic|GX,780,Pokémon,2017/05/05,"tcgplayer,cardmarket",https://prices.pokemontcg.io/tcgplayer/sm2-142,https://images.pokemontcg.io/sm2/142_hires.png,2026/08/08,2025/11/21,5.0,4.0,5.239999771118164,53.439998626708984,,,,,,3.9219,0.5767,4.0834,0.0,4.498600006103516,3.6681,3.968,4.3833,3.7258,3.9911,1.1535,2026-08-09
xy8-142,Houndoom Spirit Link,normal,BREAKthrough,142,Uncommon,5ban Graphics,Pokémon Tool,,Trainer,2015/11/04,"tcgplayer,cardmarket",https://prices.pokemontcg.io/tcgplayer/xy8-142,https://images.pokemontcg.io/xy8/142_hires.png,2026/08/08,2025/11/21,0.48,0.10000000149011612,0.4000000059604645,17.059999465942383,,0.76,,,,0.2538,0.0231,0.3691,0.7613,0.5651999711990356,0.3691,0.2653,0.5652,0.8305,1.0843,1.1535,2026-08-09
swsh3-135,Sentret,normal,Darkness Ablaze,135,Common,Mina Nakai,Basic,161,Pokémon,2020/08/14,"tcgplayer,cardmarket",https://prices.pokemontcg.io/tcgplayer/swsh3-135,https://images.pokemontcg.io/swsh3/135_hires.png,2026/08/08,2025/11/21,0.1,0.009999999776482582,0.1899999976158142,25.079999923706055,,0.3,,,,0.0461,0.0231,0.0461,0.2192,0.023099999874830246,0.0346,0.0461,0.173,0.2422,0.2422,1.1535,2026-08-09
bw7-148,Cheren,holofoil,Boundaries Crossed,148,Rare Ultra,Megumi Mizutani,Supporter,,Trainer,2012/11/07,"tcgplayer,cardmarket",https://prices.pokemontcg.io/tcgplayer/bw7-148,https://images.pokemontcg.io/bw7/148_hires.png,2026/08/08,2025/11/21,59.73,37.0,62.9900016784668,580.0,,,,,,28.6875,2.307,37.258,0.0,5.767499923706055,36.1738,38.55,57.675,33.9821,19.8633,1.1535,2026-08-09
pl3-142,Blaziken FB LV.X,holofoil,Supreme Victors,142,Rare Holo LV.X,Ryo Ueda,Level-Up|SP,257,Pokémon,2009/08/19,"tcgplayer,cardmarket",https://prices.pokemontcg.io/tcgplayer/pl3-142,https://images.pokemontcg.io/pl3/142_hires.png,2026/08/08,2025/11/21,102.12,100.2300033569336,178.11000061035156,1071.5,,,,,,28.33,5.7675,31.7443,0.0,23.06999969482422,35.0664,33.613,5.7675,10.6007,12.1348,1.1535,2026-08-09
swsh2-146,Bunnelby,normal,Rebel Clash,146,Common,Yuka Morii,Basic,659,Pokémon,2020/05/01,"tcgplayer,cardmarket",https://prices.pokemontcg.io/tcgplayer/swsh2-146,https://images.pokemontcg.io/swsh2/146_hires.png,2026/08/08,2025/11/21,0.33,0.05000000074505806,0.3100000023841858,18.639999389648438,,0.47,,,,0.0692,0.0231,0.0346,0.2768,0.03460000082850456,0.0692,0.0807,0.2307,0.2884,0.2768,1.1535,2026-08-09
sm8-140,Kirlia,normal,Lost Thunder,140,Uncommon,Kouki Saitou,Stage 1,281,Pokémon,2018/11/02,"tcgplayer,cardmarket",https://prices.pokemontcg.io/tcgplayer/sm8-140,https://images.pokemontcg.io/sm8/140_hires.png,2026/08/08,2025/11/21,1.44,0.33000001311302185,1.409999966621399,19.809999465942383,,4.56,,,,0.2653,0.0231,0.2768,2.2493,0.17299999296665192,0.1846,0.2307,1.7302,2.7107,1.984,1.1535,2026-08-09
ex10-?,Unown,holofoil,Unseen Forces,?,Rare,Kyoko Koizumi,Basic,201,Pokémon,2005/08/01,"tcgplayer,cardmarket",https://prices.pokemontcg.io/tcgplayer/ex10-?,https://images.pokemontcg.io/ex10/question_hires.png,2026/08/08,2025/12/07,123.49,299.989990234375,616.3599853515625,842.280029296875,,,,,,21.0398,10.3815,17.2333,0.0,23.06999969482422,19.4711,19.6441,7.4862,11.6042,11.1428,1.1535,2026-08-09
sm6-131,Ultra Recon Squad,holofoil,Forbidden Light,131,Rare Ultra,Megumi Mizutani,Supporter,,Trainer,2018/05/04,"tcgplayer,cardmarket",https://prices.pokemontcg.io/tcgplayer/sm6-131,https://images.pokemontcg.io/sm6/131_hires.png,2026/08/08,2025/11/21,19.71,18.989999771118164,23.469999313354492,150.0,,,,,,38.0655,3.4605,27.0726,0.0,16.956499099731445,27.0496,19.1135,5.7675,6.9556,6.8403,1.1535,2026-08-09
ecard1-138,Copycat,normal,Expedition Base Set,138,Uncommon,Ken Sugimori,Supporter,,Trainer,2002/09/15,"tcgplayer,cardmarket",https://prices.pokemontcg.io/tcgplayer/ecard1-138,https://images.pokemontcg.io/ecard1/138_hires.png,2026/08/08,2025/11/21,1.44,0.38999998569488525,1.25,5.989999771118164,,19.6,,,,0.8767,0.0577,0.8074,4.3256,1.0728000402450562,0.8997,0.8882,5.756,5.3522,6.9556,1.1535,2026-08-09
pl3-143,Charizard G LV.X,holofoil,Supreme Victors,143,Rare Holo LV.X,Wataru Kawahara,Level-Up|SP,6,Pokémon,2009/08/19,"tcgplayer,cardmarket",https://prices.pokemontcg.io/tcgplayer/pl3-143,https://images.pokemontcg.io/pl3/143_hires.png,2026/08/08,2025/11/21,443.33,175.0,319.6499938964844,1865.300048828125,,,,,,50.0158,22.9546,58.7247,0.0,26.507400512695312,45.5632,80.2375,166.2193,97.8168,65.6688,1.1535,2026-08-09
xy8-143,Judge,normal,BREAKthrough,143,Uncommon,Megumi Mizutani,Supporter,,Trainer,2015/11/04,"tcgplayer,cardmarket",https://prices.pokemontcg.io/tcgplayer/xy8-143,https://images.pokemontcg.io/xy8/143_hires.png,2026/08/08,2025/11/21,0.61,0.09000000357627869,0.38999998569488525,1000.0,,1.3,,,,0.346,0.0231,0.5537,0.8882,0.28839999437332153,0.6229,0.5191,1.3727,1.0843,1.0958,1.1535,2026-08-09
xy5-157,Archie's Ace in the Hole,holofoil,Primal Clash,157,Rare Ultra,Hitoshi Ariga,Supporter,,Trainer,2015/02/04,"tcgplayer,cardmarket",https://prices.pokemontcg.io/tcgplayer/xy5-157,https://images.pokemontcg.io/xy5/157_hires.png,2026/08/08,2025/11/21,25.4,17.450000762939453,22.670000076293945,209.89999389648438,,,,,,22.3433,8.0745,27.188,0.0,11.419699668884277,25.6769,31.5713,40.3725,21.6627,15.3646,1.1535,2026-08-09
swsh2-147,Diggersby,normal,Rebel Clash,147,Rare,kodama,Stage 1,660,Pokémon,2020/05/01,"tcgplayer,cardmarket",https://prices.pokemontcg.io/tcgplayer/swsh2-147,https://images.pokemontcg.io/swsh2/147_hires.png,2026/08/08,2025/11/21,0.17,0.07999999821186066,0.23999999463558197,19.979999542236328,,0.25,,,,0.3807,0.0461,0.3114,0.6575,0.06920000165700912,0.2999,0.2999,0.5767,0.6575,0.5767,1.1535,2026-08-09
ecard1-139,Dual Ball,normal,Expedition Base Set,139,Uncommon,"""Big Mama"" Tagawa",,,Trainer,2002/09/15,"tcgplayer,cardmarket",https://prices.pokemontcg.io/tcgplayer/ecard1-139,https://images.pokemontcg.io/ecard1/139_hires.png,2026/08/08,2025/11/21,2.0,1.0,2.0,28.0,,13.63,,,,1.2112,0.173,1.1304,11.535,0.20759999752044678,0.992,1.0958,11.535,5.8021,4.3141,1.1535,2026-08-09
sm2-143,Hala,holofoil,Guardians Rising,143,Rare Ultra,Naoki Saito,Supporter,,Trainer,2017/05/05,"tcgplayer,cardmarket",https://prices.pokemontcg.io/tcgplayer/sm2-143,https://images.pokemontcg.io/sm2/143_hires.png,2026/08/08,2025/11/21,4.0,3.5,4.539999961853027,20.0,,,,,,4.1757,0.4037,4.0834,0.0,5.75600004196167,4.2679,4.9024,4.614,5.2138,5.0869,1.1535,2026-08-09
ecard3-108,Swinub,normal,Skyridge,108,Common,Toshinao Aoki,Basic,220,Pokémon,2003/05/12,"tcgplayer,cardmarket",https://prices.pokemontcg.io/tcgplayer/ecard3-108,https://images.pokemontcg.io/ecard3/108_hires.png,2026/08/08,2025/11/21,17.32,20.0,29.989999771118164,170.0,,60.0,,,,4.7409,1.1535,4.0488,0.0,2.2955000400543213,3.9796,3.3221,17.3025,9.7586,8.6051,1.1535,2026-08-09
sm10-137,Togetic,normal,Unbroken Bonds,137,Uncommon,sui,Stage 1,176,Pokémon,2019/05/03,"tcgplayer,cardmarket",https://prices.pokemontcg.io/tcgplayer/sm10-137,https://images.pokemontcg.io/sm10/137_hires.png,2026/08/08,2025/11/21,0.97,0.3199999928474426,0.949999988079071,19.979999542236328,,6.12,,,,0.2884,0.0231,0.3345,2.3531,0.11540000140666962,0.3922,0.2768,0.7959,2.3647,1.6841,1.1535,2026-08-09
swsh1-144,Noctowl,normal,Sword & Shield,144,Rare,kawayoo,Stage 1,164,Pokémon,2020/02/07,"tcgplayer,cardmarket",https://prices.pokemontcg.io/tcgplayer/swsh1-144,https://images.pokemontcg.io/swsh1/144_hires.png,2026/08/08,2025/11/21,0.29,0.10000000149011612,0.25,19.979999542236328,,0.52,,,,0.2884,0.0231,0.3922,1.0843,0.57669997215271,0.3345,0.2768,1.0381,1.0381,0.9689,1.1535,2026-08-09
smp-SM146,Leafeon-GX,holofoil,SM Black Star Promos,SM146,Promo,5ban Graphics,Stage 1|GX,470,Pokémon,2017/02/03,"tcgplayer,cardmarket",https://prices.pokemontcg.io/tcgplayer/smp-SM146,https://images.pokemontcg.io/smp/SM146_hires.png,2026/08/08,2025/11/21,5.4,3.619999885559082,6.159999847412109,9999.0,,,,,,6.9556,1.7302,6.0097,0.0,3.0336999893188477,5.3176,5.5829,6.9095,5.6175,6.1251,1.1535,2026-08-09
sm9-152a,Pokémon Communication,,Team Up,152a,Uncommon,Studio Bora Inc.,Item,,Trainer,2019/02/01,cardmarket,https://prices.pokemontcg.io/cardmarket/sm9-152a,https://images.pokemontcg.io/sm9/152a_hires.png,,2025/11/21,,,,,,,,,,36.912,23.0585,40.4763,0.0,36.9119987487793,37.8925,42.9794,23.0123,32.5518,32.5518,1.1535,2026-08-09
bw7-149,Skyla,holofoil,Boundaries Crossed,149,Rare Ultra,Kanako Eo,Supporter,,Trainer,2012/11/07,"tcgplayer,cardmarket",https://prices.pokemontcg.io/tcgplayer/bw7-149,https://images.pokemontcg.io/bw7/149_hires.png,2026/08/08,2025/11/21,212.47,150.0,256.8999938964844,3771.64990234375,,,,,,95.4983,10.3815,99.2587,0.0,11.500399589538574,112.0279,83.6172,21.905,24.7887,31.3521,1.1535,2026-08-09
sm3-137,Marshadow-GX,holofoil,Burning Shadows,137,Rare Ultra,5ban Graphics,Basic|GX,802,Pokémon,2017/08/05,"tcgplayer,cardmarket",https://prices.pokemontcg.io/tcgplayer/sm3-137,https://images.pokemontcg.io/sm3/137_hires.png,2026/08/08,2025/11/21,11.42,5.75,10.850000381469727,19.0,,,,,,4.0949,1.7302,3.5874,0.0,5.75600004196167,4.1987,4.6025,8.6512,5.3061,5.4215,1.1535,2026-08-09
sm11-138,Scrafty,normal,Unified Minds,138,Rare,Akira Komayama,Stage 1,560,Pokémon,2019/08/02,"tcgplayer,cardmarket",https://prices.pokemontcg.io/tcgplayer/sm11-138,https://images.pokemontcg.io/sm11/138_hires.png,2026/08/08,2025/11/21,0.35,0.09000000357627869,0.3700000047683716,19.979999542236328,,0.43,,,,0.3576,0.0231,0.346,0.5767,0.05770000070333481,0.3345,0.2884,0.5767,0.496,0.5998,1.1535,2026-08-09
sm7-142,Rare Candy,normal,Celestial Storm,142,Uncommon,Ryo Ueda,Item,,Trainer,2018/08/03,"tcgplayer,cardmarket",https://prices.pokemontcg.io/tcgplayer/sm7-142,https://images.pokemontcg.io/sm7/142_hires.png,2026/08/08,2025/11/21,0.35,0.25,0.3700000047683716,20.0,,1.4,,,,0.7382,0.0461,0.5652,1.2112,0.8651000261306763,0.7382,0.7036,1.1535,0.8536,0.9689,1.1535,2026-08-09
sm8-141,Gardevoir,holofoil,Lost Thunder,141,Rare Holo,Ryota Murayama,Stage 2,282,Pokémon,2018/11/02,"tcgplayer,cardmarket",https://prices.pokemontcg.io/tcgplayer/sm8-141,https://images.pokemontcg.io/sm8/141_hires.png,2026/08/08,2025/11/21,2.15,0.800000011920929,2.3499999046325684,100.0,,7.91,,,,4.8447,0.8651,4.6717,5.4907,6.690299987792969,5.0869,4.1295,8.2937,5.3522,5.5945,1.1535,2026-08-09
swsh4-140,Togekiss V,holofoil,Vivid Voltage,140,Rare Holo V,PLANETA Mochizuki,Basic|V,468,Pokémon,2020/11/13,"tcgplayer,cardmarket",https://prices.pokemontcg.io/tcgplayer/swsh4-140,https://images.pokemontcg.io/swsh4/140_hires.png,2026/08/08,2025/11/21,0.84,0.4000000059604645,1.0,99.9000015258789,,,,,,1.142,0.346,0.9574,0.0,1.1303999423980713,1.0151,1.1074,1.6264,1.6726,2.134,1.1535,2026-08-09
sm12-147,Cottonee,normal,Cosmic Eclipse,147,Common,Pani Kobayashi,Basic,546,Pokémon,2019/11/01,"tcgplayer,cardmarket",https://prices.pokemontcg.io/tcgplayer/sm12-147,https://images.pokemontcg.io/sm12/147_hires.png,2026/08/08,2025/11/21,0.28,0.05000000074505806,0.2800000011920929,19.979999542236328,,0.47,,,,0.1384,0.0231,0.1038,0.3807,0.05770000070333481,0.1038,0.1269,0.4499,0.3807,0.3345,1.1535,2026-08-09
swsh3-136,Furret,normal,Darkness Ablaze,136,Uncommon,tetsuya koizumi,Stage 1,162,Pokémon,2020/08/14,"tcgplayer,cardmarket",https://prices.pokemontcg.io/tcgplayer/swsh3-136,https://images.pokemontcg.io/swsh3/136_hires.png,2026/08/08,2025/11/21,0.07,0.019999999552965164,0.20000000298023224,25.06999969482422,,0.36,,,,0.1269,0.0231,0.1269,0.3114,0.03460000082850456,0.0807,0.1154,0.2884,0.1961,0.2422,1.1535,2026-08-09
ecard2-119,Darkness Cube 01,normal,Aquapolis,119,Uncommon,"""Big Mama"" Tagawa",Technical Machine,,Trainer,2003/01/15,"tcgplayer,cardmarket",https://prices.pokemontcg.io/tcgplayer/ecard2-119,https://images.pokemontcg.io/ecard2/119_hires.png,2026/08/08,2025/11/21,1.62,1.0,1.6200000047683716,26.0,,5.3,,,,3.1952,0.0231,3.2298,0.0,17.879199981689453,3.5297,1.7302,2.2839,1.5457,1.6841,1.1535,2026-08-09
sm5-140,Pheromosa-GX,holofoil,Ultra Prism,140,Rare Ultra,5ban Graphics,Basic|GX|Ultra Beast,795,Pokémon,2018/02/02,"tcgplayer,cardmarket",https://prices.pokemontcg.io/tcgplayer/sm5-140,https://images.pokemontcg.io/sm5/140_hires.png,2026/08/08,2025/11/21,20.65,18.030000686645508,22.3799991607666,196.60000610351562,,,,,,9.1127,5.1907,9.7586,0.0,10.381500244140625,10.22,8.8704,6.921,7.5093,5.2484,1.1535,2026-08-09
sm1-145,Gumshoos-GX,holofoil,Sun & Moon,145,Rare Ultra,5ban Graphics,Stage 1|GX,735,Pokémon,2017/02/03,"tcgplayer,cardmarket",https://prices.pokemontcg.io/tcgplayer/sm1-145,https://images.pokemontcg.io/sm1/145_hires.png,2026/08/08,2025/11/21,2.51,1.4199999570846558,2.569999933242798,20.0,,,,,,2.4339,1.142,2.3416,0.0,3.910399913787842,2.5954,2.5146,6.8864,3.9219,3.9796,1.1535,2026-08-09
sm6-132,Palkia-GX,holofoil,Forbidden Light,132,Rare Rainbow,5ban Graphics,Basic|GX,484,Pokémon,2018/05/04,"tcgplayer,cardmarket",https://prices.pokemontcg.io/tcgplayer/sm6-132,https://images.pokemontcg.io/sm6/132_hires.png,2026/08/08,2025/11/21,41.76,34.9900016784668,42.25,405.3999938964844,,,,,,35.2279,18.456,41.1107,0.0,51.907501220703125,35.4701,37.9963,34.5935,27.1303,19.5057,1.1535,2026-08-09
xyp-XY139,Floette,holofoil,XY Black Star Promos,XY139,Promo,Midori Harada,Stage 1,670,Pokémon,2013/10/12,"tcgplayer,cardmarket",https://prices.pokemontcg.io/tcgplayer/xyp-XY139,https://images.pokemontcg.io/xyp/XY139_hires.png,2026/08/08,2025/11/21,3.54,1.0,3.450000047683716,96.94000244140625,,,,,,1.6726,0.2884,1.5226,0.0,2.8722000122070312,1.638,1.638,1.4419,1.142,1.2804,1.1535,2026-08-09
xy5-158,Maxie's Hidden Ball Trick,holofoil,Primal Clash,158,Rare Ultra,Hitoshi Ariga,Supporter,,Trainer,2015/02/04,"tcgplayer,cardmarket",https://prices.pokemontcg.io/tcgplayer/xy5-158,https://images.pokemontcg.io/xy5/158_hires.png,2026/08/08,2025/11/21,22.6,13.0,25.5,185.89999389648438,,,,,,8.6512,5.7675,21.3974,0.0,8.07450008392334,22.2856,20.6823,9.7471,9.078,7.5324,1.1535,2026-08-09
pl3-144,Electivire FB LV.X,holofoil,Supreme Victors,144,Rare Holo LV.X,Ryo Ueda,Level-Up|SP,466,Pokémon,2009/08/19,"tcgplayer,cardmarket",https://prices.pokemontcg.io/tcgplayer/pl3-144,https://images.pokemontcg.io/pl3/144_hires.png,2026/08/08,2025/11/21,56.03,32.2400016784668,72.12999725341797,585.8800048828125,,,,,,21.1437,5.7675,15.9875,16.7257,13.842000007629395,21.1437,21.2936,16.7257,23.6468,18.3522,1.1535,2026-08-09
xy8-144,Mewtwo Spirit Link,normal,BREAKthrough,144,Uncommon,5ban Graphics,Pokémon Tool,,Trainer,2015/11/04,"tcgplayer,cardmarket",https://prices.pokemontcg.io/tcgplayer/xy8-144,https://images.pokemontcg.io/xy8/144_hires.png,2026/08/08,2025/11/21,0.7,0.25,0.6299999952316284,18.65999984741211,,6.1,,,,0.669,0.0807,0.7036,1.6149,0.51910001039505,0.6229,0.7844,2.8838,1.8341,2.2839,1.1535,2026-08-09
ecard3-109,Teddiursa,normal,Skyridge,109,Common,Kagemaru Himeno,Basic,216,Pokémon,2003/05/12,"tcgplayer,cardmarket",https://prices.pokemontcg.io/tcgplayer/ecard3-109,https://images.pokemontcg.io/ecard3/109_hires.png,2026/08/08,2025/11/21,18.2,15.989999771118164,24.950000762939453,297.79998779296875,,100.0,,,,1.4995,0.2884,1.4303,0.0,2.27239990234375,1.2227,1.4995,12.7231,15.0878,11.8003,1.1535,2026-08-09
swsh2-148,Hawlucha,normal,Rebel Clash,148,Uncommon,tetsuya koizumi,Basic,701,Pokémon,2020/05/01,"tcgplayer,cardmarket",https://prices.pokemontcg.io/tcgplayer/swsh2-148,https://images.pokemontcg.io/swsh2/148_hires.png,2026/08/08,2025/11/21,0.17,0.019999999552965164,0.20000000298023224,20.0,,0.41,,,,0.1384,0.0231,0.15,0.2538,0.05770000070333481,0.1384,0.1038,0.0577,0.2653,0.2422,1.1535,2026-08-09
sm10-138,Togekiss,holofoil,Unbroken Bonds,138,Rare Holo,Kagemaru Himeno,Stage 2,468,Pokémon,2019/05/03,"tcgplayer,cardmarket",https://prices.pokemontcg.io/tcgplayer/sm10-138,https://images.pokemontcg.io/sm10/138_hires.png,2026/08/08,2025/11/21,1.76,1.2100000381469727,1.9299999475479126,19.459999084472656,,3.16,,,,1.4188,0.6921,1.6264,2.6877,2.2955000400543213,1.4188,1.5688,2.8838,2.307,2.1224,1.1535,2026-08-09
ecard1-140,Energy Removal 2,normal,Expedition Base Set,140,Uncommon,Keiji Kinebuchi,,,Trainer,2002/09/15,"tcgplayer,cardmarket",https://prices.pokemontcg.io/tcgplayer/ecard1-140,https://images.pokemontcg.io/ecard1/140_hires.png,2026/08/08,2025/11/21,1.55,0.9599999785423279,1.5,19.979999542236328,,9.21,,,,0.5652,0.1038,0.6229,4.4986,1.6033999919891357,0.5306,0.7036,1.6149,3.3682,3.0106,1.1535,2026-08-09
sm7-143,Shrine of Punishment,normal,Celestial Storm,143,Uncommon,5ban Graphics,Stadium,,Trainer,2018/08/03,"tcgplayer,cardmarket",https://prices.pokemontcg.io/tcgplayer/sm7-143,https://images.pokemontcg.io/sm7/143_hires.png,2026/08/08,2025/11/21,0.65,0.1899999976158142,0.699999988079071,19.979999542236328,,0.75,,,,1.6495,0.0346,1.165,0.9689,1.7878999710083008,1.2689,0.9113,1.7302,1.0728,1.0612,1.1535,2026-08-09
sm1-146,Ilima,holofoil,Sun & Moon,146,Rare Ultra,Sanosuke Sakuma,Supporter,,Trainer,2017/02/03,"tcgplayer,cardmarket",https://prices.pokemontcg.io/tcgplayer/sm1-146,https://images.pokemontcg.io/sm1/146_hires.png,2026/08/08,2025/11/21,2.75,1.3899999856948853,3.0199999809265137,24.75,,,,,,4.3256,1.1535,3.9565,0.0,4.5447998046875,3.7027,4.1641,17.1525,6.0559,5.6175,1.1535,2026-08-09
sm2-144,Hau,holofoil,Guardians Rising,144,Rare Ultra,Sanosuke Sakuma,Supporter,,Trainer,2017/05/05,"tcgplayer,cardmarket",https://prices.pokemontcg.io/tcgplayer/sm2-144,https://images.pokemontcg.io/sm2/144_hires.png,2026/08/08,2025/11/21,21.53,19.200000762939453,25.459999084472656,162.0,,,,,,13.9689,1.7187,13.346,0.0,19.032800674438477,14.3611,15.7914,5.7675,8.0976,9.6202,1.1535,2026-08-09
sm6-133,Greninja-GX,holofoil,Forbidden Light,133,Rare Rainbow,5ban Graphics,Stage 2|GX,658,Pokémon,2018/05/04,"tcgplayer,cardmarket",https://prices.pokemontcg.io/tcgplayer/sm6-133,https://images.pokemontcg.io/sm6/133_hires.png,2026/08/08,2025/11/21,111.47,87.48999786376953,123.0199966430664,1083.5999755859375,,,,,,32.298,13.7843,38.2039,0.0,34.59349822998047,35.6662,39.8419,14.9955,44.1906,24.881,1.1535,2026-08-09
swsh1-145,Minccino,normal,Sword & Shield,145,Common,Sekio,Basic,572,Pokémon,2020/02/07,"tcgplayer,cardmarket",https://prices.pokemontcg.io/tcgplayer/swsh1-145,https://images.pokemontcg.io/swsh1/145_hires.png,2026/08/08,2025/11/21,0.1,0.009999999776482582,0.20000000298023224,19.979999542236328,,0.18,,,,0.0692,0.0231,0.0807,0.3114,0.10379999876022339,0.0692,0.0692,0.2307,0.2768,0.2884,1.1535,2026-08-09
sm12-148,Whimsicott,normal,Cosmic Eclipse,148,Rare,Yumi,Stage 1,547,Pokémon,2019/11/01,"tcgplayer,cardmarket",https://prices.pokemontcg.io/tcgplayer/sm12-148,https://images.pokemontcg.io/sm12/148_hires.png,2026/08/08,2025/11/21,0.64,0.3799999952316284,0.6299999952316284,19.5,,1.1,,,,0.3345,0.0231,0.4383,1.1189,0.57669997215271,0.4037,0.2999,0.4614,0.9343,0.7728,1.1535,2026-08-09
sm9-152b,Pokémon Communication,,Team Up,152b,Uncommon,OOYAMA,Item,,Trainer,2019/02/01,cardmarket,https://prices.pokemontcg.io/cardmarket/sm9-152b,https://images.pokemontcg.io/sm9/152b_hires.png,,2025/11/21,,,,,,,,,,0.8421,0.1384,0.9343,0.0,1.1419999599456787,0.7498,0.496,0.2307,0.2422,0.2422,1.1535,2026-08-09
smp-SM147,Glaceon-GX,holofoil,SM Black Star Promos,SM147,Promo,5ban Graphics,Stage 1|GX,471,Pokémon,2017/02/03,"tcgplayer,cardmarket",https://prices.pokemontcg.io/tcgplayer/smp-SM147,https://images.pokemontcg.io/smp/SM147_hires.png,2026/08/08,2025/11/21,7.88,5.110000133514404,9.0,9999.0,,,,,,5.2023,1.1535,4.3833,0.0,4.613999843597412,4.5679,5.1331,3.2183,4.5909,5.2715,1.1535,2026-08-09
swsh4-141,Togekiss VMAX,holofoil,Vivid Voltage,141,Rare Holo VMAX,5ban Graphics,VMAX,468,Pokémon,2020/11/13,"tcgplayer,cardmarket",https://prices.pokemontcg.io/tcgplayer/swsh4-141,https://images.pokemontcg.io/swsh4/141_hires.png,2026/08/08,2025/11/21,2.08,1.2200000286102295,2.2899999618530273,18.719999313354492,,,,,,1.8341,1.0381,2.1109,0.0,1.9608999490737915,1.8571,1.8341,4.4756,4.0719,4.4179,1.1535,2026-08-09
ecard2-120,Energy Switch,normal,Aquapolis,120,Uncommon,Mikio Menjo,,,Trainer,2003/01/15,"tcgplayer,cardmarket",https://prices.pokemontcg.io/tcgplayer/ecard2-120,https://images.pokemontcg.io/ecard2/120_hires.png,2026/08/08,2025/11/21,33.27,29.989999771118164,40.20000076293945,409.79998779296875,,100.8,,,,7.0363,0.2307,8.6051,6.9095,13.830499649047852,8.0976,6.2866,13.9804,8.236,6.3558,1.1535,2026-08-09
sm8-142,Dedenne,normal,Lost Thunder,142,Uncommon,Megumi Mizutani,Basic,702,Pokémon,2018/11/02,"tcgplayer,cardmarket",https://prices.pokemontcg.io/tcgplayer/sm8-142,https://images.pokemontcg.io/sm8/142_hires.png,2026/08/08,2025/11/21,5.12,3.990000009536743,5.730000019073486,43.099998474121094,,17.76,,,,0.3691,0.0231,0.496,1.1881,0.4499000012874603,0.5191,0.3807,0.6344,1.6956,2.2839,1.1535,2026-08-09
bw7-150,Golurk,holofoil,Boundaries Crossed,150,Rare Secret,5ban Graphics,Stage 1,623,Pokémon,2012/11/07,"tcgplayer,cardmarket",https://prices.pokemontcg.io/tcgplayer/bw7-150,https://images.pokemontcg.io/bw7/150_hires.png,2026/08/08,2025/11/21,174.99,115.0,499.989990234375,1765.5999755859375,,,,,,92.2685,20.763,52.565,0.0,92.26850128173828,48.3893,62.8888,5.756,27.834,20.5438,1.1535,2026-08-09
sm11-139,Yveltal,holofoil,Unified Minds,139,Rare Holo,sui,Basic,717,Pokémon,2019/08/02,"tcgplayer,cardmarket",https://prices.pokemontcg.io/tcgplayer/sm11-139,https://images.pokemontcg.io/sm11/139_hires.png,2026/08/08,2025/11/21,0.86,0.4000000059604645,0.8600000143051147,30.0,,0.82,,,,1.2112,0.2307,1.4073,0.8882,0.28839999437332153,1.2112,1.3496,0.5767,1.3727,2.0071,1.1535,2026-08-09
sm5-141,Glaceon-GX,holofoil,Ultra Prism,141,Rare Ultra,5ban Graphics,Stage 1|GX,471,Pokémon,2018/02/02,"tcgplayer,cardmarket",https://prices.pokemontcg.io/tcgplayer/sm5-141,https://images.pokemontcg.io/sm5/141_hires.png,2026/08/08,2025/11/21,45.23,42.59000015258789,49.9900016784668,349.1099853515625,,,,,,29.3335,4.614,31.3867,0.0,32.19419860839844,28.1685,27.2341,16.149,20.0709,14.6148,1.1535,2026-08-09
xyp-XY140,Lucario,holofoil,XY Black Star Promos,XY140,Promo,Naoki Saito,Stage 1,448,Pokémon,2013/10/12,"tcgplayer,cardmarket",https://prices.pokemontcg.io/tcgplayer/xyp-XY140,https://images.pokemontcg.io/xyp/XY140_hires.png,2026/08/08,2025/11/21,13.6,4.510000228881836,13.479999542236328,99.98999786376953,,,,,,4.5794,1.7302,4.6486,0.0,2.849100112915039,4.1526,4.4986,5.7675,1.9956,1.7072,1.1535,2026-08-09
sm3-138,Alolan Muk-GX,holofoil,Burning Shadows,138,Rare Ultra,5ban Graphics,Stage 1|GX,89,Pokémon,2017/08/05,"tcgplayer,cardmarket",https://prices.pokemontcg.io/tcgplayer/sm3-138,https://images.pokemontcg.io/sm3/138_hires.png,2026/08/08,2025/11/21,6.0,3.450000047683716,6.0,93.68000030517578,,,,,,5.4791,1.1535,4.9947,0.0,3.4605000019073486,5.0639,4.9485,8.0745,5.5022,5.1446,1.1535,2026-08-09
swsh3-137,Dunsparce,normal,Darkness Ablaze,137,Common,Kazuma Koda,Basic,206,Pokémon,2020/08/14,"tcgplayer,cardmarket",https://prices.pokemontcg.io/tcgplayer/swsh3-137,https://images.pokemontcg.io/swsh3/137_hires.png,2026/08/08,2025/11/21,0.05,0.009999999776482582,0.1599999964237213,25.040000915527344,,0.26,,,,0.0577,0.0231,0.0461,0.1846,0.023099999874830246,0.0461,0.0577,0.0923,0.1615,0.2192,1.1535,2026-08-09
xy5-159,Professor Birch's Observations,holofoil,Primal Clash,159,Rare Ultra,Hitoshi Ariga,Supporter,,Trainer,2015/02/04,"tcgplayer,cardmarket",https://prices.pokemontcg.io/tcgplayer/xy5-159,https://images.pokemontcg.io/xy5/159_hires.png,2026/08/08,2025/11/21,13.99,8.4399995803833,12.899999618530273,72.63999938964844,,,,,,17.6486,4.6025,15.3415,0.0,3.4605000019073486,13.7497,14.1304,13.2652,9.8048,7.8784,1.1535,2026-08-09
pl3-145,Garchomp C LV.X,holofoil,Supreme Victors,145,Rare Holo LV.X,Shizurow,Level-Up|SP,445,Pokémon,2009/08/19,"tcgplayer,cardmarket",https://prices.pokemontcg.io/tcgplayer/pl3-145,https://images.pokemontcg.io/pl3/145_hires.png,2026/08/08,2025/11/21,123.3,75.0,98.73999786376953,597.0,,,,,,29.1143,4.6025,33.6245,0.0,11.823399543762207,23.6352,26.8996,28.826,17.96,23.6929,1.1535,2026-08-09
swsh2-149,Stufful,normal,Rebel Clash,149,Common,so-taro,Basic,759,Pokémon,2020/05/01,"tcgplayer,cardmarket",https://prices.pokemontcg.io/tcgplayer/swsh2-149,https://images.pokemontcg.io/swsh2/149_hires.png,2026/08/08,2025/11/21,0.09,0.03999999910593033,0.1899999976158142,20.0,,0.34,,,,0.0577,0.0231,0.0692,0.3345,0.04610000178217888,0.0692,0.0577,0.4499,0.3807,0.2538,1.1535,2026-08-09
xy8-145,Parallel City,normal,BREAKthrough,145,Uncommon,5ban Graphics,Stadium,,Trainer,2015/11/04,"tcgplayer,cardmarket",https://prices.pokemontcg.io/tcgplayer/xy8-145,https://images.pokemontcg.io/xy8/145_hires.png,2026/08/08,2025/11/21,4.49,1.149999976158142,3.5399999618530273,14.989999771118164,,3.43,,,,2.2955,2.2378,2.4916,0.0,2.2955000400543213,1.0958,1.0958,0.0,0.0,0.0,1.1535,2026-08-09
ecard3-110,Ursaring,normal,Skyridge,110,Common,Mitsuhiro Arita,Stage 1,217,Pokémon,2003/05/12,"tcgplayer,cardmarket",https://prices.pokemontcg.io/tcgplayer/ecard3-110,https://images.pokemontcg.io/ecard3/110_hires.png,2026/08/08,2025/11/21,24.67,22.68000030517578,24.0,239.5,,85.51,,,,8.4206,0.5767,5.4099,0.0,0.57669997215271,2.5723,4.8793,11.4197,12.8961,13.519,1.1535,2026-08-09
sm1-147,Lillie,holofoil,Sun & Moon,147,Rare Ultra,Megumi Mizutani,Supporter,,Trainer,2017/02/03,"tcgplayer,cardmarket",https://prices.pokemontcg.io/tcgplayer/sm1-147,https://images.pokemontcg.io/sm1/147_hires.png,2026/08/08,2025/11/21,43.98,32.0,47.939998626708984,199.99000549316406,,,,,,31.4905,9.228,28.0531,0.0,42.667999267578125,34.9164,48.124,34.605,23.7967,24.1081,1.1535,2026-08-09
sm7-144,Sky Pillar,normal,Celestial Storm,144,Uncommon,Ryo Ueda,Stadium,,Trainer,2018/08/03,"tcgplayer,cardmarket",https://prices.pokemontcg.io/tcgplayer/sm7-144,https://images.pokemontcg.io/sm7/144_hires.png,2026/08/08,2025/11/21,0.33,0.18000000715255737,0.33000001311302185,19.979999542236328,,0.49,,,,0.4729,0.0231,0.3922,0.4268,0.23070000112056732,0.3807,0.3114,0.173,0.6575,0.6575,1.1535,2026-08-09
smp-SM148,Champions Festival,normal,SM Black Star Promos,SM148,Promo,Naoki Saito,Stadium,,Trainer,2017/02/03,"tcgplayer,cardmarket",https://prices.pokemontcg.io/tcgplayer/smp-SM148,https://images.pokemontcg.io/smp/SM148_hires.png,2026/08/08,2025/11/21,249.99,249.99000549316406,289.989990234375,1999.9000244140625,,,,,,46.1285,56.51,99.7662,0.0,92.27999877929688,203.016,114.6002,28.826,56.4869,42.8641,1.1535,2026-08-09
ecard1-141,Energy Restore,normal,Expedition Base Set,141,Uncommon,Hideyuki Nakajima,,,Trainer,2002/09/15,"tcgplayer,cardmarket",https://prices.pokemontcg.io/tcgplayer/ecard1-141,https://images.pokemontcg.io/ecard1/141_hires.png,2026/08/08,2025/11/21,1.19,0.75,1.2699999809265137,19.979999542236328,,8.02,,,,0.6806,0.0577,0.646,0.0,0.8073999881744385,1.0612,0.8421,6.921,4.3487,4.2564,1.1535,2026-08-09
sm2-145,Mallow,holofoil,Guardians Rising,145,Rare Ultra,Megumi Mizutani,Supporter,,Trainer,2017/05/05,"tcgplayer,cardmarket",https://prices.pokemontcg.io/tcgplayer/sm2-145,https://images.pokemontcg.io/sm2/145_hires.png,2026/08/08,2025/11/21,34.17,26.75,35.45000076293945,274.5199890136719,,,,,,22.8508,3.9219,23.1623,0.0,32.2864990234375,21.8819,27.6379,22.2049,14.6264,14.4649,1.1535,2026-08-09
sm10-139,Cottonee,normal,Unbroken Bonds,139,Common,Ken Sugimori,Basic,546,Pokémon,2019/05/03,"tcgplayer,cardmarket",https://prices.pokemontcg.io/tcgplayer/sm10-139,https://images.pokemontcg.io/sm10/139_hires.png,2026/08/08,2025/11/21,0.27,0.03999999910593033,0.27000001072883606,19.979999542236328,,0.5,,,,0.1038,0.0231,0.1269,0.4268,0.023099999874830246,0.1154,0.1038,0.4037,0.4383,0.4614,1.1535,2026-08-09
sm9-153,Return Label,normal,Team Up,153,Uncommon,Toyste Beach,Item,,Trainer,2019/02/01,"tcgplayer,cardmarket",https://prices.pokemontcg.io/tcgplayer/sm9-153,https://images.pokemontcg.io/sm9/153_hires.png,2026/08/08,2025/11/21,0.17,0.009999999776482582,0.2199999988079071,1.9900000095367432,,0.36,,,,0.1961,0.0231,0.1615,0.4614,0.11540000140666962,0.2192,0.15,2.307,0.646,0.4037,1.1535,2026-08-09
sm12-149,Flabébé,normal,Cosmic Eclipse,149,Common,tetsuya koizumi,Basic,669,Pokémon,2019/11/01,"tcgplayer,cardmarket",https://prices.pokemontcg.io/tcgplayer/sm12-149,https://images.pokemontcg.io/sm12/149_hires.png,2026/08/08,2025/11/21,0.29,0.10000000149011612,0.3199999928474426,20.0,,0.7,,,,0.0923,0.0231,0.1269,0.3807,0.05770000070333481,0.0923,0.0807,0.173,0.3345,0.3576,1.1535,2026-08-09
sm5-142,Xurkitree-GX,holofoil,Ultra Prism,142,Rare Ultra,5ban Graphics,Basic|GX|Ultra Beast,796,Pokémon,2018/02/02,"tcgplayer,cardmarket",https://prices.pokemontcg.io/tcgplayer/sm5-142,https://images.pokemontcg.io/sm5/142_hires.png,2026/08/08,2025/11/21,13.46,11.279999732971191,18.90999984741211,127.5199966430664,,,,,,11.039,4.0373,10.5084,0.0,5.767499923706055,10.1854,8.7089,11.535,7.6592,6.3327,1.1535,2026-08-09
xy5-160,Teammates,holofoil,Primal Clash,160,Rare Ultra,Hitoshi Ariga,Supporter,,Trainer,2015/02/04,"tcgplayer,cardmarket",https://prices.pokemontcg.io/tcgplayer/xy5-160,https://images.pokemontcg.io/xy5/160_hires.png,2026/08/08,2025/11/18,30.61,22.0,27.31999969482422,230.0,,,,,,29.5296,23.07,34.8126,0.0,69.15229797363281,28.1108,36.7044,20.1863,18.5714,16.9334,1.1535,2026-08-09
swsh3-138,Teddiursa,normal,Darkness Ablaze,138,Common,Yukiko Baba,Basic,216,Pokémon,2020/08/14,"tcgplayer,cardmarket",https://prices.pokemontcg.io/tcgplayer/swsh3-138,https://images.pokemontcg.io/swsh3/138_hires.png,2026/08/08,2025/11/21,0.07,0.019999999552965164,0.1899999976158142,25.09000015258789,,0.3,,,,0.0461,0.0231,0.0577,0.15,0.12690000236034393,0.0461,0.0461,0.1384,0.15,0.2076,1.1535,2026-08-09
sm11-140,Hoopa,holofoil,Unified Minds,140,Rare Holo,Ayaka Yoshida,Basic,720,Pokémon,2019/08/02,"tcgplayer,cardmarket",https://prices.pokemontcg.io/tcgplayer/sm11-140,https://images.pokemontcg.io/sm11/140_hires.png,2026/08/08,2025/11/21,0.62,0.3799999952316284,0.6200000047683716,2.0,,0.53,,,,0.7152,0.1154,0.7498,0.8997,0.57669997215271,0.7267,0.5652,2.307,1.3957,1.0958,1.1535,2026-08-09
swsh1-146,Minccino,normal,Sword & Shield,146,Common,sowsow,Basic,572,Pokémon,2020/02/07,"tcgplayer,cardmarket",https://prices.pokemontcg.io/tcgplayer/swsh1-146,https://images.pokemontcg.io/swsh1/146_hires.png,2026/08/08,2025/11/21,0.21,0.05000000074505806,0.25,19.979999542236328,,0.46,,,,0.0692,0.0231,0.0692,0.323,0.023099999874830246,0.0577,0.0692,0.1961,0.2768,0.2768,1.1535,2026-08-09
swsh4-142,Tornadus,holofoil,Vivid Voltage,142,Rare Holo,Masakazu Fukuda,Basic,641,Pokémon,2020/11/13,"tcgplayer,cardmarket",https://prices.pokemontcg.io/tcgplayer/swsh4-142,https://images.pokemontcg.io/swsh4/142_hires.png,2026/08/08,2025/11/21,0.2,0.05000000074505806,0.25,999.989990234375,,0.21,,,,0.1961,0.0231,0.1384,0.4614,0.10379999876022339,0.1846,0.1961,0.5767,0.2422,0.4729,1.1535,2026-08-09
ecard2-121,Fighting Cube 01,normal,Aquapolis,121,Uncommon,"""Big Mama"" Tagawa",Technical Machine,,Trainer,2003/01/15,"tcgplayer,cardmarket",https://prices.pokemontcg.io/tcgplayer/ecard2-121,https://images.pokemontcg.io/ecard2/121_hires.png,2026/08/08,2025/11/21,1.74,1.0,1.7400000095367432,27.899999618530273,,5.09,,,,0.8997,0.1154,1.0958,1.3265,0.4383000135421753,0.9689,0.9113,0.4268,2.3877,2.0532,1.1535,2026-08-09
xyp-XY141,Rayquaza,holofoil,XY Black Star Promos,XY141,Promo,Masakazu Fukuda,Basic,384,Pokémon,2013/10/12,"tcgplayer,cardmarket",https://prices.pokemontcg.io/tcgplayer/xyp-XY141,https://images.pokemontcg.io/xyp/XY141_hires.png,2026/08/08,2025/11/21,41.56,19.989999771118164,42.0099983215332,92.33000183105469,,,,,,8.0053,2.2839,8.3859,0.0,14.418700218200684,7.4401,8.1206,1.3842,1.8917,1.7995,1.1535,2026-08-09
sm3-139,Darkrai-GX,holofoil,Burning Shadows,139,Rare Ultra,5ban Graphics,Basic|GX,491,Pokémon,2017/08/05,"tcgplayer,cardmarket",https://prices.pokemontcg.io/tcgplayer/sm3-139,https://images.pokemontcg.io/sm3/139_hires.png,2026/08/08,2025/11/21,34.47,16.739999771118164,29.989999771118164,69.45999908447266,,,,,,10.6929,3.4605,9.7817,0.0,6.921000003814697,10.0585,10.4276,13.842,10.37,10.3123,1.1535,2026-08-09
bw7-151,Terrakion,holofoil,Boundaries Crossed,151,Rare Secret,5ban Graphics,Basic,639,Pokémon,2012/11/07,"tcgplayer,cardmarket",https://prices.pokemontcg.io/tcgplayer/bw7-151,https://images.pokemontcg.io/bw7/151_hires.png,2026/08/08,2025/11/21,148.5,110.0,148.49000549316406,2339.89990234375,,,,,,51.9075,14.9955,81.7139,0.0,11.53499984741211,45.0672,66.5454,28.8375,29.4027,24.0505,1.1535,2026-08-09
sm6-134,Naganadel-GX,holofoil,Forbidden Light,134,Rare Rainbow,5ban Graphics,Stage 1|GX|Ultra Beast,804,Pokémon,2018/05/04,"tcgplayer,cardmarket",https://prices.pokemontcg.io/tcgplayer/sm6-134,https://images.pokemontcg.io/sm6/134_hires.png,2026/08/08,2025/11/21,19.64,30.0,34.9900016784668,129.8000030517578,,,,,,12.2386,5.7675,12.6654,0.0,16.137500762939453,12.5732,12.8269,11.535,12.2502,12.3194,1.1535,2026-08-09
sm8-143,Carbink,normal,Lost Thunder,143,Uncommon,Ken Sugimori,Basic,703,Pokémon,2018/11/02,"tcgplayer,cardmarket",https://prices.pokemontcg.io/tcgplayer/sm8-143,https://images.pokemontcg.io/sm8/143_hires.png,2026/08/08,2025/11/21,0.32,0.18000000715255737,0.3499999940395355,19.979999542236328,,1.02,,,,0.1846,0.0231,0.173,1.0497,0.11540000140666962,0.1154,0.1615,0.669,0.9113,0.7728,1.1535,2026-08-09
sm9-154,Sabrina's Suggestion,normal,Team Up,154,Uncommon,Hitoshi Ariga,Supporter,,Trainer,2019/02/01,"tcgplayer,cardmarket",https://prices.pokemontcg.io/tcgplayer/sm9-154,https://images.pokemontcg.io/sm9/154_hires.png,2026/08/08,2025/11/21,0.25,0.09000000357627869,0.25,19.979999542236328,,0.44,,,,0.0923,0.0231,0.0923,0.4268,0.17299999296665192,0.1038,0.1269,0.3345,0.4037,0.4153,1.1535,2026-08-09
xy8-146,Professor's Letter,normal,BREAKthrough,146,Uncommon,5ban Graphics,Item,,Trainer,2015/11/04,"tcgplayer,cardmarket",https://prices.pokemontcg.io/tcgplayer/xy8-146,https://images.pokemontcg.io/xy8/146_hires.png,2026/08/08,2025/11/21,0.31,0.09000000357627869,0.3100000023841858,14.989999771118164,,1.04,,,,0.2307,0.0231,0.2422,0.7959,0.20759999752044678,0.1615,0.2307,1.6726,0.9689,1.9148,1.1535,2026-08-09
ecard2-122,Fire Cube 01,normal,Aquapolis,122,Uncommon,"""Big Mama"" Tagawa",Technical Machine,,Trainer,2003/01/15,"tcgplayer,cardmarket",https://prices.pokemontcg.io/tcgplayer/ecard2-122,https://images.pokemontcg.io/ecard2/122_hires.png,2026/08/08,2025/11/21,1.65,1.2400000095367432,2.2699999809265137,19.979999542236328,,4.72,,,,0.4268,0.1154,0.4383,1.1535,0.23070000112056732,0.4383,0.7613,1.1535,2.3993,1.9956,1.1535,2026-08-09
sm1-148,Professor Kukui,holofoil,Sun & Moon,148,Rare Ultra,Megumi Mizutani,Supporter,,Trainer,2017/02/03,"tcgplayer,cardmarket",https://prices.pokemontcg.io/tcgplayer/sm1-148,https://images.pokemontcg.io/sm1/148_hires.png,2026/08/08,2025/11/21,5.88,4.0,6.050000190734863,44.0099983215332,,,,,,4.8678,1.6034,4.937,0.0,4.037300109863281,4.5563,5.3638,4.4986,5.8252,6.1943,1.1535,2026-08-09
swsh3-139,Ursaring,normal,Darkness Ablaze,139,Uncommon,Uta,Stage 1,217,Pokémon,2020/08/14,"tcgplayer,cardmarket",https://prices.pokemontcg.io/tcgplayer/swsh3-139,https://images.pokemontcg.io/swsh3/139_hires.png,2026/08/08,2025/11/21,0.09,0.009999999776482582,0.1899999976158142,25.100000381469727,,0.26,,,,0.0461,0.0231,0.0461,0.2076,0.05770000070333481,0.0577,0.0577,0.1154,0.2884,0.2192,1.1535,2026-08-09
swsh4-143,Pikipek,normal,Vivid Voltage,143,Common,Yukiko Baba,Basic,731,Pokémon,2020/11/13,"tcgplayer,cardmarket",https://prices.pokemontcg.io/tcgplayer/swsh4-143,https://images.pokemontcg.io/swsh4/143_hires.png,2026/08/08,2025/11/21,0.06,0.009999999776482582,0.15000000596046448,25.100000381469727,,0.04,,,,0.0577,0.0231,0.0923,0.2192,0.08070000261068344,0.0692,0.0577,0.2307,0.2307,0.2768,1.1535,2026-08-09
ecard3-111,Venomoth,normal,Skyridge,111,Common,Yukiko Baba,Stage 1,49,Pokémon,2003/05/12,"tcgplayer,cardmarket",https://prices.pokemontcg.io/tcgplayer/ecard3-111,https://images.pokemontcg.io/ecard3/111_hires.png,2026/08/08,2025/11/21,10.52,8.399999618530273,20.0,162.60000610351562,,77.98,,,,3.795,0.2307,3.1029,14.9378,5.767499923706055,3.5874,2.2493,14.9378,7.567,9.3664,1.1535,2026-08-09
sm12-150,Flabébé,normal,Cosmic Eclipse,150,Common,Atsuko Nishida,Basic,669,Pokémon,2019/11/01,"tcgplayer,cardmarket",https://prices.pokemontcg.io/tcgplayer/sm12-150,https://images.pokemontcg.io/sm12/150_hires.png,2026/08/08,2025/11/21,0.24,0.05000000074505806,0.25999999046325684,19.979999542236328,,0.52,,,,0.0692,0.0231,0.1154,0.4845,0.05770000070333481,0.0923,0.0807,0.173,0.4037,0.3922,1.1535,2026-08-09
sm7-145,Steven's Resolve,holofoil,Celestial Storm,145,Rare Holo,Hitoshi Ariga,Supporter,,Trainer,2018/08/03,"tcgplayer,cardmarket",https://prices.pokemontcg.io/tcgplayer/sm7-145,https://images.pokemontcg.io/sm7/145_hires.png,2026/08/08,2025/11/21,2.29,1.0,2.309999942779541,96.22000122070312,,3.94,,,,0.8882,0.1154,0.9805,0.0,1.0958000421524048,0.8997,0.8882,1.142,0.7844,0.7152,1.1535,2026-08-09
sm6-135,Lucario-GX,holofoil,Forbidden Light,135,Rare Rainbow,5ban Graphics,Stage 1|GX,448,Pokémon,2018/05/04,"tcgplayer,cardmarket",https://prices.pokemontcg.io/tcgplayer/sm6-135,https://images.pokemontcg.io/sm6/135_hires.png,2026/08/08,2025/11/21,124.96,96.98999786376953,127.16000366210938,968.5,,,,,,48.0202,11.535,78.3227,0.0,69.0947036743164,56.2677,58.7593,17.3025,31.9404,24.2235,1.1535,2026-08-09
swsh1-147,Cinccino,normal,Sword & Shield,147,Rare,sui,Stage 1,573,Pokémon,2020/02/07,"tcgplayer,cardmarket",https://prices.pokemontcg.io/tcgplayer/swsh1-147,https://images.pokemontcg.io/swsh1/147_hires.png,2026/08/08,2025/11/21,0.46,0.20000000298023224,0.46000000834465027,19.979999542236328,,1.17,,,,0.819,0.0577,0.8305,2.307,0.46140000224113464,0.6921,0.7498,0.7498,2.5723,2.8376,1.1535,2026-08-09
smp-SM149,Suicune,holofoil,SM Black Star Promos,SM149,Promo,Kouki Saitou,Basic,245,Pokémon,2017/02/03,"tcgplayer,cardmarket",https://prices.pokemontcg.io/tcgplayer/smp-SM149,https://images.pokemontcg.io/smp/SM149_hires.png,2026/08/08,2025/11/21,19.93,10.350000381469727,20.1299991607666,197.8300018310547,,,,,,20.7284,13.7151,18.8482,0.0,21.905000686645508,18.0869,19.8633,103.8035,27.2687,9.2395,1.1535,2026-08-09
sm3-140,Gardevoir-GX,holofoil,Burning Shadows,140,Rare Ultra,5ban Graphics,Stage 2|GX,282,Pokémon,2017/08/05,"tcgplayer,cardmarket",https://prices.pokemontcg.io/tcgplayer/sm3-140,https://images.pokemontcg.io/sm3/140_hires.png,2026/08/08,2025/11/21,20.21,14.0,20.219999313354492,59.95000076293945,,,,,,8.8819,4.6025,9.1357,0.0,8.801199913024902,10.0008,10.5084,9.228,9.2511,8.4321,1.1535,2026-08-09
ecard1-142,Mary's Impulse,normal,Expedition Base Set,142,Uncommon,Ken Sugimori,Supporter,,Trainer,2002/09/15,"tcgplayer,cardmarket",https://prices.pokemontcg.io/tcgplayer/ecard1-142,https://images.pokemontcg.io/ecard1/142_hires.png,2026/08/08,2025/11/21,2.05,1.0,2.059999942779541,25.84000015258789,,9.63,,,,1.0612,0.0461,0.5306,0.0,1.153499960899353,1.1881,1.142,4.0373,4.6486,5.0639,1.1535,2026-08-09
sm5-143,Dawn Wings Necrozma-GX,holofoil,Ultra Prism,143,Rare Ultra,5ban Graphics,Basic|GX|Ultra Beast,800,Pokémon,2018/02/02,"tcgplayer,cardmarket",https://prices.pokemontcg.io/tcgplayer/sm5-143,https://images.pokemontcg.io/sm5/143_hires.png,2026/08/08,2025/11/21,15.01,15.149999618530273,20.0,130.6999969482422,,,,,,6.8749,4.0142,6.8864,0.0,6.332699775695801,7.267,8.6512,9.228,8.5244,8.8704,1.1535,2026-08-09
bw7-152,Altaria,holofoil,Boundaries Crossed,152,Rare Secret,5ban Graphics,Stage 1,334,Pokémon,2012/11/07,"tcgplayer,cardmarket",https://prices.pokemontcg.io/tcgplayer/bw7-152,https://images.pokemontcg.io/bw7/152_hires.png,2026/08/08,2025/11/21,153.89,298.9599914550781,299.95001220703125,1580.0,,,,,,213.3744,19.6095,129.2266,0.0,63.442501068115234,115.5922,90.8381,13.842,54.5029,29.1143,1.1535,2026-08-09
sm2-146,Decidueye-GX,holofoil,Guardians Rising,146,Rare Rainbow,5ban Graphics,Stage 2|GX,724,Pokémon,2017/05/05,"tcgplayer,cardmarket",https://prices.pokemontcg.io/tcgplayer/sm2-146,https://images.pokemontcg.io/sm2/146_hires.png,2026/08/08,2025/11/21,36.18,28.0,41.25,358.70001220703125,,,,,,17.3832,4.0373,17.4525,0.0,14.5802001953125,17.3717,17.2448,23.0585,24.9848,21.0514,1.1535,2026-08-09
pl3-146,Rayquaza C LV.X,holofoil,Supreme Victors,146,Rare Holo LV.X,Shizurow,Level-Up|SP,384,Pokémon,2009/08/19,"tcgplayer,cardmarket",https://prices.pokemontcg.io/tcgplayer/pl3-146,https://images.pokemontcg.io/pl3/146_hires.png,2026/08/08,2025/11/21,218.66,169.0,235.0,1469.5999755859375,,,,,,56.7176,11.4197,37.8809,0.0,43.83300018310547,46.9821,85.8781,92.28,34.605,30.7292,1.1535,2026-08-09
sm11-141,Mawile-GX,holofoil,Unified Minds,141,Rare Holo GX,5ban Graphics,Basic|GX,303,Pokémon,2019/08/02,"tcgplayer,cardmarket",https://prices.pokemontcg.io/tcgplayer/sm11-141,https://images.pokemontcg.io/sm11/141_hires.png,2026/08/08,2025/11/21,3.97,2.5,4.659999847412109,4319.8701171875,,,,,,2.9414,0.5767,2.4916,0.0,2.0762999057769775,2.8607,3.0683,8.9396,5.8367,5.0062,1.1535,2026-08-09
xyp-XY142,Azelf,holofoil,XY Black Star Promos,XY142,Promo,chibi,Basic,482,Pokémon,2013/10/12,"tcgplayer,cardmarket",https://prices.pokemontcg.io/tcgplayer/xyp-XY142,https://images.pokemontcg.io/xyp/XY142_hires.png,2026/08/08,2025/11/21,8.55,7.349999904632568,10.880000114440918,95.29000091552734,,,,,,2.7915,0.4614,2.976,0.0,1.7302000522613525,2.8953,2.4454,1.142,1.4534,1.3842,1.1535,2026-08-09
sm10-140,Whimsicott-GX,holofoil,Unbroken Bonds,140,Rare Holo GX,PLANETA Igarashi,Stage 1|GX,547,Pokémon,2019/05/03,"tcgplayer,cardmarket",https://prices.pokemontcg.io/tcgplayer/sm10-140,https://images.pokemontcg.io/sm10/140_hires.png,2026/08/08,2025/11/21,3.49,2.9600000381469727,3.4800000190734863,96.94999694824219,,,,,,2.7453,0.5652,3.126,0.0,2.249300003051758,2.6069,2.6646,2.7569,3.0452,2.9876,1.1535,2026-08-09
xy5-161,Dive Ball,holofoil,Primal Clash,161,Rare Secret,Toyste Beach,Item,,Trainer,2015/02/04,"tcgplayer,cardmarket",https://prices.pokemontcg.io/tcgplayer/xy5-161,https://images.pokemontcg.io/xy5/161_hires.png,2026/08/08,2025/11/18,21.53,13.770000457763672,20.3799991607666,192.9499969482422,,,,,,23.07,9.228,26.4036,0.0,28.826000213623047,24.385,25.2155,57.675,16.5873,10.716,1.1535,2026-08-09
swsh2-150,Bewear,normal,Rebel Clash,150,Uncommon,Ryuta Fuse,Stage 1,760,Pokémon,2020/05/01,"tcgplayer,cardmarket",https://prices.pokemontcg.io/tcgplayer/swsh2-150,https://images.pokemontcg.io/swsh2/150_hires.png,2026/08/08,2025/11/21,0.14,0.019999999552965164,0.20000000298023224,2.990000009536743,,0.32,,,,0.0692,0.0231,0.0692,0.2884,0.05770000070333481,0.0692,0.0577,0.15,0.2653,0.2422,1.1535,2026-08-09
sm8-144,Xerneas ◇,holofoil,Lost Thunder,144,Rare Prism Star,Shin Nagasawa,Basic|Prism Star,716,Pokémon,2018/11/02,"tcgplayer,cardmarket",https://prices.pokemontcg.io/tcgplayer/sm8-144,https://images.pokemontcg.io/sm8/144_hires.png,2026/08/08,2025/11/21,5.97,2.8399999141693115,5.980000019073486,39.9900016784668,,,,,,2.4916,0.5652,1.9956,0.0,1.153499960899353,2.0648,2.6069,3.4259,3.0914,2.48,1.1535,2026-08-09
xy8-146a,Professor's Letter,,BREAKthrough,146a,Uncommon,Yoshinobu Saito,Item,,Trainer,2015/11/04,,,https://images.pokemontcg.io/xy8/146a_hires.png,,,,,,,,,,,,,,,,,,,,,,,2026-08-09
xy5-162,Enhanced Hammer,holofoil,Primal Clash,162,Rare Secret,Ryo Ueda,Item,,Trainer,2015/02/04,"tcgplayer,cardmarket",https://prices.pokemontcg.io/tcgplayer/xy5-162,https://images.pokemontcg.io/xy5/162_hires.png,2026/08/08,2025/11/18,21.42,12.8100004196167,21.770000457763672,193.41000366210938,,,,,,22.0088,11.4773,22.4356,0.0,23.06999969482422,22.8393,23.6929,8.063,7.9822,7.9361,1.1535,2026-08-09
sm9-155,Unidentified Fossil,normal,Team Up,155,Uncommon,Toyste Beach,Item,,Trainer,2019/02/01,"tcgplayer,cardmarket",https://prices.pokemontcg.io/tcgplayer/sm9-155,https://images.pokemontcg.io/sm9/155_hires.png,2026/08/08,2025/11/21,0.2,0.03999999910593033,0.23000000417232513,19.979999542236328,,0.35,,,,0.2076,0.0231,0.2076,0.2538,0.11540000140666962,0.173,0.1269,0.0577,0.2192,0.346,1.1535,2026-08-09
smp-SM150,Raikou,holofoil,SM Black Star Promos,SM150,Promo,nagimiso,Basic,243,Pokémon,2017/02/03,"tcgplayer,cardmarket",https://prices.pokemontcg.io/tcgplayer/smp-SM150,https://images.pokemontcg.io/smp/SM150_hires.png,2026/08/08,2025/11/21,17.57,8.90999984741211,21.0,160.8300018310547,,,,,,15.2839,9.228,27.3495,0.0,13.830499649047852,18.5137,21.7435,6.3327,2.953,3.6105,1.1535,2026-08-09
bw7-153,Rocky Helmet,holofoil,Boundaries Crossed,153,Rare Secret,Ryo Ueda,Pokémon Tool,,Trainer,2012/11/07,"tcgplayer,cardmarket",https://prices.pokemontcg.io/tcgplayer/bw7-153,https://images.pokemontcg.io/bw7/153_hires.png,2026/08/08,2025/11/21,39.66,27.56999969482422,39.97999954223633,429.8999938964844,,,,,,10.9236,5.7675,17.3486,0.0,13.830499649047852,12.4924,17.4178,14.984,12.5962,10.4276,1.1535,2026-08-09
sm2-147,Incineroar-GX,holofoil,Guardians Rising,147,Rare Rainbow,5ban Graphics,Stage 2|GX,727,Pokémon,2017/05/05,"tcgplayer,cardmarket",https://prices.pokemontcg.io/tcgplayer/sm2-147,https://images.pokemontcg.io/sm2/147_hires.png,2026/08/08,2025/11/21,30.9,22.5,31.399999618530273,259.0,,,,,,17.8677,5.1907,17.314,0.0,11.53499984741211,18.3637,18.8482,28.826,23.416,18.1099,1.1535,2026-08-09
ecard3-112,Venonat,normal,Skyridge,112,Common,Tomokazu Komiya,Basic,48,Pokémon,2003/05/12,"tcgplayer,cardmarket",https://prices.pokemontcg.io/tcgplayer/ecard3-112,https://images.pokemontcg.io/ecard3/112_hires.png,2026/08/08,2025/11/21,22.38,58.79999923706055,75.0,199.89999389648438,,162.47,,,,4.0257,0.8651,4.6947,7.9015,2.2955000400543213,5.4215,3.1145,7.9015,12.9653,10.2546,1.1535,2026-08-09
xyp-XY143,Magikarp,holofoil,XY Black Star Promos,XY143,Promo,Saya Tsuruta,Basic,129,Pokémon,2013/10/12,"tcgplayer,cardmarket",https://prices.pokemontcg.io/tcgplayer/xyp-XY143,https://images.pokemontcg.io/xyp/XY143_hires.png,2026/08/08,2025/11/21,85.86,81.16000366210938,96.16000366210938,739.280029296875,,,,,,75.3005,17.2794,81.5525,0.0,130.2877960205078,79.2224,60.5703,26.4151,36.2891,39.0114,1.1535,2026-08-09
sm5-144,Celesteela-GX,holofoil,Ultra Prism,144,Rare Ultra,5ban Graphics,Basic|GX|Ultra Beast,797,Pokémon,2018/02/02,"tcgplayer,cardmarket",https://prices.pokemontcg.io/tcgplayer/sm5-144,https://images.pokemontcg.io/sm5/144_hires.png,2026/08/08,2025/11/21,9.99,8.0,10.569999694824219,104.80000305175781,,,,,,7.0594,3.4605,7.2324,0.0,6.805600166320801,7.6016,7.567,5.1907,6.771,6.1482,1.1535,2026-08-09
swsh2-151,Skwovet,normal,Rebel Clash,151,Common,Mina Nakai,Basic,819,Pokémon,2020/05/01,"tcgplayer,cardmarket",https://prices.pokemontcg.io/tcgplayer/swsh2-151,https://images.pokemontcg.io/swsh2/151_hires.png,2026/08/08,2025/11/21,0.12,0.009999999776482582,0.1899999976158142,20.0,,0.31,,,,0.0461,0.0231,0.0346,0.2999,0.023099999874830246,0.0577,0.0577,0.2076,0.2653,0.2422,1.1535,2026-08-09
sm3-141,Noivern-GX,holofoil,Burning Shadows,141,Rare Ultra,5ban Graphics,Stage 1|GX,715,Pokémon,2017/08/05,"tcgplayer,cardmarket",https://prices.pokemontcg.io/tcgplayer/sm3-141,https://images.pokemontcg.io/sm3/141_hires.png,2026/08/08,2025/11/21,5.53,4.0,5.849999904632568,29.989999771118164,,,,,,4.291,1.1535,4.2218,0.0,5.767499923706055,4.441,4.441,11.5235,5.5945,6.0789,1.1535,2026-08-09
pl3-147,Staraptor FB LV.X,holofoil,Supreme Victors,147,Rare Holo LV.X,Ryo Ueda,Level-Up|SP,398,Pokémon,2009/08/19,"tcgplayer,cardmarket",https://prices.pokemontcg.io/tcgplayer/pl3-147,https://images.pokemontcg.io/pl3/147_hires.png,2026/08/08,2025/11/21,54.54,34.9900016784668,60.9900016784668,498.3399963378906,,,,,,21.6281,5.756,30.2448,0.0,28.837499618530273,20.7745,27.6725,7.4977,10.3815,12.0079,1.1535,2026-08-09
ecard2-123,Forest Guardian,normal,Aquapolis,123,Uncommon,Ken Sugimori,Supporter,,Trainer,2003/01/15,"tcgplayer,cardmarket",https://prices.pokemontcg.io/tcgplayer/ecard2-123,https://images.pokemontcg.io/ecard2/123_hires.png,2026/08/08,2025/11/21,1.01,0.5,1.0,17.68000030517578,,28.99,,,,0.9805,0.0807,1.1766,48.4239,0.57669997215271,1.2919,1.0728,4.5563,18.3637,7.3939,1.1535,2026-08-09
sm12-151,Floette,normal,Cosmic Eclipse,151,Uncommon,miki kudo,Stage 1,670,Pokémon,2019/11/01,"tcgplayer,cardmarket",https://prices.pokemontcg.io/tcgplayer/sm12-151,https://images.pokemontcg.io/sm12/151_hires.png,2026/08/08,2025/11/21,2.51,1.7999999523162842,2.5299999713897705,20.0,,20.74,,,,0.1384,0.0231,0.1384,0.6114,0.03460000082850456,0.1384,0.1384,0.5191,0.5883,0.8305,1.1535,2026-08-09
swsh4-144,Trumbeak,normal,Vivid Voltage,144,Uncommon,tetsuya koizumi,Stage 1,732,Pokémon,2020/11/13,"tcgplayer,cardmarket",https://prices.pokemontcg.io/tcgplayer/swsh4-144,https://images.pokemontcg.io/swsh4/144_hires.png,2026/08/08,2025/11/21,0.12,0.009999999776482582,0.17000000178813934,25.1200008392334,,0.22,,,,0.0923,0.0231,0.1038,0.2768,0.15000000596046448,0.1038,0.0923,0.173,0.2076,0.2999,1.1535,2026-08-09
ecard1-143,Master Ball,normal,Expedition Base Set,143,Uncommon,Keiji Kinebuchi,,,Trainer,2002/09/15,"tcgplayer,cardmarket",https://prices.pokemontcg.io/tcgplayer/ecard1-143,https://images.pokemontcg.io/ecard1/143_hires.png,2026/08/08,2025/11/21,2.46,1.399999976158142,2.4800000190734863,33.099998474121094,,20.96,,,,0.8305,0.2307,0.8651,7.3363,2.5376999378204346,0.992,1.3265,11.535,6.8172,4.3026,1.1535,2026-08-09
sm11-142,Escavalier,normal,Unified Minds,142,Rare,Satoshi Shirai,Stage 1,589,Pokémon,2019/08/02,"tcgplayer,cardmarket",https://prices.pokemontcg.io/tcgplayer/sm11-142,https://images.pokemontcg.io/sm11/142_hires.png,2026/08/08,2025/11/21,0.25,0.1899999976158142,0.2800000011920929,19.979999542236328,,0.34,,,,0.4383,0.0577,0.4614,1.1535,0.11540000140666962,0.4383,0.2768,0.5306,0.7728,0.819,1.1535,2026-08-09
sm8-145,Cutiefly,normal,Lost Thunder,145,Common,Midori Harada,Basic,742,Pokémon,2018/11/02,"tcgplayer,cardmarket",https://prices.pokemontcg.io/tcgplayer/sm8-145,https://images.pokemontcg.io/sm8/145_hires.png,2026/08/08,2025/11/21,0.37,0.12999999523162842,0.3700000047683716,2.990000009536743,,0.67,,,,0.0807,0.0231,0.1038,0.323,0.023099999874830246,0.1269,0.1154,0.2884,0.323,0.3691,1.1535,2026-08-09
sm7-146,Super Scoop Up,normal,Celestial Storm,146,Uncommon,Keiji Kinebuchi,Item,,Trainer,2018/08/03,"tcgplayer,cardmarket",https://prices.pokemontcg.io/tcgplayer/sm7-146,https://images.pokemontcg.io/sm7/146_hires.png,2026/08/08,2025/11/21,0.22,0.07000000029802322,0.25,19.979999542236328,,0.32,,,,0.2192,0.0231,0.1615,0.2884,0.17299999296665192,0.2192,0.2076,0.2884,0.3576,0.4383,1.1535,2026-08-09
sm10-141,Spritzee,normal,Unbroken Bonds,141,Common,MAHOU,Basic,682,Pokémon,2019/05/03,"tcgplayer,cardmarket",https://prices.pokemontcg.io/tcgplayer/sm10-141,https://images.pokemontcg.io/sm10/141_hires.png,2026/08/08,2025/11/21,0.31,0.07999999821186066,0.3199999928474426,19.15999984741211,,0.52,,,,0.1038,0.0231,0.1615,0.3576,0.23070000112056732,0.1269,0.1038,0.2192,0.3922,0.496,1.1535,2026-08-09
sm1-149,Team Skull Grunt,holofoil,Sun & Moon,149,Rare Ultra,Sanosuke Sakuma,Supporter,,Trainer,2017/02/03,"tcgplayer,cardmarket",https://prices.pokemontcg.io/tcgplayer/sm1-149,https://images.pokemontcg.io/sm1/149_hires.png,2026/08/08,2025/11/21,7.64,6.610000133514404,7.739999771118164,1000.0,,,,,,8.1091,1.7187,8.7551,0.0,10.369999885559082,8.0168,7.3824,4.441,6.1366,7.8323,1.1535,2026-08-09
swsh3-140,Lugia,normal,Darkness Ablaze,140,Rare,Hasuno,Basic,249,Pokémon,2020/08/14,"tcgplayer,cardmarket",https://prices.pokemontcg.io/tcgplayer/swsh3-140,https://images.pokemontcg.io/swsh3/140_hires.png,2026/08/08,2025/11/21,0.48,0.07999999821186066,0.5199999809265137,100.0,,2.12,,,,0.6344,0.0231,0.7613,2.953,1.0151000022888184,0.7959,0.6229,9.228,4.9485,3.0568,1.1535,2026-08-09
swsh1-148,Oranguru,holofoil,Sword & Shield,148,Rare Holo,Shigenori Negishi,Basic,765,Pokémon,2020/02/07,"tcgplayer,cardmarket",https://prices.pokemontcg.io/tcgplayer/swsh1-148,https://images.pokemontcg.io/swsh1/148_hires.png,2026/08/08,2025/11/21,0.38,0.07999999821186066,0.38999998569488525,2.990000009536743,,0.47,,,,0.7498,0.0577,0.7267,1.5111,1.2919000387191772,0.819,0.7267,0.5191,1.0958,0.9805,1.1535,2026-08-09
sm6-136,Zygarde-GX,holofoil,Forbidden Light,136,Rare Rainbow,5ban Graphics,Basic|GX,718,Pokémon,2018/05/04,"tcgplayer,cardmarket",https://prices.pokemontcg.io/tcgplayer/sm6-136,https://images.pokemontcg.io/sm6/136_hires.png,2026/08/08,2025/11/21,61.39,49.9900016784668,73.98999786376953,519.9000244140625,,,,,,20.3131,14.984,26.7035,0.0,23.06999969482422,21.2475,25.0886,17.2448,17.8562,15.3069,1.1535,2026-08-09
xy8-147,Reserved Ticket,normal,BREAKthrough,147,Uncommon,Toyste Beach,Item,,Trainer,2015/11/04,"tcgplayer,cardmarket",https://prices.pokemontcg.io/tcgplayer/xy8-147,https://images.pokemontcg.io/xy8/147_hires.png,2026/08/08,2025/11/21,0.18,0.029999999329447746,0.20000000298023224,19.979999542236328,,0.3,,,,0.1269,0.0231,0.1615,0.7498,0.11540000140666962,0.1846,0.1384,0.8651,0.6921,0.5191,1.1535,2026-08-09
xy5-163,Switch,holofoil,Primal Clash,163,Rare Secret,5ban Graphics,Item,,Trainer,2015/02/04,"tcgplayer,cardmarket",https://prices.pokemontcg.io/tcgplayer/xy5-163,https://images.pokemontcg.io/xy5/163_hires.png,2026/08/08,2025/11/18,23.63,16.34000015258789,18.149999618530273,270.5,,,,,,23.9351,11.5235,29.5527,0.0,28.826000213623047,27.8455,30.2563,11.5235,21.7204,22.9085,1.1535,2026-08-09
smp-SM151,Giratina,holofoil,SM Black Star Promos,SM151,Promo,Shin Nagasawa,Basic,487,Pokémon,2017/02/03,"tcgplayer,cardmarket",https://prices.pokemontcg.io/tcgplayer/smp-SM151,https://images.pokemontcg.io/smp/SM151_hires.png,2026/08/08,2025/11/21,32.82,20.989999771118164,33.959999084472656,498.70001220703125,,,,,,230.7,17.3025,86.524,0.0,230.6999969482422,106.9871,51.2731,2.307,5.0869,5.2484,1.1535,2026-08-09
sm9-156,Viridian Forest,normal,Team Up,156,Uncommon,5ban Graphics,Stadium,,Trainer,2019/02/01,"tcgplayer,cardmarket",https://prices.pokemontcg.io/tcgplayer/sm9-156,https://images.pokemontcg.io/sm9/156_hires.png,2026/08/08,2025/11/21,0.38,0.15000000596046448,0.3799999952316284,19.979999542236328,,0.6,,,,0.4729,0.0231,0.3114,0.5767,0.11540000140666962,0.2422,0.3691,0.8074,0.4845,0.8536,1.1535,2026-08-09
sm2-148,Turtonator-GX,holofoil,Guardians Rising,148,Rare Rainbow,5ban Graphics,Basic|GX,776,Pokémon,2017/05/05,"tcgplayer,cardmarket",https://prices.pokemontcg.io/tcgplayer/sm2-148,https://images.pokemontcg.io/sm2/148_hires.png,2026/08/08,2025/11/21,10.39,10.289999961853027,11.0,84.4000015258789,,,,,,8.9281,3.4605,9.5625,0.0,9.227999687194824,9.6202,10.0008,9.8048,9.5394,10.543,1.1535,2026-08-09
ecard3-113,Voltorb,normal,Skyridge,113,Common,Sumiyoshi Kizuki,Basic,100,Pokémon,2003/05/12,"tcgplayer,cardmarket",https://prices.pokemontcg.io/tcgplayer/ecard3-113,https://images.pokemontcg.io/ecard3/113_hires.png,2026/08/08,2025/11/21,7.95,6.989999771118164,9.819999694824219,17.989999771118164,,51.58,,,,1.2804,0.1154,1.0958,0.0,0.8651000261306763,1.1304,1.1074,11.535,15.976,9.9893,1.1535,2026-08-09
sm5-145,Dusk Mane Necrozma-GX,holofoil,Ultra Prism,145,Rare Ultra,5ban Graphics,Basic|GX|Ultra Beast,800,Pokémon,2018/02/02,"tcgplayer,cardmarket",https://prices.pokemontcg.io/tcgplayer/sm5-145,https://images.pokemontcg.io/sm5/145_hires.png,2026/08/08,2025/11/21,20.29,16.0,22.40999984741211,172.0,,,,,,12.3424,3.4605,11.4197,0.0,11.53499984741211,11.4889,10.7968,7.2555,11.6273,8.7666,1.1535,2026-08-09
sm3-142,Acerola,holofoil,Burning Shadows,142,Rare Ultra,Megumi Mizutani,Supporter,,Trainer,2017/08/05,"tcgplayer,cardmarket",https://prices.pokemontcg.io/tcgplayer/sm3-142,https://images.pokemontcg.io/sm3/142_hires.png,2026/08/08,2025/11/21,51.33,34.9900016784668,50.439998626708984,313.3399963378906,,,,,,18.133,8.0168,2.3877,0.0,23.012300491333008,20.2324,50.3157,57.0983,39.5997,27.5917,1.1535,2026-08-09
sm7-147,Switch,normal,Celestial Storm,147,Uncommon,Hiromichi Sugiyama,Item,,Trainer,2018/08/03,"tcgplayer,cardmarket",https://prices.pokemontcg.io/tcgplayer/sm7-147,https://images.pokemontcg.io/sm7/147_hires.png,2026/08/08,2025/11/21,0.21,0.029999999329447746,0.23000000417232513,18.1200008392334,,0.46,,,,0.1154,0.0231,0.1038,0.6344,0.023099999874830246,0.0577,0.1269,0.5537,0.5191,0.5652,1.1535,2026-08-09
sm8-146,Ribombee,normal,Lost Thunder,146,Rare,Hasuno,Stage 1,743,Pokémon,2018/11/02,"tcgplayer,cardmarket",https://prices.pokemontcg.io/tcgplayer/sm8-146,https://images.pokemontcg.io/sm8/146_hires.png,2026/08/08,2025/11/21,0.85,0.49000000953674316,0.8500000238418579,19.979999542236328,,1.46,,,,0.5883,0.0231,0.6344,0.9574,0.5536999702453613,0.6921,0.5537,1.0958,0.9689,1.1881,1.1535,2026-08-09
sm12-152,Florges,holofoil,Cosmic Eclipse,152,Rare Holo,Akira Komayama,Stage 2,671,Pokémon,2019/11/01,"tcgplayer,cardmarket",https://prices.pokemontcg.io/tcgplayer/sm12-152,https://images.pokemontcg.io/sm12/152_hires.png,2026/08/08,2025/11/21,0.92,0.7099999785423279,0.9900000095367432,9.989999771118164,,1.33,,,,0.819,0.2538,0.8997,1.2919,1.7187000513076782,0.9228,0.7959,0.4499,1.315,1.2342,1.1535,2026-08-09
swsh2-152,Greedent,normal,Rebel Clash,152,Rare,kirisAki,Stage 1,820,Pokémon,2020/05/01,"tcgplayer,cardmarket",https://prices.pokemontcg.io/tcgplayer/swsh2-152,https://images.pokemontcg.io/swsh2/152_hires.png,2026/08/08,2025/11/18,0.27,0.10000000149011612,0.2800000011920929,20.0,,0.68,,,,0.2653,0.0231,0.2884,1.2112,0.28839999437332153,0.2653,0.2422,0.9228,0.8536,0.7036,1.1535,2026-08-09
swsh4-145,Toucannon,normal,Vivid Voltage,145,Rare,Sekio,Stage 2,733,Pokémon,2020/11/13,"tcgplayer,cardmarket",https://prices.pokemontcg.io/tcgplayer/swsh4-145,https://images.pokemontcg.io/swsh4/145_hires.png,2026/08/08,2025/11/21,0.28,0.029999999329447746,0.2800000011920929,19.979999542236328,,0.43,,,,0.2653,0.0231,0.4499,0.3922,0.57669997215271,0.3345,0.2768,0.5191,0.3807,0.5883,1.1535,2026-08-09
pl3-148,Articuno,holofoil,Supreme Victors,148,Rare Secret,Toshinao Aoki,Basic,144,Pokémon,2009/08/19,"tcgplayer,cardmarket",https://prices.pokemontcg.io/tcgplayer/pl3-148,https://images.pokemontcg.io/pl3/148_hires.png,2026/08/08,2025/11/21,364.99,340.0,400.0,2019.9000244140625,,,,,,50.8693,21.9165,61.8968,0.0,132.64100646972656,62.7735,58.0326,29.991,33.6937,26.4728,1.1535,2026-08-09
sm11-143,Cottonee,normal,Unified Minds,143,Common,Asako Ito,Basic,546,Pokémon,2019/08/02,"tcgplayer,cardmarket",https://prices.pokemontcg.io/tcgplayer/sm11-143,https://images.pokemontcg.io/sm11/143_hires.png,2026/08/08,2025/11/21,1.72,0.9599999785423279,1.9900000095367432,30.0,,4.3,,,,0.15,0.0231,0.1269,0.7959,0.10379999876022339,0.1269,0.1384,0.2076,0.5767,0.6344,1.1535,2026-08-09
sm1-150,Lurantis-GX,holofoil,Sun & Moon,150,Rare Rainbow,5ban Graphics,Stage 1|GX,754,Pokémon,2017/02/03,"tcgplayer,cardmarket",https://prices.pokemontcg.io/tcgplayer/sm1-150,https://images.pokemontcg.io/sm1/150_hires.png,2026/08/08,2025/11/21,9.48,6.769999980926514,9.449999809265137,85.80000305175781,,,,,,6.9556,1.7302,6.9902,0.0,8.639699935913086,7.0479,8.0514,11.5004,12.85,11.5119,1.1535,2026-08-09
swsh3-141,Skitty,normal,Darkness Ablaze,141,Common,Saya Tsuruta,Basic,300,Pokémon,2020/08/14,"tcgplayer,cardmarket",https://prices.pokemontcg.io/tcgplayer/swsh3-141,https://images.pokemontcg.io/swsh3/141_hires.png,2026/08/08,2025/11/21,0.25,0.03999999910593033,0.25,25.260000228881836,,0.55,,,,0.0461,0.0231,0.0461,0.2422,0.06920000165700912,0.0461,0.0461,0.15,0.15,0.2307,1.1535,2026-08-09
ecard2-124,Grass Cube 01,normal,Aquapolis,124,Uncommon,"""Big Mama"" Tagawa",Technical Machine,,Trainer,2003/01/15,"tcgplayer,cardmarket",https://prices.pokemontcg.io/tcgplayer/ecard2-124,https://images.pokemontcg.io/ecard2/124_hires.png,2026/08/08,2025/11/21,2.36,1.0,2.3299999237060547,28.600000381469727,,6.49,,,,1.0497,0.173,1.142,1.8687,0.8651000261306763,1.165,1.1189,1.4419,2.1109,1.8341,1.1535,2026-08-09
sm6-137,Yveltal-GX,holofoil,Forbidden Light,137,Rare Rainbow,5ban Graphics,Basic|GX,717,Pokémon,2018/05/04,"tcgplayer,cardmarket",https://prices.pokemontcg.io/tcgplayer/sm6-137,https://images.pokemontcg.io/sm6/137_hires.png,2026/08/08,2025/11/21,54.66,49.0,62.0,437.760009765625,,,,,,22.9546,13.7266,32.4364,0.0,28.837499618530273,26.9573,33.4515,25.9537,23.9236,20.6938,1.1535,2026-08-09
xyp-XY144,Yanmega,holofoil,XY Black Star Promos,XY144,Promo,Midori Harada,Stage 1,469,Pokémon,2013/10/12,"tcgplayer,cardmarket",https://prices.pokemontcg.io/tcgplayer/xyp-XY144,https://images.pokemontcg.io/xyp/XY144_hires.png,2026/08/08,2025/11/21,10.9,11.350000381469727,18.559999465942383,229.0,,,,,,17.2448,8.0745,24.9156,0.0,17.244800567626953,21.5474,18.3291,4.1411,4.4064,4.7986,1.1535,2026-08-09
ecard1-144,Multi Technical Machine 01,normal,Expedition Base Set,144,Uncommon,"""Big Mama"" Tagawa",Technical Machine,,Trainer,2002/09/15,"tcgplayer,cardmarket",https://prices.pokemontcg.io/tcgplayer/ecard1-144,https://images.pokemontcg.io/ecard1/144_hires.png,2026/08/08,2025/11/21,2.15,1.2200000286102295,2.069999933242798,27.899999618530273,,10.19,,,,1.165,0.173,0.9228,11.535,0.9804999828338623,1.9033,1.4649,11.535,6.5865,5.7906,1.1535,2026-08-09
swsh1-149,Drampa,normal,Sword & Shield,149,Rare,tetsuya koizumi,Basic,780,Pokémon,2020/02/07,"tcgplayer,cardmarket",https://prices.pokemontcg.io/tcgplayer/swsh1-149,https://images.pokemontcg.io/swsh1/149_hires.png,2026/08/08,2025/11/21,0.16,0.05000000074505806,0.23999999463558197,19.899999618530273,,0.48,,,,0.15,0.0231,0.1038,1.2458,0.28839999437332153,0.15,0.2076,0.4037,1.1304,0.9574,1.1535,2026-08-09
sm10-142,Aromatisse,normal,Unbroken Bonds,142,Rare,Saya Tsuruta,Stage 1,683,Pokémon,2019/05/03,"tcgplayer,cardmarket",https://prices.pokemontcg.io/tcgplayer/sm10-142,https://images.pokemontcg.io/sm10/142_hires.png,2026/08/08,2025/11/21,0.82,0.6100000143051147,0.8600000143051147,19.979999542236328,,2.17,,,,0.6921,0.1154,1.0151,2.9414,1.038100004196167,0.6344,0.7152,0.8651,2.8607,1.6841,1.1535,2026-08-09
xy5-164,Weakness Policy,holofoil,Primal Clash,164,Rare Secret,Ayaka Yoshida,Pokémon Tool,,Trainer,2015/02/04,"tcgplayer,cardmarket",https://prices.pokemontcg.io/tcgplayer/xy5-164,https://images.pokemontcg.io/xy5/164_hires.png,2026/08/08,2025/11/18,6.34,3.9600000381469727,5.159999847412109,61.0,,,,,,11.0159,4.4986,12.204,0.0,4.613999843597412,10.3008,9.7355,17.2448,8.8819,9.3549,1.1535,2026-08-09
xy8-148,Skyla,normal,BREAKthrough,148,Uncommon,Yusuke Ohmura,Supporter,,Trainer,2015/11/04,"tcgplayer,cardmarket",https://prices.pokemontcg.io/tcgplayer/xy8-148,https://images.pokemontcg.io/xy8/148_hires.png,2026/08/08,2025/11/21,0.22,0.009999999776482582,0.25,14.989999771118164,,0.72,,,,0.1961,0.0231,1.0381,0.9343,0.17299999296665192,0.346,0.5421,1.0958,1.0151,1.0843,1.1535,2026-08-09
smp-SM152,Tapu Lele,holofoil,SM Black Star Promos,SM152,Promo,HYOGONOSUKE,Basic,786,Pokémon,2017/02/03,"tcgplayer,cardmarket",https://prices.pokemontcg.io/tcgplayer/smp-SM152,https://images.pokemontcg.io/smp/SM152_hires.png,2026/08/08,2025/11/21,5.76,8.0,15.0,51.599998474121094,,,,,,7.4747,2.307,15.7914,0.0,8.639699935913086,12.8038,11.0505,14.984,5.0869,6.0559,1.1535,2026-08-09
sm9-157,Water Memory,normal,Team Up,157,Uncommon,5ban Graphics,Pokémon Tool,,Trainer,2019/02/01,"tcgplayer,cardmarket",https://prices.pokemontcg.io/tcgplayer/sm9-157,https://images.pokemontcg.io/sm9/157_hires.png,2026/08/08,2025/11/21,0.22,0.029999999329447746,0.25,19.979999542236328,,0.41,,,,0.0807,0.0231,0.1154,0.4614,0.09229999780654907,0.0807,0.0807,0.5652,0.323,0.2999,1.1535,2026-08-09
sm2-149,Primarina-GX,holofoil,Guardians Rising,149,Rare Rainbow,5ban Graphics,Stage 2|GX,730,Pokémon,2017/05/05,"tcgplayer,cardmarket",https://prices.pokemontcg.io/tcgplayer/sm2-149,https://images.pokemontcg.io/sm2/149_hires.png,2026/08/08,2025/11/21,41.7,35.0,135.16000366210938,492.44000244140625,,,,,,14.3957,5.6522,18.2253,0.0,17.291000366210938,19.4134,16.4374,15.5723,14.6494,14.5572,1.1535,2026-08-09
ecard3-114,Weedle,normal,Skyridge,114,Common,Keiko Fukuyama,Basic,13,Pokémon,2003/05/12,"tcgplayer,cardmarket",https://prices.pokemontcg.io/tcgplayer/ecard3-114,https://images.pokemontcg.io/ecard3/114_hires.png,2026/08/08,2025/11/21,36.2,39.9900016784668,74.47000122070312,349.79998779296875,,77.48,,,,21.6858,1.9609,17.8331,19.0328,21.893400192260742,21.8819,8.5474,8.9973,10.6699,10.0816,1.1535,2026-08-09
sm5-146,Dialga-GX,holofoil,Ultra Prism,146,Rare Ultra,5ban Graphics,Basic|GX,483,Pokémon,2018/02/02,"tcgplayer,cardmarket",https://prices.pokemontcg.io/tcgplayer/sm5-146,https://images.pokemontcg.io/sm5/146_hires.png,2026/08/08,2025/11/21,20.35,19.989999771118164,22.6299991607666,189.39999389648438,,,,,,14.5687,9.1127,21.0052,0.0,35.96609878540039,16.9218,21.3859,17.1756,11.8234,8.732,1.1535,2026-08-09
sm1-151,Lapras-GX,holofoil,Sun & Moon,151,Rare Rainbow,5ban Graphics,Basic|GX,131,Pokémon,2017/02/03,"tcgplayer,cardmarket",https://prices.pokemontcg.io/tcgplayer/sm1-151,https://images.pokemontcg.io/sm1/151_hires.png,2026/08/08,2025/11/21,28.14,20.0,29.989999771118164,249.99000549316406,,,,,,14.165,3.4605,21.0283,0.0,5.709799766540527,13.7613,23.7506,14.9955,17.7754,14.9148,1.1535,2026-08-09
sm3-143,Guzma,holofoil,Burning Shadows,143,Rare Ultra,Masakazu Fukuda,Supporter,,Trainer,2017/08/05,"tcgplayer,cardmarket",https://prices.pokemontcg.io/tcgplayer/sm3-143,https://images.pokemontcg.io/sm3/143_hires.png,2026/08/08,2025/11/21,25.15,15.0,25.030000686645508,99.98999786376953,,,,,,17.3256,4.614,16.5873,0.0,7.001699924468994,15.7914,16.8757,8.063,11.2582,13.9689,1.1535,2026-08-09
ecard1-145,Pokémon Nurse,normal,Expedition Base Set,145,Uncommon,Ken Sugimori,Supporter,,Trainer,2002/09/15,"tcgplayer,cardmarket",https://prices.pokemontcg.io/tcgplayer/ecard1-145,https://images.pokemontcg.io/ecard1/145_hires.png,2026/08/08,2025/11/21,13.17,22.0,59.459999084472656,63.150001525878906,,31.33,,,,2.2609,0.4268,2.0648,3.4605,4.59089994430542,1.9956,2.134,8.6512,8.5474,6.7826,1.1535,2026-08-09
xyp-XY145,Volcanion,holofoil,XY Black Star Promos,XY145,Promo,5ban Graphics,Basic,721,Pokémon,2013/10/12,"tcgplayer,cardmarket",https://prices.pokemontcg.io/tcgplayer/xyp-XY145,https://images.pokemontcg.io/xyp/XY145_hires.png,2026/08/08,2025/11/21,15.61,50.0,76.0,213.10000610351562,,,,,,23.0585,8.6397,43.3601,0.0,23.058500289916992,71.0671,23.8544,4.4871,8.0284,9.9432,1.1535,2026-08-09
swsh4-146,Allister,normal,Vivid Voltage,146,Uncommon,take,Supporter,,Trainer,2020/11/13,"tcgplayer,cardmarket",https://prices.pokemontcg.io/tcgplayer/swsh4-146,https://images.pokemontcg.io/swsh4/146_hires.png,2026/08/08,2025/11/21,0.03,0.009999999776482582,0.1599999964237213,2.2300000190734863,,0.27,,,,0.0577,0.0231,0.0461,0.173,0.05770000070333481,0.0461,0.0692,0.1154,0.15,0.173,1.1535,2026-08-09
sm9-158,Wondrous Labyrinth ◇,holofoil,Team Up,158,Rare Prism Star,5ban Graphics,Stadium|Prism Star,,Trainer,2019/02/01,"tcgplayer,cardmarket",https://prices.pokemontcg.io/tcgplayer/sm9-158,https://images.pokemontcg.io/sm9/158_hires.png,2026/08/08,2025/11/21,0.71,0.38999998569488525,0.7400000095367432,5.670000076293945,,,,,,1.142,0.2768,1.2342,0.0,1.7302000522613525,1.1881,1.2919,1.1535,1.6264,1.4073,1.1535,2026-08-09
pl3-149,Moltres,holofoil,Supreme Victors,149,Rare Secret,Toshinao Aoki,Basic,146,Pokémon,2009/08/19,"tcgplayer,cardmarket",https://prices.pokemontcg.io/tcgplayer/pl3-149,https://images.pokemontcg.io/pl3/149_hires.png,2026/08/08,2025/11/21,223.59,150.0,208.6300048828125,1999.9000244140625,,,,,,43.6484,16.149,53.3494,59.9474,149.94349670410156,53.2802,55.4718,80.6873,41.0185,28.7683,1.1535,2026-08-09
sm10-143,Rattata,normal,Unbroken Bonds,143,Common,Eri Yamaki,Basic,19,Pokémon,2019/05/03,"tcgplayer,cardmarket",https://prices.pokemontcg.io/tcgplayer/sm10-143,https://images.pokemontcg.io/sm10/143_hires.png,2026/08/08,2025/11/21,0.19,0.03999999910593033,0.2199999988079071,19.979999542236328,,0.32,,,,0.1154,0.0231,0.1038,0.4729,0.05770000070333481,0.0923,0.0923,1.1535,0.5306,0.3922,1.1535,2026-08-09
sm6-138,Dialga-GX,holofoil,Forbidden Light,138,Rare Rainbow,5ban Graphics,Basic|GX,483,Pokémon,2018/05/04,"tcgplayer,cardmarket",https://prices.pokemontcg.io/tcgplayer/sm6-138,https://images.pokemontcg.io/sm6/138_hires.png,2026/08/08,2025/11/21,72.48,65.30000305175781,86.9800033569336,679.4000244140625,,,,,,50.8924,21.9165,56.3485,0.0,48.446998596191406,53.1763,44.8712,46.1285,32.4595,19.621,1.1535,2026-08-09
sm2-150,Alolan Ninetales-GX,holofoil,Guardians Rising,150,Rare Rainbow,5ban Graphics,Stage 1|GX,38,Pokémon,2017/05/05,"tcgplayer,cardmarket",https://prices.pokemontcg.io/tcgplayer/sm2-150,https://images.pokemontcg.io/sm2/150_hires.png,2026/08/08,2025/11/21,83.02,58.88999938964844,79.69000244140625,662.9000244140625,,,,,,4.4986,8.2014,22.7355,0.0,11.53499984741211,30.7869,29.7834,2.307,25.1232,23.7967,1.1535,2026-08-09
swsh1-150,Rookidee,normal,Sword & Shield,150,Common,Akira Komayama,Basic,821,Pokémon,2020/02/07,"tcgplayer,cardmarket",https://prices.pokemontcg.io/tcgplayer/swsh1-150,https://images.pokemontcg.io/swsh1/150_hires.png,2026/08/08,2025/11/21,0.1,0.009999999776482582,0.1599999964237213,20.0,,0.28,,,,0.0807,0.0231,0.0692,0.4383,0.023099999874830246,0.0346,0.0577,0.2307,0.323,0.2884,1.1535,2026-08-09
swsh3-142,Delcatty,normal,Darkness Ablaze,142,Rare,Tika Matsuno,Stage 1,301,Pokémon,2020/08/14,"tcgplayer,cardmarket",https://prices.pokemontcg.io/tcgplayer/swsh3-142,https://images.pokemontcg.io/swsh3/142_hires.png,2026/08/08,2025/11/21,0.41,0.10000000149011612,0.4000000059604645,7.75,,0.73,,,,0.2999,0.0231,0.3576,1.0612,0.31139999628067017,0.2422,0.2768,1.0381,0.8767,0.8421,1.1535,2026-08-09
swsh2-153,Dubwool V,holofoil,Rebel Clash,153,Rare Holo V,5ban Graphics,Basic|V,832,Pokémon,2020/05/01,"tcgplayer,cardmarket",https://prices.pokemontcg.io/tcgplayer/swsh2-153,https://images.pokemontcg.io/swsh2/153_hires.png,2026/08/08,2025/11/18,0.87,0.3499999940395355,1.0,4.0,,,,,,1.3381,0.4037,1.3957,0.0,0.34599998593330383,1.1881,1.2458,1.0958,1.5226,1.7995,1.1535,2026-08-09
xy8-149,Super Rod,normal,BREAKthrough,149,Uncommon,Toyste Beach,Item,,Trainer,2015/11/04,"tcgplayer,cardmarket",https://prices.pokemontcg.io/tcgplayer/xy8-149,https://images.pokemontcg.io/xy8/149_hires.png,2026/08/08,2025/11/21,0.83,0.20000000298023224,0.75,5.980000019073486,,2.73,,,,0.1154,0.0,0.1154,0.0,0.11540000140666962,0.1038,0.1038,0.0,0.0,0.0,1.1535,2026-08-09
sm11-144,Whimsicott,normal,Unified Minds,144,Rare,Shibuzoh.,Stage 1,547,Pokémon,2019/08/02,"tcgplayer,cardmarket",https://prices.pokemontcg.io/tcgplayer/sm11-144,https://images.pokemontcg.io/sm11/144_hires.png,2026/08/08,2025/11/21,4.8,3.5,4.989999771118164,42.900001525878906,,10.21,,,,0.9228,0.0461,1.2689,2.5723,4.487100124359131,1.1996,0.8882,0.4499,2.2839,1.5457,1.1535,2026-08-09
smp-SM153,Rowlet,holofoil,SM Black Star Promos,SM153,Promo,Masakazu Fukuda,Basic,722,Pokémon,2017/02/03,"tcgplayer,cardmarket",https://prices.pokemontcg.io/tcgplayer/smp-SM153,https://images.pokemontcg.io/smp/SM153_hires.png,2026/08/08,2025/11/21,2.42,0.6899999976158142,1.9500000476837158,19.600000381469727,,,,,,3.0452,1.0958,2.4454,0.0,2.1916000843048096,2.4916,2.134,1.2689,1.7187,1.142,1.1535,2026-08-09
ecard2-125,Healing Berry,normal,Aquapolis,125,Uncommon,Shin-ichi Yoshikawa,Pokémon Tool,,Trainer,2003/01/15,"tcgplayer,cardmarket",https://prices.pokemontcg.io/tcgplayer/ecard2-125,https://images.pokemontcg.io/ecard2/125_hires.png,2026/08/08,2025/11/21,2.6,1.059999942779541,2.5799999237060547,32.599998474121094,,8.23,,,,0.8651,0.1154,0.8767,2.8376,0.40369999408721924,0.8767,1.0381,2.8607,3.4144,2.7338,1.1535,2026-08-09
sm7-148,Tate & Liza,normal,Celestial Storm,148,Uncommon,Megumi Mizutani,Supporter,,Trainer,2018/08/03,"tcgplayer,cardmarket",https://prices.pokemontcg.io/tcgplayer/sm7-148,https://images.pokemontcg.io/sm7/148_hires.png,2026/08/08,2025/11/21,0.49,0.1599999964237213,0.49000000953674316,2.990000009536743,,2.6,,,,0.3691,0.0231,0.4614,1.3265,0.5882999897003174,0.4268,0.3576,1.0958,1.0728,1.0958,1.1535,2026-08-09
sm8-147,Morelull,normal,Lost Thunder,147,Common,You Iribi,Basic,755,Pokémon,2018/11/02,"tcgplayer,cardmarket",https://prices.pokemontcg.io/tcgplayer/sm8-147,https://images.pokemontcg.io/sm8/147_hires.png,2026/08/08,2025/11/21,0.33,0.10000000149011612,0.3499999940395355,2.990000009536743,,0.61,,,,0.1269,0.0231,0.1154,0.323,0.023099999874830246,0.1615,0.1269,1.142,0.5883,0.4499,1.1535,2026-08-09
sm12-153,Swirlix,normal,Cosmic Eclipse,153,Common,MAHOU,Basic,684,Pokémon,2019/11/01,"tcgplayer,cardmarket",https://prices.pokemontcg.io/tcgplayer/sm12-153,https://images.pokemontcg.io/sm12/153_hires.png,2026/08/08,2025/11/18,0.27,0.17000000178813934,0.3199999928474426,19.979999542236328,,1.12,,,,0.1154,0.0231,0.15,0.3576,0.06920000165700912,0.1038,0.1038,0.2884,0.3576,0.346,1.1535,2026-08-09
sm12-154,Slurpuff,normal,Cosmic Eclipse,154,Rare,Kyoko Umemoto,Stage 1,685,Pokémon,2019/11/01,"tcgplayer,cardmarket",https://prices.pokemontcg.io/tcgplayer/sm12-154,https://images.pokemontcg.io/sm12/154_hires.png,2026/08/08,2025/11/18,2.35,1.100000023841858,2.3499999046325684,26.700000762939453,,4.61,,,,0.4037,0.0461,0.323,1.3035,0.11540000140666962,0.4383,0.3922,1.142,0.9113,0.8074,1.1535,2026-08-09
sm6-139,Xerneas-GX,holofoil,Forbidden Light,139,Rare Rainbow,5ban Graphics,Basic|GX,716,Pokémon,2018/05/04,"tcgplayer,cardmarket",https://prices.pokemontcg.io/tcgplayer/sm6-139,https://images.pokemontcg.io/sm6/139_hires.png,2026/08/08,2025/11/21,62.99,58.7599983215332,75.0,587.5999755859375,,,,,,33.4515,13.842,41.5145,0.0,25.37700080871582,37.1773,35.5047,28.826,26.196,21.7781,1.1535,2026-08-09
swsh4-147,Bea,normal,Vivid Voltage,147,Uncommon,take,Supporter,,Trainer,2020/11/13,"tcgplayer,cardmarket",https://prices.pokemontcg.io/tcgplayer/swsh4-147,https://images.pokemontcg.io/swsh4/147_hires.png,2026/08/08,2025/11/21,0.03,0.009999999776482582,0.1899999976158142,19.979999542236328,,0.23,,,,0.0461,0.0231,0.0461,0.2192,0.11540000140666962,0.0577,0.0577,0.1154,0.1846,0.2192,1.1535,2026-08-09
sm9-159,Celebi & Venusaur-GX,holofoil,Team Up,159,Rare Ultra,5ban Graphics,Basic|TAG TEAM|GX,3|251,Pokémon,2019/02/01,"tcgplayer,cardmarket",https://prices.pokemontcg.io/tcgplayer/sm9-159,https://images.pokemontcg.io/sm9/159_hires.png,2026/08/08,2025/11/21,62.44,58.63999938964844,75.0,638.5,,,,,,32.8632,6.921,36.7274,0.0,23.06999969482422,35.0433,37.7656,20.7053,15.9529,14.511,1.1535,2026-08-09
sm1-152,Espeon-GX,holofoil,Sun & Moon,152,Rare Rainbow,5ban Graphics,Stage 1|GX,196,Pokémon,2017/02/03,"tcgplayer,cardmarket",https://prices.pokemontcg.io/tcgplayer/sm1-152,https://images.pokemontcg.io/sm1/152_hires.png,2026/08/08,2025/11/21,50.29,41.16999816894531,65.0,499.989990234375,,,,,,33.3938,6.3442,30.2678,0.0,34.60499954223633,28.6645,31.6982,10.37,43.4177,37.7887,1.1535,2026-08-09
sm2-151,Wishiwashi-GX,holofoil,Guardians Rising,151,Rare Rainbow,5ban Graphics,Basic|GX,746,Pokémon,2017/05/05,"tcgplayer,cardmarket",https://prices.pokemontcg.io/tcgplayer/sm2-151,https://images.pokemontcg.io/sm2/151_hires.png,2026/08/08,2025/11/21,13.92,14.229999542236328,102.0,109.76000213623047,,,,,,12.9653,3.4374,15.1916,0.0,17.302499771118164,15.4684,12.677,11.5235,12.2848,12.1117,1.1535,2026-08-09
sm5-147,Palkia-GX,holofoil,Ultra Prism,147,Rare Ultra,5ban Graphics,Basic|GX,484,Pokémon,2018/02/02,"tcgplayer,cardmarket",https://prices.pokemontcg.io/tcgplayer/sm5-147,https://images.pokemontcg.io/sm5/147_hires.png,2026/08/08,2025/11/21,24.26,23.829999923706055,30.229999542236328,229.89999389648438,,,,,,14.9724,5.6522,13.2537,0.0,19.609500885009766,12.6424,11.7542,17.291,13.3345,9.6087,1.1535,2026-08-09
sm10-144,Raticate,normal,Unbroken Bonds,144,Uncommon,Shigenori Negishi,Stage 1,20,Pokémon,2019/05/03,"tcgplayer,cardmarket",https://prices.pokemontcg.io/tcgplayer/sm10-144,https://images.pokemontcg.io/sm10/144_hires.png,2026/08/08,2025/11/21,0.05,0.009999999776482582,0.20000000298023224,19.979999542236328,,0.35,,,,0.1384,0.0231,0.1154,0.5306,0.03460000082850456,0.0923,0.1154,0.5652,0.496,0.4845,1.1535,2026-08-09
swsh2-154,Boss's Orders,holofoil,Rebel Clash,154,Rare Holo,nagimiso,Supporter,,Trainer,2020/05/01,"tcgplayer,cardmarket",https://prices.pokemontcg.io/tcgplayer/swsh2-154,https://images.pokemontcg.io/swsh2/154_hires.png,2026/08/08,2025/11/18,1.34,0.49000000953674316,1.4900000095367432,78.0199966430664,,3.33,,,,0.0,51.9075,0.0,63.4194,0.0,0.0,0.0,51.9075,59.9474,62.139,1.1535,2026-08-09
sm3-144,Kiawe,holofoil,Burning Shadows,144,Rare Ultra,Naoki Saito,Supporter,,Trainer,2017/08/05,"tcgplayer,cardmarket",https://prices.pokemontcg.io/tcgplayer/sm3-144,https://images.pokemontcg.io/sm3/144_hires.png,2026/08/08,2025/11/21,10.33,7.010000228881836,10.539999961853027,59.95000076293945,,,,,,8.3283,2.0186,10.7737,0.0,23.058500289916992,9.9662,8.0399,8.063,8.8819,8.3744,1.1535,2026-08-09
smp-SM154,Salandit,holofoil,SM Black Star Promos,SM154,Promo,Naoki Saito,Basic,757,Pokémon,2017/02/03,"tcgplayer,cardmarket",https://prices.pokemontcg.io/tcgplayer/smp-SM154,https://images.pokemontcg.io/smp/SM154_hires.png,2026/08/08,2025/11/21,0.75,0.3499999940395355,0.7400000095367432,18.8799991607666,,,,,,1.9148,1.142,1.5918,0.0,2.8722000122070312,1.5803,1.7072,1.3842,1.5688,1.315,1.1535,2026-08-09
sm7-148a,Tate & Liza,,Celestial Storm,148a,Uncommon,You Iribi,Supporter,,Trainer,2018/08/03,cardmarket,https://prices.pokemontcg.io/cardmarket/sm7-148a,https://images.pokemontcg.io/sm7/148a_hires.png,,2025/11/21,,,,,,,,,,5.1907,1.6034,5.6868,0.0,2.0762999057769775,4.2218,4.4064,3.1145,3.2875,3.2875,1.1535,2026-08-09
sm11-145,Dedenne,normal,Unified Minds,145,Uncommon,Saya Tsuruta,Basic,702,Pokémon,2019/08/02,"tcgplayer,cardmarket",https://prices.pokemontcg.io/tcgplayer/sm11-145,https://images.pokemontcg.io/sm11/145_hires.png,2026/08/08,2025/11/21,1.48,0.8799999952316284,1.649999976158142,19.979999542236328,,8.58,,,,0.2422,0.0231,0.3576,1.4303,0.18459999561309814,0.2884,0.2422,1.1535,1.2689,0.9228,1.1535,2026-08-09
swsh3-143,Salamence V,holofoil,Darkness Ablaze,143,Rare Holo V,Saki Hayashiro,Basic|V,373,Pokémon,2020/08/14,"tcgplayer,cardmarket",https://prices.pokemontcg.io/tcgplayer/swsh3-143,https://images.pokemontcg.io/swsh3/143_hires.png,2026/08/08,2025/11/21,0.97,0.5,1.1299999952316284,25.0,,,,,,1.7302,0.5767,1.5226,0.0,1.4419000148773193,1.5226,1.6841,1.5342,2.1455,2.7799,1.1535,2026-08-09
ecard3-115,Weedle,normal,Skyridge,115,Common,Sumiyoshi Kizuki,Basic,13,Pokémon,2003/05/12,"tcgplayer,cardmarket",https://prices.pokemontcg.io/tcgplayer/ecard3-115,https://images.pokemontcg.io/ecard3/115_hires.png,2026/08/08,2025/11/21,26.39,33.0,44.9900016784668,248.0,,47.59,,,,7.4977,1.8341,7.0363,6.0789,4.602499961853027,6.4481,5.1792,6.8633,8.9512,8.8935,1.1535,2026-08-09
pl3-150,Zapdos,holofoil,Supreme Victors,150,Rare Secret,Toshinao Aoki,Basic,145,Pokémon,2009/08/19,"tcgplayer,cardmarket",https://prices.pokemontcg.io/tcgplayer/pl3-150,https://images.pokemontcg.io/pl3/150_hires.png,2026/08/08,2025/11/21,211.27,170.07000732421875,221.25999450683594,1479.9000244140625,,,,,,92.9952,11.535,71.9899,0.0,23.06999969482422,95.1984,75.5427,13.8305,23.416,31.7559,1.1535,2026-08-09
ecard2-126,Juggler,normal,Aquapolis,126,Uncommon,Ken Sugimori,Supporter,,Trainer,2003/01/15,"tcgplayer,cardmarket",https://prices.pokemontcg.io/tcgplayer/ecard2-126,https://images.pokemontcg.io/ecard2/126_hires.png,2026/08/08,2025/11/21,1.31,0.699999988079071,1.2100000381469727,19.979999542236328,,9.14,,,,0.7036,0.173,0.8421,0.0,0.8651000261306763,0.992,0.7613,4.614,4.9254,4.1987,1.1535,2026-08-09
xy8-150,Town Map,normal,BREAKthrough,150,Uncommon,Toyste Beach,Item,,Trainer,2015/11/04,"tcgplayer,cardmarket",https://prices.pokemontcg.io/tcgplayer/xy8-150,https://images.pokemontcg.io/xy8/150_hires.png,2026/08/08,2025/11/21,2.58,0.9700000286102295,2.299999952316284,14.989999771118164,,4.85,,,,1.6495,0.0577,1.9148,2.1916,1.038100004196167,2.1916,2.157,6.3442,3.2067,4.3718,1.1535,2026-08-09
xyp-XY146,Clawitzer,holofoil,XY Black Star Promos,XY146,Promo,Mitsuhiro Arita,Stage 1,693,Pokémon,2013/10/12,"tcgplayer,cardmarket",https://prices.pokemontcg.io/tcgplayer/xyp-XY146,https://images.pokemontcg.io/xyp/XY146_hires.png,2026/08/08,2025/11/21,16.15,13.5,24.549999237060547,265.0,,,,,,20.3708,7.4862,20.4516,0.0,44.98649978637695,19.3788,14.7302,11.4773,5.8367,5.8367,1.1535,2026-08-09
swsh1-151,Corvisquire,normal,Sword & Shield,151,Uncommon,Anesaki Dynamic,Stage 1,822,Pokémon,2020/02/07,"tcgplayer,cardmarket",https://prices.pokemontcg.io/tcgplayer/swsh1-151,https://images.pokemontcg.io/swsh1/151_hires.png,2026/08/08,2025/11/21,0.13,0.009999999776482582,0.20000000298023224,19.979999542236328,,0.53,,,,0.0692,0.0231,0.0692,0.8305,0.023099999874830246,0.0346,0.0577,0.2884,0.6806,0.646,1.1535,2026-08-09
ecard1-146,Pokémon Reversal,normal,Expedition Base Set,146,Uncommon,"""Big Mama"" Tagawa",,,Trainer,2002/09/15,"tcgplayer,cardmarket",https://prices.pokemontcg.io/tcgplayer/ecard1-146,https://images.pokemontcg.io/ecard1/146_hires.png,2026/08/08,2025/11/21,3.26,1.7999999523162842,3.3299999237060547,42.70000076293945,,12.73,,,,1.1881,0.1154,1.0728,2.5954,0.57669997215271,1.3381,1.2227,2.5954,2.2263,2.3185,1.1535,2026-08-09
sm8-148,Shiinotic,normal,Lost Thunder,148,Uncommon,Suwama Chiaki,Stage 1,756,Pokémon,2018/11/02,"tcgplayer,cardmarket",https://prices.pokemontcg.io/tcgplayer/sm8-148,https://images.pokemontcg.io/sm8/148_hires.png,2026/08/08,2025/11/21,0.38,0.14000000059604645,0.3799999952316284,19.979999542236328,,0.63,,,,0.2076,0.0346,0.2307,1.3842,0.25380000472068787,0.2653,0.173,2.307,1.4765,0.8536,1.1535,2026-08-09
sm1-153,Lunala-GX,holofoil,Sun & Moon,153,Rare Rainbow,5ban Graphics,Stage 2|GX,792,Pokémon,2017/02/03,"tcgplayer,cardmarket",https://prices.pokemontcg.io/tcgplayer/sm1-153,https://images.pokemontcg.io/sm1/153_hires.png,2026/08/08,2025/11/21,18.04,11.880000114440918,20.0,311.20001220703125,,,,,,16.2874,3.4605,16.1721,0.0,5.767499923706055,16.4143,16.3336,18.3983,21.6743,18.6982,1.1535,2026-08-09
sm2-152,Vikavolt-GX,holofoil,Guardians Rising,152,Rare Rainbow,5ban Graphics,Stage 2|GX,738,Pokémon,2017/05/05,"tcgplayer,cardmarket",https://prices.pokemontcg.io/tcgplayer/sm2-152,https://images.pokemontcg.io/sm2/152_hires.png,2026/08/08,2025/11/21,11.3,11.300000190734863,15.119999885559082,109.0,,,,,,10.9352,3.2298,10.6814,0.0,11.511899948120117,11.2351,10.9352,15.2839,12.9999,11.4312,1.1535,2026-08-09
smp-SM155,Kingdra-GX,holofoil,SM Black Star Promos,SM155,Promo,5ban Graphics,Stage 2|GX,230,Pokémon,2017/02/03,"tcgplayer,cardmarket",https://prices.pokemontcg.io/tcgplayer/smp-SM155,https://images.pokemontcg.io/smp/SM155_hires.png,2026/08/08,2025/11/21,16.29,10.0,16.6200008392334,144.19000244140625,,,,,,7.567,3.4028,8.0976,0.0,9.216500282287598,8.2706,7.6477,8.6512,7.9015,8.0399,1.1535,2026-08-09
sm9-160,Magikarp & Wailord-GX,holofoil,Team Up,160,Rare Ultra,5ban Graphics,Basic|TAG TEAM|GX,129|321,Pokémon,2019/02/01,"tcgplayer,cardmarket",https://prices.pokemontcg.io/tcgplayer/sm9-160,https://images.pokemontcg.io/sm9/160_hires.png,2026/08/08,2025/11/18,126.97,100.61000061035156,249.67999267578125,285.0,,,,,,34.0282,13.842,40.9146,0.0,34.60499954223633,42.4949,66.9607,9.228,14.5226,14.5456,1.1535,2026-08-09
ecard3-116,Yanma,normal,Skyridge,116,Common,Miki Tanaka,Basic,193,Pokémon,2003/05/12,"tcgplayer,cardmarket",https://prices.pokemontcg.io/tcgplayer/ecard3-116,https://images.pokemontcg.io/ecard3/116_hires.png,2026/08/08,2025/11/21,11.44,12.0,14.0,149.89999389648438,,29.95,,,,2.2839,0.2192,2.3647,83.7787,2.8606998920440674,1.6034,2.5838,230.7,41.9989,16.495,1.1535,2026-08-09
swsh2-155,Burning Scarf,normal,Rebel Clash,155,Uncommon,Toyste Beach,Pokémon Tool,,Trainer,2020/05/01,"tcgplayer,cardmarket",https://prices.pokemontcg.io/tcgplayer/swsh2-155,https://images.pokemontcg.io/swsh2/155_hires.png,2026/08/08,2025/11/18,0.13,0.05000000074505806,0.20000000298023224,19.979999542236328,,0.24,,,,0.1269,0.0231,0.1384,0.1384,0.11540000140666962,0.0923,0.0807,0.2307,0.1615,0.2076,1.1535,2026-08-09
pl3-SH7,Milotic,reverseHolofoil,Supreme Victors,SH7,Rare,Hajime Kusajima,Stage 1,350,Pokémon,2009/08/19,"tcgplayer,cardmarket",https://prices.pokemontcg.io/tcgplayer/pl3-SH7,https://images.pokemontcg.io/pl3/SH7_hires.png,2026/08/08,2025/11/21,245.63,134.0,199.99000549316406,1099.300048828125,,,,,,0.0,21.9165,32.3557,50.754,86.51249694824219,54.872,79.0147,32.8632,44.4097,48.2624,1.1535,2026-08-09
xy8-151,Burning Energy,normal,BREAKthrough,151,Uncommon,5ban Graphics,Special,,Energy,2015/11/04,"tcgplayer,cardmarket",https://prices.pokemontcg.io/tcgplayer/xy8-151,https://images.pokemontcg.io/xy8/151_hires.png,2026/08/08,2025/11/21,1.33,0.3499999940395355,1.0299999713897705,5.090000152587891,,1.9,,,,1.661,0.4614,1.6726,6.921,0.3345000147819519,1.7649,2.1109,2.5954,2.7684,5.7444,1.1535,2026-08-09
xyp-XY147,Hoopa,holofoil,XY Black Star Promos,XY147,Promo,Yoshinobu Saito,Basic,720,Pokémon,2013/10/12,"tcgplayer,cardmarket",https://prices.pokemontcg.io/tcgplayer/xyp-XY147,https://images.pokemontcg.io/xyp/XY147_hires.png,2026/08/08,2025/11/21,23.45,19.059999465942383,49.0,579.0900268554688,,,,,,27.684,13.8305,30.487,0.0,27.672500610351562,30.1294,16.8757,5.6406,7.1402,7.4862,1.1535,2026-08-09
sm5-148,Cynthia,holofoil,Ultra Prism,148,Rare Ultra,nagimiso,Supporter,,Trainer,2018/02/02,"tcgplayer,cardmarket",https://prices.pokemontcg.io/tcgplayer/sm5-148,https://images.pokemontcg.io/sm5/148_hires.png,2026/08/08,2025/11/21,241.11,169.99000549316406,236.42999267578125,1519.5,,,,,,93.5373,40.3725,101.9117,0.0,92.27999877929688,93.5488,106.8948,49.6005,54.1914,54.9412,1.1535,2026-08-09
sm12-155,Sylveon,normal,Cosmic Eclipse,155,Rare,Naoyo Kimura,Stage 1,700,Pokémon,2019/11/01,"tcgplayer,cardmarket",https://prices.pokemontcg.io/tcgplayer/sm12-155,https://images.pokemontcg.io/sm12/155_hires.png,2026/08/08,2025/11/18,5.77,3.9800000190734863,5.679999828338623,49.65999984741211,,11.78,,,,2.8261,0.4614,2.3647,6.5288,1.038100004196167,2.0763,2.4339,5.7675,6.275,6.6211,1.1535,2026-08-09
sm7-149,TV Reporter,normal,Celestial Storm,149,Uncommon,Ken Sugimori,Supporter,,Trainer,2018/08/03,"tcgplayer,cardmarket",https://prices.pokemontcg.io/tcgplayer/sm7-149,https://images.pokemontcg.io/sm7/149_hires.png,2026/08/08,2025/11/21,0.21,0.07999999821186066,0.25,19.979999542236328,,0.44,,,,0.1269,0.0231,0.1384,0.0231,0.11540000140666962,0.1154,0.1154,0.0231,0.3576,0.4268,1.1535,2026-08-09
sm10-145,Spearow,normal,Unbroken Bonds,145,Common,tetsuya koizumi,Basic,21,Pokémon,2019/05/03,"tcgplayer,cardmarket",https://prices.pokemontcg.io/tcgplayer/sm10-145,https://images.pokemontcg.io/sm10/145_hires.png,2026/08/08,2025/11/21,0.21,0.03999999910593033,0.2199999988079071,19.979999542236328,,0.34,,,,0.1269,0.0231,0.1038,0.4153,0.03460000082850456,0.1038,0.1384,0.2884,0.3807,0.4037,1.1535,2026-08-09
ecard2-127,Lightning Cube 01,normal,Aquapolis,127,Uncommon,"""Big Mama"" Tagawa",Technical Machine,,Trainer,2003/01/15,"tcgplayer,cardmarket",https://prices.pokemontcg.io/tcgplayer/ecard2-127,https://images.pokemontcg.io/ecard2/127_hires.png,2026/08/08,2025/11/21,1.63,1.0,2.0,19.979999542236328,,4.71,,,,0.6229,0.1154,0.7728,6.3096,0.57669997215271,0.646,1.0151,1.0728,2.5838,2.0532,1.1535,2026-08-09
sm6-140,Ultra Necrozma-GX,holofoil,Forbidden Light,140,Rare Rainbow,PLANETA Igarashi,Basic|GX|Ultra Beast,800,Pokémon,2018/05/04,"tcgplayer,cardmarket",https://prices.pokemontcg.io/tcgplayer/sm6-140,https://images.pokemontcg.io/sm6/140_hires.png,2026/08/08,2025/11/21,42.5,38.08000183105469,43.68000030517578,423.8999938964844,,,,,,23.0585,16.149,25.9307,0.0,20.75149917602539,26.7612,23.6698,28.826,24.3965,21.2129,1.1535,2026-08-09
sm3-145,Plumeria,holofoil,Burning Shadows,145,Rare Ultra,Sanosuke Sakuma,Supporter,,Trainer,2017/08/05,"tcgplayer,cardmarket",https://prices.pokemontcg.io/tcgplayer/sm3-145,https://images.pokemontcg.io/sm3/145_hires.png,2026/08/08,2025/11/21,14.83,8.0,15.760000228881836,49.9900016784668,,,,,,11.0044,2.7107,12.4924,0.0,8.651200294494629,10.3584,11.535,8.6512,9.4818,9.6202,1.1535,2026-08-09
sm8-149,Mimikyu-GX,holofoil,Lost Thunder,149,Rare Holo GX,5ban Graphics,Basic|GX,778,Pokémon,2018/11/02,"tcgplayer,cardmarket",https://prices.pokemontcg.io/tcgplayer/sm8-149,https://images.pokemontcg.io/sm8/149_hires.png,2026/08/08,2025/11/21,53.47,43.939998626708984,59.290000915527344,716.2999877929688,,,,,,9.4587,1.7187,8.2937,0.0,10.369999885559082,8.7205,8.732,4.0257,4.2103,4.5794,1.1535,2026-08-09
ecard1-147,Power Charge,normal,Expedition Base Set,147,Uncommon,Keiji Kinebuchi,,,Trainer,2002/09/15,"tcgplayer,cardmarket",https://prices.pokemontcg.io/tcgplayer/ecard1-147,https://images.pokemontcg.io/ecard1/147_hires.png,2026/08/08,2025/11/21,0.93,0.3400000035762787,0.9200000166893005,19.979999542236328,,7.99,,,,0.7959,0.1038,0.8074,2.6415,0.57669997215271,1.0381,0.8421,3.0568,2.0878,2.7799,1.1535,2026-08-09
swsh1-152,Wooloo,normal,Sword & Shield,152,Common,Mitsuhiro Arita,Basic,831,Pokémon,2020/02/07,"tcgplayer,cardmarket",https://prices.pokemontcg.io/tcgplayer/swsh1-152,https://images.pokemontcg.io/swsh1/152_hires.png,2026/08/08,2025/11/21,0.17,0.029999999329447746,0.20000000298023224,19.979999542236328,,0.34,,,,0.0692,0.0231,0.1038,0.4499,0.023099999874830246,0.0692,0.0577,0.2307,0.4153,0.3691,1.1535,2026-08-09
sm11-146,Garchomp & Giratina-GX,holofoil,Unified Minds,146,Rare Holo GX,Mitsuhiro Arita,Basic|TAG TEAM|GX,445|487,Pokémon,2019/08/02,"tcgplayer,cardmarket",https://prices.pokemontcg.io/tcgplayer/sm11-146,https://images.pokemontcg.io/sm11/146_hires.png,2026/08/08,2025/11/21,54.7,36.709999084472656,59.060001373291016,129.97000122070312,,,,,,34.2128,8.6512,36.4275,0.0,41.214599609375,35.7585,36.0699,8.9396,6.0559,6.6096,1.1535,2026-08-09
swsh4-148,Beauty,normal,Vivid Voltage,148,Uncommon,kirisAki,Supporter,,Trainer,2020/11/13,"tcgplayer,cardmarket",https://prices.pokemontcg.io/tcgplayer/swsh4-148,https://images.pokemontcg.io/swsh4/148_hires.png,2026/08/08,2025/11/21,0.04,0.009999999776482582,0.15000000596046448,25.040000915527344,,0.22,,,,0.0461,0.0231,0.0577,0.1384,0.11540000140666962,0.0923,0.0577,0.1038,0.15,0.1615,1.1535,2026-08-09
swsh3-144,Salamence VMAX,holofoil,Darkness Ablaze,144,Rare Holo VMAX,5ban Graphics,VMAX,373,Pokémon,2020/08/14,"tcgplayer,cardmarket",https://prices.pokemontcg.io/tcgplayer/swsh3-144,https://images.pokemontcg.io/swsh3/144_hires.png,2026/08/08,2025/11/21,3.31,2.0,3.740000009536743,99.0,,,,,,3.8527,0.9113,3.8181,0.0,4.14109992980957,4.0373,3.9796,7.4977,8.7205,9.6087,1.1535,2026-08-09
sm2-153,Tapu Koko-GX,holofoil,Guardians Rising,153,Rare Rainbow,5ban Graphics,Basic|GX,785,Pokémon,2017/05/05,"tcgplayer,cardmarket",https://prices.pokemontcg.io/tcgplayer/sm2-153,https://images.pokemontcg.io/sm2/153_hires.png,2026/08/08,2025/11/18,14.63,8.5,18.100000381469727,141.27000427246094,,,,,,15.7568,4.0373,12.6654,0.0,17.302499771118164,14.165,13.5882,17.291,15.8491,16.3797,1.1535,2026-08-09
sm9-161,Magikarp & Wailord-GX,holofoil,Team Up,161,Rare Ultra,OOYAMA,Basic|TAG TEAM|GX,129|321,Pokémon,2019/02/01,"tcgplayer,cardmarket",https://prices.pokemontcg.io/tcgplayer/sm9-161,https://images.pokemontcg.io/sm9/161_hires.png,2026/08/08,2025/11/18,861.78,817.9000244140625,1000.0,1266.6099853515625,,,,,,845.7001,57.5596,525.4654,0.0,374.88751220703125,559.2399,379.0516,40.2571,34.4896,39.3228,1.1535,2026-08-09
sm1-154,Umbreon-GX,holofoil,Sun & Moon,154,Rare Rainbow,5ban Graphics,Stage 1|GX,197,Pokémon,2017/02/03,"tcgplayer,cardmarket",https://prices.pokemontcg.io/tcgplayer/sm1-154,https://images.pokemontcg.io/sm1/154_hires.png,2026/08/08,2025/11/21,140.9,67.37999725341797,140.4499969482422,999.989990234375,,,,,,64.5614,9.2395,46.4399,0.0,11.53499984741211,53.7762,50.0042,40.3379,59.163,39.8073,1.1535,2026-08-09
smp-SM156,Dragonite-GX,holofoil,SM Black Star Promos,SM156,Promo,5ban Graphics,Stage 2|GX,149,Pokémon,2017/02/03,"tcgplayer,cardmarket",https://prices.pokemontcg.io/tcgplayer/smp-SM156,https://images.pokemontcg.io/smp/SM156_hires.png,2026/08/08,2025/11/21,88.79,80.0,114.69000244140625,870.9000244140625,,,,,,29.2066,10.9582,60.0051,0.0,13.668999671936035,122.3402,48.4701,38.6307,35.9315,27.3033,1.1535,2026-08-09
xy8-152,Rainbow Energy,normal,BREAKthrough,152,Uncommon,5ban Graphics,Special,,Energy,2015/11/04,"tcgplayer,cardmarket",https://prices.pokemontcg.io/tcgplayer/xy8-152,https://images.pokemontcg.io/xy8/152_hires.png,2026/08/08,2025/11/21,0.36,0.20000000298023224,0.3799999952316284,1000.0,,0.66,,,,0.992,0.1038,0.6575,0.0,0.57669997215271,0.9459,0.819,1.0266,1.0612,1.4765,1.1535,2026-08-09
pl3-SH8,Relicanth,reverseHolofoil,Supreme Victors,SH8,Rare,Sumiyoshi Kizuki,Basic,369,Pokémon,2009/08/19,"tcgplayer,cardmarket",https://prices.pokemontcg.io/tcgplayer/pl3-SH8,https://images.pokemontcg.io/pl3/SH8_hires.png,2026/08/08,2025/11/21,99.98,73.0,123.23999786376953,1394.9000244140625,,,,,,20.1863,11.5235,19.5518,11.535,17.302499771118164,19.598,18.306,11.535,133.656,47.2012,1.1535,2026-08-09
swsh2-156,Capacious Bucket,normal,Rebel Clash,156,Uncommon,sadaji,Item,,Trainer,2020/05/01,"tcgplayer,cardmarket",https://prices.pokemontcg.io/tcgplayer/swsh2-156,https://images.pokemontcg.io/swsh2/156_hires.png,2026/08/08,2025/11/18,0.28,0.05000000074505806,0.25999999046325684,19.979999542236328,,0.49,,,,0.173,0.0231,0.2076,0.4614,0.8996999859809875,0.323,0.2307,1.0151,0.6344,0.5306,1.1535,2026-08-09
ecard3-117,Zubat,normal,Skyridge,117,Common,Hisao Nakamura,Basic,41,Pokémon,2003/05/12,"tcgplayer,cardmarket",https://prices.pokemontcg.io/tcgplayer/ecard3-117,https://images.pokemontcg.io/ecard3/117_hires.png,2026/08/08,2025/11/21,26.72,24.520000457763672,36.880001068115234,252.8800048828125,,64.99,,,,7.3363,2.2493,7.9592,6.921,8.062999725341797,8.3859,6.3442,11.535,9.0319,10.9121,1.1535,2026-08-09
sm6-141,Beast Ring,holofoil,Forbidden Light,141,Rare Secret,Toyste Beach,Item,,Trainer,2018/05/04,"tcgplayer,cardmarket",https://prices.pokemontcg.io/tcgplayer/sm6-141,https://images.pokemontcg.io/sm6/141_hires.png,2026/08/08,2025/11/21,9.41,7.730000019073486,9.90999984741211,130.0,,,,,,10.2315,3.3913,9.4818,0.0,5.767499923706055,9.1473,9.4933,13.842,11.2582,8.0514,1.1535,2026-08-09
sm5-149,Gardenia,holofoil,Ultra Prism,149,Rare Ultra,You Iribi,Supporter,,Trainer,2018/02/02,"tcgplayer,cardmarket",https://prices.pokemontcg.io/tcgplayer/sm5-149,https://images.pokemontcg.io/sm5/149_hires.png,2026/08/08,2025/11/18,52.83,47.130001068115234,54.400001525878906,158.52999877929688,,,,,,41.7913,9.228,35.5624,0.0,25.261600494384766,32.5979,50.4195,21.8011,30.2794,22.424,1.1535,2026-08-09
ecard2-128,Memory Berry,normal,Aquapolis,128,Uncommon,Shin-ichi Yoshikawa,Pokémon Tool,,Trainer,2003/01/15,"tcgplayer,cardmarket",https://prices.pokemontcg.io/tcgplayer/ecard2-128,https://images.pokemontcg.io/ecard2/128_hires.png,2026/08/08,2025/11/21,2.49,1.5,2.7799999713897705,29.5,,8.77,,,,2.5377,0.0231,2.0878,1.7302,0.9228000044822693,2.2839,1.3381,1.7302,5.3522,3.945,1.1535,2026-08-09
sm12-156,Arceus & Dialga & Palkia-GX,holofoil,Cosmic Eclipse,156,Rare Holo GX,Mitsuhiro Arita,Basic|TAG TEAM|GX,483|484|493,Pokémon,2019/11/01,"tcgplayer,cardmarket",https://prices.pokemontcg.io/tcgplayer/sm12-156,https://images.pokemontcg.io/sm12/156_hires.png,2026/08/08,2025/11/18,29.14,19.760000228881836,31.3700008392334,250.0,,,,,,23.1392,8.0053,20.6246,0.0,24.223499298095703,22.2856,22.5509,9.1934,8.7781,9.055,1.1535,2026-08-09
sm10-146,Fearow,normal,Unbroken Bonds,146,Uncommon,kawayoo,Stage 1,22,Pokémon,2019/05/03,"tcgplayer,cardmarket",https://prices.pokemontcg.io/tcgplayer/sm10-146,https://images.pokemontcg.io/sm10/146_hires.png,2026/08/08,2025/11/21,0.21,0.10000000149011612,0.23000000417232513,19.979999542236328,,0.38,,,,0.15,0.0231,0.15,0.0,0.11540000140666962,0.173,0.173,0.3345,0.6229,0.5998,1.1535,2026-08-09
xyp-XY148,Shaymin-EX,holofoil,XY Black Star Promos,XY148,Promo,Kanako Eo,Basic|EX,492,Pokémon,2013/10/12,"tcgplayer,cardmarket",https://prices.pokemontcg.io/tcgplayer/xyp-XY148,https://images.pokemontcg.io/xyp/XY148_hires.png,2026/08/08,2025/11/21,69.69,52.36000061035156,77.5999984741211,482.1000061035156,,,,,,66.903,46.14,71.9438,0.0,65.74949645996094,74.8621,70.0405,34.5935,20.9245,13.8881,1.1535,2026-08-09
sm7-150,Underground Expedition,normal,Celestial Storm,150,Uncommon,Kagemaru Himeno,Supporter,,Trainer,2018/08/03,"tcgplayer,cardmarket",https://prices.pokemontcg.io/tcgplayer/sm7-150,https://images.pokemontcg.io/sm7/150_hires.png,2026/08/08,2025/11/21,0.22,0.07000000029802322,0.25999999046325684,2.990000009536743,,0.4,,,,0.15,0.0231,0.15,0.4037,0.06920000165700912,0.1615,0.1154,0.2307,0.496,0.4614,1.1535,2026-08-09
sm3-146,Sophocles,holofoil,Burning Shadows,146,Rare Ultra,Sanosuke Sakuma,Supporter,,Trainer,2017/08/05,"tcgplayer,cardmarket",https://prices.pokemontcg.io/tcgplayer/sm3-146,https://images.pokemontcg.io/sm3/146_hires.png,2026/08/08,2025/11/21,7.69,5.0,7.579999923706055,68.83999633789062,,,,,,9.0204,1.7072,9.3664,0.0,11.454299926757812,8.9281,7.7515,20.7053,7.2094,7.2555,1.1535,2026-08-09
sm11-147,Dratini,normal,Unified Minds,147,Common,Motofumi Fujiwara,Basic,147,Pokémon,2019/08/02,"tcgplayer,cardmarket",https://prices.pokemontcg.io/tcgplayer/sm11-147,https://images.pokemontcg.io/sm11/147_hires.png,2026/08/08,2025/11/21,0.37,0.10000000149011612,0.3700000047683716,18.979999542236328,,0.75,,,,0.1961,0.0231,0.15,0.4037,0.08070000261068344,0.173,0.1846,0.2192,0.3114,0.4499,1.1535,2026-08-09
swsh1-153,Wooloo,normal,Sword & Shield,153,Common,Mizue,Basic,831,Pokémon,2020/02/07,"tcgplayer,cardmarket",https://prices.pokemontcg.io/tcgplayer/swsh1-153,https://images.pokemontcg.io/swsh1/153_hires.png,2026/08/08,2025/11/21,0.26,0.019999999552965164,0.25,19.979999542236328,,0.4,,,,0.0577,0.0231,0.0923,0.4614,0.023099999874830246,0.0807,0.0692,0.2307,0.3922,0.3345,1.1535,2026-08-09
ecard1-148,Professor Elm's Training Method,normal,Expedition Base Set,148,Uncommon,Ken Sugimori,Supporter,,Trainer,2002/09/15,"tcgplayer,cardmarket",https://prices.pokemontcg.io/tcgplayer/ecard1-148,https://images.pokemontcg.io/ecard1/148_hires.png,2026/08/08,2025/11/21,2.28,0.949999988079071,2.2799999713897705,17.959999084472656,,47.0,,,,0.8651,0.0346,0.7959,5.5368,1.153499960899353,0.992,0.819,11.535,5.1792,4.6947,1.1535,2026-08-09
sm8-150,Tapu Lele,holofoil,Lost Thunder,150,Rare Holo,Mizue,Basic,786,Pokémon,2018/11/02,"tcgplayer,cardmarket",https://prices.pokemontcg.io/tcgplayer/sm8-150,https://images.pokemontcg.io/sm8/150_hires.png,2026/08/08,2025/11/21,1.66,1.0,1.6799999475479126,19.520000457763672,,2.21,,,,2.3877,0.7959,1.8802,3.4259,4.037300109863281,1.9263,1.7187,3.4374,2.7799,2.7684,1.1535,2026-08-09
swsh4-149,Cara Liss,normal,Vivid Voltage,149,Uncommon,Hitoshi Ariga,Supporter,,Trainer,2020/11/13,"tcgplayer,cardmarket",https://prices.pokemontcg.io/tcgplayer/swsh4-149,https://images.pokemontcg.io/swsh4/149_hires.png,2026/08/08,2025/11/21,0.04,0.009999999776482582,0.15000000596046448,3.0,,0.29,,,,0.0461,0.0231,0.0346,0.173,0.06920000165700912,0.0461,0.0577,0.2307,0.1846,0.173,1.1535,2026-08-09
swsh3-145,Starly,normal,Darkness Ablaze,145,Common,Naoyo Kimura,Basic,396,Pokémon,2020/08/14,"tcgplayer,cardmarket",https://prices.pokemontcg.io/tcgplayer/swsh3-145,https://images.pokemontcg.io/swsh3/145_hires.png,2026/08/08,2025/11/21,0.05,0.009999999776482582,0.15000000596046448,25.049999237060547,,0.22,,,,0.0461,0.0231,0.0461,0.2768,0.03460000082850456,0.0577,0.0461,0.1384,0.1846,0.2192,1.1535,2026-08-09
sm2-154,Toxapex-GX,holofoil,Guardians Rising,154,Rare Rainbow,5ban Graphics,Stage 1|GX,748,Pokémon,2017/05/05,"tcgplayer,cardmarket",https://prices.pokemontcg.io/tcgplayer/sm2-154,https://images.pokemontcg.io/sm2/154_hires.png,2026/08/08,2025/11/18,9.54,8.149999618530273,10.779999732971191,84.5,,,,,,12.4924,2.2955,11.5465,0.0,4.371799945831299,11.0736,10.7968,11.5235,11.4773,10.7968,1.1535,2026-08-09
sm1-155,Solgaleo-GX,holofoil,Sun & Moon,155,Rare Rainbow,5ban Graphics,Stage 2|GX,791,Pokémon,2017/02/03,"tcgplayer,cardmarket",https://prices.pokemontcg.io/tcgplayer/sm1-155,https://images.pokemontcg.io/sm1/155_hires.png,2026/08/08,2025/11/21,16.86,12.0,16.8700008392334,120.19999694824219,,,,,,12.677,6.6903,13.3229,0.0,4.602499961853027,12.9884,16.1951,29.991,31.6059,24.5811,1.1535,2026-08-09
sm9-162,Pikachu & Zekrom-GX,holofoil,Team Up,162,Rare Ultra,5ban Graphics,Basic|TAG TEAM|GX,25|644,Pokémon,2019/02/01,"tcgplayer,cardmarket",https://prices.pokemontcg.io/tcgplayer/sm9-162,https://images.pokemontcg.io/sm9/162_hires.png,2026/08/08,2025/11/18,153.18,92.44000244140625,149.99000549316406,1209.800048828125,,,,,,78.3457,23.07,140.5194,0.0,461.3999938964844,134.2443,80.7104,36.912,43.164,30.7408,1.1535,2026-08-09
smp-SM157,Pikachu,holofoil,SM Black Star Promos,SM157,Promo,Megumi Mizutani,Basic,25,Pokémon,2017/02/03,"tcgplayer,cardmarket",https://prices.pokemontcg.io/tcgplayer/smp-SM157,https://images.pokemontcg.io/smp/SM157_hires.png,2026/08/08,2025/11/21,29.32,20.010000228881836,40.0,189.0500030517578,,,,,,15.7107,4.0373,16.4028,0.0,7.440100193023682,13.7266,11.7196,8.0745,7.2094,5.5714,1.1535,2026-08-09
xy8-153,Houndoom-EX,holofoil,BREAKthrough,153,Rare Ultra,Ryo Ueda,Basic|EX,229,Pokémon,2015/11/04,"tcgplayer,cardmarket",https://prices.pokemontcg.io/tcgplayer/xy8-153,https://images.pokemontcg.io/xy8/153_hires.png,2026/08/08,2025/11/21,38.87,22.420000076293945,38.75,336.7200012207031,,,,,,31.7212,8.6397,32.6094,0.0,28.837499618530273,24.6157,29.3796,11.535,8.8473,7.8207,1.1535,2026-08-09
ecard3-118,Zubat,normal,Skyridge,118,Common,Kyoko Umemoto,Basic,41,Pokémon,2003/05/12,"tcgplayer,cardmarket",https://prices.pokemontcg.io/tcgplayer/ecard3-118,https://images.pokemontcg.io/ecard3/118_hires.png,2026/08/08,2025/11/21,36.98,39.0,77.16999816894531,299.79998779296875,,104.99,,,,4.0142,1.1535,4.0373,8.6512,2.1800999641418457,3.5989,3.3798,8.6512,9.078,8.9627,1.1535,2026-08-09
pl3-SH9,Yanma,reverseHolofoil,Supreme Victors,SH9,Rare,Midori Harada,Basic,193,Pokémon,2009/08/19,"tcgplayer,cardmarket",https://prices.pokemontcg.io/tcgplayer/pl3-SH9,https://images.pokemontcg.io/pl3/SH9_hires.png,2026/08/08,2025/11/21,67.63,44.75,68.5,644.0,,,,,,14.1304,8.0745,20.9591,17.3025,19.609500885009766,15.8029,20.1747,25.6308,18.0407,20.2439,1.1535,2026-08-09
swsh2-157,Cursed Shovel,normal,Rebel Clash,157,Uncommon,Toyste Beach,Pokémon Tool,,Trainer,2020/05/01,"tcgplayer,cardmarket",https://prices.pokemontcg.io/tcgplayer/swsh2-157,https://images.pokemontcg.io/swsh2/157_hires.png,2026/08/08,2025/11/18,0.12,0.03999999910593033,0.20000000298023224,19.979999542236328,,0.3,,,,0.1384,0.0231,0.1269,0.1961,0.09229999780654907,0.1269,0.1038,0.2884,0.1961,0.2538,1.1535,2026-08-09
sm3-147,Wicke,holofoil,Burning Shadows,147,Rare Ultra,Naoki Saito,Supporter,,Trainer,2017/08/05,"tcgplayer,cardmarket",https://prices.pokemontcg.io/tcgplayer/sm3-147,https://images.pokemontcg.io/sm3/147_hires.png,2026/08/08,2025/11/21,63.13,37.849998474121094,48.599998474121094,259.95001220703125,,,,,,20.6015,6.921,18.9059,0.0,21.32819938659668,20.094,21.3282,11.4197,15.6069,13.4267,1.1535,2026-08-09
sm12-157,Reshiram & Zekrom-GX,holofoil,Cosmic Eclipse,157,Rare Holo GX,Naoki Saito,Basic|TAG TEAM|GX,643|644,Pokémon,2019/11/01,"tcgplayer,cardmarket",https://prices.pokemontcg.io/tcgplayer/sm12-157,https://images.pokemontcg.io/sm12/157_hires.png,2026/08/08,2025/11/18,95.88,88.7300033569336,102.04000091552734,389.3599853515625,,,,,,55.195,20.763,13.346,0.0,41.81439971923828,50.5579,65.5649,11.5235,10.2546,8.2245,1.1535,2026-08-09
sm7-151,Rainbow Energy,normal,Celestial Storm,151,Uncommon,,Special,,Energy,2018/08/03,"tcgplayer,cardmarket",https://prices.pokemontcg.io/tcgplayer/sm7-151,https://images.pokemontcg.io/sm7/151_hires.png,2026/08/08,2025/11/21,0.92,0.44999998807907104,0.8899999856948853,2.630000114440918,,0.97,,,,1.1535,1.1535,1.1535,0.0,1.153499960899353,0.7382,0.7382,0.0,0.0,0.0,1.1535,2026-08-09
xyp-XY149,Xerneas-EX,holofoil,XY Black Star Promos,XY149,Promo,Eske Yoshinob,Basic|EX,716,Pokémon,2013/10/12,"tcgplayer,cardmarket",https://prices.pokemontcg.io/tcgplayer/xyp-XY149,https://images.pokemontcg.io/xyp/XY149_hires.png,2026/08/08,2025/11/21,15.63,9.0,15.550000190734863,138.97999572753906,,,,,,4.5448,1.3842,4.3833,0.0,4.18720006942749,4.5217,5.2138,5.6406,3.968,3.3451,1.1535,2026-08-09
ecard2-129,Metal Cube 01,normal,Aquapolis,129,Uncommon,"""Big Mama"" Tagawa",Technical Machine,,Trainer,2003/01/15,"tcgplayer,cardmarket",https://prices.pokemontcg.io/tcgplayer/ecard2-129,https://images.pokemontcg.io/ecard2/129_hires.png,2026/08/08,2025/11/21,1.8,1.1799999475479126,2.0,28.100000381469727,,5.47,,,,1.1304,0.1038,0.9805,2.307,0.51910001039505,0.8536,1.0035,4.0026,2.5723,2.5377,1.1535,2026-08-09
sm6-142,Eneporter,holofoil,Forbidden Light,142,Rare Secret,Toyste Beach,Item,,Trainer,2018/05/04,"tcgplayer,cardmarket",https://prices.pokemontcg.io/tcgplayer/sm6-142,https://images.pokemontcg.io/sm6/142_hires.png,2026/08/08,2025/11/21,5.03,3.5999999046325684,5.670000076293945,59.900001525878906,,,,,,12.4232,5.7675,11.7426,0.0,10.358400344848633,12.8269,10.9006,11.535,9.3087,8.7089,1.1535,2026-08-09
sm10-147,Meowth,normal,Unbroken Bonds,147,Common,Shibuzoh.,Basic,52,Pokémon,2019/05/03,"tcgplayer,cardmarket",https://prices.pokemontcg.io/tcgplayer/sm10-147,https://images.pokemontcg.io/sm10/147_hires.png,2026/08/08,2025/11/21,3.25,2.009999990463257,3.25,10.0,,16.79,,,,0.1384,0.0231,0.1961,0.7959,0.11540000140666962,0.1846,0.15,1.142,0.7959,0.6229,1.1535,2026-08-09
swsh3-146,Staravia,normal,Darkness Ablaze,146,Uncommon,chibi,Stage 1,397,Pokémon,2020/08/14,"tcgplayer,cardmarket",https://prices.pokemontcg.io/tcgplayer/swsh3-146,https://images.pokemontcg.io/swsh3/146_hires.png,2026/08/08,2025/11/21,0.07,0.009999999776482582,0.1899999976158142,25.059999465942383,,0.26,,,,0.0577,0.0231,0.0577,0.1615,0.023099999874830246,0.0577,0.0577,0.1154,0.173,0.173,1.1535,2026-08-09
swsh1-154,Dubwool,normal,Sword & Shield,154,Uncommon,You Iribi,Stage 1,832,Pokémon,2020/02/07,"tcgplayer,cardmarket",https://prices.pokemontcg.io/tcgplayer/swsh1-154,https://images.pokemontcg.io/swsh1/154_hires.png,2026/08/08,2025/11/21,0.07,0.019999999552965164,0.1899999976158142,19.979999542236328,,0.39,,,,0.0923,0.0231,0.0923,1.7072,0.023099999874830246,0.0461,0.0692,0.4037,0.8536,0.6344,1.1535,2026-08-09
swsh4-150,Circhester Bath,normal,Vivid Voltage,150,Uncommon,5ban Graphics,Stadium,,Trainer,2020/11/13,"tcgplayer,cardmarket",https://prices.pokemontcg.io/tcgplayer/swsh4-150,https://images.pokemontcg.io/swsh4/150_hires.png,2026/08/08,2025/11/21,0.02,0.009999999776482582,0.1599999964237213,19.979999542236328,,0.17,,,,0.0577,0.0231,0.0346,0.15,0.11540000140666962,0.0577,0.0692,0.15,0.1384,0.173,1.1535,2026-08-09
sm5-150,Lana,holofoil,Ultra Prism,150,Rare Ultra,Kanako Eo,Supporter,,Trainer,2018/02/02,"tcgplayer,cardmarket",https://prices.pokemontcg.io/tcgplayer/sm5-150,https://images.pokemontcg.io/sm5/150_hires.png,2026/08/08,2025/11/18,45.96,37.93000030517578,46.599998474121094,378.79998779296875,,,,,,35.6547,8.0745,31.8366,0.0,17.302499771118164,34.3743,34.8242,21.905,17.7062,14.6148,1.1535,2026-08-09
sm11-148,Dratini,normal,Unified Minds,148,Common,Sekio,Basic,147,Pokémon,2019/08/02,"tcgplayer,cardmarket",https://prices.pokemontcg.io/tcgplayer/sm11-148,https://images.pokemontcg.io/sm11/148_hires.png,2026/08/08,2025/11/21,0.46,0.1899999976158142,0.46000000834465027,2.990000009536743,,0.98,,,,0.2422,0.0231,0.2076,0.5767,0.17299999296665192,0.1846,0.173,0.1038,0.346,0.7152,1.1535,2026-08-09
sm8-151,Tapu Fini,holofoil,Lost Thunder,151,Rare Holo,Kagemaru Himeno,Basic,788,Pokémon,2018/11/02,"tcgplayer,cardmarket",https://prices.pokemontcg.io/tcgplayer/sm8-151,https://images.pokemontcg.io/sm8/151_hires.png,2026/08/08,2025/11/21,3.94,2.9200000762939453,4.0,42.880001068115234,,4.61,,,,2.1686,0.8651,2.5377,4.614,2.8838000297546387,2.5492,2.2263,5.7675,3.7489,3.4028,1.1535,2026-08-09
sm2-155,Tapu Lele-GX,holofoil,Guardians Rising,155,Rare Rainbow,5ban Graphics,Basic|GX,786,Pokémon,2017/05/05,"tcgplayer,cardmarket",https://prices.pokemontcg.io/tcgplayer/sm2-155,https://images.pokemontcg.io/sm2/155_hires.png,2026/08/08,2025/11/18,21.65,19.0,48.9900016784668,1500.989990234375,,,,,,22.3548,4.5909,16.5989,0.0,5.582900047302246,18.2714,16.4143,28.7798,20.0709,19.7018,1.1535,2026-08-09
ecard1-149,Professor Oak's Research,normal,Expedition Base Set,149,Uncommon,Ken Sugimori,Supporter,,Trainer,2002/09/15,"tcgplayer,cardmarket",https://prices.pokemontcg.io/tcgplayer/ecard1-149,https://images.pokemontcg.io/ecard1/149_hires.png,2026/08/08,2025/11/21,1.75,0.5,1.600000023841858,6.199999809265137,,29.98,,,,0.8882,0.0577,1.2227,3.2529,0.8651000261306763,1.4073,0.8536,4.2795,3.2529,3.4259,1.1535,2026-08-09
sm1-156,Tauros-GX,holofoil,Sun & Moon,156,Rare Rainbow,5ban Graphics,Basic|GX,128,Pokémon,2017/02/03,"tcgplayer,cardmarket",https://prices.pokemontcg.io/tcgplayer/sm1-156,https://images.pokemontcg.io/sm1/156_hires.png,2026/08/08,2025/11/21,14.71,7.900000095367432,15.050000190734863,149.17999267578125,,,,,,11.0159,3.9104,11.0275,0.0,8.501299858093262,10.4161,10.047,13.842,13.196,12.9653,1.1535,2026-08-09
smp-SM158,Charizard,,SM Black Star Promos,SM158,Promo,Anesaki Dynamic,Stage 2,6,Pokémon,2017/02/03,cardmarket,https://prices.pokemontcg.io/tcgplayer/smp-SM158,https://images.pokemontcg.io/smp/SM158_hires.png,2023/03/27,2025/11/21,,,,,,,,,,68.6102,40.3725,94.0679,0.0,74.95439910888672,65.738,91.7148,115.35,202.8545,125.8468,1.1535,2026-08-09
sm9-163,Ampharos-GX,holofoil,Team Up,163,Rare Ultra,5ban Graphics,Stage 2|GX,181,Pokémon,2019/02/01,"tcgplayer,cardmarket",https://prices.pokemontcg.io/tcgplayer/sm9-163,https://images.pokemontcg.io/sm9/163_hires.png,2026/08/08,2025/11/18,28.44,22.25,37.36000061035156,259.3599853515625,,,,,,12.4463,6.3327,20.2209,0.0,7.843800067901611,19.125,17.5909,10.37,9.4126,9.6894,1.1535,2026-08-09
xy8-154,M Houndoom-EX,holofoil,BREAKthrough,154,Rare Ultra,5ban Graphics,MEGA|EX,229,Pokémon,2015/11/04,"tcgplayer,cardmarket",https://prices.pokemontcg.io/tcgplayer/xy8-154,https://images.pokemontcg.io/xy8/154_hires.png,2026/08/08,2025/11/21,58.52,37.0,55.0,419.5,,,,,,38.9768,22.4932,48.6316,0.0,14.995499610900879,48.5624,66.084,11.535,17.3832,12.1579,1.1535,2026-08-09
swsh2-158,Dan,normal,Rebel Clash,158,Uncommon,Hitoshi Ariga,Supporter,,Trainer,2020/05/01,"tcgplayer,cardmarket",https://prices.pokemontcg.io/tcgplayer/swsh2-158,https://images.pokemontcg.io/swsh2/158_hires.png,2026/08/08,2025/11/18,0.04,0.009999999776482582,0.1599999964237213,19.079999923706055,,0.26,,,,0.0461,0.0231,0.0692,0.2192,0.05770000070333481,0.0577,0.0461,0.2307,0.1846,0.2307,1.1535,2026-08-09
ecard3-119,Ancient Ruins,normal,Skyridge,119,Uncommon,Midori Harada,Stadium,,Trainer,2003/05/12,"tcgplayer,cardmarket",https://prices.pokemontcg.io/tcgplayer/ecard3-119,https://images.pokemontcg.io/ecard3/119_hires.png,2026/08/08,2025/11/21,9.81,22.0,105.86000061035156,109.81999969482422,,41.5,,,,1.7649,0.5767,1.5918,0.0,2.0648000240325928,1.8802,2.2724,10.6353,18.6406,13.3806,1.1535,2026-08-09
sm12-158,Naganadel & Guzzlord-GX,holofoil,Cosmic Eclipse,158,Rare Holo GX,Mitsuhiro Arita,Basic|TAG TEAM|GX|Ultra Beast,799|804,Pokémon,2019/11/01,"tcgplayer,cardmarket",https://prices.pokemontcg.io/tcgplayer/sm12-158,https://images.pokemontcg.io/sm12/158_hires.png,2026/08/08,2025/11/18,11.69,8.989999771118164,12.15999984741211,99.97000122070312,,,,,,5.1907,2.0763,4.0719,0.0,4.3256001472473145,5.1215,5.6637,2.8722,3.1606,3.2875,1.1535,2026-08-09
sm3-148,Golisopod-GX,holofoil,Burning Shadows,148,Rare Rainbow,5ban Graphics,Stage 1|GX,768,Pokémon,2017/08/05,"tcgplayer,cardmarket",https://prices.pokemontcg.io/tcgplayer/sm3-148,https://images.pokemontcg.io/sm3/148_hires.png,2026/08/08,2025/11/21,18.15,12.5600004196167,26.770000457763672,1245.97998046875,,,,,,12.2156,3.449,10.6007,0.0,19.597999572753906,11.5004,10.3469,9.1127,10.4161,10.0008,1.1535,2026-08-09
xyp-XY150,Yveltal-EX,holofoil,XY Black Star Promos,XY150,Promo,Eske Yoshinob,Basic|EX,717,Pokémon,2013/10/12,"tcgplayer,cardmarket",https://prices.pokemontcg.io/tcgplayer/xyp-XY150,https://images.pokemontcg.io/xyp/XY150_hires.png,2026/08/08,2025/11/21,13.47,6.619999885559082,13.350000381469727,148.97999572753906,,,,,,5.4791,1.1535,5.0985,0.0,10.369999885559082,5.1561,5.3868,3.4605,3.8642,3.1145,1.1535,2026-08-09
sm8-152,Chansey,normal,Lost Thunder,152,Common,MAHOU,Basic,113,Pokémon,2018/11/02,"tcgplayer,cardmarket",https://prices.pokemontcg.io/tcgplayer/sm8-152,https://images.pokemontcg.io/sm8/152_hires.png,2026/08/08,2025/11/21,1.63,0.6000000238418579,1.6799999475479126,19.979999542236328,,13.19,,,,0.1269,0.0231,0.1384,0.7844,0.28839999437332153,0.15,0.1384,0.7498,0.7728,0.669,1.1535,2026-08-09
sm6-143,Energy Recycler,holofoil,Forbidden Light,143,Rare Secret,Toyste Beach,Item,,Trainer,2018/05/04,"tcgplayer,cardmarket",https://prices.pokemontcg.io/tcgplayer/sm6-143,https://images.pokemontcg.io/sm6/143_hires.png,2026/08/08,2025/11/21,35.34,30.049999237060547,35.439998626708984,357.5199890136719,,,,,,51.9075,10.3815,33.2554,0.0,51.907501220703125,33.2785,32.2634,22.9546,20.2209,14.1765,1.1535,2026-08-09
sm11-149,Dragonair,normal,Unified Minds,149,Uncommon,Sanosuke Sakuma,Stage 1,148,Pokémon,2019/08/02,"tcgplayer,cardmarket",https://prices.pokemontcg.io/tcgplayer/sm11-149,https://images.pokemontcg.io/sm11/149_hires.png,2026/08/08,2025/11/21,0.32,0.18000000715255737,0.33000001311302185,19.239999771118164,,1.9,,,,0.1846,0.0231,0.1615,0.7036,0.1615000069141388,0.1961,0.2076,0.8651,0.7959,1.2112,1.1535,2026-08-09
sm1-157,Gumshoos-GX,holofoil,Sun & Moon,157,Rare Rainbow,5ban Graphics,Stage 1|GX,735,Pokémon,2017/02/03,"tcgplayer,cardmarket",https://prices.pokemontcg.io/tcgplayer/sm1-157,https://images.pokemontcg.io/sm1/157_hires.png,2026/08/08,2025/11/18,8.8,4.010000228881836,8.739999771118164,63.0,,,,,,8.6974,2.307,8.8127,0.0,6.9095001220703125,8.8012,8.0745,12.6885,9.2741,10.2315,1.1535,2026-08-09
smp-SM159,Zapdos,holofoil,SM Black Star Promos,SM159,Promo,Misa Tsutsui,Basic,145,Pokémon,2017/02/03,"tcgplayer,cardmarket",https://prices.pokemontcg.io/tcgplayer/smp-SM159,https://images.pokemontcg.io/smp/SM159_hires.png,2026/08/08,2025/11/21,17.02,12.5,18.860000610351562,197.97000122070312,,,,,,22.9546,5.7675,24.558,0.0,23.058500289916992,21.8011,18.4329,17.291,12.6308,7.1517,1.1535,2026-08-09
swsh3-147,Staraptor,normal,Darkness Ablaze,147,Rare,AKIRA EGAWA,Stage 2,398,Pokémon,2020/08/14,"tcgplayer,cardmarket",https://prices.pokemontcg.io/tcgplayer/swsh3-147,https://images.pokemontcg.io/swsh3/147_hires.png,2026/08/08,2025/11/21,0.16,0.09000000357627869,0.25,19.979999542236328,,0.47,,,,0.173,0.0231,0.1269,0.6114,0.28839999437332153,0.173,0.2422,0.4037,0.5998,0.6114,1.1535,2026-08-09
sm2-156,Lycanroc-GX,holofoil,Guardians Rising,156,Rare Rainbow,5ban Graphics,Stage 1|GX,745,Pokémon,2017/05/05,"tcgplayer,cardmarket",https://prices.pokemontcg.io/tcgplayer/sm2-156,https://images.pokemontcg.io/sm2/156_hires.png,2026/08/08,2025/11/18,23.06,34.0,44.38999938964844,181.41000366210938,,,,,,11.535,2.307,11.0621,0.0,16.137500762939453,11.6734,12.3655,15.5723,16.7488,16.4604,1.1535,2026-08-09
xyp-XY150a,Yveltal-EX,,XY Black Star Promos,XY150a,Promo,Hasuno,Basic|EX,717,Pokémon,2013/10/12,cardmarket,https://prices.pokemontcg.io/cardmarket/xyp-XY150a,https://images.pokemontcg.io/xyp/XY150a_hires.png,,2025/11/18,,,,,,,,,,262.4212,271.0725,324.6295,0.0,346.04998779296875,286.7255,224.5518,46.1285,31.7674,16.2067,1.1535,2026-08-09
swsh2-159,Full Heal,normal,Rebel Clash,159,Uncommon,Yoshinobu Saito,Item,,Trainer,2020/05/01,"tcgplayer,cardmarket",https://prices.pokemontcg.io/tcgplayer/swsh2-159,https://images.pokemontcg.io/swsh2/159_hires.png,2026/08/08,2025/11/18,0.09,0.009999999776482582,0.1899999976158142,2.990000009536743,,0.32,,,,0.0692,0.0231,0.0692,0.2999,0.023099999874830246,0.0692,0.0692,0.173,0.2768,0.2422,1.1535,2026-08-09
xy8-155,Glalie-EX,holofoil,BREAKthrough,155,Rare Ultra,Ryo Ueda,Basic|EX,362,Pokémon,2015/11/04,"tcgplayer,cardmarket",https://prices.pokemontcg.io/tcgplayer/xy8-155,https://images.pokemontcg.io/xy8/155_hires.png,2026/08/08,2025/11/21,14.55,5.619999885559082,14.550000190734863,128.7899932861328,,,,,,15.3185,3.4605,11.7772,0.0,6.805600166320801,14.2342,13.692,5.6522,4.7524,4.8216,1.1535,2026-08-09
swsh4-151,Drone Rotom,normal,Vivid Voltage,151,Uncommon,5ban Graphics,Item,,Trainer,2020/11/13,"tcgplayer,cardmarket",https://prices.pokemontcg.io/tcgplayer/swsh4-151,https://images.pokemontcg.io/swsh4/151_hires.png,2026/08/08,2025/11/21,0.07,0.009999999776482582,0.1599999964237213,25.079999923706055,,0.26,,,,0.0577,0.0231,0.0577,0.1961,0.03460000082850456,0.0461,0.0577,0.173,0.1615,0.1846,1.1535,2026-08-09
sm12-159,Drampa,normal,Cosmic Eclipse,159,Rare,Naoki Saito,Basic,780,Pokémon,2019/11/01,"tcgplayer,cardmarket",https://prices.pokemontcg.io/tcgplayer/sm12-159,https://images.pokemontcg.io/sm12/159_hires.png,2026/08/08,2025/11/18,0.35,0.25,0.3700000047683716,10.0,,0.96,,,,0.2422,0.0231,0.2422,1.2227,0.06920000165700912,0.2422,0.2768,1.7187,1.1304,0.9574,1.1535,2026-08-09
ecard1-150,Strength Charm,normal,Expedition Base Set,150,Uncommon,Keiji Kinebuchi,Pokémon Tool,,Trainer,2002/09/15,"tcgplayer,cardmarket",https://prices.pokemontcg.io/tcgplayer/ecard1-150,https://images.pokemontcg.io/ecard1/150_hires.png,2026/08/08,2025/11/21,1.84,1.0,1.8700000047683716,28.100000381469727,,25.99,,,,1.8802,0.2307,1.3035,2.5954,0.8073999881744385,1.165,1.1189,2.0763,3.0683,2.976,1.1535,2026-08-09
swsh1-155,Cramorant V,holofoil,Sword & Shield,155,Rare Holo V,aky CG Works,Basic|V,845,Pokémon,2020/02/07,"tcgplayer,cardmarket",https://prices.pokemontcg.io/tcgplayer/swsh1-155,https://images.pokemontcg.io/swsh1/155_hires.png,2026/08/08,2025/11/18,0.89,0.30000001192092896,1.0,19.979999542236328,,,,,,1.3957,0.1154,1.3727,0.0,1.2689000368118286,1.3842,1.3265,1.7302,2.5838,2.7107,1.1535,2026-08-09
sm3-149,Tapu Bulu-GX,holofoil,Burning Shadows,149,Rare Rainbow,5ban Graphics,Basic|GX,787,Pokémon,2017/08/05,"tcgplayer,cardmarket",https://prices.pokemontcg.io/tcgplayer/sm3-149,https://images.pokemontcg.io/sm3/149_hires.png,2026/08/08,2025/11/21,11.09,7.909999847412109,11.09000015258789,115.68000030517578,,,,,,8.5474,4.614,8.9396,0.0,8.016799926757812,8.3744,8.4206,18.4445,13.4729,10.5776,1.1535,2026-08-09
ecard2-130,Pokémon Fan Club,normal,Aquapolis,130,Uncommon,Ken Sugimori,Supporter,,Trainer,2003/01/15,"tcgplayer,cardmarket",https://prices.pokemontcg.io/tcgplayer/ecard2-130,https://images.pokemontcg.io/ecard2/130_hires.png,2026/08/08,2025/11/21,6.94,6.800000190734863,8.75,82.5,,,,,,3.8412,0.173,3.2413,8.6397,1.0958000421524048,5.283,2.457,5.6522,6.5634,6.771,1.1535,2026-08-09
sm5-151,Lillie,holofoil,Ultra Prism,151,Rare Ultra,Naoki Saito,Supporter,,Trainer,2018/02/02,"tcgplayer,cardmarket",https://prices.pokemontcg.io/tcgplayer/sm5-151,https://images.pokemontcg.io/sm5/151_hires.png,2026/08/08,2025/11/18,462.63,349.489990234375,436.7699890136719,1596.3399658203125,,,,,,103.7689,80.6296,339.5904,0.0,189.75070190429688,439.6104,294.4539,260.1142,200.8936,141.7767,1.1535,2026-08-09
sm10-148,Persian,normal,Unbroken Bonds,148,Rare,nagimiso,Stage 1,53,Pokémon,2019/05/03,"tcgplayer,cardmarket",https://prices.pokemontcg.io/tcgplayer/sm10-148,https://images.pokemontcg.io/sm10/148_hires.png,2026/08/08,2025/11/21,0.43,0.2199999988079071,0.4300000071525574,19.979999542236328,,0.93,,,,0.323,0.0461,0.2999,1.3727,0.2768000066280365,0.2768,0.3345,0.5652,1.0612,1.0266,1.1535,2026-08-09
sm9-164,Gengar & Mimikyu-GX,holofoil,Team Up,164,Rare Ultra,5ban Graphics,Basic|TAG TEAM|GX,94|778,Pokémon,2019/02/01,"tcgplayer,cardmarket",https://prices.pokemontcg.io/tcgplayer/sm9-164,https://images.pokemontcg.io/sm9/164_hires.png,2026/08/08,2025/11/18,331.0,299.9800109863281,362.17999267578125,499.69000244140625,,,,,,76.1195,51.9075,80.595,0.0,63.430999755859375,123.9205,150.5087,39.2075,37.5695,25.227,1.1535,2026-08-09
sm7-152,Shiftry-GX,holofoil,Celestial Storm,152,Rare Ultra,PLANETA Igarashi,Stage 2|GX,275,Pokémon,2018/08/03,"tcgplayer,cardmarket",https://prices.pokemontcg.io/tcgplayer/sm7-152,https://images.pokemontcg.io/sm7/152_hires.png,2026/08/08,2025/11/21,6.08,4.889999866485596,6.070000171661377,50.0,,,,,,6.4827,2.307,8.1437,0.0,6.9095001220703125,8.6743,7.0017,5.7444,7.4055,6.1943,1.1535,2026-08-09
ecard3-120,Relic Hunter,normal,Skyridge,120,Uncommon,Kagemaru Himeno,Supporter,,Trainer,2003/05/12,"tcgplayer,cardmarket",https://prices.pokemontcg.io/tcgplayer/ecard3-120,https://images.pokemontcg.io/ecard3/120_hires.png,2026/08/08,2025/11/21,13.91,13.989999771118164,33.84000015258789,149.89999389648438,,100.69,,,,3.8527,1.1535,3.6335,9.2165,4.025700092315674,3.9911,3.4259,9.2165,12.4347,10.889,1.1535,2026-08-09
swsh2-160,Galar Mine,normal,Rebel Clash,160,Uncommon,5ban Graphics,Stadium,,Trainer,2020/05/01,"tcgplayer,cardmarket",https://prices.pokemontcg.io/tcgplayer/swsh2-160,https://images.pokemontcg.io/swsh2/160_hires.png,2026/08/08,2025/11/18,0.14,0.03999999910593033,0.2199999988079071,19.979999542236328,,0.35,,,,0.1154,0.0231,0.1038,0.4383,0.09229999780654907,0.1154,0.1038,0.2192,0.4037,0.3345,1.1535,2026-08-09
sm12-160,Jangmo-o,normal,Cosmic Eclipse,160,Common,AKIRA EGAWA,Basic,782,Pokémon,2019/11/01,"tcgplayer,cardmarket",https://prices.pokemontcg.io/tcgplayer/sm12-160,https://images.pokemontcg.io/sm12/160_hires.png,2026/08/08,2025/11/18,0.29,0.09000000357627869,0.28999999165534973,19.979999542236328,,0.4,,,,0.15,0.0231,0.1269,0.8882,0.023099999874830246,0.1269,0.1384,0.6921,1.0843,0.5306,1.1535,2026-08-09
ecard1-151,Super Scoop Up,normal,Expedition Base Set,151,Uncommon,Keiji Kinebuchi,,,Trainer,2002/09/15,"tcgplayer,cardmarket",https://prices.pokemontcg.io/tcgplayer/ecard1-151,https://images.pokemontcg.io/ecard1/151_hires.png,2026/08/08,2025/11/21,2.24,1.25,2.2300000190734863,31.200000762939453,,16.95,,,,1.0266,0.0577,1.142,2.2147,1.153499960899353,1.2112,1.2804,1.6726,2.976,3.3221,1.1535,2026-08-09
swsh4-152,Hero's Medal,normal,Vivid Voltage,152,Uncommon,Toyste Beach,Pokémon Tool,,Trainer,2020/11/13,"tcgplayer,cardmarket",https://prices.pokemontcg.io/tcgplayer/swsh4-152,https://images.pokemontcg.io/swsh4/152_hires.png,2026/08/08,2025/11/21,0.03,0.009999999776482582,0.15000000596046448,25.030000686645508,,0.17,,,,0.0577,0.0231,0.0577,0.173,0.05770000070333481,0.0577,0.0577,0.2076,0.1384,0.1846,1.1535,2026-08-09
sm8-153,Blissey,holofoil,Lost Thunder,153,Rare Holo,MAHOU,Stage 1,242,Pokémon,2018/11/02,"tcgplayer,cardmarket",https://prices.pokemontcg.io/tcgplayer/sm8-153,https://images.pokemontcg.io/sm8/153_hires.png,2026/08/08,2025/11/21,1.22,0.9800000190734863,1.309999942779541,19.979999542236328,,4.16,,,,5.4561,0.5767,4.2795,2.7684,2.306999921798706,4.7409,2.48,1.9379,2.157,2.1109,1.1535,2026-08-09
sm10-149,Persian-GX,holofoil,Unbroken Bonds,149,Rare Holo GX,PLANETA Igarashi,Stage 1|GX,53,Pokémon,2019/05/03,"tcgplayer,cardmarket",https://prices.pokemontcg.io/tcgplayer/sm10-149,https://images.pokemontcg.io/sm10/149_hires.png,2026/08/08,2025/11/21,2.64,1.7999999523162842,2.799999952316284,96.94999694824219,,,,,,3.5066,0.5767,3.8181,0.0,3.22979998588562,3.7258,3.4259,2.0648,2.6992,2.6761,1.1535,2026-08-09
ecard3-121,Apricorn Maker,normal,Skyridge,121,Uncommon,Kagemaru Himeno,Supporter,,Trainer,2003/05/12,"tcgplayer,cardmarket",https://prices.pokemontcg.io/tcgplayer/ecard3-121,https://images.pokemontcg.io/ecard3/121_hires.png,2026/08/08,2025/11/21,10.27,7.989999771118164,11.220000267028809,99.5,,26.98,,,,3.7835,0.5767,3.0106,11.5235,1.153499960899353,3.1491,2.2839,11.5235,8.1668,11.5581,1.1535,2026-08-09
sm6-144,Metal Frying Pan,holofoil,Forbidden Light,144,Rare Secret,Toyste Beach,Pokémon Tool,,Trainer,2018/05/04,"tcgplayer,cardmarket",https://prices.pokemontcg.io/tcgplayer/sm6-144,https://images.pokemontcg.io/sm6/144_hires.png,2026/08/08,2025/11/21,10.88,7.679999828338623,11.0,100.0,,,,,,11.5004,5.756,9.7009,0.0,11.53499984741211,11.7196,10.2315,11.4197,14.2111,10.7852,1.1535,2026-08-09
sm9-165,Gengar & Mimikyu-GX,holofoil,Team Up,165,Rare Ultra,Midori Harada,Basic|TAG TEAM|GX,94|778,Pokémon,2019/02/01,"tcgplayer,cardmarket",https://prices.pokemontcg.io/tcgplayer/sm9-165,https://images.pokemontcg.io/sm9/165_hires.png,2026/08/08,2025/11/18,1587.32,1499.68994140625,2950.0,4600.0,,,,,,413.0453,144.1875,931.2667,0.0,575.5964965820312,382.3968,700.9473,48.447,53.9377,49.0584,1.1535,2026-08-09
xy8-156,M Glalie-EX,holofoil,BREAKthrough,156,Rare Ultra,5ban Graphics,MEGA|EX,362,Pokémon,2015/11/04,"tcgplayer,cardmarket",https://prices.pokemontcg.io/tcgplayer/xy8-156,https://images.pokemontcg.io/xy8/156_hires.png,2026/08/08,2025/11/21,23.55,10.6899995803833,20.0,96.68000030517578,,,,,,42.172,9.1703,39.392,0.0,23.06999969482422,42.4834,32.0558,11.535,5.4676,5.8021,1.1535,2026-08-09
sm2-157,Metagross-GX,holofoil,Guardians Rising,157,Rare Rainbow,5ban Graphics,Stage 2|GX,376,Pokémon,2017/05/05,"tcgplayer,cardmarket",https://prices.pokemontcg.io/tcgplayer/sm2-157,https://images.pokemontcg.io/sm2/157_hires.png,2026/08/08,2025/11/18,32.45,32.45000076293945,55.88999938964844,135.8000030517578,,,,,,24.558,5.1792,17.787,0.0,5.709799766540527,23.3814,19.4249,13.842,14.8455,15.2262,1.1535,2026-08-09
sm1-158,Nest Ball,holofoil,Sun & Moon,158,Rare Secret,Toyste Beach,Item,,Trainer,2017/02/03,"tcgplayer,cardmarket",https://prices.pokemontcg.io/tcgplayer/sm1-158,https://images.pokemontcg.io/sm1/158_hires.png,2026/08/08,2025/11/18,9.37,5.989999771118164,10.109999656677246,45.0,,,,,,22.0319,9.1588,18.7559,0.0,14.984000205993652,20.913,23.4276,11.4773,16.8757,14.7763,1.1535,2026-08-09
swsh3-148,Ducklett,normal,Darkness Ablaze,148,Common,Midori Harada,Basic,580,Pokémon,2020/08/14,"tcgplayer,cardmarket",https://prices.pokemontcg.io/tcgplayer/swsh3-148,https://images.pokemontcg.io/swsh3/148_hires.png,2026/08/08,2025/11/21,0.05,0.009999999776482582,0.15000000596046448,25.040000915527344,,0.31,,,,0.0461,0.0231,0.0346,0.1961,0.023099999874830246,0.0461,0.0461,0.1961,0.1961,0.1961,1.1535,2026-08-09
sm7-153,Blaziken-GX,holofoil,Celestial Storm,153,Rare Ultra,5ban Graphics,Stage 2|GX,257,Pokémon,2018/08/03,"tcgplayer,cardmarket",https://prices.pokemontcg.io/tcgplayer/sm7-153,https://images.pokemontcg.io/sm7/153_hires.png,2026/08/08,2025/11/21,61.22,60.0,98.13999938964844,685.9000244140625,,,,,,12.1117,4.6025,25.054,0.0,6.921000003814697,16.9103,24.5349,9.1703,11.6503,11.858,1.1535,2026-08-09
sm3-150,Charizard-GX,holofoil,Burning Shadows,150,Rare Rainbow,5ban Graphics,Stage 2|GX,6,Pokémon,2017/08/05,"tcgplayer,cardmarket",https://prices.pokemontcg.io/tcgplayer/sm3-150,https://images.pokemontcg.io/sm3/150_hires.png,2026/08/08,2025/11/21,616.13,360.0,490.1000061035156,3000.0,,,,,,228.0008,72.659,693.0113,0.0,4613.98828125,854.5705,356.4315,175.332,323.2338,513.8266,1.1535,2026-08-09
sm5-152,Looker,holofoil,Ultra Prism,152,Rare Ultra,Hitoshi Ariga,Supporter,,Trainer,2018/02/02,"tcgplayer,cardmarket",https://prices.pokemontcg.io/tcgplayer/sm5-152,https://images.pokemontcg.io/sm5/152_hires.png,2026/08/08,2025/11/18,15.82,12.350000381469727,15.8100004196167,140.0,,,,,,9.2741,5.7675,11.4658,0.0,13.830499649047852,10.393,10.4622,17.291,9.7125,9.3664,1.1535,2026-08-09
ecard2-131,Pokémon Park,normal,Aquapolis,131,Uncommon,Kazuo Yazawa,Stadium,,Trainer,2003/01/15,"tcgplayer,cardmarket",https://prices.pokemontcg.io/tcgplayer/ecard2-131,https://images.pokemontcg.io/ecard2/131_hires.png,2026/08/08,2025/11/21,21.31,22.989999771118164,28.350000381469727,330.0,,69.99,,,,4.1872,0.5191,4.3487,4.8908,2.8838000297546387,4.3487,3.2644,5.756,8.063,7.8438,1.1535,2026-08-09
swsh1-156,Air Balloon,normal,Sword & Shield,156,Uncommon,Yoshinobu Saito,Pokémon Tool,,Trainer,2020/02/07,"tcgplayer,cardmarket",https://prices.pokemontcg.io/tcgplayer/swsh1-156,https://images.pokemontcg.io/swsh1/156_hires.png,2026/08/08,2025/11/18,0.31,0.03999999910593033,0.3100000023841858,3.0,,1.79,,,,0.819,0.0231,1.1074,4.7409,0.6920999884605408,1.2573,0.8651,3.4605,4.6601,3.8642,1.1535,2026-08-09
xyp-XY151,Zygarde-EX,holofoil,XY Black Star Promos,XY151,Promo,Eske Yoshinob,Basic|EX,718,Pokémon,2013/10/12,"tcgplayer,cardmarket",https://prices.pokemontcg.io/tcgplayer/xyp-XY151,https://images.pokemontcg.io/xyp/XY151_hires.png,2026/08/08,2025/11/18,6.22,3.890000104904175,5.179999828338623,95.20999908447266,,,,,,3.3451,0.4614,2.9068,0.0,4.613999843597412,2.48,2.9068,2.7684,2.8491,2.5031,1.1535,2026-08-09
sm11-150,Dragonair,normal,Unified Minds,150,Uncommon,sowsow,Stage 1,148,Pokémon,2019/08/02,"tcgplayer,cardmarket",https://prices.pokemontcg.io/tcgplayer/sm11-150,https://images.pokemontcg.io/sm11/150_hires.png,2026/08/08,2025/11/21,0.49,0.20999999344348907,0.5299999713897705,19.979999542236328,,2.68,,,,0.2422,0.0231,0.2884,1.2804,0.34599998593330383,0.2999,0.2307,0.4845,1.0035,1.0381,1.1535,2026-08-09
smp-SM160,Nidoqueen,holofoil,SM Black Star Promos,SM160,Promo,Midori Harada,Stage 2,31,Pokémon,2017/02/03,"tcgplayer,cardmarket",https://prices.pokemontcg.io/tcgplayer/smp-SM160,https://images.pokemontcg.io/smp/SM160_hires.png,2026/08/08,2025/11/18,7.86,8.140000343322754,14.920000076293945,9999.0,,,,,,17.4178,5.6406,17.8562,0.0,6.9095001220703125,14.3265,11.0159,6.2404,5.1792,4.7524,1.1535,2026-08-09
sm12-161,Jangmo-o,normal,Cosmic Eclipse,161,Common,Tomokazu Komiya,Basic,782,Pokémon,2019/11/01,"tcgplayer,cardmarket",https://prices.pokemontcg.io/tcgplayer/sm12-161,https://images.pokemontcg.io/sm12/161_hires.png,2026/08/08,2025/11/18,0.41,0.10000000149011612,0.4000000059604645,19.979999542236328,,0.89,,,,0.2538,0.0231,0.2307,0.7844,0.05770000070333481,0.1384,0.2307,0.5767,0.6921,0.4845,1.1535,2026-08-09
sm2-157a,Metagross-GX,,Guardians Rising,157a,Rare Ultra,5ban Graphics,Stage 2|GX,376,Pokémon,2017/05/05,cardmarket,https://prices.pokemontcg.io/cardmarket/sm2-157a,https://images.pokemontcg.io/sm2/157a_hires.png,,2025/11/18,,,,,,,,,,33.2785,9.228,34.7665,0.0,9.343299865722656,23.4391,27.9493,31.133,27.3495,25.0771,1.1535,2026-08-09
swsh2-161,Milo,normal,Rebel Clash,161,Uncommon,take,Supporter,,Trainer,2020/05/01,"tcgplayer,cardmarket",https://prices.pokemontcg.io/tcgplayer/swsh2-161,https://images.pokemontcg.io/swsh2/161_hires.png,2026/08/08,2025/11/18,0.13,0.009999999776482582,0.1899999976158142,2.990000009536743,,0.18,,,,0.0461,0.0231,0.0577,0.2653,0.023099999874830246,0.0692,0.0692,0.1961,0.2653,0.2422,1.1535,2026-08-09
sm9-166,Hoopa-GX,holofoil,Team Up,166,Rare Ultra,5ban Graphics,Basic|GX,720,Pokémon,2019/02/01,"tcgplayer,cardmarket",https://prices.pokemontcg.io/tcgplayer/sm9-166,https://images.pokemontcg.io/sm9/166_hires.png,2026/08/08,2025/11/18,12.2,8.069999694824219,15.0,99.98999786376953,,,,,,6.7249,3.1145,9.2972,0.0,11.53499984741211,9.7932,8.1552,7.4977,10.2892,8.6974,1.1535,2026-08-09
ecard3-122,Crystal Shard,normal,Skyridge,122,Uncommon,Jungo Suzuki,Pokémon Tool,,Trainer,2003/05/12,"tcgplayer,cardmarket",https://prices.pokemontcg.io/tcgplayer/ecard3-122,https://images.pokemontcg.io/ecard3/122_hires.png,2026/08/08,2025/11/21,4.65,3.8299999237060547,8.489999771118164,190.99000549316406,,24.95,,,,1.142,0.4614,1.2342,0.0,0.5651999711990356,0.9689,1.5342,2.6415,4.7409,5.3868,1.1535,2026-08-09
ecard1-152,Warp Point,normal,Expedition Base Set,152,Uncommon,Keiji Kinebuchi,,,Trainer,2002/09/15,"tcgplayer,cardmarket",https://prices.pokemontcg.io/tcgplayer/ecard1-152,https://images.pokemontcg.io/ecard1/152_hires.png,2026/08/08,2025/11/21,3.13,2.0,3.509999990463257,28.18000030517578,,11.56,,,,1.1074,0.346,1.3611,3.4028,0.7958999872207642,1.3035,1.5918,3.3451,4.5563,3.8296,1.1535,2026-08-09
swsh4-153,League Staff,normal,Vivid Voltage,153,Uncommon,Emi Ando,Supporter,,Trainer,2020/11/13,"tcgplayer,cardmarket",https://prices.pokemontcg.io/tcgplayer/swsh4-153,https://images.pokemontcg.io/swsh4/153_hires.png,2026/08/08,2025/11/21,0.04,0.009999999776482582,0.15000000596046448,25.030000686645508,,0.22,,,,0.0346,0.0231,0.0461,0.1961,0.11540000140666962,0.0577,0.0461,0.1154,0.173,0.1846,1.1535,2026-08-09
sm6-145,Mysterious Treasure,holofoil,Forbidden Light,145,Rare Secret,Eske Yoshinob,Item,,Trainer,2018/05/04,"tcgplayer,cardmarket",https://prices.pokemontcg.io/tcgplayer/sm6-145,https://images.pokemontcg.io/sm6/145_hires.png,2026/08/08,2025/11/21,19.63,19.0,21.030000686645508,171.8000030517578,,,,,,25.3885,7.9476,20.3362,0.0,28.837499618530273,20.0248,18.4791,16.149,14.984,13.2999,1.1535,2026-08-09
xy8-157,Mewtwo-EX,holofoil,BREAKthrough,157,Rare Ultra,Ryo Ueda,Basic|EX,150,Pokémon,2015/11/04,"tcgplayer,cardmarket",https://prices.pokemontcg.io/tcgplayer/xy8-157,https://images.pokemontcg.io/xy8/157_hires.png,2026/08/08,2025/11/21,68.05,40.0,68.7699966430664,546.4199829101562,,,,,,69.5099,6.921,62.3582,0.0,103.81500244140625,67.9065,54.5375,16.149,25.6884,19.0789,1.1535,2026-08-09
sm8-154,Ditto ◇,holofoil,Lost Thunder,154,Rare Prism Star,kirisAki,Basic|Prism Star,132,Pokémon,2018/11/02,"tcgplayer,cardmarket",https://prices.pokemontcg.io/tcgplayer/sm8-154,https://images.pokemontcg.io/sm8/154_hires.png,2026/08/08,2025/11/21,19.07,14.75,20.06999969482422,133.99000549316406,,,,,,4.7524,1.488,5.433,0.0,9.101099967956543,4.6947,4.8793,2.8838,5.9521,4.6717,1.1535,2026-08-09
sm10-150,Doduo,normal,Unbroken Bonds,150,Common,kodama,Basic,84,Pokémon,2019/05/03,"tcgplayer,cardmarket",https://prices.pokemontcg.io/tcgplayer/sm10-150,https://images.pokemontcg.io/sm10/150_hires.png,2026/08/08,2025/11/21,0.22,0.03999999910593033,0.2199999988079071,19.979999542236328,,0.34,,,,0.1038,0.0231,0.1384,0.3576,0.04610000178217888,0.0923,0.1038,0.3345,0.3576,0.3576,1.1535,2026-08-09
swsh3-149,Swanna,normal,Darkness Ablaze,149,Rare,Taira Akitsu,Stage 1,581,Pokémon,2020/08/14,"tcgplayer,cardmarket",https://prices.pokemontcg.io/tcgplayer/swsh3-149,https://images.pokemontcg.io/swsh3/149_hires.png,2026/08/08,2025/11/21,0.06,0.029999999329447746,0.23000000417232513,17.979999542236328,,0.39,,,,0.1846,0.0231,0.15,0.3345,0.11540000140666962,0.1038,0.1615,0.5767,0.4037,0.496,1.1535,2026-08-09
swsh1-157,Bede,normal,Sword & Shield,157,Uncommon,Naoki Saito,Supporter,,Trainer,2020/02/07,"tcgplayer,cardmarket",https://prices.pokemontcg.io/tcgplayer/swsh1-157,https://images.pokemontcg.io/swsh1/157_hires.png,2026/08/08,2025/11/18,0.05,0.009999999776482582,0.1599999964237213,19.979999542236328,,0.33,,,,0.0577,0.0231,0.0231,0.6921,0.03460000082850456,0.0346,0.0692,0.6921,0.6921,0.7728,1.1535,2026-08-09
sm7-154,Articuno-GX,holofoil,Celestial Storm,154,Rare Ultra,5ban Graphics,Basic|GX,144,Pokémon,2018/08/03,"tcgplayer,cardmarket",https://prices.pokemontcg.io/tcgplayer/sm7-154,https://images.pokemontcg.io/sm7/154_hires.png,2026/08/08,2025/11/21,32.14,29.239999771118164,33.08000183105469,320.1000061035156,,,,,,29.991,9.228,29.5873,0.0,74.97750091552734,25.9422,21.6397,14.9378,17.0372,14.3841,1.1535,2026-08-09
ecard2-132,Psychic Cube 01,normal,Aquapolis,132,Uncommon,"""Big Mama"" Tagawa",Technical Machine,,Trainer,2003/01/15,"tcgplayer,cardmarket",https://prices.pokemontcg.io/tcgplayer/ecard2-132,https://images.pokemontcg.io/ecard2/132_hires.png,2026/08/08,2025/11/21,2.87,0.8600000143051147,2.9700000286102295,33.099998474121094,,5.13,,,,1.0497,0.1154,1.2919,1.7302,0.57669997215271,0.9459,1.2573,1.7302,2.63,2.5723,1.1535,2026-08-09
smp-SM161,Jirachi,holofoil,SM Black Star Promos,SM161,Promo,Mizue,Basic,385,Pokémon,2017/02/03,"tcgplayer,cardmarket",https://prices.pokemontcg.io/tcgplayer/smp-SM161,https://images.pokemontcg.io/smp/SM161_hires.png,2026/08/08,2025/11/18,29.26,22.229999542236328,31.700000762939453,96.23999786376953,,,,,,24.3504,6.921,26.6805,0.0,23.06999969482422,23.4276,31.0984,16.149,17.291,21.0052,1.1535,2026-08-09
sm5-153,Lusamine,holofoil,Ultra Prism,153,Rare Ultra,You Iribi,Supporter,,Trainer,2018/02/02,"tcgplayer,cardmarket",https://prices.pokemontcg.io/tcgplayer/sm5-153,https://images.pokemontcg.io/sm5/153_hires.png,2026/08/08,2025/11/18,158.87,137.39999389648438,165.8000030517578,1651.800048828125,,,,,,78.2534,28.8375,60.5241,0.0,57.6172981262207,77.8959,87.6314,37.4887,43.5792,26.1614,1.1535,2026-08-09
sm3-151,Salazzle-GX,holofoil,Burning Shadows,151,Rare Rainbow,5ban Graphics,Stage 1|GX,758,Pokémon,2017/08/05,"tcgplayer,cardmarket",https://prices.pokemontcg.io/tcgplayer/sm3-151,https://images.pokemontcg.io/sm3/151_hires.png,2026/08/08,2025/11/18,13.01,11.010000228881836,14.3100004196167,110.69999694824219,,,,,,13.1153,5.1907,12.5155,0.0,13.830499649047852,11.4773,12.3078,17.291,15.6184,13.2537,1.1535,2026-08-09
sm1-159,Rotom Dex,holofoil,Sun & Moon,159,Rare Secret,5ban Graphics,Item,,Trainer,2017/02/03,"tcgplayer,cardmarket",https://prices.pokemontcg.io/tcgplayer/sm1-159,https://images.pokemontcg.io/sm1/159_hires.png,2026/08/08,2025/11/18,6.46,5.0,6.559999942779541,117.80000305175781,,,,,,7.9245,3.3336,7.0017,0.0,7.174799919128418,6.5173,6.921,6.921,9.6087,8.8589,1.1535,2026-08-09
xyp-XY152,Zygarde,holofoil,XY Black Star Promos,XY152,Promo,5ban Graphics,Basic,718,Pokémon,2013/10/12,"tcgplayer,cardmarket",https://prices.pokemontcg.io/tcgplayer/xyp-XY152,https://images.pokemontcg.io/xyp/XY152_hires.png,2026/08/08,2025/11/18,2.49,1.8899999856948853,2.990000009536743,33.099998474121094,,,,,,1.5688,0.5767,1.3957,0.0,2.0648000240325928,1.5457,1.8225,4.0373,2.0878,2.307,1.1535,2026-08-09
sm11-151,Dragonite,normal,Unified Minds,151,Rare,Misa Tsutsui,Stage 2,149,Pokémon,2019/08/02,"tcgplayer,cardmarket",https://prices.pokemontcg.io/tcgplayer/sm11-151,https://images.pokemontcg.io/sm11/151_hires.png,2026/08/08,2025/11/21,7.91,3.700000047683716,7.340000152587891,57.84000015258789,,9.97,,,,3.7027,0.2884,0.0231,4.5217,1.153499960899353,1.638,17.3948,3.7489,4.6717,4.2103,1.1535,2026-08-09
sm12-162,Hakamo-o,normal,Cosmic Eclipse,162,Uncommon,Ryuta Fuse,Stage 1,783,Pokémon,2019/11/01,"tcgplayer,cardmarket",https://prices.pokemontcg.io/tcgplayer/sm12-162,https://images.pokemontcg.io/sm12/162_hires.png,2026/08/08,2025/11/18,0.22,0.05000000074505806,0.25,19.979999542236328,,0.57,,,,0.1269,0.0231,0.1154,0.7152,0.023099999874830246,0.1154,0.1269,0.8074,0.7152,0.5652,1.1535,2026-08-09
swsh2-162,Nugget,normal,Rebel Clash,162,Uncommon,sadaji,Item,,Trainer,2020/05/01,"tcgplayer,cardmarket",https://prices.pokemontcg.io/tcgplayer/swsh2-162,https://images.pokemontcg.io/swsh2/162_hires.png,2026/08/08,2025/11/18,0.06,0.009999999776482582,0.20000000298023224,19.979999542236328,,0.3,,,,0.0923,0.0231,0.1038,0.1846,0.11540000140666962,0.1038,0.0923,0.15,0.1846,0.2884,1.1535,2026-08-09
sm9-167,Incineroar-GX,holofoil,Team Up,167,Rare Ultra,5ban Graphics,Stage 2|GX,727,Pokémon,2019/02/01,"tcgplayer,cardmarket",https://prices.pokemontcg.io/tcgplayer/sm9-167,https://images.pokemontcg.io/sm9/167_hires.png,2026/08/08,2025/11/18,8.06,5.769999980926514,9.170000076293945,74.98999786376953,,,,,,9.378,3.449,9.1357,0.0,9.804800033569336,9.3203,7.2901,5.4099,7.8553,7.9476,1.1535,2026-08-09
sm2-158,Sylveon-GX,holofoil,Guardians Rising,158,Rare Rainbow,5ban Graphics,Stage 1|GX,700,Pokémon,2017/05/05,"tcgplayer,cardmarket",https://prices.pokemontcg.io/tcgplayer/sm2-158,https://images.pokemontcg.io/sm2/158_hires.png,2026/08/08,2025/11/18,168.95,122.0,200.0,2016.02001953125,,,,,,28.8029,6.921,48.1932,0.0,69.20999908447266,45.4594,54.4221,40.3725,46.3707,38.1116,1.1535,2026-08-09
sm6-146,Unit Energy FightingDarknessFairy,holofoil,Forbidden Light,146,Rare Secret,,Special,,Energy,2018/05/04,"tcgplayer,cardmarket",https://prices.pokemontcg.io/tcgplayer/sm6-146,https://images.pokemontcg.io/sm6/146_hires.png,2026/08/08,2025/11/21,22.4,22.25,30.739999771118164,217.8800048828125,,,,,,17.8792,7.6708,16.1029,0.0,17.244800567626953,15.6876,15.0532,17.3025,13.2537,13.2076,1.1535,2026-08-09
ecard1-153,Energy Search,normal,Expedition Base Set,153,Common,Kai Ishikawa,,,Trainer,2002/09/15,"tcgplayer,cardmarket",https://prices.pokemontcg.io/tcgplayer/ecard1-153,https://images.pokemontcg.io/ecard1/153_hires.png,2026/08/08,2025/11/21,0.63,0.1899999976158142,0.6200000047683716,7.75,,23.3,,,,0.4614,0.0231,0.3807,0.2307,0.40369999408721924,0.3576,0.5191,0.2307,5.2369,4.6717,1.1535,2026-08-09
sm8-155,Eevee,normal,Lost Thunder,155,Common,Sekio,Basic,133,Pokémon,2018/11/02,"tcgplayer,cardmarket",https://prices.pokemontcg.io/tcgplayer/sm8-155,https://images.pokemontcg.io/sm8/155_hires.png,2026/08/08,2025/11/21,1.08,0.44999998807907104,1.0,19.600000381469727,,4.66,,,,1.0035,0.0231,0.646,3.9104,0.23070000112056732,0.6229,0.9343,3.4605,2.7107,3.0914,1.1535,2026-08-09
swsh4-154,Leon,holofoil,Vivid Voltage,154,Rare Holo,Ken Sugimori,Supporter,,Trainer,2020/11/13,"tcgplayer,cardmarket",https://prices.pokemontcg.io/tcgplayer/swsh4-154,https://images.pokemontcg.io/swsh4/154_hires.png,2026/08/08,2025/11/21,0.38,0.019999999552965164,0.3799999952316284,999.989990234375,,0.42,,,,0.3114,0.0231,0.4729,0.4037,1.1419999599456787,0.3691,0.2768,0.2307,0.4614,0.6114,1.1535,2026-08-09
ecard3-123,Desert Shaman,normal,Skyridge,123,Uncommon,Kagemaru Himeno,Supporter,,Trainer,2003/05/12,"tcgplayer,cardmarket",https://prices.pokemontcg.io/tcgplayer/ecard3-123,https://images.pokemontcg.io/ecard3/123_hires.png,2026/08/08,2025/11/21,27.56,32.58000183105469,34.9900016784668,299.79998779296875,,49.15,,,,6.5519,0.8074,7.9361,19.6095,6.921000003814697,6.4365,5.9405,27.684,13.0115,13.2076,1.1535,2026-08-09
xy8-158,Mewtwo-EX,holofoil,BREAKthrough,158,Rare Ultra,Ryo Ueda,Basic|EX,150,Pokémon,2015/11/04,"tcgplayer,cardmarket",https://prices.pokemontcg.io/tcgplayer/xy8-158,https://images.pokemontcg.io/xy8/158_hires.png,2026/08/08,2025/11/21,82.0,52.9900016784668,73.38999938964844,153.88999938964844,,,,,,59.5783,13.3921,66.1417,0.0,89.9729995727539,60.0858,63.108,29.991,28.9067,19.9671,1.1535,2026-08-09
smp-SM162,Pikachu,holofoil,SM Black Star Promos,SM162,Promo,Saya Tsuruta,Basic,25,Pokémon,2017/02/03,"tcgplayer,cardmarket",https://prices.pokemontcg.io/tcgplayer/smp-SM162,https://images.pokemontcg.io/smp/SM162_hires.png,2026/08/08,2025/11/18,170.67,109.98999786376953,165.0,449.92999267578125,,,,,,98.6589,40.361,100.4929,0.0,46.128501892089844,100.9889,104.3571,21.9165,22.3779,21.2821,1.1535,2026-08-09
sm1-160,Switch,holofoil,Sun & Moon,160,Rare Secret,Ryo Ueda,Item,,Trainer,2017/02/03,"tcgplayer,cardmarket",https://prices.pokemontcg.io/tcgplayer/sm1-160,https://images.pokemontcg.io/sm1/160_hires.png,2026/08/08,2025/11/18,11.19,6.25,11.1899995803833,60.0,,,,,,10.047,4.6025,12.8961,0.0,12.677000045776367,11.1428,11.5235,17.3025,24.0735,22.8278,1.1535,2026-08-09
sm10-151,Dodrio,normal,Unbroken Bonds,151,Uncommon,Misa Tsutsui,Stage 1,85,Pokémon,2019/05/03,"tcgplayer,cardmarket",https://prices.pokemontcg.io/tcgplayer/sm10-151,https://images.pokemontcg.io/sm10/151_hires.png,2026/08/08,2025/11/21,0.29,0.05000000074505806,0.2800000011920929,19.979999542236328,,0.59,,,,0.1615,0.0231,0.15,1.0728,0.11540000140666962,0.1038,0.1615,1.142,1.1996,0.7613,1.1535,2026-08-09
sm7-155,Electrode-GX,holofoil,Celestial Storm,155,Rare Ultra,5ban Graphics,Stage 1|GX,101,Pokémon,2018/08/03,"tcgplayer,cardmarket",https://prices.pokemontcg.io/tcgplayer/sm7-155,https://images.pokemontcg.io/sm7/155_hires.png,2026/08/08,2025/11/21,10.38,9.760000228881836,10.670000076293945,131.89999389648438,,,,,,8.5128,2.2493,8.4782,0.0,6.344200134277344,9.724,8.0745,6.9095,6.2981,5.5022,1.1535,2026-08-09
sm3-152,Tapu Fini-GX,holofoil,Burning Shadows,152,Rare Rainbow,5ban Graphics,Basic|GX,788,Pokémon,2017/08/05,"tcgplayer,cardmarket",https://prices.pokemontcg.io/tcgplayer/sm3-152,https://images.pokemontcg.io/sm3/152_hires.png,2026/08/08,2025/11/18,13.09,9.220000267028809,14.300000190734863,87.02999877929688,,,,,,13.9458,2.8838,13.023,0.0,5.767499923706055,11.6042,11.9387,18.4445,14.0381,12.5732,1.1535,2026-08-09
xyp-XY153,Ho-Oh,holofoil,XY Black Star Promos,XY153,Promo,You Iribi,Basic,250,Pokémon,2013/10/12,"tcgplayer,cardmarket",https://prices.pokemontcg.io/tcgplayer/xyp-XY153,https://images.pokemontcg.io/xyp/XY153_hires.png,2026/08/08,2025/11/18,11.36,9.989999771118164,13.170000076293945,119.80000305175781,,,,,,18.629,5.7675,16.4143,0.0,12.677000045776367,15.0993,15.1108,9.228,10.1047,6.0789,1.1535,2026-08-09
ecard2-133,Seer,normal,Aquapolis,133,Uncommon,Ken Sugimori,Supporter,,Trainer,2003/01/15,"tcgplayer,cardmarket",https://prices.pokemontcg.io/tcgplayer/ecard2-133,https://images.pokemontcg.io/ecard2/133_hires.png,2026/08/08,2025/11/21,3.1,2.0,3.8299999237060547,35.0,,18.32,,,,1.7302,0.1154,1.4649,0.0,1.545699954032898,1.2919,1.6264,2.8838,2.9991,4.764,1.1535,2026-08-09
sm5-153a,Lusamine,,Ultra Prism,153a,Rare Ultra,Mana Ibe,Supporter,,Trainer,2018/02/02,cardmarket,https://prices.pokemontcg.io/cardmarket/sm5-153a,https://images.pokemontcg.io/sm5/153a_hires.png,,2025/11/18,,,,,,,,,,2.8607,1.9609,4.7178,0.0,2.5722999572753906,4.8908,4.1987,1.142,1.1074,0.7959,1.1535,2026-08-09
swsh3-150,Bunnelby,normal,Darkness Ablaze,150,Common,Tomokazu Komiya,Basic,659,Pokémon,2020/08/14,"tcgplayer,cardmarket",https://prices.pokemontcg.io/tcgplayer/swsh3-150,https://images.pokemontcg.io/swsh3/150_hires.png,2026/08/08,2025/11/21,0.1,0.009999999776482582,0.20000000298023224,2.990000009536743,,0.4,,,,0.0807,0.0231,0.0577,0.2999,0.023099999874830246,0.0692,0.0807,0.0577,0.1961,0.2653,1.1535,2026-08-09
sm11-152,Dragonite-GX,holofoil,Unified Minds,152,Rare Holo GX,PLANETA Igarashi,Stage 2|GX,149,Pokémon,2019/08/02,"tcgplayer,cardmarket",https://prices.pokemontcg.io/tcgplayer/sm11-152,https://images.pokemontcg.io/sm11/152_hires.png,2026/08/08,2025/11/21,17.53,13.369999885559082,18.0,102.33000183105469,,,,,,9.2511,1.1535,9.4818,0.0,4.556300163269043,7.7977,9.0896,11.3043,8.3744,7.1632,1.1535,2026-08-09
swsh1-158,Big Charm,normal,Sword & Shield,158,Uncommon,inose yukie,Pokémon Tool,,Trainer,2020/02/07,"tcgplayer,cardmarket",https://prices.pokemontcg.io/tcgplayer/swsh1-158,https://images.pokemontcg.io/swsh1/158_hires.png,2026/08/08,2025/11/18,0.1,0.009999999776482582,0.20000000298023224,19.979999542236328,,0.43,,,,0.0923,0.0231,0.1154,0.4499,0.19609999656677246,0.1038,0.0923,0.4499,0.5191,0.5537,1.1535,2026-08-09
sm9-168,Cobalion-GX,holofoil,Team Up,168,Rare Ultra,5ban Graphics,Basic|GX,638,Pokémon,2019/02/01,"tcgplayer,cardmarket",https://prices.pokemontcg.io/tcgplayer/sm9-168,https://images.pokemontcg.io/sm9/168_hires.png,2026/08/08,2025/11/18,7.38,5.940000057220459,9.0,201.24000549316406,,,,,,6.3673,3.449,5.9636,0.0,2.6530001163482666,6.1251,6.7364,4.614,8.2245,6.8979,1.1535,2026-08-09
sm2-159,Kommo-o-GX,holofoil,Guardians Rising,159,Rare Rainbow,5ban Graphics,Stage 2|GX,784,Pokémon,2017/05/05,"tcgplayer,cardmarket",https://prices.pokemontcg.io/tcgplayer/sm2-159,https://images.pokemontcg.io/sm2/159_hires.png,2026/08/08,2025/11/18,17.05,14.449999809265137,18.989999771118164,197.60000610351562,,,,,,10.0239,3.4605,11.5465,0.0,19.609500885009766,10.7045,11.4773,17.2448,18.9289,15.7683,1.1535,2026-08-09
sm12-163,Kommo-o,holofoil,Cosmic Eclipse,163,Rare Holo,hatachu,Stage 2,784,Pokémon,2019/11/01,"tcgplayer,cardmarket",https://prices.pokemontcg.io/tcgplayer/sm12-163,https://images.pokemontcg.io/sm12/163_hires.png,2026/08/08,2025/11/18,2.27,0.75,1.9800000190734863,16.31999969482422,,1.86,,,,1.811,0.4614,1.6726,1.7879,1.1419999599456787,1.5918,1.6034,2.8838,1.6726,1.7649,1.1535,2026-08-09
swsh2-163,Oleana,normal,Rebel Clash,163,Uncommon,Yusuke Ohmura,Supporter,,Trainer,2020/05/01,"tcgplayer,cardmarket",https://prices.pokemontcg.io/tcgplayer/swsh2-163,https://images.pokemontcg.io/swsh2/163_hires.png,2026/08/08,2025/11/18,0.04,0.009999999776482582,0.1899999976158142,19.979999542236328,,0.31,,,,0.0923,0.0231,0.15,0.2884,0.17299999296665192,0.1269,0.0923,0.2307,0.2768,0.2422,1.1535,2026-08-09
ecard3-124,Fast Ball,normal,Skyridge,124,Uncommon,Katsura Tabata,,,Trainer,2003/05/12,"tcgplayer,cardmarket",https://prices.pokemontcg.io/tcgplayer/ecard3-124,https://images.pokemontcg.io/ecard3/124_hires.png,2026/08/08,2025/11/21,11.01,10.100000381469727,13.699999809265137,118.0,,32.03,,,,1.6956,0.1038,0.9689,10.0124,0.219200000166893,1.3727,1.7649,14.4187,12.7808,7.9707,1.1535,2026-08-09
sm1-161,Ultra Ball,holofoil,Sun & Moon,161,Rare Secret,Ryo Ueda,Item,,Trainer,2017/02/03,"tcgplayer,cardmarket",https://prices.pokemontcg.io/tcgplayer/sm1-161,https://images.pokemontcg.io/sm1/161_hires.png,2026/08/08,2025/11/18,33.05,25.0,33.5,169.69000244140625,,,,,,31.3406,11.5119,25.6423,0.0,25.36549949645996,31.5598,30.3255,46.0823,33.936,27.3379,1.1535,2026-08-09
ecard1-154,Full Heal,normal,Expedition Base Set,154,Common,Keiji Kinebuchi,,,Trainer,2002/09/15,"tcgplayer,cardmarket",https://prices.pokemontcg.io/tcgplayer/ecard1-154,https://images.pokemontcg.io/ecard1/154_hires.png,2026/08/08,2025/11/21,0.58,0.18000000715255737,0.550000011920929,17.65999984741211,,9.21,,,,0.3922,0.0231,0.4153,4.2333,0.34599998593330383,0.4037,0.4037,2.8838,3.5758,2.8722,1.1535,2026-08-09
xy8-159,M Mewtwo-EX,holofoil,BREAKthrough,159,Rare Ultra,5ban Graphics,MEGA|EX,150,Pokémon,2015/11/04,"tcgplayer,cardmarket",https://prices.pokemontcg.io/tcgplayer/xy8-159,https://images.pokemontcg.io/xy8/159_hires.png,2026/08/08,2025/11/21,130.16,91.19000244140625,130.11000061035156,1269.68994140625,,,,,,297.1993,63.4425,240.2625,0.0,98.04750061035156,255.904,199.6478,28.8375,25.7692,18.8367,1.1535,2026-08-09
swsh4-155,Memory Capsule,normal,Vivid Voltage,155,Uncommon,sadaji,Pokémon Tool,,Trainer,2020/11/13,"tcgplayer,cardmarket",https://prices.pokemontcg.io/tcgplayer/swsh4-155,https://images.pokemontcg.io/swsh4/155_hires.png,2026/08/08,2025/11/21,0.1,0.009999999776482582,0.17000000178813934,19.639999389648438,,0.3,,,,0.0692,0.0231,0.0577,0.2307,0.023099999874830246,0.0692,0.0807,0.1384,0.173,0.2307,1.1535,2026-08-09
smp-SM163,Mimikyu,holofoil,SM Black Star Promos,SM163,Promo,Saya Tsuruta,Basic,778,Pokémon,2017/02/03,"tcgplayer,cardmarket",https://prices.pokemontcg.io/tcgplayer/smp-SM163,https://images.pokemontcg.io/smp/SM163_hires.png,2026/08/08,2025/11/18,51.46,41.65999984741211,52.470001220703125,149.9600067138672,,,,,,31.8943,25.377,35.2856,0.0,19.413400650024414,29.3912,30.6254,4.6025,4.8101,3.1029,1.1535,2026-08-09
sm8-156,Stantler,normal,Lost Thunder,156,Uncommon,Midori Harada,Basic,234,Pokémon,2018/11/02,"tcgplayer,cardmarket",https://prices.pokemontcg.io/tcgplayer/sm8-156,https://images.pokemontcg.io/sm8/156_hires.png,2026/08/08,2025/11/21,0.24,0.10000000149011612,0.25,19.979999542236328,,0.72,,,,0.1846,0.0231,0.2192,1.0381,0.11540000140666962,0.2307,0.1615,0.5191,0.9343,0.7152,1.1535,2026-08-09
sm10-152,Lickitung,normal,Unbroken Bonds,152,Common,Yukiko Baba,Basic,108,Pokémon,2019/05/03,"tcgplayer,cardmarket",https://prices.pokemontcg.io/tcgplayer/sm10-152,https://images.pokemontcg.io/sm10/152_hires.png,2026/08/08,2025/11/21,0.26,0.05000000074505806,0.25999999046325684,19.979999542236328,,0.45,,,,0.0807,0.0231,0.0923,0.3922,0.17299999296665192,0.0807,0.0923,0.3345,0.4037,0.3576,1.1535,2026-08-09
sm5-154,Mars,holofoil,Ultra Prism,154,Rare Ultra,kodama,Supporter,,Trainer,2018/02/02,"tcgplayer,cardmarket",https://prices.pokemontcg.io/tcgplayer/sm5-154,https://images.pokemontcg.io/sm5/154_hires.png,2026/08/08,2025/11/18,57.53,48.59000015258789,59.0,128.74000549316406,,,,,,40.3725,21.9165,52.6457,0.0,49.02370071411133,48.0087,60.0627,13.842,32.8747,20.1401,1.1535,2026-08-09
sm7-156,Mr. Mime-GX,holofoil,Celestial Storm,156,Rare Ultra,5ban Graphics,Basic|GX,122,Pokémon,2018/08/03,"tcgplayer,cardmarket",https://prices.pokemontcg.io/tcgplayer/sm7-156,https://images.pokemontcg.io/sm7/156_hires.png,2026/08/08,2025/11/21,21.27,26.200000762939453,124.79000091552734,269.7300109863281,,,,,,9.6087,4.0257,11.4773,0.0,12.630800247192383,9.7355,12.1002,12.6885,9.7471,7.2209,1.1535,2026-08-09
ecard2-134,Super Energy Removal 2,normal,Aquapolis,134,Uncommon,Keiji Kinebuchi,,,Trainer,2003/01/15,"tcgplayer,cardmarket",https://prices.pokemontcg.io/tcgplayer/ecard2-134,https://images.pokemontcg.io/ecard2/134_hires.png,2026/08/08,2025/11/21,1.99,1.25,2.069999933242798,29.899999618530273,,13.3,,,,0.819,0.1038,1.0728,0.0,1.9493999481201172,0.9459,0.9805,2.8838,3.472,2.5608,1.1535,2026-08-09
xyp-XY154,Ho-Oh BREAK,holofoil,XY Black Star Promos,XY154,Promo,5ban Graphics,BREAK,250,Pokémon,2013/10/12,"tcgplayer,cardmarket",https://prices.pokemontcg.io/tcgplayer/xyp-XY154,https://images.pokemontcg.io/xyp/XY154_hires.png,2026/08/08,2025/11/18,38.5,28.920000076293945,48.189998626708984,175.0,,,,,,18.4791,6.921,22.251,0.0,18.47909927368164,22.6778,21.5589,16.149,11.9733,7.1286,1.1535,2026-08-09
sm3-153,Necrozma-GX,holofoil,Burning Shadows,153,Rare Rainbow,5ban Graphics,Basic|GX,800,Pokémon,2017/08/05,"tcgplayer,cardmarket",https://prices.pokemontcg.io/tcgplayer/sm3-153,https://images.pokemontcg.io/sm3/153_hires.png,2026/08/08,2025/11/18,21.4,14.220000267028809,21.989999771118164,199.6999969482422,,,,,,13.0692,4.614,9.0665,0.0,17.302499771118164,9.4587,11.0505,12.677,16.2874,12.9423,1.1535,2026-08-09
sm10-153,Lickilicky,normal,Unbroken Bonds,153,Rare,sui,Stage 1,463,Pokémon,2019/05/03,"tcgplayer,cardmarket",https://prices.pokemontcg.io/tcgplayer/sm10-153,https://images.pokemontcg.io/sm10/153_hires.png,2026/08/08,2025/11/21,0.38,0.20000000298023224,0.3799999952316284,19.979999542236328,,0.54,,,,0.3576,0.0923,0.496,1.2689,0.2768000066280365,0.3691,0.4729,1.1535,0.9805,0.8536,1.1535,2026-08-09
sm11-153,Latias,normal,Unified Minds,153,Rare,chibi,Basic,380,Pokémon,2019/08/02,"tcgplayer,cardmarket",https://prices.pokemontcg.io/tcgplayer/sm11-153,https://images.pokemontcg.io/sm11/153_hires.png,2026/08/08,2025/11/21,0.67,0.3400000035762787,0.7200000286102295,19.979999542236328,,1.44,,,,0.5537,0.0577,0.646,1.3611,0.7958999872207642,0.5421,0.5421,2.0186,1.5111,1.8341,1.1535,2026-08-09
sm3-154,Machamp-GX,holofoil,Burning Shadows,154,Rare Rainbow,5ban Graphics,Stage 2|GX,68,Pokémon,2017/08/05,"tcgplayer,cardmarket",https://prices.pokemontcg.io/tcgplayer/sm3-154,https://images.pokemontcg.io/sm3/154_hires.png,2026/08/08,2025/11/18,38.5,18.510000228881836,45.0,211.55999755859375,,,,,,16.1144,5.1792,15.503,0.0,11.523500442504883,15.503,15.1916,19.598,21.9165,14.4534,1.1535,2026-08-09
sm1-162,Psychic Energy,holofoil,Sun & Moon,162,Rare Secret,,Basic,,Energy,2017/02/03,"tcgplayer,cardmarket",https://prices.pokemontcg.io/tcgplayer/sm1-162,https://images.pokemontcg.io/sm1/162_hires.png,2026/08/08,2025/11/18,13.79,10.0,14.0,130.75999450683594,,,,,,12.9423,5.4676,12.3078,0.0,11.53499984741211,12.2732,12.2617,23.0123,16.4489,19.3442,1.1535,2026-08-09
swsh2-164,Poké Ball,normal,Rebel Clash,164,Uncommon,Studio Bora Inc.,Item,,Trainer,2020/05/01,"tcgplayer,cardmarket",https://prices.pokemontcg.io/tcgplayer/swsh2-164,https://images.pokemontcg.io/swsh2/164_hires.png,2026/08/08,2025/11/18,0.11,0.009999999776482582,0.20000000298023224,19.979999542236328,,0.26,,,,0.0923,0.0231,0.0923,0.2422,0.08070000261068344,0.1154,0.0692,0.2884,0.2307,0.2307,1.1535,2026-08-09
sm5-155,Pokémon Fan Club,holofoil,Ultra Prism,155,Rare Ultra,Sanosuke Sakuma,Supporter,,Trainer,2018/02/02,"tcgplayer,cardmarket",https://prices.pokemontcg.io/tcgplayer/sm5-155,https://images.pokemontcg.io/sm5/155_hires.png,2026/08/08,2025/11/18,43.45,41.70000076293945,49.75,260.3999938964844,,,,,,16.3912,2.307,18.9289,0.0,19.597999572753906,14.9955,16.472,10.3815,11.6503,10.6353,1.1535,2026-08-09
xy8-160,M Mewtwo-EX,holofoil,BREAKthrough,160,Rare Ultra,5ban Graphics,MEGA|EX,150,Pokémon,2015/11/04,"tcgplayer,cardmarket",https://prices.pokemontcg.io/tcgplayer/xy8-160,https://images.pokemontcg.io/xy8/160_hires.png,2026/08/08,2025/11/21,146.18,85.0,157.1699981689453,933.0,,,,,,253.77,23.07,166.2309,0.0,115.3499984741211,129.7457,105.3607,23.0585,25.8499,21.9972,1.1535,2026-08-09
sm7-157,Banette-GX,holofoil,Celestial Storm,157,Rare Ultra,5ban Graphics,Stage 1|GX,354,Pokémon,2018/08/03,"tcgplayer,cardmarket",https://prices.pokemontcg.io/tcgplayer/sm7-157,https://images.pokemontcg.io/sm7/157_hires.png,2026/08/08,2025/11/21,9.84,9.460000038146973,22.59000015258789,121.16999816894531,,,,,,8.2591,2.307,7.8553,0.0,9.170299530029297,7.8899,7.5785,11.5119,6.4481,5.1792,1.1535,2026-08-09
ecard2-135,Time Shard,normal,Aquapolis,135,Uncommon,Shin-ichi Yoshikawa,Pokémon Tool,,Trainer,2003/01/15,"tcgplayer,cardmarket",https://prices.pokemontcg.io/tcgplayer/ecard2-135,https://images.pokemontcg.io/ecard2/135_hires.png,2026/08/08,2025/11/21,2.08,1.399999976158142,2.680000066757202,31.299999237060547,,12.66,,,,2.5031,0.0231,2.2724,2.1916,1.5571999549865723,1.6956,1.7649,2.1916,2.8838,2.6877,1.1535,2026-08-09
swsh4-156,Moomoo Cheese,normal,Vivid Voltage,156,Uncommon,5ban Graphics,Item,,Trainer,2020/11/13,"tcgplayer,cardmarket",https://prices.pokemontcg.io/tcgplayer/swsh4-156,https://images.pokemontcg.io/swsh4/156_hires.png,2026/08/08,2025/11/18,0.07,0.009999999776482582,0.1599999964237213,25.079999923706055,,0.28,,,,0.0461,0.0231,0.0577,0.1846,0.023099999874830246,0.0461,0.0577,0.0923,0.1961,0.1961,1.1535,2026-08-09
sm9-169,Latias & Latios-GX,holofoil,Team Up,169,Rare Ultra,5ban Graphics,Basic|TAG TEAM|GX,380|381,Pokémon,2019/02/01,"tcgplayer,cardmarket",https://prices.pokemontcg.io/tcgplayer/sm9-169,https://images.pokemontcg.io/sm9/169_hires.png,2026/08/08,2025/11/18,114.79,106.8499984741211,148.5,727.280029296875,,,,,,128.9613,19.6095,95.1176,0.0,80.74500274658203,100.6775,58.3325,14.9955,20.3362,17.0949,1.1535,2026-08-09
swsh1-159,Crushing Hammer,normal,Sword & Shield,159,Uncommon,sadaji,Item,,Trainer,2020/02/07,"tcgplayer,cardmarket",https://prices.pokemontcg.io/tcgplayer/swsh1-159,https://images.pokemontcg.io/swsh1/159_hires.png,2026/08/08,2025/11/18,0.19,0.009999999776482582,0.20000000298023224,19.979999542236328,,0.37,,,,0.0577,0.0231,0.0692,0.4037,0.03460000082850456,0.0577,0.0692,0.4037,0.4499,0.6344,1.1535,2026-08-09
swsh3-151,Fletchling,normal,Darkness Ablaze,151,Common,Midori Harada,Basic,661,Pokémon,2020/08/14,"tcgplayer,cardmarket",https://prices.pokemontcg.io/tcgplayer/swsh3-151,https://images.pokemontcg.io/swsh3/151_hires.png,2026/08/08,2025/11/21,0.04,0.009999999776482582,0.1599999964237213,25.059999465942383,,0.28,,,,0.0346,0.0231,0.0461,0.1846,0.03460000082850456,0.0346,0.0346,0.4037,0.1846,0.1961,1.1535,2026-08-09
ecard3-125,Fisherman,normal,Skyridge,125,Uncommon,Kagemaru Himeno,Supporter,,Trainer,2003/05/12,"tcgplayer,cardmarket",https://prices.pokemontcg.io/tcgplayer/ecard3-125,https://images.pokemontcg.io/ecard3/125_hires.png,2026/08/08,2025/11/21,13.78,11.0,16.739999771118164,129.8000030517578,,59.65,,,,1.5688,0.2768,1.3957,24.7887,2.306999921798706,1.4995,1.3381,24.7887,15.2147,12.9077,1.1535,2026-08-09
smp-SM164,Deoxys,holofoil,SM Black Star Promos,SM164,Promo,You Iribi,Basic,386,Pokémon,2017/02/03,"tcgplayer,cardmarket",https://prices.pokemontcg.io/tcgplayer/smp-SM164,https://images.pokemontcg.io/smp/SM164_hires.png,2026/08/08,2025/11/18,19.31,14.59000015258789,20.75,100.0,,,,,,2.953,0.5767,2.3531,0.0,1.3726999759674072,3.0683,2.5377,3.3336,1.6495,1.1996,1.1535,2026-08-09
sm8-157,Smeargle,normal,Lost Thunder,157,Rare,Ken Sugimori,Basic,235,Pokémon,2018/11/02,"tcgplayer,cardmarket",https://prices.pokemontcg.io/tcgplayer/sm8-157,https://images.pokemontcg.io/sm8/157_hires.png,2026/08/08,2025/11/21,7.92,3.690000057220459,7.800000190734863,56.9900016784668,,23.31,,,,0.5421,0.0231,1.6264,1.3035,0.57669997215271,0.8997,0.646,2.8838,2.6646,2.7453,1.1535,2026-08-09
sm2-160,Drampa-GX,holofoil,Guardians Rising,160,Rare Rainbow,5ban Graphics,Basic|GX,780,Pokémon,2017/05/05,"tcgplayer,cardmarket",https://prices.pokemontcg.io/tcgplayer/sm2-160,https://images.pokemontcg.io/sm2/160_hires.png,2026/08/08,2025/11/18,16.25,16.93000030517578,100.0,119.98999786376953,,,,,,13.8305,3.449,11.3043,0.0,13.830499649047852,10.2431,10.6237,11.5235,10.5084,10.37,1.1535,2026-08-09
ecard1-155,Moo-Moo Milk,normal,Expedition Base Set,155,Common,Tomokazu Komiya,,,Trainer,2002/09/15,"tcgplayer,cardmarket",https://prices.pokemontcg.io/tcgplayer/ecard1-155,https://images.pokemontcg.io/ecard1/155_hires.png,2026/08/08,2025/11/21,1.34,0.3700000047683716,1.0,7.75,,51.37,,,,0.4383,0.0461,0.4845,6.2058,0.219200000166893,0.3345,0.4268,5.7098,5.3868,5.4791,1.1535,2026-08-09
sm12-164,Ultra Necrozma,holofoil,Cosmic Eclipse,164,Rare Holo,Hasuno,Basic|Ultra Beast,800,Pokémon,2019/11/01,"tcgplayer,cardmarket",https://prices.pokemontcg.io/tcgplayer/sm12-164,https://images.pokemontcg.io/sm12/164_hires.png,2026/08/08,2025/11/18,3.27,2.5,3.440000057220459,38.099998474121094,,5.3,,,,2.6069,0.9805,2.7107,3.0798,1.153499960899353,2.4685,2.5954,4.614,3.2067,3.0337,1.1535,2026-08-09
xyp-XY155,Wobbuffet BREAK,holofoil,XY Black Star Promos,XY155,Promo,5ban Graphics,BREAK,202,Pokémon,2013/10/12,"tcgplayer,cardmarket",https://prices.pokemontcg.io/tcgplayer/xyp-XY155,https://images.pokemontcg.io/xyp/XY155_hires.png,2026/08/08,2025/11/18,18.78,7.5,16.0,149.99000549316406,,,,,,9.228,9.8394,11.2005,0.0,10.381500244140625,12.7577,9.2049,6.9095,5.6291,4.3141,1.1535,2026-08-09
swsh2-165,Scoop Up Net,normal,Rebel Clash,165,Uncommon,Ryo Ueda,Item,,Trainer,2020/05/01,"tcgplayer,cardmarket",https://prices.pokemontcg.io/tcgplayer/swsh2-165,https://images.pokemontcg.io/swsh2/165_hires.png,2026/08/08,2025/11/18,0.36,0.10999999940395355,0.3799999952316284,4.989999771118164,,1.33,,,,0.4845,0.0231,0.5652,1.638,0.05770000070333481,0.4729,0.4614,0.8651,1.4765,1.5918,1.1535,2026-08-09
smp-SM165,Ultra Necrozma,holofoil,SM Black Star Promos,SM165,Promo,Shin Nagasawa,Basic|Ultra Beast,800,Pokémon,2017/02/03,"tcgplayer,cardmarket",https://prices.pokemontcg.io/tcgplayer/smp-SM165,https://images.pokemontcg.io/smp/SM165_hires.png,2026/08/08,2025/11/18,4.35,3.319999933242798,5.0,43.099998474121094,,,,,,2.0186,1.142,1.9379,0.0,1.7302000522613525,1.984,1.9609,0.4499,1.2112,1.0151,1.1535,2026-08-09
sm8-158,Miltank,normal,Lost Thunder,158,Rare,Naoki Saito,Basic,241,Pokémon,2018/11/02,"tcgplayer,cardmarket",https://prices.pokemontcg.io/tcgplayer/sm8-158,https://images.pokemontcg.io/sm8/158_hires.png,2026/08/08,2025/11/21,0.73,0.41999998688697815,0.800000011920929,19.979999542236328,,3.87,,,,0.669,0.173,0.7728,1.1074,0.7613000273704529,0.6921,0.8074,0.6806,1.5457,1.5572,1.1535,2026-08-09
sm9-170,Latias & Latios-GX,holofoil,Team Up,170,Rare Ultra,Sanosuke Sakuma,Basic|TAG TEAM|GX,380|381,Pokémon,2019/02/01,"tcgplayer,cardmarket",https://prices.pokemontcg.io/tcgplayer/sm9-170,https://images.pokemontcg.io/sm9/170_hires.png,2026/08/08,2025/11/18,3957.34,2299.989990234375,3599.989990234375,4899.990234375,,,,,,893.9625,346.05,1132.0564,0.0,2076.300048828125,850.3833,874.4337,282.5498,194.5262,150.6125,1.1535,2026-08-09
sm2-161,Aqua Patch,holofoil,Guardians Rising,161,Rare Secret,Toyste Beach,Item,,Trainer,2017/05/05,"tcgplayer,cardmarket",https://prices.pokemontcg.io/tcgplayer/sm2-161,https://images.pokemontcg.io/sm2/161_hires.png,2026/08/08,2025/11/18,7.47,6.0,8.020000457763672,96.94999694824219,,,,,,4.8332,1.7302,6.425,0.0,2.249300003051758,6.4711,7.8207,9.2165,9.897,7.6362,1.1535,2026-08-09
xy8-161,Brigette,holofoil,BREAKthrough,161,Rare Ultra,Megumi Mizutani,Supporter,,Trainer,2015/11/04,"tcgplayer,cardmarket",https://prices.pokemontcg.io/tcgplayer/xy8-161,https://images.pokemontcg.io/xy8/161_hires.png,2026/08/08,2025/11/21,33.06,16.0,27.3700008392334,185.0800018310547,,,,,,32.967,10.9582,30.2217,0.0,20.18630027770996,30.7177,44.9404,13.7843,13.4267,12.9653,1.1535,2026-08-09
sm12-165,Mega Lopunny & Jigglypuff-GX,holofoil,Cosmic Eclipse,165,Rare Holo GX,Mitsuhiro Arita,Basic|TAG TEAM|GX,39|428,Pokémon,2019/11/01,"tcgplayer,cardmarket",https://prices.pokemontcg.io/tcgplayer/sm12-165,https://images.pokemontcg.io/sm12/165_hires.png,2026/08/08,2025/11/18,29.65,26.989999771118164,32.95000076293945,578.7999877929688,,,,,,14.5802,4.0373,10.4507,0.0,5.686800003051758,9.3664,15.7107,3.2644,4.0488,3.9334,1.1535,2026-08-09
sm11-154,Axew,normal,Unified Minds,154,Common,Yukiko Baba,Basic,610,Pokémon,2019/08/02,"tcgplayer,cardmarket",https://prices.pokemontcg.io/tcgplayer/sm11-154,https://images.pokemontcg.io/sm11/154_hires.png,2026/08/08,2025/11/21,0.31,0.029999999329447746,0.30000001192092896,19.979999542236328,,0.34,,,,0.0923,0.0231,0.1154,0.4614,0.17299999296665192,0.1154,0.0807,0.5767,0.4499,0.323,1.1535,2026-08-09
sm7-158,Scizor-GX,holofoil,Celestial Storm,158,Rare Ultra,5ban Graphics,Stage 1|GX,212,Pokémon,2018/08/03,"tcgplayer,cardmarket",https://prices.pokemontcg.io/tcgplayer/sm7-158,https://images.pokemontcg.io/sm7/158_hires.png,2026/08/08,2025/11/21,31.89,26.770000457763672,33.470001220703125,96.44999694824219,,,,,,15.7683,5.7675,14.9378,0.0,13.842000007629395,12.5385,15.0301,11.5235,9.2395,9.1703,1.1535,2026-08-09
ecard2-136,Town Volunteers,normal,Aquapolis,136,Uncommon,Ken Sugimori,Supporter,,Trainer,2003/01/15,"tcgplayer,cardmarket",https://prices.pokemontcg.io/tcgplayer/ecard2-136,https://images.pokemontcg.io/ecard2/136_hires.png,2026/08/08,2025/11/21,10.26,5.989999771118164,14.989999771118164,96.3499984741211,,78.95,,,,1.5572,0.1154,1.6956,9.4702,0.20759999752044678,2.4224,1.3957,11.5235,9.4702,6.4596,1.1535,2026-08-09
ecard1-156,Potion,normal,Expedition Base Set,156,Common,Keiji Kinebuchi,,,Trainer,2002/09/15,"tcgplayer,cardmarket",https://prices.pokemontcg.io/tcgplayer/ecard1-156,https://images.pokemontcg.io/ecard1/156_hires.png,2026/08/08,2025/11/21,0.47,0.10000000149011612,0.46000000834465027,18.8799991607666,,7.35,,,,0.2653,0.0231,0.1961,3.0222,0.219200000166893,0.1384,0.2653,1.0728,3.3451,3.3336,1.1535,2026-08-09
xyp-XY156,Lugia,holofoil,XY Black Star Promos,XY156,Promo,Hajime Kusajima,Basic,249,Pokémon,2013/10/12,"tcgplayer,cardmarket",https://prices.pokemontcg.io/tcgplayer/xyp-XY156,https://images.pokemontcg.io/xyp/XY156_hires.png,2026/08/08,2025/11/18,45.62,24.989999771118164,45.0,1746.3800048828125,,,,,,20.763,13.2652,12.5732,0.0,18.45599937438965,20.8091,25.6884,28.826,18.5944,9.1473,1.1535,2026-08-09
sm10-154,Porygon,normal,Unbroken Bonds,154,Common,Ayaka Yoshida,Basic,137,Pokémon,2019/05/03,"tcgplayer,cardmarket",https://prices.pokemontcg.io/tcgplayer/sm10-154,https://images.pokemontcg.io/sm10/154_hires.png,2026/08/08,2025/11/21,0.26,0.05000000074505806,0.25,10.0,,0.4,,,,0.1038,0.0231,0.1154,0.496,0.08070000261068344,0.1154,0.1269,0.0231,0.4153,0.4268,1.1535,2026-08-09
swsh1-160,Energy Retrieval,normal,Sword & Shield,160,Uncommon,Ryo Ueda,Item,,Trainer,2020/02/07,"tcgplayer,cardmarket",https://prices.pokemontcg.io/tcgplayer/swsh1-160,https://images.pokemontcg.io/swsh1/160_hires.png,2026/08/08,2025/11/18,0.22,0.019999999552965164,0.2199999988079071,19.979999542236328,,0.45,,,,0.2192,0.0231,0.1154,0.5306,0.2653000056743622,0.1269,0.1846,0.496,0.5075,0.5998,1.1535,2026-08-09
swsh3-152,Skwovet,normal,Darkness Ablaze,152,Common,Akira Komayama,Basic,819,Pokémon,2020/08/14,"tcgplayer,cardmarket",https://prices.pokemontcg.io/tcgplayer/swsh3-152,https://images.pokemontcg.io/swsh3/152_hires.png,2026/08/08,2025/11/21,0.1,0.009999999776482582,0.18000000715255737,25.100000381469727,,0.28,,,,0.0346,0.0231,0.0346,0.2768,0.11540000140666962,0.0461,0.0461,0.2192,0.1846,0.2192,1.1535,2026-08-09
ecard3-126,Friend Ball,normal,Skyridge,126,Uncommon,Katsura Tabata,,,Trainer,2003/05/12,"tcgplayer,cardmarket",https://prices.pokemontcg.io/tcgplayer/ecard3-126,https://images.pokemontcg.io/ecard3/126_hires.png,2026/08/08,2025/11/21,15.0,14.130000114440918,23.190000534057617,160.0,,54.13,,,,3.4259,1.0381,3.1952,4.6025,2.0648000240325928,3.4836,2.9068,6.3327,3.8642,5.0523,1.1535,2026-08-09
sm5-156,Volkner,holofoil,Ultra Prism,156,Rare Ultra,TOKIYA,Supporter,,Trainer,2018/02/02,"tcgplayer,cardmarket",https://prices.pokemontcg.io/tcgplayer/sm5-156,https://images.pokemontcg.io/sm5/156_hires.png,2026/08/08,2025/11/18,32.41,29.979999542236328,36.7400016784668,319.17999267578125,,,,,,13.2652,5.7675,28.353,0.0,21.916500091552734,19.7479,24.1428,16.795,15.5261,13.3345,1.1535,2026-08-09
sm1-163,Metal Energy,holofoil,Sun & Moon,163,Rare Secret,,Basic,,Energy,2017/02/03,"tcgplayer,cardmarket",https://prices.pokemontcg.io/tcgplayer/sm1-163,https://images.pokemontcg.io/sm1/163_hires.png,2026/08/08,2025/11/18,12.51,9.989999771118164,13.300000190734863,20.0,,,,,,16.5297,4.3718,12.3424,0.0,17.302499771118164,12.4463,12.5847,23.0469,24.1889,23.716,1.1535,2026-08-09
swsh4-157,Nessa,normal,Vivid Voltage,157,Uncommon,take,Supporter,,Trainer,2020/11/13,"tcgplayer,cardmarket",https://prices.pokemontcg.io/tcgplayer/swsh4-157,https://images.pokemontcg.io/swsh4/157_hires.png,2026/08/08,2025/11/18,0.15,0.019999999552965164,0.20000000298023224,18.559999465942383,,0.35,,,,0.1038,0.0231,0.0923,0.2307,0.05770000070333481,0.1038,0.1038,0.2307,0.2307,0.2307,1.1535,2026-08-09
sm3-155,Lycanroc-GX,holofoil,Burning Shadows,155,Rare Rainbow,5ban Graphics,Stage 1|GX,745,Pokémon,2017/08/05,"tcgplayer,cardmarket",https://prices.pokemontcg.io/tcgplayer/sm3-155,https://images.pokemontcg.io/sm3/155_hires.png,2026/08/08,2025/11/18,21.4,12.289999961853027,25.690000534057617,156.4499969482422,,,,,,13.7497,5.0754,8.2821,0.0,20.76300048828125,14.1419,15.999,11.535,15.4223,13.669,1.1535,2026-08-09
smp-SM166,Magikarp & Wailord-GX,holofoil,SM Black Star Promos,SM166,Promo,Mitsuhiro Arita,Basic|TAG TEAM|GX,129|321,Pokémon,2017/02/03,"tcgplayer,cardmarket",https://prices.pokemontcg.io/tcgplayer/smp-SM166,https://images.pokemontcg.io/smp/SM166_hires.png,2026/08/08,2025/11/18,160.75,94.5,240.0,9999.0,,,,,,44.4559,4.5794,51.7345,0.0,79.56839752197266,49.4736,31.5713,6.9095,7.0479,6.6557,1.1535,2026-08-09
swsh2-166,Skyla,normal,Rebel Clash,166,Uncommon,Hideki Ishikawa,Supporter,,Trainer,2020/05/01,"tcgplayer,cardmarket",https://prices.pokemontcg.io/tcgplayer/swsh2-166,https://images.pokemontcg.io/swsh2/166_hires.png,2026/08/08,2025/11/18,0.17,0.05000000074505806,0.20999999344348907,19.979999542236328,,0.68,,,,0.1269,0.0231,0.1615,0.646,0.13840000331401825,0.15,0.1615,1.142,0.7382,0.6806,1.1535,2026-08-09
sm9-171,Eevee & Snorlax-GX,holofoil,Team Up,171,Rare Ultra,5ban Graphics,Basic|TAG TEAM|GX,133|143,Pokémon,2019/02/01,"tcgplayer,cardmarket",https://prices.pokemontcg.io/tcgplayer/sm9-171,https://images.pokemontcg.io/sm9/171_hires.png,2026/08/08,2025/11/18,239.43,180.0,292.489990234375,1101.4300537109375,,,,,,193.4304,23.07,181.2495,0.0,98.04750061035156,172.4252,116.2497,21.3397,20.3247,18.8367,1.1535,2026-08-09
sm2-162,Enhanced Hammer,holofoil,Guardians Rising,162,Rare Secret,Yoshinobu Saito,Item,,Trainer,2017/05/05,"tcgplayer,cardmarket",https://prices.pokemontcg.io/tcgplayer/sm2-162,https://images.pokemontcg.io/sm2/162_hires.png,2026/08/08,2025/11/18,8.22,5.429999828338623,8.979999542236328,64.69999694824219,,,,,,7.59,1.3727,8.6628,0.0,6.921000003814697,7.5093,9.055,5.7444,7.0248,7.4285,1.1535,2026-08-09
sm8-159,Lugia-GX,holofoil,Lost Thunder,159,Rare Holo GX,PLANETA Igarashi,Basic|GX,249,Pokémon,2018/11/02,"tcgplayer,cardmarket",https://prices.pokemontcg.io/tcgplayer/sm8-159,https://images.pokemontcg.io/sm8/159_hires.png,2026/08/08,2025/11/18,38.08,26.0,36.9900016784668,197.82000732421875,,,,,,22.1818,6.921,22.5279,0.0,9.227999687194824,23.0469,18.7328,20.7515,19.8979,20.5092,1.1535,2026-08-09
sm1-164,Grass Energy,,Sun & Moon,164,Common,,Basic,,Energy,2017/02/03,,,https://images.pokemontcg.io/sm1/164_hires.png,,,,,,,,,,,,,,,,,,,,,,,2026-08-09
xy8-162,Giovanni's Scheme,holofoil,BREAKthrough,162,Rare Ultra,Ken Sugimori,Supporter,,Trainer,2015/11/04,"tcgplayer,cardmarket",https://prices.pokemontcg.io/tcgplayer/xy8-162,https://images.pokemontcg.io/xy8/162_hires.png,2026/08/08,2025/11/21,27.48,15.0,27.270000457763672,696.7999877929688,,,,,,21.3167,3.9219,26.7151,0.0,21.916500091552734,26.1498,32.8401,8.9973,6.9095,7.4631,1.1535,2026-08-09
sm7-159,Stakataka-GX,holofoil,Celestial Storm,159,Rare Ultra,5ban Graphics,Basic|GX|Ultra Beast,805,Pokémon,2018/08/03,"tcgplayer,cardmarket",https://prices.pokemontcg.io/tcgplayer/sm7-159,https://images.pokemontcg.io/sm7/159_hires.png,2026/08/08,2025/11/21,11.54,11.199999809265137,23.510000228881836,212.0800018310547,,,,,,7.2324,1.7302,7.1863,0.0,5.75600004196167,6.6326,6.5173,7.6823,7.7169,5.9982,1.1535,2026-08-09
sm12-166,Eevee,normal,Cosmic Eclipse,166,Common,Motofumi Fujiwara,Basic,133,Pokémon,2019/11/01,"tcgplayer,cardmarket",https://prices.pokemontcg.io/tcgplayer/sm12-166,https://images.pokemontcg.io/sm12/166_hires.png,2026/08/08,2025/11/18,0.81,0.33000001311302185,0.8199999928474426,19.979999542236328,,2.02,,,,0.5191,0.0577,0.7036,3.2644,1.153499960899353,0.6806,0.5421,7.4977,2.9876,3.0452,1.1535,2026-08-09
xyp-XY157,Beedrill-EX,holofoil,XY Black Star Promos,XY157,Promo,hatachu,Basic|EX,15,Pokémon,2013/10/12,"tcgplayer,cardmarket",https://prices.pokemontcg.io/tcgplayer/xyp-XY157,https://images.pokemontcg.io/xyp/XY157_hires.png,2026/08/08,2025/11/18,5.45,3.5999999046325684,5.25,77.58999633789062,,,,,,4.441,2.5377,4.7409,0.0,5.190700054168701,5.283,4.937,2.8838,4.6947,3.449,1.1535,2026-08-09
ecard1-157,Switch,normal,Expedition Base Set,157,Common,Keiji Kinebuchi,,,Trainer,2002/09/15,"tcgplayer,cardmarket",https://prices.pokemontcg.io/tcgplayer/ecard1-157,https://images.pokemontcg.io/ecard1/157_hires.png,2026/08/08,2025/11/21,1.85,0.7699999809265137,1.75,24.31999969482422,,40.49,,,,0.6575,0.0577,0.8074,14.9955,1.153499960899353,0.5998,0.6921,23.07,8.8243,6.1943,1.1535,2026-08-09
ecard2-137,Traveling Salesman,normal,Aquapolis,137,Uncommon,Ken Sugimori,Supporter,,Trainer,2003/01/15,"tcgplayer,cardmarket",https://prices.pokemontcg.io/tcgplayer/ecard2-137,https://images.pokemontcg.io/ecard2/137_hires.png,2026/08/08,2025/11/18,2.57,1.9900000095367432,3.0,72.80000305175781,,19.75,,,,0.9574,0.0577,1.0266,6.3096,0.7958999872207642,0.7152,0.819,8.063,5.2254,4.7755,1.1535,2026-08-09
sm5-157,Leafeon-GX,holofoil,Ultra Prism,157,Rare Rainbow,5ban Graphics,Stage 1|GX,470,Pokémon,2018/02/02,"tcgplayer,cardmarket",https://prices.pokemontcg.io/tcgplayer/sm5-157,https://images.pokemontcg.io/sm5/157_hires.png,2026/08/08,2025/11/18,89.62,68.98999786376953,115.45999908447266,712.5999755859375,,,,,,48.1932,16.1375,67.7566,0.0,74.95439910888672,43.4754,54.1684,34.605,43.2447,28.2031,1.1535,2026-08-09
sm11-155,Fraxure,normal,Unified Minds,155,Uncommon,tetsuya koizumi,Stage 1,611,Pokémon,2019/08/02,"tcgplayer,cardmarket",https://prices.pokemontcg.io/tcgplayer/sm11-155,https://images.pokemontcg.io/sm11/155_hires.png,2026/08/08,2025/11/18,0.2,0.029999999329447746,0.25,2.5,,0.48,,,,0.0923,0.0231,0.15,0.0,0.08070000261068344,0.1038,0.1384,0.346,0.3576,0.496,1.1535,2026-08-09
sm10-155,Porygon,normal,Unbroken Bonds,155,Common,Suwama Chiaki,Basic,137,Pokémon,2019/05/03,"tcgplayer,cardmarket",https://prices.pokemontcg.io/tcgplayer/sm10-155,https://images.pokemontcg.io/sm10/155_hires.png,2026/08/08,2025/11/21,0.32,0.10000000149011612,0.30000001192092896,10.0,,0.44,,,,0.2307,0.0231,0.2768,0.3807,0.03460000082850456,0.2538,0.2076,0.3345,0.4153,0.4037,1.1535,2026-08-09
ecard3-127,Hyper Potion,normal,Skyridge,127,Uncommon,Katsura Tabata,,,Trainer,2003/05/12,"tcgplayer,cardmarket",https://prices.pokemontcg.io/tcgplayer/ecard3-127,https://images.pokemontcg.io/ecard3/127_hires.png,2026/08/08,2025/11/18,5.16,3.990000009536743,5.360000133514404,59.900001525878906,,19.29,,,,2.7684,0.2307,2.2839,0.0,0.23070000112056732,2.457,2.0994,1.0266,6.8979,7.4055,1.1535,2026-08-09
swsh3-153,Greedent,normal,Darkness Ablaze,153,Rare,Kouki Saitou,Stage 1,820,Pokémon,2020/08/14,"tcgplayer,cardmarket",https://prices.pokemontcg.io/tcgplayer/swsh3-153,https://images.pokemontcg.io/swsh3/153_hires.png,2026/08/08,2025/11/21,0.19,0.03999999910593033,0.23999999463558197,19.979999542236328,,0.45,,,,0.1961,0.0231,0.1846,0.4037,0.15000000596046448,0.1038,0.2538,0.0577,0.4383,0.5306,1.1535,2026-08-09
swsh1-161,Energy Search,normal,Sword & Shield,161,Uncommon,Studio Bora Inc.,Item,,Trainer,2020/02/07,"tcgplayer,cardmarket",https://prices.pokemontcg.io/tcgplayer/swsh1-161,https://images.pokemontcg.io/swsh1/161_hires.png,2026/08/08,2025/11/18,0.17,0.009999999776482582,0.20000000298023224,19.979999542236328,,0.42,,,,0.1038,0.0231,0.1038,1.2227,0.03460000082850456,0.0807,0.1038,2.8838,1.315,1.0728,1.1535,2026-08-09
swsh4-158,Opal,normal,Vivid Voltage,158,Uncommon,take,Supporter,,Trainer,2020/11/13,"tcgplayer,cardmarket",https://prices.pokemontcg.io/tcgplayer/swsh4-158,https://images.pokemontcg.io/swsh4/158_hires.png,2026/08/08,2025/11/18,0.06,0.009999999776482582,0.15000000596046448,25.049999237060547,,0.06,,,,0.0461,0.0231,0.0461,0.1384,0.023099999874830246,0.0346,0.0807,0.173,0.1154,0.1846,1.1535,2026-08-09
sm3-156,Marshadow-GX,holofoil,Burning Shadows,156,Rare Rainbow,5ban Graphics,Basic|GX,802,Pokémon,2017/08/05,"tcgplayer,cardmarket",https://prices.pokemontcg.io/tcgplayer/sm3-156,https://images.pokemontcg.io/sm3/156_hires.png,2026/08/08,2025/11/18,29.63,17.0,29.8799991607666,190.60000610351562,,,,,,16.9449,5.756,15.6761,0.0,17.302499771118164,18.5021,12.5616,18.3407,16.1029,12.5962,1.1535,2026-08-09
smp-SM167,Celebi & Venusaur-GX,holofoil,SM Black Star Promos,SM167,Promo,Shin Nagasawa,Basic|TAG TEAM|GX,3|251,Pokémon,2017/02/03,"tcgplayer,cardmarket",https://prices.pokemontcg.io/tcgplayer/smp-SM167,https://images.pokemontcg.io/smp/SM167_hires.png,2026/08/08,2025/11/18,88.23,60.0,89.5999984741211,500.0,,,,,,131.9489,40.2571,126.2506,0.0,103.81500244140625,140.3348,134.1982,14.4187,17.5793,17.637,1.1535,2026-08-09
swsh2-167,Sonia,normal,Rebel Clash,167,Uncommon,Yusuke Ohmura,Supporter,,Trainer,2020/05/01,"tcgplayer,cardmarket",https://prices.pokemontcg.io/tcgplayer/swsh2-167,https://images.pokemontcg.io/swsh2/167_hires.png,2026/08/08,2025/11/18,0.24,0.009999999776482582,0.23999999463558197,17.979999542236328,,0.7,,,,0.0807,0.0231,0.0577,0.5537,0.023099999874830246,0.0461,0.0807,0.3922,0.5537,0.5421,1.1535,2026-08-09
sm9-172,Brock's Grit,holofoil,Team Up,172,Rare Ultra,Naoki Saito,Supporter,,Trainer,2019/02/01,"tcgplayer,cardmarket",https://prices.pokemontcg.io/tcgplayer/sm9-172,https://images.pokemontcg.io/sm9/172_hires.png,2026/08/08,2025/11/18,70.53,54.4900016784668,79.19999694824219,434.9100036621094,,,,,,78.6918,7.4285,74.2854,0.0,82.53289794921875,69.6483,59.9705,20.763,17.5332,16.7834,1.1535,2026-08-09
sm2-163,Field Blower,holofoil,Guardians Rising,163,Rare Secret,Toyste Beach,Item,,Trainer,2017/05/05,"tcgplayer,cardmarket",https://prices.pokemontcg.io/tcgplayer/sm2-163,https://images.pokemontcg.io/sm2/163_hires.png,2026/08/08,2025/11/18,18.29,14.380000114440918,18.290000915527344,353.20001220703125,,,,,,13.3806,3.449,13.5652,0.0,22.585500717163086,12.4809,14.984,11.4081,11.4773,10.7506,1.1535,2026-08-09
sm1-165,Fire Energy,,Sun & Moon,165,Common,,Basic,,Energy,2017/02/03,,,https://images.pokemontcg.io/sm1/165_hires.png,,,,,,,,,,,,,,,,,,,,,,,2026-08-09
sm8-160,Ho-Oh,normal,Lost Thunder,160,Rare,Aya Kusube,Basic,250,Pokémon,2018/11/02,"tcgplayer,cardmarket",https://prices.pokemontcg.io/tcgplayer/sm8-160,https://images.pokemontcg.io/sm8/160_hires.png,2026/08/08,2025/11/18,1.34,0.800000011920929,1.309999942779541,19.979999542236328,,3.37,,,,3.0914,0.7152,3.8296,5.756,9.216500282287598,3.5758,2.3762,5.756,4.9485,5.0985,1.1535,2026-08-09
sm7-160,Rayquaza-GX,holofoil,Celestial Storm,160,Rare Ultra,5ban Graphics,Basic|GX,384,Pokémon,2018/08/03,"tcgplayer,cardmarket",https://prices.pokemontcg.io/tcgplayer/sm7-160,https://images.pokemontcg.io/sm7/160_hires.png,2026/08/08,2025/11/21,121.33,128.0,449.989990234375,713.219970703125,,,,,,57.7327,11.4197,50.8117,0.0,57.6172981262207,49.5313,45.9785,9.8048,23.739,21.7089,1.1535,2026-08-09
xyp-XY158,M Beedrill-EX,holofoil,XY Black Star Promos,XY158,Promo,5ban Graphics,MEGA|EX,15,Pokémon,2013/10/12,"tcgplayer,cardmarket",https://prices.pokemontcg.io/tcgplayer/xyp-XY158,https://images.pokemontcg.io/xyp/XY158_hires.png,2026/08/08,2025/11/18,26.67,15.0,27.18000030517578,138.75999450683594,,,,,,40.3725,10.9582,47.5242,0.0,92.27999877929688,57.675,28.503,5.7675,5.8828,5.7444,1.1535,2026-08-09
sm12-167,Eevee,normal,Cosmic Eclipse,167,Common,Hasuno,Basic,133,Pokémon,2019/11/01,"tcgplayer,cardmarket",https://prices.pokemontcg.io/tcgplayer/sm12-167,https://images.pokemontcg.io/sm12/167_hires.png,2026/08/08,2025/11/18,1.12,0.5,1.25,19.239999771118164,,3.18,,,,0.7959,0.0577,0.4729,3.7835,0.6344000101089478,0.5767,0.8536,8.063,4.6717,2.9645,1.1535,2026-08-09
xy8-163,Mewtwo-EX,holofoil,BREAKthrough,163,Rare Secret,Mitsuhiro Arita,Basic|EX,150,Pokémon,2015/11/04,"tcgplayer,cardmarket",https://prices.pokemontcg.io/tcgplayer/xy8-163,https://images.pokemontcg.io/xy8/163_hires.png,2026/08/08,2025/11/21,189.34,100.0,203.72000122070312,1000.0,,,,,,97.9437,34.5935,113.4006,0.0,92.27999877929688,80.6758,122.617,57.675,41.526,32.471,1.1535,2026-08-09
ecard1-158,Darkness Energy,normal,Expedition Base Set,158,Rare,Milky Isobe,Special,,Energy,2002/09/15,"tcgplayer,cardmarket",https://prices.pokemontcg.io/tcgplayer/ecard1-158,https://images.pokemontcg.io/ecard1/158_hires.png,2026/08/08,2025/11/21,8.7,6.21999979019165,8.970000267028809,83.9000015258789,,16.94,,,,1.8802,0.2307,1.4188,2.8261,1.1419999599456787,1.1881,2.3877,3.0568,3.9219,4.8793,1.1535,2026-08-09
ecard3-128,Lure Ball,normal,Skyridge,128,Uncommon,Katsura Tabata,,,Trainer,2003/05/12,"tcgplayer,cardmarket",https://prices.pokemontcg.io/tcgplayer/ecard3-128,https://images.pokemontcg.io/ecard3/128_hires.png,2026/08/08,2025/11/18,6.85,7.0,8.5600004196167,80.0,,36.82,,,,3.7719,0.346,3.472,5.4791,1.7532999515533447,3.449,2.4685,5.4791,9.378,8.3398,1.1535,2026-08-09
sm5-158,Pheromosa-GX,holofoil,Ultra Prism,158,Rare Rainbow,5ban Graphics,Basic|GX|Ultra Beast,795,Pokémon,2018/02/02,"tcgplayer,cardmarket",https://prices.pokemontcg.io/tcgplayer/sm5-158,https://images.pokemontcg.io/sm5/158_hires.png,2026/08/08,2025/11/18,19.13,20.690000534057617,39.9900016784668,182.39999389648438,,,,,,9.874,8.0745,9.6894,0.0,10.369999885559082,9.5048,10.3354,17.3025,11.6388,8.4898,1.1535,2026-08-09
ecard2-138,Undersea Ruins,normal,Aquapolis,138,Uncommon,Midori Harada,Stadium,,Trainer,2003/01/15,"tcgplayer,cardmarket",https://prices.pokemontcg.io/tcgplayer/ecard2-138,https://images.pokemontcg.io/ecard2/138_hires.png,2026/08/08,2025/11/18,5.54,4.989999771118164,8.050000190734863,63.0,,14.99,,,,3.4144,0.4614,3.5874,2.2955,2.5376999378204346,2.9184,3.0914,11.5235,6.4596,5.7906,1.1535,2026-08-09
sm3-157,Alolan Muk-GX,holofoil,Burning Shadows,157,Rare Rainbow,5ban Graphics,Stage 1|GX,89,Pokémon,2017/08/05,"tcgplayer,cardmarket",https://prices.pokemontcg.io/tcgplayer/sm3-157,https://images.pokemontcg.io/sm3/157_hires.png,2026/08/08,2025/11/18,15.23,13.800000190734863,16.8700008392334,156.25,,,,,,9.3664,2.307,10.0354,0.0,9.216500282287598,9.401,10.1047,19.6095,18.4099,14.9263,1.1535,2026-08-09
smp-SM168,Pikachu & Zekrom-GX,holofoil,SM Black Star Promos,SM168,Promo,kawayoo,Basic|TAG TEAM|GX,25|644,Pokémon,2017/02/03,"tcgplayer,cardmarket",https://prices.pokemontcg.io/tcgplayer/smp-SM168,https://images.pokemontcg.io/smp/SM168_hires.png,2026/08/08,2025/11/18,230.73,155.0,228.75,499.989990234375,,,,,,175.7011,74.7468,174.8591,0.0,138.4199981689453,159.9789,230.8384,28.7221,25.7461,24.2581,1.1535,2026-08-09
sm10-156,Porygon2,normal,Unbroken Bonds,156,Uncommon,sowsow,Stage 1,233,Pokémon,2019/05/03,"tcgplayer,cardmarket",https://prices.pokemontcg.io/tcgplayer/sm10-156,https://images.pokemontcg.io/sm10/156_hires.png,2026/08/08,2025/11/21,0.35,0.18000000715255737,0.3799999952316284,19.979999542236328,,2.18,,,,0.2307,0.0231,0.323,0.5767,0.15000000596046448,0.173,0.2076,0.2307,0.6229,0.7036,1.1535,2026-08-09
swsh4-159,Rocky Helmet,normal,Vivid Voltage,159,Uncommon,Studio Bora Inc.,Pokémon Tool,,Trainer,2020/11/13,"tcgplayer,cardmarket",https://prices.pokemontcg.io/tcgplayer/swsh4-159,https://images.pokemontcg.io/swsh4/159_hires.png,2026/08/08,2025/11/18,0.17,0.009999999776482582,0.1899999976158142,17.979999542236328,,0.23,,,,0.0807,0.0231,0.0577,0.173,0.05770000070333481,0.0461,0.0692,0.2307,0.1615,0.1961,1.1535,2026-08-09
sm11-156,Haxorus,holofoil,Unified Minds,156,Rare Holo,Anesaki Dynamic,Stage 2,612,Pokémon,2019/08/02,"tcgplayer,cardmarket",https://prices.pokemontcg.io/tcgplayer/sm11-156,https://images.pokemontcg.io/sm11/156_hires.png,2026/08/08,2025/11/18,0.83,0.5,0.8399999737739563,19.979999542236328,,0.99,,,,1.6264,0.173,1.5226,1.0266,0.51910001039505,1.4765,1.5111,1.0266,2.2147,2.1455,1.1535,2026-08-09
swsh1-162,Energy Switch,normal,Sword & Shield,162,Uncommon,Toyste Beach,Item,,Trainer,2020/02/07,"tcgplayer,cardmarket",https://prices.pokemontcg.io/tcgplayer/swsh1-162,https://images.pokemontcg.io/swsh1/162_hires.png,2026/08/08,2025/11/18,0.19,0.009999999776482582,0.20000000298023224,19.979999542236328,,0.42,,,,0.1615,0.0231,0.15,0.8421,0.10379999876022339,0.1154,0.1384,1.142,1.0958,0.8767,1.1535,2026-08-09
swsh3-154,Rookidee,normal,Darkness Ablaze,154,Common,Hitoshi Ariga,Basic,821,Pokémon,2020/08/14,"tcgplayer,cardmarket",https://prices.pokemontcg.io/tcgplayer/swsh3-154,https://images.pokemontcg.io/swsh3/154_hires.png,2026/08/08,2025/11/21,0.06,0.009999999776482582,0.15000000596046448,25.059999465942383,,0.25,,,,0.0346,0.0231,0.0231,0.173,0.023099999874830246,0.0231,0.0461,0.0577,0.1615,0.1846,1.1535,2026-08-09
swsh2-168,Tool Scrapper,normal,Rebel Clash,168,Uncommon,Studio Bora Inc.,Item,,Trainer,2020/05/01,"tcgplayer,cardmarket",https://prices.pokemontcg.io/tcgplayer/swsh2-168,https://images.pokemontcg.io/swsh2/168_hires.png,2026/08/08,2025/11/18,0.05,0.009999999776482582,0.2199999988079071,17.979999542236328,,0.6,,,,0.1269,0.0231,0.0923,0.5652,0.1615000069141388,0.1269,0.173,0.2076,0.346,0.5191,1.1535,2026-08-09
sm2-164,Max Potion,holofoil,Guardians Rising,164,Rare Secret,Toyste Beach,Item,,Trainer,2017/05/05,"tcgplayer,cardmarket",https://prices.pokemontcg.io/tcgplayer/sm2-164,https://images.pokemontcg.io/sm2/164_hires.png,2026/08/08,2025/11/18,6.73,5.889999866485596,7.409999847412109,72.5,,,,,,7.4977,3.299,9.9778,0.0,4.602499961853027,8.2937,10.1393,10.3815,10.866,9.5048,1.1535,2026-08-09
sm9-173,Dana,holofoil,Team Up,173,Rare Ultra,Kagemaru Himeno,Supporter,,Trainer,2019/02/01,"tcgplayer,cardmarket",https://prices.pokemontcg.io/tcgplayer/sm9-173,https://images.pokemontcg.io/sm9/173_hires.png,2026/08/08,2025/11/18,52.16,36.560001373291016,60.040000915527344,539.1199951171875,,,,,,44.1214,5.7675,38.7345,0.0,9.227999687194824,46.14,59.0361,28.8375,18.6752,17.9831,1.1535,2026-08-09
sm1-166,Water Energy,,Sun & Moon,166,Common,,Basic,,Energy,2017/02/03,,,https://images.pokemontcg.io/sm1/166_hires.png,,,,,,,,,,,,,,,,,,,,,,,2026-08-09
sm8-161,Kecleon,normal,Lost Thunder,161,Uncommon,OOYAMA,Basic,352,Pokémon,2018/11/02,"tcgplayer,cardmarket",https://prices.pokemontcg.io/tcgplayer/sm8-161,https://images.pokemontcg.io/sm8/161_hires.png,2026/08/08,2025/11/18,0.25,0.15000000596046448,0.27000001072883606,19.979999542236328,,0.74,,,,0.1269,0.0231,0.1269,0.8767,0.17299999296665192,0.1384,0.173,1.1535,0.8074,0.7152,1.1535,2026-08-09
sm7-161,Apricorn Maker,holofoil,Celestial Storm,161,Rare Ultra,Kagemaru Himeno,Supporter,,Trainer,2018/08/03,"tcgplayer,cardmarket",https://prices.pokemontcg.io/tcgplayer/sm7-161,https://images.pokemontcg.io/sm7/161_hires.png,2026/08/08,2025/11/21,17.83,14.600000381469727,17.90999984741211,379.6700134277344,,,,,,19.1596,4.0373,21.1437,0.0,11.53499984741211,17.7408,18.7905,11.535,14.3149,10.2661,1.1535,2026-08-09
xy8-164,Mewtwo-EX,holofoil,BREAKthrough,164,Rare Secret,Mitsuhiro Arita,Basic|EX,150,Pokémon,2015/11/04,"tcgplayer,cardmarket",https://prices.pokemontcg.io/tcgplayer/xy8-164,https://images.pokemontcg.io/xy8/164_hires.png,2026/08/08,2025/11/21,189.07,100.0,195.72999572753906,890.0,,,,,,184.883,31.1445,91.8301,0.0,28.72209930419922,149.6436,112.1433,46.1285,41.2492,35.8277,1.1535,2026-08-09
sm12-168,Igglybuff,normal,Cosmic Eclipse,168,Uncommon,Kagemaru Himeno,Basic,174,Pokémon,2019/11/01,"tcgplayer,cardmarket",https://prices.pokemontcg.io/tcgplayer/sm12-168,https://images.pokemontcg.io/sm12/168_hires.png,2026/08/08,2025/11/18,3.36,2.3299999237060547,3.6500000953674316,33.689998626708984,,10.09,,,,0.5652,0.0231,0.3691,0.9113,0.11540000140666962,0.1269,0.4614,0.6229,1.5457,1.4534,1.1535,2026-08-09
xyp-XY159,Beedrill Spirit Link,normal,XY Black Star Promos,XY159,Promo,5ban Graphics,Pokémon Tool,,Trainer,2013/10/12,"tcgplayer,cardmarket",https://prices.pokemontcg.io/tcgplayer/xyp-XY159,https://images.pokemontcg.io/xyp/XY159_hires.png,2026/08/08,2025/11/18,1.59,0.6100000143051147,1.8700000047683716,25.799999237060547,,,,,,3.449,1.7302,2.8838,0.0,3.275899887084961,3.2413,3.1721,1.5572,0.669,0.669,1.1535,2026-08-09
ecard1-159,Metal Energy,normal,Expedition Base Set,159,Rare,Milky Isobe,Special,,Energy,2002/09/15,"tcgplayer,cardmarket",https://prices.pokemontcg.io/tcgplayer/ecard1-159,https://images.pokemontcg.io/ecard1/159_hires.png,2026/08/08,2025/11/21,7.5,5.75,8.15999984741211,101.9000015258789,,12.6,,,,5.3407,0.4499,3.9219,1.1535,8.07450008392334,4.8332,3.0683,1.1535,4.7063,5.1215,1.1535,2026-08-09
sm5-159,Glaceon-GX,holofoil,Ultra Prism,159,Rare Rainbow,5ban Graphics,Stage 1|GX,471,Pokémon,2018/02/02,"tcgplayer,cardmarket",https://prices.pokemontcg.io/tcgplayer/sm5-159,https://images.pokemontcg.io/sm5/159_hires.png,2026/08/08,2025/11/18,82.62,74.98999786376953,94.83999633789062,649.9000244140625,,,,,,32.2865,16.149,33.9936,0.0,40.372501373291016,31.629,36.4275,28.8375,28.5376,27.9378,1.1535,2026-08-09
smp-SM169,Eevee & Snorlax-GX,holofoil,SM Black Star Promos,SM169,Promo,Tomokazu Komiya,Basic|TAG TEAM|GX,133|143,Pokémon,2017/02/03,"tcgplayer,cardmarket",https://prices.pokemontcg.io/tcgplayer/smp-SM169,https://images.pokemontcg.io/smp/SM169_hires.png,2026/08/08,2025/11/18,183.8,157.85000610351562,199.13999938964844,249.5,,,,,,150.601,40.3725,178.4464,0.0,200.65130615234375,159.8982,158.9177,17.3025,14.9724,13.1268,1.1535,2026-08-09
ecard3-129,Miracle Sphere α,normal,Skyridge,129,Uncommon,Hiromichi Sugiyama,Technical Machine,,Trainer,2003/05/12,"tcgplayer,cardmarket",https://prices.pokemontcg.io/tcgplayer/ecard3-129,https://images.pokemontcg.io/ecard3/129_hires.png,2026/08/08,2025/11/18,2.84,1.4900000095367432,3.0,200.25,,79.87,,,,1.7418,0.1154,0.8074,9.7471,0.8073999881744385,0.9343,1.1881,11.5235,5.5137,6.5634,1.1535,2026-08-09
swsh3-155,Corvisquire,normal,Darkness Ablaze,155,Uncommon,kirisAki,Stage 1,822,Pokémon,2020/08/14,"tcgplayer,cardmarket",https://prices.pokemontcg.io/tcgplayer/swsh3-155,https://images.pokemontcg.io/swsh3/155_hires.png,2026/08/08,2025/11/21,0.05,0.009999999776482582,0.1599999964237213,25.059999465942383,,0.22,,,,0.0461,0.0231,0.0461,0.2307,0.03460000082850456,0.0461,0.0577,0.1384,0.1615,0.2422,1.1535,2026-08-09
swsh1-163,Evolution Incense,normal,Sword & Shield,163,Uncommon,Ryo Ueda,Item,,Trainer,2020/02/07,"tcgplayer,cardmarket",https://prices.pokemontcg.io/tcgplayer/swsh1-163,https://images.pokemontcg.io/swsh1/163_hires.png,2026/08/08,2025/11/18,0.21,0.009999999776482582,0.25,7.949999809265137,,3.01,,,,0.1269,0.0231,0.2076,1.0151,0.03460000082850456,0.2307,0.1269,0.0461,4.7063,3.3682,1.1535,2026-08-09
swsh4-160,Telescopic Sight,normal,Vivid Voltage,160,Uncommon,Toyste Beach,Pokémon Tool,,Trainer,2020/11/13,"tcgplayer,cardmarket",https://prices.pokemontcg.io/tcgplayer/swsh4-160,https://images.pokemontcg.io/swsh4/160_hires.png,2026/08/08,2025/11/18,0.03,0.009999999776482582,0.15000000596046448,19.979999542236328,,0.06,,,,0.0231,0.0231,0.0346,0.1154,0.03460000082850456,0.0231,0.0461,0.2307,0.1269,0.173,1.1535,2026-08-09
sm3-158,Darkrai-GX,holofoil,Burning Shadows,158,Rare Rainbow,5ban Graphics,Basic|GX,491,Pokémon,2017/08/05,"tcgplayer,cardmarket",https://prices.pokemontcg.io/tcgplayer/sm3-158,https://images.pokemontcg.io/sm3/158_hires.png,2026/08/08,2025/11/18,50.45,35.0,63.5,366.6300048828125,,,,,,24.3504,10.3815,26.4728,0.0,17.302499771118164,23.07,21.9511,28.8375,27.511,24.9271,1.1535,2026-08-09
swsh2-169,Training Court,normal,Rebel Clash,169,Uncommon,5ban Graphics,Stadium,,Trainer,2020/05/01,"tcgplayer,cardmarket",https://prices.pokemontcg.io/tcgplayer/swsh2-169,https://images.pokemontcg.io/swsh2/169_hires.png,2026/08/08,2025/11/18,0.24,0.05000000074505806,0.25,19.979999542236328,,0.79,,,,0.2307,0.0231,0.2192,1.1881,0.23070000112056732,0.3114,0.2653,2.307,1.1996,1.0151,1.1535,2026-08-09
sm11-157,Druddigon,normal,Unified Minds,157,Common,hatachu,Basic,621,Pokémon,2019/08/02,"tcgplayer,cardmarket",https://prices.pokemontcg.io/tcgplayer/sm11-157,https://images.pokemontcg.io/sm11/157_hires.png,2026/08/08,2025/11/18,0.25,0.05000000074505806,0.25,19.979999542236328,,0.36,,,,0.1269,0.0231,0.1384,0.6806,0.05770000070333481,0.1269,0.1038,0.5652,0.4614,0.3691,1.1535,2026-08-09
sm5-160,Xurkitree-GX,holofoil,Ultra Prism,160,Rare Rainbow,5ban Graphics,Basic|GX|Ultra Beast,796,Pokémon,2018/02/02,"tcgplayer,cardmarket",https://prices.pokemontcg.io/tcgplayer/sm5-160,https://images.pokemontcg.io/sm5/160_hires.png,2026/08/08,2025/11/18,34.12,24.510000228881836,34.119998931884766,219.8000030517578,,,,,,15.5146,3.449,11.8234,0.0,22.943099975585938,12.527,12.9769,16.0337,13.8881,12.2271,1.1535,2026-08-09
sm1-167,Lightning Energy,,Sun & Moon,167,Common,,Basic,,Energy,2017/02/03,,,https://images.pokemontcg.io/sm1/167_hires.png,,,,,,,,,,,,,,,,,,,,,,,2026-08-09
swsh3-156,Corviknight,holofoil,Darkness Ablaze,156,Rare Holo,Kouki Saitou,Stage 2,823,Pokémon,2020/08/14,"tcgplayer,cardmarket",https://prices.pokemontcg.io/tcgplayer/swsh3-156,https://images.pokemontcg.io/swsh3/156_hires.png,2026/08/08,2025/11/21,0.33,0.09000000357627869,0.3499999940395355,19.979999542236328,,0.53,,,,4.0949,0.1154,1.9033,1.5226,1.9608999490737915,2.0071,3.3682,1.5226,1.4188,0.9459,1.1535,2026-08-09
sm8-162,Kecleon,normal,Lost Thunder,162,Uncommon,OOYAMA,Basic,352,Pokémon,2018/11/02,"tcgplayer,cardmarket",https://prices.pokemontcg.io/tcgplayer/sm8-162,https://images.pokemontcg.io/sm8/162_hires.png,2026/08/08,2025/11/18,0.28,0.15000000596046448,0.30000001192092896,18.219999313354492,,3.46,,,,0.1038,0.0346,0.0923,0.0577,0.219200000166893,0.1154,0.173,0.0577,0.5191,0.5883,1.1535,2026-08-09
xyp-XY160,Black Kyurem,holofoil,XY Black Star Promos,XY160,Promo,kawayoo,Basic,646,Pokémon,2013/10/12,"tcgplayer,cardmarket",https://prices.pokemontcg.io/tcgplayer/xyp-XY160,https://images.pokemontcg.io/xyp/XY160_hires.png,2026/08/08,2025/11/18,2.57,1.2000000476837158,2.5799999237060547,34.70000076293945,,,,,,3.6335,0.5537,2.3531,0.0,1.153499960899353,4.1411,2.4108,0.8074,0.5767,0.8767,1.1535,2026-08-09
sm9-174,Erika's Hospitality,holofoil,Team Up,174,Rare Ultra,Sanosuke Sakuma,Supporter,,Trainer,2019/02/01,"tcgplayer,cardmarket",https://prices.pokemontcg.io/tcgplayer/sm9-174,https://images.pokemontcg.io/sm9/174_hires.png,2026/08/08,2025/11/18,134.25,134.99000549316406,186.75999450683594,1190.0,,,,,,116.1459,23.07,120.6446,0.0,121.10600280761719,108.5097,113.0315,103.815,54.5029,42.9909,1.1535,2026-08-09
sm3-159,Gardevoir-GX,holofoil,Burning Shadows,159,Rare Rainbow,5ban Graphics,Stage 2|GX,282,Pokémon,2017/08/05,"tcgplayer,cardmarket",https://prices.pokemontcg.io/tcgplayer/sm3-159,https://images.pokemontcg.io/sm3/159_hires.png,2026/08/08,2025/11/18,51.09,32.34000015258789,56.5,463.0,,,,,,21.1437,8.0745,22.897,0.0,13.842000007629395,23.5083,23.6814,27.1073,27.0496,22.7124,1.1535,2026-08-09
sm7-162,Bill's Maintenance,holofoil,Celestial Storm,162,Rare Ultra,Sanosuke Sakuma,Supporter,,Trainer,2018/08/03,"tcgplayer,cardmarket",https://prices.pokemontcg.io/tcgplayer/sm7-162,https://images.pokemontcg.io/sm7/162_hires.png,2026/08/08,2025/11/18,21.92,18.5,24.610000610351562,342.3500061035156,,,,,,13.2652,4.614,15.1685,0.0,10.958200454711914,14.5802,15.3646,10.9582,10.7968,10.6929,1.1535,2026-08-09
ecard1-160,Fighting Energy,normal,Expedition Base Set,160,,,Basic,,Energy,2002/09/15,"tcgplayer,cardmarket",https://prices.pokemontcg.io/tcgplayer/ecard1-160,https://images.pokemontcg.io/ecard1/160_hires.png,2026/08/08,2025/11/21,3.26,1.1200000047683716,1.6299999952316284,6.0,,,,,,0.8421,0.0231,1.3842,0.0,3.4374001026153564,1.1881,0.8651,0.0923,0.0923,0.0923,1.1535,2026-08-09
swsh4-161,Wyndon Stadium,normal,Vivid Voltage,161,Uncommon,5ban Graphics,Stadium,,Trainer,2020/11/13,"tcgplayer,cardmarket",https://prices.pokemontcg.io/tcgplayer/swsh4-161,https://images.pokemontcg.io/swsh4/161_hires.png,2026/08/08,2025/11/18,0.03,0.009999999776482582,0.1599999964237213,25.030000686645508,,0.09,,,,0.0461,0.0231,0.0461,0.2192,0.023099999874830246,0.0346,0.0577,0.2307,0.1615,0.2076,1.1535,2026-08-09
sm10-157,Porygon-Z,holofoil,Unbroken Bonds,157,Rare Holo,Misa Tsutsui,Stage 2,474,Pokémon,2019/05/03,"tcgplayer,cardmarket",https://prices.pokemontcg.io/tcgplayer/sm10-157,https://images.pokemontcg.io/sm10/157_hires.png,2026/08/08,2025/11/21,1.7,0.9800000190734863,1.7000000476837158,18.34000015258789,,1.88,,,,1.5457,0.2307,1.5803,1.6726,1.2689000368118286,1.5688,1.6841,2.307,1.8802,2.1224,1.1535,2026-08-09
sm12-169,Aipom,normal,Cosmic Eclipse,169,Common,Miki Tanaka,Basic,190,Pokémon,2019/11/01,"tcgplayer,cardmarket",https://prices.pokemontcg.io/tcgplayer/sm12-169,https://images.pokemontcg.io/sm12/169_hires.png,2026/08/08,2025/11/18,0.3,0.019999999552965164,0.25,18.760000228881836,,0.45,,,,0.0692,0.0231,0.0807,0.3345,0.023099999874830246,0.0692,0.0577,0.2307,0.2999,0.2884,1.1535,2026-08-09
swsh2-170,Turffield Stadium,normal,Rebel Clash,170,Uncommon,aky CG Works,Stadium,,Trainer,2020/05/01,"tcgplayer,cardmarket",https://prices.pokemontcg.io/tcgplayer/swsh2-170,https://images.pokemontcg.io/swsh2/170_hires.png,2026/08/08,2025/11/18,0.14,0.03999999910593033,0.20000000298023224,19.979999542236328,,0.56,,,,0.1038,0.0231,0.1038,0.4499,0.023099999874830246,0.1038,0.0923,0.4499,0.496,0.4037,1.1535,2026-08-09
ecard2-139,Power Plant,normal,Aquapolis,139,Uncommon,Kai Ishikawa,Stadium,,Trainer,2003/01/15,"tcgplayer,cardmarket",https://prices.pokemontcg.io/tcgplayer/ecard2-139,https://images.pokemontcg.io/ecard2/139_hires.png,2026/08/08,2025/11/18,4.33,2.990000009536743,5.130000114440918,48.20000076293945,,9.08,,,,3.3336,0.7498,2.7684,0.0,3.4489998817443848,3.0452,2.457,21.3397,5.5714,3.8527,1.1535,2026-08-09
sm2-165,Rare Candy,holofoil,Guardians Rising,165,Rare Secret,Toyste Beach,Item,,Trainer,2017/05/05,"tcgplayer,cardmarket",https://prices.pokemontcg.io/tcgplayer/sm2-165,https://images.pokemontcg.io/sm2/165_hires.png,2026/08/08,2025/11/18,26.6,22.649999618530273,27.0,284.8999938964844,,,,,,28.4914,9.1934,25.7692,0.0,27.47640037536621,21.8704,22.1126,13.2652,19.9671,16.8065,1.1535,2026-08-09
swsh1-164,Great Ball,normal,Sword & Shield,164,Uncommon,Toyste Beach,Item,,Trainer,2020/02/07,"tcgplayer,cardmarket",https://prices.pokemontcg.io/tcgplayer/swsh1-164,https://images.pokemontcg.io/swsh1/164_hires.png,2026/08/08,2025/11/18,0.05,0.009999999776482582,0.15000000596046448,2.990000009536743,,0.43,,,,0.0692,0.0231,0.0231,0.2192,0.023099999874830246,0.0346,0.0692,1.142,0.4037,0.5075,1.1535,2026-08-09
ecard3-130,Miracle Sphere β,normal,Skyridge,130,Uncommon,Hiromichi Sugiyama,Technical Machine,,Trainer,2003/05/12,"tcgplayer,cardmarket",https://prices.pokemontcg.io/tcgplayer/ecard3-130,https://images.pokemontcg.io/ecard3/130_hires.png,2026/08/08,2025/11/18,2.89,1.9800000190734863,3.0,200.5,,33.0,,,,1.1304,0.1154,0.9459,0.0,0.11540000140666962,0.5652,0.8421,8.063,12.2502,9.6433,1.1535,2026-08-09
sm11-158,Noibat,normal,Unified Minds,158,Common,0313,Basic,714,Pokémon,2019/08/02,"tcgplayer,cardmarket",https://prices.pokemontcg.io/tcgplayer/sm11-158,https://images.pokemontcg.io/sm11/158_hires.png,2026/08/08,2025/11/18,0.28,0.009999999776482582,0.27000001072883606,1.5499999523162842,,0.44,,,,0.0807,0.0231,0.0923,0.2192,0.23070000112056732,0.1269,0.1038,0.2884,0.3114,0.3576,1.1535,2026-08-09
smp-SM170,Detective Pikachu,holofoil,SM Black Star Promos,SM170,Promo,,Basic,25,Pokémon,2017/02/03,"tcgplayer,cardmarket",https://prices.pokemontcg.io/tcgplayer/smp-SM170,https://images.pokemontcg.io/smp/SM170_hires.png,2026/08/08,2025/11/18,40.31,58.9900016784668,65.0,328.05999755859375,,,,,,74.7007,12.6885,83.9171,0.0,230.68850708007812,97.3785,46.3707,23.07,22.1126,16.6104,1.1535,2026-08-09
sm9-175,Evelyn,holofoil,Team Up,175,Rare Ultra,Kagemaru Himeno,Supporter,,Trainer,2019/02/01,"tcgplayer,cardmarket",https://prices.pokemontcg.io/tcgplayer/sm9-175,https://images.pokemontcg.io/sm9/175_hires.png,2026/08/08,2025/11/18,61.39,53.9900016784668,63.7599983215332,124.47000122070312,,,,,,21.1437,9.228,30.4293,0.0,27.68400001525879,33.1631,34.9741,46.14,25.0079,16.5066,1.1535,2026-08-09
swsh2-171,Capture Energy,normal,Rebel Clash,171,Uncommon,,Special,,Energy,2020/05/01,"tcgplayer,cardmarket",https://prices.pokemontcg.io/tcgplayer/swsh2-171,https://images.pokemontcg.io/swsh2/171_hires.png,2026/08/08,2025/11/18,0.24,0.09000000357627869,0.27000001072883606,23.0,,1.55,,,,0.2192,0.0231,0.2653,1.3035,0.46140000224113464,0.2884,0.2192,0.5191,1.3035,1.5918,1.1535,2026-08-09
sm8-163,Pikipek,normal,Lost Thunder,163,Common,Miki Tanaka,Basic,731,Pokémon,2018/11/02,"tcgplayer,cardmarket",https://prices.pokemontcg.io/tcgplayer/sm8-163,https://images.pokemontcg.io/sm8/163_hires.png,2026/08/08,2025/11/18,0.18,0.05000000074505806,0.20999999344348907,19.979999542236328,,0.39,,,,0.0807,0.0231,0.0923,0.5652,0.23070000112056732,0.0923,0.1038,1.7302,0.5652,0.4153,1.1535,2026-08-09
xyp-XY161,Braixen,holofoil,XY Black Star Promos,XY161,Promo,kirisAki,Stage 1,654,Pokémon,2013/10/12,"tcgplayer,cardmarket",https://prices.pokemontcg.io/tcgplayer/xyp-XY161,https://images.pokemontcg.io/xyp/XY161_hires.png,2026/08/08,2025/11/18,1.04,0.4300000071525574,0.8799999952316284,19.979999542236328,,,,,,1.1535,0.1154,1.1766,0.0,1.153499960899353,1.2227,1.1304,0.346,0.5652,0.5191,1.1535,2026-08-09
sm10-158,Snorlax,holofoil,Unbroken Bonds,158,Rare Holo,kanahei,Basic,143,Pokémon,2019/05/03,"tcgplayer,cardmarket",https://prices.pokemontcg.io/tcgplayer/sm10-158,https://images.pokemontcg.io/sm10/158_hires.png,2026/08/08,2025/11/21,81.79,59.45000076293945,80.56999969482422,149.99000549316406,,64.75,,,,27.9378,20.1863,31.5482,32.0673,21.916500091552734,32.1942,25.3655,44.8596,33.7514,27.534,1.1535,2026-08-09
sm3-160,Noivern-GX,holofoil,Burning Shadows,160,Rare Rainbow,5ban Graphics,Stage 1|GX,715,Pokémon,2017/08/05,"tcgplayer,cardmarket",https://prices.pokemontcg.io/tcgplayer/sm3-160,https://images.pokemontcg.io/sm3/160_hires.png,2026/08/08,2025/11/18,25.35,12.710000038146973,20.350000381469727,579.760009765625,,,,,,12.2156,2.8838,12.2732,0.0,11.53499984741211,12.4001,12.9423,14.9955,16.5297,12.7692,1.1535,2026-08-09
sm1-168,Psychic Energy,,Sun & Moon,168,Common,,Basic,,Energy,2017/02/03,,,https://images.pokemontcg.io/sm1/168_hires.png,,,,,,,,,,,,,,,,,,,,,,,2026-08-09
sm2-166,Double Colorless Energy,holofoil,Guardians Rising,166,Rare Secret,,Special,,Energy,2017/05/05,"tcgplayer,cardmarket",https://prices.pokemontcg.io/tcgplayer/sm2-166,https://images.pokemontcg.io/sm2/166_hires.png,2026/08/08,2025/11/18,17.17,12.989999771118164,17.170000076293945,160.0,,,,,,13.2191,5.7675,21.5012,0.0,16.056699752807617,19.8171,19.9209,29.5527,27.1534,27.3841,1.1535,2026-08-09
ecard1-161,Fire Energy,normal,Expedition Base Set,161,,,Basic,,Energy,2002/09/15,"tcgplayer,cardmarket",https://prices.pokemontcg.io/tcgplayer/ecard1-161,https://images.pokemontcg.io/ecard1/161_hires.png,2026/08/08,2025/11/21,2.48,1.1299999952316284,2.369999885559082,96.36000061035156,,,,,,0.7844,0.0231,0.8882,0.0,0.34599998593330383,0.7036,0.6921,0.0923,1.0266,1.0266,1.1535,2026-08-09
sm7-163,Copycat,holofoil,Celestial Storm,163,Rare Ultra,Megumi Mizutani,Supporter,,Trainer,2018/08/03,"tcgplayer,cardmarket",https://prices.pokemontcg.io/tcgplayer/sm7-163,https://images.pokemontcg.io/sm7/163_hires.png,2026/08/08,2025/11/18,37.0,35.95000076293945,45.58000183105469,343.79998779296875,,,,,,32.8747,8.0745,27.534,0.0,8.07450008392334,29.9679,28.7106,20.1863,20.936,18.9751,1.1535,2026-08-09
sm5-161,Dawn Wings Necrozma-GX,holofoil,Ultra Prism,161,Rare Rainbow,5ban Graphics,Basic|GX|Ultra Beast,800,Pokémon,2018/02/02,"tcgplayer,cardmarket",https://prices.pokemontcg.io/tcgplayer/sm5-161,https://images.pokemontcg.io/sm5/161_hires.png,2026/08/08,2025/11/18,26.22,25.889999389648438,33.459999084472656,273.1000061035156,,,,,,18.2138,8.0514,18.5367,0.0,21.316699981689453,18.3868,15.7683,41.8144,26.2767,17.7408,1.1535,2026-08-09
ecard2-140,Water Cube 01,normal,Aquapolis,140,Uncommon,"""Big Mama"" Tagawa",Technical Machine,,Trainer,2003/01/15,"tcgplayer,cardmarket",https://prices.pokemontcg.io/tcgplayer/ecard2-140,https://images.pokemontcg.io/ecard2/140_hires.png,2026/08/08,2025/11/18,1.8,0.9900000095367432,1.9900000095367432,25.0,,5.83,,,,0.5883,0.0231,0.8536,7.4401,0.57669997215271,0.5883,1.0266,3.3336,4.5909,2.9299,1.1535,2026-08-09
sm12-170,Ambipom,normal,Cosmic Eclipse,170,Uncommon,Sumiyoshi Kizuki,Stage 1,424,Pokémon,2019/11/01,"tcgplayer,cardmarket",https://prices.pokemontcg.io/tcgplayer/sm12-170,https://images.pokemontcg.io/sm12/170_hires.png,2026/08/08,2025/11/18,0.21,0.03999999910593033,0.2199999988079071,18.31999969482422,,0.48,,,,0.1038,0.0231,0.0923,0.5883,0.10379999876022339,0.0923,0.0923,1.1535,0.5306,0.4845,1.1535,2026-08-09
smp-SM171,Flareon-GX,holofoil,SM Black Star Promos,SM171,Promo,PLANETA Otani,Stage 1|GX,136,Pokémon,2017/02/03,"tcgplayer,cardmarket",https://prices.pokemontcg.io/tcgplayer/smp-SM171,https://images.pokemontcg.io/smp/SM171_hires.png,2026/08/08,2025/11/18,13.68,10.479999542236328,15.1899995803833,92.5999984741211,,,,,,8.0168,3.4605,9.1819,0.0,8.07450008392334,8.3859,9.6663,19.0097,10.5084,11.8811,1.1535,2026-08-09
ecard3-131,Miracle Sphere γ,normal,Skyridge,131,Uncommon,Hiromichi Sugiyama,Technical Machine,,Trainer,2003/05/12,"tcgplayer,cardmarket",https://prices.pokemontcg.io/tcgplayer/ecard3-131,https://images.pokemontcg.io/ecard3/131_hires.png,2026/08/08,2025/11/18,3.08,1.940000057220459,3.200000047683716,32.5,,29.13,,,,1.2112,0.2307,1.2342,0.0,1.038100004196167,0.8767,1.0843,15.5607,8.559,11.2236,1.1535,2026-08-09
sm11-159,Noivern,normal,Unified Minds,159,Rare,Shin Nagasawa,Stage 1,715,Pokémon,2019/08/02,"tcgplayer,cardmarket",https://prices.pokemontcg.io/tcgplayer/sm11-159,https://images.pokemontcg.io/sm11/159_hires.png,2026/08/08,2025/11/18,0.38,0.25999999046325684,0.38999998569488525,18.920000076293945,,0.71,,,,0.1846,0.0231,0.323,1.5111,0.57669997215271,0.346,0.323,1.3265,1.3381,0.8767,1.1535,2026-08-09
swsh3-157,Big Parasol,normal,Darkness Ablaze,157,Uncommon,Toyste Beach,Pokémon Tool,,Trainer,2020/08/14,"tcgplayer,cardmarket",https://prices.pokemontcg.io/tcgplayer/swsh3-157,https://images.pokemontcg.io/swsh3/157_hires.png,2026/08/08,2025/11/21,0.06,0.009999999776482582,0.1899999976158142,19.260000228881836,,0.34,,,,0.0807,0.0231,0.0577,0.3576,0.04610000178217888,0.0692,0.0807,0.4614,0.4153,0.4499,1.1535,2026-08-09
swsh4-162,Aromatic Grass Energy,normal,Vivid Voltage,162,Uncommon,,Special,,Energy,2020/11/13,"tcgplayer,cardmarket",https://prices.pokemontcg.io/tcgplayer/swsh4-162,https://images.pokemontcg.io/swsh4/162_hires.png,2026/08/08,2025/11/18,0.1,0.009999999776482582,0.18000000715255737,19.979999542236328,,0.28,,,,0.1384,0.0231,0.0923,0.1961,0.08070000261068344,0.15,0.1269,0.1154,0.2076,0.2538,1.1535,2026-08-09
swsh1-165,Hop,normal,Sword & Shield,165,Uncommon,Ken Sugimori,Supporter,,Trainer,2020/02/07,"tcgplayer,cardmarket",https://prices.pokemontcg.io/tcgplayer/swsh1-165,https://images.pokemontcg.io/swsh1/165_hires.png,2026/08/08,2025/11/18,0.13,0.009999999776482582,0.15000000596046448,19.360000610351562,,0.34,,,,0.0346,0.0231,0.0346,0.5537,0.023099999874830246,0.0231,0.0346,0.6114,0.5191,0.4614,1.1535,2026-08-09
sm9-176,Ingo & Emmet,holofoil,Team Up,176,Rare Ultra,Megumi Mizutani,Supporter,,Trainer,2019/02/01,"tcgplayer,cardmarket",https://prices.pokemontcg.io/tcgplayer/sm9-176,https://images.pokemontcg.io/sm9/176_hires.png,2026/08/08,2025/11/18,42.3,41.79999923706055,46.209999084472656,561.4199829101562,,,,,,66.3263,5.7675,41.7452,0.0,46.128501892089844,44.5712,36.1622,22.4932,13.2999,11.6503,1.1535,2026-08-09
swsh2-172,Horror Psychic Energy,normal,Rebel Clash,172,Uncommon,,Special,,Energy,2020/05/01,"tcgplayer,cardmarket",https://prices.pokemontcg.io/tcgplayer/swsh2-172,https://images.pokemontcg.io/swsh2/172_hires.png,2026/08/08,2025/11/18,0.37,0.05000000074505806,0.4000000059604645,15.84000015258789,,2.31,,,,0.2999,0.0231,0.1846,0.9689,0.23070000112056732,0.1615,0.2768,1.3265,0.8536,1.5572,1.1535,2026-08-09
sm8-164,Pikipek,normal,Lost Thunder,164,Common,Suwama Chiaki,Basic,731,Pokémon,2018/11/02,"tcgplayer,cardmarket",https://prices.pokemontcg.io/tcgplayer/sm8-164,https://images.pokemontcg.io/sm8/164_hires.png,2026/08/08,2025/11/18,0.1,0.03999999910593033,0.20000000298023224,19.979999542236328,,0.33,,,,0.1154,0.0231,0.1154,0.4499,0.09229999780654907,0.1038,0.1154,0.346,0.4153,0.3691,1.1535,2026-08-09
sm3-161,Bodybuilding Dumbbells,holofoil,Burning Shadows,161,Rare Secret,Eske Yoshinob,Pokémon Tool,,Trainer,2017/08/05,"tcgplayer,cardmarket",https://prices.pokemontcg.io/tcgplayer/sm3-161,https://images.pokemontcg.io/sm3/161_hires.png,2026/08/08,2025/11/18,7.32,4.0,7.159999847412109,95.98999786376953,,,,,,7.8553,3.4028,9.6663,0.0,6.921000003814697,8.5474,8.8819,7.9592,11.1774,6.9902,1.1535,2026-08-09
xyp-XY162,Greninja,holofoil,XY Black Star Promos,XY162,Promo,Sanosuke Sakuma,Stage 2,658,Pokémon,2013/10/12,"tcgplayer,cardmarket",https://prices.pokemontcg.io/tcgplayer/xyp-XY162,https://images.pokemontcg.io/xyp/XY162_hires.png,2026/08/08,2025/11/18,17.86,8.0,17.40999984741211,84.94000244140625,,,,,,4.4294,0.173,3.4259,0.0,2.1800999641418457,2.976,3.9334,1.7302,1.9148,1.488,1.1535,2026-08-09
sm1-169,Fighting Energy,,Sun & Moon,169,Common,,Basic,,Energy,2017/02/03,,,https://images.pokemontcg.io/sm1/169_hires.png,,,,,,,,,,,,,,,,,,,,,,,2026-08-09
sm2-167,Grass Energy,holofoil,Guardians Rising,167,Rare Secret,,Basic,,Energy,2017/05/05,"tcgplayer,cardmarket",https://prices.pokemontcg.io/tcgplayer/sm2-167,https://images.pokemontcg.io/sm2/167_hires.png,2026/08/08,2025/11/18,22.03,19.6299991607666,23.34000015258789,224.0,,,,,,23.0585,3.4605,23.1623,0.0,23.058500289916992,24.5349,17.7754,17.1871,25.3539,23.7967,1.1535,2026-08-09
smp-SM172,Vaporeon-GX,holofoil,SM Black Star Promos,SM172,Promo,PLANETA Otani,Stage 1|GX,134,Pokémon,2017/02/03,"tcgplayer,cardmarket",https://prices.pokemontcg.io/tcgplayer/smp-SM172,https://images.pokemontcg.io/smp/SM172_hires.png,2026/08/08,2025/11/18,11.23,9.0,13.359999656677246,179.72000122070312,,,,,,8.5013,2.8838,6.921,0.0,4.902400016784668,8.3283,8.6859,18.456,12.6424,12.181,1.1535,2026-08-09
sm10-159,Glameow,normal,Unbroken Bonds,159,Common,sowsow,Basic,431,Pokémon,2019/05/03,"tcgplayer,cardmarket",https://prices.pokemontcg.io/tcgplayer/sm10-159,https://images.pokemontcg.io/sm10/159_hires.png,2026/08/08,2025/11/21,0.29,0.05000000074505806,0.3199999928474426,19.979999542236328,,0.55,,,,0.1269,0.0231,0.15,0.4383,0.17299999296665192,0.173,0.1269,0.0231,0.4037,0.3922,1.1535,2026-08-09
sm11-160,Naganadel-GX,holofoil,Unified Minds,160,Rare Holo GX,PLANETA Tsuji,Stage 1|GX|Ultra Beast,804,Pokémon,2019/08/02,"tcgplayer,cardmarket",https://prices.pokemontcg.io/tcgplayer/sm11-160,https://images.pokemontcg.io/sm11/160_hires.png,2026/08/08,2025/11/18,4.0,2.680000066757202,4.0,96.94999694824219,,,,,,3.1952,0.8074,2.48,0.0,1.153499960899353,2.7915,3.4951,5.4791,2.457,2.6646,1.1535,2026-08-09
sm12-171,Teddiursa,normal,Cosmic Eclipse,171,Common,kodama,Basic,216,Pokémon,2019/11/01,"tcgplayer,cardmarket",https://prices.pokemontcg.io/tcgplayer/sm12-171,https://images.pokemontcg.io/sm12/171_hires.png,2026/08/08,2025/11/18,0.26,0.05000000074505806,0.27000001072883606,19.979999542236328,,1.0,,,,0.0923,0.0231,0.0923,0.5306,0.023099999874830246,0.1038,0.0807,0.5191,0.5537,0.4268,1.1535,2026-08-09
ecard1-162,Grass Energy,normal,Expedition Base Set,162,,,Basic,,Energy,2002/09/15,"tcgplayer,cardmarket",https://prices.pokemontcg.io/tcgplayer/ecard1-162,https://images.pokemontcg.io/ecard1/162_hires.png,2026/08/08,2025/11/21,1.32,0.49000000953674316,0.9900000095367432,19.979999542236328,,,,,,0.5421,0.0577,1.3842,0.0,2.5376999378204346,0.9689,0.7267,0.0923,1.7879,1.7879,1.1535,2026-08-09
swsh4-163,Coating Metal Energy,normal,Vivid Voltage,163,Uncommon,,Special,,Energy,2020/11/13,"tcgplayer,cardmarket",https://prices.pokemontcg.io/tcgplayer/swsh4-163,https://images.pokemontcg.io/swsh4/163_hires.png,2026/08/08,2025/11/18,0.05,0.009999999776482582,0.18000000715255737,19.979999542236328,,0.29,,,,0.0577,0.0231,0.0577,0.2768,0.13840000331401825,0.0923,0.0807,0.1154,0.1961,0.2538,1.1535,2026-08-09
sm5-162,Celesteela-GX,holofoil,Ultra Prism,162,Rare Rainbow,5ban Graphics,Basic|GX|Ultra Beast,797,Pokémon,2018/02/02,"tcgplayer,cardmarket",https://prices.pokemontcg.io/tcgplayer/sm5-162,https://images.pokemontcg.io/sm5/162_hires.png,2026/08/08,2025/11/18,27.14,18.75,28.989999771118164,279.79998779296875,,,,,,10.8429,5.7675,10.6814,0.0,10.323800086975098,8.9512,11.3389,17.3025,16.1375,11.2351,1.1535,2026-08-09
swsh1-166,Hyper Potion,normal,Sword & Shield,166,Uncommon,Ryo Ueda,Item,,Trainer,2020/02/07,"tcgplayer,cardmarket",https://prices.pokemontcg.io/tcgplayer/swsh1-166,https://images.pokemontcg.io/swsh1/166_hires.png,2026/08/08,2025/11/18,0.1,0.009999999776482582,0.1899999976158142,19.979999542236328,,0.41,,,,0.0807,0.0231,0.0923,1.5111,0.12690000236034393,0.0923,0.1038,2.8838,1.3496,0.7959,1.1535,2026-08-09
ecard3-132,Mirage Stadium,normal,Skyridge,132,Uncommon,Midori Harada,Stadium,,Trainer,2003/05/12,"tcgplayer,cardmarket",https://prices.pokemontcg.io/tcgplayer/ecard3-132,https://images.pokemontcg.io/ecard3/132_hires.png,2026/08/08,2025/11/18,6.09,5.929999828338623,6.840000152587891,73.30000305175781,,24.8,,,,1.638,0.5767,1.8456,11.4773,3.4258999824523926,2.0302,1.5688,11.4773,7.5324,6.7826,1.1535,2026-08-09
swsh3-158,Billowing Smoke,normal,Darkness Ablaze,158,Uncommon,5ban Graphics,Pokémon Tool,,Trainer,2020/08/14,"tcgplayer,cardmarket",https://prices.pokemontcg.io/tcgplayer/swsh3-158,https://images.pokemontcg.io/swsh3/158_hires.png,2026/08/08,2025/11/18,0.06,0.009999999776482582,0.15000000596046448,19.979999542236328,,0.24,,,,0.0577,0.0231,0.0807,0.2422,0.05770000070333481,0.0692,0.0577,0.0807,0.2307,0.3114,1.1535,2026-08-09
sm7-164,Lisia,holofoil,Celestial Storm,164,Rare Ultra,Naoki Saito,Supporter,,Trainer,2018/08/03,"tcgplayer,cardmarket",https://prices.pokemontcg.io/tcgplayer/sm7-164,https://images.pokemontcg.io/sm7/164_hires.png,2026/08/08,2025/11/18,198.49,154.8000030517578,209.9600067138672,2154.0,,,,,,57.675,40.3725,174.4438,0.0,86.5009994506836,139.4235,179.0463,80.745,101.831,58.7593,1.1535,2026-08-09
ecard2-141,Weakness Guard,normal,Aquapolis,141,Uncommon,Jungo Suzuki,,,Trainer,2003/01/15,"tcgplayer,cardmarket",https://prices.pokemontcg.io/tcgplayer/ecard2-141,https://images.pokemontcg.io/ecard2/141_hires.png,2026/08/08,2025/11/18,45.85,49.9900016784668,102.30999755859375,529.4000244140625,,14.66,,,,2.8261,0.5767,4.0026,5.9982,6.9095001220703125,3.795,3.9219,4.614,10.3815,8.8243,1.1535,2026-08-09
sm9-177,Jasmine,holofoil,Team Up,177,Rare Ultra,Hideki Ishikawa,Supporter,,Trainer,2019/02/01,"tcgplayer,cardmarket",https://prices.pokemontcg.io/tcgplayer/sm9-177,https://images.pokemontcg.io/sm9/177_hires.png,2026/08/08,2025/11/18,80.43,89.0,99.98999786376953,684.9000244140625,,,,,,55.7371,23.07,56.5215,0.0,51.895999908447266,48.1125,55.3449,31.7212,29.3912,20.5669,1.1535,2026-08-09
sm1-170,Darkness Energy,,Sun & Moon,170,Common,,Basic,,Energy,2017/02/03,,,https://images.pokemontcg.io/sm1/170_hires.png,,,,,,,,,,,,,,,,,,,,,,,2026-08-09
smp-SM173,Jolteon-GX,holofoil,SM Black Star Promos,SM173,Promo,PLANETA Otani,Stage 1|GX,135,Pokémon,2017/02/03,"tcgplayer,cardmarket",https://prices.pokemontcg.io/tcgplayer/smp-SM173,https://images.pokemontcg.io/smp/SM173_hires.png,2026/08/08,2025/11/18,9.91,6.0,10.8100004196167,96.94999694824219,,,,,,7.2555,2.307,6.6211,0.0,6.748000144958496,7.4977,7.6708,9.7817,8.1783,7.2094,1.1535,2026-08-09
swsh2-173,Speed Lightning Energy,normal,Rebel Clash,173,Uncommon,,Special,,Energy,2020/05/01,"tcgplayer,cardmarket",https://prices.pokemontcg.io/tcgplayer/swsh2-173,https://images.pokemontcg.io/swsh2/173_hires.png,2026/08/08,2025/11/18,0.27,0.03999999910593033,0.2800000011920929,5.0,,1.25,,,,0.346,0.0231,0.3691,2.1455,0.5421000123023987,0.3114,0.3691,1.1535,2.0878,1.811,1.1535,2026-08-09
sm12-172,Ursaring,normal,Cosmic Eclipse,172,Rare,Hiroki Asanuma,Stage 1,217,Pokémon,2019/11/01,"tcgplayer,cardmarket",https://prices.pokemontcg.io/tcgplayer/sm12-172,https://images.pokemontcg.io/sm12/172_hires.png,2026/08/08,2025/11/18,0.28,0.11999999731779099,0.2800000011920929,19.979999542236328,,0.56,,,,0.2076,0.0231,0.173,0.7382,0.023099999874830246,0.1615,0.2192,0.2307,0.7382,0.7498,1.1535,2026-08-09
xyp-XY163,Weezing,holofoil,XY Black Star Promos,XY163,Promo,TOKIYA,Stage 1,110,Pokémon,2013/10/12,"tcgplayer,cardmarket",https://prices.pokemontcg.io/tcgplayer/xyp-XY163,https://images.pokemontcg.io/xyp/XY163_hires.png,2026/08/08,2025/11/18,1.88,0.6399999856948853,1.5199999809265137,10.0,,,,,,0.8074,0.173,1.2573,0.0,1.153499960899353,1.2342,1.4995,0.8651,0.8882,1.0958,1.1535,2026-08-09
sm3-162,Choice Band,holofoil,Burning Shadows,162,Rare Secret,Eske Yoshinob,Pokémon Tool,,Trainer,2017/08/05,"tcgplayer,cardmarket",https://prices.pokemontcg.io/tcgplayer/sm3-162,https://images.pokemontcg.io/sm3/162_hires.png,2026/08/08,2025/11/18,4.67,3.0,4.829999923706055,14.989999771118164,,,,,,5.7329,1.9725,4.2564,0.0,5.190700054168701,5.2715,6.3673,8.063,9.0319,10.1162,1.1535,2026-08-09
sm8-165,Trumbeak,normal,Lost Thunder,165,Uncommon,Shin Nagasawa,Stage 1,732,Pokémon,2018/11/02,"tcgplayer,cardmarket",https://prices.pokemontcg.io/tcgplayer/sm8-165,https://images.pokemontcg.io/sm8/165_hires.png,2026/08/08,2025/11/18,0.35,0.25,0.3700000047683716,19.979999542236328,,1.55,,,,0.2538,0.0231,0.2768,3.449,0.2653000056743622,0.2768,0.2307,3.449,1.4995,1.1766,1.1535,2026-08-09
sm11-161,Lickitung,normal,Unified Minds,161,Common,tetsuya koizumi,Basic,108,Pokémon,2019/08/02,"tcgplayer,cardmarket",https://prices.pokemontcg.io/tcgplayer/sm11-161,https://images.pokemontcg.io/sm11/161_hires.png,2026/08/08,2025/11/18,0.27,0.09000000357627869,0.27000001072883606,19.979999542236328,,0.42,,,,0.0807,0.0231,0.0923,0.4153,0.17299999296665192,0.1038,0.0923,0.346,0.3922,0.3345,1.1535,2026-08-09
sm10-160,Purugly,normal,Unbroken Bonds,160,Rare,Tomokazu Komiya,Stage 1,432,Pokémon,2019/05/03,"tcgplayer,cardmarket",https://prices.pokemontcg.io/tcgplayer/sm10-160,https://images.pokemontcg.io/sm10/160_hires.png,2026/08/08,2025/11/18,0.66,0.23000000417232513,0.6499999761581421,19.979999542236328,,4.7,,,,0.5883,0.0346,0.496,1.0612,0.4383000135421753,0.3922,0.4729,0.5767,1.0612,0.8536,1.1535,2026-08-09
sm5-163,Dusk Mane Necrozma-GX,holofoil,Ultra Prism,163,Rare Rainbow,5ban Graphics,Basic|GX|Ultra Beast,800,Pokémon,2018/02/02,"tcgplayer,cardmarket",https://prices.pokemontcg.io/tcgplayer/sm5-163,https://images.pokemontcg.io/sm5/163_hires.png,2026/08/08,2025/11/18,24.99,20.25,25.469999313354492,250.0,,,,,,23.8313,11.4773,21.1437,0.0,24.223499298095703,19.3327,17.6832,23.07,22.1472,19.3903,1.1535,2026-08-09
sm2-168,Lightning Energy,holofoil,Guardians Rising,168,Rare Secret,,Basic,,Energy,2017/05/05,"tcgplayer,cardmarket",https://prices.pokemontcg.io/tcgplayer/sm2-168,https://images.pokemontcg.io/sm2/168_hires.png,2026/08/08,2025/11/18,20.57,16.440000534057617,26.600000381469727,206.94000244140625,,,,,,20.763,5.1907,20.0824,0.0,19.609500885009766,20.9822,17.3371,28.8375,41.353,30.8331,1.1535,2026-08-09
sm7-165,Steven's Resolve,holofoil,Celestial Storm,165,Rare Ultra,Hitoshi Ariga,Supporter,,Trainer,2018/08/03,"tcgplayer,cardmarket",https://prices.pokemontcg.io/tcgplayer/sm7-165,https://images.pokemontcg.io/sm7/165_hires.png,2026/08/08,2025/11/18,52.41,45.970001220703125,53.20000076293945,249.99000549316406,,,,,,31.4329,9.228,37.0043,0.0,57.6172981262207,34.432,30.3255,14.9955,17.0833,14.1419,1.1535,2026-08-09
swsh1-167,Lucky Egg,normal,Sword & Shield,167,Uncommon,Studio Bora Inc.,Pokémon Tool,,Trainer,2020/02/07,"tcgplayer,cardmarket",https://prices.pokemontcg.io/tcgplayer/swsh1-167,https://images.pokemontcg.io/swsh1/167_hires.png,2026/08/08,2025/11/18,0.14,0.009999999776482582,0.20000000298023224,19.979999542236328,,0.3,,,,0.0807,0.0231,0.0692,0.2768,0.03460000082850456,0.0692,0.0807,0.2653,0.2653,0.2653,1.1535,2026-08-09
swsh3-159,Bird Keeper,normal,Darkness Ablaze,159,Uncommon,Hideki Ishikawa,Supporter,,Trainer,2020/08/14,"tcgplayer,cardmarket",https://prices.pokemontcg.io/tcgplayer/swsh3-159,https://images.pokemontcg.io/swsh3/159_hires.png,2026/08/08,2025/11/18,0.16,0.009999999776482582,0.20000000298023224,19.979999542236328,,0.29,,,,0.1038,0.0231,0.0692,0.2422,0.023099999874830246,0.15,0.1961,0.0346,0.2192,0.2884,1.1535,2026-08-09
ecard2-142,Darkness Energy,normal,Aquapolis,142,Rare,Milky Isobe,Special,,Energy,2003/01/15,"tcgplayer,cardmarket",https://prices.pokemontcg.io/tcgplayer/ecard2-142,https://images.pokemontcg.io/ecard2/142_hires.png,2026/08/08,2025/11/18,10.18,10.180000305175781,31.81999969482422,89.9000015258789,,10.83,,,,1.7879,0.5767,2.2724,4.3256,1.153499960899353,1.9609,2.6877,11.535,2.8261,3.945,1.1535,2026-08-09
ecard1-163,Lightning Energy,normal,Expedition Base Set,163,,,Basic,,Energy,2002/09/15,"tcgplayer,cardmarket",https://prices.pokemontcg.io/tcgplayer/ecard1-163,https://images.pokemontcg.io/ecard1/163_hires.png,2026/08/08,2025/11/21,1.14,0.49000000953674316,1.0,16.31999969482422,,,,,,0.5306,0.0231,1.315,0.0,0.3345000147819519,1.0035,0.5998,0.0923,0.0923,0.0923,1.1535,2026-08-09
swsh4-164,Stone Fighting Energy,normal,Vivid Voltage,164,Uncommon,,Special,,Energy,2020/11/13,"tcgplayer,cardmarket",https://prices.pokemontcg.io/tcgplayer/swsh4-164,https://images.pokemontcg.io/swsh4/164_hires.png,2026/08/08,2025/11/18,0.19,0.009999999776482582,0.20000000298023224,19.979999542236328,,0.31,,,,0.0692,0.0231,0.0346,0.2076,0.09229999780654907,0.0692,0.1038,0.8074,0.2768,0.2884,1.1535,2026-08-09
ecard3-133,Mystery Plate α,normal,Skyridge,133,Uncommon,Hiromichi Sugiyama,Technical Machine,,Trainer,2003/05/12,"tcgplayer,cardmarket",https://prices.pokemontcg.io/tcgplayer/ecard3-133,https://images.pokemontcg.io/ecard3/133_hires.png,2026/08/08,2025/11/18,5.2,3.0,5.420000076293945,62.0,,30.0,,,,10.3123,0.4614,9.8624,0.0,2.6414999961853027,12.6885,3.9796,9.228,9.7586,9.4356,1.1535,2026-08-09
sm9-178,Morgan,holofoil,Team Up,178,Rare Ultra,Kagemaru Himeno,Supporter,,Trainer,2019/02/01,"tcgplayer,cardmarket",https://prices.pokemontcg.io/tcgplayer/sm9-178,https://images.pokemontcg.io/sm9/178_hires.png,2026/08/08,2025/11/18,51.44,47.81999969482422,58.470001220703125,417.5,,,,,,27.0496,6.921,34.8818,0.0,46.07080078125,29.8872,36.3814,20.1863,18.9174,14.0727,1.1535,2026-08-09
sm1-171,Metal Energy,,Sun & Moon,171,Common,,Basic,,Energy,2017/02/03,,,https://images.pokemontcg.io/sm1/171_hires.png,,,,,,,,,,,,,,,,,,,,,,,2026-08-09
smp-SM174,Eevee-GX,holofoil,SM Black Star Promos,SM174,Promo,PLANETA Otani,Basic|GX,133,Pokémon,2017/02/03,"tcgplayer,cardmarket",https://prices.pokemontcg.io/tcgplayer/smp-SM174,https://images.pokemontcg.io/smp/SM174_hires.png,2026/08/08,2025/11/18,40.32,35.0,224.99000549316406,293.2799987792969,,,,,,11.535,4.4986,21.1552,0.0,11.53499984741211,25.7,21.7204,28.826,11.8234,11.7426,1.1535,2026-08-09
swsh2-174,Twin Energy,normal,Rebel Clash,174,Uncommon,,Special,,Energy,2020/05/01,"tcgplayer,cardmarket",https://prices.pokemontcg.io/tcgplayer/swsh2-174,https://images.pokemontcg.io/swsh2/174_hires.png,2026/08/08,2025/11/18,0.26,0.05000000074505806,0.25999999046325684,2.990000009536743,,0.88,,,,0.2422,0.0231,0.1384,0.7613,0.08070000261068344,0.1961,0.2538,0.669,0.7498,0.8305,1.1535,2026-08-09
sm12-173,Zangoose,normal,Cosmic Eclipse,173,Uncommon,tetsuya koizumi,Basic,335,Pokémon,2019/11/01,"tcgplayer,cardmarket",https://prices.pokemontcg.io/tcgplayer/sm12-173,https://images.pokemontcg.io/sm12/173_hires.png,2026/08/08,2025/11/18,0.22,0.09000000357627869,0.25,19.979999542236328,,0.49,,,,0.1154,0.0231,0.1154,1.0381,0.11540000140666962,0.1038,0.1038,0.0577,0.646,0.6344,1.1535,2026-08-09
sm5-164,Dialga-GX,holofoil,Ultra Prism,164,Rare Rainbow,5ban Graphics,Basic|GX,483,Pokémon,2018/02/02,"tcgplayer,cardmarket",https://prices.pokemontcg.io/tcgplayer/sm5-164,https://images.pokemontcg.io/sm5/164_hires.png,2026/08/08,2025/11/18,44.94,40.0,46.959999084472656,400.0,,,,,,36.6582,9.8048,35.2394,0.0,28.826000213623047,35.5509,33.4861,28.826,23.8659,27.0034,1.1535,2026-08-09
xyp-XY164,Volcanion,holofoil,XY Black Star Promos,XY164,Promo,TOKIYA,Basic,721,Pokémon,2013/10/12,"tcgplayer,cardmarket",https://prices.pokemontcg.io/tcgplayer/xyp-XY164,https://images.pokemontcg.io/xyp/XY164_hires.png,2026/08/08,2025/11/18,1.24,0.5400000214576721,1.2000000476837158,19.979999542236328,,,,,,2.134,0.2884,1.7533,0.0,2.0762999057769775,2.0648,1.7649,3.4605,2.0071,1.6034,1.1535,2026-08-09
sm10-161,Happiny,normal,Unbroken Bonds,161,Uncommon,Eri Yamaki,Basic,440,Pokémon,2019/05/03,"tcgplayer,cardmarket",https://prices.pokemontcg.io/tcgplayer/sm10-161,https://images.pokemontcg.io/sm10/161_hires.png,2026/08/08,2025/11/18,1.89,0.8999999761581421,2.0,19.979999542236328,,5.85,,,,0.4845,0.0231,0.3922,9.8048,1.2573000192642212,0.5306,0.5306,17.3025,3.3798,1.2919,1.1535,2026-08-09
sm11-162,Lickilicky,normal,Unified Minds,162,Rare,Suwama Chiaki,Stage 1,463,Pokémon,2019/08/02,"tcgplayer,cardmarket",https://prices.pokemontcg.io/tcgplayer/sm11-162,https://images.pokemontcg.io/sm11/162_hires.png,2026/08/08,2025/11/18,0.45,0.20000000298023224,0.47999998927116394,1.690000057220459,,0.57,,,,0.2768,0.0577,0.3576,0.4614,0.57669997215271,0.3576,0.3576,0.5767,0.5652,0.6806,1.1535,2026-08-09
sm8-166,Toucannon,normal,Lost Thunder,166,Rare,Kouki Saitou,Stage 2,733,Pokémon,2018/11/02,"tcgplayer,cardmarket",https://prices.pokemontcg.io/tcgplayer/sm8-166,https://images.pokemontcg.io/sm8/166_hires.png,2026/08/08,2025/11/18,0.47,0.20000000298023224,0.49000000953674316,4.0,,0.75,,,,0.5191,0.1154,0.5537,0.0,0.4499000012874603,0.5883,0.4499,0.5652,1.9379,1.4303,1.1535,2026-08-09
sm3-163,Escape Rope,holofoil,Burning Shadows,163,Rare Secret,Toyste Beach,Item,,Trainer,2017/08/05,"tcgplayer,cardmarket",https://prices.pokemontcg.io/tcgplayer/sm3-163,https://images.pokemontcg.io/sm3/163_hires.png,2026/08/08,2025/11/18,16.49,12.25,17.020000457763672,106.98999786376953,,,,,,16.818,5.756,19.2865,0.0,18.444499969482422,18.0753,22.3318,22.2049,18.0753,11.8118,1.1535,2026-08-09
sm2-169,Fighting Energy,holofoil,Guardians Rising,169,Rare Secret,,Basic,,Energy,2017/05/05,"tcgplayer,cardmarket",https://prices.pokemontcg.io/tcgplayer/sm2-169,https://images.pokemontcg.io/sm2/169_hires.png,2026/08/08,2025/11/18,25.55,20.1200008392334,28.110000610351562,31.950000762939453,,,,,,12.6654,4.4986,12.527,0.0,7.774600028991699,11.1428,10.9698,21.905,25.4693,23.9351,1.1535,2026-08-09
ecard3-134,Mystery Plate β,normal,Skyridge,134,Uncommon,Hiromichi Sugiyama,Technical Machine,,Trainer,2003/05/12,"tcgplayer,cardmarket",https://prices.pokemontcg.io/tcgplayer/ecard3-134,https://images.pokemontcg.io/ecard3/134_hires.png,2026/08/08,2025/11/18,6.68,4.489999771118164,7.550000190734863,96.94999694824219,,28.16,,,,2.653,0.8074,2.653,0.0,1.038100004196167,1.984,2.2263,3.4605,6.2404,8.8704,1.1535,2026-08-09
sm7-166,Tate & Liza,holofoil,Celestial Storm,166,Rare Ultra,Hideki Ishikawa,Supporter,,Trainer,2018/08/03,"tcgplayer,cardmarket",https://prices.pokemontcg.io/tcgplayer/sm7-166,https://images.pokemontcg.io/sm7/166_hires.png,2026/08/08,2025/11/18,41.39,34.86000061035156,42.220001220703125,69.98999786376953,,,,,,51.896,9.1127,35.0203,0.0,57.67499923706055,33.44,33.7168,14.4187,15.7337,14.1304,1.1535,2026-08-09
ecard2-143,Metal Energy,normal,Aquapolis,143,Rare,Milky Isobe,Special,,Energy,2003/01/15,"tcgplayer,cardmarket",https://prices.pokemontcg.io/tcgplayer/ecard2-143,https://images.pokemontcg.io/ecard2/143_hires.png,2026/08/08,2025/11/18,8.09,8.0,9.899999618530273,180.0,,16.99,,,,3.3567,0.0577,3.3798,4.8908,3.4028000831604004,2.8491,2.9991,4.0373,3.8181,3.968,1.1535,2026-08-09
swsh1-168,Lum Berry,normal,Sword & Shield,168,Uncommon,Yoshinobu Saito,Pokémon Tool,,Trainer,2020/02/07,"tcgplayer,cardmarket",https://prices.pokemontcg.io/tcgplayer/swsh1-168,https://images.pokemontcg.io/swsh1/168_hires.png,2026/08/08,2025/11/18,0.06,0.009999999776482582,0.18000000715255737,15.0,,0.36,,,,0.0577,0.0231,0.0807,0.8767,0.23070000112056732,0.0577,0.0692,0.2307,0.8767,0.5998,1.1535,2026-08-09
swsh3-160,Cape of Toughness,normal,Darkness Ablaze,160,Uncommon,inose yukie,Pokémon Tool,,Trainer,2020/08/14,"tcgplayer,cardmarket",https://prices.pokemontcg.io/tcgplayer/swsh3-160,https://images.pokemontcg.io/swsh3/160_hires.png,2026/08/08,2025/11/18,0.11,0.009999999776482582,0.20000000298023224,19.979999542236328,,0.42,,,,0.1615,0.0231,0.1269,0.3922,0.17299999296665192,0.1038,0.15,0.4037,0.4268,0.4729,1.1535,2026-08-09
swsh4-165,Wash Water Energy,normal,Vivid Voltage,165,Uncommon,,Special,,Energy,2020/11/13,"tcgplayer,cardmarket",https://prices.pokemontcg.io/tcgplayer/swsh4-165,https://images.pokemontcg.io/swsh4/165_hires.png,2026/08/08,2025/11/18,0.1,0.009999999776482582,0.20000000298023224,18.360000610351562,,0.28,,,,0.0807,0.0231,0.0461,0.3114,0.023099999874830246,0.0692,0.1154,0.0577,0.2307,0.2884,1.1535,2026-08-09
ecard1-164,Psychic Energy,normal,Expedition Base Set,164,,,Basic,,Energy,2002/09/15,"tcgplayer,cardmarket",https://prices.pokemontcg.io/tcgplayer/ecard1-164,https://images.pokemontcg.io/ecard1/164_hires.png,2026/08/08,2025/11/21,1.45,0.5400000214576721,1.1100000143051147,2.490000009536743,,,,,,1.2689,0.0461,1.3957,0.0,0.57669997215271,1.1535,1.0843,0.0923,2.0994,2.0994,1.1535,2026-08-09
sm9-179,Nanu,holofoil,Team Up,179,Rare Ultra,Hitoshi Ariga,Supporter,,Trainer,2019/02/01,"tcgplayer,cardmarket",https://prices.pokemontcg.io/tcgplayer/sm9-179,https://images.pokemontcg.io/sm9/179_hires.png,2026/08/08,2025/11/18,13.71,11.869999885559082,17.6200008392334,272.79998779296875,,,,,,18.1792,2.307,15.9875,0.0,16.91029930114746,18.1792,13.8189,11.535,13.7382,11.5927,1.1535,2026-08-09
smp-SM175,Eevee-GX,holofoil,SM Black Star Promos,SM175,Promo,PLANETA Otani,Basic|GX,133,Pokémon,2017/02/03,"tcgplayer,cardmarket",https://prices.pokemontcg.io/tcgplayer/smp-SM175,https://images.pokemontcg.io/smp/SM175_hires.png,2026/08/08,2025/11/18,36.99,31.0,42.90999984741211,399.70001220703125,,,,,,22.1241,6.921,20.1401,0.0,28.260700225830078,20.9937,18.456,10.9006,9.1127,12.204,1.1535,2026-08-09
sm10-162,Chatot,normal,Unbroken Bonds,162,Uncommon,HYOGONOSUKE,Basic,441,Pokémon,2019/05/03,"tcgplayer,cardmarket",https://prices.pokemontcg.io/tcgplayer/sm10-162,https://images.pokemontcg.io/sm10/162_hires.png,2026/08/08,2025/11/18,0.2,0.029999999329447746,0.20000000298023224,19.979999542236328,,0.41,,,,0.15,0.0231,0.173,0.2076,0.17299999296665192,0.2076,0.1384,0.173,0.4729,0.5075,1.1535,2026-08-09
ecard2-144,Rainbow Energy,normal,Aquapolis,144,Rare,Takumi Akabane,Special,,Energy,2003/01/15,"tcgplayer,cardmarket",https://prices.pokemontcg.io/tcgplayer/ecard2-144,https://images.pokemontcg.io/ecard2/144_hires.png,2026/08/08,2025/11/18,12.64,10.630000114440918,14.989999771118164,824.280029296875,,51.24,,,,2.8491,1.9609,2.8607,13.2652,4.487100124359131,3.1837,4.2449,12.6885,9.4818,9.2857,1.1535,2026-08-09
sm9-180,Nita,holofoil,Team Up,180,Rare Ultra,Kagemaru Himeno,Supporter,,Trainer,2019/02/01,"tcgplayer,cardmarket",https://prices.pokemontcg.io/tcgplayer/sm9-180,https://images.pokemontcg.io/sm9/180_hires.png,2026/08/08,2025/11/18,43.37,39.0,48.869998931884766,3624.330078125,,,,,,34.5819,4.614,36.0584,0.0,57.67499923706055,42.5295,47.9395,25.377,22.0203,15.9068,1.1535,2026-08-09
sm12-174,Lillipup,normal,Cosmic Eclipse,174,Common,Sekio,Basic,506,Pokémon,2019/11/01,"tcgplayer,cardmarket",https://prices.pokemontcg.io/tcgplayer/sm12-174,https://images.pokemontcg.io/sm12/174_hires.png,2026/08/08,2025/11/18,0.27,0.07999999821186066,0.2800000011920929,19.979999542236328,,0.53,,,,0.0577,0.0231,0.0692,0.2422,0.023099999874830246,0.0577,0.0692,0.0577,0.2307,0.3114,1.1535,2026-08-09
sm8-167,Adventure Bag,normal,Lost Thunder,167,Uncommon,Yoshinobu Saito,Item,,Trainer,2018/11/02,"tcgplayer,cardmarket",https://prices.pokemontcg.io/tcgplayer/sm8-167,https://images.pokemontcg.io/sm8/167_hires.png,2026/08/08,2025/11/18,1.5,0.8799999952316284,1.5700000524520874,27.600000381469727,,3.31,,,,0.5652,0.0231,0.5191,0.0,0.40369999408721924,0.7959,0.5537,1.7072,0.7844,1.0266,1.1535,2026-08-09
sm5-165,Palkia-GX,holofoil,Ultra Prism,165,Rare Rainbow,5ban Graphics,Basic|GX,484,Pokémon,2018/02/02,"tcgplayer,cardmarket",https://prices.pokemontcg.io/tcgplayer/sm5-165,https://images.pokemontcg.io/sm5/165_hires.png,2026/08/08,2025/11/18,50.84,43.75,54.97999954223633,496.9800109863281,,,,,,28.7221,11.5235,23.1507,0.0,17.302499771118164,23.7044,22.9546,28.8375,37.062,19.8287,1.1535,2026-08-09
sm11-163,Kangaskhan,holofoil,Unified Minds,163,Rare Holo,Sanosuke Sakuma,Basic,115,Pokémon,2019/08/02,"tcgplayer,cardmarket",https://prices.pokemontcg.io/tcgplayer/sm11-163,https://images.pokemontcg.io/sm11/163_hires.png,2026/08/08,2025/11/18,4.15,3.0,5.550000190734863,96.0199966430664,,5.72,,,,1.315,0.2884,1.0843,1.4303,0.5074999928474426,1.1535,1.4534,1.7302,1.5572,1.2112,1.1535,2026-08-09
ecard1-165,Water Energy,normal,Expedition Base Set,165,,,Basic,,Energy,2002/09/15,"tcgplayer,cardmarket",https://prices.pokemontcg.io/tcgplayer/ecard1-165,https://images.pokemontcg.io/ecard1/165_hires.png,2026/08/08,2025/11/18,2.21,0.9399999976158142,2.0,22.209999084472656,,,,,,0.4037,0.0231,0.8767,0.0,1.9608999490737915,0.5998,0.6344,0.1384,0.4499,0.4499,1.1535,2026-08-09
swsh2-175,Rillaboom V,holofoil,Rebel Clash,175,Rare Ultra,5ban Graphics,Basic|V,812,Pokémon,2020/05/01,"tcgplayer,cardmarket",https://prices.pokemontcg.io/tcgplayer/swsh2-175,https://images.pokemontcg.io/swsh2/175_hires.png,2026/08/08,2025/11/18,3.23,2.690000057220459,3.5299999713897705,50.0,,,,,,5.6522,1.1535,4.7063,0.0,7.29010009765625,5.6752,6.0097,10.2661,10.0124,8.3629,1.1535,2026-08-09
sm3-164,Multi Switch,holofoil,Burning Shadows,164,Rare Secret,Toyste Beach,Item,,Trainer,2017/08/05,"tcgplayer,cardmarket",https://prices.pokemontcg.io/tcgplayer/sm3-164,https://images.pokemontcg.io/sm3/164_hires.png,2026/08/08,2025/11/18,3.4,2.9800000190734863,3.7200000286102295,39.70000076293945,,,,,,5.1331,1.142,6.1251,0.0,4.602499961853027,4.464,5.9405,9.1127,6.8287,6.0559,1.1535,2026-08-09
sm1-172,Fairy Energy,,Sun & Moon,172,Common,,Basic,,Energy,2017/02/03,,,https://images.pokemontcg.io/sm1/172_hires.png,,,,,,,,,,,,,,,,,,,,,,,2026-08-09
swsh1-169,Marnie,holofoil,Sword & Shield,169,Rare Holo,kirisAki,Supporter,,Trainer,2020/02/07,"tcgplayer,cardmarket",https://prices.pokemontcg.io/tcgplayer/swsh1-169,https://images.pokemontcg.io/swsh1/169_hires.png,2026/08/08,2025/11/18,0.35,0.029999999329447746,0.41999998688697815,19.979999542236328,,0.95,,,,0.2653,0.0231,0.346,0.8882,0.23070000112056732,0.3114,0.2884,1.0958,0.7844,1.3035,1.1535,2026-08-09
swsh3-161,Familiar Bell,normal,Darkness Ablaze,161,Uncommon,sadaji,Item,,Trainer,2020/08/14,"tcgplayer,cardmarket",https://prices.pokemontcg.io/tcgplayer/swsh3-161,https://images.pokemontcg.io/swsh3/161_hires.png,2026/08/08,2025/11/18,0.05,0.009999999776482582,0.17000000178813934,19.979999542236328,,0.25,,,,0.0807,0.0231,0.1038,0.323,0.05770000070333481,0.0923,0.0577,0.3807,0.3114,0.2884,1.1535,2026-08-09
ecard3-135,Mystery Plate γ,normal,Skyridge,135,Uncommon,Hiromichi Sugiyama,Technical Machine,,Trainer,2003/05/12,"tcgplayer,cardmarket",https://prices.pokemontcg.io/tcgplayer/ecard3-135,https://images.pokemontcg.io/ecard3/135_hires.png,2026/08/08,2025/11/18,5.06,3.5199999809265137,5.28000020980835,63.0,,64.99,,,,2.0763,0.323,1.8341,0.0,1.1419999599456787,2.0763,1.5918,4.614,7.9592,6.5288,1.1535,2026-08-09
swsh4-166,Orbeetle V,holofoil,Vivid Voltage,166,Rare Ultra,5ban Graphics,Basic|V,826,Pokémon,2020/11/13,"tcgplayer,cardmarket",https://prices.pokemontcg.io/tcgplayer/swsh4-166,https://images.pokemontcg.io/swsh4/166_hires.png,2026/08/08,2025/11/18,2.02,1.399999976158142,2.140000104904175,18.8799991607666,,,,,,3.0914,1.7187,3.2413,0.0,1.8456000089645386,2.5723,3.1952,17.3025,16.5758,14.9263,1.1535,2026-08-09
xyp-XY165,Magearna,holofoil,XY Black Star Promos,XY165,Promo,Megumi Mizutani,Basic,801,Pokémon,2013/10/12,"tcgplayer,cardmarket",https://prices.pokemontcg.io/tcgplayer/xyp-XY165,https://images.pokemontcg.io/xyp/XY165_hires.png,2026/08/08,2025/11/18,3.32,2.140000104904175,3.930000066757202,96.5,,,,,,3.4259,0.5767,3.0222,0.0,3.114500045776367,2.8722,2.3647,0.8651,2.3416,1.6726,1.1535,2026-08-09
sm7-167,TV Reporter,holofoil,Celestial Storm,167,Rare Ultra,nagimiso,Supporter,,Trainer,2018/08/03,"tcgplayer,cardmarket",https://prices.pokemontcg.io/tcgplayer/sm7-167,https://images.pokemontcg.io/sm7/167_hires.png,2026/08/08,2025/11/18,66.55,52.09000015258789,70.0,108.75,,,,,,38.6422,17.1871,45.4479,0.0,40.372501373291016,51.0308,41.4106,29.4142,22.1933,16.1951,1.1535,2026-08-09
smp-SM176,Eevee-GX,holofoil,SM Black Star Promos,SM176,Promo,PLANETA Otani,Basic|GX,133,Pokémon,2017/02/03,"tcgplayer,cardmarket",https://prices.pokemontcg.io/tcgplayer/smp-SM176,https://images.pokemontcg.io/smp/SM176_hires.png,2026/08/08,2025/11/18,37.8,27.809999465942383,38.75,365.79998779296875,,,,,,89.9499,4.614,51.0308,0.0,29.414199829101562,45.1249,29.8756,14.4187,10.7622,10.0008,1.1535,2026-08-09
sm9-181,Sabrina's Suggestion,holofoil,Team Up,181,Rare Ultra,Hitoshi Ariga,Supporter,,Trainer,2019/02/01,"tcgplayer,cardmarket",https://prices.pokemontcg.io/tcgplayer/sm9-181,https://images.pokemontcg.io/sm9/181_hires.png,2026/08/08,2025/11/18,187.68,295.0,399.989990234375,1729.5,,,,,,65.1727,34.4896,92.2223,0.0,42.679500579833984,99.6278,107.0909,69.1523,43.5562,28.1915,1.1535,2026-08-09
swsh2-176,Eldegoss V,holofoil,Rebel Clash,176,Rare Ultra,5ban Graphics,Basic|V,830,Pokémon,2020/05/01,"tcgplayer,cardmarket",https://prices.pokemontcg.io/tcgplayer/swsh2-176,https://images.pokemontcg.io/swsh2/176_hires.png,2026/08/08,2025/11/18,2.4,1.4900000095367432,2.4600000381469727,50.0,,,,,,3.0222,1.2573,2.5492,0.0,1.153499960899353,2.457,3.5643,14.4187,10.866,9.3549,1.1535,2026-08-09
sm12-175,Herdier,normal,Cosmic Eclipse,175,Uncommon,Shigenori Negishi,Stage 1,507,Pokémon,2019/11/01,"tcgplayer,cardmarket",https://prices.pokemontcg.io/tcgplayer/sm12-175,https://images.pokemontcg.io/sm12/175_hires.png,2026/08/08,2025/11/18,0.21,0.09000000357627869,0.23999999463558197,19.979999542236328,,0.46,,,,0.0923,0.0231,0.0807,0.646,0.023099999874830246,0.1038,0.0807,0.9228,0.6344,0.4614,1.1535,2026-08-09
ecard2-145,Boost Energy,normal,Aquapolis,145,Uncommon,Shin-ichi Yoshikawa,Special,,Energy,2003/01/15,"tcgplayer,cardmarket",https://prices.pokemontcg.io/tcgplayer/ecard2-145,https://images.pokemontcg.io/ecard2/145_hires.png,2026/08/08,2025/11/18,6.43,4.119999885559082,7.659999847412109,59.5,,12.03,,,,0.6575,0.173,0.9574,3.0568,0.9228000044822693,1.3842,1.3381,2.4224,3.1029,3.0683,1.1535,2026-08-09
sm7-168,Underground Expedition,holofoil,Celestial Storm,168,Rare Ultra,Kagemaru Himeno,Supporter,,Trainer,2018/08/03,"tcgplayer,cardmarket",https://prices.pokemontcg.io/tcgplayer/sm7-168,https://images.pokemontcg.io/sm7/168_hires.png,2026/08/08,2025/11/18,37.81,30.979999542236328,37.810001373291016,502.6000061035156,,,,,,29.5757,14.9955,38.6653,0.0,115.29229736328125,42.6564,38.1232,77.8612,24.9156,17.4525,1.1535,2026-08-09
xyp-XY166,M Gengar-EX,holofoil,XY Black Star Promos,XY166,Promo,5ban Graphics,MEGA|EX,94,Pokémon,2013/10/12,"tcgplayer,cardmarket",https://prices.pokemontcg.io/tcgplayer/xyp-XY166,https://images.pokemontcg.io/xyp/XY166_hires.png,2026/08/08,2025/11/18,265.22,169.99000549316406,262.3900146484375,1521.719970703125,,,,,,125.3508,63.4425,163.4163,0.0,173.02499389648438,109.248,135.7785,28.8375,27.015,22.5509,1.1535,2026-08-09
ecard3-136,Mystery Plate δ,normal,Skyridge,136,Uncommon,Hiromichi Sugiyama,Technical Machine,,Trainer,2003/05/12,"tcgplayer,cardmarket",https://prices.pokemontcg.io/tcgplayer/ecard3-136,https://images.pokemontcg.io/ecard3/136_hires.png,2026/08/08,2025/11/18,5.37,3.5,7.730000019073486,68.5,,31.26,,,,2.5492,0.173,1.8571,17.291,1.3726999759674072,1.9379,2.2032,17.291,12.8731,7.4747,1.1535,2026-08-09
sm11-164,Tauros,normal,Unified Minds,164,Uncommon,KEIICHIRO ITO,Basic,128,Pokémon,2019/08/02,"tcgplayer,cardmarket",https://prices.pokemontcg.io/tcgplayer/sm11-164,https://images.pokemontcg.io/sm11/164_hires.png,2026/08/08,2025/11/18,0.27,0.019999999552965164,0.27000001072883606,19.979999542236328,,0.54,,,,0.5652,0.0807,0.4268,0.0,0.5651999711990356,0.3807,0.3114,2.8838,2.8838,2.8838,1.1535,2026-08-09
sm5-166,Crushing Hammer,holofoil,Ultra Prism,166,Rare Secret,Yoshinobu Saito,Item,,Trainer,2018/02/02,"tcgplayer,cardmarket",https://prices.pokemontcg.io/tcgplayer/sm5-166,https://images.pokemontcg.io/sm5/166_hires.png,2026/08/08,2025/11/18,52.98,49.9900016784668,98.4800033569336,150.99000549316406,,,,,,32.3672,11.8695,24.4657,0.0,22.954599380493164,26.7727,29.7834,22.8739,18.5944,16.4258,1.1535,2026-08-09
sm10-163,Celesteela-GX,holofoil,Unbroken Bonds,163,Rare Holo GX,PLANETA Igarashi,Basic|GX|Ultra Beast,797,Pokémon,2019/05/03,"tcgplayer,cardmarket",https://prices.pokemontcg.io/tcgplayer/sm10-163,https://images.pokemontcg.io/sm10/163_hires.png,2026/08/08,2025/11/18,4.08,1.899999976158142,4.03000020980835,64.98999786376953,,,,,,3.3682,0.5767,3.6912,0.0,3.5757999420166016,3.7604,4.0142,3.4605,2.9184,3.1606,1.1535,2026-08-09
swsh1-170,Metal Saucer,normal,Sword & Shield,170,Uncommon,Toyste Beach,Item,,Trainer,2020/02/07,"tcgplayer,cardmarket",https://prices.pokemontcg.io/tcgplayer/swsh1-170,https://images.pokemontcg.io/swsh1/170_hires.png,2026/08/08,2025/11/18,0.09,0.009999999776482582,0.20000000298023224,17.260000228881836,,0.28,,,,0.0692,0.0231,0.0692,0.2653,0.03460000082850456,0.0577,0.0923,0.5652,0.323,0.4037,1.1535,2026-08-09
swsh3-162,Glimwood Tangle,normal,Darkness Ablaze,162,Uncommon,aky CG Works,Stadium,,Trainer,2020/08/14,"tcgplayer,cardmarket",https://prices.pokemontcg.io/tcgplayer/swsh3-162,https://images.pokemontcg.io/swsh3/162_hires.png,2026/08/08,2025/11/18,0.15,0.019999999552965164,0.20000000298023224,19.979999542236328,,0.47,,,,0.1384,0.0231,0.1846,0.2768,0.24220000207424164,0.173,0.1384,0.9228,0.4729,0.4153,1.1535,2026-08-09
sm8-168,Aether Foundation Employee,normal,Lost Thunder,168,Uncommon,take,Supporter,,Trainer,2018/11/02,"tcgplayer,cardmarket",https://prices.pokemontcg.io/tcgplayer/sm8-168,https://images.pokemontcg.io/sm8/168_hires.png,2026/08/08,2025/11/18,0.17,0.07000000029802322,0.23999999463558197,19.979999542236328,,0.48,,,,0.1384,0.0231,0.1846,0.4268,0.05770000070333481,0.1154,0.1269,0.5075,0.5537,0.5191,1.1535,2026-08-09
swsh4-167,Zarude V,holofoil,Vivid Voltage,167,Rare Ultra,PLANETA Igarashi,Basic|V,893,Pokémon,2020/11/13,"tcgplayer,cardmarket",https://prices.pokemontcg.io/tcgplayer/swsh4-167,https://images.pokemontcg.io/swsh4/167_hires.png,2026/08/08,2025/11/18,3.4,2.630000114440918,3.7300000190734863,49.97999954223633,,,,,,4.6025,2.7107,4.5679,0.0,3.979599952697754,3.8988,4.8101,28.8375,23.4276,19.8979,1.1535,2026-08-09
sm3-165,Rescue Stretcher,holofoil,Burning Shadows,165,Rare Secret,Yoshinobu Saito,Item,,Trainer,2017/08/05,"tcgplayer,cardmarket",https://prices.pokemontcg.io/tcgplayer/sm3-165,https://images.pokemontcg.io/sm3/165_hires.png,2026/08/08,2025/11/18,13.14,10.34000015258789,13.729999542236328,132.0,,,,,,8.5013,2.307,9.9201,0.0,8.651200294494629,8.9858,9.7471,8.0745,9.6433,9.2626,1.1535,2026-08-09
sm9-182,Celebi & Venusaur-GX,holofoil,Team Up,182,Rare Rainbow,5ban Graphics,Basic|TAG TEAM|GX,3|251,Pokémon,2019/02/01,"tcgplayer,cardmarket",https://prices.pokemontcg.io/tcgplayer/sm9-182,https://images.pokemontcg.io/sm9/182_hires.png,2026/08/08,2025/11/18,124.29,122.05999755859375,179.99000549316406,1899.0,,,,,,44.9865,11.4197,80.7565,0.0,46.13999938964844,48.5624,60.2012,40.3725,50.0158,31.802,1.1535,2026-08-09
sm12-176,Stoutland,holofoil,Cosmic Eclipse,176,Rare Holo,Masakazu Fukuda,Stage 2,508,Pokémon,2019/11/01,"tcgplayer,cardmarket",https://prices.pokemontcg.io/tcgplayer/sm12-176,https://images.pokemontcg.io/sm12/176_hires.png,2026/08/08,2025/11/18,0.46,0.25,0.5,19.979999542236328,,0.62,,,,1.0381,0.0577,0.7613,1.5688,0.51910001039505,0.9343,0.7613,1.142,1.2227,0.992,1.1535,2026-08-09
smp-SM177,Meltan,holofoil,SM Black Star Promos,SM177,Promo,Shin Nagasawa,Basic,808,Pokémon,2017/02/03,"tcgplayer,cardmarket",https://prices.pokemontcg.io/tcgplayer/smp-SM177,https://images.pokemontcg.io/smp/SM177_hires.png,2026/08/08,2025/11/18,2.61,1.1799999475479126,2.25,40.18000030517578,,,,,,1.3611,0.3922,1.2573,0.0,0.8651000261306763,1.7533,1.3496,5.756,1.9956,1.8456,1.1535,2026-08-09
sm7-169,Shiftry-GX,holofoil,Celestial Storm,169,Rare Rainbow,PLANETA Igarashi,Stage 2|GX,275,Pokémon,2018/08/03,"tcgplayer,cardmarket",https://prices.pokemontcg.io/tcgplayer/sm7-169,https://images.pokemontcg.io/sm7/169_hires.png,2026/08/08,2025/11/18,15.81,13.989999771118164,18.510000228881836,131.52000427246094,,,,,,5.0408,4.6025,15.826,0.0,5.040800094604492,14.5687,15.0647,11.5235,17.4525,12.2732,1.1535,2026-08-09
ecard2-146,Crystal Energy,normal,Aquapolis,146,Uncommon,Shin-ichi Yoshikawa,Special,,Energy,2003/01/15,"tcgplayer,cardmarket",https://prices.pokemontcg.io/tcgplayer/ecard2-146,https://images.pokemontcg.io/ecard2/146_hires.png,2026/08/08,2025/11/18,4.3,2.5,4.989999771118164,63.0,,13.36,,,,1.4188,0.15,2.4685,5.1677,4.037300109863281,2.8607,2.3185,3.9219,5.5714,4.1526,1.1535,2026-08-09
xyp-XY167,Garchomp-EX,holofoil,XY Black Star Promos,XY167,Promo,Ryo Ueda,Basic|EX,445,Pokémon,2013/10/12,"tcgplayer,cardmarket",https://prices.pokemontcg.io/tcgplayer/xyp-XY167,https://images.pokemontcg.io/xyp/XY167_hires.png,2026/08/08,2025/11/18,31.82,15.989999771118164,125.77999877929688,4319.7900390625,,,,,,34.2128,3.4605,27.3149,0.0,32.29800033569336,27.0265,16.5066,8.6512,7.0248,6.4711,1.1535,2026-08-09
ecard3-137,Mystery Zone,normal,Skyridge,137,Uncommon,Ken Ikuji,Stadium,,Trainer,2003/05/12,"tcgplayer,cardmarket",https://prices.pokemontcg.io/tcgplayer/ecard3-137,https://images.pokemontcg.io/ecard3/137_hires.png,2026/08/08,2025/11/18,8.19,7.739999771118164,8.989999771118164,86.4000015258789,,19.99,,,,3.0337,0.1154,3.7143,3.4605,4.037300109863281,3.7143,2.5031,3.4605,7.2786,6.252,1.1535,2026-08-09
sm5-167,Escape Board,holofoil,Ultra Prism,167,Rare Secret,Toyste Beach,Pokémon Tool,,Trainer,2018/02/02,"tcgplayer,cardmarket",https://prices.pokemontcg.io/tcgplayer/sm5-167,https://images.pokemontcg.io/sm5/167_hires.png,2026/08/08,2025/11/18,7.35,6.210000038146973,8.479999542236328,74.0199966430664,,,,,,11.4773,4.5909,8.7435,0.0,11.477299690246582,9.1934,9.5164,14.4187,17.3948,15.3415,1.1535,2026-08-09
swsh2-177,Ninetales V,holofoil,Rebel Clash,177,Rare Ultra,Saki Hayashiro,Basic|V,38,Pokémon,2020/05/01,"tcgplayer,cardmarket",https://prices.pokemontcg.io/tcgplayer/swsh2-177,https://images.pokemontcg.io/swsh2/177_hires.png,2026/08/08,2025/11/18,32.09,29.989999771118164,39.18000030517578,198.39999389648438,,,,,,23.3353,10.37,25.9653,0.0,23.06999969482422,25.6654,22.6432,24.212,19.8748,21.7319,1.1535,2026-08-09
sm10-164,Beast Bringer,normal,Unbroken Bonds,164,Uncommon,Ayaka Yoshida,Pokémon Tool,,Trainer,2019/05/03,"tcgplayer,cardmarket",https://prices.pokemontcg.io/tcgplayer/sm10-164,https://images.pokemontcg.io/sm10/164_hires.png,2026/08/08,2025/11/18,0.15,0.03999999910593033,0.2199999988079071,19.979999542236328,,0.29,,,,0.1384,0.0231,0.1038,0.5191,0.20759999752044678,0.1269,0.1154,0.5191,0.2999,0.346,1.1535,2026-08-09
sm11-165,Hoothoot,normal,Unified Minds,165,Common,Misa Tsutsui,Basic,163,Pokémon,2019/08/02,"tcgplayer,cardmarket",https://prices.pokemontcg.io/tcgplayer/sm11-165,https://images.pokemontcg.io/sm11/165_hires.png,2026/08/08,2025/11/18,0.39,0.10000000149011612,0.4000000059604645,19.979999542236328,,4.09,,,,0.1154,0.0231,0.1269,0.8882,0.23070000112056732,0.1384,0.1154,0.5537,0.9343,0.6344,1.1535,2026-08-09
sm3-166,Super Scoop Up,holofoil,Burning Shadows,166,Rare Secret,Toyste Beach,Item,,Trainer,2017/08/05,"tcgplayer,cardmarket",https://prices.pokemontcg.io/tcgplayer/sm3-166,https://images.pokemontcg.io/sm3/166_hires.png,2026/08/08,2025/11/18,4.25,2.990000009536743,4.400000095367432,41.36000061035156,,,,,,6.9556,2.307,6.1251,0.0,6.9095001220703125,6.5288,7.3363,6.921,7.9707,7.6131,1.1535,2026-08-09
swsh3-163,Kabu,normal,Darkness Ablaze,163,Uncommon,take,Supporter,,Trainer,2020/08/14,"tcgplayer,cardmarket",https://prices.pokemontcg.io/tcgplayer/swsh3-163,https://images.pokemontcg.io/swsh3/163_hires.png,2026/08/08,2025/11/18,0.06,0.009999999776482582,0.1599999964237213,25.059999465942383,,0.3,,,,0.0461,0.0231,0.0346,0.4383,0.03460000082850456,0.0346,0.0692,0.2768,0.4268,0.3807,1.1535,2026-08-09
sm8-169,Choice Helmet,normal,Lost Thunder,169,Uncommon,Eske Yoshinob,Pokémon Tool,,Trainer,2018/11/02,"tcgplayer,cardmarket",https://prices.pokemontcg.io/tcgplayer/sm8-169,https://images.pokemontcg.io/sm8/169_hires.png,2026/08/08,2025/11/18,0.15,0.07999999821186066,0.25,19.979999542236328,,0.46,,,,0.1154,0.0231,0.1154,0.0,0.20759999752044678,0.0923,0.0923,0.3345,0.5306,0.5767,1.1535,2026-08-09
swsh4-168,Talonflame V,holofoil,Vivid Voltage,168,Rare Ultra,Eske Yoshinob,Basic|V,663,Pokémon,2020/11/13,"tcgplayer,cardmarket",https://prices.pokemontcg.io/tcgplayer/swsh4-168,https://images.pokemontcg.io/swsh4/168_hires.png,2026/08/08,2025/11/18,3.64,2.380000114440918,3.8499999046325684,32.7599983215332,,,,,,4.3833,1.7302,4.2564,0.0,2.306999921798706,4.5333,4.2795,16.7257,17.2218,18.629,1.1535,2026-08-09
swsh1-171,Ordinary Rod,normal,Sword & Shield,171,Uncommon,5ban Graphics,Item,,Trainer,2020/02/07,"tcgplayer,cardmarket",https://prices.pokemontcg.io/tcgplayer/swsh1-171,https://images.pokemontcg.io/swsh1/171_hires.png,2026/08/08,2025/11/18,0.26,0.009999999776482582,0.25,19.979999542236328,,0.32,,,,0.2884,0.0231,0.1846,0.5075,0.03460000082850456,0.1384,0.2192,0.8651,0.496,0.5883,1.1535,2026-08-09
sm9-183,Magikarp & Wailord-GX,holofoil,Team Up,183,Rare Rainbow,5ban Graphics,Basic|TAG TEAM|GX,129|321,Pokémon,2019/02/01,"tcgplayer,cardmarket",https://prices.pokemontcg.io/tcgplayer/sm9-183,https://images.pokemontcg.io/sm9/183_hires.png,2026/08/08,2025/11/18,134.74,102.23999786376953,163.0,989.9000244140625,,,,,,60.8471,10.3815,74.7007,0.0,310.29150390625,73.2472,74.0778,39.219,28.6991,24.8002,1.1535,2026-08-09
smp-SM178,Melmetal-GX,holofoil,SM Black Star Promos,SM178,Promo,PLANETA Otani,Stage 1|GX,809,Pokémon,2017/02/03,"tcgplayer,cardmarket",https://prices.pokemontcg.io/tcgplayer/smp-SM178,https://images.pokemontcg.io/smp/SM178_hires.png,2026/08/08,2025/11/18,3.78,2.0,3.7699999809265137,9999.0,,,,,,3.0914,0.8997,3.1491,0.0,3.7834999561309814,3.8181,2.976,5.4791,3.5297,3.9565,1.1535,2026-08-09
sm12-177,Rufflet,normal,Cosmic Eclipse,177,Common,Ken Sugimori,Basic,627,Pokémon,2019/11/01,"tcgplayer,cardmarket",https://prices.pokemontcg.io/tcgplayer/sm12-177,https://images.pokemontcg.io/sm12/177_hires.png,2026/08/08,2025/11/18,0.06,0.009999999776482582,0.20000000298023224,19.979999542236328,,0.3,,,,0.0577,0.0231,0.0461,0.3576,0.023099999874830246,0.0461,0.0577,0.173,0.2884,0.2768,1.1535,2026-08-09
sm7-170,Blaziken-GX,holofoil,Celestial Storm,170,Rare Rainbow,5ban Graphics,Stage 2|GX,257,Pokémon,2018/08/03,"tcgplayer,cardmarket",https://prices.pokemontcg.io/tcgplayer/sm7-170,https://images.pokemontcg.io/sm7/170_hires.png,2026/08/08,2025/11/18,73.25,55.150001525878906,83.33000183105469,779.9000244140625,,,,,,26.2652,9.228,29.8064,0.0,29.97949981689453,25.3539,36.739,13.842,27.4879,19.5057,1.1535,2026-08-09
ecard2-147,Warp Energy,normal,Aquapolis,147,Uncommon,Shin-ichi Yoshikawa,Special,,Energy,2003/01/15,"tcgplayer,cardmarket",https://prices.pokemontcg.io/tcgplayer/ecard2-147,https://images.pokemontcg.io/ecard2/147_hires.png,2026/08/08,2025/11/18,7.83,5.559999942779541,8.779999732971191,113.0999984741211,,23.14,,,,1.2227,0.4037,1.2573,4.3256,1.153499960899353,1.3727,1.3727,5.5945,3.9334,3.5874,1.1535,2026-08-09
xyp-XY168,M Garchomp-EX,holofoil,XY Black Star Promos,XY168,Promo,5ban Graphics,MEGA|EX,445,Pokémon,2013/10/12,"tcgplayer,cardmarket",https://prices.pokemontcg.io/tcgplayer/xyp-XY168,https://images.pokemontcg.io/xyp/XY168_hires.png,2026/08/08,2025/11/18,114.97,83.56999969482422,89.98999786376953,750.0,,,,,,170.4873,17.291,86.3164,0.0,110.27459716796875,97.1593,68.068,28.7798,20.8091,15.1916,1.1535,2026-08-09
sm5-168,Missing Clover,holofoil,Ultra Prism,168,Rare Secret,Toyste Beach,Item,,Trainer,2018/02/02,"tcgplayer,cardmarket",https://prices.pokemontcg.io/tcgplayer/sm5-168,https://images.pokemontcg.io/sm5/168_hires.png,2026/08/08,2025/11/18,9.95,7.5,10.170000076293945,92.4000015258789,,,,,,10.3469,5.7675,10.7506,0.0,10.312299728393555,10.4968,10.1969,9.228,10.4622,11.039,1.1535,2026-08-09
ecard3-138,Oracle,normal,Skyridge,138,Uncommon,Kagemaru Himeno,Supporter,,Trainer,2003/05/12,"tcgplayer,cardmarket",https://prices.pokemontcg.io/tcgplayer/ecard3-138,https://images.pokemontcg.io/ecard3/138_hires.png,2026/08/08,2025/11/18,19.07,27.989999771118164,51.5,230.39999389648438,,,,,,2.0532,0.5652,3.7604,11.535,6.921000003814697,2.6069,2.157,11.535,28.1569,16.1836,1.1535,2026-08-09
swsh2-178,Cinderace V,holofoil,Rebel Clash,178,Rare Ultra,5ban Graphics,Basic|V,815,Pokémon,2020/05/01,"tcgplayer,cardmarket",https://prices.pokemontcg.io/tcgplayer/swsh2-178,https://images.pokemontcg.io/swsh2/178_hires.png,2026/08/08,2025/11/18,6.84,5.0,7.070000171661377,99.0,,,,,,9.7701,3.4374,9.055,0.0,5.767499923706055,9.2972,7.0825,7.4747,7.8207,8.559,1.1535,2026-08-09
swsh4-169,Galarian Darmanitan V,holofoil,Vivid Voltage,169,Rare Ultra,5ban Graphics,Basic|V,555,Pokémon,2020/11/13,"tcgplayer,cardmarket",https://prices.pokemontcg.io/tcgplayer/swsh4-169,https://images.pokemontcg.io/swsh4/169_hires.png,2026/08/08,2025/11/18,1.87,1.2899999618530273,2.0899999141693115,26.600000381469727,,,,,,2.8722,1.7302,3.0683,0.0,5.75600004196167,3.2644,3.2183,17.3025,14.2688,15.4454,1.1535,2026-08-09
sm8-170,Counter Gain,normal,Lost Thunder,170,Uncommon,Toyste Beach,Pokémon Tool,,Trainer,2018/11/02,"tcgplayer,cardmarket",https://prices.pokemontcg.io/tcgplayer/sm8-170,https://images.pokemontcg.io/sm8/170_hires.png,2026/08/08,2025/11/18,0.32,0.10000000149011612,0.3199999928474426,2.990000009536743,,1.9,,,,0.2307,0.0231,0.2768,1.1535,0.5074999928474426,0.2653,0.1846,1.1535,0.9805,0.8651,1.1535,2026-08-09
sm11-166,Noctowl,normal,Unified Minds,166,Uncommon,Tomokazu Komiya,Stage 1,164,Pokémon,2019/08/02,"tcgplayer,cardmarket",https://prices.pokemontcg.io/tcgplayer/sm11-166,https://images.pokemontcg.io/sm11/166_hires.png,2026/08/08,2025/11/18,0.39,0.1599999964237213,0.41999998688697815,2.4700000286102295,,2.05,,,,0.2192,0.0231,0.2076,0.7036,0.05770000070333481,0.1961,0.2076,1.142,0.6921,0.6806,1.1535,2026-08-09
sm10-165,Chip-Chip Ice Axe,normal,Unbroken Bonds,165,Uncommon,Yoshinobu Saito,Item,,Trainer,2019/05/03,"tcgplayer,cardmarket",https://prices.pokemontcg.io/tcgplayer/sm10-165,https://images.pokemontcg.io/sm10/165_hires.png,2026/08/08,2025/11/18,0.17,0.03999999910593033,0.25,19.979999542236328,,0.32,,,,0.1154,0.0231,0.0923,0.0,0.05770000070333481,0.1038,0.1384,1.1535,0.6921,0.6229,1.1535,2026-08-09
swsh3-164,Old PC,normal,Darkness Ablaze,164,Uncommon,Studio Bora Inc.,Item,,Trainer,2020/08/14,"tcgplayer,cardmarket",https://prices.pokemontcg.io/tcgplayer/swsh3-164,https://images.pokemontcg.io/swsh3/164_hires.png,2026/08/08,2025/11/18,0.03,0.009999999776482582,0.1599999964237213,25.030000686645508,,0.25,,,,0.0692,0.0231,0.0692,0.4614,0.05770000070333481,0.0692,0.0692,0.8074,0.3691,0.3807,1.1535,2026-08-09
sm3-167,Fire Energy,holofoil,Burning Shadows,167,Rare Secret,,Basic,,Energy,2017/08/05,"tcgplayer,cardmarket",https://prices.pokemontcg.io/tcgplayer/sm3-167,https://images.pokemontcg.io/sm3/167_hires.png,2026/08/08,2025/11/18,29.36,21.479999542236328,26.899999618530273,43.22999954223633,,,,,,13.9804,8.0745,16.6104,0.0,21.905000686645508,14.0612,14.6956,28.3876,29.7718,31.0984,1.1535,2026-08-09
swsh1-172,Pal Pad,normal,Sword & Shield,172,Uncommon,Ryo Ueda,Item,,Trainer,2020/02/07,"tcgplayer,cardmarket",https://prices.pokemontcg.io/tcgplayer/swsh1-172,https://images.pokemontcg.io/swsh1/172_hires.png,2026/08/08,2025/11/18,0.18,0.03999999910593033,0.23999999463558197,19.979999542236328,,0.35,,,,0.1961,0.0231,0.173,0.6921,0.34599998593330383,0.2307,0.2307,0.819,0.992,0.6921,1.1535,2026-08-09
sm9-184,Pikachu & Zekrom-GX,holofoil,Team Up,184,Rare Rainbow,5ban Graphics,Basic|TAG TEAM|GX,25|644,Pokémon,2019/02/01,"tcgplayer,cardmarket",https://prices.pokemontcg.io/tcgplayer/sm9-184,https://images.pokemontcg.io/sm9/184_hires.png,2026/08/08,2025/11/18,236.96,230.0,249.99000549316406,499.95001220703125,,,,,,115.3154,34.605,112.2932,0.0,46.13999938964844,105.9605,104.5878,86.5125,148.144,66.0033,1.1535,2026-08-09
smp-SM179,Volcanion,holofoil,SM Black Star Promos,SM179,Promo,Hasuno,Basic,721,Pokémon,2017/02/03,"tcgplayer,cardmarket",https://prices.pokemontcg.io/tcgplayer/smp-SM179,https://images.pokemontcg.io/smp/SM179_hires.png,2026/08/08,2025/11/18,4.34,3.0,4.800000190734863,96.94000244140625,,,,,,10.37,2.307,8.5128,0.0,6.344200134277344,8.5705,10.1623,25.9537,10.7852,9.7932,1.1535,2026-08-09
sm12-178,Braviary,normal,Cosmic Eclipse,178,Rare,chibi,Stage 1,628,Pokémon,2019/11/01,"tcgplayer,cardmarket",https://prices.pokemontcg.io/tcgplayer/sm12-178,https://images.pokemontcg.io/sm12/178_hires.png,2026/08/08,2025/11/18,0.24,0.10000000149011612,0.25999999046325684,18.68000030517578,,0.59,,,,0.3691,0.0923,0.2076,1.5918,0.3806999921798706,0.3922,0.3345,2.1916,0.9459,0.8421,1.1535,2026-08-09
xyp-XY169,Garchomp Spirit Link,normal,XY Black Star Promos,XY169,Promo,5ban Graphics,Pokémon Tool,,Trainer,2013/10/12,"tcgplayer,cardmarket",https://prices.pokemontcg.io/tcgplayer/xyp-XY169,https://images.pokemontcg.io/xyp/XY169_hires.png,2026/08/08,2025/11/18,6.0,45.27000045776367,46.2400016784668,199.9499969482422,,,,,,0.0,20.7284,29.1836,0.0,40.361000061035156,30.1064,15.2608,2.8838,3.2183,3.2183,1.1535,2026-08-09
sm7-171,Articuno-GX,holofoil,Celestial Storm,171,Rare Rainbow,5ban Graphics,Basic|GX,144,Pokémon,2018/08/03,"tcgplayer,cardmarket",https://prices.pokemontcg.io/tcgplayer/sm7-171,https://images.pokemontcg.io/sm7/171_hires.png,2026/08/08,2025/11/18,71.46,59.9900016784668,67.43000030517578,634.739990234375,,,,,,33.9244,14.4187,45.5863,0.0,46.128501892089844,39.9457,44.9865,28.8375,28.8952,22.5394,1.1535,2026-08-09
ecard2-148,Kingdra,holofoil,Aquapolis,148,Rare Secret,Mikio Menjo,Stage 2,230,Pokémon,2003/01/15,"tcgplayer,cardmarket",https://prices.pokemontcg.io/tcgplayer/ecard2-148,https://images.pokemontcg.io/ecard2/148_hires.png,2026/08/08,2025/11/18,599.99,649.989990234375,824.989990234375,999.97998046875,,,,,,112.4432,68.0334,226.9281,0.0,149.83970642089844,150.6586,186.2326,19.0328,144.9257,110.9552,1.1535,2026-08-09
ecard3-139,Star Piece,normal,Skyridge,139,Uncommon,Jungo Suzuki,Pokémon Tool,,Trainer,2003/05/12,"tcgplayer,cardmarket",https://prices.pokemontcg.io/tcgplayer/ecard3-139,https://images.pokemontcg.io/ecard3/139_hires.png,2026/08/08,2025/11/18,9.84,6.989999771118164,10.0,96.5,,18.14,,,,1.8687,0.346,1.1535,0.0,0.9228000044822693,1.8687,1.5803,2.2493,5.6983,5.606,1.1535,2026-08-09
swsh2-179,Milotic V,holofoil,Rebel Clash,179,Rare Ultra,Ayaka Yoshida,Basic|V,350,Pokémon,2020/05/01,"tcgplayer,cardmarket",https://prices.pokemontcg.io/tcgplayer/swsh2-179,https://images.pokemontcg.io/swsh2/179_hires.png,2026/08/08,2025/11/18,16.02,9.0,16.579999923706055,127.8499984741211,,,,,,13.1845,3.4605,13.8305,0.0,9.112700462341309,13.2422,12.204,26.5305,21.2013,20.6361,1.1535,2026-08-09
sm5-169,Peeking Red Card,holofoil,Ultra Prism,169,Rare Secret,Toyste Beach,Item,,Trainer,2018/02/02,"tcgplayer,cardmarket",https://prices.pokemontcg.io/tcgplayer/sm5-169,https://images.pokemontcg.io/sm5/169_hires.png,2026/08/08,2025/11/18,5.4,4.130000114440918,6.170000076293945,96.94999694824219,,,,,,8.9512,4.614,8.0514,0.0,8.062999725341797,8.4552,7.6016,6.0559,8.2591,7.6362,1.1535,2026-08-09
swsh4-170,Pikachu V,holofoil,Vivid Voltage,170,Rare Ultra,Saki Hayashiro,Basic|V,25,Pokémon,2020/11/13,"tcgplayer,cardmarket",https://prices.pokemontcg.io/tcgplayer/swsh4-170,https://images.pokemontcg.io/swsh4/170_hires.png,2026/08/08,2025/11/18,45.18,40.0,48.880001068115234,99.98999786376953,,,,,,35.8738,18.456,38.2385,0.0,46.13999938964844,27.7186,30.4063,80.745,92.6145,88.1389,1.1535,2026-08-09
swsh3-165,Piers,normal,Darkness Ablaze,165,Uncommon,take,Supporter,,Trainer,2020/08/14,"tcgplayer,cardmarket",https://prices.pokemontcg.io/tcgplayer/swsh3-165,https://images.pokemontcg.io/swsh3/165_hires.png,2026/08/08,2025/11/18,0.16,0.019999999552965164,0.20000000298023224,25.0,,0.28,,,,0.0577,0.0231,0.0577,0.4268,0.05770000070333481,0.0577,0.1038,0.0346,0.3807,0.496,1.1535,2026-08-09
sm11-167,Slakoth,normal,Unified Minds,167,Common,miki kudo,Basic,287,Pokémon,2019/08/02,"tcgplayer,cardmarket",https://prices.pokemontcg.io/tcgplayer/sm11-167,https://images.pokemontcg.io/sm11/167_hires.png,2026/08/08,2025/11/18,0.24,0.09000000357627869,0.2800000011920929,17.979999542236328,,0.45,,,,0.1038,0.0231,0.1038,0.4845,0.11540000140666962,0.15,0.0923,0.5767,0.4383,0.323,1.1535,2026-08-09
sm8-171,Custom Catcher,normal,Lost Thunder,171,Uncommon,Toyste Beach,Item,,Trainer,2018/11/02,"tcgplayer,cardmarket",https://prices.pokemontcg.io/tcgplayer/sm8-171,https://images.pokemontcg.io/sm8/171_hires.png,2026/08/08,2025/11/18,0.36,0.12999999523162842,0.36000001430511475,19.979999542236328,,0.56,,,,0.2538,0.0231,0.1846,0.5767,0.05770000070333481,0.1846,0.2422,0.5767,0.7959,1.488,1.1535,2026-08-09
swsh1-173,Poké Kid,normal,Sword & Shield,173,Uncommon,Hitoshi Ariga,Supporter,,Trainer,2020/02/07,"tcgplayer,cardmarket",https://prices.pokemontcg.io/tcgplayer/swsh1-173,https://images.pokemontcg.io/swsh1/173_hires.png,2026/08/08,2025/11/18,0.2,0.009999999776482582,0.20000000298023224,19.979999542236328,,0.4,,,,0.1154,0.0231,0.1154,0.4037,0.03460000082850456,0.1154,0.1038,0.5652,0.4729,0.4383,1.1535,2026-08-09
sm3-168,Darkness Energy,holofoil,Burning Shadows,168,Rare Secret,,Basic,,Energy,2017/08/05,"tcgplayer,cardmarket",https://prices.pokemontcg.io/tcgplayer/sm3-168,https://images.pokemontcg.io/sm3/168_hires.png,2026/08/08,2025/11/18,53.94,44.0,57.77000045776367,587.5,,,,,,23.7621,21.8011,26.9688,0.0,28.837499618530273,26.5305,25.55,51.9075,49.7159,36.6582,1.1535,2026-08-09
sm10-166,Devolution Spray Z,normal,Unbroken Bonds,166,Uncommon,Toyste Beach,Item,,Trainer,2019/05/03,"tcgplayer,cardmarket",https://prices.pokemontcg.io/tcgplayer/sm10-166,https://images.pokemontcg.io/sm10/166_hires.png,2026/08/08,2025/11/18,0.13,0.03999999910593033,0.20000000298023224,19.979999542236328,,0.38,,,,0.1038,0.0231,0.1846,0.323,0.11540000140666962,0.1384,0.1384,0.8074,0.4499,0.4499,1.1535,2026-08-09
sm9-185,Ampharos-GX,holofoil,Team Up,185,Rare Rainbow,5ban Graphics,Stage 2|GX,181,Pokémon,2019/02/01,"tcgplayer,cardmarket",https://prices.pokemontcg.io/tcgplayer/sm9-185,https://images.pokemontcg.io/sm9/185_hires.png,2026/08/08,2025/11/18,54.82,60.0,149.0,611.2999877929688,,,,,,28.8375,11.1659,31.0061,0.0,36.33530044555664,28.7452,26.1037,34.5358,21.2244,17.7639,1.1535,2026-08-09
smp-SM180,Stakataka,holofoil,SM Black Star Promos,SM180,Promo,Hiroki Asanuma,Basic|Ultra Beast,805,Pokémon,2017/02/03,"tcgplayer,cardmarket",https://prices.pokemontcg.io/tcgplayer/smp-SM180,https://images.pokemontcg.io/smp/SM180_hires.png,2026/08/08,2025/11/18,7.22,6.0,9.079999923706055,95.93000030517578,,,,,,4.7293,2.8838,5.5483,0.0,4.602499961853027,4.8216,6.1251,2.2955,4.2795,3.795,1.1535,2026-08-09
sm12-179,Helioptile,normal,Cosmic Eclipse,179,Common,Sekio,Basic,694,Pokémon,2019/11/01,"tcgplayer,cardmarket",https://prices.pokemontcg.io/tcgplayer/sm12-179,https://images.pokemontcg.io/sm12/179_hires.png,2026/08/08,2025/11/18,0.18,0.029999999329447746,0.20000000298023224,19.979999542236328,,0.31,,,,0.0692,0.0231,0.0461,0.6229,0.023099999874830246,0.0807,0.0692,0.3345,0.5537,0.3691,1.1535,2026-08-09
swsh2-180,Inteleon V,holofoil,Rebel Clash,180,Rare Ultra,5ban Graphics,Basic|V,818,Pokémon,2020/05/01,"tcgplayer,cardmarket",https://prices.pokemontcg.io/tcgplayer/swsh2-180,https://images.pokemontcg.io/swsh2/180_hires.png,2026/08/08,2025/11/18,4.73,3.2200000286102295,5.119999885559082,54.279998779296875,,,,,,3.3105,1.1535,3.7489,0.0,4.706299781799316,3.8065,4.2218,11.4773,8.9281,9.2165,1.1535,2026-08-09
ecard3-140,Underground Expedition,normal,Skyridge,140,Uncommon,Kagemaru Himeno,Supporter,,Trainer,2003/05/12,"tcgplayer,cardmarket",https://prices.pokemontcg.io/tcgplayer/ecard3-140,https://images.pokemontcg.io/ecard3/140_hires.png,2026/08/08,2025/11/18,20.45,25.0,31.989999771118164,459.8999938964844,,,,,,4.6717,1.142,5.9636,0.0,3.3336000442504883,4.8101,4.96,57.6635,25.8269,18.9981,1.1535,2026-08-09
xyp-XY170,Salamence-EX,holofoil,XY Black Star Promos,XY170,Promo,5ban Graphics,Basic|EX,373,Pokémon,2013/10/12,"tcgplayer,cardmarket",https://prices.pokemontcg.io/tcgplayer/xyp-XY170,https://images.pokemontcg.io/xyp/XY170_hires.png,2026/08/08,2025/11/18,14.95,9.420000076293945,14.949999809265137,139.89999389648438,,,,,,12.9307,2.8607,11.9964,0.0,28.837499618530273,13.992,10.7737,15.5146,8.8704,5.9175,1.1535,2026-08-09
sm7-172,Electrode-GX,holofoil,Celestial Storm,172,Rare Rainbow,5ban Graphics,Stage 1|GX,101,Pokémon,2018/08/03,"tcgplayer,cardmarket",https://prices.pokemontcg.io/tcgplayer/sm7-172,https://images.pokemontcg.io/sm7/172_hires.png,2026/08/08,2025/11/18,22.61,22.489999771118164,40.0,331.9100036621094,,,,,,16.1259,7.7746,16.968,0.0,20.76300048828125,16.645,17.2333,15.5723,16.0567,11.8349,1.1535,2026-08-09
ecard2-149,Lugia,holofoil,Aquapolis,149,Rare Secret,Naoyo Kimura,Basic,249,Pokémon,2003/01/15,"tcgplayer,cardmarket",https://prices.pokemontcg.io/tcgplayer/ecard2-149,https://images.pokemontcg.io/ecard2/149_hires.png,2026/08/08,2025/11/18,2225.0,10000.0,10000.9404296875,10001.8798828125,,,,,,653.6423,366.813,1297.0876,0.0,692.0999755859375,1012.2539,1174.0208,576.75,267.4966,233.2954,1.1535,2026-08-09
sm5-170,Unit Energy GrassFireWater,holofoil,Ultra Prism,170,Rare Secret,,Special,,Energy,2018/02/02,"tcgplayer,cardmarket",https://prices.pokemontcg.io/tcgplayer/sm5-170,https://images.pokemontcg.io/sm5/170_hires.png,2026/08/08,2025/11/18,19.67,16.0,19.5,171.60000610351562,,,,,,14.1996,6.921,14.4072,0.0,14.926300048828125,14.2457,13.196,17.291,12.527,10.2777,1.1535,2026-08-09
swsh1-174,Pokégear 3.0,normal,Sword & Shield,174,Uncommon,Ryo Ueda,Item,,Trainer,2020/02/07,"tcgplayer,cardmarket",https://prices.pokemontcg.io/tcgplayer/swsh1-174,https://images.pokemontcg.io/swsh1/174_hires.png,2026/08/08,2025/11/18,0.31,0.03999999910593033,0.36000001430511475,4.989999771118164,,0.86,,,,0.6806,0.0231,0.8767,0.8997,1.153499960899353,0.646,0.646,0.6921,1.1881,2.0994,1.1535,2026-08-09
sm11-168,Slakoth,normal,Unified Minds,168,Common,tetsuya koizumi,Basic,287,Pokémon,2019/08/02,"tcgplayer,cardmarket",https://prices.pokemontcg.io/tcgplayer/sm11-168,https://images.pokemontcg.io/sm11/168_hires.png,2026/08/08,2025/11/18,0.24,0.07000000029802322,0.25,19.020000457763672,,0.36,,,,0.1269,0.0231,0.1038,0.2999,0.05770000070333481,0.1154,0.0923,0.1615,0.2768,0.2768,1.1535,2026-08-09
sm8-172,Electropower,normal,Lost Thunder,172,Uncommon,Eske Yoshinob,Item,,Trainer,2018/11/02,"tcgplayer,cardmarket",https://prices.pokemontcg.io/tcgplayer/sm8-172,https://images.pokemontcg.io/sm8/172_hires.png,2026/08/08,2025/11/18,0.62,0.28999999165534973,0.6200000047683716,2.990000009536743,,1.16,,,,3.7489,0.2884,3.7027,0.0,16.14900016784668,1.8917,2.6415,0.8074,0.6114,0.7844,1.1535,2026-08-09
swsh4-171,Ampharos V,holofoil,Vivid Voltage,171,Rare Ultra,PLANETA Mochizuki,Basic|V,181,Pokémon,2020/11/13,"tcgplayer,cardmarket",https://prices.pokemontcg.io/tcgplayer/swsh4-171,https://images.pokemontcg.io/swsh4/171_hires.png,2026/08/08,2025/11/18,7.65,6.230000019073486,11.25,53.189998626708984,,,,,,6.102,2.8838,5.9751,0.0,8.062999725341797,5.8482,6.0328,17.3025,20.5438,19.1712,1.1535,2026-08-09
sm9-186,Gengar & Mimikyu-GX,holofoil,Team Up,186,Rare Rainbow,5ban Graphics,Basic|TAG TEAM|GX,94|778,Pokémon,2019/02/01,"tcgplayer,cardmarket",https://prices.pokemontcg.io/tcgplayer/sm9-186,https://images.pokemontcg.io/sm9/186_hires.png,2026/08/08,2025/11/18,406.53,354.1000061035156,489.989990234375,3757.6201171875,,,,,,164.7659,42.0912,142.9648,0.0,252.6165008544922,123.0785,118.0953,23.0585,48.1471,36.7274,1.1535,2026-08-09
swsh3-166,Pokémon Breeder's Nurturing,normal,Darkness Ablaze,166,Uncommon,kirisAki,Supporter,,Trainer,2020/08/14,"tcgplayer,cardmarket",https://prices.pokemontcg.io/tcgplayer/swsh3-166,https://images.pokemontcg.io/swsh3/166_hires.png,2026/08/08,2025/11/18,0.26,0.05000000074505806,0.25,19.15999984741211,,0.52,,,,0.1038,0.0231,0.0923,0.4268,0.03460000082850456,0.1154,0.1384,0.2307,0.346,0.4037,1.1535,2026-08-09
sm10-167,Dusk Stone,normal,Unbroken Bonds,167,Uncommon,Ryo Ueda,Item,,Trainer,2019/05/03,"tcgplayer,cardmarket",https://prices.pokemontcg.io/tcgplayer/sm10-167,https://images.pokemontcg.io/sm10/167_hires.png,2026/08/08,2025/11/18,0.24,0.07000000029802322,0.25,18.799999237060547,,0.61,,,,0.2192,0.0231,0.1961,0.4614,0.19609999656677246,0.2307,0.1846,0.4614,0.346,0.5883,1.1535,2026-08-09
sm3-169,Fairy Energy,holofoil,Burning Shadows,169,Rare Secret,,Basic,,Energy,2017/08/05,"tcgplayer,cardmarket",https://prices.pokemontcg.io/tcgplayer/sm3-169,https://images.pokemontcg.io/sm3/169_hires.png,2026/08/08,2025/11/18,88.09,72.9800033569336,99.98999786376953,644.239990234375,,,,,,46.14,19.6095,42.2873,0.0,40.361000061035156,43.2332,44.179,44.6981,33.9821,38.2155,1.1535,2026-08-09
ecard2-150,Nidoking,holofoil,Aquapolis,150,Rare Secret,Hironobu Yoshida,Stage 2,34,Pokémon,2003/01/15,"tcgplayer,cardmarket",https://prices.pokemontcg.io/tcgplayer/ecard2-150,https://images.pokemontcg.io/ecard2/150_hires.png,2026/07/27,2025/11/18,675.0,20000.990234375,20000.990234375,20000.990234375,,,,,,256.896,74.9775,262.9057,346.05,415.260009765625,276.69,370.931,346.05,166.923,122.2249,1.1535,2026-08-09
swsh1-175,Pokémon Catcher,normal,Sword & Shield,175,Uncommon,Ryo Ueda,Item,,Trainer,2020/02/07,"tcgplayer,cardmarket",https://prices.pokemontcg.io/tcgplayer/swsh1-175,https://images.pokemontcg.io/swsh1/175_hires.png,2026/08/08,2025/11/18,0.16,0.009999999776482582,0.20000000298023224,19.979999542236328,,0.17,,,,0.0577,0.0231,0.0577,0.4845,0.03460000082850456,0.0807,0.0692,0.346,0.4845,0.3576,1.1535,2026-08-09
sm5-171,Unit Energy LightningPsychicMetal,holofoil,Ultra Prism,171,Rare Secret,,Special,,Energy,2018/02/02,"tcgplayer,cardmarket",https://prices.pokemontcg.io/tcgplayer/sm5-171,https://images.pokemontcg.io/sm5/171_hires.png,2026/08/08,2025/11/18,14.52,10.050000190734863,14.520000457763672,115.0,,,,,,12.9884,7.6708,11.8234,0.0,13.32289981842041,11.7311,12.8038,10.3815,12.8154,11.362,1.1535,2026-08-09
xyp-XY171,M Salamence-EX,holofoil,XY Black Star Promos,XY171,Promo,5ban Graphics,MEGA|EX,373,Pokémon,2013/10/12,"tcgplayer,cardmarket",https://prices.pokemontcg.io/tcgplayer/xyp-XY171,https://images.pokemontcg.io/xyp/XY171_hires.png,2026/08/08,2025/11/18,65.44,39.7599983215332,77.47000122070312,363.1000061035156,,,,,,27.8224,34.5819,29.818,0.0,5.767499923706055,30.7869,36.4852,13.2652,12.6078,11.385,1.1535,2026-08-09
sm12-180,Heliolisk,normal,Cosmic Eclipse,180,Rare,Kyoko Umemoto,Stage 1,695,Pokémon,2019/11/01,"tcgplayer,cardmarket",https://prices.pokemontcg.io/tcgplayer/sm12-180,https://images.pokemontcg.io/sm12/180_hires.png,2026/08/08,2025/11/18,0.27,0.05999999865889549,0.2800000011920929,19.299999237060547,,0.57,,,,0.2999,0.0461,0.2076,1.5342,0.10379999876022339,0.2653,0.2768,1.142,1.0728,0.9113,1.1535,2026-08-09
sm10-168,Dust Island,normal,Unbroken Bonds,168,Uncommon,Ryo Ueda,Stadium,,Trainer,2019/05/03,"tcgplayer,cardmarket",https://prices.pokemontcg.io/tcgplayer/sm10-168,https://images.pokemontcg.io/sm10/168_hires.png,2026/08/08,2025/11/18,0.23,0.07000000029802322,0.25,10.0,,0.37,,,,0.1384,0.0231,0.0923,0.5767,0.09229999780654907,0.1269,0.15,0.5767,0.4037,0.5306,1.1535,2026-08-09
sm9-187,Hoopa-GX,holofoil,Team Up,187,Rare Rainbow,5ban Graphics,Basic|GX,720,Pokémon,2019/02/01,"tcgplayer,cardmarket",https://prices.pokemontcg.io/tcgplayer/sm9-187,https://images.pokemontcg.io/sm9/187_hires.png,2026/08/08,2025/11/18,40.34,65.0,242.35000610351562,274.989990234375,,,,,,27.6263,7.0479,21.6397,0.0,32.29800033569336,21.0514,18.1676,19.6095,16.4835,13.992,1.1535,2026-08-09
swsh3-167,Rare Fossil,normal,Darkness Ablaze,167,Uncommon,5ban Graphics,Item,,Trainer,2020/08/14,"tcgplayer,cardmarket",https://prices.pokemontcg.io/tcgplayer/swsh3-167,https://images.pokemontcg.io/swsh3/167_hires.png,2026/08/08,2025/11/18,0.09,0.009999999776482582,0.20000000298023224,19.979999542236328,,0.48,,,,0.0461,0.0231,0.0692,0.2999,0.10379999876022339,0.0461,0.0692,0.2307,0.2999,0.3576,1.1535,2026-08-09
sm11-169,Vigoroth,normal,Unified Minds,169,Uncommon,Midori Harada,Stage 1,288,Pokémon,2019/08/02,"tcgplayer,cardmarket",https://prices.pokemontcg.io/tcgplayer/sm11-169,https://images.pokemontcg.io/sm11/169_hires.png,2026/08/08,2025/11/18,0.13,0.05999999865889549,0.20999999344348907,19.979999542236328,,0.5,,,,0.1038,0.0231,0.1269,0.0,0.17299999296665192,0.1154,0.1384,0.4614,0.496,0.5306,1.1535,2026-08-09
sm7-173,Mr. Mime-GX,holofoil,Celestial Storm,173,Rare Rainbow,5ban Graphics,Basic|GX,122,Pokémon,2018/08/03,"tcgplayer,cardmarket",https://prices.pokemontcg.io/tcgplayer/sm7-173,https://images.pokemontcg.io/sm7/173_hires.png,2026/08/08,2025/11/18,48.59,48.0,75.0,549.7999877929688,,,,,,29.9795,10.37,27.9724,0.0,25.36549949645996,23.6352,22.9431,24.9041,18.0061,13.6805,1.1535,2026-08-09
swsh4-172,Alakazam V,holofoil,Vivid Voltage,172,Rare Ultra,Ayaka Yoshida,Basic|V,65,Pokémon,2020/11/13,"tcgplayer,cardmarket",https://prices.pokemontcg.io/tcgplayer/swsh4-172,https://images.pokemontcg.io/swsh4/172_hires.png,2026/08/08,2025/11/18,4.69,3.0,5.0,99.0,,,,,,4.1526,1.7302,2.803,0.0,5.80210018157959,3.8181,4.4294,7.4401,9.2741,10.7968,1.1535,2026-08-09
ecard3-141,Underground Lake,normal,Skyridge,141,Uncommon,Midori Harada,Stadium,,Trainer,2003/05/12,"tcgplayer,cardmarket",https://prices.pokemontcg.io/tcgplayer/ecard3-141,https://images.pokemontcg.io/ecard3/141_hires.png,2026/08/08,2025/11/18,10.46,6.0,10.0,109.0,,23.85,,,,3.2644,0.5767,3.2529,4.0142,7.578499794006348,3.7489,2.7453,4.0142,11.3158,8.3975,1.1535,2026-08-09
swsh2-181,Boltund V,holofoil,Rebel Clash,181,Rare Ultra,aky CG Works,Basic|V,836,Pokémon,2020/05/01,"tcgplayer,cardmarket",https://prices.pokemontcg.io/tcgplayer/swsh2-181,https://images.pokemontcg.io/swsh2/181_hires.png,2026/08/08,2025/11/18,2.96,1.5,3.3499999046325684,50.0,,,,,,2.9876,1.7187,3.126,0.0,5.5945000648498535,3.3105,3.472,11.535,9.2626,10.5891,1.1535,2026-08-09
sm8-172a,Electropower,,Lost Thunder,172a,Uncommon,Ayaka Yoshida,Item,,Trainer,2018/11/02,cardmarket,https://prices.pokemontcg.io/cardmarket/sm8-172a,https://images.pokemontcg.io/sm8/172a_hires.png,,2025/11/18,,,,,,,,,,0.5652,0.0231,0.0231,0.0,1.153499960899353,0.5306,0.9343,0.4614,0.4614,0.5652,1.1535,2026-08-09
smp-SM181,Melmetal,holofoil,SM Black Star Promos,SM181,Promo,TOKIYA,Stage 1,809,Pokémon,2017/02/03,"tcgplayer,cardmarket",https://prices.pokemontcg.io/tcgplayer/smp-SM181,https://images.pokemontcg.io/smp/SM181_hires.png,2026/08/08,2025/11/18,5.17,3.450000047683716,5.739999771118164,49.93000030517578,,,,,,7.7631,4.5217,10.716,0.0,4.602499961853027,7.7631,8.2014,0.7498,4.2795,3.2183,1.1535,2026-08-09
swsh2-182,Toxtricity V,holofoil,Rebel Clash,182,Rare Ultra,5ban Graphics,Basic|V,849,Pokémon,2020/05/01,"tcgplayer,cardmarket",https://prices.pokemontcg.io/tcgplayer/swsh2-182,https://images.pokemontcg.io/swsh2/182_hires.png,2026/08/08,2025/11/18,4.75,3.5,4.989999771118164,96.94000244140625,,,,,,4.5333,2.2493,3.8758,0.0,3.264400005340576,3.8181,4.614,10.3123,9.0896,8.409,1.1535,2026-08-09
sm12-181,Stufful,normal,Cosmic Eclipse,181,Common,Shigenori Negishi,Basic,759,Pokémon,2019/11/01,"tcgplayer,cardmarket",https://prices.pokemontcg.io/tcgplayer/sm12-181,https://images.pokemontcg.io/sm12/181_hires.png,2026/08/08,2025/11/18,0.23,0.03999999910593033,0.23999999463558197,19.860000610351562,,0.36,,,,0.0923,0.0231,0.0692,0.2538,0.023099999874830246,0.0577,0.0923,0.2884,0.2999,0.2999,1.1535,2026-08-09
smp-SM182,Persian,holofoil,SM Black Star Promos,SM182,Promo,tetsuya koizumi,Stage 1,53,Pokémon,2017/02/03,"tcgplayer,cardmarket",https://prices.pokemontcg.io/tcgplayer/smp-SM182,https://images.pokemontcg.io/smp/SM182_hires.png,2026/08/08,2025/11/18,11.06,12.0,20.100000381469727,99.9000015258789,,,,,,4.4525,4.3141,8.0514,0.0,8.639699935913086,5.283,9.1357,4.6025,5.4561,4.8332,1.1535,2026-08-09
swsh1-176,Pokémon Center Lady,normal,Sword & Shield,176,Uncommon,kirisAki,Supporter,,Trainer,2020/02/07,"tcgplayer,cardmarket",https://prices.pokemontcg.io/tcgplayer/swsh1-176,https://images.pokemontcg.io/swsh1/176_hires.png,2026/08/08,2025/11/18,0.23,0.019999999552965164,0.23000000417232513,2.990000009536743,,0.31,,,,0.1154,0.0231,0.1384,0.323,0.13840000331401825,0.1154,0.1038,0.1384,0.2422,0.2999,1.1535,2026-08-09
sm10-169,Electromagnetic Radar,normal,Unbroken Bonds,169,Uncommon,Yoshinobu Saito,Item,,Trainer,2019/05/03,"tcgplayer,cardmarket",https://prices.pokemontcg.io/tcgplayer/sm10-169,https://images.pokemontcg.io/sm10/169_hires.png,2026/08/08,2025/11/18,0.09,0.03999999910593033,0.20000000298023224,10.0,,0.3,,,,0.0,0.2307,0.0,0.0,0.0,0.0,0.0,0.0,0.0,0.0,1.1535,2026-08-09
xyp-XY172,Salamence Spirit Link,normal,XY Black Star Promos,XY172,Promo,5ban Graphics,Pokémon Tool,,Trainer,2013/10/12,"tcgplayer,cardmarket",https://prices.pokemontcg.io/tcgplayer/xyp-XY172,https://images.pokemontcg.io/xyp/XY172_hires.png,2026/08/08,2025/11/18,8.68,10.0,10.550000190734863,39.689998626708984,,,,,,11.4773,10.9582,11.3274,0.0,11.477299690246582,11.0967,8.3629,1.1535,1.7302,1.7302,1.1535,2026-08-09
sm8-173,Faba,normal,Lost Thunder,173,Uncommon,take,Supporter,,Trainer,2018/11/02,"tcgplayer,cardmarket",https://prices.pokemontcg.io/tcgplayer/sm8-173,https://images.pokemontcg.io/sm8/173_hires.png,2026/08/08,2025/11/18,0.53,0.14000000059604645,0.550000011920929,19.979999542236328,,1.18,,,,0.323,0.0231,0.3345,1.488,0.23070000112056732,0.346,0.3807,1.488,0.8767,0.9574,1.1535,2026-08-09
swsh3-168,Rose,normal,Darkness Ablaze,168,Uncommon,Yusuke Ohmura,Supporter,,Trainer,2020/08/14,"tcgplayer,cardmarket",https://prices.pokemontcg.io/tcgplayer/swsh3-168,https://images.pokemontcg.io/swsh3/168_hires.png,2026/08/08,2025/11/18,0.03,0.009999999776482582,0.1599999964237213,19.979999542236328,,0.3,,,,0.1269,0.0231,0.0807,0.3807,0.023099999874830246,0.0577,0.1038,0.5767,0.346,0.3807,1.1535,2026-08-09
sm7-174,Banette-GX,holofoil,Celestial Storm,174,Rare Rainbow,5ban Graphics,Stage 1|GX,354,Pokémon,2018/08/03,"tcgplayer,cardmarket",https://prices.pokemontcg.io/tcgplayer/sm7-174,https://images.pokemontcg.io/sm7/174_hires.png,2026/08/08,2025/11/18,48.44,44.70000076293945,57.75,437.0299987792969,,,,,,25.2386,6.921,23.2315,0.0,28.260700225830078,22.3548,20.8207,17.3025,17.7062,14.511,1.1535,2026-08-09
sm11-170,Slaking,holofoil,Unified Minds,170,Rare Holo,Akira Komayama,Stage 2,289,Pokémon,2019/08/02,"tcgplayer,cardmarket",https://prices.pokemontcg.io/tcgplayer/sm11-170,https://images.pokemontcg.io/sm11/170_hires.png,2026/08/08,2025/11/18,0.58,0.33000001311302185,0.6200000047683716,19.979999542236328,,0.65,,,,1.165,0.1154,0.9805,1.7995,0.57669997215271,1.1766,0.9805,0.8651,1.3842,1.3842,1.1535,2026-08-09
swsh4-173,Coalossal V,holofoil,Vivid Voltage,173,Rare Ultra,5ban Graphics,Basic|V,839,Pokémon,2020/11/13,"tcgplayer,cardmarket",https://prices.pokemontcg.io/tcgplayer/swsh4-173,https://images.pokemontcg.io/swsh4/173_hires.png,2026/08/08,2025/11/18,2.5,1.7000000476837158,2.5799999237060547,12.0,,,,,,3.3567,2.2263,3.8181,0.0,2.8838000297546387,3.299,3.5989,16.1375,21.0283,20.8207,1.1535,2026-08-09
sm9-188,Incineroar-GX,holofoil,Team Up,188,Rare Rainbow,5ban Graphics,Stage 2|GX,727,Pokémon,2019/02/01,"tcgplayer,cardmarket",https://prices.pokemontcg.io/tcgplayer/sm9-188,https://images.pokemontcg.io/sm9/188_hires.png,2026/08/08,2025/11/18,24.93,20.0,24.68000030517578,207.9600067138672,,,,,,17.6139,3.449,18.3983,0.0,14.868599891662598,17.6832,14.6725,15.5723,16.3682,14.6956,1.1535,2026-08-09
ecard3-142,Bounce Energy,normal,Skyridge,142,Uncommon,Shin-ichi Yoshikawa,Special,,Energy,2003/05/12,"tcgplayer,cardmarket",https://prices.pokemontcg.io/tcgplayer/ecard3-142,https://images.pokemontcg.io/ecard3/142_hires.png,2026/08/08,2025/11/18,5.18,3.990000009536743,6.739999771118164,52.90999984741211,,24.08,,,,9.0319,0.2307,9.2741,11.1428,1.2111999988555908,14.7302,4.2564,5.7675,8.8358,7.0479,1.1535,2026-08-09
sm5-172,Lunala-GX,holofoil,Ultra Prism,172,Rare Secret,5ban Graphics,Stage 2|GX,792,Pokémon,2018/02/02,"tcgplayer,cardmarket",https://prices.pokemontcg.io/tcgplayer/sm5-172,https://images.pokemontcg.io/sm5/172_hires.png,2026/08/08,2025/11/18,62.72,45.400001525878906,63.540000915527344,449.70001220703125,,,,,,34.2128,14.9955,34.1205,0.0,21.905000686645508,38.3539,37.3042,109.4672,73.2472,39.6112,1.1535,2026-08-09
sm9-189,Cobalion-GX,holofoil,Team Up,189,Rare Rainbow,5ban Graphics,Basic|GX,638,Pokémon,2019/02/01,"tcgplayer,cardmarket",https://prices.pokemontcg.io/tcgplayer/sm9-189,https://images.pokemontcg.io/sm9/189_hires.png,2026/08/08,2025/11/18,15.48,14.989999771118164,27.0,153.97999572753906,,,,,,18.7444,5.7675,20.1632,0.0,19.597999572753906,17.3371,16.4489,11.535,11.8003,11.6734,1.1535,2026-08-09
swsh2-183,Dragapult V,holofoil,Rebel Clash,183,Rare Ultra,aky CG Works,Basic|V,887,Pokémon,2020/05/01,"tcgplayer,cardmarket",https://prices.pokemontcg.io/tcgplayer/swsh2-183,https://images.pokemontcg.io/swsh2/183_hires.png,2026/08/08,2025/11/18,12.46,9.289999961853027,13.100000381469727,69.98999786376953,,,,,,7.3824,1.9725,7.3132,0.0,5.640600204467773,7.5554,7.244,17.1756,13.4844,12.7346,1.1535,2026-08-09
smp-SM183,Pikachu,holofoil,SM Black Star Promos,SM183,Promo,Aya Kusube,Basic,25,Pokémon,2017/02/03,"tcgplayer,cardmarket",https://prices.pokemontcg.io/tcgplayer/smp-SM183,https://images.pokemontcg.io/smp/SM183_hires.png,2026/08/08,2025/11/18,17.41,9.859999656677246,17.989999771118164,82.3499984741211,,,,,,10.9121,3.4605,12.7116,0.0,11.523500442504883,13.023,8.0168,4.0257,4.0257,3.3913,1.1535,2026-08-09
sm11-171,Bidoof,normal,Unified Minds,171,Common,Sekio,Basic,399,Pokémon,2019/08/02,"tcgplayer,cardmarket",https://prices.pokemontcg.io/tcgplayer/sm11-171,https://images.pokemontcg.io/sm11/171_hires.png,2026/08/08,2025/11/18,0.22,0.07000000029802322,0.25,19.979999542236328,,0.47,,,,0.0807,0.0231,0.0807,0.4037,0.09229999780654907,0.0923,0.0923,0.3345,0.4153,0.323,1.1535,2026-08-09
sm12-182,Bewear,normal,Cosmic Eclipse,182,Rare,Akira Komayama,Stage 1,760,Pokémon,2019/11/01,"tcgplayer,cardmarket",https://prices.pokemontcg.io/tcgplayer/sm12-182,https://images.pokemontcg.io/sm12/182_hires.png,2026/08/08,2025/11/18,0.37,0.09000000357627869,0.36000001430511475,19.979999542236328,,0.54,,,,0.2422,0.0231,0.1615,0.8421,0.06920000165700912,0.2192,0.2768,0.5767,0.8421,0.6229,1.1535,2026-08-09
sm5-173,Solgaleo-GX,holofoil,Ultra Prism,173,Rare Secret,5ban Graphics,Stage 2|GX,791,Pokémon,2018/02/02,"tcgplayer,cardmarket",https://prices.pokemontcg.io/tcgplayer/sm5-173,https://images.pokemontcg.io/sm5/173_hires.png,2026/08/08,2025/11/18,54.05,52.720001220703125,69.98999786376953,519.9000244140625,,,,,,28.6991,17.3025,56.1985,0.0,23.06999969482422,68.5525,58.4017,109.571,97.1593,69.1523,1.1535,2026-08-09
sm10-170,Energy Spinner,normal,Unbroken Bonds,170,Uncommon,Ryo Ueda,Item,,Trainer,2019/05/03,"tcgplayer,cardmarket",https://prices.pokemontcg.io/tcgplayer/sm10-170,https://images.pokemontcg.io/sm10/170_hires.png,2026/08/08,2025/11/18,0.22,0.029999999329447746,0.25,15.760000228881836,,0.52,,,,0.1384,0.0231,0.1384,0.5767,0.05770000070333481,0.15,0.1269,0.8651,0.5537,0.669,1.1535,2026-08-09
xyp-XY173,Volcanion-EX,holofoil,XY Black Star Promos,XY173,Promo,5ban Graphics,Basic|EX,721,Pokémon,2013/10/12,"tcgplayer,cardmarket",https://prices.pokemontcg.io/tcgplayer/xyp-XY173,https://images.pokemontcg.io/xyp/XY173_hires.png,2026/08/08,2025/11/18,3.37,1.090000033378601,3.0,14.949999809265137,,,,,,3.9219,0.7959,3.7604,0.0,2.168600082397461,3.8181,3.5297,3.8758,3.3682,2.7107,1.1535,2026-08-09
sm8-174,Fairy Charm Grass,normal,Lost Thunder,174,Uncommon,Toyste Beach,Pokémon Tool,,Trainer,2018/11/02,"tcgplayer,cardmarket",https://prices.pokemontcg.io/tcgplayer/sm8-174,https://images.pokemontcg.io/sm8/174_hires.png,2026/08/08,2025/11/18,0.15,0.05999999865889549,0.25,19.979999542236328,,0.42,,,,0.1038,0.0231,0.0923,0.4037,0.04610000178217888,0.0692,0.1038,0.5652,0.3691,0.4153,1.1535,2026-08-09
sm7-175,Scizor-GX,holofoil,Celestial Storm,175,Rare Rainbow,5ban Graphics,Stage 1|GX,212,Pokémon,2018/08/03,"tcgplayer,cardmarket",https://prices.pokemontcg.io/tcgplayer/sm7-175,https://images.pokemontcg.io/sm7/175_hires.png,2026/08/08,2025/11/18,81.07,79.98999786376953,131.24000549316406,595.989990234375,,,,,,31.1445,11.535,31.7097,0.0,31.144500732421875,31.6982,32.3903,51.9075,35.7585,23.2892,1.1535,2026-08-09
swsh4-174,Galarian Sirfetch'd V,holofoil,Vivid Voltage,174,Rare Ultra,PLANETA Tsuji,Basic|V,865,Pokémon,2020/11/13,"tcgplayer,cardmarket",https://prices.pokemontcg.io/tcgplayer/swsh4-174,https://images.pokemontcg.io/swsh4/174_hires.png,2026/08/08,2025/11/18,2.33,1.190000057220459,2.490000009536743,20.969999313354492,,,,,,2.3647,1.1535,2.3531,0.0,2.0762999057769775,2.8607,2.5146,5.6522,7.4055,7.6362,1.1535,2026-08-09
swsh3-169,Rose Tower,normal,Darkness Ablaze,169,Uncommon,5ban Graphics,Stadium,,Trainer,2020/08/14,"tcgplayer,cardmarket",https://prices.pokemontcg.io/tcgplayer/swsh3-169,https://images.pokemontcg.io/swsh3/169_hires.png,2026/08/08,2025/11/18,0.05,0.009999999776482582,0.1899999976158142,2.990000009536743,,0.23,,,,0.0577,0.0231,0.0231,0.2768,0.05770000070333481,0.0346,0.0807,0.4614,0.2307,0.2653,1.1535,2026-08-09
swsh1-177,Potion,normal,Sword & Shield,177,Uncommon,Ryo Ueda,Item,,Trainer,2020/02/07,"tcgplayer,cardmarket",https://prices.pokemontcg.io/tcgplayer/swsh1-177,https://images.pokemontcg.io/swsh1/177_hires.png,2026/08/08,2025/11/18,0.09,0.009999999776482582,0.1599999964237213,2.9100000858306885,,0.25,,,,0.0346,0.0231,0.0346,0.2538,0.023099999874830246,0.0346,0.0461,0.4499,0.2307,0.2653,1.1535,2026-08-09
ecard3-143,Cyclone Energy,normal,Skyridge,143,Uncommon,Shin-ichi Yoshikawa,Special,,Energy,2003/05/12,"tcgplayer,cardmarket",https://prices.pokemontcg.io/tcgplayer/ecard3-143,https://images.pokemontcg.io/ecard3/143_hires.png,2026/08/08,2025/11/18,4.83,3.990000009536743,6.599999904632568,50.0,,63.8,,,,3.0568,0.2192,3.1491,5.3407,2.387700080871582,2.5608,2.4685,5.3407,12.6424,10.6353,1.1535,2026-08-09
sm9-190,Latias & Latios-GX,holofoil,Team Up,190,Rare Rainbow,5ban Graphics,Basic|TAG TEAM|GX,380|381,Pokémon,2019/02/01,"tcgplayer,cardmarket",https://prices.pokemontcg.io/tcgplayer/sm9-190,https://images.pokemontcg.io/sm9/190_hires.png,2026/08/08,2025/11/18,173.39,143.5,195.24000549316406,1707.4300537109375,,,,,,99.4894,22.9546,110.3092,0.0,115.3499984741211,101.2888,93.3758,20.763,43.337,29.0567,1.1535,2026-08-09
swsh2-184,Sandaconda V,holofoil,Rebel Clash,184,Rare Ultra,aky CG Works,Basic|V,844,Pokémon,2020/05/01,"tcgplayer,cardmarket",https://prices.pokemontcg.io/tcgplayer/swsh2-184,https://images.pokemontcg.io/swsh2/184_hires.png,2026/08/08,2025/11/18,1.97,1.4500000476837158,2.190000057220459,23.8799991607666,,,,,,3.3336,1.1535,2.8722,0.0,2.5376999378204346,2.976,3.5874,6.3442,7.0017,6.6326,1.1535,2026-08-09
smp-SM184,Eevee,holofoil,SM Black Star Promos,SM184,Promo,Mizue,Basic,133,Pokémon,2017/02/03,"tcgplayer,cardmarket",https://prices.pokemontcg.io/tcgplayer/smp-SM184,https://images.pokemontcg.io/smp/SM184_hires.png,2025/10/21,2025/11/18,9.4,4.630000114440918,11.279999732971191,24.950000762939453,,,,,,9.5048,5.7675,11.7542,0.0,4.613999843597412,9.9432,8.905,11.535,3.1029,2.6069,1.1535,2026-08-09
ecard3-144,Retro Energy,normal,Skyridge,144,Uncommon,Shin-ichi Yoshikawa,Special,,Energy,2003/05/12,"tcgplayer,cardmarket",https://prices.pokemontcg.io/tcgplayer/ecard3-144,https://images.pokemontcg.io/ecard3/144_hires.png,2026/08/08,2025/11/18,8.32,6.599999904632568,11.119999885559082,105.19999694824219,,32.7,,,,1.2458,0.5537,1.6034,13.2652,1.0266000032424927,1.2458,1.661,13.2652,9.9201,7.6246,1.1535,2026-08-09
sm12-183,Type: Null,normal,Cosmic Eclipse,183,Uncommon,KEIICHIRO ITO,Basic,772,Pokémon,2019/11/01,"tcgplayer,cardmarket",https://prices.pokemontcg.io/tcgplayer/sm12-183,https://images.pokemontcg.io/sm12/183_hires.png,2026/08/08,2025/11/18,0.26,0.15000000596046448,0.3100000023841858,19.979999542236328,,0.7,,,,0.173,0.0231,0.15,1.4995,0.09229999780654907,0.15,0.1615,1.4419,1.6149,1.0381,1.1535,2026-08-09
sm10-171,Fairy Charm Ability,normal,Unbroken Bonds,171,Uncommon,Toyste Beach,Pokémon Tool,,Trainer,2019/05/03,"tcgplayer,cardmarket",https://prices.pokemontcg.io/tcgplayer/sm10-171,https://images.pokemontcg.io/sm10/171_hires.png,2026/08/08,2025/11/18,0.27,0.07000000029802322,0.25,19.81999969482422,,0.34,,,,0.1269,0.0231,0.15,0.5652,0.05770000070333481,0.1384,0.1269,0.5767,0.5191,0.4614,1.1535,2026-08-09
sm7-176,Stakataka-GX,holofoil,Celestial Storm,176,Rare Rainbow,5ban Graphics,Basic|GX|Ultra Beast,805,Pokémon,2018/08/03,"tcgplayer,cardmarket",https://prices.pokemontcg.io/tcgplayer/sm7-176,https://images.pokemontcg.io/sm7/176_hires.png,2026/08/08,2025/11/18,24.74,24.739999771118164,29.139999389648438,306.0,,,,,,11.3735,5.7675,12.1925,0.0,13.265199661254883,11.5696,13.3921,28.8029,21.2013,14.165,1.1535,2026-08-09
xyp-XY174,Pikachu-EX,holofoil,XY Black Star Promos,XY174,Promo,5ban Graphics,Basic|EX,25,Pokémon,2013/10/12,"tcgplayer,cardmarket",https://prices.pokemontcg.io/tcgplayer/xyp-XY174,https://images.pokemontcg.io/xyp/XY174_hires.png,2026/08/08,2025/11/18,27.47,16.950000762939453,28.770000457763672,9999.0,,,,,,10.1277,2.0186,12.1233,0.0,11.53499984741211,13.0115,10.9582,15.5146,13.9343,9.2395,1.1535,2026-08-09
sm11-172,Bibarel,normal,Unified Minds,172,Uncommon,Kagemaru Himeno,Stage 1,400,Pokémon,2019/08/02,"tcgplayer,cardmarket",https://prices.pokemontcg.io/tcgplayer/sm11-172,https://images.pokemontcg.io/sm11/172_hires.png,2026/08/08,2025/11/18,0.25,0.09000000357627869,0.25,19.979999542236328,,0.43,,,,0.1154,0.0231,0.1269,0.1154,0.05770000070333481,0.1038,0.1038,0.1154,0.3114,0.5075,1.1535,2026-08-09
swsh1-178,Professor's Research (Professor Magnolia),holofoil,Sword & Shield,178,Rare Holo,Yusuke Ohmura,Supporter,,Trainer,2020/02/07,"tcgplayer,cardmarket",https://prices.pokemontcg.io/tcgplayer/swsh1-178,https://images.pokemontcg.io/swsh1/178_hires.png,2026/08/08,2025/11/18,0.27,0.029999999329447746,0.2800000011920929,19.979999542236328,,0.33,,,,35.7354,13.7843,23.3699,0.0,35.73540115356445,16.7604,11.0275,28.7798,19.7364,19.2404,1.1535,2026-08-09
swsh3-170,Spikemuth,normal,Darkness Ablaze,170,Uncommon,5ban Graphics,Stadium,,Trainer,2020/08/14,"tcgplayer,cardmarket",https://prices.pokemontcg.io/tcgplayer/swsh3-170,https://images.pokemontcg.io/swsh3/170_hires.png,2026/08/08,2025/11/18,0.04,0.009999999776482582,0.20000000298023224,19.979999542236328,,0.34,,,,0.0577,0.0231,0.0807,0.323,0.05770000070333481,0.0807,0.0692,0.3345,0.2999,0.3922,1.1535,2026-08-09
swsh4-175,Drapion V,holofoil,Vivid Voltage,175,Rare Ultra,Eske Yoshinob,Basic|V,452,Pokémon,2020/11/13,"tcgplayer,cardmarket",https://prices.pokemontcg.io/tcgplayer/swsh4-175,https://images.pokemontcg.io/swsh4/175_hires.png,2026/08/08,2025/11/18,1.52,0.9900000095367432,1.909999966621399,99.0,,,,,,2.7799,1.1535,2.4108,0.0,2.306999921798706,2.3647,3.1491,11.535,12.9538,14.7648,1.1535,2026-08-09
sm8-175,Fairy Charm Psychic,normal,Lost Thunder,175,Uncommon,Toyste Beach,Pokémon Tool,,Trainer,2018/11/02,"tcgplayer,cardmarket",https://prices.pokemontcg.io/tcgplayer/sm8-175,https://images.pokemontcg.io/sm8/175_hires.png,2026/08/08,2025/11/18,0.22,0.03999999910593033,0.25,19.979999542236328,,0.42,,,,0.1384,0.0231,0.15,0.5537,0.11540000140666962,0.1154,0.1154,0.5652,0.5421,0.7382,1.1535,2026-08-09
sm9-191,Eevee & Snorlax-GX,holofoil,Team Up,191,Rare Rainbow,5ban Graphics,Basic|TAG TEAM|GX,133|143,Pokémon,2019/02/01,"tcgplayer,cardmarket",https://prices.pokemontcg.io/tcgplayer/sm9-191,https://images.pokemontcg.io/sm9/191_hires.png,2026/08/08,2025/11/18,285.46,253.3800048828125,469.67999267578125,3997.9599609375,,,,,,102.2462,18.3407,139.9311,0.0,41.5260009765625,140.877,116.1805,44.9865,50.7194,34.1205,1.1535,2026-08-09
smp-SM185,Typhlosion,holofoil,SM Black Star Promos,SM185,Promo,Hideki Ishikawa,Stage 2,157,Pokémon,2017/02/03,"tcgplayer,cardmarket",https://prices.pokemontcg.io/tcgplayer/smp-SM185,https://images.pokemontcg.io/smp/SM185_hires.png,2026/08/08,2025/11/18,7.34,3.25,7.170000076293945,65.94000244140625,,,,,,2.953,0.9228,2.803,0.0,2.8722000122070312,2.7799,3.0222,0.5652,1.3842,1.1881,1.1535,2026-08-09
swsh2-185,Falinks V,holofoil,Rebel Clash,185,Rare Ultra,aky CG Works,Basic|V,870,Pokémon,2020/05/01,"tcgplayer,cardmarket",https://prices.pokemontcg.io/tcgplayer/swsh2-185,https://images.pokemontcg.io/swsh2/185_hires.png,2026/08/08,2025/11/18,3.7,3.0,3.9100000858306885,36.060001373291016,,,,,,3.8873,2.2724,3.7373,0.0,3.345099925994873,3.4374,4.2449,10.9582,9.4587,8.5359,1.1535,2026-08-09
ecard3-145,Celebi,reverseHolofoil,Skyridge,145,Rare Secret,Mitsuhiro Arita,Basic,251,Pokémon,2003/05/12,"tcgplayer,cardmarket",https://prices.pokemontcg.io/tcgplayer/ecard3-145,https://images.pokemontcg.io/ecard3/145_hires.png,2026/08/08,2025/11/18,379.99,775.0,1037.5,1299.989990234375,,,,,,5392.6123,137.2665,2077.3496,154.3383,10150.7880859375,2128.7036,864.4098,115.3385,156.3569,201.2165,1.1535,2026-08-09
sm12-184,Silvally-GX,holofoil,Cosmic Eclipse,184,Rare Holo GX,Megumi Mizutani,Stage 1|GX,773,Pokémon,2019/11/01,"tcgplayer,cardmarket",https://prices.pokemontcg.io/tcgplayer/sm12-184,https://images.pokemontcg.io/sm12/184_hires.png,2026/08/08,2025/11/18,9.48,5.510000228881836,9.619999885559082,923.489990234375,,,,,,4.4064,2.307,4.1295,0.0,4.210299968719482,4.0373,4.4064,3.7027,3.4951,3.6681,1.1535,2026-08-09
sm10-172,Fairy Charm Lightning,normal,Unbroken Bonds,172,Uncommon,Toyste Beach,Pokémon Tool,,Trainer,2019/05/03,"tcgplayer,cardmarket",https://prices.pokemontcg.io/tcgplayer/sm10-172,https://images.pokemontcg.io/sm10/172_hires.png,2026/08/08,2025/11/18,0.21,0.029999999329447746,0.2199999988079071,19.979999542236328,,0.37,,,,0.1154,0.0231,0.1154,0.2653,0.05770000070333481,0.1384,0.1154,0.5767,0.4153,0.346,1.1535,2026-08-09
sm7-177,Rayquaza-GX,holofoil,Celestial Storm,177,Rare Rainbow,5ban Graphics,Basic|GX,384,Pokémon,2018/08/03,"tcgplayer,cardmarket",https://prices.pokemontcg.io/tcgplayer/sm7-177,https://images.pokemontcg.io/sm7/177_hires.png,2026/08/08,2025/11/18,305.13,333.44000244140625,693.0,999.989990234375,,,,,,423.5191,40.3725,263.6786,0.0,181.66470336914062,249.0637,219.7533,115.3385,114.358,67.5836,1.1535,2026-08-09
xyp-XY175,Magearna-EX,holofoil,XY Black Star Promos,XY175,Promo,5ban Graphics,Basic|EX,801,Pokémon,2013/10/12,"tcgplayer,cardmarket",https://prices.pokemontcg.io/tcgplayer/xyp-XY175,https://images.pokemontcg.io/xyp/XY175_hires.png,2026/08/08,2025/11/18,2.49,1.2899999618530273,2.490000009536743,18.8799991607666,,,,,,3.0452,0.2192,2.5838,0.0,2.8838000297546387,2.6646,2.5146,4.6025,4.8101,2.8838,1.1535,2026-08-09
swsh4-176,Steelix V,holofoil,Vivid Voltage,176,Rare Ultra,Satoshi Shirai,Basic|V,208,Pokémon,2020/11/13,"tcgplayer,cardmarket",https://prices.pokemontcg.io/tcgplayer/swsh4-176,https://images.pokemontcg.io/swsh4/176_hires.png,2026/08/08,2025/11/18,5.02,3.0,5.0,96.91999816894531,,,,,,6.0674,2.8261,5.4099,0.0,5.698299884796143,4.7178,5.9175,15.4915,15.7107,18.0177,1.1535,2026-08-09
swsh1-179,Quick Ball,normal,Sword & Shield,179,Uncommon,sadaji,Item,,Trainer,2020/02/07,"tcgplayer,cardmarket",https://prices.pokemontcg.io/tcgplayer/swsh1-179,https://images.pokemontcg.io/swsh1/179_hires.png,2026/08/08,2025/11/18,0.21,0.019999999552965164,0.23000000417232513,3.009999990463257,,0.46,,,,0.1154,0.0231,0.173,0.5537,0.03460000082850456,0.1384,0.1269,0.4383,0.4845,0.992,1.1535,2026-08-09
sm11-173,Munchlax,normal,Unified Minds,173,Uncommon,sowsow,Basic,446,Pokémon,2019/08/02,"tcgplayer,cardmarket",https://prices.pokemontcg.io/tcgplayer/sm11-173,https://images.pokemontcg.io/sm11/173_hires.png,2026/08/08,2025/11/18,7.7,5.489999771118164,7.670000076293945,96.94999694824219,,25.61,,,,0.5652,0.0577,0.8651,4.9254,0.08070000261068344,0.5191,0.5306,0.646,5.3753,3.9796,1.1535,2026-08-09
swsh3-171,Struggle Gloves,normal,Darkness Ablaze,171,Uncommon,Ryo Ueda,Pokémon Tool,,Trainer,2020/08/14,"tcgplayer,cardmarket",https://prices.pokemontcg.io/tcgplayer/swsh3-171,https://images.pokemontcg.io/swsh3/171_hires.png,2026/08/08,2025/11/18,0.03,0.009999999776482582,0.15000000596046448,18.420000076293945,,0.32,,,,0.0577,0.0231,0.0692,0.4037,0.05770000070333481,0.0577,0.0577,0.5652,0.4037,0.3922,1.1535,2026-08-09
sm8-176,Fairy Charm Fighting,normal,Lost Thunder,176,Uncommon,Toyste Beach,Pokémon Tool,,Trainer,2018/11/02,"tcgplayer,cardmarket",https://prices.pokemontcg.io/tcgplayer/sm8-176,https://images.pokemontcg.io/sm8/176_hires.png,2026/08/08,2025/11/18,0.2,0.029999999329447746,0.25,19.979999542236328,,0.49,,,,0.1154,0.0231,0.15,0.0,0.023099999874830246,0.1038,0.1038,0.173,0.323,0.4845,1.1535,2026-08-09
sm9-192,Dangerous Drill,holofoil,Team Up,192,Rare Secret,Toyste Beach,Item,,Trainer,2019/02/01,"tcgplayer,cardmarket",https://prices.pokemontcg.io/tcgplayer/sm9-192,https://images.pokemontcg.io/sm9/192_hires.png,2026/08/08,2025/11/18,5.18,3.890000104904175,5.179999828338623,24.950000762939453,,,,,,6.8864,1.3611,9.9432,0.0,6.88640022277832,8.0168,9.8048,10.9582,11.535,8.4552,1.1535,2026-08-09
smp-SM186,Flareon,normal,SM Black Star Promos,SM186,Promo,Shin Nagasawa,Stage 1,136,Pokémon,2017/02/03,"tcgplayer,cardmarket",https://prices.pokemontcg.io/tcgplayer/smp-SM186,https://images.pokemontcg.io/smp/SM186_hires.png,2026/08/08,2025/11/18,3.56,1.5700000524520874,3.0,79.98999786376953,,,,,,1.8917,0.5652,1.638,0.0,1.8687000274658203,1.9148,2.134,2.8261,3.4605,3.4605,1.1535,2026-08-09
swsh2-186,Malamar V,holofoil,Rebel Clash,186,Rare Ultra,Eske Yoshinob,Basic|V,687,Pokémon,2020/05/01,"tcgplayer,cardmarket",https://prices.pokemontcg.io/tcgplayer/swsh2-186,https://images.pokemontcg.io/swsh2/186_hires.png,2026/08/08,2025/11/18,4.2,2.990000009536743,4.199999809265137,50.29999923706055,,,,,,6.6442,1.4303,6.4135,0.0,5.767499923706055,5.4215,6.3673,11.1889,10.5891,10.6583,1.1535,2026-08-09
ecard3-146,Charizard,reverseHolofoil,Skyridge,146,Rare Secret,Kouki Saitou,Stage 2,6,Pokémon,2003/05/12,"tcgplayer,cardmarket",https://prices.pokemontcg.io/tcgplayer/ecard3-146,https://images.pokemontcg.io/ecard3/146_hires.png,2026/08/08,2025/11/18,,2999.989990234375,3250.0,3500.0,,,,,,230.7,317.201,722.8523,0.0,230.6999969482422,743.7653,490.5489,316.059,418.9166,418.9166,1.1535,2026-08-09
sm12-185,Beastite,normal,Cosmic Eclipse,185,Uncommon,inose yukie,Pokémon Tool,,Trainer,2019/11/01,"tcgplayer,cardmarket",https://prices.pokemontcg.io/tcgplayer/sm12-185,https://images.pokemontcg.io/sm12/185_hires.png,2026/08/08,2025/11/18,0.08,0.03999999910593033,0.20000000298023224,19.979999542236328,,0.33,,,,0.0807,0.0231,0.1038,0.4153,0.23070000112056732,0.0923,0.0807,0.5767,0.4383,0.4268,1.1535,2026-08-09
sm7-177a,Rayquaza-GX,,Celestial Storm,177a,Rare Ultra,5ban Graphics,Basic|GX,384,Pokémon,2018/08/03,cardmarket,https://prices.pokemontcg.io/cardmarket/sm7-177a,https://images.pokemontcg.io/sm7/177a_hires.png,,2025/11/18,,,,,,,,,,11.685,6.4596,10.37,0.0,10.946700096130371,11.3389,10.37,8.0745,8.3975,8.6282,1.1535,2026-08-09
xyp-XY176,Champions Festival,,XY Black Star Promos,XY176,Promo,Naoki Saito,Stadium,,Trainer,2013/10/12,cardmarket,https://prices.pokemontcg.io/tcgplayer/xyp-XY176,https://images.pokemontcg.io/xyp/XY176_hires.png,2023/03/27,2025/11/18,,,,,,,,,,346.05,102.6038,137.4741,0.0,346.04998779296875,153.4847,149.5974,21.8242,20.2209,19.4941,1.1535,2026-08-09
swsh4-177,Aegislash V,holofoil,Vivid Voltage,177,Rare Ultra,aky CG Works,Basic|V,681,Pokémon,2020/11/13,"tcgplayer,cardmarket",https://prices.pokemontcg.io/tcgplayer/swsh4-177,https://images.pokemontcg.io/swsh4/177_hires.png,2026/08/08,2025/11/18,2.82,1.350000023841858,3.0,19.989999771118164,,,,,,3.472,2.307,3.7373,0.0,4.037300109863281,4.1757,3.9104,7.7284,13.2537,15.0762,1.1535,2026-08-09
sm10-173,Fire Crystal,normal,Unbroken Bonds,173,Uncommon,Yoshinobu Saito,Item,,Trainer,2019/05/03,"tcgplayer,cardmarket",https://prices.pokemontcg.io/tcgplayer/sm10-173,https://images.pokemontcg.io/sm10/173_hires.png,2026/08/08,2025/11/18,0.32,0.1899999976158142,0.3199999928474426,10.0,,1.29,,,,0.2999,0.0231,0.2653,0.8074,0.2768000066280365,0.2884,0.2884,1.1535,1.1535,1.1535,1.1535,2026-08-09
sm11-174,Pidove,normal,Unified Minds,174,Common,ryoma uratsuka,Basic,519,Pokémon,2019/08/02,"tcgplayer,cardmarket",https://prices.pokemontcg.io/tcgplayer/sm11-174,https://images.pokemontcg.io/sm11/174_hires.png,2026/08/08,2025/11/18,0.25,0.09000000357627869,0.25,19.979999542236328,,0.44,,,,0.1038,0.0231,0.0807,0.3345,0.11540000140666962,0.0923,0.173,0.2884,0.4037,0.2768,1.1535,2026-08-09
swsh1-180,Rare Candy,normal,Sword & Shield,180,Uncommon,Yoshinobu Saito,Item,,Trainer,2020/02/07,"tcgplayer,cardmarket",https://prices.pokemontcg.io/tcgplayer/swsh1-180,https://images.pokemontcg.io/swsh1/180_hires.png,2026/08/08,2025/11/18,0.26,0.03999999910593033,0.25,2.990000009536743,,0.41,,,,0.0807,0.0231,0.0923,0.3691,0.23070000112056732,0.1038,0.0923,0.173,0.3345,0.4614,1.1535,2026-08-09
sm9-193,Electrocharger,holofoil,Team Up,193,Rare Secret,Eske Yoshinob,Item,,Trainer,2019/02/01,"tcgplayer,cardmarket",https://prices.pokemontcg.io/tcgplayer/sm9-193,https://images.pokemontcg.io/sm9/193_hires.png,2026/08/08,2025/11/18,4.95,4.0,5.0,27.899999618530273,,,,,,5.0177,2.307,5.9521,0.0,7.832300186157227,5.6175,5.9405,5.6406,6.252,5.6752,1.1535,2026-08-09
sm8-177,Fairy Charm Dragon,normal,Lost Thunder,177,Uncommon,Toyste Beach,Pokémon Tool,,Trainer,2018/11/02,"tcgplayer,cardmarket",https://prices.pokemontcg.io/tcgplayer/sm8-177,https://images.pokemontcg.io/sm8/177_hires.png,2026/08/08,2025/11/18,0.12,0.07999999821186066,0.25,19.979999542236328,,0.5,,,,0.15,0.0231,0.1615,0.0,0.06920000165700912,0.1384,0.1154,0.4614,0.5075,0.5075,1.1535,2026-08-09
swsh3-172,Turbo Patch,normal,Darkness Ablaze,172,Uncommon,Toyste Beach,Item,,Trainer,2020/08/14,"tcgplayer,cardmarket",https://prices.pokemontcg.io/tcgplayer/swsh3-172,https://images.pokemontcg.io/swsh3/172_hires.png,2026/08/08,2025/11/18,0.05,0.009999999776482582,0.17000000178813934,18.420000076293945,,0.28,,,,0.0692,0.0231,0.0692,0.5537,0.023099999874830246,0.0923,0.0692,0.2307,0.5191,0.4383,1.1535,2026-08-09
smp-SM187,Alolan Marowak-GX,holofoil,SM Black Star Promos,SM187,Promo,5ban Graphics,Stage 1|GX,105,Pokémon,2017/02/03,"tcgplayer,cardmarket",https://prices.pokemontcg.io/tcgplayer/smp-SM187,https://images.pokemontcg.io/smp/SM187_hires.png,2026/08/08,2025/11/18,22.14,13.59000015258789,22.510000228881836,9999.0,,,,,,9.4587,1.1535,8.6859,0.0,16.14900016784668,9.4587,9.228,5.7675,6.5173,6.8864,1.1535,2026-08-09
swsh2-187,Copperajah V,holofoil,Rebel Clash,187,Rare Ultra,5ban Graphics,Basic|V,879,Pokémon,2020/05/01,"tcgplayer,cardmarket",https://prices.pokemontcg.io/tcgplayer/swsh2-187,https://images.pokemontcg.io/swsh2/187_hires.png,2026/08/08,2025/11/18,2.27,1.600000023841858,2.4700000286102295,20.43000030517578,,,,,,2.9876,0.5652,3.2413,0.0,3.2528998851776123,2.803,3.3105,6.9095,7.1056,6.9787,1.1535,2026-08-09
ecard3-147,Crobat,reverseHolofoil,Skyridge,147,Rare Secret,Atsuko Nishida,Stage 2,169,Pokémon,2003/05/12,"tcgplayer,cardmarket",https://prices.pokemontcg.io/tcgplayer/ecard3-147,https://images.pokemontcg.io/ecard3/147_hires.png,2026/08/08,2025/11/18,350.0,350.0,425.0,499.989990234375,,,,,,57.675,34.605,84.8053,0.0,57.67499923706055,84.3555,80.8142,63.4425,54.7912,54.7912,1.1535,2026-08-09
sm12-186,Bellelba & Brycen-Man,normal,Cosmic Eclipse,186,Uncommon,Hideki Ishikawa,Supporter|TAG TEAM,,Trainer,2019/11/01,"tcgplayer,cardmarket",https://prices.pokemontcg.io/tcgplayer/sm12-186,https://images.pokemontcg.io/sm12/186_hires.png,2026/08/08,2025/11/18,0.28,0.10000000149011612,0.30000001192092896,10.0,,0.78,,,,0.2422,0.0231,0.2192,1.2112,0.023099999874830246,0.2538,0.2653,1.7302,1.2804,0.5998,1.1535,2026-08-09
sm9-194,Judge Whistle,holofoil,Team Up,194,Rare Secret,Ayaka Yoshida,Item,,Trainer,2019/02/01,"tcgplayer,cardmarket",https://prices.pokemontcg.io/tcgplayer/sm9-194,https://images.pokemontcg.io/sm9/194_hires.png,2026/08/08,2025/11/18,6.91,4.739999771118164,10.489999771118164,51.720001220703125,,,,,,0.0,2.4224,7.1402,0.0,2.306999921798706,6.7249,6.4135,6.921,10.543,8.5936,1.1535,2026-08-09
sm7-178,Acro Bike,holofoil,Celestial Storm,178,Rare Secret,Toyste Beach,Item,,Trainer,2018/08/03,"tcgplayer,cardmarket",https://prices.pokemontcg.io/tcgplayer/sm7-178,https://images.pokemontcg.io/sm7/178_hires.png,2026/08/08,2025/11/18,15.99,13.989999771118164,16.739999771118164,39.9900016784668,,,,,,10.3584,5.7675,15.3646,0.0,9.227999687194824,14.3034,15.2723,16.149,14.8225,17.2102,1.1535,2026-08-09
swsh4-178,Togekiss V,holofoil,Vivid Voltage,178,Rare Ultra,PLANETA Mochizuki,Basic|V,468,Pokémon,2020/11/13,"tcgplayer,cardmarket",https://prices.pokemontcg.io/tcgplayer/swsh4-178,https://images.pokemontcg.io/swsh4/178_hires.png,2026/08/08,2025/11/18,4.51,3.200000047683716,5.0,42.689998626708984,,,,,,5.5829,2.8261,4.8101,0.0,2.8722000122070312,5.1331,6.102,11.4197,13.2191,15.3992,1.1535,2026-08-09
sm11-175,Tranquill,normal,Unified Minds,175,Uncommon,Sekio,Stage 1,520,Pokémon,2019/08/02,"tcgplayer,cardmarket",https://prices.pokemontcg.io/tcgplayer/sm11-175,https://images.pokemontcg.io/sm11/175_hires.png,2026/08/08,2025/11/18,0.17,0.019999999552965164,0.20000000298023224,19.979999542236328,,0.38,,,,0.1038,0.0231,0.0923,0.5767,0.04610000178217888,0.1038,0.1269,0.5652,0.3345,0.4153,1.1535,2026-08-09
sm10-174,Giovanni's Exile,normal,Unbroken Bonds,174,Uncommon,Megumi Mizutani,Supporter,,Trainer,2019/05/03,"tcgplayer,cardmarket",https://prices.pokemontcg.io/tcgplayer/sm10-174,https://images.pokemontcg.io/sm10/174_hires.png,2026/08/08,2025/11/18,0.22,0.03999999910593033,0.23999999463558197,19.979999542236328,,0.44,,,,0.1269,0.0231,0.1846,0.4037,0.17299999296665192,0.15,0.1384,1.1535,0.5421,0.5652,1.1535,2026-08-09
swsh1-181,Rotom Bike,normal,Sword & Shield,181,Uncommon,5ban Graphics,Item,,Trainer,2020/02/07,"tcgplayer,cardmarket",https://prices.pokemontcg.io/tcgplayer/swsh1-181,https://images.pokemontcg.io/swsh1/181_hires.png,2026/08/08,2025/11/18,0.07,0.019999999552965164,0.1899999976158142,1.690000057220459,,0.3,,,,0.0807,0.0231,0.0807,0.2192,0.023099999874830246,0.0923,0.0692,0.1961,0.2192,0.3114,1.1535,2026-08-09
xyp-XY177,Karen,normal,XY Black Star Promos,XY177,Promo,You Iribi,Supporter,,Trainer,2013/10/12,"tcgplayer,cardmarket",https://prices.pokemontcg.io/tcgplayer/xyp-XY177,https://images.pokemontcg.io/xyp/XY177_hires.png,2026/08/08,2025/11/18,12.71,7.179999828338623,12.470000267028809,49.27000045776367,,,,,,3.2644,0.5191,4.0719,0.0,9.96619987487793,4.3372,3.9334,0.5767,0.5883,0.6229,1.1535,2026-08-09
sm8-178,Heat Factory ◇,holofoil,Lost Thunder,178,Rare Prism Star,5ban Graphics,Stadium|Prism Star,,Trainer,2018/11/02,"tcgplayer,cardmarket",https://prices.pokemontcg.io/tcgplayer/sm8-178,https://images.pokemontcg.io/sm8/178_hires.png,2026/08/08,2025/11/18,1.28,0.5,1.1799999475479126,5.0,,,,,,0.0,5.756,0.0,0.0,0.0,0.0,0.0,0.0,0.0,0.0,1.1535,2026-08-09
swsh3-173,Yell Horn,normal,Darkness Ablaze,173,Uncommon,5ban Graphics,Item,,Trainer,2020/08/14,"tcgplayer,cardmarket",https://prices.pokemontcg.io/tcgplayer/swsh3-173,https://images.pokemontcg.io/swsh3/173_hires.png,2026/08/08,2025/11/18,0.06,0.009999999776482582,0.20000000298023224,25.049999237060547,,0.3,,,,0.0577,0.0231,0.0692,0.2653,0.04610000178217888,0.0577,0.0692,0.173,0.2768,0.2999,1.1535,2026-08-09
smp-SM188,Kangaskhan-GX,holofoil,SM Black Star Promos,SM188,Promo,aky CG Works,Basic|GX,115,Pokémon,2017/02/03,"tcgplayer,cardmarket",https://prices.pokemontcg.io/tcgplayer/smp-SM188,https://images.pokemontcg.io/smp/SM188_hires.png,2026/08/08,2025/11/18,3.16,1.6399999856948853,3.440000057220459,39.400001525878906,,,,,,6.3096,1.142,5.2254,0.0,1.7187000513076782,5.6637,4.4179,5.7675,5.8944,5.0523,1.1535,2026-08-09
swsh2-188,Dubwool V,holofoil,Rebel Clash,188,Rare Ultra,5ban Graphics,Basic|V,832,Pokémon,2020/05/01,"tcgplayer,cardmarket",https://prices.pokemontcg.io/tcgplayer/swsh2-188,https://images.pokemontcg.io/swsh2/188_hires.png,2026/08/08,2025/11/18,2.14,1.399999976158142,2.380000114440918,26.100000381469727,,,,,,3.4028,1.0728,3.5297,0.0,2.306999921798706,3.1491,3.6451,5.7675,6.0097,6.0443,1.1535,2026-08-09
sm9-195,Metal Goggles,holofoil,Team Up,195,Rare Secret,Yoshinobu Saito,Pokémon Tool,,Trainer,2019/02/01,"tcgplayer,cardmarket",https://prices.pokemontcg.io/tcgplayer/sm9-195,https://images.pokemontcg.io/sm9/195_hires.png,2026/08/08,2025/11/18,4.36,3.5999999046325684,4.730000019073486,30.0,,,,,,4.7986,1.7302,6.1136,0.0,5.767499923706055,5.5137,5.9751,5.7098,6.9441,7.6016,1.1535,2026-08-09
smp-SM189,Blastoise-GX,holofoil,SM Black Star Promos,SM189,Promo,sadaji,Stage 2|GX,9,Pokémon,2017/02/03,"tcgplayer,cardmarket",https://prices.pokemontcg.io/tcgplayer/smp-SM189,https://images.pokemontcg.io/smp/SM189_hires.png,2026/08/08,2025/11/18,21.93,15.0,25.010000228881836,9999.0,,,,,,17.5217,3.4374,19.1366,0.0,13.842000007629395,16.1836,15.0301,16.7142,17.3486,14.1881,1.1535,2026-08-09
sm10-175,Green's Exploration,normal,Unbroken Bonds,175,Uncommon,Naoki Saito,Supporter,,Trainer,2019/05/03,"tcgplayer,cardmarket",https://prices.pokemontcg.io/tcgplayer/sm10-175,https://images.pokemontcg.io/sm10/175_hires.png,2026/08/08,2025/11/18,0.32,0.10000000149011612,0.3199999928474426,10.0,,1.4,,,,0.4499,0.0231,0.3807,1.142,0.1615000069141388,0.3576,0.3114,1.142,0.8536,1.488,1.1535,2026-08-09
ecard3-148,Golem,holofoil,Skyridge,148,Rare Secret,Mitsuhiro Arita,Stage 2,76,Pokémon,2003/05/12,"tcgplayer,cardmarket",https://prices.pokemontcg.io/tcgplayer/ecard3-148,https://images.pokemontcg.io/ecard3/148_hires.png,2026/08/08,2025/11/18,,1599.989990234375,1600.47998046875,1600.969970703125,,599.99,,,,1038.5653,63.1541,781.6116,164.9274,161.4322967529297,1079.8029,459.1968,519.075,131.9719,118.6836,1.1535,2026-08-09
sm12-187,Chaotic Swell,normal,Cosmic Eclipse,187,Uncommon,Ryo Ueda,Stadium,,Trainer,2019/11/01,"tcgplayer,cardmarket",https://prices.pokemontcg.io/tcgplayer/sm12-187,https://images.pokemontcg.io/sm12/187_hires.png,2026/08/08,2025/11/18,0.25,0.10000000149011612,0.30000001192092896,19.979999542236328,,1.33,,,,0.4153,0.0231,0.4729,1.2112,1.1419999599456787,0.346,0.3691,1.7302,1.3265,1.2227,1.1535,2026-08-09
sm11-176,Unfezant,normal,Unified Minds,176,Rare,Shin Nagasawa,Stage 2,521,Pokémon,2019/08/02,"tcgplayer,cardmarket",https://prices.pokemontcg.io/tcgplayer/sm11-176,https://images.pokemontcg.io/sm11/176_hires.png,2026/08/08,2025/11/18,0.3,0.10000000149011612,0.30000001192092896,16.799999237060547,,0.47,,,,0.173,0.0577,0.2076,1.0151,0.05770000070333481,0.173,0.2076,1.7302,0.8536,0.6921,1.1535,2026-08-09
swsh3-174,Heat Fire Energy,normal,Darkness Ablaze,174,Uncommon,,Special,,Energy,2020/08/14,"tcgplayer,cardmarket",https://prices.pokemontcg.io/tcgplayer/swsh3-174,https://images.pokemontcg.io/swsh3/174_hires.png,2026/08/08,2025/11/18,0.25,0.05000000074505806,0.25,17.979999542236328,,0.53,,,,0.2192,0.0231,0.2307,0.7152,0.28839999437332153,0.2884,0.173,0.8882,0.6575,0.7498,1.1535,2026-08-09
sm8-179,Kahili,normal,Lost Thunder,179,Uncommon,Ken Sugimori,Supporter,,Trainer,2018/11/02,"tcgplayer,cardmarket",https://prices.pokemontcg.io/tcgplayer/sm8-179,https://images.pokemontcg.io/sm8/179_hires.png,2026/08/08,2025/11/18,0.2,0.03999999910593033,0.2199999988079071,19.979999542236328,,0.54,,,,0.1384,0.0231,0.1269,0.4499,0.05770000070333481,0.15,0.1269,0.4499,0.5075,0.5421,1.1535,2026-08-09
swsh1-182,Sitrus Berry,normal,Sword & Shield,182,Uncommon,Yoshinobu Saito,Pokémon Tool,,Trainer,2020/02/07,"tcgplayer,cardmarket",https://prices.pokemontcg.io/tcgplayer/swsh1-182,https://images.pokemontcg.io/swsh1/182_hires.png,2026/08/08,2025/11/18,0.1,0.009999999776482582,0.18000000715255737,19.979999542236328,,0.28,,,,0.0577,0.0231,0.0807,0.3691,0.05770000070333481,0.0577,0.0692,0.4499,0.4268,0.2999,1.1535,2026-08-09
swsh4-179,Allister,holofoil,Vivid Voltage,179,Rare Ultra,Sanosuke Sakuma,Supporter,,Trainer,2020/11/13,"tcgplayer,cardmarket",https://prices.pokemontcg.io/tcgplayer/swsh4-179,https://images.pokemontcg.io/swsh4/179_hires.png,2026/08/08,2025/11/18,5.65,4.260000228881836,5.820000171661377,49.9900016784668,,,,,,5.8136,4.614,5.8828,0.0,5.767499923706055,5.7675,5.9521,31.133,19.5172,18.2599,1.1535,2026-08-09
sm7-179,Hustle Belt,holofoil,Celestial Storm,179,Rare Secret,Yoshinobu Saito,Pokémon Tool,,Trainer,2018/08/03,"tcgplayer,cardmarket",https://prices.pokemontcg.io/tcgplayer/sm7-179,https://images.pokemontcg.io/sm7/179_hires.png,2026/08/08,2025/11/18,6.93,5.840000152587891,8.550000190734863,63.099998474121094,,,,,,12.2617,5.6291,11.2236,0.0,11.465800285339355,11.7196,8.8473,57.675,17.3256,9.2395,1.1535,2026-08-09
xyp-XY177a,Karen,,XY Black Star Promos,XY177a,Promo,Hitoshi Ariga,Supporter,,Trainer,2013/10/12,cardmarket,https://prices.pokemontcg.io/cardmarket/xyp-XY177a,https://images.pokemontcg.io/xyp/XY177a_hires.png,,2025/11/18,,,,,,,,,,72.6474,73.8125,66.407,0.0,74.97750091552734,70.848,64.5037,40.361,46.7975,15.5838,1.1535,2026-08-09
swsh2-189,Boss's Orders,holofoil,Rebel Clash,189,Rare Ultra,nagimiso,Supporter,,Trainer,2020/05/01,"tcgplayer,cardmarket",https://prices.pokemontcg.io/tcgplayer/swsh2-189,https://images.pokemontcg.io/swsh2/189_hires.png,2026/08/08,2025/11/18,62.19,55.459999084472656,66.94999694824219,1332.199951171875,,,,,,54.7451,34.605,58.0557,0.0,46.13999938964844,61.5854,55.1604,31.0868,22.9431,21.7319,1.1535,2026-08-09
swsh2-190,Milo,holofoil,Rebel Clash,190,Rare Ultra,Hitoshi Ariga,Supporter,,Trainer,2020/05/01,"tcgplayer,cardmarket",https://prices.pokemontcg.io/tcgplayer/swsh2-190,https://images.pokemontcg.io/swsh2/190_hires.png,2026/08/08,2025/11/18,3.51,2.75,3.7799999713897705,42.0,,,,,,4.291,1.1535,4.3372,0.0,3.345099925994873,4.1295,4.0834,5.1907,5.9405,7.3363,1.1535,2026-08-09
sm9-196,Pokémon Communication,holofoil,Team Up,196,Rare Secret,Ayaka Yoshida,Item,,Trainer,2019/02/01,"tcgplayer,cardmarket",https://prices.pokemontcg.io/tcgplayer/sm9-196,https://images.pokemontcg.io/sm9/196_hires.png,2026/08/08,2025/11/18,11.42,8.390000343322754,11.649999618530273,82.58000183105469,,,,,,10.9929,3.4605,12.6193,0.0,10.023900032043457,11.4889,10.6122,17.2448,22.3548,18.1446,1.1535,2026-08-09
ecard3-149,Ho-oh,reverseHolofoil,Skyridge,149,Rare Secret,Hajime Kusajima,Basic,250,Pokémon,2003/05/12,"tcgplayer,cardmarket",https://prices.pokemontcg.io/tcgplayer/ecard3-149,https://images.pokemontcg.io/ecard3/149_hires.png,2026/06/21,2025/11/18,800.0,950.0,950.0,950.0,,,,,,834.3612,80.7335,1085.7434,133.4023,334.5150146484375,1229.9194,709.5178,69.0947,238.763,211.4366,1.1535,2026-08-09
smp-SM190,Detective Pikachu,holofoil,SM Black Star Promos,SM190,Promo,Framestore,Basic,25,Pokémon,2017/02/03,"tcgplayer,cardmarket",https://prices.pokemontcg.io/tcgplayer/smp-SM190,https://images.pokemontcg.io/smp/SM190_hires.png,2026/08/08,2025/11/18,6.44,3.680000066757202,6.849999904632568,9999.0,,,,,,7.7284,1.0381,11.1082,0.0,9.170299530029297,10.9236,8.2475,3.3105,4.1987,5.3061,1.1535,2026-08-09
xyp-XY178,Absol,holofoil,XY Black Star Promos,XY178,Promo,Hasuno,Basic,359,Pokémon,2013/10/12,"tcgplayer,cardmarket",https://prices.pokemontcg.io/tcgplayer/xyp-XY178,https://images.pokemontcg.io/xyp/XY178_hires.png,2026/08/08,2025/11/18,42.45,104.98999786376953,269.989990234375,999.989990234375,,,,,,46.14,57.6635,35.3663,0.0,46.13999938964844,37.3734,29.8064,56.5215,25.8038,25.8038,1.1535,2026-08-09
sm8-180,Life Forest ◇,holofoil,Lost Thunder,180,Rare Prism Star,5ban Graphics,Stadium|Prism Star,,Trainer,2018/11/02,"tcgplayer,cardmarket",https://prices.pokemontcg.io/tcgplayer/sm8-180,https://images.pokemontcg.io/sm8/180_hires.png,2026/08/08,2025/11/18,1.27,0.3499999940395355,1.1299999952316284,50.0,,,,,,1.2573,0.2884,1.2573,0.0,1.4419000148773193,1.4188,1.315,0.4614,1.7649,1.5457,1.1535,2026-08-09
sm7-180,Life Herb,holofoil,Celestial Storm,180,Rare Secret,Ryo Ueda,Item,,Trainer,2018/08/03,"tcgplayer,cardmarket",https://prices.pokemontcg.io/tcgplayer/sm7-180,https://images.pokemontcg.io/sm7/180_hires.png,2026/08/08,2025/11/18,7.48,7.480000019073486,10.0,74.9000015258789,,,,,,8.0745,5.1907,9.2165,0.0,10.369999885559082,8.8704,9.1934,7.4862,8.9512,7.2209,1.1535,2026-08-09
sm10-176,Janine,normal,Unbroken Bonds,176,Uncommon,Ken Sugimori,Supporter,,Trainer,2019/05/03,"tcgplayer,cardmarket",https://prices.pokemontcg.io/tcgplayer/sm10-176,https://images.pokemontcg.io/sm10/176_hires.png,2026/08/08,2025/11/18,0.21,0.07000000029802322,0.25,10.0,,0.44,,,,0.1154,0.0231,0.1384,0.4037,0.11540000140666962,0.15,0.1384,0.3922,0.5075,0.6806,1.1535,2026-08-09
sm12-188,Clay,normal,Cosmic Eclipse,188,Uncommon,Yusuke Ohmura,Supporter,,Trainer,2019/11/01,"tcgplayer,cardmarket",https://prices.pokemontcg.io/tcgplayer/sm12-188,https://images.pokemontcg.io/sm12/188_hires.png,2026/08/08,2025/11/18,0.24,0.10000000149011612,0.25,19.18000030517578,,0.47,,,,0.15,0.0231,0.2884,0.0,1.1419999599456787,0.1961,0.15,0.2884,0.4729,0.5421,1.1535,2026-08-09
sm11-177,Audino,normal,Unified Minds,177,Uncommon,sui,Basic,531,Pokémon,2019/08/02,"tcgplayer,cardmarket",https://prices.pokemontcg.io/tcgplayer/sm11-177,https://images.pokemontcg.io/sm11/177_hires.png,2026/08/08,2025/11/18,0.22,0.05999999865889549,0.23000000417232513,19.979999542236328,,0.52,,,,0.1269,0.0231,0.1615,0.6229,0.57669997215271,0.1961,0.1961,0.4614,0.496,0.5075,1.1535,2026-08-09
swsh4-180,Bea,holofoil,Vivid Voltage,180,Rare Ultra,Hideki Ishikawa,Supporter,,Trainer,2020/11/13,"tcgplayer,cardmarket",https://prices.pokemontcg.io/tcgplayer/swsh4-180,https://images.pokemontcg.io/swsh4/180_hires.png,2026/08/08,2025/11/18,8.8,6.0,9.470000267028809,63.220001220703125,,,,,,9.3433,4.6255,9.4702,0.0,9.631699562072754,9.7471,9.8624,24.8002,24.0966,27.2111,1.1535,2026-08-09
swsh1-183,Switch,normal,Sword & Shield,183,Uncommon,Studio Bora Inc.,Item,,Trainer,2020/02/07,"tcgplayer,cardmarket",https://prices.pokemontcg.io/tcgplayer/swsh1-183,https://images.pokemontcg.io/swsh1/183_hires.png,2026/08/08,2025/11/18,0.19,0.009999999776482582,0.20000000298023224,2.990000009536743,,0.24,,,,0.0461,0.0231,0.0461,0.346,0.023099999874830246,0.0807,0.0692,0.2538,0.3114,0.3576,1.1535,2026-08-09
swsh3-175,Hiding Darkness Energy,normal,Darkness Ablaze,175,Uncommon,,Special,,Energy,2020/08/14,"tcgplayer,cardmarket",https://prices.pokemontcg.io/tcgplayer/swsh3-175,https://images.pokemontcg.io/swsh3/175_hires.png,2026/08/08,2025/11/18,0.26,0.05999999865889549,0.2800000011920929,19.920000076293945,,0.8,,,,0.2653,0.0231,0.1846,0.7613,0.20759999752044678,0.1961,0.2653,0.5767,1.0151,0.9113,1.1535,2026-08-09
swsh2-191,Oleana,holofoil,Rebel Clash,191,Rare Ultra,kirisAki,Supporter,,Trainer,2020/05/01,"tcgplayer,cardmarket",https://prices.pokemontcg.io/tcgplayer/swsh2-191,https://images.pokemontcg.io/swsh2/191_hires.png,2026/08/08,2025/11/18,7.67,7.03000020980835,8.380000114440918,168.39999389648438,,,,,,7.6592,4.6025,6.4942,0.0,5.190700054168701,6.5288,8.5474,10.3815,10.6929,10.8544,1.1535,2026-08-09
ecard3-150,Kabutops,reverseHolofoil,Skyridge,150,Rare Secret,Atsuko Nishida,Stage 2,141,Pokémon,2003/05/12,"tcgplayer,cardmarket",https://prices.pokemontcg.io/tcgplayer/ecard3-150,https://images.pokemontcg.io/ecard3/150_hires.png,2026/08/08,2025/11/18,535.22,599.9000244140625,649.9500122070312,700.0,,,,,,159.183,51.896,153.3232,0.0,160.3365020751953,151.766,92.9606,115.35,59.982,59.982,1.1535,2026-08-09
smp-SM191,Mewtwo & Mew-GX,holofoil,SM Black Star Promos,SM191,Promo,sui,Basic|TAG TEAM|GX,150|151,Pokémon,2017/02/03,"tcgplayer,cardmarket",https://prices.pokemontcg.io/tcgplayer/smp-SM191,https://images.pokemontcg.io/smp/SM191_hires.png,2026/08/08,2025/11/18,352.81,265.0,399.989990234375,1499.989990234375,,,,,,362.9603,80.745,300.5329,0.0,253.77000427246094,287.8905,449.9919,46.14,42.8987,46.3361,1.1535,2026-08-09
sm12-189,Cynthia & Caitlin,normal,Cosmic Eclipse,189,Uncommon,Ken Sugimori/Yusuke Ohmura,Supporter|TAG TEAM,,Trainer,2019/11/01,"tcgplayer,cardmarket",https://prices.pokemontcg.io/tcgplayer/sm12-189,https://images.pokemontcg.io/sm12/189_hires.png,2026/08/08,2025/11/18,3.1,1.8600000143051147,3.059999942779541,10.0,,4.84,,,,1.7764,0.1154,1.9263,2.2263,2.4570000171661377,1.8341,1.811,9.1011,3.4259,2.7223,1.1535,2026-08-09
sm7-181,PokéNav,holofoil,Celestial Storm,181,Rare Secret,Toyste Beach,Item,,Trainer,2018/08/03,"tcgplayer,cardmarket",https://prices.pokemontcg.io/tcgplayer/sm7-181,https://images.pokemontcg.io/sm7/181_hires.png,2026/08/08,2025/11/18,7.06,5.949999809265137,7.079999923706055,58.400001525878906,,,,,,10.7045,4.6025,10.4853,0.0,10.946700096130371,9.9432,8.3975,7.7746,9.0665,8.9742,1.1535,2026-08-09
sm8-181,Lost Blender,normal,Lost Thunder,181,Uncommon,5ban Graphics,Item,,Trainer,2018/11/02,"tcgplayer,cardmarket",https://prices.pokemontcg.io/tcgplayer/sm8-181,https://images.pokemontcg.io/sm8/181_hires.png,2026/08/08,2025/11/18,0.25,0.18000000715255737,0.25,16.31999969482422,,0.61,,,,0.2076,0.0231,0.3114,0.0,0.18459999561309814,0.2192,0.2307,0.173,0.9343,0.646,1.1535,2026-08-09
swsh1-184,Team Yell Grunt,normal,Sword & Shield,184,Uncommon,nagimiso,Supporter,,Trainer,2020/02/07,"tcgplayer,cardmarket",https://prices.pokemontcg.io/tcgplayer/swsh1-184,https://images.pokemontcg.io/swsh1/184_hires.png,2026/08/08,2025/11/18,0.08,0.009999999776482582,0.18000000715255737,19.979999542236328,,0.23,,,,0.0577,0.0231,0.0807,0.2076,0.23070000112056732,0.0807,0.0577,0.346,0.2307,0.2422,1.1535,2026-08-09
sm10-177,Koga's Trap,normal,Unbroken Bonds,177,Uncommon,Megumi Mizutani,Supporter,,Trainer,2019/05/03,"tcgplayer,cardmarket",https://prices.pokemontcg.io/tcgplayer/sm10-177,https://images.pokemontcg.io/sm10/177_hires.png,2026/08/08,2025/11/18,0.24,0.03999999910593033,0.25,19.979999542236328,,0.49,,,,0.1615,0.0231,0.1384,0.4614,0.05770000070333481,0.1961,0.1615,0.4614,0.4614,0.5537,1.1535,2026-08-09
sm11-178,Tornadus,normal,Unified Minds,178,Uncommon,Anesaki Dynamic,Basic,641,Pokémon,2019/08/02,"tcgplayer,cardmarket",https://prices.pokemontcg.io/tcgplayer/sm11-178,https://images.pokemontcg.io/sm11/178_hires.png,2026/08/08,2025/11/18,0.19,0.07000000029802322,0.20999999344348907,19.979999542236328,,0.39,,,,0.15,0.0231,0.1615,0.5767,0.05770000070333481,0.15,0.1384,0.5767,0.6575,0.6921,1.1535,2026-08-09
swsh4-181,Beauty,holofoil,Vivid Voltage,181,Rare Ultra,kirisAki,Supporter,,Trainer,2020/11/13,"tcgplayer,cardmarket",https://prices.pokemontcg.io/tcgplayer/swsh4-181,https://images.pokemontcg.io/swsh4/181_hires.png,2026/08/08,2025/11/18,3.56,2.640000104904175,3.8399999141693115,19.950000762939453,,,,,,5.1677,2.307,5.5483,0.0,4.613999843597412,5.3638,5.11,18.7444,17.7639,18.5483,1.1535,2026-08-09
swsh3-176,Powerful Colorless Energy,normal,Darkness Ablaze,176,Uncommon,,Special,,Energy,2020/08/14,"tcgplayer,cardmarket",https://prices.pokemontcg.io/tcgplayer/swsh3-176,https://images.pokemontcg.io/swsh3/176_hires.png,2026/08/08,2025/11/18,0.24,0.05000000074505806,0.25999999046325684,19.979999542236328,,0.38,,,,0.2422,0.0231,0.2307,0.4268,0.29989999532699585,0.2653,0.3922,1.6726,0.4499,0.7036,1.1535,2026-08-09
xyp-XY179,Snorlax,holofoil,XY Black Star Promos,XY179,Promo,Ken Sugimori,Basic,143,Pokémon,2013/10/12,"tcgplayer,cardmarket",https://prices.pokemontcg.io/tcgplayer/xyp-XY179,https://images.pokemontcg.io/xyp/XY179_hires.png,2026/08/08,2025/11/18,26.43,9.5,24.0,190.0,,,,,,7.3017,0.8651,7.3709,0.0,5.767499923706055,8.6397,7.3017,3.0452,5.0754,4.3256,1.1535,2026-08-09
swsh2-192,Sonia,holofoil,Rebel Clash,192,Rare Ultra,Naoki Saito,Supporter,,Trainer,2020/05/01,"tcgplayer,cardmarket",https://prices.pokemontcg.io/tcgplayer/swsh2-192,https://images.pokemontcg.io/swsh2/192_hires.png,2026/08/08,2025/11/18,21.29,18.389999389648438,23.25,172.52999877929688,,,,,,26.5766,10.3815,26.519,0.0,26.530500411987305,24.558,25.873,36.912,23.1969,20.6592,1.1535,2026-08-09
smp-SM192,Lucario & Melmetal-GX,holofoil,SM Black Star Promos,SM192,Promo,nagimiso,Basic|TAG TEAM|GX,448|809,Pokémon,2017/02/03,"tcgplayer,cardmarket",https://prices.pokemontcg.io/tcgplayer/smp-SM192,https://images.pokemontcg.io/smp/SM192_hires.png,2026/08/08,2025/11/18,72.4,44.0,70.0,9999.0,,,,,,74.0893,28.2607,69.06,0.0,55.35649871826172,84.3439,71.6208,10.3584,12.5962,12.8154,1.1535,2026-08-09
sm12-190,Dragonium Z: Dragon Claw,normal,Cosmic Eclipse,190,Uncommon,aky CG Works,Pokémon Tool,,Trainer,2019/11/01,"tcgplayer,cardmarket",https://prices.pokemontcg.io/tcgplayer/sm12-190,https://images.pokemontcg.io/sm12/190_hires.png,2026/08/08,2025/11/18,0.19,0.05999999865889549,0.2199999988079071,19.979999542236328,,0.63,,,,0.1384,0.0231,0.1154,1.7072,0.023099999874830246,0.1038,0.1269,1.4419,0.9228,0.7036,1.1535,2026-08-09
sm7-182,Rainbow Brush,holofoil,Celestial Storm,182,Rare Secret,Eske Yoshinob,Item,,Trainer,2018/08/03,"tcgplayer,cardmarket",https://prices.pokemontcg.io/tcgplayer/sm7-182,https://images.pokemontcg.io/sm7/182_hires.png,2026/08/08,2025/11/18,10.8,9.34000015258789,10.800000190734863,90.0,,,,,,17.8677,11.5235,16.818,0.0,17.291000366210938,16.1259,18.5944,11.535,13.4037,10.8544,1.1535,2026-08-09
sm11-179,Fletchling,normal,Unified Minds,179,Common,Saya Tsuruta,Basic,661,Pokémon,2019/08/02,"tcgplayer,cardmarket",https://prices.pokemontcg.io/tcgplayer/sm11-179,https://images.pokemontcg.io/sm11/179_hires.png,2026/08/08,2025/11/18,0.14,0.009999999776482582,0.20000000298023224,19.979999542236328,,0.35,,,,0.0923,0.0231,0.0923,0.4153,0.023099999874830246,0.0692,0.0807,0.4499,0.3345,0.3114,1.1535,2026-08-09
swsh1-185,Vitality Band,normal,Sword & Shield,185,Uncommon,Toyste Beach,Pokémon Tool,,Trainer,2020/02/07,"tcgplayer,cardmarket",https://prices.pokemontcg.io/tcgplayer/swsh1-185,https://images.pokemontcg.io/swsh1/185_hires.png,2026/08/08,2025/11/18,0.08,0.009999999776482582,0.1899999976158142,19.100000381469727,,0.29,,,,0.1154,0.0231,0.1038,0.3922,0.05770000070333481,0.1269,0.1269,0.1154,0.3807,0.3922,1.1535,2026-08-09
sm8-182,Lusamine ◇,holofoil,Lost Thunder,182,Rare Prism Star,nagimiso,Supporter|Prism Star,,Trainer,2018/11/02,"tcgplayer,cardmarket",https://prices.pokemontcg.io/tcgplayer/sm8-182,https://images.pokemontcg.io/sm8/182_hires.png,2026/08/08,2025/11/18,0.96,0.5600000023841858,1.1799999475479126,25.899999618530273,,,,,,1.1535,0.1154,1.2573,2.307,3.4605000019073486,1.4765,1.3611,2.307,1.5342,1.5918,1.1535,2026-08-09
sm10-178,Lt. Surge's Strategy,normal,Unbroken Bonds,178,Uncommon,Megumi Mizutani,Supporter,,Trainer,2019/05/03,"tcgplayer,cardmarket",https://prices.pokemontcg.io/tcgplayer/sm10-178,https://images.pokemontcg.io/sm10/178_hires.png,2026/08/08,2025/11/18,0.25,0.05999999865889549,0.25,10.0,,0.63,,,,0.1846,0.0231,0.173,0.8651,0.10379999876022339,0.15,0.173,0.5767,0.7728,0.7152,1.1535,2026-08-09
swsh3-177,Butterfree V,holofoil,Darkness Ablaze,177,Rare Ultra,Saki Hayashiro,Basic|V,12,Pokémon,2020/08/14,"tcgplayer,cardmarket",https://prices.pokemontcg.io/tcgplayer/swsh3-177,https://images.pokemontcg.io/swsh3/177_hires.png,2026/08/08,2025/11/18,4.94,3.8499999046325684,5.550000190734863,50.0,,,,,,4.5102,1.7302,4.1757,0.0,3.4605000019073486,4.4871,4.6601,8.063,8.9627,8.6859,1.1535,2026-08-09
swsh4-182,Leon,holofoil,Vivid Voltage,182,Rare Ultra,Hideki Ishikawa,Supporter,,Trainer,2020/11/13,"tcgplayer,cardmarket",https://prices.pokemontcg.io/tcgplayer/swsh4-182,https://images.pokemontcg.io/swsh4/182_hires.png,2026/08/08,2025/11/18,9.03,7.059999942779541,9.479999542236328,73.0,,,,,,9.5971,5.1792,10.1969,0.0,10.381500244140625,9.4356,9.8163,20.763,26.046,26.0576,1.1535,2026-08-09
xyp-XY180,Arcanine BREAK,holofoil,XY Black Star Promos,XY180,Promo,5ban Graphics,BREAK,59,Pokémon,2013/10/12,"tcgplayer,cardmarket",https://prices.pokemontcg.io/tcgplayer/xyp-XY180,https://images.pokemontcg.io/xyp/XY180_hires.png,2026/08/08,2025/11/18,27.69,15.0,26.0,190.0,,,,,,11.2466,3.4605,12.4347,0.0,13.265199661254883,12.9884,10.5776,5.756,5.5945,4.6371,1.1535,2026-08-09
smp-SM193,Garchomp & Giratina-GX,holofoil,SM Black Star Promos,SM193,Promo,Anesaki Dynamic,Basic|TAG TEAM|GX,445|487,Pokémon,2017/02/03,"tcgplayer,cardmarket",https://prices.pokemontcg.io/tcgplayer/smp-SM193,https://images.pokemontcg.io/smp/SM193_hires.png,2026/08/08,2025/11/18,100.57,84.98999786376953,112.22000122070312,155.5500030517578,,,,,,240.4932,34.605,204.5156,0.0,674.7974853515625,240.4932,161.6861,20.1863,14.3841,12.9769,1.1535,2026-08-09
swsh2-193,Rillaboom VMAX,holofoil,Rebel Clash,193,Rare Rainbow,5ban Graphics,VMAX,812,Pokémon,2020/05/01,"tcgplayer,cardmarket",https://prices.pokemontcg.io/tcgplayer/swsh2-193,https://images.pokemontcg.io/swsh2/193_hires.png,2026/08/08,2025/11/18,13.56,10.300000190734863,14.0,108.87999725341797,,,,,,20.9245,5.7675,19.5518,0.0,10.381500244140625,19.6095,16.3682,20.763,26.5305,26.7612,1.1535,2026-08-09
sm12-191,Erika,normal,Cosmic Eclipse,191,Uncommon,Megumi Mizutani,Supporter,,Trainer,2019/11/01,"tcgplayer,cardmarket",https://prices.pokemontcg.io/tcgplayer/sm12-191,https://images.pokemontcg.io/sm12/191_hires.png,2026/08/08,2025/11/18,0.29,0.07999999821186066,0.30000001192092896,19.979999542236328,,0.64,,,,0.0692,0.0231,0.0807,0.9689,0.28839999437332153,0.1038,0.0923,1.7187,0.8651,0.6114,1.1535,2026-08-09
sm7-183,Rainbow Energy,holofoil,Celestial Storm,183,Rare Secret,,Special,,Energy,2018/08/03,"tcgplayer,cardmarket",https://prices.pokemontcg.io/tcgplayer/sm7-183,https://images.pokemontcg.io/sm7/183_hires.png,2026/08/08,2025/11/18,41.8,40.0,42.720001220703125,398.1000061035156,,,,,,33.1516,10.9467,32.2288,0.0,31.709699630737305,32.6671,35.0318,28.8375,30.3832,27.9032,1.1535,2026-08-09
sm11-180,Yungoos,normal,Unified Minds,180,Common,Shigenori Negishi,Basic,734,Pokémon,2019/08/02,"tcgplayer,cardmarket",https://prices.pokemontcg.io/tcgplayer/sm11-180,https://images.pokemontcg.io/sm11/180_hires.png,2026/08/08,2025/11/18,0.2,0.009999999776482582,0.20999999344348907,19.979999542236328,,0.29,,,,0.0692,0.0231,0.0577,0.3807,0.03460000082850456,0.0692,0.0692,0.4614,0.346,0.2422,1.1535,2026-08-09
sm10-179,Martial Arts Dojo,normal,Unbroken Bonds,179,Uncommon,5ban Graphics,Stadium,,Trainer,2019/05/03,"tcgplayer,cardmarket",https://prices.pokemontcg.io/tcgplayer/sm10-179,https://images.pokemontcg.io/sm10/179_hires.png,2026/08/08,2025/11/18,0.3,0.10000000149011612,0.28999999165534973,19.979999542236328,,0.62,,,,0.2999,0.0231,0.3114,0.8421,0.34599998593330383,0.3807,0.346,0.8421,0.7728,0.8767,1.1535,2026-08-09
swsh1-186,Aurora Energy,normal,Sword & Shield,186,Uncommon,,Special,,Energy,2020/02/07,"tcgplayer,cardmarket",https://prices.pokemontcg.io/tcgplayer/swsh1-186,https://images.pokemontcg.io/swsh1/186_hires.png,2026/08/08,2025/11/18,0.25,0.10000000149011612,0.27000001072883606,19.559999465942383,,0.52,,,,0.323,0.0231,0.3114,0.9343,0.06920000165700912,0.2307,0.2884,0.173,0.9574,0.9574,1.1535,2026-08-09
swsh4-183,Nessa,holofoil,Vivid Voltage,183,Rare Ultra,Ryuta Fuse,Supporter,,Trainer,2020/11/13,"tcgplayer,cardmarket",https://prices.pokemontcg.io/tcgplayer/swsh4-183,https://images.pokemontcg.io/swsh4/183_hires.png,2026/08/08,2025/11/18,9.86,6.900000095367432,10.25,93.94000244140625,,,,,,12.1464,5.7675,11.1197,0.0,11.53499984741211,11.5119,12.4693,19.6556,23.1507,26.5536,1.1535,2026-08-09
sm8-183,Mina,normal,Lost Thunder,183,Uncommon,Ken Sugimori,Supporter,,Trainer,2018/11/02,"tcgplayer,cardmarket",https://prices.pokemontcg.io/tcgplayer/sm8-183,https://images.pokemontcg.io/sm8/183_hires.png,2026/08/08,2025/11/18,0.27,0.12999999523162842,0.2800000011920929,1.690000057220459,,0.93,,,,0.1154,0.0231,0.1154,0.6344,0.05770000070333481,0.1154,0.1615,0.7498,0.6921,0.8074,1.1535,2026-08-09
xyp-XY181,Crobat BREAK,holofoil,XY Black Star Promos,XY181,Promo,5ban Graphics,BREAK,169,Pokémon,2013/10/12,"tcgplayer,cardmarket",https://prices.pokemontcg.io/tcgplayer/xyp-XY181,https://images.pokemontcg.io/xyp/XY181_hires.png,2026/08/08,2025/11/18,13.36,4.309999942779541,13.119999885559082,83.95999908447266,,,,,,3.945,1.142,4.2333,0.0,3.4605000019073486,3.8527,4.9139,2.8838,3.6451,2.5838,1.1535,2026-08-09
swsh3-178,Houndoom V,holofoil,Darkness Ablaze,178,Rare Ultra,Ayaka Yoshida,Basic|V,229,Pokémon,2020/08/14,"tcgplayer,cardmarket",https://prices.pokemontcg.io/tcgplayer/swsh3-178,https://images.pokemontcg.io/swsh3/178_hires.png,2026/08/08,2025/11/18,6.26,4.5,6.53000020980835,100.0,,,,,,5.0523,2.307,5.1792,0.0,3.4605000019073486,5.4561,4.96,8.6512,9.8509,10.4161,1.1535,2026-08-09
smp-SM194,Detective Pikachu,holofoil,SM Black Star Promos,SM194,Promo,MPC Film,Basic,25,Pokémon,2017/02/03,"tcgplayer,cardmarket",https://prices.pokemontcg.io/tcgplayer/smp-SM194,https://images.pokemontcg.io/smp/SM194_hires.png,2026/08/08,2025/11/18,11.63,5.78000020980835,11.100000381469727,53.599998474121094,,,,,,8.5013,2.307,8.2591,0.0,9.15880012512207,7.5439,8.4552,5.4215,6.7249,5.7214,1.1535,2026-08-09
sm12-192,Great Catcher,normal,Cosmic Eclipse,192,Uncommon,Studio Bora Inc.,Item,,Trainer,2019/11/01,"tcgplayer,cardmarket",https://prices.pokemontcg.io/tcgplayer/sm12-192,https://images.pokemontcg.io/sm12/192_hires.png,2026/08/08,2025/11/18,0.13,0.029999999329447746,0.20000000298023224,19.979999542236328,,0.42,,,,0.2538,0.0231,0.2307,1.0381,0.023099999874830246,0.2538,0.2076,0.4499,0.992,0.5998,1.1535,2026-08-09
swsh2-194,Cinderace VMAX,holofoil,Rebel Clash,194,Rare Rainbow,5ban Graphics,VMAX,815,Pokémon,2020/05/01,"tcgplayer,cardmarket",https://prices.pokemontcg.io/tcgplayer/swsh2-194,https://images.pokemontcg.io/swsh2/194_hires.png,2026/08/08,2025/11/18,18.19,14.989999771118164,19.860000610351562,97.31999969482422,,,,,,16.1144,8.0745,12.5732,0.0,9.216500282287598,14.8109,17.3371,20.763,23.6468,23.716,1.1535,2026-08-09
sm11-181,Gumshoos,normal,Unified Minds,181,Rare,Midori Harada,Stage 1,735,Pokémon,2019/08/02,"tcgplayer,cardmarket",https://prices.pokemontcg.io/tcgplayer/sm11-181,https://images.pokemontcg.io/sm11/181_hires.png,2026/08/08,2025/11/18,0.23,0.09000000357627869,0.25,2.319999933242798,,0.42,,,,0.1961,0.0231,0.1961,0.3576,0.34599998593330383,0.2422,0.2538,0.5652,0.5306,0.4845,1.1535,2026-08-09
swsh1-187,Dhelmise V,holofoil,Sword & Shield,187,Rare Ultra,Eske Yoshinob,Basic|V,781,Pokémon,2020/02/07,"tcgplayer,cardmarket",https://prices.pokemontcg.io/tcgplayer/swsh1-187,https://images.pokemontcg.io/swsh1/187_hires.png,2026/08/08,2025/11/18,3.56,2.2699999809265137,3.5399999618530273,32.040000915527344,,,,,,4.0949,2.2955,4.5217,0.0,4.025700092315674,4.3256,4.3718,8.0745,9.4702,9.9432,1.1535,2026-08-09
xyp-XY182,Mandibuzz BREAK,holofoil,XY Black Star Promos,XY182,Promo,5ban Graphics,BREAK,630,Pokémon,2013/10/12,"tcgplayer,cardmarket",https://prices.pokemontcg.io/tcgplayer/xyp-XY182,https://images.pokemontcg.io/xyp/XY182_hires.png,2026/08/08,2025/11/18,5.53,3.0,5.190000057220459,55.04999923706055,,,,,,2.5377,1.0958,2.457,0.0,2.0185999870300293,2.5954,2.9414,2.2493,2.0878,1.7995,1.1535,2026-08-09
swsh3-179,Centiskorch V,holofoil,Darkness Ablaze,179,Rare Ultra,5ban Graphics,Basic|V,851,Pokémon,2020/08/14,"tcgplayer,cardmarket",https://prices.pokemontcg.io/tcgplayer/swsh3-179,https://images.pokemontcg.io/swsh3/179_hires.png,2026/08/08,2025/11/18,1.45,0.9599999785423279,1.7899999618530273,49.9900016784668,,,,,,2.5031,0.5191,1.7302,0.0,1.972499966621399,2.2839,2.8838,8.0745,7.9015,8.2014,1.1535,2026-08-09
swsh4-184,Opal,holofoil,Vivid Voltage,184,Rare Ultra,Naoki Saito,Supporter,,Trainer,2020/11/13,"tcgplayer,cardmarket",https://prices.pokemontcg.io/tcgplayer/swsh4-184,https://images.pokemontcg.io/swsh4/184_hires.png,2026/08/08,2025/11/18,1.41,1.0,1.75,19.989999771118164,,,,,,2.8261,1.142,2.653,0.0,3.4605000019073486,2.7684,3.1145,9.6087,12.0887,14.1419,1.1535,2026-08-09
sm10-180,Metal Core Barrier,normal,Unbroken Bonds,180,Uncommon,Studio Bora Inc.,Pokémon Tool,,Trainer,2019/05/03,"tcgplayer,cardmarket",https://prices.pokemontcg.io/tcgplayer/sm10-180,https://images.pokemontcg.io/sm10/180_hires.png,2026/08/08,2025/11/18,0.22,0.09000000357627869,0.25,10.0,,0.3,,,,0.1961,0.0231,0.1615,0.4729,0.05770000070333481,0.1846,0.2076,0.2538,0.4383,0.4614,1.1535,2026-08-09
sm8-184,Mixed Herbs,normal,Lost Thunder,184,Uncommon,Toyste Beach,Item,,Trainer,2018/11/02,"tcgplayer,cardmarket",https://prices.pokemontcg.io/tcgplayer/sm8-184,https://images.pokemontcg.io/sm8/184_hires.png,2026/08/08,2025/11/18,0.19,0.07999999821186066,0.25,19.979999542236328,,0.53,,,,0.1154,0.0231,0.1384,0.6575,0.11540000140666962,0.1154,0.1038,0.8074,0.5537,0.6114,1.1535,2026-08-09
smp-SM195,Charizard-GX,holofoil,SM Black Star Promos,SM195,Promo,Framestore,Stage 2|GX,6,Pokémon,2017/02/03,"tcgplayer,cardmarket",https://prices.pokemontcg.io/tcgplayer/smp-SM195,https://images.pokemontcg.io/smp/SM195_hires.png,2026/08/08,2025/11/18,27.31,15.989999771118164,27.739999771118164,299.95001220703125,,,,,,33.5784,5.5483,32.7825,0.0,34.60499954223633,36.0699,37.7656,14.984,15.2839,22.3548,1.1535,2026-08-09
sm12-193,Guzma & Hala,normal,Cosmic Eclipse,193,Uncommon,Ken Sugimori,Supporter|TAG TEAM,,Trainer,2019/11/01,"tcgplayer,cardmarket",https://prices.pokemontcg.io/tcgplayer/sm12-193,https://images.pokemontcg.io/sm12/193_hires.png,2026/08/08,2025/11/18,6.95,3.990000009536743,7.230000019073486,57.150001525878906,,7.68,,,,5.0523,1.7302,5.7906,5.4676,2.306999921798706,5.2369,5.2484,2.307,5.4676,5.2254,1.1535,2026-08-09
swsh2-195,Inteleon VMAX,holofoil,Rebel Clash,195,Rare Rainbow,5ban Graphics,VMAX,818,Pokémon,2020/05/01,"tcgplayer,cardmarket",https://prices.pokemontcg.io/tcgplayer/swsh2-195,https://images.pokemontcg.io/swsh2/195_hires.png,2026/08/08,2025/11/18,12.65,9.0,12.699999809265137,94.81999969482422,,,,,,11.9849,4.0373,10.7968,0.0,8.07450008392334,11.7196,12.0425,19.0328,26.0806,21.2821,1.1535,2026-08-09
sm11-182,Oranguru,normal,Unified Minds,182,Uncommon,Naoki Saito,Basic,765,Pokémon,2019/08/02,"tcgplayer,cardmarket",https://prices.pokemontcg.io/tcgplayer/sm11-182,https://images.pokemontcg.io/sm11/182_hires.png,2026/08/08,2025/11/18,0.18,0.029999999329447746,0.20000000298023224,19.979999542236328,,0.4,,,,0.15,0.0231,0.1269,0.0,0.05770000070333481,0.1384,0.1615,0.8651,0.6575,0.5191,1.1535,2026-08-09
swsh1-188,Torkoal V,holofoil,Sword & Shield,188,Rare Ultra,Ayaka Yoshida,Basic|V,324,Pokémon,2020/02/07,"tcgplayer,cardmarket",https://prices.pokemontcg.io/tcgplayer/swsh1-188,https://images.pokemontcg.io/swsh1/188_hires.png,2026/08/08,2025/11/18,5.05,3.5,5.070000171661377,49.9900016784668,,,,,,7.0825,3.4605,7.4401,0.0,6.794099807739258,6.3327,6.5634,8.3052,13.5421,13.0576,1.1535,2026-08-09
xyp-XY183,Mewtwo-EX,holofoil,XY Black Star Promos,XY183,Promo,5ban Graphics,Basic|EX,150,Pokémon,2013/10/12,"tcgplayer,cardmarket",https://prices.pokemontcg.io/tcgplayer/xyp-XY183,https://images.pokemontcg.io/xyp/XY183_hires.png,2026/08/08,2025/11/18,14.57,6.349999904632568,11.199999809265137,54.7599983215332,,,,,,9.0896,2.307,10.7852,0.0,5.190700054168701,10.7506,7.9361,8.6512,8.2706,6.1828,1.1535,2026-08-09
swsh3-180,Vikavolt V,holofoil,Darkness Ablaze,180,Rare Ultra,Ayaka Yoshida,Basic|V,738,Pokémon,2020/08/14,"tcgplayer,cardmarket",https://prices.pokemontcg.io/tcgplayer/swsh3-180,https://images.pokemontcg.io/swsh3/180_hires.png,2026/08/08,2025/11/18,1.94,1.190000057220459,2.190000057220459,9.989999771118164,,,,,,2.9184,1.1535,2.307,0.0,2.306999921798706,3.1837,2.9991,9.228,8.3283,7.5554,1.1535,2026-08-09
sm8-185,Moomoo Milk,normal,Lost Thunder,185,Uncommon,Ayaka Yoshida,Item,,Trainer,2018/11/02,"tcgplayer,cardmarket",https://prices.pokemontcg.io/tcgplayer/sm8-185,https://images.pokemontcg.io/sm8/185_hires.png,2026/08/08,2025/11/18,0.23,0.10000000149011612,0.25,2.0,,0.52,,,,0.1154,0.0231,0.1269,1.4995,0.11540000140666962,0.1154,0.1269,0.5191,0.5421,0.4499,1.1535,2026-08-09
swsh4-185,Pokémon Center Lady,holofoil,Vivid Voltage,185,Rare Ultra,Sanosuke Sakuma,Supporter,,Trainer,2020/11/13,"tcgplayer,cardmarket",https://prices.pokemontcg.io/tcgplayer/swsh4-185,https://images.pokemontcg.io/swsh4/185_hires.png,2026/08/08,2025/11/18,22.87,20.809999465942383,24.90999984741211,205.8300018310547,,,,,,24.0851,9.2165,30.5793,0.0,17.244800567626953,31.5252,22.4471,28.8375,26.8881,27.5917,1.1535,2026-08-09
sm10-181,Molayne,normal,Unbroken Bonds,181,Uncommon,Ken Sugimori,Supporter,,Trainer,2019/05/03,"tcgplayer,cardmarket",https://prices.pokemontcg.io/tcgplayer/sm10-181,https://images.pokemontcg.io/sm10/181_hires.png,2026/08/08,2025/11/18,0.15,0.03999999910593033,0.2199999988079071,19.979999542236328,,0.35,,,,0.1384,0.0231,0.1269,0.3807,0.05770000070333481,0.1384,0.1269,0.7498,0.3922,0.5998,1.1535,2026-08-09
smp-SM196,Mewtwo-GX,holofoil,SM Black Star Promos,SM196,Promo,MPC Film,Basic|GX,150,Pokémon,2017/02/03,"tcgplayer,cardmarket",https://prices.pokemontcg.io/tcgplayer/smp-SM196,https://images.pokemontcg.io/smp/SM196_hires.png,2026/08/08,2025/11/18,19.04,9.25,20.0,94.44999694824219,,,,,,10.1508,2.8722,10.4853,0.0,11.53499984741211,11.8118,10.8314,5.7098,7.2324,8.1322,1.1535,2026-08-09
sm12-194,Island Challenge Amulet,normal,Cosmic Eclipse,194,Uncommon,sadaji,Pokémon Tool,,Trainer,2019/11/01,"tcgplayer,cardmarket",https://prices.pokemontcg.io/tcgplayer/sm12-194,https://images.pokemontcg.io/sm12/194_hires.png,2026/08/08,2025/11/18,0.06,0.009999999776482582,0.20000000298023224,10.0,,0.42,,,,0.1154,0.0231,0.1154,0.4037,0.23070000112056732,0.15,0.1038,0.2307,0.4268,0.4037,1.1535,2026-08-09
swsh2-196,Toxtricity VMAX,holofoil,Rebel Clash,196,Rare Rainbow,5ban Graphics,VMAX,849,Pokémon,2020/05/01,"tcgplayer,cardmarket",https://prices.pokemontcg.io/tcgplayer/swsh2-196,https://images.pokemontcg.io/swsh2/196_hires.png,2026/08/08,2025/11/18,20.9,20.309999465942383,25.6299991607666,150.0,,,,,,13.7959,4.614,13.8189,0.0,9.79319953918457,15.5492,14.4303,23.07,21.7089,18.9059,1.1535,2026-08-09
sm11-183,Type: Null,normal,Unified Minds,183,Uncommon,tetsuya koizumi,Basic,772,Pokémon,2019/08/02,"tcgplayer,cardmarket",https://prices.pokemontcg.io/tcgplayer/sm11-183,https://images.pokemontcg.io/sm11/183_hires.png,2026/08/08,2025/11/18,0.39,0.09000000357627869,0.4000000059604645,40.0,,1.27,,,,0.1846,0.0231,0.2076,1.5803,0.1615000069141388,0.2192,0.1846,0.4153,1.2112,0.669,1.1535,2026-08-09
xyp-XY184,Giratina,holofoil,XY Black Star Promos,XY184,Promo,5ban Graphics,Basic,487,Pokémon,2013/10/12,"tcgplayer,cardmarket",https://prices.pokemontcg.io/tcgplayer/xyp-XY184,https://images.pokemontcg.io/xyp/XY184_hires.png,2026/08/08,2025/11/18,18.05,6.150000095367432,17.479999542236328,274.1600036621094,,,,,,2.953,0.8074,3.2875,0.0,2.306999921798706,3.5643,3.0106,1.7072,1.0381,0.9805,1.1535,2026-08-09
smp-SM197,Greninja-GX,holofoil,SM Black Star Promos,SM197,Promo,MPC Film,Stage 2|GX,658,Pokémon,2017/02/03,"tcgplayer,cardmarket",https://prices.pokemontcg.io/tcgplayer/smp-SM197,https://images.pokemontcg.io/smp/SM197_hires.png,2026/08/08,2025/11/18,38.28,18.5,39.9900016784668,344.5199890136719,,,,,,9.9086,1.7187,14.0035,0.0,27.868600845336914,13.5075,18.8367,17.3025,11.6965,10.8775,1.1535,2026-08-09
swsh1-189,Lapras V,holofoil,Sword & Shield,189,Rare Ultra,5ban Graphics,Basic|V,131,Pokémon,2020/02/07,"tcgplayer,cardmarket",https://prices.pokemontcg.io/tcgplayer/swsh1-189,https://images.pokemontcg.io/swsh1/189_hires.png,2026/08/08,2025/11/18,5.49,4.0,6.079999923706055,54.59000015258789,,,,,,9.2972,1.7302,9.6894,0.0,13.265199661254883,9.2741,8.732,9.8048,13.2883,12.4347,1.1535,2026-08-09
sm10-182,Pokégear 3.0,normal,Unbroken Bonds,182,Uncommon,Studio Bora Inc.,Item,,Trainer,2019/05/03,"tcgplayer,cardmarket",https://prices.pokemontcg.io/tcgplayer/sm10-182,https://images.pokemontcg.io/sm10/182_hires.png,2026/08/08,2025/11/18,0.88,0.3799999952316284,0.9800000190734863,18.700000762939453,,3.49,,,,2.0071,0.1154,1.7879,3.8412,1.153499960899353,2.0417,2.1109,6.921,3.1837,3.2298,1.1535,2026-08-09
sm8-186,Morty,normal,Lost Thunder,186,Uncommon,Ken Sugimori,Supporter,,Trainer,2018/11/02,"tcgplayer,cardmarket",https://prices.pokemontcg.io/tcgplayer/sm8-186,https://images.pokemontcg.io/sm8/186_hires.png,2026/08/08,2025/11/18,0.28,0.05000000074505806,0.27000001072883606,19.979999542236328,,0.44,,,,0.2653,0.0231,0.2076,0.8651,0.023099999874830246,0.15,0.173,0.8651,0.7382,0.5421,1.1535,2026-08-09
swsh4-186,Orbeetle VMAX,holofoil,Vivid Voltage,186,Rare Rainbow,5ban Graphics,VMAX,826,Pokémon,2020/11/13,"tcgplayer,cardmarket",https://prices.pokemontcg.io/tcgplayer/swsh4-186,https://images.pokemontcg.io/swsh4/186_hires.png,2026/08/08,2025/11/18,6.25,5.0,7.03000020980835,72.83999633789062,,,,,,8.409,4.614,7.4285,0.0,5.306099891662598,6.6096,7.2786,34.605,27.1765,25.0079,1.1535,2026-08-09
swsh3-181,Rhyperior V,holofoil,Darkness Ablaze,181,Rare Ultra,Eske Yoshinob,Basic|V,464,Pokémon,2020/08/14,"tcgplayer,cardmarket",https://prices.pokemontcg.io/tcgplayer/swsh3-181,https://images.pokemontcg.io/swsh3/181_hires.png,2026/08/08,2025/11/18,2.94,1.7699999809265137,3.0,31.15999984741211,,,,,,3.8181,1.7302,3.6566,0.0,4.440999984741211,4.0257,4.4294,6.9095,7.3709,7.244,1.1535,2026-08-09
sm12-195,Lana's Fishing Rod,normal,Cosmic Eclipse,195,Uncommon,Eske Yoshinob,Item,,Trainer,2019/11/01,"tcgplayer,cardmarket",https://prices.pokemontcg.io/tcgplayer/sm12-195,https://images.pokemontcg.io/sm12/195_hires.png,2026/08/08,2025/11/18,0.26,0.10999999940395355,0.27000001072883606,19.979999542236328,,0.59,,,,0.1269,0.0231,0.1269,1.0151,0.15000000596046448,0.1269,0.1269,1.0958,0.7959,0.5998,1.1535,2026-08-09
swsh2-197,Dragapult VMAX,holofoil,Rebel Clash,197,Rare Rainbow,aky CG Works,VMAX,887,Pokémon,2020/05/01,"tcgplayer,cardmarket",https://prices.pokemontcg.io/tcgplayer/swsh2-197,https://images.pokemontcg.io/swsh2/197_hires.png,2026/08/08,2025/11/18,23.96,19.0,24.030000686645508,165.39999389648438,,,,,,19.8517,5.1907,17.5909,0.0,8.07450008392334,19.3327,16.7604,17.3025,24.9617,25.7231,1.1535,2026-08-09
sm11-184,Silvally,holofoil,Unified Minds,184,Rare Holo,Eske Yoshinob,Stage 1,773,Pokémon,2019/08/02,"tcgplayer,cardmarket",https://prices.pokemontcg.io/tcgplayer/sm11-184,https://images.pokemontcg.io/sm11/184_hires.png,2026/08/08,2025/11/18,2.05,1.4199999570846558,2.25,25.299999237060547,,2.27,,,,2.7107,0.2307,2.4454,2.5031,3.4605000019073486,2.8722,2.3301,0.8651,2.134,1.984,1.1535,2026-08-09
xyp-XY185,Volcanion,holofoil,XY Black Star Promos,XY185,Promo,Hasuno,Basic,721,Pokémon,2013/10/12,"tcgplayer,cardmarket",https://prices.pokemontcg.io/tcgplayer/xyp-XY185,https://images.pokemontcg.io/xyp/XY185_hires.png,2026/08/08,2025/11/18,11.4,8.199999809265137,11.640000343322754,9999.0,,,,,,15.6184,10.2777,14.7994,0.0,11.465800285339355,16.299,13.5767,1.7302,2.9299,2.8722,1.1535,2026-08-09
smp-SM198,Bulbasaur,holofoil,SM Black Star Promos,SM198,Promo,MPC Film,Basic,1,Pokémon,2017/02/03,"tcgplayer,cardmarket",https://prices.pokemontcg.io/tcgplayer/smp-SM198,https://images.pokemontcg.io/smp/SM198_hires.png,2026/08/08,2025/11/18,13.34,14.010000228881836,42.4900016784668,93.9000015258789,,,,,,7.267,2.307,6.9556,0.0,4.613999843597412,7.094,7.0017,9.1127,6.8633,6.4481,1.1535,2026-08-09
sm12-196,Lillie's Full Force,normal,Cosmic Eclipse,196,Uncommon,kodama,Supporter,,Trainer,2019/11/01,"tcgplayer,cardmarket",https://prices.pokemontcg.io/tcgplayer/sm12-196,https://images.pokemontcg.io/sm12/196_hires.png,2026/08/08,2025/11/18,0.25,0.10000000149011612,0.25999999046325684,19.979999542236328,,1.22,,,,0.15,0.0231,0.1384,1.3957,0.10379999876022339,0.1384,0.1615,2.1801,0.9459,0.8305,1.1535,2026-08-09
swsh1-190,Morpeko V,holofoil,Sword & Shield,190,Rare Ultra,5ban Graphics,Basic|V,877,Pokémon,2020/02/07,"tcgplayer,cardmarket",https://prices.pokemontcg.io/tcgplayer/swsh1-190,https://images.pokemontcg.io/swsh1/190_hires.png,2026/08/08,2025/11/18,11.91,9.859999656677246,13.020000457763672,82.30999755859375,,,,,,6.7364,2.307,6.8056,0.0,5.652200222015381,6.6557,7.0594,13.7266,13.6228,12.5501,1.1535,2026-08-09
sm8-187,Net Ball,normal,Lost Thunder,187,Uncommon,Ryo Ueda,Item,,Trainer,2018/11/02,"tcgplayer,cardmarket",https://prices.pokemontcg.io/tcgplayer/sm8-187,https://images.pokemontcg.io/sm8/187_hires.png,2026/08/08,2025/11/18,1.64,0.8899999856948853,1.4900000095367432,6.0,,2.13,,,,1.1996,0.0346,1.1074,2.2955,1.153499960899353,1.4303,1.3611,0.6921,5.0523,3.2759,1.1535,2026-08-09
swsh4-187,Galarian Darmanitan VMAX,holofoil,Vivid Voltage,187,Rare Rainbow,5ban Graphics,VMAX,555,Pokémon,2020/11/13,"tcgplayer,cardmarket",https://prices.pokemontcg.io/tcgplayer/swsh4-187,https://images.pokemontcg.io/swsh4/187_hires.png,2026/08/08,2025/11/18,7.27,4.989999771118164,8.359999656677246,80.12000274658203,,,,,,11.5119,2.8838,11.0736,0.0,6.921000003814697,10.6237,8.7781,25.377,24.4311,24.0043,1.1535,2026-08-09
swsh2-198,Malamar VMAX,holofoil,Rebel Clash,198,Rare Rainbow,5ban Graphics,VMAX,687,Pokémon,2020/05/01,"tcgplayer,cardmarket",https://prices.pokemontcg.io/tcgplayer/swsh2-198,https://images.pokemontcg.io/swsh2/198_hires.png,2026/08/08,2025/11/18,8.15,6.989999771118164,8.760000228881836,67.1500015258789,,,,,,9.2049,4.614,9.7009,0.0,6.921000003814697,9.4472,12.181,23.0008,20.9476,18.3291,1.1535,2026-08-09
swsh2-199,Copperajah VMAX,holofoil,Rebel Clash,199,Rare Rainbow,5ban Graphics,VMAX,879,Pokémon,2020/05/01,"tcgplayer,cardmarket",https://prices.pokemontcg.io/tcgplayer/swsh2-199,https://images.pokemontcg.io/swsh2/199_hires.png,2026/08/08,2025/11/18,7.44,5.849999904632568,8.430000305175781,96.94999694824219,,,,,,10.1623,5.5945,10.6699,0.0,9.73550033569336,10.7276,12.1579,17.0141,21.4897,18.6521,1.1535,2026-08-09
xyp-XY186,Magearna,holofoil,XY Black Star Promos,XY186,Promo,Sanosuke Sakuma,Basic,801,Pokémon,2013/10/12,"tcgplayer,cardmarket",https://prices.pokemontcg.io/tcgplayer/xyp-XY186,https://images.pokemontcg.io/xyp/XY186_hires.png,2026/08/08,2025/11/18,30.49,27.0,34.880001068115234,69.94999694824219,,,,,,23.3122,11.5235,26.8766,0.0,34.547298431396484,26.9342,23.416,4.0257,4.5102,3.7258,1.1535,2026-08-09
sm11-185,Komala,normal,Unified Minds,185,Uncommon,Miki Tanaka,Basic,775,Pokémon,2019/08/02,"tcgplayer,cardmarket",https://prices.pokemontcg.io/tcgplayer/sm11-185,https://images.pokemontcg.io/sm11/185_hires.png,2026/08/08,2025/11/18,0.28,0.10000000149011612,0.2800000011920929,19.979999542236328,,0.57,,,,0.1384,0.0231,0.1269,0.4845,0.05770000070333481,0.1038,0.1269,0.5652,0.4037,0.3922,1.1535,2026-08-09
smp-SM199,Psyduck,holofoil,SM Black Star Promos,SM199,Promo,Framestore,Basic,54,Pokémon,2017/02/03,"tcgplayer,cardmarket",https://prices.pokemontcg.io/tcgplayer/smp-SM199,https://images.pokemontcg.io/smp/SM199_hires.png,2026/08/08,2025/11/18,9.02,8.100000381469727,10.0,9999.0,,,,,,6.4827,1.1535,6.8979,0.0,3.4605000019073486,7.4401,6.3904,1.1535,1.2919,1.4765,1.1535,2026-08-09
sm12-197,Lillie's Poké Doll,normal,Cosmic Eclipse,197,Uncommon,Studio Bora Inc.,Item,,Trainer,2019/11/01,"tcgplayer,cardmarket",https://prices.pokemontcg.io/tcgplayer/sm12-197,https://images.pokemontcg.io/sm12/197_hires.png,2026/08/08,2025/11/18,0.44,0.23999999463558197,0.44999998807907104,19.979999542236328,,1.91,,,,0.1615,0.0231,0.1384,1.2227,0.06920000165700912,0.1615,0.2192,0.4037,1.0151,0.819,1.1535,2026-08-09
swsh4-188,Pikachu VMAX,holofoil,Vivid Voltage,188,Rare Rainbow,aky CG Works,VMAX,25,Pokémon,2020/11/13,"tcgplayer,cardmarket",https://prices.pokemontcg.io/tcgplayer/swsh4-188,https://images.pokemontcg.io/swsh4/188_hires.png,2026/08/08,2025/11/18,196.93,144.99000549316406,200.25,1222.800048828125,,,,,,195.0799,68.0565,210.0177,0.0,138.69679260253906,179.8076,156.703,305.6775,351.0908,340.1325,1.1535,2026-08-09
swsh3-182,Crobat V,holofoil,Darkness Ablaze,182,Rare Ultra,PLANETA Mochizuki,Basic|V,169,Pokémon,2020/08/14,"tcgplayer,cardmarket",https://prices.pokemontcg.io/tcgplayer/swsh3-182,https://images.pokemontcg.io/swsh3/182_hires.png,2026/08/08,2025/11/18,2.72,2.0,3.180000066757202,69.94999694824219,,,,,,3.7258,1.0958,3.8296,0.0,3.691200017929077,3.8873,3.5528,23.07,15.6415,17.5447,1.1535,2026-08-09
sm8-187a,Net Ball,,Lost Thunder,187a,Uncommon,Ryo Ueda,Item,,Trainer,2018/11/02,cardmarket,https://prices.pokemontcg.io/cardmarket/sm8-187a,https://images.pokemontcg.io/sm8/187a_hires.png,,2025/11/18,,,,,,,,,,1.165,0.173,0.9228,0.0,1.0958000421524048,1.0266,1.165,0.0923,0.2422,0.3691,1.1535,2026-08-09
swsh1-191,Wobbuffet V,holofoil,Sword & Shield,191,Rare Ultra,Ayaka Yoshida,Basic|V,202,Pokémon,2020/02/07,"tcgplayer,cardmarket",https://prices.pokemontcg.io/tcgplayer/swsh1-191,https://images.pokemontcg.io/swsh1/191_hires.png,2026/08/08,2025/11/18,4.79,3.990000009536743,5.289999961853027,96.94999694824219,,,,,,6.5057,2.307,6.7249,0.0,8.07450008392334,6.4827,6.4942,14.984,10.3123,9.1357,1.1535,2026-08-09
swsh2-200,Boss's Orders,holofoil,Rebel Clash,200,Rare Rainbow,nagimiso,Supporter,,Trainer,2020/05/01,"tcgplayer,cardmarket",https://prices.pokemontcg.io/tcgplayer/swsh2-200,https://images.pokemontcg.io/swsh2/200_hires.png,2026/08/08,2025/11/18,45.61,38.97999954223633,49.4900016784668,369.7300109863281,,,,,,29.9103,17.3025,31.8366,0.0,23.06999969482422,29.5873,30.7292,40.361,28.6183,32.8286,1.1535,2026-08-09
sm12-198,Mallow & Lana,normal,Cosmic Eclipse,198,Uncommon,Ken Sugimori,Supporter|TAG TEAM,,Trainer,2019/11/01,"tcgplayer,cardmarket",https://prices.pokemontcg.io/tcgplayer/sm12-198,https://images.pokemontcg.io/sm12/198_hires.png,2026/08/08,2025/11/18,0.31,0.17000000178813934,0.36000001430511475,18.959999084472656,,1.26,,,,0.4268,0.0231,0.4153,0.7728,0.34599998593330383,0.5537,0.3807,2.7569,0.9343,1.0266,1.1535,2026-08-09
smp-SM200,Snubbull,holofoil,SM Black Star Promos,SM200,Promo,Framestore,Basic,209,Pokémon,2017/02/03,"tcgplayer,cardmarket",https://prices.pokemontcg.io/tcgplayer/smp-SM200,https://images.pokemontcg.io/smp/SM200_hires.png,2026/08/08,2025/11/18,1.23,0.6800000071525574,1.2300000190734863,19.979999542236328,,,,,,3.622,0.5652,2.7107,0.0,0.46140000224113464,3.2875,3.2067,3.4605,4.3141,3.622,1.1535,2026-08-09
swsh3-183,Scizor V,holofoil,Darkness Ablaze,183,Rare Ultra,Satoshi Shirai,Basic|V,212,Pokémon,2020/08/14,"tcgplayer,cardmarket",https://prices.pokemontcg.io/tcgplayer/swsh3-183,https://images.pokemontcg.io/swsh3/183_hires.png,2026/08/08,2025/11/18,4.1,3.4000000953674316,4.989999771118164,38.540000915527344,,,,,,7.3593,2.0302,6.3673,0.0,4.5447998046875,4.4986,6.0905,10.0354,10.4161,9.9201,1.1535,2026-08-09
sm8-188,Professor Elm's Lecture,normal,Lost Thunder,188,Uncommon,Hideki Ishikawa,Supporter,,Trainer,2018/11/02,"tcgplayer,cardmarket",https://prices.pokemontcg.io/tcgplayer/sm8-188,https://images.pokemontcg.io/sm8/188_hires.png,2026/08/08,2025/11/18,0.86,0.3499999940395355,0.8500000238418579,2.990000009536743,,2.43,,,,25.3539,10.3815,21.9626,0.0,25.353900909423828,19.3788,9.8509,6.921,8.7435,7.0479,1.1535,2026-08-09
swsh1-192,Indeedee V,holofoil,Sword & Shield,192,Rare Ultra,5ban Graphics,Basic|V,876,Pokémon,2020/02/07,"tcgplayer,cardmarket",https://prices.pokemontcg.io/tcgplayer/swsh1-192,https://images.pokemontcg.io/swsh1/192_hires.png,2026/08/08,2025/11/18,2.0,1.2000000476837158,2.190000057220459,20.0,,,,,,4.5563,1.142,4.787,0.0,4.014200210571289,4.7178,4.3141,8.8704,9.1011,8.4552,1.1535,2026-08-09
xyp-XY187,Celebi,holofoil,XY Black Star Promos,XY187,Promo,Tomokazu Komiya,Basic,251,Pokémon,2013/10/12,"tcgplayer,cardmarket",https://prices.pokemontcg.io/tcgplayer/xyp-XY187,https://images.pokemontcg.io/xyp/XY187_hires.png,2026/08/08,2025/11/18,25.53,13.5,25.81999969482422,339.8999938964844,,,,,,20.5092,13.842,20.7399,0.0,18.45599937438965,16.4143,14.8571,3.449,4.5563,2.6761,1.1535,2026-08-09
swsh4-189,Coalossal VMAX,holofoil,Vivid Voltage,189,Rare Rainbow,5ban Graphics,VMAX,839,Pokémon,2020/11/13,"tcgplayer,cardmarket",https://prices.pokemontcg.io/tcgplayer/swsh4-189,https://images.pokemontcg.io/swsh4/189_hires.png,2026/08/08,2025/11/18,6.44,5.559999942779541,7.610000133514404,56.880001068115234,,,,,,8.2937,3.4605,7.6246,0.0,6.921000003814697,8.905,7.417,28.2607,35.0549,28.6875,1.1535,2026-08-09
sm11-186,Blaine's Quiz Show,normal,Unified Minds,186,Uncommon,Megumi Mizutani,Supporter,,Trainer,2019/08/02,"tcgplayer,cardmarket",https://prices.pokemontcg.io/tcgplayer/sm11-186,https://images.pokemontcg.io/sm11/186_hires.png,2026/08/08,2025/11/18,0.32,0.11999999731779099,0.3199999928474426,17.979999542236328,,0.5,,,,0.2768,0.0231,0.2422,1.0612,0.1615000069141388,0.323,0.2076,1.1535,0.9343,0.6229,1.1535,2026-08-09
swsh2-201,Milo,holofoil,Rebel Clash,201,Rare Rainbow,Hitoshi Ariga,Supporter,,Trainer,2020/05/01,"tcgplayer,cardmarket",https://prices.pokemontcg.io/tcgplayer/swsh2-201,https://images.pokemontcg.io/swsh2/201_hires.png,2026/08/08,2025/11/18,6.84,5.989999771118164,7.489999771118164,79.0,,,,,,6.7941,1.7302,7.8553,0.0,8.062999725341797,6.8979,7.6131,14.9955,15.2031,13.4844,1.1535,2026-08-09
sm10-183,Power Plant,normal,Unbroken Bonds,183,Uncommon,aky CG Works,Stadium,,Trainer,2019/05/03,"tcgplayer,cardmarket",https://prices.pokemontcg.io/tcgplayer/sm10-183,https://images.pokemontcg.io/sm10/183_hires.png,2026/08/08,2025/11/18,0.2,0.07999999821186066,0.25,19.979999542236328,,0.38,,,,0.2422,0.0231,0.2192,0.4614,0.23070000112056732,0.3345,0.2307,0.4614,0.6575,0.7844,1.1535,2026-08-09
smp-SM201,Reshiram & Charizard-GX,holofoil,SM Black Star Promos,SM201,Promo,Ryota Murayama,Basic|TAG TEAM|GX,6|643,Pokémon,2017/02/03,"tcgplayer,cardmarket",https://prices.pokemontcg.io/tcgplayer/smp-SM201,https://images.pokemontcg.io/smp/SM201_hires.png,2026/08/08,2025/11/18,186.12,104.0,139.99000549316406,872.4000244140625,,,,,,84.0325,34.4666,93.1797,0.0,66.32630157470703,71.2402,111.8664,16.149,18.1792,20.1863,1.1535,2026-08-09
sm12-199,Misty & Lorelei,normal,Cosmic Eclipse,199,Uncommon,Megumi Mizutani,Supporter|TAG TEAM,,Trainer,2019/11/01,"tcgplayer,cardmarket",https://prices.pokemontcg.io/tcgplayer/sm12-199,https://images.pokemontcg.io/sm12/199_hires.png,2026/08/08,2025/11/18,0.48,0.20000000298023224,0.5199999809265137,19.979999542236328,,4.83,,,,0.2653,0.0346,0.3691,0.9805,0.57669997215271,0.2884,0.2538,3.3336,1.4073,1.1304,1.1535,2026-08-09
sm8-188a,Professor Elm's Lecture,,Lost Thunder,188a,Uncommon,nagimiso,Supporter,,Trainer,2018/11/02,cardmarket,https://prices.pokemontcg.io/cardmarket/sm8-188a,https://images.pokemontcg.io/sm8/188a_hires.png,,2025/11/18,,,,,,,,,,8.0745,2.307,6.1712,0.0,8.07450008392334,6.598,5.5137,2.2955,2.653,2.2147,1.1535,2026-08-09
xyp-XY188,Shaymin,holofoil,XY Black Star Promos,XY188,Promo,Ken Sugimori,Basic,492,Pokémon,2013/10/12,"tcgplayer,cardmarket",https://prices.pokemontcg.io/tcgplayer/xyp-XY188,https://images.pokemontcg.io/xyp/XY188_hires.png,2026/08/08,2025/11/18,12.17,6.800000190734863,13.6899995803833,52.099998474121094,,,,,,2.48,1.7302,3.472,0.0,4.3256001472473145,2.8607,2.9414,0.3114,0.9113,1.1535,1.1535,2026-08-09
swsh3-184,Galarian Stunfisk V,holofoil,Darkness Ablaze,184,Rare Ultra,PLANETA Tsuji,Basic|V,618,Pokémon,2020/08/14,"tcgplayer,cardmarket",https://prices.pokemontcg.io/tcgplayer/swsh3-184,https://images.pokemontcg.io/swsh3/184_hires.png,2026/08/08,2025/11/18,1.52,0.9800000190734863,1.840000033378601,25.0,,,,,,2.7915,1.0381,2.457,0.0,2.8838000297546387,2.4916,2.953,11.535,8.7205,9.4472,1.1535,2026-08-09
swsh4-190,Aegislash VMAX,holofoil,Vivid Voltage,190,Rare Rainbow,aky CG Works,VMAX,681,Pokémon,2020/11/13,"tcgplayer,cardmarket",https://prices.pokemontcg.io/tcgplayer/swsh4-190,https://images.pokemontcg.io/swsh4/190_hires.png,2026/08/08,2025/11/18,6.56,5.670000076293945,8.25,122.48999786376953,,,,,,9.6548,5.7675,10.393,0.0,9.79319953918457,9.0434,8.7205,25.9537,29.2643,26.0345,1.1535,2026-08-09
sm11-187,Blizzard Town,normal,Unified Minds,187,Uncommon,Ryo Ueda,Stadium,,Trainer,2019/08/02,"tcgplayer,cardmarket",https://prices.pokemontcg.io/tcgplayer/sm11-187,https://images.pokemontcg.io/sm11/187_hires.png,2026/08/08,2025/11/18,0.25,0.10000000149011612,0.25,19.979999542236328,,0.39,,,,0.2653,0.0231,0.1961,0.4845,0.05770000070333481,0.2768,0.2192,0.4037,0.4037,0.3345,1.1535,2026-08-09
swsh1-193,Stonjourner V,holofoil,Sword & Shield,193,Rare Ultra,5ban Graphics,Basic|V,874,Pokémon,2020/02/07,"tcgplayer,cardmarket",https://prices.pokemontcg.io/tcgplayer/swsh1-193,https://images.pokemontcg.io/swsh1/193_hires.png,2026/08/08,2025/11/18,1.96,1.0,2.130000114440918,20.0,,,,,,4.7178,1.7187,4.5333,0.0,2.8722000122070312,3.8758,4.3487,7.4977,8.2475,8.6512,1.1535,2026-08-09
swsh2-202,Oleana,holofoil,Rebel Clash,202,Rare Rainbow,kirisAki,Supporter,,Trainer,2020/05/01,"tcgplayer,cardmarket",https://prices.pokemontcg.io/tcgplayer/swsh2-202,https://images.pokemontcg.io/swsh2/202_hires.png,2026/08/08,2025/11/18,7.5,5.710000038146973,7.900000095367432,49.9900016784668,,,,,,7.6938,2.8838,8.0976,0.0,7.174799919128418,8.086,8.8704,16.149,21.9511,16.9911,1.1535,2026-08-09
sm10-184,Red's Challenge,holofoil,Unbroken Bonds,184,Rare Holo,Megumi Mizutani,Supporter,,Trainer,2019/05/03,"tcgplayer,cardmarket",https://prices.pokemontcg.io/tcgplayer/sm10-184,https://images.pokemontcg.io/sm10/184_hires.png,2026/08/08,2025/11/18,0.62,0.25,0.6200000047683716,19.979999542236328,,0.83,,,,0.5306,0.1154,0.5767,0.9113,0.8073999881744385,0.5883,0.5537,0.2884,0.8305,0.9574,1.1535,2026-08-09
smp-SM202,Amoonguss,holofoil,SM Black Star Promos,SM202,Promo,MAHOU,Stage 1,591,Pokémon,2017/02/03,"tcgplayer,cardmarket",https://prices.pokemontcg.io/tcgplayer/smp-SM202,https://images.pokemontcg.io/smp/SM202_hires.png,2026/08/08,2025/11/18,4.77,3.25,6.269999980926514,19.989999771118164,,,,,,6.1251,2.8838,6.6211,0.0,4.025700092315674,5.0639,6.4827,1.6149,5.9405,3.8988,1.1535,2026-08-09
sm12-200,N's Resolve,normal,Cosmic Eclipse,200,Uncommon,Ryuta Fuse,Supporter,,Trainer,2019/11/01,"tcgplayer,cardmarket",https://prices.pokemontcg.io/tcgplayer/sm12-200,https://images.pokemontcg.io/sm12/200_hires.png,2026/08/08,2025/11/18,0.26,0.10000000149011612,0.2800000011920929,19.979999542236328,,1.37,,,,0.1846,0.0231,0.1615,0.9805,0.17299999296665192,0.1038,0.1615,0.6344,0.8074,0.7152,1.1535,2026-08-09
sm11-188,Blue's Tactics,normal,Unified Minds,188,Uncommon,Megumi Mizutani,Supporter,,Trainer,2019/08/02,"tcgplayer,cardmarket",https://prices.pokemontcg.io/tcgplayer/sm11-188,https://images.pokemontcg.io/sm11/188_hires.png,2026/08/08,2025/11/18,0.3,0.07000000029802322,0.30000001192092896,19.979999542236328,,0.53,,,,0.346,0.0231,0.2192,0.4845,0.28839999437332153,0.2192,0.2653,0.173,0.7267,0.5767,1.1535,2026-08-09
swsh4-191,Togekiss VMAX,holofoil,Vivid Voltage,191,Rare Rainbow,5ban Graphics,VMAX,468,Pokémon,2020/11/13,"tcgplayer,cardmarket",https://prices.pokemontcg.io/tcgplayer/swsh4-191,https://images.pokemontcg.io/swsh4/191_hires.png,2026/08/08,2025/11/18,13.02,9.789999961853027,13.579999923706055,92.0,,,,,,11.1889,5.7675,10.8429,0.0,9.15880012512207,11.2351,9.4241,33.4515,35.6201,30.66,1.1535,2026-08-09
xyp-XY189,Victini,holofoil,XY Black Star Promos,XY189,Promo,Ken Sugimori,Basic,494,Pokémon,2013/10/12,"tcgplayer,cardmarket",https://prices.pokemontcg.io/tcgplayer/xyp-XY189,https://images.pokemontcg.io/xyp/XY189_hires.png,2026/08/08,2025/11/18,7.85,2.5999999046325684,5.289999961853027,73.69000244140625,,,,,,1.315,0.5767,1.5457,0.0,1.153499960899353,1.1996,1.6726,0.8651,1.1304,0.9228,1.1535,2026-08-09
swsh1-194,Sableye V,holofoil,Sword & Shield,194,Rare Ultra,Eske Yoshinob,Basic|V,302,Pokémon,2020/02/07,"tcgplayer,cardmarket",https://prices.pokemontcg.io/tcgplayer/swsh1-194,https://images.pokemontcg.io/swsh1/194_hires.png,2026/08/08,2025/11/18,13.07,11.899999618530273,13.5,95.37000274658203,,,,,,6.8864,1.7302,7.071,0.0,6.321199893951416,7.1748,7.244,11.2466,10.5084,11.0851,1.1535,2026-08-09
swsh3-185,Salamence V,holofoil,Darkness Ablaze,185,Rare Ultra,Saki Hayashiro,Basic|V,373,Pokémon,2020/08/14,"tcgplayer,cardmarket",https://prices.pokemontcg.io/tcgplayer/swsh3-185,https://images.pokemontcg.io/swsh3/185_hires.png,2026/08/08,2025/11/18,3.63,2.299999952316284,4.230000019073486,96.94999694824219,,,,,,5.6868,1.7302,6.1251,0.0,7.9475998878479,6.5288,6.3096,6.8864,7.6362,8.1322,1.1535,2026-08-09
sm8-189,Sightseer,normal,Lost Thunder,189,Uncommon,Naoki Saito,Supporter,,Trainer,2018/11/02,"tcgplayer,cardmarket",https://prices.pokemontcg.io/tcgplayer/sm8-189,https://images.pokemontcg.io/sm8/189_hires.png,2026/08/08,2025/11/18,0.38,0.10000000149011612,0.3700000047683716,19.979999542236328,,2.22,,,,0.173,0.0231,0.2538,0.646,0.03460000082850456,0.173,0.2076,0.5767,0.9805,1.2112,1.1535,2026-08-09
swsh2-203,Sonia,holofoil,Rebel Clash,203,Rare Rainbow,Naoki Saito,Supporter,,Trainer,2020/05/01,"tcgplayer,cardmarket",https://prices.pokemontcg.io/tcgplayer/swsh2-203,https://images.pokemontcg.io/swsh2/203_hires.png,2026/08/08,2025/11/18,13.63,12.0,14.970000267028809,127.02999877929688,,,,,,16.0337,4.614,16.5181,0.0,10.946700096130371,17.0833,12.9077,27.684,30.1986,25.6308,1.1535,2026-08-09
sm10-185,Samson Oak,normal,Unbroken Bonds,185,Uncommon,Masakazu Fukuda,Supporter,,Trainer,2019/05/03,"tcgplayer,cardmarket",https://prices.pokemontcg.io/tcgplayer/sm10-185,https://images.pokemontcg.io/sm10/185_hires.png,2026/08/08,2025/11/18,0.21,0.03999999910593033,0.23000000417232513,19.979999542236328,,0.43,,,,0.1038,0.0231,0.1038,0.4383,0.05770000070333481,0.1154,0.1154,0.5767,0.4037,0.4153,1.1535,2026-08-09
smp-SM203,Tapu Fini,holofoil,SM Black Star Promos,SM203,Promo,Ryuta Fuse,Basic,788,Pokémon,2017/02/03,"tcgplayer,cardmarket",https://prices.pokemontcg.io/tcgplayer/smp-SM203,https://images.pokemontcg.io/smp/SM203_hires.png,2026/08/08,2025/11/18,4.27,3.0,3.9200000762939453,60.5,,,,,,6.1943,2.2955,3.5989,0.0,2.8722000122070312,4.6601,9.7471,5.6522,4.0488,4.5333,1.1535,2026-08-09
sm12-201,Professor Oak's Setup,normal,Cosmic Eclipse,201,Uncommon,Megumi Mizutani,Supporter,,Trainer,2019/11/01,"tcgplayer,cardmarket",https://prices.pokemontcg.io/tcgplayer/sm12-201,https://images.pokemontcg.io/sm12/201_hires.png,2026/08/08,2025/11/18,0.17,0.10000000149011612,0.20999999344348907,19.979999542236328,,0.67,,,,0.1154,0.0231,0.1384,0.7498,0.17299999296665192,0.1615,0.1269,0.8651,0.5883,0.7036,1.1535,2026-08-09
xyp-XY190,Manaphy,holofoil,XY Black Star Promos,XY190,Promo,Ken Sugimori,Basic,490,Pokémon,2013/10/12,"tcgplayer,cardmarket",https://prices.pokemontcg.io/tcgplayer/xyp-XY190,https://images.pokemontcg.io/xyp/XY190_hires.png,2026/08/08,2025/11/18,6.86,2.0899999141693115,7.96999979019165,96.94999694824219,,,,,,2.7223,0.5191,2.0302,0.0,1.61489999294281,1.9956,1.6149,0.1154,0.9459,0.7613,1.1535,2026-08-09
sm11-189,Bug Catcher,normal,Unified Minds,189,Uncommon,kirisAki,Supporter,,Trainer,2019/08/02,"tcgplayer,cardmarket",https://prices.pokemontcg.io/tcgplayer/sm11-189,https://images.pokemontcg.io/sm11/189_hires.png,2026/08/08,2025/11/18,0.24,0.03999999910593033,0.23999999463558197,2.390000104904175,,0.42,,,,0.0923,0.0231,0.1154,0.0,0.09229999780654907,0.0923,0.1384,0.0,0.0,0.0,1.1535,2026-08-09
swsh3-186,Kabu,holofoil,Darkness Ablaze,186,Rare Ultra,Hitoshi Ariga,Supporter,,Trainer,2020/08/14,"tcgplayer,cardmarket",https://prices.pokemontcg.io/tcgplayer/swsh3-186,https://images.pokemontcg.io/swsh3/186_hires.png,2026/08/08,2025/11/18,1.3,0.75,1.5299999713897705,30.0,,,,,,2.4454,1.142,2.3531,0.0,2.0762999057769775,2.1916,2.4916,6.921,7.7169,7.8092,1.1535,2026-08-09
swsh4-192,Allister,holofoil,Vivid Voltage,192,Rare Rainbow,Sanosuke Sakuma,Supporter,,Trainer,2020/11/13,"tcgplayer,cardmarket",https://prices.pokemontcg.io/tcgplayer/swsh4-192,https://images.pokemontcg.io/swsh4/192_hires.png,2026/08/08,2025/11/18,4.77,3.5,5.25,12.989999771118164,,,,,,7.3132,4.3833,7.3593,0.0,6.86329984664917,6.9902,7.0017,28.7798,42.4488,31.7789,1.1535,2026-08-09
sm8-189a,Sightseer,,Lost Thunder,189a,Uncommon,Naoki Saito,Supporter,,Trainer,2018/11/02,cardmarket,https://prices.pokemontcg.io/cardmarket/sm8-189a,https://images.pokemontcg.io/sm8/189a_hires.png,,2025/11/18,,,,,,,,,,2.7915,0.15,3.2644,0.0,0.4499000012874603,3.1952,3.1491,0.5767,0.5767,0.5767,1.1535,2026-08-09
swsh1-195,Zacian V,holofoil,Sword & Shield,195,Rare Ultra,5ban Graphics,Basic|V,888,Pokémon,2020/02/07,"tcgplayer,cardmarket",https://prices.pokemontcg.io/tcgplayer/swsh1-195,https://images.pokemontcg.io/swsh1/195_hires.png,2026/08/08,2025/11/18,6.32,5.0,6.78000020980835,95.05000305175781,,,,,,6.9787,4.0142,6.425,0.0,4.613999843597412,6.3904,7.4055,23.6468,22.7009,25.1924,1.1535,2026-08-09
swsh2-204,Frosmoth,holofoil,Rebel Clash,204,Rare Secret,PLANETA Tsuji,Stage 1,873,Pokémon,2020/05/01,"tcgplayer,cardmarket",https://prices.pokemontcg.io/tcgplayer/swsh2-204,https://images.pokemontcg.io/swsh2/204_hires.png,2026/08/08,2025/11/18,14.12,13.819999694824219,15.829999923706055,110.19000244140625,,,,,,13.5652,6.3442,12.4463,0.0,5.75600004196167,12.3194,12.1117,43.2216,40.2918,42.691,1.1535,2026-08-09
smp-SM204,Necrozma,holofoil,SM Black Star Promos,SM204,Promo,Hasuno,Basic,800,Pokémon,2017/02/03,"tcgplayer,cardmarket",https://prices.pokemontcg.io/tcgplayer/smp-SM204,https://images.pokemontcg.io/smp/SM204_hires.png,2026/08/08,2025/11/18,7.09,6.0,7.0,125.0,,,,,,13.7382,5.6522,16.6219,0.0,5.190700054168701,11.5004,11.3043,4.614,5.8713,4.787,1.1535,2026-08-09
sm12-202,Red & Blue,normal,Cosmic Eclipse,202,Uncommon,Megumi Mizutani,Supporter|TAG TEAM,,Trainer,2019/11/01,"tcgplayer,cardmarket",https://prices.pokemontcg.io/tcgplayer/sm12-202,https://images.pokemontcg.io/sm12/202_hires.png,2026/08/08,2025/11/18,0.39,0.15000000596046448,0.44999998807907104,19.540000915527344,,2.74,,,,0.2884,0.0231,0.3345,1.8802,0.17299999296665192,0.3576,0.3114,4.6025,1.8456,1.984,1.1535,2026-08-09
sm10-186,Stealthy Hood,normal,Unbroken Bonds,186,Uncommon,Ryo Ueda,Pokémon Tool,,Trainer,2019/05/03,"tcgplayer,cardmarket",https://prices.pokemontcg.io/tcgplayer/sm10-186,https://images.pokemontcg.io/sm10/186_hires.png,2026/08/08,2025/11/18,0.28,0.15000000596046448,0.28999999165534973,19.979999542236328,,0.49,,,,0.2653,0.0231,0.2307,0.346,0.28839999437332153,0.3114,0.2076,0.5767,0.3922,0.5883,1.1535,2026-08-09
xyp-XY191,Keldeo,holofoil,XY Black Star Promos,XY191,Promo,Hajime Kusajima,Basic,647,Pokémon,2013/10/12,"tcgplayer,cardmarket",https://prices.pokemontcg.io/tcgplayer/xyp-XY191,https://images.pokemontcg.io/xyp/XY191_hires.png,2026/08/08,2025/11/18,3.69,1.1100000143051147,3.690000057220459,9.989999771118164,,,,,,1.0728,0.5767,1.3265,0.0,0.8651000261306763,1.0497,1.3381,0.5652,0.8651,0.819,1.1535,2026-08-09
sm11-190,Channeler,normal,Unified Minds,190,Uncommon,TOKIYA,Supporter,,Trainer,2019/08/02,"tcgplayer,cardmarket",https://prices.pokemontcg.io/tcgplayer/sm11-190,https://images.pokemontcg.io/sm11/190_hires.png,2026/08/08,2025/11/18,0.23,0.07999999821186066,0.25,19.979999542236328,,0.47,,,,0.2422,0.0231,0.2307,0.0,0.04610000178217888,0.2653,0.2538,0.7498,0.5883,0.6229,1.1535,2026-08-09
swsh1-196,Zamazenta V,holofoil,Sword & Shield,196,Rare Ultra,aky CG Works,Basic|V,889,Pokémon,2020/02/07,"tcgplayer,cardmarket",https://prices.pokemontcg.io/tcgplayer/swsh1-196,https://images.pokemontcg.io/swsh1/196_hires.png,2026/08/08,2025/11/18,4.99,4.75,5.369999885559082,96.94999694824219,,,,,,6.6788,3.4605,8.0168,0.0,6.344200134277344,9.3318,7.1632,15.5723,20.3016,22.1818,1.1535,2026-08-09
swsh4-193,Bea,holofoil,Vivid Voltage,193,Rare Rainbow,Hideki Ishikawa,Supporter,,Trainer,2020/11/13,"tcgplayer,cardmarket",https://prices.pokemontcg.io/tcgplayer/swsh4-193,https://images.pokemontcg.io/swsh4/193_hires.png,2026/08/08,2025/11/18,6.85,5.730000019073486,7.300000190734863,49.95000076293945,,,,,,8.4321,4.6025,8.2475,0.0,8.07450008392334,7.4285,7.9245,36.2199,40.6032,40.9262,1.1535,2026-08-09
swsh3-187,Piers,holofoil,Darkness Ablaze,187,Rare Ultra,kirisAki,Supporter,,Trainer,2020/08/14,"tcgplayer,cardmarket",https://prices.pokemontcg.io/tcgplayer/swsh3-187,https://images.pokemontcg.io/swsh3/187_hires.png,2026/08/08,2025/11/18,2.35,1.5,2.5999999046325684,94.38999938964844,,,,,,3.2413,1.0266,3.5066,0.0,4.221799850463867,3.8181,3.1375,11.535,10.866,10.6237,1.1535,2026-08-09
sm8-190,Spell Tag,normal,Lost Thunder,190,Uncommon,Ayaka Yoshida,Pokémon Tool,,Trainer,2018/11/02,"tcgplayer,cardmarket",https://prices.pokemontcg.io/tcgplayer/sm8-190,https://images.pokemontcg.io/sm8/190_hires.png,2026/08/08,2025/11/18,0.41,0.10000000149011612,0.4099999964237213,5.0,,1.33,,,,0.3345,0.0231,0.323,0.5075,0.17299999296665192,0.3691,0.4268,0.5075,0.9805,1.0497,1.1535,2026-08-09
swsh2-205,Galarian Perrserker,holofoil,Rebel Clash,205,Rare Secret,PLANETA Tsuji,Stage 1,863,Pokémon,2020/05/01,"tcgplayer,cardmarket",https://prices.pokemontcg.io/tcgplayer/swsh2-205,https://images.pokemontcg.io/swsh2/205_hires.png,2026/08/08,2025/11/18,9.95,8.989999771118164,11.239999771118164,103.76000213623047,,,,,,11.9387,4.614,13.0807,0.0,16.71419906616211,11.685,12.527,31.1445,36.762,35.5163,1.1535,2026-08-09
sm12-203,Roller Skater,normal,Cosmic Eclipse,203,Uncommon,Yusuke Ohmura,Supporter,,Trainer,2019/11/01,"tcgplayer,cardmarket",https://prices.pokemontcg.io/tcgplayer/sm12-203,https://images.pokemontcg.io/sm12/203_hires.png,2026/08/08,2025/11/18,0.15,0.05000000074505806,0.20000000298023224,19.979999542236328,,0.48,,,,0.1269,0.0231,0.1154,0.6921,0.023099999874830246,0.1615,0.1154,1.142,0.7267,0.5075,1.1535,2026-08-09
smp-SM205,Terrakion,holofoil,SM Black Star Promos,SM205,Promo,Shin Nagasawa,Basic,639,Pokémon,2017/02/03,"tcgplayer,cardmarket",https://prices.pokemontcg.io/tcgplayer/smp-SM205,https://images.pokemontcg.io/smp/SM205_hires.png,2026/08/08,2025/11/18,2.86,2.5,3.5799999237060547,34.84000015258789,,,,,,6.5634,2.307,10.2546,0.0,3.4489998817443848,12.2156,6.6788,8.4321,7.3824,4.0026,1.1535,2026-08-09
sm10-187,Surprise Box,normal,Unbroken Bonds,187,Uncommon,Ryo Ueda,Item,,Trainer,2019/05/03,"tcgplayer,cardmarket",https://prices.pokemontcg.io/tcgplayer/sm10-187,https://images.pokemontcg.io/sm10/187_hires.png,2026/08/08,2025/11/18,2.54,0.5199999809265137,2.559999942779541,19.040000915527344,,22.33,,,,0.1615,0.0231,0.1615,1.5457,0.28839999437332153,0.1384,0.1615,0.496,0.5306,1.1189,1.1535,2026-08-09
xyp-XY192,Mew,holofoil,XY Black Star Promos,XY192,Promo,Saya Tsuruta,Basic,151,Pokémon,2013/10/12,"tcgplayer,cardmarket",https://prices.pokemontcg.io/tcgplayer/xyp-XY192,https://images.pokemontcg.io/xyp/XY192_hires.png,2026/08/08,2025/11/18,101.69,69.19999694824219,139.47999572753906,745.47998046875,,,,,,37.4541,6.921,40.2687,0.0,63.442501068115234,36.3006,34.8588,14.9955,14.984,12.6885,1.1535,2026-08-09
swsh4-194,Beauty,holofoil,Vivid Voltage,194,Rare Rainbow,kirisAki,Supporter,,Trainer,2020/11/13,"tcgplayer,cardmarket",https://prices.pokemontcg.io/tcgplayer/swsh4-194,https://images.pokemontcg.io/swsh4/194_hires.png,2026/08/08,2025/11/18,5.26,3.069999933242798,5.78000020980835,53.29999923706055,,,,,,8.4321,3.4605,9.5164,0.0,8.07450008392334,6.8287,7.5324,35.7585,29.9103,30.983,1.1535,2026-08-09
sm11-191,Cherish Ball,normal,Unified Minds,191,Uncommon,5ban Graphics,Item,,Trainer,2019/08/02,"tcgplayer,cardmarket",https://prices.pokemontcg.io/tcgplayer/sm11-191,https://images.pokemontcg.io/sm11/191_hires.png,2026/08/08,2025/11/18,0.29,0.09000000357627869,0.3100000023841858,19.979999542236328,,0.74,,,,0.4383,0.0231,0.15,1.3727,0.09229999780654907,0.2192,0.4037,0.5652,0.9805,1.1766,1.1535,2026-08-09
swsh3-188,Pokémon Breeder's Nurturing,holofoil,Darkness Ablaze,188,Rare Ultra,kirisAki,Supporter,,Trainer,2020/08/14,"tcgplayer,cardmarket",https://prices.pokemontcg.io/tcgplayer/swsh3-188,https://images.pokemontcg.io/swsh3/188_hires.png,2026/08/08,2025/11/18,2.93,1.6100000143051147,3.0,25.0,,,,,,3.7719,1.3842,3.7027,0.0,3.7488999366760254,3.5412,3.7373,5.756,7.9822,7.7861,1.1535,2026-08-09
sm8-191,Thunder Mountain ◇,holofoil,Lost Thunder,191,Rare Prism Star,5ban Graphics,Stadium|Prism Star,,Trainer,2018/11/02,"tcgplayer,cardmarket",https://prices.pokemontcg.io/tcgplayer/sm8-191,https://images.pokemontcg.io/sm8/191_hires.png,2026/08/08,2025/11/18,1.81,0.75,1.7599999904632568,29.989999771118164,,,,,,1.7879,0.5767,1.661,0.0,1.7302000522613525,1.5688,1.9609,1.1535,0.8305,1.811,1.1535,2026-08-09
swsh1-197,Snorlax V,holofoil,Sword & Shield,197,Rare Ultra,aky CG Works,Basic|V,143,Pokémon,2020/02/07,"tcgplayer,cardmarket",https://prices.pokemontcg.io/tcgplayer/swsh1-197,https://images.pokemontcg.io/swsh1/197_hires.png,2026/08/08,2025/11/18,35.97,27.559999465942383,36.209999084472656,323.7300109863281,,,,,,19.4711,3.449,19.6902,0.0,18.444499969482422,18.5252,18.5944,27.5686,20.8668,19.5634,1.1535,2026-08-09
sm12-204,Rosa,holofoil,Cosmic Eclipse,204,Rare Holo,Yusuke Ohmura,Supporter,,Trainer,2019/11/01,"tcgplayer,cardmarket",https://prices.pokemontcg.io/tcgplayer/sm12-204,https://images.pokemontcg.io/sm12/204_hires.png,2026/08/08,2025/11/18,3.47,2.440000057220459,3.5,7.989999771118164,,3.41,,,,3.7835,0.8651,3.7258,3.4605,2.9990999698638916,4.0949,3.5182,2.8838,3.8758,3.8065,1.1535,2026-08-09
swsh2-206,Big Charm,holofoil,Rebel Clash,206,Rare Secret,inose yukie,Pokémon Tool,,Trainer,2020/05/01,"tcgplayer,cardmarket",https://prices.pokemontcg.io/tcgplayer/swsh2-206,https://images.pokemontcg.io/swsh2/206_hires.png,2026/08/08,2025/11/18,2.56,1.8899999856948853,2.869999885559082,24.950000762939453,,,,,,6.3442,1.1535,6.4135,0.0,5.190700054168701,6.6672,5.6868,11.5235,12.4347,10.9929,1.1535,2026-08-09
smp-SM206,Pikachu,holofoil,SM Black Star Promos,SM206,Promo,Akira Komayama,Basic,25,Pokémon,2017/02/03,"tcgplayer,cardmarket",https://prices.pokemontcg.io/tcgplayer/smp-SM206,https://images.pokemontcg.io/smp/SM206_hires.png,2026/08/08,2025/11/18,28.93,24.0,31.030000686645508,109.9000015258789,,,,,,14.1304,8.3167,17.0026,0.0,11.53499984741211,15.2031,16.5758,9.228,8.3398,4.9947,1.1535,2026-08-09
sm10-188,Ultra Forest Kartenvoy,normal,Unbroken Bonds,188,Uncommon,Masakazu Fukuda,Supporter,,Trainer,2019/05/03,"tcgplayer,cardmarket",https://prices.pokemontcg.io/tcgplayer/sm10-188,https://images.pokemontcg.io/sm10/188_hires.png,2026/08/08,2025/11/18,0.16,0.019999999552965164,0.20999999344348907,19.979999542236328,,0.33,,,,0.0923,0.0231,0.1269,0.3345,0.05770000070333481,0.1038,0.1154,0.5191,0.4153,0.323,1.1535,2026-08-09
xyp-XY193,Meloetta,holofoil,XY Black Star Promos,XY193,Promo,Hasuno,Basic,648,Pokémon,2013/10/12,"tcgplayer,cardmarket",https://prices.pokemontcg.io/tcgplayer/xyp-XY193,https://images.pokemontcg.io/xyp/XY193_hires.png,2026/08/08,2025/11/18,8.22,3.7899999618530273,7.610000133514404,96.22000122070312,,,,,,3.0452,1.4419,2.3185,0.0,3.0452001094818115,2.4108,2.63,2.7453,2.2147,1.8571,1.1535,2026-08-09
sm11-191a,Cherish Ball,,Unified Minds,191a,Uncommon,Yoshinobu Saito,Item,,Trainer,2019/08/02,cardmarket,https://prices.pokemontcg.io/cardmarket/sm11-191a,https://images.pokemontcg.io/sm11/191a_hires.png,,2025/11/18,,,,,,,,,,4.614,0.4037,4.6025,0.0,1.0958000421524048,3.3913,2.803,1.142,2.9414,2.5492,1.1535,2026-08-09
sm12-205,Roxie,normal,Cosmic Eclipse,205,Uncommon,Yusuke Ohmura,Supporter,,Trainer,2019/11/01,"tcgplayer,cardmarket",https://prices.pokemontcg.io/tcgplayer/sm12-205,https://images.pokemontcg.io/sm12/205_hires.png,2026/08/08,2025/11/18,0.21,0.09000000357627869,0.23000000417232513,19.979999542236328,,0.57,,,,0.1615,0.0231,0.15,1.5226,0.19609999656677246,0.15,0.15,0.5652,0.9689,0.7498,1.1535,2026-08-09
swsh2-207,Scoop Up Net,holofoil,Rebel Clash,207,Rare Secret,Ryo Ueda,Item,,Trainer,2020/05/01,"tcgplayer,cardmarket",https://prices.pokemontcg.io/tcgplayer/swsh2-207,https://images.pokemontcg.io/swsh2/207_hires.png,2026/08/08,2025/11/18,5.73,4.0,5.730000019073486,51.56999969482422,,,,,,6.921,2.3416,6.4711,0.0,2.8606998920440674,6.4019,6.7826,19.4134,15.8837,14.9032,1.1535,2026-08-09
smp-SM207,Sudowoodo,holofoil,SM Black Star Promos,SM207,Promo,Akira Komayama,Basic,185,Pokémon,2017/02/03,"tcgplayer,cardmarket",https://prices.pokemontcg.io/tcgplayer/smp-SM207,https://images.pokemontcg.io/smp/SM207_hires.png,2026/08/08,2025/11/18,1.36,0.15000000596046448,1.3600000143051147,14.699999809265137,,,,,,1.3842,0.173,1.3035,0.0,1.153499960899353,1.4534,1.315,0.5767,1.2112,0.9805,1.1535,2026-08-09
swsh4-195,Leon,holofoil,Vivid Voltage,195,Rare Rainbow,Hideki Ishikawa,Supporter,,Trainer,2020/11/13,"tcgplayer,cardmarket",https://prices.pokemontcg.io/tcgplayer/swsh4-195,https://images.pokemontcg.io/swsh4/195_hires.png,2026/08/08,2025/11/18,5.67,4.25,5.989999771118164,39.95000076293945,,,,,,10.5891,5.6522,10.3469,0.0,5.767499923706055,8.4321,9.3549,19.0328,23.5429,32.1596,1.1535,2026-08-09
swsh3-189,Rose,holofoil,Darkness Ablaze,189,Rare Ultra,Naoki Saito,Supporter,,Trainer,2020/08/14,"tcgplayer,cardmarket",https://prices.pokemontcg.io/tcgplayer/swsh3-189,https://images.pokemontcg.io/swsh3/189_hires.png,2026/08/08,2025/11/18,1.31,0.4300000071525574,1.6799999475479126,17.5,,,,,,2.4224,1.1535,2.4454,0.0,2.306999921798706,2.4916,2.3993,6.3442,6.7134,7.3939,1.1535,2026-08-09
sm8-192,Wait and See Hammer,normal,Lost Thunder,192,Uncommon,Yoshinobu Saito,Item,,Trainer,2018/11/02,"tcgplayer,cardmarket",https://prices.pokemontcg.io/tcgplayer/sm8-192,https://images.pokemontcg.io/sm8/192_hires.png,2026/08/08,2025/11/18,0.15,0.009999999776482582,0.23000000417232513,19.979999542236328,,0.43,,,,0.1038,0.0231,0.0807,0.5537,0.023099999874830246,0.0807,0.15,0.5652,0.4614,0.4268,1.1535,2026-08-09
swsh1-198,Cramorant V,holofoil,Sword & Shield,198,Rare Ultra,aky CG Works,Basic|V,845,Pokémon,2020/02/07,"tcgplayer,cardmarket",https://prices.pokemontcg.io/tcgplayer/swsh1-198,https://images.pokemontcg.io/swsh1/198_hires.png,2026/08/08,2025/11/18,2.67,1.5,2.9200000762939453,14.989999771118164,,,,,,4.4756,2.307,4.3602,0.0,5.063899993896484,4.0142,4.5102,10.9467,11.5581,10.6814,1.1535,2026-08-09
sm10-189,Welder,normal,Unbroken Bonds,189,Uncommon,Hitoshi Ariga,Supporter,,Trainer,2019/05/03,"tcgplayer,cardmarket",https://prices.pokemontcg.io/tcgplayer/sm10-189,https://images.pokemontcg.io/sm10/189_hires.png,2026/08/08,2025/11/18,0.34,0.20000000298023224,0.4000000059604645,45.0,,0.62,,,,1.1535,0.4614,0.646,0.0,1.153499960899353,0.4614,0.4614,0.0,0.0,0.0,1.1535,2026-08-09
xyp-XY194,Darkrai,holofoil,XY Black Star Promos,XY194,Promo,Ken Sugimori,Basic,491,Pokémon,2013/10/12,"tcgplayer,cardmarket",https://prices.pokemontcg.io/tcgplayer/xyp-XY194,https://images.pokemontcg.io/xyp/XY194_hires.png,2026/08/08,2025/11/18,28.24,10.930000305175781,21.809999465942383,156.0,,,,,,6.3904,1.1535,5.5945,0.0,5.767499923706055,6.2289,4.9139,2.307,2.8607,2.3416,1.1535,2026-08-09
sm11-192,Coach Trainer,normal,Unified Minds,192,Uncommon,nagimiso,Supporter,,Trainer,2019/08/02,"tcgplayer,cardmarket",https://prices.pokemontcg.io/tcgplayer/sm11-192,https://images.pokemontcg.io/sm11/192_hires.png,2026/08/08,2025/11/18,0.34,0.10000000149011612,0.3700000047683716,19.979999542236328,,1.78,,,,0.2076,0.0231,0.2422,1.142,0.11540000140666962,0.3114,0.2307,0.4614,1.4419,0.7844,1.1535,2026-08-09
smp-SM208,Vikavolt,holofoil,SM Black Star Promos,SM208,Promo,Misa Tsutsui,Stage 2,738,Pokémon,2017/02/03,"tcgplayer,cardmarket",https://prices.pokemontcg.io/tcgplayer/smp-SM208,https://images.pokemontcg.io/smp/SM208_hires.png,2026/08/08,2025/11/18,0.47,0.25,0.5099999904632568,19.979999542236328,,,,,,0.7728,0.1038,0.7844,0.0,1.153499960899353,0.7613,0.7844,1.3842,0.6921,0.7382,1.1535,2026-08-09
swsh3-190,Butterfree VMAX,holofoil,Darkness Ablaze,190,Rare Rainbow,aky CG Works,VMAX,12,Pokémon,2020/08/14,"tcgplayer,cardmarket",https://prices.pokemontcg.io/tcgplayer/swsh3-190,https://images.pokemontcg.io/swsh3/190_hires.png,2026/08/08,2025/11/18,18.73,15.0,22.18000030517578,119.23999786376953,,,,,,13.9227,5.7675,13.1499,0.0,8.07450008392334,13.842,13.2652,31.1445,27.9839,29.4489,1.1535,2026-08-09
swsh4-196,Nessa,holofoil,Vivid Voltage,196,Rare Rainbow,Ryuta Fuse,Supporter,,Trainer,2020/11/13,"tcgplayer,cardmarket",https://prices.pokemontcg.io/tcgplayer/swsh4-196,https://images.pokemontcg.io/swsh4/196_hires.png,2026/08/08,2025/11/18,10.61,8.0,11.449999809265137,92.22000122070312,,,,,,10.8544,5.0754,11.4081,0.0,10.946700096130371,10.6122,10.8198,34.605,35.9892,42.6795,1.1535,2026-08-09
swsh2-208,Tool Scrapper,holofoil,Rebel Clash,208,Rare Secret,Studio Bora Inc.,Item,,Trainer,2020/05/01,"tcgplayer,cardmarket",https://prices.pokemontcg.io/tcgplayer/swsh2-208,https://images.pokemontcg.io/swsh2/208_hires.png,2026/08/08,2025/11/18,9.65,7.0,10.989999771118164,29.989999771118164,,,,,,18.8828,13.842,20.2209,0.0,28.826000213623047,19.9209,23.6929,8.0053,10.2777,9.7471,1.1535,2026-08-09
sm12-206,Tag Call,normal,Cosmic Eclipse,206,Uncommon,Toyste Beach,Item,,Trainer,2019/11/01,"tcgplayer,cardmarket",https://prices.pokemontcg.io/tcgplayer/sm12-206,https://images.pokemontcg.io/sm12/206_hires.png,2026/08/08,2025/11/18,0.43,0.25,0.46000000834465027,19.979999542236328,,1.76,,,,0.3576,0.0231,0.3576,1.3265,0.8651000261306763,0.3345,0.346,0.4037,1.2573,0.8536,1.1535,2026-08-09
swsh1-199,Bede,holofoil,Sword & Shield,199,Rare Ultra,Naoki Saito,Supporter,,Trainer,2020/02/07,"tcgplayer,cardmarket",https://prices.pokemontcg.io/tcgplayer/swsh1-199,https://images.pokemontcg.io/swsh1/199_hires.png,2026/08/08,2025/11/18,3.22,2.569999933242798,3.509999990463257,96.94999694824219,,,,,,6.8979,2.2955,6.6557,0.0,4.037300109863281,6.3904,7.0594,11.4197,10.6583,11.1889,1.1535,2026-08-09
sm8-193,Whitney,normal,Lost Thunder,193,Uncommon,Ken Sugimori,Supporter,,Trainer,2018/11/02,"tcgplayer,cardmarket",https://prices.pokemontcg.io/tcgplayer/sm8-193,https://images.pokemontcg.io/sm8/193_hires.png,2026/08/08,2025/11/18,0.24,0.12999999523162842,0.25999999046325684,19.979999542236328,,1.06,,,,0.3576,0.0231,0.3114,0.9459,0.28839999437332153,0.2768,0.2307,0.5075,0.669,0.7613,1.1535,2026-08-09
xyp-XY195,Jirachi,holofoil,XY Black Star Promos,XY195,Promo,Ken Sugimori,Basic,385,Pokémon,2013/10/12,"tcgplayer,cardmarket",https://prices.pokemontcg.io/tcgplayer/xyp-XY195,https://images.pokemontcg.io/xyp/XY195_hires.png,2026/08/08,2025/11/18,16.4,7.139999866485596,16.989999771118164,99.20999908447266,,,,,,5.4791,1.1535,3.7719,0.0,2.8952999114990234,3.5528,2.8261,2.307,2.5031,1.7533,1.1535,2026-08-09
sm11-193,Dark City,normal,Unified Minds,193,Uncommon,Ryo Ueda,Stadium,,Trainer,2019/08/02,"tcgplayer,cardmarket",https://prices.pokemontcg.io/tcgplayer/sm11-193,https://images.pokemontcg.io/sm11/193_hires.png,2026/08/08,2025/11/18,0.54,0.30000001192092896,0.5400000214576721,2.5,,0.84,,,,0.3345,0.0231,0.323,1.5226,0.2653000056743622,0.346,0.3922,0.646,1.4534,0.9574,1.1535,2026-08-09
smp-SM209,Stakataka,holofoil,SM Black Star Promos,SM209,Promo,Shin Nagasawa,Basic|Ultra Beast,805,Pokémon,2017/02/03,"tcgplayer,cardmarket",https://prices.pokemontcg.io/tcgplayer/smp-SM209,https://images.pokemontcg.io/smp/SM209_hires.png,2026/08/08,2025/11/18,5.39,3.5,5.489999771118164,4319.06982421875,,,,,,1.811,1.1535,1.9263,0.0,0.57669997215271,1.9033,3.1491,1.1535,0.9343,0.9805,1.1535,2026-08-09
sm12-207,Unidentified Fossil,normal,Cosmic Eclipse,207,Uncommon,Toyste Beach,Item,,Trainer,2019/11/01,"tcgplayer,cardmarket",https://prices.pokemontcg.io/tcgplayer/sm12-207,https://images.pokemontcg.io/sm12/207_hires.png,2026/08/08,2025/11/18,0.1,0.009999999776482582,0.20000000298023224,19.979999542236328,,0.43,,,,0.1384,0.0231,0.1269,0.3807,0.23070000112056732,0.1038,0.1038,0.346,0.3114,0.3922,1.1535,2026-08-09
swsh2-209,Twin Energy,holofoil,Rebel Clash,209,Rare Secret,,Special,,Energy,2020/05/01,"tcgplayer,cardmarket",https://prices.pokemontcg.io/tcgplayer/swsh2-209,https://images.pokemontcg.io/swsh2/209_hires.png,2026/08/08,2025/11/18,4.21,2.7899999618530273,4.320000171661377,25.0,,,,,,5.9751,2.1801,5.5253,0.0,2.8606998920440674,6.2058,6.1366,8.0745,9.8278,10.3238,1.1535,2026-08-09
swsh3-191,Centiskorch VMAX,holofoil,Darkness Ablaze,191,Rare Rainbow,5ban Graphics,VMAX,851,Pokémon,2020/08/14,"tcgplayer,cardmarket",https://prices.pokemontcg.io/tcgplayer/swsh3-191,https://images.pokemontcg.io/swsh3/191_hires.png,2026/08/08,2025/11/18,6.52,6.199999809265137,7.389999866485596,56.34000015258789,,,,,,5.7329,4.441,6.0213,0.0,5.709799766540527,6.6326,5.9751,21.9165,22.424,21.2936,1.1535,2026-08-09
swsh4-197,Opal,holofoil,Vivid Voltage,197,Rare Rainbow,Naoki Saito,Supporter,,Trainer,2020/11/13,"tcgplayer,cardmarket",https://prices.pokemontcg.io/tcgplayer/swsh4-197,https://images.pokemontcg.io/swsh4/197_hires.png,2026/08/08,2025/11/18,3.66,2.490000009536743,4.130000114440918,54.04999923706055,,,,,,5.8136,4.0257,5.3522,0.0,5.167699813842773,6.0328,5.4791,23.07,30.2678,26.5536,1.1535,2026-08-09
xyp-XY196,Genesect,holofoil,XY Black Star Promos,XY196,Promo,Ken Sugimori,Basic,649,Pokémon,2013/10/12,"tcgplayer,cardmarket",https://prices.pokemontcg.io/tcgplayer/xyp-XY196,https://images.pokemontcg.io/xyp/XY196_hires.png,2026/08/08,2025/11/18,2.73,1.7699999809265137,15.739999771118164,82.05999755859375,,,,,,2.3762,0.5191,1.9956,0.0,2.249300003051758,1.8341,1.6264,0.2307,0.8305,1.0381,1.1535,2026-08-09
sm11-194,Ear-Ringing Bell,normal,Unified Minds,194,Uncommon,Toyste Beach,Pokémon Tool,,Trainer,2019/08/02,"tcgplayer,cardmarket",https://prices.pokemontcg.io/tcgplayer/sm11-194,https://images.pokemontcg.io/sm11/194_hires.png,2026/08/08,2025/11/18,0.22,0.10000000149011612,0.25,19.979999542236328,,0.5,,,,0.2076,0.0231,0.1846,0.7152,0.13840000331401825,0.2076,0.2076,0.5767,0.496,0.4268,1.1535,2026-08-09
sm10-190,Triple Acceleration Energy,normal,Unbroken Bonds,190,Uncommon,,Special,,Energy,2019/05/03,"tcgplayer,cardmarket",https://prices.pokemontcg.io/tcgplayer/sm10-190,https://images.pokemontcg.io/sm10/190_hires.png,2026/08/08,2025/11/18,0.26,0.14000000059604645,0.30000001192092896,19.979999542236328,,0.4,,,,0.4153,0.0231,0.3691,0.5652,0.8651000261306763,0.4268,0.3114,0.5767,0.8421,0.8421,1.1535,2026-08-09
smp-SM210,Moltres & Zapdos & Articuno-GX,holofoil,SM Black Star Promos,SM210,Promo,HYOGONOSUKE,Basic|TAG TEAM|GX,144|145|146,Pokémon,2017/02/03,"tcgplayer,cardmarket",https://prices.pokemontcg.io/tcgplayer/smp-SM210,https://images.pokemontcg.io/smp/SM210_hires.png,2026/08/08,2025/11/18,167.72,140.0,180.0,399.989990234375,,,,,,82.0254,49.4851,76.6616,0.0,103.7573013305664,73.501,79.4762,14.2803,14.7648,16.9795,1.1535,2026-08-09
sm12-208,Will,normal,Cosmic Eclipse,208,Uncommon,Ken Sugimori,Supporter,,Trainer,2019/11/01,"tcgplayer,cardmarket",https://prices.pokemontcg.io/tcgplayer/sm12-208,https://images.pokemontcg.io/sm12/208_hires.png,2026/08/08,2025/11/18,0.18,0.03999999910593033,0.2199999988079071,19.979999542236328,,0.56,,,,0.1154,0.0231,0.1384,1.3381,0.03460000082850456,0.15,0.1384,4.0373,0.8305,0.5883,1.1535,2026-08-09
swsh1-200,Marnie,holofoil,Sword & Shield,200,Rare Ultra,kirisAki,Supporter,,Trainer,2020/02/07,"tcgplayer,cardmarket",https://prices.pokemontcg.io/tcgplayer/swsh1-200,https://images.pokemontcg.io/swsh1/200_hires.png,2026/08/08,2025/11/18,38.14,33.59000015258789,40.27000045776367,330.0,,,,,,37.9386,17.3025,39.2651,0.0,46.13999938964844,36.4737,41.5145,46.1285,51.6768,51.8614,1.1535,2026-08-09
sm8-194,Memory Energy,normal,Lost Thunder,194,Uncommon,,Special,,Energy,2018/11/02,"tcgplayer,cardmarket",https://prices.pokemontcg.io/tcgplayer/sm8-194,https://images.pokemontcg.io/sm8/194_hires.png,2026/08/08,2025/11/18,0.35,0.1899999976158142,0.3499999940395355,2.990000009536743,,0.77,,,,0.2768,0.0231,0.2538,2.307,0.28839999437332153,0.2538,0.2422,1.142,1.4534,1.5457,1.1535,2026-08-09
swsh3-192,Eternatus VMAX,holofoil,Darkness Ablaze,192,Rare Rainbow,5ban Graphics,VMAX,890,Pokémon,2020/08/14,"tcgplayer,cardmarket",https://prices.pokemontcg.io/tcgplayer/swsh3-192,https://images.pokemontcg.io/swsh3/192_hires.png,2026/08/08,2025/11/18,12.28,8.260000228881836,12.279999732971191,117.44000244140625,,,,,,10.2892,6.6326,11.1543,0.0,10.935199737548828,10.7737,12.2732,34.5473,35.8162,32.4249,1.1535,2026-08-09
swsh4-198,Galarian Obstagoon,holofoil,Vivid Voltage,198,Rare Secret,aky CG Works,Stage 2,862,Pokémon,2020/11/13,"tcgplayer,cardmarket",https://prices.pokemontcg.io/tcgplayer/swsh4-198,https://images.pokemontcg.io/swsh4/198_hires.png,2026/08/08,2025/11/18,7.05,5.789999961853027,8.020000457763672,58.47999954223633,,,,,,9.228,4.6025,9.2049,0.0,8.535900115966797,7.7746,8.5705,32.8747,32.5518,44.5597,1.1535,2026-08-09
sm10-191,Pheromosa & Buzzwole-GX,holofoil,Unbroken Bonds,191,Rare Ultra,aky CG Works,Basic|TAG TEAM|GX|Ultra Beast,794|795,Pokémon,2019/05/03,"tcgplayer,cardmarket",https://prices.pokemontcg.io/tcgplayer/sm10-191,https://images.pokemontcg.io/sm10/191_hires.png,2026/08/08,2025/11/18,22.48,15.720000267028809,31.43000030517578,249.99000549316406,,,,,,19.0904,6.7364,18.9405,0.0,19.609500885009766,18.0061,14.0958,8.063,9.7125,8.2937,1.1535,2026-08-09
sm8-195,Shuckle-GX,holofoil,Lost Thunder,195,Rare Ultra,5ban Graphics,Basic|GX,213,Pokémon,2018/11/02,"tcgplayer,cardmarket",https://prices.pokemontcg.io/tcgplayer/sm8-195,https://images.pokemontcg.io/sm8/195_hires.png,2026/08/08,2025/11/18,18.76,17.0,26.440000534057617,178.5,,,,,,7.2901,5.756,7.59,0.0,7.497700214385986,7.4285,7.4516,11.535,7.6708,5.8944,1.1535,2026-08-09
smp-SM211,Charizard-GX,holofoil,SM Black Star Promos,SM211,Promo,aky CG Works,Stage 2|GX,6,Pokémon,2017/02/03,"tcgplayer,cardmarket",https://prices.pokemontcg.io/tcgplayer/smp-SM211,https://images.pokemontcg.io/smp/SM211_hires.png,2026/08/08,2025/11/18,10.47,6.949999809265137,12.989999771118164,55.83000183105469,,,,,,12.2732,3.449,9.7471,0.0,6.805600166320801,10.7045,12.4809,8.8704,9.574,9.3895,1.1535,2026-08-09
sm12-209,Draw Energy,normal,Cosmic Eclipse,209,Uncommon,,Special,,Energy,2019/11/01,"tcgplayer,cardmarket",https://prices.pokemontcg.io/tcgplayer/sm12-209,https://images.pokemontcg.io/sm12/209_hires.png,2026/08/08,2025/11/18,0.3,0.10000000149011612,0.30000001192092896,10.0,,0.7,,,,0.1961,0.0231,0.2999,1.0497,0.2768000066280365,0.3114,0.2076,1.7187,0.9459,0.8767,1.1535,2026-08-09
sm11-195,Flyinium Z: Air Slash,normal,Unified Minds,195,Uncommon,aky CG Works,Pokémon Tool,,Trainer,2019/08/02,"tcgplayer,cardmarket",https://prices.pokemontcg.io/tcgplayer/sm11-195,https://images.pokemontcg.io/sm11/195_hires.png,2026/08/08,2025/11/18,0.24,0.09000000357627869,0.25,19.979999542236328,,0.39,,,,0.2076,0.0346,0.1961,0.5767,0.03460000082850456,0.2307,0.1961,0.5767,0.2999,0.3807,1.1535,2026-08-09
xyp-XY197,Arceus,holofoil,XY Black Star Promos,XY197,Promo,kirisAki,Basic,493,Pokémon,2013/10/12,"tcgplayer,cardmarket",https://prices.pokemontcg.io/tcgplayer/xyp-XY197,https://images.pokemontcg.io/xyp/XY197_hires.png,2026/08/08,2025/11/18,16.85,13.0,24.860000610351562,249.0399932861328,,,,,,9.5164,8.063,9.5164,0.0,11.523500442504883,10.1508,9.7586,11.535,7.8784,5.2138,1.1535,2026-08-09
swsh3-193,Scizor VMAX,holofoil,Darkness Ablaze,193,Rare Rainbow,5ban Graphics,VMAX,212,Pokémon,2020/08/14,"tcgplayer,cardmarket",https://prices.pokemontcg.io/tcgplayer/swsh3-193,https://images.pokemontcg.io/swsh3/193_hires.png,2026/08/08,2025/11/18,14.07,11.989999771118164,14.989999771118164,84.88999938964844,,,,,,12.5732,4.5563,12.9307,0.0,10.90060043334961,15.5723,11.6042,29.991,25.227,28.5261,1.1535,2026-08-09
swsh1-201,Professor's Research (Professor Magnolia),holofoil,Sword & Shield,201,Rare Ultra,kirisAki,Supporter,,Trainer,2020/02/07,"tcgplayer,cardmarket",https://prices.pokemontcg.io/tcgplayer/swsh1-201,https://images.pokemontcg.io/swsh1/201_hires.png,2026/08/08,2025/11/18,4.39,2.990000009536743,4.409999847412109,75.0,,,,,,6.8633,2.1916,6.7941,0.0,5.767499923706055,6.6788,7.0825,13.8305,15.2608,15.503,1.1535,2026-08-09
sm8-196,Sceptile-GX,holofoil,Lost Thunder,196,Rare Ultra,Yoshinobu Saito,Stage 2|GX,254,Pokémon,2018/11/02,"tcgplayer,cardmarket",https://prices.pokemontcg.io/tcgplayer/sm8-196,https://images.pokemontcg.io/sm8/196_hires.png,2026/08/08,2025/11/18,22.86,19.989999771118164,25.1299991607666,250.0,,,,,,11.0967,3.1145,12.7692,0.0,16.14900016784668,10.866,13.3229,10.6468,9.6433,6.4827,1.1535,2026-08-09
swsh4-199,Oranguru,holofoil,Vivid Voltage,199,Rare Secret,PLANETA Mochizuki,Basic,765,Pokémon,2020/11/13,"tcgplayer,cardmarket",https://prices.pokemontcg.io/tcgplayer/swsh4-199,https://images.pokemontcg.io/swsh4/199_hires.png,2026/08/08,2025/11/18,4.76,3.7899999618530273,5.110000133514404,866.4400024414062,,,,,,9.1703,4.614,8.0053,0.0,6.332699775695801,7.9707,10.2315,46.14,36.0584,47.6165,1.1535,2026-08-09
sm12-210,Venusaur & Snivy-GX,holofoil,Cosmic Eclipse,210,Rare Ultra,5ban Graphics,Basic|TAG TEAM|GX,3|495,Pokémon,2019/11/01,"tcgplayer,cardmarket",https://prices.pokemontcg.io/tcgplayer/sm12-210,https://images.pokemontcg.io/sm12/210_hires.png,2026/08/08,2025/11/18,38.81,35.0,45.09000015258789,300.0,,,,,,31.7097,5.7675,36.7274,0.0,63.442501068115234,32.8517,28.9875,12.6885,13.2883,11.5119,1.1535,2026-08-09
smp-SM212,Gyarados-GX,holofoil,SM Black Star Promos,SM212,Promo,5ban Graphics,Stage 1|GX,130,Pokémon,2017/02/03,"tcgplayer,cardmarket",https://prices.pokemontcg.io/tcgplayer/smp-SM212,https://images.pokemontcg.io/smp/SM212_hires.png,2026/08/08,2025/11/18,3.24,2.0,3.819999933242798,96.94999694824219,,,,,,2.2378,0.2884,2.2032,0.0,1.153499960899353,2.4339,2.0763,0.9805,1.3265,1.7649,1.1535,2026-08-09
sm10-192,Pheromosa & Buzzwole-GX,holofoil,Unbroken Bonds,192,Rare Ultra,kirisAki,Basic|TAG TEAM|GX|Ultra Beast,794|795,Pokémon,2019/05/03,"tcgplayer,cardmarket",https://prices.pokemontcg.io/tcgplayer/sm10-192,https://images.pokemontcg.io/sm10/192_hires.png,2026/08/08,2025/11/18,89.93,83.45999908447266,100.0,640.0,,,,,,54.0184,18.0869,72.1168,0.0,66.90299987792969,96.571,66.4416,22.4932,13.173,12.8615,1.1535,2026-08-09
swsh1-202,Team Yell Grunt,holofoil,Sword & Shield,202,Rare Ultra,nagimiso,Supporter,,Trainer,2020/02/07,"tcgplayer,cardmarket",https://prices.pokemontcg.io/tcgplayer/swsh1-202,https://images.pokemontcg.io/swsh1/202_hires.png,2026/08/08,2025/11/18,3.31,2.3299999237060547,3.4200000762939453,9.989999771118164,,,,,,6.0443,2.2955,5.9059,0.0,5.75600004196167,5.3984,5.5253,17.1756,12.7692,10.2546,1.1535,2026-08-09
sm11-196,Giant Bomb,normal,Unified Minds,196,Uncommon,Studio Bora Inc.,Pokémon Tool,,Trainer,2019/08/02,"tcgplayer,cardmarket",https://prices.pokemontcg.io/tcgplayer/sm11-196,https://images.pokemontcg.io/sm11/196_hires.png,2026/08/08,2025/11/18,0.19,0.10000000149011612,0.25,19.979999542236328,,0.63,,,,0.2538,0.0231,0.173,2.2955,0.03460000082850456,0.2884,0.2307,2.2955,0.8421,0.5883,1.1535,2026-08-09
xyp-XY198,M Camerupt-EX,holofoil,XY Black Star Promos,XY198,Promo,5ban Graphics,MEGA|EX,323,Pokémon,2013/10/12,"tcgplayer,cardmarket",https://prices.pokemontcg.io/tcgplayer/xyp-XY198,https://images.pokemontcg.io/xyp/XY198_hires.png,2026/08/08,2025/11/18,8.29,6.090000152587891,8.300000190734863,85.0,,,,,,11.708,6.921,13.5767,0.0,11.523500442504883,12.8385,13.2422,5.7675,6.0559,4.8216,1.1535,2026-08-09
swsh3-194,Salamence VMAX,holofoil,Darkness Ablaze,194,Rare Rainbow,5ban Graphics,VMAX,373,Pokémon,2020/08/14,"tcgplayer,cardmarket",https://prices.pokemontcg.io/tcgplayer/swsh3-194,https://images.pokemontcg.io/swsh3/194_hires.png,2026/08/08,2025/11/18,15.05,13.0,15.989999771118164,119.69999694824219,,,,,,18.3637,5.7444,21.0629,0.0,7.9475998878479,21.0629,15.2839,41.5145,38.4692,43.0832,1.1535,2026-08-09
smp-SM213,Raichu-GX,holofoil,SM Black Star Promos,SM213,Promo,5ban Graphics,Stage 1|GX,26,Pokémon,2017/02/03,"tcgplayer,cardmarket",https://prices.pokemontcg.io/tcgplayer/smp-SM213,https://images.pokemontcg.io/smp/SM213_hires.png,2026/08/08,2025/11/18,2.26,1.4800000190734863,2.450000047683716,19.989999771118164,,,,,,2.2609,0.5767,2.1686,0.0,1.7302000522613525,1.661,2.2609,1.4303,1.315,1.3957,1.1535,2026-08-09
swsh4-200,Cape of Toughness,holofoil,Vivid Voltage,200,Rare Secret,inose yukie,Pokémon Tool,,Trainer,2020/11/13,"tcgplayer,cardmarket",https://prices.pokemontcg.io/tcgplayer/swsh4-200,https://images.pokemontcg.io/swsh4/200_hires.png,2026/08/08,2025/11/18,2.23,1.5,2.5999999046325684,842.6599731445312,,,,,,3.6451,3.2298,3.7027,0.0,3.6796998977661133,3.6566,3.8065,12.6308,15.4223,17.2333,1.1535,2026-08-09
sm12-211,Vileplume-GX,holofoil,Cosmic Eclipse,211,Rare Ultra,Kagemaru Himeno,Stage 2|GX,45,Pokémon,2019/11/01,"tcgplayer,cardmarket",https://prices.pokemontcg.io/tcgplayer/sm12-211,https://images.pokemontcg.io/sm12/211_hires.png,2026/08/08,2025/11/18,131.07,120.0,148.0,1054.5,,,,,,120.2293,27.684,119.8371,0.0,115.3499984741211,104.7839,108.4982,36.9005,27.7417,22.5048,1.1535,2026-08-09
sm8-197,Virizion-GX,holofoil,Lost Thunder,197,Rare Ultra,5ban Graphics,Basic|GX,640,Pokémon,2018/11/02,"tcgplayer,cardmarket",https://prices.pokemontcg.io/tcgplayer/sm8-197,https://images.pokemontcg.io/sm8/197_hires.png,2026/08/08,2025/11/18,6.46,3.990000009536743,7.199999809265137,59.20000076293945,,,,,,8.8127,5.6522,7.3132,0.0,6.9095001220703125,8.4898,9.8509,13.842,7.8092,6.5057,1.1535,2026-08-09
swsh3-195,Pokémon Breeder's Nurturing,holofoil,Darkness Ablaze,195,Rare Rainbow,kirisAki,Supporter,,Trainer,2020/08/14,"tcgplayer,cardmarket",https://prices.pokemontcg.io/tcgplayer/swsh3-195,https://images.pokemontcg.io/swsh3/195_hires.png,2026/08/08,2025/11/18,4.18,3.180000066757202,4.630000114440918,96.94999694824219,,,,,,5.11,2.2955,5.4215,0.0,4.210299968719482,5.433,5.283,24.8002,15.2954,16.0683,1.1535,2026-08-09
sm11-197,Giant Hearth,normal,Unified Minds,197,Uncommon,5ban Graphics,Stadium,,Trainer,2019/08/02,"tcgplayer,cardmarket",https://prices.pokemontcg.io/tcgplayer/sm11-197,https://images.pokemontcg.io/sm11/197_hires.png,2026/08/08,2025/11/18,0.31,0.20000000298023224,0.3199999928474426,3.950000047683716,,0.84,,,,0.0,0.4614,0.1154,0.0,0.11540000140666962,0.6344,0.6344,0.0,0.0,0.0,1.1535,2026-08-09
swsh1-203,Lapras VMAX,holofoil,Sword & Shield,203,Rare Rainbow,5ban Graphics,VMAX,131,Pokémon,2020/02/07,"tcgplayer,cardmarket",https://prices.pokemontcg.io/tcgplayer/swsh1-203,https://images.pokemontcg.io/swsh1/203_hires.png,2026/08/08,2025/11/18,20.7,13.5,22.200000762939453,141.77999877929688,,,,,,22.2279,11.5119,20.1055,0.0,23.06999969482422,21.4666,18.4675,31.7097,33.6361,35.5278,1.1535,2026-08-09
sm10-193,Venomoth-GX,holofoil,Unbroken Bonds,193,Rare Ultra,5ban Graphics,Stage 1|GX,49,Pokémon,2019/05/03,"tcgplayer,cardmarket",https://prices.pokemontcg.io/tcgplayer/sm10-193,https://images.pokemontcg.io/sm10/193_hires.png,2026/08/08,2025/11/18,7.07,5.519999980926514,7.619999885559082,100.0,,,,,,7.0133,2.307,6.8403,0.0,7.786099910736084,6.6557,6.5057,11.5235,7.0017,5.4676,1.1535,2026-08-09
xyp-XY198a,M Camerupt-EX,,XY Black Star Promos,XY198a,Promo,5ban Graphics,MEGA|EX,323,Pokémon,2013/10/12,cardmarket,https://prices.pokemontcg.io/cardmarket/xyp-XY198a,https://images.pokemontcg.io/xyp/XY198a_hires.png,,2025/11/18,,,,,,,,,,54.7336,16.1375,54.3875,0.0,46.13999938964844,46.9359,27.7071,4.5448,3.7489,3.2759,1.1535,2026-08-09
smp-SM214,Mewtwo,holofoil,SM Black Star Promos,SM214,Promo,kawayoo,Basic,150,Pokémon,2017/02/03,"tcgplayer,cardmarket",https://prices.pokemontcg.io/tcgplayer/smp-SM214,https://images.pokemontcg.io/smp/SM214_hires.png,2026/08/08,2025/11/18,15.77,6.900000095367432,16.309999465942383,149.66000366210938,,,,,,9.4356,4.6025,10.5545,0.0,8.974200248718262,9.1703,9.574,3.449,3.4144,2.8838,1.1535,2026-08-09
swsh4-201,Hero's Medal,holofoil,Vivid Voltage,201,Rare Secret,Toyste Beach,Pokémon Tool,,Trainer,2020/11/13,"tcgplayer,cardmarket",https://prices.pokemontcg.io/tcgplayer/swsh4-201,https://images.pokemontcg.io/swsh4/201_hires.png,2026/08/08,2025/11/18,2.03,1.7400000095367432,2.5,29.739999771118164,,,,,,4.1987,2.307,3.8758,0.0,3.4605000019073486,4.2218,4.6486,16.7257,14.488,14.6494,1.1535,2026-08-09
sm12-212,Charizard & Braixen-GX,holofoil,Cosmic Eclipse,212,Rare Ultra,5ban Graphics,Basic|TAG TEAM|GX,6|654,Pokémon,2019/11/01,"tcgplayer,cardmarket",https://prices.pokemontcg.io/tcgplayer/sm12-212,https://images.pokemontcg.io/sm12/212_hires.png,2026/08/08,2025/11/18,85.4,67.5,94.9000015258789,269.0,,,,,,77.5613,19.0212,56.4984,0.0,110.71289825439453,58.171,47.7664,46.14,53.0495,33.6361,1.1535,2026-08-09
sm8-198,Magcargo-GX,holofoil,Lost Thunder,198,Rare Ultra,5ban Graphics,Stage 1|GX,219,Pokémon,2018/11/02,"tcgplayer,cardmarket",https://prices.pokemontcg.io/tcgplayer/sm8-198,https://images.pokemontcg.io/sm8/198_hires.png,2026/08/08,2025/11/18,7.4,6.079999923706055,8.579999923706055,107.5199966430664,,,,,,5.7098,2.2955,5.9521,0.0,6.851799964904785,5.8021,5.9405,6.8056,8.0168,9.7125,1.1535,2026-08-09
sm11-198,Great Potion,normal,Unified Minds,198,Uncommon,Yoshinobu Saito,Item,,Trainer,2019/08/02,"tcgplayer,cardmarket",https://prices.pokemontcg.io/tcgplayer/sm11-198,https://images.pokemontcg.io/sm11/198_hires.png,2026/08/08,2025/11/18,0.18,0.07999999821186066,0.23999999463558197,19.979999542236328,,0.55,,,,0.15,0.0231,0.1384,0.8305,0.13840000331401825,0.1269,0.15,1.0381,0.6114,0.7267,1.1535,2026-08-09
swsh1-204,Morpeko VMAX,holofoil,Sword & Shield,204,Rare Rainbow,5ban Graphics,VMAX,877,Pokémon,2020/02/07,"tcgplayer,cardmarket",https://prices.pokemontcg.io/tcgplayer/swsh1-204,https://images.pokemontcg.io/swsh1/204_hires.png,2026/08/08,2025/11/18,26.1,15.710000038146973,28.030000686645508,448.94000244140625,,,,,,13.2191,5.7675,13.7036,0.0,9.897000312805176,12.8731,12.2156,17.3025,26.8419,23.0585,1.1535,2026-08-09
swsh3-196,Rose,holofoil,Darkness Ablaze,196,Rare Rainbow,Naoki Saito,Supporter,,Trainer,2020/08/14,"tcgplayer,cardmarket",https://prices.pokemontcg.io/tcgplayer/swsh3-196,https://images.pokemontcg.io/swsh3/196_hires.png,2026/08/08,2025/11/18,3.15,2.490000009536743,3.6500000953674316,41.099998474121094,,,,,,6.0213,2.5377,6.102,0.0,4.037300109863281,7.8784,5.283,17.2448,16.0106,17.7639,1.1535,2026-08-09
sm10-194,Reshiram & Charizard-GX,holofoil,Unbroken Bonds,194,Rare Ultra,aky CG Works,Basic|TAG TEAM|GX,6|643,Pokémon,2019/05/03,"tcgplayer,cardmarket",https://prices.pokemontcg.io/tcgplayer/sm10-194,https://images.pokemontcg.io/sm10/194_hires.png,2026/08/08,2025/11/18,94.85,74.2300033569336,143.47000122070312,300.0,,,,,,61.2508,19.0328,38.0194,0.0,69.20999908447266,53.0725,69.3484,34.5935,41.5145,41.2376,1.1535,2026-08-09
xyp-XY199,Camerupt Spirit Link,normal,XY Black Star Promos,XY199,Promo,5ban Graphics,Pokémon Tool,,Trainer,2013/10/12,"tcgplayer,cardmarket",https://prices.pokemontcg.io/tcgplayer/xyp-XY199,https://images.pokemontcg.io/xyp/XY199_hires.png,2026/08/08,2025/11/18,1.34,0.6000000238418579,1.0099999904632568,2.0,,,,,,2.7338,0.5767,2.2378,0.0,1.0958000421524048,2.1686,2.2032,1.142,1.1535,1.1535,1.1535,2026-08-09
smp-SM215,Mew,holofoil,SM Black Star Promos,SM215,Promo,Masakazu Fukuda,Basic,151,Pokémon,2017/02/03,"tcgplayer,cardmarket",https://prices.pokemontcg.io/tcgplayer/smp-SM215,https://images.pokemontcg.io/smp/SM215_hires.png,2026/08/08,2025/11/18,24.4,16.989999771118164,25.219999313354492,199.63999938964844,,,,,,11.7542,6.921,11.4889,0.0,11.53499984741211,12.1002,10.2546,6.3442,8.086,4.3372,1.1535,2026-08-09
swsh4-202,Memory Capsule,holofoil,Vivid Voltage,202,Rare Secret,sadaji,Pokémon Tool,,Trainer,2020/11/13,"tcgplayer,cardmarket",https://prices.pokemontcg.io/tcgplayer/swsh4-202,https://images.pokemontcg.io/swsh4/202_hires.png,2026/08/08,2025/11/18,1.95,1.2000000476837158,2.380000114440918,20.0,,,,,,4.5563,1.7302,4.7986,0.0,5.767499923706055,4.6601,4.5563,17.3025,19.6556,18.629,1.1535,2026-08-09
sm12-213,Volcarona-GX,holofoil,Cosmic Eclipse,213,Rare Ultra,PLANETA Tsuji,Stage 1|GX,637,Pokémon,2019/11/01,"tcgplayer,cardmarket",https://prices.pokemontcg.io/tcgplayer/sm12-213,https://images.pokemontcg.io/sm12/213_hires.png,2026/08/08,2025/11/18,7.65,5.0,7.650000095367432,71.30000305175781,,,,,,6.6903,2.8722,6.2404,0.0,2.8838000297546387,6.2058,5.6522,9.228,8.3283,7.8092,1.1535,2026-08-09
sm11-199,Grimsley,normal,Unified Minds,199,Uncommon,kodama,Supporter,,Trainer,2019/08/02,"tcgplayer,cardmarket",https://prices.pokemontcg.io/tcgplayer/sm11-199,https://images.pokemontcg.io/sm11/199_hires.png,2026/08/08,2025/11/18,0.3,0.15000000596046448,0.30000001192092896,2.1600000858306885,,0.44,,,,0.2076,0.0231,0.2192,1.0381,0.11540000140666962,0.2192,0.1846,1.0381,0.5306,0.4383,1.1535,2026-08-09
sm8-199,Blacephalon-GX,holofoil,Lost Thunder,199,Rare Ultra,5ban Graphics,Basic|GX|Ultra Beast,806,Pokémon,2018/11/02,"tcgplayer,cardmarket",https://prices.pokemontcg.io/tcgplayer/sm8-199,https://images.pokemontcg.io/sm8/199_hires.png,2026/08/08,2025/11/18,27.89,27.8799991607666,49.9900016784668,202.99000549316406,,,,,,12.2156,5.756,13.7497,0.0,13.830499649047852,13.5075,12.85,8.6512,9.4472,9.1011,1.1535,2026-08-09
swsh3-197,Rillaboom,holofoil,Darkness Ablaze,197,Rare Secret,5ban Graphics,Stage 2,812,Pokémon,2020/08/14,"tcgplayer,cardmarket",https://prices.pokemontcg.io/tcgplayer/swsh3-197,https://images.pokemontcg.io/swsh3/197_hires.png,2026/08/08,2025/11/18,6.88,5.050000190734863,7.309999942779541,69.0,,,,,,10.4046,4.6025,9.7817,0.0,8.708900451660156,10.0239,10.889,45.5632,41.2838,39.4382,1.1535,2026-08-09
swsh1-205,Stonjourner VMAX,holofoil,Sword & Shield,205,Rare Rainbow,5ban Graphics,VMAX,874,Pokémon,2020/02/07,"tcgplayer,cardmarket",https://prices.pokemontcg.io/tcgplayer/swsh1-205,https://images.pokemontcg.io/swsh1/205_hires.png,2026/08/08,2025/11/18,6.72,4.989999771118164,7.579999923706055,77.37999725341797,,,,,,8.6974,2.8838,7.8784,0.0,6.574999809265137,8.7551,8.2591,25.8961,22.078,21.4897,1.1535,2026-08-09
sm10-195,Dedenne-GX,holofoil,Unbroken Bonds,195,Rare Ultra,5ban Graphics,Basic|GX,702,Pokémon,2019/05/03,"tcgplayer,cardmarket",https://prices.pokemontcg.io/tcgplayer/sm10-195,https://images.pokemontcg.io/sm10/195_hires.png,2026/08/08,2025/11/18,24.69,30.0,99.5,171.30999755859375,,,,,,11.9964,3.3451,12.5616,0.0,10.958200454711914,12.6193,12.2156,9.228,16.472,16.7257,1.1535,2026-08-09
xyp-XY200,M Sharpedo-EX,holofoil,XY Black Star Promos,XY200,Promo,5ban Graphics,MEGA|EX,319,Pokémon,2013/10/12,"tcgplayer,cardmarket",https://prices.pokemontcg.io/tcgplayer/xyp-XY200,https://images.pokemontcg.io/xyp/XY200_hires.png,2026/08/08,2025/11/18,24.67,14.84000015258789,19.739999771118164,31.360000610351562,,,,,,35.9085,15.9183,34.6511,0.0,34.489601135253906,35.0549,31.2022,2.2955,5.9059,5.8713,1.1535,2026-08-09
smp-SM216,Porygon-Z-GX,holofoil,SM Black Star Promos,SM216,Promo,PLANETA Tsuji,Stage 2|GX,474,Pokémon,2017/02/03,"tcgplayer,cardmarket",https://prices.pokemontcg.io/tcgplayer/smp-SM216,https://images.pokemontcg.io/smp/SM216_hires.png,2026/08/08,2025/11/18,5.39,3.0899999141693115,5.400000095367432,119.68000030517578,,,,,,2.0417,0.8074,1.8687,0.0,1.6726000308990479,2.2263,2.1801,2.0763,2.803,2.9645,1.1535,2026-08-09
swsh4-203,Telescopic Sight,holofoil,Vivid Voltage,203,Rare Secret,Toyste Beach,Pokémon Tool,,Trainer,2020/11/13,"tcgplayer,cardmarket",https://prices.pokemontcg.io/tcgplayer/swsh4-203,https://images.pokemontcg.io/swsh4/203_hires.png,2026/08/08,2025/11/18,1.91,1.4500000476837158,2.2200000286102295,20.0,,,,,,3.6335,2.1916,3.9911,0.0,5.75600004196167,4.1295,4.0603,14.4187,15.0647,17.0372,1.1535,2026-08-09
sm12-214,Blastoise & Piplup-GX,holofoil,Cosmic Eclipse,214,Rare Ultra,5ban Graphics,Basic|TAG TEAM|GX,9|393,Pokémon,2019/11/01,"tcgplayer,cardmarket",https://prices.pokemontcg.io/tcgplayer/sm12-214,https://images.pokemontcg.io/sm12/214_hires.png,2026/08/08,2025/11/18,89.21,79.9800033569336,140.50999450683594,620.0,,,,,,56.4984,17.3025,50.9501,0.0,28.837499618530273,52.715,37.1312,17.3025,21.109,16.6796,1.1535,2026-08-09
sm11-200,Hapu,normal,Unified Minds,200,Uncommon,Ken Sugimori,Supporter,,Trainer,2019/08/02,"tcgplayer,cardmarket",https://prices.pokemontcg.io/tcgplayer/sm11-200,https://images.pokemontcg.io/sm11/200_hires.png,2026/08/08,2025/11/18,0.33,0.18000000715255737,0.3499999940395355,1.4900000095367432,,0.69,,,,0.0577,0.1154,0.0923,0.0,0.05770000070333481,0.2076,0.2076,0.0,0.0,0.0,1.1535,2026-08-09
swsh1-206,Snorlax VMAX,holofoil,Sword & Shield,206,Rare Rainbow,aky CG Works,VMAX,143,Pokémon,2020/02/07,"tcgplayer,cardmarket",https://prices.pokemontcg.io/tcgplayer/swsh1-206,https://images.pokemontcg.io/swsh1/206_hires.png,2026/08/08,2025/11/18,108.18,99.98999786376953,118.19000244140625,3496.449951171875,,,,,,46.3476,20.1286,47.3396,0.0,26.530500411987305,48.2509,57.3405,28.8375,42.2642,53.9377,1.1535,2026-08-09
xyp-XY200a,M Sharpedo-EX,,XY Black Star Promos,XY200a,Promo,5ban Graphics,MEGA|EX,319,Pokémon,2013/10/12,cardmarket,https://prices.pokemontcg.io/cardmarket/xyp-XY200a,https://images.pokemontcg.io/xyp/XY200a_hires.png,,2025/11/18,,,,,,,,,,98.0475,40.7993,83.8018,0.0,68.05650329589844,73.5241,46.3938,9.1011,6.5403,4.5448,1.1535,2026-08-09
swsh3-198,Coalossal,holofoil,Darkness Ablaze,198,Rare Secret,PLANETA Tsuji,Stage 2,839,Pokémon,2020/08/14,"tcgplayer,cardmarket",https://prices.pokemontcg.io/tcgplayer/swsh3-198,https://images.pokemontcg.io/swsh3/198_hires.png,2026/08/08,2025/11/18,4.83,3.990000009536743,5.829999923706055,49.95000076293945,,,,,,10.0931,5.756,9.4241,0.0,5.767499923706055,9.6548,10.4046,35.7585,35.3778,36.4506,1.1535,2026-08-09
sm8-200,Suicune-GX,holofoil,Lost Thunder,200,Rare Ultra,5ban Graphics,Basic|GX,245,Pokémon,2018/11/02,"tcgplayer,cardmarket",https://prices.pokemontcg.io/tcgplayer/sm8-200,https://images.pokemontcg.io/sm8/200_hires.png,2026/08/08,2025/11/18,25.32,25.31999969482422,29.610000610351562,228.60000610351562,,,,,,18.0638,8.0745,28.826,0.0,14.995499610900879,18.0869,27.3033,19.6095,19.5403,14.9032,1.1535,2026-08-09
smp-SM217,Trevenant & Dusknoir-GX,holofoil,SM Black Star Promos,SM217,Promo,Mitsuhiro Arita,Basic|TAG TEAM|GX,477|709,Pokémon,2017/02/03,"tcgplayer,cardmarket",https://prices.pokemontcg.io/tcgplayer/smp-SM217,https://images.pokemontcg.io/smp/SM217_hires.png,2026/08/08,2025/11/18,21.51,19.31999969482422,23.56999969482422,168.1999969482422,,,,,,12.8385,1.1535,11.9964,0.0,3.8757998943328857,10.866,12.2386,3.7143,3.5758,3.4836,1.1535,2026-08-09
sm12-215,Blastoise & Piplup-GX,holofoil,Cosmic Eclipse,215,Rare Ultra,Akira Komayama,Basic|TAG TEAM|GX,9|393,Pokémon,2019/11/01,"tcgplayer,cardmarket",https://prices.pokemontcg.io/tcgplayer/sm12-215,https://images.pokemontcg.io/sm12/215_hires.png,2026/08/08,2025/11/18,463.39,418.510009765625,570.6900024414062,1499.989990234375,,,,,,214.3549,55.6564,197.9867,0.0,218.01150512695312,214.874,291.2357,23.0585,32.0442,29.5642,1.1535,2026-08-09
sm11-201,Karate Belt,normal,Unified Minds,201,Uncommon,Yoshinobu Saito,Pokémon Tool,,Trainer,2019/08/02,"tcgplayer,cardmarket",https://prices.pokemontcg.io/tcgplayer/sm11-201,https://images.pokemontcg.io/sm11/201_hires.png,2026/08/08,2025/11/18,0.24,0.05000000074505806,0.25,1.690000057220459,,0.54,,,,0.173,0.0231,0.173,0.6114,0.23070000112056732,0.1846,0.1846,0.646,0.5652,0.5998,1.1535,2026-08-09
xyp-XY201,Sharpedo Spirit Link,normal,XY Black Star Promos,XY201,Promo,5ban Graphics,Pokémon Tool,,Trainer,2013/10/12,"tcgplayer,cardmarket",https://prices.pokemontcg.io/tcgplayer/xyp-XY201,https://images.pokemontcg.io/xyp/XY201_hires.png,2026/08/08,2025/11/18,2.85,1.9500000476837158,2.990000009536743,39.79999923706055,,,,,,3.6912,2.307,3.7835,0.0,3.22979998588562,3.3913,3.3336,3.4028,1.7995,1.7995,1.1535,2026-08-09
sm10-196,Muk & Alolan Muk-GX,holofoil,Unbroken Bonds,196,Rare Ultra,5ban Graphics,Basic|TAG TEAM|GX,89,Pokémon,2019/05/03,"tcgplayer,cardmarket",https://prices.pokemontcg.io/tcgplayer/sm10-196,https://images.pokemontcg.io/sm10/196_hires.png,2026/08/08,2025/11/18,30.85,22.40999984741211,31.31999969482422,229.89999389648438,,,,,,16.7027,6.8633,15.5838,0.0,9.227999687194824,15.33,14.2803,7.9592,8.6974,9.3895,1.1535,2026-08-09
swsh3-199,Big Parasol,holofoil,Darkness Ablaze,199,Rare Secret,Toyste Beach,Pokémon Tool,,Trainer,2020/08/14,"tcgplayer,cardmarket",https://prices.pokemontcg.io/tcgplayer/swsh3-199,https://images.pokemontcg.io/swsh3/199_hires.png,2026/08/08,2025/11/18,2.07,1.600000023841858,2.490000009536743,20.0,,,,,,4.4986,1.1535,4.1295,0.0,4.037300109863281,4.118,4.3372,13.8305,14.7071,14.6494,1.1535,2026-08-09
sm8-201,Zeraora-GX,holofoil,Lost Thunder,201,Rare Ultra,PLANETA Otani,Basic|GX,807,Pokémon,2018/11/02,"tcgplayer,cardmarket",https://prices.pokemontcg.io/tcgplayer/sm8-201,https://images.pokemontcg.io/sm8/201_hires.png,2026/08/08,2025/11/18,31.64,40.0,69.98999786376953,106.6500015258789,,,,,,18.8251,6.8633,21.7896,0.0,24.211999893188477,21.3744,21.5358,14.7071,14.9378,16.3566,1.1535,2026-08-09
swsh1-207,Bede,holofoil,Sword & Shield,207,Rare Rainbow,Naoki Saito,Supporter,,Trainer,2020/02/07,"tcgplayer,cardmarket",https://prices.pokemontcg.io/tcgplayer/swsh1-207,https://images.pokemontcg.io/swsh1/207_hires.png,2026/08/08,2025/11/18,4.87,3.0,5.0,35.63999938964844,,,,,,5.7329,2.307,6.2635,0.0,6.736400127410889,6.252,6.1597,19.6095,18.4445,18.8713,1.1535,2026-08-09
smp-SM218,Buzzwole,holofoil,SM Black Star Promos,SM218,Promo,Kouki Saitou,Basic|Ultra Beast,794,Pokémon,2017/02/03,"tcgplayer,cardmarket",https://prices.pokemontcg.io/tcgplayer/smp-SM218,https://images.pokemontcg.io/smp/SM218_hires.png,2026/08/08,2025/11/18,6.17,4.849999904632568,6.360000133514404,43.0,,,,,,7.1056,1.8456,7.5439,0.0,10.958200454711914,6.1366,5.3984,1.6149,5.3407,3.4951,1.1535,2026-08-09
sm12-216,Solgaleo & Lunala-GX,holofoil,Cosmic Eclipse,216,Rare Ultra,Hideki Ishikawa,Basic|TAG TEAM|GX,791|792,Pokémon,2019/11/01,"tcgplayer,cardmarket",https://prices.pokemontcg.io/tcgplayer/sm12-216,https://images.pokemontcg.io/sm12/216_hires.png,2026/08/08,2025/11/18,315.32,250.0,313.95001220703125,1296.43994140625,,,,,,188.9548,46.1285,243.5385,0.0,86.51249694824219,189.5777,248.8907,57.6635,45.3095,42.3681,1.1535,2026-08-09
sm11-202,Misty's Favor,normal,Unified Minds,202,Uncommon,Hideki Ishikawa,Supporter,,Trainer,2019/08/02,"tcgplayer,cardmarket",https://prices.pokemontcg.io/tcgplayer/sm11-202,https://images.pokemontcg.io/sm11/202_hires.png,2026/08/08,2025/11/18,1.35,1.1399999856948853,1.4900000095367432,18.940000534057617,,8.52,,,,0.3922,0.0231,0.3691,1.7879,0.31139999628067017,0.4037,0.3807,0.646,1.6841,1.6034,1.1535,2026-08-09
xyp-XY202,Pikachu,,XY Black Star Promos,XY202,Promo,Ken Sugimori,Basic,25,Pokémon,2013/10/12,cardmarket,https://prices.pokemontcg.io/cardmarket/xyp-XY202,https://images.pokemontcg.io/xyp/XY202_hires.png,,2025/11/18,,,,,,,,,,32.2749,16.1259,25.1002,0.0,13.842000007629395,26.0114,23.5199,32.298,23.7044,8.0053,1.1535,2026-08-09
swsh1-208,Marnie,holofoil,Sword & Shield,208,Rare Rainbow,kirisAki,Supporter,,Trainer,2020/02/07,"tcgplayer,cardmarket",https://prices.pokemontcg.io/tcgplayer/swsh1-208,https://images.pokemontcg.io/swsh1/208_hires.png,2026/08/08,2025/11/18,23.3,18.479999542236328,23.06999969482422,69.98999786376953,,,,,,16.3682,5.7675,23.4045,0.0,46.13999938964844,22.7816,18.306,52.4842,47.951,47.0051,1.1535,2026-08-09
swsh3-200,Turbo Patch,holofoil,Darkness Ablaze,200,Rare Secret,Toyste Beach,Item,,Trainer,2020/08/14,"tcgplayer,cardmarket",https://prices.pokemontcg.io/tcgplayer/swsh3-200,https://images.pokemontcg.io/swsh3/200_hires.png,2026/08/08,2025/11/18,2.64,1.9800000190734863,2.950000047683716,45.9900016784668,,,,,,4.5563,1.7187,4.614,0.0,4.037300109863281,3.7835,4.4294,6.921,14.7187,14.7879,1.1535,2026-08-09
sm10-197,Muk & Alolan Muk-GX,holofoil,Unbroken Bonds,197,Rare Ultra,Masakazu Fukuda,Basic|TAG TEAM|GX,89,Pokémon,2019/05/03,"tcgplayer,cardmarket",https://prices.pokemontcg.io/tcgplayer/sm10-197,https://images.pokemontcg.io/sm10/197_hires.png,2026/08/08,2025/11/18,107.95,89.94000244140625,101.11000061035156,903.5999755859375,,,,,,204.4579,19.6095,205.0231,0.0,115.3385009765625,188.7241,88.0928,17.3025,18.0984,13.7959,1.1535,2026-08-09
sm8-202,Sigilyph-GX,holofoil,Lost Thunder,202,Rare Ultra,PLANETA Igarashi,Basic|GX,561,Pokémon,2018/11/02,"tcgplayer,cardmarket",https://prices.pokemontcg.io/tcgplayer/sm8-202,https://images.pokemontcg.io/sm8/202_hires.png,2026/08/08,2025/11/18,4.48,3.0,4.699999809265137,37.099998474121094,,,,,,6.8749,1.1189,5.8136,0.0,4.613999843597412,5.9521,5.4215,5.1792,5.2254,4.3256,1.1535,2026-08-09
smp-SM219,Entei,holofoil,SM Black Star Promos,SM219,Promo,Ryuta Fuse,Basic,244,Pokémon,2017/02/03,"tcgplayer,cardmarket",https://prices.pokemontcg.io/tcgplayer/smp-SM219,https://images.pokemontcg.io/smp/SM219_hires.png,2026/08/08,2025/11/18,19.8,13.300000190734863,19.989999771118164,268.32000732421875,,,,,,16.7142,9.228,52.8534,0.0,17.291000366210938,50.6733,29.7488,12.6885,20.3131,9.7125,1.1535,2026-08-09
sm12-217,Oricorio-GX,holofoil,Cosmic Eclipse,217,Rare Ultra,PLANETA Tsuji,Basic|GX,741,Pokémon,2019/11/01,"tcgplayer,cardmarket",https://prices.pokemontcg.io/tcgplayer/sm12-217,https://images.pokemontcg.io/sm12/217_hires.png,2026/08/08,2025/11/18,6.31,5.28000020980835,7.900000095367432,60.400001525878906,,,,,,4.7755,1.7302,4.9831,0.0,6.921000003814697,5.0754,5.0985,8.0745,7.5093,7.567,1.1535,2026-08-09
sm11-203,Normalium Z: Tackle,normal,Unified Minds,203,Uncommon,5ban Graphics,Pokémon Tool,,Trainer,2019/08/02,"tcgplayer,cardmarket",https://prices.pokemontcg.io/tcgplayer/sm11-203,https://images.pokemontcg.io/sm11/203_hires.png,2026/08/08,2025/11/18,0.19,0.07000000029802322,0.25,19.979999542236328,,0.41,,,,0.2538,0.0231,0.1846,0.4614,0.05770000070333481,0.2076,0.173,0.5767,0.4729,0.4153,1.1535,2026-08-09
xyp-XY203,Gym Badge,holofoil,XY Black Star Promos,XY203,Promo,Ryo Ueda,Item,,Trainer,2013/10/12,"tcgplayer,cardmarket",https://prices.pokemontcg.io/tcgplayer/xyp-XY203,https://images.pokemontcg.io/xyp/XY203_hires.png,2026/08/08,2025/11/18,20.15,12.989999771118164,22.1299991607666,258.8999938964844,,,,,,13.4959,9.228,21.6397,0.0,12.91919994354248,20.8437,14.984,34.605,16.472,6.748,1.1535,2026-08-09
sm8-203,Tyranitar-GX,holofoil,Lost Thunder,203,Rare Ultra,5ban Graphics,Stage 2|GX,248,Pokémon,2018/11/02,"tcgplayer,cardmarket",https://prices.pokemontcg.io/tcgplayer/sm8-203,https://images.pokemontcg.io/sm8/203_hires.png,2026/08/08,2025/11/18,35.31,31.969999313354492,51.970001220703125,272.6000061035156,,,,,,18.2599,5.6522,18.3407,0.0,16.14900016784668,15.6299,16.7373,11.535,14.1881,10.889,1.1535,2026-08-09
swsh1-209,Professor's Research (Professor Magnolia),holofoil,Sword & Shield,209,Rare Rainbow,Yusuke Ohmura,Supporter,,Trainer,2020/02/07,"tcgplayer,cardmarket",https://prices.pokemontcg.io/tcgplayer/swsh1-209,https://images.pokemontcg.io/swsh1/209_hires.png,2026/08/08,2025/11/18,3.91,2.700000047683716,4.340000152587891,19.989999771118164,,,,,,6.3442,4.6025,6.3904,0.0,6.921000003814697,6.0789,6.8172,28.826,19.8748,19.8056,1.1535,2026-08-09
smp-SM220,Phione,holofoil,SM Black Star Promos,SM220,Promo,Kagemaru Himeno,Basic,489,Pokémon,2017/02/03,"tcgplayer,cardmarket",https://prices.pokemontcg.io/tcgplayer/smp-SM220,https://images.pokemontcg.io/smp/SM220_hires.png,2026/08/08,2025/11/18,12.38,13.949999809265137,27.479999542236328,206.39999389648438,,,,,,17.291,3.4605,11.0621,0.0,5.767499923706055,8.2475,8.7551,5.1907,5.0869,5.7906,1.1535,2026-08-09
swsh3-201,Capture Energy,holofoil,Darkness Ablaze,201,Rare Secret,,Special,,Energy,2020/08/14,"tcgplayer,cardmarket",https://prices.pokemontcg.io/tcgplayer/swsh3-201,https://images.pokemontcg.io/swsh3/201_hires.png,2026/08/08,2025/11/18,2.84,2.0,3.0299999713897705,39.0,,,,,,5.8944,2.5377,5.1331,0.0,3.2183001041412354,6.1366,5.6752,23.0585,14.6956,15.1801,1.1535,2026-08-09
sm10-198,Marshadow & Machamp-GX,holofoil,Unbroken Bonds,198,Rare Ultra,5ban Graphics,Basic|TAG TEAM|GX,68|802,Pokémon,2019/05/03,"tcgplayer,cardmarket",https://prices.pokemontcg.io/tcgplayer/sm10-198,https://images.pokemontcg.io/sm10/198_hires.png,2026/08/08,2025/11/18,40.36,40.0,47.38999938964844,359.3999938964844,,,,,,31.7789,6.921,36.1046,0.0,32.2864990234375,33.5899,29.9218,13.2883,13.0461,10.1162,1.1535,2026-08-09
sm12-218,Flygon-GX,holofoil,Cosmic Eclipse,218,Rare Ultra,PLANETA Tsuji,Stage 2|GX,330,Pokémon,2019/11/01,"tcgplayer,cardmarket",https://prices.pokemontcg.io/tcgplayer/sm12-218,https://images.pokemontcg.io/sm12/218_hires.png,2026/08/08,2025/11/18,15.05,12.359999656677246,15.989999771118164,107.80000305175781,,,,,,5.6637,2.7684,7.3478,0.0,9.227999687194824,7.8092,7.0248,6.921,9.1011,8.063,1.1535,2026-08-09
sm11-204,Poké Maniac,normal,Unified Minds,204,Uncommon,Hitoshi Ariga,Supporter,,Trainer,2019/08/02,"tcgplayer,cardmarket",https://prices.pokemontcg.io/tcgplayer/sm11-204,https://images.pokemontcg.io/sm11/204_hires.png,2026/08/08,2025/11/18,0.3,0.10000000149011612,0.28999999165534973,19.979999542236328,,0.42,,,,0.173,0.0231,0.15,0.4383,0.17299999296665192,0.173,0.173,0.5767,0.7498,0.5998,1.1535,2026-08-09
xyp-XY204,Gym Badge,holofoil,XY Black Star Promos,XY204,Promo,Ryo Ueda,Item,,Trainer,2013/10/12,"tcgplayer,cardmarket",https://prices.pokemontcg.io/tcgplayer/xyp-XY204,https://images.pokemontcg.io/xyp/XY204_hires.png,2026/08/08,2025/11/18,55.75,46.709999084472656,69.9800033569336,2495.570068359375,,,,,,16.795,11.535,16.2644,0.0,16.137500762939453,16.795,16.5527,46.14,17.8792,7.3824,1.1535,2026-08-09
smp-SM221,Blacephalon,holofoil,SM Black Star Promos,SM221,Promo,Shin Nagasawa,Basic|Ultra Beast,806,Pokémon,2017/02/03,"tcgplayer,cardmarket",https://prices.pokemontcg.io/tcgplayer/smp-SM221,https://images.pokemontcg.io/smp/SM221_hires.png,2026/08/08,2025/11/18,10.62,19.989999771118164,24.5,117.19999694824219,,,,,,15.4684,3.2298,10.6814,0.0,7.809199810028076,9.5971,9.6202,5.6175,6.6211,5.8482,1.1535,2026-08-09
swsh1-210,Team Yell Grunt,holofoil,Sword & Shield,210,Rare Rainbow,nagimiso,Supporter,,Trainer,2020/02/07,"tcgplayer,cardmarket",https://prices.pokemontcg.io/tcgplayer/swsh1-210,https://images.pokemontcg.io/swsh1/210_hires.png,2026/08/08,2025/11/18,4.56,3.700000047683716,4.989999771118164,96.94999694824219,,,,,,6.7249,1.1535,6.0905,0.0,10.369999885559082,6.7249,6.4481,11.535,15.8837,16.1721,1.1535,2026-08-09
sm8-204,Genesect-GX,holofoil,Lost Thunder,204,Rare Ultra,Yoshinobu Saito,Basic|GX,649,Pokémon,2018/11/02,"tcgplayer,cardmarket",https://prices.pokemontcg.io/tcgplayer/sm8-204,https://images.pokemontcg.io/sm8/204_hires.png,2026/08/08,2025/11/18,7.99,4.730000019073486,8.0,60.0,,,,,,6.598,2.2493,6.6903,0.0,5.421500205993652,6.9902,6.6096,5.756,5.4791,4.8678,1.1535,2026-08-09
sm10-199,Marshadow & Machamp-GX,holofoil,Unbroken Bonds,199,Rare Ultra,You Iribi,Basic|TAG TEAM|GX,68|802,Pokémon,2019/05/03,"tcgplayer,cardmarket",https://prices.pokemontcg.io/tcgplayer/sm10-199,https://images.pokemontcg.io/sm10/199_hires.png,2026/08/08,2025/11/18,234.72,165.99000549316406,237.0,399.95001220703125,,,,,,121.106,51.9075,148.3516,0.0,109.5824966430664,130.6685,133.483,29.991,23.1623,18.779,1.1535,2026-08-09
sm12-219,Alolan Persian-GX,holofoil,Cosmic Eclipse,219,Rare Ultra,PLANETA Tsuji,Stage 1|GX,53,Pokémon,2019/11/01,"tcgplayer,cardmarket",https://prices.pokemontcg.io/tcgplayer/sm12-219,https://images.pokemontcg.io/sm12/219_hires.png,2026/08/08,2025/11/18,6.49,4.75,6.989999771118164,893.6099853515625,,,,,,5.5483,1.7187,4.9024,0.0,4.613999843597412,4.9716,5.1792,8.0745,6.0097,6.7249,1.1535,2026-08-09
sm11-205,Pokémon Research Lab,normal,Unified Minds,205,Uncommon,aky CG Works,Stadium,,Trainer,2019/08/02,"tcgplayer,cardmarket",https://prices.pokemontcg.io/tcgplayer/sm11-205,https://images.pokemontcg.io/sm11/205_hires.png,2026/08/08,2025/11/18,0.32,0.15000000596046448,0.3199999928474426,18.700000762939453,,0.7,,,,0.1154,0.0231,0.346,0.5191,0.11540000140666962,0.4268,0.2999,0.5191,0.4153,0.6229,1.1535,2026-08-09
smp-SM222,Mismagius,holofoil,SM Black Star Promos,SM222,Promo,Sumiyoshi Kizuki,Stage 1,429,Pokémon,2017/02/03,"tcgplayer,cardmarket",https://prices.pokemontcg.io/tcgplayer/smp-SM222,https://images.pokemontcg.io/smp/SM222_hires.png,2026/08/08,2025/11/18,0.62,0.4000000059604645,0.75,17.81999969482422,,,,,,1.4649,0.3345,1.4188,0.0,1.153499960899353,1.3957,1.0612,1.1535,0.992,0.9689,1.1535,2026-08-09
xyp-XY205,Gym Badge,holofoil,XY Black Star Promos,XY205,Promo,Ryo Ueda,Item,,Trainer,2013/10/12,"tcgplayer,cardmarket",https://prices.pokemontcg.io/tcgplayer/xyp-XY205,https://images.pokemontcg.io/xyp/XY205_hires.png,2026/08/08,2025/11/18,16.44,10.479999542236328,21.950000762939453,154.63999938964844,,,,,,8.732,4.614,5.5599,0.0,4.602499961853027,8.2591,7.1632,17.3025,12.1925,5.1677,1.1535,2026-08-09
swsh1-211,Zacian V,holofoil,Sword & Shield,211,Rare Secret,5ban Graphics,Basic|V,888,Pokémon,2020/02/07,"tcgplayer,cardmarket",https://prices.pokemontcg.io/tcgplayer/swsh1-211,https://images.pokemontcg.io/swsh1/211_hires.png,2026/08/08,2025/11/18,21.74,13.25,21.709999084472656,148.39999389648438,,,,,,29.1143,9.228,29.3335,0.0,25.37700080871582,28.6183,27.5571,84.1478,96.721,87.9659,1.1535,2026-08-09
sm8-205,Alolan Ninetales-GX,holofoil,Lost Thunder,205,Rare Ultra,5ban Graphics,Stage 1|GX,38,Pokémon,2018/11/02,"tcgplayer,cardmarket",https://prices.pokemontcg.io/tcgplayer/sm8-205,https://images.pokemontcg.io/sm8/205_hires.png,2026/08/08,2025/11/18,33.62,46.540000915527344,52.79999923706055,292.3999938964844,,,,,,19.5057,7.3247,16.9449,0.0,11.523500442504883,18.306,17.8216,11.535,10.3123,10.4507,1.1535,2026-08-09
sm10-200,Greninja & Zoroark-GX,holofoil,Unbroken Bonds,200,Rare Ultra,5ban Graphics,Basic|TAG TEAM|GX,571|658,Pokémon,2019/05/03,"tcgplayer,cardmarket",https://prices.pokemontcg.io/tcgplayer/sm10-200,https://images.pokemontcg.io/sm10/200_hires.png,2026/08/08,2025/11/18,64.36,59.9900016784668,96.94000244140625,423.6000061035156,,,,,,53.6262,17.3025,39.5766,0.0,43.82149887084961,35.2164,33.2208,10.3815,9.8624,10.2546,1.1535,2026-08-09
smp-SM223,Terrakion,holofoil,SM Black Star Promos,SM223,Promo,Masakazu Fukuda,Basic,639,Pokémon,2017/02/03,"tcgplayer,cardmarket",https://prices.pokemontcg.io/tcgplayer/smp-SM223,https://images.pokemontcg.io/smp/SM223_hires.png,2026/08/08,2025/11/18,0.37,0.17000000178813934,0.49000000953674316,19.979999542236328,,,,,,0.9228,0.2884,1.4303,0.0,0.7498000264167786,1.165,1.5918,1.0266,1.2112,1.4419,1.1535,2026-08-09
sm11-206,Reset Stamp,normal,Unified Minds,206,Uncommon,sadaji,Item,,Trainer,2019/08/02,"tcgplayer,cardmarket",https://prices.pokemontcg.io/tcgplayer/sm11-206,https://images.pokemontcg.io/sm11/206_hires.png,2026/08/08,2025/11/18,0.27,0.18000000715255737,0.3199999928474426,18.979999542236328,,0.83,,,,0.323,0.0231,0.2884,0.2307,0.09229999780654907,0.1961,0.2653,0.2307,0.819,0.7152,1.1535,2026-08-09
xyp-XY206,Gym Badge,holofoil,XY Black Star Promos,XY206,Promo,Ryo Ueda,Item,,Trainer,2013/10/12,"tcgplayer,cardmarket",https://prices.pokemontcg.io/tcgplayer/xyp-XY206,https://images.pokemontcg.io/xyp/XY206_hires.png,2026/08/08,2025/11/18,25.99,26.06999969482422,41.970001220703125,356.010009765625,,,,,,10.3469,8.0168,9.1588,0.0,9.216500282287598,9.874,7.74,20.7515,9.4818,5.6175,1.1535,2026-08-09
sm12-220,Arceus & Dialga & Palkia-GX,holofoil,Cosmic Eclipse,220,Rare Ultra,5ban Graphics,Basic|TAG TEAM|GX,483|484|493,Pokémon,2019/11/01,"tcgplayer,cardmarket",https://prices.pokemontcg.io/tcgplayer/sm12-220,https://images.pokemontcg.io/sm12/220_hires.png,2026/08/08,2025/11/18,57.63,48.130001068115234,64.93000030517578,150.0,,,,,,58.7939,26.519,52.888,0.0,103.69969940185547,55.7948,50.8117,28.8375,26.9919,26.4036,1.1535,2026-08-09
sm8-206,Mimikyu-GX,holofoil,Lost Thunder,206,Rare Ultra,5ban Graphics,Basic|GX,778,Pokémon,2018/11/02,"tcgplayer,cardmarket",https://prices.pokemontcg.io/tcgplayer/sm8-206,https://images.pokemontcg.io/sm8/206_hires.png,2026/08/08,2025/11/18,110.46,115.9800033569336,202.13999938964844,902.2100219726562,,,,,,20.3593,10.9467,36.6928,0.0,14.995499610900879,30.6946,29.0221,21.905,18.3868,13.0807,1.1535,2026-08-09
swsh1-212,Zamazenta V,holofoil,Sword & Shield,212,Rare Secret,aky CG Works,Basic|V,889,Pokémon,2020/02/07,"tcgplayer,cardmarket",https://prices.pokemontcg.io/tcgplayer/swsh1-212,https://images.pokemontcg.io/swsh1/212_hires.png,2026/08/08,2025/11/18,14.99,9.430000305175781,15.0,106.0,,,,,,26.692,10.37,24.1197,0.0,16.137500762939453,25.054,25.9884,63.4425,76.2579,67.3759,1.1535,2026-08-09
smp-SM224,Celebi,holofoil,SM Black Star Promos,SM224,Promo,Mizue,Basic,251,Pokémon,2017/02/03,"tcgplayer,cardmarket",https://prices.pokemontcg.io/tcgplayer/smp-SM224,https://images.pokemontcg.io/smp/SM224_hires.png,2026/08/08,2025/11/18,5.62,2.990000009536743,6.0,70.30000305175781,,,,,,3.3913,0.4614,3.3221,0.0,1.7302000522613525,4.0949,2.953,0.8074,1.2112,0.9689,1.1535,2026-08-09
sm12-221,Arceus & Dialga & Palkia-GX,holofoil,Cosmic Eclipse,221,Rare Ultra,Kouki Saitou,Basic|TAG TEAM|GX,483|484|493,Pokémon,2019/11/01,"tcgplayer,cardmarket",https://prices.pokemontcg.io/tcgplayer/sm12-221,https://images.pokemontcg.io/sm12/221_hires.png,2026/08/08,2025/11/18,549.2,475.0,603.8499755859375,4156.1298828125,,,,,,154.7651,115.3385,265.455,0.0,98.04750061035156,289.367,286.0795,115.35,108.6366,103.7112,1.1535,2026-08-09
sm11-206a,Reset Stamp,,Unified Minds,206a,Uncommon,OOYAMA,Item,,Trainer,2019/08/02,cardmarket,https://prices.pokemontcg.io/cardmarket/sm11-206a,https://images.pokemontcg.io/sm11/206a_hires.png,,2025/11/18,,,,,,,,,,0.2999,0.0807,0.3576,0.0,1.153499960899353,0.3807,0.3576,0.2307,0.2884,0.2884,1.1535,2026-08-09
xyp-XY207,Gym Badge,holofoil,XY Black Star Promos,XY207,Promo,Ryo Ueda,Item,,Trainer,2013/10/12,"tcgplayer,cardmarket",https://prices.pokemontcg.io/tcgplayer/xyp-XY207,https://images.pokemontcg.io/xyp/XY207_hires.png,2026/08/08,2025/11/18,16.45,7.289999961853027,16.75,193.08999633789062,,,,,,8.5244,5.7675,6.8864,0.0,8.962699890136719,8.5705,7.4862,17.3025,9.2857,5.1446,1.1535,2026-08-09
sm8-207,Lugia-GX,holofoil,Lost Thunder,207,Rare Ultra,PLANETA Igarashi,Basic|GX,249,Pokémon,2018/11/02,"tcgplayer,cardmarket",https://prices.pokemontcg.io/tcgplayer/sm8-207,https://images.pokemontcg.io/sm8/207_hires.png,2026/08/08,2025/11/18,111.74,106.79000091552734,150.0,1013.0999755859375,,,,,,68.0565,23.07,81.2756,0.0,114.19650268554688,77.6652,102.5808,63.4425,79.9606,56.7061,1.1535,2026-08-09
swsh1-213,Air Balloon,holofoil,Sword & Shield,213,Rare Secret,Yoshinobu Saito,Pokémon Tool,,Trainer,2020/02/07,"tcgplayer,cardmarket",https://prices.pokemontcg.io/tcgplayer/swsh1-213,https://images.pokemontcg.io/swsh1/213_hires.png,2026/08/08,2025/11/18,12.53,9.630000114440918,14.59000015258789,64.98999786376953,,,,,,34.2359,16.1375,34.3282,0.0,36.012298583984375,34.4896,35.6316,28.826,20.8899,20.3362,1.1535,2026-08-09
sm10-201,Greninja & Zoroark-GX,holofoil,Unbroken Bonds,201,Rare Ultra,kodama,Basic|TAG TEAM|GX,571|658,Pokémon,2019/05/03,"tcgplayer,cardmarket",https://prices.pokemontcg.io/tcgplayer/sm10-201,https://images.pokemontcg.io/sm10/201_hires.png,2026/08/08,2025/11/18,334.31,250.0,417.0,1300.0,,,,,,153.4155,57.6173,268.604,0.0,161.49000549316406,271.0725,200.0054,27.5686,21.5589,20.1401,1.1535,2026-08-09
smp-SM225,Victini,holofoil,SM Black Star Promos,SM225,Promo,nagimiso,Basic,494,Pokémon,2017/02/03,"tcgplayer,cardmarket",https://prices.pokemontcg.io/tcgplayer/smp-SM225,https://images.pokemontcg.io/smp/SM225_hires.png,2026/08/08,2025/11/18,1.67,0.25,1.7300000190734863,49.97999954223633,,,,,,1.2919,0.2884,1.2342,0.0,1.7302000522613525,1.2919,1.2919,1.7187,2.0302,1.2919,1.1535,2026-08-09
sm12-222,Reshiram & Zekrom-GX,holofoil,Cosmic Eclipse,222,Rare Ultra,Naoki Saito,Basic|TAG TEAM|GX,643|644,Pokémon,2019/11/01,"tcgplayer,cardmarket",https://prices.pokemontcg.io/tcgplayer/sm12-222,https://images.pokemontcg.io/sm12/222_hires.png,2026/08/08,2025/11/18,413.07,334.95001220703125,455.0,767.6900024414062,,,,,,296.4726,80.745,303.9357,0.0,230.68850708007812,257.1728,279.8391,40.3725,41.3645,37.9617,1.1535,2026-08-09
xyp-XY208,Gym Badge,holofoil,XY Black Star Promos,XY208,Promo,Ryo Ueda,Item,,Trainer,2013/10/12,"tcgplayer,cardmarket",https://prices.pokemontcg.io/tcgplayer/xyp-XY208,https://images.pokemontcg.io/xyp/XY208_hires.png,2026/08/08,2025/11/18,36.45,37.9900016784668,48.0,398.6199951171875,,,,,,7.8092,5.7675,7.9476,0.0,11.523500442504883,8.732,6.8749,11.535,5.3868,3.7258,1.1535,2026-08-09
sm8-208,Faba,holofoil,Lost Thunder,208,Rare Ultra,take,Supporter,,Trainer,2018/11/02,"tcgplayer,cardmarket",https://prices.pokemontcg.io/tcgplayer/sm8-208,https://images.pokemontcg.io/sm8/208_hires.png,2026/08/08,2025/11/18,12.06,9.0,12.130000114440918,39.9900016784668,,,,,,12.0887,4.614,13.3114,0.0,14.418700218200684,14.8686,12.2271,7.8092,8.1783,8.2821,1.1535,2026-08-09
swsh1-214,Metal Saucer,holofoil,Sword & Shield,214,Rare Secret,Toyste Beach,Item,,Trainer,2020/02/07,"tcgplayer,cardmarket",https://prices.pokemontcg.io/tcgplayer/swsh1-214,https://images.pokemontcg.io/swsh1/214_hires.png,2026/08/08,2025/11/18,3.03,1.9800000190734863,3.25,38.02000045776367,,,,,,6.3096,3.4605,5.7214,0.0,3.4605000019073486,6.2404,6.5519,22.9546,18.0061,16.8757,1.1535,2026-08-09
sm11-207,Slumbering Forest,normal,Unified Minds,207,Uncommon,Ryo Ueda,Stadium,,Trainer,2019/08/02,"tcgplayer,cardmarket",https://prices.pokemontcg.io/tcgplayer/sm11-207,https://images.pokemontcg.io/sm11/207_hires.png,2026/08/08,2025/11/18,0.37,0.20000000298023224,0.3700000047683716,18.920000076293945,,0.57,,,,0.3807,0.0231,0.4153,0.5652,0.05770000070333481,0.1961,0.2653,0.5652,0.7152,0.7959,1.1535,2026-08-09
sm10-202,Honchkrow-GX,holofoil,Unbroken Bonds,202,Rare Ultra,sadaji,Stage 1|GX,430,Pokémon,2019/05/03,"tcgplayer,cardmarket",https://prices.pokemontcg.io/tcgplayer/sm10-202,https://images.pokemontcg.io/sm10/202_hires.png,2026/08/08,2025/11/18,4.78,3.5,5.0,8.880000114440918,,,,,,6.6326,0.5767,7.6131,0.0,5.698299884796143,6.4135,6.425,7.3132,7.2209,5.5945,1.1535,2026-08-09
smp-SM226,Charizard,holofoil,SM Black Star Promos,SM226,Promo,2019 Pikachu Project,Stage 2,6,Pokémon,2017/02/03,"tcgplayer,cardmarket",https://prices.pokemontcg.io/tcgplayer/smp-SM226,https://images.pokemontcg.io/smp/SM226_hires.png,2026/08/08,2025/11/18,68.71,36.4900016784668,56.189998626708984,840.9400024414062,,,,,,29.1605,10.3815,33.3015,0.0,28.826000213623047,28.6529,23.7506,34.5819,40.2802,37.1312,1.1535,2026-08-09
sm12-223,Naganadel & Guzzlord-GX,holofoil,Cosmic Eclipse,223,Rare Ultra,5ban Graphics,Basic|TAG TEAM|GX|Ultra Beast,799|804,Pokémon,2019/11/01,"tcgplayer,cardmarket",https://prices.pokemontcg.io/tcgplayer/sm12-223,https://images.pokemontcg.io/sm12/223_hires.png,2026/08/08,2025/11/18,21.12,20.950000762939453,24.5,199.89999389648438,,,,,,15.8491,3.4605,15.0878,0.0,17.291000366210938,15.976,13.8881,11.5235,11.9849,10.5084,1.1535,2026-08-09
xyp-XY209,Gym Badge,holofoil,XY Black Star Promos,XY209,Promo,Ryo Ueda,Item,,Trainer,2013/10/12,"tcgplayer,cardmarket",https://prices.pokemontcg.io/tcgplayer/xyp-XY209,https://images.pokemontcg.io/xyp/XY209_hires.png,2026/08/08,2025/11/18,15.58,11.970000267028809,18.829999923706055,170.22000122070312,,,,,,6.2174,4.614,6.275,0.0,5.75600004196167,6.7364,6.9441,11.535,6.2289,3.8527,1.1535,2026-08-09
sm11-208,Stadium Nav,normal,Unified Minds,208,Uncommon,Yoshinobu Saito,Item,,Trainer,2019/08/02,"tcgplayer,cardmarket",https://prices.pokemontcg.io/tcgplayer/sm11-208,https://images.pokemontcg.io/sm11/208_hires.png,2026/08/08,2025/11/18,0.79,0.5,0.7900000214576721,17.1200008392334,,1.76,,,,0.4845,0.0231,0.4153,0.646,0.11540000140666962,0.3691,0.5191,0.5191,0.819,0.8536,1.1535,2026-08-09
swsh1-215,Ordinary Rod,holofoil,Sword & Shield,215,Rare Secret,5ban Graphics,Item,,Trainer,2020/02/07,"tcgplayer,cardmarket",https://prices.pokemontcg.io/tcgplayer/swsh1-215,https://images.pokemontcg.io/swsh1/215_hires.png,2026/08/08,2025/11/18,4.94,3.509999990463257,5.0,17.950000762939453,,,,,,8.236,2.307,6.5865,0.0,2.2955000400543213,7.2209,8.1437,16.149,14.8571,14.6379,1.1535,2026-08-09
sm8-209,Judge,holofoil,Lost Thunder,209,Rare Ultra,Sanosuke Sakuma,Supporter,,Trainer,2018/11/02,"tcgplayer,cardmarket",https://prices.pokemontcg.io/tcgplayer/sm8-209,https://images.pokemontcg.io/sm8/209_hires.png,2026/08/08,2025/11/18,66.73,53.599998474121094,66.80000305175781,662.9000244140625,,,,,,22.8278,16.149,22.4356,0.0,27.68400001525879,22.1703,23.9697,17.291,14.0612,10.716,1.1535,2026-08-09
sm10-203,Lucario & Melmetal-GX,holofoil,Unbroken Bonds,203,Rare Ultra,5ban Graphics,Basic|TAG TEAM|GX,448|809,Pokémon,2019/05/03,"tcgplayer,cardmarket",https://prices.pokemontcg.io/tcgplayer/sm10-203,https://images.pokemontcg.io/sm10/203_hires.png,2026/08/08,2025/11/18,44.2,47.279998779296875,52.790000915527344,511.4800109863281,,,,,,39.7957,9.228,38.2155,0.0,38.6422004699707,34.1897,31.6636,13.842,14.5802,13.4037,1.1535,2026-08-09
smp-SM227,Pikachu,holofoil,SM Black Star Promos,SM227,Promo,2019 Pikachu Project,Basic,25,Pokémon,2017/02/03,"tcgplayer,cardmarket",https://prices.pokemontcg.io/tcgplayer/smp-SM227,https://images.pokemontcg.io/smp/SM227_hires.png,2026/08/08,2025/11/18,22.29,14.760000228881836,28.010000228881836,198.1999969482422,,,,,,14.9724,6.7249,16.7834,0.0,18.871299743652344,16.7604,13.6228,8.6512,10.3123,5.8713,1.1535,2026-08-09
sm12-224,Naganadel & Guzzlord-GX,holofoil,Cosmic Eclipse,224,Rare Ultra,Aya Kusube,Basic|TAG TEAM|GX|Ultra Beast,799|804,Pokémon,2019/11/01,"tcgplayer,cardmarket",https://prices.pokemontcg.io/tcgplayer/sm12-224,https://images.pokemontcg.io/sm12/224_hires.png,2026/08/08,2025/11/18,102.63,85.88999938964844,114.94999694824219,737.2999877929688,,,,,,45.8516,34.605,54.1453,0.0,40.361000061035156,50.3849,51.2961,17.1871,17.3948,15.8491,1.1535,2026-08-09
sm11-209,Tag Switch,normal,Unified Minds,209,Uncommon,Yoshinobu Saito,Item,,Trainer,2019/08/02,"tcgplayer,cardmarket",https://prices.pokemontcg.io/tcgplayer/sm11-209,https://images.pokemontcg.io/sm11/209_hires.png,2026/08/08,2025/11/18,0.24,0.07000000029802322,0.25,19.979999542236328,,0.5,,,,0.1615,0.0231,0.15,0.4383,0.10379999876022339,0.1269,0.15,0.4037,0.4383,0.5306,1.1535,2026-08-09
xyp-XY210,Gym Badge,holofoil,XY Black Star Promos,XY210,Promo,Ryo Ueda,Item,,Trainer,2013/10/12,"tcgplayer,cardmarket",https://prices.pokemontcg.io/tcgplayer/xyp-XY210,https://images.pokemontcg.io/xyp/XY210_hires.png,2026/08/08,2025/11/18,31.6,23.989999771118164,34.970001220703125,269.5,,,,,,6.2635,5.1907,5.9982,0.0,6.9095001220703125,6.2058,6.425,11.4197,8.2129,4.2564,1.1535,2026-08-09
sm8-210,Kahili,holofoil,Lost Thunder,210,Rare Ultra,Megumi Mizutani,Supporter,,Trainer,2018/11/02,"tcgplayer,cardmarket",https://prices.pokemontcg.io/tcgplayer/sm8-210,https://images.pokemontcg.io/sm8/210_hires.png,2026/08/08,2025/11/18,57.13,48.47999954223633,67.38999938964844,199.72000122070312,,,,,,29.9333,10.3815,26.6805,0.0,36.9119987487793,32.8863,32.0442,20.763,16.2413,12.4578,1.1535,2026-08-09
swsh1-216,Quick Ball,holofoil,Sword & Shield,216,Rare Secret,sadaji,Item,,Trainer,2020/02/07,"tcgplayer,cardmarket",https://prices.pokemontcg.io/tcgplayer/swsh1-216,https://images.pokemontcg.io/swsh1/216_hires.png,2026/08/08,2025/11/18,12.37,10.0,13.890000343322754,96.04000091552734,,,,,,16.1375,6.3212,17.4755,0.0,17.752399444580078,17.6024,17.5332,28.7798,34.5935,36.0584,1.1535,2026-08-09
sm10-204,Gardevoir & Sylveon-GX,holofoil,Unbroken Bonds,204,Rare Ultra,5ban Graphics,Basic|TAG TEAM|GX,282|700,Pokémon,2019/05/03,"tcgplayer,cardmarket",https://prices.pokemontcg.io/tcgplayer/sm10-204,https://images.pokemontcg.io/sm10/204_hires.png,2026/08/08,2025/11/18,106.62,151.47999572753906,177.97999572753906,770.0,,,,,,63.3271,23.07,68.7486,0.0,51.907501220703125,68.6102,55.1719,10.2546,13.9112,12.7577,1.1535,2026-08-09
smp-SM228,Armored Mewtwo,holofoil,SM Black Star Promos,SM228,Promo,2019 Pikachu Project,Basic,150,Pokémon,2017/02/03,"tcgplayer,cardmarket",https://prices.pokemontcg.io/tcgplayer/smp-SM228,https://images.pokemontcg.io/smp/SM228_hires.png,2026/08/08,2025/11/18,294.55,176.39999389648438,263.0,1000.0,,,,,,101.2773,31.1214,91.0919,0.0,161.49000549316406,94.1717,132.8717,29.9333,27.6033,34.6281,1.1535,2026-08-09
sm12-225,Mega Lopunny & Jigglypuff-GX,holofoil,Cosmic Eclipse,225,Rare Ultra,aky CG Works,Basic|TAG TEAM|GX,39|428,Pokémon,2019/11/01,"tcgplayer,cardmarket",https://prices.pokemontcg.io/tcgplayer/sm12-225,https://images.pokemontcg.io/sm12/225_hires.png,2026/08/08,2025/11/18,49.85,41.310001373291016,56.959999084472656,99.0,,,,,,22.8393,8.0745,22.5394,0.0,24.454200744628906,20.5438,19.5057,16.1375,11.5927,9.8394,1.1535,2026-08-09
sm11-210,Unidentified Fossil,normal,Unified Minds,210,Uncommon,Toyste Beach,Item,,Trainer,2019/08/02,"tcgplayer,cardmarket",https://prices.pokemontcg.io/tcgplayer/sm11-210,https://images.pokemontcg.io/sm11/210_hires.png,2026/08/08,2025/11/18,0.27,0.07999999821186066,0.25999999046325684,19.979999542236328,,0.36,,,,0.1269,0.0231,0.1269,0.7036,0.05770000070333481,0.15,0.1615,0.15,0.5652,0.4383,1.1535,2026-08-09
xyp-XY211,Lucario Spirit Link,normal,XY Black Star Promos,XY211,Promo,5ban Graphics,Pokémon Tool,,Trainer,2013/10/12,"tcgplayer,cardmarket",https://prices.pokemontcg.io/tcgplayer/xyp-XY211,https://images.pokemontcg.io/xyp/XY211_hires.png,2026/08/08,2025/11/18,6.51,3.990000009536743,10.989999771118164,79.98999786376953,,,,,,4.4179,2.5954,4.0142,0.0,4.037300109863281,3.9911,3.1491,1.3727,1.3842,1.3842,1.1535,2026-08-09
sm8-211,Mina,holofoil,Lost Thunder,211,Rare Ultra,You Iribi,Supporter,,Trainer,2018/11/02,"tcgplayer,cardmarket",https://prices.pokemontcg.io/tcgplayer/sm8-211,https://images.pokemontcg.io/sm8/211_hires.png,2026/08/08,2025/11/18,84.99,79.9800033569336,100.0,3002.7900390625,,,,,,43.2563,16.149,56.6599,0.0,63.442501068115234,46.7514,49.9927,34.605,26.2652,17.3832,1.1535,2026-08-09
sm10-205,Gardevoir & Sylveon-GX,holofoil,Unbroken Bonds,205,Rare Ultra,Atsuko Nishida,Basic|TAG TEAM|GX,282|700,Pokémon,2019/05/03,"tcgplayer,cardmarket",https://prices.pokemontcg.io/tcgplayer/sm10-205,https://images.pokemontcg.io/sm10/205_hires.png,2026/08/08,2025/11/18,624.99,5999.990234375,5999.990234375,5999.990234375,,,,,,249.1445,92.2685,343.074,0.0,461.3999938964844,286.1718,375.372,51.9075,42.6795,38.7576,1.1535,2026-08-09
smp-SM229,Venusaur & Snivy-GX,holofoil,SM Black Star Promos,SM229,Promo,Yuka Morii,Basic|TAG TEAM|GX,3|495,Pokémon,2017/02/03,"tcgplayer,cardmarket",https://prices.pokemontcg.io/tcgplayer/smp-SM229,https://images.pokemontcg.io/smp/SM229_hires.png,2026/08/08,2025/11/18,134.81,148.47999572753906,174.35000610351562,222.75,,,,,,51.4346,9.7355,36.0123,0.0,20.76300048828125,49.0814,53.1302,4.8101,6.0328,5.6406,1.1535,2026-08-09
sm12-226,Mega Lopunny & Jigglypuff-GX,holofoil,Cosmic Eclipse,226,Rare Ultra,Shibuzoh.,Basic|TAG TEAM|GX,39|428,Pokémon,2019/11/01,"tcgplayer,cardmarket",https://prices.pokemontcg.io/tcgplayer/sm12-226,https://images.pokemontcg.io/sm12/226_hires.png,2026/08/08,2025/11/18,253.06,250.11000061035156,310.8900146484375,1869.9000244140625,,,,,,125.2701,57.6519,106.791,0.0,230.6999969482422,114.4849,124.9933,23.0123,21.6397,20.8437,1.1535,2026-08-09
sm11-211,U-Turn Board,normal,Unified Minds,211,Uncommon,sadaji,Pokémon Tool,,Trainer,2019/08/02,"tcgplayer,cardmarket",https://prices.pokemontcg.io/tcgplayer/sm11-211,https://images.pokemontcg.io/sm11/211_hires.png,2026/08/08,2025/11/18,5.64,4.5,6.110000133514404,34.97999954223633,,6.88,,,,6.771,0.0231,5.5137,2.4339,6.321199893951416,5.8713,5.6868,3.6912,3.6797,3.6912,1.1535,2026-08-09
sm8-212,Morty,holofoil,Lost Thunder,212,Rare Ultra,Sanosuke Sakuma,Supporter,,Trainer,2018/11/02,"tcgplayer,cardmarket",https://prices.pokemontcg.io/tcgplayer/sm8-212,https://images.pokemontcg.io/sm8/212_hires.png,2026/08/08,2025/11/18,21.18,11.770000457763672,21.360000610351562,36.9900016784668,,,,,,16.7257,4.4986,18.3868,0.0,7.151700019836426,16.7257,17.3025,9.2165,9.5048,7.6246,1.1535,2026-08-09
smp-SM230,Charizard & Braixen-GX,holofoil,SM Black Star Promos,SM230,Promo,Kagemaru Himeno,Basic|TAG TEAM|GX,6|654,Pokémon,2017/02/03,"tcgplayer,cardmarket",https://prices.pokemontcg.io/tcgplayer/smp-SM230,https://images.pokemontcg.io/smp/SM230_hires.png,2026/08/08,2025/11/18,109.1,71.19000244140625,118.80000305175781,558.719970703125,,,,,,140.231,19.0328,99.7085,0.0,34.547298431396484,64.6652,94.437,23.0008,20.4054,17.0372,1.1535,2026-08-09
sm10-206,Whimsicott-GX,holofoil,Unbroken Bonds,206,Rare Ultra,5ban Graphics,Stage 1|GX,547,Pokémon,2019/05/03,"tcgplayer,cardmarket",https://prices.pokemontcg.io/tcgplayer/sm10-206,https://images.pokemontcg.io/sm10/206_hires.png,2026/08/08,2025/11/18,9.87,8.15999984741211,16.09000015258789,299.94000244140625,,,,,,6.7249,4.6025,8.5244,0.0,6.897900104522705,6.1828,8.1552,11.535,6.2058,6.2635,1.1535,2026-08-09
sm12-227,Silvally-GX,holofoil,Cosmic Eclipse,227,Rare Ultra,Megumi Mizutani,Stage 1|GX,773,Pokémon,2019/11/01,"tcgplayer,cardmarket",https://prices.pokemontcg.io/tcgplayer/sm12-227,https://images.pokemontcg.io/sm12/227_hires.png,2026/08/08,2025/11/18,64.12,54.20000076293945,77.48999786376953,98.69000244140625,,,,,,66.7876,17.3025,60.3742,0.0,42.667999267578125,60.5587,45.5632,24.2235,21.259,19.1596,1.1535,2026-08-09
sm11-212,Recycle Energy,normal,Unified Minds,212,Uncommon,,Special,,Energy,2019/08/02,"tcgplayer,cardmarket",https://prices.pokemontcg.io/tcgplayer/sm11-212,https://images.pokemontcg.io/sm11/212_hires.png,2026/08/08,2025/11/18,0.66,0.30000001192092896,0.7099999785423279,2.0799999237060547,,1.81,,,,0.5767,0.0231,0.5998,1.6149,0.8651000261306763,0.4268,0.4729,2.0763,1.2342,1.0958,1.1535,2026-08-09
sm8-213,Professor Elm's Lecture,holofoil,Lost Thunder,213,Rare Ultra,Hideki Ishikawa,Supporter,,Trainer,2018/11/02,"tcgplayer,cardmarket",https://prices.pokemontcg.io/tcgplayer/sm8-213,https://images.pokemontcg.io/sm8/213_hires.png,2026/08/08,2025/11/18,157.3,179.99000549316406,280.489990234375,1127.43994140625,,,,,,92.28,23.07,86.6278,0.0,57.67499923706055,83.3634,81.2295,40.3725,36.5775,23.22,1.1535,2026-08-09
smp-SM231,Champions Festival,normal,SM Black Star Promos,SM231,Promo,Naoki Saito,Stadium,,Trainer,2017/02/03,"tcgplayer,cardmarket",https://prices.pokemontcg.io/tcgplayer/smp-SM231,https://images.pokemontcg.io/smp/SM231_hires.png,2026/06/06,2025/11/18,250.49,275.0,275.0,275.0,,,,,,56.4638,56.51,105.5914,0.0,56.46379852294922,100.0431,97.4246,115.2923,46.1054,23.3353,1.1535,2026-08-09
sm10-207,Persian-GX,holofoil,Unbroken Bonds,207,Rare Ultra,5ban Graphics,Stage 1|GX,53,Pokémon,2019/05/03,"tcgplayer,cardmarket",https://prices.pokemontcg.io/tcgplayer/sm10-207,https://images.pokemontcg.io/sm10/207_hires.png,2026/08/08,2025/11/18,7.14,5.639999866485596,7.460000038146973,95.0,,,,,,7.417,3.4605,7.1632,0.0,9.031900405883789,7.3939,6.9902,4.4986,5.5022,6.2866,1.1535,2026-08-09
sm12-228,Cynthia & Caitlin,holofoil,Cosmic Eclipse,228,Rare Ultra,Sakiko Maeda,Supporter|TAG TEAM,,Trainer,2019/11/01,"tcgplayer,cardmarket",https://prices.pokemontcg.io/tcgplayer/sm12-228,https://images.pokemontcg.io/sm12/228_hires.png,2026/08/08,2025/11/18,205.82,205.82000732421875,245.4600067138672,1975.3399658203125,,,,,,66.4762,40.3494,140.9577,0.0,62.808101654052734,137.8086,143.8068,63.4425,53.9031,43.6946,1.1535,2026-08-09
sm11-213,Weakness Guard Energy,normal,Unified Minds,213,Uncommon,,Special,,Energy,2019/08/02,"tcgplayer,cardmarket",https://prices.pokemontcg.io/tcgplayer/sm11-213,https://images.pokemontcg.io/sm11/213_hires.png,2026/08/08,2025/11/18,0.54,0.1899999976158142,0.5400000214576721,19.979999542236328,,0.65,,,,0.7498,0.0231,0.7036,0.6921,0.6920999884605408,0.7959,0.5306,0.346,0.9574,1.0266,1.1535,2026-08-09
sm8-214,Whitney,holofoil,Lost Thunder,214,Rare Ultra,Sanosuke Sakuma,Supporter,,Trainer,2018/11/02,"tcgplayer,cardmarket",https://prices.pokemontcg.io/tcgplayer/sm8-214,https://images.pokemontcg.io/sm8/214_hires.png,2026/08/08,2025/11/18,89.74,83.45999908447266,97.98999786376953,889.3599853515625,,,,,,63.431,17.3025,48.8969,0.0,63.430999755859375,52.1843,60.2934,28.8375,35.1702,19.1596,1.1535,2026-08-09
smp-SM232,Pikachu-GX,holofoil,SM Black Star Promos,SM232,Promo,aky CG Works,Basic|GX,25,Pokémon,2017/02/03,"tcgplayer,cardmarket",https://prices.pokemontcg.io/tcgplayer/smp-SM232,https://images.pokemontcg.io/smp/SM232_hires.png,2026/08/08,2025/11/18,26.64,14.989999771118164,26.649999618530273,96.94999694824219,,,,,,20.3016,3.4605,19.4941,0.0,11.477299690246582,19.2634,15.4684,8.0168,9.0319,9.3203,1.1535,2026-08-09
sm10-208,Celesteela-GX,holofoil,Unbroken Bonds,208,Rare Ultra,aky CG Works,Basic|GX|Ultra Beast,797,Pokémon,2019/05/03,"tcgplayer,cardmarket",https://prices.pokemontcg.io/tcgplayer/sm10-208,https://images.pokemontcg.io/sm10/208_hires.png,2026/08/08,2025/11/18,6.77,5.0,7.699999809265137,74.98999786376953,,,,,,5.2484,4.0257,6.2635,0.0,3.80649995803833,5.6637,6.1136,4.0373,5.5253,4.6486,1.1535,2026-08-09
sm12-229,Guzma & Hala,holofoil,Cosmic Eclipse,229,Rare Ultra,Junsei Kuninobu,Supporter|TAG TEAM,,Trainer,2019/11/01,"tcgplayer,cardmarket",https://prices.pokemontcg.io/tcgplayer/sm12-229,https://images.pokemontcg.io/sm12/229_hires.png,2026/08/08,2025/11/18,46.96,45.5,52.720001220703125,537.5599975585938,,,,,,26.8073,14.984,22.7932,0.0,27.672500610351562,24.3619,26.7035,22.6432,22.2164,19.8748,1.1535,2026-08-09
sm11-214,Rowlet & Alolan Exeggutor-GX,holofoil,Unified Minds,214,Rare Ultra,ConceptLab,Basic|TAG TEAM|GX,103|722,Pokémon,2019/08/02,"tcgplayer,cardmarket",https://prices.pokemontcg.io/tcgplayer/sm11-214,https://images.pokemontcg.io/sm11/214_hires.png,2026/08/08,2025/11/18,26.62,20.979999542236328,30.0,203.9600067138672,,,,,,13.1038,5.1907,14.1304,0.0,10.381500244140625,12.9999,13.1153,8.9973,9.5164,10.0124,1.1535,2026-08-09
sm8-215,Shuckle-GX,holofoil,Lost Thunder,215,Rare Rainbow,5ban Graphics,Basic|GX,213,Pokémon,2018/11/02,"tcgplayer,cardmarket",https://prices.pokemontcg.io/tcgplayer/sm8-215,https://images.pokemontcg.io/sm8/215_hires.png,2026/08/08,2025/11/18,104.87,84.0,109.98999786376953,953.0999755859375,,,,,,0.0,11.3966,36.7966,0.0,34.46659851074219,35.6893,30.0717,11.535,17.0141,12.7462,1.1535,2026-08-09
smp-SM233,Eevee-GX,holofoil,SM Black Star Promos,SM233,Promo,Q-rais,Basic|GX,133,Pokémon,2017/02/03,"tcgplayer,cardmarket",https://prices.pokemontcg.io/tcgplayer/smp-SM233,https://images.pokemontcg.io/smp/SM233_hires.png,2026/08/08,2025/11/18,145.56,75.97000122070312,148.94000244140625,800.0,,,,,,60.8125,17.3025,70.6519,0.0,74.97750091552734,66.0725,55.9217,10.6699,10.3238,10.37,1.1535,2026-08-09
sm10-209,Green's Exploration,holofoil,Unbroken Bonds,209,Rare Ultra,Naoki Saito,Supporter,,Trainer,2019/05/03,"tcgplayer,cardmarket",https://prices.pokemontcg.io/tcgplayer/sm10-209,https://images.pokemontcg.io/sm10/209_hires.png,2026/08/08,2025/11/18,109.46,98.4800033569336,109.4800033569336,169.99000549316406,,,,,,89.7077,40.2456,94.8869,0.0,115.29229736328125,81.0449,80.5143,80.1683,55.1258,39.8996,1.1535,2026-08-09
sm12-230,Lillie's Full Force,holofoil,Cosmic Eclipse,230,Rare Ultra,Noriko Uono,Supporter,,Trainer,2019/11/01,"tcgplayer,cardmarket",https://prices.pokemontcg.io/tcgplayer/sm12-230,https://images.pokemontcg.io/sm12/230_hires.png,2026/08/08,2025/11/18,179.07,129.97999572753906,195.97000122070312,1741.8800048828125,,,,,,107.6446,46.14,159.6444,0.0,265.30499267578125,125.1663,132.4679,63.4425,72.2552,58.4363,1.1535,2026-08-09
smp-SM234,Pikachu,holofoil,SM Black Star Promos,SM234,Promo,Naoki Saito,Basic,25,Pokémon,2017/02/03,"tcgplayer,cardmarket",https://prices.pokemontcg.io/tcgplayer/smp-SM234,https://images.pokemontcg.io/smp/SM234_hires.png,2026/08/08,2025/11/18,24.18,17.81999969482422,26.25,150.22000122070312,,,,,,14.7763,6.921,21.0283,0.0,21.905000686645508,24.3158,19.621,8.0168,7.9707,7.1286,1.1535,2026-08-09
sm11-215,Rowlet & Alolan Exeggutor-GX,holofoil,Unified Minds,215,Rare Ultra,Naoyo Kimura,Basic|TAG TEAM|GX,103|722,Pokémon,2019/08/02,"tcgplayer,cardmarket",https://prices.pokemontcg.io/tcgplayer/sm11-215,https://images.pokemontcg.io/sm11/215_hires.png,2026/08/08,2025/11/18,134.0,133.50999450683594,149.99000549316406,1099.2099609375,,,,,,118.7182,23.0585,69.3138,0.0,83.62870025634766,114.9924,100.5275,23.6352,19.8402,19.9094,1.1535,2026-08-09
sm8-216,Sceptile-GX,holofoil,Lost Thunder,216,Rare Rainbow,Yoshinobu Saito,Stage 2|GX,254,Pokémon,2018/11/02,"tcgplayer,cardmarket",https://prices.pokemontcg.io/tcgplayer/sm8-216,https://images.pokemontcg.io/sm8/216_hires.png,2026/08/08,2025/11/18,43.8,35.0,45.0,401.79998779296875,,,,,,32.2173,11.535,25.8384,0.0,34.53580093383789,27.3149,27.0611,11.535,20.2785,14.7763,1.1535,2026-08-09
sm10-210,Janine,holofoil,Unbroken Bonds,210,Rare Ultra,Hideki Ishikawa,Supporter,,Trainer,2019/05/03,"tcgplayer,cardmarket",https://prices.pokemontcg.io/tcgplayer/sm10-210,https://images.pokemontcg.io/sm10/210_hires.png,2026/08/08,2025/11/18,21.7,16.459999084472656,23.68000030517578,152.89999389648438,,,,,,18.9751,9.1127,18.9751,0.0,27.672500610351562,19.1481,19.2865,11.5119,12.0079,11.5927,1.1535,2026-08-09
sm12-231,Mallow & Lana,holofoil,Cosmic Eclipse,231,Rare Ultra,kirisAki,Supporter|TAG TEAM,,Trainer,2019/11/01,"tcgplayer,cardmarket",https://prices.pokemontcg.io/tcgplayer/sm12-231,https://images.pokemontcg.io/sm12/231_hires.png,2026/08/08,2025/11/18,104.9,80.0,119.98999786376953,849.5,,,,,,73.6279,28.8375,89.477,0.0,59.981998443603516,79.7645,76.4309,48.7354,38.573,36.1392,1.1535,2026-08-09
smp-SM235,Eevee,holofoil,SM Black Star Promos,SM235,Promo,kirisAki,Basic,133,Pokémon,2017/02/03,"tcgplayer,cardmarket",https://prices.pokemontcg.io/tcgplayer/smp-SM235,https://images.pokemontcg.io/smp/SM235_hires.png,2026/08/08,2025/11/18,14.56,9.0,15.289999961853027,169.14999389648438,,,,,,9.3203,3.4605,9.5856,0.0,9.977800369262695,9.1011,9.3433,2.7338,3.5528,2.8376,1.1535,2026-08-09
sm11-216,Heatran-GX,holofoil,Unified Minds,216,Rare Ultra,ConceptLab,Basic|GX,485,Pokémon,2019/08/02,"tcgplayer,cardmarket",https://prices.pokemontcg.io/tcgplayer/sm11-216,https://images.pokemontcg.io/sm11/216_hires.png,2026/08/08,2025/11/18,4.92,4.039999961853027,4.989999771118164,58.20000076293945,,,,,,5.3753,2.7107,5.3061,0.0,6.678800106048584,5.1331,6.1251,6.9095,9.0088,8.0745,1.1535,2026-08-09
sm10-211,Koga's Trap,holofoil,Unbroken Bonds,211,Rare Ultra,TOKIYA,Supporter,,Trainer,2019/05/03,"tcgplayer,cardmarket",https://prices.pokemontcg.io/tcgplayer/sm10-211,https://images.pokemontcg.io/sm10/211_hires.png,2026/08/08,2025/11/18,32.91,37.9900016784668,49.70000076293945,249.39999389648438,,,,,,23.0585,4.441,25.0309,0.0,35.75849914550781,22.92,21.0283,11.535,14.488,13.196,1.1535,2026-08-09
sm8-217,Virizion-GX,holofoil,Lost Thunder,217,Rare Rainbow,5ban Graphics,Basic|GX,640,Pokémon,2018/11/02,"tcgplayer,cardmarket",https://prices.pokemontcg.io/tcgplayer/sm8-217,https://images.pokemontcg.io/sm8/217_hires.png,2026/08/08,2025/11/18,17.72,15.989999771118164,21.829999923706055,133.0,,,,,,16.7027,9.228,15.0416,0.0,20.76300048828125,15.0416,14.0958,12.1117,12.2848,10.1739,1.1535,2026-08-09
sm12-232,N's Resolve,holofoil,Cosmic Eclipse,232,Rare Ultra,Mana Ibe,Supporter,,Trainer,2019/11/01,"tcgplayer,cardmarket",https://prices.pokemontcg.io/tcgplayer/sm12-232,https://images.pokemontcg.io/sm12/232_hires.png,2026/08/08,2025/11/18,123.68,97.8499984741211,134.83999633789062,887.5999755859375,,,,,,59.5206,40.3725,59.1053,0.0,57.67499923706055,54.5375,78.1381,20.763,23.3814,23.7736,1.1535,2026-08-09
smp-SM236,Alolan Sandslash-GX,holofoil,SM Black Star Promos,SM236,Promo,5ban Graphics,Stage 1|GX,28,Pokémon,2017/02/03,"tcgplayer,cardmarket",https://prices.pokemontcg.io/tcgplayer/smp-SM236,https://images.pokemontcg.io/smp/SM236_hires.png,2026/08/08,2025/11/18,14.77,9.920000076293945,16.360000610351562,117.4000015258789,,,,,,4.2679,0.4614,4.118,0.0,8.07450008392334,4.7178,4.4525,3.8412,4.7063,5.1446,1.1535,2026-08-09
sm11-217,Slowpoke & Psyduck-GX,holofoil,Unified Minds,217,Rare Ultra,ConceptLab,Basic|TAG TEAM|GX,54|79,Pokémon,2019/08/02,"tcgplayer,cardmarket",https://prices.pokemontcg.io/tcgplayer/sm11-217,https://images.pokemontcg.io/sm11/217_hires.png,2026/08/08,2025/11/18,148.81,168.9199981689453,249.69000244140625,873.3499755859375,,,,,,103.3305,28.8375,85.4397,0.0,57.67499923706055,96.8133,63.0042,13.7843,17.1179,12.677,1.1535,2026-08-09
sm10-212,Molayne,holofoil,Unbroken Bonds,212,Rare Ultra,Masakazu Fukuda,Supporter,,Trainer,2019/05/03,"tcgplayer,cardmarket",https://prices.pokemontcg.io/tcgplayer/sm10-212,https://images.pokemontcg.io/sm10/212_hires.png,2026/08/08,2025/11/18,6.6,6.0,7.650000095367432,97.81999969482422,,,,,,7.2209,2.8838,7.2786,0.0,8.062999725341797,7.1402,7.3478,10.3815,6.4827,5.6291,1.1535,2026-08-09
sm8-218,Magcargo-GX,holofoil,Lost Thunder,218,Rare Rainbow,5ban Graphics,Stage 1|GX,219,Pokémon,2018/11/02,"tcgplayer,cardmarket",https://prices.pokemontcg.io/tcgplayer/sm8-218,https://images.pokemontcg.io/sm8/218_hires.png,2026/08/08,2025/11/18,12.64,14.460000038146973,20.190000534057617,137.0,,,,,,15.503,5.0754,17.2102,0.0,17.291000366210938,17.6486,13.7843,9.228,12.6654,11.5235,1.1535,2026-08-09
sm12-233,Professor Oak's Setup,holofoil,Cosmic Eclipse,233,Rare Ultra,Nabana Kensaku,Supporter,,Trainer,2019/11/01,"tcgplayer,cardmarket",https://prices.pokemontcg.io/tcgplayer/sm12-233,https://images.pokemontcg.io/sm12/233_hires.png,2026/08/08,2025/11/18,89.76,85.0,103.44000244140625,1706.7900390625,,,,,,51.9075,13.842,52.069,0.0,80.7334976196289,52.6227,43.5792,34.5935,29.495,27.5456,1.1535,2026-08-09
smp-SM237,Leafeon,normal,SM Black Star Promos,SM237,Promo,chibi,Stage 1,470,Pokémon,2017/02/03,"tcgplayer,cardmarket",https://prices.pokemontcg.io/tcgplayer/smp-SM237,https://images.pokemontcg.io/smp/SM237_hires.png,2026/08/08,2025/11/18,3.8,2.0,3.7100000381469727,94.3499984741211,,,,,,8.6397,1.142,7.0363,0.0,1.1419999599456787,7.7054,6.9095,2.5377,2.1455,2.157,1.1535,2026-08-09
sm11-218,Slowpoke & Psyduck-GX,holofoil,Unified Minds,218,Rare Ultra,Miki Tanaka,Basic|TAG TEAM|GX,54|79,Pokémon,2019/08/02,"tcgplayer,cardmarket",https://prices.pokemontcg.io/tcgplayer/sm11-218,https://images.pokemontcg.io/sm11/218_hires.png,2026/08/08,2025/11/18,306.63,389.5199890136719,419.9700012207031,449.989990234375,,,,,,160.0943,28.8375,174.5938,0.0,32.874698638916016,185.0445,156.8529,17.3025,28.8144,16.3566,1.1535,2026-08-09
sm10-213,Red's Challenge,holofoil,Unbroken Bonds,213,Rare Ultra,Naoki Saito,Supporter,,Trainer,2019/05/03,"tcgplayer,cardmarket",https://prices.pokemontcg.io/tcgplayer/sm10-213,https://images.pokemontcg.io/sm10/213_hires.png,2026/08/08,2025/11/18,149.53,129.6699981689453,155.75999450683594,2912.60009765625,,,,,,49.1968,23.07,65.3227,0.0,26.47279930114746,63.9154,76.281,28.8375,46.3938,39.7381,1.1535,2026-08-09
sm8-219,Blacephalon-GX,holofoil,Lost Thunder,219,Rare Rainbow,5ban Graphics,Basic|GX|Ultra Beast,806,Pokémon,2018/11/02,"tcgplayer,cardmarket",https://prices.pokemontcg.io/tcgplayer/sm8-219,https://images.pokemontcg.io/sm8/219_hires.png,2026/08/08,2025/11/18,33.86,31.989999771118164,47.279998779296875,359.8999938964844,,,,,,21.6166,9.228,21.2359,0.0,14.418700218200684,25.7807,19.0904,17.291,18.1099,14.1419,1.1535,2026-08-09
sm12-234,Red & Blue,holofoil,Cosmic Eclipse,234,Rare Ultra,Hitoshi Ariga,Supporter|TAG TEAM,,Trainer,2019/11/01,"tcgplayer,cardmarket",https://prices.pokemontcg.io/tcgplayer/sm12-234,https://images.pokemontcg.io/sm12/234_hires.png,2026/08/08,2025/11/18,223.01,184.99000549316406,240.27999877929688,3095.7900390625,,,,,,69.21,28.8375,109.0057,0.0,69.20999908447266,95.7059,113.4121,46.14,57.4558,50.0965,1.1535,2026-08-09
smp-SM238,Glaceon,normal,SM Black Star Promos,SM238,Promo,Mizue,Stage 1,471,Pokémon,2017/02/03,"tcgplayer,cardmarket",https://prices.pokemontcg.io/tcgplayer/smp-SM238,https://images.pokemontcg.io/smp/SM238_hires.png,2026/08/08,2025/11/18,4.86,2.990000009536743,5.0,96.93000030517578,,,,,,5.8944,1.0958,6.8864,0.0,7.359300136566162,5.8598,5.2946,1.7302,2.134,1.9494,1.1535,2026-08-09
sm11-219,Keldeo-GX,holofoil,Unified Minds,219,Rare Ultra,ConceptLab,Basic|GX,647,Pokémon,2019/08/02,"tcgplayer,cardmarket",https://prices.pokemontcg.io/tcgplayer/sm11-219,https://images.pokemontcg.io/sm11/219_hires.png,2026/08/08,2025/11/18,12.27,11.65999984741211,14.479999542236328,71.02999877929688,,,,,,8.1206,2.307,6.8749,0.0,6.9095001220703125,6.9902,6.921,11.4773,9.2741,9.2857,1.1535,2026-08-09
sm12-235,Roller Skater,holofoil,Cosmic Eclipse,235,Rare Ultra,nagimiso,Supporter,,Trainer,2019/11/01,"tcgplayer,cardmarket",https://prices.pokemontcg.io/tcgplayer/sm12-235,https://images.pokemontcg.io/sm12/235_hires.png,2026/08/08,2025/11/18,21.17,17.709999084472656,21.290000915527344,186.8000030517578,,,,,,30.5678,5.0869,21.086,0.0,13.842000007629395,23.3814,16.9795,17.1871,14.7994,14.6956,1.1535,2026-08-09
sm8-220,Suicune-GX,holofoil,Lost Thunder,220,Rare Rainbow,5ban Graphics,Basic|GX,245,Pokémon,2018/11/02,"tcgplayer,cardmarket",https://prices.pokemontcg.io/tcgplayer/sm8-220,https://images.pokemontcg.io/sm8/220_hires.png,2026/08/08,2025/11/18,101.6,79.98999786376953,149.41000366210938,916.5999755859375,,,,,,90.5498,28.8375,64.9074,0.0,102.6614990234375,74.8045,73.1434,80.7335,51.7114,33.0708,1.1535,2026-08-09
sm10-214,Welder,holofoil,Unbroken Bonds,214,Rare Ultra,Hitoshi Ariga,Supporter,,Trainer,2019/05/03,"tcgplayer,cardmarket",https://prices.pokemontcg.io/tcgplayer/sm10-214,https://images.pokemontcg.io/sm10/214_hires.png,2026/08/08,2025/11/18,47.21,43.380001068115234,49.93000030517578,423.0,,,,,,24.8233,9.2165,30.637,0.0,31.721200942993164,31.7674,37.408,33.44,35.92,31.0176,1.1535,2026-08-09
smp-SM239,Carracosta-GX,holofoil,SM Black Star Promos,SM239,Promo,PLANETA Tsuji,Stage 2|GX,565,Pokémon,2017/02/03,"tcgplayer,cardmarket",https://prices.pokemontcg.io/tcgplayer/smp-SM239,https://images.pokemontcg.io/smp/SM239_hires.png,2026/08/08,2025/11/18,1.26,0.9700000286102295,1.340000033378601,18.600000381469727,,,,,,2.5377,0.5767,2.5146,0.0,1.7187000513076782,2.457,1.9725,0.9228,1.4419,2.3647,1.1535,2026-08-09
sm11-220,Raichu & Alolan Raichu-GX,holofoil,Unified Minds,220,Rare Ultra,ConceptLab,Basic|TAG TEAM|GX,26,Pokémon,2019/08/02,"tcgplayer,cardmarket",https://prices.pokemontcg.io/tcgplayer/sm11-220,https://images.pokemontcg.io/sm11/220_hires.png,2026/08/08,2025/11/18,52.45,48.27000045776367,65.0,498.0799865722656,,,,,,42.195,9.228,19.6441,0.0,23.06999969482422,33.7514,33.29,11.535,12.1925,11.0967,1.1535,2026-08-09
sm12-236,Rosa,holofoil,Cosmic Eclipse,236,Rare Ultra,kirisAki,Supporter,,Trainer,2019/11/01,"tcgplayer,cardmarket",https://prices.pokemontcg.io/tcgplayer/sm12-236,https://images.pokemontcg.io/sm12/236_hires.png,2026/08/08,2025/11/18,269.22,200.0,269.2200012207031,500.0,,,,,,151.6852,63.4425,149.8397,0.0,173.02499389648438,153.0233,177.4429,92.28,81.3679,68.2641,1.1535,2026-08-09
sm10-215,Pheromosa & Buzzwole-GX,holofoil,Unbroken Bonds,215,Rare Rainbow,aky CG Works,Basic|TAG TEAM|GX|Ultra Beast,794|795,Pokémon,2019/05/03,"tcgplayer,cardmarket",https://prices.pokemontcg.io/tcgplayer/sm10-215,https://images.pokemontcg.io/sm10/215_hires.png,2026/08/08,2025/11/18,40.07,36.9900016784668,49.88999938964844,349.8999938964844,,,,,,23.0585,9.6317,34.0167,0.0,23.046899795532227,49.5082,28.4453,16.149,14.1073,12.5385,1.1535,2026-08-09
sm8-221,Zeraora-GX,holofoil,Lost Thunder,221,Rare Rainbow,PLANETA Otani,Basic|GX,807,Pokémon,2018/11/02,"tcgplayer,cardmarket",https://prices.pokemontcg.io/tcgplayer/sm8-221,https://images.pokemontcg.io/sm8/221_hires.png,2026/08/08,2025/11/18,79.73,106.98999786376953,130.30999755859375,499.8999938964844,,,,,,158.7908,11.5235,92.1416,0.0,28.826000213623047,87.5737,55.4949,17.3025,28.9759,27.6609,1.1535,2026-08-09
smp-SM240,Espeon & Deoxys-GX,holofoil,SM Black Star Promos,SM240,Promo,Hasuno,Basic|TAG TEAM|GX,196|386,Pokémon,2017/02/03,"tcgplayer,cardmarket",https://prices.pokemontcg.io/tcgplayer/smp-SM240,https://images.pokemontcg.io/smp/SM240_hires.png,2026/08/08,2025/11/18,132.39,97.30999755859375,139.99000549316406,500.0,,,,,,104.2879,34.5935,93.5373,0.0,55.36800003051758,78.3227,103.1344,14.1304,18.0292,21.3167,1.1535,2026-08-09
sm11-221,Raichu & Alolan Raichu-GX,holofoil,Unified Minds,221,Rare Ultra,tetsuya koizumi,Basic|TAG TEAM|GX,26,Pokémon,2019/08/02,"tcgplayer,cardmarket",https://prices.pokemontcg.io/tcgplayer/sm11-221,https://images.pokemontcg.io/sm11/221_hires.png,2026/08/08,2025/11/18,341.72,394.20001220703125,823.1300048828125,1200.0,,,,,,379.5015,40.361,345.4502,0.0,1326.5250244140625,267.4736,220.8722,32.2865,30.4178,25.227,1.1535,2026-08-09
sm12-237,Torkoal,holofoil,Cosmic Eclipse,237,Rare Secret,Ryota Murayama,Basic,324,Pokémon,2019/11/01,"tcgplayer,cardmarket",https://prices.pokemontcg.io/tcgplayer/sm12-237,https://images.pokemontcg.io/sm12/237_hires.png,2026/08/08,2025/11/18,15.18,10.0,15.720000267028809,96.94999694824219,,,,,,7.4747,3.2529,6.5288,0.0,4.602499961853027,6.9325,7.8669,7.7861,6.2635,7.2094,1.1535,2026-08-09
sm8-222,Sigilyph-GX,holofoil,Lost Thunder,222,Rare Rainbow,PLANETA Igarashi,Basic|GX,561,Pokémon,2018/11/02,"tcgplayer,cardmarket",https://prices.pokemontcg.io/tcgplayer/sm8-222,https://images.pokemontcg.io/sm8/222_hires.png,2026/08/08,2025/11/18,9.55,8.710000038146973,12.1899995803833,94.80000305175781,,,,,,14.8802,5.0869,12.5962,0.0,10.381500244140625,12.9884,11.6503,9.228,10.1277,8.7781,1.1535,2026-08-09
sm10-216,Venomoth-GX,holofoil,Unbroken Bonds,216,Rare Rainbow,5ban Graphics,Stage 1|GX,49,Pokémon,2019/05/03,"tcgplayer,cardmarket",https://prices.pokemontcg.io/tcgplayer/sm10-216,https://images.pokemontcg.io/sm10/216_hires.png,2026/08/08,2025/11/18,18.2,9.100000381469727,31.170000076293945,94.98999786376953,,,,,,12.204,5.756,12.4463,0.0,11.53499984741211,11.3504,11.5004,13.8305,14.9263,12.1694,1.1535,2026-08-09
smp-SM241,Umbreon & Darkrai-GX,holofoil,SM Black Star Promos,SM241,Promo,so-taro,Basic|TAG TEAM|GX,197|491,Pokémon,2017/02/03,"tcgplayer,cardmarket",https://prices.pokemontcg.io/tcgplayer/smp-SM241,https://images.pokemontcg.io/smp/SM241_hires.png,2026/08/08,2025/11/18,242.55,168.64999389648438,252.9600067138672,799.989990234375,,,,,,170.2681,34.605,157.5566,0.0,60.55870056152344,118.5798,170.3373,22.4932,24.5003,23.8198,1.1535,2026-08-09
sm10-217,Reshiram & Charizard-GX,holofoil,Unbroken Bonds,217,Rare Rainbow,aky CG Works,Basic|TAG TEAM|GX,6|643,Pokémon,2019/05/03,"tcgplayer,cardmarket",https://prices.pokemontcg.io/tcgplayer/sm10-217,https://images.pokemontcg.io/sm10/217_hires.png,2026/08/08,2025/11/18,219.02,194.9499969482422,262.82000732421875,1984.9000244140625,,,,,,117.2763,51.896,167.246,0.0,190.32749938964844,139.7119,166.7154,204.9769,184.1678,141.05,1.1535,2026-08-09
sm12-238,Weavile,holofoil,Cosmic Eclipse,238,Rare Secret,nagimiso,Stage 1,461,Pokémon,2019/11/01,"tcgplayer,cardmarket",https://prices.pokemontcg.io/tcgplayer/sm12-238,https://images.pokemontcg.io/sm12/238_hires.png,2026/08/08,2025/11/18,14.37,9.449999809265137,14.970000267028809,100.0,,,,,,9.3895,3.4605,8.9512,0.0,14.995499610900879,9.4587,10.7276,4.614,4.4525,5.0177,1.1535,2026-08-09
smp-SM242,Eevee-GX,holofoil,SM Black Star Promos,SM242,Promo,aky CG Works,Basic|GX,133,Pokémon,2017/02/03,"tcgplayer,cardmarket",https://prices.pokemontcg.io/tcgplayer/smp-SM242,https://images.pokemontcg.io/smp/SM242_hires.png,2026/08/08,2025/11/18,20.95,15.489999771118164,21.059999465942383,162.25999450683594,,,,,,21.4551,4.5563,26.5766,0.0,21.905000686645508,28.849,19.7364,8.6512,7.59,9.0665,1.1535,2026-08-09
sm11-222,Mewtwo & Mew-GX,holofoil,Unified Minds,222,Rare Ultra,5ban Graphics,Basic|TAG TEAM|GX,150|151,Pokémon,2019/08/02,"tcgplayer,cardmarket",https://prices.pokemontcg.io/tcgplayer/sm11-222,https://images.pokemontcg.io/sm11/222_hires.png,2026/08/08,2025/11/18,180.61,349.69000244140625,1109.9000244140625,1300.4100341796875,,,,,,97.4707,17.3025,88.5542,0.0,74.97750091552734,87.8275,59.486,77.8612,55.5064,33.2439,1.1535,2026-08-09
sm8-223,Tyranitar-GX,holofoil,Lost Thunder,223,Rare Rainbow,5ban Graphics,Stage 2|GX,248,Pokémon,2018/11/02,"tcgplayer,cardmarket",https://prices.pokemontcg.io/tcgplayer/sm8-223,https://images.pokemontcg.io/sm8/223_hires.png,2026/08/08,2025/11/18,104.82,87.94999694824219,139.30999755859375,1518.5,,,,,,7.3709,17.3025,45.3902,0.0,7.3709001541137695,40.4186,48.9661,80.745,39.7035,26.9573,1.1535,2026-08-09
sm12-239,Piplup,holofoil,Cosmic Eclipse,239,Rare Secret,Tomomi Kaneko,Basic,393,Pokémon,2019/11/01,"tcgplayer,cardmarket",https://prices.pokemontcg.io/tcgplayer/sm12-239,https://images.pokemontcg.io/sm12/239_hires.png,2026/08/08,2025/11/18,69.88,58.290000915527344,75.55999755859375,139.9499969482422,,,,,,40.3148,20.1863,36.7851,0.0,35.181800842285156,31.8597,38.5615,9.9893,12.7,14.165,1.1535,2026-08-09
smp-SM243,Regigigas,holofoil,SM Black Star Promos,SM243,Promo,Ryuta Fuse,Basic,486,Pokémon,2017/02/03,"tcgplayer,cardmarket",https://prices.pokemontcg.io/tcgplayer/smp-SM243,https://images.pokemontcg.io/smp/SM243_hires.png,2026/08/08,2025/11/18,0.67,0.23999999463558197,0.7200000286102295,18.34000015258789,,,,,,1.0612,0.2192,1.2458,0.0,0.911300003528595,1.0843,1.2804,0.5767,0.4729,0.992,1.1535,2026-08-09
sm11-223,Latios-GX,holofoil,Unified Minds,223,Rare Ultra,ConceptLab,Basic|GX,381,Pokémon,2019/08/02,"tcgplayer,cardmarket",https://prices.pokemontcg.io/tcgplayer/sm11-223,https://images.pokemontcg.io/sm11/223_hires.png,2026/08/08,2025/11/18,26.73,19.190000534057617,31.860000610351562,187.9199981689453,,,,,,23.1853,2.8722,18.8597,0.0,36.139198303222656,22.0088,14.7648,9.228,8.3975,8.2475,1.1535,2026-08-09
sm10-218,Blastoise-GX,holofoil,Unbroken Bonds,218,Rare Rainbow,sadaji,Stage 2|GX,9,Pokémon,2019/05/03,"tcgplayer,cardmarket",https://prices.pokemontcg.io/tcgplayer/sm10-218,https://images.pokemontcg.io/sm10/218_hires.png,2026/08/08,2025/11/18,104.78,99.98999786376953,120.18000030517578,949.5,,,,,,79.0263,46.1285,94.437,0.0,57.67499923706055,77.0538,92.5338,44.2944,121.8327,70.8595,1.1535,2026-08-09
sm8-224,Genesect-GX,holofoil,Lost Thunder,224,Rare Rainbow,Yoshinobu Saito,Basic|GX,649,Pokémon,2018/11/02,"tcgplayer,cardmarket",https://prices.pokemontcg.io/tcgplayer/sm8-224,https://images.pokemontcg.io/sm8/224_hires.png,2026/08/08,2025/11/18,62.45,45.0,84.98999786376953,299.989990234375,,,,,,11.385,8.0745,12.4001,0.0,17.302499771118164,12.3771,13.5767,11.535,11.9157,10.2431,1.1535,2026-08-09
sm12-240,Wishiwashi,holofoil,Cosmic Eclipse,240,Rare Secret,Misaki Hashimoto,Basic,746,Pokémon,2019/11/01,"tcgplayer,cardmarket",https://prices.pokemontcg.io/tcgplayer/sm12-240,https://images.pokemontcg.io/sm12/240_hires.png,2026/08/08,2025/11/18,19.47,14.989999771118164,20.0,105.80000305175781,,,,,,10.5891,2.8838,9.8394,0.0,4.613999843597412,10.3238,10.3469,4.8101,5.0293,5.3176,1.1535,2026-08-09
smp-SM244,Aipom,normal,SM Black Star Promos,SM244,Promo,Shibuzoh.,Basic,190,Pokémon,2017/02/03,"tcgplayer,cardmarket",https://prices.pokemontcg.io/tcgplayer/smp-SM244,https://images.pokemontcg.io/smp/SM244_hires.png,2026/08/08,2025/11/18,5.23,3.9000000953674316,5.489999771118164,50.0,,,,,,1.0958,0.8651,1.8687,0.0,5.767499923706055,1.5918,2.0186,0.5075,0.5075,0.5075,1.1535,2026-08-09
sm11-224,Aerodactyl-GX,holofoil,Unified Minds,224,Rare Ultra,ConceptLab,Stage 1|GX,142,Pokémon,2019/08/02,"tcgplayer,cardmarket",https://prices.pokemontcg.io/tcgplayer/sm11-224,https://images.pokemontcg.io/sm11/224_hires.png,2026/08/08,2025/11/18,7.8,5.0,8.25,167.60000610351562,,,,,,5.7444,1.6034,9.1588,0.0,5.767499923706055,8.3167,7.6592,7.4977,6.7826,7.2324,1.1535,2026-08-09
sm10-219,Dedenne-GX,holofoil,Unbroken Bonds,219,Rare Rainbow,5ban Graphics,Basic|GX,702,Pokémon,2019/05/03,"tcgplayer,cardmarket",https://prices.pokemontcg.io/tcgplayer/sm10-219,https://images.pokemontcg.io/sm10/219_hires.png,2026/08/08,2025/11/18,45.46,38.0,49.0,499.989990234375,,,,,,24.062,11.535,29.1836,0.0,32.26340103149414,26.8073,23.8198,34.4896,32.5979,26.7958,1.1535,2026-08-09
sm8-225,Alolan Ninetales-GX,holofoil,Lost Thunder,225,Rare Rainbow,5ban Graphics,Stage 1|GX,38,Pokémon,2018/11/02,"tcgplayer,cardmarket",https://prices.pokemontcg.io/tcgplayer/sm8-225,https://images.pokemontcg.io/sm8/225_hires.png,2026/08/08,2025/11/18,86.78,79.98999786376953,92.12999725341797,831.3800048828125,,,,,,40.3494,13.8305,38.4577,0.0,23.012300491333008,36.1968,33.2439,43.8215,38.7807,26.4036,1.1535,2026-08-09
sm12-241,Pikachu,holofoil,Cosmic Eclipse,241,Rare Secret,Hitoshi Ariga,Basic,25,Pokémon,2019/11/01,"tcgplayer,cardmarket",https://prices.pokemontcg.io/tcgplayer/sm12-241,https://images.pokemontcg.io/sm12/241_hires.png,2026/08/08,2025/11/18,210.46,148.0,222.52000427246094,1446.2099609375,,,,,,90.8612,34.605,82.7406,0.0,117.65699768066406,86.2818,88.981,40.3725,39.3805,54.3414,1.1535,2026-08-09
sm11-225,Mega Sableye & Tyranitar-GX,holofoil,Unified Minds,225,Rare Ultra,5ban Graphics,Basic|TAG TEAM|GX,248|302,Pokémon,2019/08/02,"tcgplayer,cardmarket",https://prices.pokemontcg.io/tcgplayer/sm11-225,https://images.pokemontcg.io/sm11/225_hires.png,2026/08/08,2025/11/18,46.1,39.0099983215332,50.54999923706055,98.69000244140625,,,,,,22.4932,6.2866,41.4222,0.0,14.995499610900879,33.0824,29.3335,11.535,10.0239,9.378,1.1535,2026-08-09
sm8-226,Mimikyu-GX,holofoil,Lost Thunder,226,Rare Rainbow,5ban Graphics,Basic|GX,778,Pokémon,2018/11/02,"tcgplayer,cardmarket",https://prices.pokemontcg.io/tcgplayer/sm8-226,https://images.pokemontcg.io/sm8/226_hires.png,2026/08/08,2025/11/18,249.4,307.29998779296875,399.989990234375,699.989990234375,,,,,,204.7463,21.905,112.8469,0.0,173.02499389648438,132.641,81.5063,59.1745,38.4231,33.0132,1.1535,2026-08-09
sm10-220,Muk & Alolan Muk-GX,holofoil,Unbroken Bonds,220,Rare Rainbow,5ban Graphics,Basic|TAG TEAM|GX,89,Pokémon,2019/05/03,"tcgplayer,cardmarket",https://prices.pokemontcg.io/tcgplayer/sm10-220,https://images.pokemontcg.io/sm10/220_hires.png,2026/08/08,2025/11/18,38.09,34.0,42.0099983215332,431.8299865722656,,,,,,32.5056,10.3815,42.5526,0.0,21.16670036315918,27.8109,33.0708,8.063,15.3992,14.165,1.1535,2026-08-09
sm12-242,Magnemite,holofoil,Cosmic Eclipse,242,Rare Secret,Fumie Kittaka,Basic,81,Pokémon,2019/11/01,"tcgplayer,cardmarket",https://prices.pokemontcg.io/tcgplayer/sm12-242,https://images.pokemontcg.io/sm12/242_hires.png,2026/08/08,2025/11/18,22.82,19.799999237060547,24.950000762939453,118.47000122070312,,,,,,15.6645,5.1907,16.7027,0.0,16.091299057006836,16.5643,15.4569,5.3868,4.8447,4.7409,1.1535,2026-08-09
sm11-226,Mega Sableye & Tyranitar-GX,holofoil,Unified Minds,226,Rare Ultra,chibi,Basic|TAG TEAM|GX,248|302,Pokémon,2019/08/02,"tcgplayer,cardmarket",https://prices.pokemontcg.io/tcgplayer/sm11-226,https://images.pokemontcg.io/sm11/226_hires.png,2026/08/08,2025/11/18,383.63,312.92999267578125,381.0899963378906,699.6900024414062,,,,,,263.2402,22.4932,254.6928,0.0,69.20999908447266,263.2402,190.3275,23.0585,23.1738,26.2998,1.1535,2026-08-09
sm8-227,Lugia-GX,holofoil,Lost Thunder,227,Rare Rainbow,PLANETA Igarashi,Basic|GX,249,Pokémon,2018/11/02,"tcgplayer,cardmarket",https://prices.pokemontcg.io/tcgplayer/sm8-227,https://images.pokemontcg.io/sm8/227_hires.png,2026/08/08,2025/11/18,240.16,250.0,1099.989990234375,2026.800048828125,,,,,,103.8035,51.896,219.3034,0.0,115.3499984741211,141.7075,213.9396,178.7925,136.2514,69.0254,1.1535,2026-08-09
sm10-221,Marshadow & Machamp-GX,holofoil,Unbroken Bonds,221,Rare Rainbow,5ban Graphics,Basic|TAG TEAM|GX,68|802,Pokémon,2019/05/03,"tcgplayer,cardmarket",https://prices.pokemontcg.io/tcgplayer/sm10-221,https://images.pokemontcg.io/sm10/221_hires.png,2026/08/08,2025/11/18,69.64,69.98999786376953,89.0,500.0,,,,,,41.7452,10.3815,52.7611,0.0,41.745201110839844,47.9625,42.1604,17.3025,24.0851,19.0212,1.1535,2026-08-09
sm12-243,Koffing,holofoil,Cosmic Eclipse,243,Rare Secret,HYOGONOSUKE,Basic,109,Pokémon,2019/11/01,"tcgplayer,cardmarket",https://prices.pokemontcg.io/tcgplayer/sm12-243,https://images.pokemontcg.io/sm12/243_hires.png,2026/08/08,2025/11/18,36.68,31.290000915527344,40.709999084472656,250.0,,,,,,20.3131,10.3815,21.2244,0.0,23.06999969482422,19.0789,20.6938,8.063,7.1171,7.1056,1.1535,2026-08-09
sm11-227,Mawile-GX,holofoil,Unified Minds,227,Rare Ultra,ConceptLab,Basic|GX,303,Pokémon,2019/08/02,"tcgplayer,cardmarket",https://prices.pokemontcg.io/tcgplayer/sm11-227,https://images.pokemontcg.io/sm11/227_hires.png,2026/08/08,2025/11/18,12.16,11.989999771118164,13.84000015258789,75.0999984741211,,,,,,7.567,2.2955,7.9592,0.0,4.613999843597412,8.7781,6.2289,6.748,7.1286,7.3478,1.1535,2026-08-09
sm8-228,Adventure Bag,holofoil,Lost Thunder,228,Rare Secret,Yoshinobu Saito,Item,,Trainer,2018/11/02,"tcgplayer,cardmarket",https://prices.pokemontcg.io/tcgplayer/sm8-228,https://images.pokemontcg.io/sm8/228_hires.png,2026/08/08,2025/11/18,9.66,8.069999694824219,10.199999809265137,102.80000305175781,,,,,,11.0159,2.2955,11.3274,0.0,8.07450008392334,10.6929,12.0079,11.5119,10.6353,9.4356,1.1535,2026-08-09
sm10-222,Greninja & Zoroark-GX,holofoil,Unbroken Bonds,222,Rare Rainbow,5ban Graphics,Basic|TAG TEAM|GX,571|658,Pokémon,2019/05/03,"tcgplayer,cardmarket",https://prices.pokemontcg.io/tcgplayer/sm10-222,https://images.pokemontcg.io/sm10/222_hires.png,2026/08/08,2025/11/18,101.7,99.9800033569336,124.98999786376953,917.5,,,,,,38.4462,17.291,86.0511,0.0,26.530500411987305,45.5748,53.9607,20.763,23.6121,19.5518,1.1535,2026-08-09
sm12-244,Gallade,holofoil,Cosmic Eclipse,244,Rare Secret,Huang Tzu En,Stage 2,475,Pokémon,2019/11/01,"tcgplayer,cardmarket",https://prices.pokemontcg.io/tcgplayer/sm12-244,https://images.pokemontcg.io/sm12/244_hires.png,2026/08/08,2025/11/18,13.12,8.15999984741211,14.25,40.0,,,,,,8.4667,1.1535,7.6362,0.0,6.07889986038208,7.2555,8.1206,5.7675,5.7675,5.0523,1.1535,2026-08-09
sm11-228,Garchomp & Giratina-GX,holofoil,Unified Minds,228,Rare Ultra,aky CG Works,Basic|TAG TEAM|GX,445|487,Pokémon,2019/08/02,"tcgplayer,cardmarket",https://prices.pokemontcg.io/tcgplayer/sm11-228,https://images.pokemontcg.io/sm11/228_hires.png,2026/08/08,2025/11/18,62.15,60.0,73.52999877929688,609.9000244140625,,,,,,39.7381,11.535,55.7025,0.0,34.60499954223633,47.2474,50.3041,23.07,17.7524,15.0878,1.1535,2026-08-09
sm8-229,Choice Helmet,holofoil,Lost Thunder,229,Rare Secret,Eske Yoshinob,Pokémon Tool,,Trainer,2018/11/02,"tcgplayer,cardmarket",https://prices.pokemontcg.io/tcgplayer/sm8-229,https://images.pokemontcg.io/sm8/229_hires.png,2026/08/08,2025/11/18,4.78,2.5,4.670000076293945,41.599998474121094,,,,,,6.6211,3.4605,9.8509,0.0,5.167699813842773,9.9201,10.2315,10.37,8.4206,8.2706,1.1535,2026-08-09
sm10-223,Honchkrow-GX,holofoil,Unbroken Bonds,223,Rare Rainbow,sadaji,Stage 1|GX,430,Pokémon,2019/05/03,"tcgplayer,cardmarket",https://prices.pokemontcg.io/tcgplayer/sm10-223,https://images.pokemontcg.io/sm10/223_hires.png,2026/08/08,2025/11/18,12.03,8.600000381469727,11.550000190734863,92.0999984741211,,,,,,12.3424,6.921,11.7426,0.0,16.32200050354004,12.0887,11.6619,7.9592,11.6157,11.7426,1.1535,2026-08-09
sm12-245,Mimikyu,holofoil,Cosmic Eclipse,245,Rare Secret,You Iribi,Basic,778,Pokémon,2019/11/01,"tcgplayer,cardmarket",https://prices.pokemontcg.io/tcgplayer/sm12-245,https://images.pokemontcg.io/sm12/245_hires.png,2026/08/08,2025/11/18,76.49,55.560001373291016,80.0,380.5,,,,,,26.3575,13.842,22.078,0.0,22.297199249267578,22.6663,25.7461,13.0576,9.055,9.4356,1.1535,2026-08-09
sm11-229,Dragonite-GX,holofoil,Unified Minds,229,Rare Ultra,ConceptLab,Stage 2|GX,149,Pokémon,2019/08/02,"tcgplayer,cardmarket",https://prices.pokemontcg.io/tcgplayer/sm11-229,https://images.pokemontcg.io/sm11/229_hires.png,2026/08/08,2025/11/18,49.34,49.34000015258789,68.5,649.5,,,,,,30.9484,5.7675,18.6867,0.0,17.879199981689453,21.5243,19.0789,10.37,14.2457,13.5075,1.1535,2026-08-09
sm12-246,Excadrill,holofoil,Cosmic Eclipse,246,Rare Secret,Mitsuhiro Arita,Stage 1,530,Pokémon,2019/11/01,"tcgplayer,cardmarket",https://prices.pokemontcg.io/tcgplayer/sm12-246,https://images.pokemontcg.io/sm12/246_hires.png,2026/08/08,2025/11/18,5.67,2.990000009536743,6.0,19.989999771118164,,,,,,4.764,2.2493,4.614,0.0,4.1757001876831055,5.0523,6.4827,5.7329,3.8873,4.1065,1.1535,2026-08-09
sm10-224,Lucario & Melmetal-GX,holofoil,Unbroken Bonds,224,Rare Rainbow,5ban Graphics,Basic|TAG TEAM|GX,448|809,Pokémon,2019/05/03,"tcgplayer,cardmarket",https://prices.pokemontcg.io/tcgplayer/sm10-224,https://images.pokemontcg.io/sm10/224_hires.png,2026/08/08,2025/11/18,75.29,80.01000213623047,247.02999877929688,5710.6298828125,,,,,,34.605,17.291,37.5234,0.0,46.13999938964844,27.5686,40.0957,25.3655,26.5766,22.6893,1.1535,2026-08-09
sm8-230,Counter Gain,holofoil,Lost Thunder,230,Rare Secret,Toyste Beach,Pokémon Tool,,Trainer,2018/11/02,"tcgplayer,cardmarket",https://prices.pokemontcg.io/tcgplayer/sm8-230,https://images.pokemontcg.io/sm8/230_hires.png,2026/08/08,2025/11/18,8.72,6.989999771118164,9.680000305175781,69.9000015258789,,,,,,28.7337,17.3025,26.9342,0.0,28.779800415039062,24.4888,25.5962,14.3611,14.0035,12.7808,1.1535,2026-08-09
sm11-230,Naganadel-GX,holofoil,Unified Minds,230,Rare Ultra,ConceptLab,Stage 1|GX|Ultra Beast,804,Pokémon,2019/08/02,"tcgplayer,cardmarket",https://prices.pokemontcg.io/tcgplayer/sm11-230,https://images.pokemontcg.io/sm11/230_hires.png,2026/08/08,2025/11/18,7.04,5.929999828338623,7.0,152.60000610351562,,,,,,7.094,2.2955,6.4135,0.0,5.479100227355957,5.5714,5.7906,9.228,8.1091,6.8403,1.1535,2026-08-09
sm12-247,Steelix,holofoil,Cosmic Eclipse,247,Rare Secret,Avec Yoko,Stage 1,208,Pokémon,2019/11/01,"tcgplayer,cardmarket",https://prices.pokemontcg.io/tcgplayer/sm12-247,https://images.pokemontcg.io/sm12/247_hires.png,2026/08/08,2025/11/18,18.9,14.979999542236328,19.850000381469727,100.0,,,,,,15.7107,5.7098,17.1871,0.0,27.568599700927734,15.5146,15.3992,5.7675,7.9015,8.1552,1.1535,2026-08-09
sm8-231,Custom Catcher,holofoil,Lost Thunder,231,Rare Secret,Toyste Beach,Item,,Trainer,2018/11/02,"tcgplayer,cardmarket",https://prices.pokemontcg.io/tcgplayer/sm8-231,https://images.pokemontcg.io/sm8/231_hires.png,2026/08/08,2025/11/18,5.55,4.5,5.550000190734863,51.599998474121094,,,,,,8.0053,4.2333,10.3584,0.0,10.254599571228027,12.4117,12.4232,14.4187,13.5767,20.6938,1.1535,2026-08-09
sm10-225,Gardevoir & Sylveon-GX,holofoil,Unbroken Bonds,225,Rare Rainbow,5ban Graphics,Basic|TAG TEAM|GX,282|700,Pokémon,2019/05/03,"tcgplayer,cardmarket",https://prices.pokemontcg.io/tcgplayer/sm10-225,https://images.pokemontcg.io/sm10/225_hires.png,2026/08/08,2025/11/18,161.93,199.99000549316406,625.0,1440.0,,,,,,72.6244,16.1259,69.5791,0.0,69.19850158691406,66.2224,58.6093,40.361,43.5216,29.9679,1.1535,2026-08-09
sm11-231,Blue's Tactics,holofoil,Unified Minds,231,Rare Ultra,Naoki Saito,Supporter,,Trainer,2019/08/02,"tcgplayer,cardmarket",https://prices.pokemontcg.io/tcgplayer/sm11-231,https://images.pokemontcg.io/sm11/231_hires.png,2026/08/08,2025/11/18,59.27,49.9900016784668,64.0,82.80999755859375,,,,,,26.3575,8.0745,27.361,0.0,22.954599380493164,30.0025,26.7727,19.8863,23.9236,23.2892,1.1535,2026-08-09
sm12-248,Stoutland,holofoil,Cosmic Eclipse,248,Rare Secret,Mizue,Stage 2,508,Pokémon,2019/11/01,"tcgplayer,cardmarket",https://prices.pokemontcg.io/tcgplayer/sm12-248,https://images.pokemontcg.io/sm12/248_hires.png,2026/08/08,2025/11/18,11.99,8.420000076293945,12.670000076293945,52.599998474121094,,,,,,5.8136,2.8838,6.3327,0.0,3.691200017929077,6.2058,5.9636,9.8048,5.6406,4.3256,1.1535,2026-08-09
sm8-232,Electropower,holofoil,Lost Thunder,232,Rare Secret,Eske Yoshinob,Item,,Trainer,2018/11/02,"tcgplayer,cardmarket",https://prices.pokemontcg.io/tcgplayer/sm8-232,https://images.pokemontcg.io/sm8/232_hires.png,2026/08/08,2025/11/18,8.86,7.989999771118164,9.649999618530273,42.0,,,,,,11.8234,7.4401,13.9112,0.0,16.14900016784668,12.5847,12.677,21.9165,15.4915,16.6796,1.1535,2026-08-09
sm10-226,Whimsicott-GX,holofoil,Unbroken Bonds,226,Rare Rainbow,5ban Graphics,Stage 1|GX,547,Pokémon,2019/05/03,"tcgplayer,cardmarket",https://prices.pokemontcg.io/tcgplayer/sm10-226,https://images.pokemontcg.io/sm10/226_hires.png,2026/08/08,2025/11/18,22.27,13.4399995803833,29.969999313354492,179.99000549316406,,,,,,13.4844,4.614,13.7843,0.0,13.830499649047852,13.7266,11.1543,13.2652,12.4693,11.1197,1.1535,2026-08-09
sm12-249,Venusaur & Snivy-GX,holofoil,Cosmic Eclipse,249,Rare Rainbow,5ban Graphics,Basic|TAG TEAM|GX,3|495,Pokémon,2019/11/01,"tcgplayer,cardmarket",https://prices.pokemontcg.io/tcgplayer/sm12-249,https://images.pokemontcg.io/sm12/249_hires.png,2026/08/08,2025/11/18,60.73,65.0,79.12000274658203,279.95001220703125,,,,,,0.0,17.291,37.6502,0.0,26.530500411987305,35.8162,37.3042,24.2235,27.4533,24.1774,1.1535,2026-08-09
sm11-232,Channeler,holofoil,Unified Minds,232,Rare Ultra,TOKIYA,Supporter,,Trainer,2019/08/02,"tcgplayer,cardmarket",https://prices.pokemontcg.io/tcgplayer/sm11-232,https://images.pokemontcg.io/sm11/232_hires.png,2026/08/08,2025/11/18,15.3,13.399999618530273,15.979999542236328,21.170000076293945,,,,,,17.1871,3.449,17.5332,0.0,40.245601654052734,17.1987,15.8952,9.228,9.3895,7.6477,1.1535,2026-08-09
sm10-227,Persian-GX,holofoil,Unbroken Bonds,227,Rare Rainbow,5ban Graphics,Stage 1|GX,53,Pokémon,2019/05/03,"tcgplayer,cardmarket",https://prices.pokemontcg.io/tcgplayer/sm10-227,https://images.pokemontcg.io/sm10/227_hires.png,2026/08/08,2025/11/18,19.92,18.920000076293945,21.809999465942383,28.799999237060547,,,,,,17.8216,9.9778,19.7595,0.0,21.33970069885254,18.133,17.4178,11.3043,12.6539,11.8234,1.1535,2026-08-09
sm8-233,Lost Blender,holofoil,Lost Thunder,233,Rare Secret,5ban Graphics,Item,,Trainer,2018/11/02,"tcgplayer,cardmarket",https://prices.pokemontcg.io/tcgplayer/sm8-233,https://images.pokemontcg.io/sm8/233_hires.png,2026/08/08,2025/11/18,10.12,8.0,10.100000381469727,187.0,,,,,,19.6095,10.37,18.6175,0.0,7.324699878692627,15.8491,19.6095,20.763,15.6415,10.8429,1.1535,2026-08-09
sm12-250,Vileplume-GX,holofoil,Cosmic Eclipse,250,Rare Rainbow,Kagemaru Himeno,Stage 2|GX,45,Pokémon,2019/11/01,"tcgplayer,cardmarket",https://prices.pokemontcg.io/tcgplayer/sm12-250,https://images.pokemontcg.io/sm12/250_hires.png,2026/08/08,2025/11/18,64.3,59.9900016784668,65.5,470.0,,,,,,30.314,13.2652,33.9475,0.0,43.775299072265625,35.2394,32.9324,17.291,21.9972,25.1809,1.1535,2026-08-09
sm11-233,Coach Trainer,holofoil,Unified Minds,233,Rare Ultra,nagimiso,Supporter,,Trainer,2019/08/02,"tcgplayer,cardmarket",https://prices.pokemontcg.io/tcgplayer/sm11-233,https://images.pokemontcg.io/sm11/233_hires.png,2026/08/08,2025/11/18,15.85,12.779999732971191,15.989999771118164,123.9000015258789,,,,,,15.0647,4.5563,17.1179,0.0,28.72209930419922,17.7178,13.8881,11.5235,15.4108,12.4463,1.1535,2026-08-09
sm8-234,Net Ball,holofoil,Lost Thunder,234,Rare Secret,Ryo Ueda,Item,,Trainer,2018/11/02,"tcgplayer,cardmarket",https://prices.pokemontcg.io/tcgplayer/sm8-234,https://images.pokemontcg.io/sm8/234_hires.png,2026/08/08,2025/11/18,26.7,23.989999771118164,27.350000381469727,275.0,,,,,,19.3673,11.3735,23.9467,0.0,9.216500282287598,22.078,25.527,19.0212,14.1073,12.3886,1.1535,2026-08-09
sm10-228,Celesteela-GX,holofoil,Unbroken Bonds,228,Rare Rainbow,aky CG Works,Basic|GX|Ultra Beast,797,Pokémon,2019/05/03,"tcgplayer,cardmarket",https://prices.pokemontcg.io/tcgplayer/sm10-228,https://images.pokemontcg.io/sm10/228_hires.png,2026/08/08,2025/11/18,9.66,8.0,10.989999771118164,789.4400024414062,,,,,,10.9813,5.756,11.4773,0.0,10.369999885559082,10.7852,9.574,8.6512,10.393,10.2546,1.1535,2026-08-09
sm12-251,Charizard & Braixen-GX,holofoil,Cosmic Eclipse,251,Rare Rainbow,5ban Graphics,Basic|TAG TEAM|GX,6|654,Pokémon,2019/11/01,"tcgplayer,cardmarket",https://prices.pokemontcg.io/tcgplayer/sm12-251,https://images.pokemontcg.io/sm12/251_hires.png,2026/08/08,2025/11/18,122.28,145.0,212.47999572753906,991.9000244140625,,,,,,69.2907,23.07,105.3607,0.0,72.67050170898438,111.2897,120.6215,115.3385,129.342,111.6242,1.1535,2026-08-09
sm11-234,Grimsley,holofoil,Unified Minds,234,Rare Ultra,kodama,Supporter,,Trainer,2019/08/02,"tcgplayer,cardmarket",https://prices.pokemontcg.io/tcgplayer/sm11-234,https://images.pokemontcg.io/sm11/234_hires.png,2026/08/08,2025/11/18,11.44,10.0,11.979999542236328,201.89999389648438,,,,,,6.6442,2.8261,7.0825,0.0,1.153499960899353,6.0097,8.063,9.228,7.0133,6.1482,1.1535,2026-08-09
sm8-235,Spell Tag,holofoil,Lost Thunder,235,Rare Secret,Ayaka Yoshida,Pokémon Tool,,Trainer,2018/11/02,"tcgplayer,cardmarket",https://prices.pokemontcg.io/tcgplayer/sm8-235,https://images.pokemontcg.io/sm8/235_hires.png,2026/08/08,2025/11/18,5.94,4.5,6.400000095367432,56.619998931884766,,,,,,9.7932,4.2564,11.6965,0.0,10.358400344848633,10.1969,12.031,7.4862,9.7009,9.897,1.1535,2026-08-09
sm10-229,Beast Bringer,holofoil,Unbroken Bonds,229,Rare Secret,Ayaka Yoshida,Pokémon Tool,,Trainer,2019/05/03,"tcgplayer,cardmarket",https://prices.pokemontcg.io/tcgplayer/sm10-229,https://images.pokemontcg.io/sm10/229_hires.png,2026/08/08,2025/11/18,2.78,2.0,3.009999990463257,39.79999923706055,,,,,,5.0062,2.307,4.0834,0.0,4.613999843597412,5.0985,6.2058,8.0745,5.606,5.1561,1.1535,2026-08-09
sm12-252,Volcarona-GX,holofoil,Cosmic Eclipse,252,Rare Rainbow,PLANETA Tsuji,Stage 1|GX,637,Pokémon,2019/11/01,"tcgplayer,cardmarket",https://prices.pokemontcg.io/tcgplayer/sm12-252,https://images.pokemontcg.io/sm12/252_hires.png,2026/08/08,2025/11/18,21.64,16.149999618530273,22.06999969482422,191.5,,,,,,14.8571,8.0745,16.3912,0.0,13.80739974975586,14.5802,14.661,13.842,15.3185,13.0461,1.1535,2026-08-09
sm11-235,Misty's Favor,holofoil,Unified Minds,235,Rare Ultra,Hideki Ishikawa,Supporter,,Trainer,2019/08/02,"tcgplayer,cardmarket",https://prices.pokemontcg.io/tcgplayer/sm11-235,https://images.pokemontcg.io/sm11/235_hires.png,2026/08/08,2025/11/18,358.08,286.2300109863281,343.4800109863281,699.6799926757812,,,,,,140.6924,28.8375,135.0518,0.0,86.45480346679688,176.2087,198.9326,46.0246,49.6236,42.9794,1.1535,2026-08-09
sm8-236,Wait and See Hammer,holofoil,Lost Thunder,236,Rare Secret,Yoshinobu Saito,Item,,Trainer,2018/11/02,"tcgplayer,cardmarket",https://prices.pokemontcg.io/tcgplayer/sm8-236,https://images.pokemontcg.io/sm8/236_hires.png,2026/08/08,2025/11/18,5.73,5.25,6.329999923706055,49.9900016784668,,,,,,7.7861,4.4294,10.3584,0.0,7.774600028991699,11.3966,11.3504,6.921,8.8243,9.5856,1.1535,2026-08-09
sm10-230,Electromagnetic Radar,holofoil,Unbroken Bonds,230,Rare Secret,Yoshinobu Saito,Item,,Trainer,2019/05/03,"tcgplayer,cardmarket",https://prices.pokemontcg.io/tcgplayer/sm10-230,https://images.pokemontcg.io/sm10/230_hires.png,2026/08/08,2025/11/18,3.13,2.640000104904175,3.6700000762939453,75.0,,,,,,6.2981,3.4605,6.252,0.0,5.306099891662598,5.9636,5.6752,8.063,8.6512,7.2555,1.1535,2026-08-09
sm12-253,Blastoise & Piplup-GX,holofoil,Cosmic Eclipse,253,Rare Rainbow,5ban Graphics,Basic|TAG TEAM|GX,9|393,Pokémon,2019/11/01,"tcgplayer,cardmarket",https://prices.pokemontcg.io/tcgplayer/sm12-253,https://images.pokemontcg.io/sm12/253_hires.png,2026/08/08,2025/11/18,121.12,187.75999450683594,250.0,1110.3699951171875,,,,,,61.8161,12.6885,77.8612,0.0,78.42649841308594,88.3812,81.5178,40.3148,56.9252,39.1613,1.1535,2026-08-09
sm11-236,Poké Maniac,holofoil,Unified Minds,236,Rare Ultra,Hitoshi Ariga,Supporter,,Trainer,2019/08/02,"tcgplayer,cardmarket",https://prices.pokemontcg.io/tcgplayer/sm11-236,https://images.pokemontcg.io/sm11/236_hires.png,2026/08/08,2025/11/18,35.76,35.400001525878906,43.0,356.79998779296875,,,,,,9.4356,4.6025,11.4889,0.0,6.344200134277344,9.6663,12.5847,8.063,8.3744,7.6938,1.1535,2026-08-09
sm10-231,Fire Crystal,holofoil,Unbroken Bonds,231,Rare Secret,Yoshinobu Saito,Item,,Trainer,2019/05/03,"tcgplayer,cardmarket",https://prices.pokemontcg.io/tcgplayer/sm10-231,https://images.pokemontcg.io/sm10/231_hires.png,2026/08/08,2025/11/18,8.2,7.0,8.710000038146973,96.94999694824219,,,,,,7.6477,3.449,8.0399,0.0,10.462200164794922,8.4552,8.905,13.8305,12.4232,11.5927,1.1535,2026-08-09
sm12-254,Solgaleo & Lunala-GX,holofoil,Cosmic Eclipse,254,Rare Rainbow,Hideki Ishikawa,Basic|TAG TEAM|GX,791|792,Pokémon,2019/11/01,"tcgplayer,cardmarket",https://prices.pokemontcg.io/tcgplayer/sm12-254,https://images.pokemontcg.io/sm12/254_hires.png,2026/08/08,2025/11/18,122.63,92.19999694824219,121.31999969482422,828.0999755859375,,,,,,46.1285,33.4515,67.8258,0.0,46.128501892089844,57.9634,69.2792,65.1727,62.0006,41.0877,1.1535,2026-08-09
sm11-237,Rowlet & Alolan Exeggutor-GX,holofoil,Unified Minds,237,Rare Rainbow,ConceptLab,Basic|TAG TEAM|GX,103|722,Pokémon,2019/08/02,"tcgplayer,cardmarket",https://prices.pokemontcg.io/tcgplayer/sm11-237,https://images.pokemontcg.io/sm11/237_hires.png,2026/08/08,2025/11/18,44.04,43.599998474121094,48.43000030517578,303.20001220703125,,,,,,28.8029,8.0745,29.4258,0.0,46.024600982666016,28.3761,20.5554,16.149,18.6982,16.7257,1.1535,2026-08-09
sm10-232,Metal Core Barrier,holofoil,Unbroken Bonds,232,Rare Secret,Studio Bora Inc.,Pokémon Tool,,Trainer,2019/05/03,"tcgplayer,cardmarket",https://prices.pokemontcg.io/tcgplayer/sm10-232,https://images.pokemontcg.io/sm10/232_hires.png,2026/08/08,2025/11/18,3.23,2.549999952316284,3.4700000286102295,9.989999771118164,,,,,,7.4862,2.307,6.8056,0.0,9.216500282287598,6.8749,6.2174,5.7675,5.929,5.6522,1.1535,2026-08-09
sm12-255,Oricorio-GX,holofoil,Cosmic Eclipse,255,Rare Rainbow,PLANETA Tsuji,Basic|GX,741,Pokémon,2019/11/01,"tcgplayer,cardmarket",https://prices.pokemontcg.io/tcgplayer/sm12-255,https://images.pokemontcg.io/sm12/255_hires.png,2026/08/08,2025/11/18,18.2,19.989999771118164,45.81999969482422,88.2300033569336,,,,,,7.1517,3.449,8.8819,0.0,6.344200134277344,7.1632,9.0204,13.7843,13.4037,11.3158,1.1535,2026-08-09
sm11-238,Heatran-GX,holofoil,Unified Minds,238,Rare Rainbow,ConceptLab,Basic|GX,485,Pokémon,2019/08/02,"tcgplayer,cardmarket",https://prices.pokemontcg.io/tcgplayer/sm11-238,https://images.pokemontcg.io/sm11/238_hires.png,2026/08/08,2025/11/18,10.17,7.340000152587891,11.489999771118164,133.3000030517578,,,,,,17.3717,4.614,14.2919,0.0,17.971500396728516,14.834,12.7577,19.6095,16.4258,12.8154,1.1535,2026-08-09
sm10-233,Pokégear 3.0,holofoil,Unbroken Bonds,233,Rare Secret,Studio Bora Inc.,Item,,Trainer,2019/05/03,"tcgplayer,cardmarket",https://prices.pokemontcg.io/tcgplayer/sm10-233,https://images.pokemontcg.io/sm10/233_hires.png,2026/08/08,2025/11/18,47.11,45.0,50.939998626708984,250.0,,,,,,45.1134,11.535,39.5304,0.0,31.144500732421875,42.4373,45.1249,10.1854,12.0887,10.7276,1.1535,2026-08-09
sm12-256,Flygon-GX,holofoil,Cosmic Eclipse,256,Rare Rainbow,PLANETA Tsuji,Stage 2|GX,330,Pokémon,2019/11/01,"tcgplayer,cardmarket",https://prices.pokemontcg.io/tcgplayer/sm12-256,https://images.pokemontcg.io/sm12/256_hires.png,2026/08/08,2025/11/18,39.41,29.989999771118164,42.0,836.22998046875,,,,,,16.3566,8.0745,15.1685,0.0,17.302499771118164,16.472,13.9227,19.6095,18.4099,16.1029,1.1535,2026-08-09
sm11-239,Slowpoke & Psyduck-GX,holofoil,Unified Minds,239,Rare Rainbow,ConceptLab,Basic|TAG TEAM|GX,54|79,Pokémon,2019/08/02,"tcgplayer,cardmarket",https://prices.pokemontcg.io/tcgplayer/sm11-239,https://images.pokemontcg.io/sm11/239_hires.png,2026/08/08,2025/11/18,201.39,215.5,300.0,1369.9000244140625,,,,,,67.1568,22.9662,80.7796,0.0,138.4084930419922,71.4132,59.0361,19.4941,25.1924,21.4551,1.1535,2026-08-09
sm10-234,Triple Acceleration Energy,holofoil,Unbroken Bonds,234,Rare Secret,,Special,,Energy,2019/05/03,"tcgplayer,cardmarket",https://prices.pokemontcg.io/tcgplayer/sm10-234,https://images.pokemontcg.io/sm10/234_hires.png,2026/08/08,2025/11/18,6.83,5.260000228881836,7.019999980926514,20.0,,,,,,8.9742,4.614,8.9742,0.0,11.477299690246582,8.4782,8.0976,10.3815,11.3389,10.9121,1.1535,2026-08-09
sm12-257,Alolan Persian-GX,holofoil,Cosmic Eclipse,257,Rare Rainbow,PLANETA Tsuji,Stage 1|GX,53,Pokémon,2019/11/01,"tcgplayer,cardmarket",https://prices.pokemontcg.io/tcgplayer/sm12-257,https://images.pokemontcg.io/sm12/257_hires.png,2026/08/08,2025/11/18,13.32,8.239999771118164,13.949999809265137,114.5,,,,,,11.9157,4.0373,10.4622,0.0,9.804800033569336,11.1659,10.5891,11.535,12.354,11.708,1.1535,2026-08-09
sm11-240,Keldeo-GX,holofoil,Unified Minds,240,Rare Rainbow,ConceptLab,Basic|GX,647,Pokémon,2019/08/02,"tcgplayer,cardmarket",https://prices.pokemontcg.io/tcgplayer/sm11-240,https://images.pokemontcg.io/sm11/240_hires.png,2026/08/08,2025/11/18,22.27,24.0,28.920000076293945,183.8000030517578,,,,,,8.6512,4.4986,14.2227,0.0,8.651200294494629,14.3034,11.9849,15.5723,14.6264,13.6805,1.1535,2026-08-09
sm12-258,Arceus & Dialga & Palkia-GX,holofoil,Cosmic Eclipse,258,Rare Rainbow,5ban Graphics,Basic|TAG TEAM|GX,483|484|493,Pokémon,2019/11/01,"tcgplayer,cardmarket",https://prices.pokemontcg.io/tcgplayer/sm12-258,https://images.pokemontcg.io/sm12/258_hires.png,2026/08/08,2025/11/18,90.8,85.0,133.57000732421875,201.17999267578125,,,,,,64.7113,28.8375,60.328,0.0,33.32460021972656,70.7211,69.1754,45.5632,59.2438,52.242,1.1535,2026-08-09
sm11-241,Raichu & Alolan Raichu-GX,holofoil,Unified Minds,241,Rare Rainbow,ConceptLab,Basic|TAG TEAM|GX,26,Pokémon,2019/08/02,"tcgplayer,cardmarket",https://prices.pokemontcg.io/tcgplayer/sm11-241,https://images.pokemontcg.io/sm11/241_hires.png,2026/08/08,2025/11/18,137.92,110.0,156.66000366210938,1116.699951171875,,,,,,43.2332,19.598,59.7167,0.0,47.974098205566406,53.8108,52.2882,23.07,26.7612,22.8739,1.1535,2026-08-09
sm12-259,Reshiram & Zekrom-GX,holofoil,Cosmic Eclipse,259,Rare Rainbow,Naoki Saito,Basic|TAG TEAM|GX,643|644,Pokémon,2019/11/01,"tcgplayer,cardmarket",https://prices.pokemontcg.io/tcgplayer/sm12-259,https://images.pokemontcg.io/sm12/259_hires.png,2026/08/08,2025/11/18,247.88,209.99000549316406,239.0,349.69000244140625,,,,,,76.6962,44.975,103.0306,0.0,103.80349731445312,113.9543,124.6818,40.3725,61.4469,50.7771,1.1535,2026-08-09
sm11-242,Mewtwo & Mew-GX,holofoil,Unified Minds,242,Rare Rainbow,5ban Graphics,Basic|TAG TEAM|GX,150|151,Pokémon,2019/08/02,"tcgplayer,cardmarket",https://prices.pokemontcg.io/tcgplayer/sm11-242,https://images.pokemontcg.io/sm11/242_hires.png,2026/08/08,2025/11/18,411.52,400.0,489.3399963378906,599.989990234375,,,,,,129.9418,34.605,125.893,0.0,98.03600311279297,107.7369,139.6081,172.9673,116.9764,94.9677,1.1535,2026-08-09
sm12-260,Naganadel & Guzzlord-GX,holofoil,Cosmic Eclipse,260,Rare Rainbow,5ban Graphics,Basic|TAG TEAM|GX|Ultra Beast,799|804,Pokémon,2019/11/01,"tcgplayer,cardmarket",https://prices.pokemontcg.io/tcgplayer/sm12-260,https://images.pokemontcg.io/sm12/260_hires.png,2026/08/08,2025/11/18,32.9,26.43000030517578,38.63999938964844,248.3800048828125,,,,,,20.5784,6.921,20.7169,0.0,15.2608003616333,21.2821,22.0665,23.07,18.5367,16.4835,1.1535,2026-08-09
sm11-243,Latios-GX,holofoil,Unified Minds,243,Rare Rainbow,ConceptLab,Basic|GX,381,Pokémon,2019/08/02,"tcgplayer,cardmarket",https://prices.pokemontcg.io/tcgplayer/sm11-243,https://images.pokemontcg.io/sm11/243_hires.png,2026/08/08,2025/11/18,73.86,50.459999084472656,120.0,599.97998046875,,,,,,22.6663,8.0745,25.0309,0.0,28.237699508666992,25.6654,29.322,20.763,19.2865,17.2794,1.1535,2026-08-09
sm12-261,Mega Lopunny & Jigglypuff-GX,holofoil,Cosmic Eclipse,261,Rare Rainbow,aky CG Works,Basic|TAG TEAM|GX,39|428,Pokémon,2019/11/01,"tcgplayer,cardmarket",https://prices.pokemontcg.io/tcgplayer/sm12-261,https://images.pokemontcg.io/sm12/261_hires.png,2026/08/08,2025/11/18,71.42,67.9800033569336,129.97999572753906,149.69000244140625,,,,,,23.0469,13.842,21.4205,0.0,23.046899795532227,20.3593,26.865,13.842,14.2227,14.7879,1.1535,2026-08-09
sm11-244,Aerodactyl-GX,holofoil,Unified Minds,244,Rare Rainbow,ConceptLab,Stage 1|GX,142,Pokémon,2019/08/02,"tcgplayer,cardmarket",https://prices.pokemontcg.io/tcgplayer/sm11-244,https://images.pokemontcg.io/sm11/244_hires.png,2026/08/08,2025/11/18,19.83,16.989999771118164,29.229999542236328,150.02000427246094,,,,,,32.8517,5.6522,27.7186,0.0,21.858800888061523,32.8517,20.8668,17.3025,14.511,12.7808,1.1535,2026-08-09
sm12-262,Silvally-GX,holofoil,Cosmic Eclipse,262,Rare Rainbow,Megumi Mizutani,Stage 1|GX,773,Pokémon,2019/11/01,"tcgplayer,cardmarket",https://prices.pokemontcg.io/tcgplayer/sm12-262,https://images.pokemontcg.io/sm12/262_hires.png,2026/08/08,2025/11/18,27.74,28.200000762939453,34.099998474121094,270.0,,,,,,21.7665,10.37,21.3859,0.0,23.046899795532227,21.928,20.3708,23.07,19.2058,17.2218,1.1535,2026-08-09
sm11-245,Mega Sableye & Tyranitar-GX,holofoil,Unified Minds,245,Rare Rainbow,5ban Graphics,Basic|TAG TEAM|GX,248|302,Pokémon,2019/08/02,"tcgplayer,cardmarket",https://prices.pokemontcg.io/tcgplayer/sm11-245,https://images.pokemontcg.io/sm11/245_hires.png,2026/08/08,2025/11/18,88.05,70.0,103.25,813.0999755859375,,,,,,34.0167,16.0106,54.6759,0.0,59.97050094604492,45.1134,46.8552,28.8375,29.9795,20.8207,1.1535,2026-08-09
sm12-263,Giant Hearth,holofoil,Cosmic Eclipse,263,Rare Secret,5ban Graphics,Stadium,,Trainer,2019/11/01,"tcgplayer,cardmarket",https://prices.pokemontcg.io/tcgplayer/sm12-263,https://images.pokemontcg.io/sm12/263_hires.png,2026/08/08,2025/11/18,9.47,7.75,10.0,80.0999984741211,,,,,,16.9218,4.6025,19.0328,0.0,20.739900588989258,16.9449,13.0115,34.2243,27.7417,22.2856,1.1535,2026-08-09
sm11-246,Mawile-GX,holofoil,Unified Minds,246,Rare Rainbow,ConceptLab,Basic|GX,303,Pokémon,2019/08/02,"tcgplayer,cardmarket",https://prices.pokemontcg.io/tcgplayer/sm11-246,https://images.pokemontcg.io/sm11/246_hires.png,2026/08/08,2025/11/18,25.2,23.690000534057617,30.0,409.79998779296875,,,,,,11.385,5.7675,8.9396,0.0,12.907699584960938,10.4738,10.1854,16.149,16.7142,12.8731,1.1535,2026-08-09
sm12-264,Great Catcher,holofoil,Cosmic Eclipse,264,Rare Secret,Studio Bora Inc.,Item,,Trainer,2019/11/01,"tcgplayer,cardmarket",https://prices.pokemontcg.io/tcgplayer/sm12-264,https://images.pokemontcg.io/sm12/264_hires.png,2026/08/08,2025/11/18,4.82,3.5,5.0,1009.52001953125,,,,,,5.756,4.614,5.9175,0.0,5.190700054168701,6.0097,6.4135,17.3025,12.0771,12.5155,1.1535,2026-08-09
sm11-247,Garchomp & Giratina-GX,holofoil,Unified Minds,247,Rare Rainbow,aky CG Works,Basic|TAG TEAM|GX,445|487,Pokémon,2019/08/02,"tcgplayer,cardmarket",https://prices.pokemontcg.io/tcgplayer/sm11-247,https://images.pokemontcg.io/sm11/247_hires.png,2026/08/08,2025/11/18,122.93,150.0,177.99000549316406,1216.9000244140625,,,,,,57.6058,17.2794,61.6084,0.0,80.7219009399414,56.1524,47.5819,46.0246,44.9519,30.3255,1.1535,2026-08-09
sm12-265,Island Challenge Amulet,holofoil,Cosmic Eclipse,265,Rare Secret,sadaji,Pokémon Tool,,Trainer,2019/11/01,"tcgplayer,cardmarket",https://prices.pokemontcg.io/tcgplayer/sm12-265,https://images.pokemontcg.io/sm12/265_hires.png,2026/08/08,2025/11/18,5.11,3.5799999237060547,5.179999828338623,9.989999771118164,,,,,,9.4818,3.4374,8.1898,0.0,6.86329984664917,8.5359,7.8553,6.1136,8.0168,8.1783,1.1535,2026-08-09
sm12-266,Lana's Fishing Rod,holofoil,Cosmic Eclipse,266,Rare Secret,Eske Yoshinob,Item,,Trainer,2019/11/01,"tcgplayer,cardmarket",https://prices.pokemontcg.io/tcgplayer/sm12-266,https://images.pokemontcg.io/sm12/266_hires.png,2026/08/08,2025/11/18,11.51,7.900000095367432,10.920000076293945,80.0,,,,,,9.1934,3.4605,8.9281,0.0,6.921000003814697,8.1783,9.4702,11.4312,10.1393,9.7355,1.1535,2026-08-09
sm11-248,Dragonite-GX,holofoil,Unified Minds,248,Rare Rainbow,ConceptLab,Stage 2|GX,149,Pokémon,2019/08/02,"tcgplayer,cardmarket",https://prices.pokemontcg.io/tcgplayer/sm11-248,https://images.pokemontcg.io/sm11/248_hires.png,2026/08/08,2025/11/18,132.89,198.42999267578125,251.2899932861328,1129.5,,,,,,36.3237,17.1525,93.6757,0.0,32.29800033569336,89.3386,76.1771,144.1875,48.7469,35.3086,1.1535,2026-08-09
sm12-267,Lillie's Poké Doll,holofoil,Cosmic Eclipse,267,Rare Secret,Studio Bora Inc.,Item,,Trainer,2019/11/01,"tcgplayer,cardmarket",https://prices.pokemontcg.io/tcgplayer/sm12-267,https://images.pokemontcg.io/sm12/267_hires.png,2026/08/08,2025/11/18,41.66,40.4900016784668,82.30999755859375,299.8999938964844,,,,,,13.7497,4.614,14.9494,0.0,18.45599937438965,15.2147,15.4108,17.2679,17.7178,15.9414,1.1535,2026-08-09
sm11-249,Naganadel-GX,holofoil,Unified Minds,249,Rare Rainbow,ConceptLab,Stage 1|GX|Ultra Beast,804,Pokémon,2019/08/02,"tcgplayer,cardmarket",https://prices.pokemontcg.io/tcgplayer/sm11-249,https://images.pokemontcg.io/sm11/249_hires.png,2026/08/08,2025/11/18,11.59,10.0,14.649999618530273,90.0,,,,,,10.4161,5.6522,12.1117,0.0,12.273200035095215,11.4543,11.5811,23.07,12.5155,10.9352,1.1535,2026-08-09
sm12-268,Martial Arts Dojo,holofoil,Cosmic Eclipse,268,Rare Secret,5ban Graphics,Stadium,,Trainer,2019/11/01,"tcgplayer,cardmarket",https://prices.pokemontcg.io/tcgplayer/sm12-268,https://images.pokemontcg.io/sm12/268_hires.png,2026/08/08,2025/11/18,12.25,9.239999771118164,14.079999923706055,98.0,,,,,,11.0621,5.7675,10.3238,0.0,19.551799774169922,11.0621,10.047,17.291,15.3185,14.8686,1.1535,2026-08-09
sm11-250,Cherish Ball,holofoil,Unified Minds,250,Rare Secret,5ban Graphics,Item,,Trainer,2019/08/02,"tcgplayer,cardmarket",https://prices.pokemontcg.io/tcgplayer/sm11-250,https://images.pokemontcg.io/sm11/250_hires.png,2026/08/08,2025/11/18,14.1,10.989999771118164,14.300000190734863,129.9499969482422,,,,,,12.6654,4.0373,13.7382,0.0,5.190700054168701,12.1579,12.2386,19.6095,16.3451,18.7559,1.1535,2026-08-09
sm12-269,Power Plant,holofoil,Cosmic Eclipse,269,Rare Secret,aky CG Works,Stadium,,Trainer,2019/11/01,"tcgplayer,cardmarket",https://prices.pokemontcg.io/tcgplayer/sm12-269,https://images.pokemontcg.io/sm12/269_hires.png,2026/08/08,2025/11/18,11.03,8.420000076293945,12.229999542236328,99.98999786376953,,,,,,10.37,5.7675,11.9387,0.0,13.634400367736816,11.2697,12.031,12.5732,14.3265,13.7728,1.1535,2026-08-09
sm11-251,Giant Bomb,holofoil,Unified Minds,251,Rare Secret,Studio Bora Inc.,Pokémon Tool,,Trainer,2019/08/02,"tcgplayer,cardmarket",https://prices.pokemontcg.io/tcgplayer/sm11-251,https://images.pokemontcg.io/sm11/251_hires.png,2026/08/08,2025/11/18,5.28,4.079999923706055,5.25,52.70000076293945,,,,,,5.7675,3.4605,6.8172,0.0,5.767499923706055,7.4401,8.0168,13.0346,13.7843,11.0736,1.1535,2026-08-09
sm12-270,Tag Call,holofoil,Cosmic Eclipse,270,Rare Secret,Toyste Beach,Item,,Trainer,2019/11/01,"tcgplayer,cardmarket",https://prices.pokemontcg.io/tcgplayer/sm12-270,https://images.pokemontcg.io/sm12/270_hires.png,2026/08/08,2025/11/18,10.84,9.640000343322754,12.0,96.94999694824219,,,,,,13.2537,5.7329,10.9698,0.0,20.76300048828125,12.5155,10.9006,16.8642,16.0913,17.0257,1.1535,2026-08-09
sm11-252,Karate Belt,holofoil,Unified Minds,252,Rare Secret,Yoshinobu Saito,Pokémon Tool,,Trainer,2019/08/02,"tcgplayer,cardmarket",https://prices.pokemontcg.io/tcgplayer/sm11-252,https://images.pokemontcg.io/sm11/252_hires.png,2026/08/08,2025/11/18,5.25,4.0,5.409999847412109,52.5,,,,,,7.2094,2.8838,7.4516,0.0,5.582900047302246,7.2901,7.6592,7.9592,10.4276,9.1819,1.1535,2026-08-09
sm12-271,Draw Energy,holofoil,Cosmic Eclipse,271,Rare Secret,,Special,,Energy,2019/11/01,"tcgplayer,cardmarket",https://prices.pokemontcg.io/tcgplayer/sm12-271,https://images.pokemontcg.io/sm12/271_hires.png,2026/08/08,2025/11/18,7.92,5.75,8.789999961853027,76.4000015258789,,,,,,9.2511,4.614,9.724,0.0,9.227999687194824,9.3203,9.4472,9.228,10.9813,10.4276,1.1535,2026-08-09
sm11-253,Reset Stamp,holofoil,Unified Minds,253,Rare Secret,sadaji,Item,,Trainer,2019/08/02,"tcgplayer,cardmarket",https://prices.pokemontcg.io/tcgplayer/sm11-253,https://images.pokemontcg.io/sm11/253_hires.png,2026/08/08,2025/11/18,9.92,7.75,11.819999694824219,96.94000244140625,,,,,,11.1313,5.1907,9.6779,0.0,8.07450008392334,10.8198,9.8394,12.677,15.7683,16.8296,1.1535,2026-08-09
sm11-254,Tag Switch,holofoil,Unified Minds,254,Rare Secret,Yoshinobu Saito,Item,,Trainer,2019/08/02,"tcgplayer,cardmarket",https://prices.pokemontcg.io/tcgplayer/sm11-254,https://images.pokemontcg.io/sm11/254_hires.png,2026/08/08,2025/11/18,4.38,3.490000009536743,4.730000019073486,46.70000076293945,,,,,,7.244,2.2955,6.575,0.0,9.07800006866455,5.3984,6.2981,13.7266,10.1623,9.0665,1.1535,2026-08-09
sm11-255,U-Turn Board,holofoil,Unified Minds,255,Rare Secret,sadaji,Pokémon Tool,,Trainer,2019/08/02,"tcgplayer,cardmarket",https://prices.pokemontcg.io/tcgplayer/sm11-255,https://images.pokemontcg.io/sm11/255_hires.png,2026/08/08,2025/11/18,16.43,14.989999771118164,18.850000381469727,274.6700134277344,,,,,,18.306,5.7675,14.7879,0.0,23.79669952392578,17.4755,15.3185,7.9592,9.7701,7.7054,1.1535,2026-08-09
sm11-256,Viridian Forest,holofoil,Unified Minds,256,Rare Secret,5ban Graphics,Stadium,,Trainer,2019/08/02,"tcgplayer,cardmarket",https://prices.pokemontcg.io/tcgplayer/sm11-256,https://images.pokemontcg.io/sm11/256_hires.png,2026/08/08,2025/11/18,48.33,36.869998931884766,48.33000183105469,297.3999938964844,,,,,,28.8375,7.9592,31.7328,0.0,28.295400619506836,32.1711,32.1365,23.0585,25.6654,23.9121,1.1535,2026-08-09
sm11-257,Recycle Energy,holofoil,Unified Minds,257,Rare Secret,,Special,,Energy,2019/08/02,"tcgplayer,cardmarket",https://prices.pokemontcg.io/tcgplayer/sm11-257,https://images.pokemontcg.io/sm11/257_hires.png,2026/08/08,2025/11/18,12.01,9.0,12.0,122.5,,,,,,7.0594,3.9565,10.716,0.0,11.53499984741211,13.5998,10.2892,11.535,12.3771,10.5315,1.1535,2026-08-09
sm11-258,Weakness Guard Energy,holofoil,Unified Minds,258,Rare Secret,,Special,,Energy,2019/08/02,"tcgplayer,cardmarket",https://prices.pokemontcg.io/tcgplayer/sm11-258,https://images.pokemontcg.io/sm11/258_hires.png,2026/08/08,2025/11/18,8.28,6.480000019073486,8.15999984741211,79.0,,,,,,5.1215,2.8838,6.4827,0.0,5.306099891662598,6.0905,7.3824,6.921,12.4809,11.7657,1.1535,2026-08-09
swsh45sv-SV001,Rowlet,holofoil,Shining Fates Shiny Vault,SV001,Rare Shiny,Akira Komayama,Basic,722,Pokémon,2021/02/19,"tcgplayer,cardmarket",https://prices.pokemontcg.io/tcgplayer/swsh45sv-SV001,https://images.pokemontcg.io/swsh45sv/SV001_hires.png,2026/08/08,2026/07/01,4.75,1.600000023841858,4.820000171661377,28.860000610351562,,,,,,3.2644,1.142,3.3798,0.0,3.4374001026153564,3.1145,3.0683,7.3017,6.9325,7.0133,1.1535,2026-08-09
swsh45sv-SV002,Dartrix,holofoil,Shining Fates Shiny Vault,SV002,Rare Shiny,Masakazu Fukuda,Stage 1,723,Pokémon,2021/02/19,"tcgplayer,cardmarket",https://prices.pokemontcg.io/tcgplayer/swsh45sv-SV002,https://images.pokemontcg.io/swsh45sv/SV002_hires.png,2026/08/08,2026/07/01,3.38,2.450000047683716,3.549999952316284,33.099998474121094,,,,,,3.4605,2.8838,3.1145,0.0,3.4605000019073486,3.472,3.8642,11.4197,11.1543,10.4738,1.1535,2026-08-09
swsh45sv-SV003,Decidueye,holofoil,Shining Fates Shiny Vault,SV003,Rare Shiny,nagimiso,Stage 2,724,Pokémon,2021/02/19,"tcgplayer,cardmarket",https://prices.pokemontcg.io/tcgplayer/swsh45sv-SV003,https://images.pokemontcg.io/swsh45sv/SV003_hires.png,2026/08/08,2026/07/01,5.66,3.490000009536743,5.940000057220459,44.5099983215332,,,,,,5.3984,1.7302,5.3176,0.0,5.7444000244140625,5.2023,5.3638,13.8305,14.6379,14.5572,1.1535,2026-08-09
swsh45-1,Yanma,normal,Shining Fates,1,Common,Kouki Saitou,Basic,193,Pokémon,2021/02/19,"tcgplayer,cardmarket",https://prices.pokemontcg.io/tcgplayer/swsh45-1,https://images.pokemontcg.io/swsh45/1_hires.png,2026/08/08,2026/07/01,0.03,0.009999999776482582,0.15000000596046448,25.030000686645508,,0.21,,,,0.0461,0.0231,0.0346,0.1846,0.03460000082850456,0.0346,0.0346,0.2307,0.1615,0.15,1.1535,2026-08-09
swsh45sv-SV004,Grookey,holofoil,Shining Fates Shiny Vault,SV004,Rare Shiny,Sanosuke Sakuma,Basic,810,Pokémon,2021/02/19,"tcgplayer,cardmarket",https://prices.pokemontcg.io/tcgplayer/swsh45sv-SV004,https://images.pokemontcg.io/swsh45sv/SV004_hires.png,2026/08/08,2026/07/01,2.4,1.409999966621399,2.509999990463257,9.989999771118164,,,,,,1.7764,1.1535,2.0648,0.0,3.4374001026153564,2.0071,1.7995,8.559,6.2404,6.5288,1.1535,2026-08-09
swsh45-2,Yanmega,normal,Shining Fates,2,Rare,Souichirou Gunjima,Stage 1,469,Pokémon,2021/02/19,"tcgplayer,cardmarket",https://prices.pokemontcg.io/tcgplayer/swsh45-2,https://images.pokemontcg.io/swsh45/2_hires.png,2026/08/08,2026/07/01,0.16,0.009999999776482582,0.18000000715255737,4.0,,0.24,,,,0.1154,0.0231,0.1154,0.2538,0.06920000165700912,0.0923,0.0807,0.0807,0.2192,0.2422,1.1535,2026-08-09
swsh45-3,Celebi,normal,Shining Fates,3,Rare,Yuu Nishida,Basic,251,Pokémon,2021/02/19,"tcgplayer,cardmarket",https://prices.pokemontcg.io/tcgplayer/swsh45-3,https://images.pokemontcg.io/swsh45/3_hires.png,2026/08/08,2026/07/01,0.26,0.05000000074505806,0.25,50.0,,0.52,,,,0.1846,0.0231,0.1384,0.5883,0.09229999780654907,0.15,0.1846,1.0958,0.7728,0.5191,1.1535,2026-08-09
swsh45sv-SV005,Thwackey,holofoil,Shining Fates Shiny Vault,SV005,Rare Shiny,tetsuya koizumi,Stage 1,811,Pokémon,2021/02/19,"tcgplayer,cardmarket",https://prices.pokemontcg.io/tcgplayer/swsh45sv-SV005,https://images.pokemontcg.io/swsh45sv/SV005_hires.png,2026/08/08,2026/07/01,3.51,2.0,3.509999990463257,31.950000762939453,,,,,,3.7719,1.6149,3.1837,0.0,3.4489998817443848,3.7835,4.3487,11.4773,9.9086,8.6974,1.1535,2026-08-09
swsh45-4,Cacnea,normal,Shining Fates,4,Common,Uta,Basic,331,Pokémon,2021/02/19,"tcgplayer,cardmarket",https://prices.pokemontcg.io/tcgplayer/swsh45-4,https://images.pokemontcg.io/swsh45/4_hires.png,2026/08/08,2026/07/01,0.04,0.009999999776482582,0.15000000596046448,25.049999237060547,,0.2,,,,0.0346,0.0231,0.0346,0.1846,0.023099999874830246,0.0231,0.0346,0.2192,0.173,0.1846,1.1535,2026-08-09
swsh45sv-SV006,Rillaboom,holofoil,Shining Fates Shiny Vault,SV006,Rare Shiny,Ryuta Fuse,Stage 2,812,Pokémon,2021/02/19,"tcgplayer,cardmarket",https://prices.pokemontcg.io/tcgplayer/swsh45sv-SV006,https://images.pokemontcg.io/swsh45sv/SV006_hires.png,2026/08/08,2026/07/01,3.07,2.4200000762939453,3.359999895095825,28.65999984741211,,,,,,3.4259,2.2724,3.3105,0.0,4.498600006103516,3.5643,3.4951,12.1117,11.1428,11.2582,1.1535,2026-08-09
swsh45sv-SV007,Blipbug,holofoil,Shining Fates Shiny Vault,SV007,Rare Shiny,Kyoko Umemoto,Basic,824,Pokémon,2021/02/19,"tcgplayer,cardmarket",https://prices.pokemontcg.io/tcgplayer/swsh45sv-SV007,https://images.pokemontcg.io/swsh45sv/SV007_hires.png,2026/08/08,2026/07/01,1.75,1.0,1.9600000381469727,5.0,,,,,,1.9379,1.1535,2.0878,0.0,2.306999921798706,2.2839,1.8571,6.1251,6.7018,7.3939,1.1535,2026-08-09
swsh45-5,Tropius,normal,Shining Fates,5,Uncommon,Akira Komayama,Basic,357,Pokémon,2021/02/19,"tcgplayer,cardmarket",https://prices.pokemontcg.io/tcgplayer/swsh45-5,https://images.pokemontcg.io/swsh45/5_hires.png,2026/08/08,2026/07/01,0.1,0.009999999776482582,0.15000000596046448,25.100000381469727,,0.05,,,,0.0461,0.0231,0.0461,0.2538,0.023099999874830246,0.0461,0.0346,0.2884,0.1961,0.2076,1.1535,2026-08-09
swsh45sv-SV008,Dottler,holofoil,Shining Fates Shiny Vault,SV008,Rare Shiny,tetsuya koizumi,Stage 1,825,Pokémon,2021/02/19,"tcgplayer,cardmarket",https://prices.pokemontcg.io/tcgplayer/swsh45sv-SV008,https://images.pokemontcg.io/swsh45sv/SV008_hires.png,2026/08/08,2026/07/01,1.59,0.5400000214576721,1.659999966621399,15.800000190734863,,,,,,2.2378,1.2689,2.2839,0.0,3.4374001026153564,2.307,2.457,5.6406,7.3939,7.5093,1.1535,2026-08-09
swsh45-6,Rowlet,normal,Shining Fates,6,Common,HYOGONOSUKE,Basic,722,Pokémon,2021/02/19,"tcgplayer,cardmarket",https://prices.pokemontcg.io/tcgplayer/swsh45-6,https://images.pokemontcg.io/swsh45/6_hires.png,2026/08/08,2026/07/01,0.06,0.009999999776482582,0.15000000596046448,25.06999969482422,,0.25,,,,0.0461,0.0231,0.0461,0.1961,0.05770000070333481,0.0577,0.0461,0.173,0.1615,0.2192,1.1535,2026-08-09
swsh45-7,Dartrix,normal,Shining Fates,7,Uncommon,AKIRA EGAWA,Stage 1,723,Pokémon,2021/02/19,"tcgplayer,cardmarket",https://prices.pokemontcg.io/tcgplayer/swsh45-7,https://images.pokemontcg.io/swsh45/7_hires.png,2026/08/08,2026/07/01,0.14,0.009999999776482582,0.1599999964237213,25.149999618530273,,0.23,,,,0.0577,0.0231,0.0692,0.2768,0.03460000082850456,0.0577,0.0577,0.0346,0.3114,0.2768,1.1535,2026-08-09
swsh45sv-SV009,Orbeetle,holofoil,Shining Fates Shiny Vault,SV009,Rare Shiny,SATOSHI NAKAI,Stage 2,826,Pokémon,2021/02/19,"tcgplayer,cardmarket",https://prices.pokemontcg.io/tcgplayer/swsh45sv-SV009,https://images.pokemontcg.io/swsh45sv/SV009_hires.png,2026/08/08,2026/06/30,2.21,1.25,2.299999952316284,9.989999771118164,,,,,,2.1916,1.4419,1.7418,0.0,1.6726000308990479,2.2032,2.4224,7.1863,8.3398,9.1934,1.1535,2026-08-09
swsh45-8,Decidueye,holofoil,Shining Fates,8,Rare Holo,Ryota Murayama,Stage 2,724,Pokémon,2021/02/19,"tcgplayer,cardmarket",https://prices.pokemontcg.io/tcgplayer/swsh45-8,https://images.pokemontcg.io/swsh45/8_hires.png,2026/08/08,2026/07/01,0.29,0.009999999776482582,0.30000001192092896,15.0,,0.3,,,,0.2768,0.0231,0.173,0.4499,0.28839999437332153,0.2192,0.2538,0.2884,0.3576,0.4268,1.1535,2026-08-09
swsh45sv-SV010,Gossifleur,holofoil,Shining Fates Shiny Vault,SV010,Rare Shiny,Kyoko Umemoto,Basic,829,Pokémon,2021/02/19,"tcgplayer,cardmarket",https://prices.pokemontcg.io/tcgplayer/swsh45sv-SV010,https://images.pokemontcg.io/swsh45sv/SV010_hires.png,2026/08/08,2026/06/30,2.39,1.600000023841858,2.5,6.21999979019165,,,,,,2.7684,1.7302,2.8607,0.0,3.4605000019073486,3.2298,2.8722,7.5324,8.8589,9.8624,1.1535,2026-08-09
swsh45-9,Dhelmise V,holofoil,Shining Fates,9,Rare Holo V,Eske Yoshinob,Basic|V,781,Pokémon,2021/02/19,"tcgplayer,cardmarket",https://prices.pokemontcg.io/tcgplayer/swsh45-9,https://images.pokemontcg.io/swsh45/9_hires.png,2026/08/08,2026/07/01,0.86,0.44999998807907104,0.9900000095367432,5.710000038146973,,,,,,0.8882,0.1154,1.0381,0.0,1.3841999769210815,1.0151,0.8997,1.0266,1.0843,1.3265,1.1535,2026-08-09
swsh45-10,Dhelmise VMAX,holofoil,Shining Fates,10,Rare Holo VMAX,PLANETA Mochizuki,VMAX,781,Pokémon,2021/02/19,"tcgplayer,cardmarket",https://prices.pokemontcg.io/tcgplayer/swsh45-10,https://images.pokemontcg.io/swsh45/10_hires.png,2026/08/08,2026/07/01,1.4,1.1399999856948853,1.75,30.0,,,,,,1.6149,0.5537,1.5688,0.0,1.9493999481201172,1.4419,1.661,3.0337,2.9876,3.4259,1.1535,2026-08-09
swsh45sv-SV011,Eldegoss,holofoil,Shining Fates Shiny Vault,SV011,Rare Shiny,Mizue,Stage 1,830,Pokémon,2021/02/19,"tcgplayer,cardmarket",https://prices.pokemontcg.io/tcgplayer/swsh45sv-SV011,https://images.pokemontcg.io/swsh45sv/SV011_hires.png,2026/08/08,2026/06/30,1.45,1.0,1.7699999809265137,13.0,,,,,,2.1916,1.0381,2.0763,0.0,1.4419000148773193,2.1801,2.2263,10.3238,10.2315,9.9201,1.1535,2026-08-09
swsh45-11,Grookey,normal,Shining Fates,11,Common,Naoki Saito,Basic,810,Pokémon,2021/02/19,"tcgplayer,cardmarket",https://prices.pokemontcg.io/tcgplayer/swsh45-11,https://images.pokemontcg.io/swsh45/11_hires.png,2026/08/08,2026/07/01,0.12,0.009999999776482582,0.17000000178813934,25.1299991607666,,0.22,,,,0.0461,0.0231,0.0346,0.2192,0.023099999874830246,0.0461,0.0461,0.2307,0.1961,0.1846,1.1535,2026-08-09
swsh45-12,Thwackey,normal,Shining Fates,12,Uncommon,0313,Stage 1,811,Pokémon,2021/02/19,"tcgplayer,cardmarket",https://prices.pokemontcg.io/tcgplayer/swsh45-12,https://images.pokemontcg.io/swsh45/12_hires.png,2026/08/08,2026/07/01,0.02,0.009999999776482582,0.1599999964237213,25.030000686645508,,0.24,,,,0.0461,0.0231,0.0346,0.1846,0.023099999874830246,0.0346,0.0346,0.2307,0.1615,0.1846,1.1535,2026-08-09
swsh45-13,Rillaboom,holofoil,Shining Fates,13,Rare Holo,Anesaki Dynamic,Stage 2,812,Pokémon,2021/02/19,"tcgplayer,cardmarket",https://prices.pokemontcg.io/tcgplayer/swsh45-13,https://images.pokemontcg.io/swsh45/13_hires.png,2026/08/08,2026/06/30,0.28,0.05000000074505806,0.2800000011920929,5.480000019073486,,0.26,,,,0.2538,0.0231,0.2307,0.3114,0.11540000140666962,0.15,0.2422,0.173,0.2653,0.323,1.1535,2026-08-09
swsh45-14,Gossifleur,normal,Shining Fates,14,Common,Yukiko Baba,Basic,829,Pokémon,2021/02/19,"tcgplayer,cardmarket",https://prices.pokemontcg.io/tcgplayer/swsh45-14,https://images.pokemontcg.io/swsh45/14_hires.png,2026/08/08,2026/06/30,0.1,0.009999999776482582,0.15000000596046448,25.110000610351562,,0.21,,,,0.0346,0.0231,0.0461,0.173,0.03460000082850456,0.0346,0.0346,0.173,0.15,0.2076,1.1535,2026-08-09
swsh45-15,Eldegoss,normal,Shining Fates,15,Uncommon,kodama,Stage 1,830,Pokémon,2021/02/19,"tcgplayer,cardmarket",https://prices.pokemontcg.io/tcgplayer/swsh45-15,https://images.pokemontcg.io/swsh45/15_hires.png,2026/08/08,2026/06/30,0.06,0.009999999776482582,0.15000000596046448,25.049999237060547,,0.15,,,,0.0461,0.0231,0.0346,0.1961,0.03460000082850456,0.0461,0.0346,0.3114,0.2076,0.1846,1.1535,2026-08-09
swsh45sv-SV012,Applin,holofoil,Shining Fates Shiny Vault,SV012,Rare Shiny,otumami,Basic,840,Pokémon,2021/02/19,"tcgplayer,cardmarket",https://prices.pokemontcg.io/tcgplayer/swsh45sv-SV012,https://images.pokemontcg.io/swsh45sv/SV012_hires.png,2026/08/08,2026/06/30,9.45,5.699999809265137,9.989999771118164,49.9900016784668,,,,,,4.1526,0.4037,4.2103,0.0,4.59089994430542,4.2564,3.9565,7.7746,8.2014,8.3052,1.1535,2026-08-09
swsh45sv-SV013,Flapple,holofoil,Shining Fates Shiny Vault,SV013,Rare Shiny,Shigenori Negishi,Stage 1,841,Pokémon,2021/02/19,"tcgplayer,cardmarket",https://prices.pokemontcg.io/tcgplayer/swsh45sv-SV013,https://images.pokemontcg.io/swsh45sv/SV013_hires.png,2026/08/08,2026/06/30,4.26,2.5,4.389999866485596,93.9000015258789,,,,,,3.6681,2.2839,4.3141,0.0,4.59089994430542,3.4605,3.5528,10.9582,11.8811,10.2546,1.1535,2026-08-09
swsh45sv-SV014,Appletun,holofoil,Shining Fates Shiny Vault,SV014,Rare Shiny,Kouki Saitou,Stage 1,842,Pokémon,2021/02/19,"tcgplayer,cardmarket",https://prices.pokemontcg.io/tcgplayer/swsh45sv-SV014,https://images.pokemontcg.io/swsh45sv/SV014_hires.png,2026/08/08,2026/06/30,7.7,5.989999771118164,8.489999771118164,49.689998626708984,,,,,,3.3682,1.8456,3.1721,0.0,2.768399953842163,3.4028,3.0337,9.8048,9.4126,9.4587,1.1535,2026-08-09
swsh45-16,Zarude,normal,Shining Fates,16,Rare,Kouki Saitou,Basic,893,Pokémon,2021/02/19,"tcgplayer,cardmarket",https://prices.pokemontcg.io/tcgplayer/swsh45-16,https://images.pokemontcg.io/swsh45/16_hires.png,2026/08/08,2026/06/30,0.14,0.009999999776482582,0.20000000298023224,2.990000009536743,,0.23,,,,0.1154,0.0231,0.1269,0.346,0.10379999876022339,0.0923,0.1154,0.2884,0.2884,0.2768,1.1535,2026-08-09
swsh45sv-SV015,Scorbunny,holofoil,Shining Fates Shiny Vault,SV015,Rare Shiny,MAHOU,Basic,813,Pokémon,2021/02/19,"tcgplayer,cardmarket",https://prices.pokemontcg.io/tcgplayer/swsh45sv-SV015,https://images.pokemontcg.io/swsh45sv/SV015_hires.png,2026/08/08,2026/06/30,4.29,2.5,4.480000019073486,95.23999786376953,,,,,,2.5954,1.142,2.6992,0.0,3.160599946975708,2.5608,2.63,7.4747,6.7595,6.2981,1.1535,2026-08-09
swsh45sv-SV016,Raboot,holofoil,Shining Fates Shiny Vault,SV016,Rare Shiny,Lee HyunJung,Stage 1,814,Pokémon,2021/02/19,"tcgplayer,cardmarket",https://prices.pokemontcg.io/tcgplayer/swsh45sv-SV016,https://images.pokemontcg.io/swsh45sv/SV016_hires.png,2026/08/08,2026/06/30,5.42,3.8399999141693115,5.610000133514404,49.540000915527344,,,,,,4.5563,1.7187,4.5333,0.0,4.3256001472473145,4.764,4.7524,8.0745,11.7542,11.6042,1.1535,2026-08-09
swsh45-17,Reshiram,holofoil,Shining Fates,17,Amazing Rare,PLANETA Tsuji,Basic,643,Pokémon,2021/02/19,"tcgplayer,cardmarket",https://prices.pokemontcg.io/tcgplayer/swsh45-17,https://images.pokemontcg.io/swsh45/17_hires.png,2026/08/08,2026/06/26,2.7,1.4900000095367432,3.0,99.98999786376953,,,,,,4.2218,1.1535,3.9219,0.0,2.745300054550171,3.449,4.5102,7.5785,8.236,9.1357,1.1535,2026-08-09
swsh45sv-SV017,Cinderace,holofoil,Shining Fates Shiny Vault,SV017,Rare Shiny,Hitoshi Ariga,Stage 2,815,Pokémon,2021/02/19,"tcgplayer,cardmarket",https://prices.pokemontcg.io/tcgplayer/swsh45sv-SV017,https://images.pokemontcg.io/swsh45sv/SV017_hires.png,2026/08/08,2026/06/11,6.59,4.360000133514404,6.820000171661377,49.9900016784668,,,,,,5.3638,3.9219,5.3176,0.0,5.479100227355957,5.2715,5.5599,14.9955,16.8872,14.0842,1.1535,2026-08-09
swsh45sv-SV018,Sizzlipede,holofoil,Shining Fates Shiny Vault,SV018,Rare Shiny,Shigenori Negishi,Basic,850,Pokémon,2021/02/19,"tcgplayer,cardmarket",https://prices.pokemontcg.io/tcgplayer/swsh45sv-SV018,https://images.pokemontcg.io/swsh45sv/SV018_hires.png,2026/08/08,2026/06/11,2.45,1.25,2.299999952316284,5.0,,,,,,2.7107,1.7302,2.8491,0.0,3.4374001026153564,2.8376,2.7338,8.0745,7.5439,7.8207,1.1535,2026-08-09
swsh45-18,Cinderace V,holofoil,Shining Fates,18,Rare Holo V,5ban Graphics,Basic|V,815,Pokémon,2021/02/19,"tcgplayer,cardmarket",https://prices.pokemontcg.io/tcgplayer/swsh45-18,https://images.pokemontcg.io/swsh45/18_hires.png,2026/08/08,2026/06/25,0.68,0.49000000953674316,0.9900000095367432,68.0,,,,,,1.0381,0.173,1.0497,0.0,1.315000057220459,0.992,1.0035,1.1881,1.2689,1.3957,1.1535,2026-08-09
swsh45sv-SV019,Centiskorch,holofoil,Shining Fates Shiny Vault,SV019,Rare Shiny,SATOSHI NAKAI,Stage 1,851,Pokémon,2021/02/19,"tcgplayer,cardmarket",https://prices.pokemontcg.io/tcgplayer/swsh45sv-SV019,https://images.pokemontcg.io/swsh45sv/SV019_hires.png,2026/08/08,2026/06/11,2.16,1.5,2.440000057220459,96.94999694824219,,,,,,3.3913,1.7302,3.9104,0.0,2.8838000297546387,3.3336,2.7338,7.7861,9.1473,8.3744,1.1535,2026-08-09
swsh45-19,Cinderace VMAX,holofoil,Shining Fates,19,Rare Holo VMAX,PLANETA Mochizuki,VMAX,815,Pokémon,2021/02/19,"tcgplayer,cardmarket",https://prices.pokemontcg.io/tcgplayer/swsh45-19,https://images.pokemontcg.io/swsh45/19_hires.png,2026/08/08,2026/06/25,1.79,1.0,2.0999999046325684,9.989999771118164,,,,,,1.984,0.8651,2.4916,0.0,3.4605000019073486,2.457,2.0763,3.3913,3.8758,4.3718,1.1535,2026-08-09
swsh45sv-SV020,Galarian Mr. Mime,holofoil,Shining Fates Shiny Vault,SV020,Rare Shiny,Masakazu Fukuda,Basic,122,Pokémon,2021/02/19,"tcgplayer,cardmarket",https://prices.pokemontcg.io/tcgplayer/swsh45sv-SV020,https://images.pokemontcg.io/swsh45sv/SV020_hires.png,2026/08/08,2026/05/25,2.24,1.25,2.1700000762939453,9.989999771118164,,,,,,2.1224,0.5767,1.8341,0.0,2.595400094985962,2.4108,2.3185,7.6823,8.6166,8.4321,1.1535,2026-08-09
swsh45-20,Horsea,normal,Shining Fates,20,Common,Taira Akitsu,Basic,116,Pokémon,2021/02/19,"tcgplayer,cardmarket",https://prices.pokemontcg.io/tcgplayer/swsh45-20,https://images.pokemontcg.io/swsh45/20_hires.png,2026/08/08,2026/06/21,0.05,0.009999999776482582,0.15000000596046448,25.059999465942383,,0.27,,,,0.0461,0.0231,0.0692,0.1615,0.04610000178217888,0.0346,0.0461,0.2307,0.2653,0.1961,1.1535,2026-08-09
swsh45-21,Kyogre,holofoil,Shining Fates,21,Amazing Rare,Anesaki Dynamic,Basic,382,Pokémon,2021/02/19,"tcgplayer,cardmarket",https://prices.pokemontcg.io/tcgplayer/swsh45-21,https://images.pokemontcg.io/swsh45/21_hires.png,2026/08/08,2026/06/19,3.85,3.0,4.75,884.4400024414062,,,,,,6.8518,1.7302,8.2475,0.0,7.4054999351501465,7.0133,7.0248,8.236,8.8935,10.0008,1.1535,2026-08-09
swsh45sv-SV021,Galarian Mr. Rime,holofoil,Shining Fates Shiny Vault,SV021,Rare Shiny,Hideki Ishikawa,Stage 1,866,Pokémon,2021/02/19,"tcgplayer,cardmarket",https://prices.pokemontcg.io/tcgplayer/swsh45sv-SV021,https://images.pokemontcg.io/swsh45sv/SV021_hires.png,2026/08/08,2026/05/25,1.25,0.699999988079071,1.4299999475479126,9.989999771118164,,,,,,1.4995,0.4614,1.6034,0.0,0.8651000261306763,1.6956,1.4765,3.7489,5.3176,5.5829,1.1535,2026-08-09
swsh45-22,Buizel,normal,Shining Fates,22,Common,ryoma uratsuka,Basic,418,Pokémon,2021/02/19,"tcgplayer,cardmarket",https://prices.pokemontcg.io/tcgplayer/swsh45-22,https://images.pokemontcg.io/swsh45/22_hires.png,2026/08/08,2026/06/19,0.07,0.009999999776482582,0.15000000596046448,25.079999923706055,,0.2,,,,0.0346,0.0231,0.0346,0.1846,0.023099999874830246,0.0461,0.0346,0.1154,0.173,0.1846,1.1535,2026-08-09
swsh45-23,Floatzel,normal,Shining Fates,23,Uncommon,AKIRA EGAWA,Stage 1,419,Pokémon,2021/02/19,"tcgplayer,cardmarket",https://prices.pokemontcg.io/tcgplayer/swsh45-23,https://images.pokemontcg.io/swsh45/23_hires.png,2026/08/08,2026/06/19,0.05,0.009999999776482582,0.15000000596046448,25.06999969482422,,0.24,,,,0.0461,0.0231,0.0461,0.2076,0.05770000070333481,0.0577,0.0461,0.2884,0.2192,0.2307,1.1535,2026-08-09
swsh45sv-SV022,Suicune,holofoil,Shining Fates Shiny Vault,SV022,Rare Shiny,Kagemaru Himeno,Basic,245,Pokémon,2021/02/19,"tcgplayer,cardmarket",https://prices.pokemontcg.io/tcgplayer/swsh45sv-SV022,https://images.pokemontcg.io/swsh45sv/SV022_hires.png,2026/08/08,2026/05/16,16.86,12.25,17.030000686645508,110.0,,,,,,15.653,11.4773,15.1801,0.0,14.418700218200684,14.9609,14.0842,69.1985,62.2775,63.7078,1.1535,2026-08-09
swsh45sv-SV023,Galarian Darumaka,holofoil,Shining Fates Shiny Vault,SV023,Rare Shiny,SATOSHI NAKAI,Basic,554,Pokémon,2021/02/19,"tcgplayer,cardmarket",https://prices.pokemontcg.io/tcgplayer/swsh45sv-SV023,https://images.pokemontcg.io/swsh45sv/SV023_hires.png,2026/08/08,2026/05/16,2.19,0.9900000095367432,2.299999952316284,9.989999771118164,,,,,,3.126,1.7302,2.953,0.0,2.0648000240325928,3.2183,2.803,9.2165,7.913,8.4436,1.1535,2026-08-09
swsh45-24,Manaphy,normal,Shining Fates,24,Rare,Narumi Sato,Basic,490,Pokémon,2021/02/19,"tcgplayer,cardmarket",https://prices.pokemontcg.io/tcgplayer/swsh45-24,https://images.pokemontcg.io/swsh45/24_hires.png,2026/08/08,2026/06/19,0.19,0.019999999552965164,0.20999999344348907,19.979999542236328,,0.32,,,,0.1384,0.0231,0.1615,0.3922,0.11540000140666962,0.1384,0.1384,0.3345,0.5191,0.3576,1.1535,2026-08-09
swsh45-25,Volcanion,normal,Shining Fates,25,Rare,nagimiso,Basic,721,Pokémon,2021/02/19,"tcgplayer,cardmarket",https://prices.pokemontcg.io/tcgplayer/swsh45-25,https://images.pokemontcg.io/swsh45/25_hires.png,2026/08/08,2026/06/19,0.03,0.009999999776482582,0.20000000298023224,2.990000009536743,,0.28,,,,0.0692,0.0231,0.0923,0.3345,0.05770000070333481,0.0692,0.0807,0.5883,0.4037,0.2768,1.1535,2026-08-09
swsh45sv-SV024,Galarian Darmanitan,holofoil,Shining Fates Shiny Vault,SV024,Rare Shiny,nagimiso,Stage 1,555,Pokémon,2021/02/19,"tcgplayer,cardmarket",https://prices.pokemontcg.io/tcgplayer/swsh45sv-SV024,https://images.pokemontcg.io/swsh45sv/SV024_hires.png,2026/08/08,2026/05/16,1.7,0.9900000095367432,1.7799999713897705,5.0,,,,,,2.4916,1.3842,2.9068,0.0,2.5722999572753906,2.7338,2.3416,5.26,6.9556,7.3132,1.1535,2026-08-09
swsh45sv-SV025,Sobble,holofoil,Shining Fates Shiny Vault,SV025,Rare Shiny,Saya Tsuruta,Basic,816,Pokémon,2021/02/19,"tcgplayer,cardmarket",https://prices.pokemontcg.io/tcgplayer/swsh45sv-SV025,https://images.pokemontcg.io/swsh45sv/SV025_hires.png,2026/08/08,2026/05/16,2.22,1.0,2.2799999713897705,96.83000183105469,,,,,,2.0994,0.8074,1.9379,0.0,1.4880000352859497,1.8917,1.9956,5.6983,6.575,6.7364,1.1535,2026-08-09
swsh45-26,Chewtle,normal,Shining Fates,26,Common,sowsow,Basic,833,Pokémon,2021/02/19,"tcgplayer,cardmarket",https://prices.pokemontcg.io/tcgplayer/swsh45-26,https://images.pokemontcg.io/swsh45/26_hires.png,2026/08/08,2026/06/18,0.07,0.009999999776482582,0.15000000596046448,25.059999465942383,,0.21,,,,0.0461,0.0231,0.0346,0.1846,0.09229999780654907,0.0577,0.0461,0.1615,0.173,0.2538,1.1535,2026-08-09
swsh45sv-SV026,Drizzile,holofoil,Shining Fates Shiny Vault,SV026,Rare Shiny,Ryuta Fuse,Stage 1,817,Pokémon,2021/02/19,"tcgplayer,cardmarket",https://prices.pokemontcg.io/tcgplayer/swsh45sv-SV026,https://images.pokemontcg.io/swsh45sv/SV026_hires.png,2026/08/08,2026/03/11,4.64,2.700000047683716,4.690000057220459,215.05999755859375,,,,,,4.1411,2.307,4.1757,0.0,4.833199977874756,4.6371,4.0488,10.2777,10.4392,10.5776,1.1535,2026-08-09
swsh45-27,Drednaw,normal,Shining Fates,27,Rare,Masakazu Fukuda,Stage 1,834,Pokémon,2021/02/19,"tcgplayer,cardmarket",https://prices.pokemontcg.io/tcgplayer/swsh45-27,https://images.pokemontcg.io/swsh45/27_hires.png,2026/08/08,2026/06/18,0.16,0.019999999552965164,0.1899999976158142,4.090000152587891,,0.25,,,,0.1269,0.0231,0.0807,0.3576,0.06920000165700912,0.0692,0.1269,0.4729,0.3807,0.2884,1.1535,2026-08-09
swsh45-28,Cramorant,normal,Shining Fates,28,Uncommon,HYOGONOSUKE,Basic,845,Pokémon,2021/02/19,"tcgplayer,cardmarket",https://prices.pokemontcg.io/tcgplayer/swsh45-28,https://images.pokemontcg.io/swsh45/28_hires.png,2026/08/08,2026/05/11,0.19,0.009999999776482582,0.20000000298023224,25.15999984741211,,0.22,,,,0.0692,0.0231,0.0807,0.1961,0.023099999874830246,0.0577,0.0577,0.1154,0.1615,0.1961,1.1535,2026-08-09
swsh45sv-SV027,Inteleon,holofoil,Shining Fates Shiny Vault,SV027,Rare Shiny,nagimiso,Stage 2,818,Pokémon,2021/02/19,"tcgplayer,cardmarket",https://prices.pokemontcg.io/tcgplayer/swsh45sv-SV027,https://images.pokemontcg.io/swsh45sv/SV027_hires.png,2026/08/08,2026/03/11,5.26,3.8399999141693115,5.300000190734863,47.849998474121094,,,,,,4.9024,3.449,6.0443,0.0,6.897900104522705,6.4827,5.2023,13.5306,13.4383,12.5155,1.1535,2026-08-09
swsh45sv-SV028,Chewtle,holofoil,Shining Fates Shiny Vault,SV028,Rare Shiny,otumami,Basic,833,Pokémon,2021/02/19,"tcgplayer,cardmarket",https://prices.pokemontcg.io/tcgplayer/swsh45sv-SV028,https://images.pokemontcg.io/swsh45sv/SV028_hires.png,2026/08/08,2026/03/11,2.19,1.1699999570846558,2.4600000381469727,8.0,,,,,,3.1145,1.6726,2.9876,0.0,2.1916000843048096,2.8376,2.7915,7.267,7.0825,7.267,1.1535,2026-08-09
swsh45-29,Snom,normal,Shining Fates,29,Common,Tika Matsuno,Basic,872,Pokémon,2021/02/19,"tcgplayer,cardmarket",https://prices.pokemontcg.io/tcgplayer/swsh45-29,https://images.pokemontcg.io/swsh45/29_hires.png,2026/08/08,2026/05/11,0.22,0.009999999776482582,0.2199999988079071,25.229999542236328,,0.34,,,,0.0577,0.0231,0.0346,0.2076,0.05770000070333481,0.0577,0.0692,0.1154,0.1615,0.1846,1.1535,2026-08-09
swsh45sv-SV029,Drednaw,holofoil,Shining Fates Shiny Vault,SV029,Rare Shiny,Shin Nagasawa,Stage 1,834,Pokémon,2021/02/19,"tcgplayer,cardmarket",https://prices.pokemontcg.io/tcgplayer/swsh45sv-SV029,https://images.pokemontcg.io/swsh45sv/SV029_hires.png,2026/08/08,2026/03/11,2.1,1.0,2.180000066757202,6.760000228881836,,,,,,2.7799,1.142,2.3993,0.0,1.6726000308990479,2.8607,2.4916,6.3212,8.7781,9.3203,1.1535,2026-08-09
swsh45-30,Frosmoth,holofoil,Shining Fates,30,Rare Holo,Kagemaru Himeno,Stage 1,873,Pokémon,2021/02/19,"tcgplayer,cardmarket",https://prices.pokemontcg.io/tcgplayer/swsh45-30,https://images.pokemontcg.io/swsh45/30_hires.png,2026/08/08,2026/03/12,0.27,0.029999999329447746,0.2800000011920929,15.979999542236328,,0.34,,,,0.323,0.0231,0.2422,0.3807,0.4383000135421753,0.2076,0.3345,0.1154,0.3345,0.3576,1.1535,2026-08-09
swsh45sv-SV030,Cramorant,holofoil,Shining Fates Shiny Vault,SV030,Rare Shiny,Akira Komayama,Basic,845,Pokémon,2021/02/19,"tcgplayer,cardmarket",https://prices.pokemontcg.io/tcgplayer/swsh45sv-SV030,https://images.pokemontcg.io/swsh45sv/SV030_hires.png,2026/08/08,2026/03/11,1.24,0.949999988079071,1.4900000095367432,19.719999313354492,,,,,,1.3265,0.5767,1.6726,0.0,1.2111999988555908,1.9609,1.4303,5.0523,4.8447,4.9485,1.1535,2026-08-09
swsh45-31,Shinx,normal,Shining Fates,31,Common,Uta,Basic,403,Pokémon,2021/02/19,"tcgplayer,cardmarket",https://prices.pokemontcg.io/tcgplayer/swsh45-31,https://images.pokemontcg.io/swsh45/31_hires.png,2026/08/08,2026/03/12,0.12,0.009999999776482582,0.15000000596046448,25.110000610351562,,0.24,,,,0.0461,0.0231,0.0461,0.2884,0.05770000070333481,0.0461,0.0461,0.173,0.2076,0.2422,1.1535,2026-08-09
swsh45-32,Luxio,normal,Shining Fates,32,Uncommon,NC Empire,Stage 1,404,Pokémon,2021/02/19,"tcgplayer,cardmarket",https://prices.pokemontcg.io/tcgplayer/swsh45-32,https://images.pokemontcg.io/swsh45/32_hires.png,2026/08/08,2026/03/12,0.07,0.009999999776482582,0.15000000596046448,25.049999237060547,,0.22,,,,0.0923,0.0231,0.0577,0.1961,0.04610000178217888,0.0346,0.0807,0.173,0.3114,0.2192,1.1535,2026-08-09
swsh45sv-SV031,Arrokuda,holofoil,Shining Fates Shiny Vault,SV031,Rare Shiny,Shigenori Negishi,Basic,846,Pokémon,2021/02/19,"tcgplayer,cardmarket",https://prices.pokemontcg.io/tcgplayer/swsh45sv-SV031,https://images.pokemontcg.io/swsh45sv/SV031_hires.png,2026/08/08,2026/03/11,1.52,1.0,1.7899999618530273,10.0,,,,,,2.0302,1.4419,2.6069,0.0,3.4489998817443848,2.8491,2.2032,6.4596,5.756,6.6557,1.1535,2026-08-09
swsh45sv-SV032,Barraskewda,holofoil,Shining Fates Shiny Vault,SV032,Rare Shiny,Misa Tsutsui,Stage 1,847,Pokémon,2021/02/19,"tcgplayer,cardmarket",https://prices.pokemontcg.io/tcgplayer/swsh45sv-SV032,https://images.pokemontcg.io/swsh45sv/SV032_hires.png,2026/08/08,2026/03/11,1.68,1.0,1.8600000143051147,7.989999771118164,,,,,,2.7915,1.6149,3.0452,0.0,3.4489998817443848,3.5528,2.5838,5.756,7.6938,8.409,1.1535,2026-08-09
swsh45-33,Luxray,holofoil,Shining Fates,33,Rare Holo,Hasuno,Stage 2,405,Pokémon,2021/02/19,"tcgplayer,cardmarket",https://prices.pokemontcg.io/tcgplayer/swsh45-33,https://images.pokemontcg.io/swsh45/33_hires.png,2026/08/08,2026/03/11,0.23,0.029999999329447746,0.25,2.990000009536743,,0.36,,,,0.2999,0.0231,0.2076,0.3807,0.17299999296665192,0.2076,0.2999,0.2884,0.4268,0.3922,1.1535,2026-08-09
swsh45-34,Rotom,normal,Shining Fates,34,Uncommon,ryoma uratsuka,Basic,479,Pokémon,2021/02/19,"tcgplayer,cardmarket",https://prices.pokemontcg.io/tcgplayer/swsh45-34,https://images.pokemontcg.io/swsh45/34_hires.png,2026/08/08,2026/03/11,0.15,0.009999999776482582,0.17000000178813934,25.149999618530273,,0.24,,,,0.0461,0.0231,0.0461,0.173,0.05770000070333481,0.0346,0.0461,0.2307,0.2076,0.1961,1.1535,2026-08-09
swsh45sv-SV033,Snom,holofoil,Shining Fates Shiny Vault,SV033,Rare Shiny,Yumi,Basic,872,Pokémon,2021/02/19,"tcgplayer,cardmarket",https://prices.pokemontcg.io/tcgplayer/swsh45sv-SV033,https://images.pokemontcg.io/swsh45sv/SV033_hires.png,2026/08/08,2026/03/11,6.2,3.5,6.139999866485596,34.9900016784668,,,,,,1.8571,0.5767,2.0302,0.0,1.4419000148773193,2.1686,1.9263,5.7098,5.6637,5.9521,1.1535,2026-08-09
swsh45-35,Morpeko,normal,Shining Fates,35,Common,Saya Tsuruta,Basic,877,Pokémon,2021/02/19,"tcgplayer,cardmarket",https://prices.pokemontcg.io/tcgplayer/swsh45-35,https://images.pokemontcg.io/swsh45/35_hires.png,2026/08/08,2026/03/11,0.25,0.019999999552965164,0.23000000417232513,40.0,,0.5,,,,0.0577,0.0231,0.0807,0.3345,0.05770000070333481,0.0461,0.0692,0.1269,0.2422,0.3114,1.1535,2026-08-09
swsh45-36,Morpeko,normal,Shining Fates,36,Common,Hideki Ishikawa,Basic,877,Pokémon,2021/02/19,"tcgplayer,cardmarket",https://prices.pokemontcg.io/tcgplayer/swsh45-36,https://images.pokemontcg.io/swsh45/36_hires.png,2026/08/08,2026/03/11,0.22,0.009999999776482582,0.20000000298023224,25.18000030517578,,0.39,,,,0.0461,0.0231,0.1038,0.2653,0.023099999874830246,0.0692,0.0577,0.2538,0.3807,0.2999,1.1535,2026-08-09
swsh45sv-SV034,Frosmoth,holofoil,Shining Fates Shiny Vault,SV034,Rare Shiny,Akira Komayama,Stage 1,873,Pokémon,2021/02/19,"tcgplayer,cardmarket",https://prices.pokemontcg.io/tcgplayer/swsh45sv-SV034,https://images.pokemontcg.io/swsh45sv/SV034_hires.png,2026/08/08,2026/03/11,3.93,2.5,4.0,31.15999984741211,,,,,,3.4028,2.2955,3.6335,0.0,2.8722000122070312,3.299,3.3567,11.1428,9.897,10.4853,1.1535,2026-08-09
swsh45-37,Morpeko V,holofoil,Shining Fates,37,Rare Holo V,5ban Graphics,Basic|V,877,Pokémon,2021/02/19,"tcgplayer,cardmarket",https://prices.pokemontcg.io/tcgplayer/swsh45-37,https://images.pokemontcg.io/swsh45/37_hires.png,2026/08/08,2026/03/11,1.2,0.5,1.2100000381469727,19.65999984741211,,,,,,1.0035,0.2192,1.0612,0.0,2.306999921798706,1.0728,1.0151,1.4534,1.2573,1.3381,1.1535,2026-08-09
swsh45sv-SV035,Eiscue,holofoil,Shining Fates Shiny Vault,SV035,Rare Shiny,Shigenori Negishi,Basic,875,Pokémon,2021/02/19,"tcgplayer,cardmarket",https://prices.pokemontcg.io/tcgplayer/swsh45sv-SV035,https://images.pokemontcg.io/swsh45sv/SV035_hires.png,2026/08/08,2026/03/11,4.18,2.2799999713897705,4.599999904632568,39.9900016784668,,,,,,3.4259,1.7187,3.3567,0.0,4.487100124359131,3.1837,3.4259,7.6246,7.4055,7.74,1.1535,2026-08-09
swsh45-38,Morpeko VMAX,holofoil,Shining Fates,38,Rare Holo VMAX,PLANETA Mochizuki,VMAX,877,Pokémon,2021/02/19,"tcgplayer,cardmarket",https://prices.pokemontcg.io/tcgplayer/swsh45-38,https://images.pokemontcg.io/swsh45/38_hires.png,2026/08/08,2026/03/11,3.31,1.6699999570846558,3.369999885559082,29.989999771118164,,,,,,2.3301,1.142,2.2263,0.0,2.0071001052856445,2.2032,2.2724,3.6451,3.6797,3.9796,1.1535,2026-08-09
swsh45-39,Indeedee V,holofoil,Shining Fates,39,Rare Holo V,5ban Graphics,Basic|V,876,Pokémon,2021/02/19,"tcgplayer,cardmarket",https://prices.pokemontcg.io/tcgplayer/swsh45-39,https://images.pokemontcg.io/swsh45/39_hires.png,2026/08/08,2026/03/11,0.8,0.25,0.9900000095367432,15.869999885559082,,,,,,0.8882,0.173,0.7728,0.0,0.17299999296665192,0.6229,0.8997,1.2919,1.2342,1.2227,1.1535,2026-08-09
swsh45sv-SV036,Dracovish,holofoil,Shining Fates Shiny Vault,SV036,Rare Shiny,SATOSHI NAKAI,Stage 1,882,Pokémon,2021/02/19,"tcgplayer,cardmarket",https://prices.pokemontcg.io/tcgplayer/swsh45sv-SV036,https://images.pokemontcg.io/swsh45sv/SV036_hires.png,2026/08/08,2026/03/11,3.9,2.5,4.0,49.9900016784668,,,,,,4.2795,1.1535,3.3221,0.0,3.2183001041412354,3.3913,3.9334,7.8438,9.7586,10.1277,1.1535,2026-08-09
swsh45-40,Trapinch,normal,Shining Fates,40,Common,MAHOU,Basic,328,Pokémon,2021/02/19,"tcgplayer,cardmarket",https://prices.pokemontcg.io/tcgplayer/swsh45-40,https://images.pokemontcg.io/swsh45/40_hires.png,2026/08/08,2026/03/11,0.03,0.009999999776482582,0.15000000596046448,25.059999465942383,,0.19,,,,0.0461,0.0231,0.0346,0.1615,0.023099999874830246,0.0346,0.0346,0.1154,0.2307,0.1615,1.1535,2026-08-09
swsh45sv-SV037,Arctovish,holofoil,Shining Fates Shiny Vault,SV037,Rare Shiny,Masakazu Fukuda,Stage 1,883,Pokémon,2021/02/19,"tcgplayer,cardmarket",https://prices.pokemontcg.io/tcgplayer/swsh45sv-SV037,https://images.pokemontcg.io/swsh45sv/SV037_hires.png,2026/08/08,2026/03/11,2.45,1.399999976158142,2.5,96.94999694824219,,,,,,2.7915,1.1535,2.5031,0.0,2.2955000400543213,2.0302,2.5723,6.3442,7.0017,6.9556,1.1535,2026-08-09
swsh45-41,Koffing,normal,Shining Fates,41,Common,Pani Kobayashi,Basic,109,Pokémon,2021/02/19,"tcgplayer,cardmarket",https://prices.pokemontcg.io/tcgplayer/swsh45-41,https://images.pokemontcg.io/swsh45/41_hires.png,2026/08/08,2026/03/11,0.15,0.009999999776482582,0.1899999976158142,25.149999618530273,,0.22,,,,0.0461,0.0231,0.0577,0.2653,0.023099999874830246,0.0346,0.0461,0.1154,0.173,0.2192,1.1535,2026-08-09
swsh45sv-SV038,Rotom,holofoil,Shining Fates Shiny Vault,SV038,Rare Shiny,kirisAki,Basic,479,Pokémon,2021/02/19,"tcgplayer,cardmarket",https://prices.pokemontcg.io/tcgplayer/swsh45sv-SV038,https://images.pokemontcg.io/swsh45sv/SV038_hires.png,2026/08/08,2026/03/11,7.1,3.9700000286102295,7.440000057220459,49.97999954223633,,,,,,3.4144,1.7995,4.0026,0.0,3.4489998817443848,4.2333,3.8065,8.3052,9.6894,9.9778,1.1535,2026-08-09
swsh45-42,Galarian Weezing,holofoil,Shining Fates,42,Rare Holo,Mitsuhiro Arita,Stage 1,110,Pokémon,2021/02/19,"tcgplayer,cardmarket",https://prices.pokemontcg.io/tcgplayer/swsh45-42,https://images.pokemontcg.io/swsh45/42_hires.png,2026/08/08,2026/03/11,0.34,0.07999999821186066,0.3400000035762787,16.799999237060547,,0.3,,,,0.2884,0.0231,0.1384,0.3345,0.31139999628067017,0.173,0.2422,0.8651,0.4383,0.346,1.1535,2026-08-09
swsh45sv-SV039,Yamper,holofoil,Shining Fates Shiny Vault,SV039,Rare Shiny,sowsow,Basic,835,Pokémon,2021/02/19,"tcgplayer,cardmarket",https://prices.pokemontcg.io/tcgplayer/swsh45sv-SV039,https://images.pokemontcg.io/swsh45sv/SV039_hires.png,2026/08/08,2026/02/22,19.01,17.06999969482422,19.950000762939453,95.0999984741211,,,,,,5.4099,3.4605,5.6637,0.0,4.613999843597412,5.929,5.2369,9.228,10.0124,9.7817,1.1535,2026-08-09
swsh45sv-SV040,Boltund,holofoil,Shining Fates Shiny Vault,SV040,Rare Shiny,Kagemaru Himeno,Stage 1,836,Pokémon,2021/02/19,"tcgplayer,cardmarket",https://prices.pokemontcg.io/tcgplayer/swsh45sv-SV040,https://images.pokemontcg.io/swsh45sv/SV040_hires.png,2026/08/08,2026/02/22,3.3,1.7000000476837158,3.490000009536743,24.030000686645508,,,,,,2.9184,1.142,2.9414,0.0,3.80649995803833,2.8953,3.2067,8.0745,7.5554,7.9015,1.1535,2026-08-09
swsh45-43,Spinarak,normal,Shining Fates,43,Common,sowsow,Basic,167,Pokémon,2021/02/19,"tcgplayer,cardmarket",https://prices.pokemontcg.io/tcgplayer/swsh45-43,https://images.pokemontcg.io/swsh45/43_hires.png,2026/08/08,2026/03/11,0.03,0.009999999776482582,0.15000000596046448,25.030000686645508,,0.23,,,,0.0692,0.0231,0.0692,0.3114,0.023099999874830246,0.0692,0.0692,0.1269,0.173,0.2307,1.1535,2026-08-09
swsh45-44,Crobat V,holofoil,Shining Fates,44,Rare Holo V,PLANETA Mochizuki,Basic|V,169,Pokémon,2021/02/19,"tcgplayer,cardmarket",https://prices.pokemontcg.io/tcgplayer/swsh45-44,https://images.pokemontcg.io/swsh45/44_hires.png,2026/08/08,2026/03/11,0.8,0.49000000953674316,0.9900000095367432,99.9000015258789,,,,,,1.1189,0.2307,0.9228,0.0,0.6229000091552734,0.8767,1.0151,4.1295,3.6451,3.5989,1.1535,2026-08-09
swsh45sv-SV041,Toxel,holofoil,Shining Fates Shiny Vault,SV041,Rare Shiny,Kouki Saitou,Basic,848,Pokémon,2021/02/19,"tcgplayer,cardmarket",https://prices.pokemontcg.io/tcgplayer/swsh45sv-SV041,https://images.pokemontcg.io/swsh45sv/SV041_hires.png,2026/08/08,2026/02/22,5.08,3.609999895095825,5.360000133514404,42.4900016784668,,,,,,3.3682,1.8456,3.0222,0.0,2.4570000171661377,2.653,2.9645,9.5164,8.8473,8.7781,1.1535,2026-08-09
swsh45-45,Crobat VMAX,holofoil,Shining Fates,45,Rare Holo VMAX,PLANETA Tsuji,VMAX,169,Pokémon,2021/02/19,"tcgplayer,cardmarket",https://prices.pokemontcg.io/tcgplayer/swsh45-45,https://images.pokemontcg.io/swsh45/45_hires.png,2026/08/08,2026/03/11,1.62,0.9700000286102295,2.0,99.9000015258789,,,,,,1.8225,0.5191,1.638,0.0,1.3841999769210815,1.811,1.7418,2.7915,3.5874,4.118,1.1535,2026-08-09
swsh45sv-SV042,Toxtricity,holofoil,Shining Fates Shiny Vault,SV042,Rare Shiny,Hideki Ishikawa,Stage 1,849,Pokémon,2021/02/19,"tcgplayer,cardmarket",https://prices.pokemontcg.io/tcgplayer/swsh45sv-SV042,https://images.pokemontcg.io/swsh45sv/SV042_hires.png,2026/08/08,2026/02/22,1.93,1.0,2.0,26.40999984741211,,,,,,1.5803,0.5767,1.142,0.0,1.0266000032424927,1.3496,1.5457,4.7524,5.4215,6.2981,1.1535,2026-08-09
swsh45-46,Yveltal,holofoil,Shining Fates,46,Amazing Rare,Hasuno,Basic,717,Pokémon,2021/02/19,"tcgplayer,cardmarket",https://prices.pokemontcg.io/tcgplayer/swsh45-46,https://images.pokemontcg.io/swsh45/46_hires.png,2026/08/08,2026/03/11,1.58,0.9800000190734863,2.0199999809265137,99.98999786376953,,,,,,2.6877,0.8651,2.3185,0.0,2.8606998920440674,2.2609,2.2378,6.2058,6.9902,7.8207,1.1535,2026-08-09
swsh45sv-SV043,Pincurchin,holofoil,Shining Fates Shiny Vault,SV043,Rare Shiny,Motofumi Fujiwara,Basic,871,Pokémon,2021/02/19,"tcgplayer,cardmarket",https://prices.pokemontcg.io/tcgplayer/swsh45sv-SV043,https://images.pokemontcg.io/swsh45sv/SV043_hires.png,2026/08/08,2026/02/19,2.08,1.2300000190734863,2.319999933242798,9.989999771118164,,,,,,2.5492,1.1535,2.6415,0.0,2.306999921798706,2.3877,2.3185,8.0745,11.1889,9.6317,1.1535,2026-08-09
swsh45sv-SV044,Morpeko,holofoil,Shining Fates Shiny Vault,SV044,Rare Shiny,Akira Komayama,Basic,877,Pokémon,2021/02/19,"tcgplayer,cardmarket",https://prices.pokemontcg.io/tcgplayer/swsh45sv-SV044,https://images.pokemontcg.io/swsh45sv/SV044_hires.png,2026/08/08,2026/02/19,18.8,17.75,25.420000076293945,481.30999755859375,,,,,,5.5714,3.449,5.9175,0.0,6.86329984664917,6.2981,5.8713,10.9121,11.5927,10.9352,1.1535,2026-08-09
swsh45-47,Nickit,normal,Shining Fates,47,Common,kirisAki,Basic,827,Pokémon,2021/02/19,"tcgplayer,cardmarket",https://prices.pokemontcg.io/tcgplayer/swsh45-47,https://images.pokemontcg.io/swsh45/47_hires.png,2026/08/08,2026/03/11,0.1,0.009999999776482582,0.15000000596046448,25.100000381469727,,0.17,,,,0.0346,0.0231,0.0923,0.1615,0.023099999874830246,0.15,0.0461,0.1269,0.173,0.15,1.1535,2026-08-09
swsh45-48,Thievul,holofoil,Shining Fates,48,Rare Holo,Hideki Ishikawa,Stage 1,828,Pokémon,2021/02/19,"tcgplayer,cardmarket",https://prices.pokemontcg.io/tcgplayer/swsh45-48,https://images.pokemontcg.io/swsh45/48_hires.png,2026/08/08,2026/03/11,0.23,0.009999999776482582,0.25,17.959999084472656,,0.23,,,,0.1615,0.0231,0.1269,0.323,0.05770000070333481,0.0807,0.1615,0.1154,0.3114,0.2538,1.1535,2026-08-09
swsh45sv-SV045,Dracozolt,holofoil,Shining Fates Shiny Vault,SV045,Rare Shiny,Shin Nagasawa,Stage 1,880,Pokémon,2021/02/19,"tcgplayer,cardmarket",https://prices.pokemontcg.io/tcgplayer/swsh45sv-SV045,https://images.pokemontcg.io/swsh45sv/SV045_hires.png,2026/08/08,2026/02/19,2.95,2.0,3.0199999809265137,44.2400016784668,,,,,,3.2413,2.0763,3.3221,0.0,2.52620005607605,3.1029,3.0683,5.9405,6.2981,7.7631,1.1535,2026-08-09
swsh45-49,Cufant,normal,Shining Fates,49,Common,0313,Basic,878,Pokémon,2021/02/19,"tcgplayer,cardmarket",https://prices.pokemontcg.io/tcgplayer/swsh45-49,https://images.pokemontcg.io/swsh45/49_hires.png,2026/08/08,2026/03/11,0.04,0.009999999776482582,0.15000000596046448,25.040000915527344,,0.2,,,,0.0692,0.0231,0.0461,0.1846,0.11540000140666962,0.0461,0.0461,0.1154,0.2307,0.1961,1.1535,2026-08-09
swsh45sv-SV046,Arctozolt,holofoil,Shining Fates Shiny Vault,SV046,Rare Shiny,nagimiso,Stage 1,881,Pokémon,2021/02/19,"tcgplayer,cardmarket",https://prices.pokemontcg.io/tcgplayer/swsh45sv-SV046,https://images.pokemontcg.io/swsh45sv/SV046_hires.png,2026/08/08,2026/02/19,5.12,3.75,5.960000038146973,94.37999725341797,,,,,,5.6637,2.8838,4.4064,0.0,3.691200017929077,4.6832,5.4676,7.4862,8.3398,7.9476,1.1535,2026-08-09
swsh45-50,Ditto V,holofoil,Shining Fates,50,Rare Holo V,Saki Hayashiro,Basic|V,132,Pokémon,2021/02/19,"tcgplayer,cardmarket",https://prices.pokemontcg.io/tcgplayer/swsh45-50,https://images.pokemontcg.io/swsh45/50_hires.png,2026/08/08,2026/03/11,1.79,0.8700000047683716,2.0999999046325684,18.299999237060547,,,,,,1.5803,0.2307,1.6841,0.0,0.9228000044822693,1.2804,1.5111,1.7187,1.315,1.4303,1.1535,2026-08-09
swsh45sv-SV047,Galarian Ponyta,holofoil,Shining Fates Shiny Vault,SV047,Rare Shiny,Sanosuke Sakuma,Basic,77,Pokémon,2021/02/19,"tcgplayer,cardmarket",https://prices.pokemontcg.io/tcgplayer/swsh45sv-SV047,https://images.pokemontcg.io/swsh45sv/SV047_hires.png,2026/08/08,2026/02/19,16.55,14.0,17.100000381469727,97.37000274658203,,,,,,8.4321,5.7675,9.2972,0.0,9.089599609375,10.1969,8.8012,13.4959,17.0603,16.7142,1.1535,2026-08-09
swsh45-51,Ditto VMAX,holofoil,Shining Fates,51,Rare Holo VMAX,PLANETA Tsuji,VMAX,132,Pokémon,2021/02/19,"tcgplayer,cardmarket",https://prices.pokemontcg.io/tcgplayer/swsh45-51,https://images.pokemontcg.io/swsh45/51_hires.png,2026/08/08,2026/03/11,5.22,4.0,5.800000190734863,99.98999786376953,,,,,,2.653,1.0381,2.2839,0.0,2.4800000190734863,2.4224,2.5608,2.8838,3.4951,3.8527,1.1535,2026-08-09
swsh45-52,Eevee,normal,Shining Fates,52,Common,so-taro,Basic,133,Pokémon,2021/02/19,"tcgplayer,cardmarket",https://prices.pokemontcg.io/tcgplayer/swsh45-52,https://images.pokemontcg.io/swsh45/52_hires.png,2026/08/08,2026/02/19,0.26,0.009999999776482582,0.2800000011920929,25.260000228881836,,0.62,,,,0.0807,0.0231,0.1038,0.4037,0.06920000165700912,0.1038,0.0923,0.1154,0.3691,0.4037,1.1535,2026-08-09
swsh45sv-SV048,Galarian Rapidash,holofoil,Shining Fates Shiny Vault,SV048,Rare Shiny,Kagemaru Himeno,Stage 1,78,Pokémon,2021/02/19,"tcgplayer,cardmarket",https://prices.pokemontcg.io/tcgplayer/swsh45sv-SV048,https://images.pokemontcg.io/swsh45sv/SV048_hires.png,2026/08/08,2026/02/19,13.07,10.0,15.229999542236328,116.70999908447266,,,,,,6.9902,3.9219,8.7781,0.0,8.651200294494629,10.5084,7.8553,11.535,11.8926,12.3655,1.1535,2026-08-09
swsh45-53,Greedent V,holofoil,Shining Fates,53,Rare Holo V,PLANETA Igarashi,Basic|V,820,Pokémon,2021/02/19,"tcgplayer,cardmarket",https://prices.pokemontcg.io/tcgplayer/swsh45-53,https://images.pokemontcg.io/swsh45/53_hires.png,2026/08/08,2026/02/19,0.74,0.49000000953674316,0.9700000286102295,19.979999542236328,,,,,,0.9228,0.1154,0.7498,0.0,0.11540000140666962,0.6575,0.9113,1.0035,1.1074,1.3035,1.1535,2026-08-09
swsh45sv-SV049,Galarian Corsola,holofoil,Shining Fates Shiny Vault,SV049,Rare Shiny,Mizue,Basic,222,Pokémon,2021/02/19,"tcgplayer,cardmarket",https://prices.pokemontcg.io/tcgplayer/swsh45sv-SV049,https://images.pokemontcg.io/swsh45sv/SV049_hires.png,2026/08/08,2026/02/19,2.94,1.75,2.950000047683716,95.94999694824219,,,,,,2.9068,1.4995,3.3798,0.0,5.767499923706055,3.6105,3.3105,7.0363,7.2555,7.2324,1.1535,2026-08-09
swsh45-54,Cramorant V,holofoil,Shining Fates,54,Rare Holo V,aky CG Works,Basic|V,845,Pokémon,2021/02/19,"tcgplayer,cardmarket",https://prices.pokemontcg.io/tcgplayer/swsh45-54,https://images.pokemontcg.io/swsh45/54_hires.png,2026/08/08,2026/02/19,0.91,0.3499999940395355,0.9900000095367432,25.68000030517578,,,,,,0.9343,0.346,0.8536,0.0,0.28839999437332153,0.8074,0.8767,1.3265,1.2573,1.3842,1.1535,2026-08-09
swsh45-55,Cramorant VMAX,holofoil,Shining Fates,55,Rare Holo VMAX,PLANETA Tsuji,VMAX,845,Pokémon,2021/02/19,"tcgplayer,cardmarket",https://prices.pokemontcg.io/tcgplayer/swsh45-55,https://images.pokemontcg.io/swsh45/55_hires.png,2026/08/08,2026/02/19,1.28,0.8899999856948853,1.7799999713897705,12.0,,,,,,1.8571,0.5652,1.6149,0.0,1.188099980354309,1.4995,1.6149,2.8261,3.0337,3.3567,1.1535,2026-08-09
swsh45sv-SV050,Galarian Cursola,holofoil,Shining Fates Shiny Vault,SV050,Rare Shiny,Shin Nagasawa,Stage 1,864,Pokémon,2021/02/19,"tcgplayer,cardmarket",https://prices.pokemontcg.io/tcgplayer/swsh45sv-SV050,https://images.pokemontcg.io/swsh45sv/SV050_hires.png,2026/08/08,2026/02/19,2.26,1.25,2.2899999618530273,95.18000030517578,,,,,,3.1029,2.1916,3.7604,0.0,4.037300109863281,3.6566,3.7489,8.0745,7.8784,7.5208,1.1535,2026-08-09
swsh45-56,Indeedee,holofoil,Shining Fates,56,Rare Holo,Souichirou Gunjima,Basic,876,Pokémon,2021/02/19,"tcgplayer,cardmarket",https://prices.pokemontcg.io/tcgplayer/swsh45-56,https://images.pokemontcg.io/swsh45/56_hires.png,2026/08/08,2026/02/19,0.29,0.05000000074505806,0.28999999165534973,19.979999542236328,,0.29,,,,0.1961,0.0231,0.1154,0.2538,0.05770000070333481,0.1384,0.1846,0.0577,0.2076,0.2422,1.1535,2026-08-09
swsh45sv-SV051,Dedenne,holofoil,Shining Fates Shiny Vault,SV051,Rare Shiny,Mizue,Basic,702,Pokémon,2021/02/19,"tcgplayer,cardmarket",https://prices.pokemontcg.io/tcgplayer/swsh45sv-SV051,https://images.pokemontcg.io/swsh45sv/SV051_hires.png,2026/08/08,2026/02/19,5.68,4.489999771118164,6.0,34.47999954223633,,,,,,2.0648,1.0266,2.5723,0.0,2.306999921798706,2.4339,2.1224,6.0789,5.8944,6.0559,1.1535,2026-08-09
swsh45sv-SV052,Sinistea,holofoil,Shining Fates Shiny Vault,SV052,Rare Shiny,MAHOU,Basic,854,Pokémon,2021/02/19,"tcgplayer,cardmarket",https://prices.pokemontcg.io/tcgplayer/swsh45sv-SV052,https://images.pokemontcg.io/swsh45sv/SV052_hires.png,2026/08/08,2026/02/19,3.49,2.930000066757202,3.990000009536743,33.650001525878906,,,,,,2.5954,1.7072,2.6761,0.0,2.306999921798706,2.5377,2.6069,5.756,5.756,7.7515,1.1535,2026-08-09
swsh45-57,Ball Guy,normal,Shining Fates,57,Uncommon,Hitoshi Ariga,Supporter,,Trainer,2021/02/19,"tcgplayer,cardmarket",https://prices.pokemontcg.io/tcgplayer/swsh45-57,https://images.pokemontcg.io/swsh45/57_hires.png,2026/08/08,2026/02/19,0.17,0.009999999776482582,0.20000000298023224,25.18000030517578,,0.33,,,,0.1154,0.0231,0.15,0.2192,0.03460000082850456,0.0807,0.1384,0.173,0.2076,0.2422,1.1535,2026-08-09
swsh45sv-SV053,Polteageist,holofoil,Shining Fates Shiny Vault,SV053,Rare Shiny,Sanosuke Sakuma,Stage 1,855,Pokémon,2021/02/19,"tcgplayer,cardmarket",https://prices.pokemontcg.io/tcgplayer/swsh45sv-SV053,https://images.pokemontcg.io/swsh45sv/SV053_hires.png,2026/08/08,2026/02/19,1.32,0.9800000190734863,1.5199999809265137,19.979999542236328,,,,,,1.3265,0.7498,2.1801,0.0,1.153499960899353,1.8341,1.4765,4.9024,5.26,4.9254,1.1535,2026-08-09
swsh45-58,Boss's Orders,normal,Shining Fates,58,Rare,Ryuta Fuse,Supporter,,Trainer,2021/02/19,"tcgplayer,cardmarket",https://prices.pokemontcg.io/tcgplayer/swsh45-58,https://images.pokemontcg.io/swsh45/58_hires.png,2026/08/08,2026/02/19,0.32,0.05000000074505806,0.33000001311302185,999.989990234375,,0.5,,,,0.2538,0.0231,0.2999,0.3691,0.29989999532699585,0.5191,0.3576,0.2076,0.3691,0.7036,1.1535,2026-08-09
swsh45-59,Gym Trainer,normal,Shining Fates,59,Uncommon,Ryuta Fuse,Supporter,,Trainer,2021/02/19,"tcgplayer,cardmarket",https://prices.pokemontcg.io/tcgplayer/swsh45-59,https://images.pokemontcg.io/swsh45/59_hires.png,2026/08/08,2026/02/19,0.03,0.009999999776482582,0.15000000596046448,25.030000686645508,,0.17,,,,0.0346,0.0231,0.0692,0.4729,0.023099999874830246,0.0923,0.0461,0.1384,0.2076,0.3345,1.1535,2026-08-09
swsh45sv-SV054,Hatenna,holofoil,Shining Fates Shiny Vault,SV054,Rare Shiny,otumami,Basic,856,Pokémon,2021/02/19,"tcgplayer,cardmarket",https://prices.pokemontcg.io/tcgplayer/swsh45sv-SV054,https://images.pokemontcg.io/swsh45sv/SV054_hires.png,2026/08/08,2026/02/19,2.95,1.5,3.190000057220459,37.33000183105469,,,,,,2.4224,0.5652,2.3301,0.0,2.306999921798706,2.3416,2.4685,7.4977,7.0017,6.7018,1.1535,2026-08-09
swsh45sv-SV055,Hattrem,holofoil,Shining Fates Shiny Vault,SV055,Rare Shiny,Lee HyunJung,Stage 1,857,Pokémon,2021/02/19,"tcgplayer,cardmarket",https://prices.pokemontcg.io/tcgplayer/swsh45sv-SV055,https://images.pokemontcg.io/swsh45sv/SV055_hires.png,2026/08/08,2026/02/19,4.05,2.0,4.929999828338623,50.0,,,,,,3.2413,1.3842,3.2875,0.0,5.190700054168701,3.3798,3.4836,10.3815,8.8704,8.2245,1.1535,2026-08-09
swsh45-60,Professor's Research,normal,Shining Fates,60,Rare,Hideki Ishikawa,Supporter,,Trainer,2021/02/19,"tcgplayer,cardmarket",https://prices.pokemontcg.io/tcgplayer/swsh45-60,https://images.pokemontcg.io/swsh45/60_hires.png,2026/08/08,2026/02/19,0.2,0.009999999776482582,0.20999999344348907,15.520000457763672,,0.26,,,,0.3691,0.0231,0.4037,0.0,0.10379999876022339,0.3114,0.3691,0.0,0.0,0.0,1.1535,2026-08-09
swsh45-61,Rusted Shield,normal,Shining Fates,61,Uncommon,5ban Graphics,Pokémon Tool,,Trainer,2021/02/19,"tcgplayer,cardmarket",https://prices.pokemontcg.io/tcgplayer/swsh45-61,https://images.pokemontcg.io/swsh45/61_hires.png,2026/08/08,2026/02/01,0.05,0.009999999776482582,0.15000000596046448,25.049999237060547,,0.25,,,,0.0577,0.0231,0.0577,0.1615,0.23070000112056732,0.0346,0.0461,0.173,0.1384,0.1384,1.1535,2026-08-09
swsh45sv-SV056,Hatterene,holofoil,Shining Fates Shiny Vault,SV056,Rare Shiny,Akira Komayama,Stage 2,858,Pokémon,2021/02/19,"tcgplayer,cardmarket",https://prices.pokemontcg.io/tcgplayer/swsh45sv-SV056,https://images.pokemontcg.io/swsh45sv/SV056_hires.png,2026/08/08,2026/02/01,3.36,2.0,3.4600000381469727,96.94999694824219,,,,,,3.2067,1.4995,2.9184,0.0,2.2955000400543213,2.4685,3.0798,17.3025,8.7089,8.3398,1.1535,2026-08-09
swsh45-62,Rusted Sword,normal,Shining Fates,62,Uncommon,5ban Graphics,Pokémon Tool,,Trainer,2021/02/19,"tcgplayer,cardmarket",https://prices.pokemontcg.io/tcgplayer/swsh45-62,https://images.pokemontcg.io/swsh45/62_hires.png,2026/08/08,2026/02/01,0.15,0.009999999776482582,0.1599999964237213,16.15999984741211,,0.27,,,,0.0461,0.0231,0.0461,0.173,0.023099999874830246,0.0461,0.0461,0.173,0.1615,0.1615,1.1535,2026-08-09
swsh45sv-SV057,Milcery,holofoil,Shining Fates Shiny Vault,SV057,Rare Shiny,Motofumi Fujiwara,Basic,868,Pokémon,2021/02/19,"tcgplayer,cardmarket",https://prices.pokemontcg.io/tcgplayer/swsh45sv-SV057,https://images.pokemontcg.io/swsh45sv/SV057_hires.png,2026/08/08,2026/02/01,6.4,4.349999904632568,6.53000020980835,47.5099983215332,,,,,,3.1491,1.4995,3.1029,0.0,1.4187999963760376,3.0914,2.9299,6.921,7.4862,7.8553,1.1535,2026-08-09
swsh45-63,Team Yell Towel,normal,Shining Fates,63,Uncommon,Studio Bora Inc.,Item,,Trainer,2021/02/19,"tcgplayer,cardmarket",https://prices.pokemontcg.io/tcgplayer/swsh45-63,https://images.pokemontcg.io/swsh45/63_hires.png,2026/08/08,2026/02/01,0.1,0.009999999776482582,0.15000000596046448,25.100000381469727,,0.19,,,,0.0461,0.0231,0.0461,0.1961,0.03460000082850456,0.0577,0.0461,0.5767,0.15,0.15,1.1535,2026-08-09
swsh45sv-SV058,Alcremie,holofoil,Shining Fates Shiny Vault,SV058,Rare Shiny,MAHOU,Stage 1,869,Pokémon,2021/02/19,"tcgplayer,cardmarket",https://prices.pokemontcg.io/tcgplayer/swsh45sv-SV058,https://images.pokemontcg.io/swsh45sv/SV058_hires.png,2026/08/08,2026/02/01,8.3,5.409999847412109,8.899999618530273,94.98999786376953,,,,,,3.4374,1.142,3.299,0.0,1.153499960899353,3.5874,3.3567,7.7861,7.9938,8.2937,1.1535,2026-08-09
swsh45-64,Alcremie V,holofoil,Shining Fates,64,Rare Ultra,Ayaka Yoshida,Basic|V,869,Pokémon,2021/02/19,"tcgplayer,cardmarket",https://prices.pokemontcg.io/tcgplayer/swsh45-64,https://images.pokemontcg.io/swsh45/64_hires.png,2026/08/08,2026/02/01,6.78,4.0,7.0,96.94999694824219,,,,,,3.1606,1.7187,2.9991,0.0,2.814500093460083,3.4144,3.1606,8.6397,6.6096,6.9441,1.1535,2026-08-09
swsh45sv-SV059,Indeedee,holofoil,Shining Fates Shiny Vault,SV059,Rare Shiny,Saya Tsuruta,Basic,876,Pokémon,2021/02/19,"tcgplayer,cardmarket",https://prices.pokemontcg.io/tcgplayer/swsh45sv-SV059,https://images.pokemontcg.io/swsh45sv/SV059_hires.png,2026/08/08,2026/02/01,2.28,2.0,2.309999942779541,7.5,,,,,,2.8145,1.8456,3.0683,0.0,2.306999921798706,3.0798,2.7684,8.0745,8.2014,8.0168,1.1535,2026-08-09
swsh45sv-SV060,Dreepy,holofoil,Shining Fates Shiny Vault,SV060,Rare Shiny,Masakazu Fukuda,Basic,885,Pokémon,2021/02/19,"tcgplayer,cardmarket",https://prices.pokemontcg.io/tcgplayer/swsh45sv-SV060,https://images.pokemontcg.io/swsh45sv/SV060_hires.png,2026/08/08,2026/02/01,7.0,4.0,7.349999904632568,93.72000122070312,,,,,,0.2192,0.0231,0.1846,0.0,0.57669997215271,0.496,0.346,0.0,0.0,0.0,1.1535,2026-08-09
swsh45sv-SV061,Drakloak,holofoil,Shining Fates Shiny Vault,SV061,Rare Shiny,tetsuya koizumi,Stage 1,886,Pokémon,2021/02/19,"tcgplayer,cardmarket",https://prices.pokemontcg.io/tcgplayer/swsh45sv-SV061,https://images.pokemontcg.io/swsh45sv/SV061_hires.png,2026/08/08,2026/02/01,4.59,3.5,5.0,54.9900016784668,,,,,,3.8642,1.7302,3.7604,0.0,2.306999921798706,3.5066,3.7143,9.7471,10.2661,10.0008,1.1535,2026-08-09
swsh45-65,Ball Guy,holofoil,Shining Fates,65,Rare Ultra,Hitoshi Ariga,Supporter,,Trainer,2021/02/19,"tcgplayer,cardmarket",https://prices.pokemontcg.io/tcgplayer/swsh45-65,https://images.pokemontcg.io/swsh45/65_hires.png,2026/08/08,2026/02/01,3.64,2.0,4.28000020980835,95.81999969482422,,,,,,3.0337,0.4614,3.4951,0.0,3.022200107574463,3.1029,3.1375,11.5119,10.5315,10.6814,1.1535,2026-08-09
swsh45sv-SV062,Dragapult,holofoil,Shining Fates Shiny Vault,SV062,Rare Shiny,Naoki Saito,Stage 2,887,Pokémon,2021/02/19,"tcgplayer,cardmarket",https://prices.pokemontcg.io/tcgplayer/swsh45sv-SV062,https://images.pokemontcg.io/swsh45sv/SV062_hires.png,2026/08/08,2026/01/21,2.75,1.5,2.990000009536743,50.0,,,,,,1.8456,0.5767,1.6841,0.0,2.27239990234375,1.7995,1.7764,6.921,5.8598,6.2404,1.1535,2026-08-09
swsh45-66,Bird Keeper,holofoil,Shining Fates,66,Rare Ultra,Hideki Ishikawa,Supporter,,Trainer,2021/02/19,"tcgplayer,cardmarket",https://prices.pokemontcg.io/tcgplayer/swsh45-66,https://images.pokemontcg.io/swsh45/66_hires.png,2026/08/08,2026/02/01,2.56,1.3300000429153442,2.6500000953674316,25.0,,,,,,2.8838,1.142,2.457,0.0,2.306999921798706,2.6646,2.8607,9.7932,10.0931,11.1082,1.1535,2026-08-09
swsh45-67,Cara Liss,holofoil,Shining Fates,67,Rare Ultra,Hitoshi Ariga,Supporter,,Trainer,2021/02/19,"tcgplayer,cardmarket",https://prices.pokemontcg.io/tcgplayer/swsh45-67,https://images.pokemontcg.io/swsh45/67_hires.png,2026/08/08,2026/02/01,1.31,0.9900000095367432,1.5,25.0,,,,,,1.8687,1.1535,2.0532,0.0,1.7187000513076782,2.2032,1.9609,8.8012,9.055,10.2085,1.1535,2026-08-09
swsh45sv-SV063,Galarian Farfetch'd,holofoil,Shining Fates Shiny Vault,SV063,Rare Shiny,Kagemaru Himeno,Basic,83,Pokémon,2021/02/19,"tcgplayer,cardmarket",https://prices.pokemontcg.io/tcgplayer/swsh45sv-SV063,https://images.pokemontcg.io/swsh45sv/SV063_hires.png,2026/08/08,2026/01/21,3.08,2.450000047683716,3.299999952316284,32.7400016784668,,,,,,3.9796,1.9494,4.0834,0.0,7.9475998878479,3.7489,3.6105,7.4977,8.3167,8.6166,1.1535,2026-08-09
swsh45sv-SV064,Galarian Sirfetch'd,holofoil,Shining Fates Shiny Vault,SV064,Rare Shiny,Kouki Saitou,Stage 1,865,Pokémon,2021/02/19,"tcgplayer,cardmarket",https://prices.pokemontcg.io/tcgplayer/swsh45sv-SV064,https://images.pokemontcg.io/swsh45sv/SV064_hires.png,2026/08/08,2026/01/21,1.48,0.8500000238418579,1.7200000286102295,17.479999542236328,,,,,,1.6841,0.9228,1.7302,0.0,1.6033999919891357,1.7072,1.7649,8.063,6.0559,6.2289,1.1535,2026-08-09
swsh45-68,Gym Trainer,holofoil,Shining Fates,68,Rare Ultra,nagimiso,Supporter,,Trainer,2021/02/19,"tcgplayer,cardmarket",https://prices.pokemontcg.io/tcgplayer/swsh45-68,https://images.pokemontcg.io/swsh45/68_hires.png,2026/08/08,2026/02/01,1.15,0.25,1.3300000429153442,35.0,,,,,,1.9494,0.5767,1.4765,0.0,1.464900016784668,1.488,1.9148,6.6326,7.3478,8.732,1.1535,2026-08-09
swsh45sv-SV065,Galarian Yamask,holofoil,Shining Fates Shiny Vault,SV065,Rare Shiny,sowsow,Basic,562,Pokémon,2021/02/19,"tcgplayer,cardmarket",https://prices.pokemontcg.io/tcgplayer/swsh45sv-SV065,https://images.pokemontcg.io/swsh45sv/SV065_hires.png,2026/08/08,2026/01/21,2.3,0.75,2.3499999046325684,6.989999771118164,,,,,,2.8722,1.7187,3.1606,0.0,2.306999921798706,2.4339,2.7338,5.0639,7.9822,6.3442,1.1535,2026-08-09
swsh45-69,Piers,holofoil,Shining Fates,69,Rare Ultra,Megumi Mizutani,Supporter,,Trainer,2021/02/19,"tcgplayer,cardmarket",https://prices.pokemontcg.io/tcgplayer/swsh45-69,https://images.pokemontcg.io/swsh45/69_hires.png,2026/08/08,2026/02/01,2.09,1.0,2.2699999809265137,100.0,,,,,,2.8838,1.1535,2.6646,0.0,2.8722000122070312,2.5262,2.7569,10.5199,11.0044,12.0887,1.1535,2026-08-09
swsh45-70,Poké Kid,holofoil,Shining Fates,70,Rare Ultra,Sanosuke Sakuma,Supporter,,Trainer,2021/02/19,"tcgplayer,cardmarket",https://prices.pokemontcg.io/tcgplayer/swsh45-70,https://images.pokemontcg.io/swsh45/70_hires.png,2026/08/08,2026/02/01,10.15,8.5,11.15999984741211,191.0,,,,,,8.9166,3.4605,7.7746,0.0,6.344200134277344,7.0248,8.2591,18.8367,16.968,20.0478,1.1535,2026-08-09
swsh45sv-SV066,Galarian Runerigus,holofoil,Shining Fates Shiny Vault,SV066,Rare Shiny,Shin Nagasawa,Stage 1,867,Pokémon,2021/02/19,"tcgplayer,cardmarket",https://prices.pokemontcg.io/tcgplayer/swsh45sv-SV066,https://images.pokemontcg.io/swsh45sv/SV066_hires.png,2026/08/08,2026/01/21,3.25,1.659999966621399,3.5,96.80999755859375,,,,,,3.7719,1.142,4.1526,0.0,2.0185999870300293,3.2875,3.3798,6.3442,8.7089,8.6282,1.1535,2026-08-09
swsh45-71,Rose,holofoil,Shining Fates,71,Rare Ultra,Megumi Mizutani,Supporter,,Trainer,2021/02/19,"tcgplayer,cardmarket",https://prices.pokemontcg.io/tcgplayer/swsh45-71,https://images.pokemontcg.io/swsh45/71_hires.png,2026/08/08,2026/01/21,0.99,0.6899999976158142,1.25,12.949999809265137,,,,,,1.4765,0.5767,1.3611,0.0,1.2919000387191772,1.4303,1.5226,9.0665,10.3238,11.4081,1.1535,2026-08-09
swsh45sv-SV067,Rolycoly,holofoil,Shining Fates Shiny Vault,SV067,Rare Shiny,Shigenori Negishi,Basic,837,Pokémon,2021/02/19,"tcgplayer,cardmarket",https://prices.pokemontcg.io/tcgplayer/swsh45sv-SV067,https://images.pokemontcg.io/swsh45sv/SV067_hires.png,2026/08/08,2026/01/21,1.62,1.0,1.7699999809265137,7.0,,,,,,2.7223,1.3727,2.1686,0.0,2.3993000984191895,2.5146,2.6184,5.0177,7.7631,8.0053,1.1535,2026-08-09
swsh45-72,Skyla,holofoil,Shining Fates,72,Rare Ultra,kirisAki,Supporter,,Trainer,2021/02/19,"tcgplayer,cardmarket",https://prices.pokemontcg.io/tcgplayer/swsh45-72,https://images.pokemontcg.io/swsh45/72_hires.png,2026/08/08,2026/01/21,11.09,8.649999618530273,12.5,208.3699951171875,,,,,,11.5581,4.614,11.9157,0.0,20.18630027770996,13.2999,11.685,37.9271,34.0859,34.2936,1.1535,2026-08-09
swsh45sv-SV068,Carkol,holofoil,Shining Fates Shiny Vault,SV068,Rare Shiny,tetsuya koizumi,Stage 1,838,Pokémon,2021/02/19,"tcgplayer,cardmarket",https://prices.pokemontcg.io/tcgplayer/swsh45sv-SV068,https://images.pokemontcg.io/swsh45sv/SV068_hires.png,2026/08/08,2026/01/21,1.55,1.25,1.7899999618530273,24.479999542236328,,,,,,2.2839,1.1535,2.0994,0.0,1.7302000522613525,2.3993,2.3185,5.929,6.1482,7.4055,1.1535,2026-08-09
swsh45-73,Alcremie VMAX,holofoil,Shining Fates,73,Rare Rainbow,5ban Graphics,VMAX,869,Pokémon,2021/02/19,"tcgplayer,cardmarket",https://prices.pokemontcg.io/tcgplayer/swsh45-73,https://images.pokemontcg.io/swsh45/73_hires.png,2026/08/08,2026/01/21,4.75,3.4000000953674316,5.199999809265137,20.0,,,,,,2.976,1.4995,2.5146,0.0,2.8952999114990234,2.6761,2.9876,4.7293,4.6371,5.0408,1.1535,2026-08-09
swsh45sv-SV069,Coalossal,holofoil,Shining Fates Shiny Vault,SV069,Rare Shiny,nagimiso,Stage 2,839,Pokémon,2021/02/19,"tcgplayer,cardmarket",https://prices.pokemontcg.io/tcgplayer/swsh45sv-SV069,https://images.pokemontcg.io/swsh45sv/SV069_hires.png,2026/08/08,2026/01/21,1.89,1.25,2.0999999046325684,9.949999809265137,,,,,,2.8261,1.3727,2.4916,0.0,1.3841999769210815,2.48,3.126,8.0745,9.4702,9.5394,1.1535,2026-08-09
swsh45sv-SV070,Silicobra,holofoil,Shining Fates Shiny Vault,SV070,Rare Shiny,Akira Komayama,Basic,843,Pokémon,2021/02/19,"tcgplayer,cardmarket",https://prices.pokemontcg.io/tcgplayer/swsh45sv-SV070,https://images.pokemontcg.io/swsh45sv/SV070_hires.png,2026/08/08,2026/01/21,2.02,1.25,2.0199999809265137,25.5,,,,,,2.653,1.3842,2.5608,0.0,2.8722000122070312,2.3877,2.2609,5.756,6.252,6.4481,1.1535,2026-08-09
swsh45sv-SV071,Sandaconda,holofoil,Shining Fates Shiny Vault,SV071,Rare Shiny,Shin Nagasawa,Stage 1,844,Pokémon,2021/02/19,"tcgplayer,cardmarket",https://prices.pokemontcg.io/tcgplayer/swsh45sv-SV071,https://images.pokemontcg.io/swsh45sv/SV071_hires.png,2026/08/08,2026/01/21,1.35,0.9900000095367432,1.7300000190734863,7.0,,,,,,2.63,1.0266,2.0302,0.0,2.8261001110076904,2.4339,2.6415,9.228,6.2404,7.1978,1.1535,2026-08-09
swsh45sv-SV072,Clobbopus,holofoil,Shining Fates Shiny Vault,SV072,Rare Shiny,Kyoko Umemoto,Basic,852,Pokémon,2021/02/19,"tcgplayer,cardmarket",https://prices.pokemontcg.io/tcgplayer/swsh45sv-SV072,https://images.pokemontcg.io/swsh45sv/SV072_hires.png,2026/08/08,2026/01/21,2.11,1.3799999952316284,2.2100000381469727,27.760000228881836,,,,,,2.8145,1.6149,2.4108,0.0,1.61489999294281,2.457,2.63,8.063,8.4436,9.2626,1.1535,2026-08-09
swsh45sv-SV073,Grapploct,holofoil,Shining Fates Shiny Vault,SV073,Rare Shiny,Masakazu Fukuda,Stage 1,853,Pokémon,2021/02/19,"tcgplayer,cardmarket",https://prices.pokemontcg.io/tcgplayer/swsh45sv-SV073,https://images.pokemontcg.io/swsh45sv/SV073_hires.png,2026/08/08,2026/01/19,2.02,0.9800000190734863,2.309999942779541,18.989999771118164,,,,,,3.1606,1.1304,2.7569,0.0,1.153499960899353,2.2724,2.5954,8.3513,9.0896,9.2511,1.1535,2026-08-09
swsh45sv-SV074,Falinks,holofoil,Shining Fates Shiny Vault,SV074,Rare Shiny,Kouki Saitou,Basic,870,Pokémon,2021/02/19,"tcgplayer,cardmarket",https://prices.pokemontcg.io/tcgplayer/swsh45sv-SV074,https://images.pokemontcg.io/swsh45sv/SV074_hires.png,2026/08/08,2026/01/19,1.16,0.800000011920929,1.3200000524520874,17.860000610351562,,,,,,1.2112,0.5767,1.3381,0.0,1.1303999423980713,1.2573,1.2342,3.8065,4.2564,4.5679,1.1535,2026-08-09
swsh45sv-SV075,Stonjourner,holofoil,Shining Fates Shiny Vault,SV075,Rare Shiny,Hitoshi Ariga,Basic,874,Pokémon,2021/02/19,"tcgplayer,cardmarket",https://prices.pokemontcg.io/tcgplayer/swsh45sv-SV075,https://images.pokemontcg.io/swsh45sv/SV075_hires.png,2026/08/08,2026/01/19,1.43,1.0,1.6200000047683716,18.479999542236328,,,,,,1.8225,0.5652,1.5918,0.0,1.3841999769210815,1.7302,2.0071,9.9201,8.0168,7.8323,1.1535,2026-08-09
swsh45sv-SV076,Koffing,holofoil,Shining Fates Shiny Vault,SV076,Rare Shiny,Yumi,Basic,109,Pokémon,2021/02/19,"tcgplayer,cardmarket",https://prices.pokemontcg.io/tcgplayer/swsh45sv-SV076,https://images.pokemontcg.io/swsh45sv/SV076_hires.png,2026/08/08,2026/01/19,13.45,10.0,14.9399995803833,550.7899780273438,,,,,,6.3904,2.2955,5.2138,0.0,5.167699813842773,5.1792,6.0443,12.6885,10.7391,10.5199,1.1535,2026-08-09
swsh45sv-SV077,Galarian Weezing,holofoil,Shining Fates Shiny Vault,SV077,Rare Shiny,Kouki Saitou,Stage 1,110,Pokémon,2021/02/19,"tcgplayer,cardmarket",https://prices.pokemontcg.io/tcgplayer/swsh45sv-SV077,https://images.pokemontcg.io/swsh45sv/SV077_hires.png,2026/08/08,2026/01/19,4.26,2.809999942779541,4.320000171661377,38.70000076293945,,,,,,5.2369,2.7569,3.3451,0.0,3.9911000728607178,3.472,4.9485,9.5164,8.2821,8.732,1.1535,2026-08-09
swsh45sv-SV078,Galarian Zigzagoon,holofoil,Shining Fates Shiny Vault,SV078,Rare Shiny,Misa Tsutsui,Basic,263,Pokémon,2021/02/19,"tcgplayer,cardmarket",https://prices.pokemontcg.io/tcgplayer/swsh45sv-SV078,https://images.pokemontcg.io/swsh45sv/SV078_hires.png,2026/08/08,2026/01/19,2.35,0.9800000190734863,2.4000000953674316,12.989999771118164,,,,,,1.5918,0.5767,1.9494,0.0,2.306999921798706,1.9956,1.661,6.3442,6.8287,6.9441,1.1535,2026-08-09
swsh45sv-SV079,Galarian Linoone,holofoil,Shining Fates Shiny Vault,SV079,Rare Shiny,Shin Nagasawa,Stage 1,264,Pokémon,2021/02/19,"tcgplayer,cardmarket",https://prices.pokemontcg.io/tcgplayer/swsh45sv-SV079,https://images.pokemontcg.io/swsh45sv/SV079_hires.png,2026/08/08,2026/01/19,2.48,1.7000000476837158,2.5199999809265137,26.93000030517578,,,,,,2.0763,1.1535,2.0763,0.0,1.707200050354004,2.1686,2.5954,8.9973,8.8358,8.6051,1.1535,2026-08-09
swsh45sv-SV080,Galarian Obstagoon,holofoil,Shining Fates Shiny Vault,SV080,Rare Shiny,Ryuta Fuse,Stage 2,862,Pokémon,2021/02/19,"tcgplayer,cardmarket",https://prices.pokemontcg.io/tcgplayer/swsh45sv-SV080,https://images.pokemontcg.io/swsh45sv/SV080_hires.png,2026/08/08,2026/01/19,3.37,2.3399999141693115,3.5399999618530273,94.44999694824219,,,,,,2.7223,1.142,3.126,0.0,4.556300163269043,3.126,3.126,9.228,11.0044,11.3043,1.1535,2026-08-09
swsh45sv-SV081,Nickit,holofoil,Shining Fates Shiny Vault,SV081,Rare Shiny,Saya Tsuruta,Basic,827,Pokémon,2021/02/19,"tcgplayer,cardmarket",https://prices.pokemontcg.io/tcgplayer/swsh45sv-SV081,https://images.pokemontcg.io/swsh45sv/SV081_hires.png,2026/08/08,2026/01/16,2.9,1.8600000143051147,3.0,15.8100004196167,,,,,,3.4836,1.4419,3.4605,0.0,3.1029000282287598,2.5262,3.0337,4.614,6.7249,6.8518,1.1535,2026-08-09
swsh45sv-SV082,Thievul,holofoil,Shining Fates Shiny Vault,SV082,Rare Shiny,Kagemaru Himeno,Stage 1,828,Pokémon,2021/02/19,"tcgplayer,cardmarket",https://prices.pokemontcg.io/tcgplayer/swsh45sv-SV082,https://images.pokemontcg.io/swsh45sv/SV082_hires.png,2026/08/08,2026/01/16,2.43,1.399999976158142,2.4700000286102295,18.790000915527344,,,,,,3.0683,1.7302,2.48,0.0,2.3647000789642334,2.3416,2.8838,7.9592,7.8323,7.8438,1.1535,2026-08-09
swsh45sv-SV083,Impidimp,holofoil,Shining Fates Shiny Vault,SV083,Rare Shiny,Misa Tsutsui,Basic,859,Pokémon,2021/02/19,"tcgplayer,cardmarket",https://prices.pokemontcg.io/tcgplayer/swsh45sv-SV083,https://images.pokemontcg.io/swsh45sv/SV083_hires.png,2026/08/08,2026/01/16,2.32,1.4900000095367432,2.569999933242798,19.979999542236328,,,,,,2.2263,1.1535,1.8456,0.0,2.0648000240325928,2.2493,2.3531,9.228,7.1978,7.0133,1.1535,2026-08-09
swsh45sv-SV084,Morgrem,holofoil,Shining Fates Shiny Vault,SV084,Rare Shiny,SATOSHI NAKAI,Stage 1,860,Pokémon,2021/02/19,"tcgplayer,cardmarket",https://prices.pokemontcg.io/tcgplayer/swsh45sv-SV084,https://images.pokemontcg.io/swsh45sv/SV084_hires.png,2026/08/08,2026/01/16,2.51,1.2000000476837158,2.4700000286102295,40.34000015258789,,,,,,3.1375,1.1535,3.1029,0.0,5.767499923706055,2.7223,3.2183,14.4187,8.8935,8.3167,1.1535,2026-08-09
swsh45sv-SV085,Grimmsnarl,holofoil,Shining Fates Shiny Vault,SV085,Rare Shiny,Kouki Saitou,Stage 2,861,Pokémon,2021/02/19,"tcgplayer,cardmarket",https://prices.pokemontcg.io/tcgplayer/swsh45sv-SV085,https://images.pokemontcg.io/swsh45sv/SV085_hires.png,2026/08/08,2026/01/16,2.52,1.909999966621399,2.6500000953674316,27.760000228881836,,,,,,3.0568,2.2378,3.0683,0.0,3.2183001041412354,3.6566,3.472,9.1127,9.1473,8.6397,1.1535,2026-08-09
swsh45sv-SV086,Galarian Meowth,holofoil,Shining Fates Shiny Vault,SV086,Rare Shiny,Shigenori Negishi,Basic,52,Pokémon,2021/02/19,"tcgplayer,cardmarket",https://prices.pokemontcg.io/tcgplayer/swsh45sv-SV086,https://images.pokemontcg.io/swsh45sv/SV086_hires.png,2026/08/08,2026/01/16,5.67,4.0,5.849999904632568,69.69000244140625,,,,,,3.449,2.5377,2.63,0.0,3.310499906539917,3.7835,4.5102,8.6512,9.551,9.0434,1.1535,2026-08-09
swsh45sv-SV087,Galarian Perrserker,holofoil,Shining Fates Shiny Vault,SV087,Rare Shiny,Ryuta Fuse,Stage 1,863,Pokémon,2021/02/19,"tcgplayer,cardmarket",https://prices.pokemontcg.io/tcgplayer/swsh45sv-SV087,https://images.pokemontcg.io/swsh45sv/SV087_hires.png,2026/08/08,2026/01/16,2.84,1.5099999904632568,2.9600000381469727,32.720001220703125,,,,,,6.7941,1.142,8.6512,0.0,2.2955000400543213,8.9512,4.8678,6.9095,9.3087,8.9973,1.1535,2026-08-09
swsh45sv-SV088,Galarian Stunfisk,holofoil,Shining Fates Shiny Vault,SV088,Rare Shiny,tetsuya koizumi,Basic,618,Pokémon,2021/02/19,"tcgplayer,cardmarket",https://prices.pokemontcg.io/tcgplayer/swsh45sv-SV088,https://images.pokemontcg.io/swsh45sv/SV088_hires.png,2026/08/08,2026/01/16,1.79,1.090000033378601,1.909999966621399,9.380000114440918,,,,,,2.7338,1.1535,2.6646,0.0,2.1916000843048096,2.3301,2.5262,6.3442,6.9095,6.6788,1.1535,2026-08-09
swsh45sv-SV089,Corviknight,holofoil,Shining Fates Shiny Vault,SV089,Rare Shiny,kirisAki,Stage 2,823,Pokémon,2021/02/19,"tcgplayer,cardmarket",https://prices.pokemontcg.io/tcgplayer/swsh45sv-SV089,https://images.pokemontcg.io/swsh45sv/SV089_hires.png,2026/08/08,2026/01/16,1.35,0.9300000071525574,1.590000033378601,19.579999923706055,,,,,,1.5803,0.5767,1.6956,0.0,1.7187000513076782,1.9494,1.6264,4.5217,5.0408,5.1215,1.1535,2026-08-09
swsh45sv-SV090,Cufant,holofoil,Shining Fates Shiny Vault,SV090,Rare Shiny,sowsow,Basic,878,Pokémon,2021/02/19,"tcgplayer,cardmarket",https://prices.pokemontcg.io/tcgplayer/swsh45sv-SV090,https://images.pokemontcg.io/swsh45sv/SV090_hires.png,2026/08/08,2026/01/16,3.13,1.600000023841858,3.1700000762939453,25.700000762939453,,,,,,3.2183,1.1535,3.2644,0.0,2.2955000400543213,3.472,3.2067,10.1508,8.7435,8.8589,1.1535,2026-08-09
swsh45sv-SV091,Copperajah,holofoil,Shining Fates Shiny Vault,SV091,Rare Shiny,Shin Nagasawa,Stage 1,879,Pokémon,2021/02/19,"tcgplayer,cardmarket",https://prices.pokemontcg.io/tcgplayer/swsh45sv-SV091,https://images.pokemontcg.io/swsh45sv/SV091_hires.png,2026/08/08,2026/01/16,1.85,1.0,2.0,19.739999771118164,,,,,,2.0532,1.1535,1.8456,0.0,1.7187000513076782,2.3185,2.0071,9.2165,8.5013,8.6512,1.1535,2026-08-09
swsh45sv-SV092,Duraludon,holofoil,Shining Fates Shiny Vault,SV092,Rare Shiny,Souichirou Gunjima,Basic,884,Pokémon,2021/02/19,"tcgplayer,cardmarket",https://prices.pokemontcg.io/tcgplayer/swsh45sv-SV092,https://images.pokemontcg.io/swsh45sv/SV092_hires.png,2026/08/08,2026/01/16,2.53,1.9600000381469727,2.690000057220459,9.989999771118164,,,,,,3.3798,2.134,3.0106,0.0,3.4605000019073486,2.457,3.2875,6.5173,8.7666,9.0896,1.1535,2026-08-09
swsh45sv-SV093,Minccino,holofoil,Shining Fates Shiny Vault,SV093,Rare Shiny,MAHOU,Basic,572,Pokémon,2021/02/19,"tcgplayer,cardmarket",https://prices.pokemontcg.io/tcgplayer/swsh45sv-SV093,https://images.pokemontcg.io/swsh45sv/SV093_hires.png,2026/08/08,2026/01/16,14.71,13.0,14.420000076293945,132.38999938964844,,,,,,4.6371,2.9876,5.11,0.0,8.651200294494629,5.0869,4.7293,10.3238,10.3008,9.2741,1.1535,2026-08-09
swsh45sv-SV094,Cinccino,holofoil,Shining Fates Shiny Vault,SV094,Rare Shiny,kirisAki,Stage 1,573,Pokémon,2021/02/19,"tcgplayer,cardmarket",https://prices.pokemontcg.io/tcgplayer/swsh45sv-SV094,https://images.pokemontcg.io/swsh45sv/SV094_hires.png,2026/08/08,2026/01/16,12.85,8.75,13.989999771118164,49.9900016784668,,,,,,5.2023,1.6726,5.1792,0.0,5.767499923706055,4.3487,4.7755,14.8802,15.8952,14.6148,1.1535,2026-08-09
swsh45sv-SV095,Ducklett,holofoil,Shining Fates Shiny Vault,SV095,Rare Shiny,Kyoko Umemoto,Basic,580,Pokémon,2021/02/19,"tcgplayer,cardmarket",https://prices.pokemontcg.io/tcgplayer/swsh45sv-SV095,https://images.pokemontcg.io/swsh45sv/SV095_hires.png,2026/08/08,2026/01/16,5.0,3.049999952316284,5.119999885559082,96.94999694824219,,,,,,3.2183,2.2724,2.8376,0.0,2.2955000400543213,3.3913,3.1837,10.9467,7.9361,9.078,1.1535,2026-08-09
swsh45sv-SV096,Swanna,holofoil,Shining Fates Shiny Vault,SV096,Rare Shiny,Kagemaru Himeno,Stage 1,581,Pokémon,2021/02/19,"tcgplayer,cardmarket",https://prices.pokemontcg.io/tcgplayer/swsh45sv-SV096,https://images.pokemontcg.io/swsh45sv/SV096_hires.png,2026/08/08,2026/01/16,2.14,0.9800000190734863,2.3499999046325684,17.90999984741211,,,,,,2.8953,1.142,2.9184,0.0,2.0185999870300293,2.953,3.0106,3.4605,9.1934,8.9858,1.1535,2026-08-09
swsh45sv-SV097,Bunnelby,holofoil,Shining Fates Shiny Vault,SV097,Rare Shiny,Misa Tsutsui,Basic,659,Pokémon,2021/02/19,"tcgplayer,cardmarket",https://prices.pokemontcg.io/tcgplayer/swsh45sv-SV097,https://images.pokemontcg.io/swsh45sv/SV097_hires.png,2026/08/08,2026/01/16,1.27,0.7300000190734863,1.440000057220459,19.399999618530273,,,,,,1.7649,0.4614,1.9263,0.0,1.499500036239624,1.8917,1.5342,7.4862,5.0869,4.7524,1.1535,2026-08-09
swsh45sv-SV098,Oranguru,holofoil,Shining Fates Shiny Vault,SV098,Rare Shiny,nagimiso,Basic,765,Pokémon,2021/02/19,"tcgplayer,cardmarket",https://prices.pokemontcg.io/tcgplayer/swsh45sv-SV098,https://images.pokemontcg.io/swsh45sv/SV098_hires.png,2026/08/08,2025/12/28,1.91,0.9900000095367432,2.0,8.979999542236328,,,,,,2.5492,1.8225,3.3451,0.0,3.4028000831604004,2.63,2.8953,9.228,10.1854,9.5048,1.1535,2026-08-09
swsh45sv-SV099,Skwovet,holofoil,Shining Fates Shiny Vault,SV099,Rare Shiny,Naoki Saito,Basic,819,Pokémon,2021/02/19,"tcgplayer,cardmarket",https://prices.pokemontcg.io/tcgplayer/swsh45sv-SV099,https://images.pokemontcg.io/swsh45sv/SV099_hires.png,2026/08/08,2025/12/28,2.11,1.3600000143051147,2.359999895095825,18.360000610351562,,,,,,3.0222,1.9033,3.2529,0.0,2.1800999641418457,3.0452,3.1375,7.4977,10.1739,8.063,1.1535,2026-08-09
swsh45sv-SV100,Greedent,holofoil,Shining Fates Shiny Vault,SV100,Rare Shiny,Hideki Ishikawa,Stage 1,820,Pokémon,2021/02/19,"tcgplayer,cardmarket",https://prices.pokemontcg.io/tcgplayer/swsh45sv-SV100,https://images.pokemontcg.io/swsh45sv/SV100_hires.png,2026/08/08,2025/12/28,2.28,1.25,2.299999952316284,5.190000057220459,,,,,,2.4224,0.9113,1.4303,0.0,1.6726000308990479,1.8687,2.8953,7.7284,11.0851,10.0701,1.1535,2026-08-09
swsh45sv-SV101,Rookidee,holofoil,Shining Fates Shiny Vault,SV101,Rare Shiny,Lee HyunJung,Basic,821,Pokémon,2021/02/19,"tcgplayer,cardmarket",https://prices.pokemontcg.io/tcgplayer/swsh45sv-SV101,https://images.pokemontcg.io/swsh45sv/SV101_hires.png,2026/08/08,2025/12/28,2.82,1.7200000286102295,2.880000114440918,14.989999771118164,,,,,,2.9645,1.142,2.9299,0.0,2.837599992752075,3.0683,3.1375,5.1792,8.8589,9.2741,1.1535,2026-08-09
swsh45sv-SV102,Corvisquire,holofoil,Shining Fates Shiny Vault,SV102,Rare Shiny,Masakazu Fukuda,Stage 1,822,Pokémon,2021/02/19,"tcgplayer,cardmarket",https://prices.pokemontcg.io/tcgplayer/swsh45sv-SV102,https://images.pokemontcg.io/swsh45sv/SV102_hires.png,2026/08/08,2025/12/28,3.07,1.6100000143051147,3.109999895095825,30.0,,,,,,2.6877,2.1916,2.6761,0.0,3.4028000831604004,2.5608,3.0222,9.2165,9.2741,8.8935,1.1535,2026-08-09
swsh45sv-SV103,Wooloo,holofoil,Shining Fates Shiny Vault,SV103,Rare Shiny,Kyoko Umemoto,Basic,831,Pokémon,2021/02/19,"tcgplayer,cardmarket",https://prices.pokemontcg.io/tcgplayer/swsh45sv-SV103,https://images.pokemontcg.io/swsh45sv/SV103_hires.png,2026/08/08,2025/12/13,3.91,2.049999952316284,3.930000066757202,33.09000015258789,,,,,,2.134,1.0381,2.1455,0.0,1.926300048828125,2.3416,2.2378,4.1295,5.1907,5.6522,1.1535,2026-08-09
swsh45sv-SV104,Dubwool,holofoil,Shining Fates Shiny Vault,SV104,Rare Shiny,Kouki Saitou,Stage 1,832,Pokémon,2021/02/19,"tcgplayer,cardmarket",https://prices.pokemontcg.io/tcgplayer/swsh45sv-SV104,https://images.pokemontcg.io/swsh45sv/SV104_hires.png,2026/08/08,2025/12/13,1.29,1.0,1.649999976158142,24.0,,,,,,2.8261,1.4995,2.8491,0.0,2.0648000240325928,2.5838,2.6415,11.8234,9.5048,8.1898,1.1535,2026-08-09
swsh45sv-SV105,Rillaboom V,holofoil,Shining Fates Shiny Vault,SV105,Rare Holo V,5ban Graphics,Basic|V,812,Pokémon,2021/02/19,"tcgplayer,cardmarket",https://prices.pokemontcg.io/tcgplayer/swsh45sv-SV105,https://images.pokemontcg.io/swsh45sv/SV105_hires.png,2026/08/08,2025/12/13,1.33,0.75,1.5,13.140000343322754,,,,,,1.6149,1.0958,1.4534,0.0,1.972499966621399,1.6264,1.6841,7.3363,6.4481,7.4747,1.1535,2026-08-09
swsh45sv-SV106,Rillaboom VMAX,holofoil,Shining Fates Shiny Vault,SV106,Rare Holo VMAX,5ban Graphics,VMAX,812,Pokémon,2021/02/19,"tcgplayer,cardmarket",https://prices.pokemontcg.io/tcgplayer/swsh45sv-SV106,https://images.pokemontcg.io/swsh45sv/SV106_hires.png,2026/08/08,2025/12/13,2.98,1.5,3.0,26.81999969482422,,,,,,2.7107,0.8651,2.8145,0.0,2.306999921798706,2.9299,2.7338,11.4773,12.354,12.7692,1.1535,2026-08-09
swsh45sv-SV107,Charizard VMAX,holofoil,Shining Fates Shiny Vault,SV107,Rare Holo VMAX,aky CG Works,VMAX,6,Pokémon,2021/02/19,"tcgplayer,cardmarket",https://prices.pokemontcg.io/tcgplayer/swsh45sv-SV107,https://images.pokemontcg.io/swsh45sv/SV107_hires.png,2026/08/08,2025/12/13,145.55,123.45999908447266,158.97999572753906,349.95001220703125,,,,,,136.8974,69.1985,139.7119,0.0,98.04750061035156,144.3375,154.419,346.05,361.9683,374.9682,1.1535,2026-08-09
swsh45sv-SV108,Centiskorch V,holofoil,Shining Fates Shiny Vault,SV108,Rare Holo V,5ban Graphics,Basic|V,851,Pokémon,2021/02/19,"tcgplayer,cardmarket",https://prices.pokemontcg.io/tcgplayer/swsh45sv-SV108,https://images.pokemontcg.io/swsh45sv/SV108_hires.png,2026/08/08,2025/12/07,1.47,0.9900000095367432,1.6799999475479126,40.0,,,,,,1.661,0.9113,1.8802,0.0,1.7302000522613525,2.0763,1.7879,5.3868,5.1907,5.9175,1.1535,2026-08-09
swsh45sv-SV109,Centiskorch VMAX,holofoil,Shining Fates Shiny Vault,SV109,Rare Holo VMAX,5ban Graphics,VMAX,851,Pokémon,2021/02/19,"tcgplayer,cardmarket",https://prices.pokemontcg.io/tcgplayer/swsh45sv-SV109,https://images.pokemontcg.io/swsh45sv/SV109_hires.png,2026/08/08,2025/12/07,2.41,0.949999988079071,2.509999990463257,25.0,,,,,,2.6761,1.7302,2.6415,0.0,2.2609000205993652,2.6415,2.6877,8.0745,8.6628,10.9698,1.1535,2026-08-09
swsh45sv-SV110,Lapras V,holofoil,Shining Fates Shiny Vault,SV110,Rare Holo V,5ban Graphics,Basic|V,131,Pokémon,2021/02/19,"tcgplayer,cardmarket",https://prices.pokemontcg.io/tcgplayer/swsh45sv-SV110,https://images.pokemontcg.io/swsh45sv/SV110_hires.png,2026/08/08,2025/12/07,3.96,2.990000009536743,4.679999828338623,20.0,,,,,,4.4179,2.307,3.7604,0.0,2.387700080871582,3.6566,4.1757,10.6929,10.6237,11.2351,1.1535,2026-08-09
swsh45sv-SV111,Lapras VMAX,holofoil,Shining Fates Shiny Vault,SV111,Rare Holo VMAX,5ban Graphics,VMAX,131,Pokémon,2021/02/19,"tcgplayer,cardmarket",https://prices.pokemontcg.io/tcgplayer/swsh45sv-SV111,https://images.pokemontcg.io/swsh45sv/SV111_hires.png,2026/08/08,2025/12/07,7.87,6.0,9.0,39.9900016784668,,,,,,8.0168,2.307,6.2058,0.0,4.97160005569458,5.4791,7.1863,18.2714,18.8251,22.1472,1.1535,2026-08-09
swsh45sv-SV112,Toxtricity V,holofoil,Shining Fates Shiny Vault,SV112,Rare Holo V,5ban Graphics,Basic|V,849,Pokémon,2021/02/19,"tcgplayer,cardmarket",https://prices.pokemontcg.io/tcgplayer/swsh45sv-SV112,https://images.pokemontcg.io/swsh45sv/SV112_hires.png,2026/08/08,2025/12/07,1.76,0.9800000190734863,1.9900000095367432,9.989999771118164,,,,,,1.7533,0.5767,1.6495,0.0,1.580299973487854,1.488,1.6956,4.764,5.6637,6.3442,1.1535,2026-08-09
swsh45sv-SV113,Toxtricity VMAX,holofoil,Shining Fates Shiny Vault,SV113,Rare Holo VMAX,5ban Graphics,VMAX,849,Pokémon,2021/02/19,"tcgplayer,cardmarket",https://prices.pokemontcg.io/tcgplayer/swsh45sv-SV113,https://images.pokemontcg.io/swsh45sv/SV113_hires.png,2026/08/08,2025/12/07,3.63,2.6600000858306885,4.25,96.94999694824219,,,,,,4.4064,0.8651,3.8065,0.0,2.8838000297546387,3.0452,4.1065,11.4197,11.0736,12.6308,1.1535,2026-08-09
swsh45sv-SV114,Indeedee V,holofoil,Shining Fates Shiny Vault,SV114,Rare Holo V,5ban Graphics,Basic|V,876,Pokémon,2021/02/19,"tcgplayer,cardmarket",https://prices.pokemontcg.io/tcgplayer/swsh45sv-SV114,https://images.pokemontcg.io/swsh45sv/SV114_hires.png,2026/08/08,2025/12/07,1.13,0.7300000190734863,1.4900000095367432,18.6200008392334,,,,,,1.3957,0.5767,1.5111,0.0,1.1419999599456787,1.5688,1.4419,3.5643,4.5217,5.3522,1.1535,2026-08-09
swsh45sv-SV115,Falinks V,holofoil,Shining Fates Shiny Vault,SV115,Rare Holo V,aky CG Works,Basic|V,870,Pokémon,2021/02/19,"tcgplayer,cardmarket",https://prices.pokemontcg.io/tcgplayer/swsh45sv-SV115,https://images.pokemontcg.io/swsh45sv/SV115_hires.png,2026/08/08,2025/12/07,1.45,0.9900000095367432,1.6200000047683716,19.15999984741211,,,,,,2.3993,0.4268,2.7915,0.0,2.249300003051758,1.7187,2.2378,5.756,5.3061,5.4445,1.1535,2026-08-09
swsh45sv-SV116,Grimmsnarl V,holofoil,Shining Fates Shiny Vault,SV116,Rare Holo V,PLANETA Mochizuki,Basic|V,861,Pokémon,2021/02/19,"tcgplayer,cardmarket",https://prices.pokemontcg.io/tcgplayer/swsh45sv-SV116,https://images.pokemontcg.io/swsh45sv/SV116_hires.png,2026/08/08,2025/12/07,1.56,1.0,1.8799999952316284,20.0,,,,,,1.811,1.0958,1.7995,0.0,1.5571999549865723,1.5688,1.8225,4.0719,4.9716,6.6442,1.1535,2026-08-09
swsh45sv-SV117,Grimmsnarl VMAX,holofoil,Shining Fates Shiny Vault,SV117,Rare Holo VMAX,5ban Graphics,VMAX,861,Pokémon,2021/02/19,"tcgplayer,cardmarket",https://prices.pokemontcg.io/tcgplayer/swsh45sv-SV117,https://images.pokemontcg.io/swsh45sv/SV117_hires.png,2026/08/08,2025/12/07,3.56,2.8499999046325684,4.0,50.0,,,,,,3.945,1.4419,3.6912,0.0,4.556300163269043,3.449,3.9104,11.858,12.5039,14.1304,1.1535,2026-08-09
swsh45sv-SV118,Ditto V,holofoil,Shining Fates Shiny Vault,SV118,Rare Holo V,Saki Hayashiro,Basic|V,132,Pokémon,2021/02/19,"tcgplayer,cardmarket",https://prices.pokemontcg.io/tcgplayer/swsh45sv-SV118,https://images.pokemontcg.io/swsh45sv/SV118_hires.png,2026/08/08,2025/12/07,8.59,6.989999771118164,10.0,77.58000183105469,,,,,,3.8758,2.307,2.7338,0.0,2.9990999698638916,3.2183,3.7143,8.4206,10.8314,10.8083,1.1535,2026-08-09
swsh45sv-SV119,Ditto VMAX,holofoil,Shining Fates Shiny Vault,SV119,Rare Holo VMAX,PLANETA Tsuji,VMAX,132,Pokémon,2021/02/19,"tcgplayer,cardmarket",https://prices.pokemontcg.io/tcgplayer/swsh45sv-SV119,https://images.pokemontcg.io/swsh45sv/SV119_hires.png,2026/08/08,2025/12/07,15.08,13.399999618530273,16.06999969482422,128.25999450683594,,,,,,7.9245,4.1526,8.3975,0.0,6.609600067138672,9.8394,7.4516,21.905,23.1738,25.9307,1.1535,2026-08-09
swsh45sv-SV120,Dubwool V,holofoil,Shining Fates Shiny Vault,SV120,Rare Holo V,5ban Graphics,Basic|V,832,Pokémon,2021/02/19,"tcgplayer,cardmarket",https://prices.pokemontcg.io/tcgplayer/swsh45sv-SV120,https://images.pokemontcg.io/swsh45sv/SV120_hires.png,2026/08/08,2025/11/25,1.35,0.6499999761581421,1.4600000381469727,9.989999771118164,,,,,,1.638,0.5767,1.7072,0.0,1.3265000581741333,1.7302,1.661,4.2103,4.6255,5.4445,1.1535,2026-08-09
swsh45sv-SV121,Eternatus V,holofoil,Shining Fates Shiny Vault,SV121,Rare Secret,5ban Graphics,Basic|V,890,Pokémon,2021/02/19,"tcgplayer,cardmarket",https://prices.pokemontcg.io/tcgplayer/swsh45sv-SV121,https://images.pokemontcg.io/swsh45sv/SV121_hires.png,2026/08/08,2025/11/25,6.41,5.300000190734863,7.170000076293945,972.1099853515625,,,,,,7.3709,4.614,7.4055,0.0,5.340700149536133,7.3363,7.1863,30.7292,31.5252,33.0824,1.1535,2026-08-09
swsh45sv-SV122,Eternatus VMAX,holofoil,Shining Fates Shiny Vault,SV122,Rare Secret,5ban Graphics,VMAX,890,Pokémon,2021/02/19,"tcgplayer,cardmarket",https://prices.pokemontcg.io/tcgplayer/swsh45sv-SV122,https://images.pokemontcg.io/swsh45sv/SV122_hires.png,2026/08/08,2025/11/25,6.32,4.849999904632568,7.099999904632568,151.60000610351562,,,,,,6.0097,4.6025,6.8749,0.0,5.421500205993652,7.0133,6.2289,32.2749,34.1897,41.03,1.1535,2026-08-09
swshp-SWSH061,Pikachu V,holofoil,SWSH Black Star Promos,SWSH061,Promo,PLANETA Tsuji,Basic|V,25,Pokémon,2019/11/15,"tcgplayer,cardmarket",https://prices.pokemontcg.io/tcgplayer/swshp-SWSH061,https://images.pokemontcg.io/swshp/SWSH061_hires.png,2026/08/08,2026/01/19,2.08,1.190000057220459,2.5,20.0,,,,,,1.4419,0.2307,1.488,0.0,1.430299997329712,1.4765,1.3957,1.3496,1.5226,1.8802,1.1535,2026-08-09
swshp-SWSH076,Zacian V,holofoil,SWSH Black Star Promos,SWSH076,Promo,5ban Graphics,Basic|V,888,Pokémon,2019/11/15,"tcgplayer,cardmarket",https://prices.pokemontcg.io/tcgplayer/swshp-SWSH076,https://images.pokemontcg.io/swshp/SWSH076_hires.png,2026/08/08,2026/01/19,13.19,9.010000228881836,14.579999923706055,9999.0,,,,,,8.5244,4.614,8.6512,0.0,7.497700214385986,8.8935,8.7897,43.2563,49.3813,53.0956,1.1535,2026-08-09
swshp-SWSH077,Zamazenta V,holofoil,SWSH Black Star Promos,SWSH077,Promo,aky CG Works,Basic|V,889,Pokémon,2019/11/15,"tcgplayer,cardmarket",https://prices.pokemontcg.io/tcgplayer/swshp-SWSH077,https://images.pokemontcg.io/swshp/SWSH077_hires.png,2026/08/08,2026/01/19,8.75,5.5,9.569999694824219,9999.0,,,,,,7.4055,4.0488,8.3513,0.0,4.037300109863281,8.5474,7.7861,34.5935,42.9448,45.4364,1.1535,2026-08-09
swshp-SWSH078,Orbeetle V,holofoil,SWSH Black Star Promos,SWSH078,Promo,5ban Graphics,Basic|V,826,Pokémon,2019/11/15,"tcgplayer,cardmarket",https://prices.pokemontcg.io/tcgplayer/swshp-SWSH078,https://images.pokemontcg.io/swshp/SWSH078_hires.png,2026/08/08,2026/01/19,0.77,0.49000000953674316,0.949999988079071,16.860000610351562,,,,,,1.0612,0.1154,0.8882,0.0,0.4499000012874603,0.6229,0.8882,1.3727,1.0843,1.2804,1.1535,2026-08-09
swshp-SWSH079,Galarian Mr. Rime,holofoil,SWSH Black Star Promos,SWSH079,Promo,KEIICHIRO ITO,Stage 1,866,Pokémon,2019/11/15,"tcgplayer,cardmarket",https://prices.pokemontcg.io/tcgplayer/swshp-SWSH079,https://images.pokemontcg.io/swshp/SWSH079_hires.png,2026/08/08,2026/01/19,0.87,0.1599999964237213,0.949999988079071,4.989999771118164,,,,,,0.5998,0.0577,0.6114,0.0,0.6344000101089478,0.7382,0.5998,0.9113,0.6575,0.9574,1.1535,2026-08-09
swshp-SWSH080,Dedenne,holofoil,SWSH Black Star Promos,SWSH080,Promo,Yuu Nishida,Basic,702,Pokémon,2019/11/15,"tcgplayer,cardmarket",https://prices.pokemontcg.io/tcgplayer/swshp-SWSH080,https://images.pokemontcg.io/swshp/SWSH080_hires.png,2026/08/08,2026/01/19,2.6,1.4700000286102295,2.75,29.959999084472656,,,,,,0.7152,0.1154,0.992,0.0,0.5536999702453613,0.8651,0.7267,0.669,1.7302,1.4188,1.1535,2026-08-09
swshp-SWSH081,Polteageist,holofoil,SWSH Black Star Promos,SWSH081,Promo,Misa Tsutsui,Stage 1,855,Pokémon,2019/11/15,"tcgplayer,cardmarket",https://prices.pokemontcg.io/tcgplayer/swshp-SWSH081,https://images.pokemontcg.io/swshp/SWSH081_hires.png,2026/08/08,2026/01/19,0.74,0.15000000596046448,0.7400000095367432,5.989999771118164,,,,,,0.4845,0.0577,0.7152,0.0,0.6575000286102295,0.5998,0.5421,1.5918,1.1535,1.1996,1.1535,2026-08-09
swshp-SWSH082,Bunnelby,holofoil,SWSH Black Star Promos,SWSH082,Promo,sowsow,Basic,659,Pokémon,2019/11/15,"tcgplayer,cardmarket",https://prices.pokemontcg.io/tcgplayer/swshp-SWSH082,https://images.pokemontcg.io/swshp/SWSH082_hires.png,2026/08/08,2026/01/19,1.14,0.3199999928474426,1.2100000381469727,5.210000038146973,,,,,,0.5652,0.1038,0.6921,0.0,0.51910001039505,0.7267,0.6344,1.2112,1.0151,1.2342,1.1535,2026-08-09
swshp-SWSH083,Alakazam V,holofoil,SWSH Black Star Promos,SWSH083,Promo,Ayaka Yoshida,Basic|V,65,Pokémon,2019/11/15,"tcgplayer,cardmarket",https://prices.pokemontcg.io/tcgplayer/swshp-SWSH083,https://images.pokemontcg.io/swshp/SWSH083_hires.png,2026/08/08,2026/01/19,1.82,1.0,2.0,14.0,,,,,,1.5918,0.4037,1.5226,0.0,2.283900022506714,1.5226,1.6034,3.1491,1.7418,2.2378,1.1535,2026-08-09
swshp-SWSH084,Eldegoss V,holofoil,SWSH Black Star Promos,SWSH084,Promo,5ban Graphics,Basic|V,830,Pokémon,2019/11/15,"tcgplayer,cardmarket",https://prices.pokemontcg.io/tcgplayer/swshp-SWSH084,https://images.pokemontcg.io/swshp/SWSH084_hires.png,2026/08/08,2026/01/16,0.78,0.27000001072883606,0.9900000095367432,14.989999771118164,,,,,,9.8048,5.7675,9.2395,0.0,9.804800033569336,8.2821,5.8367,0.0,0.0,0.0,1.1535,2026-08-09
swshp-SWSH085,Boltund V,holofoil,SWSH Black Star Promos,SWSH085,Promo,aky CG Works,Basic|V,836,Pokémon,2019/11/15,"tcgplayer,cardmarket",https://prices.pokemontcg.io/tcgplayer/swshp-SWSH085,https://images.pokemontcg.io/swshp/SWSH085_hires.png,2026/08/08,2026/01/16,1.01,0.6399999856948853,1.1100000143051147,19.979999542236328,,,,,,11.4773,2.307,10.9467,0.0,11.477299690246582,10.1047,10.2085,0.0,0.0,0.0,1.1535,2026-08-09
swshp-SWSH086,Cramorant V,holofoil,SWSH Black Star Promos,SWSH086,Promo,aky CG Works,Basic|V,845,Pokémon,2019/11/15,"tcgplayer,cardmarket",https://prices.pokemontcg.io/tcgplayer/swshp-SWSH086,https://images.pokemontcg.io/swshp/SWSH086_hires.png,2026/08/08,2026/01/16,1.0,0.5,1.100000023841858,25.920000076293945,,,,,,1.2919,0.5767,1.4073,0.0,1.0266000032424927,1.2342,1.2689,2.8491,2.9414,3.3682,1.1535,2026-08-09
swshp-SWSH087,Eevee VMAX,holofoil,SWSH Black Star Promos,SWSH087,Promo,PLANETA Mochizuki,VMAX,133,Pokémon,2019/11/15,"tcgplayer,cardmarket",https://prices.pokemontcg.io/tcgplayer/swshp-SWSH087,https://images.pokemontcg.io/swshp/SWSH087_hires.png,2026/08/08,2026/01/16,5.17,3.4700000286102295,5.989999771118164,49.9900016784668,,,,,,4.3718,0.9113,3.7258,0.0,3.414400100708008,3.7489,4.0026,4.6486,5.9059,6.1136,1.1535,2026-08-09
swshp-SWSH096,Dragapult V,holofoil,SWSH Black Star Promos,SWSH096,Promo,aky CG Works,Basic|V,887,Pokémon,2019/11/15,"tcgplayer,cardmarket",https://prices.pokemontcg.io/tcgplayer/swshp-SWSH096,https://images.pokemontcg.io/swshp/SWSH096_hires.png,2026/08/08,2026/01/16,3.13,1.7000000476837158,3.259999990463257,99.9000015258789,,,,,,3.1952,1.1535,2.803,0.0,3.3220999240875244,2.9645,3.0798,5.2484,6.1251,6.575,1.1535,2026-08-09
swshp-SWSH097,Dragapult VMAX,holofoil,SWSH Black Star Promos,SWSH097,Promo,aky CG Works,VMAX,887,Pokémon,2019/11/15,"tcgplayer,cardmarket",https://prices.pokemontcg.io/tcgplayer/swshp-SWSH097,https://images.pokemontcg.io/swshp/SWSH097_hires.png,2026/08/08,2026/01/16,3.14,1.2400000095367432,3.5899999141693115,9999.0,,,,,,2.5262,1.0266,2.9991,0.0,1.7302000522613525,2.2609,2.5031,4.6025,3.4605,3.4605,1.1535,2026-08-09
swshp-SWSH098,Crobat V,holofoil,SWSH Black Star Promos,SWSH098,Promo,PLANETA Mochizuki,Basic|V,169,Pokémon,2019/11/15,"tcgplayer,cardmarket",https://prices.pokemontcg.io/tcgplayer/swshp-SWSH098,https://images.pokemontcg.io/swshp/SWSH098_hires.png,2026/08/08,2026/01/16,1.65,1.0,1.9700000286102295,20.0,,,,,,1.7995,0.5652,2.1455,0.0,1.61489999294281,1.984,1.8456,6.598,6.6096,8.063,1.1535,2026-08-09
swshp-SWSH099,Crobat VMAX,holofoil,SWSH Black Star Promos,SWSH099,Promo,PLANETA Tsuji,VMAX,169,Pokémon,2019/11/15,"tcgplayer,cardmarket",https://prices.pokemontcg.io/tcgplayer/swshp-SWSH099,https://images.pokemontcg.io/swshp/SWSH099_hires.png,2026/08/08,2026/01/16,2.05,1.2999999523162842,2.4100000858306885,22.989999771118164,,,,,,2.8953,1.1535,2.6761,0.0,2.249300003051758,2.8491,2.7453,4.3256,4.5333,5.756,1.1535,2026-08-09
swshp-SWSH100,Venusaur V,holofoil,SWSH Black Star Promos,SWSH100,Promo,aky CG Works,Basic|V,3,Pokémon,2019/11/15,"tcgplayer,cardmarket",https://prices.pokemontcg.io/tcgplayer/swshp-SWSH100,https://images.pokemontcg.io/swshp/SWSH100_hires.png,2026/08/08,2026/01/16,5.27,3.2100000381469727,5.300000190734863,96.94999694824219,,,,,,4.8678,1.7302,4.9254,0.0,6.125100135803223,5.4099,5.3292,11.5235,11.858,12.2732,1.1535,2026-08-09
swshp-SWSH101,Blastoise V,holofoil,SWSH Black Star Promos,SWSH101,Promo,5ban Graphics,Basic|V,9,Pokémon,2019/11/15,"tcgplayer,cardmarket",https://prices.pokemontcg.io/tcgplayer/swshp-SWSH101,https://images.pokemontcg.io/swshp/SWSH101_hires.png,2026/08/08,2026/01/16,7.8,6.5,8.3100004196167,9999.0,,,,,,6.5173,2.307,6.575,0.0,8.224499702453613,6.9325,6.5865,14.9378,14.8109,12.8615,1.1535,2026-08-09
sm10-195a,Dedenne-GX,,Unbroken Bonds,195a,Rare Ultra,kanahei,Basic|GX,702,Pokémon,2019/05/03,cardmarket,https://prices.pokemontcg.io/cardmarket/sm10-195a,https://images.pokemontcg.io/sm10/195a_hires.png,,2025/11/18,,,,,,,,,,15.3069,1.488,15.5723,0.0,15.399200439453125,15.0762,15.1685,6.575,6.3096,5.5022,1.1535,2026-08-09
swsh5-1,Bellsprout,normal,Battle Styles,1,Common,Sekio,Basic,69,Pokémon,2021/03/19,"tcgplayer,cardmarket",https://prices.pokemontcg.io/tcgplayer/swsh5-1,https://images.pokemontcg.io/swsh5/1_hires.png,2026/08/08,2026/07/01,0.12,0.009999999776482582,0.15000000596046448,19.979999542236328,,0.31,,,,0.0807,0.0231,0.0461,0.2999,0.023099999874830246,0.0346,0.0461,0.1615,0.4037,0.2422,1.1535,2026-08-09
swsh5-2,Weepinbell,normal,Battle Styles,2,Uncommon,Shibuzoh.,Stage 1,70,Pokémon,2021/03/19,"tcgplayer,cardmarket",https://prices.pokemontcg.io/tcgplayer/swsh5-2,https://images.pokemontcg.io/swsh5/2_hires.png,2026/08/08,2026/07/01,0.18,0.029999999329447746,0.20000000298023224,20.0,,0.32,,,,0.1038,0.0231,0.0692,0.2422,0.08070000261068344,0.0692,0.1154,0.2884,0.2653,0.2653,1.1535,2026-08-09
swsh5-3,Victreebel,normal,Battle Styles,3,Rare,Tika Matsuno,Stage 2,71,Pokémon,2021/03/19,"tcgplayer,cardmarket",https://prices.pokemontcg.io/tcgplayer/swsh5-3,https://images.pokemontcg.io/swsh5/3_hires.png,2026/08/08,2026/07/01,0.27,0.03999999910593033,0.25999999046325684,18.940000534057617,,0.32,,,,0.1846,0.0231,0.15,0.346,0.05770000070333481,0.1615,0.173,0.2192,0.2884,0.3576,1.1535,2026-08-09
swsh5-4,Cacnea,normal,Battle Styles,4,Common,Kazuma Koda,Basic,331,Pokémon,2021/03/19,"tcgplayer,cardmarket",https://prices.pokemontcg.io/tcgplayer/swsh5-4,https://images.pokemontcg.io/swsh5/4_hires.png,2026/08/08,2026/07/01,0.13,0.009999999776482582,0.15000000596046448,30.0,,0.2,,,,0.0577,0.0231,0.0461,0.2076,0.03460000082850456,0.0577,0.0461,0.0461,0.2192,0.2076,1.1535,2026-08-09
swsh5-5,Cacturne,normal,Battle Styles,5,Uncommon,Tomokazu Komiya,Stage 1,332,Pokémon,2021/03/19,"tcgplayer,cardmarket",https://prices.pokemontcg.io/tcgplayer/swsh5-5,https://images.pokemontcg.io/swsh5/5_hires.png,2026/08/08,2026/07/01,0.23,0.029999999329447746,0.2199999988079071,19.979999542236328,,0.26,,,,0.1154,0.0231,0.1038,0.3691,0.023099999874830246,0.1038,0.1154,0.4614,0.4268,0.346,1.1535,2026-08-09
swsh5-6,Kricketune V,holofoil,Battle Styles,6,Rare Holo V,Satoshi Shirai,Basic|V,402,Pokémon,2021/03/19,"tcgplayer,cardmarket",https://prices.pokemontcg.io/tcgplayer/swsh5-6,https://images.pokemontcg.io/swsh5/6_hires.png,2026/08/08,2026/07/01,0.74,0.30000001192092896,0.9900000095367432,19.979999542236328,,,,,,1.0266,0.2307,1.0266,0.0,0.9689000248908997,1.0151,1.0497,2.1109,2.653,3.0452,1.1535,2026-08-09
swsh5-7,Cherubi,normal,Battle Styles,7,Common,Akira Komayama,Basic,420,Pokémon,2021/03/19,"tcgplayer,cardmarket",https://prices.pokemontcg.io/tcgplayer/swsh5-7,https://images.pokemontcg.io/swsh5/7_hires.png,2026/08/08,2026/07/01,0.15,0.009999999776482582,0.18000000715255737,17.979999542236328,,0.24,,,,0.0692,0.0231,0.0461,0.2422,0.023099999874830246,0.0461,0.0461,0.3345,0.2192,0.2538,1.1535,2026-08-09
swsh5-8,Cherrim,holofoil,Battle Styles,8,Rare Holo,Mina Nakai,Stage 1,421,Pokémon,2021/03/19,"tcgplayer,cardmarket",https://prices.pokemontcg.io/tcgplayer/swsh5-8,https://images.pokemontcg.io/swsh5/8_hires.png,2026/08/08,2026/07/01,0.95,0.10000000149011612,0.9300000071525574,18.719999313354492,,1.2,,,,0.819,0.0577,0.5421,1.1881,0.23070000112056732,0.7036,0.8421,0.8651,1.1881,1.1535,1.1535,2026-08-09
swsh5-9,Carnivine,normal,Battle Styles,9,Uncommon,AKIRA EGAWA,Basic|Rapid Strike,455,Pokémon,2021/03/19,"tcgplayer,cardmarket",https://prices.pokemontcg.io/tcgplayer/swsh5-9,https://images.pokemontcg.io/swsh5/9_hires.png,2026/08/08,2026/06/29,0.16,0.009999999776482582,0.1599999964237213,18.540000915527344,,0.3,,,,0.0807,0.0231,0.0692,0.2884,0.023099999874830246,0.1038,0.0577,0.2076,0.3114,0.3114,1.1535,2026-08-09
swsh5-10,Durant,normal,Battle Styles,10,Uncommon,kodama,Basic,632,Pokémon,2021/03/19,"tcgplayer,cardmarket",https://prices.pokemontcg.io/tcgplayer/swsh5-10,https://images.pokemontcg.io/swsh5/10_hires.png,2026/08/08,2026/06/27,0.19,0.009999999776482582,0.1899999976158142,19.979999542236328,,0.24,,,,0.0346,0.0231,0.0231,0.2076,0.023099999874830246,0.0346,0.0461,0.2192,0.2422,0.1846,1.1535,2026-08-09
swsh5-11,Scatterbug,normal,Battle Styles,11,Common,Midori Harada,Basic,664,Pokémon,2021/03/19,"tcgplayer,cardmarket",https://prices.pokemontcg.io/tcgplayer/swsh5-11,https://images.pokemontcg.io/swsh5/11_hires.png,2026/08/08,2026/06/27,0.11,0.009999999776482582,0.15000000596046448,5.0,,0.18,,,,0.0346,0.0231,0.0807,0.4614,0.06920000165700912,0.1038,0.0461,0.2884,0.4037,0.2538,1.1535,2026-08-09
swsh5-12,Spewpa,normal,Battle Styles,12,Uncommon,Sumiyoshi Kizuki,Stage 1,665,Pokémon,2021/03/19,"tcgplayer,cardmarket",https://prices.pokemontcg.io/tcgplayer/swsh5-12,https://images.pokemontcg.io/swsh5/12_hires.png,2026/08/08,2026/06/27,0.14,0.009999999776482582,0.15000000596046448,5.0,,0.22,,,,0.0461,0.0231,0.0577,0.2307,0.04610000178217888,0.0577,0.0346,0.4037,0.2422,0.2307,1.1535,2026-08-09
swsh5-13,Vivillon,normal,Battle Styles,13,Rare,miki kudo,Stage 2,666,Pokémon,2021/03/19,"tcgplayer,cardmarket",https://prices.pokemontcg.io/tcgplayer/swsh5-13,https://images.pokemontcg.io/swsh5/13_hires.png,2026/08/08,2026/06/22,0.23,0.05999999865889549,0.2199999988079071,16.760000228881836,,0.31,,,,0.1154,0.0231,0.0692,0.3807,0.023099999874830246,0.0807,0.1038,0.2076,0.2999,0.3114,1.1535,2026-08-09
swsh5-14,Fomantis,normal,Battle Styles,14,Common,Yukiko Baba,Basic,753,Pokémon,2021/03/19,"tcgplayer,cardmarket",https://prices.pokemontcg.io/tcgplayer/swsh5-14,https://images.pokemontcg.io/swsh5/14_hires.png,2026/08/08,2026/06/22,0.15,0.009999999776482582,0.1599999964237213,19.979999542236328,,0.25,,,,0.0346,0.0231,0.0807,0.3922,0.18459999561309814,0.0923,0.0346,0.15,0.3691,0.2999,1.1535,2026-08-09
swsh5-15,Lurantis,normal,Battle Styles,15,Rare,Anesaki Dynamic,Stage 1,754,Pokémon,2021/03/19,"tcgplayer,cardmarket",https://prices.pokemontcg.io/tcgplayer/swsh5-15,https://images.pokemontcg.io/swsh5/15_hires.png,2026/08/08,2026/06/22,0.19,0.009999999776482582,0.20999999344348907,19.979999542236328,,0.25,,,,0.1038,0.0231,0.15,0.3807,0.023099999874830246,0.1615,0.1154,0.4499,0.3576,0.3576,1.1535,2026-08-09
swsh5-16,Tapu Bulu,holofoil,Battle Styles,16,Rare Holo,Ryota Murayama,Basic,787,Pokémon,2021/03/19,"tcgplayer,cardmarket",https://prices.pokemontcg.io/tcgplayer/swsh5-16,https://images.pokemontcg.io/swsh5/16_hires.png,2026/08/08,2026/06/22,0.32,0.029999999329447746,0.3499999940395355,17.360000610351562,,0.41,,,,0.2653,0.0577,0.3345,0.3807,0.23070000112056732,0.3922,0.2999,0.3345,0.3345,0.3807,1.1535,2026-08-09
swsh5-17,Blipbug,normal,Battle Styles,17,Common,Masakazu Fukuda,Basic,824,Pokémon,2021/03/19,"tcgplayer,cardmarket",https://prices.pokemontcg.io/tcgplayer/swsh5-17,https://images.pokemontcg.io/swsh5/17_hires.png,2026/08/08,2026/06/22,0.1,0.009999999776482582,0.15000000596046448,19.979999542236328,,0.18,,,,0.0346,0.0231,0.0346,0.1846,0.023099999874830246,0.0346,0.0346,0.346,0.1961,0.173,1.1535,2026-08-09
swsh5-18,Flapple V,holofoil,Battle Styles,18,Rare Holo V,PLANETA Mochizuki,Basic|V,841,Pokémon,2021/03/19,"tcgplayer,cardmarket",https://prices.pokemontcg.io/tcgplayer/swsh5-18,https://images.pokemontcg.io/swsh5/18_hires.png,2026/08/08,2026/06/22,0.91,0.44999998807907104,1.0,25.829999923706055,,,,,,1.1189,0.1154,1.2227,0.0,1.1303999423980713,1.0728,1.1766,1.4419,2.0994,2.2493,1.1535,2026-08-09
swsh5-19,Flapple VMAX,holofoil,Battle Styles,19,Rare Holo VMAX,PLANETA Tsuji,VMAX,841,Pokémon,2021/03/19,"tcgplayer,cardmarket",https://prices.pokemontcg.io/tcgplayer/swsh5-19,https://images.pokemontcg.io/swsh5/19_hires.png,2026/08/08,2026/06/22,2.29,1.399999976158142,2.5,19.989999771118164,,,,,,2.1801,0.5652,1.8456,0.0,1.4765000343322754,1.9148,2.134,4.4871,5.283,5.8828,1.1535,2026-08-09
swsh5-20,Entei,holofoil,Battle Styles,20,Rare Holo,kodama,Basic,244,Pokémon,2021/03/19,"tcgplayer,cardmarket",https://prices.pokemontcg.io/tcgplayer/swsh5-20,https://images.pokemontcg.io/swsh5/20_hires.png,2026/08/08,2026/06/18,0.48,0.14000000059604645,0.44999998807907104,19.979999542236328,,0.46,,,,0.4729,0.1154,0.5191,0.4729,0.34599998593330383,0.4845,0.4614,0.3691,0.4499,0.5537,1.1535,2026-08-09
swsh5-21,Victini V,holofoil,Battle Styles,21,Rare Holo V,Kagemaru Himeno,Basic|V,494,Pokémon,2021/03/19,"tcgplayer,cardmarket",https://prices.pokemontcg.io/tcgplayer/swsh5-21,https://images.pokemontcg.io/swsh5/21_hires.png,2026/08/08,2026/05/14,0.94,0.699999988079071,1.159999966621399,25.969999313354492,,,,,,1.5111,0.5652,1.6034,0.0,2.595400094985962,1.6149,1.5111,3.4374,2.63,2.7799,1.1535,2026-08-09
swsh5-22,Victini VMAX,holofoil,Battle Styles,22,Rare Holo VMAX,PLANETA Mochizuki,VMAX,494,Pokémon,2021/03/19,"tcgplayer,cardmarket",https://prices.pokemontcg.io/tcgplayer/swsh5-22,https://images.pokemontcg.io/swsh5/22_hires.png,2026/08/08,2026/05/07,3.07,1.0,3.440000057220459,29.450000762939453,,,,,,2.8838,0.5421,2.9184,0.0,3.0797998905181885,2.9068,2.7915,11.3389,9.2857,10.2892,1.1535,2026-08-09
swsh5-23,Tepig,normal,Battle Styles,23,Common,You Iribi,Basic|Single Strike,498,Pokémon,2021/03/19,"tcgplayer,cardmarket",https://prices.pokemontcg.io/tcgplayer/swsh5-23,https://images.pokemontcg.io/swsh5/23_hires.png,2026/08/08,2026/05/07,0.15,0.009999999776482582,0.1899999976158142,19.979999542236328,,0.23,,,,0.0577,0.0231,0.0577,0.2999,0.12690000236034393,0.0461,0.0577,0.1154,0.2192,0.2538,1.1535,2026-08-09
swsh5-24,Pignite,normal,Battle Styles,24,Uncommon,tetsuya koizumi,Stage 1|Single Strike,499,Pokémon,2021/03/19,"tcgplayer,cardmarket",https://prices.pokemontcg.io/tcgplayer/swsh5-24,https://images.pokemontcg.io/swsh5/24_hires.png,2026/08/08,2026/05/07,0.13,0.009999999776482582,0.17000000178813934,19.979999542236328,,0.26,,,,0.0807,0.0231,0.0461,0.2999,0.06920000165700912,0.0577,0.0807,0.173,0.2192,0.2653,1.1535,2026-08-09
swsh5-25,Emboar,holofoil,Battle Styles,25,Rare Holo,Anesaki Dynamic,Stage 2|Single Strike,500,Pokémon,2021/03/19,"tcgplayer,cardmarket",https://prices.pokemontcg.io/tcgplayer/swsh5-25,https://images.pokemontcg.io/swsh5/25_hires.png,2026/08/08,2026/05/07,0.41,0.11999999731779099,0.3700000047683716,30.0,,0.32,,,,0.2768,0.0231,0.346,0.4614,0.5536999702453613,0.3691,0.2653,0.323,0.4383,0.3922,1.1535,2026-08-09
swsh5-26,Heatmor,normal,Battle Styles,26,Uncommon,Miki Tanaka,Basic,631,Pokémon,2021/03/19,"tcgplayer,cardmarket",https://prices.pokemontcg.io/tcgplayer/swsh5-26,https://images.pokemontcg.io/swsh5/26_hires.png,2026/08/08,2026/05/07,0.03,0.009999999776482582,0.15000000596046448,18.1200008392334,,0.27,,,,0.0461,0.0231,0.0577,0.1846,0.10379999876022339,0.0461,0.0692,0.1615,0.173,0.2076,1.1535,2026-08-09
swsh5-27,Salandit,normal,Battle Styles,27,Common,Yuka Morii,Basic,757,Pokémon,2021/03/19,"tcgplayer,cardmarket",https://prices.pokemontcg.io/tcgplayer/swsh5-27,https://images.pokemontcg.io/swsh5/27_hires.png,2026/08/08,2026/03/11,0.2,0.009999999776482582,0.23999999463558197,2.990000009536743,,0.49,,,,0.0692,0.0231,0.0461,0.2538,0.023099999874830246,0.0346,0.0692,0.1154,0.2422,0.2653,1.1535,2026-08-09
swsh5-28,Salazzle,normal,Battle Styles,28,Rare,Shibuzoh.,Stage 1,758,Pokémon,2021/03/19,"tcgplayer,cardmarket",https://prices.pokemontcg.io/tcgplayer/swsh5-28,https://images.pokemontcg.io/swsh5/28_hires.png,2026/08/08,2026/03/11,0.23,0.029999999329447746,0.23999999463558197,2.990000009536743,,0.25,,,,0.0923,0.0231,0.0461,0.1961,0.09229999780654907,0.0577,0.1038,0.346,0.2422,0.2076,1.1535,2026-08-09
swsh5-29,Sizzlipede,normal,Battle Styles,29,Common,Yuka Morii,Basic,850,Pokémon,2021/03/19,"tcgplayer,cardmarket",https://prices.pokemontcg.io/tcgplayer/swsh5-29,https://images.pokemontcg.io/swsh5/29_hires.png,2026/08/08,2026/03/11,0.19,0.03999999910593033,0.23999999463558197,19.979999542236328,,0.55,,,,0.0692,0.0231,0.0807,0.2884,0.03460000082850456,0.0346,0.0577,0.3576,0.3345,0.2884,1.1535,2026-08-09
swsh5-30,Centiskorch,normal,Battle Styles,30,Rare,Souichirou Gunjima,Stage 1,851,Pokémon,2021/03/19,"tcgplayer,cardmarket",https://prices.pokemontcg.io/tcgplayer/swsh5-30,https://images.pokemontcg.io/swsh5/30_hires.png,2026/08/08,2026/03/11,0.25,0.009999999776482582,0.25,2.990000009536743,,0.3,,,,0.0923,0.0231,0.0692,0.2192,0.05770000070333481,0.0692,0.0923,0.1154,0.2076,0.2422,1.1535,2026-08-09
swsh5-31,Horsea,normal,Battle Styles,31,Common,Anesaki Dynamic,Basic,116,Pokémon,2021/03/19,"tcgplayer,cardmarket",https://prices.pokemontcg.io/tcgplayer/swsh5-31,https://images.pokemontcg.io/swsh5/31_hires.png,2026/08/08,2026/03/11,0.19,0.009999999776482582,0.1899999976158142,15.0,,0.28,,,,0.0461,0.0231,0.0577,0.2076,0.03460000082850456,0.0577,0.0461,0.2538,0.2192,0.2192,1.1535,2026-08-09
swsh5-32,Seadra,normal,Battle Styles,32,Uncommon,0313,Stage 1,117,Pokémon,2021/03/19,"tcgplayer,cardmarket",https://prices.pokemontcg.io/tcgplayer/swsh5-32,https://images.pokemontcg.io/swsh5/32_hires.png,2026/08/08,2026/03/11,0.14,0.009999999776482582,0.17000000178813934,2.990000009536743,,0.25,,,,0.0577,0.0231,0.0461,0.2538,0.05770000070333481,0.0461,0.0461,0.1615,0.2307,0.2653,1.1535,2026-08-09
swsh5-33,Kingdra,holofoil,Battle Styles,33,Rare Holo,kawayoo,Stage 2,230,Pokémon,2021/03/19,"tcgplayer,cardmarket",https://prices.pokemontcg.io/tcgplayer/swsh5-33,https://images.pokemontcg.io/swsh5/33_hires.png,2026/08/08,2026/03/11,0.4,0.10000000149011612,0.38999998569488525,18.5,,0.36,,,,0.3922,0.0577,0.3691,0.5306,0.57669997215271,0.4037,0.3922,0.4037,0.2999,0.4268,1.1535,2026-08-09
swsh5-34,Galarian Mr. Mime,normal,Battle Styles,34,Common,kodama,Basic,122,Pokémon,2021/03/19,"tcgplayer,cardmarket",https://prices.pokemontcg.io/tcgplayer/swsh5-34,https://images.pokemontcg.io/swsh5/34_hires.png,2026/08/08,2026/03/11,0.17,0.009999999776482582,0.18000000715255737,19.979999542236328,,0.26,,,,0.0461,0.0231,0.0461,0.1961,0.03460000082850456,0.0461,0.0461,0.4499,0.2076,0.2076,1.1535,2026-08-09
swsh5-35,Galarian Mr. Rime,normal,Battle Styles,35,Rare,HYOGONOSUKE,Stage 1,866,Pokémon,2021/03/19,"tcgplayer,cardmarket",https://prices.pokemontcg.io/tcgplayer/swsh5-35,https://images.pokemontcg.io/swsh5/35_hires.png,2026/08/08,2026/03/11,0.26,0.05999999865889549,0.25999999046325684,19.979999542236328,,0.31,,,,0.1615,0.0231,0.1615,0.4153,0.09229999780654907,0.1269,0.1615,0.2307,0.496,0.4153,1.1535,2026-08-09
swsh5-36,Remoraid,normal,Battle Styles,36,Common,HYOGONOSUKE,Basic|Rapid Strike,223,Pokémon,2021/03/19,"tcgplayer,cardmarket",https://prices.pokemontcg.io/tcgplayer/swsh5-36,https://images.pokemontcg.io/swsh5/36_hires.png,2026/08/08,2026/02/22,0.15,0.009999999776482582,0.18000000715255737,19.860000610351562,,0.31,,,,0.0577,0.0231,0.0807,0.2538,0.05770000070333481,0.0461,0.0461,0.173,0.1846,0.2307,1.1535,2026-08-09
swsh5-37,Octillery,holofoil,Battle Styles,37,Rare Holo,Souichirou Gunjima,Stage 1|Rapid Strike,224,Pokémon,2021/03/19,"tcgplayer,cardmarket",https://prices.pokemontcg.io/tcgplayer/swsh5-37,https://images.pokemontcg.io/swsh5/37_hires.png,2026/08/08,2026/02/22,0.28,0.029999999329447746,0.30000001192092896,19.979999542236328,,0.27,,,,1.0958,0.2307,1.1766,0.0,1.153499960899353,1.0958,1.0843,0.0,0.0,0.0,1.1535,2026-08-09
swsh5-38,Corphish,normal,Battle Styles,38,Common,chibi,Basic,341,Pokémon,2021/03/19,"tcgplayer,cardmarket",https://prices.pokemontcg.io/tcgplayer/swsh5-38,https://images.pokemontcg.io/swsh5/38_hires.png,2026/08/08,2026/02/22,0.08,0.009999999776482582,0.15000000596046448,19.979999542236328,,0.23,,,,0.0346,0.0231,0.0577,0.1384,0.05770000070333481,0.0577,0.0346,0.346,0.2076,0.1961,1.1535,2026-08-09
swsh5-39,Crawdaunt,normal,Battle Styles,39,Uncommon,Hasegawa Saki,Stage 1,342,Pokémon,2021/03/19,"tcgplayer,cardmarket",https://prices.pokemontcg.io/tcgplayer/swsh5-39,https://images.pokemontcg.io/swsh5/39_hires.png,2026/08/08,2026/02/22,0.08,0.009999999776482582,0.15000000596046448,18.1200008392334,,0.17,,,,0.0346,0.0231,0.0231,0.1961,0.05770000070333481,0.0692,0.0577,0.0577,0.1846,0.173,1.1535,2026-08-09
swsh5-40,Empoleon V,holofoil,Battle Styles,40,Rare Holo V,Ayaka Yoshida,Basic|V|Rapid Strike,395,Pokémon,2021/03/19,"tcgplayer,cardmarket",https://prices.pokemontcg.io/tcgplayer/swsh5-40,https://images.pokemontcg.io/swsh5/40_hires.png,2026/08/08,2026/02/22,0.9,0.49000000953674316,1.0,19.989999771118164,,,,,,1.3611,0.346,1.5342,0.0,1.8687000274658203,1.4995,1.3957,2.7684,3.0568,3.0337,1.1535,2026-08-09
swsh5-41,Frillish,normal,Battle Styles,41,Common,miki kudo,Basic,592,Pokémon,2021/03/19,"tcgplayer,cardmarket",https://prices.pokemontcg.io/tcgplayer/swsh5-41,https://images.pokemontcg.io/swsh5/41_hires.png,2026/08/08,2026/02/22,0.14,0.009999999776482582,0.18000000715255737,19.15999984741211,,0.28,,,,0.0461,0.0231,0.0923,0.173,0.05770000070333481,0.0692,0.0577,0.1154,0.2192,0.2307,1.1535,2026-08-09
swsh5-42,Jellicent,normal,Battle Styles,42,Rare,Tomokazu Komiya,Stage 1,593,Pokémon,2021/03/19,"tcgplayer,cardmarket",https://prices.pokemontcg.io/tcgplayer/swsh5-42,https://images.pokemontcg.io/swsh5/42_hires.png,2026/08/08,2026/02/22,0.34,0.09000000357627869,0.3400000035762787,19.979999542236328,,0.49,,,,0.1961,0.0231,0.2999,0.4153,0.04610000178217888,0.3576,0.2307,0.0577,0.5421,0.4268,1.1535,2026-08-09
swsh5-43,Bruxish,normal,Battle Styles,43,Uncommon,Misa Tsutsui,Basic,779,Pokémon,2021/03/19,"tcgplayer,cardmarket",https://prices.pokemontcg.io/tcgplayer/swsh5-43,https://images.pokemontcg.io/swsh5/43_hires.png,2026/08/08,2026/02/22,0.1,0.009999999776482582,0.15000000596046448,2.990000009536743,,0.2,,,,0.0346,0.0231,0.0461,0.15,0.05770000070333481,0.0346,0.0461,0.0577,0.15,0.2076,1.1535,2026-08-09
swsh5-44,Electabuzz,normal,Battle Styles,44,Common,Hasuno,Basic,125,Pokémon,2021/03/19,"tcgplayer,cardmarket",https://prices.pokemontcg.io/tcgplayer/swsh5-44,https://images.pokemontcg.io/swsh5/44_hires.png,2026/08/08,2026/02/22,0.13,0.009999999776482582,0.15000000596046448,19.979999542236328,,0.26,,,,0.0346,0.0231,0.0346,0.2076,0.05770000070333481,0.0461,0.0346,0.1615,0.2422,0.2076,1.1535,2026-08-09
swsh5-45,Electivire,normal,Battle Styles,45,Rare,Megumi Higuchi,Stage 1,466,Pokémon,2021/03/19,"tcgplayer,cardmarket",https://prices.pokemontcg.io/tcgplayer/swsh5-45,https://images.pokemontcg.io/swsh5/45_hires.png,2026/08/08,2026/02/22,0.21,0.019999999552965164,0.20999999344348907,4.0,,0.29,,,,0.0692,0.0231,0.1154,0.2192,0.34599998593330383,0.1154,0.1038,1.1535,0.2768,0.2999,1.1535,2026-08-09
swsh5-46,Shinx,normal,Battle Styles,46,Common,sowsow,Basic|Rapid Strike,403,Pokémon,2021/03/19,"tcgplayer,cardmarket",https://prices.pokemontcg.io/tcgplayer/swsh5-46,https://images.pokemontcg.io/swsh5/46_hires.png,2026/08/08,2026/02/22,0.18,0.019999999552965164,0.1899999976158142,19.979999542236328,,0.38,,,,0.1269,0.0231,0.0577,0.2884,0.04610000178217888,0.1384,0.1269,0.0577,0.2653,0.2768,1.1535,2026-08-09
swsh5-47,Luxio,normal,Battle Styles,47,Uncommon,Megumi Higuchi,Stage 1|Rapid Strike,404,Pokémon,2021/03/19,"tcgplayer,cardmarket",https://prices.pokemontcg.io/tcgplayer/swsh5-47,https://images.pokemontcg.io/swsh5/47_hires.png,2026/08/08,2026/02/22,0.16,0.019999999552965164,0.17000000178813934,19.979999542236328,,0.26,,,,0.0577,0.0231,0.0807,0.2192,0.05770000070333481,0.1154,0.0692,0.1615,0.323,0.2538,1.1535,2026-08-09
swsh5-48,Luxray,holofoil,Battle Styles,48,Rare Holo,Kazuma Koda,Stage 2|Rapid Strike,405,Pokémon,2021/03/19,"tcgplayer,cardmarket",https://prices.pokemontcg.io/tcgplayer/swsh5-48,https://images.pokemontcg.io/swsh5/48_hires.png,2026/08/08,2026/02/19,0.44,0.07999999821186066,0.4399999976158142,19.979999542236328,,0.4,,,,0.2999,0.0577,0.3345,0.4037,0.34599998593330383,0.3576,0.3345,0.2307,0.5652,0.4614,1.1535,2026-08-09
swsh5-49,Pachirisu,normal,Battle Styles,49,Common,Naoyo Kimura,Basic,417,Pokémon,2021/03/19,"tcgplayer,cardmarket",https://prices.pokemontcg.io/tcgplayer/swsh5-49,https://images.pokemontcg.io/swsh5/49_hires.png,2026/08/08,2026/02/19,0.14,0.009999999776482582,0.1599999964237213,19.979999542236328,,0.23,,,,0.0346,0.0231,0.0577,0.1846,0.05770000070333481,0.0692,0.0461,0.1846,0.2999,0.2538,1.1535,2026-08-09
swsh5-50,Tapu Koko V,holofoil,Battle Styles,50,Rare Holo V,AKIRA EGAWA,Basic|V,785,Pokémon,2021/03/19,"tcgplayer,cardmarket",https://prices.pokemontcg.io/tcgplayer/swsh5-50,https://images.pokemontcg.io/swsh5/50_hires.png,2026/08/08,2026/02/19,0.82,0.4000000059604645,0.9900000095367432,19.579999923706055,,,,,,1.1881,0.5652,1.165,0.0,1.2689000368118286,1.2342,1.165,1.4419,2.3531,2.63,1.1535,2026-08-09
swsh5-51,Tapu Koko VMAX,holofoil,Battle Styles,51,Rare Holo VMAX,PLANETA Tsuji,VMAX,785,Pokémon,2021/03/19,"tcgplayer,cardmarket",https://prices.pokemontcg.io/tcgplayer/swsh5-51,https://images.pokemontcg.io/swsh5/51_hires.png,2026/08/08,2026/02/19,1.81,0.5,2.0,16.290000915527344,,,,,,1.9609,0.6806,2.0302,0.0,3.4489998817443848,2.0302,1.9379,4.9947,5.9175,6.2404,1.1535,2026-08-09
swsh5-52,Yamper,normal,Battle Styles,52,Common,sui,Basic,835,Pokémon,2021/03/19,"tcgplayer,cardmarket",https://prices.pokemontcg.io/tcgplayer/swsh5-52,https://images.pokemontcg.io/swsh5/52_hires.png,2026/08/08,2026/02/19,0.15,0.009999999776482582,0.1599999964237213,19.979999542236328,,0.3,,,,0.0461,0.0231,0.0577,0.2422,0.12690000236034393,0.0923,0.0577,0.2653,0.2999,0.2884,1.1535,2026-08-09
swsh5-53,Boltund,normal,Battle Styles,53,Rare,chibi,Stage 1,836,Pokémon,2021/03/19,"tcgplayer,cardmarket",https://prices.pokemontcg.io/tcgplayer/swsh5-53,https://images.pokemontcg.io/swsh5/53_hires.png,2026/08/08,2026/02/19,0.22,0.029999999329447746,0.20999999344348907,18.6200008392334,,0.34,,,,0.1384,0.0231,0.2538,0.2653,0.023099999874830246,0.2422,0.15,0.3576,0.346,0.2653,1.1535,2026-08-09
swsh5-54,Galarian Slowpoke,normal,Battle Styles,54,Common,Ryota Murayama,Basic,79,Pokémon,2021/03/19,"tcgplayer,cardmarket",https://prices.pokemontcg.io/tcgplayer/swsh5-54,https://images.pokemontcg.io/swsh5/54_hires.png,2026/08/08,2026/02/19,0.22,0.009999999776482582,0.23000000417232513,19.559999465942383,,0.39,,,,0.0461,0.0231,0.0692,0.2307,0.05770000070333481,0.0807,0.0577,0.1154,0.2422,0.2884,1.1535,2026-08-09
swsh5-55,Spoink,normal,Battle Styles,55,Common,kawayoo,Basic,325,Pokémon,2021/03/19,"tcgplayer,cardmarket",https://prices.pokemontcg.io/tcgplayer/swsh5-55,https://images.pokemontcg.io/swsh5/55_hires.png,2026/08/08,2026/02/19,0.14,0.019999999552965164,0.1599999964237213,19.979999542236328,,0.26,,,,0.0461,0.0231,0.0461,0.2076,0.04610000178217888,0.0461,0.0461,0.0923,0.1961,0.1961,1.1535,2026-08-09
swsh5-56,Grumpig,normal,Battle Styles,56,Uncommon,Tomokazu Komiya,Stage 1,326,Pokémon,2021/03/19,"tcgplayer,cardmarket",https://prices.pokemontcg.io/tcgplayer/swsh5-56,https://images.pokemontcg.io/swsh5/56_hires.png,2026/08/08,2026/02/19,0.15,0.019999999552965164,0.20000000298023224,19.979999542236328,,0.34,,,,0.0807,0.0231,0.0231,0.2999,0.04610000178217888,0.0692,0.0923,0.346,0.3691,0.2999,1.1535,2026-08-09
swsh5-57,Baltoy,normal,Battle Styles,57,Common,sui,Basic,343,Pokémon,2021/03/19,"tcgplayer,cardmarket",https://prices.pokemontcg.io/tcgplayer/swsh5-57,https://images.pokemontcg.io/swsh5/57_hires.png,2026/08/08,2026/02/19,0.11,0.009999999776482582,0.15000000596046448,19.979999542236328,,0.18,,,,0.0231,0.0231,0.0346,0.1384,0.03460000082850456,0.0346,0.0346,0.1269,0.15,0.2422,1.1535,2026-08-09
swsh5-58,Claydol,normal,Battle Styles,58,Rare,Shibuzoh.,Stage 1,344,Pokémon,2021/03/19,"tcgplayer,cardmarket",https://prices.pokemontcg.io/tcgplayer/swsh5-58,https://images.pokemontcg.io/swsh5/58_hires.png,2026/08/08,2026/02/01,0.22,0.009999999776482582,0.2199999988079071,16.360000610351562,,0.28,,,,0.1154,0.0231,0.1615,0.2999,0.17299999296665192,0.1269,0.1038,0.2884,0.2076,0.2653,1.1535,2026-08-09
swsh5-59,Chimecho,normal,Battle Styles,59,Common,Shibuzoh.,Basic,358,Pokémon,2021/03/19,"tcgplayer,cardmarket",https://prices.pokemontcg.io/tcgplayer/swsh5-59,https://images.pokemontcg.io/swsh5/59_hires.png,2026/08/08,2026/02/01,0.15,0.009999999776482582,0.1899999976158142,19.979999542236328,,0.26,,,,0.0692,0.0231,0.0577,0.2653,0.023099999874830246,0.0346,0.0461,0.2884,0.2076,0.2307,1.1535,2026-08-09
swsh5-60,Espurr,normal,Battle Styles,60,Common,Saya Tsuruta,Basic,677,Pokémon,2021/03/19,"tcgplayer,cardmarket",https://prices.pokemontcg.io/tcgplayer/swsh5-60,https://images.pokemontcg.io/swsh5/60_hires.png,2026/08/08,2026/02/01,0.23,0.03999999910593033,0.23999999463558197,19.979999542236328,,0.38,,,,0.0692,0.0231,0.0461,0.2422,0.03460000082850456,0.0577,0.0461,0.173,0.15,0.1961,1.1535,2026-08-09
swsh5-61,Meowstic,holofoil,Battle Styles,61,Rare Holo,Yuu Nishida,Stage 1,678,Pokémon,2021/03/19,"tcgplayer,cardmarket",https://prices.pokemontcg.io/tcgplayer/swsh5-61,https://images.pokemontcg.io/swsh5/61_hires.png,2026/08/08,2026/02/01,0.48,0.10000000149011612,0.44999998807907104,17.8799991607666,,0.48,,,,0.3807,0.0577,0.2076,0.5537,0.3921999931335449,0.2884,0.3922,0.173,0.3691,0.4383,1.1535,2026-08-09
swsh5-62,Mimikyu V,holofoil,Battle Styles,62,Rare Holo V,Eske Yoshinob,Basic|V,778,Pokémon,2021/03/19,"tcgplayer,cardmarket",https://prices.pokemontcg.io/tcgplayer/swsh5-62,https://images.pokemontcg.io/swsh5/62_hires.png,2026/08/08,2026/02/01,2.64,1.0499999523162842,2.940000057220459,10.0,,,,,,1.5572,0.5075,1.5457,0.0,1.153499960899353,1.4534,1.5572,2.134,3.2529,3.4836,1.1535,2026-08-09
swsh5-63,Necrozma V,holofoil,Battle Styles,63,Rare Holo V,PLANETA Tsuji,Basic|V,800,Pokémon,2021/03/19,"tcgplayer,cardmarket",https://prices.pokemontcg.io/tcgplayer/swsh5-63,https://images.pokemontcg.io/swsh5/63_hires.png,2026/08/08,2026/02/01,1.53,0.5,1.5,26.540000915527344,,,,,,1.4073,0.6921,1.3496,0.0,0.9228000044822693,1.315,1.3727,1.7302,2.2955,2.653,1.1535,2026-08-09
swsh5-64,Dottler,normal,Battle Styles,64,Uncommon,Midori Harada,Stage 1,825,Pokémon,2021/03/19,"tcgplayer,cardmarket",https://prices.pokemontcg.io/tcgplayer/swsh5-64,https://images.pokemontcg.io/swsh5/64_hires.png,2026/08/08,2026/01/19,0.11,0.009999999776482582,0.15000000596046448,19.979999542236328,,0.19,,,,0.0461,0.0231,0.0692,0.15,0.05770000070333481,0.0346,0.0346,0.1615,0.1384,0.1846,1.1535,2026-08-09
swsh5-65,Orbeetle,holofoil,Battle Styles,65,Rare Holo,Mizue,Stage 2,826,Pokémon,2021/03/19,"tcgplayer,cardmarket",https://prices.pokemontcg.io/tcgplayer/swsh5-65,https://images.pokemontcg.io/swsh5/65_hires.png,2026/08/08,2026/01/19,0.25,0.05999999865889549,0.25,16.540000915527344,,0.25,,,,0.2884,0.0231,0.3114,0.2999,0.11540000140666962,0.2538,0.2884,0.173,0.4268,0.3345,1.1535,2026-08-09
swsh5-66,Mankey,normal,Battle Styles,66,Common,Ryuta Fuse,Basic|Single Strike,56,Pokémon,2021/03/19,"tcgplayer,cardmarket",https://prices.pokemontcg.io/tcgplayer/swsh5-66,https://images.pokemontcg.io/swsh5/66_hires.png,2026/08/08,2026/01/19,0.12,0.009999999776482582,0.15000000596046448,19.979999542236328,,0.25,,,,0.0346,0.0231,0.0346,0.3345,0.04610000178217888,0.0461,0.0346,0.0346,0.2076,0.1961,1.1535,2026-08-09
swsh5-67,Primeape,normal,Battle Styles,67,Rare,Kouki Saitou,Stage 1|Single Strike,57,Pokémon,2021/03/19,"tcgplayer,cardmarket",https://prices.pokemontcg.io/tcgplayer/swsh5-67,https://images.pokemontcg.io/swsh5/67_hires.png,2026/08/08,2026/01/19,0.19,0.03999999910593033,0.20000000298023224,19.979999542236328,,0.26,,,,0.1038,0.0231,0.1154,0.2422,0.05770000070333481,0.1038,0.1038,0.2422,0.2307,0.323,1.1535,2026-08-09
swsh5-68,Onix,normal,Battle Styles,68,Common,Naoyo Kimura,Basic,95,Pokémon,2021/03/19,"tcgplayer,cardmarket",https://prices.pokemontcg.io/tcgplayer/swsh5-68,https://images.pokemontcg.io/swsh5/68_hires.png,2026/08/08,2026/01/19,0.13,0.009999999776482582,0.15000000596046448,18.65999984741211,,0.28,,,,0.0577,0.0231,0.0346,0.2653,0.04610000178217888,0.0346,0.0461,0.1154,0.2192,0.2307,1.1535,2026-08-09
swsh5-69,Cubone,normal,Battle Styles,69,Common,You Iribi,Basic,104,Pokémon,2021/03/19,"tcgplayer,cardmarket",https://prices.pokemontcg.io/tcgplayer/swsh5-69,https://images.pokemontcg.io/swsh5/69_hires.png,2026/08/08,2026/01/19,0.26,0.009999999776482582,0.25,2.990000009536743,,0.42,,,,0.0807,0.0231,0.0807,0.4153,0.04610000178217888,0.0461,0.0923,0.1154,0.3576,0.3345,1.1535,2026-08-09
swsh5-70,Marowak,normal,Battle Styles,70,Rare,Narumi Sato,Stage 1,105,Pokémon,2021/03/19,"tcgplayer,cardmarket",https://prices.pokemontcg.io/tcgplayer/swsh5-70,https://images.pokemontcg.io/swsh5/70_hires.png,2026/08/08,2026/01/19,0.21,0.05000000074505806,0.23000000417232513,19.979999542236328,,0.33,,,,0.1154,0.0231,0.1269,0.3114,0.10379999876022339,0.1384,0.15,0.2884,0.3114,0.3114,1.1535,2026-08-09
swsh5-71,Gligar,normal,Battle Styles,71,Common,Naoyo Kimura,Basic,207,Pokémon,2021/03/19,"tcgplayer,cardmarket",https://prices.pokemontcg.io/tcgplayer/swsh5-71,https://images.pokemontcg.io/swsh5/71_hires.png,2026/08/08,2026/01/19,0.1,0.009999999776482582,0.15000000596046448,19.979999542236328,,0.23,,,,0.0346,0.0231,0.0577,0.1961,0.05770000070333481,0.0461,0.0346,0.173,0.2422,0.2076,1.1535,2026-08-09
swsh5-72,Gliscor,normal,Battle Styles,72,Uncommon,ryoma uratsuka,Stage 1,472,Pokémon,2021/03/19,"tcgplayer,cardmarket",https://prices.pokemontcg.io/tcgplayer/swsh5-72,https://images.pokemontcg.io/swsh5/72_hires.png,2026/08/08,2026/01/19,0.12,0.009999999776482582,0.15000000596046448,19.979999542236328,,0.22,,,,0.0461,0.0231,0.0346,0.2422,0.05770000070333481,0.0461,0.0461,0.1154,0.2192,0.1961,1.1535,2026-08-09
swsh5-73,Timburr,normal,Battle Styles,73,Common,Mina Nakai,Basic,532,Pokémon,2021/03/19,"tcgplayer,cardmarket",https://prices.pokemontcg.io/tcgplayer/swsh5-73,https://images.pokemontcg.io/swsh5/73_hires.png,2026/08/08,2026/01/19,0.09,0.009999999776482582,0.15000000596046448,2.990000009536743,,0.22,,,,0.0346,0.0231,0.0346,0.2076,0.04610000178217888,0.0461,0.0346,0.2076,0.2768,0.173,1.1535,2026-08-09
swsh5-74,Gurdurr,normal,Battle Styles,74,Uncommon,Uta,Stage 1,533,Pokémon,2021/03/19,"tcgplayer,cardmarket",https://prices.pokemontcg.io/tcgplayer/swsh5-74,https://images.pokemontcg.io/swsh5/74_hires.png,2026/08/08,2026/01/19,0.12,0.009999999776482582,0.15000000596046448,19.979999542236328,,0.23,,,,0.0577,0.0231,0.0923,0.2076,0.05770000070333481,0.0923,0.0577,0.0461,0.2999,0.1846,1.1535,2026-08-09
swsh5-75,Conkeldurr,normal,Battle Styles,75,Rare,Miki Tanaka,Stage 2,534,Pokémon,2021/03/19,"tcgplayer,cardmarket",https://prices.pokemontcg.io/tcgplayer/swsh5-75,https://images.pokemontcg.io/swsh5/75_hires.png,2026/08/08,2026/01/19,0.19,0.009999999776482582,0.23999999463558197,2.990000009536743,,0.28,,,,0.1038,0.0231,0.0923,0.2538,0.05770000070333481,0.0923,0.0923,0.173,0.2768,0.2999,1.1535,2026-08-09
swsh5-76,Mienfoo,normal,Battle Styles,76,Common,NC Empire,Basic|Rapid Strike,619,Pokémon,2021/03/19,"tcgplayer,cardmarket",https://prices.pokemontcg.io/tcgplayer/swsh5-76,https://images.pokemontcg.io/swsh5/76_hires.png,2026/08/08,2026/01/19,0.03,0.009999999776482582,0.15000000596046448,19.979999542236328,,0.18,,,,0.0346,0.0231,0.0577,0.173,0.04610000178217888,0.0461,0.0346,0.1038,0.1615,0.173,1.1535,2026-08-09
swsh5-77,Mienshao,normal,Battle Styles,77,Rare,Taira Akitsu,Stage 1|Rapid Strike,620,Pokémon,2021/03/19,"tcgplayer,cardmarket",https://prices.pokemontcg.io/tcgplayer/swsh5-77,https://images.pokemontcg.io/swsh5/77_hires.png,2026/08/08,2026/01/19,0.16,0.019999999552965164,0.20000000298023224,18.559999465942383,,0.28,,,,0.1269,0.0231,0.1384,0.2538,0.05770000070333481,0.0923,0.1154,0.346,0.2307,0.2884,1.1535,2026-08-09
swsh5-78,Rolycoly,normal,Battle Styles,78,Common,SATOSHI NAKAI,Basic,837,Pokémon,2021/03/19,"tcgplayer,cardmarket",https://prices.pokemontcg.io/tcgplayer/swsh5-78,https://images.pokemontcg.io/swsh5/78_hires.png,2026/08/08,2026/01/19,0.15,0.009999999776482582,0.15000000596046448,19.979999542236328,,0.2,,,,0.0346,0.0231,0.0346,0.2192,0.04610000178217888,0.0461,0.0461,0.0346,0.2307,0.1846,1.1535,2026-08-09
swsh5-79,Carkol,normal,Battle Styles,79,Uncommon,Uta,Stage 1,838,Pokémon,2021/03/19,"tcgplayer,cardmarket",https://prices.pokemontcg.io/tcgplayer/swsh5-79,https://images.pokemontcg.io/swsh5/79_hires.png,2026/08/08,2026/01/19,0.09,0.009999999776482582,0.15000000596046448,2.990000009536743,,0.22,,,,0.0692,0.0231,0.0807,0.2538,0.05770000070333481,0.0923,0.0692,0.173,0.2307,0.2192,1.1535,2026-08-09
swsh5-80,Coalossal,holofoil,Battle Styles,80,Rare Holo,AKIRA EGAWA,Stage 2,839,Pokémon,2021/03/19,"tcgplayer,cardmarket",https://prices.pokemontcg.io/tcgplayer/swsh5-80,https://images.pokemontcg.io/swsh5/80_hires.png,2026/08/08,2026/01/19,0.35,0.10000000149011612,0.33000001311302185,2.25,,0.28,,,,0.3114,0.0346,0.323,0.4614,0.8996999859809875,0.3807,0.3807,0.1154,0.4499,0.4037,1.1535,2026-08-09
swsh5-81,Silicobra,normal,Battle Styles,81,Common,Atsuko Nishida,Basic,843,Pokémon,2021/03/19,"tcgplayer,cardmarket",https://prices.pokemontcg.io/tcgplayer/swsh5-81,https://images.pokemontcg.io/swsh5/81_hires.png,2026/08/08,2026/01/19,0.13,0.009999999776482582,0.15000000596046448,19.239999771118164,,0.19,,,,0.0461,0.0231,0.0461,0.1846,0.05770000070333481,0.0346,0.0346,0.1154,0.2653,0.1846,1.1535,2026-08-09
swsh5-82,Sandaconda,holofoil,Battle Styles,82,Rare Holo,hatachu,Stage 1,844,Pokémon,2021/03/19,"tcgplayer,cardmarket",https://prices.pokemontcg.io/tcgplayer/swsh5-82,https://images.pokemontcg.io/swsh5/82_hires.png,2026/08/08,2026/01/19,0.24,0.03999999910593033,0.25,18.299999237060547,,0.19,,,,0.1154,34.605,11.5927,0.0,0.11540000140666962,10.543,10.6353,0.0,0.0,0.0,1.1535,2026-08-09
swsh5-83,Falinks,normal,Battle Styles,83,Rare,Hasuno,Basic|Rapid Strike,870,Pokémon,2021/03/19,"tcgplayer,cardmarket",https://prices.pokemontcg.io/tcgplayer/swsh5-83,https://images.pokemontcg.io/swsh5/83_hires.png,2026/08/08,2026/01/19,0.15,0.05000000074505806,0.20000000298023224,25.0,,0.23,,,,0.1384,0.0231,0.1384,0.1846,0.23070000112056732,0.15,0.1384,0.173,0.173,0.2538,1.1535,2026-08-09
swsh5-84,Stonjourner,normal,Battle Styles,84,Rare,Masakazu Fukuda,Basic|Single Strike,874,Pokémon,2021/03/19,"tcgplayer,cardmarket",https://prices.pokemontcg.io/tcgplayer/swsh5-84,https://images.pokemontcg.io/swsh5/84_hires.png,2026/08/08,2026/01/19,0.18,0.029999999329447746,0.20000000298023224,19.979999542236328,,0.23,,,,0.0923,0.0231,0.1154,0.2538,0.05770000070333481,0.1154,0.1038,0.4499,0.2999,0.2653,1.1535,2026-08-09
swsh5-85,Single Strike Urshifu V,holofoil,Battle Styles,85,Rare Holo V,PLANETA Mochizuki,Basic|V|Single Strike,892,Pokémon,2021/03/19,"tcgplayer,cardmarket",https://prices.pokemontcg.io/tcgplayer/swsh5-85,https://images.pokemontcg.io/swsh5/85_hires.png,2026/08/08,2026/01/19,0.73,0.38999998569488525,0.9900000095367432,30.0,,,,,,0.8421,0.1384,1.0497,0.0,0.9689000248908997,0.9574,0.9228,3.1491,3.5182,3.945,1.1535,2026-08-09
swsh5-86,Single Strike Urshifu VMAX,holofoil,Battle Styles,86,Rare Holo VMAX,PLANETA Tsuji,VMAX|Single Strike,892,Pokémon,2021/03/19,"tcgplayer,cardmarket",https://prices.pokemontcg.io/tcgplayer/swsh5-86,https://images.pokemontcg.io/swsh5/86_hires.png,2026/08/08,2026/01/19,1.56,0.9900000095367432,1.899999976158142,19.989999771118164,,,,,,1.9033,0.5767,1.9148,0.0,2.249300003051758,1.8687,1.8917,11.4658,12.2271,12.4117,1.1535,2026-08-09
swsh5-87,Rapid Strike Urshifu V,holofoil,Battle Styles,87,Rare Holo V,PLANETA Mochizuki,Basic|V|Rapid Strike,892,Pokémon,2021/03/19,"tcgplayer,cardmarket",https://prices.pokemontcg.io/tcgplayer/swsh5-87,https://images.pokemontcg.io/swsh5/87_hires.png,2026/08/08,2026/01/19,0.73,0.20000000298023224,0.9399999976158142,2475.0,,,,,,0.9343,0.2884,1.0151,0.0,0.853600025177002,0.8997,0.9459,3.4259,3.0683,4.0026,1.1535,2026-08-09
swsh5-88,Rapid Strike Urshifu VMAX,holofoil,Battle Styles,88,Rare Holo VMAX,PLANETA Tsuji,VMAX|Rapid Strike,892,Pokémon,2021/03/19,"tcgplayer,cardmarket",https://prices.pokemontcg.io/tcgplayer/swsh5-88,https://images.pokemontcg.io/swsh5/88_hires.png,2026/08/08,2026/01/19,1.62,0.75,1.75,26.0,,,,,,1.5457,0.8074,1.5688,0.0,1.3610999584197998,1.5342,1.5342,15.8837,15.2147,16.5989,1.1535,2026-08-09
swsh5-89,Zubat,normal,Battle Styles,89,Common,Asako Ito,Basic,41,Pokémon,2021/03/19,"tcgplayer,cardmarket",https://prices.pokemontcg.io/tcgplayer/swsh5-89,https://images.pokemontcg.io/swsh5/89_hires.png,2026/08/08,2026/01/16,0.22,0.03999999910593033,0.25,35.0,,0.6,,,,0.0577,0.0231,0.0692,0.2768,0.04610000178217888,0.0692,0.0577,0.323,0.2999,0.2653,1.1535,2026-08-09
swsh5-90,Golbat,normal,Battle Styles,90,Uncommon,sui,Stage 1,42,Pokémon,2021/03/19,"tcgplayer,cardmarket",https://prices.pokemontcg.io/tcgplayer/swsh5-90,https://images.pokemontcg.io/swsh5/90_hires.png,2026/08/08,2026/01/16,0.16,0.019999999552965164,0.18000000715255737,19.979999542236328,,0.24,,,,0.0577,0.0231,0.0577,0.2653,0.04610000178217888,0.0577,0.0461,0.5767,0.2422,0.2884,1.1535,2026-08-09
swsh5-91,Crobat,holofoil,Battle Styles,91,Rare Holo,SATOSHI NAKAI,Stage 2,169,Pokémon,2021/03/19,"tcgplayer,cardmarket",https://prices.pokemontcg.io/tcgplayer/swsh5-91,https://images.pokemontcg.io/swsh5/91_hires.png,2026/08/08,2026/01/16,0.38,0.07999999821186066,0.3799999952316284,19.979999542236328,,0.47,,,,0.3691,0.0231,0.3807,0.5537,0.15000000596046448,0.3807,0.3807,0.5767,0.3922,0.5998,1.1535,2026-08-09
swsh5-92,Galarian Slowbro,normal,Battle Styles,92,Rare,Mitsuhiro Arita,Stage 1,80,Pokémon,2021/03/19,"tcgplayer,cardmarket",https://prices.pokemontcg.io/tcgplayer/swsh5-92,https://images.pokemontcg.io/swsh5/92_hires.png,2026/08/08,2026/01/16,0.28,0.05000000074505806,0.27000001072883606,19.979999542236328,,0.71,,,,0.2076,0.0231,0.2884,0.6229,0.1615000069141388,0.2422,0.2076,0.346,0.4037,0.5652,1.1535,2026-08-09
swsh5-93,Murkrow,normal,Battle Styles,93,Common,Aya Kusube,Basic,198,Pokémon,2021/03/19,"tcgplayer,cardmarket",https://prices.pokemontcg.io/tcgplayer/swsh5-93,https://images.pokemontcg.io/swsh5/93_hires.png,2026/08/08,2026/01/16,0.13,0.009999999776482582,0.1599999964237213,19.979999542236328,,0.25,,,,0.0577,0.0231,0.0692,0.173,0.023099999874830246,0.0577,0.0577,0.1154,0.1615,0.1846,1.1535,2026-08-09
swsh5-94,Honchkrow,normal,Battle Styles,94,Uncommon,Miki Tanaka,Stage 1,430,Pokémon,2021/03/19,"tcgplayer,cardmarket",https://prices.pokemontcg.io/tcgplayer/swsh5-94,https://images.pokemontcg.io/swsh5/94_hires.png,2026/08/08,2026/01/16,0.13,0.019999999552965164,0.15000000596046448,19.979999542236328,,0.24,,,,0.0461,0.0231,0.0461,0.2192,0.023099999874830246,0.0346,0.0346,0.1154,0.2307,0.2422,1.1535,2026-08-09
swsh5-95,Houndour,normal,Battle Styles,95,Common,Sanosuke Sakuma,Basic|Single Strike,228,Pokémon,2021/03/19,"tcgplayer,cardmarket",https://prices.pokemontcg.io/tcgplayer/swsh5-95,https://images.pokemontcg.io/swsh5/95_hires.png,2026/08/08,2026/01/16,0.18,0.019999999552965164,0.1899999976158142,19.979999542236328,,0.25,,,,0.0461,0.0231,0.0461,0.2768,0.023099999874830246,0.0461,0.0346,0.2884,0.2422,0.2422,1.1535,2026-08-09
swsh5-96,Houndoom,holofoil,Battle Styles,96,Rare Holo,Ryota Murayama,Stage 1|Single Strike,229,Pokémon,2021/03/19,"tcgplayer,cardmarket",https://prices.pokemontcg.io/tcgplayer/swsh5-96,https://images.pokemontcg.io/swsh5/96_hires.png,2026/08/08,2026/01/16,0.36,0.18000000715255737,0.4000000059604645,18.899999618530273,,0.37,,,,0.9574,0.1615,0.7267,0.0,2.1916000843048096,0.7036,0.8305,0.0,0.0,0.0,1.1535,2026-08-09
swsh5-97,Tyranitar V,holofoil,Battle Styles,97,Rare Holo V,Ayaka Yoshida,Basic|V|Single Strike,248,Pokémon,2021/03/19,"tcgplayer,cardmarket",https://prices.pokemontcg.io/tcgplayer/swsh5-97,https://images.pokemontcg.io/swsh5/97_hires.png,2026/08/08,2026/01/16,0.96,0.5,1.0,12.0,,,,,,1.1535,0.5537,1.4765,0.0,1.8687000274658203,1.4995,1.2804,3.6335,3.4605,3.4374,1.1535,2026-08-09
swsh5-98,Morpeko,normal,Battle Styles,98,Uncommon,NC Empire,Basic,877,Pokémon,2021/03/19,"tcgplayer,cardmarket",https://prices.pokemontcg.io/tcgplayer/swsh5-98,https://images.pokemontcg.io/swsh5/98_hires.png,2026/08/08,2026/01/16,0.25,0.05000000074505806,0.23999999463558197,19.979999542236328,,0.38,,,,0.0577,0.0231,0.1384,0.2884,0.11540000140666962,0.1384,0.0807,0.0461,0.4383,0.2999,1.1535,2026-08-09
swsh5-99,Steelix,holofoil,Battle Styles,99,Rare Holo,NC Empire,Stage 1,208,Pokémon,2021/03/19,"tcgplayer,cardmarket",https://prices.pokemontcg.io/tcgplayer/swsh5-99,https://images.pokemontcg.io/swsh5/99_hires.png,2026/08/08,2025/12/28,0.35,0.17000000178813934,0.4000000059604645,34.29999923706055,,0.45,,,,0.5075,0.1038,0.4614,0.6229,0.23070000112056732,0.3114,0.4499,0.5537,0.669,0.5075,1.1535,2026-08-09
swsh5-100,Mawile,normal,Battle Styles,100,Common,kawayoo,Basic|Single Strike,303,Pokémon,2021/03/19,"tcgplayer,cardmarket",https://prices.pokemontcg.io/tcgplayer/swsh5-100,https://images.pokemontcg.io/swsh5/100_hires.png,2026/08/08,2025/12/28,0.13,0.009999999776482582,0.15000000596046448,19.979999542236328,,0.26,,,,0.0346,0.0231,0.0577,0.4037,0.06920000165700912,0.0461,0.0346,0.4614,0.346,0.2653,1.1535,2026-08-09
swsh5-101,Bronzor,normal,Battle Styles,101,Common,Mizue,Basic,436,Pokémon,2021/03/19,"tcgplayer,cardmarket",https://prices.pokemontcg.io/tcgplayer/swsh5-101,https://images.pokemontcg.io/swsh5/101_hires.png,2026/08/08,2025/12/28,0.04,0.009999999776482582,0.15000000596046448,2.0,,0.21,,,,0.0231,0.0231,0.0231,0.2076,0.03460000082850456,0.0231,0.0346,0.5767,0.1961,0.1846,1.1535,2026-08-09
swsh5-102,Bronzong,holofoil,Battle Styles,102,Rare Holo,Hasuno,Stage 1,437,Pokémon,2021/03/19,"tcgplayer,cardmarket",https://prices.pokemontcg.io/tcgplayer/swsh5-102,https://images.pokemontcg.io/swsh5/102_hires.png,2026/08/08,2025/12/07,0.26,0.10000000149011612,0.28999999165534973,19.979999542236328,,0.26,,,,0.346,0.0231,0.5998,0.346,1.4419000148773193,0.646,0.3807,1.1535,0.2999,0.4037,1.1535,2026-08-09
swsh5-103,Pawniard,normal,Battle Styles,103,Common,otumami,Basic,624,Pokémon,2021/03/19,"tcgplayer,cardmarket",https://prices.pokemontcg.io/tcgplayer/swsh5-103,https://images.pokemontcg.io/swsh5/103_hires.png,2026/08/08,2025/12/07,0.14,0.019999999552965164,0.15000000596046448,19.979999542236328,,0.21,,,,0.0346,0.0231,0.0231,0.1384,0.023099999874830246,0.0346,0.0346,0.5767,0.1961,0.1615,1.1535,2026-08-09
swsh5-104,Bisharp,normal,Battle Styles,104,Uncommon,tetsuya koizumi,Stage 1,625,Pokémon,2021/03/19,"tcgplayer,cardmarket",https://prices.pokemontcg.io/tcgplayer/swsh5-104,https://images.pokemontcg.io/swsh5/104_hires.png,2026/08/08,2025/12/07,0.13,0.009999999776482582,0.15000000596046448,2.990000009536743,,0.19,,,,0.0461,0.0231,0.0923,0.2307,0.023099999874830246,0.0807,0.0577,0.346,0.2422,0.2538,1.1535,2026-08-09
swsh5-105,Honedge,normal,Battle Styles,105,Common,sowsow,Basic,679,Pokémon,2021/03/19,"tcgplayer,cardmarket",https://prices.pokemontcg.io/tcgplayer/swsh5-105,https://images.pokemontcg.io/swsh5/105_hires.png,2026/08/08,2025/12/07,0.17,0.009999999776482582,0.18000000715255737,17.260000228881836,,0.27,,,,0.0346,0.0231,0.0692,0.173,0.05770000070333481,0.0923,0.0461,0.5767,0.1961,0.2076,1.1535,2026-08-09
swsh5-106,Doublade,normal,Battle Styles,106,Uncommon,Miki Tanaka,Stage 1,680,Pokémon,2021/03/19,"tcgplayer,cardmarket",https://prices.pokemontcg.io/tcgplayer/swsh5-106,https://images.pokemontcg.io/swsh5/106_hires.png,2026/08/08,2025/12/07,0.13,0.009999999776482582,0.17000000178813934,2.990000009536743,,0.29,,,,0.0346,0.0231,0.0346,0.1846,0.03460000082850456,0.0346,0.0461,0.5767,0.1846,0.2422,1.1535,2026-08-09
swsh5-107,Aegislash,holofoil,Battle Styles,107,Rare Holo,miki kudo,Stage 2,681,Pokémon,2021/03/19,"tcgplayer,cardmarket",https://prices.pokemontcg.io/tcgplayer/swsh5-107,https://images.pokemontcg.io/swsh5/107_hires.png,2026/08/08,2025/12/07,0.32,0.10000000149011612,0.33000001311302185,2.0,,0.31,,,,0.3691,0.0231,0.5998,0.323,0.46140000224113464,0.5767,0.4268,1.1535,0.3345,0.3345,1.1535,2026-08-09
swsh5-108,Aegislash,normal,Battle Styles,108,Rare,Naoyo Kimura,Stage 2,681,Pokémon,2021/03/19,"tcgplayer,cardmarket",https://prices.pokemontcg.io/tcgplayer/swsh5-108,https://images.pokemontcg.io/swsh5/108_hires.png,2026/08/08,2025/11/30,0.18,0.009999999776482582,0.20000000298023224,19.979999542236328,,0.24,,,,0.1038,0.0231,0.1269,0.2538,0.40369999408721924,0.1038,0.1154,0.2307,0.1615,0.2653,1.1535,2026-08-09
swsh5-109,Corviknight V,holofoil,Battle Styles,109,Rare Holo V,PLANETA Mochizuki,Basic|V,823,Pokémon,2021/03/19,"tcgplayer,cardmarket",https://prices.pokemontcg.io/tcgplayer/swsh5-109,https://images.pokemontcg.io/swsh5/109_hires.png,2026/08/08,2025/11/30,0.91,0.44999998807907104,1.0299999713897705,19.979999542236328,,,,,,1.0381,0.4037,1.0381,0.0,0.57669997215271,1.0035,1.0266,3.9911,3.4605,3.7258,1.1535,2026-08-09
swsh5-110,Corviknight VMAX,holofoil,Battle Styles,110,Rare Holo VMAX,PLANETA Mochizuki,VMAX,823,Pokémon,2021/03/19,"tcgplayer,cardmarket",https://prices.pokemontcg.io/tcgplayer/swsh5-110,https://images.pokemontcg.io/swsh5/110_hires.png,2026/08/08,2025/11/25,2.71,1.6799999475479126,2.950000047683716,25.0,,,,,,2.134,0.6344,2.4339,0.0,2.2955000400543213,2.3531,2.1686,7.4747,7.3824,8.5013,1.1535,2026-08-09
swsh5-111,Spearow,normal,Battle Styles,111,Common,Sekio,Basic,21,Pokémon,2021/03/19,"tcgplayer,cardmarket",https://prices.pokemontcg.io/tcgplayer/swsh5-111,https://images.pokemontcg.io/swsh5/111_hires.png,2026/08/08,2025/11/25,0.11,0.009999999776482582,0.15000000596046448,19.979999542236328,,0.22,,,,0.0346,0.0231,0.0346,0.1384,0.023099999874830246,0.0346,0.0346,0.2653,0.173,0.1846,1.1535,2026-08-09
swsh5-112,Fearow,normal,Battle Styles,112,Uncommon,Yukiko Baba,Stage 1,22,Pokémon,2021/03/19,"tcgplayer,cardmarket",https://prices.pokemontcg.io/tcgplayer/swsh5-112,https://images.pokemontcg.io/swsh5/112_hires.png,2026/08/08,2025/11/25,0.12,0.019999999552965164,0.17000000178813934,2.990000009536743,,0.24,,,,0.0577,0.0231,0.0692,0.1615,0.023099999874830246,0.0577,0.0461,0.2192,0.1961,0.2538,1.1535,2026-08-09
swsh5-113,Lickitung,normal,Battle Styles,113,Common,HYOGONOSUKE,Basic,108,Pokémon,2021/03/19,"tcgplayer,cardmarket",https://prices.pokemontcg.io/tcgplayer/swsh5-113,https://images.pokemontcg.io/swsh5/113_hires.png,2026/08/08,2025/11/25,0.13,0.009999999776482582,0.1599999964237213,19.979999542236328,,0.28,,,,0.0461,0.0231,0.0231,0.1961,0.023099999874830246,0.0346,0.0346,0.15,0.1615,0.2538,1.1535,2026-08-09
swsh5-114,Lickilicky,normal,Battle Styles,114,Rare,Mina Nakai,Stage 1,463,Pokémon,2021/03/19,"tcgplayer,cardmarket",https://prices.pokemontcg.io/tcgplayer/swsh5-114,https://images.pokemontcg.io/swsh5/114_hires.png,2026/08/08,2025/11/25,0.22,0.05000000074505806,0.2199999988079071,19.979999542236328,,0.26,,,,0.1154,0.0231,0.1154,0.2653,0.06920000165700912,0.1038,0.1038,0.173,0.1961,0.2884,1.1535,2026-08-09
swsh5-115,Glameow,normal,Battle Styles,115,Common,Shigenori Negishi,Basic,431,Pokémon,2021/03/19,"tcgplayer,cardmarket",https://prices.pokemontcg.io/tcgplayer/swsh5-115,https://images.pokemontcg.io/swsh5/115_hires.png,2026/08/08,2025/11/22,0.14,0.009999999776482582,0.1599999964237213,3.0,,0.26,,,,0.0346,0.0231,0.0461,0.1269,0.023099999874830246,0.0346,0.0346,0.2307,0.1384,0.1615,1.1535,2026-08-09
swsh5-116,Purugly,normal,Battle Styles,116,Uncommon,Akira Komayama,Stage 1,432,Pokémon,2021/03/19,"tcgplayer,cardmarket",https://prices.pokemontcg.io/tcgplayer/swsh5-116,https://images.pokemontcg.io/swsh5/116_hires.png,2026/08/08,2025/11/22,0.16,0.009999999776482582,0.18000000715255737,19.979999542236328,,0.22,,,,0.0577,0.0231,0.0461,0.2076,0.023099999874830246,0.0346,0.0461,0.1384,0.1961,0.2422,1.1535,2026-08-09
swsh5-117,Stoutland V,holofoil,Battle Styles,117,Rare Holo V,Eske Yoshinob,Basic|V,508,Pokémon,2021/03/19,"tcgplayer,cardmarket",https://prices.pokemontcg.io/tcgplayer/swsh5-117,https://images.pokemontcg.io/swsh5/117_hires.png,2026/08/08,2025/11/21,0.73,0.44999998807907104,0.9900000095367432,9.989999771118164,,,,,,0.8882,0.2307,0.7728,0.0,1.1073999404907227,0.9459,0.9343,1.2689,1.7764,2.0994,1.1535,2026-08-09
swsh5-118,Bouffalant,normal,Battle Styles,118,Uncommon,nagimiso,Basic,626,Pokémon,2021/03/19,"tcgplayer,cardmarket",https://prices.pokemontcg.io/tcgplayer/swsh5-118,https://images.pokemontcg.io/swsh5/118_hires.png,2026/08/08,2025/11/21,0.13,0.009999999776482582,0.15000000596046448,19.979999542236328,,0.19,,,,0.0692,0.0231,0.0577,0.2653,0.023099999874830246,0.0346,0.0461,0.0231,0.2653,0.2307,1.1535,2026-08-09
swsh5-119,Drampa,normal,Battle Styles,119,Rare,Eri Yamaki,Basic,780,Pokémon,2021/03/19,"tcgplayer,cardmarket",https://prices.pokemontcg.io/tcgplayer/swsh5-119,https://images.pokemontcg.io/swsh5/119_hires.png,2026/08/08,2025/11/21,0.17,0.03999999910593033,0.20000000298023224,19.979999542236328,,0.33,,,,0.1615,0.0231,0.173,0.323,0.04610000178217888,0.1269,0.1269,0.2307,0.2538,0.3114,1.1535,2026-08-09
swsh5-120,Indeedee,normal,Battle Styles,120,Uncommon,Saya Tsuruta,Basic,876,Pokémon,2021/03/19,"tcgplayer,cardmarket",https://prices.pokemontcg.io/tcgplayer/swsh5-120,https://images.pokemontcg.io/swsh5/120_hires.png,2026/08/08,2025/11/21,0.18,0.029999999329447746,0.20000000298023224,2.990000009536743,,0.26,,,,0.0577,0.0231,0.0577,0.2538,0.023099999874830246,0.0923,0.0692,0.2884,0.2768,0.2653,1.1535,2026-08-09
swsh5-121,Bruno,normal,Battle Styles,121,Uncommon,Ken Sugimori,Supporter|Single Strike,,Trainer,2021/03/19,"tcgplayer,cardmarket",https://prices.pokemontcg.io/tcgplayer/swsh5-121,https://images.pokemontcg.io/swsh5/121_hires.png,2026/08/08,2025/11/21,0.05,0.009999999776482582,0.17000000178813934,19.979999542236328,,0.21,,,,0.0692,0.0231,0.0807,0.173,0.023099999874830246,0.0692,0.0692,0.1038,0.173,0.2192,1.1535,2026-08-09
swsh5-122,Camping Gear,normal,Battle Styles,122,Uncommon,sadaji,Item,,Trainer,2021/03/19,"tcgplayer,cardmarket",https://prices.pokemontcg.io/tcgplayer/swsh5-122,https://images.pokemontcg.io/swsh5/122_hires.png,2026/08/08,2025/11/21,0.14,0.029999999329447746,0.1599999964237213,5.0,,0.22,,,,0.0692,0.0231,0.0692,0.1384,0.04610000178217888,0.0461,0.0692,0.1154,0.15,0.15,1.1535,2026-08-09
swsh5-123,Cheryl,normal,Battle Styles,123,Uncommon,Ken Sugimori,Supporter,,Trainer,2021/03/19,"tcgplayer,cardmarket",https://prices.pokemontcg.io/tcgplayer/swsh5-123,https://images.pokemontcg.io/swsh5/123_hires.png,2026/08/08,2025/11/21,0.17,0.009999999776482582,0.18000000715255737,5.0,,0.21,,,,0.0692,0.0231,0.0346,0.173,0.023099999874830246,0.0346,0.0692,0.0807,0.1269,0.2076,1.1535,2026-08-09
swsh5-124,Energy Recycler,normal,Battle Styles,124,Uncommon,Toyste Beach,Item,,Trainer,2021/03/19,"tcgplayer,cardmarket",https://prices.pokemontcg.io/tcgplayer/swsh5-124,https://images.pokemontcg.io/swsh5/124_hires.png,2026/08/08,2025/11/21,0.18,0.03999999910593033,0.20000000298023224,19.979999542236328,,0.31,,,,0.0807,0.0231,0.0692,0.2307,0.023099999874830246,0.0461,0.0923,0.0577,0.2076,0.2999,1.1535,2026-08-09
swsh5-125,Escape Rope,normal,Battle Styles,125,Uncommon,sadaji,Item,,Trainer,2021/03/19,"tcgplayer,cardmarket",https://prices.pokemontcg.io/tcgplayer/swsh5-125,https://images.pokemontcg.io/swsh5/125_hires.png,2026/08/08,2025/11/21,0.25,0.009999999776482582,0.25,2.990000009536743,,0.31,,,,0.1269,0.0231,0.1846,0.3114,0.1615000069141388,0.15,0.1269,0.2884,0.2422,0.346,1.1535,2026-08-09
swsh5-126,Exp. Share,normal,Battle Styles,126,Uncommon,Toyste Beach,Pokémon Tool,,Trainer,2021/03/19,"tcgplayer,cardmarket",https://prices.pokemontcg.io/tcgplayer/swsh5-126,https://images.pokemontcg.io/swsh5/126_hires.png,2026/08/08,2025/11/21,0.17,0.009999999776482582,0.1899999976158142,19.979999542236328,,0.16,,,,0.1384,0.0231,0.1269,0.2307,0.023099999874830246,0.1154,0.1384,0.173,0.3114,0.2999,1.1535,2026-08-09
swsh5-127,Fan of Waves,normal,Battle Styles,127,Uncommon,sadaji,Item|Rapid Strike,,Trainer,2021/03/19,"tcgplayer,cardmarket",https://prices.pokemontcg.io/tcgplayer/swsh5-127,https://images.pokemontcg.io/swsh5/127_hires.png,2026/08/08,2025/11/21,0.1,0.009999999776482582,0.15000000596046448,19.979999542236328,,0.23,,,,0.0461,0.0231,0.0346,0.1384,0.023099999874830246,0.0346,0.0577,0.323,0.15,0.1615,1.1535,2026-08-09
swsh5-128,Korrina's Focus,normal,Battle Styles,128,Uncommon,kirisAki,Supporter|Rapid Strike,,Trainer,2021/03/19,"tcgplayer,cardmarket",https://prices.pokemontcg.io/tcgplayer/swsh5-128,https://images.pokemontcg.io/swsh5/128_hires.png,2026/08/08,2025/11/21,0.05,0.009999999776482582,0.15000000596046448,5.0,,0.2,,,,0.0577,0.0231,0.0577,0.2538,0.28839999437332153,0.0577,0.0577,0.1154,0.2192,0.2192,1.1535,2026-08-09
swsh5-129,Level Ball,normal,Battle Styles,129,Uncommon,Ryo Ueda,Item,,Trainer,2021/03/19,"tcgplayer,cardmarket",https://prices.pokemontcg.io/tcgplayer/swsh5-129,https://images.pokemontcg.io/swsh5/129_hires.png,2026/08/08,2025/11/21,0.22,0.009999999776482582,0.23999999463558197,5.0,,0.54,,,,0.173,0.0231,0.3922,0.2999,0.5074999928474426,0.2653,0.1961,0.5652,0.5421,0.4268,1.1535,2026-08-09
swsh5-130,Phoebe,normal,Battle Styles,130,Uncommon,GAME FREAK inc.,Supporter,,Trainer,2021/03/19,"tcgplayer,cardmarket",https://prices.pokemontcg.io/tcgplayer/swsh5-130,https://images.pokemontcg.io/swsh5/130_hires.png,2026/08/08,2025/11/21,0.1,0.019999999552965164,0.15000000596046448,15.84000015258789,,0.21,,,,0.0461,0.0231,0.0346,0.1269,0.023099999874830246,0.0346,0.0461,0.1269,0.1615,0.1384,1.1535,2026-08-09
swsh5-131,Rapid Strike Scroll of Swirls,normal,Battle Styles,131,Uncommon,5ban Graphics,Pokémon Tool|Rapid Strike,,Trainer,2021/03/19,"tcgplayer,cardmarket",https://prices.pokemontcg.io/tcgplayer/swsh5-131,https://images.pokemontcg.io/swsh5/131_hires.png,2026/08/08,2025/11/21,0.1,0.009999999776482582,0.17000000178813934,19.979999542236328,,0.16,,,,0.0577,0.0231,0.0461,0.2884,0.023099999874830246,0.0461,0.0461,0.1384,0.2884,0.173,1.1535,2026-08-09
swsh5-132,Rapid Strike Style Mustard,normal,Battle Styles,132,Uncommon,Naoki Saito,Supporter|Rapid Strike,,Trainer,2021/03/19,"tcgplayer,cardmarket",https://prices.pokemontcg.io/tcgplayer/swsh5-132,https://images.pokemontcg.io/swsh5/132_hires.png,2026/08/08,2025/11/21,0.11,0.009999999776482582,0.15000000596046448,19.979999542236328,,0.13,,,,0.0461,0.0231,0.0346,0.1961,0.023099999874830246,0.0231,0.0692,0.1384,0.173,0.15,1.1535,2026-08-09
swsh5-133,Single Strike Scroll of Scorn,normal,Battle Styles,133,Uncommon,5ban Graphics,Pokémon Tool|Single Strike,,Trainer,2021/03/19,"tcgplayer,cardmarket",https://prices.pokemontcg.io/tcgplayer/swsh5-133,https://images.pokemontcg.io/swsh5/133_hires.png,2026/08/08,2025/11/21,0.11,0.009999999776482582,0.15000000596046448,19.979999542236328,,0.19,,,,0.0577,0.0231,0.0577,0.1384,0.023099999874830246,0.0577,0.0577,0.1384,0.1154,0.15,1.1535,2026-08-09
swsh5-134,Single Strike Style Mustard,normal,Battle Styles,134,Uncommon,Mitsuhiro Arita,Supporter|Single Strike,,Trainer,2021/03/19,"tcgplayer,cardmarket",https://prices.pokemontcg.io/tcgplayer/swsh5-134,https://images.pokemontcg.io/swsh5/134_hires.png,2026/08/08,2025/11/21,0.12,0.009999999776482582,0.1599999964237213,19.979999542236328,,0.19,,,,0.0692,0.0231,0.0807,0.173,0.03460000082850456,0.0923,0.0577,0.1384,0.15,0.173,1.1535,2026-08-09
swsh5-135,Sordward & Shielbert,normal,Battle Styles,135,Uncommon,Hideki Ishikawa,Supporter,,Trainer,2021/03/19,"tcgplayer,cardmarket",https://prices.pokemontcg.io/tcgplayer/swsh5-135,https://images.pokemontcg.io/swsh5/135_hires.png,2026/08/08,2025/11/21,0.11,0.009999999776482582,0.15000000596046448,2.990000009536743,,0.16,,,,0.0461,0.0231,0.0461,0.1615,0.023099999874830246,0.0346,0.0346,0.1615,0.1038,0.1846,1.1535,2026-08-09
swsh5-136,Tool Jammer,normal,Battle Styles,136,Uncommon,inose yukie,Pokémon Tool,,Trainer,2021/03/19,"tcgplayer,cardmarket",https://prices.pokemontcg.io/tcgplayer/swsh5-136,https://images.pokemontcg.io/swsh5/136_hires.png,2026/08/08,2025/11/21,0.14,0.019999999552965164,0.17000000178813934,19.979999542236328,,0.2,,,,0.0692,0.0231,0.0807,0.2076,0.023099999874830246,0.0692,0.0692,0.1846,0.1615,0.2307,1.1535,2026-08-09
swsh5-137,Tower of Darkness,normal,Battle Styles,137,Uncommon,5ban Graphics,Stadium|Single Strike,,Trainer,2021/03/19,"tcgplayer,cardmarket",https://prices.pokemontcg.io/tcgplayer/swsh5-137,https://images.pokemontcg.io/swsh5/137_hires.png,2026/08/08,2025/11/21,0.09,0.009999999776482582,0.17000000178813934,5.0,,0.2,,,,0.0577,0.0231,0.0461,0.1961,0.023099999874830246,0.0346,0.0577,0.1384,0.1961,0.1961,1.1535,2026-08-09
swsh5-138,Tower of Waters,normal,Battle Styles,138,Uncommon,5ban Graphics,Stadium|Rapid Strike,,Trainer,2021/03/19,"tcgplayer,cardmarket",https://prices.pokemontcg.io/tcgplayer/swsh5-138,https://images.pokemontcg.io/swsh5/138_hires.png,2026/08/08,2025/11/21,0.14,0.009999999776482582,0.17000000178813934,19.979999542236328,,0.23,,,,0.0461,0.0231,0.0461,0.1615,0.023099999874830246,0.0461,0.0461,0.1038,0.173,0.173,1.1535,2026-08-09
swsh5-139,Urn of Vitality,normal,Battle Styles,139,Uncommon,Toyste Beach,Item|Single Strike,,Trainer,2021/03/19,"tcgplayer,cardmarket",https://prices.pokemontcg.io/tcgplayer/swsh5-139,https://images.pokemontcg.io/swsh5/139_hires.png,2026/08/08,2025/11/21,0.13,0.009999999776482582,0.1599999964237213,19.979999542236328,,0.22,,,,0.0807,0.0231,0.0807,0.173,0.03460000082850456,0.0577,0.0692,0.2307,0.173,0.2192,1.1535,2026-08-09
swsh5-140,Rapid Strike Energy,normal,Battle Styles,140,Uncommon,,Special|Rapid Strike,,Energy,2021/03/19,"tcgplayer,cardmarket",https://prices.pokemontcg.io/tcgplayer/swsh5-140,https://images.pokemontcg.io/swsh5/140_hires.png,2026/08/08,2025/11/21,0.12,0.009999999776482582,0.18000000715255737,23.0,,0.2,,,,0.1615,0.0231,0.1154,0.173,0.023099999874830246,0.0461,0.1154,0.1961,0.2076,0.1615,1.1535,2026-08-09
swsh5-141,Single Strike Energy,normal,Battle Styles,141,Uncommon,,Special|Single Strike,,Energy,2021/03/19,"tcgplayer,cardmarket",https://prices.pokemontcg.io/tcgplayer/swsh5-141,https://images.pokemontcg.io/swsh5/141_hires.png,2026/08/08,2025/11/21,0.13,0.009999999776482582,0.20000000298023224,23.0,,0.26,,,,0.0807,0.0231,0.0577,0.1615,0.023099999874830246,0.0346,0.0577,0.0346,0.15,0.173,1.1535,2026-08-09
swsh5-142,Kricketune V,holofoil,Battle Styles,142,Rare Ultra,Satoshi Shirai,Basic|V,402,Pokémon,2021/03/19,"tcgplayer,cardmarket",https://prices.pokemontcg.io/tcgplayer/swsh5-142,https://images.pokemontcg.io/swsh5/142_hires.png,2026/08/08,2025/11/21,3.27,2.0,3.3499999046325684,50.0,,,,,,4.1757,2.2955,4.6717,0.0,11.523500442504883,4.6601,4.3833,14.9955,15.5146,15.3415,1.1535,2026-08-09
swsh5-143,Flapple V,holofoil,Battle Styles,143,Rare Ultra,PLANETA Mochizuki,Basic|V,841,Pokémon,2021/03/19,"tcgplayer,cardmarket",https://prices.pokemontcg.io/tcgplayer/swsh5-143,https://images.pokemontcg.io/swsh5/143_hires.png,2026/08/08,2025/11/21,3.79,2.690000057220459,3.880000114440918,93.93000030517578,,,,,,4.4871,1.3842,4.3602,0.0,2.8838000297546387,4.291,4.7524,14.4187,14.165,13.1384,1.1535,2026-08-09
swsh5-144,Victini V,holofoil,Battle Styles,144,Rare Ultra,Saki Hayashiro,Basic|V,494,Pokémon,2021/03/19,"tcgplayer,cardmarket",https://prices.pokemontcg.io/tcgplayer/swsh5-144,https://images.pokemontcg.io/swsh5/144_hires.png,2026/08/08,2025/11/21,11.41,10.0,11.989999771118164,151.32000732421875,,,,,,7.2209,4.2679,7.417,0.0,7.093999862670898,7.3824,6.6672,17.3025,14.1996,14.0958,1.1535,2026-08-09
swsh5-145,Empoleon V,holofoil,Battle Styles,145,Rare Ultra,Ayaka Yoshida,Basic|V|Rapid Strike,395,Pokémon,2021/03/19,"tcgplayer,cardmarket",https://prices.pokemontcg.io/tcgplayer/swsh5-145,https://images.pokemontcg.io/swsh5/145_hires.png,2026/08/08,2025/11/21,4.83,3.569999933242798,5.769999980926514,49.9900016784668,,,,,,7.4862,2.307,7.071,0.0,5.7444000244140625,7.244,7.5208,16.7142,18.1907,18.4791,1.1535,2026-08-09
swsh5-146,Empoleon V,holofoil,Battle Styles,146,Rare Ultra,chibi,Basic|V|Rapid Strike,395,Pokémon,2021/03/19,"tcgplayer,cardmarket",https://prices.pokemontcg.io/tcgplayer/swsh5-146,https://images.pokemontcg.io/swsh5/146_hires.png,2026/08/08,2025/11/21,72.6,60.0,75.0,200.0,,,,,,64.7344,42.6218,59.4975,0.0,84.14779663085938,60.7895,65.7841,50.1773,50.8001,52.7842,1.1535,2026-08-09
swsh5-147,Tapu Koko V,holofoil,Battle Styles,147,Rare Ultra,Eske Yoshinob,Basic|V,785,Pokémon,2021/03/19,"tcgplayer,cardmarket",https://prices.pokemontcg.io/tcgplayer/swsh5-147,https://images.pokemontcg.io/swsh5/147_hires.png,2026/08/08,2025/11/21,3.0,1.5,3.25,23.940000534057617,,,,,,4.1641,0.173,4.0026,0.0,3.668100118637085,4.0257,4.1411,11.535,16.5066,17.2333,1.1535,2026-08-09
swsh5-148,Mimikyu V,holofoil,Battle Styles,148,Rare Ultra,Eske Yoshinob,Basic|V,778,Pokémon,2021/03/19,"tcgplayer,cardmarket",https://prices.pokemontcg.io/tcgplayer/swsh5-148,https://images.pokemontcg.io/swsh5/148_hires.png,2026/08/08,2025/11/21,45.82,40.0,49.459999084472656,290.80999755859375,,,,,,11.685,6.921,11.6734,0.0,14.361100196838379,13.3114,13.2191,21.7204,22.0549,22.7816,1.1535,2026-08-09
swsh5-149,Necrozma V,holofoil,Battle Styles,149,Rare Ultra,PLANETA Tsuji,Basic|V,800,Pokémon,2021/03/19,"tcgplayer,cardmarket",https://prices.pokemontcg.io/tcgplayer/swsh5-149,https://images.pokemontcg.io/swsh5/149_hires.png,2026/08/08,2025/11/21,4.89,3.990000009536743,5.300000190734863,95.91000366210938,,,,,,4.9139,2.2955,4.2103,0.0,5.6290998458862305,4.3833,5.4791,16.149,17.637,19.2058,1.1535,2026-08-09
swsh5-150,Single Strike Urshifu V,holofoil,Battle Styles,150,Rare Ultra,PLANETA Mochizuki,Basic|V|Single Strike,892,Pokémon,2021/03/19,"tcgplayer,cardmarket",https://prices.pokemontcg.io/tcgplayer/swsh5-150,https://images.pokemontcg.io/swsh5/150_hires.png,2026/08/08,2025/11/21,4.63,3.0,4.989999771118164,42.79999923706055,,,,,,4.5448,2.307,4.4525,0.0,4.498600006103516,4.6832,4.614,15.5146,17.2564,16.299,1.1535,2026-08-09
swsh5-151,Single Strike Urshifu V,holofoil,Battle Styles,151,Rare Ultra,kawayoo,Basic|V|Single Strike,892,Pokémon,2021/03/19,"tcgplayer,cardmarket",https://prices.pokemontcg.io/tcgplayer/swsh5-151,https://images.pokemontcg.io/swsh5/151_hires.png,2026/08/08,2025/11/21,18.0,14.59000015258789,19.989999771118164,119.5,,,,,,18.5367,10.5545,20.1863,0.0,19.88629913330078,19.0443,19.275,28.03,27.9954,34.3051,1.1535,2026-08-09
swsh5-152,Rapid Strike Urshifu V,holofoil,Battle Styles,152,Rare Ultra,PLANETA Mochizuki,Basic|V|Rapid Strike,892,Pokémon,2021/03/19,"tcgplayer,cardmarket",https://prices.pokemontcg.io/tcgplayer/swsh5-152,https://images.pokemontcg.io/swsh5/152_hires.png,2026/08/08,2025/11/21,4.88,3.2200000286102295,4.809999942779541,29.989999771118164,,,,,,4.9139,2.307,5.11,0.0,4.613999843597412,4.8332,5.0293,25.0656,20.9822,18.4099,1.1535,2026-08-09
swsh5-153,Rapid Strike Urshifu V,holofoil,Battle Styles,153,Rare Ultra,Ryota Murayama,Basic|V|Rapid Strike,892,Pokémon,2021/03/19,"tcgplayer,cardmarket",https://prices.pokemontcg.io/tcgplayer/swsh5-153,https://images.pokemontcg.io/swsh5/153_hires.png,2026/08/08,2025/11/21,18.73,14.489999771118164,19.969999313354492,150.52000427246094,,,,,,20.8899,10.3815,21.409,0.0,14.995499610900879,16.6219,19.0558,36.1046,36.5775,36.7736,1.1535,2026-08-09
swsh5-154,Tyranitar V,holofoil,Battle Styles,154,Rare Ultra,Ayaka Yoshida,Basic|V|Single Strike,248,Pokémon,2021/03/19,"tcgplayer,cardmarket",https://prices.pokemontcg.io/tcgplayer/swsh5-154,https://images.pokemontcg.io/swsh5/154_hires.png,2026/08/08,2025/11/21,11.39,8.0,12.300000190734863,69.66999816894531,,,,,,8.7435,5.7675,8.9396,0.0,8.051400184631348,8.2014,9.1127,31.0291,31.6405,31.6059,1.1535,2026-08-09
swsh5-155,Tyranitar V,holofoil,Battle Styles,155,Rare Ultra,HYOGONOSUKE,Basic|V|Single Strike,248,Pokémon,2021/03/19,"tcgplayer,cardmarket",https://prices.pokemontcg.io/tcgplayer/swsh5-155,https://images.pokemontcg.io/swsh5/155_hires.png,2026/08/08,2025/11/21,267.56,235.0,298.6099853515625,1658.8299560546875,,,,,,171.0987,69.21,146.4484,0.0,125.73149871826172,152.8849,165.0197,97.4707,120.6907,122.7093,1.1535,2026-08-09
swsh5-156,Corviknight V,holofoil,Battle Styles,156,Rare Ultra,PLANETA Mochizuki,Basic|V,823,Pokémon,2021/03/19,"tcgplayer,cardmarket",https://prices.pokemontcg.io/tcgplayer/swsh5-156,https://images.pokemontcg.io/swsh5/156_hires.png,2026/08/08,2025/11/21,6.06,3.990000009536743,6.769999980926514,95.45999908447266,,,,,,4.8101,2.5377,4.1065,0.0,4.602499961853027,4.8793,5.0523,16.149,14.3034,14.4303,1.1535,2026-08-09
swsh5-157,Stoutland V,holofoil,Battle Styles,157,Rare Ultra,Eske Yoshinob,Basic|V,508,Pokémon,2021/03/19,"tcgplayer,cardmarket",https://prices.pokemontcg.io/tcgplayer/swsh5-157,https://images.pokemontcg.io/swsh5/157_hires.png,2026/08/08,2025/11/21,3.59,1.5,3.490000009536743,9.949999809265137,,,,,,4.3718,2.0763,2.8953,0.0,5.732900142669678,4.6371,5.5253,15.5723,15.4454,14.8225,1.1535,2026-08-09
swsh5-158,Bruno,holofoil,Battle Styles,158,Rare Ultra,Ryuta Fuse,Supporter|Single Strike,,Trainer,2021/03/19,"tcgplayer,cardmarket",https://prices.pokemontcg.io/tcgplayer/swsh5-158,https://images.pokemontcg.io/swsh5/158_hires.png,2026/08/08,2025/11/21,2.62,1.9299999475479126,2.9100000858306885,18.450000762939453,,,,,,3.472,1.7187,3.1375,0.0,5.190700054168701,3.2413,3.5297,13.8305,15.2377,16.1029,1.1535,2026-08-09
swsh5-159,Cheryl,holofoil,Battle Styles,159,Rare Ultra,Yuu Nishida,Supporter,,Trainer,2021/03/19,"tcgplayer,cardmarket",https://prices.pokemontcg.io/tcgplayer/swsh5-159,https://images.pokemontcg.io/swsh5/159_hires.png,2026/08/08,2025/11/21,7.9,6.5,9.079999923706055,1000.0,,,,,,9.9432,3.4028,10.1162,0.0,9.227999687194824,10.3008,10.0008,28.0531,30.141,29.8756,1.1535,2026-08-09
swsh5-160,Korrina's Focus,holofoil,Battle Styles,160,Rare Ultra,Taira Akitsu,Supporter|Single Strike,,Trainer,2021/03/19,"tcgplayer,cardmarket",https://prices.pokemontcg.io/tcgplayer/swsh5-160,https://images.pokemontcg.io/swsh5/160_hires.png,2026/08/08,2025/11/21,4.7,3.0,4.800000190734863,31.5,,,,,,6.0559,1.6726,5.5945,0.0,6.344200134277344,6.0674,6.1251,17.3025,27.0496,26.6228,1.1535,2026-08-09
swsh5-161,Phoebe,holofoil,Battle Styles,161,Rare Ultra,Kagemaru Himeno,Supporter,,Trainer,2021/03/19,"tcgplayer,cardmarket",https://prices.pokemontcg.io/tcgplayer/swsh5-161,https://images.pokemontcg.io/swsh5/161_hires.png,2026/08/08,2025/11/21,14.82,12.0,15.949999809265137,145.02000427246094,,,,,,17.2794,7.9592,17.8792,0.0,16.71419906616211,17.7062,17.2102,37.6272,38.7807,37.5349,1.1535,2026-08-09
swsh5-162,Rapid Strike Style Mustard,holofoil,Battle Styles,162,Rare Ultra,Naoki Saito,Supporter|Rapid Strike,,Trainer,2021/03/19,"tcgplayer,cardmarket",https://prices.pokemontcg.io/tcgplayer/swsh5-162,https://images.pokemontcg.io/swsh5/162_hires.png,2026/08/08,2025/11/21,1.53,0.38999998569488525,1.6799999475479126,21.0,,,,,,2.2147,1.0151,1.9379,0.0,3.172100067138672,2.2263,2.6184,16.149,18.5137,17.4063,1.1535,2026-08-09
swsh5-163,Single Strike Style Mustard,holofoil,Battle Styles,163,Rare Ultra,Mitsuhiro Arita,Supporter|Single Strike,,Trainer,2021/03/19,"tcgplayer,cardmarket",https://prices.pokemontcg.io/tcgplayer/swsh5-163,https://images.pokemontcg.io/swsh5/163_hires.png,2026/08/08,2025/11/21,1.51,0.8999999761581421,1.75,99.98999786376953,,,,,,2.9876,0.9228,3.1375,0.0,2.134000062942505,2.9876,2.7453,15.6761,13.8881,14.9263,1.1535,2026-08-09
swsh5-168,Single Strike Urshifu VMAX,holofoil,Battle Styles,168,Rare Rainbow,Kinu Nishimura,VMAX|Single Strike,892,Pokémon,2021/03/19,"tcgplayer,cardmarket",https://prices.pokemontcg.io/tcgplayer/swsh5-168,https://images.pokemontcg.io/swsh5/168_hires.png,2026/08/08,2025/11/21,31.3,28.350000381469727,34.97999954223633,336.5,,,,,,37.0966,28.7568,37.2465,0.0,32.874698638916016,35.8623,43.7292,66.1994,70.6519,74.3661,1.1535,2026-08-09
swsh5-170,Rapid Strike Urshifu VMAX,holofoil,Battle Styles,170,Rare Rainbow,KIYOTAKA OSHIYAMA,VMAX|Rapid Strike,892,Pokémon,2021/03/19,"tcgplayer,cardmarket",https://prices.pokemontcg.io/tcgplayer/swsh5-170,https://images.pokemontcg.io/swsh5/170_hires.png,2026/08/08,2025/11/21,77.09,70.4000015258789,84.97000122070312,633.8699951171875,,,,,,100.8274,34.605,82.3022,0.0,94.529296875,93.595,77.6075,138.3623,106.445,102.5808,1.1535,2026-08-09
swshp-SWSH088,Cherrim,holofoil,SWSH Black Star Promos,SWSH088,Promo,Tika Matsuno,Stage 1,421,Pokémon,2019/11/15,"tcgplayer,cardmarket",https://prices.pokemontcg.io/tcgplayer/swshp-SWSH088,https://images.pokemontcg.io/swshp/SWSH088_hires.png,2026/08/08,2026/01/16,17.97,14.100000381469727,18.5,498.20001220703125,,,,,,10.716,3.449,11.8234,0.0,12.677000045776367,11.9157,11.8695,10.0931,8.7551,10.393,1.1535,2026-08-09
swshp-SWSH089,Octillery,holofoil,SWSH Black Star Promos,SWSH089,Promo,KIYOTAKA OSHIYAMA,Stage 1|Rapid Strike,224,Pokémon,2019/11/15,"tcgplayer,cardmarket",https://prices.pokemontcg.io/tcgplayer/swshp-SWSH089,https://images.pokemontcg.io/swshp/SWSH089_hires.png,2026/08/08,2026/01/16,4.78,3.3399999141693115,5.0,52.79999923706055,,,,,,6.8172,4.614,9.5856,0.0,10.26609992980957,7.5324,10.2431,8.0745,11.4312,15.1916,1.1535,2026-08-09
swshp-SWSH090,Houndoom,holofoil,SWSH Black Star Promos,SWSH090,Promo,Uta,Stage 1|Single Strike,229,Pokémon,2019/11/15,"tcgplayer,cardmarket",https://prices.pokemontcg.io/tcgplayer/swshp-SWSH090,https://images.pokemontcg.io/swshp/SWSH090_hires.png,2026/08/08,2026/01/16,14.37,11.789999961853027,19.979999542236328,116.9000015258789,,,,,,8.0399,3.9219,9.8163,0.0,5.767499923706055,11.7888,15.0301,16.1375,23.889,24.7426,1.1535,2026-08-09
swshp-SWSH091,Bronzong,holofoil,SWSH Black Star Promos,SWSH091,Promo,Atsushi Furusawa,Stage 1,437,Pokémon,2019/11/15,"tcgplayer,cardmarket",https://prices.pokemontcg.io/tcgplayer/swshp-SWSH091,https://images.pokemontcg.io/swshp/SWSH091_hires.png,2026/08/08,2026/01/16,3.33,2.3499999046325684,3.490000009536743,37.599998474121094,,,,,,9.1588,3.9796,10.5315,0.0,5.75600004196167,10.0931,9.228,12.6308,12.4232,13.9227,1.1535,2026-08-09
swshp-SWSH092,Charmander,holofoil,SWSH Black Star Promos,SWSH092,Promo,Uta,Basic,4,Pokémon,2019/11/15,"tcgplayer,cardmarket",https://prices.pokemontcg.io/tcgplayer/swshp-SWSH092,https://images.pokemontcg.io/swshp/SWSH092_hires.png,2026/08/08,2026/01/16,3.67,2.299999952316284,4.090000152587891,17.0,,,,,,4.1641,1.7302,4.0834,0.0,2.1916000843048096,4.291,4.1757,3.9219,6.3096,5.0062,1.1535,2026-08-09
swshp-SWSH093,Arrokuda,holofoil,SWSH Black Star Promos,SWSH093,Promo,tetsuya koizumi,Basic,846,Pokémon,2019/11/15,"tcgplayer,cardmarket",https://prices.pokemontcg.io/tcgplayer/swshp-SWSH093,https://images.pokemontcg.io/swshp/SWSH093_hires.png,2026/08/08,2026/01/16,0.42,0.05000000074505806,0.36000001430511475,19.979999542236328,,,,,,0.5998,0.1154,0.7152,0.0,0.51910001039505,0.5652,0.7613,2.1916,3.5297,3.9104,1.1535,2026-08-09
swshp-SWSH094,Jolteon,holofoil,SWSH Black Star Promos,SWSH094,Promo,Yuu Nishida,Stage 1,135,Pokémon,2019/11/15,"tcgplayer,cardmarket",https://prices.pokemontcg.io/tcgplayer/swshp-SWSH094,https://images.pokemontcg.io/swshp/SWSH094_hires.png,2026/08/08,2026/01/16,5.01,3.5,5.429999828338623,49.9900016784668,,,,,,3.7373,1.7302,3.8296,0.0,4.037300109863281,3.5297,3.6681,1.7187,2.307,2.63,1.1535,2026-08-09
swshp-SWSH095,Eevee,holofoil,SWSH Black Star Promos,SWSH095,Promo,Naoki Saito,Basic,133,Pokémon,2019/11/15,"tcgplayer,cardmarket",https://prices.pokemontcg.io/tcgplayer/swshp-SWSH095,https://images.pokemontcg.io/swshp/SWSH095_hires.png,2026/08/08,2026/01/16,3.64,2.2300000190734863,4.110000133514404,96.88999938964844,,,,,,2.5492,0.5767,2.4108,0.0,2.1800999641418457,2.5262,2.653,1.2919,1.9379,2.2263,1.1535,2026-08-09
swshp-SWSH102,Venusaur VMAX,holofoil,SWSH Black Star Promos,SWSH102,Promo,aky CG Works,VMAX,3,Pokémon,2019/11/15,"tcgplayer,cardmarket",https://prices.pokemontcg.io/tcgplayer/swshp-SWSH102,https://images.pokemontcg.io/swshp/SWSH102_hires.png,2026/08/08,2026/01/16,29.09,25.329999923706055,30.719999313354492,9999.0,,,,,,8.2245,3.7489,6.252,0.0,9.227999687194824,6.9095,6.0443,8.0745,6.5403,6.5403,1.1535,2026-08-09
swshp-SWSH103,Blastoise VMAX,holofoil,SWSH Black Star Promos,SWSH103,Promo,5ban Graphics,VMAX,9,Pokémon,2019/11/15,"tcgplayer,cardmarket",https://prices.pokemontcg.io/tcgplayer/swshp-SWSH103,https://images.pokemontcg.io/swshp/SWSH103_hires.png,2026/08/08,2026/01/16,39.26,30.3700008392334,40.52000045776367,9999.0,,,,,,4.9024,2.8838,14.7879,0.0,4.613999843597412,5.8367,8.7897,8.0168,4.5448,4.5448,1.1535,2026-08-09
swshp-SWSH106,Single Strike Urshifu V,holofoil,SWSH Black Star Promos,SWSH106,Promo,5ban Graphics,Basic|V|Single Strike,892,Pokémon,2019/11/15,"tcgplayer,cardmarket",https://prices.pokemontcg.io/tcgplayer/swshp-SWSH106,https://images.pokemontcg.io/swshp/SWSH106_hires.png,2026/08/08,2025/12/07,1.15,0.5,1.2300000190734863,19.020000457763672,,,,,,1.9379,1.0381,1.7418,0.0,1.5111000537872314,1.8225,1.6495,4.0373,4.0373,4.0373,1.1535,2026-08-09
swshp-SWSH107,Rapid Strike Urshifu V,holofoil,SWSH Black Star Promos,SWSH107,Promo,5ban Graphics,Basic|V|Rapid Strike,892,Pokémon,2019/11/15,"tcgplayer,cardmarket",https://prices.pokemontcg.io/tcgplayer/swshp-SWSH107,https://images.pokemontcg.io/swshp/SWSH107_hires.png,2026/08/08,2025/12/07,0.94,0.6200000047683716,1.0,50.0,,,,,,1.3842,1.1535,1.9379,0.0,1.2111999988555908,2.157,2.0071,2.8838,3.7489,3.7489,1.1535,2026-08-09
swsh5-164,Flapple VMAX,holofoil,Battle Styles,164,Rare Rainbow,PLANETA Tsuji,VMAX,841,Pokémon,2021/03/19,"tcgplayer,cardmarket",https://prices.pokemontcg.io/tcgplayer/swsh5-164,https://images.pokemontcg.io/swsh5/164_hires.png,2026/08/08,2025/11/21,11.69,9.430000305175781,11.989999771118164,104.9000015258789,,,,,,8.063,8.0168,8.6397,0.0,6.921000003814697,7.567,9.6433,20.4746,18.9174,20.3362,1.1535,2026-08-09
swsh5-165,Victini VMAX,holofoil,Battle Styles,165,Rare Rainbow,PLANETA Mochizuki,VMAX,494,Pokémon,2021/03/19,"tcgplayer,cardmarket",https://prices.pokemontcg.io/tcgplayer/swsh5-165,https://images.pokemontcg.io/swsh5/165_hires.png,2026/08/08,2025/11/21,20.45,14.170000076293945,20.6200008392334,219.8000030517578,,,,,,10.6699,5.6522,11.0621,0.0,17.302499771118164,11.1313,11.2582,32.2865,29.2989,32.6671,1.1535,2026-08-09
swsh5-166,Tapu Koko VMAX,holofoil,Battle Styles,166,Rare Rainbow,PLANETA Tsuji,VMAX,785,Pokémon,2021/03/19,"tcgplayer,cardmarket",https://prices.pokemontcg.io/tcgplayer/swsh5-166,https://images.pokemontcg.io/swsh5/166_hires.png,2026/08/08,2025/11/18,7.3,5.630000114440918,7.670000076293945,73.0999984741211,,,,,,7.2324,5.7675,7.5208,0.0,8.039899826049805,7.071,9.8278,38.0655,37.0043,37.0043,1.1535,2026-08-09
swsh5-167,Single Strike Urshifu VMAX,holofoil,Battle Styles,167,Rare Rainbow,PLANETA Tsuji,VMAX|Single Strike,892,Pokémon,2021/03/19,"tcgplayer,cardmarket",https://prices.pokemontcg.io/tcgplayer/swsh5-167,https://images.pokemontcg.io/swsh5/167_hires.png,2026/08/08,2025/11/18,11.74,9.25,12.109999656677246,92.0999984741211,,,,,,12.1117,6.921,10.9582,0.0,6.344200134277344,11.8003,12.3078,43.2563,46.5668,50.3503,1.1535,2026-08-09
swsh5-169,Rapid Strike Urshifu VMAX,holofoil,Battle Styles,169,Rare Rainbow,PLANETA Tsuji,VMAX|Rapid Strike,892,Pokémon,2021/03/19,"tcgplayer,cardmarket",https://prices.pokemontcg.io/tcgplayer/swsh5-169,https://images.pokemontcg.io/swsh5/169_hires.png,2026/08/08,2025/11/18,10.13,8.0,11.600000381469727,99.62000274658203,,,,,,10.5545,5.6522,10.1508,0.0,7.832300186157227,9.8624,11.2466,74.9198,64.0423,64.0423,1.1535,2026-08-09
swsh5-171,Corviknight VMAX,holofoil,Battle Styles,171,Rare Rainbow,PLANETA Mochizuki,VMAX,823,Pokémon,2021/03/19,"tcgplayer,cardmarket",https://prices.pokemontcg.io/tcgplayer/swsh5-171,https://images.pokemontcg.io/swsh5/171_hires.png,2026/08/08,2025/11/18,12.68,8.0,12.6899995803833,107.4000015258789,,,,,,10.8775,5.7675,10.2892,0.0,13.830499649047852,10.8083,10.6583,27.1073,28.1339,28.1339,1.1535,2026-08-09
swsh5-172,Bruno,holofoil,Battle Styles,172,Rare Rainbow,Ryuta Fuse,Supporter|Single Strike,,Trainer,2021/03/19,"tcgplayer,cardmarket",https://prices.pokemontcg.io/tcgplayer/swsh5-172,https://images.pokemontcg.io/swsh5/172_hires.png,2026/08/08,2025/11/18,5.59,4.019999980926514,5.769999980926514,52.900001525878906,,,,,,7.2786,5.1907,6.5288,0.0,6.690299987792969,6.6672,7.1171,34.5473,25.8845,27.9378,1.1535,2026-08-09
swsh5-173,Cheryl,holofoil,Battle Styles,173,Rare Rainbow,Yuu Nishida,Supporter,,Trainer,2021/03/19,"tcgplayer,cardmarket",https://prices.pokemontcg.io/tcgplayer/swsh5-173,https://images.pokemontcg.io/swsh5/173_hires.png,2026/08/08,2025/11/18,7.8,6.329999923706055,8.899999618530273,57.959999084472656,,,,,,8.6397,5.6522,8.7781,0.0,8.07450008392334,8.3859,9.4472,32.5287,36.762,36.762,1.1535,2026-08-09
swsh5-174,Korrina's Focus,holofoil,Battle Styles,174,Rare Rainbow,Taira Akitsu,Supporter|Rapid Strike,,Trainer,2021/03/19,"tcgplayer,cardmarket",https://prices.pokemontcg.io/tcgplayer/swsh5-174,https://images.pokemontcg.io/swsh5/174_hires.png,2026/08/08,2025/11/18,6.78,5.0,7.0,4318.8701171875,,,,,,8.0168,2.8838,7.3478,0.0,6.851799964904785,7.2555,7.7631,27.1073,31.8366,31.8366,1.1535,2026-08-09
swsh5-175,Phoebe,holofoil,Battle Styles,175,Rare Rainbow,Kagemaru Himeno,Supporter,,Trainer,2021/03/19,"tcgplayer,cardmarket",https://prices.pokemontcg.io/tcgplayer/swsh5-175,https://images.pokemontcg.io/swsh5/175_hires.png,2026/08/08,2025/11/18,8.62,6.889999866485596,9.989999771118164,2000.0,,,,,,9.4241,3.4605,10.5776,0.0,11.523500442504883,8.559,11.0159,26.5305,30.0487,30.0487,1.1535,2026-08-09
swsh5-176,Rapid Strike Style Mustard,holofoil,Battle Styles,176,Rare Rainbow,Naoki Saito,Supporter|Rapid Strike,,Trainer,2021/03/19,"tcgplayer,cardmarket",https://prices.pokemontcg.io/tcgplayer/swsh5-176,https://images.pokemontcg.io/swsh5/176_hires.png,2026/08/08,2025/11/18,3.85,3.0999999046325684,4.019999980926514,24.989999771118164,,,,,,5.4907,3.4605,4.9024,0.0,4.613999843597412,4.3487,5.9175,19.6095,24.9963,24.9963,1.1535,2026-08-09
swsh5-177,Single Strike Style Mustard,holofoil,Battle Styles,177,Rare Rainbow,Mitsuhiro Arita,Supporter|Single Strike,,Trainer,2021/03/19,"tcgplayer,cardmarket",https://prices.pokemontcg.io/tcgplayer/swsh5-177,https://images.pokemontcg.io/swsh5/177_hires.png,2026/08/08,2025/11/18,3.65,2.75,4.559999942779541,96.94999694824219,,,,,,5.4676,3.4605,5.2369,0.0,6.344200134277344,5.7214,5.606,28.8375,25.8615,25.8615,1.1535,2026-08-09
swsh5-178,Octillery,holofoil,Battle Styles,178,Rare Secret,PLANETA Mochizuki,Stage 1|Rapid Strike,224,Pokémon,2021/03/19,"tcgplayer,cardmarket",https://prices.pokemontcg.io/tcgplayer/swsh5-178,https://images.pokemontcg.io/swsh5/178_hires.png,2026/08/08,2025/11/18,6.24,4.989999771118164,7.150000095367432,64.9000015258789,,,,,,8.8012,5.7675,8.8012,0.0,11.53499984741211,9.2857,8.8473,51.9075,43.51,40.9031,1.1535,2026-08-09
swsh5-179,Houndoom,holofoil,Battle Styles,179,Rare Secret,PLANETA Mochizuki,Stage 1|Single Strike,229,Pokémon,2021/03/19,"tcgplayer,cardmarket",https://prices.pokemontcg.io/tcgplayer/swsh5-179,https://images.pokemontcg.io/swsh5/179_hires.png,2026/08/08,2025/11/18,26.55,21.200000762939453,27.389999389648438,204.77999877929688,,,,,,22.3664,11.4197,22.4932,0.0,19.897899627685547,21.1206,22.1357,91.6456,81.2871,86.4202,1.1535,2026-08-09
swsh5-180,Exp. Share,holofoil,Battle Styles,180,Rare Secret,Toyste Beach,Pokémon Tool,,Trainer,2021/03/19,"tcgplayer,cardmarket",https://prices.pokemontcg.io/tcgplayer/swsh5-180,https://images.pokemontcg.io/swsh5/180_hires.png,2026/08/08,2025/11/18,3.29,2.0,4.0,318.0,,,,,,7.8323,5.7444,7.7746,0.0,5.179200172424316,7.1748,7.4631,18.456,17.8446,19.4711,1.1535,2026-08-09
swsh5-181,Level Ball,holofoil,Battle Styles,181,Rare Secret,Ryo Ueda,Item,,Trainer,2021/03/19,"tcgplayer,cardmarket",https://prices.pokemontcg.io/tcgplayer/swsh5-181,https://images.pokemontcg.io/swsh5/181_hires.png,2026/08/08,2025/11/18,7.35,6.0,7.989999771118164,55.0,,,,,,9.9547,5.756,10.0354,0.0,11.523500442504883,10.3238,9.7471,32.1826,26.0114,29.5296,1.1535,2026-08-09
swsh5-182,Rapid Strike Energy,holofoil,Battle Styles,182,Rare Secret,,Special|Rapid Strike,,Energy,2021/03/19,"tcgplayer,cardmarket",https://prices.pokemontcg.io/tcgplayer/swsh5-182,https://images.pokemontcg.io/swsh5/182_hires.png,2026/08/08,2025/11/18,2.64,1.7400000095367432,2.8499999046325684,36.0,,,,,,4.2795,2.307,4.3833,0.0,8.651200294494629,4.3141,4.3833,32.2403,27.834,28.3992,1.1535,2026-08-09
swsh5-183,Single Strike Energy,holofoil,Battle Styles,183,Rare Secret,,Special|Single Strike,,Energy,2021/03/19,"tcgplayer,cardmarket",https://prices.pokemontcg.io/tcgplayer/swsh5-183,https://images.pokemontcg.io/swsh5/183_hires.png,2026/08/08,2025/11/18,2.42,1.399999976158142,2.950000047683716,45.9900016784668,,,,,,4.4986,2.2955,4.3718,0.0,4.602499961853027,4.3948,4.6371,18.456,20.2901,18.8136,1.1535,2026-08-09
swsh6-1,Weedle,normal,Chilling Reign,1,Common,Sanosuke Sakuma,Basic|Single Strike,13,Pokémon,2021/06/18,"tcgplayer,cardmarket",https://prices.pokemontcg.io/tcgplayer/swsh6-1,https://images.pokemontcg.io/swsh6/1_hires.png,2026/08/08,2026/07/01,0.14,0.009999999776482582,0.15000000596046448,999.0,,0.22,,,,0.0577,0.0231,0.0692,0.2076,0.03460000082850456,0.0577,0.0461,0.1269,0.1615,0.2768,1.1535,2026-08-09
swsh6-2,Kakuna,normal,Chilling Reign,2,Uncommon,nagimiso,Stage 1|Single Strike,14,Pokémon,2021/06/18,"tcgplayer,cardmarket",https://prices.pokemontcg.io/tcgplayer/swsh6-2,https://images.pokemontcg.io/swsh6/2_hires.png,2026/08/08,2026/07/01,0.12,0.009999999776482582,0.1599999964237213,999.0,,0.25,,,,0.0692,0.0231,0.1038,0.2192,0.05770000070333481,0.0807,0.0577,0.1154,0.2768,0.2192,1.1535,2026-08-09
swsh6-3,Beedrill,holofoil,Chilling Reign,3,Rare Holo,Misa Tsutsui,Stage 2|Single Strike,15,Pokémon,2021/06/18,"tcgplayer,cardmarket",https://prices.pokemontcg.io/tcgplayer/swsh6-3,https://images.pokemontcg.io/swsh6/3_hires.png,2026/08/08,2026/07/01,0.29,0.07999999821186066,0.3100000023841858,999.0,,0.32,,,,0.4268,0.0577,0.5537,0.646,0.51910001039505,0.4499,0.4153,0.4037,0.4268,0.6229,1.1535,2026-08-09
swsh6-4,Ledyba,normal,Chilling Reign,4,Common,Naoyo Kimura,Basic,165,Pokémon,2021/06/18,"tcgplayer,cardmarket",https://prices.pokemontcg.io/tcgplayer/swsh6-4,https://images.pokemontcg.io/swsh6/4_hires.png,2026/08/08,2026/07/01,0.13,0.009999999776482582,0.1599999964237213,999.0,,0.25,,,,0.0577,0.0231,0.0577,0.2653,0.1615000069141388,0.0577,0.0577,0.2884,0.2192,0.2422,1.1535,2026-08-09
swsh6-5,Ledian,normal,Chilling Reign,5,Uncommon,Sekio,Stage 1,166,Pokémon,2021/06/18,"tcgplayer,cardmarket",https://prices.pokemontcg.io/tcgplayer/swsh6-5,https://images.pokemontcg.io/swsh6/5_hires.png,2026/08/08,2026/07/01,0.18,0.009999999776482582,0.20000000298023224,999.0,,0.24,,,,0.0577,0.0231,0.0692,0.1961,0.04610000178217888,0.0577,0.0461,0.1154,0.1961,0.1846,1.1535,2026-08-09
swsh6-6,Heracross,normal,Chilling Reign,6,Common,Hasuno,Basic|Single Strike,214,Pokémon,2021/06/18,"tcgplayer,cardmarket",https://prices.pokemontcg.io/tcgplayer/swsh6-6,https://images.pokemontcg.io/swsh6/6_hires.png,2026/08/08,2026/06/30,0.04,0.009999999776482582,0.15000000596046448,999.0,,0.25,,,,0.0461,0.0231,0.0461,0.323,0.03460000082850456,0.0461,0.0346,0.4037,0.2422,0.2422,1.1535,2026-08-09
swsh6-7,Celebi V,holofoil,Chilling Reign,7,Rare Holo V,AKIRA EGAWA,Basic|V,251,Pokémon,2021/06/18,"tcgplayer,cardmarket",https://prices.pokemontcg.io/tcgplayer/swsh6-7,https://images.pokemontcg.io/swsh6/7_hires.png,2026/08/08,2026/06/30,1.35,0.699999988079071,1.7599999904632568,999.0,,,,,,2.2609,0.5767,2.134,0.0,2.676100015640259,2.3993,2.2609,0.0,0.0,0.0,1.1535,2026-08-09
swsh6-8,Celebi VMAX,holofoil,Chilling Reign,8,Rare Holo VMAX,PLANETA Tsuji,VMAX,251,Pokémon,2021/06/18,"tcgplayer,cardmarket",https://prices.pokemontcg.io/tcgplayer/swsh6-8,https://images.pokemontcg.io/swsh6/8_hires.png,2026/08/08,2026/06/29,4.13,2.4600000381469727,4.269999980926514,999.0,,,,,,4.0488,1.7187,3.7027,0.0,4.210299968719482,3.5874,4.0257,0.0,0.0,0.0,1.1535,2026-08-09
swsh6-9,Snover,normal,Chilling Reign,9,Common,Naoki Saito,Basic|Single Strike,459,Pokémon,2021/06/18,"tcgplayer,cardmarket",https://prices.pokemontcg.io/tcgplayer/swsh6-9,https://images.pokemontcg.io/swsh6/9_hires.png,2026/08/08,2026/06/29,0.05,0.009999999776482582,0.15000000596046448,999.0,,0.2,,,,0.0346,0.0231,0.0346,0.1269,0.023099999874830246,0.0346,0.0346,0.0577,0.1384,0.1384,1.1535,2026-08-09
swsh6-10,Abomasnow,normal,Chilling Reign,10,Rare,Akira Komayama,Stage 1|Single Strike,460,Pokémon,2021/06/18,"tcgplayer,cardmarket",https://prices.pokemontcg.io/tcgplayer/swsh6-10,https://images.pokemontcg.io/swsh6/10_hires.png,2026/08/08,2026/06/29,0.17,0.019999999552965164,0.20000000298023224,999.0,,0.25,,,,0.0692,0.0231,0.0461,0.3691,0.05770000070333481,0.0807,0.1038,0.2653,0.323,0.4499,1.1535,2026-08-09
swsh6-11,Deerling,normal,Chilling Reign,11,Common,Lee HyunJung,Basic,585,Pokémon,2021/06/18,"tcgplayer,cardmarket",https://prices.pokemontcg.io/tcgplayer/swsh6-11,https://images.pokemontcg.io/swsh6/11_hires.png,2026/08/08,2026/06/29,0.17,0.009999999776482582,0.17000000178813934,999.0,,0.24,,,,0.0461,0.0231,0.0461,0.2192,0.04610000178217888,0.0346,0.0346,0.0577,0.1615,0.2192,1.1535,2026-08-09
swsh6-12,Sawsbuck,normal,Chilling Reign,12,Rare,Sekio,Stage 1,586,Pokémon,2021/06/18,"tcgplayer,cardmarket",https://prices.pokemontcg.io/tcgplayer/swsh6-12,https://images.pokemontcg.io/swsh6/12_hires.png,2026/08/08,2026/06/27,0.23,0.03999999910593033,0.23999999463558197,999.0,,0.29,,,,0.1615,0.0231,0.2538,0.4268,0.11540000140666962,0.2076,0.1846,0.2884,0.346,0.4037,1.1535,2026-08-09
swsh6-13,Bounsweet,normal,Chilling Reign,13,Common,MAHOU,Basic,761,Pokémon,2021/06/18,"tcgplayer,cardmarket",https://prices.pokemontcg.io/tcgplayer/swsh6-13,https://images.pokemontcg.io/swsh6/13_hires.png,2026/08/08,2026/06/27,0.14,0.009999999776482582,0.1599999964237213,999.0,,0.26,,,,0.0346,0.0231,0.0346,0.2192,0.023099999874830246,0.0346,0.0346,0.2307,0.2653,0.2307,1.1535,2026-08-09
swsh6-14,Steenee,normal,Chilling Reign,14,Uncommon,Tomokazu Komiya,Stage 1,762,Pokémon,2021/06/18,"tcgplayer,cardmarket",https://prices.pokemontcg.io/tcgplayer/swsh6-14,https://images.pokemontcg.io/swsh6/14_hires.png,2026/08/08,2026/06/27,0.2,0.019999999552965164,0.20000000298023224,999.0,,0.3,,,,0.0577,0.0231,0.0577,0.2307,0.03460000082850456,0.0346,0.0577,0.15,0.2307,0.2538,1.1535,2026-08-09
swsh6-15,Tsareena,normal,Chilling Reign,15,Rare,Yuu Nishida,Stage 2,763,Pokémon,2021/06/18,"tcgplayer,cardmarket",https://prices.pokemontcg.io/tcgplayer/swsh6-15,https://images.pokemontcg.io/swsh6/15_hires.png,2026/08/08,2026/06/27,0.23,0.019999999552965164,0.23000000417232513,999.0,,0.25,,,,0.1038,0.0231,0.1154,0.3922,0.17299999296665192,0.1154,0.1038,0.1846,0.2999,0.3922,1.1535,2026-08-09
swsh6-16,Grookey,normal,Chilling Reign,16,Common,kodama,Basic|Rapid Strike,810,Pokémon,2021/06/18,"tcgplayer,cardmarket",https://prices.pokemontcg.io/tcgplayer/swsh6-16,https://images.pokemontcg.io/swsh6/16_hires.png,2026/08/08,2026/06/27,0.06,0.009999999776482582,0.15000000596046448,999.0,,0.23,,,,0.0346,0.0231,0.0461,0.15,0.03460000082850456,0.0577,0.0346,0.2307,0.2076,0.1615,1.1535,2026-08-09
swsh6-17,Thwackey,normal,Chilling Reign,17,Uncommon,Kouki Saitou,Stage 1|Rapid Strike,811,Pokémon,2021/06/18,"tcgplayer,cardmarket",https://prices.pokemontcg.io/tcgplayer/swsh6-17,https://images.pokemontcg.io/swsh6/17_hires.png,2026/08/08,2026/05/24,0.12,0.009999999776482582,0.15000000596046448,999.0,,0.2,,,,0.0461,0.0231,0.0461,0.173,0.023099999874830246,0.0346,0.0461,0.2307,0.2422,0.1961,1.1535,2026-08-09
swsh6-18,Rillaboom,holofoil,Chilling Reign,18,Rare Holo,Hitoshi Ariga,Stage 2|Rapid Strike,812,Pokémon,2021/06/18,"tcgplayer,cardmarket",https://prices.pokemontcg.io/tcgplayer/swsh6-18,https://images.pokemontcg.io/swsh6/18_hires.png,2026/08/08,2026/05/17,0.28,0.09000000357627869,0.30000001192092896,999.0,,0.35,,,,0.3114,0.0231,0.346,0.3922,0.57669997215271,0.4383,0.3576,0.2884,0.4499,0.4845,1.1535,2026-08-09
swsh6-19,Zarude,holofoil,Chilling Reign,19,Rare Holo,Shin Nagasawa,Basic,893,Pokémon,2021/06/18,"tcgplayer,cardmarket",https://prices.pokemontcg.io/tcgplayer/swsh6-19,https://images.pokemontcg.io/swsh6/19_hires.png,2026/08/08,2026/05/17,0.3,0.12999999523162842,0.3199999928474426,999.0,,0.36,,,,0.346,0.0231,0.4614,0.4729,0.28839999437332153,0.4383,0.3807,0.2884,0.5652,0.4153,1.1535,2026-08-09
swsh6-20,Blaziken V,holofoil,Chilling Reign,20,Rare Holo V,Ayaka Yoshida,Basic|V|Rapid Strike,257,Pokémon,2021/06/18,"tcgplayer,cardmarket",https://prices.pokemontcg.io/tcgplayer/swsh6-20,https://images.pokemontcg.io/swsh6/20_hires.png,2026/08/08,2026/05/17,1.2,0.5899999737739563,1.3899999856948853,999.0,,,,,,1.3611,0.5191,1.5111,0.0,1.3035000562667847,1.3381,1.3496,1.7187,1.4419,1.3265,1.1535,2026-08-09
swsh6-21,Blaziken VMAX,holofoil,Chilling Reign,21,Rare Holo VMAX,AKIRA EGAWA,VMAX|Rapid Strike,257,Pokémon,2021/06/18,"tcgplayer,cardmarket",https://prices.pokemontcg.io/tcgplayer/swsh6-21,https://images.pokemontcg.io/swsh6/21_hires.png,2026/08/08,2026/05/14,4.31,3.359999895095825,5.0,999.0,,,,,,3.6681,1.142,3.3798,5.756,2.5838000774383545,3.7143,3.6335,5.756,4.1526,3.4144,1.1535,2026-08-09
swsh6-22,Castform Sunny Form,normal,Chilling Reign,22,Common,Yuka Morii,Basic,351,Pokémon,2021/06/18,"tcgplayer,cardmarket",https://prices.pokemontcg.io/tcgplayer/swsh6-22,https://images.pokemontcg.io/swsh6/22_hires.png,2026/08/08,2026/05/14,0.3,0.03999999910593033,0.28999999165534973,999.0,,0.44,,,,0.0577,0.0231,0.0577,0.2192,0.09229999780654907,0.0577,0.0577,0.3345,0.2884,0.2653,1.1535,2026-08-09
swsh6-23,Larvesta,normal,Chilling Reign,23,Common,Misa Tsutsui,Basic,636,Pokémon,2021/06/18,"tcgplayer,cardmarket",https://prices.pokemontcg.io/tcgplayer/swsh6-23,https://images.pokemontcg.io/swsh6/23_hires.png,2026/08/08,2026/05/14,0.12,0.009999999776482582,0.15000000596046448,999.0,,0.25,,,,0.0346,0.0231,0.0461,0.15,0.04610000178217888,0.0461,0.0461,0.2307,0.15,0.1846,1.1535,2026-08-09
swsh6-24,Volcarona,normal,Chilling Reign,24,Rare,Mika Pikazo,Stage 1,637,Pokémon,2021/06/18,"tcgplayer,cardmarket",https://prices.pokemontcg.io/tcgplayer/swsh6-24,https://images.pokemontcg.io/swsh6/24_hires.png,2026/08/08,2026/05/14,0.18,0.009999999776482582,0.20000000298023224,999.0,,0.24,,,,0.0577,0.0231,0.1269,0.15,0.6575000286102295,0.2307,0.1154,0.346,0.1615,0.2192,1.1535,2026-08-09
swsh6-25,Volcanion V,holofoil,Chilling Reign,25,Rare Holo V,Ryota Murayama,Basic|V|Single Strike,721,Pokémon,2021/06/18,"tcgplayer,cardmarket",https://prices.pokemontcg.io/tcgplayer/swsh6-25,https://images.pokemontcg.io/swsh6/25_hires.png,2026/08/08,2026/05/14,0.77,0.5,0.9900000095367432,999.0,,,,,,1.0843,0.2307,0.8536,0.0,0.8073999881744385,1.0035,1.1074,0.0,0.0,0.0,1.1535,2026-08-09
swsh6-26,Scorbunny,normal,Chilling Reign,26,Common,tetsuya koizumi,Basic|Single Strike,813,Pokémon,2021/06/18,"tcgplayer,cardmarket",https://prices.pokemontcg.io/tcgplayer/swsh6-26,https://images.pokemontcg.io/swsh6/26_hires.png,2026/08/08,2026/05/14,0.09,0.009999999776482582,0.15000000596046448,999.0,,0.27,,,,0.0461,0.0231,0.0692,0.2538,0.05770000070333481,0.0346,0.0461,0.1154,0.2192,0.2422,1.1535,2026-08-09
swsh6-27,Raboot,normal,Chilling Reign,27,Uncommon,Souichirou Gunjima,Stage 1|Single Strike,814,Pokémon,2021/06/18,"tcgplayer,cardmarket",https://prices.pokemontcg.io/tcgplayer/swsh6-27,https://images.pokemontcg.io/swsh6/27_hires.png,2026/08/08,2026/05/14,0.04,0.009999999776482582,0.1599999964237213,999.0,,0.19,,,,0.0692,0.0231,0.0346,0.2768,0.05770000070333481,0.0461,0.0577,0.2884,0.2653,0.2538,1.1535,2026-08-09
swsh6-28,Cinderace,holofoil,Chilling Reign,28,Rare Holo,Ryuta Fuse,Stage 2|Single Strike,815,Pokémon,2021/06/18,"tcgplayer,cardmarket",https://prices.pokemontcg.io/tcgplayer/swsh6-28,https://images.pokemontcg.io/swsh6/28_hires.png,2026/08/08,2026/03/11,0.41,0.07999999821186066,0.4000000059604645,999.0,,0.34,,,,0.4268,0.0231,0.346,0.5075,0.25380000472068787,0.2884,0.3807,0.4499,0.3691,0.5421,1.1535,2026-08-09
swsh6-29,Lapras,normal,Chilling Reign,29,Common,Atsushi Furusawa,Basic,131,Pokémon,2021/06/18,"tcgplayer,cardmarket",https://prices.pokemontcg.io/tcgplayer/swsh6-29,https://images.pokemontcg.io/swsh6/29_hires.png,2026/08/08,2026/03/11,0.2,0.009999999776482582,0.20000000298023224,999.0,,0.31,,,,0.0577,0.0231,0.0807,0.2307,0.023099999874830246,0.1038,0.0692,0.0923,0.2538,0.2307,1.1535,2026-08-09
swsh6-30,Sneasel,normal,Chilling Reign,30,Common,NC Empire,Basic|Rapid Strike,215,Pokémon,2021/06/18,"tcgplayer,cardmarket",https://prices.pokemontcg.io/tcgplayer/swsh6-30,https://images.pokemontcg.io/swsh6/30_hires.png,2026/08/08,2026/03/11,0.09,0.009999999776482582,0.15000000596046448,999.0,,0.22,,,,0.0346,0.0231,0.0461,0.173,0.11540000140666962,0.0346,0.0346,0.1154,0.1846,0.1615,1.1535,2026-08-09
swsh6-31,Weavile,holofoil,Chilling Reign,31,Rare Holo,Taira Akitsu,Stage 1|Rapid Strike,461,Pokémon,2021/06/18,"tcgplayer,cardmarket",https://prices.pokemontcg.io/tcgplayer/swsh6-31,https://images.pokemontcg.io/swsh6/31_hires.png,2026/08/08,2026/03/11,0.29,0.029999999329447746,0.28999999165534973,999.0,,0.32,,,,0.3922,0.0577,0.3691,0.4153,0.28839999437332153,0.4499,0.3807,0.1154,0.2999,0.5306,1.1535,2026-08-09
swsh6-32,Delibird,normal,Chilling Reign,32,Common,Narumi Sato,Basic,225,Pokémon,2021/06/18,"tcgplayer,cardmarket",https://prices.pokemontcg.io/tcgplayer/swsh6-32,https://images.pokemontcg.io/swsh6/32_hires.png,2026/08/08,2026/02/26,0.15,0.009999999776482582,0.18000000715255737,999.0,,0.32,,,,0.0461,0.0231,0.0346,0.2884,0.04610000178217888,0.0461,0.0461,0.1154,0.2307,0.2538,1.1535,2026-08-09
swsh6-33,Castform Rainy Form,normal,Chilling Reign,33,Common,sowsow,Basic,351,Pokémon,2021/06/18,"tcgplayer,cardmarket",https://prices.pokemontcg.io/tcgplayer/swsh6-33,https://images.pokemontcg.io/swsh6/33_hires.png,2026/08/08,2026/02/26,0.17,0.009999999776482582,0.1899999976158142,999.0,,0.28,,,,0.0577,0.0231,0.0807,0.3114,0.023099999874830246,0.0923,0.0692,0.1154,0.2076,0.2538,1.1535,2026-08-09
swsh6-34,Castform Snowy Form,normal,Chilling Reign,34,Common,miki kudo,Basic,351,Pokémon,2021/06/18,"tcgplayer,cardmarket",https://prices.pokemontcg.io/tcgplayer/swsh6-34,https://images.pokemontcg.io/swsh6/34_hires.png,2026/08/08,2026/02/26,0.13,0.009999999776482582,0.1899999976158142,999.0,,0.26,,,,0.0577,0.0231,0.0807,0.1961,0.023099999874830246,0.0461,0.0577,0.173,0.2076,0.2076,1.1535,2026-08-09
swsh6-35,Snorunt,normal,Chilling Reign,35,Common,Kouki Saitou,Basic,361,Pokémon,2021/06/18,"tcgplayer,cardmarket",https://prices.pokemontcg.io/tcgplayer/swsh6-35,https://images.pokemontcg.io/swsh6/35_hires.png,2026/08/08,2026/02/24,0.06,0.009999999776482582,0.15000000596046448,999.0,,0.22,,,,0.0231,0.0231,0.0346,0.1961,0.023099999874830246,0.0461,0.0346,0.4614,0.2307,0.1961,1.1535,2026-08-09
swsh6-36,Froslass,holofoil,Chilling Reign,36,Rare Holo,Souichirou Gunjima,Stage 1,478,Pokémon,2021/06/18,"tcgplayer,cardmarket",https://prices.pokemontcg.io/tcgplayer/swsh6-36,https://images.pokemontcg.io/swsh6/36_hires.png,2026/08/08,2026/02/24,0.25,0.07999999821186066,0.3199999928474426,999.0,,0.38,,,,0.346,0.0231,0.346,0.4153,0.11540000140666962,0.5306,0.4845,0.8074,0.4729,0.5191,1.1535,2026-08-09
swsh6-37,Spheal,normal,Chilling Reign,37,Common,kirisAki,Basic,363,Pokémon,2021/06/18,"tcgplayer,cardmarket",https://prices.pokemontcg.io/tcgplayer/swsh6-37,https://images.pokemontcg.io/swsh6/37_hires.png,2026/08/08,2026/02/24,0.19,0.009999999776482582,0.20000000298023224,999.0,,0.29,,,,0.0346,0.0231,0.0346,0.1961,0.023099999874830246,0.0461,0.0346,0.1154,0.1384,0.2192,1.1535,2026-08-09
swsh6-38,Sealeo,normal,Chilling Reign,38,Uncommon,tetsuya koizumi,Stage 1,364,Pokémon,2021/06/18,"tcgplayer,cardmarket",https://prices.pokemontcg.io/tcgplayer/swsh6-38,https://images.pokemontcg.io/swsh6/38_hires.png,2026/08/08,2026/02/24,0.11,0.009999999776482582,0.15000000596046448,999.0,,0.25,,,,0.0461,0.0231,0.0346,0.3345,0.05770000070333481,0.0346,0.0461,0.1154,0.1961,0.2653,1.1535,2026-08-09
swsh6-39,Walrein,normal,Chilling Reign,39,Rare,KEIICHIRO ITO,Stage 2,365,Pokémon,2021/06/18,"tcgplayer,cardmarket",https://prices.pokemontcg.io/tcgplayer/swsh6-39,https://images.pokemontcg.io/swsh6/39_hires.png,2026/08/08,2026/02/24,0.22,0.029999999329447746,0.2199999988079071,999.0,,0.31,,,,0.1384,0.0231,0.0923,0.4153,0.023099999874830246,0.1384,0.1384,0.346,0.346,0.4268,1.1535,2026-08-09
swsh6-40,Tapu Fini,holofoil,Chilling Reign,40,Rare Holo,Shin Nagasawa,Basic|Rapid Strike,788,Pokémon,2021/06/18,"tcgplayer,cardmarket",https://prices.pokemontcg.io/tcgplayer/swsh6-40,https://images.pokemontcg.io/swsh6/40_hires.png,2026/08/08,2026/02/22,0.57,0.10000000149011612,0.5299999713897705,999.0,,0.71,,,,0.5767,0.0577,0.4729,0.7728,0.20759999752044678,0.4499,0.5537,1.142,0.5883,0.7036,1.1535,2026-08-09
swsh6-41,Sobble,normal,Chilling Reign,41,Common,Yuu Nishida,Basic|Rapid Strike,816,Pokémon,2021/06/18,"tcgplayer,cardmarket",https://prices.pokemontcg.io/tcgplayer/swsh6-41,https://images.pokemontcg.io/swsh6/41_hires.png,2026/08/08,2026/02/22,0.06,0.009999999776482582,0.17000000178813934,999.0,,0.26,,,,0.1154,0.0231,0.0577,0.1961,0.023099999874830246,0.1038,0.1038,0.5191,0.1615,0.2076,1.1535,2026-08-09
swsh6-42,Drizzile,normal,Chilling Reign,42,Uncommon,Mitsuhiro Arita,Stage 1|Rapid Strike,817,Pokémon,2021/06/18,"tcgplayer,cardmarket",https://prices.pokemontcg.io/tcgplayer/swsh6-42,https://images.pokemontcg.io/swsh6/42_hires.png,2026/08/08,2026/02/22,0.15,0.009999999776482582,0.17000000178813934,999.0,,0.25,,,,0.0577,0.0231,0.0461,0.1961,0.023099999874830246,0.0346,0.0577,0.1384,0.15,0.173,1.1535,2026-08-09
swsh6-43,Inteleon,holofoil,Chilling Reign,43,Rare Holo,NC Empire,Stage 2|Rapid Strike,818,Pokémon,2021/06/18,"tcgplayer,cardmarket",https://prices.pokemontcg.io/tcgplayer/swsh6-43,https://images.pokemontcg.io/swsh6/43_hires.png,2026/08/08,2026/02/22,0.34,0.15000000596046448,0.36000001430511475,999.0,,0.46,,,,0.5767,0.0231,0.5537,0.8074,1.7763999700546265,0.5767,0.5306,0.5421,0.7382,0.7036,1.1535,2026-08-09
swsh6-44,Rapid Strike Urshifu,holofoil,Chilling Reign,44,Rare Holo,Naoki Saito,Stage 1|Rapid Strike,892,Pokémon,2021/06/18,"tcgplayer,cardmarket",https://prices.pokemontcg.io/tcgplayer/swsh6-44,https://images.pokemontcg.io/swsh6/44_hires.png,2026/08/08,2026/02/22,0.37,0.05000000074505806,0.3700000047683716,999.0,,0.38,,,,0.5883,0.0577,0.4845,0.5652,0.17299999296665192,0.3345,0.5421,1.1535,0.4729,0.6575,1.1535,2026-08-09
swsh6-45,Ice Rider Calyrex V,holofoil,Chilling Reign,45,Rare Holo V,D.A.G Inc.,Basic|V,898,Pokémon,2021/06/18,"tcgplayer,cardmarket",https://prices.pokemontcg.io/tcgplayer/swsh6-45,https://images.pokemontcg.io/swsh6/45_hires.png,2026/08/08,2026/02/19,0.71,0.44999998807907104,0.9900000095367432,999.0,,,,,,0.6229,0.173,0.9228,0.0,1.5226000547409058,1.0266,0.6806,0.0,0.0,0.0,1.1535,2026-08-09
swsh6-46,Ice Rider Calyrex VMAX,holofoil,Chilling Reign,46,Rare Holo VMAX,5ban Graphics,VMAX,898,Pokémon,2021/06/18,"tcgplayer,cardmarket",https://prices.pokemontcg.io/tcgplayer/swsh6-46,https://images.pokemontcg.io/swsh6/46_hires.png,2026/08/08,2026/02/19,1.41,0.800000011920929,1.75,999.0,,,,,,1.4765,0.2307,1.4188,0.0,1.1649999618530273,1.3727,1.5111,0.0,0.0,0.0,1.1535,2026-08-09
swsh6-47,Mareep,normal,Chilling Reign,47,Common,Miki Tanaka,Basic,179,Pokémon,2021/06/18,"tcgplayer,cardmarket",https://prices.pokemontcg.io/tcgplayer/swsh6-47,https://images.pokemontcg.io/swsh6/47_hires.png,2026/08/08,2026/02/19,0.18,0.009999999776482582,0.1899999976158142,999.0,,0.32,,,,0.0461,0.0231,0.0577,0.2307,0.03460000082850456,0.0461,0.0461,0.4499,0.2768,0.2307,1.1535,2026-08-09
swsh6-48,Flaaffy,normal,Chilling Reign,48,Uncommon,sui,Stage 1,180,Pokémon,2021/06/18,"tcgplayer,cardmarket",https://prices.pokemontcg.io/tcgplayer/swsh6-48,https://images.pokemontcg.io/swsh6/48_hires.png,2026/08/08,2026/02/19,0.07,0.009999999776482582,0.17000000178813934,999.0,,0.28,,,,0.0923,0.0231,0.0577,0.2192,0.10379999876022339,0.0577,0.0807,0.0577,0.2538,0.2076,1.1535,2026-08-09
swsh6-49,Ampharos,normal,Chilling Reign,49,Rare,Megumi Mizutani,Stage 2,181,Pokémon,2021/06/18,"tcgplayer,cardmarket",https://prices.pokemontcg.io/tcgplayer/swsh6-49,https://images.pokemontcg.io/swsh6/49_hires.png,2026/08/08,2026/02/19,0.28,0.03999999910593033,0.2800000011920929,999.0,,0.35,,,,0.1038,0.0231,0.0807,0.3345,0.03460000082850456,0.0692,0.1038,0.2192,0.2422,0.2884,1.1535,2026-08-09
swsh6-50,Blitzle,normal,Chilling Reign,50,Common,HYOGONOSUKE,Basic|Rapid Strike,522,Pokémon,2021/06/18,"tcgplayer,cardmarket",https://prices.pokemontcg.io/tcgplayer/swsh6-50,https://images.pokemontcg.io/swsh6/50_hires.png,2026/08/08,2026/02/19,0.07,0.009999999776482582,0.15000000596046448,999.0,,0.25,,,,0.0346,0.0231,0.0346,0.1961,0.06920000165700912,0.0461,0.0461,0.1384,0.1846,0.1846,1.1535,2026-08-09
swsh6-51,Zebstrika,normal,Chilling Reign,51,Rare,Hasuno,Stage 1|Rapid Strike,523,Pokémon,2021/06/18,"tcgplayer,cardmarket",https://prices.pokemontcg.io/tcgplayer/swsh6-51,https://images.pokemontcg.io/swsh6/51_hires.png,2026/08/08,2026/02/19,0.17,0.019999999552965164,0.20000000298023224,999.0,,0.3,,,,0.0692,0.0231,0.0461,0.3807,0.023099999874830246,0.0577,0.0807,0.0923,0.2192,0.2653,1.1535,2026-08-09
swsh6-52,Thundurus,holofoil,Chilling Reign,52,Rare Holo,Souichirou Gunjima,Basic,642,Pokémon,2021/06/18,"tcgplayer,cardmarket",https://prices.pokemontcg.io/tcgplayer/swsh6-52,https://images.pokemontcg.io/swsh6/52_hires.png,2026/08/08,2026/02/19,0.23,0.029999999329447746,0.25,999.0,,0.22,,,,0.2307,0.0231,0.3114,0.3576,0.05770000070333481,0.2653,0.2422,0.346,0.3576,0.3576,1.1535,2026-08-09
swsh6-53,Zeraora V,holofoil,Chilling Reign,53,Rare Holo V,chibi,Basic|V|Rapid Strike,807,Pokémon,2021/06/18,"tcgplayer,cardmarket",https://prices.pokemontcg.io/tcgplayer/swsh6-53,https://images.pokemontcg.io/swsh6/53_hires.png,2026/08/08,2026/02/19,0.98,0.5899999737739563,1.0700000524520874,999.0,,,,,,1.2112,0.1154,1.1304,0.0,1.1303999423980713,1.1881,1.1766,0.0,0.0,0.0,1.1535,2026-08-09
swsh6-54,Galarian Slowpoke,normal,Chilling Reign,54,Common,Naoyo Kimura,Basic,79,Pokémon,2021/06/18,"tcgplayer,cardmarket",https://prices.pokemontcg.io/tcgplayer/swsh6-54,https://images.pokemontcg.io/swsh6/54_hires.png,2026/08/08,2026/02/01,0.19,0.009999999776482582,0.20000000298023224,999.0,,0.42,,,,0.0461,0.0231,0.0461,0.2307,0.03460000082850456,0.0346,0.0461,0.2653,0.2192,0.2192,1.1535,2026-08-09
swsh6-55,Gastly,normal,Chilling Reign,55,Common,Motofumi Fujiwara,Basic,92,Pokémon,2021/06/18,"tcgplayer,cardmarket",https://prices.pokemontcg.io/tcgplayer/swsh6-55,https://images.pokemontcg.io/swsh6/55_hires.png,2026/08/08,2026/02/01,0.22,0.009999999776482582,0.20000000298023224,999.0,,0.33,,,,0.0577,0.0231,0.0807,0.3345,0.15000000596046448,0.0692,0.0577,0.1154,0.2653,0.2884,1.1535,2026-08-09
swsh6-56,Haunter,normal,Chilling Reign,56,Uncommon,Kagemaru Himeno,Stage 1,93,Pokémon,2021/06/18,"tcgplayer,cardmarket",https://prices.pokemontcg.io/tcgplayer/swsh6-56,https://images.pokemontcg.io/swsh6/56_hires.png,2026/08/08,2026/02/01,0.2,0.009999999776482582,0.20999999344348907,999.0,,0.36,,,,0.0923,0.0231,0.1154,0.323,0.219200000166893,0.0923,0.0923,0.4037,0.2999,0.323,1.1535,2026-08-09
swsh6-57,Gengar,holofoil,Chilling Reign,57,Rare Holo,Aya Kusube,Stage 2,94,Pokémon,2021/06/18,"tcgplayer,cardmarket",https://prices.pokemontcg.io/tcgplayer/swsh6-57,https://images.pokemontcg.io/swsh6/57_hires.png,2026/08/08,2026/02/01,3.58,1.5,4.239999771118164,999.0,,3.96,,,,2.6184,0.5767,2.2263,3.3913,1.3841999769210815,2.7569,2.6761,4.6025,3.5528,3.2759,1.1535,2026-08-09
swsh6-58,Galarian Articuno V,holofoil,Chilling Reign,58,Rare Holo V,5ban Graphics,Basic|V,144,Pokémon,2021/06/18,"tcgplayer,cardmarket",https://prices.pokemontcg.io/tcgplayer/swsh6-58,https://images.pokemontcg.io/swsh6/58_hires.png,2026/08/08,2026/02/01,1.64,0.699999988079071,1.7999999523162842,999.0,,,,,,1.4765,0.2307,1.3611,0.0,1.153499960899353,1.3611,1.5111,0.0,0.0,0.0,1.1535,2026-08-09
swsh6-59,Ralts,normal,Chilling Reign,59,Common,Narumi Sato,Basic,280,Pokémon,2021/06/18,"tcgplayer,cardmarket",https://prices.pokemontcg.io/tcgplayer/swsh6-59,https://images.pokemontcg.io/swsh6/59_hires.png,2026/08/08,2026/02/01,0.16,0.009999999776482582,0.18000000715255737,999.0,,0.34,,,,0.0346,0.0231,0.0346,0.173,0.08070000261068344,0.0346,0.0346,0.1154,0.15,0.2076,1.1535,2026-08-09
swsh6-60,Kirlia,normal,Chilling Reign,60,Uncommon,0313,Stage 1,281,Pokémon,2021/06/18,"tcgplayer,cardmarket",https://prices.pokemontcg.io/tcgplayer/swsh6-60,https://images.pokemontcg.io/swsh6/60_hires.png,2026/08/08,2026/02/01,0.17,0.009999999776482582,0.18000000715255737,999.0,,0.43,,,,0.0461,0.0231,0.0461,0.1615,0.023099999874830246,0.0346,0.0461,1.142,0.2768,0.2076,1.1535,2026-08-09
swsh6-61,Gardevoir,holofoil,Chilling Reign,61,Rare Holo,kodama,Stage 2,282,Pokémon,2021/06/18,"tcgplayer,cardmarket",https://prices.pokemontcg.io/tcgplayer/swsh6-61,https://images.pokemontcg.io/swsh6/61_hires.png,2026/08/08,2026/02/01,1.23,0.4000000059604645,1.2300000190734863,999.0,,1.36,,,,1.1189,0.0577,1.0266,1.5226,0.6690000295639038,1.0843,1.0381,1.0266,1.5688,1.6034,1.1535,2026-08-09
swsh6-62,Shuppet,normal,Chilling Reign,62,Common,OKACHEKE,Basic|Single Strike,353,Pokémon,2021/06/18,"tcgplayer,cardmarket",https://prices.pokemontcg.io/tcgplayer/swsh6-62,https://images.pokemontcg.io/swsh6/62_hires.png,2026/08/08,2026/02/01,0.04,0.009999999776482582,0.15000000596046448,999.0,,0.25,,,,0.0461,0.0231,0.0461,0.1615,0.04610000178217888,0.0346,0.0461,0.0807,0.1384,0.2076,1.1535,2026-08-09
swsh6-63,Banette,normal,Chilling Reign,63,Rare,Megumi Higuchi,Stage 1|Single Strike,354,Pokémon,2021/06/18,"tcgplayer,cardmarket",https://prices.pokemontcg.io/tcgplayer/swsh6-63,https://images.pokemontcg.io/swsh6/63_hires.png,2026/08/08,2026/02/01,0.23,0.009999999776482582,0.23000000417232513,999.0,,0.2,,,,0.1384,0.0231,0.1038,0.2653,0.12690000236034393,0.0692,0.1154,0.2884,0.1615,0.2538,1.1535,2026-08-09
swsh6-64,Cresselia,holofoil,Chilling Reign,64,Rare Holo,Tika Matsuno,Basic,488,Pokémon,2021/06/18,"tcgplayer,cardmarket",https://prices.pokemontcg.io/tcgplayer/swsh6-64,https://images.pokemontcg.io/swsh6/64_hires.png,2026/08/08,2026/01/21,0.39,0.05000000074505806,0.38999998569488525,999.0,,0.56,,,,0.7267,0.0577,1.2112,0.6921,1.6726000308990479,1.0728,0.7844,0.5421,0.5421,0.5421,1.1535,2026-08-09
swsh6-65,Golett,normal,Chilling Reign,65,Common,0313,Basic,622,Pokémon,2021/06/18,"tcgplayer,cardmarket",https://prices.pokemontcg.io/tcgplayer/swsh6-65,https://images.pokemontcg.io/swsh6/65_hires.png,2026/08/08,2026/01/21,0.04,0.009999999776482582,0.15000000596046448,999.0,,0.24,,,,0.0231,0.0231,0.0231,0.1615,0.05770000070333481,0.0346,0.0346,0.1846,0.1846,0.1846,1.1535,2026-08-09
swsh6-66,Golurk,normal,Chilling Reign,66,Rare,Teeziro,Stage 1,623,Pokémon,2021/06/18,"tcgplayer,cardmarket",https://prices.pokemontcg.io/tcgplayer/swsh6-66,https://images.pokemontcg.io/swsh6/66_hires.png,2026/08/08,2026/01/21,0.22,0.019999999552965164,0.2199999988079071,999.0,,0.22,,,,0.0692,0.0231,0.0692,0.2307,0.023099999874830246,0.0461,0.0692,0.2307,0.2076,0.2422,1.1535,2026-08-09
swsh6-67,Swirlix,normal,Chilling Reign,67,Common,Shibuzoh.,Basic,684,Pokémon,2021/06/18,"tcgplayer,cardmarket",https://prices.pokemontcg.io/tcgplayer/swsh6-67,https://images.pokemontcg.io/swsh6/67_hires.png,2026/08/08,2026/01/19,0.19,0.009999999776482582,0.20000000298023224,999.0,,0.38,,,,0.0346,0.0231,0.0461,0.2653,0.04610000178217888,0.0461,0.0461,0.2192,0.2538,0.2653,1.1535,2026-08-09
swsh6-68,Slurpuff,normal,Chilling Reign,68,Rare,Saya Tsuruta,Stage 1,685,Pokémon,2021/06/18,"tcgplayer,cardmarket",https://prices.pokemontcg.io/tcgplayer/swsh6-68,https://images.pokemontcg.io/swsh6/68_hires.png,2026/08/08,2026/01/19,0.24,0.05000000074505806,0.25,999.0,,0.26,,,,0.1384,0.0231,0.0807,0.3114,0.05770000070333481,0.0807,0.1269,0.1154,0.173,0.2768,1.1535,2026-08-09
swsh6-69,Inkay,normal,Chilling Reign,69,Common,Sanosuke Sakuma,Basic|Rapid Strike,686,Pokémon,2021/06/18,"tcgplayer,cardmarket",https://prices.pokemontcg.io/tcgplayer/swsh6-69,https://images.pokemontcg.io/swsh6/69_hires.png,2026/08/08,2026/01/19,0.07,0.009999999776482582,0.15000000596046448,999.0,,0.24,,,,0.0461,0.0231,0.0461,0.2076,0.05770000070333481,0.0577,0.0461,0.173,0.2076,0.2076,1.1535,2026-08-09
swsh6-70,Malamar,normal,Chilling Reign,70,Rare,Kagemaru Himeno,Stage 1|Rapid Strike,687,Pokémon,2021/06/18,"tcgplayer,cardmarket",https://prices.pokemontcg.io/tcgplayer/swsh6-70,https://images.pokemontcg.io/swsh6/70_hires.png,2026/08/08,2026/01/19,0.12,0.05000000074505806,0.20000000298023224,999.0,,0.18,,,,0.173,0.0231,0.1384,0.2076,0.08070000261068344,0.15,0.1154,0.0231,0.15,0.2307,1.1535,2026-08-09
swsh6-71,Hatenna,normal,Chilling Reign,71,Common,Sekio,Basic,856,Pokémon,2021/06/18,"tcgplayer,cardmarket",https://prices.pokemontcg.io/tcgplayer/swsh6-71,https://images.pokemontcg.io/swsh6/71_hires.png,2026/08/08,2026/01/19,0.14,0.009999999776482582,0.18000000715255737,999.0,,0.26,,,,0.0461,0.0231,0.0346,0.2076,0.05770000070333481,0.0461,0.0461,0.1154,0.1269,0.1961,1.1535,2026-08-09
swsh6-72,Hattrem,normal,Chilling Reign,72,Uncommon,miki kudo,Stage 1,857,Pokémon,2021/06/18,"tcgplayer,cardmarket",https://prices.pokemontcg.io/tcgplayer/swsh6-72,https://images.pokemontcg.io/swsh6/72_hires.png,2026/08/08,2026/01/19,0.07,0.009999999776482582,0.18000000715255737,999.0,,0.29,,,,0.0807,0.0231,0.0692,0.2076,0.04610000178217888,0.0577,0.0692,0.2307,0.2192,0.2076,1.1535,2026-08-09
swsh6-73,Hatterene,holofoil,Chilling Reign,73,Rare Holo,chibi,Stage 2,858,Pokémon,2021/06/18,"tcgplayer,cardmarket",https://prices.pokemontcg.io/tcgplayer/swsh6-73,https://images.pokemontcg.io/swsh6/73_hires.png,2026/08/08,2026/01/19,0.27,0.05000000074505806,0.30000001192092896,999.0,,0.42,,,,0.4037,0.0231,0.346,0.4499,0.023099999874830246,0.3576,0.3922,0.3922,0.7036,0.4845,1.1535,2026-08-09
swsh6-74,Shadow Rider Calyrex V,holofoil,Chilling Reign,74,Rare Holo V,D.A.G Inc.,Basic|V,898,Pokémon,2021/06/18,"tcgplayer,cardmarket",https://prices.pokemontcg.io/tcgplayer/swsh6-74,https://images.pokemontcg.io/swsh6/74_hires.png,2026/08/08,2026/01/19,0.79,0.3799999952316284,0.9900000095367432,999.0,,,,,,1.0035,0.2884,1.0728,0.0,0.7728000283241272,1.0266,1.0612,0.0,0.0,0.0,1.1535,2026-08-09
swsh6-75,Shadow Rider Calyrex VMAX,holofoil,Chilling Reign,75,Rare Holo VMAX,5ban Graphics,VMAX,898,Pokémon,2021/06/18,"tcgplayer,cardmarket",https://prices.pokemontcg.io/tcgplayer/swsh6-75,https://images.pokemontcg.io/swsh6/75_hires.png,2026/08/08,2026/01/19,1.36,0.8999999761581421,1.75,999.0,,,,,,1.6034,0.7498,1.6264,0.0,2.0185999870300293,1.7187,1.5342,0.0,0.0,0.0,1.1535,2026-08-09
swsh6-76,Diglett,normal,Chilling Reign,76,Common,Souichirou Gunjima,Basic|Rapid Strike,50,Pokémon,2021/06/18,"tcgplayer,cardmarket",https://prices.pokemontcg.io/tcgplayer/swsh6-76,https://images.pokemontcg.io/swsh6/76_hires.png,2026/08/08,2026/01/19,0.06,0.009999999776482582,0.15000000596046448,999.0,,0.2,,,,0.0346,0.0231,0.0461,0.2307,0.05770000070333481,0.0461,0.0346,0.173,0.1615,0.1846,1.1535,2026-08-09
swsh6-77,Dugtrio,normal,Chilling Reign,77,Rare,Hitoshi Ariga,Stage 1|Rapid Strike,51,Pokémon,2021/06/18,"tcgplayer,cardmarket",https://prices.pokemontcg.io/tcgplayer/swsh6-77,https://images.pokemontcg.io/swsh6/77_hires.png,2026/08/08,2026/01/19,0.21,0.019999999552965164,0.20999999344348907,999.0,,0.08,,,,0.0923,0.0231,0.0807,0.2192,0.05770000070333481,0.1269,0.1038,0.1154,0.2422,0.2307,1.1535,2026-08-09
swsh6-78,Galarian Farfetch'd,normal,Chilling Reign,78,Common,HYOGONOSUKE,Basic|Single Strike,83,Pokémon,2021/06/18,"tcgplayer,cardmarket",https://prices.pokemontcg.io/tcgplayer/swsh6-78,https://images.pokemontcg.io/swsh6/78_hires.png,2026/08/08,2026/01/19,0.07,0.009999999776482582,0.15000000596046448,999.0,,0.31,,,,0.0346,0.0231,0.0346,0.173,0.11540000140666962,0.0346,0.0346,0.173,0.2653,0.1961,1.1535,2026-08-09
swsh6-79,Galarian Sirfetch'd,normal,Chilling Reign,79,Rare,Uta,Stage 1|Single Strike,865,Pokémon,2021/06/18,"tcgplayer,cardmarket",https://prices.pokemontcg.io/tcgplayer/swsh6-79,https://images.pokemontcg.io/swsh6/79_hires.png,2026/08/08,2026/01/19,0.27,0.019999999552965164,0.25,999.0,,0.3,,,,0.173,0.0231,0.2307,0.2768,0.13840000331401825,0.2192,0.173,0.2768,0.2192,0.2768,1.1535,2026-08-09
swsh6-80,Galarian Zapdos V,holofoil,Chilling Reign,80,Rare Holo V,5ban Graphics,Basic|V,145,Pokémon,2021/06/18,"tcgplayer,cardmarket",https://prices.pokemontcg.io/tcgplayer/swsh6-80,https://images.pokemontcg.io/swsh6/80_hires.png,2026/08/08,2026/01/19,1.35,0.7699999809265137,1.5199999809265137,999.0,,,,,,1.4419,0.346,1.4188,0.0,1.1649999618530273,1.4073,1.4534,0.0,0.0,0.0,1.1535,2026-08-09
swsh6-81,Gallade,normal,Chilling Reign,81,Rare,NC Empire,Stage 2,475,Pokémon,2021/06/18,"tcgplayer,cardmarket",https://prices.pokemontcg.io/tcgplayer/swsh6-81,https://images.pokemontcg.io/swsh6/81_hires.png,2026/08/08,2026/01/19,0.26,0.05000000074505806,0.25999999046325684,999.0,,0.32,,,,0.1384,0.0231,0.1615,0.1846,0.12690000236034393,0.1615,0.1384,0.2653,0.2884,0.2538,1.1535,2026-08-09
swsh6-82,Galarian Yamask,normal,Chilling Reign,82,Common,SATOSHI NAKAI,Basic,562,Pokémon,2021/06/18,"tcgplayer,cardmarket",https://prices.pokemontcg.io/tcgplayer/swsh6-82,https://images.pokemontcg.io/swsh6/82_hires.png,2026/08/08,2026/01/16,0.15,0.009999999776482582,0.17000000178813934,999.0,,0.26,,,,0.0346,0.0231,0.0461,0.173,0.023099999874830246,0.0461,0.0346,0.2884,0.2076,0.173,1.1535,2026-08-09
swsh6-83,Galarian Runerigus,holofoil,Chilling Reign,83,Rare Holo,KEIICHIRO ITO,Stage 1,867,Pokémon,2021/06/18,"tcgplayer,cardmarket",https://prices.pokemontcg.io/tcgplayer/swsh6-83,https://images.pokemontcg.io/swsh6/83_hires.png,2026/08/08,2026/01/16,0.48,0.09000000357627869,0.41999998688697815,999.0,,0.4,,,,0.4268,0.0231,0.4499,0.6921,0.5651999711990356,0.5306,0.4614,1.5226,0.992,0.7152,1.1535,2026-08-09
swsh6-84,Crabrawler,normal,Chilling Reign,84,Common,Mitsuhiro Arita,Basic,739,Pokémon,2021/06/18,"tcgplayer,cardmarket",https://prices.pokemontcg.io/tcgplayer/swsh6-84,https://images.pokemontcg.io/swsh6/84_hires.png,2026/08/08,2026/01/16,0.03,0.009999999776482582,0.15000000596046448,999.0,,0.2,,,,0.0346,0.0231,0.0231,0.2307,0.023099999874830246,0.0231,0.0346,0.0577,0.1846,0.1961,1.1535,2026-08-09
swsh6-85,Crabominable,normal,Chilling Reign,85,Uncommon,Shigenori Negishi,Stage 1,740,Pokémon,2021/06/18,"tcgplayer,cardmarket",https://prices.pokemontcg.io/tcgplayer/swsh6-85,https://images.pokemontcg.io/swsh6/85_hires.png,2026/08/08,2026/01/16,0.07,0.009999999776482582,0.15000000596046448,999.0,,0.17,,,,0.0346,0.0231,0.0346,0.1384,0.05770000070333481,0.0346,0.0346,0.1154,0.1154,0.1846,1.1535,2026-08-09
swsh6-86,Rockruff,normal,Chilling Reign,86,Common,Yuu Nishida,Basic|Single Strike,744,Pokémon,2021/06/18,"tcgplayer,cardmarket",https://prices.pokemontcg.io/tcgplayer/swsh6-86,https://images.pokemontcg.io/swsh6/86_hires.png,2026/08/08,2026/01/16,0.22,0.009999999776482582,0.20000000298023224,999.0,,0.29,,,,0.0346,0.0231,0.0577,0.1961,0.12690000236034393,0.0577,0.0461,0.15,0.1846,0.2076,1.1535,2026-08-09
swsh6-87,Lycanroc,holofoil,Chilling Reign,87,Rare Holo,Teeziro,Stage 1|Single Strike,745,Pokémon,2021/06/18,"tcgplayer,cardmarket",https://prices.pokemontcg.io/tcgplayer/swsh6-87,https://images.pokemontcg.io/swsh6/87_hires.png,2026/08/08,2026/01/16,0.3,0.03999999910593033,0.30000001192092896,999.0,,0.34,,,,0.4268,0.0461,0.4383,0.3922,0.5651999711990356,0.323,0.3807,0.0923,0.3345,0.4268,1.1535,2026-08-09
swsh6-88,Passimian,normal,Chilling Reign,88,Rare,Akira Komayama,Basic|Rapid Strike,766,Pokémon,2021/06/18,"tcgplayer,cardmarket",https://prices.pokemontcg.io/tcgplayer/swsh6-88,https://images.pokemontcg.io/swsh6/88_hires.png,2026/08/08,2026/01/16,0.14,0.009999999776482582,0.20000000298023224,999.0,,0.27,,,,0.1038,0.0231,0.1038,0.1615,0.03460000082850456,0.1154,0.0923,0.1154,0.2422,0.173,1.1535,2026-08-09
swsh6-89,Sandaconda V,holofoil,Chilling Reign,89,Rare Holo V,Shin Nagasawa,Basic|V,844,Pokémon,2021/06/18,"tcgplayer,cardmarket",https://prices.pokemontcg.io/tcgplayer/swsh6-89,https://images.pokemontcg.io/swsh6/89_hires.png,2026/08/08,2026/01/16,0.58,0.23000000417232513,0.9900000095367432,999.0,,,,,,0.9689,0.2307,1.0151,0.0,1.499500036239624,1.0958,0.9459,0.0,0.0,0.0,1.1535,2026-08-09
swsh6-90,Sandaconda VMAX,holofoil,Chilling Reign,90,Rare Holo VMAX,aky CG Works,VMAX,844,Pokémon,2021/06/18,"tcgplayer,cardmarket",https://prices.pokemontcg.io/tcgplayer/swsh6-90,https://images.pokemontcg.io/swsh6/90_hires.png,2026/08/08,2026/01/16,1.75,0.9900000095367432,2.0,999.0,,,,,,1.7072,0.5767,1.6956,0.0,1.9493999481201172,1.7072,1.661,0.0,0.0,0.0,1.1535,2026-08-09
swsh6-91,Clobbopus,normal,Chilling Reign,91,Common,Yuka Morii,Basic,852,Pokémon,2021/06/18,"tcgplayer,cardmarket",https://prices.pokemontcg.io/tcgplayer/swsh6-91,https://images.pokemontcg.io/swsh6/91_hires.png,2026/08/08,2026/01/16,0.18,0.009999999776482582,0.23000000417232513,999.0,,0.4,,,,0.0346,0.0231,0.0577,0.15,0.05770000070333481,0.0577,0.0461,0.1615,0.1961,0.1846,1.1535,2026-08-09
swsh6-92,Grapploct,holofoil,Chilling Reign,92,Rare Holo,Anesaki Dynamic,Stage 1,853,Pokémon,2021/06/18,"tcgplayer,cardmarket",https://prices.pokemontcg.io/tcgplayer/swsh6-92,https://images.pokemontcg.io/swsh6/92_hires.png,2026/08/08,2026/01/16,0.2,0.019999999552965164,0.27000001072883606,999.0,,0.33,,,,0.3807,0.0231,0.4499,0.5421,0.46140000224113464,0.4268,0.323,0.1154,0.5421,0.4499,1.1535,2026-08-09
swsh6-93,Kubfu,normal,Chilling Reign,93,Common,Kouki Saitou,Basic,891,Pokémon,2021/06/18,"tcgplayer,cardmarket",https://prices.pokemontcg.io/tcgplayer/swsh6-93,https://images.pokemontcg.io/swsh6/93_hires.png,2026/08/08,2026/01/16,0.23,0.05000000074505806,0.27000001072883606,999.0,,1.15,,,,0.0692,0.0231,0.0923,0.1846,0.05770000070333481,0.0692,0.0692,0.1154,0.2307,0.2307,1.1535,2026-08-09
swsh6-94,Koffing,normal,Chilling Reign,94,Common,Aya Kusube,Basic,109,Pokémon,2021/06/18,"tcgplayer,cardmarket",https://prices.pokemontcg.io/tcgplayer/swsh6-94,https://images.pokemontcg.io/swsh6/94_hires.png,2026/08/08,2026/01/16,0.09,0.009999999776482582,0.15000000596046448,999.0,,0.21,,,,0.0461,0.0231,0.0461,0.1846,0.023099999874830246,0.0346,0.0346,0.173,0.2076,0.1961,1.1535,2026-08-09
swsh6-95,Weezing,normal,Chilling Reign,95,Rare,Ryuta Fuse,Stage 1,110,Pokémon,2021/06/18,"tcgplayer,cardmarket",https://prices.pokemontcg.io/tcgplayer/swsh6-95,https://images.pokemontcg.io/swsh6/95_hires.png,2026/08/08,2026/01/16,0.18,0.009999999776482582,0.20000000298023224,999.0,,0.25,,,,0.0923,0.0231,0.0692,0.2307,0.05770000070333481,0.0807,0.0923,0.0231,0.2076,0.2768,1.1535,2026-08-09
swsh6-96,Galarian Weezing,normal,Chilling Reign,96,Rare,Miki Tanaka,Stage 1,110,Pokémon,2021/06/18,"tcgplayer,cardmarket",https://prices.pokemontcg.io/tcgplayer/swsh6-96,https://images.pokemontcg.io/swsh6/96_hires.png,2026/08/08,2026/01/16,0.26,0.029999999329447746,0.25,999.0,,0.29,,,,0.1269,0.0231,0.1038,0.4037,0.05770000070333481,0.1038,0.1154,0.3114,0.5537,0.4499,1.1535,2026-08-09
swsh6-97,Galarian Moltres V,holofoil,Chilling Reign,97,Rare Holo V,aky CG Works,Basic|V,146,Pokémon,2021/06/18,"tcgplayer,cardmarket",https://prices.pokemontcg.io/tcgplayer/swsh6-97,https://images.pokemontcg.io/swsh6/97_hires.png,2026/08/08,2026/01/16,1.94,1.0,1.9800000190734863,999.0,,,,,,1.7302,0.346,1.8341,0.0,1.4534000158309937,1.5918,1.6495,0.0,0.0,0.0,1.1535,2026-08-09
swsh6-98,Galarian Slowking,holofoil,Chilling Reign,98,Rare Holo,Naoki Saito,Stage 1,199,Pokémon,2021/06/18,"tcgplayer,cardmarket",https://prices.pokemontcg.io/tcgplayer/swsh6-98,https://images.pokemontcg.io/swsh6/98_hires.png,2026/08/08,2026/01/16,0.48,0.11999999731779099,0.46000000834465027,999.0,,0.78,,,,0.4845,0.0577,0.496,0.4729,0.09229999780654907,0.4845,0.4845,0.346,0.646,0.6229,1.1535,2026-08-09
swsh6-99,Galarian Slowking V,holofoil,Chilling Reign,99,Rare Holo V,Mitsuhiro Arita,Basic|V|Single Strike,199,Pokémon,2021/06/18,"tcgplayer,cardmarket",https://prices.pokemontcg.io/tcgplayer/swsh6-99,https://images.pokemontcg.io/swsh6/99_hires.png,2026/08/08,2026/01/16,1.17,0.5,1.2400000095367432,999.0,,,,,,1.165,0.5767,1.1996,0.0,1.7302000522613525,1.2227,1.1766,0.0,0.0,0.0,1.1535,2026-08-09
swsh6-100,Galarian Slowking VMAX,holofoil,Chilling Reign,100,Rare Holo VMAX,5ban Graphics,VMAX|Single Strike,199,Pokémon,2021/06/18,"tcgplayer,cardmarket",https://prices.pokemontcg.io/tcgplayer/swsh6-100,https://images.pokemontcg.io/swsh6/100_hires.png,2026/08/08,2026/01/16,1.66,1.2599999904632568,2.130000114440918,999.0,,,,,,1.5572,0.5767,1.8802,0.0,1.7302000522613525,1.9263,1.6495,0.0,0.0,0.0,1.1535,2026-08-09
swsh6-101,Qwilfish,normal,Chilling Reign,101,Common,Anesaki Dynamic,Basic|Single Strike,211,Pokémon,2021/06/18,"tcgplayer,cardmarket",https://prices.pokemontcg.io/tcgplayer/swsh6-101,https://images.pokemontcg.io/swsh6/101_hires.png,2026/08/08,2026/01/16,0.06,0.009999999776482582,0.15000000596046448,999.0,,0.21,,,,0.0346,0.0231,0.0346,0.173,0.023099999874830246,0.0231,0.0346,0.1038,0.1384,0.1615,1.1535,2026-08-09
swsh6-102,Seviper,normal,Chilling Reign,102,Rare,Anesaki Dynamic,Basic|Single Strike,336,Pokémon,2021/06/18,"tcgplayer,cardmarket",https://prices.pokemontcg.io/tcgplayer/swsh6-102,https://images.pokemontcg.io/swsh6/102_hires.png,2026/08/08,2026/01/16,0.16,0.019999999552965164,0.20000000298023224,999.0,,0.3,,,,0.1038,0.0231,0.1038,0.1961,0.28839999437332153,0.0807,0.1269,0.2076,0.1961,0.2653,1.1535,2026-08-09
swsh6-103,Spiritomb,normal,Chilling Reign,103,Rare,Shibuzoh.,Basic,442,Pokémon,2021/06/18,"tcgplayer,cardmarket",https://prices.pokemontcg.io/tcgplayer/swsh6-103,https://images.pokemontcg.io/swsh6/103_hires.png,2026/08/08,2025/12/07,0.21,0.019999999552965164,0.2199999988079071,999.0,,0.31,,,,0.0923,0.0231,0.1154,0.2884,0.023099999874830246,0.0807,0.1154,0.5767,0.3114,0.2884,1.1535,2026-08-09
swsh6-104,Liepard V,holofoil,Chilling Reign,104,Rare Holo V,Ayaka Yoshida,Basic|V,510,Pokémon,2021/06/18,"tcgplayer,cardmarket",https://prices.pokemontcg.io/tcgplayer/swsh6-104,https://images.pokemontcg.io/swsh6/104_hires.png,2026/08/08,2025/12/07,1.07,0.4000000059604645,1.0700000524520874,999.0,,,,,,1.0266,0.2307,0.9805,0.0,0.9228000044822693,1.142,1.0843,0.0,0.0,0.0,1.1535,2026-08-09
swsh6-105,Venipede,normal,Chilling Reign,105,Common,Oswaldo KATO,Basic,543,Pokémon,2021/06/18,"tcgplayer,cardmarket",https://prices.pokemontcg.io/tcgplayer/swsh6-105,https://images.pokemontcg.io/swsh6/105_hires.png,2026/08/08,2025/12/07,0.04,0.009999999776482582,0.15000000596046448,999.0,,0.23,,,,0.0346,0.0231,0.0461,0.1615,0.023099999874830246,0.0461,0.0346,0.1615,0.15,0.173,1.1535,2026-08-09
swsh6-106,Whirlipede,normal,Chilling Reign,106,Uncommon,hatachu,Stage 1,544,Pokémon,2021/06/18,"tcgplayer,cardmarket",https://prices.pokemontcg.io/tcgplayer/swsh6-106,https://images.pokemontcg.io/swsh6/106_hires.png,2026/08/08,2025/12/07,0.13,0.009999999776482582,0.15000000596046448,999.0,,0.19,,,,0.0346,0.0231,0.0346,0.1384,0.06920000165700912,0.0346,0.0346,0.173,0.2076,0.173,1.1535,2026-08-09
swsh6-107,Scolipede,normal,Chilling Reign,107,Rare,Megumi Higuchi,Stage 2,545,Pokémon,2021/06/18,"tcgplayer,cardmarket",https://prices.pokemontcg.io/tcgplayer/swsh6-107,https://images.pokemontcg.io/swsh6/107_hires.png,2026/08/08,2025/12/07,0.17,0.019999999552965164,0.20000000298023224,999.0,,0.3,,,,0.0807,0.0231,0.1269,0.2999,0.19609999656677246,0.15,0.1038,0.6921,0.346,0.3807,1.1535,2026-08-09
swsh6-108,Single Strike Urshifu,holofoil,Chilling Reign,108,Rare Holo,Mitsuhiro Arita,Stage 1|Single Strike,892,Pokémon,2021/06/18,"tcgplayer,cardmarket",https://prices.pokemontcg.io/tcgplayer/swsh6-108,https://images.pokemontcg.io/swsh6/108_hires.png,2026/08/08,2025/11/25,0.4,0.10000000149011612,0.38999998569488525,999.0,,0.36,,,,0.5306,0.1038,0.7036,0.6344,1.7302000522613525,1.1189,0.6806,0.8074,0.6344,0.7152,1.1535,2026-08-09
swsh6-109,Aron,normal,Chilling Reign,109,Common,Kyoko Umemoto,Basic,304,Pokémon,2021/06/18,"tcgplayer,cardmarket",https://prices.pokemontcg.io/tcgplayer/swsh6-109,https://images.pokemontcg.io/swsh6/109_hires.png,2026/08/08,2025/11/21,0.17,0.009999999776482582,0.17000000178813934,999.0,,0.28,,,,0.0346,0.0231,0.0346,0.1384,0.08070000261068344,0.0231,0.0346,0.2768,0.15,0.1384,1.1535,2026-08-09
swsh6-110,Lairon,normal,Chilling Reign,110,Uncommon,HYOGONOSUKE,Stage 1,305,Pokémon,2021/06/18,"tcgplayer,cardmarket",https://prices.pokemontcg.io/tcgplayer/swsh6-110,https://images.pokemontcg.io/swsh6/110_hires.png,2026/08/08,2025/11/21,0.07,0.009999999776482582,0.1599999964237213,999.0,,0.21,,,,0.0346,0.0231,0.0461,0.1154,0.08070000261068344,0.0461,0.0461,0.1154,0.1154,0.173,1.1535,2026-08-09
swsh6-111,Aggron,normal,Chilling Reign,111,Rare,Teeziro,Stage 2,306,Pokémon,2021/06/18,"tcgplayer,cardmarket",https://prices.pokemontcg.io/tcgplayer/swsh6-111,https://images.pokemontcg.io/swsh6/111_hires.png,2026/08/08,2025/11/21,0.24,0.019999999552965164,0.25,999.0,,0.38,,,,0.1846,0.0231,0.1038,0.2884,0.023099999874830246,0.0692,0.15,0.2307,0.3576,0.4153,1.1535,2026-08-09
swsh6-112,Metagross V,holofoil,Chilling Reign,112,Rare Holo V,PLANETA Mochizuki,Basic|V|Rapid Strike,376,Pokémon,2021/06/18,"tcgplayer,cardmarket",https://prices.pokemontcg.io/tcgplayer/swsh6-112,https://images.pokemontcg.io/swsh6/112_hires.png,2026/08/08,2025/11/21,1.11,0.6499999761581421,1.190000057220459,999.0,,,,,,1.4303,0.4614,1.5572,0.0,1.2689000368118286,1.5918,1.4995,0.0,0.0,0.0,1.1535,2026-08-09
swsh6-113,Metagross VMAX,holofoil,Chilling Reign,113,Rare Holo VMAX,Ryota Murayama,VMAX|Rapid Strike,376,Pokémon,2021/06/18,"tcgplayer,cardmarket",https://prices.pokemontcg.io/tcgplayer/swsh6-113,https://images.pokemontcg.io/swsh6/113_hires.png,2026/08/08,2025/11/21,2.8,1.4500000476837158,3.0,999.0,,,,,,2.1109,1.142,1.8341,0.0,2.2146999835968018,1.9609,2.1455,0.0,0.0,0.0,1.1535,2026-08-09
swsh6-114,Cobalion,holofoil,Chilling Reign,114,Rare Holo,Kazuma Koda,Basic,638,Pokémon,2021/06/18,"tcgplayer,cardmarket",https://prices.pokemontcg.io/tcgplayer/swsh6-114,https://images.pokemontcg.io/swsh6/114_hires.png,2026/08/08,2025/11/21,0.26,0.05000000074505806,0.25999999046325684,999.0,,0.33,,,,0.3576,0.0231,0.2538,0.4614,0.05770000070333481,0.2999,0.2884,1.142,0.4845,0.3576,1.1535,2026-08-09
swsh6-115,Tauros,holofoil,Chilling Reign,115,Rare Holo,nagimiso,Basic|Single Strike,128,Pokémon,2021/06/18,"tcgplayer,cardmarket",https://prices.pokemontcg.io/tcgplayer/swsh6-115,https://images.pokemontcg.io/swsh6/115_hires.png,2026/08/08,2025/11/21,0.28,0.05000000074505806,0.28999999165534973,999.0,,0.3,,,,0.3345,0.0231,0.2538,0.3576,0.20759999752044678,0.2653,0.4268,0.4037,0.5191,0.5306,1.1535,2026-08-09
swsh6-116,Porygon,normal,Chilling Reign,116,Common,ryoma uratsuka,Basic,137,Pokémon,2021/06/18,"tcgplayer,cardmarket",https://prices.pokemontcg.io/tcgplayer/swsh6-116,https://images.pokemontcg.io/swsh6/116_hires.png,2026/08/08,2025/11/21,0.15,0.009999999776482582,0.1599999964237213,999.0,,0.25,,,,0.0346,0.0231,0.0346,0.2192,0.08070000261068344,0.0346,0.0346,0.0577,0.2307,0.1846,1.1535,2026-08-09
swsh6-117,Porygon2,normal,Chilling Reign,117,Uncommon,Nagomi Nijo,Stage 1,233,Pokémon,2021/06/18,"tcgplayer,cardmarket",https://prices.pokemontcg.io/tcgplayer/swsh6-117,https://images.pokemontcg.io/swsh6/117_hires.png,2026/08/08,2025/11/21,0.15,0.009999999776482582,0.17000000178813934,999.0,,0.26,,,,0.0346,0.0231,0.0346,0.1269,0.023099999874830246,0.0346,0.0346,0.0577,0.173,0.1269,1.1535,2026-08-09
swsh6-118,Porygon-Z,holofoil,Chilling Reign,118,Rare Holo,Tomokazu Komiya,Stage 2,474,Pokémon,2021/06/18,"tcgplayer,cardmarket",https://prices.pokemontcg.io/tcgplayer/swsh6-118,https://images.pokemontcg.io/swsh6/118_hires.png,2026/08/08,2025/11/21,0.78,0.1599999964237213,0.7400000095367432,999.0,,0.82,,,,0.3922,0.0577,0.5537,0.4268,0.1615000069141388,0.5652,0.3922,0.4037,0.7613,0.669,1.1535,2026-08-09
swsh6-119,Blissey V,holofoil,Chilling Reign,119,Rare Holo V,Saki Hayashiro,Basic|V,242,Pokémon,2021/06/18,"tcgplayer,cardmarket",https://prices.pokemontcg.io/tcgplayer/swsh6-119,https://images.pokemontcg.io/swsh6/119_hires.png,2026/08/08,2025/11/21,1.14,0.800000011920929,1.2599999904632568,999.0,,,,,,1.1996,0.4614,1.3496,0.0,1.1073999404907227,1.3842,1.2342,0.0,0.0,0.0,1.1535,2026-08-09
swsh6-120,Zangoose,normal,Chilling Reign,120,Rare,Anesaki Dynamic,Basic|Rapid Strike,335,Pokémon,2021/06/18,"tcgplayer,cardmarket",https://prices.pokemontcg.io/tcgplayer/swsh6-120,https://images.pokemontcg.io/swsh6/120_hires.png,2026/08/08,2025/11/21,0.03,0.009999999776482582,0.20000000298023224,999.0,,0.26,,,,0.1038,0.0231,0.0923,0.3114,0.10379999876022339,0.0807,0.1038,0.2307,0.323,0.2999,1.1535,2026-08-09
swsh6-121,Castform,normal,Chilling Reign,121,Common,Asako Ito,Basic,351,Pokémon,2021/06/18,"tcgplayer,cardmarket",https://prices.pokemontcg.io/tcgplayer/swsh6-121,https://images.pokemontcg.io/swsh6/121_hires.png,2026/08/08,2025/11/21,0.3,0.03999999910593033,0.28999999165534973,999.0,,0.52,,,,0.0461,0.0231,0.0692,0.2768,0.03460000082850456,0.0461,0.0461,0.2538,0.2768,0.2307,1.1535,2026-08-09
swsh6-122,Kecleon,normal,Chilling Reign,122,Rare,KIYOTAKA OSHIYAMA,Basic|Rapid Strike,352,Pokémon,2021/06/18,"tcgplayer,cardmarket",https://prices.pokemontcg.io/tcgplayer/swsh6-122,https://images.pokemontcg.io/swsh6/122_hires.png,2026/08/08,2025/11/21,0.22,0.029999999329447746,0.25,999.0,,0.24,,,,0.0692,0.0231,0.0692,0.3345,0.023099999874830246,0.0692,0.0923,0.1384,0.323,0.2999,1.1535,2026-08-09
swsh6-123,Shaymin,holofoil,Chilling Reign,123,Rare Holo,Megumi Mizutani,Basic,492,Pokémon,2021/06/18,"tcgplayer,cardmarket",https://prices.pokemontcg.io/tcgplayer/swsh6-123,https://images.pokemontcg.io/swsh6/123_hires.png,2026/08/08,2025/11/21,0.28,0.05000000074505806,0.3100000023841858,999.0,,0.4,,,,0.496,0.0231,0.4383,0.4729,0.219200000166893,0.4499,0.496,0.2768,0.346,0.4614,1.1535,2026-08-09
swsh6-124,Tornadus V,holofoil,Chilling Reign,124,Rare Holo V,PLANETA Mochizuki,Basic|V|Single Strike,641,Pokémon,2021/06/18,"tcgplayer,cardmarket",https://prices.pokemontcg.io/tcgplayer/swsh6-124,https://images.pokemontcg.io/swsh6/124_hires.png,2026/08/08,2025/11/21,0.62,0.4000000059604645,0.9900000095367432,999.0,,,,,,0.8305,0.346,0.7728,0.0,0.945900022983551,0.8767,0.8536,0.0,0.0,0.0,1.1535,2026-08-09
swsh6-125,Tornadus VMAX,holofoil,Chilling Reign,125,Rare Holo VMAX,Mitsuhiro Arita,VMAX|Single Strike,641,Pokémon,2021/06/18,"tcgplayer,cardmarket",https://prices.pokemontcg.io/tcgplayer/swsh6-125,https://images.pokemontcg.io/swsh6/125_hires.png,2026/08/08,2025/11/21,1.47,0.8999999761581421,1.9900000095367432,999.0,,,,,,1.7764,0.5767,1.9379,0.0,1.4534000158309937,1.8341,1.7879,0.0,0.0,0.0,1.1535,2026-08-09
swsh6-126,Furfrou,normal,Chilling Reign,126,Common,Tika Matsuno,Basic,676,Pokémon,2021/06/18,"tcgplayer,cardmarket",https://prices.pokemontcg.io/tcgplayer/swsh6-126,https://images.pokemontcg.io/swsh6/126_hires.png,2026/08/08,2025/11/21,0.07,0.009999999776482582,0.15000000596046448,999.0,,0.23,,,,0.0346,0.0231,0.0461,0.15,0.06920000165700912,0.0346,0.0346,0.0577,0.2307,0.173,1.1535,2026-08-09
swsh6-127,Skwovet,normal,Chilling Reign,127,Common,OKACHEKE,Basic,819,Pokémon,2021/06/18,"tcgplayer,cardmarket",https://prices.pokemontcg.io/tcgplayer/swsh6-127,https://images.pokemontcg.io/swsh6/127_hires.png,2026/08/08,2025/11/21,0.11,0.009999999776482582,0.15000000596046448,999.0,,0.18,,,,0.0346,0.0231,0.0461,0.1384,0.023099999874830246,0.0231,0.0346,0.0577,0.15,0.1615,1.1535,2026-08-09
swsh6-128,Greedent,holofoil,Chilling Reign,128,Rare Holo,HYOGONOSUKE,Stage 1,820,Pokémon,2021/06/18,"tcgplayer,cardmarket",https://prices.pokemontcg.io/tcgplayer/swsh6-128,https://images.pokemontcg.io/swsh6/128_hires.png,2026/08/08,2025/11/21,0.25,0.05000000074505806,0.28999999165534973,999.0,,0.38,,,,0.3691,0.0231,0.4268,0.5191,0.23070000112056732,0.3807,0.346,0.2884,0.4037,0.4845,1.1535,2026-08-09
swsh6-129,Agatha,normal,Chilling Reign,129,Uncommon,Ken Sugimori,Supporter,,Trainer,2021/06/18,"tcgplayer,cardmarket",https://prices.pokemontcg.io/tcgplayer/swsh6-129,https://images.pokemontcg.io/swsh6/129_hires.png,2026/08/08,2025/11/21,0.04,0.009999999776482582,0.15000000596046448,999.0,,0.25,,,,0.0461,0.0231,0.0577,0.173,0.023099999874830246,0.0231,0.0461,0.2768,0.15,0.1846,1.1535,2026-08-09
swsh6-130,Avery,normal,Chilling Reign,130,Uncommon,Ken Sugimori,Supporter,,Trainer,2021/06/18,"tcgplayer,cardmarket",https://prices.pokemontcg.io/tcgplayer/swsh6-130,https://images.pokemontcg.io/swsh6/130_hires.png,2026/08/08,2025/11/21,0.2,0.029999999329447746,0.20000000298023224,999.0,,0.25,,,,0.0807,0.0231,0.0923,0.1846,0.03460000082850456,0.0346,0.0692,0.1154,0.1846,0.2192,1.1535,2026-08-09
swsh6-131,Brawly,normal,Chilling Reign,131,Uncommon,Megumi Mizutani,Supporter|Rapid Strike,,Trainer,2021/06/18,"tcgplayer,cardmarket",https://prices.pokemontcg.io/tcgplayer/swsh6-131,https://images.pokemontcg.io/swsh6/131_hires.png,2026/08/08,2025/11/21,0.07,0.009999999776482582,0.15000000596046448,999.0,,0.06,,,,0.0461,0.0231,0.0692,0.1269,0.023099999874830246,0.0346,0.0461,0.2768,0.15,0.173,1.1535,2026-08-09
swsh6-132,Caitlin,normal,Chilling Reign,132,Uncommon,Sanosuke Sakuma,Supporter,,Trainer,2021/06/18,"tcgplayer,cardmarket",https://prices.pokemontcg.io/tcgplayer/swsh6-132,https://images.pokemontcg.io/swsh6/132_hires.png,2026/08/08,2025/11/21,0.13,0.009999999776482582,0.17000000178813934,999.0,,0.24,,,,0.0461,0.0231,0.0231,0.2422,0.023099999874830246,0.0231,0.0577,0.3691,0.2653,0.2076,1.1535,2026-08-09
swsh6-133,Crushing Gloves,normal,Chilling Reign,133,Uncommon,Toyste Beach,Pokémon Tool,,Trainer,2021/06/18,"tcgplayer,cardmarket",https://prices.pokemontcg.io/tcgplayer/swsh6-133,https://images.pokemontcg.io/swsh6/133_hires.png,2026/08/08,2025/11/21,0.02,0.009999999776482582,0.15000000596046448,999.0,,0.14,,,,0.0346,0.0231,0.0346,0.173,0.023099999874830246,0.0231,0.0346,0.3114,0.1961,0.173,1.1535,2026-08-09
swsh6-134,Doctor,normal,Chilling Reign,134,Uncommon,Megumi Mizutani,Supporter,,Trainer,2021/06/18,"tcgplayer,cardmarket",https://prices.pokemontcg.io/tcgplayer/swsh6-134,https://images.pokemontcg.io/swsh6/134_hires.png,2026/08/08,2025/11/21,0.04,0.009999999776482582,0.15000000596046448,999.0,,0.25,,,,0.0231,0.0231,0.0346,0.1038,0.023099999874830246,0.0346,0.0346,0.0231,0.0923,0.15,1.1535,2026-08-09
swsh6-135,Dyna Tree Hill,normal,Chilling Reign,135,Uncommon,Oswaldo KATO,Stadium,,Trainer,2021/06/18,"tcgplayer,cardmarket",https://prices.pokemontcg.io/tcgplayer/swsh6-135,https://images.pokemontcg.io/swsh6/135_hires.png,2026/08/08,2025/11/21,0.04,0.009999999776482582,0.15000000596046448,999.0,,0.22,,,,0.0231,0.0231,0.0231,0.1038,0.023099999874830246,0.0231,0.0461,0.0577,0.1384,0.1269,1.1535,2026-08-09
swsh6-136,Echoing Horn,normal,Chilling Reign,136,Uncommon,Studio Bora Inc.,Item|Rapid Strike,,Trainer,2021/06/18,"tcgplayer,cardmarket",https://prices.pokemontcg.io/tcgplayer/swsh6-136,https://images.pokemontcg.io/swsh6/136_hires.png,2026/08/08,2025/11/21,0.14,0.009999999776482582,0.18000000715255737,999.0,,0.21,,,,0.0346,0.0231,0.0231,0.1961,0.023099999874830246,0.0346,0.0692,0.2076,0.1961,0.1846,1.1535,2026-08-09
swsh6-137,Expedition Uniform,normal,Chilling Reign,137,Uncommon,AYUMI ODASHIMA,Item,,Trainer,2021/06/18,"tcgplayer,cardmarket",https://prices.pokemontcg.io/tcgplayer/swsh6-137,https://images.pokemontcg.io/swsh6/137_hires.png,2026/08/08,2025/11/21,0.09,0.009999999776482582,0.15000000596046448,999.0,,0.18,,,,0.0346,0.0231,0.0231,0.1154,0.03460000082850456,0.0346,0.0346,0.0346,0.173,0.1269,1.1535,2026-08-09
swsh6-138,Fire-Resistant Gloves,normal,Chilling Reign,138,Uncommon,Toyste Beach,Pokémon Tool,,Trainer,2021/06/18,"tcgplayer,cardmarket",https://prices.pokemontcg.io/tcgplayer/swsh6-138,https://images.pokemontcg.io/swsh6/138_hires.png,2026/08/08,2025/11/21,0.11,0.009999999776482582,0.15000000596046448,999.0,,0.21,,,,0.0231,0.0231,0.0231,0.1269,0.03460000082850456,0.0346,0.0346,0.2538,0.173,0.1384,1.1535,2026-08-09
swsh6-139,Flannery,normal,Chilling Reign,139,Uncommon,Megumi Mizutani,Supporter|Single Strike,,Trainer,2021/06/18,"tcgplayer,cardmarket",https://prices.pokemontcg.io/tcgplayer/swsh6-139,https://images.pokemontcg.io/swsh6/139_hires.png,2026/08/08,2025/11/21,0.06,0.009999999776482582,0.15000000596046448,999.0,,0.19,,,,0.0461,0.0231,0.0577,0.1384,0.023099999874830246,0.0461,0.0346,0.0461,0.1269,0.1615,1.1535,2026-08-09
swsh6-140,Fog Crystal,normal,Chilling Reign,140,Uncommon,sadaji,Item,,Trainer,2021/06/18,"tcgplayer,cardmarket",https://prices.pokemontcg.io/tcgplayer/swsh6-140,https://images.pokemontcg.io/swsh6/140_hires.png,2026/08/08,2025/11/21,0.21,0.009999999776482582,0.20999999344348907,999.0,,0.33,,,,0.0577,0.0231,0.0807,0.1384,0.28839999437332153,0.0692,0.0577,0.3691,0.2192,0.1961,1.1535,2026-08-09
swsh6-141,Galarian Chestplate,normal,Chilling Reign,141,Uncommon,inose yukie,Pokémon Tool,,Trainer,2021/06/18,"tcgplayer,cardmarket",https://prices.pokemontcg.io/tcgplayer/swsh6-141,https://images.pokemontcg.io/swsh6/141_hires.png,2026/08/08,2025/11/21,0.1,0.009999999776482582,0.15000000596046448,999.0,,0.16,,,,0.0346,0.0231,0.0346,0.1038,0.023099999874830246,0.0346,0.0346,0.0577,0.1269,0.1384,1.1535,2026-08-09
swsh6-142,Honey,normal,Chilling Reign,142,Uncommon,Ryuta Fuse,Supporter,,Trainer,2021/06/18,"tcgplayer,cardmarket",https://prices.pokemontcg.io/tcgplayer/swsh6-142,https://images.pokemontcg.io/swsh6/142_hires.png,2026/08/08,2025/11/21,0.09,0.009999999776482582,0.15000000596046448,999.0,,0.19,,,,0.0346,0.0231,0.0346,0.15,0.023099999874830246,0.0346,0.0346,0.2768,0.15,0.1615,1.1535,2026-08-09
swsh6-143,Justified Gloves,normal,Chilling Reign,143,Uncommon,Toyste Beach,Pokémon Tool,,Trainer,2021/06/18,"tcgplayer,cardmarket",https://prices.pokemontcg.io/tcgplayer/swsh6-143,https://images.pokemontcg.io/swsh6/143_hires.png,2026/08/08,2025/11/21,0.07,0.009999999776482582,0.15000000596046448,999.0,,0.18,,,,0.0346,0.0231,0.0346,0.1154,0.03460000082850456,0.0346,0.0346,0.2768,0.1384,0.15,1.1535,2026-08-09
swsh6-144,Karen's Conviction,normal,Chilling Reign,144,Uncommon,Ken Sugimori,Supporter|Single Strike,,Trainer,2021/06/18,"tcgplayer,cardmarket",https://prices.pokemontcg.io/tcgplayer/swsh6-144,https://images.pokemontcg.io/swsh6/144_hires.png,2026/08/08,2025/11/21,0.13,0.009999999776482582,0.1599999964237213,999.0,,0.18,,,,0.0346,0.0231,0.0231,0.1269,0.023099999874830246,0.0231,0.0461,0.2768,0.2076,0.1615,1.1535,2026-08-09
swsh6-145,Klara,normal,Chilling Reign,145,Uncommon,Ken Sugimori,Supporter,,Trainer,2021/06/18,"tcgplayer,cardmarket",https://prices.pokemontcg.io/tcgplayer/swsh6-145,https://images.pokemontcg.io/swsh6/145_hires.png,2026/08/08,2025/11/21,0.23,0.009999999776482582,0.23999999463558197,999.0,,0.32,,,,0.0923,0.0231,0.1038,0.2076,0.03460000082850456,0.0577,0.0923,0.2768,0.2422,0.1846,1.1535,2026-08-09
swsh6-146,Melony,normal,Chilling Reign,146,Uncommon,take,Supporter,,Trainer,2021/06/18,"tcgplayer,cardmarket",https://prices.pokemontcg.io/tcgplayer/swsh6-146,https://images.pokemontcg.io/swsh6/146_hires.png,2026/08/08,2025/11/21,0.15,0.009999999776482582,0.1899999976158142,999.0,,0.25,,,,0.0577,0.0231,0.0461,0.1846,0.023099999874830246,0.0692,0.0577,0.0577,0.2076,0.173,1.1535,2026-08-09
swsh6-147,Old Cemetery,normal,Chilling Reign,147,Uncommon,Oswaldo KATO,Stadium,,Trainer,2021/06/18,"tcgplayer,cardmarket",https://prices.pokemontcg.io/tcgplayer/swsh6-147,https://images.pokemontcg.io/swsh6/147_hires.png,2026/08/08,2025/11/21,0.24,0.009999999776482582,0.23999999463558197,999.0,,0.3,,,,0.0461,0.0231,0.0346,0.1384,0.023099999874830246,0.0231,0.0461,0.2076,0.2076,0.173,1.1535,2026-08-09
swsh6-148,Path to the Peak,normal,Chilling Reign,148,Uncommon,Oswaldo KATO,Stadium,,Trainer,2021/06/18,"tcgplayer,cardmarket",https://prices.pokemontcg.io/tcgplayer/swsh6-148,https://images.pokemontcg.io/swsh6/148_hires.png,2026/08/08,2025/11/21,0.2,0.009999999776482582,0.2199999988079071,999.0,,0.28,,,,0.1154,0.0231,0.0692,0.2076,0.09229999780654907,0.0577,0.1154,0.5767,0.323,0.2999,1.1535,2026-08-09
swsh6-149,Peonia,normal,Chilling Reign,149,Uncommon,kirisAki,Supporter,,Trainer,2021/06/18,"tcgplayer,cardmarket",https://prices.pokemontcg.io/tcgplayer/swsh6-149,https://images.pokemontcg.io/swsh6/149_hires.png,2026/08/08,2025/11/21,0.12,0.009999999776482582,0.18000000715255737,999.0,,0.24,,,,0.0461,0.0231,0.0461,0.1961,0.023099999874830246,0.0346,0.0461,0.3114,0.2192,0.1846,1.1535,2026-08-09
swsh6-150,Peony,normal,Chilling Reign,150,Uncommon,Ken Sugimori,Supporter,,Trainer,2021/06/18,"tcgplayer,cardmarket",https://prices.pokemontcg.io/tcgplayer/swsh6-150,https://images.pokemontcg.io/swsh6/150_hires.png,2026/08/08,2025/11/21,0.13,0.009999999776482582,0.1899999976158142,999.0,,0.16,,,,0.0577,0.0231,0.0692,0.15,0.023099999874830246,0.0577,0.0577,0.0577,0.2192,0.15,1.1535,2026-08-09
swsh6-151,Rapid Strike Scroll of the Skies,normal,Chilling Reign,151,Uncommon,5ban Graphics,Pokémon Tool|Rapid Strike,,Trainer,2021/06/18,"tcgplayer,cardmarket",https://prices.pokemontcg.io/tcgplayer/swsh6-151,https://images.pokemontcg.io/swsh6/151_hires.png,2026/08/08,2025/11/21,0.05,0.009999999776482582,0.15000000596046448,999.0,,0.18,,,,0.0346,0.0231,0.0346,0.173,0.023099999874830246,0.0346,0.0461,0.2768,0.15,0.173,1.1535,2026-08-09
swsh6-152,Rugged Helmet,normal,Chilling Reign,152,Uncommon,sadaji,Pokémon Tool,,Trainer,2021/06/18,"tcgplayer,cardmarket",https://prices.pokemontcg.io/tcgplayer/swsh6-152,https://images.pokemontcg.io/swsh6/152_hires.png,2026/08/08,2025/11/21,0.1,0.009999999776482582,0.15000000596046448,999.0,,0.18,,,,0.0461,0.0231,0.0461,0.1038,0.023099999874830246,0.0346,0.0461,0.2768,0.15,0.173,1.1535,2026-08-09
swsh6-153,Siebold,normal,Chilling Reign,153,Uncommon,Ken Sugimori,Supporter|Rapid Strike,,Trainer,2021/06/18,"tcgplayer,cardmarket",https://prices.pokemontcg.io/tcgplayer/swsh6-153,https://images.pokemontcg.io/swsh6/153_hires.png,2026/08/08,2025/11/21,0.07,0.009999999776482582,0.15000000596046448,999.0,,0.19,,,,0.0346,0.0231,0.0346,0.15,0.04610000178217888,0.0346,0.0346,0.0577,0.1961,0.173,1.1535,2026-08-09
swsh6-154,Single Strike Scroll of Piercing,normal,Chilling Reign,154,Uncommon,5ban Graphics,Pokémon Tool|Single Strike,,Trainer,2021/06/18,"tcgplayer,cardmarket",https://prices.pokemontcg.io/tcgplayer/swsh6-154,https://images.pokemontcg.io/swsh6/154_hires.png,2026/08/08,2025/11/21,0.07,0.009999999776482582,0.15000000596046448,999.0,,0.2,,,,0.0346,0.0231,0.0231,0.1154,0.023099999874830246,0.0231,0.0346,0.2884,0.1961,0.15,1.1535,2026-08-09
swsh6-155,Weeding Gloves,normal,Chilling Reign,155,Uncommon,Toyste Beach,Pokémon Tool,,Trainer,2021/06/18,"tcgplayer,cardmarket",https://prices.pokemontcg.io/tcgplayer/swsh6-155,https://images.pokemontcg.io/swsh6/155_hires.png,2026/08/08,2025/11/21,0.02,0.009999999776482582,0.15000000596046448,999.0,,0.08,,,,0.0346,0.0231,0.0461,0.15,0.023099999874830246,0.0461,0.0346,0.173,0.2076,0.1384,1.1535,2026-08-09
swsh6-156,Welcoming Lantern,normal,Chilling Reign,156,Uncommon,Studio Bora Inc.,Item|Single Strike,,Trainer,2021/06/18,"tcgplayer,cardmarket",https://prices.pokemontcg.io/tcgplayer/swsh6-156,https://images.pokemontcg.io/swsh6/156_hires.png,2026/08/08,2025/11/21,0.06,0.009999999776482582,0.15000000596046448,999.0,,0.19,,,,0.0346,0.0231,0.0346,0.1269,0.023099999874830246,0.0346,0.0461,0.2768,0.1615,0.1615,1.1535,2026-08-09
swsh6-157,Impact Energy,normal,Chilling Reign,157,Uncommon,,Special|Single Strike,,Energy,2021/06/18,"tcgplayer,cardmarket",https://prices.pokemontcg.io/tcgplayer/swsh6-157,https://images.pokemontcg.io/swsh6/157_hires.png,2026/08/08,2025/11/21,0.11,0.009999999776482582,0.1899999976158142,999.0,,0.19,,,,0.0346,0.0231,0.0231,0.1384,0.023099999874830246,0.0346,0.0577,0.2768,0.2076,0.15,1.1535,2026-08-09
swsh6-158,Lucky Energy,normal,Chilling Reign,158,Uncommon,,Special,,Energy,2021/06/18,"tcgplayer,cardmarket",https://prices.pokemontcg.io/tcgplayer/swsh6-158,https://images.pokemontcg.io/swsh6/158_hires.png,2026/08/08,2025/11/21,0.22,0.009999999776482582,0.23000000417232513,999.0,,0.3,,,,0.0923,0.0231,0.0692,0.2538,0.05770000070333481,0.0807,0.0807,0.2768,0.2653,0.2192,1.1535,2026-08-09
swsh6-159,Spiral Energy,normal,Chilling Reign,159,Uncommon,,Special|Rapid Strike,,Energy,2021/06/18,"tcgplayer,cardmarket",https://prices.pokemontcg.io/tcgplayer/swsh6-159,https://images.pokemontcg.io/swsh6/159_hires.png,2026/08/08,2025/11/18,0.08,0.009999999776482582,0.1599999964237213,999.0,,0.27,,,,0.0461,0.0231,0.0461,0.2192,0.03460000082850456,0.0461,0.0461,0.2307,0.2307,0.2076,1.1535,2026-08-09
swsh6-160,Celebi V,holofoil,Chilling Reign,160,Rare Ultra,PLANETA Tsuji,Basic|V,251,Pokémon,2021/06/18,"tcgplayer,cardmarket",https://prices.pokemontcg.io/tcgplayer/swsh6-160,https://images.pokemontcg.io/swsh6/160_hires.png,2026/08/08,2025/11/18,14.46,11.350000381469727,15.529999732971191,999.0,,,,,,8.582,3.4605,8.2475,0.0,8.062999725341797,8.1091,8.9281,0.0,0.0,0.0,1.1535,2026-08-09
swsh6-161,Blaziken V,holofoil,Chilling Reign,161,Rare Ultra,Ayaka Yoshida,Basic|V|Rapid Strike,257,Pokémon,2021/06/18,"tcgplayer,cardmarket",https://prices.pokemontcg.io/tcgplayer/swsh6-161,https://images.pokemontcg.io/swsh6/161_hires.png,2026/08/08,2025/11/18,11.8,9.0,12.819999694824219,999.0,,,,,,8.7435,3.4605,8.0284,0.0,3.668100118637085,8.5013,7.9822,0.0,0.0,0.0,1.1535,2026-08-09
swsh6-162,Volcanion V,holofoil,Chilling Reign,162,Rare Ultra,Eske Yoshinob,Basic|V|Single Strike,721,Pokémon,2021/06/18,"tcgplayer,cardmarket",https://prices.pokemontcg.io/tcgplayer/swsh6-162,https://images.pokemontcg.io/swsh6/162_hires.png,2026/08/08,2025/11/18,2.18,1.4199999570846558,2.4200000762939453,999.0,,,,,,3.0568,1.488,3.1606,0.0,1.9033000469207764,3.5182,3.1145,0.0,0.0,0.0,1.1535,2026-08-09
swsh6-163,Ice Rider Calyrex V,holofoil,Chilling Reign,163,Rare Ultra,5ban Graphics,Basic|V,898,Pokémon,2021/06/18,"tcgplayer,cardmarket",https://prices.pokemontcg.io/tcgplayer/swsh6-163,https://images.pokemontcg.io/swsh6/163_hires.png,2026/08/08,2025/11/18,5.23,2.740000009536743,5.840000152587891,999.0,,,,,,7.6362,4.0373,6.7249,0.0,6.344200134277344,5.8944,7.6477,0.0,0.0,0.0,1.1535,2026-08-09
swsh6-164,Ice Rider Calyrex V,holofoil,Chilling Reign,164,Rare Ultra,OKACHEKE,Basic|V,898,Pokémon,2021/06/18,"tcgplayer,cardmarket",https://prices.pokemontcg.io/tcgplayer/swsh6-164,https://images.pokemontcg.io/swsh6/164_hires.png,2026/08/08,2025/11/18,23.76,20.309999465942383,25.0,999.0,,,,,,32.0442,16.1375,31.6751,0.0,23.06999969482422,29.2066,28.2954,0.0,0.0,0.0,1.1535,2026-08-09
swsh6-165,Zeraora V,holofoil,Chilling Reign,165,Rare Ultra,PLANETA Tsuji,Basic|V|Rapid Strike,807,Pokémon,2021/06/18,"tcgplayer,cardmarket",https://prices.pokemontcg.io/tcgplayer/swsh6-165,https://images.pokemontcg.io/swsh6/165_hires.png,2026/08/08,2025/11/18,11.59,8.869999885559082,11.739999771118164,999.0,,,,,,8.9858,4.614,8.9512,0.0,6.921000003814697,9.6548,10.3815,0.0,0.0,0.0,1.1535,2026-08-09
swsh6-166,Zeraora V,holofoil,Chilling Reign,166,Rare Ultra,Atsushi Furusawa,Basic|V|Rapid Strike,807,Pokémon,2021/06/18,"tcgplayer,cardmarket",https://prices.pokemontcg.io/tcgplayer/swsh6-166,https://images.pokemontcg.io/swsh6/166_hires.png,2026/08/08,2025/11/18,92.1,79.98999786376953,99.98999786376953,999.0,,,,,,100.8851,46.14,93.2374,0.0,70.65190124511719,98.3359,108.3829,0.0,0.0,0.0,1.1535,2026-08-09
swsh6-167,Galarian Rapidash V,holofoil,Chilling Reign,167,Rare Ultra,Saki Hayashiro,Basic|V,78,Pokémon,2021/06/18,"tcgplayer,cardmarket",https://prices.pokemontcg.io/tcgplayer/swsh6-167,https://images.pokemontcg.io/swsh6/167_hires.png,2026/08/08,2025/11/18,13.26,12.670000076293945,14.390000343322754,999.0,,,,,,15.6184,5.7675,11.1082,0.0,8.639699935913086,11.0736,10.6353,0.0,0.0,0.0,1.1535,2026-08-09
swsh6-168,Galarian Rapidash V,holofoil,Chilling Reign,168,Rare Ultra,sui,Basic|V,78,Pokémon,2021/06/18,"tcgplayer,cardmarket",https://prices.pokemontcg.io/tcgplayer/swsh6-168,https://images.pokemontcg.io/swsh6/168_hires.png,2026/08/08,2025/11/18,89.12,85.0,100.16999816894531,999.0,,,,,,57.2828,28.849,63.7539,0.0,88.81950378417969,70.4558,57.7904,0.0,0.0,0.0,1.1535,2026-08-09
swsh6-169,Galarian Articuno V,holofoil,Chilling Reign,169,Rare Ultra,5ban Graphics,Basic|V,144,Pokémon,2021/06/18,"tcgplayer,cardmarket",https://prices.pokemontcg.io/tcgplayer/swsh6-169,https://images.pokemontcg.io/swsh6/169_hires.png,2026/08/08,2025/11/18,12.86,10.600000381469727,13.479999542236328,999.0,,,,,,8.8127,7.6246,9.5164,0.0,12.68850040435791,9.7701,10.1277,0.0,0.0,0.0,1.1535,2026-08-09
swsh6-170,Galarian Articuno V,holofoil,Chilling Reign,170,Rare Ultra,Uta,Basic|V,144,Pokémon,2021/06/18,"tcgplayer,cardmarket",https://prices.pokemontcg.io/tcgplayer/swsh6-170,https://images.pokemontcg.io/swsh6/170_hires.png,2026/08/08,2025/11/18,82.63,67.48999786376953,82.94999694824219,999.0,,,,,,78.7725,28.8375,86.4779,0.0,55.944698333740234,73.8701,74.6545,0.0,0.0,0.0,1.1535,2026-08-09
swsh6-171,Shadow Rider Calyrex V,holofoil,Chilling Reign,171,Rare Ultra,5ban Graphics,Basic|V,898,Pokémon,2021/06/18,"tcgplayer,cardmarket",https://prices.pokemontcg.io/tcgplayer/swsh6-171,https://images.pokemontcg.io/swsh6/171_hires.png,2026/08/08,2025/11/18,5.47,4.210000038146973,6.0,999.0,,,,,,8.8473,3.449,9.3318,0.0,5.998199939727783,9.4356,7.6016,0.0,0.0,0.0,1.1535,2026-08-09
swsh6-172,Shadow Rider Calyrex V,holofoil,Chilling Reign,172,Rare Ultra,kodama,Basic|V,898,Pokémon,2021/06/18,"tcgplayer,cardmarket",https://prices.pokemontcg.io/tcgplayer/swsh6-172,https://images.pokemontcg.io/swsh6/172_hires.png,2026/08/08,2025/11/18,29.22,21.6299991607666,31.0,999.0,,,,,,42.7949,20.763,45.2979,0.0,32.29800033569336,51.4346,33.936,0.0,0.0,0.0,1.1535,2026-08-09
swsh6-173,Galarian Zapdos V,holofoil,Chilling Reign,173,Rare Ultra,5ban Graphics,Basic|V,145,Pokémon,2021/06/18,"tcgplayer,cardmarket",https://prices.pokemontcg.io/tcgplayer/swsh6-173,https://images.pokemontcg.io/swsh6/173_hires.png,2026/08/08,2025/11/18,9.43,7.0,9.829999923706055,999.0,,,,,,9.6548,4.614,10.2315,0.0,10.888999938964844,9.4818,11.2582,0.0,0.0,0.0,1.1535,2026-08-09
swsh6-174,Galarian Zapdos V,holofoil,Chilling Reign,174,Rare Ultra,Akira Komayama,Basic|V,145,Pokémon,2021/06/18,"tcgplayer,cardmarket",https://prices.pokemontcg.io/tcgplayer/swsh6-174,https://images.pokemontcg.io/swsh6/174_hires.png,2026/08/08,2025/11/18,66.65,64.18000030517578,73.29000091552734,999.0,,,,,,67.6182,28.8375,67.6066,0.0,34.60499954223633,70.9633,70.0521,0.0,0.0,0.0,1.1535,2026-08-09
swsh6-175,Sandaconda V,holofoil,Chilling Reign,175,Rare Ultra,PLANETA Tsuji,Basic|V,844,Pokémon,2021/06/18,"tcgplayer,cardmarket",https://prices.pokemontcg.io/tcgplayer/swsh6-175,https://images.pokemontcg.io/swsh6/175_hires.png,2026/08/08,2025/11/18,1.58,0.4000000059604645,1.9600000381469727,999.0,,,,,,2.3877,1.7187,2.5723,0.0,2.306999921798706,2.8722,2.4685,0.0,0.0,0.0,1.1535,2026-08-09
swsh6-176,Galarian Moltres V,holofoil,Chilling Reign,176,Rare Ultra,aky CG Works,Basic|V,146,Pokémon,2021/06/18,"tcgplayer,cardmarket",https://prices.pokemontcg.io/tcgplayer/swsh6-176,https://images.pokemontcg.io/swsh6/176_hires.png,2026/08/08,2025/11/18,14.81,11.5,16.209999084472656,999.0,,,,,,15.8145,5.7675,14.6033,0.0,11.523500442504883,16.2759,16.6335,0.0,0.0,0.0,1.1535,2026-08-09
swsh6-177,Galarian Moltres V,holofoil,Chilling Reign,177,Rare Ultra,Shibuzoh.,Basic|V,146,Pokémon,2021/06/18,"tcgplayer,cardmarket",https://prices.pokemontcg.io/tcgplayer/swsh6-177,https://images.pokemontcg.io/swsh6/177_hires.png,2026/08/08,2025/11/18,247.06,195.0,267.4100036621094,1618.7,,,,,,250.0557,80.745,260.2757,0.0,141.30380249023438,237.0327,230.2963,0.0,0.0,0.0,1.1535,2026-08-09
swsh6-178,Galarian Slowking V,holofoil,Chilling Reign,178,Rare Ultra,5ban Graphics,Basic|V|Single Strike,199,Pokémon,2021/06/18,"tcgplayer,cardmarket",https://prices.pokemontcg.io/tcgplayer/swsh6-178,https://images.pokemontcg.io/swsh6/178_hires.png,2026/08/08,2025/11/18,4.99,3.700000047683716,5.329999923706055,999.0,,,,,,5.7444,2.2955,5.8482,0.0,5.767499923706055,5.756,6.0674,0.0,0.0,0.0,1.1535,2026-08-09
swsh6-179,Galarian Slowking V,holofoil,Chilling Reign,179,Rare Ultra,Tomokazu Komiya,Basic|V|Single Strike,199,Pokémon,2021/06/18,"tcgplayer,cardmarket",https://prices.pokemontcg.io/tcgplayer/swsh6-179,https://images.pokemontcg.io/swsh6/179_hires.png,2026/08/08,2025/11/18,106.49,117.94999694824219,219.97000122070312,999.0,,,,,,62.9696,32.298,48.8507,0.0,43.83300018310547,61.4239,66.2455,0.0,0.0,0.0,1.1535,2026-08-09
swsh6-180,Liepard V,holofoil,Chilling Reign,180,Rare Ultra,Ayaka Yoshida,Basic|V,510,Pokémon,2021/06/18,"tcgplayer,cardmarket",https://prices.pokemontcg.io/tcgplayer/swsh6-180,https://images.pokemontcg.io/swsh6/180_hires.png,2026/08/08,2025/11/18,2.43,1.5,2.559999942779541,999.0,,,,,,3.1029,2.0763,3.2298,0.0,3.4605000019073486,3.1375,2.953,0.0,0.0,0.0,1.1535,2026-08-09
swsh6-181,Metagross V,holofoil,Chilling Reign,181,Rare Ultra,PLANETA Mochizuki,Basic|V|Rapid Strike,376,Pokémon,2021/06/18,"tcgplayer,cardmarket",https://prices.pokemontcg.io/tcgplayer/swsh6-181,https://images.pokemontcg.io/swsh6/181_hires.png,2026/08/08,2025/11/18,5.66,4.300000190734863,5.989999771118164,999.0,,,,,,4.764,2.8838,4.2449,0.0,3.172100067138672,4.2679,4.9139,0.0,0.0,0.0,1.1535,2026-08-09
swsh6-182,Blissey V,holofoil,Chilling Reign,182,Rare Ultra,Saki Hayashiro,Basic|V,242,Pokémon,2021/06/18,"tcgplayer,cardmarket",https://prices.pokemontcg.io/tcgplayer/swsh6-182,https://images.pokemontcg.io/swsh6/182_hires.png,2026/08/08,2025/11/18,8.67,4.230000019073486,8.859999656677246,999.0,,,,,,6.8518,2.8838,7.3132,0.0,3.633500099182129,7.5785,6.6442,0.0,0.0,0.0,1.1535,2026-08-09
swsh6-183,Blissey V,holofoil,Chilling Reign,183,Rare Ultra,Saya Tsuruta,Basic|V,242,Pokémon,2021/06/18,"tcgplayer,cardmarket",https://prices.pokemontcg.io/tcgplayer/swsh6-183,https://images.pokemontcg.io/swsh6/183_hires.png,2026/08/08,2025/11/18,43.82,35.0,49.9900016784668,999.0,,,,,,40.3033,9.228,27.3264,0.0,27.672500610351562,26.196,36.6467,0.0,0.0,0.0,1.1535,2026-08-09
swsh6-184,Tornadus V,holofoil,Chilling Reign,184,Rare Ultra,PLANETA Mochizuki,Basic|V|Single Strike,641,Pokémon,2021/06/18,"tcgplayer,cardmarket",https://prices.pokemontcg.io/tcgplayer/swsh6-184,https://images.pokemontcg.io/swsh6/184_hires.png,2026/08/08,2025/11/18,3.28,1.75,3.4000000953674316,999.0,,,,,,4.8332,2.5954,4.4871,0.0,3.114500045776367,5.0062,4.5448,0.0,0.0,0.0,1.1535,2026-08-09
swsh6-185,Tornadus V,holofoil,Chilling Reign,185,Rare Ultra,tetsuya koizumi,Basic|V|Single Strike,641,Pokémon,2021/06/18,"tcgplayer,cardmarket",https://prices.pokemontcg.io/tcgplayer/swsh6-185,https://images.pokemontcg.io/swsh6/185_hires.png,2026/08/08,2025/11/18,33.54,31.799999237060547,35.59000015258789,999.0,,,,,,54.3645,23.07,67.9181,0.0,27.672500610351562,61.2047,47.7318,0.0,0.0,0.0,1.1535,2026-08-09
swsh6-186,Agatha,holofoil,Chilling Reign,186,Rare Ultra,NC Empire,Supporter,,Trainer,2021/06/18,"tcgplayer,cardmarket",https://prices.pokemontcg.io/tcgplayer/swsh6-186,https://images.pokemontcg.io/swsh6/186_hires.png,2026/08/08,2025/11/18,4.8,3.0,5.0,999.0,,,,,,5.8944,2.157,6.2404,0.0,6.897900104522705,5.3984,6.1136,0.0,0.0,0.0,1.1535,2026-08-09
swsh6-187,Avery,holofoil,Chilling Reign,187,Rare Ultra,kirisAki,Supporter,,Trainer,2021/06/18,"tcgplayer,cardmarket",https://prices.pokemontcg.io/tcgplayer/swsh6-187,https://images.pokemontcg.io/swsh6/187_hires.png,2026/08/08,2025/11/18,3.5,2.1500000953674316,3.680000066757202,999.0,,,,,,4.7755,2.307,4.9254,0.0,3.4605000019073486,4.9947,4.5563,0.0,0.0,0.0,1.1535,2026-08-09
swsh6-188,Brawly,holofoil,Chilling Reign,188,Rare Ultra,Sanosuke Sakuma,Supporter|Rapid Strike,,Trainer,2021/06/18,"tcgplayer,cardmarket",https://prices.pokemontcg.io/tcgplayer/swsh6-188,https://images.pokemontcg.io/swsh6/188_hires.png,2026/08/08,2025/11/18,1.88,1.3300000429153442,2.0,999.0,,,,,,3.5989,1.142,3.7604,0.0,3.4605000019073486,5.0177,3.3221,0.0,0.0,0.0,1.1535,2026-08-09
swsh6-189,Caitlin,holofoil,Chilling Reign,189,Rare Ultra,En Morikura,Supporter,,Trainer,2021/06/18,"tcgplayer,cardmarket",https://prices.pokemontcg.io/tcgplayer/swsh6-189,https://images.pokemontcg.io/swsh6/189_hires.png,2026/08/08,2025/11/18,25.33,22.3799991607666,27.639999389648438,999.0,,,,,,24.7656,18.456,25.3424,0.0,26.530500411987305,25.9999,25.0079,0.0,0.0,0.0,1.1535,2026-08-09
swsh6-190,Doctor,holofoil,Chilling Reign,190,Rare Ultra,Sanosuke Sakuma,Supporter,,Trainer,2021/06/18,"tcgplayer,cardmarket",https://prices.pokemontcg.io/tcgplayer/swsh6-190,https://images.pokemontcg.io/swsh6/190_hires.png,2026/08/08,2025/11/18,8.89,6.960000038146973,9.149999618530273,999.0,,,,,,8.063,6.3327,5.6868,0.0,4.602499961853027,8.9281,9.6433,0.0,0.0,0.0,1.1535,2026-08-09
swsh6-191,Flannery,holofoil,Chilling Reign,191,Rare Ultra,Ryuta Fuse,Supporter|Single Strike,,Trainer,2021/06/18,"tcgplayer,cardmarket",https://prices.pokemontcg.io/tcgplayer/swsh6-191,https://images.pokemontcg.io/swsh6/191_hires.png,2026/08/08,2025/11/18,15.31,13.100000381469727,16.639999389648438,999.0,,,,,,16.5066,12.1117,15.8491,0.0,12.630800247192383,17.2218,15.8722,0.0,0.0,0.0,1.1535,2026-08-09
swsh6-192,Honey,holofoil,Chilling Reign,192,Rare Ultra,Ryuta Fuse,Supporter,,Trainer,2021/06/18,"tcgplayer,cardmarket",https://prices.pokemontcg.io/tcgplayer/swsh6-192,https://images.pokemontcg.io/swsh6/192_hires.png,2026/08/08,2025/11/18,6.29,5.5,6.96999979019165,1000.0,,,,,,7.3709,5.7675,7.6938,0.0,7.255499839782715,8.0053,7.2555,0.0,0.0,0.0,1.1535,2026-08-09
swsh6-193,Karen's Conviction,holofoil,Chilling Reign,193,Rare Ultra,Hideki Ishikawa,Supporter|Single Strike,,Trainer,2021/06/18,"tcgplayer,cardmarket",https://prices.pokemontcg.io/tcgplayer/swsh6-193,https://images.pokemontcg.io/swsh6/193_hires.png,2026/08/08,2025/11/18,14.96,12.359999656677246,16.260000228881836,999.0,,,,,,15.2839,10.1047,17.2794,0.0,16.14900016784668,15.6761,15.157,0.0,0.0,0.0,1.1535,2026-08-09
swsh6-194,Klara,holofoil,Chilling Reign,194,Rare Ultra,Naoki Saito,Supporter,,Trainer,2021/06/18,"tcgplayer,cardmarket",https://prices.pokemontcg.io/tcgplayer/swsh6-194,https://images.pokemontcg.io/swsh6/194_hires.png,2026/08/08,2025/11/18,15.97,13.789999961853027,17.950000762939453,999.0,,,,,,17.4755,14.3265,18.9866,0.0,20.047800064086914,18.0638,18.5944,0.0,0.0,0.0,1.1535,2026-08-09
swsh6-195,Melony,holofoil,Chilling Reign,195,Rare Ultra,Taira Akitsu,Supporter,,Trainer,2021/06/18,"tcgplayer,cardmarket",https://prices.pokemontcg.io/tcgplayer/swsh6-195,https://images.pokemontcg.io/swsh6/195_hires.png,2026/08/08,2025/11/18,5.04,3.7799999713897705,6.21999979019165,1000.0,,,,,,5.5714,3.3451,5.5945,0.0,5.1331000328063965,5.0754,5.1561,0.0,0.0,0.0,1.1535,2026-08-09
swsh6-196,Peonia,holofoil,Chilling Reign,196,Rare Ultra,kirisAki,Supporter,,Trainer,2021/06/18,"tcgplayer,cardmarket",https://prices.pokemontcg.io/tcgplayer/swsh6-196,https://images.pokemontcg.io/swsh6/196_hires.png,2026/08/08,2025/11/18,10.36,8.6899995803833,11.0,999.0,,,,,,11.0275,8.0514,11.3158,0.0,24.096599578857422,12.2732,11.8464,0.0,0.0,0.0,1.1535,2026-08-09
swsh6-197,Peony,holofoil,Chilling Reign,197,Rare Ultra,Hitoshi Ariga,Supporter,,Trainer,2021/06/18,"tcgplayer,cardmarket",https://prices.pokemontcg.io/tcgplayer/swsh6-197,https://images.pokemontcg.io/swsh6/197_hires.png,2026/08/08,2025/11/18,3.66,2.0,3.9100000858306885,999.0,,,,,,5.0062,3.2298,4.9139,0.0,4.521699905395508,5.5599,5.7098,0.0,0.0,0.0,1.1535,2026-08-09
swsh6-198,Siebold,holofoil,Chilling Reign,198,Rare Ultra,Hideki Ishikawa,Supporter|Rapid Strike,,Trainer,2021/06/18,"tcgplayer,cardmarket",https://prices.pokemontcg.io/tcgplayer/swsh6-198,https://images.pokemontcg.io/swsh6/198_hires.png,2026/08/08,2025/11/18,2.95,2.0,3.390000104904175,999.0,,,,,,5.0754,2.8838,5.0062,0.0,9.170299530029297,5.2369,5.1561,0.0,0.0,0.0,1.1535,2026-08-09
swshp-SWSH104,Victini V,holofoil,SWSH Black Star Promos,SWSH104,Promo,5ban Graphics,Basic|V,494,Pokémon,2019/11/15,"tcgplayer,cardmarket",https://prices.pokemontcg.io/tcgplayer/swshp-SWSH104,https://images.pokemontcg.io/swshp/SWSH104_hires.png,2026/08/08,2025/12/07,1.29,0.75,1.3600000143051147,19.98,,,,,,1.9379,0.5767,1.9956,0.0,1.153499960899353,1.9609,1.8687,0.0,0.0,0.0,1.1535,2026-08-09
swshp-SWSH105,Gardevoir V,holofoil,SWSH Black Star Promos,SWSH105,Promo,5ban Graphics,Basic|V,282,Pokémon,2019/11/15,"tcgplayer,cardmarket",https://prices.pokemontcg.io/tcgplayer/swshp-SWSH105,https://images.pokemontcg.io/swshp/SWSH105_hires.png,2026/08/08,2025/12/07,2.26,1.2899999618530273,2.109999895095825,34.98,,,,,,2.5492,0.4499,2.3993,0.0,2.168600082397461,1.7418,2.4339,0.0,0.0,0.0,1.1535,2026-08-09
swshp-SWSH108,Empoleon V,holofoil,SWSH Black Star Promos,SWSH108,Promo,PLANETA Mochizuki,Basic|V|Rapid Strike,395,Pokémon,2019/11/15,"tcgplayer,cardmarket",https://prices.pokemontcg.io/tcgplayer/swshp-SWSH108,https://images.pokemontcg.io/swshp/SWSH108_hires.png,2026/08/08,2025/11/25,0.85,0.30000001192092896,0.9900000095367432,25.82,,,,,,1.1996,0.4614,1.1074,0.0,1.6726000308990479,1.1766,1.2342,0.0,0.0,0.0,1.1535,2026-08-09
swshp-SWSH109,Tyranitar V,holofoil,SWSH Black Star Promos,SWSH109,Promo,PLANETA Tsuji,Basic|V|Single Strike,248,Pokémon,2019/11/15,"tcgplayer,cardmarket",https://prices.pokemontcg.io/tcgplayer/swshp-SWSH109,https://images.pokemontcg.io/swshp/SWSH109_hires.png,2026/08/08,2025/11/25,0.83,0.49000000953674316,1.0,19.98,,,,,,1.3611,0.4037,1.1189,0.0,1.3610999584197998,1.165,1.3611,0.0,0.0,0.0,1.1535,2026-08-09
swshp-SWSH111,Galarian Rapidash V,holofoil,SWSH Black Star Promos,SWSH111,Promo,Saki Hayashiro,Basic|V,78,Pokémon,2019/11/15,"tcgplayer,cardmarket",https://prices.pokemontcg.io/tcgplayer/swshp-SWSH111,https://images.pokemontcg.io/swshp/SWSH111_hires.png,2026/08/08,2025/11/25,3.11,2.2699999809265137,3.3299999237060547,9999.0,,,,,,1.3957,0.346,1.9148,0.0,2.376199960708618,1.7879,1.5918,0.0,0.0,0.0,1.1535,2026-08-09
swshp-SWSH112,Cinderace,,SWSH Black Star Promos,SWSH112,Promo,Anesaki Dynamic,Stage 2|Single Strike,815,Pokémon,2019/11/15,cardmarket,https://prices.pokemontcg.io/tcgplayer/swshp-SWSH112,https://images.pokemontcg.io/swshp/SWSH112_hires.png,2023/04/15,2025/11/25,,,,,,,,,,7.8092,2.307,10.2777,0.0,5.7444000244140625,9.5279,8.1091,0.0,0.0,0.0,1.1535,2026-08-09
swshp-SWSH113,Inteleon,,SWSH Black Star Promos,SWSH113,Promo,AKIRA EGAWA,Stage 2|Rapid Strike,818,Pokémon,2019/11/15,cardmarket,https://prices.pokemontcg.io/tcgplayer/swshp-SWSH113,https://images.pokemontcg.io/swshp/SWSH113_hires.png,2023/04/15,2025/11/25,,,,,,,,,,6.4942,4.0949,4.441,0.0,6.344200134277344,6.8287,8.0053,0.0,0.0,0.0,1.1535,2026-08-09
swshp-SWSH114,Cresselia,,SWSH Black Star Promos,SWSH114,Promo,Kagemaru Himeno,Basic,488,Pokémon,2019/11/15,cardmarket,https://prices.pokemontcg.io/tcgplayer/swshp-SWSH114,https://images.pokemontcg.io/swshp/SWSH114_hires.png,2023/04/15,2025/11/25,,,,,,,,,,5.4215,2.307,5.3984,0.0,4.037300109863281,5.6406,5.0293,0.0,0.0,0.0,1.1535,2026-08-09
swshp-SWSH115,Passimian,,SWSH Black Star Promos,SWSH115,Promo,Teeziro,Basic|Rapid Strike,766,Pokémon,2019/11/15,cardmarket,https://prices.pokemontcg.io/tcgplayer/swshp-SWSH115,https://images.pokemontcg.io/swshp/SWSH115_hires.png,2023/04/15,2025/11/25,,,,,,,,,,5.3176,1.5803,3.9565,0.0,5.479100227355957,4.6601,7.1171,0.0,0.0,0.0,1.1535,2026-08-09
swshp-SWSH116,Morpeko,holofoil,SWSH Black Star Promos,SWSH116,Promo,Atsushi Furusawa,Basic,877,Pokémon,2019/11/15,"tcgplayer,cardmarket",https://prices.pokemontcg.io/tcgplayer/swshp-SWSH116,https://images.pokemontcg.io/swshp/SWSH116_hires.png,2026/08/08,2025/11/25,2.09,0.7599999904632568,1.850000023841858,5.0,,,,,,1.0266,0.173,0.9574,0.0,0.8073999881744385,0.8305,0.9805,0.0,0.0,0.0,1.1535,2026-08-09
swshp-SWSH117,Phanpy,holofoil,SWSH Black Star Promos,SWSH117,Promo,Kagemaru Himeno,Basic,231,Pokémon,2019/11/15,"tcgplayer,cardmarket",https://prices.pokemontcg.io/tcgplayer/swshp-SWSH117,https://images.pokemontcg.io/swshp/SWSH117_hires.png,2026/08/08,2025/11/25,0.41,0.15000000596046448,0.5,5.21,,,,,,0.6114,0.1154,0.7498,0.0,0.6344000101089478,0.6114,0.6575,0.0,0.0,0.0,1.1535,2026-08-09
swshp-SWSH118,Eevee,holofoil,SWSH Black Star Promos,SWSH118,Promo,Yuu Nishida,Basic,133,Pokémon,2019/11/15,"tcgplayer,cardmarket",https://prices.pokemontcg.io/tcgplayer/swshp-SWSH118,https://images.pokemontcg.io/swshp/SWSH118_hires.png,2026/08/08,2025/11/25,4.92,3.490000009536743,5.230000019073486,96.95,,,,,,2.1455,0.2307,2.3877,0.0,2.687700033187866,2.8838,2.3185,0.0,0.0,0.0,1.1535,2026-08-09
swshp-SWSH119,Snorlax,holofoil,SWSH Black Star Promos,SWSH119,Promo,Yuya Oka,Basic|Single Strike,143,Pokémon,2019/11/15,"tcgplayer,cardmarket",https://prices.pokemontcg.io/tcgplayer/swshp-SWSH119,https://images.pokemontcg.io/swshp/SWSH119_hires.png,2026/08/08,2025/11/25,5.08,3.5299999713897705,5.110000133514404,96.95,,,,,,1.6149,0.1038,1.3842,0.0,0.17299999296665192,1.5342,1.4995,0.0,0.0,0.0,1.1535,2026-08-09
swshp-SWSH178,Professor's Research,holofoil,SWSH Black Star Promos,SWSH178,Promo,Yusuke Kozaki,Supporter,,Trainer,2019/11/15,"tcgplayer,cardmarket",https://prices.pokemontcg.io/tcgplayer/swshp-SWSH178,https://images.pokemontcg.io/swshp/SWSH178_hires.png,2026/08/08,2025/11/25,0.5,0.11999999731779099,0.5,19.98,,,,,,0.496,0.0231,0.5652,0.0,0.28839999437332153,0.7152,0.4845,0.0,0.0,0.0,1.1535,2026-08-09
swsh6-199,Celebi VMAX,holofoil,Chilling Reign,199,Rare Rainbow,PLANETA Tsuji,VMAX,251,Pokémon,2021/06/18,"tcgplayer,cardmarket",https://prices.pokemontcg.io/tcgplayer/swsh6-199,https://images.pokemontcg.io/swsh6/199_hires.png,2026/08/08,2025/11/18,25.22,21.989999771118164,26.8700008392334,999.0,,,,,,15.1224,4.614,15.7568,0.0,18.167600631713867,15.6415,15.7568,0.0,0.0,0.0,1.1535,2026-08-09
swsh6-200,Blaziken VMAX,holofoil,Chilling Reign,200,Rare Rainbow,AKIRA EGAWA,VMAX|Rapid Strike,257,Pokémon,2021/06/18,"tcgplayer,cardmarket",https://prices.pokemontcg.io/tcgplayer/swsh6-200,https://images.pokemontcg.io/swsh6/200_hires.png,2026/08/08,2025/11/18,29.9,27.0,32.790000915527344,999.0,,,,,,22.5855,12.6885,22.6547,0.0,20.76300048828125,23.2661,24.1428,0.0,0.0,0.0,1.1535,2026-08-09
swsh6-201,Blaziken VMAX,holofoil,Chilling Reign,201,Rare Rainbow,Shigenori Negishi,VMAX|Rapid Strike,257,Pokémon,2021/06/18,"tcgplayer,cardmarket",https://prices.pokemontcg.io/tcgplayer/swsh6-201,https://images.pokemontcg.io/swsh6/201_hires.png,2026/08/08,2025/11/18,381.29,320.7099914550781,450.0,2854.53,,,,,,396.9194,166.0925,397.473,0.0,322.9800109863281,411.465,364.1023,0.0,0.0,0.0,1.1535,2026-08-09
swsh6-202,Ice Rider Calyrex VMAX,holofoil,Chilling Reign,202,Rare Rainbow,5ban Graphics,VMAX,898,Pokémon,2021/06/18,"tcgplayer,cardmarket",https://prices.pokemontcg.io/tcgplayer/swsh6-202,https://images.pokemontcg.io/swsh6/202_hires.png,2026/08/08,2025/11/18,10.56,7.0,11.229999542236328,999.0,,,,,,10.0701,7.1517,10.3815,0.0,8.07450008392334,10.5776,9.9778,0.0,0.0,0.0,1.1535,2026-08-09
swsh6-203,Ice Rider Calyrex VMAX,holofoil,Chilling Reign,203,Rare Rainbow,Oswaldo KATO,VMAX,898,Pokémon,2021/06/18,"tcgplayer,cardmarket",https://prices.pokemontcg.io/tcgplayer/swsh6-203,https://images.pokemontcg.io/swsh6/203_hires.png,2026/08/08,2025/11/18,38.86,36.20000076293945,43.77000045776367,999.0,,,,,,76.7885,17.3025,69.9367,0.0,207.6300048828125,81.1718,57.4328,0.0,0.0,0.0,1.1535,2026-08-09
swsh6-204,Shadow Rider Calyrex VMAX,holofoil,Chilling Reign,204,Rare Rainbow,5ban Graphics,VMAX,898,Pokémon,2021/06/18,"tcgplayer,cardmarket",https://prices.pokemontcg.io/tcgplayer/swsh6-204,https://images.pokemontcg.io/swsh6/204_hires.png,2026/08/08,2025/11/18,9.09,8.069999694824219,9.979999542236328,999.0,,,,,,11.2351,6.921,14.8455,0.0,10.381500244140625,10.4161,12.2271,0.0,0.0,0.0,1.1535,2026-08-09
swsh6-205,Shadow Rider Calyrex VMAX,holofoil,Chilling Reign,205,Rare Rainbow,Mitsuhiro Arita,VMAX,898,Pokémon,2021/06/18,"tcgplayer,cardmarket",https://prices.pokemontcg.io/tcgplayer/swsh6-205,https://images.pokemontcg.io/swsh6/205_hires.png,2026/08/08,2025/11/18,68.76,59.9900016784668,74.26000213623047,999.0,,,,,,92.0147,34.605,100.839,0.0,207.6300048828125,92.5107,81.4256,0.0,0.0,0.0,1.1535,2026-08-09
swsh6-206,Sandaconda VMAX,holofoil,Chilling Reign,206,Rare Rainbow,aky CG Works,VMAX,844,Pokémon,2021/06/18,"tcgplayer,cardmarket",https://prices.pokemontcg.io/tcgplayer/swsh6-206,https://images.pokemontcg.io/swsh6/206_hires.png,2026/08/08,2025/11/18,7.28,6.440000057220459,8.029999732971191,999.0,,,,,,7.913,0.5767,7.9015,0.0,7.451600074768066,7.4862,7.4055,0.0,0.0,0.0,1.1535,2026-08-09
swsh6-207,Galarian Slowking VMAX,holofoil,Chilling Reign,207,Rare Rainbow,5ban Graphics,VMAX|Single Strike,199,Pokémon,2021/06/18,"tcgplayer,cardmarket",https://prices.pokemontcg.io/tcgplayer/swsh6-207,https://images.pokemontcg.io/swsh6/207_hires.png,2026/08/08,2025/11/18,10.49,7.199999809265137,12.0600004196167,999.0,,,,,,9.8624,5.7675,9.2741,0.0,8.07450008392334,10.0124,9.8624,0.0,0.0,0.0,1.1535,2026-08-09
swsh6-208,Metagross VMAX,holofoil,Chilling Reign,208,Rare Rainbow,Ryota Murayama,VMAX|Rapid Strike,376,Pokémon,2021/06/18,"tcgplayer,cardmarket",https://prices.pokemontcg.io/tcgplayer/swsh6-208,https://images.pokemontcg.io/swsh6/208_hires.png,2026/08/08,2025/11/18,14.5,10.220000267028809,15.449999809265137,999.0,,,,,,9.7009,8.0745,9.7009,0.0,10.26609992980957,10.1969,10.6237,0.0,0.0,0.0,1.1535,2026-08-09
swsh6-209,Tornadus VMAX,holofoil,Chilling Reign,209,Rare Rainbow,Mitsuhiro Arita,VMAX|Single Strike,641,Pokémon,2021/06/18,"tcgplayer,cardmarket",https://prices.pokemontcg.io/tcgplayer/swsh6-209,https://images.pokemontcg.io/swsh6/209_hires.png,2026/08/08,2025/11/18,7.42,6.480000019073486,8.229999542236328,999.0,,,,,,6.102,4.3602,6.7595,0.0,6.286600112915039,5.8828,7.4055,0.0,0.0,0.0,1.1535,2026-08-09
swsh6-210,Agatha,holofoil,Chilling Reign,210,Rare Rainbow,NC Empire,Supporter,,Trainer,2021/06/18,"tcgplayer,cardmarket",https://prices.pokemontcg.io/tcgplayer/swsh6-210,https://images.pokemontcg.io/swsh6/210_hires.png,2026/08/08,2025/11/18,5.18,3.369999885559082,5.590000152587891,999.0,,,,,,6.4711,4.0373,6.771,0.0,4.960000038146973,5.5829,6.0905,0.0,0.0,0.0,1.1535,2026-08-09
swsh6-211,Avery,holofoil,Chilling Reign,211,Rare Rainbow,kirisAki,Supporter,,Trainer,2021/06/18,"tcgplayer,cardmarket",https://prices.pokemontcg.io/tcgplayer/swsh6-211,https://images.pokemontcg.io/swsh6/211_hires.png,2026/08/08,2025/11/18,6.46,5.25,7.0,999.0,,,,,,7.9938,5.5253,8.2475,0.0,7.186299800872803,7.7169,8.2475,0.0,0.0,0.0,1.1535,2026-08-09
swsh6-212,Brawly,holofoil,Chilling Reign,212,Rare Rainbow,Sanosuke Sakuma,Supporter|Rapid Strike,,Trainer,2021/06/18,"tcgplayer,cardmarket",https://prices.pokemontcg.io/tcgplayer/swsh6-212,https://images.pokemontcg.io/swsh6/212_hires.png,2026/08/08,2025/11/18,4.82,3.4800000190734863,5.179999828338623,999.0,,,,,,7.1632,4.6025,7.9015,0.0,12.111700057983398,8.0976,7.3593,0.0,0.0,0.0,1.1535,2026-08-09
swsh6-213,Caitlin,holofoil,Chilling Reign,213,Rare Rainbow,En Morikura,Supporter,,Trainer,2021/06/18,"tcgplayer,cardmarket",https://prices.pokemontcg.io/tcgplayer/swsh6-213,https://images.pokemontcg.io/swsh6/213_hires.png,2026/08/08,2025/11/18,15.89,9.989999771118164,17.1200008392334,1000.0,,,,,,9.2511,1.1535,9.5625,0.0,10.946700096130371,9.6087,11.9733,0.0,0.0,0.0,1.1535,2026-08-09
swsh6-214,Doctor,holofoil,Chilling Reign,214,Rare Rainbow,Sanosuke Sakuma,Supporter,,Trainer,2021/06/18,"tcgplayer,cardmarket",https://prices.pokemontcg.io/tcgplayer/swsh6-214,https://images.pokemontcg.io/swsh6/214_hires.png,2026/08/08,2025/11/18,9.02,7.199999809265137,9.739999771118164,2000.0,,,,,,8.2129,3.4605,7.4747,0.0,7.809199810028076,8.3744,9.401,0.0,0.0,0.0,1.1535,2026-08-09
swsh6-215,Flannery,holofoil,Chilling Reign,215,Rare Rainbow,Ryuta Fuse,Supporter|Single Strike,,Trainer,2021/06/18,"tcgplayer,cardmarket",https://prices.pokemontcg.io/tcgplayer/swsh6-215,https://images.pokemontcg.io/swsh6/215_hires.png,2026/08/08,2025/11/18,6.19,4.550000190734863,6.340000152587891,999.0,,,,,,7.1978,4.8447,6.3327,0.0,5.767499923706055,7.1517,7.0133,0.0,0.0,0.0,1.1535,2026-08-09
swsh6-216,Karen's Conviction,holofoil,Chilling Reign,216,Rare Rainbow,Hideki Ishikawa,Supporter|Single Strike,,Trainer,2021/06/18,"tcgplayer,cardmarket",https://prices.pokemontcg.io/tcgplayer/swsh6-216,https://images.pokemontcg.io/swsh6/216_hires.png,2026/08/08,2025/11/18,9.83,5.989999771118164,10.109999656677246,999.0,,,,,,5.9982,4.614,6.2174,0.0,5.871300220489502,6.0097,6.1366,0.0,0.0,0.0,1.1535,2026-08-09
swsh6-217,Klara,holofoil,Chilling Reign,217,Rare Rainbow,Naoki Saito,Supporter,,Trainer,2021/06/18,"tcgplayer,cardmarket",https://prices.pokemontcg.io/tcgplayer/swsh6-217,https://images.pokemontcg.io/swsh6/217_hires.png,2026/08/08,2025/11/18,10.54,6.0,10.520000457763672,1000.0,,,,,,8.1091,4.614,8.9627,0.0,8.801199913024902,8.1668,8.6628,0.0,0.0,0.0,1.1535,2026-08-09
swsh6-218,Melony,holofoil,Chilling Reign,218,Rare Rainbow,Taira Akitsu,Supporter,,Trainer,2021/06/18,"tcgplayer,cardmarket",https://prices.pokemontcg.io/tcgplayer/swsh6-218,https://images.pokemontcg.io/swsh6/218_hires.png,2026/08/08,2025/11/18,9.34,7.789999961853027,10.0,1000.0,,,,,,7.4747,4.614,7.0594,0.0,8.07450008392334,8.0514,9.378,0.0,0.0,0.0,1.1535,2026-08-09
swsh6-219,Peonia,holofoil,Chilling Reign,219,Rare Rainbow,kirisAki,Supporter,,Trainer,2021/06/18,"tcgplayer,cardmarket",https://prices.pokemontcg.io/tcgplayer/swsh6-219,https://images.pokemontcg.io/swsh6/219_hires.png,2026/08/08,2025/11/18,7.78,6.110000133514404,8.020000457763672,999.0,,,,,,8.3513,6.921,8.9166,0.0,9.15880012512207,8.1668,8.8243,0.0,0.0,0.0,1.1535,2026-08-09
swsh6-220,Peony,holofoil,Chilling Reign,220,Rare Rainbow,Hitoshi Ariga,Supporter,,Trainer,2021/06/18,"tcgplayer,cardmarket",https://prices.pokemontcg.io/tcgplayer/swsh6-220,https://images.pokemontcg.io/swsh6/220_hires.png,2026/08/08,2025/11/18,4.76,3.7300000190734863,5.0,999.0,,,,,,5.9867,4.614,6.5519,0.0,5.167699813842773,6.8287,7.0248,0.0,0.0,0.0,1.1535,2026-08-09
swsh6-221,Siebold,holofoil,Chilling Reign,221,Rare Rainbow,Hideki Ishikawa,Supporter|Rapid Strike,,Trainer,2021/06/18,"tcgplayer,cardmarket",https://prices.pokemontcg.io/tcgplayer/swsh6-221,https://images.pokemontcg.io/swsh6/221_hires.png,2026/08/08,2025/11/18,4.83,3.319999933242798,5.130000114440918,999.0,,,,,,5.3176,2.307,6.0213,0.0,2.306999921798706,6.0905,6.2635,0.0,0.0,0.0,1.1535,2026-08-09
swsh6-222,Electrode,holofoil,Chilling Reign,222,Rare Secret,Ryo Ueda,Stage 1,101,Pokémon,2021/06/18,"tcgplayer,cardmarket",https://prices.pokemontcg.io/tcgplayer/swsh6-222,https://images.pokemontcg.io/swsh6/222_hires.png,2026/08/08,2025/11/18,15.83,13.960000038146973,17.18000030517578,999.0,,,,,,16.1144,8.0745,17.3025,0.0,15.537599563598633,15.48,15.9644,0.0,0.0,0.0,1.1535,2026-08-09
swsh6-223,Bronzong,holofoil,Chilling Reign,223,Rare Secret,Eske Yoshinob,Stage 1,437,Pokémon,2021/06/18,"tcgplayer,cardmarket",https://prices.pokemontcg.io/tcgplayer/swsh6-223,https://images.pokemontcg.io/swsh6/223_hires.png,2026/08/08,2025/11/18,6.31,4.960000038146973,7.099999904632568,999.0,,,,,,8.0745,5.756,7.5554,0.0,5.767499923706055,8.0284,8.4206,0.0,0.0,0.0,1.1535,2026-08-09
swsh6-224,Snorlax,holofoil,Chilling Reign,224,Rare Secret,Saki Hayashiro,Basic,143,Pokémon,2021/06/18,"tcgplayer,cardmarket",https://prices.pokemontcg.io/tcgplayer/swsh6-224,https://images.pokemontcg.io/swsh6/224_hires.png,2026/08/08,2025/11/18,137.66,130.6699981689453,160.0,1155.9,,,,,,117.4494,56.5215,126.4121,0.0,242.23500061035156,121.4289,97.4477,0.0,0.0,0.0,1.1535,2026-08-09
swsh6-225,Echoing Horn,holofoil,Chilling Reign,225,Rare Secret,Studio Bora Inc.,Item|Rapid Strike,,Trainer,2021/06/18,"tcgplayer,cardmarket",https://prices.pokemontcg.io/tcgplayer/swsh6-225,https://images.pokemontcg.io/swsh6/225_hires.png,2026/08/08,2025/11/18,2.38,1.75,2.9800000190734863,999.0,,,,,,4.9139,4.0373,5.0062,0.0,4.152599811553955,4.937,5.2254,0.0,0.0,0.0,1.1535,2026-08-09
swsh6-226,Fan of Waves,holofoil,Chilling Reign,226,Rare Secret,sadaji,Item|Rapid Strike,,Trainer,2021/06/18,"tcgplayer,cardmarket",https://prices.pokemontcg.io/tcgplayer/swsh6-226,https://images.pokemontcg.io/swsh6/226_hires.png,2026/08/08,2025/11/18,2.68,2.1600000858306885,3.0,999.0,,,,,,4.464,3.2298,4.8447,0.0,5.340700149536133,4.5333,5.1677,0.0,0.0,0.0,1.1535,2026-08-09
swsh6-227,Fog Crystal,holofoil,Chilling Reign,227,Rare Secret,sadaji,Item,,Trainer,2021/06/18,"tcgplayer,cardmarket",https://prices.pokemontcg.io/tcgplayer/swsh6-227,https://images.pokemontcg.io/swsh6/227_hires.png,2026/08/08,2025/11/18,5.1,3.9100000858306885,5.21999979019165,999.0,,,,,,6.0674,4.614,6.4481,0.0,5.767499923706055,6.0443,6.8403,0.0,0.0,0.0,1.1535,2026-08-09
swsh6-228,Rugged Helmet,holofoil,Chilling Reign,228,Rare Secret,sadaji,Pokémon Tool,,Trainer,2021/06/18,"tcgplayer,cardmarket",https://prices.pokemontcg.io/tcgplayer/swsh6-228,https://images.pokemontcg.io/swsh6/228_hires.png,2026/08/08,2025/11/18,2.49,1.9900000095367432,2.880000114440918,999.0,,,,,,5.5137,3.449,5.2484,0.0,4.613999843597412,5.5137,5.3638,0.0,0.0,0.0,1.1535,2026-08-09
swsh6-229,Urn of Vitality,holofoil,Chilling Reign,229,Rare Secret,Toyste Beach,Item|Single Strike,,Trainer,2021/06/18,"tcgplayer,cardmarket",https://prices.pokemontcg.io/tcgplayer/swsh6-229,https://images.pokemontcg.io/swsh6/229_hires.png,2026/08/08,2025/11/18,2.72,1.7000000476837158,2.990000009536743,999.0,,,,,,4.6486,3.4605,4.9716,0.0,4.613999843597412,4.5794,5.3061,0.0,0.0,0.0,1.1535,2026-08-09
swsh6-230,Welcoming Lantern,holofoil,Chilling Reign,230,Rare Secret,Studio Bora Inc.,Item|Single Strike,,Trainer,2021/06/18,"tcgplayer,cardmarket",https://prices.pokemontcg.io/tcgplayer/swsh6-230,https://images.pokemontcg.io/swsh6/230_hires.png,2026/08/08,2025/11/18,2.63,1.899999976158142,2.809999942779541,999.0,,,,,,5.0177,2.4224,4.9024,0.0,4.8907999992370605,4.6717,5.433,0.0,0.0,0.0,1.1535,2026-08-09
swsh6-231,Water Energy,holofoil,Chilling Reign,231,Rare Secret,,Basic,,Energy,2021/06/18,"tcgplayer,cardmarket",https://prices.pokemontcg.io/tcgplayer/swsh6-231,https://images.pokemontcg.io/swsh6/231_hires.png,2026/08/08,2025/11/18,15.96,12.5,15.960000038146973,999.0,,,,,,14.1534,8.9627,13.6459,0.0,10.958200454711914,13.8881,12.1579,0.0,0.0,0.0,1.1535,2026-08-09
swsh6-232,Psychic Energy,holofoil,Chilling Reign,232,Rare Secret,,Basic,,Energy,2021/06/18,"tcgplayer,cardmarket",https://prices.pokemontcg.io/tcgplayer/swsh6-232,https://images.pokemontcg.io/swsh6/232_hires.png,2026/08/08,2025/11/18,16.64,9.989999771118164,18.989999771118164,999.0,,,,,,10.8775,9.228,11.2466,0.0,12.68850040435791,10.8314,11.6273,0.0,0.0,0.0,1.1535,2026-08-09
swsh6-233,Fighting Energy,holofoil,Chilling Reign,233,Rare Secret,,Basic,,Energy,2021/06/18,"tcgplayer,cardmarket",https://prices.pokemontcg.io/tcgplayer/swsh6-233,https://images.pokemontcg.io/swsh6/233_hires.png,2026/08/08,2025/11/18,13.3,8.0,15.109999656677246,999.0,,,,,,13.2306,4.6025,12.677,0.0,16.14900016784668,12.7923,10.2777,0.0,0.0,0.0,1.1535,2026-08-09
swsh7-2,Hoppip,normal,Evolving Skies,2,Common,Kagemaru Himeno,Basic|Rapid Strike,187,Pokémon,2021/08/27,"tcgplayer,cardmarket",https://prices.pokemontcg.io/tcgplayer/swsh7-2,https://images.pokemontcg.io/swsh7/2_hires.png,2026/08/08,2026/07/01,0.06,0.009999999776482582,0.15000000596046448,20.0,,0.19,,,,0.0346,0.0231,0.0231,0.173,0.023099999874830246,0.0346,0.0346,0.346,0.2076,0.1961,1.1535,2026-08-09
swsh7-4,Jumpluff,holofoil,Evolving Skies,4,Rare Holo,Tika Matsuno,Stage 2|Rapid Strike,189,Pokémon,2021/08/27,"tcgplayer,cardmarket",https://prices.pokemontcg.io/tcgplayer/swsh7-4,https://images.pokemontcg.io/swsh7/4_hires.png,2026/08/08,2026/07/01,0.27,0.10000000149011612,0.30000001192092896,18.96,,0.27,,,,0.346,0.0231,0.3922,0.3576,0.3921999931335449,0.3807,0.2999,0.4037,0.2999,0.3691,1.1535,2026-08-09
swsh7-6,Tropius,normal,Evolving Skies,6,Rare,Oswaldo KATO,Basic,357,Pokémon,2021/08/27,"tcgplayer,cardmarket",https://prices.pokemontcg.io/tcgplayer/swsh7-6,https://images.pokemontcg.io/swsh7/6_hires.png,2026/08/08,2026/07/01,0.21,0.009999999776482582,0.2199999988079071,2.99,,0.28,,,,0.1269,0.0231,0.1154,0.2192,0.09229999780654907,0.0923,0.1038,0.6344,0.2653,0.2076,1.1535,2026-08-09
swsh7-1,Pinsir,normal,Evolving Skies,1,Rare,Shin Nagasawa,Basic|Single Strike,127,Pokémon,2021/08/27,"tcgplayer,cardmarket",https://prices.pokemontcg.io/tcgplayer/swsh7-1,https://images.pokemontcg.io/swsh7/1_hires.png,2026/08/08,2026/07/01,0.17,0.009999999776482582,0.20000000298023224,2.99,,0.29,,,,0.0807,0.0231,0.0692,0.3114,0.05770000070333481,0.0577,0.0692,1.1535,0.3576,0.2538,1.1535,2026-08-09
swsh7-3,Skiploom,normal,Evolving Skies,3,Uncommon,kirisAki,Stage 1|Rapid Strike,188,Pokémon,2021/08/27,"tcgplayer,cardmarket",https://prices.pokemontcg.io/tcgplayer/swsh7-3,https://images.pokemontcg.io/swsh7/3_hires.png,2026/08/08,2026/07/01,0.12,0.009999999776482582,0.15000000596046448,20.0,,0.22,,,,0.0692,0.0231,0.0923,0.2307,0.08070000261068344,0.0923,0.0577,1.1535,0.323,0.1961,1.1535,2026-08-09
swsh7-5,Seedot,normal,Evolving Skies,5,Common,otumami,Basic,273,Pokémon,2021/08/27,"tcgplayer,cardmarket",https://prices.pokemontcg.io/tcgplayer/swsh7-5,https://images.pokemontcg.io/swsh7/5_hires.png,2026/08/08,2026/07/01,0.03,0.009999999776482582,0.15000000596046448,19.98,,0.13,,,,0.0346,0.0231,0.0346,0.1615,0.023099999874830246,0.0346,0.0346,0.2884,0.1615,0.15,1.1535,2026-08-09
swsh7-8,Leafeon VMAX,holofoil,Evolving Skies,8,Rare Holo VMAX,PLANETA Tsuji,VMAX,470,Pokémon,2021/08/27,"tcgplayer,cardmarket",https://prices.pokemontcg.io/tcgplayer/swsh7-8,https://images.pokemontcg.io/swsh7/8_hires.png,2026/08/08,2026/07/01,11.37,9.0,11.84000015258789,100.0,,,,,,8.8012,3.449,7.6592,0.0,7.209400177001953,7.2555,8.8589,0.0,0.0,0.0,1.1535,2026-08-09
swsh7-10,Lilligant,normal,Evolving Skies,10,Rare,Kagemaru Himeno,Stage 1,549,Pokémon,2021/08/27,"tcgplayer,cardmarket",https://prices.pokemontcg.io/tcgplayer/swsh7-10,https://images.pokemontcg.io/swsh7/10_hires.png,2026/08/08,2026/06/29,0.2,0.019999999552965164,0.20000000298023224,19.98,,0.22,,,,0.1154,0.0231,0.0923,0.2076,0.11540000140666962,0.0807,0.1038,0.2768,0.2307,0.2076,1.1535,2026-08-09
swsh7-9,Petilil,normal,Evolving Skies,9,Common,Mika Pikazo,Basic,548,Pokémon,2021/08/27,"tcgplayer,cardmarket",https://prices.pokemontcg.io/tcgplayer/swsh7-9,https://images.pokemontcg.io/swsh7/9_hires.png,2026/08/08,2026/06/29,0.03,0.009999999776482582,0.15000000596046448,20.0,,0.2,,,,0.0346,0.0231,0.0692,0.173,0.03460000082850456,0.0692,0.0461,0.1154,0.173,0.1615,1.1535,2026-08-09
swsh7-12,Crustle,normal,Evolving Skies,12,Uncommon,sowsow,Stage 1,558,Pokémon,2021/08/27,"tcgplayer,cardmarket",https://prices.pokemontcg.io/tcgplayer/swsh7-12,https://images.pokemontcg.io/swsh7/12_hires.png,2026/08/08,2026/06/29,0.11,0.009999999776482582,0.15000000596046448,20.0,,0.22,,,,0.0461,0.0231,0.0346,0.2076,0.04610000178217888,0.0346,0.0461,0.346,0.3114,0.2192,1.1535,2026-08-09
swsh7-13,Trevenant V,holofoil,Evolving Skies,13,Rare Holo V,MUGENUP,Basic|V,709,Pokémon,2021/08/27,"tcgplayer,cardmarket",https://prices.pokemontcg.io/tcgplayer/swsh7-13,https://images.pokemontcg.io/swsh7/13_hires.png,2026/08/08,2026/06/28,0.84,0.5,0.9900000095367432,5.0,,,,,,1.1881,0.173,0.7844,0.0,0.57669997215271,0.8651,1.0958,0.0,0.0,0.0,1.1535,2026-08-09
swsh7-11,Dwebble,normal,Evolving Skies,11,Common,Shigenori Negishi,Basic,557,Pokémon,2021/08/27,"tcgplayer,cardmarket",https://prices.pokemontcg.io/tcgplayer/swsh7-11,https://images.pokemontcg.io/swsh7/11_hires.png,2026/08/08,2026/06/28,0.1,0.009999999776482582,0.15000000596046448,19.98,,0.2,,,,0.0346,0.0231,0.0346,0.1961,0.023099999874830246,0.0346,0.0346,0.0577,0.1384,0.1615,1.1535,2026-08-09
swsh7-7,Leafeon V,holofoil,Evolving Skies,7,Rare Holo V,5ban Graphics,Basic|V,470,Pokémon,2021/08/27,"tcgplayer,cardmarket",https://prices.pokemontcg.io/tcgplayer/swsh7-7,https://images.pokemontcg.io/swsh7/7_hires.png,2026/08/08,2026/06/28,2.77,1.4800000190734863,3.25,96.94,,,,,,2.8491,0.9228,2.5146,0.0,2.9298999309539795,2.9068,2.7915,0.0,0.0,0.0,1.1535,2026-08-09
swsh7-14,Trevenant VMAX,holofoil,Evolving Skies,14,Rare Holo VMAX,MUGENUP,VMAX,709,Pokémon,2021/08/27,"tcgplayer,cardmarket",https://prices.pokemontcg.io/tcgplayer/swsh7-14,https://images.pokemontcg.io/swsh7/14_hires.png,2026/08/08,2026/06/28,1.74,0.75,1.9600000381469727,19.99,,,,,,2.8376,0.4614,1.8456,0.0,1.8802000284194946,1.4303,2.8722,0.0,0.0,0.0,1.1535,2026-08-09
swsh7-36,Sharpedo,normal,Evolving Skies,36,Rare,Kazuma Koda,Stage 1,319,Pokémon,2021/08/27,"tcgplayer,cardmarket",https://prices.pokemontcg.io/tcgplayer/swsh7-36,https://images.pokemontcg.io/swsh7/36_hires.png,2026/08/08,2026/06/27,0.2,0.029999999329447746,0.20999999344348907,18.28,,0.27,,,,0.0807,0.0231,0.0577,0.2192,0.023099999874830246,0.0577,0.0807,0.2307,0.2192,0.1961,1.1535,2026-08-09
swsh7-41,Glaceon VMAX,holofoil,Evolving Skies,41,Rare Holo VMAX,PLANETA Tsuji,VMAX,471,Pokémon,2021/08/27,"tcgplayer,cardmarket",https://prices.pokemontcg.io/tcgplayer/swsh7-41,https://images.pokemontcg.io/swsh7/41_hires.png,2026/08/08,2026/06/21,8.09,6.909999847412109,8.65999984741211,39.99,,,,,,7.417,2.8261,8.3744,0.0,5.433000087738037,5.3522,7.3593,0.0,0.0,0.0,1.1535,2026-08-09
swsh7-46,Wishiwashi,normal,Evolving Skies,46,Rare,Teeziro,Basic|Rapid Strike,746,Pokémon,2021/08/27,"tcgplayer,cardmarket",https://prices.pokemontcg.io/tcgplayer/swsh7-46,https://images.pokemontcg.io/swsh7/46_hires.png,2026/08/08,2026/05/14,0.16,0.009999999776482582,0.20000000298023224,4.0,,0.19,,,,0.1038,0.0231,0.1384,0.2192,0.17299999296665192,0.0923,0.1038,0.2538,0.2653,0.2192,1.1535,2026-08-09
swsh7-44,Bergmite,normal,Evolving Skies,44,Common,kirisAki,Basic,712,Pokémon,2021/08/27,"tcgplayer,cardmarket",https://prices.pokemontcg.io/tcgplayer/swsh7-44,https://images.pokemontcg.io/swsh7/44_hires.png,2026/08/08,2026/05/14,0.05,0.009999999776482582,0.15000000596046448,18.66,,0.23,,,,0.0346,0.0231,0.0231,0.2307,0.023099999874830246,0.0461,0.0461,0.2884,0.1961,0.2076,1.1535,2026-08-09
swsh7-35,Carvanha,normal,Evolving Skies,35,Common,Kyoko Umemoto,Basic,318,Pokémon,2021/08/27,"tcgplayer,cardmarket",https://prices.pokemontcg.io/tcgplayer/swsh7-35,https://images.pokemontcg.io/swsh7/35_hires.png,2026/08/08,2026/05/14,0.08,0.009999999776482582,0.15000000596046448,19.98,,0.22,,,,0.0346,0.0231,0.0461,0.1384,0.06920000165700912,0.0577,0.0346,0.1154,0.15,0.15,1.1535,2026-08-09
swsh7-43,Cryogonal,normal,Evolving Skies,43,Common,Kagemaru Himeno,Basic,615,Pokémon,2021/08/27,"tcgplayer,cardmarket",https://prices.pokemontcg.io/tcgplayer/swsh7-43,https://images.pokemontcg.io/swsh7/43_hires.png,2026/08/08,2026/05/14,0.04,0.009999999776482582,0.15000000596046448,18.7,,0.17,,,,0.0346,0.0231,0.0577,0.1615,0.11540000140666962,0.0577,0.0461,0.1154,0.1269,0.1384,1.1535,2026-08-09
swsh7-59,Dracozolt VMAX,holofoil,Evolving Skies,59,Rare Holo VMAX,5ban Graphics,VMAX,880,Pokémon,2021/08/27,"tcgplayer,cardmarket",https://prices.pokemontcg.io/tcgplayer/swsh7-59,https://images.pokemontcg.io/swsh7/59_hires.png,2026/08/08,2026/05/11,1.53,1.0,2.0,29.99,,,,,,2.0302,1.1535,1.8802,0.0,2.2955000400543213,1.7187,2.0302,0.0,0.0,0.0,1.1535,2026-08-09
swsh7-58,Dracozolt V,holofoil,Evolving Skies,58,Rare Holo V,Ryota Murayama,Basic|V,880,Pokémon,2021/08/27,"tcgplayer,cardmarket",https://prices.pokemontcg.io/tcgplayer/swsh7-58,https://images.pokemontcg.io/swsh7/58_hires.png,2026/08/08,2026/05/11,1.25,0.6899999976158142,1.25,19.3,,,,,,1.4188,0.5767,1.2573,0.0,1.153499960899353,1.4765,1.4419,0.0,0.0,0.0,1.1535,2026-08-09
swsh7-30,Vaporeon VMAX,holofoil,Evolving Skies,30,Rare Holo VMAX,5ban Graphics,VMAX|Rapid Strike,134,Pokémon,2021/08/27,"tcgplayer,cardmarket",https://prices.pokemontcg.io/tcgplayer/swsh7-30,https://images.pokemontcg.io/swsh7/30_hires.png,2026/08/08,2026/05/11,11.68,8.739999771118164,11.539999961853027,96.95,,,,,,7.3363,3.4605,6.6442,0.0,5.652200222015381,6.7134,7.2786,0.0,0.0,0.0,1.1535,2026-08-09
swsh7-28,Gyarados V,holofoil,Evolving Skies,28,Rare Holo V,PLANETA Tsuji,Basic|V,130,Pokémon,2021/08/27,"tcgplayer,cardmarket",https://prices.pokemontcg.io/tcgplayer/swsh7-28,https://images.pokemontcg.io/swsh7/28_hires.png,2026/08/08,2026/05/11,2.62,1.25,2.8499999046325684,7.0,,,,,,2.3877,1.0612,2.2147,0.0,2.0648000240325928,2.307,2.3531,0.0,0.0,0.0,1.1535,2026-08-09
swsh7-47,Eiscue,normal,Evolving Skies,47,Uncommon,Mizue,Basic,875,Pokémon,2021/08/27,"tcgplayer,cardmarket",https://prices.pokemontcg.io/tcgplayer/swsh7-47,https://images.pokemontcg.io/swsh7/47_hires.png,2026/08/08,2026/05/06,0.14,0.009999999776482582,0.1899999976158142,17.98,,0.25,,,,0.0577,0.0231,0.0461,0.1961,0.04610000178217888,0.0577,0.0577,0.1038,0.1384,0.1846,1.1535,2026-08-09
swsh7-34,Ludicolo,holofoil,Evolving Skies,34,Rare Holo,sowsow,Stage 2,272,Pokémon,2021/08/27,"tcgplayer,cardmarket",https://prices.pokemontcg.io/tcgplayer/swsh7-34,https://images.pokemontcg.io/swsh7/34_hires.png,2026/08/08,2026/05/06,0.32,0.07999999821186066,0.3499999940395355,4.99,,0.41,,,,0.3576,0.0346,0.5191,0.5652,0.4499000012874603,0.5998,0.4268,0.5767,0.5883,0.5998,1.1535,2026-08-09
swsh7-42,Tympole,normal,Evolving Skies,42,Common,Mina Nakai,Basic,535,Pokémon,2021/08/27,"tcgplayer,cardmarket",https://prices.pokemontcg.io/tcgplayer/swsh7-42,https://images.pokemontcg.io/swsh7/42_hires.png,2026/08/08,2026/05/06,0.03,0.009999999776482582,0.15000000596046448,19.98,,0.2,,,,0.0461,0.0231,0.0461,0.1615,0.023099999874830246,0.0346,0.0461,0.1154,0.1384,0.173,1.1535,2026-08-09
swsh7-25,Golduck,normal,Evolving Skies,25,Uncommon,Kyoko Umemoto,Stage 1,55,Pokémon,2021/08/27,"tcgplayer,cardmarket",https://prices.pokemontcg.io/tcgplayer/swsh7-25,https://images.pokemontcg.io/swsh7/25_hires.png,2026/08/08,2026/05/06,0.13,0.009999999776482582,0.15000000596046448,19.98,,0.25,,,,0.0692,0.0231,0.0807,0.1615,0.023099999874830246,0.1154,0.0692,0.1154,0.2538,0.1846,1.1535,2026-08-09
swsh7-31,Suicune V,holofoil,Evolving Skies,31,Rare Holo V,Ayaka Yoshida,Basic|V,245,Pokémon,2021/08/27,"tcgplayer,cardmarket",https://prices.pokemontcg.io/tcgplayer/swsh7-31,https://images.pokemontcg.io/swsh7/31_hires.png,2026/08/08,2026/05/06,1.76,0.7400000095367432,1.840000033378601,11.0,,,,,,2.0648,0.5767,2.1455,0.0,2.745300054550171,2.4685,2.1455,0.0,0.0,0.0,1.1535,2026-08-09
swsh7-49,Pikachu,normal,Evolving Skies,49,Common,chibi,Basic,25,Pokémon,2021/08/27,"tcgplayer,cardmarket",https://prices.pokemontcg.io/tcgplayer/swsh7-49,https://images.pokemontcg.io/swsh7/49_hires.png,2026/08/08,2026/05/06,0.32,0.009999999776482582,0.36000001430511475,19.82,,0.98,,,,0.1384,0.0231,0.173,0.6806,0.11540000140666962,0.1615,0.1384,0.1154,0.3345,0.5998,1.1535,2026-08-09
swsh7-40,Glaceon V,holofoil,Evolving Skies,40,Rare Holo V,5ban Graphics,Basic|V,471,Pokémon,2021/08/27,"tcgplayer,cardmarket",https://prices.pokemontcg.io/tcgplayer/swsh7-40,https://images.pokemontcg.io/swsh7/40_hires.png,2026/08/08,2026/05/06,2.81,1.75,3.130000114440918,99.99,,,,,,2.4454,0.5191,1.984,0.0,2.768399953842163,2.0417,2.3531,0.0,0.0,0.0,1.1535,2026-08-09
swsh7-24,Psyduck,normal,Evolving Skies,24,Common,OKACHEKE,Basic,54,Pokémon,2021/08/27,"tcgplayer,cardmarket",https://prices.pokemontcg.io/tcgplayer/swsh7-24,https://images.pokemontcg.io/swsh7/24_hires.png,2026/08/08,2026/03/08,0.32,0.03999999910593033,0.30000001192092896,19.86,,0.63,,,,0.0807,0.0231,0.0807,0.323,0.023099999874830246,0.0807,0.0807,0.1269,0.2999,0.3114,1.1535,2026-08-09
swsh7-16,Eldegoss,holofoil,Evolving Skies,16,Rare Holo,Kouki Saitou,Stage 1,830,Pokémon,2021/08/27,"tcgplayer,cardmarket",https://prices.pokemontcg.io/tcgplayer/swsh7-16,https://images.pokemontcg.io/swsh7/16_hires.png,2026/08/08,2026/02/22,0.25,0.05000000074505806,0.2800000011920929,40.0,,0.42,,,,0.3576,0.0231,0.2422,0.6806,0.28839999437332153,0.1846,0.323,0.6344,0.4729,0.6114,1.1535,2026-08-09
swsh7-26,Tentacool,normal,Evolving Skies,26,Common,SATOSHI NAKAI,Basic,72,Pokémon,2021/08/27,"tcgplayer,cardmarket",https://prices.pokemontcg.io/tcgplayer/swsh7-26,https://images.pokemontcg.io/swsh7/26_hires.png,2026/08/08,2026/02/22,0.11,0.009999999776482582,0.15000000596046448,19.98,,0.24,,,,0.0461,0.0231,0.0346,0.173,0.023099999874830246,0.0346,0.0461,0.0692,0.2076,0.1961,1.1535,2026-08-09
swsh7-27,Tentacruel,normal,Evolving Skies,27,Uncommon,Mina Nakai,Stage 1,73,Pokémon,2021/08/27,"tcgplayer,cardmarket",https://prices.pokemontcg.io/tcgplayer/swsh7-27,https://images.pokemontcg.io/swsh7/27_hires.png,2026/08/08,2026/02/22,0.1,0.009999999776482582,0.15000000596046448,19.98,,0.23,,,,0.0577,0.0231,0.0577,0.2307,0.05770000070333481,0.0577,0.0577,0.1154,0.173,0.2192,1.1535,2026-08-09
swsh7-32,Lotad,normal,Evolving Skies,32,Common,Teeziro,Basic,270,Pokémon,2021/08/27,"tcgplayer,cardmarket",https://prices.pokemontcg.io/tcgplayer/swsh7-32,https://images.pokemontcg.io/swsh7/32_hires.png,2026/08/08,2026/02/22,0.17,0.009999999776482582,0.18000000715255737,19.98,,0.21,,,,0.0577,0.0231,0.0577,0.2076,0.03460000082850456,0.0461,0.0577,0.2422,0.173,0.1961,1.1535,2026-08-09
swsh7-50,Raichu,holofoil,Evolving Skies,50,Rare Holo,Mitsuhiro Arita,Stage 1,26,Pokémon,2021/08/27,"tcgplayer,cardmarket",https://prices.pokemontcg.io/tcgplayer/swsh7-50,https://images.pokemontcg.io/swsh7/50_hires.png,2026/08/08,2026/02/22,0.39,0.15000000596046448,0.41999998688697815,4.99,,0.69,,,,0.4383,0.0577,0.6344,0.6114,0.34599998593330383,0.5075,0.4729,1.142,0.9228,0.7267,1.1535,2026-08-09
swsh7-53,Lanturn,normal,Evolving Skies,53,Uncommon,ryoma uratsuka,Stage 1,171,Pokémon,2021/08/27,"tcgplayer,cardmarket",https://prices.pokemontcg.io/tcgplayer/swsh7-53,https://images.pokemontcg.io/swsh7/53_hires.png,2026/08/08,2026/02/22,0.06,0.009999999776482582,0.15000000596046448,20.0,,0.23,,,,0.0461,0.0231,0.0461,0.1846,0.023099999874830246,0.0346,0.0461,0.1384,0.2307,0.1961,1.1535,2026-08-09
swsh7-19,Entei,holofoil,Evolving Skies,19,Rare Holo,NC Empire,Basic|Single Strike,244,Pokémon,2021/08/27,"tcgplayer,cardmarket",https://prices.pokemontcg.io/tcgplayer/swsh7-19,https://images.pokemontcg.io/swsh7/19_hires.png,2026/08/08,2026/02/22,0.33,0.009999999776482582,0.3400000035762787,19.98,,0.39,,,,0.4153,0.0231,0.4614,0.5883,0.40369999408721924,0.3807,0.4268,0.3345,0.3345,0.5421,1.1535,2026-08-09
swsh7-39,Luvdisc,normal,Evolving Skies,39,Common,Mizue,Basic,370,Pokémon,2021/08/27,"tcgplayer,cardmarket",https://prices.pokemontcg.io/tcgplayer/swsh7-39,https://images.pokemontcg.io/swsh7/39_hires.png,2026/08/08,2026/02/22,0.05,0.009999999776482582,0.15000000596046448,19.98,,0.25,,,,0.0461,0.0231,0.0461,0.1961,0.04610000178217888,0.0577,0.0461,0.0577,0.173,0.173,1.1535,2026-08-09
swsh7-22,Litleo,normal,Evolving Skies,22,Common,Misa Tsutsui,Basic,667,Pokémon,2021/08/27,"tcgplayer,cardmarket",https://prices.pokemontcg.io/tcgplayer/swsh7-22,https://images.pokemontcg.io/swsh7/22_hires.png,2026/08/08,2026/02/22,0.04,0.009999999776482582,0.15000000596046448,19.2,,0.23,,,,0.0461,0.0231,0.0461,0.1846,0.06920000165700912,0.0461,0.0346,0.0346,0.1846,0.173,1.1535,2026-08-09
swsh7-23,Pyroar,normal,Evolving Skies,23,Uncommon,Hitoshi Ariga,Stage 1,668,Pokémon,2021/08/27,"tcgplayer,cardmarket",https://prices.pokemontcg.io/tcgplayer/swsh7-23,https://images.pokemontcg.io/swsh7/23_hires.png,2026/08/08,2026/02/22,0.04,0.009999999776482582,0.15000000596046448,19.98,,0.24,,,,0.0461,0.0231,0.0461,0.1615,0.023099999874830246,0.0346,0.0461,0.1154,0.1384,0.1615,1.1535,2026-08-09
swsh7-29,Gyarados VMAX,holofoil,Evolving Skies,29,Rare Holo VMAX,Shin Nagasawa,VMAX,130,Pokémon,2021/08/27,"tcgplayer,cardmarket",https://prices.pokemontcg.io/tcgplayer/swsh7-29,https://images.pokemontcg.io/swsh7/29_hires.png,2026/08/08,2026/02/22,8.73,6.309999942779541,10.270000457763672,500.0,,,,,,5.8367,1.7302,7.0479,0.0,5.536799907684326,6.6903,5.9175,0.0,0.0,0.0,1.1535,2026-08-09
swsh7-52,Chinchou,normal,Evolving Skies,52,Common,sowsow,Basic,170,Pokémon,2021/08/27,"tcgplayer,cardmarket",https://prices.pokemontcg.io/tcgplayer/swsh7-52,https://images.pokemontcg.io/swsh7/52_hires.png,2026/08/08,2026/02/21,0.07,0.009999999776482582,0.15000000596046448,20.0,,0.23,,,,0.0461,0.0231,0.0461,0.1961,0.04610000178217888,0.0461,0.0461,0.173,0.173,0.1846,1.1535,2026-08-09
swsh7-54,Mareep,normal,Evolving Skies,54,Common,Yukiko Baba,Basic,179,Pokémon,2021/08/27,"tcgplayer,cardmarket",https://prices.pokemontcg.io/tcgplayer/swsh7-54,https://images.pokemontcg.io/swsh7/54_hires.png,2026/08/08,2026/02/21,0.17,0.009999999776482582,0.1899999976158142,19.98,,0.27,,,,0.0461,0.0231,0.0346,0.2192,0.023099999874830246,0.0346,0.0346,0.2653,0.173,0.1961,1.1535,2026-08-09
swsh7-17,Applin,normal,Evolving Skies,17,Common,Miki Tanaka,Basic,840,Pokémon,2021/08/27,"tcgplayer,cardmarket",https://prices.pokemontcg.io/tcgplayer/swsh7-17,https://images.pokemontcg.io/swsh7/17_hires.png,2026/08/08,2026/02/21,0.13,0.009999999776482582,0.15000000596046448,19.98,,0.23,,,,0.0461,0.0231,0.0577,0.1961,0.04610000178217888,0.0461,0.0461,0.1154,0.2307,0.1961,1.1535,2026-08-09
swsh7-37,Feebas,normal,Evolving Skies,37,Common,tetsuya koizumi,Basic|Rapid Strike,349,Pokémon,2021/08/27,"tcgplayer,cardmarket",https://prices.pokemontcg.io/tcgplayer/swsh7-37,https://images.pokemontcg.io/swsh7/37_hires.png,2026/08/08,2026/02/21,0.12,0.009999999776482582,0.15000000596046448,19.98,,0.2,,,,0.0346,0.0231,0.0577,0.1961,0.023099999874830246,0.0461,0.0461,0.1154,0.2076,0.1961,1.1535,2026-08-09
swsh7-38,Milotic,normal,Evolving Skies,38,Rare,sui,Stage 1|Rapid Strike,350,Pokémon,2021/08/27,"tcgplayer,cardmarket",https://prices.pokemontcg.io/tcgplayer/swsh7-38,https://images.pokemontcg.io/swsh7/38_hires.png,2026/08/08,2026/02/21,0.19,0.03999999910593033,0.20000000298023224,19.98,,0.26,,,,0.1154,0.0231,0.0807,0.2768,0.05770000070333481,0.0692,0.1038,0.2884,0.2192,0.2538,1.1535,2026-08-09
swsh7-45,Avalugg,normal,Evolving Skies,45,Uncommon,Kouki Saitou,Stage 1,713,Pokémon,2021/08/27,"tcgplayer,cardmarket",https://prices.pokemontcg.io/tcgplayer/swsh7-45,https://images.pokemontcg.io/swsh7/45_hires.png,2026/08/08,2026/02/21,0.13,0.009999999776482582,0.15000000596046448,19.98,,0.18,,,,0.0692,0.0231,0.0807,0.323,0.09229999780654907,0.0807,0.0692,0.1384,0.173,0.2538,1.1535,2026-08-09
swsh7-18,Flareon VMAX,holofoil,Evolving Skies,18,Rare Holo VMAX,5ban Graphics,VMAX|Single Strike,136,Pokémon,2021/08/27,"tcgplayer,cardmarket",https://prices.pokemontcg.io/tcgplayer/swsh7-18,https://images.pokemontcg.io/swsh7/18_hires.png,2026/08/08,2026/02/21,11.67,9.529999732971191,12.800000190734863,49.99,,,,,,7.7631,2.7684,7.5208,0.0,6.344200134277344,7.4055,7.6016,0.0,0.0,0.0,1.1535,2026-08-09
swsh7-51,Jolteon VMAX,holofoil,Evolving Skies,51,Rare Holo VMAX,5ban Graphics,VMAX,135,Pokémon,2021/08/27,"tcgplayer,cardmarket",https://prices.pokemontcg.io/tcgplayer/swsh7-51,https://images.pokemontcg.io/swsh7/51_hires.png,2026/08/08,2026/02/01,9.74,7.800000190734863,11.199999809265137,100.0,,,,,,6.4827,3.449,7.244,0.0,6.148200035095215,6.748,6.5519,0.0,0.0,0.0,1.1535,2026-08-09
swsh7-56,Ampharos,normal,Evolving Skies,56,Rare,Saya Tsuruta,Stage 2,181,Pokémon,2021/08/27,"tcgplayer,cardmarket",https://prices.pokemontcg.io/tcgplayer/swsh7-56,https://images.pokemontcg.io/swsh7/56_hires.png,2026/08/08,2026/02/01,0.2,0.05000000074505806,0.25,19.98,,0.37,,,,0.1038,0.0231,0.1269,0.4037,0.04610000178217888,0.0923,0.1154,0.3691,0.323,0.3922,1.1535,2026-08-09
swsh7-57,Emolga,normal,Evolving Skies,57,Common,Nagomi Nijo,Basic,587,Pokémon,2021/08/27,"tcgplayer,cardmarket",https://prices.pokemontcg.io/tcgplayer/swsh7-57,https://images.pokemontcg.io/swsh7/57_hires.png,2026/08/08,2026/02/01,0.04,0.009999999776482582,0.15000000596046448,19.98,,0.24,,,,0.0461,0.0231,0.0346,0.2076,0.023099999874830246,0.0346,0.0461,0.1154,0.1269,0.173,1.1535,2026-08-09
swsh7-15,Gossifleur,normal,Evolving Skies,15,Common,Mizue,Basic,829,Pokémon,2021/08/27,"tcgplayer,cardmarket",https://prices.pokemontcg.io/tcgplayer/swsh7-15,https://images.pokemontcg.io/swsh7/15_hires.png,2026/08/08,2026/02/01,0.03,0.009999999776482582,0.15000000596046448,19.04,,0.19,,,,0.0346,0.0231,0.0346,0.2076,0.04610000178217888,0.0231,0.0346,0.0231,0.1384,0.15,1.1535,2026-08-09
swsh7-21,Volcarona V,holofoil,Evolving Skies,21,Rare Holo V,kawayoo,Basic|V,637,Pokémon,2021/08/27,"tcgplayer,cardmarket",https://prices.pokemontcg.io/tcgplayer/swsh7-21,https://images.pokemontcg.io/swsh7/21_hires.png,2026/08/08,2026/02/01,1.0,0.44999998807907104,1.090000033378601,26.01,,,,,,1.3611,0.8074,1.4188,0.0,1.5341999530792236,1.2573,1.3265,0.0,0.0,0.0,1.1535,2026-08-09
swsh7-55,Flaaffy,normal,Evolving Skies,55,Uncommon,OKACHEKE,Stage 1,180,Pokémon,2021/08/27,"tcgplayer,cardmarket",https://prices.pokemontcg.io/tcgplayer/swsh7-55,https://images.pokemontcg.io/swsh7/55_hires.png,2026/08/08,2026/02/01,0.21,0.009999999776482582,0.20999999344348907,19.98,,0.32,,,,0.1154,0.0231,0.0807,0.2768,0.11540000140666962,0.1384,0.1038,0.323,0.3691,0.2768,1.1535,2026-08-09
swsh7-20,Victini,holofoil,Evolving Skies,20,Rare Holo,Teeziro,Basic,494,Pokémon,2021/08/27,"tcgplayer,cardmarket",https://prices.pokemontcg.io/tcgplayer/swsh7-20,https://images.pokemontcg.io/swsh7/20_hires.png,2026/08/08,2026/01/26,0.3,0.14000000059604645,0.33000001311302185,5.0,,0.35,,,,0.3114,0.0577,0.3922,0.4614,0.24220000207424164,0.3345,0.2999,0.173,0.5537,0.5652,1.1535,2026-08-09
swsh7-33,Lombre,normal,Evolving Skies,33,Uncommon,miki kudo,Stage 1,271,Pokémon,2021/08/27,"tcgplayer,cardmarket",https://prices.pokemontcg.io/tcgplayer/swsh7-33,https://images.pokemontcg.io/swsh7/33_hires.png,2026/08/08,2026/01/26,0.12,0.009999999776482582,0.15000000596046448,19.98,,0.24,,,,0.0577,0.0231,0.0692,0.1846,0.05770000070333481,0.0577,0.0577,0.2884,0.1961,0.1846,1.1535,2026-08-09
swsh7-48,Arctovish V,holofoil,Evolving Skies,48,Rare Holo V,Eske Yoshinob,Basic|V,883,Pokémon,2021/08/27,"tcgplayer,cardmarket",https://prices.pokemontcg.io/tcgplayer/swsh7-48,https://images.pokemontcg.io/swsh7/48_hires.png,2026/08/08,2026/01/26,1.13,0.6499999761581421,1.100000023841858,19.22,,,,,,1.2342,0.2307,1.5111,0.0,0.9574000239372253,1.1074,1.2112,0.0,0.0,0.0,1.1535,2026-08-09
swsh7-63,Galarian Articuno,holofoil,Evolving Skies,63,Rare Holo,Kagemaru Himeno,Basic,144,Pokémon,2021/08/27,"tcgplayer,cardmarket",https://prices.pokemontcg.io/tcgplayer/swsh7-63,https://images.pokemontcg.io/swsh7/63_hires.png,2026/08/08,2026/01/26,0.38,0.10000000149011612,0.4000000059604645,9.99,,0.59,,,,0.3691,0.0231,0.4037,0.6344,0.2768000066280365,0.4268,0.3576,0.6344,0.6806,0.5998,1.1535,2026-08-09
swsh7-62,Hypno,normal,Evolving Skies,62,Uncommon,Miki Tanaka,Stage 1,97,Pokémon,2021/08/27,"tcgplayer,cardmarket",https://prices.pokemontcg.io/tcgplayer/swsh7-62,https://images.pokemontcg.io/swsh7/62_hires.png,2026/08/08,2026/01/26,0.06,0.009999999776482582,0.15000000596046448,19.98,,0.23,,,,0.0577,0.0231,0.0692,0.2076,0.04610000178217888,0.0692,0.0577,0.2884,0.173,0.2192,1.1535,2026-08-09
swsh7-60,Regieleki,holofoil,Evolving Skies,60,Rare Holo,Shin Nagasawa,Basic,894,Pokémon,2021/08/27,"tcgplayer,cardmarket",https://prices.pokemontcg.io/tcgplayer/swsh7-60,https://images.pokemontcg.io/swsh7/60_hires.png,2026/08/08,2026/01/21,0.28,0.05999999865889549,0.30000001192092896,19.98,,0.34,,,,0.3345,0.0231,0.2307,0.5421,0.2653000056743622,0.1961,0.2653,0.6921,0.5075,0.5306,1.1535,2026-08-09
swsh7-61,Drowzee,normal,Evolving Skies,61,Common,nagimiso,Basic,96,Pokémon,2021/08/27,"tcgplayer,cardmarket",https://prices.pokemontcg.io/tcgplayer/swsh7-61,https://images.pokemontcg.io/swsh7/61_hires.png,2026/08/08,2026/01/19,0.02,0.009999999776482582,0.15000000596046448,18.52,,0.24,,,,0.0461,0.0231,0.0346,0.1615,0.03460000082850456,0.0461,0.0461,0.1154,0.1846,0.1615,1.1535,2026-08-09
swsh7-66,Wobbuffet,normal,Evolving Skies,66,Common,Anesaki Dynamic,Basic|Single Strike,202,Pokémon,2021/08/27,"tcgplayer,cardmarket",https://prices.pokemontcg.io/tcgplayer/swsh7-66,https://images.pokemontcg.io/swsh7/66_hires.png,2026/08/08,2026/01/19,0.06,0.009999999776482582,0.15000000596046448,20.0,,0.25,,,,0.0461,0.0231,0.0923,0.2192,0.06920000165700912,0.0692,0.0577,0.2076,0.2422,0.15,1.1535,2026-08-09
swsh7-64,Espeon V,holofoil,Evolving Skies,64,Rare Holo V,5ban Graphics,Basic|V,196,Pokémon,2021/08/27,"tcgplayer,cardmarket",https://prices.pokemontcg.io/tcgplayer/swsh7-64,https://images.pokemontcg.io/swsh7/64_hires.png,2026/08/08,2026/01/19,3.5,1.7899999618530273,3.569999933242798,29.02,,,,,,2.5838,0.5767,2.8145,0.0,2.687700033187866,2.9184,2.5262,0.0,0.0,0.0,1.1535,2026-08-09
swsh7-65,Espeon VMAX,holofoil,Evolving Skies,65,Rare Holo VMAX,5ban Graphics,VMAX,196,Pokémon,2021/08/27,"tcgplayer,cardmarket",https://prices.pokemontcg.io/tcgplayer/swsh7-65,https://images.pokemontcg.io/swsh7/65_hires.png,2026/08/08,2026/01/19,12.91,10.0,15.0,500.0,,,,,,10.047,4.614,9.6433,0.0,9.631699562072754,9.6433,9.5048,0.0,0.0,0.0,1.1535,2026-08-09
swsh7-69,Swoobat,normal,Evolving Skies,69,Uncommon,nagimiso,Stage 1,528,Pokémon,2021/08/27,"tcgplayer,cardmarket",https://prices.pokemontcg.io/tcgplayer/swsh7-69,https://images.pokemontcg.io/swsh7/69_hires.png,2026/08/08,2026/01/19,0.03,0.009999999776482582,0.15000000596046448,19.98,,0.23,,,,0.0461,0.0231,0.0461,0.1384,0.05770000070333481,0.0461,0.0577,0.1154,0.173,0.1384,1.1535,2026-08-09
swsh7-67,Sableye,normal,Evolving Skies,67,Common,Eri Yamaki,Basic,302,Pokémon,2021/08/27,"tcgplayer,cardmarket",https://prices.pokemontcg.io/tcgplayer/swsh7-67,https://images.pokemontcg.io/swsh7/67_hires.png,2026/08/08,2026/01/19,0.17,0.009999999776482582,0.18000000715255737,19.98,,0.27,,,,0.0461,0.0231,0.0692,0.15,0.11540000140666962,0.0461,0.0577,0.0807,0.2192,0.15,1.1535,2026-08-09
swsh7-68,Woobat,normal,Evolving Skies,68,Common,Yuka Morii,Basic,527,Pokémon,2021/08/27,"tcgplayer,cardmarket",https://prices.pokemontcg.io/tcgplayer/swsh7-68,https://images.pokemontcg.io/swsh7/68_hires.png,2026/08/08,2026/01/19,0.17,0.009999999776482582,0.20000000298023224,19.98,,0.37,,,,0.0461,0.0231,0.0461,0.173,0.023099999874830246,0.0346,0.0461,0.6921,0.2884,0.2076,1.1535,2026-08-09
swsh7-70,Golurk V,holofoil,Evolving Skies,70,Rare Holo V,Eske Yoshinob,Basic|V|Single Strike,623,Pokémon,2021/08/27,"tcgplayer,cardmarket",https://prices.pokemontcg.io/tcgplayer/swsh7-70,https://images.pokemontcg.io/swsh7/70_hires.png,2026/08/08,2026/01/19,0.86,0.25,0.9900000095367432,19.98,,,,,,1.0497,0.0231,1.0151,0.0,1.0497000217437744,1.0728,1.1074,0.0,0.0,0.0,1.1535,2026-08-09
swsh7-73,Florges,holofoil,Evolving Skies,73,Rare Holo,Kagemaru Himeno,Stage 2|Rapid Strike,671,Pokémon,2021/08/27,"tcgplayer,cardmarket",https://prices.pokemontcg.io/tcgplayer/swsh7-73,https://images.pokemontcg.io/swsh7/73_hires.png,2026/08/08,2026/01/19,0.25,0.07000000029802322,0.25,4.99,,0.35,,,,0.323,0.0231,0.2653,0.2653,0.29989999532699585,0.2884,0.2884,0.173,0.2653,0.2884,1.1535,2026-08-09
swsh7-71,Flabébé,normal,Evolving Skies,71,Common,OKACHEKE,Basic|Rapid Strike,669,Pokémon,2021/08/27,"tcgplayer,cardmarket",https://prices.pokemontcg.io/tcgplayer/swsh7-71,https://images.pokemontcg.io/swsh7/71_hires.png,2026/08/08,2026/01/19,0.03,0.009999999776482582,0.15000000596046448,19.98,,0.18,,,,0.0346,0.0231,0.0346,0.173,0.11540000140666962,0.0461,0.0346,0.0692,0.1961,0.173,1.1535,2026-08-09
swsh7-72,Floette,normal,Evolving Skies,72,Uncommon,chibi,Stage 1|Rapid Strike,670,Pokémon,2021/08/27,"tcgplayer,cardmarket",https://prices.pokemontcg.io/tcgplayer/swsh7-72,https://images.pokemontcg.io/swsh7/72_hires.png,2026/08/08,2026/01/19,0.09,0.009999999776482582,0.15000000596046448,19.98,,0.2,,,,0.0577,0.0231,0.0577,0.173,0.04610000178217888,0.0461,0.0577,0.3576,0.2653,0.2192,1.1535,2026-08-09
swsh7-74,Sylveon V,holofoil,Evolving Skies,74,Rare Holo V,aky CG Works,Basic|V|Rapid Strike,700,Pokémon,2021/08/27,"tcgplayer,cardmarket",https://prices.pokemontcg.io/tcgplayer/swsh7-74,https://images.pokemontcg.io/swsh7/74_hires.png,2026/08/08,2026/01/19,6.47,3.319999933242798,6.0,211529.93,,,,,,3.2644,0.5767,3.0222,0.0,3.05679988861084,2.9876,3.1029,0.0,0.0,0.0,1.1535,2026-08-09
swsh7-75,Sylveon VMAX,holofoil,Evolving Skies,75,Rare Holo VMAX,Ryota Murayama,VMAX|Rapid Strike,700,Pokémon,2021/08/27,"tcgplayer,cardmarket",https://prices.pokemontcg.io/tcgplayer/swsh7-75,https://images.pokemontcg.io/swsh7/75_hires.png,2026/08/08,2026/01/19,18.78,15.289999961853027,19.989999771118164,141.86,,,,,,10.4968,5.6522,6.6672,0.0,9.435600280761719,9.2049,9.9432,0.0,0.0,0.0,1.1535,2026-08-09
swsh7-76,Pumpkaboo,normal,Evolving Skies,76,Common,Yuka Morii,Basic,710,Pokémon,2021/08/27,"tcgplayer,cardmarket",https://prices.pokemontcg.io/tcgplayer/swsh7-76,https://images.pokemontcg.io/swsh7/76_hires.png,2026/08/08,2026/01/19,0.15,0.019999999552965164,0.20999999344348907,19.98,,0.44,,,,0.0577,0.0231,0.0577,0.1846,0.03460000082850456,0.0577,0.0577,0.173,0.173,0.15,1.1535,2026-08-09
swsh7-77,Gourgeist,normal,Evolving Skies,77,Rare,Megumi Higuchi,Stage 1,711,Pokémon,2021/08/27,"tcgplayer,cardmarket",https://prices.pokemontcg.io/tcgplayer/swsh7-77,https://images.pokemontcg.io/swsh7/77_hires.png,2026/08/08,2026/01/19,0.08,0.019999999552965164,0.20000000298023224,17.14,,0.2,,,,0.0807,0.0231,0.0461,0.2422,0.23070000112056732,0.1038,0.0923,0.0577,0.1846,0.2307,1.1535,2026-08-09
swsh7-78,Cutiefly,normal,Evolving Skies,78,Common,Yukiko Baba,Basic,742,Pokémon,2021/08/27,"tcgplayer,cardmarket",https://prices.pokemontcg.io/tcgplayer/swsh7-78,https://images.pokemontcg.io/swsh7/78_hires.png,2026/08/08,2026/01/19,0.11,0.009999999776482582,0.15000000596046448,18.62,,0.27,,,,0.0577,0.0231,0.0231,0.15,0.023099999874830246,0.0346,0.0461,0.0692,0.1615,0.1269,1.1535,2026-08-09
swsh7-81,Hitmonchan,normal,Evolving Skies,81,Common,Uta,Basic|Single Strike,107,Pokémon,2021/08/27,"tcgplayer,cardmarket",https://prices.pokemontcg.io/tcgplayer/swsh7-81,https://images.pokemontcg.io/swsh7/81_hires.png,2026/08/08,2026/01/16,0.08,0.009999999776482582,0.15000000596046448,19.98,,0.23,,,,0.0461,0.0231,0.0692,0.1961,0.023099999874830246,0.0461,0.0461,0.2192,0.2076,0.1846,1.1535,2026-08-09
swsh7-79,Ribombee,normal,Evolving Skies,79,Uncommon,Saya Tsuruta,Stage 1,743,Pokémon,2021/08/27,"tcgplayer,cardmarket",https://prices.pokemontcg.io/tcgplayer/swsh7-79,https://images.pokemontcg.io/swsh7/79_hires.png,2026/08/08,2026/01/16,0.15,0.009999999776482582,0.17000000178813934,20.0,,0.21,,,,0.0692,0.0231,0.0461,0.1846,0.04610000178217888,0.0577,0.0692,0.2307,0.2653,0.2538,1.1535,2026-08-09
swsh7-80,Marshadow,holofoil,Evolving Skies,80,Rare Holo,Yuya Oka,Basic|Rapid Strike,802,Pokémon,2021/08/27,"tcgplayer,cardmarket",https://prices.pokemontcg.io/tcgplayer/swsh7-80,https://images.pokemontcg.io/swsh7/80_hires.png,2026/08/08,2026/01/16,0.23,0.05000000074505806,0.25999999046325684,9.99,,0.3,,,,0.4383,0.0231,0.4037,0.3807,0.12690000236034393,0.2307,0.2768,0.4499,0.4037,0.3576,1.1535,2026-08-09
swsh7-83,Medicham V,holofoil,Evolving Skies,83,Rare Holo V,Satoshi Shirai,Basic|V|Rapid Strike,308,Pokémon,2021/08/27,"tcgplayer,cardmarket",https://prices.pokemontcg.io/tcgplayer/swsh7-83,https://images.pokemontcg.io/swsh7/83_hires.png,2026/08/08,2026/01/16,0.74,0.25,0.9900000095367432,18.9,,,,,,1.0035,0.3922,1.0843,0.0,0.9804999828338623,0.9805,1.0035,0.0,0.0,0.0,1.1535,2026-08-09
swsh7-84,Hippopotas,normal,Evolving Skies,84,Common,Yuya Oka,Basic,449,Pokémon,2021/08/27,"tcgplayer,cardmarket",https://prices.pokemontcg.io/tcgplayer/swsh7-84,https://images.pokemontcg.io/swsh7/84_hires.png,2026/08/08,2026/01/16,0.01,0.009999999776482582,0.15000000596046448,2.99,,0.16,,,,0.0346,0.0231,0.0231,0.1846,0.03460000082850456,0.0346,0.0346,0.1269,0.1615,0.173,1.1535,2026-08-09
swsh7-85,Hippowdon,normal,Evolving Skies,85,Uncommon,Eri Yamaki,Stage 1,450,Pokémon,2021/08/27,"tcgplayer,cardmarket",https://prices.pokemontcg.io/tcgplayer/swsh7-85,https://images.pokemontcg.io/swsh7/85_hires.png,2026/08/08,2026/01/16,0.1,0.009999999776482582,0.15000000596046448,19.98,,0.23,,,,0.0346,0.0231,0.0346,0.1846,0.023099999874830246,0.0346,0.0461,0.173,0.1846,0.1846,1.1535,2026-08-09
swsh7-82,Galarian Zapdos,holofoil,Evolving Skies,82,Rare Holo,kodama,Basic,145,Pokémon,2021/08/27,"tcgplayer,cardmarket",https://prices.pokemontcg.io/tcgplayer/swsh7-82,https://images.pokemontcg.io/swsh7/82_hires.png,2026/08/08,2026/01/16,0.38,0.10000000149011612,0.4000000059604645,19.82,,0.45,,,,0.3114,0.0231,0.3691,0.5421,0.23070000112056732,0.2999,0.3114,1.7187,0.6806,0.5767,1.1535,2026-08-09
swsh7-88,Gigalith,normal,Evolving Skies,88,Rare,Masakazu Fukuda,Stage 2,526,Pokémon,2021/08/27,"tcgplayer,cardmarket",https://prices.pokemontcg.io/tcgplayer/swsh7-88,https://images.pokemontcg.io/swsh7/88_hires.png,2026/08/08,2026/01/16,0.13,0.009999999776482582,0.20000000298023224,19.98,,0.27,,,,0.0923,0.0231,0.0923,0.2768,0.023099999874830246,0.1269,0.1038,0.1961,0.2422,0.2538,1.1535,2026-08-09
swsh7-86,Roggenrola,normal,Evolving Skies,86,Common,Tomokazu Komiya,Basic,524,Pokémon,2021/08/27,"tcgplayer,cardmarket",https://prices.pokemontcg.io/tcgplayer/swsh7-86,https://images.pokemontcg.io/swsh7/86_hires.png,2026/08/08,2026/01/16,0.14,0.009999999776482582,0.1599999964237213,20.0,,0.26,,,,0.0461,0.0231,0.0461,0.173,0.04610000178217888,0.0577,0.0577,0.1154,0.173,0.15,1.1535,2026-08-09
swsh7-87,Boldore,normal,Evolving Skies,87,Uncommon,otumami,Stage 1,525,Pokémon,2021/08/27,"tcgplayer,cardmarket",https://prices.pokemontcg.io/tcgplayer/swsh7-87,https://images.pokemontcg.io/swsh7/87_hires.png,2026/08/08,2026/01/16,0.09,0.009999999776482582,0.15000000596046448,19.98,,0.16,,,,0.0461,0.0231,0.0577,0.173,0.023099999874830246,0.0461,0.0461,0.0231,0.173,0.2076,1.1535,2026-08-09
swsh7-90,Seismitoad,normal,Evolving Skies,90,Rare,Pani Kobayashi,Stage 2,537,Pokémon,2021/08/27,"tcgplayer,cardmarket",https://prices.pokemontcg.io/tcgplayer/swsh7-90,https://images.pokemontcg.io/swsh7/90_hires.png,2026/08/08,2026/01/16,0.15,0.009999999776482582,0.20000000298023224,4.98,,0.28,,,,0.0692,0.0231,0.15,0.323,0.1615000069141388,0.1384,0.0923,0.2307,0.346,0.3114,1.1535,2026-08-09
swsh7-89,Palpitoad,normal,Evolving Skies,89,Uncommon,tetsuya koizumi,Stage 1,536,Pokémon,2021/08/27,"tcgplayer,cardmarket",https://prices.pokemontcg.io/tcgplayer/swsh7-89,https://images.pokemontcg.io/swsh7/89_hires.png,2026/08/08,2026/01/16,0.03,0.009999999776482582,0.15000000596046448,17.98,,0.16,,,,0.0461,0.0231,0.0577,0.15,0.023099999874830246,0.0692,0.0461,0.2307,0.2076,0.15,1.1535,2026-08-09
swsh7-91,Lycanroc V,holofoil,Evolving Skies,91,Rare Holo V,PLANETA Tsuji,Basic|V,745,Pokémon,2021/08/27,"tcgplayer,cardmarket",https://prices.pokemontcg.io/tcgplayer/swsh7-91,https://images.pokemontcg.io/swsh7/91_hires.png,2026/08/08,2026/01/16,0.85,0.5,0.9900000095367432,7.56,,,,,,1.1766,0.2307,1.1189,0.0,1.038100004196167,1.3842,1.2458,0.0,0.0,0.0,1.1535,2026-08-09
swsh7-94,Umbreon V,holofoil,Evolving Skies,94,Rare Holo V,5ban Graphics,Basic|V|Single Strike,197,Pokémon,2021/08/27,"tcgplayer,cardmarket",https://prices.pokemontcg.io/tcgplayer/swsh7-94,https://images.pokemontcg.io/swsh7/94_hires.png,2026/08/08,2026/01/16,8.8,5.0,9.84000015258789,57.12,,,,,,5.1446,1.1535,5.6983,0.0,5.75600004196167,5.8598,5.1907,0.0,0.0,0.0,1.1535,2026-08-09
swsh7-92,Lycanroc VMAX,holofoil,Evolving Skies,92,Rare Holo VMAX,Mitsuhiro Arita,VMAX,745,Pokémon,2021/08/27,"tcgplayer,cardmarket",https://prices.pokemontcg.io/tcgplayer/swsh7-92,https://images.pokemontcg.io/swsh7/92_hires.png,2026/08/08,2026/01/16,2.24,1.0,2.609999895095825,96.99,,,,,,2.307,0.9228,2.1455,0.0,2.0071001052856445,2.1801,2.3416,0.0,0.0,0.0,1.1535,2026-08-09
swsh7-96,Nuzleaf,normal,Evolving Skies,96,Uncommon,Atsuko Nishida,Stage 1,274,Pokémon,2021/08/27,"tcgplayer,cardmarket",https://prices.pokemontcg.io/tcgplayer/swsh7-96,https://images.pokemontcg.io/swsh7/96_hires.png,2026/08/08,2026/01/16,0.04,0.009999999776482582,0.15000000596046448,19.98,,0.21,,,,0.0461,0.0231,0.0461,0.1846,0.023099999874830246,0.0461,0.0461,0.7498,0.2422,0.1961,1.1535,2026-08-09
swsh7-95,Umbreon VMAX,holofoil,Evolving Skies,95,Rare Holo VMAX,AKIRA EGAWA,VMAX|Single Strike,197,Pokémon,2021/08/27,"tcgplayer,cardmarket",https://prices.pokemontcg.io/tcgplayer/swsh7-95,https://images.pokemontcg.io/swsh7/95_hires.png,2026/08/08,2026/01/16,27.75,20.0,30.989999771118164,249.75,,,,,,21.4205,8.0745,28.2838,0.0,19.136600494384766,23.9005,22.0319,0.0,0.0,0.0,1.1535,2026-08-09
swsh7-93,Galarian Moltres,holofoil,Evolving Skies,93,Rare Holo,Kazuma Koda,Basic,146,Pokémon,2021/08/27,"tcgplayer,cardmarket",https://prices.pokemontcg.io/tcgplayer/swsh7-93,https://images.pokemontcg.io/swsh7/93_hires.png,2026/08/08,2026/01/16,0.47,0.14000000059604645,0.47999998927116394,19.66,,0.61,,,,0.3807,0.0577,0.4153,0.646,0.4383000135421753,0.4614,0.3922,0.173,0.4729,0.7382,1.1535,2026-08-09
swsh7-99,Scrafty,normal,Evolving Skies,99,Uncommon,Yukiko Baba,Stage 1,560,Pokémon,2021/08/27,"tcgplayer,cardmarket",https://prices.pokemontcg.io/tcgplayer/swsh7-99,https://images.pokemontcg.io/swsh7/99_hires.png,2026/08/08,2026/01/16,0.11,0.009999999776482582,0.15000000596046448,19.98,,0.21,,,,0.0346,0.0231,0.0346,0.15,0.023099999874830246,0.0461,0.0461,0.2307,0.173,0.1615,1.1535,2026-08-09
swsh7-98,Scraggy,normal,Evolving Skies,98,Common,Shin Nagasawa,Basic,559,Pokémon,2021/08/27,"tcgplayer,cardmarket",https://prices.pokemontcg.io/tcgplayer/swsh7-98,https://images.pokemontcg.io/swsh7/98_hires.png,2026/08/08,2026/01/16,0.13,0.009999999776482582,0.15000000596046448,18.8,,0.28,,,,0.0346,0.0231,0.0346,0.1846,0.023099999874830246,0.0346,0.0346,0.0577,0.1269,0.173,1.1535,2026-08-09
swsh7-97,Shiftry,normal,Evolving Skies,97,Rare,Masakazu Fukuda,Stage 2,275,Pokémon,2021/08/27,"tcgplayer,cardmarket",https://prices.pokemontcg.io/tcgplayer/swsh7-97,https://images.pokemontcg.io/swsh7/97_hires.png,2026/08/08,2026/01/16,0.17,0.019999999552965164,0.20000000298023224,20.0,,0.25,,,,0.0807,0.0231,0.0231,0.2192,0.023099999874830246,0.0577,0.0807,0.0231,0.2192,0.2422,1.1535,2026-08-09
swsh7-103,Zoroark,holofoil,Evolving Skies,103,Rare Holo,Souichirou Gunjima,Stage 1,571,Pokémon,2021/08/27,"tcgplayer,cardmarket",https://prices.pokemontcg.io/tcgplayer/swsh7-103,https://images.pokemontcg.io/swsh7/103_hires.png,2026/08/08,2026/01/16,0.35,0.09000000357627869,0.3499999940395355,19.99,,0.36,,,,0.3922,0.0231,0.4729,0.6344,0.28839999437332153,0.5075,0.4614,0.346,0.5652,0.6806,1.1535,2026-08-09
swsh7-102,Zorua,normal,Evolving Skies,102,Common,ryoma uratsuka,Basic,570,Pokémon,2021/08/27,"tcgplayer,cardmarket",https://prices.pokemontcg.io/tcgplayer/swsh7-102,https://images.pokemontcg.io/swsh7/102_hires.png,2026/08/08,2026/01/16,0.16,0.009999999776482582,0.17000000178813934,18.48,,0.33,,,,0.0346,0.0231,0.0461,0.1615,0.09229999780654907,0.0461,0.0461,0.0923,0.2422,0.1615,1.1535,2026-08-09
swsh7-100,Garbodor V,holofoil,Evolving Skies,100,Rare Holo V,Uta,Basic|V,569,Pokémon,2021/08/27,"tcgplayer,cardmarket",https://prices.pokemontcg.io/tcgplayer/swsh7-100,https://images.pokemontcg.io/swsh7/100_hires.png,2026/08/08,2025/12/07,0.96,0.49000000953674316,1.0299999713897705,19.94,,,,,,1.2112,0.346,1.5688,0.0,1.8224999904632568,1.2804,1.2112,0.0,0.0,0.0,1.1535,2026-08-09
swsh7-101,Garbodor VMAX,holofoil,Evolving Skies,101,Rare Holo VMAX,5ban Graphics,VMAX,569,Pokémon,2021/08/27,"tcgplayer,cardmarket",https://prices.pokemontcg.io/tcgplayer/swsh7-101,https://images.pokemontcg.io/swsh7/101_hires.png,2026/08/08,2025/12/07,2.63,1.6299999952316284,2.630000114440918,24.99,,,,,,1.6495,0.669,1.5457,0.0,1.9493999481201172,1.7187,1.661,0.0,0.0,0.0,1.1535,2026-08-09
swsh7-106,Altaria,normal,Evolving Skies,106,Rare,Misa Tsutsui,Stage 1,334,Pokémon,2021/08/27,"tcgplayer,cardmarket",https://prices.pokemontcg.io/tcgplayer/swsh7-106,https://images.pokemontcg.io/swsh7/106_hires.png,2026/08/08,2025/12/07,0.22,0.019999999552965164,0.23999999463558197,19.98,,0.31,,,,0.1269,0.0231,0.0577,0.2999,0.05770000070333481,0.0692,0.1154,0.5767,0.2768,0.2999,1.1535,2026-08-09
swsh7-104,Nickit,normal,Evolving Skies,104,Common,Hasegawa Saki,Basic,827,Pokémon,2021/08/27,"tcgplayer,cardmarket",https://prices.pokemontcg.io/tcgplayer/swsh7-104,https://images.pokemontcg.io/swsh7/104_hires.png,2026/08/08,2025/12/07,0.12,0.009999999776482582,0.15000000596046448,19.98,,0.23,,,,0.0231,0.0231,0.0231,0.173,0.023099999874830246,0.0231,0.0231,0.2884,0.15,0.173,1.1535,2026-08-09
swsh7-105,Thievul,normal,Evolving Skies,105,Rare,Kyoko Umemoto,Stage 1,828,Pokémon,2021/08/27,"tcgplayer,cardmarket",https://prices.pokemontcg.io/tcgplayer/swsh7-105,https://images.pokemontcg.io/swsh7/105_hires.png,2026/08/08,2025/12/07,0.17,0.019999999552965164,0.20000000298023224,19.98,,0.26,,,,0.0577,0.0231,0.0231,0.2076,0.023099999874830246,0.0461,0.0692,0.1384,0.1961,0.1961,1.1535,2026-08-09
swsh7-108,Shelgon,normal,Evolving Skies,108,Uncommon,tetsuya koizumi,Stage 1,372,Pokémon,2021/08/27,"tcgplayer,cardmarket",https://prices.pokemontcg.io/tcgplayer/swsh7-108,https://images.pokemontcg.io/swsh7/108_hires.png,2026/08/08,2025/12/07,0.17,0.009999999776482582,0.1899999976158142,2.99,,0.24,,,,0.0692,0.0231,0.0692,0.1384,0.04610000178217888,0.0231,0.0577,0.2538,0.1154,0.1384,1.1535,2026-08-09
swsh7-107,Bagon,normal,Evolving Skies,107,Common,ryoma uratsuka,Basic,371,Pokémon,2021/08/27,"tcgplayer,cardmarket",https://prices.pokemontcg.io/tcgplayer/swsh7-107,https://images.pokemontcg.io/swsh7/107_hires.png,2026/08/08,2025/12/07,0.02,0.009999999776482582,0.15000000596046448,19.04,,0.25,,,,0.0577,0.0231,0.0692,0.1154,0.023099999874830246,0.0461,0.0461,0.5767,0.0807,0.1154,1.1535,2026-08-09
swsh7-109,Salamence,holofoil,Evolving Skies,109,Rare Holo,kodama,Stage 2,373,Pokémon,2021/08/27,"tcgplayer,cardmarket",https://prices.pokemontcg.io/tcgplayer/swsh7-109,https://images.pokemontcg.io/swsh7/109_hires.png,2026/08/08,2025/12/07,0.93,0.23999999463558197,0.7599999904632568,9.99,,0.59,,,,0.7267,0.0231,0.646,0.819,0.23070000112056732,0.5306,0.669,0.7152,0.8536,0.7959,1.1535,2026-08-09
swsh7-111,Rayquaza VMAX,holofoil,Evolving Skies,111,Rare Holo VMAX,PLANETA Mochizuki,VMAX|Rapid Strike,384,Pokémon,2021/08/27,"tcgplayer,cardmarket",https://prices.pokemontcg.io/tcgplayer/swsh7-111,https://images.pokemontcg.io/swsh7/111_hires.png,2026/08/08,2025/12/07,14.37,12.229999542236328,16.15999984741211,119.88,,,,,,12.1002,5.1907,8.6628,0.0,8.016799926757812,11.1082,5.8944,0.0,0.0,0.0,1.1535,2026-08-09
swsh7-112,Dialga,holofoil,Evolving Skies,112,Rare Holo,Ryuta Fuse,Basic|Single Strike,483,Pokémon,2021/08/27,"tcgplayer,cardmarket",https://prices.pokemontcg.io/tcgplayer/swsh7-112,https://images.pokemontcg.io/swsh7/112_hires.png,2026/08/08,2025/12/07,0.22,0.029999999329447746,0.25,19.4,,0.36,,,,0.2422,0.0231,0.346,0.4383,0.219200000166893,0.3691,0.2538,0.9805,0.5537,0.4268,1.1535,2026-08-09
swsh7-113,Deino,normal,Evolving Skies,113,Common,HYOGONOSUKE,Basic,633,Pokémon,2021/08/27,"tcgplayer,cardmarket",https://prices.pokemontcg.io/tcgplayer/swsh7-113,https://images.pokemontcg.io/swsh7/113_hires.png,2026/08/08,2025/11/21,0.1,0.009999999776482582,0.1599999964237213,20.0,,0.21,,,,0.0692,0.0231,0.0577,0.1038,0.08070000261068344,0.0807,0.0577,0.2076,0.173,0.1384,1.1535,2026-08-09
swsh7-110,Rayquaza V,holofoil,Evolving Skies,110,Rare Holo V,PLANETA Mochizuki,Basic|V|Rapid Strike,384,Pokémon,2021/08/27,"tcgplayer,cardmarket",https://prices.pokemontcg.io/tcgplayer/swsh7-110,https://images.pokemontcg.io/swsh7/110_hires.png,2026/08/08,2025/11/21,2.55,1.0,2.8399999141693115,19.99,,,,,,1.7072,0.8651,1.6956,0.0,1.9839999675750732,1.7533,1.7533,0.0,0.0,0.0,1.1535,2026-08-09
swsh7-116,Kyurem,holofoil,Evolving Skies,116,Rare Holo,Souichirou Gunjima,Basic,646,Pokémon,2021/08/27,"tcgplayer,cardmarket",https://prices.pokemontcg.io/tcgplayer/swsh7-116,https://images.pokemontcg.io/swsh7/116_hires.png,2026/08/08,2025/11/21,0.27,0.05000000074505806,0.28999999165534973,19.98,,0.35,,,,0.3807,0.0346,0.4037,0.3691,0.10379999876022339,0.3576,0.3345,0.2076,0.4614,0.346,1.1535,2026-08-09
swsh7-115,Hydreigon,holofoil,Evolving Skies,115,Rare Holo,hatachu,Stage 2,635,Pokémon,2021/08/27,"tcgplayer,cardmarket",https://prices.pokemontcg.io/tcgplayer/swsh7-115,https://images.pokemontcg.io/swsh7/115_hires.png,2026/08/08,2025/11/21,0.32,0.10999999940395355,0.3499999940395355,18.72,,0.41,,,,0.2653,0.0231,0.2768,0.3807,0.09229999780654907,0.4037,0.2653,0.5191,0.4614,0.3691,1.1535,2026-08-09
swsh7-117,Noivern V,holofoil,Evolving Skies,117,Rare Holo V,Ayaka Yoshida,Basic|V,715,Pokémon,2021/08/27,"tcgplayer,cardmarket",https://prices.pokemontcg.io/tcgplayer/swsh7-117,https://images.pokemontcg.io/swsh7/117_hires.png,2026/08/08,2025/11/21,0.89,0.4000000059604645,1.0,19.06,,,,,,1.0381,0.2307,1.0612,0.0,0.8651000261306763,1.0381,1.0266,0.0,0.0,0.0,1.1535,2026-08-09
swsh7-114,Zweilous,normal,Evolving Skies,114,Uncommon,Akira Komayama,Stage 1,634,Pokémon,2021/08/27,"tcgplayer,cardmarket",https://prices.pokemontcg.io/tcgplayer/swsh7-114,https://images.pokemontcg.io/swsh7/114_hires.png,2026/08/08,2025/11/21,0.12,0.009999999776482582,0.1599999964237213,17.98,,0.23,,,,0.0807,0.0231,0.0692,0.1269,0.04610000178217888,0.0807,0.0807,0.0346,0.173,0.1384,1.1535,2026-08-09
swsh7-119,Drampa,normal,Evolving Skies,119,Rare,Tomokazu Komiya,Basic,780,Pokémon,2021/08/27,"tcgplayer,cardmarket",https://prices.pokemontcg.io/tcgplayer/swsh7-119,https://images.pokemontcg.io/swsh7/119_hires.png,2026/08/08,2025/11/21,0.24,0.029999999329447746,0.25,18.34,,0.36,,,,0.1038,0.0231,0.1154,0.3114,0.11540000140666962,0.1038,0.1154,0.2422,0.2884,0.2653,1.1535,2026-08-09
swsh7-118,Zygarde,holofoil,Evolving Skies,118,Rare Holo,otumami,Basic|Rapid Strike,718,Pokémon,2021/08/27,"tcgplayer,cardmarket",https://prices.pokemontcg.io/tcgplayer/swsh7-118,https://images.pokemontcg.io/swsh7/118_hires.png,2026/08/08,2025/11/21,0.29,0.029999999329447746,0.30000001192092896,9.99,,0.36,,,,0.3691,0.0231,0.5075,0.3345,0.4499000012874603,0.4268,0.3807,0.1615,0.3576,0.3691,1.1535,2026-08-09
swsh7-120,Flapple,normal,Evolving Skies,120,Rare,Anesaki Dynamic,Stage 1,841,Pokémon,2021/08/27,"tcgplayer,cardmarket",https://prices.pokemontcg.io/tcgplayer/swsh7-120,https://images.pokemontcg.io/swsh7/120_hires.png,2026/08/08,2025/11/21,0.16,0.019999999552965164,0.20000000298023224,19.98,,0.23,,,,0.0692,0.0231,0.0923,0.2999,0.18459999561309814,0.0692,0.0807,0.173,0.4268,0.2538,1.1535,2026-08-09
swsh7-121,Appletun,normal,Evolving Skies,121,Rare,Yuya Oka,Stage 1,842,Pokémon,2021/08/27,"tcgplayer,cardmarket",https://prices.pokemontcg.io/tcgplayer/swsh7-121,https://images.pokemontcg.io/swsh7/121_hires.png,2026/08/08,2025/11/21,0.19,0.009999999776482582,0.2199999988079071,19.98,,0.31,,,,0.0577,0.0231,0.1154,0.2422,0.29989999532699585,0.1038,0.0692,0.0923,0.2653,0.2192,1.1535,2026-08-09
swsh7-122,Duraludon V,holofoil,Evolving Skies,122,Rare Holo V,PLANETA Mochizuki,Basic|V|Single Strike,884,Pokémon,2021/08/27,"tcgplayer,cardmarket",https://prices.pokemontcg.io/tcgplayer/swsh7-122,https://images.pokemontcg.io/swsh7/122_hires.png,2026/08/08,2025/11/21,0.64,0.2800000011920929,0.9900000095367432,19.0,,,,,,0.9228,0.346,0.7152,0.0,0.9343000054359436,0.9113,0.8997,0.0,0.0,0.0,1.1535,2026-08-09
swsh7-124,Regidrago,holofoil,Evolving Skies,124,Rare Holo,Kouki Saitou,Basic,895,Pokémon,2021/08/27,"tcgplayer,cardmarket",https://prices.pokemontcg.io/tcgplayer/swsh7-124,https://images.pokemontcg.io/swsh7/124_hires.png,2026/08/08,2025/11/21,0.24,0.03999999910593033,0.25999999046325684,19.98,,0.39,,,,0.173,0.0231,0.2422,0.346,0.25380000472068787,0.2192,0.1961,0.2307,0.3807,0.346,1.1535,2026-08-09
swsh7-123,Duraludon VMAX,holofoil,Evolving Skies,123,Rare Holo VMAX,PLANETA Mochizuki,VMAX|Single Strike,884,Pokémon,2021/08/27,"tcgplayer,cardmarket",https://prices.pokemontcg.io/tcgplayer/swsh7-123,https://images.pokemontcg.io/swsh7/123_hires.png,2026/08/08,2025/11/21,1.42,0.9200000166893005,1.6699999570846558,24.99,,,,,,1.5572,0.5767,1.5342,0.0,1.3610999584197998,1.811,1.488,0.0,0.0,0.0,1.1535,2026-08-09
swsh7-128,Smeargle,normal,Evolving Skies,128,Rare,Kouki Saitou,Basic,235,Pokémon,2021/08/27,"tcgplayer,cardmarket",https://prices.pokemontcg.io/tcgplayer/swsh7-128,https://images.pokemontcg.io/swsh7/128_hires.png,2026/08/08,2025/11/21,0.18,0.009999999776482582,0.20000000298023224,2.99,,0.4,,,,0.0807,0.0231,0.15,0.3576,0.023099999874830246,0.1269,0.0923,0.5652,0.4037,0.3345,1.1535,2026-08-09
swsh7-126,Teddiursa,normal,Evolving Skies,126,Common,Mizue,Basic,216,Pokémon,2021/08/27,"tcgplayer,cardmarket",https://prices.pokemontcg.io/tcgplayer/swsh7-126,https://images.pokemontcg.io/swsh7/126_hires.png,2026/08/08,2025/11/21,0.2,0.019999999552965164,0.20000000298023224,19.98,,0.25,,,,0.0346,0.0231,0.0692,0.1384,0.18459999561309814,0.0461,0.0461,0.5652,0.173,0.15,1.1535,2026-08-09
swsh7-129,Slakoth,normal,Evolving Skies,129,Common,OKACHEKE,Basic|Single Strike,287,Pokémon,2021/08/27,"tcgplayer,cardmarket",https://prices.pokemontcg.io/tcgplayer/swsh7-129,https://images.pokemontcg.io/swsh7/129_hires.png,2026/08/08,2025/11/21,0.1,0.009999999776482582,0.15000000596046448,19.98,,0.19,,,,0.0461,0.0231,0.0231,0.1384,0.023099999874830246,0.0346,0.0346,0.2307,0.1615,0.1384,1.1535,2026-08-09
swsh7-130,Vigoroth,normal,Evolving Skies,130,Uncommon,nagimiso,Stage 1|Single Strike,288,Pokémon,2021/08/27,"tcgplayer,cardmarket",https://prices.pokemontcg.io/tcgplayer/swsh7-130,https://images.pokemontcg.io/swsh7/130_hires.png,2026/08/08,2025/11/21,0.02,0.009999999776482582,0.15000000596046448,19.48,,0.25,,,,0.0461,0.0231,0.0461,0.1615,0.06920000165700912,0.0461,0.0461,0.0923,0.1961,0.1615,1.1535,2026-08-09
swsh7-125,Eevee,normal,Evolving Skies,125,Common,Atsushi Furusawa,Basic,133,Pokémon,2021/08/27,"tcgplayer,cardmarket",https://prices.pokemontcg.io/tcgplayer/swsh7-125,https://images.pokemontcg.io/swsh7/125_hires.png,2026/08/08,2025/11/21,0.51,0.029999999329447746,0.6000000238418579,96.95,,4.79,,,,0.1038,0.0231,0.1269,0.7152,0.1615000069141388,0.1269,0.0923,0.8421,0.9805,0.6344,1.1535,2026-08-09
swsh7-127,Ursaring,normal,Evolving Skies,127,Uncommon,Hasegawa Saki,Stage 1,217,Pokémon,2021/08/27,"tcgplayer,cardmarket",https://prices.pokemontcg.io/tcgplayer/swsh7-127,https://images.pokemontcg.io/swsh7/127_hires.png,2026/08/08,2025/11/21,0.14,0.009999999776482582,0.1599999964237213,20.0,,0.31,,,,0.0692,0.0231,0.0807,0.1384,0.04610000178217888,0.0807,0.0577,1.142,0.2422,0.173,1.1535,2026-08-09
swsh7-131,Slaking,holofoil,Evolving Skies,131,Rare Holo,Mitsuhiro Arita,Stage 2|Single Strike,289,Pokémon,2021/08/27,"tcgplayer,cardmarket",https://prices.pokemontcg.io/tcgplayer/swsh7-131,https://images.pokemontcg.io/swsh7/131_hires.png,2026/08/08,2025/11/21,0.21,0.03999999910593033,0.25,15.6,,0.3,,,,0.2653,0.0231,0.2768,0.323,0.28839999437332153,0.2538,0.2538,0.173,0.3345,0.323,1.1535,2026-08-09
swsh7-132,Swablu,normal,Evolving Skies,132,Common,Lee HyunJung,Basic,333,Pokémon,2021/08/27,"tcgplayer,cardmarket",https://prices.pokemontcg.io/tcgplayer/swsh7-132,https://images.pokemontcg.io/swsh7/132_hires.png,2026/08/08,2025/11/21,0.2,0.009999999776482582,0.20000000298023224,19.98,,0.22,,,,0.0346,0.0231,0.0461,0.1269,0.023099999874830246,0.0346,0.0346,0.5652,0.1846,0.1615,1.1535,2026-08-09
swsh7-138,Fletchling,normal,Evolving Skies,138,Common,Sumiyoshi Kizuki,Basic,661,Pokémon,2021/08/27,"tcgplayer,cardmarket",https://prices.pokemontcg.io/tcgplayer/swsh7-138,https://images.pokemontcg.io/swsh7/138_hires.png,2026/08/08,2025/11/21,0.04,0.009999999776482582,0.15000000596046448,20.0,,0.2,,,,0.0346,0.0231,0.0346,0.1038,0.023099999874830246,0.0231,0.0346,0.1154,0.1384,0.1269,1.1535,2026-08-09
swsh7-134,Herdier,normal,Evolving Skies,134,Uncommon,kirisAki,Stage 1,507,Pokémon,2021/08/27,"tcgplayer,cardmarket",https://prices.pokemontcg.io/tcgplayer/swsh7-134,https://images.pokemontcg.io/swsh7/134_hires.png,2026/08/08,2025/11/21,0.1,0.009999999776482582,0.15000000596046448,19.98,,0.25,,,,0.0577,0.0231,0.0692,0.15,0.023099999874830246,0.0461,0.0461,0.173,0.1615,0.15,1.1535,2026-08-09
swsh7-133,Lillipup,normal,Evolving Skies,133,Common,Naoyo Kimura,Basic,506,Pokémon,2021/08/27,"tcgplayer,cardmarket",https://prices.pokemontcg.io/tcgplayer/swsh7-133,https://images.pokemontcg.io/swsh7/133_hires.png,2026/08/08,2025/11/21,0.04,0.009999999776482582,0.15000000596046448,19.98,,0.2,,,,0.0346,0.0231,0.0346,0.1038,0.023099999874830246,0.0346,0.0346,0.0577,0.15,0.1269,1.1535,2026-08-09
swsh7-136,Rufflet,normal,Evolving Skies,136,Common,0313,Basic,627,Pokémon,2021/08/27,"tcgplayer,cardmarket",https://prices.pokemontcg.io/tcgplayer/swsh7-136,https://images.pokemontcg.io/swsh7/136_hires.png,2026/08/08,2025/11/21,0.03,0.009999999776482582,0.15000000596046448,20.0,,0.18,,,,0.0346,0.0231,0.0346,0.1038,0.023099999874830246,0.0231,0.0346,0.2307,0.0807,0.1269,1.1535,2026-08-09
swsh7-137,Braviary,normal,Evolving Skies,137,Uncommon,SATOSHI NAKAI,Stage 1,628,Pokémon,2021/08/27,"tcgplayer,cardmarket",https://prices.pokemontcg.io/tcgplayer/swsh7-137,https://images.pokemontcg.io/swsh7/137_hires.png,2026/08/08,2025/11/21,0.04,0.009999999776482582,0.15000000596046448,19.98,,0.21,,,,0.0461,0.0231,0.0346,0.1154,0.023099999874830246,0.0346,0.0461,0.1154,0.1615,0.15,1.1535,2026-08-09
swsh7-139,Fletchinder,normal,Evolving Skies,139,Uncommon,Yuya Oka,Stage 1,662,Pokémon,2021/08/27,"tcgplayer,cardmarket",https://prices.pokemontcg.io/tcgplayer/swsh7-139,https://images.pokemontcg.io/swsh7/139_hires.png,2026/08/08,2025/11/21,0.03,0.009999999776482582,0.15000000596046448,19.98,,0.19,,,,0.0461,0.0231,0.0461,0.1269,0.05770000070333481,0.0461,0.0461,0.0577,0.1961,0.15,1.1535,2026-08-09
swsh7-135,Stoutland,normal,Evolving Skies,135,Rare,Naoki Saito,Stage 2,508,Pokémon,2021/08/27,"tcgplayer,cardmarket",https://prices.pokemontcg.io/tcgplayer/swsh7-135,https://images.pokemontcg.io/swsh7/135_hires.png,2026/08/08,2025/11/21,0.23,0.019999999552965164,0.23000000417232513,19.98,,0.21,,,,0.0807,0.0231,0.0807,0.2768,0.023099999874830246,0.0692,0.0807,0.15,0.2884,0.2422,1.1535,2026-08-09
swsh7-141,Aroma Lady,normal,Evolving Skies,141,Uncommon,Megumi Mizutani,Supporter,,Trainer,2021/08/27,"tcgplayer,cardmarket",https://prices.pokemontcg.io/tcgplayer/swsh7-141,https://images.pokemontcg.io/swsh7/141_hires.png,2026/08/08,2025/11/21,0.11,0.009999999776482582,0.15000000596046448,19.98,,0.14,,,,0.0346,0.0231,0.0346,0.1269,0.023099999874830246,0.0461,0.0461,0.0577,0.1384,0.1384,1.1535,2026-08-09
swsh7-140,Talonflame,normal,Evolving Skies,140,Rare,Tika Matsuno,Stage 2,663,Pokémon,2021/08/27,"tcgplayer,cardmarket",https://prices.pokemontcg.io/tcgplayer/swsh7-140,https://images.pokemontcg.io/swsh7/140_hires.png,2026/08/08,2025/11/21,0.17,0.009999999776482582,0.20000000298023224,19.98,,0.21,,,,0.0807,0.0231,0.0577,0.2538,0.11540000140666962,0.0461,0.0923,0.346,0.2884,0.2768,1.1535,2026-08-09
swsh7-144,Crystal Cave,normal,Evolving Skies,144,Uncommon,Toyste Beach,Stadium,,Trainer,2021/08/27,"tcgplayer,cardmarket",https://prices.pokemontcg.io/tcgplayer/swsh7-144,https://images.pokemontcg.io/swsh7/144_hires.png,2026/08/08,2025/11/21,0.15,0.009999999776482582,0.20000000298023224,2.99,,0.22,,,,0.0577,0.0231,0.0577,0.1615,0.04610000178217888,0.0461,0.0577,0.15,0.1615,0.1846,1.1535,2026-08-09
swsh7-145,Digging Gloves,normal,Evolving Skies,145,Uncommon,Toyste Beach,Item|Pokémon Tool,,Trainer,2021/08/27,"tcgplayer,cardmarket",https://prices.pokemontcg.io/tcgplayer/swsh7-145,https://images.pokemontcg.io/swsh7/145_hires.png,2026/08/08,2025/11/21,0.05,0.009999999776482582,0.15000000596046448,19.98,,0.16,,,,0.0346,0.0231,0.0346,0.1154,0.023099999874830246,0.0346,0.0346,0.0692,0.1154,0.1154,1.1535,2026-08-09
swsh7-142,Boost Shake,normal,Evolving Skies,142,Uncommon,sadaji,Item,,Trainer,2021/08/27,"tcgplayer,cardmarket",https://prices.pokemontcg.io/tcgplayer/swsh7-142,https://images.pokemontcg.io/swsh7/142_hires.png,2026/08/08,2025/11/21,0.16,0.009999999776482582,0.15000000596046448,19.98,,0.19,,,,0.0577,0.0231,0.0346,0.1038,0.023099999874830246,0.0692,0.0577,0.0807,0.1038,0.1384,1.1535,2026-08-09
swsh7-143,Copycat,normal,Evolving Skies,143,Uncommon,Sanosuke Sakuma,Supporter,,Trainer,2021/08/27,"tcgplayer,cardmarket",https://prices.pokemontcg.io/tcgplayer/swsh7-143,https://images.pokemontcg.io/swsh7/143_hires.png,2026/08/08,2025/11/21,0.15,0.009999999776482582,0.15000000596046448,17.98,,0.2,,,,0.0461,0.0231,0.0461,0.1038,0.023099999874830246,0.0346,0.0346,0.0577,0.1154,0.1154,1.1535,2026-08-09
swsh7-147,Elemental Badge,normal,Evolving Skies,147,Uncommon,Studio Bora Inc.,Item|Pokémon Tool,,Trainer,2021/08/27,"tcgplayer,cardmarket",https://prices.pokemontcg.io/tcgplayer/swsh7-147,https://images.pokemontcg.io/swsh7/147_hires.png,2026/08/08,2025/11/21,0.04,0.009999999776482582,0.15000000596046448,19.98,,0.21,,,,0.0346,0.0231,0.0346,0.1154,0.023099999874830246,0.0346,0.0346,0.0577,0.1269,0.1269,1.1535,2026-08-09
swsh7-148,Full Face Guard,normal,Evolving Skies,148,Uncommon,AYUMI ODASHIMA,Item|Pokémon Tool,,Trainer,2021/08/27,"tcgplayer,cardmarket",https://prices.pokemontcg.io/tcgplayer/swsh7-148,https://images.pokemontcg.io/swsh7/148_hires.png,2026/08/08,2025/11/21,0.03,0.009999999776482582,0.15000000596046448,19.98,,0.18,,,,0.0346,0.0231,0.0577,0.1154,0.023099999874830246,0.0461,0.0461,0.0577,0.1269,0.1269,1.1535,2026-08-09
swsh7-146,Dream Ball,normal,Evolving Skies,146,Uncommon,Ryo Ueda,Item,,Trainer,2021/08/27,"tcgplayer,cardmarket",https://prices.pokemontcg.io/tcgplayer/swsh7-146,https://images.pokemontcg.io/swsh7/146_hires.png,2026/08/08,2025/11/21,0.15,0.009999999776482582,0.17000000178813934,19.98,,0.17,,,,0.0461,0.0231,0.0231,0.1384,0.023099999874830246,0.0461,0.0461,0.0577,0.1846,0.1269,1.1535,2026-08-09
swsh7-149,Gordie,normal,Evolving Skies,149,Uncommon,take,Supporter,,Trainer,2021/08/27,"tcgplayer,cardmarket",https://prices.pokemontcg.io/tcgplayer/swsh7-149,https://images.pokemontcg.io/swsh7/149_hires.png,2026/08/08,2025/11/21,0.08,0.009999999776482582,0.15000000596046448,19.98,,0.19,,,,0.0346,0.0231,0.0346,0.15,0.06920000165700912,0.0461,0.0461,0.1038,0.173,0.15,1.1535,2026-08-09
swsh7-150,Lucky Ice Pop,normal,Evolving Skies,150,Uncommon,inose yukie,Item,,Trainer,2021/08/27,"tcgplayer,cardmarket",https://prices.pokemontcg.io/tcgplayer/swsh7-150,https://images.pokemontcg.io/swsh7/150_hires.png,2026/08/08,2025/11/21,0.1,0.009999999776482582,0.15000000596046448,19.98,,0.22,,,,0.0461,0.0231,0.0577,0.1269,0.023099999874830246,0.0346,0.0461,0.0577,0.173,0.1384,1.1535,2026-08-09
swsh7-151,Moon & Sun Badge,normal,Evolving Skies,151,Uncommon,Studio Bora Inc.,Item|Pokémon Tool,,Trainer,2021/08/27,"tcgplayer,cardmarket",https://prices.pokemontcg.io/tcgplayer/swsh7-151,https://images.pokemontcg.io/swsh7/151_hires.png,2026/08/08,2025/11/21,0.08,0.009999999776482582,0.15000000596046448,19.98,,0.2,,,,0.0346,0.0231,0.0346,0.1154,0.023099999874830246,0.0346,0.0461,0.0577,0.173,0.1384,1.1535,2026-08-09
swsh7-156,Rubber Gloves,normal,Evolving Skies,156,Uncommon,Toyste Beach,Item|Pokémon Tool,,Trainer,2021/08/27,"tcgplayer,cardmarket",https://prices.pokemontcg.io/tcgplayer/swsh7-156,https://images.pokemontcg.io/swsh7/156_hires.png,2026/08/08,2025/11/21,0.06,0.009999999776482582,0.15000000596046448,19.98,,0.18,,,,0.0346,0.0231,0.0346,0.1038,0.023099999874830246,0.0346,0.0346,0.0923,0.1846,0.1384,1.1535,2026-08-09
swsh7-154,Rescue Carrier,normal,Evolving Skies,154,Uncommon,Ryo Ueda,Item,,Trainer,2021/08/27,"tcgplayer,cardmarket",https://prices.pokemontcg.io/tcgplayer/swsh7-154,https://images.pokemontcg.io/swsh7/154_hires.png,2026/08/08,2025/11/21,0.1,0.009999999776482582,0.15000000596046448,19.98,,0.17,,,,0.0577,0.0231,0.0692,0.1384,0.04610000178217888,0.1038,0.0577,0.0923,0.1846,0.1384,1.1535,2026-08-09
swsh7-152,Raihan,normal,Evolving Skies,152,Uncommon,take,Supporter,,Trainer,2021/08/27,"tcgplayer,cardmarket",https://prices.pokemontcg.io/tcgplayer/swsh7-152,https://images.pokemontcg.io/swsh7/152_hires.png,2026/08/08,2025/11/21,0.21,0.019999999552965164,0.23000000417232513,19.98,,0.3,,,,0.0692,0.0231,0.0807,0.173,0.023099999874830246,0.0692,0.0577,0.173,0.2422,0.1961,1.1535,2026-08-09
swsh7-155,Ribbon Badge,normal,Evolving Skies,155,Uncommon,Studio Bora Inc.,Item|Pokémon Tool,,Trainer,2021/08/27,"tcgplayer,cardmarket",https://prices.pokemontcg.io/tcgplayer/swsh7-155,https://images.pokemontcg.io/swsh7/155_hires.png,2026/08/08,2025/11/21,0.1,0.009999999776482582,0.15000000596046448,19.98,,0.23,,,,0.0461,0.0231,0.0461,0.1384,0.023099999874830246,0.0346,0.0461,0.0577,0.1269,0.1269,1.1535,2026-08-09
swsh7-153,Rapid Strike Scroll of the Flying Dragon,normal,Evolving Skies,153,Uncommon,5ban Graphics,Rapid Strike|Item|Pokémon Tool,,Trainer,2021/08/27,"tcgplayer,cardmarket",https://prices.pokemontcg.io/tcgplayer/swsh7-153,https://images.pokemontcg.io/swsh7/153_hires.png,2026/08/08,2025/11/21,0.03,0.009999999776482582,0.15000000596046448,18.08,,0.22,,,,0.0346,0.0231,0.0231,0.1384,0.023099999874830246,0.0346,0.0346,0.0577,0.2538,0.1615,1.1535,2026-08-09
swsh7-157,Shopping Center,normal,Evolving Skies,157,Uncommon,Oswaldo KATO,Stadium,,Trainer,2021/08/27,"tcgplayer,cardmarket",https://prices.pokemontcg.io/tcgplayer/swsh7-157,https://images.pokemontcg.io/swsh7/157_hires.png,2026/08/08,2025/11/21,0.11,0.009999999776482582,0.1599999964237213,19.98,,0.15,,,,0.0346,0.0231,0.0231,0.1269,0.023099999874830246,0.0346,0.0461,0.0923,0.1615,0.1384,1.1535,2026-08-09
swsh7-158,Single Strike Scroll of the Fanged Dragon,normal,Evolving Skies,158,Uncommon,5ban Graphics,Single Strike|Item|Pokémon Tool,,Trainer,2021/08/27,"tcgplayer,cardmarket",https://prices.pokemontcg.io/tcgplayer/swsh7-158,https://images.pokemontcg.io/swsh7/158_hires.png,2026/08/08,2025/11/21,0.05,0.009999999776482582,0.15000000596046448,19.98,,0.17,,,,0.0346,0.0231,0.0461,0.1269,0.023099999874830246,0.0346,0.0346,0.0577,0.1384,0.1384,1.1535,2026-08-09
swsh7-160,Spirit Mask,normal,Evolving Skies,160,Uncommon,AYUMI ODASHIMA,Item|Pokémon Tool,,Trainer,2021/08/27,"tcgplayer,cardmarket",https://prices.pokemontcg.io/tcgplayer/swsh7-160,https://images.pokemontcg.io/swsh7/160_hires.png,2026/08/08,2025/11/21,0.1,0.009999999776482582,0.15000000596046448,19.98,,0.16,,,,0.0346,0.0231,0.0461,0.1269,0.023099999874830246,0.0461,0.0346,0.0692,0.15,0.1384,1.1535,2026-08-09
swsh7-159,Snow Leaf Badge,normal,Evolving Skies,159,Uncommon,Studio Bora Inc.,Item|Pokémon Tool,,Trainer,2021/08/27,"tcgplayer,cardmarket",https://prices.pokemontcg.io/tcgplayer/swsh7-159,https://images.pokemontcg.io/swsh7/159_hires.png,2026/08/08,2025/11/21,0.03,0.009999999776482582,0.15000000596046448,19.98,,0.15,,,,0.0346,0.0231,0.0346,0.0923,0.05770000070333481,0.0461,0.0346,0.0807,0.1384,0.1038,1.1535,2026-08-09
swsh7-164,Zinnia's Resolve,normal,Evolving Skies,164,Uncommon,Taira Akitsu,Supporter,,Trainer,2021/08/27,"tcgplayer,cardmarket",https://prices.pokemontcg.io/tcgplayer/swsh7-164,https://images.pokemontcg.io/swsh7/164_hires.png,2026/08/08,2025/11/21,0.11,0.009999999776482582,0.15000000596046448,19.98,,0.25,,,,0.0461,0.0231,0.0923,0.2422,0.23070000112056732,0.0577,0.0461,0.0923,0.346,0.2307,1.1535,2026-08-09
swsh7-162,Switching Cups,normal,Evolving Skies,162,Uncommon,Ryo Ueda,Item,,Trainer,2021/08/27,"tcgplayer,cardmarket",https://prices.pokemontcg.io/tcgplayer/swsh7-162,https://images.pokemontcg.io/swsh7/162_hires.png,2026/08/08,2025/11/21,0.08,0.009999999776482582,0.15000000596046448,19.98,,0.19,,,,0.0461,0.0231,0.0461,0.1384,0.06920000165700912,0.0461,0.0461,0.0577,0.1269,0.15,1.1535,2026-08-09
swsh7-161,Stormy Mountains,normal,Evolving Skies,161,Uncommon,Toyste Beach,Stadium,,Trainer,2021/08/27,"tcgplayer,cardmarket",https://prices.pokemontcg.io/tcgplayer/swsh7-161,https://images.pokemontcg.io/swsh7/161_hires.png,2026/08/08,2025/11/18,0.14,0.009999999776482582,0.18000000715255737,18.68,,0.24,,,,0.1384,0.0231,0.1038,0.2307,0.03460000082850456,0.0461,0.1154,0.2884,0.1846,0.2422,1.1535,2026-08-09
swsh7-166,Leafeon V,holofoil,Evolving Skies,166,Rare Ultra,5ban Graphics,Basic|V,470,Pokémon,2021/08/27,"tcgplayer,cardmarket",https://prices.pokemontcg.io/tcgplayer/swsh7-166,https://images.pokemontcg.io/swsh7/166_hires.png,2026/08/08,2025/11/18,20.34,17.0,22.229999542236328,182.02,,,,,,25.0886,11.5235,22.0203,0.0,17.291000366210938,29.2874,21.0283,0.0,0.0,0.0,1.1535,2026-08-09
swsh7-163,Toy Catcher,normal,Evolving Skies,163,Uncommon,sadaji,Item,,Trainer,2021/08/27,"tcgplayer,cardmarket",https://prices.pokemontcg.io/tcgplayer/swsh7-163,https://images.pokemontcg.io/swsh7/163_hires.png,2026/08/08,2025/11/18,0.07,0.009999999776482582,0.15000000596046448,19.98,,0.16,,,,0.0346,0.0231,0.0346,0.1154,0.023099999874830246,0.0346,0.0577,0.0577,0.1154,0.1384,1.1535,2026-08-09
swsh7-165,Treasure Energy,normal,Evolving Skies,165,Uncommon,,Special,,Energy,2021/08/27,"tcgplayer,cardmarket",https://prices.pokemontcg.io/tcgplayer/swsh7-165,https://images.pokemontcg.io/swsh7/165_hires.png,2026/08/08,2025/11/18,0.06,0.009999999776482582,0.15000000596046448,19.98,,0.16,,,,0.0577,0.0231,0.0577,0.1615,0.03460000082850456,0.0577,0.0461,0.173,0.1615,0.1615,1.1535,2026-08-09
swsh7-167,Leafeon V,holofoil,Evolving Skies,167,Rare Ultra,You Iribi,Basic|V,470,Pokémon,2021/08/27,"tcgplayer,cardmarket",https://prices.pokemontcg.io/tcgplayer/swsh7-167,https://images.pokemontcg.io/swsh7/167_hires.png,2026/08/08,2025/11/18,155.01,139.99000549316406,168.97999572753906,250.0,,,,,,173.371,51.9075,190.0391,0.0,155.71099853515625,189.6239,146.9213,0.0,0.0,0.0,1.1535,2026-08-09
swsh7-168,Trevenant V,holofoil,Evolving Skies,168,Rare Ultra,MUGENUP,Basic|V,709,Pokémon,2021/08/27,"tcgplayer,cardmarket",https://prices.pokemontcg.io/tcgplayer/swsh7-168,https://images.pokemontcg.io/swsh7/168_hires.png,2026/08/08,2025/11/18,3.45,1.9900000095367432,3.5399999618530273,100.0,,,,,,4.441,3.3451,4.2333,0.0,5.75600004196167,4.464,4.5679,0.0,0.0,0.0,1.1535,2026-08-09
swsh7-169,Flareon V,holofoil,Evolving Skies,169,Rare Ultra,5ban Graphics,Basic|V|Single Strike,136,Pokémon,2021/08/27,"tcgplayer,cardmarket",https://prices.pokemontcg.io/tcgplayer/swsh7-169,https://images.pokemontcg.io/swsh7/169_hires.png,2026/08/08,2025/11/18,20.07,13.0,21.979999542236328,168.32,,,,,,28.5376,5.756,31.4559,0.0,19.597999572753906,35.7239,24.8002,0.0,0.0,0.0,1.1535,2026-08-09
swsh7-173,Suicune V,holofoil,Evolving Skies,173,Rare Ultra,Ayaka Yoshida,Basic|V,245,Pokémon,2021/08/27,"tcgplayer,cardmarket",https://prices.pokemontcg.io/tcgplayer/swsh7-173,https://images.pokemontcg.io/swsh7/173_hires.png,2026/08/08,2025/11/18,9.15,7.5,10.0,188.8,,,,,,13.1038,5.6522,11.2928,0.0,10.185400009155273,10.5084,11.2466,0.0,0.0,0.0,1.1535,2026-08-09
swsh7-170,Volcarona V,holofoil,Evolving Skies,170,Rare Ultra,Eske Yoshinob,Basic|V,637,Pokémon,2021/08/27,"tcgplayer,cardmarket",https://prices.pokemontcg.io/tcgplayer/swsh7-170,https://images.pokemontcg.io/swsh7/170_hires.png,2026/08/08,2025/11/18,5.29,4.309999942779541,6.0,48.1,,,,,,5.5137,4.2679,5.5945,0.0,6.9095001220703125,5.6291,5.8598,0.0,0.0,0.0,1.1535,2026-08-09
swsh7-171,Gyarados V,holofoil,Evolving Skies,171,Rare Ultra,PLANETA Tsuji,Basic|V,130,Pokémon,2021/08/27,"tcgplayer,cardmarket",https://prices.pokemontcg.io/tcgplayer/swsh7-171,https://images.pokemontcg.io/swsh7/171_hires.png,2026/08/08,2025/11/18,18.43,14.5,20.0,89.99,,,,,,13.5998,8.0514,14.2111,0.0,19.609500885009766,13.7266,12.8385,0.0,0.0,0.0,1.1535,2026-08-09
swsh7-172,Vaporeon V,holofoil,Evolving Skies,172,Rare Ultra,5ban Graphics,Basic|V|Rapid Strike,134,Pokémon,2021/08/27,"tcgplayer,cardmarket",https://prices.pokemontcg.io/tcgplayer/swsh7-172,https://images.pokemontcg.io/swsh7/172_hires.png,2026/08/08,2025/11/18,22.88,20.0,28.15999984741211,100.0,,,,,,26.7035,6.921,28.4453,0.0,22.73550033569336,29.9449,26.5882,0.0,0.0,0.0,1.1535,2026-08-09
swsh7-178,Dracozolt V,holofoil,Evolving Skies,178,Rare Ultra,PLANETA Mochizuki,Basic|V,880,Pokémon,2021/08/27,"tcgplayer,cardmarket",https://prices.pokemontcg.io/tcgplayer/swsh7-178,https://images.pokemontcg.io/swsh7/178_hires.png,2026/08/08,2025/11/18,3.92,3.0,5.119999885559082,49.99,,,,,,3.4836,2.307,3.622,0.0,5.75600004196167,3.5412,3.968,0.0,0.0,0.0,1.1535,2026-08-09
swsh7-177,Jolteon V,holofoil,Evolving Skies,177,Rare Ultra,5ban Graphics,Basic|V,135,Pokémon,2021/08/27,"tcgplayer,cardmarket",https://prices.pokemontcg.io/tcgplayer/swsh7-177,https://images.pokemontcg.io/swsh7/177_hires.png,2026/08/08,2025/11/18,18.42,17.65999984741211,21.15999984741211,173.16,,,,,,21.4551,8.0745,22.6547,0.0,17.302499771118164,22.2626,23.5199,0.0,0.0,0.0,1.1535,2026-08-09
swsh7-174,Glaceon V,holofoil,Evolving Skies,174,Rare Ultra,5ban Graphics,Basic|V,471,Pokémon,2021/08/27,"tcgplayer,cardmarket",https://prices.pokemontcg.io/tcgplayer/swsh7-174,https://images.pokemontcg.io/swsh7/174_hires.png,2026/08/08,2025/11/18,25.77,21.260000228881836,27.719999313354492,326.15,,,,,,31.5367,10.3469,46.5553,0.0,31.144500732421875,41.4337,25.9191,0.0,0.0,0.0,1.1535,2026-08-09
swsh7-175,Glaceon V,holofoil,Evolving Skies,175,Rare Ultra,Narumi Sato,Basic|V,471,Pokémon,2021/08/27,"tcgplayer,cardmarket",https://prices.pokemontcg.io/tcgplayer/swsh7-175,https://images.pokemontcg.io/swsh7/175_hires.png,2026/08/08,2025/11/18,160.21,139.97999572753906,170.0,1010.01,,,,,,176.1971,51.9075,153.1963,0.0,138.4199981689453,193.3266,163.7855,0.0,0.0,0.0,1.1535,2026-08-09
swsh7-176,Arctovish V,holofoil,Evolving Skies,176,Rare Ultra,Eske Yoshinob,Basic|V,883,Pokémon,2021/08/27,"tcgplayer,cardmarket",https://prices.pokemontcg.io/tcgplayer/swsh7-176,https://images.pokemontcg.io/swsh7/176_hires.png,2026/08/08,2025/11/18,3.15,1.9900000095367432,3.140000104904175,29.5,,,,,,3.2529,1.1535,3.0106,0.0,2.52620005607605,3.4028,3.6797,0.0,0.0,0.0,1.1535,2026-08-09
swsh7-180,Espeon V,holofoil,Evolving Skies,180,Rare Ultra,sowsow,Basic|V,196,Pokémon,2021/08/27,"tcgplayer,cardmarket",https://prices.pokemontcg.io/tcgplayer/swsh7-180,https://images.pokemontcg.io/swsh7/180_hires.png,2026/08/08,2025/11/18,242.87,220.99000549316406,263.8800048828125,1258.85,,,,,,173.694,86.4548,167.2344,0.0,124.0011978149414,191.7924,153.8538,0.0,0.0,0.0,1.1535,2026-08-09
swsh7-181,Golurk V,holofoil,Evolving Skies,181,Rare Ultra,Eske Yoshinob,Basic|V|Single Strike,623,Pokémon,2021/08/27,"tcgplayer,cardmarket",https://prices.pokemontcg.io/tcgplayer/swsh7-181,https://images.pokemontcg.io/swsh7/181_hires.png,2026/08/08,2025/11/18,3.62,2.5,4.0,49.99,,,,,,5.0754,2.307,5.4215,0.0,7.497700214385986,5.5483,5.3292,0.0,0.0,0.0,1.1535,2026-08-09
swsh7-179,Espeon V,holofoil,Evolving Skies,179,Rare Ultra,5ban Graphics,Basic|V,196,Pokémon,2021/08/27,"tcgplayer,cardmarket",https://prices.pokemontcg.io/tcgplayer/swsh7-179,https://images.pokemontcg.io/swsh7/179_hires.png,2026/08/08,2025/11/18,27.9,20.299999237060547,29.0,213.1,,,,,,27.2572,10.3815,30.4293,0.0,17.302499771118164,23.5314,24.9733,0.0,0.0,0.0,1.1535,2026-08-09
swsh7-184,Sylveon V,holofoil,Evolving Skies,184,Rare Ultra,Yuu Nishida,Basic|V|Rapid Strike,700,Pokémon,2021/08/27,"tcgplayer,cardmarket",https://prices.pokemontcg.io/tcgplayer/swsh7-184,https://images.pokemontcg.io/swsh7/184_hires.png,2026/08/08,2025/11/18,206.47,198.00999450683594,226.3800048828125,1347.38,,,,,,188.7587,66.903,194.7223,0.0,149.9550018310547,199.2441,169.0224,0.0,0.0,0.0,1.1535,2026-08-09
swsh7-182,Golurk V,holofoil,Evolving Skies,182,Rare Ultra,Oswaldo KATO,Basic|V|Single Strike,623,Pokémon,2021/08/27,"tcgplayer,cardmarket",https://prices.pokemontcg.io/tcgplayer/swsh7-182,https://images.pokemontcg.io/swsh7/182_hires.png,2026/08/08,2025/11/18,39.09,32.0,42.4900016784668,75.0,,,,,,23.889,16.149,21.7781,0.0,20.75149917602539,22.7586,24.7656,0.0,0.0,0.0,1.1535,2026-08-09
swsh7-185,Medicham V,holofoil,Evolving Skies,185,Rare Ultra,Satoshi Shirai,Basic|V|Rapid Strike,308,Pokémon,2021/08/27,"tcgplayer,cardmarket",https://prices.pokemontcg.io/tcgplayer/swsh7-185,https://images.pokemontcg.io/swsh7/185_hires.png,2026/08/08,2025/11/18,2.23,1.4500000476837158,2.390000104904175,96.73,,,,,,4.0719,1.3842,3.4951,0.0,3.160599946975708,3.2183,3.9104,0.0,0.0,0.0,1.1535,2026-08-09
swsh7-186,Medicham V,holofoil,Evolving Skies,186,Rare Ultra,KIYOTAKA OSHIYAMA,Basic|V|Rapid Strike,308,Pokémon,2021/08/27,"tcgplayer,cardmarket",https://prices.pokemontcg.io/tcgplayer/swsh7-186,https://images.pokemontcg.io/swsh7/186_hires.png,2026/08/08,2025/11/18,21.75,19.0,22.84000015258789,175.0,,,,,,20.0478,10.37,20.6707,0.0,20.082399368286133,21.6627,24.0851,0.0,0.0,0.0,1.1535,2026-08-09
swsh7-183,Sylveon V,holofoil,Evolving Skies,183,Rare Ultra,aky CG Works,Basic|V|Rapid Strike,700,Pokémon,2021/08/27,"tcgplayer,cardmarket",https://prices.pokemontcg.io/tcgplayer/swsh7-183,https://images.pokemontcg.io/swsh7/183_hires.png,2026/08/08,2025/11/18,36.3,33.9900016784668,38.41999816894531,265.0,,,,,,20.8668,6.921,19.4134,0.0,17.302499771118164,18.8021,22.6893,0.0,0.0,0.0,1.1535,2026-08-09
swsh7-187,Lycanroc V,holofoil,Evolving Skies,187,Rare Ultra,PLANETA Tsuji,Basic|V,745,Pokémon,2021/08/27,"tcgplayer,cardmarket",https://prices.pokemontcg.io/tcgplayer/swsh7-187,https://images.pokemontcg.io/swsh7/187_hires.png,2026/08/08,2025/11/18,3.97,2.990000009536743,4.369999885559082,93.3,,,,,,6.0213,4.0373,6.0559,0.0,3.2990000247955322,5.606,5.8944,0.0,0.0,0.0,1.1535,2026-08-09
swsh7-188,Umbreon V,holofoil,Evolving Skies,188,Rare Ultra,5ban Graphics,Basic|V|Single Strike,197,Pokémon,2021/08/27,"tcgplayer,cardmarket",https://prices.pokemontcg.io/tcgplayer/swsh7-188,https://images.pokemontcg.io/swsh7/188_hires.png,2026/08/08,2025/11/18,67.68,46.5,70.0,398.12,,,,,,36.2891,23.0123,37.085,0.0,21.916500091552734,37.2927,41.5029,0.0,0.0,0.0,1.1535,2026-08-09
swsh7-189,Umbreon V,holofoil,Evolving Skies,189,Rare Ultra,Teeziro,Basic|V|Single Strike,197,Pokémon,2021/08/27,"tcgplayer,cardmarket",https://prices.pokemontcg.io/tcgplayer/swsh7-189,https://images.pokemontcg.io/swsh7/189_hires.png,2026/08/08,2025/11/18,400.71,377.8399963378906,450.0,3606.39,,,,,,294.3963,98.0475,259.4914,0.0,214.55099487304688,242.6849,295.8266,0.0,0.0,0.0,1.1535,2026-08-09
swsh7-191,Dragonite V,holofoil,Evolving Skies,191,Rare Ultra,Saki Hayashiro,Basic|V,149,Pokémon,2021/08/27,"tcgplayer,cardmarket",https://prices.pokemontcg.io/tcgplayer/swsh7-191,https://images.pokemontcg.io/swsh7/191_hires.png,2026/08/08,2025/11/18,41.78,37.02000045776367,45.959999084472656,199.36,,,,,,18.3983,9.228,17.7408,0.0,14.880200386047363,16.5527,17.637,0.0,0.0,0.0,1.1535,2026-08-09
swsh7-190,Garbodor V,holofoil,Evolving Skies,190,Rare Ultra,aky CG Works,Basic|V,569,Pokémon,2021/08/27,"tcgplayer,cardmarket",https://prices.pokemontcg.io/tcgplayer/swsh7-190,https://images.pokemontcg.io/swsh7/190_hires.png,2026/08/08,2025/11/18,4.73,3.0,5.0,95.92,,,,,,3.8065,1.1535,3.8181,0.0,4.244900226593018,4.3026,3.7027,0.0,0.0,0.0,1.1535,2026-08-09
swsh7-193,Rayquaza V,holofoil,Evolving Skies,193,Rare Ultra,PLANETA Mochizuki,Basic|V|Rapid Strike,384,Pokémon,2021/08/27,"tcgplayer,cardmarket",https://prices.pokemontcg.io/tcgplayer/swsh7-193,https://images.pokemontcg.io/swsh7/193_hires.png,2026/08/08,2025/11/18,89.6,80.0,90.88999938964844,249.99,,,,,,32.0327,17.3025,31.5482,0.0,31.144500732421875,29.2643,28.0185,0.0,0.0,0.0,1.1535,2026-08-09
swsh7-192,Dragonite V,holofoil,Evolving Skies,192,Rare Ultra,Atsushi Furusawa,Basic|V,149,Pokémon,2021/08/27,"tcgplayer,cardmarket",https://prices.pokemontcg.io/tcgplayer/swsh7-192,https://images.pokemontcg.io/swsh7/192_hires.png,2026/08/08,2025/11/18,553.62,385.0,553.6400146484375,2500.0,,,,,,298.1913,57.675,212.6016,0.0,265.30499267578125,268.3964,338.5984,0.0,0.0,0.0,1.1535,2026-08-09
swsh7-195,Noivern V,holofoil,Evolving Skies,195,Rare Ultra,Ayaka Yoshida,Basic|V,715,Pokémon,2021/08/27,"tcgplayer,cardmarket",https://prices.pokemontcg.io/tcgplayer/swsh7-195,https://images.pokemontcg.io/swsh7/195_hires.png,2026/08/08,2025/11/18,4.7,3.259999990463257,4.989999771118164,69.68,,,,,,4.6717,1.9725,2.8838,0.0,5.190700054168701,5.0869,6.1136,0.0,0.0,0.0,1.1535,2026-08-09
swsh7-194,Rayquaza V,holofoil,Evolving Skies,194,Rare Ultra,Ryuta Fuse,Basic|V|Rapid Strike,384,Pokémon,2021/08/27,"tcgplayer,cardmarket",https://prices.pokemontcg.io/tcgplayer/swsh7-194,https://images.pokemontcg.io/swsh7/194_hires.png,2026/08/08,2025/11/18,504.5,449.6600036621094,540.0,1298.5,,,,,,266.3085,80.7335,272.2029,0.0,229.54649353027344,249.4674,252.0974,0.0,0.0,0.0,1.1535,2026-08-09
swsh7-196,Noivern V,holofoil,Evolving Skies,196,Rare Ultra,Mitsuhiro Arita,Basic|V,715,Pokémon,2021/08/27,"tcgplayer,cardmarket",https://prices.pokemontcg.io/tcgplayer/swsh7-196,https://images.pokemontcg.io/swsh7/196_hires.png,2026/08/08,2025/11/18,75.46,69.95999908447266,81.44999694824219,487.18,,,,,,65.1727,28.8375,70.0636,0.0,57.67499923706055,52.1036,63.1887,0.0,0.0,0.0,1.1535,2026-08-09
swsh7-199,Aroma Lady,holofoil,Evolving Skies,199,Rare Ultra,En Morikura,Supporter,,Trainer,2021/08/27,"tcgplayer,cardmarket",https://prices.pokemontcg.io/tcgplayer/swsh7-199,https://images.pokemontcg.io/swsh7/199_hires.png,2026/08/08,2025/11/18,12.01,8.989999771118164,13.569999694824219,199.0,,,,,,16.0452,8.0168,16.2644,0.0,17.867700576782227,16.1259,16.2644,0.0,0.0,0.0,1.1535,2026-08-09
swsh7-197,Duraludon V,holofoil,Evolving Skies,197,Rare Ultra,PLANETA Mochizuki,Basic|V|Single Strike,884,Pokémon,2021/08/27,"tcgplayer,cardmarket",https://prices.pokemontcg.io/tcgplayer/swsh7-197,https://images.pokemontcg.io/swsh7/197_hires.png,2026/08/08,2025/11/18,2.27,1.5499999523162842,2.450000047683716,96.87,,,,,,4.4179,2.307,4.7409,0.0,11.53499984741211,4.5794,4.6947,0.0,0.0,0.0,1.1535,2026-08-09
swsh7-200,Copycat,holofoil,Evolving Skies,200,Rare Ultra,Sanosuke Sakuma,Supporter,,Trainer,2021/08/27,"tcgplayer,cardmarket",https://prices.pokemontcg.io/tcgplayer/swsh7-200,https://images.pokemontcg.io/swsh7/200_hires.png,2026/08/08,2025/11/18,2.4,1.75,2.880000114440918,25.0,,,,,,3.449,1.7302,3.2875,0.0,3.4028000831604004,3.2298,3.4259,0.0,0.0,0.0,1.1535,2026-08-09
swsh7-198,Duraludon V,holofoil,Evolving Skies,198,Rare Ultra,Naoki Saito,Basic|V|Single Strike,884,Pokémon,2021/08/27,"tcgplayer,cardmarket",https://prices.pokemontcg.io/tcgplayer/swsh7-198,https://images.pokemontcg.io/swsh7/198_hires.png,2026/08/08,2025/11/18,19.36,16.989999771118164,21.209999084472656,174.24,,,,,,23.1392,9.228,26.7958,0.0,19.609500885009766,27.3956,23.2315,0.0,0.0,0.0,1.1535,2026-08-09
swsh7-201,Gordie,holofoil,Evolving Skies,201,Rare Ultra,Hitoshi Ariga,Supporter,,Trainer,2021/08/27,"tcgplayer,cardmarket",https://prices.pokemontcg.io/tcgplayer/swsh7-201,https://images.pokemontcg.io/swsh7/201_hires.png,2026/08/08,2025/11/18,2.3,1.399999976158142,2.299999952316284,20.7,,,,,,4.6601,0.5767,4.614,0.0,3.4605000019073486,5.3292,4.4179,0.0,0.0,0.0,1.1535,2026-08-09
swsh7-205,Leafeon VMAX,holofoil,Evolving Skies,205,Rare Rainbow,HYOGONOSUKE,VMAX,470,Pokémon,2021/08/27,"tcgplayer,cardmarket",https://prices.pokemontcg.io/tcgplayer/swsh7-205,https://images.pokemontcg.io/swsh7/205_hires.png,2026/08/08,2025/11/18,418.52,332.17999267578125,399.989990234375,1499.99,,,,,,345.231,132.6525,330.3393,0.0,230.6999969482422,321.665,350.0988,0.0,0.0,0.0,1.1535,2026-08-09
swsh7-202,Raihan,holofoil,Evolving Skies,202,Rare Ultra,kirisAki,Supporter,,Trainer,2021/08/27,"tcgplayer,cardmarket",https://prices.pokemontcg.io/tcgplayer/swsh7-202,https://images.pokemontcg.io/swsh7/202_hires.png,2026/08/08,2025/11/18,7.18,4.889999866485596,7.699999809265137,96.95,,,,,,7.244,5.7444,7.2555,0.0,7.359300136566162,7.3939,6.6326,0.0,0.0,0.0,1.1535,2026-08-09
swsh7-203,Zinnia's Resolve,holofoil,Evolving Skies,203,Rare Ultra,Taira Akitsu,Supporter,,Trainer,2021/08/27,"tcgplayer,cardmarket",https://prices.pokemontcg.io/tcgplayer/swsh7-203,https://images.pokemontcg.io/swsh7/203_hires.png,2026/08/08,2025/11/18,6.0,4.71999979019165,6.179999828338623,1000.0,,,,,,6.4827,1.7302,6.2058,0.0,5.306099891662598,6.7364,6.4827,0.0,0.0,0.0,1.1535,2026-08-09
swsh7-204,Leafeon VMAX,holofoil,Evolving Skies,204,Rare Rainbow,PLANETA Tsuji,VMAX,470,Pokémon,2021/08/27,"tcgplayer,cardmarket",https://prices.pokemontcg.io/tcgplayer/swsh7-204,https://images.pokemontcg.io/swsh7/204_hires.png,2026/08/08,2025/11/18,41.95,32.880001068115234,42.0,289.9,,,,,,36.0815,16.149,34.4435,0.0,29.990999221801758,36.8428,32.5748,0.0,0.0,0.0,1.1535,2026-08-09
swsh7-206,Trevenant VMAX,holofoil,Evolving Skies,206,Rare Rainbow,MUGENUP,VMAX,709,Pokémon,2021/08/27,"tcgplayer,cardmarket",https://prices.pokemontcg.io/tcgplayer/swsh7-206,https://images.pokemontcg.io/swsh7/206_hires.png,2026/08/08,2025/11/18,6.8,4.989999771118164,7.5,75.0,,,,,,7.5324,4.0373,7.3593,0.0,6.748000144958496,7.5439,7.3478,0.0,0.0,0.0,1.1535,2026-08-09
swsh7-208,Glaceon VMAX,holofoil,Evolving Skies,208,Rare Rainbow,PLANETA Tsuji,VMAX,471,Pokémon,2021/08/27,"tcgplayer,cardmarket",https://prices.pokemontcg.io/tcgplayer/swsh7-208,https://images.pokemontcg.io/swsh7/208_hires.png,2026/08/08,2025/11/18,37.79,34.0,40.0,273.08,,,,,,41.7682,11.535,40.1072,0.0,40.31480026245117,32.1711,33.4054,0.0,0.0,0.0,1.1535,2026-08-09
swsh7-207,Gyarados VMAX,holofoil,Evolving Skies,207,Rare Rainbow,Shin Nagasawa,VMAX,130,Pokémon,2021/08/27,"tcgplayer,cardmarket",https://prices.pokemontcg.io/tcgplayer/swsh7-207,https://images.pokemontcg.io/swsh7/207_hires.png,2026/08/08,2025/11/18,51.57,44.900001525878906,54.150001525878906,445.9,,,,,,26.196,17.3025,28.2031,0.0,30.544700622558594,25.3539,25.7807,0.0,0.0,0.0,1.1535,2026-08-09
swsh7-212,Sylveon VMAX,holofoil,Evolving Skies,212,Rare Rainbow,Taira Akitsu,VMAX|Rapid Strike,700,Pokémon,2021/08/27,"tcgplayer,cardmarket",https://prices.pokemontcg.io/tcgplayer/swsh7-212,https://images.pokemontcg.io/swsh7/212_hires.png,2026/08/08,2025/11/18,403.71,343.1499938964844,410.0,4249.73,,,,,,307.327,68.0565,302.7476,0.0,276.2632141113281,303.0129,321.019,0.0,0.0,0.0,1.1535,2026-08-09
swsh7-210,Dracozolt VMAX,holofoil,Evolving Skies,210,Rare Rainbow,5ban Graphics,VMAX,880,Pokémon,2021/08/27,"tcgplayer,cardmarket",https://prices.pokemontcg.io/tcgplayer/swsh7-210,https://images.pokemontcg.io/swsh7/210_hires.png,2026/08/08,2025/11/18,8.54,6.0,8.390000343322754,76.86,,,,,,6.6326,4.614,6.8403,0.0,9.204899787902832,6.8403,6.5403,0.0,0.0,0.0,1.1535,2026-08-09
swsh7-211,Sylveon VMAX,holofoil,Evolving Skies,211,Rare Rainbow,Ryota Murayama,VMAX|Rapid Strike,700,Pokémon,2021/08/27,"tcgplayer,cardmarket",https://prices.pokemontcg.io/tcgplayer/swsh7-211,https://images.pokemontcg.io/swsh7/211_hires.png,2026/08/08,2025/11/18,59.32,49.9900016784668,60.15999984741211,450.0,,,,,,40.2802,10.2546,45.3325,0.0,14.418700218200684,45.7017,36.6352,0.0,0.0,0.0,1.1535,2026-08-09
swsh7-209,Glaceon VMAX,holofoil,Evolving Skies,209,Rare Rainbow,kirisAki,VMAX,471,Pokémon,2021/08/27,"tcgplayer,cardmarket",https://prices.pokemontcg.io/tcgplayer/swsh7-209,https://images.pokemontcg.io/swsh7/209_hires.png,2026/08/08,2025/11/18,304.42,252.82000732421875,342.5400085449219,2275.38,,,,,,305.666,115.35,318.8966,0.0,288.375,332.8655,315.9321,0.0,0.0,0.0,1.1535,2026-08-09
swsh7-213,Lycanroc VMAX,holofoil,Evolving Skies,213,Rare Rainbow,Mitsuhiro Arita,VMAX,745,Pokémon,2021/08/27,"tcgplayer,cardmarket",https://prices.pokemontcg.io/tcgplayer/swsh7-213,https://images.pokemontcg.io/swsh7/213_hires.png,2026/08/08,2025/11/18,9.6,6.409999847412109,9.960000038146973,73.15,,,,,,7.094,5.6522,6.921,0.0,7.174799919128418,7.1517,7.8438,0.0,0.0,0.0,1.1535,2026-08-09
swsh7-214,Umbreon VMAX,holofoil,Evolving Skies,214,Rare Rainbow,AKIRA EGAWA,VMAX|Single Strike,197,Pokémon,2021/08/27,"tcgplayer,cardmarket",https://prices.pokemontcg.io/tcgplayer/swsh7-214,https://images.pokemontcg.io/swsh7/214_hires.png,2026/08/08,2025/11/18,84.7,79.94999694824219,90.0,149.49,,,,,,73.8009,40.3725,76.8577,0.0,60.535701751708984,73.9855,65.1958,0.0,0.0,0.0,1.1535,2026-08-09
swsh7-218,Rayquaza VMAX,holofoil,Evolving Skies,218,Rare Rainbow,Anesaki Dynamic,VMAX|Rapid Strike,384,Pokémon,2021/08/27,"tcgplayer,cardmarket",https://prices.pokemontcg.io/tcgplayer/swsh7-218,https://images.pokemontcg.io/swsh7/218_hires.png,2026/08/08,2025/11/18,1247.92,1245.0,1349.739990234375,3499.99,,,,,,932.6278,138.42,900.5259,0.0,726.7050170898438,1072.4205,898.8187,0.0,0.0,0.0,1.1535,2026-08-09
swsh7-216,Garbodor VMAX,holofoil,Evolving Skies,216,Rare Rainbow,5ban Graphics,VMAX,569,Pokémon,2021/08/27,"tcgplayer,cardmarket",https://prices.pokemontcg.io/tcgplayer/swsh7-216,https://images.pokemontcg.io/swsh7/216_hires.png,2026/08/08,2025/11/18,8.51,7.0,8.979999542236328,20.0,,,,,,6.748,4.6601,6.2174,0.0,5.75600004196167,6.6096,6.9671,0.0,0.0,0.0,1.1535,2026-08-09
swsh7-215,Umbreon VMAX,holofoil,Evolving Skies,215,Rare Rainbow,KEIICHIRO ITO,VMAX|Single Strike,197,Pokémon,2021/08/27,"tcgplayer,cardmarket",https://prices.pokemontcg.io/tcgplayer/swsh7-215,https://images.pokemontcg.io/swsh7/215_hires.png,2026/08/08,2025/11/18,2396.32,1955.0,2455.0,6000.0,,,,,,1857.0658,461.4,1821.9302,0.0,911.2650146484375,1931.5358,1774.4867,0.0,0.0,0.0,1.1535,2026-08-09
swsh7-217,Rayquaza VMAX,holofoil,Evolving Skies,217,Rare Rainbow,PLANETA Mochizuki,VMAX|Rapid Strike,384,Pokémon,2021/08/27,"tcgplayer,cardmarket",https://prices.pokemontcg.io/tcgplayer/swsh7-217,https://images.pokemontcg.io/swsh7/217_hires.png,2026/08/08,2025/11/18,127.48,99.98999786376953,129.99000549316406,329.22,,,,,,48.9891,20.763,50.581,0.0,46.082298278808594,48.6662,45.4018,0.0,0.0,0.0,1.1535,2026-08-09
swsh7-219,Duraludon VMAX,holofoil,Evolving Skies,219,Rare Rainbow,PLANETA Mochizuki,VMAX|Single Strike,884,Pokémon,2021/08/27,"tcgplayer,cardmarket",https://prices.pokemontcg.io/tcgplayer/swsh7-219,https://images.pokemontcg.io/swsh7/219_hires.png,2026/08/08,2025/11/18,6.92,5.650000095367432,7.650000095367432,49.91,,,,,,8.5244,4.6025,10.0931,0.0,8.639699935913086,9.378,9.7009,0.0,0.0,0.0,1.1535,2026-08-09
swsh7-220,Duraludon VMAX,holofoil,Evolving Skies,220,Rare Rainbow,Saki Hayashiro,VMAX|Single Strike,884,Pokémon,2021/08/27,"tcgplayer,cardmarket",https://prices.pokemontcg.io/tcgplayer/swsh7-220,https://images.pokemontcg.io/swsh7/220_hires.png,2026/08/08,2025/11/18,15.78,14.890000343322754,18.829999923706055,55.0,,,,,,26.5766,19.6095,28.0416,0.0,23.63520050048828,26.4267,34.8818,0.0,0.0,0.0,1.1535,2026-08-09
swsh7-221,Aroma Lady,holofoil,Evolving Skies,221,Rare Rainbow,En Morikura,Supporter,,Trainer,2021/08/27,"tcgplayer,cardmarket",https://prices.pokemontcg.io/tcgplayer/swsh7-221,https://images.pokemontcg.io/swsh7/221_hires.png,2026/08/08,2025/11/18,5.9,5.0,7.0,58.61,,,,,,10.2315,4.6025,9.7817,0.0,6.921000003814697,12.181,9.6433,0.0,0.0,0.0,1.1535,2026-08-09
swsh7-222,Copycat,holofoil,Evolving Skies,222,Rare Rainbow,Sanosuke Sakuma,Supporter,,Trainer,2021/08/27,"tcgplayer,cardmarket",https://prices.pokemontcg.io/tcgplayer/swsh7-222,https://images.pokemontcg.io/swsh7/222_hires.png,2026/08/08,2025/11/18,4.77,3.5,4.989999771118164,20.0,,,,,,5.9175,3.7489,5.5945,0.0,9.747099876403809,6.1482,5.606,0.0,0.0,0.0,1.1535,2026-08-09
swsh7-225,Zinnia's Resolve,holofoil,Evolving Skies,225,Rare Rainbow,Taira Akitsu,Supporter,,Trainer,2021/08/27,"tcgplayer,cardmarket",https://prices.pokemontcg.io/tcgplayer/swsh7-225,https://images.pokemontcg.io/swsh7/225_hires.png,2026/08/08,2025/11/18,6.2,3.059999942779541,6.96999979019165,2000.0,,,,,,7.1286,3.4605,6.7134,0.0,4.613999843597412,6.9325,7.8092,0.0,0.0,0.0,1.1535,2026-08-09
swsh7-224,Raihan,holofoil,Evolving Skies,224,Rare Rainbow,kirisAki,Supporter,,Trainer,2021/08/27,"tcgplayer,cardmarket",https://prices.pokemontcg.io/tcgplayer/swsh7-224,https://images.pokemontcg.io/swsh7/224_hires.png,2026/08/08,2025/11/18,5.6,3.559999942779541,6.059999942779541,202187.38,,,,,,6.6096,3.4605,6.4019,0.0,6.9095001220703125,6.575,6.6442,0.0,0.0,0.0,1.1535,2026-08-09
swsh7-223,Gordie,holofoil,Evolving Skies,223,Rare Rainbow,Hitoshi Ariga,Supporter,,Trainer,2021/08/27,"tcgplayer,cardmarket",https://prices.pokemontcg.io/tcgplayer/swsh7-223,https://images.pokemontcg.io/swsh7/223_hires.png,2026/08/08,2025/11/18,3.17,2.359999895095825,3.4100000858306885,40.0,,,,,,4.6717,2.0763,4.9485,0.0,3.4605000019073486,5.2254,4.5563,0.0,0.0,0.0,1.1535,2026-08-09
swsh7-228,Cresselia,holofoil,Evolving Skies,228,Rare Secret,Toyste Beach,Basic,488,Pokémon,2021/08/27,"tcgplayer,cardmarket",https://prices.pokemontcg.io/tcgplayer/swsh7-228,https://images.pokemontcg.io/swsh7/228_hires.png,2026/08/08,2025/11/18,12.69,10.0,13.859999656677246,96.9,,,,,,14.1765,11.3043,15.6991,0.0,18.859699249267578,14.2111,16.0337,0.0,0.0,0.0,1.1535,2026-08-09
swsh7-226,Froslass,holofoil,Evolving Skies,226,Rare Secret,Studio Bora Inc.,Stage 1,478,Pokémon,2021/08/27,"tcgplayer,cardmarket",https://prices.pokemontcg.io/tcgplayer/swsh7-226,https://images.pokemontcg.io/swsh7/226_hires.png,2026/08/08,2025/11/18,11.97,8.029999732971191,13.25,86.57,,,,,,9.8509,6.8864,10.4046,0.0,11.385000228881836,10.2431,10.2431,0.0,0.0,0.0,1.1535,2026-08-09
swsh7-227,Inteleon,holofoil,Evolving Skies,227,Rare Secret,Saki Hayashiro,Stage 2|Rapid Strike,818,Pokémon,2021/08/27,"tcgplayer,cardmarket",https://prices.pokemontcg.io/tcgplayer/swsh7-227,https://images.pokemontcg.io/swsh7/227_hires.png,2026/08/08,2025/11/18,10.8,8.079999923706055,11.850000381469727,80.4,,,,,,12.8038,6.921,16.3682,0.0,14.903200149536133,12.6193,12.7808,0.0,0.0,0.0,1.1535,2026-08-09
swsh7-230,Crystal Cave,holofoil,Evolving Skies,230,Rare Secret,Toyste Beach,Stadium,,Trainer,2021/08/27,"tcgplayer,cardmarket",https://prices.pokemontcg.io/tcgplayer/swsh7-230,https://images.pokemontcg.io/swsh7/230_hires.png,2026/08/08,2025/11/18,4.95,3.450000047683716,4.929999828338623,38.43,,,,,,6.7826,3.4605,7.2555,0.0,7.347799777984619,7.0825,6.6096,0.0,0.0,0.0,1.1535,2026-08-09
swsh7-229,Boost Shake,holofoil,Evolving Skies,229,Rare Secret,sadaji,Item,,Trainer,2021/08/27,"tcgplayer,cardmarket",https://prices.pokemontcg.io/tcgplayer/swsh7-229,https://images.pokemontcg.io/swsh7/229_hires.png,2026/08/08,2025/11/18,2.37,1.899999976158142,2.8399999141693115,95.69,,,,,,4.7409,3.0106,4.6601,0.0,4.613999843597412,4.9139,4.9485,0.0,0.0,0.0,1.1535,2026-08-09
swsh7-235,Lightning Energy,holofoil,Evolving Skies,235,Rare Secret,,Basic,,Energy,2021/08/27,"tcgplayer,cardmarket",https://prices.pokemontcg.io/tcgplayer/swsh7-235,https://images.pokemontcg.io/swsh7/235_hires.png,2026/08/08,2025/11/18,8.5,6.0,9.0600004196167,40.0,,,,,,12.9769,5.7675,13.5998,0.0,16.07979965209961,13.8535,13.5767,0.0,0.0,0.0,1.1535,2026-08-09
swsh7-234,Turffield Stadium,holofoil,Evolving Skies,234,Rare Secret,aky CG Works,Stadium,,Trainer,2021/08/27,"tcgplayer,cardmarket",https://prices.pokemontcg.io/tcgplayer/swsh7-234,https://images.pokemontcg.io/swsh7/234_hires.png,2026/08/08,2025/11/18,3.75,2.8499999046325684,3.869999885559082,42.4,,,,,,8.5936,5.6522,8.3283,0.0,6.86329984664917,7.9476,7.5554,0.0,0.0,0.0,1.1535,2026-08-09
swsh7-233,Toy Catcher,holofoil,Evolving Skies,233,Rare Secret,sadaji,Item,,Trainer,2021/08/27,"tcgplayer,cardmarket",https://prices.pokemontcg.io/tcgplayer/swsh7-233,https://images.pokemontcg.io/swsh7/233_hires.png,2026/08/08,2025/11/18,2.65,2.0,2.9600000381469727,14.99,,,,,,5.2023,2.8838,5.0062,0.0,4.613999843597412,4.8447,4.96,0.0,0.0,0.0,1.1535,2026-08-09
swsh7-231,Full Face Guard,holofoil,Evolving Skies,231,Rare Secret,AYUMI ODASHIMA,Item|Pokémon Tool,,Trainer,2021/08/27,"tcgplayer,cardmarket",https://prices.pokemontcg.io/tcgplayer/swsh7-231,https://images.pokemontcg.io/swsh7/231_hires.png,2026/08/08,2025/11/18,2.55,1.9900000095367432,2.9000000953674316,22.95,,,,,,5.4676,2.2955,5.779,0.0,5.75600004196167,5.8021,5.8136,0.0,0.0,0.0,1.1535,2026-08-09
swsh7-232,Stormy Mountains,holofoil,Evolving Skies,232,Rare Secret,Toyste Beach,Stadium,,Trainer,2021/08/27,"tcgplayer,cardmarket",https://prices.pokemontcg.io/tcgplayer/swsh7-232,https://images.pokemontcg.io/swsh7/232_hires.png,2026/08/08,2025/11/18,4.13,2.740000009536743,4.489999771118164,96.77,,,,,,5.8482,2.2955,6.4827,0.0,10.323800086975098,7.4862,6.4481,0.0,0.0,0.0,1.1535,2026-08-09
swsh7-236,Darkness Energy,holofoil,Evolving Skies,236,Rare Secret,,Basic,,Energy,2021/08/27,"tcgplayer,cardmarket",https://prices.pokemontcg.io/tcgplayer/swsh7-236,https://images.pokemontcg.io/swsh7/236_hires.png,2026/08/08,2025/11/18,25.15,21.600000381469727,28.920000076293945,288.16,,,,,,22.2741,14.2457,22.1357,0.0,23.058500289916992,20.5438,22.1241,0.0,0.0,0.0,1.1535,2026-08-09
swsh7-237,Metal Energy,holofoil,Evolving Skies,237,Rare Secret,,Basic,,Energy,2021/08/27,"tcgplayer,cardmarket",https://prices.pokemontcg.io/tcgplayer/swsh7-237,https://images.pokemontcg.io/swsh7/237_hires.png,2026/08/08,2025/11/18,11.49,9.850000381469727,12.390000343322754,29.98,,,,,,16.3451,9.228,17.2679,0.0,15.918299674987793,16.2874,16.149,0.0,0.0,0.0,1.1535,2026-08-09
swshp-SWSH129,Umbreon,holofoil,SWSH Black Star Promos,SWSH129,Promo,Souichirou Gunjima,Stage 1,197,Pokémon,2019/11/15,"tcgplayer,cardmarket",https://prices.pokemontcg.io/tcgplayer/swshp-SWSH129,https://images.pokemontcg.io/swshp/SWSH129_hires.png,2026/08/08,2025/11/21,19.85,15.970000267028809,23.25,96.95,,,,,,22.1818,1.142,17.8446,0.0,10.473799705505371,10.3354,20.3708,0.0,0.0,0.0,1.1535,2026-08-09
swshp-SWSH120,Marnie,holofoil,SWSH Black Star Promos,SWSH120,Promo,Sanosuke Sakuma,Supporter,,Trainer,2019/11/15,"tcgplayer,cardmarket",https://prices.pokemontcg.io/tcgplayer/swshp-SWSH120,https://images.pokemontcg.io/swshp/SWSH120_hires.png,2026/08/08,2025/11/21,3.84,2.75,4.429999828338623,9999.0,,,,,,0.8536,0.2076,1.1074,0.0,1.038100004196167,1.1074,0.8767,0.0,0.0,0.0,1.1535,2026-08-09
swshp-SWSH127,Eevee,holofoil,SWSH Black Star Promos,SWSH127,Promo,Souichirou Gunjima,Basic,133,Pokémon,2019/11/15,"tcgplayer,cardmarket",https://prices.pokemontcg.io/tcgplayer/swshp-SWSH127,https://images.pokemontcg.io/swshp/SWSH127_hires.png,2026/08/08,2025/11/21,3.63,2.3499999046325684,4.170000076293945,96.94,,,,,,4.5217,2.1916,3.3567,0.0,2.4800000190734863,3.8873,4.8216,0.0,0.0,0.0,1.1535,2026-08-09
swshp-SWSH131,Shadow Rider Calyrex V,holofoil,SWSH Black Star Promos,SWSH131,Promo,5ban Graphics,Basic|V,898,Pokémon,2019/11/15,"tcgplayer,cardmarket",https://prices.pokemontcg.io/tcgplayer/swshp-SWSH131,https://images.pokemontcg.io/swshp/SWSH131_hires.png,2026/08/08,2025/11/21,1.21,0.699999988079071,1.2100000381469727,17.14,,,,,,1.4303,0.1154,1.5688,0.0,1.2689000368118286,1.6264,1.3611,0.0,0.0,0.0,1.1535,2026-08-09
swshp-SWSH123,Galarian Articuno,holofoil,SWSH Black Star Promos,SWSH123,Promo,Shin Nagasawa,Basic,144,Pokémon,2019/11/15,"tcgplayer,cardmarket",https://prices.pokemontcg.io/tcgplayer/swshp-SWSH123,https://images.pokemontcg.io/swshp/SWSH123_hires.png,2026/08/08,2025/11/21,11.43,9.0,11.140000343322754,58.36,,,,,,11.685,6.921,10.3469,0.0,6.9095001220703125,11.708,10.5776,0.0,0.0,0.0,1.1535,2026-08-09
swshp-SWSH121,Marnie,holofoil,SWSH Black Star Promos,SWSH121,Promo,Naoki Saito,Supporter,,Trainer,2019/11/15,"tcgplayer,cardmarket",https://prices.pokemontcg.io/tcgplayer/swshp-SWSH121,https://images.pokemontcg.io/swshp/SWSH121_hires.png,2026/08/08,2025/11/21,30.57,26.0,32.0,275.13,,,,,,14.2457,8.0745,11.9733,0.0,12.68850040435791,11.9618,12.9307,0.0,0.0,0.0,1.1535,2026-08-09
swshp-SWSH122,Flaaffy,holofoil,SWSH Black Star Promos,SWSH122,Promo,Pani Kobayashi,Stage 1,180,Pokémon,2019/11/15,"tcgplayer,cardmarket",https://prices.pokemontcg.io/tcgplayer/swshp-SWSH122,https://images.pokemontcg.io/swshp/SWSH122_hires.png,2026/08/08,2025/11/21,8.51,4.0,8.930000305175781,165.0,,,,,,10.9006,4.5909,10.6122,0.0,17.291000366210938,10.9813,9.5048,0.0,0.0,0.0,1.1535,2026-08-09
swshp-SWSH128,Eiscue,holofoil,SWSH Black Star Promos,SWSH128,Promo,kirisAki,Basic,875,Pokémon,2019/11/15,"tcgplayer,cardmarket",https://prices.pokemontcg.io/tcgplayer/swshp-SWSH128,https://images.pokemontcg.io/swshp/SWSH128_hires.png,2026/08/08,2025/11/21,0.61,0.25,0.7099999785423279,30.0,,,,,,0.3576,0.0231,0.2768,0.0,0.28839999437332153,0.3807,0.3576,0.0,0.0,0.0,1.1535,2026-08-09
swshp-SWSH125,Galarian Moltres,holofoil,SWSH Black Star Promos,SWSH125,Promo,KEIICHIRO ITO,Basic,146,Pokémon,2019/11/15,"tcgplayer,cardmarket",https://prices.pokemontcg.io/tcgplayer/swshp-SWSH125,https://images.pokemontcg.io/swshp/SWSH125_hires.png,2026/08/08,2025/11/21,15.27,10.649999618530273,16.049999237060547,9999.0,,,,,,14.4187,8.6512,12.9077,0.0,13.842000007629395,14.3957,15.8722,0.0,0.0,0.0,1.1535,2026-08-09
swshp-SWSH130,Ice Rider Calyrex V,holofoil,SWSH Black Star Promos,SWSH130,Promo,5ban Graphics,Basic|V,898,Pokémon,2019/11/15,"tcgplayer,cardmarket",https://prices.pokemontcg.io/tcgplayer/swshp-SWSH130,https://images.pokemontcg.io/swshp/SWSH130_hires.png,2026/08/08,2025/11/21,1.13,0.49000000953674316,1.1799999475479126,16.56,,,,,,1.9725,0.5767,1.8225,0.0,1.7187000513076782,1.8687,1.7187,0.0,0.0,0.0,1.1535,2026-08-09
swshp-SWSH124,Galarian Zapdos,holofoil,SWSH Black Star Promos,SWSH124,Promo,Oswaldo KATO,Basic,145,Pokémon,2019/11/15,"tcgplayer,cardmarket",https://prices.pokemontcg.io/tcgplayer/swshp-SWSH124,https://images.pokemontcg.io/swshp/SWSH124_hires.png,2026/08/08,2025/11/21,11.11,7.5,13.770000457763672,99.99,,,,,,14.2227,5.0754,16.1836,0.0,16.702699661254883,14.5687,20.2324,0.0,0.0,0.0,1.1535,2026-08-09
swshp-SWSH110,Crobat V,holofoil,SWSH Black Star Promos,SWSH110,Promo,PLANETA Mochizuki,Basic|V,169,Pokémon,2019/11/15,"tcgplayer,cardmarket",https://prices.pokemontcg.io/tcgplayer/swshp-SWSH110,https://images.pokemontcg.io/swshp/SWSH110_hires.png,2026/08/08,2025/11/21,1.06,0.4399999976158142,1.090000033378601,12.95,,,,,,1.2112,0.4614,1.3035,0.0,1.3495999574661255,1.2804,1.2227,0.0,0.0,0.0,1.1535,2026-08-09
swshp-SWSH126,Galarian Slowpoke,holofoil,SWSH Black Star Promos,SWSH126,Promo,sowsow,Basic,79,Pokémon,2019/11/15,"tcgplayer,cardmarket",https://prices.pokemontcg.io/tcgplayer/swshp-SWSH126,https://images.pokemontcg.io/swshp/SWSH126_hires.png,2026/08/08,2025/11/21,7.61,5.420000076293945,9.0,790.0,,,,,,3.6335,0.5767,3.6912,0.0,0.57669997215271,6.6557,5.2484,0.0,0.0,0.0,1.1535,2026-08-09
cel25-1,Ho-Oh,holofoil,Celebrations,1,Rare,Kouki Saitou,Basic,250,Pokémon,2021/10/08,"tcgplayer,cardmarket",https://prices.pokemontcg.io/tcgplayer/cel25-1,https://images.pokemontcg.io/cel25/1_hires.png,2026/08/08,2026/07/01,0.29,0.03999999910593033,0.3400000035762787,35.0,,,,,,0.2768,0.0231,0.2538,0.0,0.219200000166893,0.346,0.2653,0.0,0.0,0.0,1.1535,2026-08-09
cel25-4,Palkia,holofoil,Celebrations,4,Rare,5ban Graphics,Basic,484,Pokémon,2021/10/08,"tcgplayer,cardmarket",https://prices.pokemontcg.io/tcgplayer/cel25-4,https://images.pokemontcg.io/cel25/4_hires.png,2026/08/08,2026/07/01,0.24,0.029999999329447746,0.2800000011920929,10.0,,,,,,0.2192,0.0231,0.2076,0.0,0.2653000056743622,0.2999,0.2076,0.0,0.0,0.0,1.1535,2026-08-09
cel25-2,Reshiram,holofoil,Celebrations,2,Rare,Aya Kusube,Basic,643,Pokémon,2021/10/08,"tcgplayer,cardmarket",https://prices.pokemontcg.io/tcgplayer/cel25-2,https://images.pokemontcg.io/cel25/2_hires.png,2026/08/08,2026/07/01,0.26,0.03999999910593033,0.3400000035762787,5.95,,,,,,0.2307,0.0231,0.2307,0.0,0.23070000112056732,0.3114,0.2307,0.0,0.0,0.0,1.1535,2026-08-09
cel25-7,Flying Pikachu VMAX,holofoil,Celebrations,7,Rare Holo VMAX,aky CG Works,VMAX,25,Pokémon,2021/10/08,"tcgplayer,cardmarket",https://prices.pokemontcg.io/tcgplayer/cel25-7,https://images.pokemontcg.io/cel25/7_hires.png,2026/08/08,2026/07/01,7.63,5.860000133514404,9.0,1117.41,,,,,,8.2475,2.8838,8.0168,0.0,7.093999862670898,8.1552,8.2475,0.0,0.0,0.0,1.1535,2026-08-09
cel25-3,Kyogre,holofoil,Celebrations,3,Rare,Ryuta Fuse,Basic,382,Pokémon,2021/10/08,"tcgplayer,cardmarket",https://prices.pokemontcg.io/tcgplayer/cel25-3,https://images.pokemontcg.io/cel25/3_hires.png,2026/08/08,2026/07/01,0.34,0.05000000074505806,0.4000000059604645,25.0,,,,,,0.2653,0.0231,0.2653,0.0,0.2653000056743622,0.2999,0.2653,0.0,0.0,0.0,1.1535,2026-08-09
cel25-12,Xerneas,holofoil,Celebrations,12,Rare,AKIRA EGAWA,Basic,716,Pokémon,2021/10/08,"tcgplayer,cardmarket",https://prices.pokemontcg.io/tcgplayer/cel25-12,https://images.pokemontcg.io/cel25/12_hires.png,2026/08/08,2026/07/01,0.25,0.029999999329447746,0.28999999165534973,5.03,,,,,,0.1961,0.0231,0.2076,0.0,0.20759999752044678,0.2768,0.2076,0.0,0.0,0.0,1.1535,2026-08-09
cel25-8,Surfing Pikachu V,holofoil,Celebrations,8,Rare Holo V,aky CG Works,Basic|V,25,Pokémon,2021/10/08,"tcgplayer,cardmarket",https://prices.pokemontcg.io/tcgplayer/cel25-8,https://images.pokemontcg.io/cel25/8_hires.png,2026/08/08,2026/07/01,4.52,3.0,5.420000076293945,125.0,,,,,,5.8367,1.6956,5.2138,0.0,4.002600193023682,4.0719,5.9521,0.0,0.0,0.0,1.1535,2026-08-09
cel25-14,Cosmoem,holofoil,Celebrations,14,Rare,kirisAki,Stage 1,790,Pokémon,2021/10/08,"tcgplayer,cardmarket",https://prices.pokemontcg.io/tcgplayer/cel25-14,https://images.pokemontcg.io/cel25/14_hires.png,2026/08/08,2026/07/01,0.32,0.03999999910593033,0.3100000023841858,15.56,,,,,,0.2076,0.0231,0.2422,0.0,0.17299999296665192,0.2768,0.1961,0.0,0.0,0.0,1.1535,2026-08-09
cel25-9,Surfing Pikachu VMAX,holofoil,Celebrations,9,Rare Holo VMAX,aky CG Works,VMAX,25,Pokémon,2021/10/08,"tcgplayer,cardmarket",https://prices.pokemontcg.io/tcgplayer/cel25-9,https://images.pokemontcg.io/cel25/9_hires.png,2026/08/08,2026/07/01,7.98,6.380000114440918,9.319999694824219,100.0,,,,,,7.6477,3.4605,6.4365,0.0,7.566999912261963,6.9325,7.6592,0.0,0.0,0.0,1.1535,2026-08-09
cel25-15,Lunala,holofoil,Celebrations,15,Rare Holo,kirisAki,Stage 2,792,Pokémon,2021/10/08,"tcgplayer,cardmarket",https://prices.pokemontcg.io/tcgplayer/cel25-15,https://images.pokemontcg.io/cel25/15_hires.png,2026/08/08,2026/07/01,0.34,0.10000000149011612,0.3700000047683716,7.99,,,,,,0.2999,0.0231,0.2884,0.0,0.57669997215271,0.2999,0.3114,0.0,0.0,0.0,1.1535,2026-08-09
cel25-10,Zekrom,holofoil,Celebrations,10,Rare,Aya Kusube,Basic,644,Pokémon,2021/10/08,"tcgplayer,cardmarket",https://prices.pokemontcg.io/tcgplayer/cel25-10,https://images.pokemontcg.io/cel25/10_hires.png,2026/08/08,2026/07/01,0.37,0.03999999910593033,0.4000000059604645,14.99,,,,,,0.2192,0.0231,0.2076,0.0,0.25380000472068787,0.2884,0.2076,0.0,0.0,0.0,1.1535,2026-08-09
cel25-17,Groudon,holofoil,Celebrations,17,Rare,Ryuta Fuse,Basic,383,Pokémon,2021/10/08,"tcgplayer,cardmarket",https://prices.pokemontcg.io/tcgplayer/cel25-17,https://images.pokemontcg.io/cel25/17_hires.png,2026/08/08,2026/07/01,0.31,0.009999999776482582,0.36000001430511475,30.0,,,,,,0.2653,0.0231,0.2884,0.0,0.24220000207424164,0.3114,0.2538,0.0,0.0,0.0,1.1535,2026-08-09
cel25-23,Professor's Research (Professor Oak),holofoil,Celebrations,23,Rare Holo,KIYOTAKA OSHIYAMA,Supporter,,Trainer,2021/10/08,"tcgplayer,cardmarket",https://prices.pokemontcg.io/tcgplayer/cel25-23,https://images.pokemontcg.io/cel25/23_hires.png,2026/08/08,2026/07/01,0.28,0.009999999776482582,0.28999999165534973,16.8,,,,,,0.2653,0.0231,0.2192,0.0,0.2768000066280365,0.2538,0.2653,0.0,0.0,0.0,1.1535,2026-08-09
cel25-21,Solgaleo,holofoil,Celebrations,21,Rare Holo,kirisAki,Stage 2,791,Pokémon,2021/10/08,"tcgplayer,cardmarket",https://prices.pokemontcg.io/tcgplayer/cel25-21,https://images.pokemontcg.io/cel25/21_hires.png,2026/08/08,2026/07/01,0.3,0.07999999821186066,0.3400000035762787,7.5,,,,,,0.2999,0.0231,0.2538,0.0,0.28839999437332153,0.323,0.3114,0.0,0.0,0.0,1.1535,2026-08-09
cel25-13,Cosmog,holofoil,Celebrations,13,Rare,kirisAki,Basic,789,Pokémon,2021/10/08,"tcgplayer,cardmarket",https://prices.pokemontcg.io/tcgplayer/cel25-13,https://images.pokemontcg.io/cel25/13_hires.png,2026/08/08,2026/07/01,0.32,0.03999999910593033,0.33000001311302185,7.5,,,,,,0.2192,0.0231,0.2307,0.0,0.20759999752044678,0.2999,0.2192,0.0,0.0,0.0,1.1535,2026-08-09
cel25-5,Pikachu,holofoil,Celebrations,5,Rare Holo,Mitsuhiro Arita,Basic,25,Pokémon,2021/10/08,"tcgplayer,cardmarket",https://prices.pokemontcg.io/tcgplayer/cel25-5,https://images.pokemontcg.io/cel25/5_hires.png,2026/08/08,2026/07/01,5.37,1.9900000095367432,7.0,1000.0,,,,,,6.575,1.7302,6.2174,0.0,6.044300079345703,6.0674,6.598,0.0,0.0,0.0,1.1535,2026-08-09
cel25-6,Flying Pikachu V,holofoil,Celebrations,6,Rare Holo V,aky CG Works,Basic|V,25,Pokémon,2021/10/08,"tcgplayer,cardmarket",https://prices.pokemontcg.io/tcgplayer/cel25-6,https://images.pokemontcg.io/cel25/6_hires.png,2026/08/08,2026/07/01,3.96,2.880000114440918,4.980000019073486,49.99,,,,,,4.6717,1.1535,4.3718,0.0,4.083399772644043,4.0834,4.6371,0.0,0.0,0.0,1.1535,2026-08-09
cel25-11,Mew,holofoil,Celebrations,11,Rare Holo,Yuu Nishida,Basic,151,Pokémon,2021/10/08,"tcgplayer,cardmarket",https://prices.pokemontcg.io/tcgplayer/cel25-11,https://images.pokemontcg.io/cel25/11_hires.png,2026/08/08,2026/07/01,4.39,2.0,4.400000095367432,1054.19,,,,,,2.953,0.5767,3.0106,0.0,2.953000068664551,2.953,2.976,0.0,0.0,0.0,1.1535,2026-08-09
cel25-20,Dialga,holofoil,Celebrations,20,Rare,5ban Graphics,Basic,483,Pokémon,2021/10/08,"tcgplayer,cardmarket",https://prices.pokemontcg.io/tcgplayer/cel25-20,https://images.pokemontcg.io/cel25/20_hires.png,2026/08/08,2026/07/01,0.26,0.029999999329447746,0.30000001192092896,58.0,,,,,,0.2538,0.0231,0.173,0.0,0.25380000472068787,0.3114,0.2538,0.0,0.0,0.0,1.1535,2026-08-09
cel25-22,Lugia,holofoil,Celebrations,22,Rare,Kouki Saitou,Basic,249,Pokémon,2021/10/08,"tcgplayer,cardmarket",https://prices.pokemontcg.io/tcgplayer/cel25-22,https://images.pokemontcg.io/cel25/22_hires.png,2026/08/08,2026/07/01,0.93,0.10000000149011612,0.8600000143051147,25.0,,,,,,0.4153,0.0231,0.4499,0.0,0.29989999532699585,0.4037,0.3922,0.0,0.0,0.0,1.1535,2026-08-09
cel25-24,Professor's Research (Professor Oak),holofoil,Celebrations,24,Rare Ultra,Ken Sugimori,Supporter,,Trainer,2021/10/08,"tcgplayer,cardmarket",https://prices.pokemontcg.io/tcgplayer/cel25-24,https://images.pokemontcg.io/cel25/24_hires.png,2026/08/08,2026/07/01,1.03,0.5899999737739563,1.399999976158142,100.0,,,,,,1.5572,0.2192,1.8225,0.0,1.9033000469207764,1.5457,1.4995,0.0,0.0,0.0,1.1535,2026-08-09
cel25-16,Zacian V,holofoil,Celebrations,16,Rare Holo V,Mitsuhiro Arita,Basic|V,888,Pokémon,2021/10/08,"tcgplayer,cardmarket",https://prices.pokemontcg.io/tcgplayer/cel25-16,https://images.pokemontcg.io/cel25/16_hires.png,2026/08/08,2026/07/01,0.74,0.4399999976158142,0.949999988079071,49.99,,,,,,0.8882,0.173,0.9574,0.0,0.9919999837875366,1.0612,0.992,0.0,0.0,0.0,1.1535,2026-08-09
cel25-18,Zamazenta V,holofoil,Celebrations,18,Rare Holo V,Mitsuhiro Arita,Basic|V,889,Pokémon,2021/10/08,"tcgplayer,cardmarket",https://prices.pokemontcg.io/tcgplayer/cel25-18,https://images.pokemontcg.io/cel25/18_hires.png,2026/08/08,2026/07/01,0.72,0.38999998569488525,0.8999999761581421,1000.0,,,,,,0.8997,0.0577,0.8651,0.0,1.038100004196167,1.0958,0.9459,0.0,0.0,0.0,1.1535,2026-08-09
cel25-19,Yveltal,holofoil,Celebrations,19,Rare,AKIRA EGAWA,Basic,717,Pokémon,2021/10/08,"tcgplayer,cardmarket",https://prices.pokemontcg.io/tcgplayer/cel25-19,https://images.pokemontcg.io/cel25/19_hires.png,2026/08/08,2026/06/27,0.21,0.009999999776482582,0.25,5.0,,,,,,0.1846,0.0231,0.2192,0.0,0.11540000140666962,0.1846,0.1846,0.0,0.0,0.0,1.1535,2026-08-09
cel25-25,Mew,holofoil,Celebrations,25,Rare Holo,Saki Hayashiro,Basic,151,Pokémon,2021/10/08,"tcgplayer,cardmarket",https://prices.pokemontcg.io/tcgplayer/cel25-25,https://images.pokemontcg.io/cel25/25_hires.png,2026/08/08,2026/06/26,61.71,49.9900016784668,68.87999725341797,5000.0,,,,,,86.8932,34.5935,84.5862,0.0,74.5968017578125,81.7139,86.7432,0.0,0.0,0.0,1.1535,2026-08-09
cel25c-4_A,Charizard,holofoil,Celebrations: Classic Collection,4,Classic Collection,Mitsuhiro Arita,Stage 2,6,Pokémon,2021/10/08,tcgplayer,https://prices.pokemontcg.io/tcgplayer/cel25c-4_A,https://images.pokemontcg.io/cel25c/4_A_hires.png,2026/08/08,,173.74,140.0,182.6999969482422,999.99,,,,,,,,,,,,,,,,,2026-08-09
cel25c-2_A,Blastoise,holofoil,Celebrations: Classic Collection,2,Classic Collection,Ken Sugimori,Stage 2,9,Pokémon,2021/10/08,tcgplayer,https://prices.pokemontcg.io/tcgplayer/cel25c-2_A,https://images.pokemontcg.io/cel25c/2_A_hires.png,2026/08/08,,13.26,12.0,16.5,1000.0,,,,,,,,,,,,,,,,,2026-08-09
cel25c-15_A1,Venusaur,holofoil,Celebrations: Classic Collection,15,Classic Collection,Mitsuhiro Arita,Stage 2,3,Pokémon,2021/10/08,tcgplayer,https://prices.pokemontcg.io/tcgplayer/cel25c-15_A1,https://images.pokemontcg.io/cel25c/15_A_hires.png,2026/08/08,,8.8,7.0,11.149999618530273,1000.0,,,,,,,,,,,,,,,,,2026-08-09
cel25c-15_A2,Here Comes Team Rocket!,holofoil,Celebrations: Classic Collection,15,Classic Collection,Ken Sugimori,,,Trainer,2021/10/08,tcgplayer,https://prices.pokemontcg.io/tcgplayer/cel25c-15_A2,https://images.pokemontcg.io/cel25c/15_B_hires.png,2026/08/08,,0.97,0.1899999976158142,1.0,100.0,,,,,,,,,,,,,,,,,2026-08-09
cel25c-15_A4,Claydol,holofoil,Celebrations: Classic Collection,15,Classic Collection,Midori Harada,Stage 1,344,Pokémon,2021/10/08,tcgplayer,https://prices.pokemontcg.io/tcgplayer/cel25c-15_A4,https://images.pokemontcg.io/cel25c/15_D_hires.png,2026/08/08,,0.42,0.11999999731779099,0.5,17.68,,,,,,,,,,,,,,,,,2026-08-09
cel25c-15_A3,Rocket's Zapdos,holofoil,Celebrations: Classic Collection,15,Classic Collection,Shin-ichi Yoshida,Basic,145,Pokémon,2021/10/08,tcgplayer,https://prices.pokemontcg.io/tcgplayer/cel25c-15_A3,https://images.pokemontcg.io/cel25c/15_C_hires.png,2026/08/08,,2.89,2.240000009536743,4.21999979019165,100.0,,,,,,,,,,,,,,,,,2026-08-09
cel25c-73_A,Imposter Professor Oak,holofoil,Celebrations: Classic Collection,73,Classic Collection,Ken Sugimori,,,Trainer,2021/10/08,tcgplayer,https://prices.pokemontcg.io/tcgplayer/cel25c-73_A,https://images.pokemontcg.io/cel25c/73_A_hires.png,2026/08/08,,0.39,0.11999999731779099,0.46000000834465027,709.09,,,,,,,,,,,,,,,,,2026-08-09
cel25c-8_A,Dark Gyarados,holofoil,Celebrations: Classic Collection,8,Classic Collection,Kagemaru Himeno,Stage 1,130,Pokémon,2021/10/08,tcgplayer,https://prices.pokemontcg.io/tcgplayer/cel25c-8_A,https://images.pokemontcg.io/cel25c/8_A_hires.png,2026/08/08,,4.74,3.109999895095825,6.650000095367432,8888.0,,,,,,,,,,,,,,,,,2026-08-09
cel25c-66_A,Shining Magikarp,holofoil,Celebrations: Classic Collection,66,Classic Collection,Ken Sugimori,Basic,129,Pokémon,2021/10/08,tcgplayer,https://prices.pokemontcg.io/tcgplayer/cel25c-66_A,https://images.pokemontcg.io/cel25c/66_A_hires.png,2026/08/08,,39.13,34.2599983215332,43.900001525878906,5000.0,,,,,,,,,,,,,,,,,2026-08-09
cel25c-24_A,_____'s Pikachu,holofoil,Celebrations: Classic Collection,24,Classic Collection,Kagemaru Himeno,Basic,25,Pokémon,2021/10/08,tcgplayer,https://prices.pokemontcg.io/tcgplayer/cel25c-24_A,https://images.pokemontcg.io/cel25c/24_A_hires.png,2026/08/08,,30.51,26.0,36.70000076293945,1000.0,,,,,,,,,,,,,,,,,2026-08-09
cel25c-20_A,Cleffa,holofoil,Celebrations: Classic Collection,20,Classic Collection,Kagemaru Himeno,Baby,173,Pokémon,2021/10/08,tcgplayer,https://prices.pokemontcg.io/tcgplayer/cel25c-20_A,https://images.pokemontcg.io/cel25c/20_A_hires.png,2026/08/08,,2.38,1.1299999952316284,2.950000047683716,96.94,,,,,,,,,,,,,,,,,2026-08-09
cel25c-86_A,Rocket's Admin.,holofoil,Celebrations: Classic Collection,86,Classic Collection,Ken Sugimori,Supporter,,Trainer,2021/10/08,tcgplayer,https://prices.pokemontcg.io/tcgplayer/cel25c-86_A,https://images.pokemontcg.io/cel25c/86_A_hires.png,2026/08/08,,0.42,0.14000000059604645,0.5400000214576721,79.0,,,,,,,,,,,,,,,,,2026-08-09
cel25c-17_A,Umbreon ★,holofoil,Celebrations: Classic Collection,17,Classic Collection,Masakazu Fukuda,Basic|Star,197,Pokémon,2021/10/08,tcgplayer,https://prices.pokemontcg.io/tcgplayer/cel25c-17_A,https://images.pokemontcg.io/cel25c/17_A_hires.png,2026/08/08,,105.05,90.0,113.12999725341797,299.99,,,,,,,,,,,,,,,,,2026-08-09
cel25c-88_A,Mew ex,holofoil,Celebrations: Classic Collection,88,Classic Collection,Ryo Ueda,Basic|ex,151,Pokémon,2021/10/08,tcgplayer,https://prices.pokemontcg.io/tcgplayer/cel25c-88_A,https://images.pokemontcg.io/cel25c/88_A_hires.png,2026/08/08,,18.47,15.34000015258789,21.56999969482422,2000.0,,,,,,,,,,,,,,,,,2026-08-09
cel25c-93_A,Gardevoir ex δ,holofoil,Celebrations: Classic Collection,93,Classic Collection,Masahiko Ishii,Stage 2|ex,282,Pokémon,2021/10/08,tcgplayer,https://prices.pokemontcg.io/tcgplayer/cel25c-93_A,https://images.pokemontcg.io/cel25c/93_A_hires.png,2026/08/08,,10.35,7.590000152587891,10.550000190734863,100.0,,,,,,,,,,,,,,,,,2026-08-09
cel25c-9_A,Team Magma's Groudon,holofoil,Celebrations: Classic Collection,9,Classic Collection,Kazuo Yazawa,Basic,383,Pokémon,2021/10/08,tcgplayer,https://prices.pokemontcg.io/tcgplayer/cel25c-9_A,https://images.pokemontcg.io/cel25c/9_A_hires.png,2026/08/08,,1.45,0.8999999761581421,1.9900000095367432,49.99,,,,,,,,,,,,,,,,,2026-08-09
cel25c-109_A,Luxray GL LV.X,holofoil,Celebrations: Classic Collection,109,Classic Collection,Mitsuhiro Arita,Level-Up|SP,405,Pokémon,2021/10/08,tcgplayer,https://prices.pokemontcg.io/tcgplayer/cel25c-109_A,https://images.pokemontcg.io/cel25c/109_A_hires.png,2026/08/08,,4.34,2.5,4.5,96.95,,,,,,,,,,,,,,,,,2026-08-09
cel25c-145_A,Garchomp C LV.X,holofoil,Celebrations: Classic Collection,145,Classic Collection,Shizurow,Level-Up|SP,445,Pokémon,2021/10/08,tcgplayer,https://prices.pokemontcg.io/tcgplayer/cel25c-145_A,https://images.pokemontcg.io/cel25c/145_A_hires.png,2026/08/08,,5.97,3.5,6.980000019073486,888.0,,,,,,,,,,,,,,,,,2026-08-09
cel25c-113_A,Reshiram,holofoil,Celebrations: Classic Collection,113,Classic Collection,5ban Graphics,Basic,643,Pokémon,2021/10/08,tcgplayer,https://prices.pokemontcg.io/tcgplayer/cel25c-113_A,https://images.pokemontcg.io/cel25c/113_A_hires.png,2026/08/08,,14.8,12.989999771118164,17.899999618530273,2000.0,,,,,,,,,,,,,,,,,2026-08-09
cel25c-114_A,Zekrom,holofoil,Celebrations: Classic Collection,114,Classic Collection,5ban Graphics,Basic,644,Pokémon,2021/10/08,tcgplayer,https://prices.pokemontcg.io/tcgplayer/cel25c-114_A,https://images.pokemontcg.io/cel25c/114_A_hires.png,2026/08/08,,15.73,12.989999771118164,19.020000457763672,1000.0,,,,,,,,,,,,,,,,,2026-08-09
cel25c-54_A,Mewtwo-EX,holofoil,Celebrations: Classic Collection,54,Classic Collection,Shizurow,Basic|EX,150,Pokémon,2021/10/08,tcgplayer,https://prices.pokemontcg.io/tcgplayer/cel25c-54_A,https://images.pokemontcg.io/cel25c/54_A_hires.png,2026/08/08,,11.41,7.489999771118164,13.470000267028809,96.95,,,,,,,,,,,,,,,,,2026-08-09
cel25c-97_A,Xerneas-EX,holofoil,Celebrations: Classic Collection,97,Classic Collection,5ban Graphics,Basic|EX,716,Pokémon,2021/10/08,tcgplayer,https://prices.pokemontcg.io/tcgplayer/cel25c-97_A,https://images.pokemontcg.io/cel25c/97_A_hires.png,2026/08/08,,4.18,3.0,4.739999771118164,500.0,,,,,,,,,,,,,,,,,2026-08-09
cel25c-60_A,Tapu Lele-GX,holofoil,Celebrations: Classic Collection,60,Classic Collection,5ban Graphics,Basic|GX,786,Pokémon,2021/10/08,tcgplayer,https://prices.pokemontcg.io/tcgplayer/cel25c-60_A,https://images.pokemontcg.io/cel25c/60_A_hires.png,2026/08/08,,5.58,3.0,5.559999942779541,43.44,,,,,,,,,,,,,,,,,2026-08-09
cel25c-107_A,Donphan,holofoil,Celebrations: Classic Collection,107,Classic Collection,Kent Kanetsuna,Stage 1|Prime,232,Pokémon,2021/10/08,tcgplayer,https://prices.pokemontcg.io/tcgplayer/cel25c-107_A,https://images.pokemontcg.io/cel25c/107_A_hires.png,2026/08/08,,1.5,0.7300000190734863,1.590000033378601,3300.0,,,,,,,,,,,,,,,,,2026-08-09
cel25c-76_A,M Rayquaza-EX,holofoil,Celebrations: Classic Collection,76,Classic Collection,5ban Graphics,MEGA|EX,384,Pokémon,2021/10/08,tcgplayer,https://prices.pokemontcg.io/tcgplayer/cel25c-76_A,https://images.pokemontcg.io/cel25c/76_A_hires.png,2026/08/08,,42.1,38.0,45.0,5000.0,,,,,,,,,,,,,,,,,2026-08-09
mcd14-2,Chespin,,McDonald's Collection 2014,2,,5ban Graphics,Basic,650,Pokémon,2014/05/23,,,https://images.pokemontcg.io/mcd14/2_hires.png,,,,,,,,,,,,,,,,,,,,,,,2026-08-09
mcd14-5,Pikachu,,McDonald's Collection 2014,5,,MAHOU,Basic,25,Pokémon,2014/05/23,,,https://images.pokemontcg.io/mcd14/5_hires.png,,,,,,,,,,,,,,,,,,,,,,,2026-08-09
mcd14-6,Inkay,,McDonald's Collection 2014,6,,5ban Graphics,Basic,686,Pokémon,2014/05/23,,,https://images.pokemontcg.io/mcd14/6_hires.png,,,,,,,,,,,,,,,,,,,,,,,2026-08-09
mcd14-12,Furfrou,,McDonald's Collection 2014,12,,5ban Graphics,Basic,676,Pokémon,2014/05/23,,,https://images.pokemontcg.io/mcd14/12_hires.png,,,,,,,,,,,,,,,,,,,,,,,2026-08-09
mcd14-1,Weedle,,McDonald's Collection 2014,1,,Akira Komayama,Basic,13,Pokémon,2014/05/23,,,https://images.pokemontcg.io/mcd14/1_hires.png,,,,,,,,,,,,,,,,,,,,,,,2026-08-09
mcd14-4,Froakie,,McDonald's Collection 2014,4,,5ban Graphics,Basic,656,Pokémon,2014/05/23,,,https://images.pokemontcg.io/mcd14/4_hires.png,,,,,,,,,,,,,,,,,,,,,,,2026-08-09
mcd14-7,Honedge,,McDonald's Collection 2014,7,,5ban Graphics,Basic,679,Pokémon,2014/05/23,,,https://images.pokemontcg.io/mcd14/7_hires.png,,,,,,,,,,,,,,,,,,,,,,,2026-08-09
mcd14-8,Snubbull,,McDonald's Collection 2014,8,,Naoki Saito,Basic,209,Pokémon,2014/05/23,,,https://images.pokemontcg.io/mcd14/8_hires.png,,,,,,,,,,,,,,,,,,,,,,,2026-08-09
mcd14-10,Bunnelby,,McDonald's Collection 2014,10,,5ban Graphics,Basic,659,Pokémon,2014/05/23,,,https://images.pokemontcg.io/mcd14/10_hires.png,,,,,,,,,,,,,,,,,,,,,,,2026-08-09
mcd14-11,Fletchling,,McDonald's Collection 2014,11,,5ban Graphics,Basic,661,Pokémon,2014/05/23,,,https://images.pokemontcg.io/mcd14/11_hires.png,,,,,,,,,,,,,,,,,,,,,,,2026-08-09
mcd14-9,Swirlix,,McDonald's Collection 2014,9,,5ban Graphics,Basic,684,Pokémon,2014/05/23,,,https://images.pokemontcg.io/mcd14/9_hires.png,,,,,,,,,,,,,,,,,,,,,,,2026-08-09
mcd14-3,Fennekin,,McDonald's Collection 2014,3,,5ban Graphics,Basic,653,Pokémon,2014/05/23,,,https://images.pokemontcg.io/mcd14/3_hires.png,,,,,,,,,,,,,,,,,,,,,,,2026-08-09
mcd15-1,Treecko,,McDonald's Collection 2015,1,,Akira Komayama,Basic,252,Pokémon,2015/11/27,,,https://images.pokemontcg.io/mcd15/1_hires.png,,,,,,,,,,,,,,,,,,,,,,,2026-08-09
mcd15-2,Lotad,,McDonald's Collection 2015,2,,Kanako Eo,Basic,270,Pokémon,2015/11/27,,,https://images.pokemontcg.io/mcd15/2_hires.png,,,,,,,,,,,,,,,,,,,,,,,2026-08-09
mcd15-6,Pikachu,,McDonald's Collection 2015,6,,Naoki Saito,Basic,25,Pokémon,2015/11/27,,,https://images.pokemontcg.io/mcd15/6_hires.png,,,,,,,,,,,,,,,,,,,,,,,2026-08-09
mcd15-11,Zigzagoon,,McDonald's Collection 2015,11,,Sumiyoshi Kizuki,Basic,263,Pokémon,2015/11/27,,,https://images.pokemontcg.io/mcd15/11_hires.png,,,,,,,,,,,,,,,,,,,,,,,2026-08-09
mcd15-3,Torchic,,McDonald's Collection 2015,3,,sui,Basic,255,Pokémon,2015/11/27,,,https://images.pokemontcg.io/mcd15/3_hires.png,,,,,,,,,,,,,,,,,,,,,,,2026-08-09
mcd15-9,Meditite,,McDonald's Collection 2015,9,,sui,Basic,307,Pokémon,2015/11/27,,,https://images.pokemontcg.io/mcd15/9_hires.png,,,,,,,,,,,,,,,,,,,,,,,2026-08-09
mcd15-10,Marill,,McDonald's Collection 2015,10,,Shigenori Negishi,Basic,183,Pokémon,2015/11/27,,,https://images.pokemontcg.io/mcd15/10_hires.png,,,,,,,,,,,,,,,,,,,,,,,2026-08-09
mcd15-5,Mudkip,,McDonald's Collection 2015,5,,Aya Kusube,Basic,258,Pokémon,2015/11/27,,,https://images.pokemontcg.io/mcd15/5_hires.png,,,,,,,,,,,,,,,,,,,,,,,2026-08-09
mcd15-8,Rhyhorn,,McDonald's Collection 2015,8,Common,Midori Harada,Basic,111,Pokémon,2015/11/27,,,https://images.pokemontcg.io/mcd15/8_hires.png,,,,,,,,,,,,,,,,,,,,,,,2026-08-09
mcd15-4,Staryu,,McDonald's Collection 2015,4,,Tomokazu Komiya,Basic,120,Pokémon,2015/11/27,,,https://images.pokemontcg.io/mcd15/4_hires.png,,,,,,,,,,,,,,,,,,,,,,,2026-08-09
mcd15-7,Electrike,,McDonald's Collection 2015,7,,Sumiyoshi Kizuki,Basic,309,Pokémon,2015/11/27,,,https://images.pokemontcg.io/mcd15/7_hires.png,,,,,,,,,,,,,,,,,,,,,,,2026-08-09
mcd15-12,Skitty,,McDonald's Collection 2015,12,,Yuka Morii,Basic,300,Pokémon,2015/11/27,,,https://images.pokemontcg.io/mcd15/12_hires.png,,,,,,,,,,,,,,,,,,,,,,,2026-08-09
mcd17-7,Crabrawler,,McDonald's Collection 2017,7,,Shin Nagasawa,Basic,739,Pokémon,2017/11/07,,,https://images.pokemontcg.io/mcd17/7_hires.png,,,,,,,,,,,,,,,,,,,,,,,2026-08-09
mcd17-2,Grubbin,,McDonald's Collection 2017,2,,Akira Komayama,Basic,736,Pokémon,2017/11/07,,,https://images.pokemontcg.io/mcd17/2_hires.png,,,,,,,,,,,,,,,,,,,,,,,2026-08-09
mcd17-4,Popplio,,McDonald's Collection 2017,4,,Kouki Saitou,Basic,728,Pokémon,2017/11/07,,,https://images.pokemontcg.io/mcd17/4_hires.png,,,,,,,,,,,,,,,,,,,,,,,2026-08-09
mcd17-8,Alolan Meowth,,McDonald's Collection 2017,8,,Kagemaru Himeno,Basic,52,Pokémon,2017/11/07,,,https://images.pokemontcg.io/mcd17/8_hires.png,,,,,,,,,,,,,,,,,,,,,,,2026-08-09
mcd17-1,Rowlet,,McDonald's Collection 2017,1,,Megumi Mizutani,Basic,722,Pokémon,2017/11/07,,,https://images.pokemontcg.io/mcd17/1_hires.png,,,,,,,,,,,,,,,,,,,,,,,2026-08-09
mcd17-3,Litten,,McDonald's Collection 2017,3,,Akira Komayama,Basic,725,Pokémon,2017/11/07,,,https://images.pokemontcg.io/mcd17/3_hires.png,,,,,,,,,,,,,,,,,,,,,,,2026-08-09
mcd17-5,Pikachu,,McDonald's Collection 2017,5,,kirisAki,Basic,25,Pokémon,2017/11/07,,,https://images.pokemontcg.io/mcd17/5_hires.png,,,,,,,,,,,,,,,,,,,,,,,2026-08-09
mcd17-6,Cosmog,,McDonald's Collection 2017,6,,Megumi Mizutani,Basic,789,Pokémon,2017/11/07,,,https://images.pokemontcg.io/mcd17/6_hires.png,,,,,,,,,,,,,,,,,,,,,,,2026-08-09
mcd17-10,Cutiefly,,McDonald's Collection 2017,10,,Hitoshi Ariga,Basic,742,Pokémon,2017/11/07,,,https://images.pokemontcg.io/mcd17/10_hires.png,,,,,,,,,,,,,,,,,,,,,,,2026-08-09
mcd17-9,Alolan Diglett,,McDonald's Collection 2017,9,,Megumi Mizutani,Basic,50,Pokémon,2017/11/07,,,https://images.pokemontcg.io/mcd17/9_hires.png,,,,,,,,,,,,,,,,,,,,,,,2026-08-09
mcd17-11,Pikipek,,McDonald's Collection 2017,11,,Shin Nagasawa,Basic,731,Pokémon,2017/11/07,,,https://images.pokemontcg.io/mcd17/11_hires.png,,,,,,,,,,,,,,,,,,,,,,,2026-08-09
mcd17-12,Yungoos,,McDonald's Collection 2017,12,,match,Basic,734,Pokémon,2017/11/07,,,https://images.pokemontcg.io/mcd17/12_hires.png,,,,,,,,,,,,,,,,,,,,,,,2026-08-09
mcd18-3,Horsea,,McDonald's Collection 2018,3,,Saya Tsuruta,Basic,116,Pokémon,2018/10/16,,,https://images.pokemontcg.io/mcd18/3_hires.png,,,,,,,,,,,,,,,,,,,,,,,2026-08-09
mcd18-2,Psyduck,,McDonald's Collection 2018,2,,Shibuzoh.,Basic,54,Pokémon,2018/10/16,,,https://images.pokemontcg.io/mcd18/2_hires.png,,,,,,,,,,,,,,,,,,,,,,,2026-08-09
mcd18-1,Growlithe,,McDonald's Collection 2018,1,,MAHOU,Basic,58,Pokémon,2018/10/16,,,https://images.pokemontcg.io/mcd18/1_hires.png,,,,,,,,,,,,,,,,,,,,,,,2026-08-09
mcd18-4,Pikachu,,McDonald's Collection 2018,4,,Shibuzoh.,Basic,25,Pokémon,2018/10/16,,,https://images.pokemontcg.io/mcd18/4_hires.png,,,,,,,,,,,,,,,,,,,,,,,2026-08-09
mcd18-5,Slowpoke,,McDonald's Collection 2018,5,,Mina Nakai,Basic,79,Pokémon,2018/10/16,,,https://images.pokemontcg.io/mcd18/5_hires.png,,,,,,,,,,,,,,,,,,,,,,,2026-08-09
mcd18-6,Machop,,McDonald's Collection 2018,6,,Masakazu Fukuda,Basic,66,Pokémon,2018/10/16,,,https://images.pokemontcg.io/mcd18/6_hires.png,,,,,,,,,,,,,,,,,,,,,,,2026-08-09
mcd18-7,Cubone,,McDonald's Collection 2018,7,,sui,Basic,104,Pokémon,2018/10/16,,,https://images.pokemontcg.io/mcd18/7_hires.png,,,,,,,,,,,,,,,,,,,,,,,2026-08-09
mcd18-10,Chansey,,McDonald's Collection 2018,10,,Megumi Mizutani,Basic,113,Pokémon,2018/10/16,,,https://images.pokemontcg.io/mcd18/10_hires.png,,,,,,,,,,,,,,,,,,,,,,,2026-08-09
mcd18-8,Magnemite,,McDonald's Collection 2018,8,,MAHOU,Basic,81,Pokémon,2018/10/16,,,https://images.pokemontcg.io/mcd18/8_hires.png,,,,,,,,,,,,,,,,,,,,,,,2026-08-09
mcd18-9,Dratini,,McDonald's Collection 2018,9,,Naoyo Kimura,Basic,147,Pokémon,2018/10/16,,,https://images.pokemontcg.io/mcd18/9_hires.png,,,,,,,,,,,,,,,,,,,,,,,2026-08-09
mcd18-11,Eevee,,McDonald's Collection 2018,11,,Shibuzoh.,Basic,133,Pokémon,2018/10/16,,,https://images.pokemontcg.io/mcd18/11_hires.png,,,,,,,,,,,,,,,,,,,,,,,2026-08-09
mcd18-12,Porygon,,McDonald's Collection 2018,12,,Shin Nagasawa,Basic,137,Pokémon,2018/10/16,,,https://images.pokemontcg.io/mcd18/12_hires.png,,,,,,,,,,,,,,,,,,,,,,,2026-08-09
mcd21-4,Turtwig,normal,McDonald's Collection 2021,4,,OOYAMA,Basic,387,Pokémon,2021/02/09,"tcgplayer,cardmarket",https://prices.pokemontcg.io/tcgplayer/mcd21-4,https://images.pokemontcg.io/mcd21/4_hires.png,2026/08/08,2026/07/01,0.57,0.25,0.5699999928474426,19.979999542236328,1.61,,,,,2.3877,0.2192,2.5608,0.0,1.707200050354004,2.3531,2.2839,3.449,3.2183,4.3141,1.1535,2026-08-09
mcd21-3,Treecko,normal,McDonald's Collection 2021,3,,Akira Komayama,Basic,252,Pokémon,2021/02/09,"tcgplayer,cardmarket",https://prices.pokemontcg.io/tcgplayer/mcd21-3,https://images.pokemontcg.io/mcd21/3_hires.png,2026/08/08,2026/07/01,0.47,0.15000000596046448,0.49000000953674316,19.979999542236328,3.07,,,,,0.2538,0.0231,0.2653,0.0,0.484499990940094,0.323,0.2653,5.0177,6.4135,5.8598,1.1535,2026-08-09
mcd21-13,Tepig,normal,McDonald's Collection 2021,13,,Ken Sugimori,Basic,498,Pokémon,2021/02/09,"tcgplayer,cardmarket",https://prices.pokemontcg.io/tcgplayer/mcd21-13,https://images.pokemontcg.io/mcd21/13_hires.png,2026/08/08,2026/07/01,0.36,0.1899999976158142,0.4000000059604645,17.559999465942383,1.35,,,,,1.4765,0.1154,1.4534,0.0,2.306999921798706,2.0417,1.6495,2.3647,3.3336,3.3567,1.1535,2026-08-09
mcd21-18,Totodile,normal,McDonald's Collection 2021,18,,Kagemaru Himeno,Basic,158,Pokémon,2021/02/09,"tcgplayer,cardmarket",https://prices.pokemontcg.io/tcgplayer/mcd21-18,https://images.pokemontcg.io/mcd21/18_hires.png,2026/08/08,2026/07/01,0.69,0.3700000047683716,0.7400000095367432,19.979999542236328,5.45,,,,,2.5031,0.346,1.9379,0.0,2.3301000595092773,2.0994,2.4685,3.5758,3.6451,4.7986,1.1535,2026-08-09
mcd21-21,Oshawott,normal,McDonald's Collection 2021,21,,Ken Sugimori,Basic,501,Pokémon,2021/02/09,"tcgplayer,cardmarket",https://prices.pokemontcg.io/tcgplayer/mcd21-21,https://images.pokemontcg.io/mcd21/21_hires.png,2026/08/08,2026/07/01,0.62,0.30000001192092896,0.6200000047683716,18.600000381469727,2.21,,,,,0.2653,0.0231,0.2884,0.0,0.3921999931335449,0.3345,0.2768,2.5377,2.6761,3.3567,1.1535,2026-08-09
mcd21-2,Chikorita,normal,McDonald's Collection 2021,2,,sowsow,Basic,152,Pokémon,2021/02/09,"tcgplayer,cardmarket",https://prices.pokemontcg.io/tcgplayer/mcd21-2,https://images.pokemontcg.io/mcd21/2_hires.png,2026/08/08,2026/07/01,0.49,0.23999999463558197,0.550000011920929,19.979999542236328,1.97,,,,,1.7764,0.1154,2.6184,0.0,1.8687000274658203,2.2263,1.7764,4.0373,4.1411,5.2484,1.1535,2026-08-09
mcd21-6,Chespin,normal,McDonald's Collection 2021,6,,5ban Graphics,Basic,650,Pokémon,2021/02/09,"tcgplayer,cardmarket",https://prices.pokemontcg.io/tcgplayer/mcd21-6,https://images.pokemontcg.io/mcd21/6_hires.png,2026/08/08,2026/07/01,0.4,0.20000000298023224,0.4399999976158142,19.979999542236328,0.95,,,,,1.4303,0.0231,1.5226,0.0,1.5917999744415283,1.661,1.5111,2.8838,2.157,3.0106,1.1535,2026-08-09
mcd21-11,Torchic,normal,McDonald's Collection 2021,11,,sui,Basic,255,Pokémon,2021/02/09,"tcgplayer,cardmarket",https://prices.pokemontcg.io/tcgplayer/mcd21-11,https://images.pokemontcg.io/mcd21/11_hires.png,2026/08/08,2026/07/01,0.56,0.28999999165534973,0.5600000023841858,18.84000015258789,1.61,,,,,1.984,0.2192,1.7764,0.0,2.0762999057769775,1.8687,2.0648,6.7249,4.9485,5.5599,1.1535,2026-08-09
mcd21-16,Scorbunny,normal,McDonald's Collection 2021,16,,Hitoshi Ariga,Basic,813,Pokémon,2021/02/09,"tcgplayer,cardmarket",https://prices.pokemontcg.io/tcgplayer/mcd21-16,https://images.pokemontcg.io/mcd21/16_hires.png,2026/08/08,2026/07/01,0.44,0.10000000149011612,0.47999998927116394,19.979999542236328,1.77,,,,,1.7418,0.1154,1.6264,0.0,2.249300003051758,1.984,2.1686,3.4836,2.953,3.4836,1.1535,2026-08-09
mcd21-20,Piplup,normal,McDonald's Collection 2021,20,,Shibuzoh.,Basic,393,Pokémon,2021/02/09,"tcgplayer,cardmarket",https://prices.pokemontcg.io/tcgplayer/mcd21-20,https://images.pokemontcg.io/mcd21/20_hires.png,2026/08/08,2026/07/01,1.01,0.5600000023841858,1.0299999713897705,19.979999542236328,8.22,,,,,2.5146,0.0231,3.2759,0.0,2.353100061416626,3.1375,2.6992,4.614,3.472,3.5412,1.1535,2026-08-09
mcd21-23,Popplio,normal,McDonald's Collection 2021,23,,Kouki Saitou,Basic,728,Pokémon,2021/02/09,"tcgplayer,cardmarket",https://prices.pokemontcg.io/tcgplayer/mcd21-23,https://images.pokemontcg.io/mcd21/23_hires.png,2026/08/08,2026/07/01,0.43,0.20000000298023224,0.4699999988079071,19.420000076293945,2.92,,,,,3.2067,0.4614,3.2298,0.0,3.4605000019073486,3.2413,3.299,4.614,4.5794,3.945,1.1535,2026-08-09
mcd21-1,Bulbasaur,normal,McDonald's Collection 2021,1,,Mizue,Basic,1,Pokémon,2021/02/09,"tcgplayer,cardmarket",https://prices.pokemontcg.io/tcgplayer/mcd21-1,https://images.pokemontcg.io/mcd21/1_hires.png,2026/08/08,2026/07/01,1.18,0.5,1.25,19.860000610351562,5.88,,,,,4.3487,0.5652,4.0257,0.0,6.88640022277832,3.5989,4.2449,6.921,7.8438,9.2165,1.1535,2026-08-09
mcd21-8,Grookey,normal,McDonald's Collection 2021,8,,kirisAki,Basic,810,Pokémon,2021/02/09,"tcgplayer,cardmarket",https://prices.pokemontcg.io/tcgplayer/mcd21-8,https://images.pokemontcg.io/mcd21/8_hires.png,2026/08/08,2026/07/01,0.32,0.15000000596046448,0.38999998569488525,18.68000030517578,1.23,,,,,1.3035,0.0231,1.638,0.0,1.4419000148773193,1.5918,1.4188,3.2298,3.8296,4.5679,1.1535,2026-08-09
mcd21-9,Charmander,normal,McDonald's Collection 2021,9,,Kagemaru Himeno,Basic,4,Pokémon,2021/02/09,"tcgplayer,cardmarket",https://prices.pokemontcg.io/tcgplayer/mcd21-9,https://images.pokemontcg.io/mcd21/9_hires.png,2026/08/08,2026/07/01,0.72,0.28999999165534973,0.8500000238418579,24.989999771118164,5.08,,,,,4.3141,0.5767,4.937,0.0,8.07450008392334,5.26,4.3487,16.0337,12.9307,14.8571,1.1535,2026-08-09
mcd21-12,Chimchar,normal,McDonald's Collection 2021,12,,Kouki Saitou,Basic,390,Pokémon,2021/02/09,"tcgplayer,cardmarket",https://prices.pokemontcg.io/tcgplayer/mcd21-12,https://images.pokemontcg.io/mcd21/12_hires.png,2026/08/08,2026/07/01,0.4,0.1899999976158142,0.46000000834465027,19.979999542236328,1.29,,,,,0.2768,0.0231,0.2538,0.0,0.40369999408721924,0.346,0.2999,3.3451,3.6566,3.3798,1.1535,2026-08-09
mcd21-14,Fennekin,normal,McDonald's Collection 2021,14,,5ban Graphics,Basic,653,Pokémon,2021/02/09,"tcgplayer,cardmarket",https://prices.pokemontcg.io/tcgplayer/mcd21-14,https://images.pokemontcg.io/mcd21/14_hires.png,2026/08/08,2026/07/01,0.41,0.20000000298023224,0.4300000071525574,25.0,1.41,,,,,0.2192,0.0231,0.1846,0.0,0.18459999561309814,0.2653,0.2192,3.9219,3.9796,3.5412,1.1535,2026-08-09
mcd21-15,Litten,normal,McDonald's Collection 2021,15,,Akira Komayama,Basic,725,Pokémon,2021/02/09,"tcgplayer,cardmarket",https://prices.pokemontcg.io/tcgplayer/mcd21-15,https://images.pokemontcg.io/mcd21/15_hires.png,2026/08/08,2026/07/01,0.4,0.20999999344348907,0.4399999976158142,19.979999542236328,1.03,,,,,1.7533,0.0231,1.6149,0.0,1.2689000368118286,2.3877,1.8225,3.1145,3.5066,3.7835,1.1535,2026-08-09
mcd21-17,Squirtle,normal,McDonald's Collection 2021,17,,tetsuya koizumi,Basic,7,Pokémon,2021/02/09,"tcgplayer,cardmarket",https://prices.pokemontcg.io/tcgplayer/mcd21-17,https://images.pokemontcg.io/mcd21/17_hires.png,2026/08/08,2026/07/01,1.45,0.75,1.7000000476837158,20.0,11.96,,,,,5.11,0.5652,3.9219,0.0,5.32919979095459,4.764,4.9024,9.228,7.4401,10.6122,1.1535,2026-08-09
mcd21-5,Snivy,normal,McDonald's Collection 2021,5,,Ken Sugimori,Basic,495,Pokémon,2021/02/09,"tcgplayer,cardmarket",https://prices.pokemontcg.io/tcgplayer/mcd21-5,https://images.pokemontcg.io/mcd21/5_hires.png,2026/08/08,2026/07/01,0.43,0.10000000149011612,0.4399999976158142,19.979999542236328,1.12,,,,,0.2307,0.0231,0.2538,0.0,0.36910000443458557,0.2768,0.2422,2.5377,3.4836,3.4259,1.1535,2026-08-09
mcd21-7,Rowlet,normal,McDonald's Collection 2021,7,,Megumi Mizutani,Basic,722,Pokémon,2021/02/09,"tcgplayer,cardmarket",https://prices.pokemontcg.io/tcgplayer/mcd21-7,https://images.pokemontcg.io/mcd21/7_hires.png,2026/08/08,2026/07/01,0.47,0.20000000298023224,0.5,19.979999542236328,1.38,,,,,1.3381,0.0231,1.8456,0.0,1.891700029373169,1.6495,1.4419,2.307,2.5262,3.1606,1.1535,2026-08-09
mcd21-10,Cyndaquil,normal,McDonald's Collection 2021,10,,kirisAki,Basic,155,Pokémon,2021/02/09,"tcgplayer,cardmarket",https://prices.pokemontcg.io/tcgplayer/mcd21-10,https://images.pokemontcg.io/mcd21/10_hires.png,2026/08/08,2026/07/01,0.6,0.10000000149011612,0.5699999928474426,20.0,1.98,,,,,0.2307,0.0231,0.2653,0.0,0.3806999921798706,0.3114,0.2653,5.3868,5.0754,4.5448,1.1535,2026-08-09
mcd21-19,Mudkip,normal,McDonald's Collection 2021,19,,Aya Kusube,Basic,258,Pokémon,2021/02/09,"tcgplayer,cardmarket",https://prices.pokemontcg.io/tcgplayer/mcd21-19,https://images.pokemontcg.io/mcd21/19_hires.png,2026/08/08,2026/07/01,0.78,0.3700000047683716,0.8799999952316284,30.0,7.21,,,,,0.4153,0.0231,0.346,0.0,0.6344000101089478,0.5191,0.4037,3.7489,4.0142,3.945,1.1535,2026-08-09
mcd21-22,Froakie,normal,McDonald's Collection 2021,22,,5ban Graphics,Basic,656,Pokémon,2021/02/09,"tcgplayer,cardmarket",https://prices.pokemontcg.io/tcgplayer/mcd21-22,https://images.pokemontcg.io/mcd21/22_hires.png,2026/08/08,2026/07/01,0.45,0.15000000596046448,0.46000000834465027,15.0,1.72,,,,,1.5111,0.173,1.9148,0.0,2.306999921798706,2.0532,1.6726,2.307,3.0914,4.0488,1.1535,2026-08-09
mcd21-24,Sobble,normal,McDonald's Collection 2021,24,,Mizue,Basic,816,Pokémon,2021/02/09,"tcgplayer,cardmarket",https://prices.pokemontcg.io/tcgplayer/mcd21-24,https://images.pokemontcg.io/mcd21/24_hires.png,2026/08/08,2026/07/01,0.51,0.15000000596046448,0.5199999809265137,19.979999542236328,3.54,,,,,3.3451,0.346,3.5297,0.0,4.498600006103516,3.3682,3.3798,6.3442,5.7098,5.5945,1.1535,2026-08-09
mcd21-25,Pikachu,normal,McDonald's Collection 2021,25,,Sanosuke Sakuma,Basic,25,Pokémon,2021/02/09,"tcgplayer,cardmarket",https://prices.pokemontcg.io/tcgplayer/mcd21-25,https://images.pokemontcg.io/mcd21/25_hires.png,2026/08/08,2026/06/27,4.22,2.0,4.650000095367432,59.9900016784668,23.79,,,,,17.3948,1.7302,30.141,0.0,21.7549991607666,20.1632,18.4214,40.3725,37.7425,39.1267,1.1535,2026-08-09
bp-1,Electabuzz,reverseHolofoil,Best of Game,1,Promo,Ken Sugimori,Basic,125,Pokémon,2002/12/01,"tcgplayer,cardmarket",https://prices.pokemontcg.io/tcgplayer/bp-1,https://images.pokemontcg.io/bp/1_hires.png,2026/08/08,2026/07/01,33.88,25.020000457763672,41.79999923706055,396.8999938964844,,,,,,50.754,39.1613,56.4984,0.0,46.13999938964844,59.6475,39.865,23.07,22.1011,12.8154,1.1535,2026-08-09
bp-2,Hitmonchan,reverseHolofoil,Best of Game,2,Promo,Ken Sugimori,Basic,107,Pokémon,2002/12/01,"tcgplayer,cardmarket",https://prices.pokemontcg.io/tcgplayer/bp-2,https://images.pokemontcg.io/bp/2_hires.png,2026/08/08,2026/07/01,39.52,29.979999542236328,39.9900016784668,341.8999938964844,,,,,,40.3725,346.05,27.3264,0.0,40.372501373291016,46.14,46.14,0.0,0.0,0.0,1.1535,2026-08-09
bp-4,Rocket's Scizor,normal,Best of Game,4,Promo,K Hoshiba,Basic,212,Pokémon,2002/12/01,"tcgplayer,cardmarket",https://prices.pokemontcg.io/tcgplayer/bp-4,https://images.pokemontcg.io/bp/4_hires.png,2026/08/08,2026/07/01,36.97,36.970001220703125,49.95000076293945,737.719970703125,,,,,,65.3688,61.1355,62.9465,0.0,103.81500244140625,59.6475,35.2971,4.0257,4.0257,4.0257,1.1535,2026-08-09
bp-3,Professor Elm,reverseHolofoil,Best of Game,3,Promo,Ken Sugimori,,,Trainer,2002/12/01,"tcgplayer,cardmarket",https://prices.pokemontcg.io/tcgplayer/bp-3,https://images.pokemontcg.io/bp/3_hires.png,2026/08/08,2026/07/01,29.97,24.0,33.5,259.8999938964844,,,,,,30.2678,28.8375,30.0717,0.0,34.60499954223633,26.0922,24.062,23.0354,17.5447,11.4081,1.1535,2026-08-09
bp-6,Dark Ivysaur,normal,Best of Game,6,Promo,Shin-ichi Yoshida,Stage 1,2,Pokémon,2002/12/01,"tcgplayer,cardmarket",https://prices.pokemontcg.io/tcgplayer/bp-6,https://images.pokemontcg.io/bp/6_hires.png,2026/08/08,2026/07/01,44.67,55.0,72.5,650.0,,,,,,68.3679,69.0947,72.9935,0.0,41.5260009765625,67.1798,50.8693,5.756,4.9831,4.9831,1.1535,2026-08-09
bp-5,Rocket's Sneasel,normal,Best of Game,5,Promo,Katsura Tabata,Basic,215,Pokémon,2002/12/01,"tcgplayer,cardmarket",https://prices.pokemontcg.io/tcgplayer/bp-5,https://images.pokemontcg.io/bp/5_hires.png,2026/08/08,2026/07/01,19.9,14.989999771118164,21.0,219.5,,,,,,67.5951,17.291,74.6199,0.0,46.024600982666016,90.0422,58.4825,3.1721,3.1721,3.1721,1.1535,2026-08-09
bp-7,Dark Venusaur,normal,Best of Game,7,Promo,Shin-ichi Yoshida,Stage 2,3,Pokémon,2002/12/01,"tcgplayer,cardmarket",https://prices.pokemontcg.io/tcgplayer/bp-7,https://images.pokemontcg.io/bp/7_hires.png,2026/08/08,2026/07/01,131.22,155.5500030517578,202.10000610351562,499.989990234375,,,,,,137.7164,63.4425,129.1459,0.0,115.3499984741211,137.7164,90.8035,10.3238,10.9006,10.9006,1.1535,2026-08-09
bp-8,Rocket's Mewtwo,reverseHolofoil,Best of Game,8,Promo,Shin-ichi Yoshida,Basic,150,Pokémon,2002/12/01,"tcgplayer,cardmarket",https://prices.pokemontcg.io/tcgplayer/bp-8,https://images.pokemontcg.io/bp/8_hires.png,2026/08/08,2026/07/01,1450.0,1620.0,2400.0,2400.0,,,,,,432.724,288.375,429.5173,0.0,369.1199951171875,405.213,394.4855,207.63,101.0927,49.9581,1.1535,2026-08-09
bp-9,Rocket's Hitmonchan,reverseHolofoil,Best of Game,9,Promo,Ken Sugimori,Basic,107,Pokémon,2002/12/01,"tcgplayer,cardmarket",https://prices.pokemontcg.io/tcgplayer/bp-9,https://images.pokemontcg.io/bp/9_hires.png,2026/08/08,2026/07/01,220.0,899.989990234375,1000.0,1849.800048828125,,,,,,154.1883,69.21,190.9965,0.0,111.8895034790039,156.0109,134.4866,109.5825,63.9154,33.6822,1.1535,2026-08-09
smp-SM247,Reshiram & Charizard-GX,holofoil,SM Black Star Promos,SM247,Promo,aky CG Works,Basic|TAG TEAM|GX,6|643,Pokémon,2017/02/03,"tcgplayer,cardmarket",https://prices.pokemontcg.io/tcgplayer/smp-SM247,https://images.pokemontcg.io/smp/SM247_hires.png,2026/08/08,2025/11/18,43.6,37.25,49.630001068115234,5000.0,,,,,,43.9483,34.5935,42.1489,0.0,42.61029815673828,45.7132,42.7141,0.0,0.0,0.0,1.1535,2026-08-09
smp-SM245,Mismagius,normal,SM Black Star Promos,SM245,Promo,NC Empire,Stage 1,429,Pokémon,2017/02/03,"tcgplayer,cardmarket",https://prices.pokemontcg.io/tcgplayer/smp-SM245,https://images.pokemontcg.io/smp/SM245_hires.png,2026/08/08,2025/11/18,0.52,0.14000000059604645,0.550000011920929,18.079999923706055,,,,,,0.3691,0.173,0.646,0.0,0.20759999752044678,0.3807,0.3691,0.0,0.0,0.0,1.1535,2026-08-09
smp-SM246,Sabrina & Brycen,normal,SM Black Star Promos,SM246,Promo,Ryuta Fuse,Supporter|TAG TEAM,,Trainer,2017/02/03,"tcgplayer,cardmarket",https://prices.pokemontcg.io/tcgplayer/smp-SM246,https://images.pokemontcg.io/smp/SM246_hires.png,2026/08/08,2025/11/18,0.5,0.14000000059604645,0.5,4.989999771118164,,,,,,0.4383,0.2076,0.669,0.0,0.5306000113487244,0.669,0.5191,0.0,0.0,0.0,1.1535,2026-08-09
swsh8-1,Caterpie,normal,Fusion Strike,1,Common,Mitsuhiro Arita,Basic,10,Pokémon,2021/11/12,"tcgplayer,cardmarket",https://prices.pokemontcg.io/tcgplayer/swsh8-1,https://images.pokemontcg.io/swsh8/1_hires.png,2026/08/08,2026/07/01,0.13,0.009999999776482582,0.15000000596046448,1000.0,,0.31,,,,0.0577,0.0231,0.0577,0.2422,0.04610000178217888,0.0577,0.0577,0.2307,0.2422,0.2422,1.1535,2026-08-09
swsh8-2,Metapod,normal,Fusion Strike,2,Uncommon,Saya Tsuruta,Stage 1,11,Pokémon,2021/11/12,"tcgplayer,cardmarket",https://prices.pokemontcg.io/tcgplayer/swsh8-2,https://images.pokemontcg.io/swsh8/2_hires.png,2026/08/08,2026/07/01,0.14,0.009999999776482582,0.17000000178813934,19.979999542236328,,0.23,,,,0.0807,0.0231,0.0577,0.3807,0.05770000070333481,0.0807,0.0807,0.4037,0.3691,0.3922,1.1535,2026-08-09
swsh8-3,Butterfree,holofoil,Fusion Strike,3,Rare Holo,ryoma uratsuka,Stage 2,12,Pokémon,2021/11/12,"tcgplayer,cardmarket",https://prices.pokemontcg.io/tcgplayer/swsh8-3,https://images.pokemontcg.io/swsh8/3_hires.png,2026/08/08,2026/07/01,0.36,0.019999999552965164,0.3499999940395355,19.280000686645508,,0.4,,,,0.3114,0.0231,0.2192,0.4268,0.5651999711990356,0.2768,0.346,0.5075,0.3114,0.4268,1.1535,2026-08-09
swsh8-4,Shroomish,normal,Fusion Strike,4,Common,Naoyo Kimura,Basic,285,Pokémon,2021/11/12,"tcgplayer,cardmarket",https://prices.pokemontcg.io/tcgplayer/swsh8-4,https://images.pokemontcg.io/swsh8/4_hires.png,2026/08/08,2026/07/01,0.08,0.009999999776482582,0.15000000596046448,19.979999542236328,,0.36,,,,0.0346,0.0231,0.0461,0.323,0.023099999874830246,0.0461,0.0346,0.2653,0.2884,0.2653,1.1535,2026-08-09
swsh8-6,Breloom V,holofoil,Fusion Strike,6,Rare Holo V,PLANETA Mochizuki,Basic|V|Single Strike,286,Pokémon,2021/11/12,"tcgplayer,cardmarket",https://prices.pokemontcg.io/tcgplayer/swsh8-6,https://images.pokemontcg.io/swsh8/6_hires.png,2026/08/08,2026/07/01,0.78,0.5,0.9900000095367432,19.979999542236328,,,,,,0.9805,0.5191,0.9689,0.0,1.1649999618530273,1.0497,1.1881,0.0,0.0,0.0,1.1535,2026-08-09
swsh8-5,Breloom,normal,Fusion Strike,5,Uncommon,Yukiko Baba,Stage 1,286,Pokémon,2021/11/12,"tcgplayer,cardmarket",https://prices.pokemontcg.io/tcgplayer/swsh8-5,https://images.pokemontcg.io/swsh8/5_hires.png,2026/08/08,2026/06/30,0.15,0.009999999776482582,0.18000000715255737,19.979999542236328,,0.23,,,,0.0461,0.0231,0.0807,0.3576,0.023099999874830246,0.0807,0.0577,0.173,0.323,0.2999,1.1535,2026-08-09
swsh8-7,Pansage,normal,Fusion Strike,7,Common,Nagomi Nijo,Basic,511,Pokémon,2021/11/12,"tcgplayer,cardmarket",https://prices.pokemontcg.io/tcgplayer/swsh8-7,https://images.pokemontcg.io/swsh8/7_hires.png,2026/08/08,2026/06/29,0.12,0.009999999776482582,0.15000000596046448,2.990000009536743,,0.22,,,,0.0461,0.0231,0.0577,0.2768,0.023099999874830246,0.0577,0.0461,0.2307,0.1961,0.2307,1.1535,2026-08-09
swsh8-8,Simisage,normal,Fusion Strike,8,Uncommon,Akira Komayama,Stage 1,512,Pokémon,2021/11/12,"tcgplayer,cardmarket",https://prices.pokemontcg.io/tcgplayer/swsh8-8,https://images.pokemontcg.io/swsh8/8_hires.png,2026/08/08,2026/06/29,0.04,0.009999999776482582,0.15000000596046448,20.0,,0.24,,,,0.0577,0.0231,0.0461,0.323,0.11540000140666962,0.0346,0.0461,0.2307,0.2307,0.2768,1.1535,2026-08-09
swsh8-9,Sewaddle,normal,Fusion Strike,9,Common,Akira Komayama,Basic,540,Pokémon,2021/11/12,"tcgplayer,cardmarket",https://prices.pokemontcg.io/tcgplayer/swsh8-9,https://images.pokemontcg.io/swsh8/9_hires.png,2026/08/08,2026/06/29,0.08,0.009999999776482582,0.18000000715255737,2.990000009536743,,0.34,,,,0.0692,0.0231,0.0461,0.2653,0.03460000082850456,0.0577,0.0577,0.2307,0.173,0.2307,1.1535,2026-08-09
swsh8-10,Swadloon,normal,Fusion Strike,10,Uncommon,0313,Stage 1,541,Pokémon,2021/11/12,"tcgplayer,cardmarket",https://prices.pokemontcg.io/tcgplayer/swsh8-10,https://images.pokemontcg.io/swsh8/10_hires.png,2026/08/08,2026/06/29,0.11,0.009999999776482582,0.17000000178813934,2.990000009536743,,0.32,,,,0.0807,0.0231,0.0461,0.4729,0.11540000140666962,0.0577,0.0692,0.2307,0.323,0.346,1.1535,2026-08-09
swsh8-11,Leavanny,normal,Fusion Strike,11,Rare,kodama,Stage 2,542,Pokémon,2021/11/12,"tcgplayer,cardmarket",https://prices.pokemontcg.io/tcgplayer/swsh8-11,https://images.pokemontcg.io/swsh8/11_hires.png,2026/08/08,2026/06/29,0.23,0.05000000074505806,0.23999999463558197,19.979999542236328,,0.33,,,,0.173,0.0231,0.1154,0.4037,0.11540000140666962,0.1269,0.173,0.173,0.3576,0.3807,1.1535,2026-08-09
swsh8-12,Maractus,normal,Fusion Strike,12,Rare,0313,Basic,556,Pokémon,2021/11/12,"tcgplayer,cardmarket",https://prices.pokemontcg.io/tcgplayer/swsh8-12,https://images.pokemontcg.io/swsh8/12_hires.png,2026/08/08,2026/06/29,0.09,0.009999999776482582,0.20000000298023224,2.990000009536743,,0.17,,,,0.1384,0.0231,0.1615,0.3345,0.05770000070333481,0.1154,0.1154,0.1384,0.1961,0.2999,1.1535,2026-08-09
swsh8-13,Shelmet,normal,Fusion Strike,13,Common,Shibuzoh.,Basic|Fusion Strike,616,Pokémon,2021/11/12,"tcgplayer,cardmarket",https://prices.pokemontcg.io/tcgplayer/swsh8-13,https://images.pokemontcg.io/swsh8/13_hires.png,2026/08/08,2026/06/23,0.04,0.009999999776482582,0.15000000596046448,17.979999542236328,,0.33,,,,0.0461,0.0231,0.0346,0.1846,0.023099999874830246,0.0346,0.0346,0.1154,0.2192,0.2076,1.1535,2026-08-09
swsh8-17,Trevenant,normal,Fusion Strike,17,Uncommon,Narumi Sato,Stage 1,709,Pokémon,2021/11/12,"tcgplayer,cardmarket",https://prices.pokemontcg.io/tcgplayer/swsh8-17,https://images.pokemontcg.io/swsh8/17_hires.png,2026/08/08,2026/06/23,0.15,0.009999999776482582,0.17000000178813934,20.0,,0.25,,,,0.1038,0.0231,0.0461,0.2307,0.023099999874830246,0.0346,0.0807,0.0577,0.2076,0.2422,1.1535,2026-08-09
swsh8-16,Phantump,normal,Fusion Strike,16,Common,OKACHEKE,Basic,708,Pokémon,2021/11/12,"tcgplayer,cardmarket",https://prices.pokemontcg.io/tcgplayer/swsh8-16,https://images.pokemontcg.io/swsh8/16_hires.png,2026/08/08,2026/06/18,0.06,0.009999999776482582,0.1599999964237213,1000.0,,0.29,,,,0.0461,0.0231,0.0692,0.173,0.023099999874830246,0.0577,0.0461,0.1154,0.15,0.173,1.1535,2026-08-09
swsh8-14,Accelgor,normal,Fusion Strike,14,Rare,nagimiso,Stage 1|Fusion Strike,617,Pokémon,2021/11/12,"tcgplayer,cardmarket",https://prices.pokemontcg.io/tcgplayer/swsh8-14,https://images.pokemontcg.io/swsh8/14_hires.png,2026/08/08,2026/06/18,0.06,0.009999999776482582,0.20000000298023224,2.990000009536743,,0.27,,,,0.0923,0.0231,0.0923,0.2653,0.10379999876022339,0.1038,0.0692,0.346,0.2653,0.2884,1.1535,2026-08-09
swsh8-15,Virizion,normal,Fusion Strike,15,Rare,Kagemaru Himeno,Basic,640,Pokémon,2021/11/12,"tcgplayer,cardmarket",https://prices.pokemontcg.io/tcgplayer/swsh8-15,https://images.pokemontcg.io/swsh8/15_hires.png,2026/08/08,2026/06/17,0.14,0.03999999910593033,0.1899999976158142,2.990000009536743,,0.27,,,,0.0923,0.0231,0.0807,0.3576,0.05770000070333481,0.1038,0.1038,0.0577,0.3922,0.3576,1.1535,2026-08-09
swsh8-18,Grubbin,normal,Fusion Strike,18,Common,Asako Ito,Basic,736,Pokémon,2021/11/12,"tcgplayer,cardmarket",https://prices.pokemontcg.io/tcgplayer/swsh8-18,https://images.pokemontcg.io/swsh8/18_hires.png,2026/08/08,2026/06/17,0.16,0.019999999552965164,0.20000000298023224,20.0,,0.4,,,,0.0577,0.0231,0.0577,0.2653,0.023099999874830246,0.0807,0.0577,0.1615,0.2653,0.2768,1.1535,2026-08-09
swsh8-20,Araquanid,normal,Fusion Strike,20,Rare,KIYOTAKA OSHIYAMA,Stage 1,752,Pokémon,2021/11/12,"tcgplayer,cardmarket",https://prices.pokemontcg.io/tcgplayer/swsh8-20,https://images.pokemontcg.io/swsh8/20_hires.png,2026/08/08,2026/06/17,0.2,0.03999999910593033,0.20999999344348907,2.0,,0.38,,,,0.1269,0.0231,0.1038,0.3922,0.08070000261068344,0.15,0.173,0.4499,0.4614,0.3807,1.1535,2026-08-09
swsh8-19,Dewpider,normal,Fusion Strike,19,Common,Miki Tanaka,Basic,751,Pokémon,2021/11/12,"tcgplayer,cardmarket",https://prices.pokemontcg.io/tcgplayer/swsh8-19,https://images.pokemontcg.io/swsh8/19_hires.png,2026/08/08,2026/06/17,0.05,0.009999999776482582,0.15000000596046448,1.9900000095367432,,0.17,,,,0.0346,0.0231,0.0346,0.173,0.023099999874830246,0.0461,0.0461,0.1269,0.173,0.1615,1.1535,2026-08-09
swsh8-22,Rillaboom V,holofoil,Fusion Strike,22,Rare Holo V,5ban Graphics,Basic|V|Rapid Strike,812,Pokémon,2021/11/12,"tcgplayer,cardmarket",https://prices.pokemontcg.io/tcgplayer/swsh8-22,https://images.pokemontcg.io/swsh8/22_hires.png,2026/08/08,2026/06/17,0.82,0.5,0.9900000095367432,18.540000915527344,,,,,,1.3035,0.346,0.9805,0.0,0.6920999884605408,1.3727,1.2458,0.0,0.0,0.0,1.1535,2026-08-09
swsh8-21,Tsareena V,holofoil,Fusion Strike,21,Rare Holo V,PLANETA Mochizuki,Basic|V,763,Pokémon,2021/11/12,"tcgplayer,cardmarket",https://prices.pokemontcg.io/tcgplayer/swsh8-21,https://images.pokemontcg.io/swsh8/21_hires.png,2026/08/08,2026/06/08,0.74,0.5,0.9800000190734863,19.979999542236328,,,,,,1.0958,0.1154,1.2112,0.0,1.0151000022888184,1.1996,1.1304,0.0,0.0,0.0,1.1535,2026-08-09
swsh8-24,Gossifleur,normal,Fusion Strike,24,Common,Kagemaru Himeno,Basic,829,Pokémon,2021/11/12,"tcgplayer,cardmarket",https://prices.pokemontcg.io/tcgplayer/swsh8-24,https://images.pokemontcg.io/swsh8/24_hires.png,2026/08/08,2026/06/08,0.05,0.009999999776482582,0.15000000596046448,20.0,,0.2,,,,0.0346,0.0231,0.0346,0.1615,0.03460000082850456,0.0346,0.0346,0.5191,0.2192,0.2422,1.1535,2026-08-09
swsh8-25,Eldegoss,normal,Fusion Strike,25,Uncommon,Akira Komayama,Stage 1,830,Pokémon,2021/11/12,"tcgplayer,cardmarket",https://prices.pokemontcg.io/tcgplayer/swsh8-25,https://images.pokemontcg.io/swsh8/25_hires.png,2026/08/08,2026/06/08,0.05,0.009999999776482582,0.15000000596046448,2.990000009536743,,0.12,,,,0.0577,0.0231,0.0231,0.2307,0.03460000082850456,0.0346,0.0461,0.5767,0.2999,0.2422,1.1535,2026-08-09
swsh8-23,Rillaboom VMAX,holofoil,Fusion Strike,23,Rare Holo VMAX,5ban Graphics,VMAX|Rapid Strike,812,Pokémon,2021/11/12,"tcgplayer,cardmarket",https://prices.pokemontcg.io/tcgplayer/swsh8-23,https://images.pokemontcg.io/swsh8/23_hires.png,2026/08/08,2026/06/08,1.93,1.2000000476837158,2.0,29.989999771118164,,,,,,1.8571,0.4037,2.2955,0.0,1.9955999851226807,2.0878,1.9263,0.0,0.0,0.0,1.1535,2026-08-09
swsh8-26,Appletun V,holofoil,Fusion Strike,26,Rare Holo V,aky CG Works,Basic|V,842,Pokémon,2021/11/12,"tcgplayer,cardmarket",https://prices.pokemontcg.io/tcgplayer/swsh8-26,https://images.pokemontcg.io/swsh8/26_hires.png,2026/08/08,2026/06/08,0.94,0.6299999952316284,1.090000033378601,19.979999542236328,,,,,,1.0151,0.4499,1.315,0.0,2.0762999057769775,1.7649,1.2227,0.0,0.0,0.0,1.1535,2026-08-09
swsh8-27,Zarude,normal,Fusion Strike,27,Uncommon,Anesaki Dynamic,Basic,893,Pokémon,2021/11/12,"tcgplayer,cardmarket",https://prices.pokemontcg.io/tcgplayer/swsh8-27,https://images.pokemontcg.io/swsh8/27_hires.png,2026/08/08,2026/06/08,0.13,0.009999999776482582,0.15000000596046448,19.979999542236328,,0.31,,,,0.0577,0.0231,0.0461,0.2538,0.023099999874830246,0.0461,0.0692,0.3691,0.3345,0.2999,1.1535,2026-08-09
swsh8-31,Ninetales,normal,Fusion Strike,31,Uncommon,Tika Matsuno,Stage 1,38,Pokémon,2021/11/12,"tcgplayer,cardmarket",https://prices.pokemontcg.io/tcgplayer/swsh8-31,https://images.pokemontcg.io/swsh8/31_hires.png,2026/08/08,2026/06/08,0.28,0.09000000357627869,0.2800000011920929,20.0,,0.63,,,,0.173,0.0231,0.173,0.496,0.23070000112056732,0.1615,0.173,0.5767,0.4614,0.4845,1.1535,2026-08-09
swsh8-29,Vulpix,normal,Fusion Strike,29,Common,Megumi Mizutani,Basic,37,Pokémon,2021/11/12,"tcgplayer,cardmarket",https://prices.pokemontcg.io/tcgplayer/swsh8-29,https://images.pokemontcg.io/swsh8/29_hires.png,2026/08/08,2026/03/11,0.2,0.009999999776482582,0.20000000298023224,20.0,,0.44,,,,0.0692,0.0231,0.0807,0.2768,0.05770000070333481,0.1038,0.0692,0.5767,0.2653,0.3114,1.1535,2026-08-09
swsh8-30,Ninetales,normal,Fusion Strike,30,Uncommon,kirisAki,Stage 1,38,Pokémon,2021/11/12,"tcgplayer,cardmarket",https://prices.pokemontcg.io/tcgplayer/swsh8-30,https://images.pokemontcg.io/swsh8/30_hires.png,2026/08/08,2026/03/11,0.28,0.029999999329447746,0.27000001072883606,2.990000009536743,,0.5,,,,0.1154,0.0231,0.1154,0.323,0.05770000070333481,0.1154,0.1154,0.3922,0.3576,0.346,1.1535,2026-08-09
swsh8-28,Vulpix,normal,Fusion Strike,28,Common,Sekio,Basic,37,Pokémon,2021/11/12,"tcgplayer,cardmarket",https://prices.pokemontcg.io/tcgplayer/swsh8-28,https://images.pokemontcg.io/swsh8/28_hires.png,2026/08/08,2026/03/11,0.19,0.009999999776482582,0.20000000298023224,30.0,,0.28,,,,0.0577,0.0231,0.0807,0.2307,0.05770000070333481,0.1038,0.0807,0.1154,0.2653,0.2307,1.1535,2026-08-09
swsh8-34,Slugma,normal,Fusion Strike,34,Common,otumami,Basic,218,Pokémon,2021/11/12,"tcgplayer,cardmarket",https://prices.pokemontcg.io/tcgplayer/swsh8-34,https://images.pokemontcg.io/swsh8/34_hires.png,2026/08/08,2026/03/11,0.12,0.009999999776482582,0.15000000596046448,2.990000009536743,,0.21,,,,0.0346,0.0231,0.0346,0.173,0.023099999874830246,0.0461,0.0461,0.15,0.1384,0.1384,1.1535,2026-08-09
swsh8-32,Growlithe,normal,Fusion Strike,32,Common,Narumi Sato,Basic,58,Pokémon,2021/11/12,"tcgplayer,cardmarket",https://prices.pokemontcg.io/tcgplayer/swsh8-32,https://images.pokemontcg.io/swsh8/32_hires.png,2026/08/08,2026/03/11,0.11,0.009999999776482582,0.17000000178813934,1000.0,,0.32,,,,0.0692,0.0231,0.0692,0.2422,0.05770000070333481,0.0923,0.0807,0.346,0.2192,0.2307,1.1535,2026-08-09
swsh8-33,Arcanine,normal,Fusion Strike,33,Rare,Yuu Nishida,Stage 1,59,Pokémon,2021/11/12,"tcgplayer,cardmarket",https://prices.pokemontcg.io/tcgplayer/swsh8-33,https://images.pokemontcg.io/swsh8/33_hires.png,2026/08/08,2026/03/11,0.32,0.05000000074505806,0.3199999928474426,19.979999542236328,,0.76,,,,0.2076,0.0231,0.173,0.7036,0.2768000066280365,0.1961,0.2076,0.2768,0.5883,0.669,1.1535,2026-08-09
swsh8-35,Magcargo,normal,Fusion Strike,35,Uncommon,Eri Yamaki,Stage 1,219,Pokémon,2021/11/12,"tcgplayer,cardmarket",https://prices.pokemontcg.io/tcgplayer/swsh8-35,https://images.pokemontcg.io/swsh8/35_hires.png,2026/08/08,2026/03/11,0.12,0.009999999776482582,0.15000000596046448,2.990000009536743,,0.3,,,,0.0923,0.0231,0.0923,0.2307,0.05770000070333481,0.0692,0.0692,0.5075,0.2768,0.2422,1.1535,2026-08-09
swsh8-42,Oricorio,normal,Fusion Strike,42,Rare,Oswaldo KATO,Basic|Fusion Strike,741,Pokémon,2021/11/12,"tcgplayer,cardmarket",https://prices.pokemontcg.io/tcgplayer/swsh8-42,https://images.pokemontcg.io/swsh8/42_hires.png,2026/08/08,2026/03/11,0.19,0.03999999910593033,0.20999999344348907,20.0,,0.25,,,,0.0923,0.0231,0.0577,0.2422,0.05770000070333481,0.0461,0.0807,0.15,0.2653,0.2538,1.1535,2026-08-09
swsh8-37,Pansear,normal,Fusion Strike,37,Common,Misa Tsutsui,Basic,513,Pokémon,2021/11/12,"tcgplayer,cardmarket",https://prices.pokemontcg.io/tcgplayer/swsh8-37,https://images.pokemontcg.io/swsh8/37_hires.png,2026/08/08,2026/03/11,0.04,0.009999999776482582,0.15000000596046448,24.0,,0.28,,,,0.0231,0.0231,0.0231,0.1615,0.03460000082850456,0.0231,0.0346,0.346,0.15,0.173,1.1535,2026-08-09
swsh8-38,Simisear,normal,Fusion Strike,38,Uncommon,Tomokazu Komiya,Stage 1,514,Pokémon,2021/11/12,"tcgplayer,cardmarket",https://prices.pokemontcg.io/tcgplayer/swsh8-38,https://images.pokemontcg.io/swsh8/38_hires.png,2026/08/08,2026/02/19,0.19,0.009999999776482582,0.20000000298023224,1000.0,,0.33,,,,0.0692,0.0231,0.0461,0.2538,0.023099999874830246,0.0923,0.0807,0.2653,0.2538,0.2538,1.1535,2026-08-09
swsh8-39,Chandelure V,holofoil,Fusion Strike,39,Rare Holo V,Saki Hayashiro,Basic|V,609,Pokémon,2021/11/12,"tcgplayer,cardmarket",https://prices.pokemontcg.io/tcgplayer/swsh8-39,https://images.pokemontcg.io/swsh8/39_hires.png,2026/08/08,2026/02/19,0.97,0.44999998807907104,1.0299999713897705,19.81999969482422,,,,,,0.9343,0.3345,0.8536,0.0,1.0612000226974487,0.9459,0.9113,0.0,0.0,0.0,1.1535,2026-08-09
swsh8-40,Chandelure VMAX,holofoil,Fusion Strike,40,Rare Holo VMAX,AKIRA EGAWA,VMAX,609,Pokémon,2021/11/12,"tcgplayer,cardmarket",https://prices.pokemontcg.io/tcgplayer/swsh8-40,https://images.pokemontcg.io/swsh8/40_hires.png,2026/08/08,2026/02/19,3.19,1.6100000143051147,3.25,64.80000305175781,,,,,,2.2263,0.9228,2.1109,0.0,2.27239990234375,2.1109,2.1801,0.0,0.0,0.0,1.1535,2026-08-09
swsh8-43,Cinderace V,holofoil,Fusion Strike,43,Rare Holo V,5ban Graphics,Basic|V,815,Pokémon,2021/11/12,"tcgplayer,cardmarket",https://prices.pokemontcg.io/tcgplayer/swsh8-43,https://images.pokemontcg.io/swsh8/43_hires.png,2026/08/08,2026/02/19,0.69,0.25,0.9900000095367432,17.459999084472656,,,,,,1.1766,0.346,0.7728,0.0,0.8190000057220459,0.9228,1.0381,0.0,0.0,0.0,1.1535,2026-08-09
swsh8-36,Victini,normal,Fusion Strike,36,Uncommon,Mitsuhiro Arita,Basic,494,Pokémon,2021/11/12,"tcgplayer,cardmarket",https://prices.pokemontcg.io/tcgplayer/swsh8-36,https://images.pokemontcg.io/swsh8/36_hires.png,2026/08/08,2026/02/19,0.17,0.009999999776482582,0.20000000298023224,19.979999542236328,,0.29,,,,0.0923,0.0231,0.1961,0.3345,0.09229999780654907,0.2422,0.1154,0.7036,0.4383,0.346,1.1535,2026-08-09
swsh8-41,Heatmor,normal,Fusion Strike,41,Uncommon,Oswaldo KATO,Basic,631,Pokémon,2021/11/12,"tcgplayer,cardmarket",https://prices.pokemontcg.io/tcgplayer/swsh8-41,https://images.pokemontcg.io/swsh8/41_hires.png,2026/08/08,2026/02/19,0.16,0.009999999776482582,0.1899999976158142,2.990000009536743,,0.24,,,,0.0923,0.0231,0.0923,0.3807,0.10379999876022339,0.0923,0.1038,0.3691,0.2884,0.2999,1.1535,2026-08-09
swsh8-48,Centiskorch,normal,Fusion Strike,48,Rare,Hasuno,Stage 1|Rapid Strike,851,Pokémon,2021/11/12,"tcgplayer,cardmarket",https://prices.pokemontcg.io/tcgplayer/swsh8-48,https://images.pokemontcg.io/swsh8/48_hires.png,2026/08/08,2026/02/19,0.19,0.019999999552965164,0.20000000298023224,19.979999542236328,,0.13,,,,0.1154,0.0231,0.1269,0.2999,0.023099999874830246,0.1961,0.1154,0.2538,0.2653,0.2538,1.1535,2026-08-09
swsh8-44,Cinderace V,holofoil,Fusion Strike,44,Rare Holo V,aky CG Works,Basic|V|Single Strike,815,Pokémon,2021/11/12,"tcgplayer,cardmarket",https://prices.pokemontcg.io/tcgplayer/swsh8-44,https://images.pokemontcg.io/swsh8/44_hires.png,2026/08/08,2026/02/19,0.75,0.4699999988079071,0.9900000095367432,19.15999984741211,,,,,,0.992,0.4037,0.9113,0.0,1.5341999530792236,0.9228,0.9689,0.0,0.0,0.0,1.1535,2026-08-09
swsh8-49,Centiskorch,normal,Fusion Strike,49,Uncommon,Misa Tsutsui,Stage 1,851,Pokémon,2021/11/12,"tcgplayer,cardmarket",https://prices.pokemontcg.io/tcgplayer/swsh8-49,https://images.pokemontcg.io/swsh8/49_hires.png,2026/08/08,2026/02/19,0.03,0.009999999776482582,0.15000000596046448,20.0,,0.24,,,,0.0461,0.0231,0.0692,0.2076,0.023099999874830246,0.0577,0.0577,0.2653,0.1961,0.173,1.1535,2026-08-09
swsh8-45,Cinderace VMAX,holofoil,Fusion Strike,45,Rare Holo VMAX,5ban Graphics,VMAX|Single Strike,815,Pokémon,2021/11/12,"tcgplayer,cardmarket",https://prices.pokemontcg.io/tcgplayer/swsh8-45,https://images.pokemontcg.io/swsh8/45_hires.png,2026/08/08,2026/02/19,2.76,1.75,3.059999942779541,49.9900016784668,,,,,,2.5377,1.142,2.63,0.0,3.6796998977661133,2.953,2.6069,0.0,0.0,0.0,1.1535,2026-08-09
swsh8-46,Sizzlipede,normal,Fusion Strike,46,Common,miki kudo,Basic,850,Pokémon,2021/11/12,"tcgplayer,cardmarket",https://prices.pokemontcg.io/tcgplayer/swsh8-46,https://images.pokemontcg.io/swsh8/46_hires.png,2026/08/08,2026/02/19,0.05,0.009999999776482582,0.1599999964237213,19.979999542236328,,0.21,,,,0.0346,0.0231,0.0461,0.2192,0.05770000070333481,0.0577,0.0461,0.15,0.2192,0.1961,1.1535,2026-08-09
swsh8-47,Sizzlipede,normal,Fusion Strike,47,Common,Narumi Sato,Basic|Rapid Strike,850,Pokémon,2021/11/12,"tcgplayer,cardmarket",https://prices.pokemontcg.io/tcgplayer/swsh8-47,https://images.pokemontcg.io/swsh8/47_hires.png,2026/08/08,2026/02/19,0.04,0.009999999776482582,0.15000000596046448,20.0,,0.16,,,,0.0346,0.0231,0.0346,0.1269,0.023099999874830246,0.0577,0.0461,0.2884,0.15,0.1269,1.1535,2026-08-09
swsh8-50,Shellder,normal,Fusion Strike,50,Common,kawayoo,Basic|Rapid Strike,90,Pokémon,2021/11/12,"tcgplayer,cardmarket",https://prices.pokemontcg.io/tcgplayer/swsh8-50,https://images.pokemontcg.io/swsh8/50_hires.png,2026/08/08,2026/02/19,0.05,0.009999999776482582,0.15000000596046448,35.0,,0.2,,,,0.0461,0.0231,0.0346,0.2999,0.05770000070333481,0.0461,0.0461,0.173,0.2307,0.2884,1.1535,2026-08-09
swsh8-53,Starmie,holofoil,Fusion Strike,53,Rare Holo,Megumi Mizutani,Stage 1|Rapid Strike,121,Pokémon,2021/11/12,"tcgplayer,cardmarket",https://prices.pokemontcg.io/tcgplayer/swsh8-53,https://images.pokemontcg.io/swsh8/53_hires.png,2026/08/08,2026/02/19,0.28,0.09000000357627869,0.2800000011920929,19.979999542236328,,0.42,,,,0.2653,0.0231,0.173,0.4499,0.23070000112056732,0.2307,0.2538,0.2768,0.323,0.346,1.1535,2026-08-09
swsh8-51,Cloyster,normal,Fusion Strike,51,Rare,nagimiso,Stage 1|Rapid Strike,91,Pokémon,2021/11/12,"tcgplayer,cardmarket",https://prices.pokemontcg.io/tcgplayer/swsh8-51,https://images.pokemontcg.io/swsh8/51_hires.png,2026/08/08,2026/02/19,0.09,0.019999999552965164,0.20999999344348907,2.990000009536743,,0.28,,,,0.1846,0.0231,0.0923,0.3807,0.19609999656677246,0.1384,0.173,0.2999,0.346,0.3691,1.1535,2026-08-09
swsh8-55,Totodile,normal,Fusion Strike,55,Common,Mizue,Basic,158,Pokémon,2021/11/12,"tcgplayer,cardmarket",https://prices.pokemontcg.io/tcgplayer/swsh8-55,https://images.pokemontcg.io/swsh8/55_hires.png,2026/08/08,2026/02/19,0.2,0.009999999776482582,0.20000000298023224,1000.0,,0.42,,,,0.0807,0.0231,0.0461,0.2538,0.023099999874830246,0.0461,0.0692,0.173,0.2076,0.2307,1.1535,2026-08-09
swsh8-54,Lapras,normal,Fusion Strike,54,Uncommon,Naoki Saito,Basic|Rapid Strike,131,Pokémon,2021/11/12,"tcgplayer,cardmarket",https://prices.pokemontcg.io/tcgplayer/swsh8-54,https://images.pokemontcg.io/swsh8/54_hires.png,2026/08/08,2026/01/29,0.19,0.009999999776482582,0.20999999344348907,2.990000009536743,,0.35,,,,0.0923,0.0231,0.15,0.3345,0.04610000178217888,0.1038,0.0807,0.6921,0.3922,0.346,1.1535,2026-08-09
swsh8-52,Staryu,normal,Fusion Strike,52,Common,tetsuya koizumi,Basic|Rapid Strike,120,Pokémon,2021/11/12,"tcgplayer,cardmarket",https://prices.pokemontcg.io/tcgplayer/swsh8-52,https://images.pokemontcg.io/swsh8/52_hires.png,2026/08/08,2026/01/26,0.08,0.009999999776482582,0.1599999964237213,2.2300000190734863,,0.29,,,,0.0461,0.0231,0.0577,0.2653,0.09229999780654907,0.0461,0.0461,0.2192,0.346,0.2653,1.1535,2026-08-09
swsh8-56,Croconaw,normal,Fusion Strike,56,Uncommon,Tomokazu Komiya,Stage 1,159,Pokémon,2021/11/12,"tcgplayer,cardmarket",https://prices.pokemontcg.io/tcgplayer/swsh8-56,https://images.pokemontcg.io/swsh8/56_hires.png,2026/08/08,2026/01/26,0.29,0.03999999910593033,0.25,19.979999542236328,,0.43,,,,0.0807,0.0231,0.0692,0.3114,0.04610000178217888,0.0577,0.0807,0.3576,0.2999,0.346,1.1535,2026-08-09
swsh8-57,Feraligatr,holofoil,Fusion Strike,57,Rare Holo,Anesaki Dynamic,Stage 2,160,Pokémon,2021/11/12,"tcgplayer,cardmarket",https://prices.pokemontcg.io/tcgplayer/swsh8-57,https://images.pokemontcg.io/swsh8/57_hires.png,2026/08/08,2026/01/26,0.37,0.10000000149011612,0.3700000047683716,19.299999237060547,,0.38,,,,0.346,0.0231,0.2307,0.4614,0.11540000140666962,0.2999,0.3576,0.4037,0.4499,0.4383,1.1535,2026-08-09
swsh8-61,Mantine,normal,Fusion Strike,61,Common,Saya Tsuruta,Basic,226,Pokémon,2021/11/12,"tcgplayer,cardmarket",https://prices.pokemontcg.io/tcgplayer/swsh8-61,https://images.pokemontcg.io/swsh8/61_hires.png,2026/08/08,2026/01/26,0.12,0.009999999776482582,0.1899999976158142,19.979999542236328,,0.25,,,,0.0692,0.0231,0.0577,0.173,0.04610000178217888,0.0692,0.0692,0.3345,0.2307,0.2192,1.1535,2026-08-09
swsh8-58,Marill,normal,Fusion Strike,58,Common,sowsow,Basic,183,Pokémon,2021/11/12,"tcgplayer,cardmarket",https://prices.pokemontcg.io/tcgplayer/swsh8-58,https://images.pokemontcg.io/swsh8/58_hires.png,2026/08/08,2026/01/26,0.19,0.029999999329447746,0.20999999344348907,19.979999542236328,,0.4,,,,0.0923,0.0231,0.0807,0.2768,0.023099999874830246,0.1038,0.0807,0.2884,0.2422,0.2538,1.1535,2026-08-09
swsh8-59,Azumarill,normal,Fusion Strike,59,Rare,Sanosuke Sakuma,Stage 1,184,Pokémon,2021/11/12,"tcgplayer,cardmarket",https://prices.pokemontcg.io/tcgplayer/swsh8-59,https://images.pokemontcg.io/swsh8/59_hires.png,2026/08/08,2026/01/26,0.21,0.05999999865889549,0.23000000417232513,19.979999542236328,,0.34,,,,0.1384,0.0231,0.1269,0.2999,0.06920000165700912,0.1154,0.1269,0.4614,0.3576,0.3807,1.1535,2026-08-09
swsh8-60,Qwilfish,normal,Fusion Strike,60,Common,HYOGONOSUKE,Basic,211,Pokémon,2021/11/12,"tcgplayer,cardmarket",https://prices.pokemontcg.io/tcgplayer/swsh8-60,https://images.pokemontcg.io/swsh8/60_hires.png,2026/08/08,2026/01/21,0.04,0.009999999776482582,0.15000000596046448,1000.0,,0.26,,,,0.0461,0.0231,0.0346,0.2076,0.023099999874830246,0.0346,0.0461,0.3345,0.2538,0.2192,1.1535,2026-08-09
swsh8-62,Mudkip,normal,Fusion Strike,62,Common,KIYOTAKA OSHIYAMA,Basic,258,Pokémon,2021/11/12,"tcgplayer,cardmarket",https://prices.pokemontcg.io/tcgplayer/swsh8-62,https://images.pokemontcg.io/swsh8/62_hires.png,2026/08/08,2026/01/21,0.19,0.03999999910593033,0.23000000417232513,5.0,,0.87,,,,0.0577,0.0231,0.0577,0.3691,0.023099999874830246,0.0692,0.0692,0.4037,0.4153,0.3345,1.1535,2026-08-09
swsh8-63,Marshtomp,normal,Fusion Strike,63,Uncommon,tetsuya koizumi,Stage 1,259,Pokémon,2021/11/12,"tcgplayer,cardmarket",https://prices.pokemontcg.io/tcgplayer/swsh8-63,https://images.pokemontcg.io/swsh8/63_hires.png,2026/08/08,2026/01/21,0.22,0.009999999776482582,0.23000000417232513,5.0,,0.55,,,,0.1384,0.0231,0.1038,0.2999,0.20759999752044678,0.1154,0.1269,0.173,0.5421,0.3691,1.1535,2026-08-09
swsh8-65,Clamperl,normal,Fusion Strike,65,Common,Anesaki Dynamic,Basic|Fusion Strike,366,Pokémon,2021/11/12,"tcgplayer,cardmarket",https://prices.pokemontcg.io/tcgplayer/swsh8-65,https://images.pokemontcg.io/swsh8/65_hires.png,2026/08/08,2026/01/19,0.04,0.009999999776482582,0.15000000596046448,19.979999542236328,,0.27,,,,0.0577,0.0231,0.1038,0.2538,0.05770000070333481,0.0807,0.0577,0.0923,0.1615,0.2422,1.1535,2026-08-09
swsh8-66,Huntail,normal,Fusion Strike,66,Rare,otumami,Stage 1|Fusion Strike,367,Pokémon,2021/11/12,"tcgplayer,cardmarket",https://prices.pokemontcg.io/tcgplayer/swsh8-66,https://images.pokemontcg.io/swsh8/66_hires.png,2026/08/08,2026/01/19,0.2,0.009999999776482582,0.20000000298023224,4.0,,0.37,,,,0.1384,0.0231,0.1038,0.4037,0.12690000236034393,0.1269,0.1384,1.1535,0.5421,0.4037,1.1535,2026-08-09
swsh8-64,Swampert,holofoil,Fusion Strike,64,Rare Holo,Masakazu Fukuda,Stage 2,260,Pokémon,2021/11/12,"tcgplayer,cardmarket",https://prices.pokemontcg.io/tcgplayer/swsh8-64,https://images.pokemontcg.io/swsh8/64_hires.png,2026/08/08,2026/01/19,1.02,0.18000000715255737,0.75,19.81999969482422,,0.41,,,,0.346,0.0231,0.4268,0.5306,0.7613000273704529,0.4614,0.4153,0.7152,1.0151,0.6114,1.1535,2026-08-09
swsh8-69,Simipour,normal,Fusion Strike,69,Uncommon,Shin Nagasawa,Stage 1,516,Pokémon,2021/11/12,"tcgplayer,cardmarket",https://prices.pokemontcg.io/tcgplayer/swsh8-69,https://images.pokemontcg.io/swsh8/69_hires.png,2026/08/08,2026/01/19,0.04,0.009999999776482582,0.15000000596046448,2.990000009536743,,0.22,,,,0.0461,0.0231,0.0346,0.173,0.03460000082850456,0.0346,0.0461,0.2768,0.2076,0.1961,1.1535,2026-08-09
swsh8-70,Basculin,normal,Fusion Strike,70,Common,Souichirou Gunjima,Basic|Rapid Strike,550,Pokémon,2021/11/12,"tcgplayer,cardmarket",https://prices.pokemontcg.io/tcgplayer/swsh8-70,https://images.pokemontcg.io/swsh8/70_hires.png,2026/08/08,2026/01/19,0.13,0.009999999776482582,0.1599999964237213,2.990000009536743,,0.29,,,,0.0461,0.0231,0.0461,0.1615,0.03460000082850456,0.0346,0.0461,0.2884,0.1961,0.2076,1.1535,2026-08-09
swsh8-71,Galarian Darumaka,normal,Fusion Strike,71,Common,Atsuko Nishida,Basic,554,Pokémon,2021/11/12,"tcgplayer,cardmarket",https://prices.pokemontcg.io/tcgplayer/swsh8-71,https://images.pokemontcg.io/swsh8/71_hires.png,2026/08/08,2026/01/19,0.07,0.009999999776482582,0.15000000596046448,2.990000009536743,,0.31,,,,0.0461,0.0231,0.0461,0.2422,0.03460000082850456,0.0346,0.0461,0.2307,0.1846,0.2307,1.1535,2026-08-09
swsh8-68,Panpour,normal,Fusion Strike,68,Common,Sekio,Basic,515,Pokémon,2021/11/12,"tcgplayer,cardmarket",https://prices.pokemontcg.io/tcgplayer/swsh8-68,https://images.pokemontcg.io/swsh8/68_hires.png,2026/08/08,2026/01/19,0.02,0.009999999776482582,0.15000000596046448,2.1500000953674316,,0.22,,,,0.0346,0.0231,0.0346,0.2192,0.11540000140666962,0.0346,0.0346,0.2768,0.2422,0.2076,1.1535,2026-08-09
swsh8-67,Gorebyss,normal,Fusion Strike,67,Rare,Misa Tsutsui,Stage 1|Fusion Strike,368,Pokémon,2021/11/12,"tcgplayer,cardmarket",https://prices.pokemontcg.io/tcgplayer/swsh8-67,https://images.pokemontcg.io/swsh8/67_hires.png,2026/08/08,2026/01/19,0.17,0.019999999552965164,0.20000000298023224,4.900000095367432,,0.16,,,,0.1269,0.0231,0.1154,0.4153,0.11540000140666962,0.1384,0.1269,0.0577,0.3807,0.3576,1.1535,2026-08-09
swsh8-74,Clauncher,normal,Fusion Strike,74,Common,Pani Kobayashi,Basic,692,Pokémon,2021/11/12,"tcgplayer,cardmarket",https://prices.pokemontcg.io/tcgplayer/swsh8-74,https://images.pokemontcg.io/swsh8/74_hires.png,2026/08/08,2026/01/19,0.03,0.009999999776482582,0.15000000596046448,19.979999542236328,,0.21,,,,0.0346,0.0231,0.0461,0.2192,0.03460000082850456,0.0346,0.0461,0.4499,0.2653,0.2422,1.1535,2026-08-09
swsh8-73,Greninja V,holofoil,Fusion Strike,73,Rare Holo V,5ban Graphics,Basic|V,658,Pokémon,2021/11/12,"tcgplayer,cardmarket",https://prices.pokemontcg.io/tcgplayer/swsh8-73,https://images.pokemontcg.io/swsh8/73_hires.png,2026/08/08,2026/01/19,3.53,2.0,3.799999952316284,99.0,,,,,,1.7533,0.8074,1.488,0.0,1.153499960899353,1.3842,1.8917,0.0,0.0,0.0,1.1535,2026-08-09
swsh8-72,Galarian Darmanitan,normal,Fusion Strike,72,Uncommon,SATOSHI NAKAI,Stage 1,555,Pokémon,2021/11/12,"tcgplayer,cardmarket",https://prices.pokemontcg.io/tcgplayer/swsh8-72,https://images.pokemontcg.io/swsh8/72_hires.png,2026/08/08,2026/01/19,0.08,0.009999999776482582,0.17000000178813934,67.0,,0.27,,,,0.0577,0.0231,0.0577,0.346,0.05770000070333481,0.0923,0.0692,0.1154,0.2422,0.2884,1.1535,2026-08-09
swsh8-75,Clawitzer,normal,Fusion Strike,75,Uncommon,tetsuya koizumi,Stage 1,693,Pokémon,2021/11/12,"tcgplayer,cardmarket",https://prices.pokemontcg.io/tcgplayer/swsh8-75,https://images.pokemontcg.io/swsh8/75_hires.png,2026/08/08,2026/01/19,0.06,0.009999999776482582,0.1599999964237213,20.0,,0.27,,,,0.0577,0.0231,0.0692,0.2307,0.11540000140666962,0.0692,0.0577,0.2307,0.2538,0.2768,1.1535,2026-08-09
swsh8-78,Inteleon V,holofoil,Fusion Strike,78,Rare Holo V,5ban Graphics,Basic|V|Rapid Strike,818,Pokémon,2021/11/12,"tcgplayer,cardmarket",https://prices.pokemontcg.io/tcgplayer/swsh8-78,https://images.pokemontcg.io/swsh8/78_hires.png,2026/08/08,2026/01/19,0.84,0.5,0.9900000095367432,24.989999771118164,,,,,,0.992,0.3345,1.1189,0.0,1.0151000022888184,1.4534,1.0843,0.0,0.0,0.0,1.1535,2026-08-09
swsh8-76,Crabominable V,holofoil,Fusion Strike,76,Rare Holo V,MUGENUP,Basic|V,740,Pokémon,2021/11/12,"tcgplayer,cardmarket",https://prices.pokemontcg.io/tcgplayer/swsh8-76,https://images.pokemontcg.io/swsh8/76_hires.png,2026/08/08,2026/01/19,0.64,0.38999998569488525,0.9900000095367432,75.0,,,,,,0.8421,0.3345,0.7267,0.0,0.4383000135421753,0.7728,0.8536,0.0,0.0,0.0,1.1535,2026-08-09
swsh8-77,Pyukumuku,normal,Fusion Strike,77,Uncommon,Tomokazu Komiya,Basic,771,Pokémon,2021/11/12,"tcgplayer,cardmarket",https://prices.pokemontcg.io/tcgplayer/swsh8-77,https://images.pokemontcg.io/swsh8/77_hires.png,2026/08/08,2026/01/19,0.2,0.009999999776482582,0.20000000298023224,18.5,,0.55,,,,0.0692,0.0231,0.1038,0.3576,0.09229999780654907,0.0807,0.0807,0.3922,0.3345,0.323,1.1535,2026-08-09
swsh8-79,Inteleon VMAX,holofoil,Fusion Strike,79,Rare Holo VMAX,5ban Graphics,VMAX|Rapid Strike,818,Pokémon,2021/11/12,"tcgplayer,cardmarket",https://prices.pokemontcg.io/tcgplayer/swsh8-79,https://images.pokemontcg.io/swsh8/79_hires.png,2026/08/08,2026/01/19,1.87,1.0,2.0199999809265137,112.7699966430664,,,,,,1.6841,1.0151,1.8456,0.0,2.3647000789642334,1.8571,1.7187,0.0,0.0,0.0,1.1535,2026-08-09
swsh8-82,Arrokuda,normal,Fusion Strike,82,Common,Miki Tanaka,Basic,846,Pokémon,2021/11/12,"tcgplayer,cardmarket",https://prices.pokemontcg.io/tcgplayer/swsh8-82,https://images.pokemontcg.io/swsh8/82_hires.png,2026/08/08,2026/01/19,0.05,0.009999999776482582,0.15000000596046448,19.979999542236328,,0.23,,,,0.0461,0.0231,0.0577,0.2076,0.023099999874830246,0.0461,0.0346,0.5767,0.2307,0.1846,1.1535,2026-08-09
swsh8-80,Chewtle,normal,Fusion Strike,80,Common,Saya Tsuruta,Basic,833,Pokémon,2021/11/12,"tcgplayer,cardmarket",https://prices.pokemontcg.io/tcgplayer/swsh8-80,https://images.pokemontcg.io/swsh8/80_hires.png,2026/08/08,2026/01/19,0.07,0.009999999776482582,0.15000000596046448,2.990000009536743,,0.32,,,,0.0346,0.0231,0.0346,0.1615,0.023099999874830246,0.0346,0.0346,0.5767,0.2422,0.2076,1.1535,2026-08-09
swsh8-81,Drednaw,normal,Fusion Strike,81,Uncommon,kodama,Stage 1,834,Pokémon,2021/11/12,"tcgplayer,cardmarket",https://prices.pokemontcg.io/tcgplayer/swsh8-81,https://images.pokemontcg.io/swsh8/81_hires.png,2026/08/08,2026/01/19,0.14,0.009999999776482582,0.18000000715255737,1000.0,,0.28,,,,0.0461,0.0231,0.0346,0.2307,0.023099999874830246,0.0461,0.0461,0.1154,0.1384,0.2307,1.1535,2026-08-09
swsh8-83,Barraskewda,normal,Fusion Strike,83,Uncommon,Hideki Ishikawa,Stage 1,847,Pokémon,2021/11/12,"tcgplayer,cardmarket",https://prices.pokemontcg.io/tcgplayer/swsh8-83,https://images.pokemontcg.io/swsh8/83_hires.png,2026/08/08,2026/01/16,0.07,0.009999999776482582,0.18000000715255737,19.979999542236328,,0.31,,,,0.0577,0.0231,0.0923,0.3114,0.13840000331401825,0.0923,0.0577,0.1154,0.3576,0.2653,1.1535,2026-08-09
swsh8-84,Snom,normal,Fusion Strike,84,Common,Yuka Morii,Basic,872,Pokémon,2021/11/12,"tcgplayer,cardmarket",https://prices.pokemontcg.io/tcgplayer/swsh8-84,https://images.pokemontcg.io/swsh8/84_hires.png,2026/08/08,2026/01/16,0.27,0.009999999776482582,0.25999999046325684,2.0,,0.43,,,,0.0577,0.0231,0.0692,0.2192,0.023099999874830246,0.0692,0.0577,0.2884,0.2653,0.173,1.1535,2026-08-09
swsh8-85,Frosmoth,normal,Fusion Strike,85,Uncommon,chibi,Stage 1,873,Pokémon,2021/11/12,"tcgplayer,cardmarket",https://prices.pokemontcg.io/tcgplayer/swsh8-85,https://images.pokemontcg.io/swsh8/85_hires.png,2026/08/08,2026/01/16,0.12,0.009999999776482582,0.17000000178813934,5.050000190734863,,0.11,,,,0.0461,0.0231,0.0461,0.1846,0.023099999874830246,0.0231,0.0461,0.346,0.1615,0.2538,1.1535,2026-08-09
swsh8-86,Pikachu V,holofoil,Fusion Strike,86,Rare Holo V,5ban Graphics,Basic|V,25,Pokémon,2021/11/12,"tcgplayer,cardmarket",https://prices.pokemontcg.io/tcgplayer/swsh8-86,https://images.pokemontcg.io/swsh8/86_hires.png,2026/08/08,2026/01/16,4.18,2.450000047683716,4.179999828338623,96.94999694824219,,,,,,2.1686,1.1535,2.0071,0.0,2.31850004196167,2.307,2.1916,0.0,0.0,0.0,1.1535,2026-08-09
swsh8-89,Plusle,normal,Fusion Strike,89,Common,Megumi Higuchi,Basic|Rapid Strike,311,Pokémon,2021/11/12,"tcgplayer,cardmarket",https://prices.pokemontcg.io/tcgplayer/swsh8-89,https://images.pokemontcg.io/swsh8/89_hires.png,2026/08/08,2026/01/16,0.15,0.019999999552965164,0.18000000715255737,20.0,,0.33,,,,0.0461,0.0231,0.0577,0.2192,0.10379999876022339,0.0577,0.0461,0.2884,0.2538,0.2307,1.1535,2026-08-09
swsh8-87,Voltorb,normal,Fusion Strike,87,Common,Tomokazu Komiya,Basic|Single Strike,100,Pokémon,2021/11/12,"tcgplayer,cardmarket",https://prices.pokemontcg.io/tcgplayer/swsh8-87,https://images.pokemontcg.io/swsh8/87_hires.png,2026/08/08,2026/01/16,0.13,0.009999999776482582,0.1899999976158142,19.979999542236328,,0.3,,,,0.0577,0.0231,0.0923,0.1961,0.09229999780654907,0.1154,0.0692,0.15,0.1615,0.1615,1.1535,2026-08-09
swsh8-88,Electrode,normal,Fusion Strike,88,Rare,Kouki Saitou,Stage 1|Single Strike,101,Pokémon,2021/11/12,"tcgplayer,cardmarket",https://prices.pokemontcg.io/tcgplayer/swsh8-88,https://images.pokemontcg.io/swsh8/88_hires.png,2026/08/08,2026/01/16,0.16,0.019999999552965164,0.20000000298023224,2.990000009536743,,0.29,,,,0.2653,0.0461,0.2999,0.0,0.23070000112056732,0.2884,0.2307,0.0,0.0,0.0,1.1535,2026-08-09
swsh8-90,Minun,normal,Fusion Strike,90,Common,HYOGONOSUKE,Basic|Rapid Strike,312,Pokémon,2021/11/12,"tcgplayer,cardmarket",https://prices.pokemontcg.io/tcgplayer/swsh8-90,https://images.pokemontcg.io/swsh8/90_hires.png,2026/08/08,2026/01/16,0.17,0.009999999776482582,0.20999999344348907,19.719999313354492,,0.34,,,,0.0807,0.0231,0.1038,0.2768,0.09229999780654907,0.0692,0.0807,0.1961,0.2538,0.2768,1.1535,2026-08-09
swsh8-91,Shinx,normal,Fusion Strike,91,Common,Naoyo Kimura,Basic,403,Pokémon,2021/11/12,"tcgplayer,cardmarket",https://prices.pokemontcg.io/tcgplayer/swsh8-91,https://images.pokemontcg.io/swsh8/91_hires.png,2026/08/08,2026/01/16,0.06,0.009999999776482582,0.15000000596046448,2.990000009536743,,0.33,,,,0.0577,0.0231,0.1154,0.2076,0.05770000070333481,0.1269,0.0692,0.2884,0.3114,0.2192,1.1535,2026-08-09
swsh8-92,Luxio,normal,Fusion Strike,92,Uncommon,Tika Matsuno,Stage 1,404,Pokémon,2021/11/12,"tcgplayer,cardmarket",https://prices.pokemontcg.io/tcgplayer/swsh8-92,https://images.pokemontcg.io/swsh8/92_hires.png,2026/08/08,2026/01/16,0.16,0.009999999776482582,0.1899999976158142,2.990000009536743,,0.31,,,,0.0807,0.0231,0.0807,0.2768,0.28839999437332153,0.0692,0.0923,0.2307,0.1615,0.2653,1.1535,2026-08-09
swsh8-93,Luxray,normal,Fusion Strike,93,Rare,Atsushi Furusawa,Stage 2,405,Pokémon,2021/11/12,"tcgplayer,cardmarket",https://prices.pokemontcg.io/tcgplayer/swsh8-93,https://images.pokemontcg.io/swsh8/93_hires.png,2026/08/08,2026/01/16,0.2,0.05000000074505806,0.2199999988079071,5.25,,0.34,,,,0.1384,0.0231,0.15,0.2653,0.11540000140666962,0.1269,0.1269,0.4383,0.323,0.3114,1.1535,2026-08-09
swsh8-95,Tynamo,normal,Fusion Strike,95,Common,Yuka Morii,Basic,602,Pokémon,2021/11/12,"tcgplayer,cardmarket",https://prices.pokemontcg.io/tcgplayer/swsh8-95,https://images.pokemontcg.io/swsh8/95_hires.png,2026/08/08,2026/01/16,0.23,0.009999999776482582,0.23000000417232513,20.0,,0.27,,,,0.0461,0.0231,0.0461,0.1038,0.023099999874830246,0.0346,0.0461,0.1154,0.1038,0.1038,1.1535,2026-08-09
swsh8-94,Rotom,normal,Fusion Strike,94,Common,Sekio,Basic,479,Pokémon,2021/11/12,"tcgplayer,cardmarket",https://prices.pokemontcg.io/tcgplayer/swsh8-94,https://images.pokemontcg.io/swsh8/94_hires.png,2026/08/08,2026/01/16,0.04,0.009999999776482582,0.15000000596046448,19.979999542236328,,0.25,,,,0.0346,0.0231,0.0346,0.2076,0.09229999780654907,0.0346,0.0346,0.3345,0.2307,0.2192,1.1535,2026-08-09
swsh8-96,Eelektrik,normal,Fusion Strike,96,Uncommon,Shigenori Negishi,Stage 1,603,Pokémon,2021/11/12,"tcgplayer,cardmarket",https://prices.pokemontcg.io/tcgplayer/swsh8-96,https://images.pokemontcg.io/swsh8/96_hires.png,2026/08/08,2026/01/16,0.09,0.009999999776482582,0.15000000596046448,2.2300000190734863,,0.23,,,,0.0577,0.0231,0.0692,0.323,0.023099999874830246,0.0577,0.0692,0.173,0.2192,0.2192,1.1535,2026-08-09
swsh8-98,Helioptile,normal,Fusion Strike,98,Common,Mina Nakai,Basic,694,Pokémon,2021/11/12,"tcgplayer,cardmarket",https://prices.pokemontcg.io/tcgplayer/swsh8-98,https://images.pokemontcg.io/swsh8/98_hires.png,2026/08/08,2026/01/16,0.09,0.009999999776482582,0.15000000596046448,20.0,,0.26,,,,0.0461,0.0231,0.0461,0.2076,0.023099999874830246,0.0461,0.0461,0.0346,0.173,0.2076,1.1535,2026-08-09
swsh8-101,Vikavolt,normal,Fusion Strike,101,Rare,nagimiso,Stage 2,738,Pokémon,2021/11/12,"tcgplayer,cardmarket",https://prices.pokemontcg.io/tcgplayer/swsh8-101,https://images.pokemontcg.io/swsh8/101_hires.png,2026/08/08,2026/01/16,0.13,0.019999999552965164,0.20000000298023224,20.0,,0.23,,,,0.0923,0.0231,0.0807,0.2076,0.06920000165700912,0.1038,0.0923,0.4614,0.2192,0.2653,1.1535,2026-08-09
swsh8-99,Heliolisk,normal,Fusion Strike,99,Uncommon,Kagemaru Himeno,Stage 1,695,Pokémon,2021/11/12,"tcgplayer,cardmarket",https://prices.pokemontcg.io/tcgplayer/swsh8-99,https://images.pokemontcg.io/swsh8/99_hires.png,2026/08/08,2026/01/16,0.04,0.009999999776482582,0.15000000596046448,19.979999542236328,,0.2,,,,0.0577,0.0231,0.1038,0.2192,0.05770000070333481,0.1615,0.0807,0.1615,0.2192,0.1846,1.1535,2026-08-09
swsh8-97,Eelektross,normal,Fusion Strike,97,Rare,OKACHEKE,Stage 2,604,Pokémon,2021/11/12,"tcgplayer,cardmarket",https://prices.pokemontcg.io/tcgplayer/swsh8-97,https://images.pokemontcg.io/swsh8/97_hires.png,2026/08/08,2026/01/16,0.1,0.019999999552965164,0.20000000298023224,19.979999542236328,,0.19,,,,0.15,0.0231,0.1154,0.2538,0.023099999874830246,0.1038,0.1269,0.1154,0.2768,0.2884,1.1535,2026-08-09
swsh8-100,Charjabug,normal,Fusion Strike,100,Uncommon,sowsow,Stage 1,737,Pokémon,2021/11/12,"tcgplayer,cardmarket",https://prices.pokemontcg.io/tcgplayer/swsh8-100,https://images.pokemontcg.io/swsh8/100_hires.png,2026/08/08,2026/01/16,0.16,0.029999999329447746,0.20000000298023224,20.0,,0.29,,,,0.1038,0.0231,0.1038,0.2768,0.11540000140666962,0.0807,0.0923,0.2884,0.3691,0.3114,1.1535,2026-08-09
swsh8-102,Zeraora,normal,Fusion Strike,102,Rare,Teeziro,Basic,807,Pokémon,2021/11/12,"tcgplayer,cardmarket",https://prices.pokemontcg.io/tcgplayer/swsh8-102,https://images.pokemontcg.io/swsh8/102_hires.png,2026/08/08,2025/12/07,0.24,0.029999999329447746,0.25,19.979999542236328,,0.35,,,,0.0923,0.0231,0.1269,0.2653,0.15000000596046448,0.1384,0.1038,0.173,0.2768,0.3922,1.1535,2026-08-09
swsh8-103,Boltund V,holofoil,Fusion Strike,103,Rare Holo V,Shin Nagasawa,Basic|V,836,Pokémon,2021/11/12,"tcgplayer,cardmarket",https://prices.pokemontcg.io/tcgplayer/swsh8-103,https://images.pokemontcg.io/swsh8/103_hires.png,2026/08/08,2025/12/07,0.78,0.44999998807907104,0.9900000095367432,19.18000030517578,,,,,,0.8421,0.2884,0.819,0.0,0.8766999840736389,0.9689,0.8767,0.0,0.0,0.0,1.1535,2026-08-09
swsh8-104,Boltund VMAX,holofoil,Fusion Strike,104,Rare Holo VMAX,PLANETA Tsuji,VMAX,836,Pokémon,2021/11/12,"tcgplayer,cardmarket",https://prices.pokemontcg.io/tcgplayer/swsh8-104,https://images.pokemontcg.io/swsh8/104_hires.png,2026/08/08,2025/12/07,1.86,0.9900000095367432,2.009999990463257,50.0,,,,,,1.5457,0.6921,1.3957,0.0,1.153499960899353,1.4534,1.5342,0.0,0.0,0.0,1.1535,2026-08-09
swsh8-105,Toxel,normal,Fusion Strike,105,Common,Mina Nakai,Basic,848,Pokémon,2021/11/12,"tcgplayer,cardmarket",https://prices.pokemontcg.io/tcgplayer/swsh8-105,https://images.pokemontcg.io/swsh8/105_hires.png,2026/08/08,2025/12/07,0.16,0.009999999776482582,0.20000000298023224,18.479999542236328,,0.28,,,,0.0346,0.0231,0.0231,0.1961,0.05770000070333481,0.0231,0.0346,0.0346,0.2307,0.1846,1.1535,2026-08-09
swsh8-106,Toxel,normal,Fusion Strike,106,Common,kodama,Basic|Fusion Strike,848,Pokémon,2021/11/12,"tcgplayer,cardmarket",https://prices.pokemontcg.io/tcgplayer/swsh8-106,https://images.pokemontcg.io/swsh8/106_hires.png,2026/08/08,2025/12/07,0.1,0.009999999776482582,0.15000000596046448,1.9900000095367432,,0.25,,,,0.0346,0.0231,0.0346,0.3114,0.03460000082850456,0.0346,0.0461,0.5767,0.346,0.2768,1.1535,2026-08-09
swsh8-108,Toxtricity,holofoil,Fusion Strike,108,Rare Holo,nagimiso,Stage 1|Fusion Strike,849,Pokémon,2021/11/12,"tcgplayer,cardmarket",https://prices.pokemontcg.io/tcgplayer/swsh8-108,https://images.pokemontcg.io/swsh8/108_hires.png,2026/08/08,2025/12/07,0.27,0.05999999865889549,0.2800000011920929,2.990000009536743,,0.3,,,,0.173,0.0231,0.2653,0.4499,0.05770000070333481,0.2884,0.173,0.1038,0.2884,0.3807,1.1535,2026-08-09
swsh8-107,Toxtricity,holofoil,Fusion Strike,107,Rare Holo,Ryuta Fuse,Stage 1,849,Pokémon,2021/11/12,"tcgplayer,cardmarket",https://prices.pokemontcg.io/tcgplayer/swsh8-107,https://images.pokemontcg.io/swsh8/107_hires.png,2026/08/08,2025/12/07,0.24,0.029999999329447746,0.25,19.979999542236328,,0.36,,,,0.2076,0.0231,0.2884,0.4153,0.23070000112056732,0.2884,0.2422,0.0807,0.2307,0.346,1.1535,2026-08-09
swsh8-113,Mew V,holofoil,Fusion Strike,113,Rare Holo V,Mitsuhiro Arita,Basic|V|Fusion Strike,151,Pokémon,2021/11/12,"tcgplayer,cardmarket",https://prices.pokemontcg.io/tcgplayer/swsh8-113,https://images.pokemontcg.io/swsh8/113_hires.png,2026/08/08,2025/12/07,4.48,3.140000104904175,5.539999961853027,40.31999969482422,,,,,,2.0763,0.346,2.0302,0.0,1.8109999895095825,1.9956,2.0763,0.0,0.0,0.0,1.1535,2026-08-09
swsh8-111,Wigglytuff,normal,Fusion Strike,111,Uncommon,Asako Ito,Stage 1,40,Pokémon,2021/11/12,"tcgplayer,cardmarket",https://prices.pokemontcg.io/tcgplayer/swsh8-111,https://images.pokemontcg.io/swsh8/111_hires.png,2026/08/08,2025/12/07,1.11,0.1599999964237213,1.1299999952316284,19.979999542236328,,3.12,,,,0.0923,0.0231,0.1961,0.3345,0.23070000112056732,0.1846,0.1038,0.2307,0.4037,0.323,1.1535,2026-08-09
swsh8-110,Jigglypuff,normal,Fusion Strike,110,Common,Saya Tsuruta,Basic,39,Pokémon,2021/11/12,"tcgplayer,cardmarket",https://prices.pokemontcg.io/tcgplayer/swsh8-110,https://images.pokemontcg.io/swsh8/110_hires.png,2026/08/08,2025/12/07,0.26,0.03999999910593033,0.25999999046325684,19.979999542236328,,0.48,,,,0.0577,0.0231,0.0577,0.323,0.08070000261068344,0.0461,0.0577,0.2884,0.3114,0.323,1.1535,2026-08-09
swsh8-112,Jynx,normal,Fusion Strike,112,Common,Shigenori Negishi,Basic,124,Pokémon,2021/11/12,"tcgplayer,cardmarket",https://prices.pokemontcg.io/tcgplayer/swsh8-112,https://images.pokemontcg.io/swsh8/112_hires.png,2026/08/08,2025/11/21,0.17,0.009999999776482582,0.17000000178813934,19.979999542236328,,0.26,,,,0.0346,0.0231,0.0923,0.1615,0.023099999874830246,0.0577,0.0461,0.2307,0.2307,0.2192,1.1535,2026-08-09
swsh8-109,Morpeko,normal,Fusion Strike,109,Common,Sanosuke Sakuma,Basic,877,Pokémon,2021/11/12,"tcgplayer,cardmarket",https://prices.pokemontcg.io/tcgplayer/swsh8-109,https://images.pokemontcg.io/swsh8/109_hires.png,2026/08/08,2025/11/21,0.18,0.019999999552965164,0.20000000298023224,17.579999923706055,,0.27,,,,0.0461,0.0231,0.0577,0.173,0.03460000082850456,0.0461,0.0461,0.4614,0.2653,0.1846,1.1535,2026-08-09
swsh8-114,Mew VMAX,holofoil,Fusion Strike,114,Rare Holo VMAX,5ban Graphics,VMAX|Fusion Strike,151,Pokémon,2021/11/12,"tcgplayer,cardmarket",https://prices.pokemontcg.io/tcgplayer/swsh8-114,https://images.pokemontcg.io/swsh8/114_hires.png,2026/08/08,2025/11/21,15.91,12.0,17.760000228881836,143.19000244140625,,,,,,12.4924,2.307,14.9148,0.0,14.937800407409668,13.0692,12.6424,0.0,0.0,0.0,1.1535,2026-08-09
swsh8-115,Snubbull,normal,Fusion Strike,115,Common,Kyoko Umemoto,Basic,209,Pokémon,2021/11/12,"tcgplayer,cardmarket",https://prices.pokemontcg.io/tcgplayer/swsh8-115,https://images.pokemontcg.io/swsh8/115_hires.png,2026/08/08,2025/11/21,0.15,0.009999999776482582,0.18000000715255737,2.990000009536743,,0.3,,,,0.0461,0.0231,0.0577,0.2076,0.023099999874830246,0.0231,0.0461,0.173,0.1961,0.2307,1.1535,2026-08-09
swsh8-116,Granbull,normal,Fusion Strike,116,Rare,Akira Komayama,Stage 1,210,Pokémon,2021/11/12,"tcgplayer,cardmarket",https://prices.pokemontcg.io/tcgplayer/swsh8-116,https://images.pokemontcg.io/swsh8/116_hires.png,2026/08/08,2025/11/21,0.09,0.019999999552965164,0.1899999976158142,16.3799991607666,,0.27,,,,0.1038,0.0231,0.0923,0.3345,0.05770000070333481,0.1269,0.1269,0.2192,0.3114,0.346,1.1535,2026-08-09
swsh8-117,Galarian Corsola,normal,Fusion Strike,117,Common,Kouki Saitou,Basic,222,Pokémon,2021/11/12,"tcgplayer,cardmarket",https://prices.pokemontcg.io/tcgplayer/swsh8-117,https://images.pokemontcg.io/swsh8/117_hires.png,2026/08/08,2025/11/21,0.06,0.009999999776482582,0.1599999964237213,2.990000009536743,,0.29,,,,0.0461,0.0231,0.0346,0.1846,0.023099999874830246,0.0231,0.0461,0.173,0.2076,0.2192,1.1535,2026-08-09
swsh8-118,Galarian Cursola,normal,Fusion Strike,118,Rare,Misa Tsutsui,Stage 1,864,Pokémon,2021/11/12,"tcgplayer,cardmarket",https://prices.pokemontcg.io/tcgplayer/swsh8-118,https://images.pokemontcg.io/swsh8/118_hires.png,2026/08/08,2025/11/21,0.33,0.05000000074505806,0.30000001192092896,4.0,,0.35,,,,0.1961,0.0231,0.1961,0.2768,0.06920000165700912,0.2307,0.1846,0.5191,0.2653,0.346,1.1535,2026-08-09
swsh8-119,Mawile,normal,Fusion Strike,119,Common,Kouki Saitou,Basic,303,Pokémon,2021/11/12,"tcgplayer,cardmarket",https://prices.pokemontcg.io/tcgplayer/swsh8-119,https://images.pokemontcg.io/swsh8/119_hires.png,2026/08/08,2025/11/21,0.19,0.009999999776482582,0.1899999976158142,1000.0,,0.31,,,,0.0346,0.0231,0.0346,0.2422,0.023099999874830246,0.0346,0.0346,0.2076,0.1846,0.2538,1.1535,2026-08-09
swsh8-121,Munna,normal,Fusion Strike,121,Common,miki kudo,Basic,517,Pokémon,2021/11/12,"tcgplayer,cardmarket",https://prices.pokemontcg.io/tcgplayer/swsh8-121,https://images.pokemontcg.io/swsh8/121_hires.png,2026/08/08,2025/11/21,0.08,0.009999999776482582,0.1599999964237213,2.180000066757202,,0.27,,,,0.0692,0.0231,0.0577,0.2653,0.023099999874830246,0.0577,0.0692,0.2422,0.2538,0.2422,1.1535,2026-08-09
swsh8-122,Musharna,normal,Fusion Strike,122,Uncommon,Tika Matsuno,Stage 1,518,Pokémon,2021/11/12,"tcgplayer,cardmarket",https://prices.pokemontcg.io/tcgplayer/swsh8-122,https://images.pokemontcg.io/swsh8/122_hires.png,2026/08/08,2025/11/21,0.2,0.009999999776482582,0.20000000298023224,30.0,,0.36,,,,0.0807,0.0231,0.0923,0.2538,0.13840000331401825,0.1038,0.0923,0.2076,0.2307,0.2307,1.1535,2026-08-09
swsh8-120,Deoxys,holofoil,Fusion Strike,120,Rare Holo,Kouki Saitou,Basic|Fusion Strike|Single Strike|Rapid Strike,386,Pokémon,2021/11/12,"tcgplayer,cardmarket",https://prices.pokemontcg.io/tcgplayer/swsh8-120,https://images.pokemontcg.io/swsh8/120_hires.png,2026/08/08,2025/11/21,0.28,0.10000000149011612,0.3199999928474426,19.979999542236328,,0.36,,,,0.2307,0.0231,0.2538,0.4037,0.3230000138282776,0.2768,0.3114,1.7187,0.6344,0.4499,1.1535,2026-08-09
swsh8-123,Sigilyph,normal,Fusion Strike,123,Common,Yukiko Baba,Basic,561,Pokémon,2021/11/12,"tcgplayer,cardmarket",https://prices.pokemontcg.io/tcgplayer/swsh8-123,https://images.pokemontcg.io/swsh8/123_hires.png,2026/08/08,2025/11/21,0.09,0.009999999776482582,0.15000000596046448,19.979999542236328,,0.29,,,,0.0346,0.0231,0.0346,0.2422,0.023099999874830246,0.0231,0.0346,0.173,0.2307,0.2307,1.1535,2026-08-09
swsh8-124,Meloetta,normal,Fusion Strike,124,Rare,kirisAki,Basic|Fusion Strike,648,Pokémon,2021/11/12,"tcgplayer,cardmarket",https://prices.pokemontcg.io/tcgplayer/swsh8-124,https://images.pokemontcg.io/swsh8/124_hires.png,2026/08/08,2025/11/21,0.22,0.019999999552965164,0.25,5.210000038146973,,0.35,,,,0.1384,0.0231,0.173,0.3922,0.023099999874830246,0.15,0.1384,0.3345,0.4499,0.4037,1.1535,2026-08-09
swsh8-125,Sandygast,normal,Fusion Strike,125,Common,KIYOTAKA OSHIYAMA,Basic,769,Pokémon,2021/11/12,"tcgplayer,cardmarket",https://prices.pokemontcg.io/tcgplayer/swsh8-125,https://images.pokemontcg.io/swsh8/125_hires.png,2026/08/08,2025/11/21,0.13,0.009999999776482582,0.17000000178813934,56.0,,0.16,,,,0.0346,0.0231,0.0231,0.2307,0.023099999874830246,0.0231,0.0346,0.173,0.1961,0.2192,1.1535,2026-08-09
swsh8-126,Palossand,normal,Fusion Strike,126,Rare,Shibuzoh.,Stage 1,770,Pokémon,2021/11/12,"tcgplayer,cardmarket",https://prices.pokemontcg.io/tcgplayer/swsh8-126,https://images.pokemontcg.io/swsh8/126_hires.png,2026/08/08,2025/11/21,0.09,0.03999999910593033,0.20000000298023224,17.15999984741211,,0.32,,,,0.1038,0.0231,0.0807,0.323,0.04610000178217888,0.0577,0.1038,0.2307,0.2538,0.323,1.1535,2026-08-09
swsh8-127,Indeedee,normal,Fusion Strike,127,Common,Misa Tsutsui,Basic,876,Pokémon,2021/11/12,"tcgplayer,cardmarket",https://prices.pokemontcg.io/tcgplayer/swsh8-127,https://images.pokemontcg.io/swsh8/127_hires.png,2026/08/08,2025/11/21,0.06,0.009999999776482582,0.17000000178813934,16.579999923706055,,0.33,,,,0.0346,0.0231,0.0346,0.173,0.05770000070333481,0.0231,0.0346,0.1384,0.2422,0.2076,1.1535,2026-08-09
swsh8-128,Dreepy,normal,Fusion Strike,128,Common,Teeziro,Basic|Fusion Strike,885,Pokémon,2021/11/12,"tcgplayer,cardmarket",https://prices.pokemontcg.io/tcgplayer/swsh8-128,https://images.pokemontcg.io/swsh8/128_hires.png,2026/08/08,2025/11/21,0.07,0.009999999776482582,0.15000000596046448,19.979999542236328,,0.22,,,,0.0692,0.0231,0.0577,0.2538,0.023099999874830246,0.0461,0.0577,0.1154,0.2884,0.2307,1.1535,2026-08-09
swsh8-130,Dragapult,holofoil,Fusion Strike,130,Rare Holo,Souichirou Gunjima,Stage 2|Fusion Strike,887,Pokémon,2021/11/12,"tcgplayer,cardmarket",https://prices.pokemontcg.io/tcgplayer/swsh8-130,https://images.pokemontcg.io/swsh8/130_hires.png,2026/08/08,2025/11/21,0.37,0.05999999865889549,0.33000001311302185,19.979999542236328,,0.4,,,,0.2192,0.0231,0.2076,0.346,0.11540000140666962,0.2422,0.2307,0.3807,0.3691,0.3691,1.1535,2026-08-09
swsh8-129,Drakloak,normal,Fusion Strike,129,Uncommon,HYOGONOSUKE,Stage 1|Fusion Strike,886,Pokémon,2021/11/12,"tcgplayer,cardmarket",https://prices.pokemontcg.io/tcgplayer/swsh8-129,https://images.pokemontcg.io/swsh8/129_hires.png,2026/08/08,2025/11/21,0.11,0.009999999776482582,0.18000000715255737,2.990000009536743,,0.3,,,,0.0923,0.0231,0.0807,0.2653,0.1615000069141388,0.0807,0.0807,0.2538,0.2538,0.2768,1.1535,2026-08-09
swsh8-133,Mankey,normal,Fusion Strike,133,Common,sowsow,Basic,56,Pokémon,2021/11/12,"tcgplayer,cardmarket",https://prices.pokemontcg.io/tcgplayer/swsh8-133,https://images.pokemontcg.io/swsh8/133_hires.png,2026/08/08,2025/11/21,0.14,0.009999999776482582,0.15000000596046448,20.0,,0.25,,,,0.0346,0.0231,0.0461,0.2192,0.11540000140666962,0.0231,0.0346,0.2884,0.2307,0.2422,1.1535,2026-08-09
swsh8-131,Sandshrew,normal,Fusion Strike,131,Common,Yuka Morii,Basic,27,Pokémon,2021/11/12,"tcgplayer,cardmarket",https://prices.pokemontcg.io/tcgplayer/swsh8-131,https://images.pokemontcg.io/swsh8/131_hires.png,2026/08/08,2025/11/21,0.29,0.09000000357627869,0.30000001192092896,98.0,,0.62,,,,0.0461,0.0231,0.0461,0.2999,0.06920000165700912,0.0577,0.0461,0.1846,0.2307,0.2768,1.1535,2026-08-09
swsh8-132,Sandslash,normal,Fusion Strike,132,Uncommon,Kyoko Umemoto,Stage 1,28,Pokémon,2021/11/12,"tcgplayer,cardmarket",https://prices.pokemontcg.io/tcgplayer/swsh8-132,https://images.pokemontcg.io/swsh8/132_hires.png,2026/08/08,2025/11/21,0.04,0.009999999776482582,0.18000000715255737,19.979999542236328,,0.3,,,,0.0692,0.0231,0.0692,0.2538,0.03460000082850456,0.0461,0.0807,0.1384,0.2422,0.2884,1.1535,2026-08-09
swsh8-135,Geodude,normal,Fusion Strike,135,Common,OKACHEKE,Basic,74,Pokémon,2021/11/12,"tcgplayer,cardmarket",https://prices.pokemontcg.io/tcgplayer/swsh8-135,https://images.pokemontcg.io/swsh8/135_hires.png,2026/08/08,2025/11/21,0.05,0.009999999776482582,0.15000000596046448,19.979999542236328,,0.34,,,,0.0461,0.0231,0.0346,0.3114,0.023099999874830246,0.0346,0.0461,0.2422,0.323,0.2422,1.1535,2026-08-09
swsh8-134,Primeape,normal,Fusion Strike,134,Uncommon,Yuya Oka,Stage 1,57,Pokémon,2021/11/12,"tcgplayer,cardmarket",https://prices.pokemontcg.io/tcgplayer/swsh8-134,https://images.pokemontcg.io/swsh8/134_hires.png,2026/08/08,2025/11/21,0.08,0.009999999776482582,0.1599999964237213,19.979999542236328,,0.25,,,,0.0346,0.0231,0.0346,0.2192,0.05770000070333481,0.0346,0.0461,0.2884,0.2076,0.2307,1.1535,2026-08-09
swsh8-137,Golem,normal,Fusion Strike,137,Rare,KEIICHIRO ITO,Stage 2,76,Pokémon,2021/11/12,"tcgplayer,cardmarket",https://prices.pokemontcg.io/tcgplayer/swsh8-137,https://images.pokemontcg.io/swsh8/137_hires.png,2026/08/08,2025/11/21,0.28,0.03999999910593033,0.2800000011920929,20.0,,0.38,,,,0.1846,0.0231,0.2076,0.3922,0.15000000596046448,0.2192,0.1961,0.3922,0.3807,0.4614,1.1535,2026-08-09
swsh8-139,Steelix,holofoil,Fusion Strike,139,Rare Holo,Ryuta Fuse,Stage 1,208,Pokémon,2021/11/12,"tcgplayer,cardmarket",https://prices.pokemontcg.io/tcgplayer/swsh8-139,https://images.pokemontcg.io/swsh8/139_hires.png,2026/08/08,2025/11/21,0.28,0.03999999910593033,0.27000001072883606,1000.0,,0.39,,,,0.2422,0.0231,0.2884,0.2884,0.219200000166893,0.2768,0.2422,0.173,0.2653,0.2999,1.1535,2026-08-09
swsh8-136,Graveler,normal,Fusion Strike,136,Uncommon,Masakazu Fukuda,Stage 1,75,Pokémon,2021/11/12,"tcgplayer,cardmarket",https://prices.pokemontcg.io/tcgplayer/swsh8-136,https://images.pokemontcg.io/swsh8/136_hires.png,2026/08/08,2025/11/21,0.05,0.009999999776482582,0.17000000178813934,1000.0,,0.24,,,,0.0577,0.0231,0.0577,0.1961,0.03460000082850456,0.0461,0.0577,0.2192,0.1961,0.2192,1.1535,2026-08-09
swsh8-138,Onix,normal,Fusion Strike,138,Common,KEIICHIRO ITO,Basic,95,Pokémon,2021/11/12,"tcgplayer,cardmarket",https://prices.pokemontcg.io/tcgplayer/swsh8-138,https://images.pokemontcg.io/swsh8/138_hires.png,2026/08/08,2025/11/21,0.11,0.009999999776482582,0.15000000596046448,25.0,,0.21,,,,0.0346,0.0231,0.0346,0.2422,0.03460000082850456,0.0231,0.0346,0.1038,0.1846,0.2076,1.1535,2026-08-09
swsh8-142,Makuhita,normal,Fusion Strike,142,Common,Oswaldo KATO,Basic|Single Strike,296,Pokémon,2021/11/12,"tcgplayer,cardmarket",https://prices.pokemontcg.io/tcgplayer/swsh8-142,https://images.pokemontcg.io/swsh8/142_hires.png,2026/08/08,2025/11/21,0.04,0.009999999776482582,0.15000000596046448,2.990000009536743,,0.21,,,,0.0346,0.0231,0.0346,0.2422,0.11540000140666962,0.0231,0.0346,0.1846,0.3114,0.2076,1.1535,2026-08-09
swsh8-140,Gligar,normal,Fusion Strike,140,Common,Misa Tsutsui,Basic,207,Pokémon,2021/11/12,"tcgplayer,cardmarket",https://prices.pokemontcg.io/tcgplayer/swsh8-140,https://images.pokemontcg.io/swsh8/140_hires.png,2026/08/08,2025/11/21,0.05,0.009999999776482582,0.15000000596046448,2.990000009536743,,0.24,,,,0.0461,0.0231,0.0461,0.2076,0.11540000140666962,0.0461,0.0577,0.2538,0.1846,0.1846,1.1535,2026-08-09
swsh8-141,Gliscor,normal,Fusion Strike,141,Uncommon,SATOSHI NAKAI,Stage 1,472,Pokémon,2021/11/12,"tcgplayer,cardmarket",https://prices.pokemontcg.io/tcgplayer/swsh8-141,https://images.pokemontcg.io/swsh8/141_hires.png,2026/08/08,2025/11/21,0.04,0.009999999776482582,0.15000000596046448,2.990000009536743,,0.24,,,,0.0346,0.0231,0.0231,0.2538,0.11540000140666962,0.0346,0.0461,0.1154,0.2538,0.2422,1.1535,2026-08-09
swsh8-144,Baltoy,normal,Fusion Strike,144,Common,Sumiyoshi Kizuki,Basic,343,Pokémon,2021/11/12,"tcgplayer,cardmarket",https://prices.pokemontcg.io/tcgplayer/swsh8-144,https://images.pokemontcg.io/swsh8/144_hires.png,2026/08/08,2025/11/21,0.02,0.009999999776482582,0.15000000596046448,411.0,,0.07,,,,0.0346,0.0231,0.0346,0.1846,0.06920000165700912,0.0346,0.0346,0.0923,0.1846,0.173,1.1535,2026-08-09
swsh8-143,Hariyama,normal,Fusion Strike,143,Uncommon,Hitoshi Ariga,Stage 1|Single Strike,297,Pokémon,2021/11/12,"tcgplayer,cardmarket",https://prices.pokemontcg.io/tcgplayer/swsh8-143,https://images.pokemontcg.io/swsh8/143_hires.png,2026/08/08,2025/11/21,0.11,0.009999999776482582,0.18000000715255737,19.600000381469727,,0.24,,,,0.0461,0.0231,0.0346,0.2307,0.04610000178217888,0.0577,0.0577,0.2653,0.2884,0.2768,1.1535,2026-08-09
swsh8-147,Drilbur,normal,Fusion Strike,147,Common,tetsuya koizumi,Basic,529,Pokémon,2021/11/12,"tcgplayer,cardmarket",https://prices.pokemontcg.io/tcgplayer/swsh8-147,https://images.pokemontcg.io/swsh8/147_hires.png,2026/08/08,2025/11/21,0.09,0.009999999776482582,0.15000000596046448,19.979999542236328,,0.23,,,,0.0346,0.0231,0.0346,0.3576,0.11540000140666962,0.0231,0.0346,1.142,0.3576,0.2422,1.1535,2026-08-09
swsh8-146,Lucario V,holofoil,Fusion Strike,146,Rare Holo V,aky CG Works,Basic|V,448,Pokémon,2021/11/12,"tcgplayer,cardmarket",https://prices.pokemontcg.io/tcgplayer/swsh8-146,https://images.pokemontcg.io/swsh8/146_hires.png,2026/08/08,2025/11/21,1.76,0.9900000095367432,1.7899999618530273,19.979999542236328,,,,,,1.7072,0.5767,1.5457,0.0,1.315000057220459,1.5688,1.661,0.0,0.0,0.0,1.1535,2026-08-09
swsh8-148,Landorus,holofoil,Fusion Strike,148,Rare Holo,NC Empire,Basic,645,Pokémon,2021/11/12,"tcgplayer,cardmarket",https://prices.pokemontcg.io/tcgplayer/swsh8-148,https://images.pokemontcg.io/swsh8/148_hires.png,2026/08/08,2025/11/21,0.18,0.009999999776482582,0.20000000298023224,20.0,,0.23,,,,0.173,0.0231,0.2307,0.2076,0.20759999752044678,0.173,0.173,0.1846,0.1615,0.2422,1.1535,2026-08-09
swsh8-149,Pancham,normal,Fusion Strike,149,Common,Mina Nakai,Basic,674,Pokémon,2021/11/12,"tcgplayer,cardmarket",https://prices.pokemontcg.io/tcgplayer/swsh8-149,https://images.pokemontcg.io/swsh8/149_hires.png,2026/08/08,2025/11/21,0.13,0.009999999776482582,0.1599999964237213,2.990000009536743,,0.29,,,,0.0346,0.0231,0.0577,0.2076,0.11540000140666962,0.0577,0.0461,0.1384,0.3922,0.2076,1.1535,2026-08-09
swsh8-150,Stufful,normal,Fusion Strike,150,Common,OKACHEKE,Basic,759,Pokémon,2021/11/12,"tcgplayer,cardmarket",https://prices.pokemontcg.io/tcgplayer/swsh8-150,https://images.pokemontcg.io/swsh8/150_hires.png,2026/08/08,2025/11/21,0.09,0.009999999776482582,0.18000000715255737,16.780000686645508,,0.28,,,,0.0346,0.0231,0.0231,0.1846,0.023099999874830246,0.0231,0.0346,0.173,0.2768,0.1961,1.1535,2026-08-09
swsh8-145,Claydol,normal,Fusion Strike,145,Rare,Akira Komayama,Stage 1,344,Pokémon,2021/11/12,"tcgplayer,cardmarket",https://prices.pokemontcg.io/tcgplayer/swsh8-145,https://images.pokemontcg.io/swsh8/145_hires.png,2026/08/08,2025/11/21,0.06,0.009999999776482582,0.20000000298023224,16.6200008392334,,0.22,,,,0.1038,0.0231,0.0807,0.2422,0.05770000070333481,0.1154,0.0923,0.1154,0.2076,0.2307,1.1535,2026-08-09
swsh8-151,Bewear,normal,Fusion Strike,151,Uncommon,Shigenori Negishi,Stage 1,760,Pokémon,2021/11/12,"tcgplayer,cardmarket",https://prices.pokemontcg.io/tcgplayer/swsh8-151,https://images.pokemontcg.io/swsh8/151_hires.png,2026/08/08,2025/11/21,0.06,0.009999999776482582,0.15000000596046448,1000.0,,0.26,,,,0.0346,0.0231,0.0461,0.323,0.023099999874830246,0.0461,0.0346,0.3807,0.2422,0.2884,1.1535,2026-08-09
swsh8-153,Grapploct,normal,Fusion Strike,153,Uncommon,Souichirou Gunjima,Stage 1,853,Pokémon,2021/11/12,"tcgplayer,cardmarket",https://prices.pokemontcg.io/tcgplayer/swsh8-153,https://images.pokemontcg.io/swsh8/153_hires.png,2026/08/08,2025/11/21,0.03,0.009999999776482582,0.1599999964237213,1000.0,,0.24,,,,0.0807,0.0231,0.0807,0.173,0.09229999780654907,0.0461,0.0692,0.15,0.173,0.2307,1.1535,2026-08-09
swsh8-154,Falinks,normal,Fusion Strike,154,Uncommon,Akira Komayama,Basic,870,Pokémon,2021/11/12,"tcgplayer,cardmarket",https://prices.pokemontcg.io/tcgplayer/swsh8-154,https://images.pokemontcg.io/swsh8/154_hires.png,2026/08/08,2025/11/21,0.05,0.009999999776482582,0.15000000596046448,2.990000009536743,,0.17,,,,0.0346,0.0231,0.0231,0.2192,0.023099999874830246,0.0231,0.0346,0.1615,0.173,0.1846,1.1535,2026-08-09
swsh8-152,Clobbopus,normal,Fusion Strike,152,Common,Mizue,Basic,852,Pokémon,2021/11/12,"tcgplayer,cardmarket",https://prices.pokemontcg.io/tcgplayer/swsh8-152,https://images.pokemontcg.io/swsh8/152_hires.png,2026/08/08,2025/11/21,0.08,0.009999999776482582,0.15000000596046448,20.0,,0.3,,,,0.0346,0.0231,0.0346,0.2307,0.03460000082850456,0.0231,0.0346,0.1154,0.15,0.2192,1.1535,2026-08-09
swsh8-155,Falinks,normal,Fusion Strike,155,Common,Yuu Nishida,Basic,870,Pokémon,2021/11/12,"tcgplayer,cardmarket",https://prices.pokemontcg.io/tcgplayer/swsh8-155,https://images.pokemontcg.io/swsh8/155_hires.png,2026/08/08,2025/11/21,0.04,0.009999999776482582,0.15000000596046448,2.990000009536743,,0.15,,,,0.0231,0.0231,0.0231,0.173,0.023099999874830246,0.0231,0.0231,0.1269,0.1961,0.1846,1.1535,2026-08-09
swsh8-156,Gengar V,holofoil,Fusion Strike,156,Rare Holo V,5ban Graphics,Basic|V|Single Strike,94,Pokémon,2021/11/12,"tcgplayer,cardmarket",https://prices.pokemontcg.io/tcgplayer/swsh8-156,https://images.pokemontcg.io/swsh8/156_hires.png,2026/08/08,2025/11/21,10.25,7.5,11.720000267028809,99.98999786376953,,,,,,8.5244,2.8838,7.913,0.0,7.128600120544434,8.6512,8.1898,0.0,0.0,0.0,1.1535,2026-08-09
swsh8-157,Gengar VMAX,holofoil,Fusion Strike,157,Rare Holo VMAX,5ban Graphics,VMAX|Single Strike,94,Pokémon,2021/11/12,"tcgplayer,cardmarket",https://prices.pokemontcg.io/tcgplayer/swsh8-157,https://images.pokemontcg.io/swsh8/157_hires.png,2026/08/08,2025/11/21,44.34,39.61000061035156,50.08000183105469,400.0,,,,,,36.266,20.1863,32.2057,0.0,79.13009643554688,47.4204,35.7008,0.0,0.0,0.0,1.1535,2026-08-09
swsh8-160,Galarian Linoone,normal,Fusion Strike,160,Uncommon,sowsow,Stage 1,264,Pokémon,2021/11/12,"tcgplayer,cardmarket",https://prices.pokemontcg.io/tcgplayer/swsh8-160,https://images.pokemontcg.io/swsh8/160_hires.png,2026/08/08,2025/11/18,0.21,0.029999999329447746,0.20000000298023224,2.990000009536743,,0.31,,,,0.0461,0.0231,0.0461,0.2422,0.03460000082850456,0.0461,0.0692,0.4037,0.2768,0.2653,1.1535,2026-08-09
swsh8-158,Tyranitar V,holofoil,Fusion Strike,158,Rare Holo V,5ban Graphics,Basic|V,248,Pokémon,2021/11/12,"tcgplayer,cardmarket",https://prices.pokemontcg.io/tcgplayer/swsh8-158,https://images.pokemontcg.io/swsh8/158_hires.png,2026/08/08,2025/11/18,1.56,0.699999988079071,2.0399999618530273,19.979999542236328,,,,,,1.315,0.4037,1.4303,0.0,2.0532000064849854,1.4649,1.3496,0.0,0.0,0.0,1.1535,2026-08-09
swsh8-159,Galarian Zigzagoon,normal,Fusion Strike,159,Common,Eri Yamaki,Basic,263,Pokémon,2021/11/12,"tcgplayer,cardmarket",https://prices.pokemontcg.io/tcgplayer/swsh8-159,https://images.pokemontcg.io/swsh8/159_hires.png,2026/08/08,2025/11/18,0.06,0.009999999776482582,0.15000000596046448,2.990000009536743,,0.28,,,,0.0461,0.0231,0.0231,0.1961,0.023099999874830246,0.0231,0.0461,0.0346,0.2192,0.2076,1.1535,2026-08-09
swsh8-161,Galarian Obstagoon,holofoil,Fusion Strike,161,Rare Holo,kodama,Stage 2,862,Pokémon,2021/11/12,"tcgplayer,cardmarket",https://prices.pokemontcg.io/tcgplayer/swsh8-161,https://images.pokemontcg.io/swsh8/161_hires.png,2026/08/08,2025/11/18,0.27,0.05000000074505806,0.25999999046325684,18.760000228881836,,0.28,,,,0.323,0.0231,0.15,0.3691,0.219200000166893,0.2884,0.6575,0.2192,0.346,0.346,1.1535,2026-08-09
swsh8-162,Carvanha,normal,Fusion Strike,162,Common,NC Empire,Basic,318,Pokémon,2021/11/12,"tcgplayer,cardmarket",https://prices.pokemontcg.io/tcgplayer/swsh8-162,https://images.pokemontcg.io/swsh8/162_hires.png,2026/08/08,2025/11/18,0.06,0.009999999776482582,0.15000000596046448,19.979999542236328,,0.25,,,,0.0346,0.0231,0.0577,0.1846,0.023099999874830246,0.0461,0.0461,0.2307,0.15,0.2192,1.1535,2026-08-09
swsh8-163,Sharpedo,normal,Fusion Strike,163,Uncommon,Hasuno,Stage 1,319,Pokémon,2021/11/12,"tcgplayer,cardmarket",https://prices.pokemontcg.io/tcgplayer/swsh8-163,https://images.pokemontcg.io/swsh8/163_hires.png,2026/08/08,2025/11/18,0.14,0.009999999776482582,0.17000000178813934,19.979999542236328,,0.22,,,,0.0692,0.0231,0.0692,0.2653,0.05770000070333481,0.0461,0.0692,0.0577,0.2076,0.2422,1.1535,2026-08-09
swsh8-164,Absol,normal,Fusion Strike,164,Rare,Eri Yamaki,Basic,359,Pokémon,2021/11/12,"tcgplayer,cardmarket",https://prices.pokemontcg.io/tcgplayer/swsh8-164,https://images.pokemontcg.io/swsh8/164_hires.png,2026/08/08,2025/11/18,0.34,0.07000000029802322,0.30000001192092896,4.0,,0.37,,,,0.1384,0.0231,0.1384,0.3576,0.17299999296665192,0.15,0.1384,0.5767,0.4729,0.4383,1.1535,2026-08-09
swsh8-165,Croagunk,normal,Fusion Strike,165,Common,Nagomi Nijo,Basic,453,Pokémon,2021/11/12,"tcgplayer,cardmarket",https://prices.pokemontcg.io/tcgplayer/swsh8-165,https://images.pokemontcg.io/swsh8/165_hires.png,2026/08/08,2025/11/18,0.04,0.009999999776482582,0.15000000596046448,2.440000057220459,,0.23,,,,0.0461,0.0231,0.0461,0.2192,0.023099999874830246,0.0231,0.0461,0.2307,0.1961,0.2307,1.1535,2026-08-09
swsh8-166,Toxicroak,normal,Fusion Strike,166,Rare,Masakazu Fukuda,Stage 1,454,Pokémon,2021/11/12,"tcgplayer,cardmarket",https://prices.pokemontcg.io/tcgplayer/swsh8-166,https://images.pokemontcg.io/swsh8/166_hires.png,2026/08/08,2025/11/18,0.11,0.03999999910593033,0.20000000298023224,19.979999542236328,,0.22,,,,0.1269,0.0231,0.15,0.3114,0.11540000140666962,0.1615,0.1269,0.5767,0.323,0.346,1.1535,2026-08-09
swsh8-167,Darkrai,normal,Fusion Strike,167,Uncommon,Megumi Mizutani,Basic,491,Pokémon,2021/11/12,"tcgplayer,cardmarket",https://prices.pokemontcg.io/tcgplayer/swsh8-167,https://images.pokemontcg.io/swsh8/167_hires.png,2026/08/08,2025/11/18,0.19,0.009999999776482582,0.20000000298023224,17.239999771118164,,0.3,,,,0.1269,0.0231,0.1384,0.4383,0.023099999874830246,0.1154,0.1154,0.323,0.5075,0.4153,1.1535,2026-08-09
swsh8-168,Trubbish,normal,Fusion Strike,168,Common,Shibuzoh.,Basic,568,Pokémon,2021/11/12,"tcgplayer,cardmarket",https://prices.pokemontcg.io/tcgplayer/swsh8-168,https://images.pokemontcg.io/swsh8/168_hires.png,2026/08/08,2025/11/18,0.19,0.03999999910593033,0.20000000298023224,2.990000009536743,,0.43,,,,0.0461,0.0231,0.0461,0.2422,0.04610000178217888,0.0346,0.0461,0.2307,0.3114,0.2768,1.1535,2026-08-09
swsh8-170,Zorua,normal,Fusion Strike,170,Common,nagimiso,Basic,570,Pokémon,2021/11/12,"tcgplayer,cardmarket",https://prices.pokemontcg.io/tcgplayer/swsh8-170,https://images.pokemontcg.io/swsh8/170_hires.png,2026/08/08,2025/11/18,0.1,0.009999999776482582,0.1599999964237213,20.0,,0.34,,,,0.0577,0.0231,0.0807,0.2653,0.17299999296665192,0.0577,0.0577,0.1154,0.1846,0.2307,1.1535,2026-08-09
swsh8-169,Garbodor,normal,Fusion Strike,169,Uncommon,Misa Tsutsui,Stage 1,569,Pokémon,2021/11/12,"tcgplayer,cardmarket",https://prices.pokemontcg.io/tcgplayer/swsh8-169,https://images.pokemontcg.io/swsh8/169_hires.png,2026/08/08,2025/11/18,0.14,0.009999999776482582,0.1899999976158142,19.860000610351562,,0.3,,,,0.0923,0.0231,0.1154,0.2076,0.11540000140666962,0.0923,0.0692,0.0231,0.1961,0.2538,1.1535,2026-08-09
swsh8-171,Zoroark,normal,Fusion Strike,171,Uncommon,Kouki Saitou,Stage 1,571,Pokémon,2021/11/12,"tcgplayer,cardmarket",https://prices.pokemontcg.io/tcgplayer/swsh8-171,https://images.pokemontcg.io/swsh8/171_hires.png,2026/08/08,2025/11/18,0.15,0.019999999552965164,0.17000000178813934,19.979999542236328,,0.33,,,,0.0692,0.0231,0.0807,0.2999,0.023099999874830246,0.0807,0.0807,0.5767,0.2653,0.2884,1.1535,2026-08-09
swsh8-172,Vullaby,normal,Fusion Strike,172,Common,Shigenori Negishi,Basic,629,Pokémon,2021/11/12,"tcgplayer,cardmarket",https://prices.pokemontcg.io/tcgplayer/swsh8-172,https://images.pokemontcg.io/swsh8/172_hires.png,2026/08/08,2025/11/18,0.06,0.009999999776482582,0.15000000596046448,2.990000009536743,,0.23,,,,0.0346,0.0231,0.0346,0.1846,0.023099999874830246,0.0346,0.0346,0.0577,0.15,0.1961,1.1535,2026-08-09
swsh8-173,Mandibuzz,normal,Fusion Strike,173,Uncommon,Narumi Sato,Stage 1,630,Pokémon,2021/11/12,"tcgplayer,cardmarket",https://prices.pokemontcg.io/tcgplayer/swsh8-173,https://images.pokemontcg.io/swsh8/173_hires.png,2026/08/08,2025/11/18,0.12,0.009999999776482582,0.15000000596046448,19.979999542236328,,0.26,,,,0.0692,0.0231,0.0807,0.2422,0.023099999874830246,0.0461,0.0692,0.0923,0.1961,0.2422,1.1535,2026-08-09
swsh8-174,Pangoro,normal,Fusion Strike,174,Uncommon,HYOGONOSUKE,Stage 1,675,Pokémon,2021/11/12,"tcgplayer,cardmarket",https://prices.pokemontcg.io/tcgplayer/swsh8-174,https://images.pokemontcg.io/swsh8/174_hires.png,2026/08/08,2025/11/18,0.06,0.009999999776482582,0.1899999976158142,2.990000009536743,,0.28,,,,0.0692,0.0231,0.0807,0.2422,0.17299999296665192,0.0807,0.0692,0.2192,0.2422,0.2422,1.1535,2026-08-09
swsh8-178,Grimmsnarl,holofoil,Fusion Strike,178,Rare Holo,kawayoo,Stage 2|Single Strike,861,Pokémon,2021/11/12,"tcgplayer,cardmarket",https://prices.pokemontcg.io/tcgplayer/swsh8-178,https://images.pokemontcg.io/swsh8/178_hires.png,2026/08/08,2025/11/18,0.22,0.03999999910593033,0.25,25.0,,0.3,,,,0.2538,0.0231,0.3114,0.4845,0.11540000140666962,0.1961,0.2422,0.5767,0.5998,0.4153,1.1535,2026-08-09
swsh8-177,Morgrem,normal,Fusion Strike,177,Uncommon,tetsuya koizumi,Stage 1|Single Strike,860,Pokémon,2021/11/12,"tcgplayer,cardmarket",https://prices.pokemontcg.io/tcgplayer/swsh8-177,https://images.pokemontcg.io/swsh8/177_hires.png,2026/08/08,2025/11/18,0.1,0.009999999776482582,0.15000000596046448,2.990000009536743,,0.25,,,,0.0577,0.0231,0.0577,0.2884,0.03460000082850456,0.0577,0.0577,0.2307,0.2653,0.2307,1.1535,2026-08-09
swsh8-180,Galarian Meowth,normal,Fusion Strike,180,Common,0313,Basic,52,Pokémon,2021/11/12,"tcgplayer,cardmarket",https://prices.pokemontcg.io/tcgplayer/swsh8-180,https://images.pokemontcg.io/swsh8/180_hires.png,2026/08/08,2025/11/18,0.18,0.009999999776482582,0.20000000298023224,19.979999542236328,,0.41,,,,0.0346,0.0231,0.0461,0.2653,0.03460000082850456,0.0346,0.0346,0.2192,0.323,0.2422,1.1535,2026-08-09
swsh8-175,Yveltal,normal,Fusion Strike,175,Rare,kawayoo,Basic|Single Strike,717,Pokémon,2021/11/12,"tcgplayer,cardmarket",https://prices.pokemontcg.io/tcgplayer/swsh8-175,https://images.pokemontcg.io/swsh8/175_hires.png,2026/08/08,2025/11/18,0.16,0.05000000074505806,0.20000000298023224,8.329999923706055,,0.34,,,,0.1384,0.0231,0.1384,0.3691,0.023099999874830246,0.1269,0.1269,0.3807,0.3807,0.4614,1.1535,2026-08-09
swsh8-179,Morpeko,normal,Fusion Strike,179,Common,Teeziro,Basic|Single Strike,877,Pokémon,2021/11/12,"tcgplayer,cardmarket",https://prices.pokemontcg.io/tcgplayer/swsh8-179,https://images.pokemontcg.io/swsh8/179_hires.png,2026/08/08,2025/11/18,0.19,0.009999999776482582,0.20000000298023224,1000.0,,0.26,,,,0.0577,0.0231,0.0692,0.2538,0.023099999874830246,0.0577,0.0577,0.1038,0.2307,0.2307,1.1535,2026-08-09
swsh8-176,Impidimp,normal,Fusion Strike,176,Common,sowsow,Basic|Single Strike,859,Pokémon,2021/11/12,"tcgplayer,cardmarket",https://prices.pokemontcg.io/tcgplayer/swsh8-176,https://images.pokemontcg.io/swsh8/176_hires.png,2026/08/08,2025/11/18,0.12,0.009999999776482582,0.17000000178813934,19.979999542236328,,0.24,,,,0.0346,0.0231,0.0461,0.323,0.04610000178217888,0.0346,0.0346,0.173,0.3114,0.2653,1.1535,2026-08-09
swsh8-184,Durant,normal,Fusion Strike,184,Common,Shin Nagasawa,Basic,632,Pokémon,2021/11/12,"tcgplayer,cardmarket",https://prices.pokemontcg.io/tcgplayer/swsh8-184,https://images.pokemontcg.io/swsh8/184_hires.png,2026/08/08,2025/11/18,0.03,0.009999999776482582,0.15000000596046448,19.979999542236328,,0.21,,,,0.0346,0.0231,0.0346,0.173,0.023099999874830246,0.0231,0.0346,0.2307,0.173,0.2076,1.1535,2026-08-09
swsh8-182,Skarmory,normal,Fusion Strike,182,Common,Megumi Higuchi,Basic|Single Strike,227,Pokémon,2021/11/12,"tcgplayer,cardmarket",https://prices.pokemontcg.io/tcgplayer/swsh8-182,https://images.pokemontcg.io/swsh8/182_hires.png,2026/08/08,2025/11/18,0.07,0.009999999776482582,0.15000000596046448,2.990000009536743,,0.25,,,,0.0346,0.0231,0.0346,0.1154,0.023099999874830246,0.0231,0.0346,0.323,0.1269,0.1615,1.1535,2026-08-09
swsh8-181,Galarian Perrserker,normal,Fusion Strike,181,Uncommon,Shigenori Negishi,Stage 1,863,Pokémon,2021/11/12,"tcgplayer,cardmarket",https://prices.pokemontcg.io/tcgplayer/swsh8-181,https://images.pokemontcg.io/swsh8/181_hires.png,2026/08/08,2025/11/18,0.13,0.009999999776482582,0.1899999976158142,18.100000381469727,,0.31,,,,0.0807,0.0231,0.0461,0.2999,0.023099999874830246,0.0692,0.0807,0.1846,0.3114,0.2884,1.1535,2026-08-09
swsh8-183,Excadrill,normal,Fusion Strike,183,Uncommon,Lee HyunJung,Stage 1,530,Pokémon,2021/11/12,"tcgplayer,cardmarket",https://prices.pokemontcg.io/tcgplayer/swsh8-183,https://images.pokemontcg.io/swsh8/183_hires.png,2026/08/08,2025/11/18,0.05,0.009999999776482582,0.15000000596046448,19.979999542236328,,0.18,,,,0.0346,0.0231,0.0346,0.2076,0.03460000082850456,0.0231,0.0346,0.5767,0.2192,0.2307,1.1535,2026-08-09
swsh8-185,Genesect V,holofoil,Fusion Strike,185,Rare Holo V,PLANETA Tsuji,Basic|V|Fusion Strike,649,Pokémon,2021/11/12,"tcgplayer,cardmarket",https://prices.pokemontcg.io/tcgplayer/swsh8-185,https://images.pokemontcg.io/swsh8/185_hires.png,2026/08/08,2025/11/18,0.77,0.3400000035762787,0.9900000095367432,25.709999084472656,,,,,,0.8767,0.2307,1.0035,0.0,0.7498000264167786,0.8882,0.8767,0.0,0.0,0.0,1.1535,2026-08-09
swsh8-187,Togedemaru,normal,Fusion Strike,187,Uncommon,Oswaldo KATO,Basic,777,Pokémon,2021/11/12,"tcgplayer,cardmarket",https://prices.pokemontcg.io/tcgplayer/swsh8-187,https://images.pokemontcg.io/swsh8/187_hires.png,2026/08/08,2025/11/18,0.04,0.009999999776482582,0.1599999964237213,2.990000009536743,,0.28,,,,0.0461,0.0231,0.0461,0.2653,0.023099999874830246,0.0461,0.0346,0.2307,0.2307,0.2768,1.1535,2026-08-09
swsh8-186,Klefki,normal,Fusion Strike,186,Common,MAHOU,Basic,707,Pokémon,2021/11/12,"tcgplayer,cardmarket",https://prices.pokemontcg.io/tcgplayer/swsh8-186,https://images.pokemontcg.io/swsh8/186_hires.png,2026/08/08,2025/11/18,0.07,0.009999999776482582,0.15000000596046448,2.990000009536743,,0.23,,,,0.0346,0.0231,0.0346,0.1154,0.03460000082850456,0.0346,0.0346,0.0231,0.0923,0.1961,1.1535,2026-08-09
swsh8-189,Melmetal,holofoil,Fusion Strike,189,Rare Holo,Hasuno,Stage 1|Single Strike,809,Pokémon,2021/11/12,"tcgplayer,cardmarket",https://prices.pokemontcg.io/tcgplayer/swsh8-189,https://images.pokemontcg.io/swsh8/189_hires.png,2026/08/08,2025/11/18,0.19,0.009999999776482582,0.23000000417232513,17.600000381469727,,0.13,,,,0.2538,0.0231,0.173,0.4499,0.10379999876022339,0.2076,0.2422,0.3345,0.5883,0.3807,1.1535,2026-08-09
swsh8-188,Meltan,normal,Fusion Strike,188,Common,Teeziro,Basic|Single Strike,808,Pokémon,2021/11/12,"tcgplayer,cardmarket",https://prices.pokemontcg.io/tcgplayer/swsh8-188,https://images.pokemontcg.io/swsh8/188_hires.png,2026/08/08,2025/11/18,0.03,0.009999999776482582,0.15000000596046448,16.860000610351562,,0.21,,,,0.0346,0.0231,0.0346,0.15,0.03460000082850456,0.0346,0.0346,0.1038,0.173,0.15,1.1535,2026-08-09
swsh8-190,Corviknight,normal,Fusion Strike,190,Rare,Ryuta Fuse,Stage 2,823,Pokémon,2021/11/12,"tcgplayer,cardmarket",https://prices.pokemontcg.io/tcgplayer/swsh8-190,https://images.pokemontcg.io/swsh8/190_hires.png,2026/08/08,2025/11/18,0.22,0.05000000074505806,0.23000000417232513,17.34000015258789,,0.34,,,,0.1961,0.0231,0.2192,0.3345,0.05770000070333481,0.3345,0.1615,0.2307,0.346,0.4037,1.1535,2026-08-09
swsh8-191,Cufant,normal,Fusion Strike,191,Common,Oswaldo KATO,Basic|Single Strike,878,Pokémon,2021/11/12,"tcgplayer,cardmarket",https://prices.pokemontcg.io/tcgplayer/swsh8-191,https://images.pokemontcg.io/swsh8/191_hires.png,2026/08/08,2025/11/18,0.04,0.009999999776482582,0.15000000596046448,2.990000009536743,,0.25,,,,0.0231,0.0231,0.0346,0.1846,0.023099999874830246,0.0231,0.0231,0.173,0.1384,0.2076,1.1535,2026-08-09
swsh8-192,Copperajah,normal,Fusion Strike,192,Uncommon,KEIICHIRO ITO,Stage 1|Single Strike,879,Pokémon,2021/11/12,"tcgplayer,cardmarket",https://prices.pokemontcg.io/tcgplayer/swsh8-192,https://images.pokemontcg.io/swsh8/192_hires.png,2026/08/08,2025/11/18,0.06,0.009999999776482582,0.15000000596046448,2.990000009536743,,0.24,,,,0.0346,0.0231,0.0346,0.173,0.023099999874830246,0.0346,0.0346,0.0231,0.1154,0.1846,1.1535,2026-08-09
swsh8-193,Latias,normal,Fusion Strike,193,Rare,Yuu Nishida,Basic|Fusion Strike,380,Pokémon,2021/11/12,"tcgplayer,cardmarket",https://prices.pokemontcg.io/tcgplayer/swsh8-193,https://images.pokemontcg.io/swsh8/193_hires.png,2026/08/08,2025/11/18,0.13,0.05000000074505806,0.25,5.0,,0.5,,,,0.2192,0.0231,0.2999,0.5652,0.5997999906539917,0.2999,0.2076,0.2307,0.5883,0.4729,1.1535,2026-08-09
swsh8-194,Latios,normal,Fusion Strike,194,Rare,hatachu,Basic|Fusion Strike,381,Pokémon,2021/11/12,"tcgplayer,cardmarket",https://prices.pokemontcg.io/tcgplayer/swsh8-194,https://images.pokemontcg.io/swsh8/194_hires.png,2026/08/08,2025/11/18,0.08,0.029999999329447746,0.2199999988079071,1000.0,,0.33,,,,0.173,0.0231,0.2076,0.4037,0.18459999561309814,0.1846,0.1384,0.5767,0.5306,0.3345,1.1535,2026-08-09
swsh8-195,Goomy,normal,Fusion Strike,195,Common,Miki Tanaka,Basic,704,Pokémon,2021/11/12,"tcgplayer,cardmarket",https://prices.pokemontcg.io/tcgplayer/swsh8-195,https://images.pokemontcg.io/swsh8/195_hires.png,2026/08/08,2025/11/18,0.18,0.009999999776482582,0.20000000298023224,19.979999542236328,,0.31,,,,0.0577,0.0231,0.0577,0.173,0.023099999874830246,0.0346,0.0461,0.2307,0.173,0.2192,1.1535,2026-08-09
swsh8-197,Goodra,normal,Fusion Strike,197,Rare,Nagomi Nijo,Stage 2,706,Pokémon,2021/11/12,"tcgplayer,cardmarket",https://prices.pokemontcg.io/tcgplayer/swsh8-197,https://images.pokemontcg.io/swsh8/197_hires.png,2026/08/08,2025/11/18,0.33,0.05000000074505806,0.33000001311302185,3.75,,0.43,,,,0.15,0.0231,0.1038,0.346,0.06920000165700912,0.1269,0.1615,0.5767,0.3345,0.3922,1.1535,2026-08-09
swsh8-196,Sliggoo,normal,Fusion Strike,196,Uncommon,Saya Tsuruta,Stage 1,705,Pokémon,2021/11/12,"tcgplayer,cardmarket",https://prices.pokemontcg.io/tcgplayer/swsh8-196,https://images.pokemontcg.io/swsh8/196_hires.png,2026/08/08,2025/11/18,0.19,0.009999999776482582,0.20999999344348907,5.110000133514404,,0.37,,,,0.0577,0.0231,0.0346,0.2653,0.023099999874830246,0.0346,0.0577,0.2307,0.2884,0.2538,1.1535,2026-08-09
swsh8-200,Persian,normal,Fusion Strike,200,Uncommon,Lee HyunJung,Stage 1,53,Pokémon,2021/11/12,"tcgplayer,cardmarket",https://prices.pokemontcg.io/tcgplayer/swsh8-200,https://images.pokemontcg.io/swsh8/200_hires.png,2026/08/08,2025/11/18,0.24,0.009999999776482582,0.2199999988079071,2.990000009536743,,0.28,,,,0.0577,0.0231,0.0577,0.3345,0.05770000070333481,0.0577,0.0807,0.2884,0.3114,0.323,1.1535,2026-08-09
swsh8-198,Turtonator,normal,Fusion Strike,198,Uncommon,Ryuta Fuse,Basic,776,Pokémon,2021/11/12,"tcgplayer,cardmarket",https://prices.pokemontcg.io/tcgplayer/swsh8-198,https://images.pokemontcg.io/swsh8/198_hires.png,2026/08/08,2025/11/18,0.16,0.009999999776482582,0.1899999976158142,2.990000009536743,,0.16,,,,0.0807,0.0231,0.1038,0.2422,0.11540000140666962,0.0923,0.0692,0.1154,0.173,0.2538,1.1535,2026-08-09
swsh8-199,Meowth,normal,Fusion Strike,199,Common,Kouki Saitou,Basic,52,Pokémon,2021/11/12,"tcgplayer,cardmarket",https://prices.pokemontcg.io/tcgplayer/swsh8-199,https://images.pokemontcg.io/swsh8/199_hires.png,2026/08/08,2025/11/18,0.18,0.009999999776482582,0.20000000298023224,20.0,,0.53,,,,0.0346,0.0231,0.0346,0.3922,0.023099999874830246,0.0231,0.0346,1.1535,0.4153,0.2884,1.1535,2026-08-09
swsh8-201,Dodrio V,holofoil,Fusion Strike,201,Rare Holo V,5ban Graphics,Basic|V|Rapid Strike,85,Pokémon,2021/11/12,"tcgplayer,cardmarket",https://prices.pokemontcg.io/tcgplayer/swsh8-201,https://images.pokemontcg.io/swsh8/201_hires.png,2026/08/08,2025/11/18,0.89,0.5,1.0,19.989999771118164,,,,,,1.3265,0.1154,1.2919,0.0,1.4419000148773193,1.4419,1.315,0.0,0.0,0.0,1.1535,2026-08-09
swsh8-202,Chansey,normal,Fusion Strike,202,Common,miki kudo,Basic,113,Pokémon,2021/11/12,"tcgplayer,cardmarket",https://prices.pokemontcg.io/tcgplayer/swsh8-202,https://images.pokemontcg.io/swsh8/202_hires.png,2026/08/08,2025/11/18,0.18,0.019999999552965164,0.20000000298023224,18.360000610351562,,0.24,,,,0.0461,0.0231,0.0346,0.2076,0.03460000082850456,0.0461,0.0461,0.2307,0.173,0.2768,1.1535,2026-08-09
swsh8-203,Blissey,normal,Fusion Strike,203,Rare,Mizue,Stage 1,242,Pokémon,2021/11/12,"tcgplayer,cardmarket",https://prices.pokemontcg.io/tcgplayer/swsh8-203,https://images.pokemontcg.io/swsh8/203_hires.png,2026/08/08,2025/11/18,0.27,0.029999999329447746,0.25999999046325684,2.25,,0.38,,,,0.1038,0.0231,0.0807,0.323,0.04610000178217888,0.0807,0.1038,0.2076,0.346,0.4499,1.1535,2026-08-09
swsh8-204,Kangaskhan,normal,Fusion Strike,204,Rare,Souichirou Gunjima,Basic|Rapid Strike,115,Pokémon,2021/11/12,"tcgplayer,cardmarket",https://prices.pokemontcg.io/tcgplayer/swsh8-204,https://images.pokemontcg.io/swsh8/204_hires.png,2026/08/08,2025/11/18,0.22,0.009999999776482582,0.23000000417232513,2.990000009536743,,0.35,,,,0.1038,0.0231,0.1154,0.323,0.05770000070333481,0.1269,0.1154,0.2884,0.2768,0.323,1.1535,2026-08-09
swsh8-205,Eevee,normal,Fusion Strike,205,Common,0313,Basic,133,Pokémon,2021/11/12,"tcgplayer,cardmarket",https://prices.pokemontcg.io/tcgplayer/swsh8-205,https://images.pokemontcg.io/swsh8/205_hires.png,2026/08/08,2025/11/18,0.2,0.009999999776482582,0.23999999463558197,20.0,,0.9,,,,0.0807,0.0231,0.0461,0.8074,0.023099999874830246,0.0461,0.0807,0.2307,0.5421,0.7728,1.1535,2026-08-09
swsh8-207,Dunsparce,normal,Fusion Strike,207,Uncommon,ryoma uratsuka,Basic,206,Pokémon,2021/11/12,"tcgplayer,cardmarket",https://prices.pokemontcg.io/tcgplayer/swsh8-207,https://images.pokemontcg.io/swsh8/207_hires.png,2026/08/08,2025/11/18,0.04,0.009999999776482582,0.15000000596046448,19.979999542236328,,0.17,,,,0.0577,0.0231,0.0346,0.1269,0.023099999874830246,0.0577,0.0577,0.2884,0.1615,0.1846,1.1535,2026-08-09
swsh8-208,Stantler,normal,Fusion Strike,208,Uncommon,Shibuzoh.,Basic,234,Pokémon,2021/11/12,"tcgplayer,cardmarket",https://prices.pokemontcg.io/tcgplayer/swsh8-208,https://images.pokemontcg.io/swsh8/208_hires.png,2026/08/08,2025/11/18,0.16,0.009999999776482582,0.1899999976158142,2.259999990463257,,0.27,,,,0.0577,0.0231,0.0577,0.2884,0.11540000140666962,0.0807,0.0692,0.4037,0.2884,0.2538,1.1535,2026-08-09
swsh8-210,Skitty,normal,Fusion Strike,210,Common,Yukiko Baba,Basic,300,Pokémon,2021/11/12,"tcgplayer,cardmarket",https://prices.pokemontcg.io/tcgplayer/swsh8-210,https://images.pokemontcg.io/swsh8/210_hires.png,2026/08/08,2025/11/18,0.16,0.009999999776482582,0.20000000298023224,2.990000009536743,,0.29,,,,0.0346,0.0231,0.0346,0.1384,0.03460000082850456,0.0346,0.0346,0.2884,0.1384,0.15,1.1535,2026-08-09
swsh8-209,Smeargle,normal,Fusion Strike,209,Common,Mitsuhiro Arita,Basic|Fusion Strike,235,Pokémon,2021/11/12,"tcgplayer,cardmarket",https://prices.pokemontcg.io/tcgplayer/swsh8-209,https://images.pokemontcg.io/swsh8/209_hires.png,2026/08/08,2025/11/18,0.1,0.009999999776482582,0.1599999964237213,20.0,,0.3,,,,0.0346,0.0231,0.0346,1.1766,0.023099999874830246,0.0346,0.0346,0.15,0.173,0.7498,1.1535,2026-08-09
swsh8-206,Snorlax,normal,Fusion Strike,206,Common,Oswaldo KATO,Basic,143,Pokémon,2021/11/12,"tcgplayer,cardmarket",https://prices.pokemontcg.io/tcgplayer/swsh8-206,https://images.pokemontcg.io/swsh8/206_hires.png,2026/08/08,2025/11/18,0.4,0.019999999552965164,0.4000000059604645,4.989999771118164,,1.14,,,,0.0807,0.0231,0.1269,0.2768,0.17299999296665192,0.1269,0.0807,0.2653,0.3691,0.2653,1.1535,2026-08-09
swsh8-211,Delcatty,normal,Fusion Strike,211,Uncommon,kirisAki,Stage 1,301,Pokémon,2021/11/12,"tcgplayer,cardmarket",https://prices.pokemontcg.io/tcgplayer/swsh8-211,https://images.pokemontcg.io/swsh8/211_hires.png,2026/08/08,2025/11/18,0.16,0.009999999776482582,0.20000000298023224,2.990000009536743,,0.38,,,,0.0807,0.0231,0.0807,0.346,0.08070000261068344,0.0692,0.0923,0.1154,0.3807,0.3114,1.1535,2026-08-09
swsh8-212,Buneary,normal,Fusion Strike,212,Common,Yuu Nishida,Basic|Rapid Strike,427,Pokémon,2021/11/12,"tcgplayer,cardmarket",https://prices.pokemontcg.io/tcgplayer/swsh8-212,https://images.pokemontcg.io/swsh8/212_hires.png,2026/08/08,2025/11/18,0.14,0.009999999776482582,0.15000000596046448,3.1500000953674316,,0.22,,,,0.0346,0.0231,0.0346,0.2422,0.023099999874830246,0.0346,0.0346,0.0577,0.1846,0.2538,1.1535,2026-08-09
swsh8-213,Lopunny,normal,Fusion Strike,213,Uncommon,AKIRA EGAWA,Stage 1|Rapid Strike,428,Pokémon,2021/11/12,"tcgplayer,cardmarket",https://prices.pokemontcg.io/tcgplayer/swsh8-213,https://images.pokemontcg.io/swsh8/213_hires.png,2026/08/08,2025/11/18,0.09,0.009999999776482582,0.15000000596046448,1.9900000095367432,,1.24,,,,0.0461,0.0231,0.0461,0.2884,0.023099999874830246,0.0461,0.0461,0.2884,0.2884,0.2884,1.1535,2026-08-09
swsh8-215,Diggersby,normal,Fusion Strike,215,Uncommon,MAHOU,Stage 1,660,Pokémon,2021/11/12,"tcgplayer,cardmarket",https://prices.pokemontcg.io/tcgplayer/swsh8-215,https://images.pokemontcg.io/swsh8/215_hires.png,2026/08/08,2025/11/18,0.07,0.009999999776482582,0.1899999976158142,20.0,,0.22,,,,0.0692,0.0231,0.0577,0.2768,0.03460000082850456,0.0461,0.0692,0.2192,0.2422,0.2307,1.1535,2026-08-09
swsh8-216,Hawlucha,normal,Fusion Strike,216,Uncommon,Taira Akitsu,Basic|Rapid Strike,701,Pokémon,2021/11/12,"tcgplayer,cardmarket",https://prices.pokemontcg.io/tcgplayer/swsh8-216,https://images.pokemontcg.io/swsh8/216_hires.png,2026/08/08,2025/11/18,0.21,0.009999999776482582,0.20000000298023224,18.31999969482422,,0.32,,,,0.0577,0.0231,0.0577,0.2999,0.05770000070333481,0.0692,0.0577,0.5767,0.2884,0.2768,1.1535,2026-08-09
swsh8-214,Bunnelby,normal,Fusion Strike,214,Common,Misa Tsutsui,Basic,659,Pokémon,2021/11/12,"tcgplayer,cardmarket",https://prices.pokemontcg.io/tcgplayer/swsh8-214,https://images.pokemontcg.io/swsh8/214_hires.png,2026/08/08,2025/11/18,0.14,0.009999999776482582,0.15000000596046448,19.979999542236328,,0.31,,,,0.0461,0.0231,0.0461,0.2307,0.03460000082850456,0.0346,0.0461,0.2307,0.1961,0.2076,1.1535,2026-08-09
swsh8-220,Corvisquire,normal,Fusion Strike,220,Uncommon,Naoyo Kimura,Stage 1,822,Pokémon,2021/11/12,"tcgplayer,cardmarket",https://prices.pokemontcg.io/tcgplayer/swsh8-220,https://images.pokemontcg.io/swsh8/220_hires.png,2026/08/08,2025/11/18,0.03,0.009999999776482582,0.15000000596046448,19.979999542236328,,0.29,,,,0.0461,0.0231,0.0346,0.2307,0.03460000082850456,0.0346,0.0346,0.3345,0.15,0.2076,1.1535,2026-08-09
swsh8-218,Greedent VMAX,holofoil,Fusion Strike,218,Rare Holo VMAX,PLANETA Mochizuki,VMAX,820,Pokémon,2021/11/12,"tcgplayer,cardmarket",https://prices.pokemontcg.io/tcgplayer/swsh8-218,https://images.pokemontcg.io/swsh8/218_hires.png,2026/08/08,2025/11/18,1.57,0.7900000214576721,1.9600000381469727,99.0,,,,,,1.4419,0.5652,1.7072,0.0,2.1224000453948975,1.7072,1.4303,0.0,0.0,0.0,1.1535,2026-08-09
swsh8-217,Greedent V,holofoil,Fusion Strike,217,Rare Holo V,PLANETA Yamashita,Basic|V,820,Pokémon,2021/11/12,"tcgplayer,cardmarket",https://prices.pokemontcg.io/tcgplayer/swsh8-217,https://images.pokemontcg.io/swsh8/217_hires.png,2026/08/08,2025/11/18,0.92,0.49000000953674316,1.0,19.520000457763672,,,,,,0.8997,0.173,0.8651,0.0,1.153499960899353,0.8997,0.8882,0.0,0.0,0.0,1.1535,2026-08-09
swsh8-219,Rookidee,normal,Fusion Strike,219,Common,OKACHEKE,Basic,821,Pokémon,2021/11/12,"tcgplayer,cardmarket",https://prices.pokemontcg.io/tcgplayer/swsh8-219,https://images.pokemontcg.io/swsh8/219_hires.png,2026/08/08,2025/11/18,0.05,0.009999999776482582,0.15000000596046448,2.990000009536743,,0.29,,,,0.0346,0.0231,0.0461,0.1615,0.03460000082850456,0.0461,0.0346,0.0577,0.1384,0.2076,1.1535,2026-08-09
swsh8-221,Wooloo,normal,Fusion Strike,221,Common,Miki Tanaka,Basic,831,Pokémon,2021/11/12,"tcgplayer,cardmarket",https://prices.pokemontcg.io/tcgplayer/swsh8-221,https://images.pokemontcg.io/swsh8/221_hires.png,2026/08/08,2025/11/18,0.15,0.009999999776482582,0.1899999976158142,20.0,,0.27,,,,0.0577,0.0231,0.0923,0.2307,0.023099999874830246,0.0692,0.0577,0.5998,0.2768,0.2307,1.1535,2026-08-09
swsh8-223,Dubwool,normal,Fusion Strike,223,Uncommon,Shibuzoh.,Stage 1,832,Pokémon,2021/11/12,"tcgplayer,cardmarket",https://prices.pokemontcg.io/tcgplayer/swsh8-223,https://images.pokemontcg.io/swsh8/223_hires.png,2026/08/08,2025/11/18,0.13,0.009999999776482582,0.17000000178813934,19.979999542236328,,0.34,,,,0.0461,0.0231,0.0346,0.2653,0.023099999874830246,0.0461,0.0577,0.2076,0.2538,0.2538,1.1535,2026-08-09
swsh8-222,Wooloo,normal,Fusion Strike,222,Common,Yukiko Baba,Basic,831,Pokémon,2021/11/12,"tcgplayer,cardmarket",https://prices.pokemontcg.io/tcgplayer/swsh8-222,https://images.pokemontcg.io/swsh8/222_hires.png,2026/08/08,2025/11/18,0.17,0.009999999776482582,0.18000000715255737,2.990000009536743,,0.31,,,,0.0692,0.0231,0.1038,0.1615,0.06920000165700912,0.0807,0.0692,0.2307,0.15,0.2192,1.1535,2026-08-09
swsh8-224,Adventurer's Discovery,normal,Fusion Strike,224,Uncommon,Taira Akitsu,Supporter,,Trainer,2021/11/12,"tcgplayer,cardmarket",https://prices.pokemontcg.io/tcgplayer/swsh8-224,https://images.pokemontcg.io/swsh8/224_hires.png,2026/08/08,2025/11/18,0.13,0.009999999776482582,0.18000000715255737,19.979999542236328,,0.29,,,,0.0577,0.0231,0.0461,0.4383,0.03460000082850456,0.0577,0.0577,0.5191,0.4845,0.4153,1.1535,2026-08-09
swsh8-225,Battle VIP Pass,normal,Fusion Strike,225,Uncommon,Ryo Ueda,Item,,Trainer,2021/11/12,"tcgplayer,cardmarket",https://prices.pokemontcg.io/tcgplayer/swsh8-225,https://images.pokemontcg.io/swsh8/225_hires.png,2026/08/08,2025/11/18,0.22,0.03999999910593033,0.25,40.0,,0.41,,,,0.2422,0.0231,0.2076,0.6806,0.13840000331401825,0.1615,0.1961,0.1154,0.669,0.8536,1.1535,2026-08-09
swsh8-226,Bug Catcher,normal,Fusion Strike,226,Uncommon,Yuu Nishida,Supporter,,Trainer,2021/11/12,"tcgplayer,cardmarket",https://prices.pokemontcg.io/tcgplayer/swsh8-226,https://images.pokemontcg.io/swsh8/226_hires.png,2026/08/08,2025/11/18,0.07,0.009999999776482582,0.15000000596046448,19.979999542236328,,0.24,,,,0.0346,0.0231,0.0346,0.2538,0.023099999874830246,0.0346,0.0346,0.2884,0.2422,0.2538,1.1535,2026-08-09
swsh8-229,Cram-o-matic,normal,Fusion Strike,229,Uncommon,Ryo Ueda,Item,,Trainer,2021/11/12,"tcgplayer,cardmarket",https://prices.pokemontcg.io/tcgplayer/swsh8-229,https://images.pokemontcg.io/swsh8/229_hires.png,2026/08/08,2025/11/18,0.11,0.009999999776482582,0.15000000596046448,18.739999771118164,,0.28,,,,0.0461,0.0231,0.0461,0.1846,0.03460000082850456,0.0461,0.0577,0.4614,0.1384,0.2768,1.1535,2026-08-09
swsh8-228,Cook,normal,Fusion Strike,228,Uncommon,Sanosuke Sakuma,Supporter,,Trainer,2021/11/12,"tcgplayer,cardmarket",https://prices.pokemontcg.io/tcgplayer/swsh8-228,https://images.pokemontcg.io/swsh8/228_hires.png,2026/08/08,2025/11/18,0.1,0.009999999776482582,0.15000000596046448,19.979999542236328,,0.31,,,,0.0346,0.0231,0.0346,0.173,0.023099999874830246,0.0346,0.0346,0.2192,0.15,0.1961,1.1535,2026-08-09
swsh8-230,Cross Switcher,normal,Fusion Strike,230,Uncommon,inose yukie,Item|Fusion Strike,,Trainer,2021/11/12,"tcgplayer,cardmarket",https://prices.pokemontcg.io/tcgplayer/swsh8-230,https://images.pokemontcg.io/swsh8/230_hires.png,2026/08/08,2025/11/18,0.15,0.009999999776482582,0.17000000178813934,2.990000009536743,,0.31,,,,0.0346,0.0231,0.0346,0.2884,0.023099999874830246,0.0346,0.0346,0.2307,0.2999,0.3807,1.1535,2026-08-09
swsh8-227,Chili & Cilan & Cress,normal,Fusion Strike,227,Uncommon,Yusuke Ohmura,Supporter|Fusion Strike,,Trainer,2021/11/12,"tcgplayer,cardmarket",https://prices.pokemontcg.io/tcgplayer/swsh8-227,https://images.pokemontcg.io/swsh8/227_hires.png,2026/08/08,2025/11/18,0.08,0.009999999776482582,0.15000000596046448,19.979999542236328,,0.24,,,,0.0461,0.0231,0.0807,0.1615,0.023099999874830246,0.0461,0.0461,0.2538,0.1961,0.1961,1.1535,2026-08-09
swsh8-231,Crossceiver,normal,Fusion Strike,231,Uncommon,Studio Bora Inc.,Item|Fusion Strike,,Trainer,2021/11/12,"tcgplayer,cardmarket",https://prices.pokemontcg.io/tcgplayer/swsh8-231,https://images.pokemontcg.io/swsh8/231_hires.png,2026/08/08,2025/11/18,0.04,0.009999999776482582,0.15000000596046448,2.990000009536743,,0.21,,,,0.0346,0.0231,0.0346,0.2076,0.03460000082850456,0.0231,0.0231,0.2076,0.1961,0.2307,1.1535,2026-08-09
swsh8-232,Dancer,normal,Fusion Strike,232,Uncommon,Sanosuke Sakuma,Supporter,,Trainer,2021/11/12,"tcgplayer,cardmarket",https://prices.pokemontcg.io/tcgplayer/swsh8-232,https://images.pokemontcg.io/swsh8/232_hires.png,2026/08/08,2025/11/18,0.05,0.009999999776482582,0.15000000596046448,19.979999542236328,,0.22,,,,0.0346,0.0231,0.0461,0.2192,0.023099999874830246,0.0461,0.0346,0.0461,0.1615,0.2076,1.1535,2026-08-09
swsh8-234,Farewell Bell,normal,Fusion Strike,234,Uncommon,AYUMI ODASHIMA,Item|Pokémon Tool,,Trainer,2021/11/12,"tcgplayer,cardmarket",https://prices.pokemontcg.io/tcgplayer/swsh8-234,https://images.pokemontcg.io/swsh8/234_hires.png,2026/08/08,2025/11/18,0.04,0.009999999776482582,0.15000000596046448,2.990000009536743,,0.25,,,,0.0231,0.0231,0.0231,0.2422,0.03460000082850456,0.0231,0.0346,0.2192,0.2076,0.2538,1.1535,2026-08-09
swsh8-235,Judge,normal,Fusion Strike,235,Uncommon,Ryuta Fuse,Supporter,,Trainer,2021/11/12,"tcgplayer,cardmarket",https://prices.pokemontcg.io/tcgplayer/swsh8-235,https://images.pokemontcg.io/swsh8/235_hires.png,2026/08/08,2025/11/18,0.3,0.019999999552965164,0.25,19.559999465942383,,0.35,,,,0.1038,0.0231,0.0923,0.323,0.15000000596046448,0.1038,0.1154,1.1535,0.4037,0.2653,1.1535,2026-08-09
swsh8-233,Elesa's Sparkle,normal,Fusion Strike,233,Uncommon,Yusuke Ohmura,Supporter|Fusion Strike,,Trainer,2021/11/12,"tcgplayer,cardmarket",https://prices.pokemontcg.io/tcgplayer/swsh8-233,https://images.pokemontcg.io/swsh8/233_hires.png,2026/08/08,2025/11/18,0.08,0.009999999776482582,0.15000000596046448,4.900000095367432,,0.27,,,,0.0461,0.0231,0.0231,0.15,0.03460000082850456,0.0577,0.0692,0.2538,0.1154,0.2192,1.1535,2026-08-09
swsh8-236,Power Tablet,normal,Fusion Strike,236,Uncommon,Toyste Beach,Item|Fusion Strike,,Trainer,2021/11/12,"tcgplayer,cardmarket",https://prices.pokemontcg.io/tcgplayer/swsh8-236,https://images.pokemontcg.io/swsh8/236_hires.png,2026/08/08,2025/11/18,0.06,0.009999999776482582,0.1599999964237213,2.990000009536743,,0.26,,,,0.0346,0.0231,0.0346,0.1615,0.023099999874830246,0.0346,0.0346,0.1154,0.1615,0.2999,1.1535,2026-08-09
swsh8-237,Quick Ball,normal,Fusion Strike,237,Uncommon,Ryo Ueda,Item,,Trainer,2021/11/12,"tcgplayer,cardmarket",https://prices.pokemontcg.io/tcgplayer/swsh8-237,https://images.pokemontcg.io/swsh8/237_hires.png,2026/08/08,2025/11/18,0.18,0.009999999776482582,0.20999999344348907,99.0,,0.42,,,,0.0,34.605,0.0,0.0,0.0,0.0,0.0,57.675,30.2909,47.8241,1.1535,2026-08-09
swsh8-238,Schoolboy,normal,Fusion Strike,238,Uncommon,kirisAki,Supporter,,Trainer,2021/11/12,"tcgplayer,cardmarket",https://prices.pokemontcg.io/tcgplayer/swsh8-238,https://images.pokemontcg.io/swsh8/238_hires.png,2026/08/08,2025/11/18,0.1,0.009999999776482582,0.15000000596046448,1000.0,,0.21,,,,0.0346,0.0231,0.0346,0.2192,0.023099999874830246,0.0461,0.0346,0.3345,0.2307,0.1846,1.1535,2026-08-09
swsh8-240,Shauna,normal,Fusion Strike,240,Uncommon,Yuu Nishida,Supporter,,Trainer,2021/11/12,"tcgplayer,cardmarket",https://prices.pokemontcg.io/tcgplayer/swsh8-240,https://images.pokemontcg.io/swsh8/240_hires.png,2026/08/08,2025/11/18,0.08,0.009999999776482582,0.15000000596046448,2.990000009536743,,0.26,,,,0.0461,0.0231,0.0692,0.2653,0.023099999874830246,0.0923,0.0461,0.2307,0.2653,0.2538,1.1535,2026-08-09
swsh8-239,Schoolgirl,normal,Fusion Strike,239,Uncommon,kirisAki,Supporter,,Trainer,2021/11/12,"tcgplayer,cardmarket",https://prices.pokemontcg.io/tcgplayer/swsh8-239,https://images.pokemontcg.io/swsh8/239_hires.png,2026/08/08,2025/11/18,0.05,0.009999999776482582,0.15000000596046448,15.65999984741211,,0.23,,,,0.0461,0.0231,0.0461,0.1961,0.023099999874830246,0.0577,0.0346,0.2192,0.1615,0.2192,1.1535,2026-08-09
swsh8-242,Skaters' Park,normal,Fusion Strike,242,Uncommon,Oswaldo KATO,Stadium,,Trainer,2021/11/12,"tcgplayer,cardmarket",https://prices.pokemontcg.io/tcgplayer/swsh8-242,https://images.pokemontcg.io/swsh8/242_hires.png,2026/08/08,2025/11/18,0.07,0.009999999776482582,0.15000000596046448,19.979999542236328,,0.3,,,,0.0346,0.0231,0.0461,0.4037,0.03460000082850456,0.0346,0.0461,0.1038,0.4037,0.2884,1.1535,2026-08-09
swsh8-241,Sidney,normal,Fusion Strike,241,Uncommon,Hideki Ishikawa,Supporter,,Trainer,2021/11/12,"tcgplayer,cardmarket",https://prices.pokemontcg.io/tcgplayer/swsh8-241,https://images.pokemontcg.io/swsh8/241_hires.png,2026/08/08,2025/11/18,0.05,0.009999999776482582,0.15000000596046448,19.979999542236328,,0.24,,,,0.0346,0.0231,0.0346,0.15,0.03460000082850456,0.0231,0.0346,0.1154,0.1615,0.1846,1.1535,2026-08-09
swsh8-243,Spongy Gloves,normal,Fusion Strike,243,Uncommon,Toyste Beach,Item|Pokémon Tool,,Trainer,2021/11/12,"tcgplayer,cardmarket",https://prices.pokemontcg.io/tcgplayer/swsh8-243,https://images.pokemontcg.io/swsh8/243_hires.png,2026/08/08,2025/11/18,0.03,0.009999999776482582,0.15000000596046448,19.979999542236328,,0.07,,,,0.0346,0.0231,0.0346,0.173,0.03460000082850456,0.0231,0.0346,0.173,0.1615,0.2192,1.1535,2026-08-09
swsh8-244,Fusion Strike Energy,normal,Fusion Strike,244,Uncommon,,Fusion Strike|Special,,Energy,2021/11/12,"tcgplayer,cardmarket",https://prices.pokemontcg.io/tcgplayer/swsh8-244,https://images.pokemontcg.io/swsh8/244_hires.png,2026/08/08,2025/11/18,0.15,0.009999999776482582,0.18000000715255737,19.979999542236328,,0.24,,,,0.0461,0.0231,0.0346,0.2653,0.023099999874830246,0.0461,0.0577,0.0923,0.2076,0.3114,1.1535,2026-08-09
swsh8-246,Tsareena V,holofoil,Fusion Strike,246,Rare Ultra,PLANETA Mochizuki,Basic|V,763,Pokémon,2021/11/12,"tcgplayer,cardmarket",https://prices.pokemontcg.io/tcgplayer/swsh8-246,https://images.pokemontcg.io/swsh8/246_hires.png,2026/08/08,2025/11/18,1.61,1.0,1.899999976158142,10.0,,,,,,2.0763,1.1535,2.7569,0.0,2.4570000171661377,2.6069,2.1224,0.0,0.0,0.0,1.1535,2026-08-09
swsh8-245,Celebi V,holofoil,Fusion Strike,245,Rare Ultra,Teeziro,Basic|V,251,Pokémon,2021/11/12,"tcgplayer,cardmarket",https://prices.pokemontcg.io/tcgplayer/swsh8-245,https://images.pokemontcg.io/swsh8/245_hires.png,2026/08/08,2025/11/18,80.03,72.48999786376953,88.69999694824219,682.2899780273438,,,,,,97.8629,39.219,114.9001,0.0,63.442501068115234,109.8939,98.9011,0.0,0.0,0.0,1.1535,2026-08-09
swsh8-250,Mew V,holofoil,Fusion Strike,250,Rare Ultra,aky CG Works,Basic|V|Fusion Strike,151,Pokémon,2021/11/12,"tcgplayer,cardmarket",https://prices.pokemontcg.io/tcgplayer/swsh8-250,https://images.pokemontcg.io/swsh8/250_hires.png,2026/08/08,2025/11/18,39.09,31.790000915527344,41.119998931884766,162.99000549316406,,,,,,18.6867,10.37,16.3451,0.0,1.7302000522613525,16.0798,20.1401,0.0,0.0,0.0,1.1535,2026-08-09
swsh8-247,Chandelure V,holofoil,Fusion Strike,247,Rare Ultra,Saki Hayashiro,Basic|V,609,Pokémon,2021/11/12,"tcgplayer,cardmarket",https://prices.pokemontcg.io/tcgplayer/swsh8-247,https://images.pokemontcg.io/swsh8/247_hires.png,2026/08/08,2025/11/18,3.52,1.9700000286102295,3.440000057220459,20.0,,,,,,3.0683,1.1535,3.0914,0.0,3.172100067138672,3.0222,3.0798,0.0,0.0,0.0,1.1535,2026-08-09
swsh8-248,Crabominable V,holofoil,Fusion Strike,248,Rare Ultra,MUGENUP,Basic|V,740,Pokémon,2021/11/12,"tcgplayer,cardmarket",https://prices.pokemontcg.io/tcgplayer/swsh8-248,https://images.pokemontcg.io/swsh8/248_hires.png,2026/08/08,2025/11/18,1.24,0.9599999785423279,1.4900000095367432,9.989999771118164,,,,,,1.7072,0.346,2.1109,0.0,1.707200050354004,2.2724,1.6495,0.0,0.0,0.0,1.1535,2026-08-09
swsh8-249,Boltund V,holofoil,Fusion Strike,249,Rare Ultra,Eske Yoshinob,Basic|V,836,Pokémon,2021/11/12,"tcgplayer,cardmarket",https://prices.pokemontcg.io/tcgplayer/swsh8-249,https://images.pokemontcg.io/swsh8/249_hires.png,2026/08/08,2025/11/18,2.32,1.5199999809265137,2.640000104904175,20.0,,,,,,2.6069,1.2689,2.6761,0.0,4.267899990081787,2.7799,2.5492,0.0,0.0,0.0,1.1535,2026-08-09
swsh8-253,Hoopa V,holofoil,Fusion Strike,253,Rare Ultra,takuyoa,Basic|V|Fusion Strike,720,Pokémon,2021/11/12,"tcgplayer,cardmarket",https://prices.pokemontcg.io/tcgplayer/swsh8-253,https://images.pokemontcg.io/swsh8/253_hires.png,2026/08/08,2025/11/18,2.19,0.8999999761581421,2.5,29.989999771118164,,,,,,2.6415,1.1535,3.1375,0.0,2.595400094985962,2.803,2.5608,0.0,0.0,0.0,1.1535,2026-08-09
swsh8-252,Sandaconda V,holofoil,Fusion Strike,252,Rare Ultra,Narumi Sato,Basic|V,844,Pokémon,2021/11/12,"tcgplayer,cardmarket",https://prices.pokemontcg.io/tcgplayer/swsh8-252,https://images.pokemontcg.io/swsh8/252_hires.png,2026/08/08,2025/11/18,5.53,4.0,6.650000095367432,50.58000183105469,,,,,,6.9787,2.307,7.4862,0.0,5.767499923706055,7.4747,6.8403,0.0,0.0,0.0,1.1535,2026-08-09
swsh8-251,Mew V,holofoil,Fusion Strike,251,Rare Ultra,Naoki Saito,Basic|V|Fusion Strike,151,Pokémon,2021/11/12,"tcgplayer,cardmarket",https://prices.pokemontcg.io/tcgplayer/swsh8-251,https://images.pokemontcg.io/swsh8/251_hires.png,2026/08/08,2025/11/18,111.2,92.0,121.05999755859375,798.02001953125,,,,,,103.5266,46.0246,96.0519,0.0,32.29800033569336,83.3865,97.9322,0.0,0.0,0.0,1.1535,2026-08-09
swsh8-254,Genesect V,holofoil,Fusion Strike,254,Rare Ultra,PLANETA Tsuji,Basic|V|Fusion Strike,649,Pokémon,2021/11/12,"tcgplayer,cardmarket",https://prices.pokemontcg.io/tcgplayer/swsh8-254,https://images.pokemontcg.io/swsh8/254_hires.png,2026/08/08,2025/11/18,4.46,2.680000066757202,4.849999904632568,39.869998931884766,,,,,,3.5528,1.1535,4.787,0.0,13.842000007629395,5.11,4.1872,0.0,0.0,0.0,1.1535,2026-08-09
swsh8-257,Greedent V,holofoil,Fusion Strike,257,Rare Ultra,Saya Tsuruta,Basic|V,820,Pokémon,2021/11/12,"tcgplayer,cardmarket",https://prices.pokemontcg.io/tcgplayer/swsh8-257,https://images.pokemontcg.io/swsh8/257_hires.png,2026/08/08,2025/11/18,16.91,15.0,17.5,152.19000244140625,,,,,,12.8961,10.0354,12.3886,0.0,12.630800247192383,12.2963,12.9538,0.0,0.0,0.0,1.1535,2026-08-09
swsh8-256,Greedent V,holofoil,Fusion Strike,256,Rare Ultra,PLANETA Mochizuki,Basic|V,820,Pokémon,2021/11/12,"tcgplayer,cardmarket",https://prices.pokemontcg.io/tcgplayer/swsh8-256,https://images.pokemontcg.io/swsh8/256_hires.png,2026/08/08,2025/11/18,2.22,1.0,2.4100000858306885,221.0,,,,,,2.653,1.1535,2.1916,0.0,2.0185999870300293,2.2263,2.6646,0.0,0.0,0.0,1.1535,2026-08-09
swsh8-259,Dancer,holofoil,Fusion Strike,259,Rare Ultra,Yuu Nishida,Supporter,,Trainer,2021/11/12,"tcgplayer,cardmarket",https://prices.pokemontcg.io/tcgplayer/swsh8-259,https://images.pokemontcg.io/swsh8/259_hires.png,2026/08/08,2025/11/18,1.52,0.9900000095367432,1.75,35.0,,,,,,2.3993,1.142,2.3301,0.0,3.4605000019073486,2.134,2.4339,0.0,0.0,0.0,1.1535,2026-08-09
swsh8-262,Schoolgirl,holofoil,Fusion Strike,262,Rare Ultra,Hideki Ishikawa,Supporter,,Trainer,2021/11/12,"tcgplayer,cardmarket",https://prices.pokemontcg.io/tcgplayer/swsh8-262,https://images.pokemontcg.io/swsh8/262_hires.png,2026/08/08,2025/11/18,1.76,0.9900000095367432,2.190000057220459,20.0,,,,,,3.3798,1.1535,3.4144,0.0,3.0797998905181885,3.622,3.3336,0.0,0.0,0.0,1.1535,2026-08-09
swsh8-275,Elesa's Sparkle,holofoil,Fusion Strike,275,Rare Rainbow,Ryuta Fuse,Supporter|Fusion Strike,,Trainer,2021/11/12,"tcgplayer,cardmarket",https://prices.pokemontcg.io/tcgplayer/swsh8-275,https://images.pokemontcg.io/swsh8/275_hires.png,2026/08/08,2025/11/18,5.34,4.489999771118164,6.0,57.52000045776367,,,,,,6.9325,2.2955,7.3132,0.0,10.381500244140625,7.4977,6.8749,0.0,0.0,0.0,1.1535,2026-08-09
swsh8-279,Sidney,holofoil,Fusion Strike,279,Rare Rainbow,Hideki Ishikawa,Supporter,,Trainer,2021/11/12,"tcgplayer,cardmarket",https://prices.pokemontcg.io/tcgplayer/swsh8-279,https://images.pokemontcg.io/swsh8/279_hires.png,2026/08/08,2025/11/18,3.52,2.7899999618530273,4.039999961853027,42.099998474121094,,,,,,5.7329,1.7187,5.5714,0.0,7.416999816894531,6.8056,5.8252,0.0,0.0,0.0,1.1535,2026-08-09
swsh8-282,Training Court,holofoil,Fusion Strike,282,Rare Secret,5ban Graphics,Stadium,,Trainer,2021/11/12,"tcgplayer,cardmarket",https://prices.pokemontcg.io/tcgplayer/swsh8-282,https://images.pokemontcg.io/swsh8/282_hires.png,2026/08/08,2025/11/18,2.24,1.1699999570846558,2.680000066757202,30.0,,,,,,3.6912,1.7302,3.3682,0.0,2.1916000843048096,3.299,3.6105,0.0,0.0,0.0,1.1535,2026-08-09
swsh8-258,Chili & Cilan & Cress,holofoil,Fusion Strike,258,Rare Ultra,Sanosuke Sakuma,Supporter|Fusion Strike,,Trainer,2021/11/12,"tcgplayer,cardmarket",https://prices.pokemontcg.io/tcgplayer/swsh8-258,https://images.pokemontcg.io/swsh8/258_hires.png,2026/08/08,2025/11/18,1.64,1.2000000476837158,1.9900000095367432,14.670000076293945,,,,,,3.0452,1.7302,3.2759,0.0,3.2874999046325684,3.3221,3.0683,0.0,0.0,0.0,1.1535,2026-08-09
swsh8-260,Elesa's Sparkle,holofoil,Fusion Strike,260,Rare Ultra,Ryuta Fuse,Supporter|Fusion Strike,,Trainer,2021/11/12,"tcgplayer,cardmarket",https://prices.pokemontcg.io/tcgplayer/swsh8-260,https://images.pokemontcg.io/swsh8/260_hires.png,2026/08/08,2025/11/18,4.39,2.880000114440918,4.440000057220459,20.0,,,,,,6.5057,2.2955,5.26,0.0,5.75600004196167,5.3176,5.9982,0.0,0.0,0.0,1.1535,2026-08-09
swsh8-264,Sidney,holofoil,Fusion Strike,264,Rare Ultra,Hideki Ishikawa,Supporter,,Trainer,2021/11/12,"tcgplayer,cardmarket",https://prices.pokemontcg.io/tcgplayer/swsh8-264,https://images.pokemontcg.io/swsh8/264_hires.png,2026/08/08,2025/11/18,1.09,0.5400000214576721,1.3799999952316284,29.950000762939453,,,,,,2.0648,0.9228,1.9609,0.0,2.0762999057769775,1.8802,1.9956,0.0,0.0,0.0,1.1535,2026-08-09
swsh8-267,Boltund VMAX,holofoil,Fusion Strike,267,Rare Rainbow,PLANETA Tsuji,VMAX,836,Pokémon,2021/11/12,"tcgplayer,cardmarket",https://prices.pokemontcg.io/tcgplayer/swsh8-267,https://images.pokemontcg.io/swsh8/267_hires.png,2026/08/08,2025/11/18,7.56,6.570000171661377,8.25,66.77999877929688,,,,,,6.8518,2.2955,6.0559,0.0,5.767499923706055,6.5403,8.1552,0.0,0.0,0.0,1.1535,2026-08-09
swsh8-271,Gengar VMAX,holofoil,Fusion Strike,271,Rare Rainbow,sowsow,VMAX|Single Strike,94,Pokémon,2021/11/12,"tcgplayer,cardmarket",https://prices.pokemontcg.io/tcgplayer/swsh8-271,https://images.pokemontcg.io/swsh8/271_hires.png,2026/08/08,2025/11/18,1042.89,808.6900024414062,1102.699951171875,2749.989990234375,,,,,,928.9943,287.2215,1110.0131,0.0,893.9625244140625,1094.0947,744.8611,0.0,0.0,0.0,1.1535,2026-08-09
swsh8-273,Chili & Cilan & Cress,holofoil,Fusion Strike,273,Rare Rainbow,Sanosuke Sakuma,Supporter|Fusion Strike,,Trainer,2021/11/12,"tcgplayer,cardmarket",https://prices.pokemontcg.io/tcgplayer/swsh8-273,https://images.pokemontcg.io/swsh8/273_hires.png,2026/08/08,2025/11/18,3.61,2.75,4.46999979019165,46.459999084472656,,,,,,8.0745,2.2839,7.1517,0.0,6.9095001220703125,7.0594,6.8979,0.0,0.0,0.0,1.1535,2026-08-09
swsh8-277,Schoolgirl,holofoil,Fusion Strike,277,Rare Rainbow,Hideki Ishikawa,Supporter,,Trainer,2021/11/12,"tcgplayer,cardmarket",https://prices.pokemontcg.io/tcgplayer/swsh8-277,https://images.pokemontcg.io/swsh8/277_hires.png,2026/08/08,2025/11/18,3.66,2.4700000286102295,4.239999771118164,43.20000076293945,,,,,,5.0062,2.307,4.764,0.0,4.556300163269043,5.3061,5.0985,0.0,0.0,0.0,1.1535,2026-08-09
swsh8-281,Power Tablet,holofoil,Fusion Strike,281,Rare Secret,Toyste Beach,Item|Fusion Strike,,Trainer,2021/11/12,"tcgplayer,cardmarket",https://prices.pokemontcg.io/tcgplayer/swsh8-281,https://images.pokemontcg.io/swsh8/281_hires.png,2026/08/08,2025/11/18,1.56,0.800000011920929,2.0,20.0,,,,,,2.8491,1.7302,2.63,0.0,2.6414999961853027,2.6761,3.0106,0.0,0.0,0.0,1.1535,2026-08-09
swsh8-284,Fire Energy,holofoil,Fusion Strike,284,Rare Secret,,Basic,,Energy,2021/11/12,"tcgplayer,cardmarket",https://prices.pokemontcg.io/tcgplayer/swsh8-284,https://images.pokemontcg.io/swsh8/284_hires.png,2026/08/08,2025/11/18,5.29,4.400000095367432,6.25,40.0,,,,,,5.7906,3.449,6.1136,0.0,8.07450008392334,5.7906,6.0328,0.0,0.0,0.0,1.1535,2026-08-09
swsh8-255,Genesect V,holofoil,Fusion Strike,255,Rare Ultra,Akira Komayama,Basic|V|Fusion Strike,649,Pokémon,2021/11/12,"tcgplayer,cardmarket",https://prices.pokemontcg.io/tcgplayer/swsh8-255,https://images.pokemontcg.io/swsh8/255_hires.png,2026/08/08,2025/11/18,28.67,24.260000228881836,31.360000610351562,255.50999450683594,,,,,,23.3122,16.149,21.582,0.0,19.49410057067871,21.3051,26.2191,0.0,0.0,0.0,1.1535,2026-08-09
swsh8-265,Chandelure VMAX,holofoil,Fusion Strike,265,Rare Rainbow,AKIRA EGAWA,VMAX,609,Pokémon,2021/11/12,"tcgplayer,cardmarket",https://prices.pokemontcg.io/tcgplayer/swsh8-265,https://images.pokemontcg.io/swsh8/265_hires.png,2026/08/08,2025/11/18,9.58,7.0,10.65999984741211,79.80000305175781,,,,,,7.1632,4.6025,7.1171,0.0,7.728400230407715,7.2324,7.3363,0.0,0.0,0.0,1.1535,2026-08-09
swsh8-261,Schoolboy,holofoil,Fusion Strike,261,Rare Ultra,Hideki Ishikawa,Supporter,,Trainer,2021/11/12,"tcgplayer,cardmarket",https://prices.pokemontcg.io/tcgplayer/swsh8-261,https://images.pokemontcg.io/swsh8/261_hires.png,2026/08/08,2025/11/18,1.5,0.9800000190734863,1.9700000286102295,26.59000015258789,,,,,,3.0106,1.0381,2.7799,0.0,2.2955000400543213,2.457,2.7569,0.0,0.0,0.0,1.1535,2026-08-09
swsh8-263,Shauna,holofoil,Fusion Strike,263,Rare Ultra,Yuu Nishida,Supporter,,Trainer,2021/11/12,"tcgplayer,cardmarket",https://prices.pokemontcg.io/tcgplayer/swsh8-263,https://images.pokemontcg.io/swsh8/263_hires.png,2026/08/08,2025/11/18,3.6,2.490000009536743,3.990000009536743,499.989990234375,,,,,,3.7835,1.0958,3.472,0.0,3.2528998851776123,3.6105,3.9796,0.0,0.0,0.0,1.1535,2026-08-09
swsh8-266,Inteleon VMAX,holofoil,Fusion Strike,266,Rare Rainbow,Kazuma Koda,VMAX|Rapid Strike,818,Pokémon,2021/11/12,"tcgplayer,cardmarket",https://prices.pokemontcg.io/tcgplayer/swsh8-266,https://images.pokemontcg.io/swsh8/266_hires.png,2026/08/08,2025/11/18,28.41,22.979999542236328,31.40999984741211,255.69000244140625,,,,,,38.873,21.8588,35.6431,0.0,51.79209899902344,36.8659,36.0007,0.0,0.0,0.0,1.1535,2026-08-09
swsh8-268,Mew VMAX,holofoil,Fusion Strike,268,Rare Rainbow,5ban Graphics,VMAX|Fusion Strike,151,Pokémon,2021/11/12,"tcgplayer,cardmarket",https://prices.pokemontcg.io/tcgplayer/swsh8-268,https://images.pokemontcg.io/swsh8/268_hires.png,2026/08/08,2025/11/18,104.74,75.0,123.29000091552734,561.9600219726562,,,,,,61.9314,28.7798,55.4834,0.0,76.13099670410156,49.7735,62.462,0.0,0.0,0.0,1.1535,2026-08-09
swsh8-269,Mew VMAX,holofoil,Fusion Strike,269,Rare Rainbow,AKIRA EGAWA,VMAX|Fusion Strike,151,Pokémon,2021/11/12,"tcgplayer,cardmarket",https://prices.pokemontcg.io/tcgplayer/swsh8-269,https://images.pokemontcg.io/swsh8/269_hires.png,2026/08/08,2025/11/18,272.87,203.9499969482422,275.4700012207031,1463.0,,,,,,239.9165,79.5915,237.6787,0.0,207.6300048828125,260.3449,218.6113,0.0,0.0,0.0,1.1535,2026-08-09
swsh8-270,Espeon VMAX,holofoil,Fusion Strike,270,Rare Rainbow,Kouki Saitou,VMAX,196,Pokémon,2021/11/12,"tcgplayer,cardmarket",https://prices.pokemontcg.io/tcgplayer/swsh8-270,https://images.pokemontcg.io/swsh8/270_hires.png,2026/08/08,2025/11/18,348.44,345.0,374.95001220703125,609.27001953125,,,,,,290.832,103.8035,266.4124,0.0,299.89849853515625,228.1392,322.484,0.0,0.0,0.0,1.1535,2026-08-09
swsh8-272,Greedent VMAX,holofoil,Fusion Strike,272,Rare Rainbow,PLANETA Mochizuki,VMAX,820,Pokémon,2021/11/12,"tcgplayer,cardmarket",https://prices.pokemontcg.io/tcgplayer/swsh8-272,https://images.pokemontcg.io/swsh8/272_hires.png,2026/08/08,2025/11/18,7.7,6.900000095367432,8.550000190734863,65.0999984741211,,,,,,8.1668,4.614,8.4898,0.0,7.497700214385986,8.2591,7.6592,0.0,0.0,0.0,1.1535,2026-08-09
swsh8-276,Schoolboy,holofoil,Fusion Strike,276,Rare Rainbow,Hideki Ishikawa,Supporter,,Trainer,2021/11/12,"tcgplayer,cardmarket",https://prices.pokemontcg.io/tcgplayer/swsh8-276,https://images.pokemontcg.io/swsh8/276_hires.png,2026/08/08,2025/11/18,3.75,2.5,3.990000009536743,96.94999694824219,,,,,,4.6371,3.4374,5.2254,0.0,4.3256001472473145,4.7755,5.4099,0.0,0.0,0.0,1.1535,2026-08-09
swsh8-278,Shauna,holofoil,Fusion Strike,278,Rare Rainbow,Yuu Nishida,Supporter,,Trainer,2021/11/12,"tcgplayer,cardmarket",https://prices.pokemontcg.io/tcgplayer/swsh8-278,https://images.pokemontcg.io/swsh8/278_hires.png,2026/08/08,2025/11/18,4.96,3.7899999618530273,5.489999771118164,39.9900016784668,,,,,,6.3673,2.307,6.4827,0.0,5.75600004196167,6.8633,6.6211,0.0,0.0,0.0,1.1535,2026-08-09
swsh8-283,Grass Energy,holofoil,Fusion Strike,283,Rare Secret,,Basic,,Energy,2021/11/12,"tcgplayer,cardmarket",https://prices.pokemontcg.io/tcgplayer/swsh8-283,https://images.pokemontcg.io/swsh8/283_hires.png,2026/08/08,2025/11/18,9.29,6.0,10.699999809265137,76.27999877929688,,,,,,6.5288,3.4605,5.9751,0.0,5.709799766540527,5.8713,6.9671,0.0,0.0,0.0,1.1535,2026-08-09
swsh8-274,Dancer,holofoil,Fusion Strike,274,Rare Rainbow,Yuu Nishida,Supporter,,Trainer,2021/11/12,"tcgplayer,cardmarket",https://prices.pokemontcg.io/tcgplayer/swsh8-274,https://images.pokemontcg.io/swsh8/274_hires.png,2026/08/08,2025/11/18,3.61,2.9800000190734863,4.150000095367432,1000.0,,,,,,4.3718,2.8838,4.6486,0.0,4.602499961853027,4.7178,4.6717,0.0,0.0,0.0,1.1535,2026-08-09
swsh8-280,Flaaffy,holofoil,Fusion Strike,280,Rare Secret,Studio Bora Inc.,Stage 1,180,Pokémon,2021/11/12,"tcgplayer,cardmarket",https://prices.pokemontcg.io/tcgplayer/swsh8-280,https://images.pokemontcg.io/swsh8/280_hires.png,2026/08/08,2025/11/18,7.44,5.78000020980835,7.679999828338623,66.95999908447266,,,,,,7.59,2.307,9.3549,0.0,8.016799926757812,11.4197,7.3939,0.0,0.0,0.0,1.1535,2026-08-09
fut20-1,Pikachu on the Ball,normal,Pokémon Futsal Collection,1,,The Pokémon Company Art Team,Basic,25,Pokémon,2020/09/11,"tcgplayer,cardmarket",https://prices.pokemontcg.io/tcgplayer/fut20-1,https://images.pokemontcg.io/fut20/1_hires.png,2023/03/01,2026/07/01,86.29,43.0,70.1500015258789,500.0,,,,,,177.789,132.6525,216.3851,0.0,144.1875,177.9158,200.6167,0.0,0.0,0.0,1.1535,2026-08-09
fut20-2,Eevee on the Ball,normal,Pokémon Futsal Collection,2,,The Pokémon Company Art Team,Basic,133,Pokémon,2020/09/11,"tcgplayer,cardmarket",https://prices.pokemontcg.io/tcgplayer/fut20-2,https://images.pokemontcg.io/fut20/2_hires.png,2023/03/01,2026/07/01,52.38,42.0,52.380001068115234,59.95000076293945,,,,,,110.5284,92.2685,109.5133,0.0,109.57099914550781,110.5284,112.9392,51.9075,62.2775,62.2775,1.1535,2026-08-09
fut20-3,Grookey on the Ball,normal,Pokémon Futsal Collection,3,,The Pokémon Company Art Team,Basic,810,Pokémon,2020/09/11,"tcgplayer,cardmarket",https://prices.pokemontcg.io/tcgplayer/fut20-3,https://images.pokemontcg.io/fut20/3_hires.png,2023/03/01,2026/07/01,36.07,40.0,49.9900016784668,99.98999786376953,,,,,,24.9156,23.0123,24.8695,0.0,26.530500411987305,25.1809,23.0931,0.0,0.0,0.0,1.1535,2026-08-09
fut20-4,Scorbunny on the Ball,normal,Pokémon Futsal Collection,4,,The Pokémon Company Art Team,Basic,813,Pokémon,2020/09/11,"tcgplayer,cardmarket",https://prices.pokemontcg.io/tcgplayer/fut20-4,https://images.pokemontcg.io/fut20/4_hires.png,2023/03/01,2026/07/01,37.08,,,,,,,,,28.6529,27.6263,56.3023,0.0,23.058500289916992,29.2643,27.7186,0.0,0.0,0.0,1.1535,2026-08-09
fut20-5,Sobble on the Ball,normal,Pokémon Futsal Collection,5,,The Pokémon Company Art Team,Basic,816,Pokémon,2020/09/11,"tcgplayer,cardmarket",https://prices.pokemontcg.io/tcgplayer/fut20-5,https://images.pokemontcg.io/fut20/5_hires.png,2023/03/01,2026/07/01,55.31,48.0,55.150001525878906,99.98999786376953,,,,,,31.8597,24.212,21.5935,0.0,24.211999893188477,30.7638,31.1791,0.0,0.0,0.0,1.1535,2026-08-09
swshp-SWSH062,Pikachu VMAX,holofoil,SWSH Black Star Promos,SWSH062,Promo,PLANETA Mochizuki,VMAX,25,Pokémon,2019/11/15,"tcgplayer,cardmarket",https://prices.pokemontcg.io/tcgplayer/swshp-SWSH062,https://images.pokemontcg.io/swshp/SWSH062_hires.png,2026/08/08,2025/11/21,16.14,13.989999771118164,17.360000610351562,96.94999694824219,,,,,,16.6565,5.7675,17.81,0.0,17.302499771118164,16.8872,16.7373,0.0,0.0,0.0,1.1535,2026-08-09
swshp-SWSH132,Dragapult,holofoil,SWSH Black Star Promos,SWSH132,Promo,5ban Graphics,Stage 2|Prime,887,Pokémon,2019/11/15,"tcgplayer,cardmarket",https://prices.pokemontcg.io/tcgplayer/swshp-SWSH132,https://images.pokemontcg.io/swshp/SWSH132_hires.png,2026/08/08,2025/11/21,13.27,10.0,14.15999984741211,9999.0,,,,,,1.6034,0.2307,1.4073,0.0,1.4419000148773193,1.3842,1.6149,0.0,0.0,0.0,1.1535,2026-08-09
swshp-SWSH133,Lance's Charizard V,holofoil,SWSH Black Star Promos,SWSH133,Promo,Hideki Ishikawa,Basic|V,6,Pokémon,2019/11/15,"tcgplayer,cardmarket",https://prices.pokemontcg.io/tcgplayer/swshp-SWSH133,https://images.pokemontcg.io/swshp/SWSH133_hires.png,2026/08/08,2025/11/21,8.61,7.019999980926514,10.079999923706055,200.0,,,,,,2.63,1.0958,2.307,0.0,3.4605000019073486,2.3531,2.9991,0.0,0.0,0.0,1.1535,2026-08-09
swshp-SWSH134,Dark Sylveon V,holofoil,SWSH Black Star Promos,SWSH134,Promo,Ryuta Fuse,Basic|V,700,Pokémon,2019/11/15,"tcgplayer,cardmarket",https://prices.pokemontcg.io/tcgplayer/swshp-SWSH134,https://images.pokemontcg.io/swshp/SWSH134_hires.png,2026/08/08,2025/11/21,7.15,6.449999809265137,8.829999923706055,99.0,,,,,,9.9778,1.1535,9.3664,0.0,9.516400337219238,9.4356,10.0124,0.0,0.0,0.0,1.1535,2026-08-09
swshp-SWSH135,Zacian LV.X,holofoil,SWSH Black Star Promos,SWSH135,Promo,5ban Graphics,Level-Up,888,Pokémon,2019/11/15,"tcgplayer,cardmarket",https://prices.pokemontcg.io/tcgplayer/swshp-SWSH135,https://images.pokemontcg.io/swshp/SWSH135_hires.png,2026/08/08,2025/11/21,3.5,2.0,3.880000114440918,9999.0,,,,,,1.4303,0.1154,1.165,0.0,1.4419000148773193,1.1535,1.4303,0.0,0.0,0.0,1.1535,2026-08-09
swshp-SWSH136,Mimikyu δ,holofoil,SWSH Black Star Promos,SWSH136,Promo,Hasuno,Basic,778,Pokémon,2019/11/15,"tcgplayer,cardmarket",https://prices.pokemontcg.io/tcgplayer/swshp-SWSH136,https://images.pokemontcg.io/swshp/SWSH136_hires.png,2026/08/08,2025/11/21,13.28,11.0,15.989999771118164,1000.0,,,,,,5.7098,6.3442,8.3513,0.0,5.652200222015381,8.5244,7.3593,0.0,0.0,0.0,1.1535,2026-08-09
swshp-SWSH137,Light Toxtricity,holofoil,SWSH Black Star Promos,SWSH137,Promo,Naoyo Kimura,Stage 1,849,Pokémon,2019/11/15,"tcgplayer,cardmarket",https://prices.pokemontcg.io/tcgplayer/swshp-SWSH137,https://images.pokemontcg.io/swshp/SWSH137_hires.png,2026/08/08,2025/11/21,5.55,3.0,6.0,68.83999633789062,,,,,,3.7373,0.1154,2.5146,0.0,2.9990999698638916,2.7453,3.7835,0.0,0.0,0.0,1.1535,2026-08-09
swshp-SWSH138,Hydreigon C,holofoil,SWSH Black Star Promos,SWSH138,Promo,kawayoo,Basic|SP,635,Pokémon,2019/11/15,"tcgplayer,cardmarket",https://prices.pokemontcg.io/tcgplayer/swshp-SWSH138,https://images.pokemontcg.io/swshp/SWSH138_hires.png,2026/08/08,2025/11/21,0.95,0.5,1.2400000095367432,19.989999771118164,,,,,,5.5022,5.1907,6.4942,0.0,5.421500205993652,6.4135,5.9175,0.0,0.0,0.0,1.1535,2026-08-09
swshp-SWSH139,Pikachu V-UNION,holofoil,SWSH Black Star Promos,SWSH139,Promo,,V-UNION,25,Pokémon,2019/11/15,"tcgplayer,cardmarket",https://prices.pokemontcg.io/tcgplayer/swshp-SWSH139,https://images.pokemontcg.io/swshp/SWSH139_hires.png,2026/08/08,2025/11/21,6.89,4.889999866485596,7.980000019073486,9999.0,,,,,,7.4631,3.1721,7.9592,0.0,5.709799766540527,8.6743,7.8323,0.0,0.0,0.0,1.1535,2026-08-09
swshp-SWSH140,Pikachu V-UNION,holofoil,SWSH Black Star Promos,SWSH140,Promo,,V-UNION,25,Pokémon,2019/11/15,"tcgplayer,cardmarket",https://prices.pokemontcg.io/tcgplayer/swshp-SWSH140,https://images.pokemontcg.io/swshp/SWSH140_hires.png,2026/08/08,2025/11/21,7.95,5.409999847412109,8.470000267028809,9999.0,,,,,,5.8713,3.1721,5.779,0.0,5.767499923706055,5.9867,5.9405,0.0,0.0,0.0,1.1535,2026-08-09
swshp-SWSH141,Pikachu V-UNION,holofoil,SWSH Black Star Promos,SWSH141,Promo,,V-UNION,25,Pokémon,2019/11/15,"tcgplayer,cardmarket",https://prices.pokemontcg.io/tcgplayer/swshp-SWSH141,https://images.pokemontcg.io/swshp/SWSH141_hires.png,2026/08/08,2025/11/21,11.09,8.470000267028809,11.979999542236328,96.94999694824219,,,,,,5.6983,3.1721,5.5829,0.0,5.271500110626221,5.5714,5.6983,0.0,0.0,0.0,1.1535,2026-08-09
swshp-SWSH142,Pikachu V-UNION,holofoil,SWSH Black Star Promos,SWSH142,Promo,,V-UNION,25,Pokémon,2019/11/15,"tcgplayer,cardmarket",https://prices.pokemontcg.io/tcgplayer/swshp-SWSH142,https://images.pokemontcg.io/swshp/SWSH142_hires.png,2026/08/08,2025/11/21,10.11,8.1899995803833,11.630000114440918,96.94999694824219,,,,,,5.8021,3.1721,6.0559,0.0,5.882800102233887,6.8864,5.9175,0.0,0.0,0.0,1.1535,2026-08-09
swshp-SWSH143,Pikachu V,holofoil,SWSH Black Star Promos,SWSH143,Promo,HYOGONOSUKE,Basic|V,25,Pokémon,2019/11/15,"tcgplayer,cardmarket",https://prices.pokemontcg.io/tcgplayer/swshp-SWSH143,https://images.pokemontcg.io/swshp/SWSH143_hires.png,2026/08/08,2025/11/21,10.56,7.300000190734863,11.09000015258789,9999.0,,,,,,11.5696,3.4028,12.9077,0.0,10.035400390625,9.9086,11.2928,0.0,0.0,0.0,1.1535,2026-08-09
swshp-SWSH144,Greninja ★,holofoil,SWSH Black Star Promos,SWSH144,Promo,Masakazu Fukuda,Basic|Star,658,Pokémon,2019/11/15,"tcgplayer,cardmarket",https://prices.pokemontcg.io/tcgplayer/swshp-SWSH144,https://images.pokemontcg.io/swshp/SWSH144_hires.png,2026/08/08,2025/11/21,22.52,16.979999542236328,27.549999237060547,208.0800018310547,,,,,,28.6183,8.9396,27.3264,0.0,20.99370002746582,24.3504,26.8766,0.0,0.0,0.0,1.1535,2026-08-09
swshp-SWSH145,Pikachu V,holofoil,SWSH Black Star Promos,SWSH145,Promo,5ban Graphics,Basic|V,25,Pokémon,2019/11/15,"tcgplayer,cardmarket",https://prices.pokemontcg.io/tcgplayer/swshp-SWSH145,https://images.pokemontcg.io/swshp/SWSH145_hires.png,2026/08/08,2025/11/21,117.23,110.9800033569336,128.64999389648438,9999.0,,,,,,94.5409,46.0823,104.6917,0.0,103.80349731445312,125.6623,93.272,0.0,0.0,0.0,1.1535,2026-08-09
swshp-SWSH146,Poké Ball,holofoil,SWSH Black Star Promos,SWSH146,Promo,5ban Graphics,Item,,Trainer,2019/11/15,"tcgplayer,cardmarket",https://prices.pokemontcg.io/tcgplayer/swshp-SWSH146,https://images.pokemontcg.io/swshp/SWSH146_hires.png,2026/08/08,2025/11/21,27.09,22.34000015258789,33.380001068115234,9999.0,,,,,,20.6592,15.5261,22.3894,0.0,19.944000244140625,26.4151,22.0549,0.0,0.0,0.0,1.1535,2026-08-09
swshp-SWSH147,Rayquaza V,holofoil,SWSH Black Star Promos,SWSH147,Promo,PLANETA Mochizuki,Basic|V|Rapid Strike,384,Pokémon,2019/11/15,"tcgplayer,cardmarket",https://prices.pokemontcg.io/tcgplayer/swshp-SWSH147,https://images.pokemontcg.io/swshp/SWSH147_hires.png,2026/08/08,2025/11/21,30.23,12.15999984741211,31.450000762939453,9999.0,,,,,,6.5057,1.142,6.7134,0.0,4.579400062561035,6.6096,6.2404,0.0,0.0,0.0,1.1535,2026-08-09
swshp-SWSH148,Noivern V,holofoil,SWSH Black Star Promos,SWSH148,Promo,PLANETA Yamashita,Basic|V,715,Pokémon,2019/11/15,"tcgplayer,cardmarket",https://prices.pokemontcg.io/tcgplayer/swshp-SWSH148,https://images.pokemontcg.io/swshp/SWSH148_hires.png,2026/08/08,2025/11/21,1.96,1.0,1.9600000381469727,4.21999979019165,,,,,,1.811,0.1154,1.6264,0.0,1.153499960899353,1.811,1.7072,0.0,0.0,0.0,1.1535,2026-08-09
swshp-SWSH149,Flareon V,holofoil,SWSH Black Star Promos,SWSH149,Promo,5ban Graphics,Basic|V|Single Strike,136,Pokémon,2019/11/15,"tcgplayer,cardmarket",https://prices.pokemontcg.io/tcgplayer/swshp-SWSH149,https://images.pokemontcg.io/swshp/SWSH149_hires.png,2026/08/08,2025/11/21,4.46,2.680000066757202,4.869999885559082,15.0,,,,,,4.0257,2.0186,3.9796,0.0,4.071899890899658,4.0257,4.0603,0.0,0.0,0.0,1.1535,2026-08-09
swshp-SWSH150,Vaporeon V,holofoil,SWSH Black Star Promos,SWSH150,Promo,5ban Graphics,Basic|V|Rapid Strike,134,Pokémon,2019/11/15,"tcgplayer,cardmarket",https://prices.pokemontcg.io/tcgplayer/swshp-SWSH150,https://images.pokemontcg.io/swshp/SWSH150_hires.png,2026/08/08,2025/11/21,4.93,2.75,5.079999923706055,25.0,,,,,,4.3026,1.1535,4.3372,0.0,3.4605000019073486,4.614,4.1757,0.0,0.0,0.0,1.1535,2026-08-09
swshp-SWSH151,Jolteon V,holofoil,SWSH Black Star Promos,SWSH151,Promo,5ban Graphics,Basic|V,135,Pokémon,2019/11/15,"tcgplayer,cardmarket",https://prices.pokemontcg.io/tcgplayer/swshp-SWSH151,https://images.pokemontcg.io/swshp/SWSH151_hires.png,2026/08/08,2025/11/21,3.92,1.8600000143051147,3.880000114440918,57.709999084472656,,,,,,3.0452,1.9609,3.3567,0.0,4.002600193023682,3.126,3.0914,0.0,0.0,0.0,1.1535,2026-08-09
swshp-SWSH154,Dragonite V,holofoil,SWSH Black Star Promos,SWSH154,Promo,Saki Hayashiro,Basic|V,149,Pokémon,2019/11/15,"tcgplayer,cardmarket",https://prices.pokemontcg.io/tcgplayer/swshp-SWSH154,https://images.pokemontcg.io/swshp/SWSH154_hires.png,2026/08/08,2025/11/21,6.45,2.990000009536743,6.630000114440918,9999.0,,,,,,2.9184,0.9228,2.953,0.0,2.5376999378204346,2.9068,2.6646,0.0,0.0,0.0,1.1535,2026-08-09
swshp-SWSH155,Greninja V-UNION,holofoil,SWSH Black Star Promos,SWSH155,Promo,Shin Nagasawa,V-UNION,658,Pokémon,2019/11/15,"tcgplayer,cardmarket",https://prices.pokemontcg.io/tcgplayer/swshp-SWSH155,https://images.pokemontcg.io/swshp/SWSH155_hires.png,2026/08/08,2025/11/21,5.81,3.869999885559082,5.989999771118164,96.94999694824219,,,,,,4.8101,1.7649,5.9867,0.0,4.602499961853027,6.1366,4.9716,0.0,0.0,0.0,1.1535,2026-08-09
swshp-SWSH156,Greninja V-UNION,holofoil,SWSH Black Star Promos,SWSH156,Promo,Shin Nagasawa,V-UNION,658,Pokémon,2019/11/15,"tcgplayer,cardmarket",https://prices.pokemontcg.io/tcgplayer/swshp-SWSH156,https://images.pokemontcg.io/swshp/SWSH156_hires.png,2026/08/08,2025/11/21,5.92,5.78000020980835,8.020000457763672,95.69999694824219,,,,,,3.8758,1.7995,4.0834,0.0,4.602499961853027,3.9219,3.5758,0.0,0.0,0.0,1.1535,2026-08-09
swshp-SWSH157,Greninja V-UNION,holofoil,SWSH Black Star Promos,SWSH157,Promo,Shin Nagasawa,V-UNION,658,Pokémon,2019/11/15,"tcgplayer,cardmarket",https://prices.pokemontcg.io/tcgplayer/swshp-SWSH157,https://images.pokemontcg.io/swshp/SWSH157_hires.png,2026/08/08,2025/11/18,13.05,9.039999961853027,14.949999809265137,96.94999694824219,,,,,,4.7409,1.8917,5.0062,0.0,2.8838000297546387,5.6175,4.1295,0.0,0.0,0.0,1.1535,2026-08-09
swshp-SWSH158,Greninja V-UNION,holofoil,SWSH Black Star Promos,SWSH158,Promo,Shin Nagasawa,V-UNION,658,Pokémon,2019/11/15,"tcgplayer,cardmarket",https://prices.pokemontcg.io/tcgplayer/swshp-SWSH158,https://images.pokemontcg.io/swshp/SWSH158_hires.png,2026/08/08,2025/11/18,8.17,4.400000095367432,8.739999771118164,60.599998474121094,,,,,,3.8642,1.7995,3.7835,0.0,3.22979998588562,3.7143,3.5758,0.0,0.0,0.0,1.1535,2026-08-09
swshp-SWSH159,Mewtwo V-UNION,holofoil,SWSH Black Star Promos,SWSH159,Promo,AKIRA EGAWA,V-UNION,150,Pokémon,2019/11/15,"tcgplayer,cardmarket",https://prices.pokemontcg.io/tcgplayer/swshp-SWSH159,https://images.pokemontcg.io/swshp/SWSH159_hires.png,2026/08/08,2025/11/18,9.85,7.059999942779541,10.899999618530273,115.0,,,,,,11.6619,6.3442,10.6699,0.0,9.216500282287598,9.1473,10.889,0.0,0.0,0.0,1.1535,2026-08-09
swshp-SWSH160,Mewtwo V-UNION,holofoil,SWSH Black Star Promos,SWSH160,Promo,AKIRA EGAWA,V-UNION,150,Pokémon,2019/11/15,"tcgplayer,cardmarket",https://prices.pokemontcg.io/tcgplayer/swshp-SWSH160,https://images.pokemontcg.io/swshp/SWSH160_hires.png,2026/08/08,2025/11/18,16.59,13.550000190734863,18.469999313354492,144.08999633789062,,,,,,10.37,7.4862,10.6929,0.0,12.342399597167969,9.897,9.8278,0.0,0.0,0.0,1.1535,2026-08-09
swshp-SWSH161,Mewtwo V-UNION,holofoil,SWSH Black Star Promos,SWSH161,Promo,AKIRA EGAWA,V-UNION,150,Pokémon,2019/11/15,"tcgplayer,cardmarket",https://prices.pokemontcg.io/tcgplayer/swshp-SWSH161,https://images.pokemontcg.io/swshp/SWSH161_hires.png,2026/08/08,2025/11/18,10.51,9.0,10.550000190734863,79.5999984741211,,,,,,8.582,4.614,8.8589,0.0,10.381500244140625,8.063,8.6743,0.0,0.0,0.0,1.1535,2026-08-09
swshp-SWSH162,Mewtwo V-UNION,holofoil,SWSH Black Star Promos,SWSH162,Promo,AKIRA EGAWA,V-UNION,150,Pokémon,2019/11/15,"tcgplayer,cardmarket",https://prices.pokemontcg.io/tcgplayer/swshp-SWSH162,https://images.pokemontcg.io/swshp/SWSH162_hires.png,2026/08/08,2025/11/18,11.99,8.0,13.699999809265137,9999.0,,,,,,9.0665,6.1136,8.8819,0.0,9.227999687194824,8.4552,8.9627,0.0,0.0,0.0,1.1535,2026-08-09
swshp-SWSH163,Zacian V-UNION,holofoil,SWSH Black Star Promos,SWSH163,Promo,PLANETA Tsuji,V-UNION,888,Pokémon,2019/11/15,"tcgplayer,cardmarket",https://prices.pokemontcg.io/tcgplayer/swshp-SWSH163,https://images.pokemontcg.io/swshp/SWSH163_hires.png,2026/08/08,2025/11/18,2.84,2.430000066757202,3.0,31.860000610351562,,,,,,3.5643,2.2839,3.8296,0.0,2.5376999378204346,4.3833,3.0798,0.0,0.0,0.0,1.1535,2026-08-09
swshp-SWSH164,Zacian V-UNION,holofoil,SWSH Black Star Promos,SWSH164,Promo,PLANETA Tsuji,V-UNION,888,Pokémon,2019/11/15,"tcgplayer,cardmarket",https://prices.pokemontcg.io/tcgplayer/swshp-SWSH164,https://images.pokemontcg.io/swshp/SWSH164_hires.png,2026/08/08,2025/11/18,3.22,2.2899999618530273,3.3299999237060547,39.29999923706055,,,,,,2.9414,1.6149,2.9068,0.0,2.6530001163482666,2.9414,2.7223,0.0,0.0,0.0,1.1535,2026-08-09
swshp-SWSH165,Zacian V-UNION,holofoil,SWSH Black Star Promos,SWSH165,Promo,PLANETA Tsuji,V-UNION,888,Pokémon,2019/11/15,"tcgplayer,cardmarket",https://prices.pokemontcg.io/tcgplayer/swshp-SWSH165,https://images.pokemontcg.io/swshp/SWSH165_hires.png,2026/08/08,2025/11/18,3.16,2.2699999809265137,3.430000066757202,7.53000020980835,,,,,,3.5989,2.2493,3.8181,0.0,2.8838000297546387,3.0798,3.0568,0.0,0.0,0.0,1.1535,2026-08-09
swshp-SWSH166,Zacian V-UNION,holofoil,SWSH Black Star Promos,SWSH166,Promo,PLANETA Tsuji,V-UNION,888,Pokémon,2019/11/15,"tcgplayer,cardmarket",https://prices.pokemontcg.io/tcgplayer/swshp-SWSH166,https://images.pokemontcg.io/swshp/SWSH166_hires.png,2026/08/08,2025/11/18,6.17,4.019999980926514,6.929999828338623,85.0,,,,,,3.0337,2.2839,3.0106,0.0,2.4223999977111816,2.9645,2.8722,0.0,0.0,0.0,1.1535,2026-08-09
swshp-SWSH167,Professor Burnet,normal,SWSH Black Star Promos,SWSH167,Promo,Ryuta Fuse,Supporter,,Trainer,2019/11/15,"tcgplayer,cardmarket",https://prices.pokemontcg.io/tcgplayer/swshp-SWSH167,https://images.pokemontcg.io/swshp/SWSH167_hires.png,2026/08/08,2025/11/18,0.24,0.019999999552965164,0.25,19.989999771118164,,,,,,0.4037,0.0231,0.5075,0.0,0.7498000264167786,0.4845,0.3576,0.0,0.0,0.0,1.1535,2026-08-09
swshp-SWSH168,Oricorio,holofoil,SWSH Black Star Promos,SWSH168,Promo,otumami,Basic|Fusion Strike,741,Pokémon,2019/11/15,"tcgplayer,cardmarket",https://prices.pokemontcg.io/tcgplayer/swshp-SWSH168,https://images.pokemontcg.io/swshp/SWSH168_hires.png,2026/08/08,2025/11/18,1.45,0.3499999940395355,1.7699999809265137,45.0,,,,,,11.685,1.3265,8.7666,0.0,2.306999921798706,8.8819,5.2138,0.0,0.0,0.0,1.1535,2026-08-09
swshp-SWSH169,Pyukumuku,holofoil,SWSH Black Star Promos,SWSH169,Promo,Narumi Sato,Basic,771,Pokémon,2019/11/15,"tcgplayer,cardmarket",https://prices.pokemontcg.io/tcgplayer/swshp-SWSH169,https://images.pokemontcg.io/swshp/SWSH169_hires.png,2026/08/08,2025/11/18,1.31,0.9900000095367432,1.7799999713897705,30.0,,,,,,4.8216,1.1535,3.2413,0.0,6.228899955749512,4.8101,6.3327,0.0,0.0,0.0,1.1535,2026-08-09
swshp-SWSH170,Deoxys,holofoil,SWSH Black Star Promos,SWSH170,Promo,Souichirou Gunjima,Basic|Fusion Strike|Single Strike|Rapid Strike,386,Pokémon,2019/11/15,"tcgplayer,cardmarket",https://prices.pokemontcg.io/tcgplayer/swshp-SWSH170,https://images.pokemontcg.io/swshp/SWSH170_hires.png,2026/08/08,2025/11/18,4.48,3.0,5.03000020980835,9.989999771118164,,,,,,7.244,0.2884,7.8784,0.0,4.383299827575684,6.3212,7.9015,0.0,0.0,0.0,1.1535,2026-08-09
swshp-SWSH171,Latias,holofoil,SWSH Black Star Promos,SWSH171,Promo,takuyoa,Basic|Fusion Strike,380,Pokémon,2019/11/15,"tcgplayer,cardmarket",https://prices.pokemontcg.io/tcgplayer/swshp-SWSH171,https://images.pokemontcg.io/swshp/SWSH171_hires.png,2026/08/08,2025/11/18,5.66,3.0,6.239999771118164,55.0,,,,,,16.6104,3.7489,10.7737,0.0,10.381500244140625,11.5696,9.4356,0.0,0.0,0.0,1.1535,2026-08-09
swshp-SWSH172,Tepig,holofoil,SWSH Black Star Promos,SWSH172,Promo,Eri Yamaki,Basic|Single Strike,498,Pokémon,2019/11/15,"tcgplayer,cardmarket",https://prices.pokemontcg.io/tcgplayer/swshp-SWSH172,https://images.pokemontcg.io/swshp/SWSH172_hires.png,2026/08/08,2025/11/18,0.65,0.20000000298023224,0.6700000166893005,19.979999542236328,,,,,,0.9574,0.2076,1.142,0.0,0.6690000295639038,0.992,0.8997,0.0,0.0,0.0,1.1535,2026-08-09
swshp-SWSH173,Blitzle,holofoil,SWSH Black Star Promos,SWSH173,Promo,Oswaldo KATO,Basic|Rapid Strike,522,Pokémon,2019/11/15,"tcgplayer,cardmarket",https://prices.pokemontcg.io/tcgplayer/swshp-SWSH173,https://images.pokemontcg.io/swshp/SWSH173_hires.png,2026/08/08,2025/11/18,0.39,0.09000000357627869,0.46000000834465027,19.979999542236328,,,,,,0.7152,0.1154,0.669,0.0,0.23070000112056732,0.6344,0.6806,0.0,0.0,0.0,1.1535,2026-08-09
swshp-SWSH174,Espeon,holofoil,SWSH Black Star Promos,SWSH174,Promo,Tika Matsuno,Stage 1,196,Pokémon,2019/11/15,"tcgplayer,cardmarket",https://prices.pokemontcg.io/tcgplayer/swshp-SWSH174,https://images.pokemontcg.io/swshp/SWSH174_hires.png,2026/08/08,2025/11/18,15.58,8.989999771118164,16.270000457763672,125.0,,,,,,5.8482,1.1535,5.6522,0.0,4.267899990081787,6.7364,6.252,0.0,0.0,0.0,1.1535,2026-08-09
swshp-SWSH175,Eevee,holofoil,SWSH Black Star Promos,SWSH175,Promo,Tika Matsuno,Basic,133,Pokémon,2019/11/15,"tcgplayer,cardmarket",https://prices.pokemontcg.io/tcgplayer/swshp-SWSH175,https://images.pokemontcg.io/swshp/SWSH175_hires.png,2026/08/08,2025/11/18,8.81,5.429999828338623,9.779999732971191,49.939998626708984,,,,,,4.2449,0.5652,3.8527,0.0,9.193400382995605,4.1872,4.1295,0.0,0.0,0.0,1.1535,2026-08-09
swshp-SWSH176,Hoopa V,holofoil,SWSH Black Star Promos,SWSH176,Promo,takuyoa,Basic|V|Fusion Strike,720,Pokémon,2019/11/15,"tcgplayer,cardmarket",https://prices.pokemontcg.io/tcgplayer/swshp-SWSH176,https://images.pokemontcg.io/swshp/SWSH176_hires.png,2026/08/08,2025/11/18,0.89,0.550000011920929,1.0,9.0,,,,,,0.8997,0.1615,1.0497,0.0,0.911300003528595,1.1535,0.8997,0.0,0.0,0.0,1.1535,2026-08-09
swshp-SWSH179,Flareon V,holofoil,SWSH Black Star Promos,SWSH179,Promo,Souichirou Gunjima,Basic|V|Single Strike,136,Pokémon,2019/11/15,"tcgplayer,cardmarket",https://prices.pokemontcg.io/tcgplayer/swshp-SWSH179,https://images.pokemontcg.io/swshp/SWSH179_hires.png,2026/08/08,2025/11/18,85.44,74.68000030517578,91.69000244140625,9999.0,,,,,,107.3101,40.361,98.8088,0.0,88.2427978515625,80.4105,117.9915,0.0,0.0,0.0,1.1535,2026-08-09
swshp-SWSH180,Flareon VMAX,holofoil,SWSH Black Star Promos,SWSH180,Promo,OKACHEKE,VMAX|Single Strike,136,Pokémon,2019/11/15,"tcgplayer,cardmarket",https://prices.pokemontcg.io/tcgplayer/swshp-SWSH180,https://images.pokemontcg.io/swshp/SWSH180_hires.png,2026/08/08,2025/11/18,64.36,56.25,68.6500015258789,150.0,,,,,,78.4265,34.605,52.4727,0.0,77.48059844970703,57.675,86.4433,0.0,0.0,0.0,1.1535,2026-08-09
swshp-SWSH181,Vaporeon V,holofoil,SWSH Black Star Promos,SWSH181,Promo,Tika Matsuno,Basic|V|Rapid Strike,134,Pokémon,2019/11/15,"tcgplayer,cardmarket",https://prices.pokemontcg.io/tcgplayer/swshp-SWSH181,https://images.pokemontcg.io/swshp/SWSH181_hires.png,2026/08/08,2025/11/18,87.83,78.01000213623047,92.38999938964844,129.99000549316406,,,,,,81.4256,63.4425,80.595,0.0,74.97750091552734,70.4558,81.4717,0.0,0.0,0.0,1.1535,2026-08-09
swshp-SWSH182,Vaporeon VMAX,holofoil,SWSH Black Star Promos,SWSH182,Promo,Atsushi Furusawa,VMAX|Rapid Strike,134,Pokémon,2019/11/15,"tcgplayer,cardmarket",https://prices.pokemontcg.io/tcgplayer/swshp-SWSH182,https://images.pokemontcg.io/swshp/SWSH182_hires.png,2026/08/08,2025/11/18,92.27,75.94999694824219,94.44000244140625,727.469970703125,,,,,,146.8059,63.4425,149.1475,0.0,92.27999877929688,98.9011,135.4209,0.0,0.0,0.0,1.1535,2026-08-09
swshp-SWSH183,Jolteon V,holofoil,SWSH Black Star Promos,SWSH183,Promo,nagimiso,Basic|V,135,Pokémon,2019/11/15,"tcgplayer,cardmarket",https://prices.pokemontcg.io/tcgplayer/swshp-SWSH183,https://images.pokemontcg.io/swshp/SWSH183_hires.png,2026/08/08,2025/11/18,74.59,60.0,78.61000061035156,120.0,,,,,,57.029,34.605,55.7833,0.0,74.94290161132812,56.2331,58.6439,0.0,0.0,0.0,1.1535,2026-08-09
swshp-SWSH184,Jolteon VMAX,holofoil,SWSH Black Star Promos,SWSH184,Promo,Hasuno,VMAX,135,Pokémon,2019/11/15,"tcgplayer,cardmarket",https://prices.pokemontcg.io/tcgplayer/swshp-SWSH184,https://images.pokemontcg.io/swshp/SWSH184_hires.png,2026/08/08,2025/11/18,82.04,60.0,89.0,525.0,,,,,,103.5151,41.526,89.9961,0.0,57.67499923706055,71.6093,90.9535,0.0,0.0,0.0,1.1535,2026-08-09
smp-SM248,Pikachu & Zekrom-GX,holofoil,SM Black Star Promos,SM248,Promo,5ban Graphics,Basic|TAG TEAM|GX,25|644,Pokémon,2017/02/03,"tcgplayer,cardmarket",https://prices.pokemontcg.io/tcgplayer/smp-SM248,https://images.pokemontcg.io/smp/SM248_hires.png,2026/08/08,2025/11/18,37.46,33.529998779296875,42.59000015258789,5000.0,,,,,,42.841,17.291,40.3033,0.0,39.65729904174805,46.7398,39.2536,0.0,0.0,0.0,1.1535,2026-08-09
tk1a-1,Bagon,,EX Trainer Kit Latias,1,,Ken Sugimori,Basic,371,Pokémon,2004/06/01,,,https://images.pokemontcg.io/tk1a/1_hires.png,,,,,,,,,,,,,,,,,,,,,,,2026-08-09
tk1a-2,Combusken,,EX Trainer Kit Latias,2,,Kouki Saitou,Stage 1,256,Pokémon,2004/06/01,,,https://images.pokemontcg.io/tk1a/2_hires.png,,,,,,,,,,,,,,,,,,,,,,,2026-08-09
tk1a-3,Delcatty,,EX Trainer Kit Latias,3,,Midori Harada,Stage 1,301,Pokémon,2004/06/01,,,https://images.pokemontcg.io/tk1a/3_hires.png,,,,,,,,,,,,,,,,,,,,,,,2026-08-09
tk1a-4,Latias,,EX Trainer Kit Latias,4,,Nakaoka,Basic,380,Pokémon,2004/06/01,,,https://images.pokemontcg.io/tk1a/4_hires.png,,,,,,,,,,,,,,,,,,,,,,,2026-08-09
tk1a-5,Numel,,EX Trainer Kit Latias,5,,Yuka Morii,Basic,322,Pokémon,2004/06/01,,,https://images.pokemontcg.io/tk1a/5_hires.png,,,,,,,,,,,,,,,,,,,,,,,2026-08-09
tk1a-6,Skitty,,EX Trainer Kit Latias,6,,Atsuko Nishida,Basic,300,Pokémon,2004/06/01,,,https://images.pokemontcg.io/tk1a/6_hires.png,,,,,,,,,,,,,,,,,,,,,,,2026-08-09
tk1a-7,Torchic,,EX Trainer Kit Latias,7,,Hironobu Yoshida,Basic,255,Pokémon,2004/06/01,,,https://images.pokemontcg.io/tk1a/7_hires.png,,,,,,,,,,,,,,,,,,,,,,,2026-08-09
tk1a-8,Potion,,EX Trainer Kit Latias,8,,Keiji Kinebuchi,Item,,Trainer,2004/06/01,,,https://images.pokemontcg.io/tk1a/8_hires.png,,,,,,,,,,,,,,,,,,,,,,,2026-08-09
tk1a-9,Energy Search,,EX Trainer Kit Latias,9,,Kai Ishikawa,Item,,Trainer,2004/06/01,,,https://images.pokemontcg.io/tk1a/9_hires.png,,,,,,,,,,,,,,,,,,,,,,,2026-08-09
tk1a-10,Fire Energy,,EX Trainer Kit Latias,10,,,Basic,,Energy,2004/06/01,,,https://images.pokemontcg.io/tk1a/10_hires.png,,,,,,,,,,,,,,,,,,,,,,,2026-08-09
tk1b-1,Electrike,,EX Trainer Kit Latios,1,,Ken Sugimori,Basic,309,Pokémon,2004/06/01,,,https://images.pokemontcg.io/tk1b/1_hires.png,,,,,,,,,,,,,,,,,,,,,,,2026-08-09
tk1b-2,Latios,,EX Trainer Kit Latios,2,,Kyoko Koizumi,Basic,381,Pokémon,2004/06/01,,,https://images.pokemontcg.io/tk1b/2_hires.png,,,,,,,,,,,,,,,,,,,,,,,2026-08-09
tk1b-3,Linoone,,EX Trainer Kit Latios,3,,Ken Sugimori,Stage 1,264,Pokémon,2004/06/01,,,https://images.pokemontcg.io/tk1b/3_hires.png,,,,,,,,,,,,,,,,,,,,,,,2026-08-09
tk1b-4,Magnemite,,EX Trainer Kit Latios,4,,Tomokazu Komiya,Basic,81,Pokémon,2004/06/01,,,https://images.pokemontcg.io/tk1b/4_hires.png,,,,,,,,,,,,,,,,,,,,,,,2026-08-09
tk1b-5,Magneton,,EX Trainer Kit Latios,5,,Kyoko Umemoto,Stage 1,82,Pokémon,2004/06/01,,,https://images.pokemontcg.io/tk1b/5_hires.png,,,,,,,,,,,,,,,,,,,,,,,2026-08-09
tk1b-6,Pikachu,,EX Trainer Kit Latios,6,,Mitsuhiro Arita,Basic,25,Pokémon,2004/06/01,,,https://images.pokemontcg.io/tk1b/6_hires.png,,,,,,,,,,,,,,,,,,,,,,,2026-08-09
tk1b-7,Zigzagoon,,EX Trainer Kit Latios,7,,Atsuko Nishida,Basic,263,Pokémon,2004/06/01,,,https://images.pokemontcg.io/tk1b/7_hires.png,,,,,,,,,,,,,,,,,,,,,,,2026-08-09
tk1b-8,Potion,,EX Trainer Kit Latios,8,,Keiji Kinebuchi,Item,,Trainer,2004/06/01,,,https://images.pokemontcg.io/tk1b/8_hires.png,,,,,,,,,,,,,,,,,,,,,,,2026-08-09
tk1b-9,Energy Search,,EX Trainer Kit Latios,9,,Kai Ishikawa,Item,,Trainer,2004/06/01,,,https://images.pokemontcg.io/tk1b/9_hires.png,,,,,,,,,,,,,,,,,,,,,,,2026-08-09
tk1b-10,Lightning Energy,,EX Trainer Kit Latios,10,,,Basic,,Energy,2004/06/01,,,https://images.pokemontcg.io/tk1b/10_hires.png,,,,,,,,,,,,,,,,,,,,,,,2026-08-09
tk2a-1,Beldum,,EX Trainer Kit 2 Plusle,1,,Kouki Saitou,Basic,374,Pokémon,2006/03/01,,,https://images.pokemontcg.io/tk2a/1_hires.png,,,,,,,,,,,,,,,,,,,,,,,2026-08-09
tk2a-2,Electrike,,EX Trainer Kit 2 Plusle,2,,Hiroki Fuchino,Basic,309,Pokémon,2006/03/01,,,https://images.pokemontcg.io/tk2a/2_hires.png,,,,,,,,,,,,,,,,,,,,,,,2026-08-09
tk2a-3,Grumpig,,EX Trainer Kit 2 Plusle,3,,Atsuko Nishida,Stage 1,326,Pokémon,2006/03/01,,,https://images.pokemontcg.io/tk2a/3_hires.png,,,,,,,,,,,,,,,,,,,,,,,2026-08-09
tk2a-4,Meowth,,EX Trainer Kit 2 Plusle,4,,Masakazu Fukuda,Basic,52,Pokémon,2006/03/01,,,https://images.pokemontcg.io/tk2a/4_hires.png,,,,,,,,,,,,,,,,,,,,,,,2026-08-09
tk2a-5,Metang,,EX Trainer Kit 2 Plusle,5,,Hisao Nakamura,Stage 1,375,Pokémon,2006/03/01,,,https://images.pokemontcg.io/tk2a/5_hires.png,,,,,,,,,,,,,,,,,,,,,,,2026-08-09
tk2a-6,Plusle,,EX Trainer Kit 2 Plusle,6,,Katsura Tabata,Basic,311,Pokémon,2006/03/01,,,https://images.pokemontcg.io/tk2a/6_hires.png,,,,,,,,,,,,,,,,,,,,,,,2026-08-09
tk2a-7,Spoink,,EX Trainer Kit 2 Plusle,7,,Kagemaru Himeno,Basic,325,Pokémon,2006/03/01,,,https://images.pokemontcg.io/tk2a/7_hires.png,,,,,,,,,,,,,,,,,,,,,,,2026-08-09
tk2a-8,Energy Search,,EX Trainer Kit 2 Plusle,8,,Kai Ishikawa,Item,,Trainer,2006/03/01,,,https://images.pokemontcg.io/tk2a/8_hires.png,,,,,,,,,,,,,,,,,,,,,,,2026-08-09
tk2a-9,Potion,,EX Trainer Kit 2 Plusle,9,,Keiji Kinebuchi,Item,,Trainer,2006/03/01,,,https://images.pokemontcg.io/tk2a/9_hires.png,,,,,,,,,,,,,,,,,,,,,,,2026-08-09
tk2a-10,Professor Cozmo's Discovery,,EX Trainer Kit 2 Plusle,10,,Ken Sugimori,Supporter,,Trainer,2006/03/01,,,https://images.pokemontcg.io/tk2a/10_hires.png,,,,,,,,,,,,,,,,,,,,,,,2026-08-09
tk2a-11,Lightning Energy,,EX Trainer Kit 2 Plusle,11,,,Basic,,Energy,2006/03/01,,,https://images.pokemontcg.io/tk2a/11_hires.png,,,,,,,,,,,,,,,,,,,,,,,2026-08-09
tk2a-12,Psychic Energy,,EX Trainer Kit 2 Plusle,12,,,Basic,,Energy,2006/03/01,,,https://images.pokemontcg.io/tk2a/12_hires.png,,,,,,,,,,,,,,,,,,,,,,,2026-08-09
tk2b-1,Arcanine,,EX Trainer Kit 2 Minun,1,,Ken Sugimori,Stage 1,59,Pokémon,2006/03/01,,,https://images.pokemontcg.io/tk2b/1_hires.png,,,,,,,,,,,,,,,,,,,,,,,2026-08-09
tk2b-2,Charmander,,EX Trainer Kit 2 Minun,2,,Midori Harada,Basic,4,Pokémon,2006/03/01,,,https://images.pokemontcg.io/tk2b/2_hires.png,,,,,,,,,,,,,,,,,,,,,,,2026-08-09
tk2b-3,Charmeleon,,EX Trainer Kit 2 Minun,3,Uncommon,Kouki Saitou,Stage 1,5,Pokémon,2006/03/01,,,https://images.pokemontcg.io/tk2b/3_hires.png,,,,,,,,,,,,,,,,,,,,,,,2026-08-09
tk2b-4,Growlithe,,EX Trainer Kit 2 Minun,4,,Ken Sugimori,Basic,58,Pokémon,2006/03/01,,,https://images.pokemontcg.io/tk2b/4_hires.png,,,,,,,,,,,,,,,,,,,,,,,2026-08-09
tk2b-5,Mareep,,EX Trainer Kit 2 Minun,5,,Naoyo Kimura,Basic,179,Pokémon,2006/03/01,,,https://images.pokemontcg.io/tk2b/5_hires.png,,,,,,,,,,,,,,,,,,,,,,,2026-08-09
tk2b-6,Minun,,EX Trainer Kit 2 Minun,6,,Katsura Tabata,Basic,312,Pokémon,2006/03/01,,,https://images.pokemontcg.io/tk2b/6_hires.png,,,,,,,,,,,,,,,,,,,,,,,2026-08-09
tk2b-7,Vulpix,,EX Trainer Kit 2 Minun,7,,Midori Harada,Basic,37,Pokémon,2006/03/01,,,https://images.pokemontcg.io/tk2b/7_hires.png,,,,,,,,,,,,,,,,,,,,,,,2026-08-09
tk2b-8,Celio's Network,,EX Trainer Kit 2 Minun,8,,Ken Sugimori,Supporter,,Trainer,2006/03/01,,,https://images.pokemontcg.io/tk2b/8_hires.png,,,,,,,,,,,,,,,,,,,,,,,2026-08-09
tk2b-9,Energy Search,,EX Trainer Kit 2 Minun,9,,Kai Ishikawa,Item,,Trainer,2006/03/01,,,https://images.pokemontcg.io/tk2b/9_hires.png,,,,,,,,,,,,,,,,,,,,,,,2026-08-09
tk2b-10,Potion,,EX Trainer Kit 2 Minun,10,,Keiji Kinebuchi,Item,,Trainer,2006/03/01,,,https://images.pokemontcg.io/tk2b/10_hires.png,,,,,,,,,,,,,,,,,,,,,,,2026-08-09
tk2b-11,Fire Energy,,EX Trainer Kit 2 Minun,11,,,Basic,,Energy,2006/03/01,,,https://images.pokemontcg.io/tk2b/11_hires.png,,,,,,,,,,,,,,,,,,,,,,,2026-08-09
tk2b-12,Lightning Energy,,EX Trainer Kit 2 Minun,12,,,Basic,,Energy,2006/03/01,,,https://images.pokemontcg.io/tk2b/12_hires.png,,,,,,,,,,,,,,,,,,,,,,,2026-08-09
sm10-182a,Pokégear 3.0,,Unbroken Bonds,182a,Uncommon,Studio Bora Inc.,Item,,Trainer,2019/05/03,cardmarket,https://prices.pokemontcg.io/cardmarket/sm10-182a,https://images.pokemontcg.io/sm10/182a_hires.png,,2025/11/18,,,,,,,,,,29.6911,13.8305,29.2528,0.0,17.256399154663086,25.55,19.9094,1.7187,4.291,3.6451,1.1535,2026-08-09
sm10-182b,Pokégear 3.0,,Unbroken Bonds,182b,Uncommon,OOYAMA,Item,,Trainer,2019/05/03,cardmarket,https://prices.pokemontcg.io/cardmarket/sm10-182b,https://images.pokemontcg.io/sm10/182b_hires.png,,2025/11/18,,,,,,,,,,3.6451,0.2884,3.2413,0.0,2.595400094985962,3.7373,3.6451,0.1384,0.2192,0.2192,1.1535,2026-08-09
sm10-189a,Welder,,Unbroken Bonds,189a,Uncommon,Hitoshi Ariga,Supporter,,Trainer,2019/05/03,cardmarket,https://prices.pokemontcg.io/cardmarket/sm10-189a,https://images.pokemontcg.io/sm10/189a_hires.png,,2025/11/18,,,,,,,,,,7.5324,5.7675,10.2892,0.0,11.53499984741211,7.7284,11.7657,6.9095,7.1978,8.7435,1.1535,2026-08-09
sm11-79a,Jirachi-GX,,Unified Minds,79a,Rare Ultra,5ban Graphics,Basic|GX,385,Pokémon,2019/08/02,cardmarket,https://prices.pokemontcg.io/cardmarket/sm11-79a,https://images.pokemontcg.io/sm11/79a_hires.png,,2025/11/18,,,,,,,,,,11.1543,9.228,10.7506,0.0,12.746199607849121,11.2812,12.031,11.039,12.2963,13.7728,1.1535,2026-08-09
xy7-75a,Hex Maniac,,Ancient Origins,75a,Rare Ultra,You Iribi,Supporter,,Trainer,2015/08/12,cardmarket,https://prices.pokemontcg.io/cardmarket/xy7-75a,https://images.pokemontcg.io/xy7/75a_hires.png,,2026/01/16,,,,,,,,,,207.63,144.176,233.3069,0.0,230.6999969482422,213.3975,167.4075,11.535,16.4835,10.7852,1.1535,2026-08-09
swshp-SWSH194,Leafeon V,holofoil,SWSH Black Star Promos,SWSH194,Promo,PLANETA Yamashita,Basic|V,470,Pokémon,2019/11/15,"tcgplayer,cardmarket",https://prices.pokemontcg.io/tcgplayer/swshp-SWSH194,https://images.pokemontcg.io/swshp/SWSH194_hires.png,2026/08/08,2025/11/18,2.92,1.5,3.0999999046325684,29.940000534057617,,,,,,2.5954,1.1535,2.7684,0.0,2.7569000720977783,2.7569,2.63,0.0,0.0,0.0,1.1535,2026-08-09
swshp-SWSH195,Leafeon VSTAR,holofoil,SWSH Black Star Promos,SWSH195,Promo,5ban Graphics,VSTAR,470,Pokémon,2019/11/15,"tcgplayer,cardmarket",https://prices.pokemontcg.io/tcgplayer/swshp-SWSH195,https://images.pokemontcg.io/swshp/SWSH195_hires.png,2026/08/08,2025/11/18,2.55,1.8899999856948853,3.109999895095825,19.950000762939453,,,,,,3.5989,1.6149,4.764,0.0,2.5376999378204346,2.5723,3.3336,0.0,0.0,0.0,1.1535,2026-08-09
swshp-SWSH196,Glaceon V,holofoil,SWSH Black Star Promos,SWSH196,Promo,PLANETA Yamashita,Basic|V,471,Pokémon,2019/11/15,"tcgplayer,cardmarket",https://prices.pokemontcg.io/tcgplayer/swshp-SWSH196,https://images.pokemontcg.io/swshp/SWSH196_hires.png,2026/08/08,2025/11/18,2.75,1.7699999809265137,3.0199999809265137,23.540000915527344,,,,,,3.1952,2.0648,3.1029,0.0,3.4605000019073486,2.8722,3.1606,0.0,0.0,0.0,1.1535,2026-08-09
swshp-SWSH197,Glaceon VSTAR,holofoil,SWSH Black Star Promos,SWSH197,Promo,5ban Graphics,VSTAR,471,Pokémon,2019/11/15,"tcgplayer,cardmarket",https://prices.pokemontcg.io/tcgplayer/swshp-SWSH197,https://images.pokemontcg.io/swshp/SWSH197_hires.png,2026/08/08,2025/11/18,3.75,2.940000057220459,4.519999980926514,20.0,,,,,,3.4951,1.1535,3.2413,0.0,3.656599998474121,3.3221,3.7258,0.0,0.0,0.0,1.1535,2026-08-09
swsh9-1,Exeggcute,normal,Brilliant Stars,1,Common,0313,Basic,102,Pokémon,2022/02/25,"tcgplayer,cardmarket",https://prices.pokemontcg.io/tcgplayer/swsh9-1,https://images.pokemontcg.io/swsh9/1_hires.png,2026/08/08,2026/07/01,0.17,0.009999999776482582,0.18000000715255737,1000.0,,0.25,,,,0.0577,0.0231,0.0346,0.173,0.023099999874830246,0.0346,0.0461,0.2307,0.173,0.173,1.1535,2026-08-09
swsh9-2,Exeggutor,normal,Brilliant Stars,2,Uncommon,Naoyo Kimura,Stage 1,103,Pokémon,2022/02/25,"tcgplayer,cardmarket",https://prices.pokemontcg.io/tcgplayer/swsh9-2,https://images.pokemontcg.io/swsh9/2_hires.png,2026/08/08,2026/07/01,0.06,0.009999999776482582,0.15000000596046448,1000.0,,0.22,,,,0.0577,0.0231,0.0577,0.1846,0.03460000082850456,0.0461,0.0461,0.1154,0.2192,0.1846,1.1535,2026-08-09
swsh9-3,Shroomish,normal,Brilliant Stars,3,Common,Shigenori Negishi,Basic,285,Pokémon,2022/02/25,"tcgplayer,cardmarket",https://prices.pokemontcg.io/tcgplayer/swsh9-3,https://images.pokemontcg.io/swsh9/3_hires.png,2026/08/08,2026/07/01,0.2,0.009999999776482582,0.1899999976158142,1000.0,,0.26,,,,0.0461,0.0231,0.0346,0.2422,0.023099999874830246,0.0231,0.0346,0.0461,0.2307,0.1846,1.1535,2026-08-09
swsh9-4,Breloom,normal,Brilliant Stars,4,Rare,Sekio,Stage 1,286,Pokémon,2022/02/25,"tcgplayer,cardmarket",https://prices.pokemontcg.io/tcgplayer/swsh9-4,https://images.pokemontcg.io/swsh9/4_hires.png,2026/08/08,2026/07/01,0.18,0.03999999910593033,0.20000000298023224,17.299999237060547,,0.26,,,,0.1038,0.0231,0.15,0.2768,0.05770000070333481,0.0807,0.0692,0.6229,0.2884,0.2653,1.1535,2026-08-09
swsh9-5,Tropius,normal,Brilliant Stars,5,Uncommon,Shin Nagasawa,Basic,357,Pokémon,2022/02/25,"tcgplayer,cardmarket",https://prices.pokemontcg.io/tcgplayer/swsh9-5,https://images.pokemontcg.io/swsh9/5_hires.png,2026/08/08,2026/07/01,0.05,0.009999999776482582,0.15000000596046448,18.040000915527344,,0.23,,,,0.0346,0.0231,0.0461,0.2307,0.04610000178217888,0.0346,0.0346,0.2999,0.2538,0.2076,1.1535,2026-08-09
swsh9-6,Turtwig,normal,Brilliant Stars,6,Common,Narumi Sato,Basic,387,Pokémon,2022/02/25,"tcgplayer,cardmarket",https://prices.pokemontcg.io/tcgplayer/swsh9-6,https://images.pokemontcg.io/swsh9/6_hires.png,2026/08/08,2026/07/01,0.2,0.009999999776482582,0.20000000298023224,2.990000009536743,,0.26,,,,0.0461,0.0231,0.0346,0.2538,0.04610000178217888,0.0346,0.0461,0.2192,0.1846,0.2422,1.1535,2026-08-09
swsh9-7,Grotle,normal,Brilliant Stars,7,Uncommon,Nisota Niso,Stage 1,388,Pokémon,2022/02/25,"tcgplayer,cardmarket",https://prices.pokemontcg.io/tcgplayer/swsh9-7,https://images.pokemontcg.io/swsh9/7_hires.png,2026/08/08,2026/07/01,0.21,0.009999999776482582,0.20999999344348907,2.990000009536743,,0.29,,,,0.0807,0.0231,0.0461,0.2307,0.05770000070333481,0.0577,0.0577,0.1154,0.1615,0.2422,1.1535,2026-08-09
swsh9-8,Torterra,holofoil,Brilliant Stars,8,Rare Holo,Oswaldo KATO,Stage 2,389,Pokémon,2022/02/25,"tcgplayer,cardmarket",https://prices.pokemontcg.io/tcgplayer/swsh9-8,https://images.pokemontcg.io/swsh9/8_hires.png,2026/08/08,2026/07/01,0.41,0.10000000149011612,0.38999998569488525,2.390000104904175,,0.39,,,,0.346,0.0231,0.2192,0.0,0.11540000140666962,0.2076,0.2999,0.0,0.0,0.0,1.1535,2026-08-09
swsh9-9,Burmy,normal,Brilliant Stars,9,Common,Miki Tanaka,Basic,412,Pokémon,2022/02/25,"tcgplayer,cardmarket",https://prices.pokemontcg.io/tcgplayer/swsh9-9,https://images.pokemontcg.io/swsh9/9_hires.png,2026/08/08,2026/07/01,0.14,0.009999999776482582,0.15000000596046448,19.479999542236328,,0.25,,,,0.0461,0.0231,0.0577,0.2192,0.04610000178217888,0.0461,0.0346,0.2653,0.2192,0.2076,1.1535,2026-08-09
swsh9-10,Wormadam,normal,Brilliant Stars,10,Rare,Yuka Morii,Stage 1,413,Pokémon,2022/02/25,"tcgplayer,cardmarket",https://prices.pokemontcg.io/tcgplayer/swsh9-10,https://images.pokemontcg.io/swsh9/10_hires.png,2026/08/08,2026/07/01,0.28,0.09000000357627869,0.28999999165534973,4.0,,0.31,,,,0.173,0.0231,0.1615,0.3114,0.10379999876022339,0.1154,0.173,0.2653,0.3114,0.323,1.1535,2026-08-09
swsh9-11,Mothim,normal,Brilliant Stars,11,Rare,Akira Komayama,Stage 1,414,Pokémon,2022/02/25,"tcgplayer,cardmarket",https://prices.pokemontcg.io/tcgplayer/swsh9-11,https://images.pokemontcg.io/swsh9/11_hires.png,2026/08/08,2026/07/01,0.24,0.03999999910593033,0.25,1000.0,,0.31,,,,0.1615,0.0231,0.2422,0.2768,0.11540000140666962,0.1615,0.1154,0.2307,0.1846,0.2884,1.1535,2026-08-09
swsh9-12,Cherubi,normal,Brilliant Stars,12,Common,Naoyo Kimura,Basic,420,Pokémon,2022/02/25,"tcgplayer,cardmarket",https://prices.pokemontcg.io/tcgplayer/swsh9-12,https://images.pokemontcg.io/swsh9/12_hires.png,2026/08/08,2026/07/01,0.04,0.009999999776482582,0.15000000596046448,19.979999542236328,,0.19,,,,0.0346,0.0231,0.0461,0.173,0.04610000178217888,0.0461,0.0346,0.1154,0.1384,0.1615,1.1535,2026-08-09
swsh9-13,Shaymin V,holofoil,Brilliant Stars,13,Rare Holo V,Satoshi Shirai,Basic|V,492,Pokémon,2022/02/25,"tcgplayer,cardmarket",https://prices.pokemontcg.io/tcgplayer/swsh9-13,https://images.pokemontcg.io/swsh9/13_hires.png,2026/08/08,2026/06/28,0.76,0.25,0.9900000095367432,19.420000076293945,,,,,,0.8882,0.0577,0.7613,0.0,0.8881999850273132,0.8074,0.8651,0.0,0.0,0.0,1.1535,2026-08-09
swsh9-14,Shaymin VSTAR,holofoil,Brilliant Stars,14,Rare Holo VSTAR,5ban Graphics,VSTAR,492,Pokémon,2022/02/25,"tcgplayer,cardmarket",https://prices.pokemontcg.io/tcgplayer/swsh9-14,https://images.pokemontcg.io/swsh9/14_hires.png,2026/08/08,2026/06/28,1.29,0.75,1.5,19.360000610351562,,,,,,1.638,0.2884,1.3381,0.0,1.153499960899353,1.4188,1.6149,0.0,0.0,0.0,1.1535,2026-08-09
swsh9-15,Karrablast,normal,Brilliant Stars,15,Common,sowsow,Basic,588,Pokémon,2022/02/25,"tcgplayer,cardmarket",https://prices.pokemontcg.io/tcgplayer/swsh9-15,https://images.pokemontcg.io/swsh9/15_hires.png,2026/08/08,2026/06/27,0.1,0.009999999776482582,0.15000000596046448,19.979999542236328,,0.2,,,,0.0346,0.0231,0.0231,0.15,0.023099999874830246,0.0346,0.0346,0.0577,0.1846,0.1615,1.1535,2026-08-09
swsh9-16,Zarude V,holofoil,Brilliant Stars,16,Rare Holo V,5ban Graphics,Basic|V,893,Pokémon,2022/02/25,"tcgplayer,cardmarket",https://prices.pokemontcg.io/tcgplayer/swsh9-16,https://images.pokemontcg.io/swsh9/16_hires.png,2026/08/08,2026/06/27,0.76,0.44999998807907104,0.9900000095367432,5.949999809265137,,,,,,0.9113,0.173,0.7844,0.0,0.6344000101089478,0.9805,0.9459,0.0,0.0,0.0,1.1535,2026-08-09
swsh9-17,Charizard V,holofoil,Brilliant Stars,17,Rare Holo V,N-DESIGN Inc.,Basic|V,6,Pokémon,2022/02/25,"tcgplayer,cardmarket",https://prices.pokemontcg.io/tcgplayer/swsh9-17,https://images.pokemontcg.io/swsh9/17_hires.png,2026/08/08,2026/06/27,7.56,5.650000095367432,8.600000381469727,66.18000030517578,,,,,,6.0905,2.7684,5.2484,0.0,6.1020002365112305,5.3984,6.252,0.0,0.0,0.0,1.1535,2026-08-09
swsh9-18,Charizard VSTAR,holofoil,Brilliant Stars,18,Rare Holo VSTAR,5ban Graphics,VSTAR,6,Pokémon,2022/02/25,"tcgplayer,cardmarket",https://prices.pokemontcg.io/tcgplayer/swsh9-18,https://images.pokemontcg.io/swsh9/18_hires.png,2026/08/08,2026/06/05,11.95,10.380000114440918,13.289999961853027,350.0,,,,,,7.6823,3.4605,8.8243,0.0,8.062999725341797,8.0745,8.3052,0.0,0.0,0.0,1.1535,2026-08-09
swsh9-19,Magmar,normal,Brilliant Stars,19,Common,Shinji Kanda,Basic,126,Pokémon,2022/02/25,"tcgplayer,cardmarket",https://prices.pokemontcg.io/tcgplayer/swsh9-19,https://images.pokemontcg.io/swsh9/19_hires.png,2026/08/08,2026/06/05,0.19,0.009999999776482582,0.20000000298023224,1000.0,,0.36,,,,0.0461,0.0231,0.0577,0.2884,0.03460000082850456,0.0461,0.0461,0.2422,0.4268,0.2884,1.1535,2026-08-09
swsh9-20,Magmortar,normal,Brilliant Stars,20,Rare,AKIRA EGAWA,Stage 1,467,Pokémon,2022/02/25,"tcgplayer,cardmarket",https://prices.pokemontcg.io/tcgplayer/swsh9-20,https://images.pokemontcg.io/swsh9/20_hires.png,2026/08/08,2026/05/14,0.18,0.019999999552965164,0.20999999344348907,19.979999542236328,,0.31,,,,0.1038,0.0231,0.0577,0.3114,0.05770000070333481,0.0807,0.0923,0.1038,0.2307,0.323,1.1535,2026-08-09
swsh9-21,Moltres,holofoil,Brilliant Stars,21,Rare Holo,otumami,Basic,146,Pokémon,2022/02/25,"tcgplayer,cardmarket",https://prices.pokemontcg.io/tcgplayer/swsh9-21,https://images.pokemontcg.io/swsh9/21_hires.png,2026/08/08,2026/05/08,0.3,0.09000000357627869,0.3199999928474426,4.989999771118164,,0.42,,,,0.2538,0.0231,0.2192,0.5306,0.17299999296665192,0.2307,0.2422,0.2884,0.3691,0.496,1.1535,2026-08-09
swsh9-22,Entei V,holofoil,Brilliant Stars,22,Rare Holo V,PLANETA Mochizuki,Basic|V,244,Pokémon,2022/02/25,"tcgplayer,cardmarket",https://prices.pokemontcg.io/tcgplayer/swsh9-22,https://images.pokemontcg.io/swsh9/22_hires.png,2026/08/08,2026/04/19,1.68,0.6000000238418579,1.75,96.94999694824219,,,,,,1.3842,0.2307,1.4995,0.0,1.499500036239624,1.4765,1.3842,0.0,0.0,0.0,1.1535,2026-08-09
swsh9-23,Torkoal,normal,Brilliant Stars,23,Uncommon,Kagemaru Himeno,Basic,324,Pokémon,2022/02/25,"tcgplayer,cardmarket",https://prices.pokemontcg.io/tcgplayer/swsh9-23,https://images.pokemontcg.io/swsh9/23_hires.png,2026/08/08,2026/04/19,0.08,0.009999999776482582,0.15000000596046448,17.8799991607666,,0.2,,,,0.0461,0.0231,0.0461,0.2307,0.11540000140666962,0.0346,0.0461,0.15,0.1615,0.1961,1.1535,2026-08-09
swsh9-24,Chimchar,normal,Brilliant Stars,24,Common,Shin Nagasawa,Basic,390,Pokémon,2022/02/25,"tcgplayer,cardmarket",https://prices.pokemontcg.io/tcgplayer/swsh9-24,https://images.pokemontcg.io/swsh9/24_hires.png,2026/08/08,2026/04/19,0.23,0.009999999776482582,0.20999999344348907,19.979999542236328,,0.22,,,,0.0461,0.0231,0.0461,0.2192,0.08070000261068344,0.0346,0.0461,0.0231,0.2653,0.2422,1.1535,2026-08-09
swsh9-25,Monferno,normal,Brilliant Stars,25,Uncommon,KEIICHIRO ITO,Stage 1,391,Pokémon,2022/02/25,"tcgplayer,cardmarket",https://prices.pokemontcg.io/tcgplayer/swsh9-25,https://images.pokemontcg.io/swsh9/25_hires.png,2026/08/08,2026/03/11,0.13,0.009999999776482582,0.15000000596046448,19.979999542236328,,0.28,,,,0.0577,0.0231,0.0461,0.173,0.023099999874830246,0.0692,0.0577,0.1154,0.1846,0.173,1.1535,2026-08-09
swsh9-26,Infernape,holofoil,Brilliant Stars,26,Rare Holo,Anesaki Dynamic,Stage 2,392,Pokémon,2022/02/25,"tcgplayer,cardmarket",https://prices.pokemontcg.io/tcgplayer/swsh9-26,https://images.pokemontcg.io/swsh9/26_hires.png,2026/08/08,2026/03/11,0.3,0.03999999910593033,0.30000001192092896,2.990000009536743,,0.32,,,,0.3114,0.0923,0.3114,0.0,0.4499000012874603,0.323,0.2884,0.0,0.0,0.0,1.1535,2026-08-09
swsh9-27,Simisear V,holofoil,Brilliant Stars,27,Rare Holo V,5ban Graphics,Basic|V,514,Pokémon,2022/02/25,"tcgplayer,cardmarket",https://prices.pokemontcg.io/tcgplayer/swsh9-27,https://images.pokemontcg.io/swsh9/27_hires.png,2026/08/08,2026/03/11,0.58,0.36000001430511475,0.8999999761581421,5.949999809265137,,,,,,0.7959,0.1154,0.7613,0.0,1.1073999404907227,0.819,0.8536,0.0,0.0,0.0,1.1535,2026-08-09
swsh9-28,Kingler V,holofoil,Brilliant Stars,28,Rare Holo V,PLANETA Mochizuki,Basic|V,99,Pokémon,2022/02/25,"tcgplayer,cardmarket",https://prices.pokemontcg.io/tcgplayer/swsh9-28,https://images.pokemontcg.io/swsh9/28_hires.png,2026/08/08,2026/03/11,0.99,0.44999998807907104,1.0800000429153442,19.559999465942383,,,,,,0.992,0.2307,1.0266,0.0,0.8421000242233276,1.0612,0.9574,0.0,0.0,0.0,1.1535,2026-08-09
swsh9-29,Kingler VMAX,holofoil,Brilliant Stars,29,Rare Holo VMAX,5ban Graphics,VMAX,99,Pokémon,2022/02/25,"tcgplayer,cardmarket",https://prices.pokemontcg.io/tcgplayer/swsh9-29,https://images.pokemontcg.io/swsh9/29_hires.png,2026/08/08,2026/03/11,2.35,1.149999976158142,2.490000009536743,63.0,,,,,,1.7649,0.5191,1.6841,0.0,1.1419999599456787,1.6956,1.6956,0.0,0.0,0.0,1.1535,2026-08-09
swsh9-30,Staryu,normal,Brilliant Stars,30,Common,Yuka Morii,Basic,120,Pokémon,2022/02/25,"tcgplayer,cardmarket",https://prices.pokemontcg.io/tcgplayer/swsh9-30,https://images.pokemontcg.io/swsh9/30_hires.png,2026/08/08,2026/03/11,0.17,0.009999999776482582,0.20000000298023224,19.979999542236328,,0.35,,,,0.0461,0.0231,0.0461,0.173,0.023099999874830246,0.0346,0.0461,0.2653,0.173,0.173,1.1535,2026-08-09
swsh9-31,Lapras,normal,Brilliant Stars,31,Rare,Teeziro,Basic,131,Pokémon,2022/02/25,"tcgplayer,cardmarket",https://prices.pokemontcg.io/tcgplayer/swsh9-31,https://images.pokemontcg.io/swsh9/31_hires.png,2026/08/08,2026/03/11,0.18,0.03999999910593033,0.25,19.979999542236328,,0.31,,,,0.1384,0.0231,0.1269,0.2538,0.06920000165700912,0.1038,0.1269,0.5191,0.346,0.323,1.1535,2026-08-09
swsh9-32,Corphish,normal,Brilliant Stars,32,Common,Sekio,Basic,341,Pokémon,2022/02/25,"tcgplayer,cardmarket",https://prices.pokemontcg.io/tcgplayer/swsh9-32,https://images.pokemontcg.io/swsh9/32_hires.png,2026/08/08,2026/03/11,0.06,0.009999999776482582,0.15000000596046448,17.8799991607666,,0.17,,,,0.0346,0.0231,0.0346,0.15,0.023099999874830246,0.0231,0.0346,0.173,0.2192,0.15,1.1535,2026-08-09
swsh9-33,Crawdaunt,normal,Brilliant Stars,33,Uncommon,Shibuzoh.,Stage 1,342,Pokémon,2022/02/25,"tcgplayer,cardmarket",https://prices.pokemontcg.io/tcgplayer/swsh9-33,https://images.pokemontcg.io/swsh9/33_hires.png,2026/08/08,2026/03/11,0.1,0.009999999776482582,0.15000000596046448,19.979999542236328,,0.23,,,,0.0577,0.0231,0.0346,0.2076,0.023099999874830246,0.0346,0.0577,0.1154,0.2422,0.1961,1.1535,2026-08-09
swsh9-34,Snorunt,normal,Brilliant Stars,34,Common,HYOGONOSUKE,Basic,361,Pokémon,2022/02/25,"tcgplayer,cardmarket",https://prices.pokemontcg.io/tcgplayer/swsh9-34,https://images.pokemontcg.io/swsh9/34_hires.png,2026/08/08,2026/03/11,0.11,0.009999999776482582,0.15000000596046448,19.979999542236328,,0.18,,,,0.0461,0.0231,0.0577,0.1846,0.03460000082850456,0.0346,0.0461,0.1154,0.1384,0.173,1.1535,2026-08-09
swsh9-35,Piplup,normal,Brilliant Stars,35,Common,Atsushi Furusawa,Basic,393,Pokémon,2022/02/25,"tcgplayer,cardmarket",https://prices.pokemontcg.io/tcgplayer/swsh9-35,https://images.pokemontcg.io/swsh9/35_hires.png,2026/08/08,2026/03/11,0.22,0.019999999552965164,0.2199999988079071,20.0,,0.32,,,,0.1038,0.0231,0.0346,0.2076,0.08070000261068344,0.0461,0.1038,0.2307,0.173,0.2076,1.1535,2026-08-09
swsh9-36,Prinplup,normal,Brilliant Stars,36,Uncommon,Kagemaru Himeno,Stage 1,394,Pokémon,2022/02/25,"tcgplayer,cardmarket",https://prices.pokemontcg.io/tcgplayer/swsh9-36,https://images.pokemontcg.io/swsh9/36_hires.png,2026/08/08,2026/03/11,0.18,0.009999999776482582,0.18000000715255737,1000.0,,0.21,,,,0.0461,0.0231,0.0577,0.15,0.023099999874830246,0.0692,0.0461,0.1154,0.2422,0.1615,1.1535,2026-08-09
swsh9-37,Empoleon,holofoil,Brilliant Stars,37,Rare Holo,Kouki Saitou,Stage 2,395,Pokémon,2022/02/25,"tcgplayer,cardmarket",https://prices.pokemontcg.io/tcgplayer/swsh9-37,https://images.pokemontcg.io/swsh9/37_hires.png,2026/08/08,2026/03/11,0.31,0.009999999776482582,0.33000001311302185,16.860000610351562,,0.41,,,,0.2653,0.0231,0.2076,0.2884,0.219200000166893,0.173,0.2192,0.2768,0.346,0.2999,1.1535,2026-08-09
swsh9-38,Buizel,normal,Brilliant Stars,38,Common,Tika Matsuno,Basic,418,Pokémon,2022/02/25,"tcgplayer,cardmarket",https://prices.pokemontcg.io/tcgplayer/swsh9-38,https://images.pokemontcg.io/swsh9/38_hires.png,2026/08/08,2026/03/11,0.05,0.009999999776482582,0.15000000596046448,19.979999542236328,,0.22,,,,0.0346,0.0231,0.0461,0.173,0.023099999874830246,0.0231,0.0346,0.2307,0.1846,0.173,1.1535,2026-08-09
swsh9-39,Floatzel,normal,Brilliant Stars,39,Uncommon,kodama,Stage 1,419,Pokémon,2022/02/25,"tcgplayer,cardmarket",https://prices.pokemontcg.io/tcgplayer/swsh9-39,https://images.pokemontcg.io/swsh9/39_hires.png,2026/08/08,2026/03/11,0.13,0.009999999776482582,0.15000000596046448,17.8799991607666,,0.24,,,,0.0577,0.0231,0.0461,0.15,0.023099999874830246,0.0461,0.0577,0.3345,0.15,0.1384,1.1535,2026-08-09
swsh9-40,Lumineon V,holofoil,Brilliant Stars,40,Rare Holo V,takuyoa,Basic|V,457,Pokémon,2022/02/25,"tcgplayer,cardmarket",https://prices.pokemontcg.io/tcgplayer/swsh9-40,https://images.pokemontcg.io/swsh9/40_hires.png,2026/08/08,2026/02/21,0.82,0.5,0.9900000095367432,19.989999771118164,,,,,,0.7728,0.1038,0.9113,0.0,1.003499984741211,0.7844,0.7959,0.0,0.0,0.0,1.1535,2026-08-09
swsh9-41,Manaphy,normal,Brilliant Stars,41,Rare,HYOGONOSUKE,Basic,490,Pokémon,2022/02/25,"tcgplayer,cardmarket",https://prices.pokemontcg.io/tcgplayer/swsh9-41,https://images.pokemontcg.io/swsh9/41_hires.png,2026/08/08,2026/02/21,0.28,0.03999999910593033,0.3499999940395355,2.950000047683716,,0.38,,,,0.2999,0.0231,0.4499,0.646,0.3345000147819519,0.5767,0.3691,0.7613,0.9343,0.6114,1.1535,2026-08-09
swsh9-42,Cubchoo,normal,Brilliant Stars,42,Common,ryoma uratsuka,Basic,613,Pokémon,2022/02/25,"tcgplayer,cardmarket",https://prices.pokemontcg.io/tcgplayer/swsh9-42,https://images.pokemontcg.io/swsh9/42_hires.png,2026/08/08,2026/02/21,0.04,0.009999999776482582,0.15000000596046448,2.990000009536743,,0.24,,,,0.0346,0.0231,0.0461,0.173,0.03460000082850456,0.0461,0.0346,0.0231,0.2076,0.1846,1.1535,2026-08-09
swsh9-43,Beartic,normal,Brilliant Stars,43,Uncommon,Rianti Hidayat,Stage 1,614,Pokémon,2022/02/25,"tcgplayer,cardmarket",https://prices.pokemontcg.io/tcgplayer/swsh9-43,https://images.pokemontcg.io/swsh9/43_hires.png,2026/08/08,2026/02/19,0.04,0.009999999776482582,0.15000000596046448,19.979999542236328,,0.18,,,,0.0461,0.0231,0.0231,0.15,0.04610000178217888,0.0346,0.0461,0.173,0.15,0.15,1.1535,2026-08-09
swsh9-44,Eiscue,normal,Brilliant Stars,44,Rare,nagimiso,Basic|Fusion Strike,875,Pokémon,2022/02/25,"tcgplayer,cardmarket",https://prices.pokemontcg.io/tcgplayer/swsh9-44,https://images.pokemontcg.io/swsh9/44_hires.png,2026/08/08,2026/02/19,0.22,0.009999999776482582,0.23999999463558197,19.65999984741211,,0.28,,,,0.0923,0.0231,0.0692,0.173,0.13840000331401825,0.0807,0.0807,0.2538,0.2422,0.1846,1.1535,2026-08-09
swsh9-45,Raichu V,holofoil,Brilliant Stars,45,Rare Holo V,MUGENUP,Basic|V,26,Pokémon,2022/02/25,"tcgplayer,cardmarket",https://prices.pokemontcg.io/tcgplayer/swsh9-45,https://images.pokemontcg.io/swsh9/45_hires.png,2026/08/08,2026/02/19,1.69,1.0,1.909999966621399,24.989999771118164,,,,,,1.6149,0.2307,1.5688,0.0,1.7302000522613525,1.5342,1.638,0.0,0.0,0.0,1.1535,2026-08-09
swsh9-46,Electabuzz,normal,Brilliant Stars,46,Common,OKACHEKE,Basic,125,Pokémon,2022/02/25,"tcgplayer,cardmarket",https://prices.pokemontcg.io/tcgplayer/swsh9-46,https://images.pokemontcg.io/swsh9/46_hires.png,2026/08/08,2026/02/19,0.03,0.009999999776482582,0.15000000596046448,19.979999542236328,,0.2,,,,0.0346,0.0231,0.0461,0.1384,0.11540000140666962,0.0461,0.0346,0.2192,0.2076,0.1384,1.1535,2026-08-09
swsh9-47,Electivire,normal,Brilliant Stars,47,Rare,AKIRA EGAWA,Stage 1,466,Pokémon,2022/02/25,"tcgplayer,cardmarket",https://prices.pokemontcg.io/tcgplayer/swsh9-47,https://images.pokemontcg.io/swsh9/47_hires.png,2026/08/08,2026/02/04,0.16,0.05000000074505806,0.20000000298023224,19.979999542236328,,0.24,,,,0.1038,0.0231,0.2076,0.2768,0.40369999408721924,0.2192,0.1269,0.173,0.2884,0.2768,1.1535,2026-08-09
swsh9-48,Raikou V,holofoil,Brilliant Stars,48,Rare Holo V,PLANETA Mochizuki,Basic|V,243,Pokémon,2022/02/25,"tcgplayer,cardmarket",https://prices.pokemontcg.io/tcgplayer/swsh9-48,https://images.pokemontcg.io/swsh9/48_hires.png,2026/08/08,2026/02/04,1.7,1.0,1.9800000190734863,198.0,,,,,,1.4649,0.2192,1.5457,0.0,1.5341999530792236,1.4534,1.4534,0.0,0.0,0.0,1.1535,2026-08-09
swsh9-49,Shinx,normal,Brilliant Stars,49,Common,Mizue,Basic,403,Pokémon,2022/02/25,"tcgplayer,cardmarket",https://prices.pokemontcg.io/tcgplayer/swsh9-49,https://images.pokemontcg.io/swsh9/49_hires.png,2026/08/08,2026/02/04,0.15,0.009999999776482582,0.1599999964237213,17.8799991607666,,0.25,,,,0.0346,0.0231,0.0692,0.2192,0.09229999780654907,0.0577,0.0461,0.173,0.1846,0.1961,1.1535,2026-08-09
swsh9-50,Luxio,normal,Brilliant Stars,50,Uncommon,kurumitsu,Stage 1,404,Pokémon,2022/02/25,"tcgplayer,cardmarket",https://prices.pokemontcg.io/tcgplayer/swsh9-50,https://images.pokemontcg.io/swsh9/50_hires.png,2026/08/08,2026/02/04,0.14,0.009999999776482582,0.17000000178813934,19.979999542236328,,0.22,,,,0.0346,0.0231,0.0461,0.2192,0.06920000165700912,0.0461,0.0346,0.2538,0.15,0.1961,1.1535,2026-08-09
swsh9-51,Luxray,normal,Brilliant Stars,51,Rare,Ayaka Yoshida,Stage 2,405,Pokémon,2022/02/25,"tcgplayer,cardmarket",https://prices.pokemontcg.io/tcgplayer/swsh9-51,https://images.pokemontcg.io/swsh9/51_hires.png,2026/08/08,2026/02/04,0.18,0.029999999329447746,0.20000000298023224,19.979999542236328,,0.25,,,,0.1038,0.0231,0.1269,0.2192,0.28839999437332153,0.15,0.1038,0.2884,0.173,0.2076,1.1535,2026-08-09
swsh9-52,Pachirisu,normal,Brilliant Stars,52,Uncommon,HYOGONOSUKE,Basic,417,Pokémon,2022/02/25,"tcgplayer,cardmarket",https://prices.pokemontcg.io/tcgplayer/swsh9-52,https://images.pokemontcg.io/swsh9/52_hires.png,2026/08/08,2026/02/04,0.17,0.009999999776482582,0.1899999976158142,17.8799991607666,,0.27,,,,0.0461,0.0231,0.0577,0.1846,0.17299999296665192,0.0577,0.0461,0.2422,0.2192,0.1846,1.1535,2026-08-09
swsh9-53,Clefairy,normal,Brilliant Stars,53,Common,Yukiko Baba,Basic,35,Pokémon,2022/02/25,"tcgplayer,cardmarket",https://prices.pokemontcg.io/tcgplayer/swsh9-53,https://images.pokemontcg.io/swsh9/53_hires.png,2026/08/08,2026/02/04,0.15,0.009999999776482582,0.1899999976158142,19.979999542236328,,0.37,,,,0.0461,0.0231,0.0346,0.15,0.05770000070333481,0.0461,0.0461,0.173,0.2076,0.1846,1.1535,2026-08-09
swsh9-54,Clefable,normal,Brilliant Stars,54,Rare,Mizue,Stage 1,36,Pokémon,2022/02/25,"tcgplayer,cardmarket",https://prices.pokemontcg.io/tcgplayer/swsh9-54,https://images.pokemontcg.io/swsh9/54_hires.png,2026/08/08,2026/02/04,0.23,0.029999999329447746,0.25,19.979999542236328,,0.27,,,,0.0807,0.0231,0.1154,0.2192,0.34599998593330383,0.0923,0.0807,0.173,0.1615,0.2192,1.1535,2026-08-09
swsh9-55,Starmie,normal,Brilliant Stars,55,Uncommon,Akira Komayama,Stage 1,121,Pokémon,2022/02/25,"tcgplayer,cardmarket",https://prices.pokemontcg.io/tcgplayer/swsh9-55,https://images.pokemontcg.io/swsh9/55_hires.png,2026/08/08,2026/02/04,0.12,0.009999999776482582,0.1599999964237213,20.0,,0.24,,,,0.0346,0.0231,0.0577,0.1615,0.10379999876022339,0.0692,0.0461,0.173,0.1615,0.1615,1.1535,2026-08-09
swsh9-56,Mewtwo,normal,Brilliant Stars,56,Rare,Anesaki Dynamic,Basic,150,Pokémon,2022/02/25,"tcgplayer,cardmarket",https://prices.pokemontcg.io/tcgplayer/swsh9-56,https://images.pokemontcg.io/swsh9/56_hires.png,2026/08/08,2026/02/01,0.36,0.10999999940395355,0.4399999976158142,20.0,,0.68,,,,0.4268,0.0231,0.5421,0.6575,0.24220000207424164,0.3807,0.4499,0.2307,0.8305,0.6575,1.1535,2026-08-09
swsh9-57,Granbull V,holofoil,Brilliant Stars,57,Rare Holo V,PLANETA Mochizuki,Basic|V,210,Pokémon,2022/02/25,"tcgplayer,cardmarket",https://prices.pokemontcg.io/tcgplayer/swsh9-57,https://images.pokemontcg.io/swsh9/57_hires.png,2026/08/08,2026/02/01,0.71,0.3799999952316284,0.9900000095367432,5.949999809265137,,,,,,0.8421,0.0231,0.819,0.0,0.8073999881744385,0.7613,0.8074,0.0,0.0,0.0,1.1535,2026-08-09
swsh9-58,Baltoy,normal,Brilliant Stars,58,Common,Kyoko Umemoto,Basic,343,Pokémon,2022/02/25,"tcgplayer,cardmarket",https://prices.pokemontcg.io/tcgplayer/swsh9-58,https://images.pokemontcg.io/swsh9/58_hires.png,2026/08/08,2026/02/01,0.02,0.009999999776482582,0.15000000596046448,17.8799991607666,,0.18,,,,0.0346,0.0231,0.0461,0.15,0.04610000178217888,0.0346,0.0346,0.1154,0.173,0.1384,1.1535,2026-08-09
swsh9-59,Claydol,normal,Brilliant Stars,59,Uncommon,Kazuma Koda,Stage 1,344,Pokémon,2022/02/25,"tcgplayer,cardmarket",https://prices.pokemontcg.io/tcgplayer/swsh9-59,https://images.pokemontcg.io/swsh9/59_hires.png,2026/08/08,2026/02/01,0.08,0.009999999776482582,0.15000000596046448,19.979999542236328,,0.07,,,,0.0346,0.0231,0.0346,0.15,0.023099999874830246,0.0346,0.0346,0.2307,0.173,0.15,1.1535,2026-08-09
swsh9-60,Duskull,normal,Brilliant Stars,60,Common,SATOSHI NAKAI,Basic,355,Pokémon,2022/02/25,"tcgplayer,cardmarket",https://prices.pokemontcg.io/tcgplayer/swsh9-60,https://images.pokemontcg.io/swsh9/60_hires.png,2026/08/08,2026/02/01,0.03,0.009999999776482582,0.15000000596046448,2.990000009536743,,0.27,,,,0.0577,0.0231,0.0577,0.1615,0.12690000236034393,0.0461,0.0577,0.173,0.1384,0.15,1.1535,2026-08-09
swsh9-61,Dusclops,normal,Brilliant Stars,61,Uncommon,miki kudo,Stage 1,356,Pokémon,2022/02/25,"tcgplayer,cardmarket",https://prices.pokemontcg.io/tcgplayer/swsh9-61,https://images.pokemontcg.io/swsh9/61_hires.png,2026/08/08,2026/02/01,0.05,0.009999999776482582,0.15000000596046448,19.979999542236328,,0.25,,,,0.0346,0.0231,0.0346,0.1384,0.03460000082850456,0.0346,0.0346,0.3345,0.15,0.1269,1.1535,2026-08-09
swsh9-62,Dusknoir,holofoil,Brilliant Stars,62,Rare Holo,otumami,Stage 2,477,Pokémon,2022/02/25,"tcgplayer,cardmarket",https://prices.pokemontcg.io/tcgplayer/swsh9-62,https://images.pokemontcg.io/swsh9/62_hires.png,2026/08/08,2026/02/01,0.22,0.03999999910593033,0.25,19.979999542236328,,0.25,,,,0.1961,0.0231,0.1615,0.2307,0.31139999628067017,0.1154,0.173,0.4845,0.4037,0.2884,1.1535,2026-08-09
swsh9-63,Chimecho,normal,Brilliant Stars,63,Common,MAHOU,Basic,358,Pokémon,2022/02/25,"tcgplayer,cardmarket",https://prices.pokemontcg.io/tcgplayer/swsh9-63,https://images.pokemontcg.io/swsh9/63_hires.png,2026/08/08,2026/01/21,0.04,0.009999999776482582,0.15000000596046448,18.31999969482422,,0.17,,,,0.0346,0.0231,0.0346,0.1615,0.05770000070333481,0.0461,0.0346,0.173,0.1615,0.1615,1.1535,2026-08-09
swsh9-64,Whimsicott V,holofoil,Brilliant Stars,64,Rare Holo V,Saki Hayashiro,Basic|V,547,Pokémon,2022/02/25,"tcgplayer,cardmarket",https://prices.pokemontcg.io/tcgplayer/swsh9-64,https://images.pokemontcg.io/swsh9/64_hires.png,2026/08/08,2026/01/21,0.83,0.3499999940395355,0.9900000095367432,19.979999542236328,,,,,,0.819,0.2192,0.7267,0.0,0.2768000066280365,0.7498,0.8421,0.0,0.0,0.0,1.1535,2026-08-09
swsh9-65,Whimsicott VSTAR,holofoil,Brilliant Stars,65,Rare Holo VSTAR,5ban Graphics,VSTAR,547,Pokémon,2022/02/25,"tcgplayer,cardmarket",https://prices.pokemontcg.io/tcgplayer/swsh9-65,https://images.pokemontcg.io/swsh9/65_hires.png,2026/08/08,2026/01/21,1.1,0.699999988079071,1.2999999523162842,19.979999542236328,,,,,,0.9113,0.0231,0.7844,0.0,0.7498000264167786,0.819,0.8767,0.0,0.0,0.0,1.1535,2026-08-09
swsh9-66,Sigilyph,normal,Brilliant Stars,66,Uncommon,Sumiyoshi Kizuki,Basic,561,Pokémon,2022/02/25,"tcgplayer,cardmarket",https://prices.pokemontcg.io/tcgplayer/swsh9-66,https://images.pokemontcg.io/swsh9/66_hires.png,2026/08/08,2026/01/21,0.04,0.009999999776482582,0.15000000596046448,19.979999542236328,,0.17,,,,0.0346,0.0231,0.0346,0.15,0.04610000178217888,0.0346,0.0346,0.1154,0.0923,0.1384,1.1535,2026-08-09
swsh9-67,Dedenne,normal,Brilliant Stars,67,Common,Nagomi Nijo,Basic,702,Pokémon,2022/02/25,"tcgplayer,cardmarket",https://prices.pokemontcg.io/tcgplayer/swsh9-67,https://images.pokemontcg.io/swsh9/67_hires.png,2026/08/08,2026/01/21,0.15,0.009999999776482582,0.1899999976158142,19.979999542236328,,0.27,,,,0.0346,0.0231,0.0461,0.1615,0.023099999874830246,0.0577,0.0346,0.4499,0.1846,0.1846,1.1535,2026-08-09
swsh9-68,Mimikyu V,holofoil,Brilliant Stars,68,Rare Holo V,Eske Yoshinob,Basic|V,778,Pokémon,2022/02/25,"tcgplayer,cardmarket",https://prices.pokemontcg.io/tcgplayer/swsh9-68,https://images.pokemontcg.io/swsh9/68_hires.png,2026/08/08,2026/01/21,2.88,2.0,3.2699999809265137,99.0,,,,,,1.165,0.2307,1.3265,0.0,1.3380999565124512,1.3381,1.1881,0.0,0.0,0.0,1.1535,2026-08-09
swsh9-69,Mimikyu VMAX,holofoil,Brilliant Stars,69,Rare Holo VMAX,Studio Bora Inc.,VMAX,778,Pokémon,2022/02/25,"tcgplayer,cardmarket",https://prices.pokemontcg.io/tcgplayer/swsh9-69,https://images.pokemontcg.io/swsh9/69_hires.png,2026/08/08,2026/01/19,12.71,8.0,13.25,125.0,,,,,,2.2493,1.142,2.653,0.0,3.2874999046325684,2.653,2.3762,0.0,0.0,0.0,1.1535,2026-08-09
swsh9-70,Milcery,normal,Brilliant Stars,70,Common,Misa Tsutsui,Basic,868,Pokémon,2022/02/25,"tcgplayer,cardmarket",https://prices.pokemontcg.io/tcgplayer/swsh9-70,https://images.pokemontcg.io/swsh9/70_hires.png,2026/08/08,2026/01/19,0.22,0.009999999776482582,0.20000000298023224,19.979999542236328,,0.26,,,,0.0346,0.0231,0.0346,0.1846,0.023099999874830246,0.0231,0.0346,0.1154,0.1269,0.1384,1.1535,2026-08-09
swsh9-71,Alcremie,normal,Brilliant Stars,71,Rare,sowsow,Stage 1,869,Pokémon,2022/02/25,"tcgplayer,cardmarket",https://prices.pokemontcg.io/tcgplayer/swsh9-71,https://images.pokemontcg.io/swsh9/71_hires.png,2026/08/08,2026/01/19,0.24,0.009999999776482582,0.25999999046325684,19.479999542236328,,0.49,,,,0.1038,0.0231,0.0923,0.346,0.05770000070333481,0.1269,0.1154,0.2307,0.3345,0.3576,1.1535,2026-08-09
swsh9-72,Hitmontop,normal,Brilliant Stars,72,Uncommon,ryoma uratsuka,Basic,237,Pokémon,2022/02/25,"tcgplayer,cardmarket",https://prices.pokemontcg.io/tcgplayer/swsh9-72,https://images.pokemontcg.io/swsh9/72_hires.png,2026/08/08,2026/01/19,0.13,0.009999999776482582,0.1599999964237213,18.719999313354492,,0.25,,,,0.0692,0.0231,0.0692,0.1615,0.04610000178217888,0.0923,0.0807,0.0577,0.1961,0.15,1.1535,2026-08-09
swsh9-73,Nosepass,normal,Brilliant Stars,73,Common,miki kudo,Basic,299,Pokémon,2022/02/25,"tcgplayer,cardmarket",https://prices.pokemontcg.io/tcgplayer/swsh9-73,https://images.pokemontcg.io/swsh9/73_hires.png,2026/08/08,2026/01/19,0.07,0.009999999776482582,0.15000000596046448,17.8799991607666,,0.2,,,,0.0346,0.0231,0.0231,0.1615,0.023099999874830246,0.0231,0.0346,0.1154,0.1269,0.1384,1.1535,2026-08-09
swsh9-74,Trapinch,normal,Brilliant Stars,74,Common,zig,Basic,328,Pokémon,2022/02/25,"tcgplayer,cardmarket",https://prices.pokemontcg.io/tcgplayer/swsh9-74,https://images.pokemontcg.io/swsh9/74_hires.png,2026/08/08,2026/01/19,0.13,0.009999999776482582,0.15000000596046448,19.979999542236328,,0.23,,,,0.0231,0.0231,0.0231,0.173,0.023099999874830246,0.0231,0.0231,0.1154,0.1384,0.173,1.1535,2026-08-09
swsh9-75,Vibrava,normal,Brilliant Stars,75,Uncommon,Tomokazu Komiya,Stage 1,329,Pokémon,2022/02/25,"tcgplayer,cardmarket",https://prices.pokemontcg.io/tcgplayer/swsh9-75,https://images.pokemontcg.io/swsh9/75_hires.png,2026/08/08,2026/01/19,0.13,0.009999999776482582,0.1599999964237213,19.979999542236328,,0.3,,,,0.0461,0.0231,0.0577,0.1961,0.09229999780654907,0.0923,0.0577,0.2422,0.1961,0.1846,1.1535,2026-08-09
swsh9-76,Flygon,normal,Brilliant Stars,76,Rare,Shin Nagasawa,Stage 2,330,Pokémon,2022/02/25,"tcgplayer,cardmarket",https://prices.pokemontcg.io/tcgplayer/swsh9-76,https://images.pokemontcg.io/swsh9/76_hires.png,2026/08/08,2026/01/19,0.22,0.029999999329447746,0.2199999988079071,19.979999542236328,,0.29,,,,0.0807,0.0231,0.1384,0.2076,0.04610000178217888,0.1615,0.0923,0.2076,0.2999,0.2422,1.1535,2026-08-09
swsh9-77,Wormadam,normal,Brilliant Stars,77,Rare,Lee HyunJung,Stage 1,413,Pokémon,2022/02/25,"tcgplayer,cardmarket",https://prices.pokemontcg.io/tcgplayer/swsh9-77,https://images.pokemontcg.io/swsh9/77_hires.png,2026/08/08,2026/01/19,0.16,0.019999999552965164,0.20000000298023224,10.0,,0.2,,,,0.0923,0.0231,0.0577,0.1615,0.05770000070333481,0.0807,0.0923,0.0577,0.3576,0.2422,1.1535,2026-08-09
swsh9-78,Riolu,normal,Brilliant Stars,78,Common,Teeziro,Basic,447,Pokémon,2022/02/25,"tcgplayer,cardmarket",https://prices.pokemontcg.io/tcgplayer/swsh9-78,https://images.pokemontcg.io/swsh9/78_hires.png,2026/08/08,2026/01/19,0.14,0.009999999776482582,0.18000000715255737,19.18000030517578,,0.25,,,,0.0346,0.0231,0.0461,0.1615,0.023099999874830246,0.0346,0.0346,0.2538,0.1846,0.1846,1.1535,2026-08-09
swsh9-79,Lucario,holofoil,Brilliant Stars,79,Rare Holo,GIDORA,Stage 1,448,Pokémon,2022/02/25,"tcgplayer,cardmarket",https://prices.pokemontcg.io/tcgplayer/swsh9-79,https://images.pokemontcg.io/swsh9/79_hires.png,2026/08/08,2026/01/19,0.32,0.10000000149011612,0.3799999952316284,19.979999542236328,,0.71,,,,0.2884,0.0231,0.5767,0.5537,0.6344000101089478,0.4268,0.3345,0.1154,0.3576,0.5652,1.1535,2026-08-09
swsh9-80,Throh,normal,Brilliant Stars,80,Common,Teeziro,Basic,538,Pokémon,2022/02/25,"tcgplayer,cardmarket",https://prices.pokemontcg.io/tcgplayer/swsh9-80,https://images.pokemontcg.io/swsh9/80_hires.png,2026/08/08,2026/01/19,0.13,0.009999999776482582,0.15000000596046448,18.139999389648438,,0.26,,,,0.0346,0.0231,0.0461,0.1384,0.05770000070333481,0.0461,0.0346,0.2653,0.1269,0.1154,1.1535,2026-08-09
swsh9-81,Sawk,normal,Brilliant Stars,81,Common,Shinji Kanda,Basic,539,Pokémon,2022/02/25,"tcgplayer,cardmarket",https://prices.pokemontcg.io/tcgplayer/swsh9-81,https://images.pokemontcg.io/swsh9/81_hires.png,2026/08/08,2026/01/19,0.22,0.009999999776482582,0.2199999988079071,19.979999542236328,,0.28,,,,0.0461,0.0231,0.0461,0.2307,0.03460000082850456,0.0346,0.0461,0.15,0.1846,0.2307,1.1535,2026-08-09
swsh9-82,Golett,normal,Brilliant Stars,82,Common,Eske Yoshinob,Basic,622,Pokémon,2022/02/25,"tcgplayer,cardmarket",https://prices.pokemontcg.io/tcgplayer/swsh9-82,https://images.pokemontcg.io/swsh9/82_hires.png,2026/08/08,2026/01/16,0.03,0.009999999776482582,0.15000000596046448,19.040000915527344,,0.24,,,,0.0231,0.0231,0.0231,0.15,0.023099999874830246,0.0231,0.0231,0.1154,0.1038,0.1384,1.1535,2026-08-09
swsh9-83,Golurk,normal,Brilliant Stars,83,Rare,Aya Kusube,Stage 1,623,Pokémon,2022/02/25,"tcgplayer,cardmarket",https://prices.pokemontcg.io/tcgplayer/swsh9-83,https://images.pokemontcg.io/swsh9/83_hires.png,2026/08/08,2026/01/16,0.22,0.009999999776482582,0.2199999988079071,20.0,,0.2,,,,0.1384,0.0231,0.0692,0.1615,0.03460000082850456,0.0692,0.1154,0.0923,0.1961,0.173,1.1535,2026-08-09
swsh9-84,Grimer,normal,Brilliant Stars,84,Common,Masakazu Fukuda,Basic,88,Pokémon,2022/02/25,"tcgplayer,cardmarket",https://prices.pokemontcg.io/tcgplayer/swsh9-84,https://images.pokemontcg.io/swsh9/84_hires.png,2026/08/08,2026/01/16,0.03,0.009999999776482582,0.15000000596046448,2.990000009536743,,0.21,,,,0.0231,0.0231,0.0346,0.173,0.023099999874830246,0.0346,0.0346,0.173,0.1615,0.15,1.1535,2026-08-09
swsh9-85,Muk,normal,Brilliant Stars,85,Rare,Scav,Stage 1,89,Pokémon,2022/02/25,"tcgplayer,cardmarket",https://prices.pokemontcg.io/tcgplayer/swsh9-85,https://images.pokemontcg.io/swsh9/85_hires.png,2026/08/08,2026/01/16,0.14,0.009999999776482582,0.20000000298023224,5.0,,0.34,,,,0.0807,0.0231,0.0692,0.173,0.08070000261068344,0.1038,0.0923,0.2307,0.2422,0.173,1.1535,2026-08-09
swsh9-86,Sneasel,normal,Brilliant Stars,86,Common,yuu,Basic,215,Pokémon,2022/02/25,"tcgplayer,cardmarket",https://prices.pokemontcg.io/tcgplayer/swsh9-86,https://images.pokemontcg.io/swsh9/86_hires.png,2026/08/08,2026/01/16,0.1,0.009999999776482582,0.15000000596046448,19.979999542236328,,0.22,,,,0.0346,0.0231,0.0231,0.1384,0.023099999874830246,0.0346,0.0346,0.0807,0.1615,0.1384,1.1535,2026-08-09
swsh9-87,Weavile,normal,Brilliant Stars,87,Uncommon,Hasuno,Stage 1,461,Pokémon,2022/02/25,"tcgplayer,cardmarket",https://prices.pokemontcg.io/tcgplayer/swsh9-87,https://images.pokemontcg.io/swsh9/87_hires.png,2026/08/08,2026/01/16,0.1,0.009999999776482582,0.15000000596046448,19.979999542236328,,0.24,,,,0.0346,0.0231,0.0346,0.1269,0.03460000082850456,0.0346,0.0346,0.1384,0.15,0.15,1.1535,2026-08-09
swsh9-88,Honchkrow V,holofoil,Brilliant Stars,88,Rare Holo V,PLANETA Mochizuki,Basic|V,430,Pokémon,2022/02/25,"tcgplayer,cardmarket",https://prices.pokemontcg.io/tcgplayer/swsh9-88,https://images.pokemontcg.io/swsh9/88_hires.png,2026/08/08,2026/01/16,0.75,0.44999998807907104,0.9800000190734863,17.989999771118164,,,,,,0.819,0.2076,0.8421,0.0,0.8190000057220459,0.7844,0.8305,0.0,0.0,0.0,1.1535,2026-08-09
swsh9-89,Spiritomb,normal,Brilliant Stars,89,Common,Uta,Basic,442,Pokémon,2022/02/25,"tcgplayer,cardmarket",https://prices.pokemontcg.io/tcgplayer/swsh9-89,https://images.pokemontcg.io/swsh9/89_hires.png,2026/08/08,2026/01/16,0.03,0.009999999776482582,0.15000000596046448,17.8799991607666,,0.23,,,,0.0346,0.0231,0.0807,0.1846,0.10379999876022339,0.0461,0.0346,0.2192,0.1269,0.173,1.1535,2026-08-09
swsh9-90,Purrloin,normal,Brilliant Stars,90,Common,Narumi Sato,Basic,509,Pokémon,2022/02/25,"tcgplayer,cardmarket",https://prices.pokemontcg.io/tcgplayer/swsh9-90,https://images.pokemontcg.io/swsh9/90_hires.png,2026/08/08,2026/01/16,0.13,0.009999999776482582,0.1599999964237213,1000.0,,0.25,,,,0.0346,0.0231,0.0346,0.1615,0.03460000082850456,0.0231,0.0346,0.1384,0.1384,0.1615,1.1535,2026-08-09
swsh9-91,Liepard,normal,Brilliant Stars,91,Rare,AKIRA EGAWA,Stage 1,510,Pokémon,2022/02/25,"tcgplayer,cardmarket",https://prices.pokemontcg.io/tcgplayer/swsh9-91,https://images.pokemontcg.io/swsh9/91_hires.png,2026/08/08,2026/01/16,0.21,0.029999999329447746,0.2199999988079071,18.6200008392334,,0.24,,,,0.0923,0.0231,0.0923,0.2653,0.023099999874830246,0.0923,0.0807,0.2076,0.2884,0.2884,1.1535,2026-08-09
swsh9-92,Impidimp,normal,Brilliant Stars,92,Common,Rianti Hidayat,Basic,859,Pokémon,2022/02/25,"tcgplayer,cardmarket",https://prices.pokemontcg.io/tcgplayer/swsh9-92,https://images.pokemontcg.io/swsh9/92_hires.png,2026/08/08,2026/01/16,0.1,0.009999999776482582,0.15000000596046448,19.979999542236328,,0.22,,,,0.0231,0.0231,0.0231,0.1038,0.023099999874830246,0.0231,0.0231,0.0346,0.1154,0.1154,1.1535,2026-08-09
swsh9-93,Morgrem,normal,Brilliant Stars,93,Uncommon,Shiburingaru,Stage 1,860,Pokémon,2022/02/25,"tcgplayer,cardmarket",https://prices.pokemontcg.io/tcgplayer/swsh9-93,https://images.pokemontcg.io/swsh9/93_hires.png,2026/08/08,2026/01/16,0.07,0.009999999776482582,0.15000000596046448,19.979999542236328,,0.17,,,,0.0346,0.0231,0.0577,0.1384,0.17299999296665192,0.0346,0.0346,0.1269,0.15,0.15,1.1535,2026-08-09
swsh9-94,Grimmsnarl,normal,Brilliant Stars,94,Rare,DOM,Stage 2,861,Pokémon,2022/02/25,"tcgplayer,cardmarket",https://prices.pokemontcg.io/tcgplayer/swsh9-94,https://images.pokemontcg.io/swsh9/94_hires.png,2026/08/08,2026/01/16,0.15,0.019999999552965164,0.20000000298023224,4.0,,0.25,,,,0.0807,0.0231,0.0923,0.1961,0.06920000165700912,0.1038,0.0692,0.2884,0.1615,0.1961,1.1535,2026-08-09
swsh9-95,Morpeko V,holofoil,Brilliant Stars,95,Rare Holo V,PLANETA Mochizuki,Basic|V,877,Pokémon,2022/02/25,"tcgplayer,cardmarket",https://prices.pokemontcg.io/tcgplayer/swsh9-95,https://images.pokemontcg.io/swsh9/95_hires.png,2026/08/08,2026/01/16,1.64,0.6700000166893005,1.5499999523162842,49.0,,,,,,1.0381,0.2192,1.0035,0.0,1.3956999778747559,0.9228,1.0612,0.0,0.0,0.0,1.1535,2026-08-09
swsh9-96,Aggron V,holofoil,Brilliant Stars,96,Rare Holo V,PLANETA Mochizuki,Basic|V,306,Pokémon,2022/02/25,"tcgplayer,cardmarket",https://prices.pokemontcg.io/tcgplayer/swsh9-96,https://images.pokemontcg.io/swsh9/96_hires.png,2026/08/08,2026/01/16,0.9,0.6000000238418579,1.0,17.399999618530273,,,,,,0.9228,0.1154,0.9689,0.0,1.0266000032424927,0.9113,0.9459,0.0,0.0,0.0,1.1535,2026-08-09
swsh9-97,Aggron VMAX,holofoil,Brilliant Stars,97,Rare Holo VMAX,5ban Graphics,VMAX,306,Pokémon,2022/02/25,"tcgplayer,cardmarket",https://prices.pokemontcg.io/tcgplayer/swsh9-97,https://images.pokemontcg.io/swsh9/97_hires.png,2026/08/08,2026/01/16,2.75,1.399999976158142,2.7100000381469727,19.989999771118164,,,,,,1.6841,0.5767,1.4765,0.0,1.545699954032898,1.4419,1.6495,0.0,0.0,0.0,1.1535,2026-08-09
swsh9-98,Wormadam,normal,Brilliant Stars,98,Rare,Ryo Ueda,Stage 1,413,Pokémon,2022/02/25,"tcgplayer,cardmarket",https://prices.pokemontcg.io/tcgplayer/swsh9-98,https://images.pokemontcg.io/swsh9/98_hires.png,2026/08/08,2026/01/16,0.14,0.009999999776482582,0.20000000298023224,17.920000076293945,,0.19,,,,0.0807,0.0231,0.1038,0.173,0.08070000261068344,0.0692,0.0807,0.1154,0.1846,0.2076,1.1535,2026-08-09
swsh9-99,Probopass,normal,Brilliant Stars,99,Uncommon,Pani Kobayashi,Stage 1,476,Pokémon,2022/02/25,"tcgplayer,cardmarket",https://prices.pokemontcg.io/tcgplayer/swsh9-99,https://images.pokemontcg.io/swsh9/99_hires.png,2026/08/08,2026/01/16,0.06,0.009999999776482582,0.15000000596046448,1.9900000095367432,,0.24,,,,0.0346,0.0231,0.0346,0.15,0.023099999874830246,0.0346,0.0346,0.1384,0.1038,0.1269,1.1535,2026-08-09
swsh9-100,Heatran,normal,Brilliant Stars,100,Rare,Yuya Oka,Basic,485,Pokémon,2022/02/25,"tcgplayer,cardmarket",https://prices.pokemontcg.io/tcgplayer/swsh9-100,https://images.pokemontcg.io/swsh9/100_hires.png,2026/08/08,2025/12/28,0.14,0.03999999910593033,0.20000000298023224,4.0,,0.22,,,,0.15,0.0231,0.173,0.2538,0.05770000070333481,0.15,0.1154,0.173,0.2192,0.2307,1.1535,2026-08-09
swsh9-101,Escavalier,normal,Brilliant Stars,101,Rare,Nurikabe,Stage 1,589,Pokémon,2022/02/25,"tcgplayer,cardmarket",https://prices.pokemontcg.io/tcgplayer/swsh9-101,https://images.pokemontcg.io/swsh9/101_hires.png,2026/08/08,2025/12/28,0.15,0.009999999776482582,0.1899999976158142,2.990000009536743,,0.19,,,,0.0807,0.0231,0.0923,0.2422,0.11540000140666962,0.0923,0.0807,0.2307,0.15,0.2076,1.1535,2026-08-09
swsh9-102,Klink,normal,Brilliant Stars,102,Common,OKACHEKE,Basic,599,Pokémon,2022/02/25,"tcgplayer,cardmarket",https://prices.pokemontcg.io/tcgplayer/swsh9-102,https://images.pokemontcg.io/swsh9/102_hires.png,2026/08/08,2025/12/12,0.02,0.009999999776482582,0.15000000596046448,19.979999542236328,,0.2,,,,0.0231,0.0231,0.0231,0.0923,0.023099999874830246,0.0231,0.0231,0.2307,0.1269,0.1154,1.1535,2026-08-09
swsh9-103,Klang,normal,Brilliant Stars,103,Uncommon,Hataya,Stage 1,600,Pokémon,2022/02/25,"tcgplayer,cardmarket",https://prices.pokemontcg.io/tcgplayer/swsh9-103,https://images.pokemontcg.io/swsh9/103_hires.png,2026/08/08,2025/12/12,0.07,0.009999999776482582,0.15000000596046448,2.990000009536743,,0.27,,,,0.0461,0.0231,0.0231,0.1038,0.05770000070333481,0.0346,0.0346,0.0577,0.0692,0.1038,1.1535,2026-08-09
swsh9-104,Klinklang,normal,Brilliant Stars,104,Rare,Megumi Higuchi,Stage 2,601,Pokémon,2022/02/25,"tcgplayer,cardmarket",https://prices.pokemontcg.io/tcgplayer/swsh9-104,https://images.pokemontcg.io/swsh9/104_hires.png,2026/08/08,2025/12/12,0.03,0.009999999776482582,0.18000000715255737,19.299999237060547,,0.2,,,,0.0692,0.0231,0.0577,0.1846,0.04610000178217888,0.0461,0.0807,0.346,0.15,0.173,1.1535,2026-08-09
swsh9-105,Zamazenta V,holofoil,Brilliant Stars,105,Rare Holo V,PLANETA Mochizuki,Basic|V,889,Pokémon,2022/02/25,"tcgplayer,cardmarket",https://prices.pokemontcg.io/tcgplayer/swsh9-105,https://images.pokemontcg.io/swsh9/105_hires.png,2026/08/08,2025/12/07,0.75,0.3799999952316284,0.8999999761581421,6.949999809265137,,,,,,1.0958,0.2307,1.2689,0.0,0.7728000283241272,1.1304,1.0266,0.0,0.0,0.0,1.1535,2026-08-09
swsh9-106,Flygon V,holofoil,Brilliant Stars,106,Rare Holo V,PLANETA Mochizuki,Basic|V,330,Pokémon,2022/02/25,"tcgplayer,cardmarket",https://prices.pokemontcg.io/tcgplayer/swsh9-106,https://images.pokemontcg.io/swsh9/106_hires.png,2026/08/08,2025/12/07,0.8,0.550000011920929,0.9900000095367432,19.18000030517578,,,,,,0.9228,0.2307,0.819,0.0,0.9689000248908997,0.8651,0.8882,0.0,0.0,0.0,1.1535,2026-08-09
swsh9-107,Gible,normal,Brilliant Stars,107,Common,sowsow,Basic,443,Pokémon,2022/02/25,"tcgplayer,cardmarket",https://prices.pokemontcg.io/tcgplayer/swsh9-107,https://images.pokemontcg.io/swsh9/107_hires.png,2026/08/08,2025/12/07,0.15,0.009999999776482582,0.17000000178813934,1000.0,,0.27,,,,0.0461,0.0231,0.0461,0.1038,0.023099999874830246,0.0346,0.0461,0.0692,0.1038,0.1269,1.1535,2026-08-09
swsh9-108,Gabite,normal,Brilliant Stars,108,Uncommon,hatachu,Stage 1,444,Pokémon,2022/02/25,"tcgplayer,cardmarket",https://prices.pokemontcg.io/tcgplayer/swsh9-108,https://images.pokemontcg.io/swsh9/108_hires.png,2026/08/08,2025/12/07,0.14,0.009999999776482582,0.1599999964237213,19.979999542236328,,0.35,,,,0.0577,0.0231,0.0461,0.1269,0.023099999874830246,0.0461,0.0461,0.1269,0.1154,0.1384,1.1535,2026-08-09
swsh9-109,Garchomp,holofoil,Brilliant Stars,109,Rare Holo,Nurikabe,Stage 2,445,Pokémon,2022/02/25,"tcgplayer,cardmarket",https://prices.pokemontcg.io/tcgplayer/swsh9-109,https://images.pokemontcg.io/swsh9/109_hires.png,2026/08/08,2025/12/07,0.35,0.14000000059604645,0.41999998688697815,6.75,,0.74,,,,0.3114,0.0231,0.1961,0.6575,0.34599998593330383,0.323,0.3114,0.173,0.4729,0.5998,1.1535,2026-08-09
swsh9-110,Axew,normal,Brilliant Stars,110,Common,Saya Tsuruta,Basic,610,Pokémon,2022/02/25,"tcgplayer,cardmarket",https://prices.pokemontcg.io/tcgplayer/swsh9-110,https://images.pokemontcg.io/swsh9/110_hires.png,2026/08/08,2025/12/07,0.16,0.009999999776482582,0.18000000715255737,18.399999618530273,,0.25,,,,0.0461,0.0231,0.0577,0.1269,0.03460000082850456,0.0461,0.0346,0.2192,0.0807,0.1269,1.1535,2026-08-09
swsh9-111,Fraxure,normal,Brilliant Stars,111,Uncommon,Hataya,Stage 1,611,Pokémon,2022/02/25,"tcgplayer,cardmarket",https://prices.pokemontcg.io/tcgplayer/swsh9-111,https://images.pokemontcg.io/swsh9/111_hires.png,2026/08/08,2025/12/07,0.14,0.009999999776482582,0.17000000178813934,2.990000009536743,,0.25,,,,0.0577,0.0231,0.0461,0.1384,0.023099999874830246,0.0461,0.0461,0.346,0.1154,0.1615,1.1535,2026-08-09
swsh9-112,Haxorus,normal,Brilliant Stars,112,Rare,Uta,Stage 2,612,Pokémon,2022/02/25,"tcgplayer,cardmarket",https://prices.pokemontcg.io/tcgplayer/swsh9-112,https://images.pokemontcg.io/swsh9/112_hires.png,2026/08/08,2025/11/25,0.22,0.03999999910593033,0.20999999344348907,2.990000009536743,,0.27,,,,0.1154,0.0231,0.1038,0.173,0.04610000178217888,0.0461,0.1038,0.0346,0.15,0.1846,1.1535,2026-08-09
swsh9-113,Druddigon,normal,Brilliant Stars,113,Rare,Ryo Ueda,Basic,621,Pokémon,2022/02/25,"tcgplayer,cardmarket",https://prices.pokemontcg.io/tcgplayer/swsh9-113,https://images.pokemontcg.io/swsh9/113_hires.png,2026/08/08,2025/11/25,0.18,0.05000000074505806,0.20000000298023224,19.979999542236328,,0.26,,,,0.0923,0.0231,0.1384,0.2653,0.25380000472068787,0.1269,0.1038,0.5191,0.3114,0.2653,1.1535,2026-08-09
swsh9-114,Dracovish V,holofoil,Brilliant Stars,114,Rare Holo V,Satoshi Shirai,Basic|V,882,Pokémon,2022/02/25,"tcgplayer,cardmarket",https://prices.pokemontcg.io/tcgplayer/swsh9-114,https://images.pokemontcg.io/swsh9/114_hires.png,2026/08/08,2025/11/25,1.05,0.5,1.100000023841858,9.989999771118164,,,,,,0.8882,0.1154,1.0381,0.0,1.7532999515533447,1.0151,0.9343,0.0,0.0,0.0,1.1535,2026-08-09
swsh9-115,Farfetch'd,normal,Brilliant Stars,115,Common,Tomokazu Komiya,Basic,83,Pokémon,2022/02/25,"tcgplayer,cardmarket",https://prices.pokemontcg.io/tcgplayer/swsh9-115,https://images.pokemontcg.io/swsh9/115_hires.png,2026/08/08,2025/11/25,0.2,0.009999999776482582,0.20000000298023224,19.639999389648438,,0.3,,,,0.0346,0.0231,0.0461,0.2192,0.023099999874830246,0.0461,0.0461,0.1615,0.1846,0.2076,1.1535,2026-08-09
swsh9-116,Castform,normal,Brilliant Stars,116,Common,kawayoo,Basic,351,Pokémon,2022/02/25,"tcgplayer,cardmarket",https://prices.pokemontcg.io/tcgplayer/swsh9-116,https://images.pokemontcg.io/swsh9/116_hires.png,2026/08/08,2025/11/25,0.14,0.009999999776482582,0.15000000596046448,1000.0,,0.23,,,,0.0461,0.0231,0.0231,0.173,0.023099999874830246,0.0231,0.0461,0.1384,0.1269,0.1615,1.1535,2026-08-09
swsh9-117,Starly,normal,Brilliant Stars,117,Common,Saya Tsuruta,Basic,396,Pokémon,2022/02/25,"tcgplayer,cardmarket",https://prices.pokemontcg.io/tcgplayer/swsh9-117,https://images.pokemontcg.io/swsh9/117_hires.png,2026/08/08,2025/11/21,0.06,0.009999999776482582,0.15000000596046448,1000.0,,0.26,,,,0.0231,0.0231,0.0346,0.1154,0.023099999874830246,0.0346,0.0231,0.0923,0.15,0.1269,1.1535,2026-08-09
swsh9-118,Staravia,normal,Brilliant Stars,118,Uncommon,Kouki Saitou,Stage 1,397,Pokémon,2022/02/25,"tcgplayer,cardmarket",https://prices.pokemontcg.io/tcgplayer/swsh9-118,https://images.pokemontcg.io/swsh9/118_hires.png,2026/08/08,2025/11/21,0.05,0.009999999776482582,0.15000000596046448,19.979999542236328,,0.15,,,,0.0346,0.0231,0.0231,0.1154,0.023099999874830246,0.0231,0.0346,0.173,0.1846,0.15,1.1535,2026-08-09
swsh9-119,Staraptor,normal,Brilliant Stars,119,Rare,Narumi Sato,Stage 2,398,Pokémon,2022/02/25,"tcgplayer,cardmarket",https://prices.pokemontcg.io/tcgplayer/swsh9-119,https://images.pokemontcg.io/swsh9/119_hires.png,2026/08/08,2025/11/21,0.2,0.019999999552965164,0.20000000298023224,17.34000015258789,,0.24,,,,0.0692,0.0231,0.1038,0.15,0.04610000178217888,0.0577,0.0692,0.0923,0.1154,0.1615,1.1535,2026-08-09
swsh9-120,Bidoof,normal,Brilliant Stars,120,Common,Oswaldo KATO,Basic,399,Pokémon,2022/02/25,"tcgplayer,cardmarket",https://prices.pokemontcg.io/tcgplayer/swsh9-120,https://images.pokemontcg.io/swsh9/120_hires.png,2026/08/08,2025/11/21,0.17,0.009999999776482582,0.20000000298023224,1000.0,,0.22,,,,0.0346,0.0231,0.0346,0.3345,0.023099999874830246,0.0346,0.0346,0.0923,0.1961,0.2653,1.1535,2026-08-09
swsh9-121,Bibarel,holofoil,Brilliant Stars,121,Rare Holo,OKACHEKE,Stage 1,400,Pokémon,2022/02/25,"tcgplayer,cardmarket",https://prices.pokemontcg.io/tcgplayer/swsh9-121,https://images.pokemontcg.io/swsh9/121_hires.png,2026/08/08,2025/11/21,0.33,0.029999999329447746,0.33000001311302185,3.0,,0.53,,,,0.5883,0.0231,0.4383,0.0,0.28839999437332153,0.4499,0.5652,0.0,0.0,0.0,1.1535,2026-08-09
swsh9-122,Arceus V,holofoil,Brilliant Stars,122,Rare Holo V,N-DESIGN Inc.,Basic|V,493,Pokémon,2022/02/25,"tcgplayer,cardmarket",https://prices.pokemontcg.io/tcgplayer/swsh9-122,https://images.pokemontcg.io/swsh9/122_hires.png,2026/08/08,2025/11/21,2.91,1.3899999856948853,3.109999895095825,30.0,,,,,,22.2856,10.3815,16.8988,0.0,21.32819938659668,21.6051,17.0372,0.0,0.0,0.0,1.1535,2026-08-09
swsh9-123,Arceus VSTAR,holofoil,Brilliant Stars,123,Rare Holo VSTAR,5ban Graphics,VSTAR,493,Pokémon,2022/02/25,"tcgplayer,cardmarket",https://prices.pokemontcg.io/tcgplayer/swsh9-123,https://images.pokemontcg.io/swsh9/123_hires.png,2026/08/08,2025/11/21,5.09,3.5899999141693115,5.5,99.94999694824219,,,,,,3.2875,1.1535,3.4374,0.0,2.8838000297546387,2.7915,3.2875,0.0,0.0,0.0,1.1535,2026-08-09
swsh9-124,Minccino,normal,Brilliant Stars,124,Common,Mina Nakai,Basic,572,Pokémon,2022/02/25,"tcgplayer,cardmarket",https://prices.pokemontcg.io/tcgplayer/swsh9-124,https://images.pokemontcg.io/swsh9/124_hires.png,2026/08/08,2025/11/21,0.14,0.009999999776482582,0.18000000715255737,19.540000915527344,,0.48,,,,0.0346,0.0231,0.0346,0.1384,0.023099999874830246,0.0231,0.0346,0.0923,0.1961,0.1384,1.1535,2026-08-09
swsh9-125,Cinccino,normal,Brilliant Stars,125,Uncommon,Atsuko Nishida,Stage 1,573,Pokémon,2022/02/25,"tcgplayer,cardmarket",https://prices.pokemontcg.io/tcgplayer/swsh9-125,https://images.pokemontcg.io/swsh9/125_hires.png,2026/08/08,2025/11/21,0.18,0.009999999776482582,0.20000000298023224,1000.0,,0.29,,,,0.0461,0.0231,0.0346,0.2307,0.023099999874830246,0.0346,0.0461,0.173,0.3345,0.2192,1.1535,2026-08-09
swsh9-126,Tornadus,normal,Brilliant Stars,126,Rare,Shigenori Negishi,Basic,641,Pokémon,2022/02/25,"tcgplayer,cardmarket",https://prices.pokemontcg.io/tcgplayer/swsh9-126,https://images.pokemontcg.io/swsh9/126_hires.png,2026/08/08,2025/11/21,0.1,0.009999999776482582,0.20000000298023224,17.8799991607666,,0.25,,,,0.0692,0.0231,0.1038,0.2538,0.023099999874830246,0.0692,0.0577,0.0461,0.2076,0.2307,1.1535,2026-08-09
swsh9-127,Hawlucha,normal,Brilliant Stars,127,Common,Miki Tanaka,Basic,701,Pokémon,2022/02/25,"tcgplayer,cardmarket",https://prices.pokemontcg.io/tcgplayer/swsh9-127,https://images.pokemontcg.io/swsh9/127_hires.png,2026/08/08,2025/11/21,0.2,0.009999999776482582,0.20000000298023224,18.139999389648438,,0.2,,,,0.0346,0.0231,0.0346,0.1384,0.023099999874830246,0.0231,0.0346,0.2192,0.1384,0.1384,1.1535,2026-08-09
swsh9-128,Drampa V,holofoil,Brilliant Stars,128,Rare Holo V,aky CG Works,Basic|V,780,Pokémon,2022/02/25,"tcgplayer,cardmarket",https://prices.pokemontcg.io/tcgplayer/swsh9-128,https://images.pokemontcg.io/swsh9/128_hires.png,2026/08/08,2025/11/21,0.79,0.25,0.9900000095367432,19.989999771118164,,,,,,0.8074,0.1154,0.8305,0.0,0.8996999859809875,0.8767,0.8421,0.0,0.0,0.0,1.1535,2026-08-09
swsh9-129,Acerola's Premonition,normal,Brilliant Stars,129,Uncommon,Shiburingaru,Supporter,,Trainer,2022/02/25,"tcgplayer,cardmarket",https://prices.pokemontcg.io/tcgplayer/swsh9-129,https://images.pokemontcg.io/swsh9/129_hires.png,2026/08/08,2025/11/21,0.17,0.009999999776482582,0.1899999976158142,2.990000009536743,,0.24,,,,0.0346,0.0231,0.0692,0.1384,0.18459999561309814,0.0807,0.0461,0.0692,0.0923,0.15,1.1535,2026-08-09
swsh9-130,Barry,normal,Brilliant Stars,130,Uncommon,Ken Sugimori,Supporter,,Trainer,2022/02/25,"tcgplayer,cardmarket",https://prices.pokemontcg.io/tcgplayer/swsh9-130,https://images.pokemontcg.io/swsh9/130_hires.png,2026/08/08,2025/11/21,0.08,0.009999999776482582,0.15000000596046448,19.979999542236328,,0.24,,,,0.0346,0.0231,0.0231,0.1038,0.023099999874830246,0.0231,0.0346,0.0807,0.0807,0.1038,1.1535,2026-08-09
swsh9-131,Blunder Policy,normal,Brilliant Stars,131,Uncommon,Ayaka Yoshida,Item|Pokémon Tool,,Trainer,2022/02/25,"tcgplayer,cardmarket",https://prices.pokemontcg.io/tcgplayer/swsh9-131,https://images.pokemontcg.io/swsh9/131_hires.png,2026/08/08,2025/11/21,0.07,0.009999999776482582,0.15000000596046448,19.979999542236328,,0.18,,,,0.0577,0.0231,0.0692,0.1154,0.023099999874830246,0.0577,0.0577,0.0923,0.1846,0.1269,1.1535,2026-08-09
swsh9-132,Boss's Orders,holofoil,Brilliant Stars,132,Rare Holo,GIDORA,Supporter,,Trainer,2022/02/25,"tcgplayer,cardmarket",https://prices.pokemontcg.io/tcgplayer/swsh9-132,https://images.pokemontcg.io/swsh9/132_hires.png,2026/08/08,2025/11/21,0.42,0.23000000417232513,0.5,50.0,,0.6,,,,0.0,5.1907,0.0,17.291,0.0,0.0,0.0,3.4605,11.9157,10.6353,1.1535,2026-08-09
swsh9-133,Café Master,normal,Brilliant Stars,133,Uncommon,Hasegawa Saki,Supporter,,Trainer,2022/02/25,"tcgplayer,cardmarket",https://prices.pokemontcg.io/tcgplayer/swsh9-133,https://images.pokemontcg.io/swsh9/133_hires.png,2026/08/08,2025/11/21,0.1,0.009999999776482582,0.15000000596046448,18.239999771118164,,0.19,,,,0.0577,0.0231,0.0346,0.1038,0.023099999874830246,0.0692,0.0577,0.1384,0.1154,0.1038,1.1535,2026-08-09
swsh9-134,Cheren's Care,normal,Brilliant Stars,134,Uncommon,Yusuke Ohmura,Supporter,,Trainer,2022/02/25,"tcgplayer,cardmarket",https://prices.pokemontcg.io/tcgplayer/swsh9-134,https://images.pokemontcg.io/swsh9/134_hires.png,2026/08/08,2025/11/21,0.07,0.009999999776482582,0.15000000596046448,17.8799991607666,,0.21,,,,0.0577,0.0231,0.0346,0.1269,0.03460000082850456,0.0461,0.0461,0.0923,0.1038,0.1384,1.1535,2026-08-09
swsh9-135,Choice Belt,normal,Brilliant Stars,135,Uncommon,Studio Bora Inc.,Item|Pokémon Tool,,Trainer,2022/02/25,"tcgplayer,cardmarket",https://prices.pokemontcg.io/tcgplayer/swsh9-135,https://images.pokemontcg.io/swsh9/135_hires.png,2026/08/08,2025/11/21,0.17,0.009999999776482582,0.1899999976158142,18.68000030517578,,0.22,,,,0.0461,0.0231,0.0346,0.1038,0.023099999874830246,0.0231,0.0461,0.1154,0.0807,0.1269,1.1535,2026-08-09
swsh9-136,Cleansing Gloves,normal,Brilliant Stars,136,Uncommon,Toyste Beach,Item|Pokémon Tool,,Trainer,2022/02/25,"tcgplayer,cardmarket",https://prices.pokemontcg.io/tcgplayer/swsh9-136,https://images.pokemontcg.io/swsh9/136_hires.png,2026/08/08,2025/11/21,0.09,0.009999999776482582,0.15000000596046448,19.979999542236328,,0.15,,,,0.0461,0.0231,0.0461,0.0923,0.08070000261068344,0.0346,0.0346,0.1384,0.1154,0.1038,1.1535,2026-08-09
swsh9-137,Collapsed Stadium,normal,Brilliant Stars,137,Uncommon,Oswaldo KATO,Stadium,,Trainer,2022/02/25,"tcgplayer,cardmarket",https://prices.pokemontcg.io/tcgplayer/swsh9-137,https://images.pokemontcg.io/swsh9/137_hires.png,2026/08/08,2025/11/21,0.14,0.009999999776482582,0.1899999976158142,19.979999542236328,,0.23,,,,0.0461,0.0231,0.0692,0.173,0.11540000140666962,0.0461,0.0692,0.0923,0.1154,0.1615,1.1535,2026-08-09
swsh9-138,Cynthia's Ambition,normal,Brilliant Stars,138,Uncommon,Megumi Mizutani,Supporter,,Trainer,2022/02/25,"tcgplayer,cardmarket",https://prices.pokemontcg.io/tcgplayer/swsh9-138,https://images.pokemontcg.io/swsh9/138_hires.png,2026/08/08,2025/11/21,0.2,0.009999999776482582,0.20000000298023224,2.990000009536743,,0.28,,,,0.0577,0.0231,0.0577,0.1615,0.13840000331401825,0.0461,0.0577,0.0923,0.173,0.1846,1.1535,2026-08-09
swsh9-139,Fresh Water Set,normal,Brilliant Stars,139,Uncommon,AYUMI ODASHIMA,Item,,Trainer,2022/02/25,"tcgplayer,cardmarket",https://prices.pokemontcg.io/tcgplayer/swsh9-139,https://images.pokemontcg.io/swsh9/139_hires.png,2026/08/08,2025/11/21,0.15,0.009999999776482582,0.1599999964237213,19.979999542236328,,0.26,,,,0.0577,0.0231,0.0461,0.0923,0.023099999874830246,0.0577,0.0461,0.1269,0.1269,0.1154,1.1535,2026-08-09
swsh9-140,Friends in Galar,normal,Brilliant Stars,140,Uncommon,Yuu Nishida,Supporter,,Trainer,2022/02/25,"tcgplayer,cardmarket",https://prices.pokemontcg.io/tcgplayer/swsh9-140,https://images.pokemontcg.io/swsh9/140_hires.png,2026/08/08,2025/11/21,0.13,0.009999999776482582,0.15000000596046448,17.8799991607666,,0.21,,,,0.0577,0.0231,0.0461,0.1038,0.06920000165700912,0.0692,0.0577,0.0807,0.0807,0.1154,1.1535,2026-08-09
swsh9-141,Gloria,normal,Brilliant Stars,141,Uncommon,Ken Sugimori,Supporter,,Trainer,2022/02/25,"tcgplayer,cardmarket",https://prices.pokemontcg.io/tcgplayer/swsh9-141,https://images.pokemontcg.io/swsh9/141_hires.png,2026/08/08,2025/11/21,0.05,0.009999999776482582,0.15000000596046448,2.990000009536743,,0.14,,,,0.0346,0.0231,0.0231,0.1154,0.023099999874830246,0.0346,0.0346,0.0807,0.0923,0.1269,1.1535,2026-08-09
swsh9-142,Hunting Gloves,normal,Brilliant Stars,142,Uncommon,Toyste Beach,Item|Pokémon Tool,,Trainer,2022/02/25,"tcgplayer,cardmarket",https://prices.pokemontcg.io/tcgplayer/swsh9-142,https://images.pokemontcg.io/swsh9/142_hires.png,2026/08/08,2025/11/21,0.09,0.009999999776482582,0.15000000596046448,19.979999542236328,,0.15,,,,0.0461,0.0231,0.0231,0.0807,0.023099999874830246,0.0231,0.0346,0.1038,0.0923,0.1154,1.1535,2026-08-09
swsh9-143,Kindler,normal,Brilliant Stars,143,Uncommon,Hitoshi Ariga,Supporter,,Trainer,2022/02/25,"tcgplayer,cardmarket",https://prices.pokemontcg.io/tcgplayer/swsh9-143,https://images.pokemontcg.io/swsh9/143_hires.png,2026/08/08,2025/11/21,0.11,0.009999999776482582,0.15000000596046448,19.979999542236328,,0.27,,,,0.0346,0.0231,0.0346,0.1384,0.04610000178217888,0.0346,0.0346,0.0923,0.1269,0.15,1.1535,2026-08-09
swsh9-144,Magma Basin,normal,Brilliant Stars,144,Uncommon,ORBITALLINK Inc.,Stadium,,Trainer,2022/02/25,"tcgplayer,cardmarket",https://prices.pokemontcg.io/tcgplayer/swsh9-144,https://images.pokemontcg.io/swsh9/144_hires.png,2026/08/08,2025/11/21,0.15,0.009999999776482582,0.18000000715255737,19.18000030517578,,0.3,,,,0.0577,0.0231,0.0461,0.1615,0.03460000082850456,0.0692,0.0577,0.1269,0.2076,0.15,1.1535,2026-08-09
swsh9-145,Marnie's Pride,normal,Brilliant Stars,145,Uncommon,saino misaki,Supporter,,Trainer,2022/02/25,"tcgplayer,cardmarket",https://prices.pokemontcg.io/tcgplayer/swsh9-145,https://images.pokemontcg.io/swsh9/145_hires.png,2026/08/08,2025/11/21,0.12,0.009999999776482582,0.18000000715255737,990.0,,0.25,,,,0.0807,0.0231,0.0692,0.1961,0.023099999874830246,0.0923,0.0807,0.0577,0.2768,0.173,1.1535,2026-08-09
swsh9-146,Pot Helmet,normal,Brilliant Stars,146,Uncommon,Toyste Beach,Item|Pokémon Tool,,Trainer,2022/02/25,"tcgplayer,cardmarket",https://prices.pokemontcg.io/tcgplayer/swsh9-146,https://images.pokemontcg.io/swsh9/146_hires.png,2026/08/08,2025/11/21,0.16,0.009999999776482582,0.18000000715255737,2.990000009536743,,0.19,,,,0.0346,0.0231,0.0461,0.1269,0.03460000082850456,0.0461,0.0346,0.2884,0.173,0.1384,1.1535,2026-08-09
swsh9-147,Professor's Research,holofoil,Brilliant Stars,147,Rare Holo,Sanosuke Sakuma,Supporter,,Trainer,2022/02/25,"tcgplayer,cardmarket",https://prices.pokemontcg.io/tcgplayer/swsh9-147,https://images.pokemontcg.io/swsh9/147_hires.png,2026/08/08,2025/11/21,0.2,0.009999999776482582,0.2199999988079071,19.979999542236328,,0.31,,,,0.0807,0.0231,0.0807,0.0,0.023099999874830246,0.0923,0.0923,0.0,0.0,0.0,1.1535,2026-08-09
swsh9-148,Roseanne's Backup,normal,Brilliant Stars,148,Uncommon,Nagomi Nijo,Supporter,,Trainer,2022/02/25,"tcgplayer,cardmarket",https://prices.pokemontcg.io/tcgplayer/swsh9-148,https://images.pokemontcg.io/swsh9/148_hires.png,2026/08/08,2025/11/21,0.17,0.009999999776482582,0.20000000298023224,18.200000762939453,,0.24,,,,0.0577,0.0231,0.0577,0.1154,0.023099999874830246,0.0461,0.0692,0.0923,0.1269,0.1269,1.1535,2026-08-09
swsh9-149,Team Yell's Cheer,normal,Brilliant Stars,149,Uncommon,GOSSAN,Supporter,,Trainer,2022/02/25,"tcgplayer,cardmarket",https://prices.pokemontcg.io/tcgplayer/swsh9-149,https://images.pokemontcg.io/swsh9/149_hires.png,2026/08/08,2025/11/21,0.19,0.009999999776482582,0.20000000298023224,19.979999542236328,,0.29,,,,0.0461,0.0231,0.0346,0.1269,0.03460000082850456,0.0346,0.0461,0.173,0.1269,0.15,1.1535,2026-08-09
swsh9-150,Ultra Ball,normal,Brilliant Stars,150,Uncommon,sadaji,Item,,Trainer,2022/02/25,"tcgplayer,cardmarket",https://prices.pokemontcg.io/tcgplayer/swsh9-150,https://images.pokemontcg.io/swsh9/150_hires.png,2026/08/08,2025/11/21,0.21,0.009999999776482582,0.2199999988079071,2.990000009536743,,0.37,,,,0.0923,0.0231,0.1615,0.2999,0.219200000166893,0.0923,0.0923,0.173,0.2884,0.2884,1.1535,2026-08-09
swsh9-151,Double Turbo Energy,normal,Brilliant Stars,151,Uncommon,,Special,,Energy,2022/02/25,"tcgplayer,cardmarket",https://prices.pokemontcg.io/tcgplayer/swsh9-151,https://images.pokemontcg.io/swsh9/151_hires.png,2026/08/08,2025/11/21,0.22,0.009999999776482582,0.23999999463558197,990.0,,0.36,,,,0.1154,0.0231,0.1846,0.2538,0.29989999532699585,0.1615,0.1154,0.1154,0.2999,0.323,1.1535,2026-08-09
swsh9-152,Shaymin V,holofoil,Brilliant Stars,152,Rare Ultra,Eske Yoshinob,Basic|V,492,Pokémon,2022/02/25,"tcgplayer,cardmarket",https://prices.pokemontcg.io/tcgplayer/swsh9-152,https://images.pokemontcg.io/swsh9/152_hires.png,2026/08/08,2025/11/21,2.34,1.7100000381469727,2.5299999713897705,12.949999809265137,,,,,,2.6184,0.4614,2.2378,0.0,2.0302000045776367,1.9956,2.5723,0.0,0.0,0.0,1.1535,2026-08-09
swsh9-153,Charizard V,holofoil,Brilliant Stars,153,Rare Ultra,N-DESIGN Inc.,Basic|V,6,Pokémon,2022/02/25,"tcgplayer,cardmarket",https://prices.pokemontcg.io/tcgplayer/swsh9-153,https://images.pokemontcg.io/swsh9/153_hires.png,2026/08/08,2025/11/21,36.88,29.989999771118164,40.150001525878906,500.0,,,,,,24.8579,11.535,22.0203,0.0,20.739900588989258,24.9041,24.9963,0.0,0.0,0.0,1.1535,2026-08-09
swsh9-154,Charizard V,holofoil,Brilliant Stars,154,Rare Ultra,Ryota Murayama,Basic|V,6,Pokémon,2022/02/25,"tcgplayer,cardmarket",https://prices.pokemontcg.io/tcgplayer/swsh9-154,https://images.pokemontcg.io/swsh9/154_hires.png,2026/08/08,2025/11/21,323.02,263.989990234375,343.44000244140625,1500.0,,,,,,268.8809,103.815,293.0582,0.0,311.4335021972656,322.5417,235.3601,0.0,0.0,0.0,1.1535,2026-08-09
swsh9-155,Lumineon V,holofoil,Brilliant Stars,155,Rare Ultra,takuyoa,Basic|V,457,Pokémon,2022/02/25,"tcgplayer,cardmarket",https://prices.pokemontcg.io/tcgplayer/swsh9-155,https://images.pokemontcg.io/swsh9/155_hires.png,2026/08/08,2025/11/21,2.34,1.5,2.7300000190734863,95.37999725341797,,,,,,3.8988,0.5652,3.9334,0.0,4.879300117492676,3.968,4.0603,0.0,0.0,0.0,1.1535,2026-08-09
swsh9-156,Lumineon V,holofoil,Brilliant Stars,156,Rare Ultra,Ligton,Basic|V,457,Pokémon,2022/02/25,"tcgplayer,cardmarket",https://prices.pokemontcg.io/tcgplayer/swsh9-156,https://images.pokemontcg.io/swsh9/156_hires.png,2026/08/08,2025/11/21,14.78,11.0,17.75,127.73999786376953,,,,,,15.7222,10.3815,14.7994,0.0,12.665399551391602,15.0993,15.5376,0.0,0.0,0.0,1.1535,2026-08-09
swsh9-157,Pikachu V,holofoil,Brilliant Stars,157,Rare Ultra,5ban Graphics,Basic|V,25,Pokémon,2022/02/25,"tcgplayer,cardmarket",https://prices.pokemontcg.io/tcgplayer/swsh9-157,https://images.pokemontcg.io/swsh9/157_hires.png,2026/08/08,2025/11/21,25.66,21.030000686645508,28.75,225.0,,,,,,15.6069,3.449,12.6654,0.0,13.692000389099121,12.5962,15.0186,0.0,0.0,0.0,1.1535,2026-08-09
swsh9-158,Raichu V,holofoil,Brilliant Stars,158,Rare Ultra,MUGENUP,Basic|V,26,Pokémon,2022/02/25,"tcgplayer,cardmarket",https://prices.pokemontcg.io/tcgplayer/swsh9-158,https://images.pokemontcg.io/swsh9/158_hires.png,2026/08/08,2025/11/21,5.69,4.909999847412109,6.460000038146973,84.19000244140625,,,,,,4.1872,2.0763,3.8758,0.0,3.9565000534057617,4.0026,4.1526,0.0,0.0,0.0,1.1535,2026-08-09
swsh9-159,Granbull V,holofoil,Brilliant Stars,159,Rare Ultra,Ayaka Yoshida,Basic|V,210,Pokémon,2022/02/25,"tcgplayer,cardmarket",https://prices.pokemontcg.io/tcgplayer/swsh9-159,https://images.pokemontcg.io/swsh9/159_hires.png,2026/08/08,2025/11/21,1.49,0.9800000190734863,1.7400000095367432,5.0,,,,,,1.7649,0.9228,1.0612,0.0,1.4419000148773193,1.142,1.7418,0.0,0.0,0.0,1.1535,2026-08-09
swsh9-160,Whimsicott V,holofoil,Brilliant Stars,160,Rare Ultra,Saki Hayashiro,Basic|V,547,Pokémon,2022/02/25,"tcgplayer,cardmarket",https://prices.pokemontcg.io/tcgplayer/swsh9-160,https://images.pokemontcg.io/swsh9/160_hires.png,2026/08/08,2025/11/18,2.08,1.0,2.059999942779541,24.739999771118164,,,,,,1.8225,0.9228,1.4534,0.0,1.0728000402450562,1.7187,1.8456,0.0,0.0,0.0,1.1535,2026-08-09
swsh9-161,Honchkrow V,holofoil,Brilliant Stars,161,Rare Ultra,PLANETA Mochizuki,Basic|V,430,Pokémon,2022/02/25,"tcgplayer,cardmarket",https://prices.pokemontcg.io/tcgplayer/swsh9-161,https://images.pokemontcg.io/swsh9/161_hires.png,2026/08/08,2025/11/18,1.38,0.949999988079071,1.7100000381469727,9.989999771118164,,,,,,2.2724,0.9228,1.9956,0.0,2.306999921798706,2.4454,2.2493,0.0,0.0,0.0,1.1535,2026-08-09
swsh9-162,Honchkrow V,holofoil,Brilliant Stars,162,Rare Ultra,zig,Basic|V,430,Pokémon,2022/02/25,"tcgplayer,cardmarket",https://prices.pokemontcg.io/tcgplayer/swsh9-162,https://images.pokemontcg.io/swsh9/162_hires.png,2026/08/08,2025/11/18,12.36,10.0,13.25,102.69000244140625,,,,,,14.1304,8.063,13.2768,0.0,13.761300086975098,12.6885,13.6805,0.0,0.0,0.0,1.1535,2026-08-09
swsh9-163,Zamazenta V,holofoil,Brilliant Stars,163,Rare Ultra,Ayaka Yoshida,Basic|V,889,Pokémon,2022/02/25,"tcgplayer,cardmarket",https://prices.pokemontcg.io/tcgplayer/swsh9-163,https://images.pokemontcg.io/swsh9/163_hires.png,2026/08/08,2025/11/18,2.47,1.5499999523162842,2.5999999046325684,19.989999771118164,,,,,,3.1029,1.142,2.9299,0.0,2.4223999977111816,3.1145,2.976,0.0,0.0,0.0,1.1535,2026-08-09
swsh9-164,Flygon V,holofoil,Brilliant Stars,164,Rare Ultra,PLANETA Mochizuki,Basic|V,330,Pokémon,2022/02/25,"tcgplayer,cardmarket",https://prices.pokemontcg.io/tcgplayer/swsh9-164,https://images.pokemontcg.io/swsh9/164_hires.png,2026/08/08,2025/11/18,2.17,1.5,2.490000009536743,25.18000030517578,,,,,,2.5377,0.6575,2.5031,0.0,3.944999933242798,2.7107,2.5954,0.0,0.0,0.0,1.1535,2026-08-09
swsh9-165,Arceus V,holofoil,Brilliant Stars,165,Rare Ultra,N-DESIGN Inc.,Basic|V,493,Pokémon,2022/02/25,"tcgplayer,cardmarket",https://prices.pokemontcg.io/tcgplayer/swsh9-165,https://images.pokemontcg.io/swsh9/165_hires.png,2026/08/08,2025/11/18,9.85,8.0,10.949999809265137,103.55999755859375,,,,,,7.4631,2.307,6.3442,0.0,6.286600112915039,6.425,7.6938,0.0,0.0,0.0,1.1535,2026-08-09
swsh9-166,Arceus V,holofoil,Brilliant Stars,166,Rare Ultra,kawayoo,Basic|V,493,Pokémon,2022/02/25,"tcgplayer,cardmarket",https://prices.pokemontcg.io/tcgplayer/swsh9-166,https://images.pokemontcg.io/swsh9/166_hires.png,2026/08/08,2025/11/18,63.87,49.959999084472656,69.26000213623047,199.99000549316406,,,,,,56.9252,23.07,65.265,0.0,58.82849884033203,58.1825,56.6599,0.0,0.0,0.0,1.1535,2026-08-09
swsh9-167,Barry,holofoil,Brilliant Stars,167,Rare Ultra,Yuu Nishida,Supporter,,Trainer,2022/02/25,"tcgplayer,cardmarket",https://prices.pokemontcg.io/tcgplayer/swsh9-167,https://images.pokemontcg.io/swsh9/167_hires.png,2026/08/08,2025/11/18,1.91,1.1699999570846558,1.9900000095367432,17.190000534057617,,,,,,2.0417,0.5191,2.1224,0.0,2.0185999870300293,2.0648,2.0302,0.0,0.0,0.0,1.1535,2026-08-09
swsh9-168,Cheren's Care,holofoil,Brilliant Stars,168,Rare Ultra,Ryuta Fuse,Supporter,,Trainer,2022/02/25,"tcgplayer,cardmarket",https://prices.pokemontcg.io/tcgplayer/swsh9-168,https://images.pokemontcg.io/swsh9/168_hires.png,2026/08/08,2025/11/18,1.34,1.0,1.7999999523162842,30.0,,,,,,1.8341,0.9228,2.157,0.0,3.691200017929077,1.9033,1.8802,0.0,0.0,0.0,1.1535,2026-08-09
swsh9-169,Cynthia's Ambition,holofoil,Brilliant Stars,169,Rare Ultra,Megumi Mizutani,Supporter,,Trainer,2022/02/25,"tcgplayer,cardmarket",https://prices.pokemontcg.io/tcgplayer/swsh9-169,https://images.pokemontcg.io/swsh9/169_hires.png,2026/08/08,2025/11/18,11.8,9.010000228881836,13.4399995803833,98.08000183105469,,,,,,8.6628,3.4605,7.9822,0.0,9.170299530029297,8.6397,8.6974,0.0,0.0,0.0,1.1535,2026-08-09
swsh9-170,Kindler,holofoil,Brilliant Stars,170,Rare Ultra,Hitoshi Ariga,Supporter,,Trainer,2022/02/25,"tcgplayer,cardmarket",https://prices.pokemontcg.io/tcgplayer/swsh9-170,https://images.pokemontcg.io/swsh9/170_hires.png,2026/08/08,2025/11/18,0.93,0.25,1.2100000381469727,30.0,,,,,,1.6956,0.2884,1.7649,0.0,1.153499960899353,1.7995,1.7072,0.0,0.0,0.0,1.1535,2026-08-09
swsh9-171,Marnie's Pride,holofoil,Brilliant Stars,171,Rare Ultra,Souichirou Gunjima,Supporter,,Trainer,2022/02/25,"tcgplayer,cardmarket",https://prices.pokemontcg.io/tcgplayer/swsh9-171,https://images.pokemontcg.io/swsh9/171_hires.png,2026/08/08,2025/11/18,12.49,8.989999771118164,12.539999961853027,91.4000015258789,,,,,,7.59,3.8065,6.8518,0.0,11.927200317382812,7.2786,7.7515,0.0,0.0,0.0,1.1535,2026-08-09
swsh9-172,Roseanne's Backup,holofoil,Brilliant Stars,172,Rare Ultra,kirisAki,Supporter,,Trainer,2022/02/25,"tcgplayer,cardmarket",https://prices.pokemontcg.io/tcgplayer/swsh9-172,https://images.pokemontcg.io/swsh9/172_hires.png,2026/08/08,2025/11/18,2.93,1.7000000476837158,3.0,24.950000762939453,,,,,,3.0452,1.1535,3.3567,0.0,3.7488999366760254,3.3451,3.0683,0.0,0.0,0.0,1.1535,2026-08-09
swsh9-173,Shaymin VSTAR,holofoil,Brilliant Stars,173,Rare Rainbow,5ban Graphics,VSTAR,492,Pokémon,2022/02/25,"tcgplayer,cardmarket",https://prices.pokemontcg.io/tcgplayer/swsh9-173,https://images.pokemontcg.io/swsh9/173_hires.png,2026/08/08,2025/11/18,7.07,4.5,7.260000228881836,29.950000762939453,,,,,,6.5634,1.1535,5.6868,0.0,4.59089994430542,5.0062,6.2289,0.0,0.0,0.0,1.1535,2026-08-09
swsh9-174,Charizard VSTAR,holofoil,Brilliant Stars,174,Rare Rainbow,5ban Graphics,VSTAR,6,Pokémon,2022/02/25,"tcgplayer,cardmarket",https://prices.pokemontcg.io/tcgplayer/swsh9-174,https://images.pokemontcg.io/swsh9/174_hires.png,2026/08/08,2025/11/18,79.93,68.98999786376953,83.9800033569336,5000.0,,,,,,50.108,24.708,51.4692,0.0,42.13740158081055,47.1897,46.2207,0.0,0.0,0.0,1.1535,2026-08-09
swsh9-175,Whimsicott VSTAR,holofoil,Brilliant Stars,175,Rare Rainbow,5ban Graphics,VSTAR,547,Pokémon,2022/02/25,"tcgplayer,cardmarket",https://prices.pokemontcg.io/tcgplayer/swsh9-175,https://images.pokemontcg.io/swsh9/175_hires.png,2026/08/08,2025/11/18,6.32,4.0,7.039999961853027,56.880001068115234,,,,,,4.0257,1.0381,3.7143,0.0,3.841200113296509,3.1491,3.8758,0.0,0.0,0.0,1.1535,2026-08-09
swsh9-176,Arceus VSTAR,holofoil,Brilliant Stars,176,Rare Rainbow,5ban Graphics,VSTAR,493,Pokémon,2022/02/25,"tcgplayer,cardmarket",https://prices.pokemontcg.io/tcgplayer/swsh9-176,https://images.pokemontcg.io/swsh9/176_hires.png,2026/08/08,2025/11/18,14.74,12.609999656677246,15.989999771118164,1000.0,,,,,,8.1783,3.4605,7.6708,0.0,6.805600166320801,8.1552,8.1206,0.0,0.0,0.0,1.1535,2026-08-09
swsh9-177,Cheren's Care,holofoil,Brilliant Stars,177,Rare Rainbow,Ryuta Fuse,Supporter,,Trainer,2022/02/25,"tcgplayer,cardmarket",https://prices.pokemontcg.io/tcgplayer/swsh9-177,https://images.pokemontcg.io/swsh9/177_hires.png,2026/08/08,2025/11/18,2.26,1.2300000190734863,2.809999942779541,15.0,,,,,,3.126,0.5767,2.8953,0.0,3.4605000019073486,3.2298,3.1375,0.0,0.0,0.0,1.1535,2026-08-09
swsh9-178,Cynthia's Ambition,holofoil,Brilliant Stars,178,Rare Rainbow,Megumi Mizutani,Supporter,,Trainer,2022/02/25,"tcgplayer,cardmarket",https://prices.pokemontcg.io/tcgplayer/swsh9-178,https://images.pokemontcg.io/swsh9/178_hires.png,2026/08/08,2025/11/18,7.32,4.0,7.019999980926514,99.94999694824219,,,,,,5.8598,2.307,4.7524,0.0,4.383299827575684,5.4215,5.7329,0.0,0.0,0.0,1.1535,2026-08-09
swsh9-179,Kindler,holofoil,Brilliant Stars,179,Rare Rainbow,Hitoshi Ariga,Supporter,,Trainer,2022/02/25,"tcgplayer,cardmarket",https://prices.pokemontcg.io/tcgplayer/swsh9-179,https://images.pokemontcg.io/swsh9/179_hires.png,2026/08/08,2025/11/18,2.3,1.0,2.7100000381469727,19.950000762939453,,,,,,2.2724,1.142,2.5723,0.0,2.0185999870300293,1.9148,2.3301,0.0,0.0,0.0,1.1535,2026-08-09
swsh9-180,Roseanne's Backup,holofoil,Brilliant Stars,180,Rare Rainbow,kirisAki,Supporter,,Trainer,2022/02/25,"tcgplayer,cardmarket",https://prices.pokemontcg.io/tcgplayer/swsh9-180,https://images.pokemontcg.io/swsh9/180_hires.png,2026/08/08,2025/11/18,2.9,1.9800000190734863,3.490000009536743,26.549999237060547,,,,,,2.6184,1.1535,2.7107,0.0,3.1491000652313232,1.7879,2.7338,0.0,0.0,0.0,1.1535,2026-08-09
swsh9-181,Galarian Articuno V,holofoil,Brilliant Stars,181,Rare Secret,5ban Graphics,Basic|V,144,Pokémon,2022/02/25,"tcgplayer,cardmarket",https://prices.pokemontcg.io/tcgplayer/swsh9-181,https://images.pokemontcg.io/swsh9/181_hires.png,2026/08/08,2025/11/18,13.51,12.239999771118164,15.279999732971191,173.4600067138672,,,,,,13.1614,6.9095,13.4267,0.0,14.118800163269043,14.834,15.3646,0.0,0.0,0.0,1.1535,2026-08-09
swsh9-182,Galarian Zapdos V,holofoil,Brilliant Stars,182,Rare Secret,5ban Graphics,Basic|V,145,Pokémon,2022/02/25,"tcgplayer,cardmarket",https://prices.pokemontcg.io/tcgplayer/swsh9-182,https://images.pokemontcg.io/swsh9/182_hires.png,2026/08/08,2025/11/18,13.79,11.0,15.329999923706055,34.95000076293945,,,,,,12.8961,5.7675,8.1091,0.0,12.284799575805664,12.8961,14.1996,0.0,0.0,0.0,1.1535,2026-08-09
swsh9-183,Galarian Moltres V,holofoil,Brilliant Stars,183,Rare Secret,akyCG Works,Basic|V,146,Pokémon,2022/02/25,"tcgplayer,cardmarket",https://prices.pokemontcg.io/tcgplayer/swsh9-183,https://images.pokemontcg.io/swsh9/183_hires.png,2026/08/08,2025/11/18,19.2,15.550000190734863,20.899999618530273,99.98999786376953,,,,,,17.5793,8.6397,17.0372,0.0,13.553600311279297,18.1676,18.0407,0.0,0.0,0.0,1.1535,2026-08-09
swsh9-184,Arceus VSTAR,holofoil,Brilliant Stars,184,Rare Secret,5ban Graphics,VSTAR,493,Pokémon,2022/02/25,"tcgplayer,cardmarket",https://prices.pokemontcg.io/tcgplayer/swsh9-184,https://images.pokemontcg.io/swsh9/184_hires.png,2026/08/08,2025/11/18,17.5,13.989999771118164,18.479999542236328,2000.0,,,,,,12.9077,4.614,10.9006,0.0,10.26609992980957,9.2857,13.5998,0.0,0.0,0.0,1.1535,2026-08-09
swsh9-185,Magma Basin,holofoil,Brilliant Stars,185,Rare Secret,ORBITALLINK Inc.,Stadium,,Trainer,2022/02/25,"tcgplayer,cardmarket",https://prices.pokemontcg.io/tcgplayer/swsh9-185,https://images.pokemontcg.io/swsh9/185_hires.png,2026/08/08,2025/11/18,2.81,1.75,2.9700000286102295,23.489999771118164,,,,,,4.5102,2.7569,4.5563,0.0,4.464000225067139,5.0062,4.441,0.0,0.0,0.0,1.1535,2026-08-09
swsh9-186,Ultra Ball,holofoil,Brilliant Stars,186,Rare Secret,sadaji,Item,,Trainer,2022/02/25,"tcgplayer,cardmarket",https://prices.pokemontcg.io/tcgplayer/swsh9-186,https://images.pokemontcg.io/swsh9/186_hires.png,2026/08/08,2025/11/18,16.13,13.489999771118164,18.549999237060547,159.1199951171875,,,,,,19.8748,12.6885,19.2058,0.0,20.16320037841797,20.1863,20.1286,0.0,0.0,0.0,1.1535,2026-08-09
swsh9tg-TG01,Flareon,holofoil,Brilliant Stars Trainer Gallery,TG01,Trainer Gallery Rare Holo,You Iribi,Stage 1,136,Pokémon,2022/02/25,"tcgplayer,cardmarket",https://prices.pokemontcg.io/tcgplayer/swsh9tg-TG01,https://images.pokemontcg.io/swsh9tg/TG01_hires.png,2026/08/08,2026/07/01,25.59,18.489999771118164,26.360000610351562,999.989990234375,,,,,,22.3318,4.2564,23.2892,0.0,23.254600524902344,21.6512,21.7896,0.0,0.0,0.0,1.1535,2026-08-09
swsh9tg-TG02,Vaporeon,holofoil,Brilliant Stars Trainer Gallery,TG02,Trainer Gallery Rare Holo,Jiro Sasumo,Stage 1,134,Pokémon,2022/02/25,"tcgplayer,cardmarket",https://prices.pokemontcg.io/tcgplayer/swsh9tg-TG02,https://images.pokemontcg.io/swsh9tg/TG02_hires.png,2026/08/08,2026/07/01,22.68,20.75,27.760000228881836,5000.0,,,,,,25.3309,10.9582,26.2191,0.0,26.668899536132812,25.1694,25.1348,0.0,0.0,0.0,1.1535,2026-08-09
swsh9tg-TG03,Octillery,holofoil,Brilliant Stars Trainer Gallery,TG03,Trainer Gallery Rare Holo,Shinya Komatsu,Stage 1|Rapid Strike,224,Pokémon,2022/02/25,"tcgplayer,cardmarket",https://prices.pokemontcg.io/tcgplayer/swsh9tg-TG03,https://images.pokemontcg.io/swsh9tg/TG03_hires.png,2026/08/08,2026/07/01,3.63,1.5,4.070000171661377,999.989990234375,,,,,,2.8722,0.5652,2.8145,0.0,4.037300109863281,2.7223,2.8491,0.0,0.0,0.0,1.1535,2026-08-09
swsh9tg-TG04,Jolteon,holofoil,Brilliant Stars Trainer Gallery,TG04,Trainer Gallery Rare Holo,DOM,Stage 1,135,Pokémon,2022/02/25,"tcgplayer,cardmarket",https://prices.pokemontcg.io/tcgplayer/swsh9tg-TG04,https://images.pokemontcg.io/swsh9tg/TG04_hires.png,2026/08/08,2026/07/01,21.32,16.989999771118164,22.25,999.989990234375,,,,,,18.6867,4.0373,17.1179,0.0,19.19420051574707,18.133,18.6636,0.0,0.0,0.0,1.1535,2026-08-09
swsh9tg-TG05,Zekrom,holofoil,Brilliant Stars Trainer Gallery,TG05,Trainer Gallery Rare Holo,AKIRA EGAWA,Basic,644,Pokémon,2022/02/25,"tcgplayer,cardmarket",https://prices.pokemontcg.io/tcgplayer/swsh9tg-TG05,https://images.pokemontcg.io/swsh9tg/TG05_hires.png,2026/08/08,2026/07/01,16.05,13.029999732971191,17.420000076293945,122.4000015258789,,,,,,16.3682,6.9095,17.3717,0.0,17.521699905395508,16.3682,16.2759,0.0,0.0,0.0,1.1535,2026-08-09
swsh9tg-TG06,Dusknoir,holofoil,Brilliant Stars Trainer Gallery,TG06,Trainer Gallery Rare Holo,Megumi Higuchi,Stage 2,477,Pokémon,2022/02/25,"tcgplayer,cardmarket",https://prices.pokemontcg.io/tcgplayer/swsh9tg-TG06,https://images.pokemontcg.io/swsh9tg/TG06_hires.png,2026/08/08,2026/07/01,3.05,1.690000057220459,3.2799999713897705,999.989990234375,,,,,,2.7223,1.1304,2.1801,0.0,3.4605000019073486,2.653,2.8722,0.0,0.0,0.0,1.1535,2026-08-09
swsh9tg-TG07,Dedenne,holofoil,Brilliant Stars Trainer Gallery,TG07,Trainer Gallery Rare Holo,kurumitsu,Basic,702,Pokémon,2022/02/25,"tcgplayer,cardmarket",https://prices.pokemontcg.io/tcgplayer/swsh9tg-TG07,https://images.pokemontcg.io/swsh9tg/TG07_hires.png,2026/08/08,2026/07/01,8.37,6.639999866485596,9.25,999.989990234375,,,,,,4.5909,1.0381,4.3718,0.0,5.075399875640869,4.4986,4.4871,0.0,0.0,0.0,1.1535,2026-08-09
swsh9tg-TG08,Alcremie,holofoil,Brilliant Stars Trainer Gallery,TG08,Trainer Gallery Rare Holo,OKACHEKE,Stage 1,869,Pokémon,2022/02/25,"tcgplayer,cardmarket",https://prices.pokemontcg.io/tcgplayer/swsh9tg-TG08,https://images.pokemontcg.io/swsh9tg/TG08_hires.png,2026/08/08,2026/07/01,3.76,2.309999942779541,4.190000057220459,999.989990234375,,,,,,2.8722,0.5767,2.7799,0.0,2.134000062942505,2.5954,2.8491,0.0,0.0,0.0,1.1535,2026-08-09
swsh9tg-TG09,Ariados,holofoil,Brilliant Stars Trainer Gallery,TG09,Trainer Gallery Rare Holo,Shiburingaru,Stage 1,168,Pokémon,2022/02/25,"tcgplayer,cardmarket",https://prices.pokemontcg.io/tcgplayer/swsh9tg-TG09,https://images.pokemontcg.io/swsh9tg/TG09_hires.png,2026/08/08,2026/07/01,2.7,1.399999976158142,2.990000009536743,999.989990234375,,,,,,2.5031,1.0266,2.4454,0.0,2.5492000579833984,2.5031,2.48,0.0,0.0,0.0,1.1535,2026-08-09
swsh9tg-TG10,Houndoom,holofoil,Brilliant Stars Trainer Gallery,TG10,Trainer Gallery Rare Holo,NC Empire,Stage 1|Single Strike,229,Pokémon,2022/02/25,"tcgplayer,cardmarket",https://prices.pokemontcg.io/tcgplayer/swsh9tg-TG10,https://images.pokemontcg.io/swsh9tg/TG10_hires.png,2026/08/08,2026/07/01,3.89,2.6700000762939453,4.170000076293945,999.989990234375,,,,,,3.5297,0.9228,4.5448,0.0,3.1491000652313232,5.2369,3.5412,0.0,0.0,0.0,1.1535,2026-08-09
swsh9tg-TG11,Eevee,holofoil,Brilliant Stars Trainer Gallery,TG11,Trainer Gallery Rare Holo,Souichirou Gunjima,Basic,133,Pokémon,2022/02/25,"tcgplayer,cardmarket",https://prices.pokemontcg.io/tcgplayer/swsh9tg-TG11,https://images.pokemontcg.io/swsh9tg/TG11_hires.png,2026/08/08,2026/07/01,21.64,15.989999771118164,23.020000457763672,1027.8399658203125,,,,,,18.3407,5.7675,19.7825,0.0,17.798500061035156,19.3788,18.2368,0.0,0.0,0.0,1.1535,2026-08-09
swsh9tg-TG12,Oranguru,holofoil,Brilliant Stars Trainer Gallery,TG12,Trainer Gallery Rare Holo,Akira Komayama,Basic,765,Pokémon,2022/02/25,"tcgplayer,cardmarket",https://prices.pokemontcg.io/tcgplayer/swsh9tg-TG12,https://images.pokemontcg.io/swsh9tg/TG12_hires.png,2026/08/08,2026/07/01,2.93,1.5199999809265137,3.2699999809265137,999.989990234375,,,,,,2.3877,0.5767,2.6184,0.0,2.8606998920440674,2.3762,2.3416,0.0,0.0,0.0,1.1535,2026-08-09
swsh9tg-TG13,Boltund V,holofoil,Brilliant Stars Trainer Gallery,TG13,Rare Holo V,GIDORA,Basic|V,836,Pokémon,2022/02/25,"tcgplayer,cardmarket",https://prices.pokemontcg.io/tcgplayer/swsh9tg-TG13,https://images.pokemontcg.io/swsh9tg/TG13_hires.png,2026/08/08,2026/07/01,15.75,12.59000015258789,15.25,104.36000061035156,,,,,,12.3424,4.8216,13.3691,0.0,10.912099838256836,10.8083,11.8118,0.0,0.0,0.0,1.1535,2026-08-09
swsh9tg-TG14,Sylveon V,holofoil,Brilliant Stars Trainer Gallery,TG14,Rare Holo V,Megumi Mizutani,Basic|V|Rapid Strike,700,Pokémon,2022/02/25,"tcgplayer,cardmarket",https://prices.pokemontcg.io/tcgplayer/swsh9tg-TG14,https://images.pokemontcg.io/swsh9tg/TG14_hires.png,2026/08/08,2026/07/01,80.94,64.43000030517578,86.30999755859375,999.989990234375,,,,,,55.1027,17.2448,50.3849,0.0,28.837499618530273,45.8055,52.7957,0.0,0.0,0.0,1.1535,2026-08-09
swsh9tg-TG15,Sylveon VMAX,holofoil,Brilliant Stars Trainer Gallery,TG15,Rare Holo VMAX,sui,VMAX|Rapid Strike,700,Pokémon,2022/02/25,"tcgplayer,cardmarket",https://prices.pokemontcg.io/tcgplayer/swsh9tg-TG15,https://images.pokemontcg.io/swsh9tg/TG15_hires.png,2026/08/08,2026/07/01,78.8,70.48999786376953,81.4800033569336,749.989990234375,,,,,,58.8631,20.763,47.3166,0.0,86.31639862060547,53.9261,57.2136,0.0,0.0,0.0,1.1535,2026-08-09
swsh9tg-TG16,Mimikyu V,holofoil,Brilliant Stars Trainer Gallery,TG16,Rare Holo V,saino misaki,Basic|V,778,Pokémon,2022/02/25,"tcgplayer,cardmarket",https://prices.pokemontcg.io/tcgplayer/swsh9tg-TG16,https://images.pokemontcg.io/swsh9tg/TG16_hires.png,2026/08/08,2026/07/01,84.58,80.0,92.22000122070312,761.219970703125,,,,,,70.0751,23.07,60.5934,0.0,68.91010284423828,72.163,69.8098,0.0,0.0,0.0,1.1535,2026-08-09
swsh9tg-TG17,Mimikyu VMAX,holofoil,Brilliant Stars Trainer Gallery,TG17,Rare Holo VMAX,Naoki Saito,VMAX,778,Pokémon,2022/02/25,"tcgplayer,cardmarket",https://prices.pokemontcg.io/tcgplayer/swsh9tg-TG17,https://images.pokemontcg.io/swsh9tg/TG17_hires.png,2026/08/08,2026/07/01,75.09,68.98999786376953,80.36000061035156,276.42999267578125,,,,,,42.5641,14.9955,43.983,0.0,46.91279983520508,44.4213,44.6751,0.0,0.0,0.0,1.1535,2026-08-09
swsh9tg-TG18,Single Strike Urshifu V,holofoil,Brilliant Stars Trainer Gallery,TG18,Rare Holo V,Yuu Nishida,Basic|V|Single Strike,892,Pokémon,2022/02/25,"tcgplayer,cardmarket",https://prices.pokemontcg.io/tcgplayer/swsh9tg-TG18,https://images.pokemontcg.io/swsh9tg/TG18_hires.png,2026/08/08,2026/07/01,6.16,4.25,6.170000076293945,20.0,,,,,,5.5022,2.2955,4.96,0.0,6.9095001220703125,5.5599,5.9636,0.0,0.0,0.0,1.1535,2026-08-09
swsh9tg-TG19,Single Strike Urshifu VMAX,holofoil,Brilliant Stars Trainer Gallery,TG19,Rare Holo VMAX,kodama,VMAX|Single Strike,892,Pokémon,2022/02/25,"tcgplayer,cardmarket",https://prices.pokemontcg.io/tcgplayer/swsh9tg-TG19,https://images.pokemontcg.io/swsh9tg/TG19_hires.png,2026/08/08,2026/06/28,10.35,6.989999771118164,10.619999885559082,167.60000610351562,,,,,,8.7781,4.614,9.0896,0.0,7.324699878692627,9.055,9.055,0.0,0.0,0.0,1.1535,2026-08-09
swsh9tg-TG20,Rapid Strike Urshifu V,holofoil,Brilliant Stars Trainer Gallery,TG20,Rare Holo V,takuyoa,Basic|V|Rapid Strike,892,Pokémon,2022/02/25,"tcgplayer,cardmarket",https://prices.pokemontcg.io/tcgplayer/swsh9tg-TG20,https://images.pokemontcg.io/swsh9tg/TG20_hires.png,2026/08/08,2026/06/27,5.96,4.099999904632568,6.0,42.7400016784668,,,,,,5.8482,2.8838,6.2404,0.0,4.994699954986572,5.3292,5.8252,0.0,0.0,0.0,1.1535,2026-08-09
swsh9tg-TG21,Rapid Strike Urshifu VMAX,holofoil,Brilliant Stars Trainer Gallery,TG21,Rare Holo VMAX,Scav,VMAX|Rapid Strike,892,Pokémon,2022/02/25,"tcgplayer,cardmarket",https://prices.pokemontcg.io/tcgplayer/swsh9tg-TG21,https://images.pokemontcg.io/swsh9tg/TG21_hires.png,2026/08/08,2026/06/27,11.75,8.670000076293945,12.020000457763672,30.0,,,,,,12.2156,6.3442,12.677,0.0,12.077099800109863,12.6078,12.3771,0.0,0.0,0.0,1.1535,2026-08-09
swsh9tg-TG22,Umbreon V,holofoil,Brilliant Stars Trainer Gallery,TG22,Rare Holo V,Ligton,Basic|V|Single Strike,197,Pokémon,2022/02/25,"tcgplayer,cardmarket",https://prices.pokemontcg.io/tcgplayer/swsh9tg-TG22,https://images.pokemontcg.io/swsh9tg/TG22_hires.png,2026/08/08,2026/06/27,74.51,66.56999969482422,80.47000122070312,174.8800048828125,,,,,,85.7858,17.3025,91.0804,0.0,99.57009887695312,91.8301,90.5267,0.0,0.0,0.0,1.1535,2026-08-09
swsh9tg-TG23,Umbreon VMAX,holofoil,Brilliant Stars Trainer Gallery,TG23,Rare Holo VMAX,kawayoo,VMAX|Single Strike,197,Pokémon,2022/02/25,"tcgplayer,cardmarket",https://prices.pokemontcg.io/tcgplayer/swsh9tg-TG23,https://images.pokemontcg.io/swsh9tg/TG23_hires.png,2026/08/08,2026/06/27,119.76,87.37000274658203,124.98999786376953,999.0,,,,,,100.2738,23.07,106.4565,0.0,70.90560150146484,90.5151,98.4397,0.0,0.0,0.0,1.1535,2026-08-09
swsh9tg-TG24,Acerola's Premonition,holofoil,Brilliant Stars Trainer Gallery,TG24,Rare Ultra,yuu,Supporter,,Trainer,2022/02/25,"tcgplayer,cardmarket",https://prices.pokemontcg.io/tcgplayer/swsh9tg-TG24,https://images.pokemontcg.io/swsh9tg/TG24_hires.png,2026/08/08,2026/06/27,7.77,6.0,8.260000228881836,79.9800033569336,,,,,,7.071,1.1535,6.1366,0.0,6.921000003814697,6.5173,6.8518,0.0,0.0,0.0,1.1535,2026-08-09
swsh9tg-TG25,Café Master,holofoil,Brilliant Stars Trainer Gallery,TG25,Rare Ultra,Sanosuke Sakuma,Supporter,,Trainer,2022/02/25,"tcgplayer,cardmarket",https://prices.pokemontcg.io/tcgplayer/swsh9tg-TG25,https://images.pokemontcg.io/swsh9tg/TG25_hires.png,2026/08/08,2026/06/27,1.88,1.0,2.1600000858306885,14.399999618530273,,,,,,2.5031,0.5191,3.0106,0.0,2.4570000171661377,2.4108,2.5146,0.0,0.0,0.0,1.1535,2026-08-09
swsh9tg-TG26,Gloria,holofoil,Brilliant Stars Trainer Gallery,TG26,Rare Ultra,Naoki Saito,Supporter,,Trainer,2022/02/25,"tcgplayer,cardmarket",https://prices.pokemontcg.io/tcgplayer/swsh9tg-TG26,https://images.pokemontcg.io/swsh9tg/TG26_hires.png,2026/08/08,2026/06/27,6.05,4.199999809265137,6.5,59.95000076293945,,,,,,4.8562,2.0763,5.0177,0.0,4.983099937438965,4.9716,4.8678,0.0,0.0,0.0,1.1535,2026-08-09
swsh9tg-TG27,Rapid Strike Style Mustard,holofoil,Brilliant Stars Trainer Gallery,TG27,Rare Ultra,KIYOTAKA OSHIYAMA,Rapid Strike|Supporter,,Trainer,2022/02/25,"tcgplayer,cardmarket",https://prices.pokemontcg.io/tcgplayer/swsh9tg-TG27,https://images.pokemontcg.io/swsh9tg/TG27_hires.png,2026/08/08,2026/06/27,1.85,1.0,2.0,45.0,,,,,,2.134,0.8651,2.2378,0.0,1.2111999988555908,2.5954,2.1801,0.0,0.0,0.0,1.1535,2026-08-09
swsh9tg-TG28,Single Strike Style Mustard,holofoil,Brilliant Stars Trainer Gallery,TG28,Rare Ultra,Souichirou Gunjima,Single Strike|Supporter,,Trainer,2022/02/25,"tcgplayer,cardmarket",https://prices.pokemontcg.io/tcgplayer/swsh9tg-TG28,https://images.pokemontcg.io/swsh9tg/TG28_hires.png,2026/08/08,2026/06/21,1.6,0.9800000190734863,1.7899999618530273,9.949999809265137,,,,,,2.0648,0.8074,1.7302,0.0,2.8838000297546387,1.7187,2.0302,0.0,0.0,0.0,1.1535,2026-08-09
swsh9tg-TG29,Single Strike Urshifu VMAX,holofoil,Brilliant Stars Trainer Gallery,TG29,Rare Secret,PLANETA Tsuji,VMAX|Single Strike,892,Pokémon,2022/02/25,"tcgplayer,cardmarket",https://prices.pokemontcg.io/tcgplayer/swsh9tg-TG29,https://images.pokemontcg.io/swsh9tg/TG29_hires.png,2026/08/08,2026/06/21,4.87,3.0,5.0,96.94999694824219,,,,,,3.4144,1.1535,3.7489,0.0,3.944999933242798,3.4836,3.3105,0.0,0.0,0.0,1.1535,2026-08-09
swsh9tg-TG30,Rapid Strike Urshifu VMAX,holofoil,Brilliant Stars Trainer Gallery,TG30,Rare Secret,PLANETA Tsuji,VMAX|Rapid Strike,892,Pokémon,2022/02/25,"tcgplayer,cardmarket",https://prices.pokemontcg.io/tcgplayer/swsh9tg-TG30,https://images.pokemontcg.io/swsh9tg/TG30_hires.png,2026/08/08,2026/06/21,4.62,1.9900000095367432,4.989999771118164,999.989990234375,,,,,,3.5182,1.1535,2.7338,0.0,3.8296000957489014,3.1491,3.3913,0.0,0.0,0.0,1.1535,2026-08-09
swshp-SWSH185,Moltres,holofoil,SWSH Black Star Promos,SWSH185,Promo,Shinji Kanda,Basic,146,Pokémon,2019/11/15,"tcgplayer,cardmarket",https://prices.pokemontcg.io/tcgplayer/swshp-SWSH185,https://images.pokemontcg.io/swshp/SWSH185_hires.png,2026/08/08,2025/11/18,17.62,14.989999771118164,18.729999542236328,120.5,,,,,,18.3753,11.535,16.0221,0.0,16.091299057006836,16.3566,17.9946,0.0,0.0,0.0,1.1535,2026-08-09
swshp-SWSH186,Lucario,holofoil,SWSH Black Star Promos,SWSH186,Promo,NC Empire,Stage 1,448,Pokémon,2019/11/15,"tcgplayer,cardmarket",https://prices.pokemontcg.io/tcgplayer/swshp-SWSH186,https://images.pokemontcg.io/swshp/SWSH186_hires.png,2026/08/08,2025/11/18,5.34,3.9800000190734863,6.139999866485596,49.5,,,,,,4.9139,1.7302,6.5057,0.0,3.4489998817443848,3.5874,4.118,0.0,0.0,0.0,1.1535,2026-08-09
swshp-SWSH187,Liepard,holofoil,SWSH Black Star Promos,SWSH187,Promo,saino misaki,Stage 1,510,Pokémon,2019/11/15,"tcgplayer,cardmarket",https://prices.pokemontcg.io/tcgplayer/swshp-SWSH187,https://images.pokemontcg.io/swshp/SWSH187_hires.png,2026/08/08,2025/11/18,1.27,0.49000000953674316,1.4700000286102295,19.979999542236328,,,,,,1.9148,0.7959,1.9956,0.0,0.911300003528595,1.0958,1.6034,0.0,0.0,0.0,1.1535,2026-08-09
swshp-SWSH188,Bibarel,holofoil,SWSH Black Star Promos,SWSH188,Promo,Misa Tsutsui,Stage 1,400,Pokémon,2019/11/15,"tcgplayer,cardmarket",https://prices.pokemontcg.io/tcgplayer/swshp-SWSH188,https://images.pokemontcg.io/swshp/SWSH188_hires.png,2026/08/08,2025/11/18,1.1,0.8399999737739563,1.2599999904632568,15.949999809265137,,,,,,2.5838,1.0381,0.1384,0.0,2.1800999641418457,2.157,3.2067,0.0,0.0,0.0,1.1535,2026-08-09
swshp-SWSH189,Flapple,holofoil,SWSH Black Star Promos,SWSH189,Promo,nagimiso,Stage 1,841,Pokémon,2019/11/15,"tcgplayer,cardmarket",https://prices.pokemontcg.io/tcgplayer/swshp-SWSH189,https://images.pokemontcg.io/swshp/SWSH189_hires.png,2026/08/08,2025/11/18,0.48,0.10000000149011612,0.44999998807907104,5.0,,,,,,0.2307,0.0231,0.2422,0.0,0.5536999702453613,0.2884,0.2422,0.0,0.0,0.0,1.1535,2026-08-09
swshp-SWSH190,Eevee,holofoil,SWSH Black Star Promos,SWSH190,Promo,OKACHEKE,Basic,133,Pokémon,2019/11/15,"tcgplayer,cardmarket",https://prices.pokemontcg.io/tcgplayer/swshp-SWSH190,https://images.pokemontcg.io/swshp/SWSH190_hires.png,2026/08/08,2025/11/18,5.01,1.6799999475479126,5.300000190734863,45.0,,,,,,2.4339,0.6344,2.2839,0.0,2.0762999057769775,1.9379,2.3185,0.0,0.0,0.0,1.1535,2026-08-09
swshp-SWSH191,Leafeon,holofoil,SWSH Black Star Promos,SWSH191,Promo,OKACHEKE,Stage 1,470,Pokémon,2019/11/15,"tcgplayer,cardmarket",https://prices.pokemontcg.io/tcgplayer/swshp-SWSH191,https://images.pokemontcg.io/swshp/SWSH191_hires.png,2026/08/08,2025/11/18,4.14,2.0,4.199999809265137,9999.0,,,,,,1.4765,0.2307,1.9379,0.0,7.440100193023682,1.8687,1.488,0.0,0.0,0.0,1.1535,2026-08-09
swshp-SWSH192,Glaceon,holofoil,SWSH Black Star Promos,SWSH192,Promo,OKACHEKE,Stage 1,471,Pokémon,2019/11/15,"tcgplayer,cardmarket",https://prices.pokemontcg.io/tcgplayer/swshp-SWSH192,https://images.pokemontcg.io/swshp/SWSH192_hires.png,2026/08/08,2025/11/18,4.87,3.3299999237060547,5.119999885559082,12.989999771118164,,,,,,1.5111,0.346,1.9379,0.0,5.998199939727783,1.638,1.5111,0.0,0.0,0.0,1.1535,2026-08-09
swshp-SWSH193,Galarian Obstagoon,normal,SWSH Black Star Promos,SWSH193,Promo,Megumi Higuchi,Stage 2,862,Pokémon,2019/11/15,"tcgplayer,cardmarket",https://prices.pokemontcg.io/tcgplayer/swshp-SWSH193,https://images.pokemontcg.io/swshp/SWSH193_hires.png,2026/08/08,2025/11/18,3.57,2.0,3.7799999713897705,51.849998474121094,,,,,,2.2147,0.2307,1.7995,0.0,0.57669997215271,2.0417,2.134,0.0,0.0,0.0,1.1535,2026-08-09
swshp-SWSH198,Pikachu V,holofoil,SWSH Black Star Promos,SWSH198,Promo,5ban Graphics,Basic|V,25,Pokémon,2019/11/15,"tcgplayer,cardmarket",https://prices.pokemontcg.io/tcgplayer/swshp-SWSH198,https://images.pokemontcg.io/swshp/SWSH198_hires.png,2026/08/08,2025/11/18,3.16,1.6100000143051147,3.25,96.94999694824219,,,,,,1.8802,0.346,1.6149,0.0,1.3035000562667847,1.7879,1.984,0.0,0.0,0.0,1.1535,2026-08-09
swshp-SWSH199,Lycanroc V,holofoil,SWSH Black Star Promos,SWSH199,Promo,PLANETA Mochizuki,Basic|V,745,Pokémon,2019/11/15,"tcgplayer,cardmarket",https://prices.pokemontcg.io/tcgplayer/swshp-SWSH199,https://images.pokemontcg.io/swshp/SWSH199_hires.png,2026/08/08,2025/11/18,0.94,0.5,1.0299999713897705,19.979999542236328,,,,,,2.5262,1.1535,2.2263,0.0,2.306999921798706,2.0763,2.6992,0.0,0.0,0.0,1.1535,2026-08-09
swshp-SWSH200,Corviknight V,holofoil,SWSH Black Star Promos,SWSH200,Promo,PLANETA Mochizuki,Basic|V,823,Pokémon,2019/11/15,"tcgplayer,cardmarket",https://prices.pokemontcg.io/tcgplayer/swshp-SWSH200,https://images.pokemontcg.io/swshp/SWSH200_hires.png,2026/08/08,2025/11/18,1.17,0.6499999761581421,1.2300000190734863,19.979999542236328,,,,,,2.1801,0.4614,1.9956,0.0,2.8838000297546387,1.7072,2.2147,0.0,0.0,0.0,1.1535,2026-08-09
swshp-SWSH201,Espeon V,holofoil,SWSH Black Star Promos,SWSH201,Promo,5ban Graphics,Basic|V,196,Pokémon,2019/11/15,"tcgplayer,cardmarket",https://prices.pokemontcg.io/tcgplayer/swshp-SWSH201,https://images.pokemontcg.io/swshp/SWSH201_hires.png,2026/08/08,2025/11/18,3.03,1.7000000476837158,3.440000057220459,26.579999923706055,,,,,,2.3877,0.8651,2.5954,0.0,2.341599941253662,2.7107,2.3531,0.0,0.0,0.0,1.1535,2026-08-09
swshp-SWSH202,Sylveon V,holofoil,SWSH Black Star Promos,SWSH202,Promo,aky CG Works,Basic|V|Rapid Strike,700,Pokémon,2019/11/15,"tcgplayer,cardmarket",https://prices.pokemontcg.io/tcgplayer/swshp-SWSH202,https://images.pokemontcg.io/swshp/SWSH202_hires.png,2026/08/08,2025/11/18,5.07,2.8399999141693115,5.070000171661377,49.9900016784668,,,,,,2.8145,1.3842,2.9184,0.0,2.8838000297546387,2.6877,2.8953,0.0,0.0,0.0,1.1535,2026-08-09
swshp-SWSH203,Umbreon V,holofoil,SWSH Black Star Promos,SWSH203,Promo,5ban Graphics,Basic|V|Single Strike,197,Pokémon,2019/11/15,"tcgplayer,cardmarket",https://prices.pokemontcg.io/tcgplayer/swshp-SWSH203,https://images.pokemontcg.io/swshp/SWSH203_hires.png,2026/08/08,2025/11/18,6.04,4.079999923706055,7.090000152587891,49.9900016784668,,,,,,8.4898,3.4605,23.9813,0.0,5.156099796295166,15.8952,8.1552,0.0,0.0,0.0,1.1535,2026-08-09
swshp-SWSH204,Arceus V,holofoil,SWSH Black Star Promos,SWSH204,Promo,Atsushi Furusawa,Basic|V,493,Pokémon,2019/11/15,"tcgplayer,cardmarket",https://prices.pokemontcg.io/tcgplayer/swshp-SWSH204,https://images.pokemontcg.io/swshp/SWSH204_hires.png,2026/08/08,2025/11/18,27.71,25.0,30.989999771118164,206.55999755859375,,,,,,14.6264,5.7675,14.5687,0.0,14.984000205993652,14.2342,14.7302,0.0,0.0,0.0,1.1535,2026-08-09
swshp-SWSH213,Lucario V,holofoil,SWSH Black Star Promos,SWSH213,Promo,takuyoa,Basic|V,448,Pokémon,2019/11/15,"tcgplayer,cardmarket",https://prices.pokemontcg.io/tcgplayer/swshp-SWSH213,https://images.pokemontcg.io/swshp/SWSH213_hires.png,2026/08/08,2025/11/18,2.91,2.25,3.3499999046325684,9999.0,,,,,,3.3221,0.8651,3.5412,0.0,2.4223999977111816,4.614,3.2759,0.0,0.0,0.0,1.1535,2026-08-09
swshp-SWSH214,Lucario VSTAR,holofoil,SWSH Black Star Promos,SWSH214,Promo,aky CG Works,VSTAR,448,Pokémon,2019/11/15,"tcgplayer,cardmarket",https://prices.pokemontcg.io/tcgplayer/swshp-SWSH214,https://images.pokemontcg.io/swshp/SWSH214_hires.png,2026/08/08,2025/11/18,3.0,1.7999999523162842,3.119999885559082,99.98999786376953,,,,,,2.6415,1.1535,2.9645,0.0,2.8722000122070312,2.3993,2.7684,0.0,0.0,0.0,1.1535,2026-08-09
swshp-SWSH215,Morpeko V-UNION,holofoil,SWSH Black Star Promos,SWSH215,Promo,Mitsuhiro Arita,V-UNION,877,Pokémon,2019/11/15,"tcgplayer,cardmarket",https://prices.pokemontcg.io/tcgplayer/swshp-SWSH215,https://images.pokemontcg.io/swshp/SWSH215_hires.png,2026/08/08,2025/11/18,1.34,0.6600000262260437,1.409999966621399,19.979999542236328,,,,,,0.9805,0.4499,0.992,0.0,1.153499960899353,0.9459,1.0266,0.0,0.0,0.0,1.1535,2026-08-09
swshp-SWSH216,Morpeko V-UNION,holofoil,SWSH Black Star Promos,SWSH216,Promo,Mitsuhiro Arita,V-UNION,877,Pokémon,2019/11/15,"tcgplayer,cardmarket",https://prices.pokemontcg.io/tcgplayer/swshp-SWSH216,https://images.pokemontcg.io/swshp/SWSH216_hires.png,2026/08/08,2025/11/18,1.0,0.6499999761581421,1.1299999952316284,19.979999542236328,,,,,,0.9805,0.1154,0.9459,0.0,1.153499960899353,0.7844,1.0151,0.0,0.0,0.0,1.1535,2026-08-09
swshp-SWSH217,Morpeko V-UNION,holofoil,SWSH Black Star Promos,SWSH217,Promo,Mitsuhiro Arita,V-UNION,877,Pokémon,2019/11/15,"tcgplayer,cardmarket",https://prices.pokemontcg.io/tcgplayer/swshp-SWSH217,https://images.pokemontcg.io/swshp/SWSH217_hires.png,2026/08/08,2025/11/18,1.24,1.0,1.2999999523162842,4.0,,,,,,0.9689,0.2307,0.9459,0.0,1.153499960899353,0.819,0.9805,0.0,0.0,0.0,1.1535,2026-08-09
swshp-SWSH218,Morpeko V-UNION,holofoil,SWSH Black Star Promos,SWSH218,Promo,Mitsuhiro Arita,V-UNION,877,Pokémon,2019/11/15,"tcgplayer,cardmarket",https://prices.pokemontcg.io/tcgplayer/swshp-SWSH218,https://images.pokemontcg.io/swshp/SWSH218_hires.png,2026/08/08,2025/11/18,1.39,0.7699999809265137,1.440000057220459,19.979999542236328,,,,,,1.0151,0.2307,0.9805,0.0,1.153499960899353,0.8305,1.0266,0.0,0.0,0.0,1.1535,2026-08-09
swshp-SWSH219,Boltund V,holofoil,SWSH Black Star Promos,SWSH219,Promo,Ayaka Yoshida,Basic|V,836,Pokémon,2019/11/15,"tcgplayer,cardmarket",https://prices.pokemontcg.io/tcgplayer/swshp-SWSH219,https://images.pokemontcg.io/swshp/SWSH219_hires.png,2026/08/08,2025/11/18,0.79,0.49000000953674316,0.9900000095367432,14.989999771118164,,,,,,0.5537,0.0577,0.6229,0.0,0.3230000138282776,0.5537,0.5537,0.0,0.0,0.0,1.1535,2026-08-09
swshp-SWSH220,Rowlet,holofoil,SWSH Black Star Promos,SWSH220,Promo,sowsow,Basic,722,Pokémon,2019/11/15,"tcgplayer,cardmarket",https://prices.pokemontcg.io/tcgplayer/swshp-SWSH220,https://images.pokemontcg.io/swshp/SWSH220_hires.png,2026/08/08,2025/11/18,0.44,0.10000000149011612,0.49000000953674316,9999.0,,,,,,0.6344,0.0231,0.819,0.0,0.5536999702453613,0.7036,0.6114,0.0,0.0,0.0,1.1535,2026-08-09
swshp-SWSH221,Cyndaquil,holofoil,SWSH Black Star Promos,SWSH221,Promo,Teeziro,Basic,155,Pokémon,2019/11/15,"tcgplayer,cardmarket",https://prices.pokemontcg.io/tcgplayer/swshp-SWSH221,https://images.pokemontcg.io/swshp/SWSH221_hires.png,2026/08/08,2025/11/18,2.42,1.0299999713897705,2.4000000953674316,19.989999771118164,,,,,,0.819,0.0577,0.8767,0.0,0.57669997215271,0.7728,0.7959,0.0,0.0,0.0,1.1535,2026-08-09
swshp-SWSH222,Oshawott,holofoil,SWSH Black Star Promos,SWSH222,Promo,kurumitsu,Basic,501,Pokémon,2019/11/15,"tcgplayer,cardmarket",https://prices.pokemontcg.io/tcgplayer/swshp-SWSH222,https://images.pokemontcg.io/swshp/SWSH222_hires.png,2026/08/08,2025/11/18,0.57,0.10000000149011612,0.5699999928474426,19.979999542236328,,,,,,0.7152,0.0231,0.5652,0.0,0.3230000138282776,0.4845,0.7267,0.0,0.0,0.0,1.1535,2026-08-09
swsh10-1,Beedrill V,holofoil,Astral Radiance,1,Rare Holo V,Ayaka Yoshida,Basic|V,15,Pokémon,2022/05/27,"tcgplayer,cardmarket",https://prices.pokemontcg.io/tcgplayer/swsh10-1,https://images.pokemontcg.io/swsh10/1_hires.png,2026/08/08,2026/07/01,1.04,0.5,1.2300000190734863,17.979999542236328,,,,,,1.2804,0.1154,1.2342,0.0,1.3495999574661255,1.2227,1.2112,0.0,0.0,0.0,1.1535,2026-08-09
swsh10-2,Hisuian Voltorb,normal,Astral Radiance,2,Common,nagimiso,Basic,100,Pokémon,2022/05/27,"tcgplayer,cardmarket",https://prices.pokemontcg.io/tcgplayer/swsh10-2,https://images.pokemontcg.io/swsh10/2_hires.png,2026/08/08,2026/07/01,0.15,0.009999999776482582,0.15000000596046448,20.0,,0.29,,,,0.8767,0.0231,1.5457,0.0,0.023099999874830246,1.3957,0.5306,0.0,0.0,0.0,1.1535,2026-08-09
swsh10-3,Hisuian Electrode,normal,Astral Radiance,3,Uncommon,Akira Komayama,Stage 1,101,Pokémon,2022/05/27,"tcgplayer,cardmarket",https://prices.pokemontcg.io/tcgplayer/swsh10-3,https://images.pokemontcg.io/swsh10/3_hires.png,2026/08/08,2026/07/01,0.2,0.009999999776482582,0.20000000298023224,20.0,,0.24,,,,0.0346,0.0231,0.0461,0.2307,0.03460000082850456,0.0461,0.0461,0.1384,0.2422,0.2192,1.1535,2026-08-09
swsh10-4,Scyther,normal,Astral Radiance,4,Common,GIDORA,Basic,123,Pokémon,2022/05/27,"tcgplayer,cardmarket",https://prices.pokemontcg.io/tcgplayer/swsh10-4,https://images.pokemontcg.io/swsh10/4_hires.png,2026/08/08,2026/07/01,0.18,0.009999999776482582,0.20000000298023224,18.920000076293945,,0.41,,,,0.0346,0.0231,0.0346,0.496,0.05770000070333481,0.0461,0.0577,0.2884,0.4037,0.346,1.1535,2026-08-09
swsh10-5,Scyther,normal,Astral Radiance,5,Common,Uta,Basic,123,Pokémon,2022/05/27,"tcgplayer,cardmarket",https://prices.pokemontcg.io/tcgplayer/swsh10-5,https://images.pokemontcg.io/swsh10/5_hires.png,2026/08/08,2026/06/30,0.06,0.009999999776482582,0.15000000596046448,20.0,,0.27,,,,0.0346,0.0231,0.0577,0.2768,0.03460000082850456,0.0461,0.0461,0.15,0.3114,0.2884,1.1535,2026-08-09
swsh10-6,Yanma,normal,Astral Radiance,6,Common,OKACHEKE,Basic,193,Pokémon,2022/05/27,"tcgplayer,cardmarket",https://prices.pokemontcg.io/tcgplayer/swsh10-6,https://images.pokemontcg.io/swsh10/6_hires.png,2026/08/08,2026/06/30,0.03,0.009999999776482582,0.15000000596046448,19.979999542236328,,0.2,,,,0.0231,0.0231,0.0346,0.1961,0.03460000082850456,0.0346,0.0346,0.173,0.1961,0.173,1.1535,2026-08-09
swsh10-7,Yanmega,normal,Astral Radiance,7,Uncommon,Masakazu Fukuda,Stage 1,469,Pokémon,2022/05/27,"tcgplayer,cardmarket",https://prices.pokemontcg.io/tcgplayer/swsh10-7,https://images.pokemontcg.io/swsh10/7_hires.png,2026/08/08,2026/06/30,0.08,0.009999999776482582,0.15000000596046448,20.0,,0.23,,,,0.0346,0.0231,0.0577,0.1846,0.03460000082850456,0.0577,0.0346,0.2192,0.1961,0.1615,1.1535,2026-08-09
swsh10-8,Heracross,normal,Astral Radiance,8,Common,aoki,Basic,214,Pokémon,2022/05/27,"tcgplayer,cardmarket",https://prices.pokemontcg.io/tcgplayer/swsh10-8,https://images.pokemontcg.io/swsh10/8_hires.png,2026/08/08,2026/06/30,0.04,0.009999999776482582,0.15000000596046448,19.420000076293945,,0.26,,,,0.0346,0.0231,0.0346,0.173,0.04610000178217888,0.0461,0.0346,0.2884,0.2076,0.1846,1.1535,2026-08-09
swsh10-9,Kricketot,normal,Astral Radiance,9,Common,Masakazu Fukuda,Basic,401,Pokémon,2022/05/27,"tcgplayer,cardmarket",https://prices.pokemontcg.io/tcgplayer/swsh10-9,https://images.pokemontcg.io/swsh10/9_hires.png,2026/08/08,2026/06/27,0.08,0.009999999776482582,0.15000000596046448,19.979999542236328,,0.25,,,,0.0346,0.0231,0.0231,0.2192,0.04610000178217888,0.0231,0.0346,0.1038,0.2192,0.2076,1.1535,2026-08-09
swsh10-10,Kricketune,normal,Astral Radiance,10,Uncommon,Mitsuhiro Arita,Stage 1,402,Pokémon,2022/05/27,"tcgplayer,cardmarket",https://prices.pokemontcg.io/tcgplayer/swsh10-10,https://images.pokemontcg.io/swsh10/10_hires.png,2026/08/08,2026/06/27,0.16,0.009999999776482582,0.17000000178813934,1000.0,,0.26,,,,0.0346,0.0231,0.0461,0.2192,0.03460000082850456,0.0577,0.0461,0.1038,0.2422,0.1961,1.1535,2026-08-09
swsh10-11,Combee,normal,Astral Radiance,11,Common,sowsow,Basic,415,Pokémon,2022/05/27,"tcgplayer,cardmarket",https://prices.pokemontcg.io/tcgplayer/swsh10-11,https://images.pokemontcg.io/swsh10/11_hires.png,2026/08/08,2026/06/26,0.16,0.009999999776482582,0.18000000715255737,17.420000076293945,,0.26,,,,0.0346,0.0231,0.0461,0.2192,0.023099999874830246,0.0346,0.0346,0.3345,0.2192,0.2192,1.1535,2026-08-09
swsh10-12,Vespiquen,normal,Astral Radiance,12,Rare,Yuya Oka,Stage 1,416,Pokémon,2022/05/27,"tcgplayer,cardmarket",https://prices.pokemontcg.io/tcgplayer/swsh10-12,https://images.pokemontcg.io/swsh10/12_hires.png,2026/08/08,2026/06/25,0.14,0.029999999329447746,0.1899999976158142,19.979999542236328,,0.19,,,,0.0692,0.0231,0.0923,0.2076,0.23070000112056732,0.0923,0.0692,0.2884,0.2307,0.1961,1.1535,2026-08-09
swsh10-13,Leafeon,normal,Astral Radiance,13,Rare,Atsushi Furusawa,Stage 1,470,Pokémon,2022/05/27,"tcgplayer,cardmarket",https://prices.pokemontcg.io/tcgplayer/swsh10-13,https://images.pokemontcg.io/swsh10/13_hires.png,2026/08/08,2026/06/18,0.38,0.15000000596046448,0.3499999940395355,19.860000610351562,,0.52,,,,0.1961,0.0231,0.3114,0.6921,0.1615000069141388,0.2192,0.1846,0.6806,0.5191,0.5652,1.1535,2026-08-09
swsh10-14,Shaymin,normal,Astral Radiance,14,Rare,Kouki Saitou,Basic,492,Pokémon,2022/05/27,"tcgplayer,cardmarket",https://prices.pokemontcg.io/tcgplayer/swsh10-14,https://images.pokemontcg.io/swsh10/14_hires.png,2026/08/08,2026/06/18,0.23,0.009999999776482582,0.25,20.0,,0.32,,,,0.1154,0.0231,0.173,0.3345,0.05770000070333481,0.1038,0.1154,0.2422,0.323,0.2884,1.1535,2026-08-09
swsh10-15,Petilil,normal,Astral Radiance,15,Common,Yukiko Baba,Basic,548,Pokémon,2022/05/27,"tcgplayer,cardmarket",https://prices.pokemontcg.io/tcgplayer/swsh10-15,https://images.pokemontcg.io/swsh10/15_hires.png,2026/08/08,2026/06/08,0.13,0.009999999776482582,0.15000000596046448,19.020000457763672,,0.18,,,,0.0346,0.0231,0.0346,0.1384,0.023099999874830246,0.0346,0.0346,0.1038,0.173,0.1269,1.1535,2026-08-09
swsh10-16,Hisuian Lilligant,holofoil,Astral Radiance,16,Rare Holo,Mizue,Stage 1,549,Pokémon,2022/05/27,"tcgplayer,cardmarket",https://prices.pokemontcg.io/tcgplayer/swsh10-16,https://images.pokemontcg.io/swsh10/16_hires.png,2026/08/08,2026/06/02,0.23,0.019999999552965164,0.25,19.979999542236328,,0.31,,,,0.323,0.0231,0.2768,0.2768,0.18459999561309814,0.2307,0.2999,0.2307,0.3345,0.2999,1.1535,2026-08-09
swsh10-17,Hisuian Lilligant V,holofoil,Astral Radiance,17,Rare Holo V,5ban Graphics,Basic|V,549,Pokémon,2022/05/27,"tcgplayer,cardmarket",https://prices.pokemontcg.io/tcgplayer/swsh10-17,https://images.pokemontcg.io/swsh10/17_hires.png,2026/08/08,2026/06/02,0.84,0.5,0.9900000095367432,6.0,,,,,,0.8882,0.1038,1.2112,0.0,2.0302000045776367,1.488,1.0497,0.0,0.0,0.0,1.1535,2026-08-09
swsh10-18,Hisuian Lilligant VSTAR,holofoil,Astral Radiance,18,Rare Holo VSTAR,5ban Graphics,VSTAR,549,Pokémon,2022/05/27,"tcgplayer,cardmarket",https://prices.pokemontcg.io/tcgplayer/swsh10-18,https://images.pokemontcg.io/swsh10/18_hires.png,2026/08/08,2026/06/02,1.81,1.0,1.8300000429153442,99.0,,,,,,1.5457,0.346,1.2689,0.0,0.9228000044822693,1.3035,1.5342,0.0,0.0,0.0,1.1535,2026-08-09
swsh10-19,Rowlet,normal,Astral Radiance,19,Common,kawayoo,Basic,722,Pokémon,2022/05/27,"tcgplayer,cardmarket",https://prices.pokemontcg.io/tcgplayer/swsh10-19,https://images.pokemontcg.io/swsh10/19_hires.png,2026/08/08,2026/05/19,0.06,0.009999999776482582,0.1599999964237213,19.979999542236328,,0.27,,,,0.0461,0.0231,0.0461,0.2192,0.023099999874830246,0.0346,0.0346,0.1154,0.3345,0.2422,1.1535,2026-08-09
swsh10-20,Dartrix,normal,Astral Radiance,20,Uncommon,0313,Stage 1,723,Pokémon,2022/05/27,"tcgplayer,cardmarket",https://prices.pokemontcg.io/tcgplayer/swsh10-20,https://images.pokemontcg.io/swsh10/20_hires.png,2026/08/08,2026/05/08,0.13,0.009999999776482582,0.15000000596046448,19.979999542236328,,0.22,,,,0.0346,0.0231,0.0461,0.2307,0.11540000140666962,0.0461,0.0346,0.0231,0.0923,0.1961,1.1535,2026-08-09
swsh10-21,Ponyta,normal,Astral Radiance,21,Common,Jiro Sasumo,Basic,77,Pokémon,2022/05/27,"tcgplayer,cardmarket",https://prices.pokemontcg.io/tcgplayer/swsh10-21,https://images.pokemontcg.io/swsh10/21_hires.png,2026/08/08,2026/05/07,0.2,0.009999999776482582,0.20000000298023224,2.990000009536743,,0.28,,,,0.0461,0.0231,0.0461,0.2192,0.10379999876022339,0.0461,0.0461,0.15,0.1961,0.2307,1.1535,2026-08-09
swsh10-22,Rapidash,normal,Astral Radiance,22,Rare,Ligton,Stage 1,78,Pokémon,2022/05/27,"tcgplayer,cardmarket",https://prices.pokemontcg.io/tcgplayer/swsh10-22,https://images.pokemontcg.io/swsh10/22_hires.png,2026/08/08,2026/05/07,0.23,0.009999999776482582,0.2199999988079071,19.979999542236328,,0.26,,,,0.1154,0.0231,0.0807,0.2653,0.023099999874830246,0.0923,0.1154,0.5191,0.2999,0.2768,1.1535,2026-08-09
swsh10-23,Cyndaquil,normal,Astral Radiance,23,Common,sui,Basic,155,Pokémon,2022/05/27,"tcgplayer,cardmarket",https://prices.pokemontcg.io/tcgplayer/swsh10-23,https://images.pokemontcg.io/swsh10/23_hires.png,2026/08/08,2026/05/07,0.19,0.009999999776482582,0.20000000298023224,20.0,,0.28,,,,0.0461,0.0231,0.0692,0.2307,0.12690000236034393,0.0577,0.0461,0.5767,0.2884,0.2422,1.1535,2026-08-09
swsh10-24,Quilava,normal,Astral Radiance,24,Uncommon,Pani Kobayashi,Stage 1,156,Pokémon,2022/05/27,"tcgplayer,cardmarket",https://prices.pokemontcg.io/tcgplayer/swsh10-24,https://images.pokemontcg.io/swsh10/24_hires.png,2026/08/08,2026/05/01,0.19,0.009999999776482582,0.20000000298023224,19.979999542236328,,0.24,,,,0.0692,0.0231,0.0577,0.2538,0.03460000082850456,0.0461,0.0692,0.173,0.2422,0.2422,1.1535,2026-08-09
swsh10-25,Heatran V,holofoil,Astral Radiance,25,Rare Holo V,Mitsuhiro Arita,Basic|V,485,Pokémon,2022/05/27,"tcgplayer,cardmarket",https://prices.pokemontcg.io/tcgplayer/swsh10-25,https://images.pokemontcg.io/swsh10/25_hires.png,2026/08/08,2026/05/01,0.92,0.44999998807907104,1.0,10.359999656677246,,,,,,1.0958,0.2768,0.8997,0.0,1.499500036239624,1.0035,1.0958,0.0,0.0,0.0,1.1535,2026-08-09
swsh10-26,Heatran VMAX,holofoil,Astral Radiance,26,Rare Holo VMAX,N-DESIGN Inc.,VMAX,485,Pokémon,2022/05/27,"tcgplayer,cardmarket",https://prices.pokemontcg.io/tcgplayer/swsh10-26,https://images.pokemontcg.io/swsh10/26_hires.png,2026/08/08,2026/03/12,1.78,0.9800000190734863,1.9900000095367432,19.479999542236328,,,,,,1.9956,0.9689,2.1224,0.0,1.7878999710083008,2.134,2.1686,0.0,0.0,0.0,1.1535,2026-08-09
swsh10-27,Radiant Heatran,holofoil,Astral Radiance,27,Radiant Rare,Shigenori Negishi,Basic|Radiant,485,Pokémon,2022/05/27,"tcgplayer,cardmarket",https://prices.pokemontcg.io/tcgplayer/swsh10-27,https://images.pokemontcg.io/swsh10/27_hires.png,2026/08/08,2026/03/12,0.51,0.09000000357627869,0.7200000286102295,45.0,,,,,,0.5883,0.0577,0.5075,0.0,0.6690000295639038,0.4845,0.5652,0.0,0.0,0.0,1.1535,2026-08-09
swsh10-28,Psyduck,normal,Astral Radiance,28,Common,GOSSAN,Basic,54,Pokémon,2022/05/27,"tcgplayer,cardmarket",https://prices.pokemontcg.io/tcgplayer/swsh10-28,https://images.pokemontcg.io/swsh10/28_hires.png,2026/08/08,2026/03/07,0.22,0.03999999910593033,0.25,19.979999542236328,,0.51,,,,0.0577,0.0231,0.0923,0.2422,0.08070000261068344,0.0577,0.0577,0.496,0.2884,0.2768,1.1535,2026-08-09
swsh10-29,Golduck,normal,Astral Radiance,29,Uncommon,otumami,Stage 1,55,Pokémon,2022/05/27,"tcgplayer,cardmarket",https://prices.pokemontcg.io/tcgplayer/swsh10-29,https://images.pokemontcg.io/swsh10/29_hires.png,2026/08/08,2026/02/28,0.16,0.009999999776482582,0.1599999964237213,19.979999542236328,,0.25,,,,0.0577,0.0231,0.0692,0.2422,0.03460000082850456,0.0577,0.0461,0.2884,0.1846,0.2307,1.1535,2026-08-09
swsh10-30,Starmie V,holofoil,Astral Radiance,30,Rare Holo V,Eske Yoshinob,Basic|V,121,Pokémon,2022/05/27,"tcgplayer,cardmarket",https://prices.pokemontcg.io/tcgplayer/swsh10-30,https://images.pokemontcg.io/swsh10/30_hires.png,2026/08/08,2026/02/28,1.19,0.25,1.159999966621399,99.0,,,,,,1.0612,0.0577,0.7036,0.0,0.8766999840736389,0.9343,0.9805,0.0,0.0,0.0,1.1535,2026-08-09
swsh10-31,Swinub,normal,Astral Radiance,31,Common,Kouki Saitou,Basic,220,Pokémon,2022/05/27,"tcgplayer,cardmarket",https://prices.pokemontcg.io/tcgplayer/swsh10-31,https://images.pokemontcg.io/swsh10/31_hires.png,2026/08/08,2026/02/26,0.1,0.009999999776482582,0.15000000596046448,56.0,,0.25,,,,0.0346,0.0231,0.0461,0.2192,0.15000000596046448,0.0577,0.0461,0.2538,0.2076,0.2076,1.1535,2026-08-09
swsh10-32,Piloswine,normal,Astral Radiance,32,Uncommon,yuu,Stage 1,221,Pokémon,2022/05/27,"tcgplayer,cardmarket",https://prices.pokemontcg.io/tcgplayer/swsh10-32,https://images.pokemontcg.io/swsh10/32_hires.png,2026/08/08,2026/02/26,0.05,0.009999999776482582,0.15000000596046448,19.979999542236328,,0.24,,,,0.0461,0.0231,0.0231,0.173,0.023099999874830246,0.0346,0.0461,0.173,0.1846,0.1846,1.1535,2026-08-09
swsh10-33,Mamoswine,normal,Astral Radiance,33,Rare,Uta,Stage 2,473,Pokémon,2022/05/27,"tcgplayer,cardmarket",https://prices.pokemontcg.io/tcgplayer/swsh10-33,https://images.pokemontcg.io/swsh10/33_hires.png,2026/08/08,2026/02/26,0.2,0.019999999552965164,0.23000000417232513,20.0,,0.27,,,,0.15,0.0231,0.0807,0.3114,0.06920000165700912,0.1038,0.1269,0.2884,0.2307,0.2884,1.1535,2026-08-09
swsh10-34,Mantine,normal,Astral Radiance,34,Common,OKACHEKE,Basic,226,Pokémon,2022/05/27,"tcgplayer,cardmarket",https://prices.pokemontcg.io/tcgplayer/swsh10-34,https://images.pokemontcg.io/swsh10/34_hires.png,2026/08/08,2026/02/26,0.13,0.009999999776482582,0.15000000596046448,19.979999542236328,,0.27,,,,0.0346,0.0231,0.0346,0.2538,0.023099999874830246,0.0346,0.0461,0.1961,0.1961,0.2307,1.1535,2026-08-09
swsh10-35,Barboach,normal,Astral Radiance,35,Common,Mizue,Basic,339,Pokémon,2022/05/27,"tcgplayer,cardmarket",https://prices.pokemontcg.io/tcgplayer/swsh10-35,https://images.pokemontcg.io/swsh10/35_hires.png,2026/08/08,2026/02/26,0.04,0.009999999776482582,0.15000000596046448,2.990000009536743,,0.2,,,,0.0346,0.0231,0.0461,0.2307,0.023099999874830246,0.0346,0.0461,0.2307,0.2884,0.2422,1.1535,2026-08-09
swsh10-36,Whiscash,normal,Astral Radiance,36,Uncommon,Shinji Kanda,Stage 1,340,Pokémon,2022/05/27,"tcgplayer,cardmarket",https://prices.pokemontcg.io/tcgplayer/swsh10-36,https://images.pokemontcg.io/swsh10/36_hires.png,2026/08/08,2026/02/22,0.2,0.009999999776482582,0.20999999344348907,20.0,,0.28,,,,0.0577,0.0231,0.0577,0.2653,0.023099999874830246,0.0692,0.0577,0.2884,0.3807,0.2999,1.1535,2026-08-09
swsh10-37,Regice,normal,Astral Radiance,37,Rare,aoki,Basic,378,Pokémon,2022/05/27,"tcgplayer,cardmarket",https://prices.pokemontcg.io/tcgplayer/swsh10-37,https://images.pokemontcg.io/swsh10/37_hires.png,2026/08/08,2026/02/22,0.24,0.03999999910593033,0.25,19.979999542236328,,0.29,,,,0.1038,0.0231,0.0923,0.3114,0.23070000112056732,0.1038,0.1038,0.0923,0.2422,0.2884,1.1535,2026-08-09
swsh10-38,Glaceon,normal,Astral Radiance,38,Rare,saino misaki,Stage 1,471,Pokémon,2022/05/27,"tcgplayer,cardmarket",https://prices.pokemontcg.io/tcgplayer/swsh10-38,https://images.pokemontcg.io/swsh10/38_hires.png,2026/08/08,2026/02/22,0.35,0.03999999910593033,0.3499999940395355,40.0,,0.84,,,,0.2538,0.0231,0.2307,0.4729,0.25380000472068787,0.3114,0.2422,0.6921,0.4153,0.4729,1.1535,2026-08-09
swsh10-39,Origin Forme Palkia V,holofoil,Astral Radiance,39,Rare Holo V,aky CG Works,Basic|V,484,Pokémon,2022/05/27,"tcgplayer,cardmarket",https://prices.pokemontcg.io/tcgplayer/swsh10-39,https://images.pokemontcg.io/swsh10/39_hires.png,2026/08/08,2026/02/21,0.81,0.49000000953674316,0.9900000095367432,99.0,,,,,,0.8997,0.1154,0.7959,0.0,0.8651000261306763,0.8651,0.8074,0.0,0.0,0.0,1.1535,2026-08-09
swsh10-40,Origin Forme Palkia VSTAR,holofoil,Astral Radiance,40,Rare Holo VSTAR,aky CG Works,VSTAR,484,Pokémon,2022/05/27,"tcgplayer,cardmarket",https://prices.pokemontcg.io/tcgplayer/swsh10-40,https://images.pokemontcg.io/swsh10/40_hires.png,2026/08/08,2026/02/21,1.36,0.5,1.5499999523162842,35.0,,,,,,1.4303,0.3922,1.0151,0.0,1.3610999584197998,1.1881,1.4188,0.0,0.0,0.0,1.1535,2026-08-09
swsh10-41,Oshawott,normal,Astral Radiance,41,Common,Saya Tsuruta,Basic,501,Pokémon,2022/05/27,"tcgplayer,cardmarket",https://prices.pokemontcg.io/tcgplayer/swsh10-41,https://images.pokemontcg.io/swsh10/41_hires.png,2026/08/08,2026/02/21,0.18,0.009999999776482582,0.20000000298023224,19.700000762939453,,0.28,,,,0.0577,0.0231,0.0692,0.2076,0.023099999874830246,0.0692,0.0577,0.0231,0.173,0.2076,1.1535,2026-08-09
swsh10-42,Dewott,normal,Astral Radiance,42,Uncommon,Mina Nakai,Stage 1,502,Pokémon,2022/05/27,"tcgplayer,cardmarket",https://prices.pokemontcg.io/tcgplayer/swsh10-42,https://images.pokemontcg.io/swsh10/42_hires.png,2026/08/08,2026/02/21,0.15,0.009999999776482582,0.18000000715255737,20.0,,0.3,,,,0.0346,0.0231,0.0461,0.2538,0.03460000082850456,0.0461,0.0461,0.2884,0.1961,0.2307,1.1535,2026-08-09
swsh10-43,Hisuian Basculin,normal,Astral Radiance,43,Common,Kagemaru Himeno,Basic,550,Pokémon,2022/05/27,"tcgplayer,cardmarket",https://prices.pokemontcg.io/tcgplayer/swsh10-43,https://images.pokemontcg.io/swsh10/43_hires.png,2026/08/08,2026/02/21,0.1,0.009999999776482582,0.15000000596046448,20.0,,0.22,,,,0.0346,0.0231,0.0346,0.2076,0.03460000082850456,0.0231,0.0346,0.2884,0.2999,0.2422,1.1535,2026-08-09
swsh10-44,Hisuian Basculegion,normal,Astral Radiance,44,Rare,Akira Komayama,Stage 1,902,Pokémon,2022/05/27,"tcgplayer,cardmarket",https://prices.pokemontcg.io/tcgplayer/swsh10-44,https://images.pokemontcg.io/swsh10/44_hires.png,2026/08/08,2026/02/19,0.17,0.05000000074505806,0.20999999344348907,19.979999542236328,,0.33,,,,0.0807,0.0231,0.1846,0.2653,0.03460000082850456,0.1038,0.0807,0.2192,0.2076,0.2538,1.1535,2026-08-09
swsh10-45,Keldeo,holofoil,Astral Radiance,45,Rare Holo,Naoyo Kimura,Basic,647,Pokémon,2022/05/27,"tcgplayer,cardmarket",https://prices.pokemontcg.io/tcgplayer/swsh10-45,https://images.pokemontcg.io/swsh10/45_hires.png,2026/08/08,2026/02/19,0.29,0.07000000029802322,0.30000001192092896,3.25,,0.29,,,,0.3576,0.0346,0.3114,0.0,0.3230000138282776,0.3345,0.346,0.0,0.0,0.0,1.1535,2026-08-09
swsh10-46,Radiant Greninja,holofoil,Astral Radiance,46,Radiant Rare,Souichirou Gunjima,Basic|Radiant,658,Pokémon,2022/05/27,"tcgplayer,cardmarket",https://prices.pokemontcg.io/tcgplayer/swsh10-46,https://images.pokemontcg.io/swsh10/46_hires.png,2026/08/08,2026/02/19,4.16,2.8399999141693115,4.96999979019165,99.0,,,,,,1.5226,0.2884,1.1881,0.0,1.5917999744415283,1.3265,1.4303,0.0,0.0,0.0,1.1535,2026-08-09
swsh10-47,Bergmite,normal,Astral Radiance,47,Common,Kouki Saitou,Basic,712,Pokémon,2022/05/27,"tcgplayer,cardmarket",https://prices.pokemontcg.io/tcgplayer/swsh10-47,https://images.pokemontcg.io/swsh10/47_hires.png,2026/08/08,2026/02/19,0.07,0.009999999776482582,0.15000000596046448,19.979999542236328,,0.23,,,,0.0461,0.0231,0.0346,0.1961,0.03460000082850456,0.0346,0.0461,0.1154,0.1961,0.1961,1.1535,2026-08-09
swsh10-48,Hisuian Avalugg,normal,Astral Radiance,48,Rare,Kagemaru Himeno,Stage 1,713,Pokémon,2022/05/27,"tcgplayer,cardmarket",https://prices.pokemontcg.io/tcgplayer/swsh10-48,https://images.pokemontcg.io/swsh10/48_hires.png,2026/08/08,2026/02/19,0.22,0.05000000074505806,0.2199999988079071,19.979999542236328,,0.31,,,,0.1038,0.0231,0.1615,0.2422,0.12690000236034393,0.1384,0.1154,0.0577,0.2884,0.2653,1.1535,2026-08-09
swsh10-49,Galarian Mr. Rime V,holofoil,Astral Radiance,49,Rare Holo V,5ban Graphics,Basic|V|Fusion Strike,866,Pokémon,2022/05/27,"tcgplayer,cardmarket",https://prices.pokemontcg.io/tcgplayer/swsh10-49,https://images.pokemontcg.io/swsh10/49_hires.png,2026/08/08,2026/02/19,0.78,0.5,1.0,19.979999542236328,,,,,,0.9459,0.1154,0.9574,0.0,0.46140000224113464,0.992,0.9689,0.0,0.0,0.0,1.1535,2026-08-09
swsh10-50,Luxray V,holofoil,Astral Radiance,50,Rare Holo V,AKIRA EGAWA,Basic|V,405,Pokémon,2022/05/27,"tcgplayer,cardmarket",https://prices.pokemontcg.io/tcgplayer/swsh10-50,https://images.pokemontcg.io/swsh10/50_hires.png,2026/08/08,2026/02/19,2.44,1.25,2.5,99.0,,,,,,1.984,0.4614,2.0648,0.0,2.2609000205993652,2.1224,2.0417,0.0,0.0,0.0,1.1535,2026-08-09
swsh10-51,Regieleki,normal,Astral Radiance,51,Rare,Shiburingaru,Basic,894,Pokémon,2022/05/27,"tcgplayer,cardmarket",https://prices.pokemontcg.io/tcgplayer/swsh10-51,https://images.pokemontcg.io/swsh10/51_hires.png,2026/08/08,2026/02/19,0.19,0.009999999776482582,0.2199999988079071,19.200000762939453,,0.33,,,,0.1384,0.0231,0.1154,0.2768,0.05770000070333481,0.1154,0.1384,0.2538,0.3691,0.2653,1.1535,2026-08-09
swsh10-52,Hisuian Typhlosion,holofoil,Astral Radiance,52,Rare Holo,Kouki Saitou,Stage 2,157,Pokémon,2022/05/27,"tcgplayer,cardmarket",https://prices.pokemontcg.io/tcgplayer/swsh10-52,https://images.pokemontcg.io/swsh10/52_hires.png,2026/08/08,2026/02/19,0.48,0.23999999463558197,0.5,3.0,,0.65,,,,2.1224,0.1615,2.3647,0.0,1.6263999938964844,1.984,1.9725,0.0,0.0,0.0,1.1535,2026-08-09
swsh10-53,Hisuian Typhlosion V,holofoil,Astral Radiance,53,Rare Holo V,Shin Nagasawa,Basic|V,157,Pokémon,2022/05/27,"tcgplayer,cardmarket",https://prices.pokemontcg.io/tcgplayer/swsh10-53,https://images.pokemontcg.io/swsh10/53_hires.png,2026/08/08,2026/02/04,2.13,0.9900000095367432,1.9900000095367432,9.989999771118164,,,,,,1.165,0.3345,1.3727,0.0,1.1419999599456787,1.4188,1.2458,0.0,0.0,0.0,1.1535,2026-08-09
swsh10-54,Hisuian Typhlosion VSTAR,holofoil,Astral Radiance,54,Rare Holo VSTAR,5ban Graphics,VSTAR,157,Pokémon,2022/05/27,"tcgplayer,cardmarket",https://prices.pokemontcg.io/tcgplayer/swsh10-54,https://images.pokemontcg.io/swsh10/54_hires.png,2026/08/08,2026/02/01,2.27,1.4900000095367432,2.4800000190734863,9.989999771118164,,,,,,1.9956,0.9343,1.7533,0.0,1.9378999471664429,1.9033,1.9609,0.0,0.0,0.0,1.1535,2026-08-09
swsh10-55,Togepi,normal,Astral Radiance,55,Common,Mizue,Basic,175,Pokémon,2022/05/27,"tcgplayer,cardmarket",https://prices.pokemontcg.io/tcgplayer/swsh10-55,https://images.pokemontcg.io/swsh10/55_hires.png,2026/08/08,2026/02/01,0.16,0.009999999776482582,0.20000000298023224,19.979999542236328,,0.36,,,,0.0461,0.0231,0.0692,0.2538,0.023099999874830246,0.0461,0.0461,0.1846,0.2192,0.2307,1.1535,2026-08-09
swsh10-56,Togetic,normal,Astral Radiance,56,Uncommon,Tika Matsuno,Stage 1,176,Pokémon,2022/05/27,"tcgplayer,cardmarket",https://prices.pokemontcg.io/tcgplayer/swsh10-56,https://images.pokemontcg.io/swsh10/56_hires.png,2026/08/08,2026/02/01,0.15,0.009999999776482582,0.20000000298023224,19.020000457763672,,0.27,,,,0.0692,0.0231,0.0461,0.2076,0.023099999874830246,0.0692,0.0692,0.346,0.2653,0.2076,1.1535,2026-08-09
swsh10-57,Togekiss,holofoil,Astral Radiance,57,Rare Holo,sui,Stage 2,468,Pokémon,2022/05/27,"tcgplayer,cardmarket",https://prices.pokemontcg.io/tcgplayer/swsh10-57,https://images.pokemontcg.io/swsh10/57_hires.png,2026/08/08,2026/02/01,0.37,0.09000000357627869,0.3799999952316284,2.990000009536743,,0.35,,,,0.2884,0.0231,0.2768,0.3114,0.25380000472068787,0.2999,0.2884,0.1154,0.3922,0.3114,1.1535,2026-08-09
swsh10-58,Misdreavus,normal,Astral Radiance,58,Common,AKIRA EGAWA,Basic,200,Pokémon,2022/05/27,"tcgplayer,cardmarket",https://prices.pokemontcg.io/tcgplayer/swsh10-58,https://images.pokemontcg.io/swsh10/58_hires.png,2026/08/08,2026/02/01,0.05,0.009999999776482582,0.15000000596046448,18.299999237060547,,0.24,,,,0.0346,0.0231,0.0346,0.1961,0.023099999874830246,0.0346,0.0346,0.2192,0.1846,0.1961,1.1535,2026-08-09
swsh10-59,Mismagius,normal,Astral Radiance,59,Rare,Ligton,Stage 1,429,Pokémon,2022/05/27,"tcgplayer,cardmarket",https://prices.pokemontcg.io/tcgplayer/swsh10-59,https://images.pokemontcg.io/swsh10/59_hires.png,2026/08/08,2026/02/01,0.17,0.009999999776482582,0.20000000298023224,18.299999237060547,,0.33,,,,0.1154,0.0231,0.0923,0.323,0.11540000140666962,0.0807,0.1038,0.4037,0.2307,0.3114,1.1535,2026-08-09
swsh10-60,Ralts,normal,Astral Radiance,60,Common,Hataya,Basic,280,Pokémon,2022/05/27,"tcgplayer,cardmarket",https://prices.pokemontcg.io/tcgplayer/swsh10-60,https://images.pokemontcg.io/swsh10/60_hires.png,2026/08/08,2026/02/01,0.12,0.009999999776482582,0.1899999976158142,2.990000009536743,,0.54,,,,0.0807,0.0231,0.0807,0.2192,0.08070000261068344,0.0577,0.0692,0.2422,0.2884,0.2192,1.1535,2026-08-09
swsh10-61,Kirlia,normal,Astral Radiance,61,Uncommon,Saya Tsuruta,Stage 1,281,Pokémon,2022/05/27,"tcgplayer,cardmarket",https://prices.pokemontcg.io/tcgplayer/swsh10-61,https://images.pokemontcg.io/swsh10/61_hires.png,2026/08/08,2026/02/01,0.17,0.009999999776482582,0.20000000298023224,19.979999542236328,,0.33,,,,0.0692,0.0231,0.0692,0.2538,0.05770000070333481,0.0346,0.0692,0.2076,0.2076,0.2192,1.1535,2026-08-09
swsh10-62,Gallade,holofoil,Astral Radiance,62,Rare Holo,Atsushi Furusawa,Stage 2,475,Pokémon,2022/05/27,"tcgplayer,cardmarket",https://prices.pokemontcg.io/tcgplayer/swsh10-62,https://images.pokemontcg.io/swsh10/62_hires.png,2026/08/08,2026/02/01,0.39,0.1899999976158142,0.44999998807907104,2.0999999046325684,,0.46,,,,0.323,0.0231,0.3807,0.4383,0.29989999532699585,0.4614,0.3922,0.346,0.5306,0.4614,1.1535,2026-08-09
swsh10-63,Drifloon,normal,Astral Radiance,63,Common,Narumi Sato,Basic,425,Pokémon,2022/05/27,"tcgplayer,cardmarket",https://prices.pokemontcg.io/tcgplayer/swsh10-63,https://images.pokemontcg.io/swsh10/63_hires.png,2026/08/08,2026/02/01,0.15,0.009999999776482582,0.1599999964237213,18.34000015258789,,0.22,,,,0.0346,0.0231,0.0577,0.15,0.219200000166893,0.0346,0.0346,0.2192,0.2538,0.1846,1.1535,2026-08-09
swsh10-64,Drifblim,normal,Astral Radiance,64,Uncommon,Kyoko Umemoto,Stage 1,426,Pokémon,2022/05/27,"tcgplayer,cardmarket",https://prices.pokemontcg.io/tcgplayer/swsh10-64,https://images.pokemontcg.io/swsh10/64_hires.png,2026/08/08,2026/02/01,0.09,0.009999999776482582,0.15000000596046448,19.979999542236328,,0.21,,,,0.0346,0.0231,0.0346,0.1961,0.03460000082850456,0.0346,0.0346,0.0923,0.1846,0.1961,1.1535,2026-08-09
swsh10-65,Uxie,normal,Astral Radiance,65,Uncommon,sui,Basic,480,Pokémon,2022/05/27,"tcgplayer,cardmarket",https://prices.pokemontcg.io/tcgplayer/swsh10-65,https://images.pokemontcg.io/swsh10/65_hires.png,2026/08/08,2026/02/01,0.05,0.009999999776482582,0.1599999964237213,20.0,,0.24,,,,0.0692,0.0231,0.0461,0.1961,0.06920000165700912,0.0461,0.0577,0.346,0.2307,0.2076,1.1535,2026-08-09
swsh10-66,Mesprit,holofoil,Astral Radiance,66,Rare Holo,zig,Basic,481,Pokémon,2022/05/27,"tcgplayer,cardmarket",https://prices.pokemontcg.io/tcgplayer/swsh10-66,https://images.pokemontcg.io/swsh10/66_hires.png,2026/08/08,2026/02/01,0.3,0.10000000149011612,0.3400000035762787,2.990000009536743,,0.4,,,,0.346,0.0231,0.2999,0.5191,0.11540000140666962,0.2884,0.323,0.5652,0.5306,0.5075,1.1535,2026-08-09
swsh10-67,Azelf,normal,Astral Radiance,67,Uncommon,Taira Akitsu,Basic,482,Pokémon,2022/05/27,"tcgplayer,cardmarket",https://prices.pokemontcg.io/tcgplayer/swsh10-67,https://images.pokemontcg.io/swsh10/67_hires.png,2026/08/08,2026/02/01,0.16,0.009999999776482582,0.18000000715255737,19.979999542236328,,0.22,,,,0.0577,0.0231,0.0461,0.2538,0.09229999780654907,0.0461,0.0577,0.2884,0.2307,0.2653,1.1535,2026-08-09
swsh10-68,Diancie,holofoil,Astral Radiance,68,Rare Holo,Yuu Nishida,Basic,719,Pokémon,2022/05/27,"tcgplayer,cardmarket",https://prices.pokemontcg.io/tcgplayer/swsh10-68,https://images.pokemontcg.io/swsh10/68_hires.png,2026/08/08,2026/02/01,0.3,0.019999999552965164,0.3499999940395355,19.979999542236328,,0.4,,,,0.3807,0.0231,0.3922,0.4845,0.3345000147819519,0.4845,0.3691,0.3345,0.4845,0.5537,1.1535,2026-08-09
swsh10-69,Wyrdeer,holofoil,Astral Radiance,69,Rare Holo,Mizue,Stage 1,899,Pokémon,2022/05/27,"tcgplayer,cardmarket",https://prices.pokemontcg.io/tcgplayer/swsh10-69,https://images.pokemontcg.io/swsh10/69_hires.png,2026/08/08,2026/02/01,0.29,0.05000000074505806,0.33000001311302185,19.979999542236328,,0.39,,,,0.3576,0.0231,0.4499,0.5767,0.31139999628067017,0.4383,0.4037,0.6229,0.5883,0.5883,1.1535,2026-08-09
swsh10-70,Hisuian Growlithe,normal,Astral Radiance,70,Common,Akira Komayama,Basic,58,Pokémon,2022/05/27,"tcgplayer,cardmarket",https://prices.pokemontcg.io/tcgplayer/swsh10-70,https://images.pokemontcg.io/swsh10/70_hires.png,2026/08/08,2026/01/19,0.17,0.009999999776482582,0.18000000715255737,20.0,,0.29,,,,0.5883,0.0231,1.2342,0.0,5.7444000244140625,0.9689,0.669,0.0,0.0,0.0,1.1535,2026-08-09
swsh10-71,Hisuian Arcanine,normal,Astral Radiance,71,Rare,Kagemaru Himeno,Stage 1,59,Pokémon,2022/05/27,"tcgplayer,cardmarket",https://prices.pokemontcg.io/tcgplayer/swsh10-71,https://images.pokemontcg.io/swsh10/71_hires.png,2026/08/08,2026/01/19,0.21,0.009999999776482582,0.2199999988079071,19.979999542236328,,0.27,,,,0.0923,0.0231,0.1269,0.2653,0.12690000236034393,0.1154,0.1038,0.7728,0.323,0.2653,1.1535,2026-08-09
swsh10-72,Machamp V,holofoil,Astral Radiance,72,Rare Holo V,kawayoo,Basic|V,68,Pokémon,2022/05/27,"tcgplayer,cardmarket",https://prices.pokemontcg.io/tcgplayer/swsh10-72,https://images.pokemontcg.io/swsh10/72_hires.png,2026/08/08,2026/01/19,2.07,0.8999999761581421,2.0199999809265137,26.8799991607666,,,,,,1.6726,0.5075,1.6841,0.0,2.134000062942505,1.7879,1.6956,0.0,0.0,0.0,1.1535,2026-08-09
swsh10-73,Machamp VMAX,holofoil,Astral Radiance,73,Rare Holo VMAX,N-DESIGN Inc.,VMAX,68,Pokémon,2022/05/27,"tcgplayer,cardmarket",https://prices.pokemontcg.io/tcgplayer/swsh10-73,https://images.pokemontcg.io/swsh10/73_hires.png,2026/08/08,2026/01/19,6.39,3.990000009536743,6.5,98.98999786376953,,,,,,3.5643,2.0648,3.7489,0.0,2.802999973297119,3.2529,3.4605,0.0,0.0,0.0,1.1535,2026-08-09
swsh10-74,Sudowoodo,normal,Astral Radiance,74,Common,HYOGONOSUKE,Basic,185,Pokémon,2022/05/27,"tcgplayer,cardmarket",https://prices.pokemontcg.io/tcgplayer/swsh10-74,https://images.pokemontcg.io/swsh10/74_hires.png,2026/08/08,2026/01/19,0.1,0.009999999776482582,0.15000000596046448,19.979999542236328,,0.2,,,,0.0346,0.0231,0.0461,0.173,0.05770000070333481,0.0346,0.0346,0.2653,0.1846,0.1846,1.1535,2026-08-09
swsh10-75,Regirock,normal,Astral Radiance,75,Rare,Souichirou Gunjima,Basic,377,Pokémon,2022/05/27,"tcgplayer,cardmarket",https://prices.pokemontcg.io/tcgplayer/swsh10-75,https://images.pokemontcg.io/swsh10/75_hires.png,2026/08/08,2026/01/19,0.21,0.009999999776482582,0.20999999344348907,19.979999542236328,,0.28,,,,0.15,0.0231,0.1384,0.2192,0.05770000070333481,0.1038,0.1384,0.4614,0.2538,0.2422,1.1535,2026-08-09
swsh10-76,Cranidos,normal,Astral Radiance,76,Uncommon,Hataya,Stage 1,408,Pokémon,2022/05/27,"tcgplayer,cardmarket",https://prices.pokemontcg.io/tcgplayer/swsh10-76,https://images.pokemontcg.io/swsh10/76_hires.png,2026/08/08,2026/01/19,0.17,0.009999999776482582,0.18000000715255737,20.0,,0.29,,,,0.0923,0.0231,0.1038,0.2422,0.11540000140666962,0.0923,0.0692,0.2307,0.1961,0.2422,1.1535,2026-08-09
swsh10-77,Rampardos,holofoil,Astral Radiance,77,Rare Holo,Nisota Niso,Stage 2,409,Pokémon,2022/05/27,"tcgplayer,cardmarket",https://prices.pokemontcg.io/tcgplayer/swsh10-77,https://images.pokemontcg.io/swsh10/77_hires.png,2026/08/08,2026/01/19,0.64,0.25,0.6700000166893005,19.979999542236328,,0.72,,,,0.4729,0.0231,0.5421,0.7382,0.41530001163482666,0.3922,0.4499,0.6921,0.8882,0.7036,1.1535,2026-08-09
swsh10-78,Lucario V,holofoil,Astral Radiance,78,Rare Holo V,takuyoa,Basic|V,448,Pokémon,2022/05/27,"tcgplayer,cardmarket",https://prices.pokemontcg.io/tcgplayer/swsh10-78,https://images.pokemontcg.io/swsh10/78_hires.png,2026/08/08,2026/01/19,1.52,0.6100000143051147,1.7799999713897705,99.0,,,,,,1.4419,0.5767,1.3842,0.0,1.9839999675750732,1.4073,1.3727,0.0,0.0,0.0,1.1535,2026-08-09
swsh10-79,Hippopotas,normal,Astral Radiance,79,Common,nagimiso,Basic,449,Pokémon,2022/05/27,"tcgplayer,cardmarket",https://prices.pokemontcg.io/tcgplayer/swsh10-79,https://images.pokemontcg.io/swsh10/79_hires.png,2026/08/08,2026/01/19,0.09,0.009999999776482582,0.15000000596046448,20.0,,0.22,,,,0.0231,0.0231,0.0346,0.1615,0.023099999874830246,0.0346,0.0346,0.173,0.1961,0.173,1.1535,2026-08-09
swsh10-80,Hippowdon,normal,Astral Radiance,80,Uncommon,Kyoko Umemoto,Stage 1,450,Pokémon,2022/05/27,"tcgplayer,cardmarket",https://prices.pokemontcg.io/tcgplayer/swsh10-80,https://images.pokemontcg.io/swsh10/80_hires.png,2026/08/08,2026/01/19,0.08,0.009999999776482582,0.15000000596046448,4.0,,0.26,,,,0.0346,0.0231,0.0231,0.15,0.023099999874830246,0.0461,0.0346,0.323,0.1846,0.1615,1.1535,2026-08-09
swsh10-81,Radiant Hawlucha,holofoil,Astral Radiance,81,Radiant Rare,Masakazu Fukuda,Basic|Radiant,701,Pokémon,2022/05/27,"tcgplayer,cardmarket",https://prices.pokemontcg.io/tcgplayer/swsh10-81,https://images.pokemontcg.io/swsh10/81_hires.png,2026/08/08,2026/01/19,0.74,0.28999999165534973,0.9100000262260437,605.0399780273438,,,,,,0.9228,0.0577,0.5191,0.0,0.6920999884605408,0.5883,0.9113,0.0,0.0,0.0,1.1535,2026-08-09
swsh10-82,Hisuian Decidueye,holofoil,Astral Radiance,82,Rare Holo,Kouki Saitou,Stage 2,724,Pokémon,2022/05/27,"tcgplayer,cardmarket",https://prices.pokemontcg.io/tcgplayer/swsh10-82,https://images.pokemontcg.io/swsh10/82_hires.png,2026/08/08,2026/01/16,0.31,0.10000000149011612,0.33000001311302185,19.979999542236328,,0.33,,,,0.2422,0.0231,0.2653,0.346,0.28839999437332153,0.2884,0.2768,0.2307,0.4383,0.3576,1.1535,2026-08-09
swsh10-83,Hisuian Decidueye V,holofoil,Astral Radiance,83,Rare Holo V,Shin Nagasawa,Basic|V,724,Pokémon,2022/05/27,"tcgplayer,cardmarket",https://prices.pokemontcg.io/tcgplayer/swsh10-83,https://images.pokemontcg.io/swsh10/83_hires.png,2026/08/08,2026/01/16,0.84,0.27000001072883606,0.9900000095367432,19.280000686645508,,,,,,0.819,0.0577,0.9113,0.0,0.5651999711990356,0.8536,0.8305,0.0,0.0,0.0,1.1535,2026-08-09
swsh10-84,Hisuian Decidueye VSTAR,holofoil,Astral Radiance,84,Rare Holo VSTAR,5ban Graphics,VSTAR,724,Pokémon,2022/05/27,"tcgplayer,cardmarket",https://prices.pokemontcg.io/tcgplayer/swsh10-84,https://images.pokemontcg.io/swsh10/84_hires.png,2026/08/08,2026/01/16,1.34,0.7900000214576721,1.5199999809265137,9.0,,,,,,3.6681,2.2955,3.5412,0.0,3.4605000019073486,3.7258,3.2644,0.0,0.0,0.0,1.1535,2026-08-09
swsh10-85,Kleavor,normal,Astral Radiance,85,Rare,Shin Nagasawa,Stage 1,900,Pokémon,2022/05/27,"tcgplayer,cardmarket",https://prices.pokemontcg.io/tcgplayer/swsh10-85,https://images.pokemontcg.io/swsh10/85_hires.png,2026/08/08,2026/01/16,0.2,0.019999999552965164,0.23999999463558197,19.979999542236328,,0.3,,,,0.1384,0.0231,0.1384,0.2999,0.09229999780654907,0.1269,0.1269,0.2884,0.2538,0.2653,1.1535,2026-08-09
swsh10-86,Kleavor,holofoil,Astral Radiance,86,Rare Holo,Anesaki Dynamic,Stage 1,900,Pokémon,2022/05/27,"tcgplayer,cardmarket",https://prices.pokemontcg.io/tcgplayer/swsh10-86,https://images.pokemontcg.io/swsh10/86_hires.png,2026/08/08,2026/01/16,0.43,0.10000000149011612,0.3799999952316284,2.990000009536743,,0.31,,,,0.2884,0.0231,0.3114,0.5075,0.23070000112056732,0.2538,0.2768,0.5537,0.5075,0.4729,1.1535,2026-08-09
swsh10-87,Kleavor V,holofoil,Astral Radiance,87,Rare Holo V,5ban Graphics,Basic|V,900,Pokémon,2022/05/27,"tcgplayer,cardmarket",https://prices.pokemontcg.io/tcgplayer/swsh10-87,https://images.pokemontcg.io/swsh10/87_hires.png,2026/08/08,2026/01/16,0.79,0.46000000834465027,0.9700000286102295,19.979999542236328,,,,,,0.8767,0.2307,0.8074,0.0,0.7152000069618225,0.7728,0.8536,0.0,0.0,0.0,1.1535,2026-08-09
swsh10-88,Hisuian Qwilfish,normal,Astral Radiance,88,Common,Kagemaru Himeno,Basic,211,Pokémon,2022/05/27,"tcgplayer,cardmarket",https://prices.pokemontcg.io/tcgplayer/swsh10-88,https://images.pokemontcg.io/swsh10/88_hires.png,2026/08/08,2026/01/16,0.09,0.009999999776482582,0.15000000596046448,18.059999465942383,,0.24,,,,0.0346,0.0231,0.0461,0.1961,0.023099999874830246,0.0346,0.0346,0.2307,0.2192,0.2192,1.1535,2026-08-09
swsh10-89,Hisuian Qwilfish,normal,Astral Radiance,89,Common,OKACHEKE,Basic,211,Pokémon,2022/05/27,"tcgplayer,cardmarket",https://prices.pokemontcg.io/tcgplayer/swsh10-89,https://images.pokemontcg.io/swsh10/89_hires.png,2026/08/08,2026/01/16,0.03,0.009999999776482582,0.15000000596046448,20.0,,0.25,,,,0.0346,0.0231,0.0461,0.2192,0.03460000082850456,0.0346,0.0346,0.1038,0.1961,0.1846,1.1535,2026-08-09
swsh10-90,Hisuian Overqwil,normal,Astral Radiance,90,Uncommon,AKIRA EGAWA,Stage 1,904,Pokémon,2022/05/27,"tcgplayer,cardmarket",https://prices.pokemontcg.io/tcgplayer/swsh10-90,https://images.pokemontcg.io/swsh10/90_hires.png,2026/08/08,2026/01/16,0.22,0.009999999776482582,0.20999999344348907,2.990000009536743,,0.24,,,,0.0692,0.0231,0.0923,0.1961,0.023099999874830246,0.0577,0.0692,0.2076,0.2307,0.2307,1.1535,2026-08-09
swsh10-91,Hisuian Overqwil,normal,Astral Radiance,91,Rare,Anesaki Dynamic,Stage 1,904,Pokémon,2022/05/27,"tcgplayer,cardmarket",https://prices.pokemontcg.io/tcgplayer/swsh10-91,https://images.pokemontcg.io/swsh10/91_hires.png,2026/08/08,2026/01/16,0.25,0.03999999910593033,0.25,19.979999542236328,,0.31,,,,0.1154,0.0231,0.1384,0.2307,0.06920000165700912,0.1154,0.1154,0.0461,0.2999,0.2538,1.1535,2026-08-09
swsh10-92,Hisuian Sneasel,normal,Astral Radiance,92,Common,Mizue,Basic,215,Pokémon,2022/05/27,"tcgplayer,cardmarket",https://prices.pokemontcg.io/tcgplayer/swsh10-92,https://images.pokemontcg.io/swsh10/92_hires.png,2026/08/08,2026/01/16,0.13,0.009999999776482582,0.15000000596046448,19.979999542236328,,0.23,,,,0.2538,0.0231,0.0231,0.0,0.04610000178217888,0.173,0.2653,0.0,0.0,0.0,1.1535,2026-08-09
swsh10-93,Hisuian Sneasler,holofoil,Astral Radiance,93,Rare Holo,Kouki Saitou,Stage 1,903,Pokémon,2022/05/27,"tcgplayer,cardmarket",https://prices.pokemontcg.io/tcgplayer/swsh10-93,https://images.pokemontcg.io/swsh10/93_hires.png,2026/08/08,2026/01/16,0.29,0.05000000074505806,0.33000001311302185,2.0,,0.36,,,,0.3114,0.0231,0.2653,0.3576,0.17299999296665192,0.2076,0.2999,0.1384,0.4499,0.3922,1.1535,2026-08-09
swsh10-94,Hisuian Sneasler V,holofoil,Astral Radiance,94,Rare Holo V,5ban Graphics,Basic|V,903,Pokémon,2022/05/27,"tcgplayer,cardmarket",https://prices.pokemontcg.io/tcgplayer/swsh10-94,https://images.pokemontcg.io/swsh10/94_hires.png,2026/08/08,2026/01/16,0.95,0.5,1.0,19.979999542236328,,,,,,0.9689,0.1961,1.0151,0.0,0.7613000273704529,1.0151,0.9343,0.0,0.0,0.0,1.1535,2026-08-09
swsh10-95,Poochyena,normal,Astral Radiance,95,Common,KIYOTAKA OSHIYAMA,Basic,261,Pokémon,2022/05/27,"tcgplayer,cardmarket",https://prices.pokemontcg.io/tcgplayer/swsh10-95,https://images.pokemontcg.io/swsh10/95_hires.png,2026/08/08,2026/01/16,0.17,0.009999999776482582,0.18000000715255737,19.979999542236328,,0.29,,,,0.0346,0.0231,0.0461,0.1384,0.03460000082850456,0.0461,0.0346,0.1615,0.1615,0.1615,1.1535,2026-08-09
swsh10-96,Mightyena,normal,Astral Radiance,96,Rare,otumami,Stage 1,262,Pokémon,2022/05/27,"tcgplayer,cardmarket",https://prices.pokemontcg.io/tcgplayer/swsh10-96,https://images.pokemontcg.io/swsh10/96_hires.png,2026/08/08,2026/01/16,0.17,0.029999999329447746,0.20000000298023224,25.0,,0.19,,,,0.1038,0.0231,0.1269,0.2538,0.023099999874830246,0.1269,0.1038,0.0577,0.1615,0.2653,1.1535,2026-08-09
swsh10-97,Absol,holofoil,Astral Radiance,97,Rare Holo,GIDORA,Basic,359,Pokémon,2022/05/27,"tcgplayer,cardmarket",https://prices.pokemontcg.io/tcgplayer/swsh10-97,https://images.pokemontcg.io/swsh10/97_hires.png,2026/08/08,2026/01/16,0.36,0.10000000149011612,0.36000001430511475,5.0,,0.42,,,,0.2768,0.0577,0.323,0.0,0.17299999296665192,0.2768,0.2768,0.0,0.0,0.0,1.1535,2026-08-09
swsh10-98,Darkrai V,holofoil,Astral Radiance,98,Rare Holo V,takuyoa,Basic|V,491,Pokémon,2022/05/27,"tcgplayer,cardmarket",https://prices.pokemontcg.io/tcgplayer/swsh10-98,https://images.pokemontcg.io/swsh10/98_hires.png,2026/08/08,2025/12/28,1.49,0.7900000214576721,1.5199999809265137,99.0,,,,,,1.4765,0.7959,1.3381,0.0,1.0958000421524048,1.2573,1.4303,0.0,0.0,0.0,1.1535,2026-08-09
swsh10-99,Darkrai VSTAR,holofoil,Astral Radiance,99,Rare Holo VSTAR,5ban Graphics,VSTAR,491,Pokémon,2022/05/27,"tcgplayer,cardmarket",https://prices.pokemontcg.io/tcgplayer/swsh10-99,https://images.pokemontcg.io/swsh10/99_hires.png,2026/08/08,2025/12/28,1.87,0.9900000095367432,2.1500000953674316,99.0,,,,,,2.8722,0.8074,2.48,0.0,1.7302000522613525,2.1224,1.8225,0.0,0.0,0.0,1.1535,2026-08-09
swsh10-100,Hisuian Samurott,holofoil,Astral Radiance,100,Rare Holo,Kouki Saitou,Stage 2,503,Pokémon,2022/05/27,"tcgplayer,cardmarket",https://prices.pokemontcg.io/tcgplayer/swsh10-100,https://images.pokemontcg.io/swsh10/100_hires.png,2026/08/08,2025/12/28,0.36,0.10000000149011612,0.3400000035762787,35.0,,0.43,,,,0.4037,0.0461,0.3114,0.0,0.426800012588501,0.3576,0.2884,0.0,0.0,0.0,1.1535,2026-08-09
swsh10-101,Hisuian Samurott V,holofoil,Astral Radiance,101,Rare Holo V,Shin Nagasawa,Basic|V,503,Pokémon,2022/05/27,"tcgplayer,cardmarket",https://prices.pokemontcg.io/tcgplayer/swsh10-101,https://images.pokemontcg.io/swsh10/101_hires.png,2026/08/08,2025/12/28,0.98,0.49000000953674316,1.0,19.979999542236328,,,,,,0.9459,0.0577,1.1996,0.0,1.038100004196167,1.1074,0.9459,0.0,0.0,0.0,1.1535,2026-08-09
swsh10-102,Hisuian Samurott VSTAR,holofoil,Astral Radiance,102,Rare Holo VSTAR,5ban Graphics,VSTAR,503,Pokémon,2022/05/27,"tcgplayer,cardmarket",https://prices.pokemontcg.io/tcgplayer/swsh10-102,https://images.pokemontcg.io/swsh10/102_hires.png,2026/08/08,2025/12/07,1.42,0.949999988079071,1.7799999713897705,99.0,,,,,,1.7302,0.6921,1.5226,0.0,1.0497000217437744,1.3611,1.6726,0.0,0.0,0.0,1.1535,2026-08-09
swsh10-103,Nickit,normal,Astral Radiance,103,Common,Naoyo Kimura,Basic,827,Pokémon,2022/05/27,"tcgplayer,cardmarket",https://prices.pokemontcg.io/tcgplayer/swsh10-103,https://images.pokemontcg.io/swsh10/103_hires.png,2026/08/08,2025/12/07,0.04,0.009999999776482582,0.15000000596046448,20.0,,0.26,,,,0.0231,0.0231,0.0231,0.2422,0.023099999874830246,0.0231,0.0231,0.2307,0.2768,0.2307,1.1535,2026-08-09
swsh10-104,Thievul,normal,Astral Radiance,104,Rare,KIYOTAKA OSHIYAMA,Stage 1,828,Pokémon,2022/05/27,"tcgplayer,cardmarket",https://prices.pokemontcg.io/tcgplayer/swsh10-104,https://images.pokemontcg.io/swsh10/104_hires.png,2026/08/08,2025/12/07,0.18,0.03999999910593033,0.20000000298023224,19.979999542236328,,0.18,,,,0.0692,0.0231,0.0692,0.2076,0.023099999874830246,0.0692,0.0923,0.1154,0.1846,0.1961,1.1535,2026-08-09
swsh10-105,Magnemite,normal,Astral Radiance,105,Common,Mitsuhiro Arita,Basic,81,Pokémon,2022/05/27,"tcgplayer,cardmarket",https://prices.pokemontcg.io/tcgplayer/swsh10-105,https://images.pokemontcg.io/swsh10/105_hires.png,2026/08/08,2025/12/07,0.11,0.009999999776482582,0.15000000596046448,19.979999542236328,,0.22,,,,0.0346,0.0231,0.0461,0.1615,0.023099999874830246,0.0231,0.0346,0.2884,0.2076,0.173,1.1535,2026-08-09
swsh10-106,Magneton,normal,Astral Radiance,106,Uncommon,Saya Tsuruta,Stage 1,82,Pokémon,2022/05/27,"tcgplayer,cardmarket",https://prices.pokemontcg.io/tcgplayer/swsh10-106,https://images.pokemontcg.io/swsh10/106_hires.png,2026/08/08,2025/12/07,0.14,0.009999999776482582,0.17000000178813934,18.760000228881836,,0.26,,,,0.0346,0.0231,0.0346,0.173,0.023099999874830246,0.0346,0.0346,0.2884,0.2076,0.173,1.1535,2026-08-09
swsh10-107,Magnezone,holofoil,Astral Radiance,107,Rare Holo,GOSSAN,Stage 2,462,Pokémon,2022/05/27,"tcgplayer,cardmarket",https://prices.pokemontcg.io/tcgplayer/swsh10-107,https://images.pokemontcg.io/swsh10/107_hires.png,2026/08/08,2025/12/07,0.3,0.05000000074505806,0.30000001192092896,19.979999542236328,,0.3,,,,0.2076,0.0231,0.2307,0.2422,0.34599998593330383,0.15,0.2076,0.0923,0.2768,0.2192,1.1535,2026-08-09
swsh10-108,Registeel,normal,Astral Radiance,108,Rare,hatachu,Basic,379,Pokémon,2022/05/27,"tcgplayer,cardmarket",https://prices.pokemontcg.io/tcgplayer/swsh10-108,https://images.pokemontcg.io/swsh10/108_hires.png,2026/08/08,2025/12/07,0.2,0.03999999910593033,0.25,8.460000038146973,,0.3,,,,0.1384,0.0231,0.1615,0.1961,0.13840000331401825,0.1038,0.1384,0.2192,0.2422,0.1961,1.1535,2026-08-09
swsh10-109,Shieldon,normal,Astral Radiance,109,Uncommon,Yuka Morii,Stage 1,410,Pokémon,2022/05/27,"tcgplayer,cardmarket",https://prices.pokemontcg.io/tcgplayer/swsh10-109,https://images.pokemontcg.io/swsh10/109_hires.png,2026/08/08,2025/12/07,0.22,0.009999999776482582,0.25,2.0,,0.37,,,,0.0692,0.0231,0.0577,0.2076,0.023099999874830246,0.0577,0.0577,0.6344,0.2768,0.2076,1.1535,2026-08-09
swsh10-110,Bastiodon,holofoil,Astral Radiance,110,Rare Holo,Yuya Oka,Stage 2,411,Pokémon,2022/05/27,"tcgplayer,cardmarket",https://prices.pokemontcg.io/tcgplayer/swsh10-110,https://images.pokemontcg.io/swsh10/110_hires.png,2026/08/08,2025/11/25,0.41,0.10000000149011612,0.4000000059604645,5.0,,0.29,,,,0.346,0.0231,0.2653,0.323,0.23070000112056732,0.2422,0.346,0.7498,0.2653,0.346,1.1535,2026-08-09
swsh10-111,Bronzor,normal,Astral Radiance,111,Common,Kouki Saitou,Basic,436,Pokémon,2022/05/27,"tcgplayer,cardmarket",https://prices.pokemontcg.io/tcgplayer/swsh10-111,https://images.pokemontcg.io/swsh10/111_hires.png,2026/08/08,2025/11/25,0.05,0.009999999776482582,0.15000000596046448,19.979999542236328,,0.25,,,,0.0346,0.0231,0.0346,0.1269,0.023099999874830246,0.0346,0.0231,0.0461,0.1269,0.1615,1.1535,2026-08-09
swsh10-112,Bronzong,normal,Astral Radiance,112,Uncommon,Shinji Kanda,Stage 1,437,Pokémon,2022/05/27,"tcgplayer,cardmarket",https://prices.pokemontcg.io/tcgplayer/swsh10-112,https://images.pokemontcg.io/swsh10/112_hires.png,2026/08/08,2025/11/25,0.18,0.009999999776482582,0.20000000298023224,19.979999542236328,,0.29,,,,0.0577,0.0231,0.0807,0.2768,0.13840000331401825,0.0807,0.0577,0.173,0.2884,0.2653,1.1535,2026-08-09
swsh10-113,Origin Forme Dialga V,holofoil,Astral Radiance,113,Rare Holo V,5ban Graphics,Basic|V,483,Pokémon,2022/05/27,"tcgplayer,cardmarket",https://prices.pokemontcg.io/tcgplayer/swsh10-113,https://images.pokemontcg.io/swsh10/113_hires.png,2026/08/08,2025/11/25,1.33,0.9300000071525574,1.3899999856948853,99.0,,,,,,1.4649,0.6344,1.5688,0.0,1.7302000522613525,1.5111,1.4649,0.0,0.0,0.0,1.1535,2026-08-09
swsh10-114,Origin Forme Dialga VSTAR,holofoil,Astral Radiance,114,Rare Holo VSTAR,5ban Graphics,VSTAR,483,Pokémon,2022/05/27,"tcgplayer,cardmarket",https://prices.pokemontcg.io/tcgplayer/swsh10-114,https://images.pokemontcg.io/swsh10/114_hires.png,2026/08/08,2025/11/25,2.09,1.1399999856948853,2.25,30.0,,,,,,2.4916,0.9228,2.1916,0.0,1.7187000513076782,2.2032,2.3877,0.0,0.0,0.0,1.1535,2026-08-09
swsh10-115,Pawniard,normal,Astral Radiance,115,Common,Tomokazu Komiya,Basic,624,Pokémon,2022/05/27,"tcgplayer,cardmarket",https://prices.pokemontcg.io/tcgplayer/swsh10-115,https://images.pokemontcg.io/swsh10/115_hires.png,2026/08/08,2025/11/25,0.16,0.009999999776482582,0.18000000715255737,18.6200008392334,,0.3,,,,0.0346,0.0231,0.0231,0.1961,0.023099999874830246,0.0346,0.0346,0.1154,0.2076,0.1961,1.1535,2026-08-09
swsh10-116,Bisharp,normal,Astral Radiance,116,Uncommon,NC Empire,Stage 1,625,Pokémon,2022/05/27,"tcgplayer,cardmarket",https://prices.pokemontcg.io/tcgplayer/swsh10-116,https://images.pokemontcg.io/swsh10/116_hires.png,2026/08/08,2025/11/25,0.09,0.009999999776482582,0.15000000596046448,19.979999542236328,,0.2,,,,0.0461,0.0231,0.0923,0.1846,0.023099999874830246,0.0807,0.0461,0.6921,0.2422,0.1846,1.1535,2026-08-09
swsh10-117,Garchomp V,holofoil,Astral Radiance,117,Rare Holo V,N-DESIGN Inc.,Basic|V,445,Pokémon,2022/05/27,"tcgplayer,cardmarket",https://prices.pokemontcg.io/tcgplayer/swsh10-117,https://images.pokemontcg.io/swsh10/117_hires.png,2026/08/08,2025/11/21,1.16,0.75,1.2400000095367432,99.0,,,,,,1.2112,0.2884,1.0958,0.0,1.0151000022888184,1.1766,1.2227,0.0,0.0,0.0,1.1535,2026-08-09
swsh10-118,Regidrago,normal,Astral Radiance,118,Rare,DOM,Basic,895,Pokémon,2022/05/27,"tcgplayer,cardmarket",https://prices.pokemontcg.io/tcgplayer/swsh10-118,https://images.pokemontcg.io/swsh10/118_hires.png,2026/08/08,2025/11/21,0.21,0.009999999776482582,0.25,19.979999542236328,,0.32,,,,0.1269,0.0231,0.1038,0.2307,0.05770000070333481,0.1038,0.1269,0.2538,0.323,0.3114,1.1535,2026-08-09
swsh10-119,Eevee,normal,Astral Radiance,119,Common,sowsow,Basic,133,Pokémon,2022/05/27,"tcgplayer,cardmarket",https://prices.pokemontcg.io/tcgplayer/swsh10-119,https://images.pokemontcg.io/swsh10/119_hires.png,2026/08/08,2025/11/21,0.29,0.009999999776482582,0.3100000023841858,2.990000009536743,,1.07,,,,0.0923,0.0231,0.0807,0.3345,0.09229999780654907,0.0692,0.0923,0.7382,0.4153,0.3691,1.1535,2026-08-09
swsh10-120,Hoothoot,normal,Astral Radiance,120,Common,Pani Kobayashi,Basic,163,Pokémon,2022/05/27,"tcgplayer,cardmarket",https://prices.pokemontcg.io/tcgplayer/swsh10-120,https://images.pokemontcg.io/swsh10/120_hires.png,2026/08/08,2025/11/21,0.05,0.009999999776482582,0.15000000596046448,20.0,,0.21,,,,0.0346,0.0231,0.0346,0.15,0.023099999874830246,0.0346,0.0346,0.346,0.15,0.1846,1.1535,2026-08-09
swsh10-121,Noctowl,normal,Astral Radiance,121,Uncommon,Nisota Niso,Stage 1,164,Pokémon,2022/05/27,"tcgplayer,cardmarket",https://prices.pokemontcg.io/tcgplayer/swsh10-121,https://images.pokemontcg.io/swsh10/121_hires.png,2026/08/08,2025/11/21,0.13,0.009999999776482582,0.15000000596046448,19.399999618530273,,0.23,,,,0.0461,0.0231,0.0577,0.173,0.06920000165700912,0.0577,0.0346,0.2076,0.2422,0.1846,1.1535,2026-08-09
swsh10-122,Teddiursa,normal,Astral Radiance,122,Common,Nagomi Nijo,Basic,216,Pokémon,2022/05/27,"tcgplayer,cardmarket",https://prices.pokemontcg.io/tcgplayer/swsh10-122,https://images.pokemontcg.io/swsh10/122_hires.png,2026/08/08,2025/11/21,0.25,0.009999999776482582,0.2199999988079071,20.0,,0.27,,,,0.0461,0.0231,0.0692,0.2192,0.11540000140666962,0.0692,0.0461,0.4499,0.2999,0.2076,1.1535,2026-08-09
swsh10-123,Ursaring,normal,Astral Radiance,123,Uncommon,Teeziro,Stage 1,217,Pokémon,2022/05/27,"tcgplayer,cardmarket",https://prices.pokemontcg.io/tcgplayer/swsh10-123,https://images.pokemontcg.io/swsh10/123_hires.png,2026/08/08,2025/11/21,0.13,0.009999999776482582,0.15000000596046448,19.979999542236328,,0.25,,,,0.0461,0.0231,0.0461,0.173,0.06920000165700912,0.0461,0.0461,0.2653,0.173,0.1615,1.1535,2026-08-09
swsh10-124,Ursaluna,normal,Astral Radiance,124,Rare,nagimiso,Stage 2,901,Pokémon,2022/05/27,"tcgplayer,cardmarket",https://prices.pokemontcg.io/tcgplayer/swsh10-124,https://images.pokemontcg.io/swsh10/124_hires.png,2026/08/08,2025/11/21,0.2,0.05000000074505806,0.20999999344348907,19.979999542236328,,0.3,,,,0.1154,0.0231,0.1154,0.2422,0.11540000140666962,0.1384,0.1269,0.4499,0.2538,0.2768,1.1535,2026-08-09
swsh10-125,Stantler,normal,Astral Radiance,125,Common,Teeziro,Basic,234,Pokémon,2022/05/27,"tcgplayer,cardmarket",https://prices.pokemontcg.io/tcgplayer/swsh10-125,https://images.pokemontcg.io/swsh10/125_hires.png,2026/08/08,2025/11/21,0.14,0.009999999776482582,0.15000000596046448,19.979999542236328,,0.23,,,,0.0346,0.0231,0.0461,0.2076,0.03460000082850456,0.0461,0.0346,0.1154,0.1384,0.1846,1.1535,2026-08-09
swsh10-126,Miltank,holofoil,Astral Radiance,126,Rare Holo,saino misaki,Basic,241,Pokémon,2022/05/27,"tcgplayer,cardmarket",https://prices.pokemontcg.io/tcgplayer/swsh10-126,https://images.pokemontcg.io/swsh10/126_hires.png,2026/08/08,2025/11/21,0.25,0.09000000357627869,0.30000001192092896,19.979999542236328,,0.25,,,,0.1846,0.0231,0.15,0.2076,0.2768000066280365,0.1846,0.2307,0.3114,0.2768,0.3114,1.1535,2026-08-09
swsh10-127,Glameow,normal,Astral Radiance,127,Common,Naoyo Kimura,Basic,431,Pokémon,2022/05/27,"tcgplayer,cardmarket",https://prices.pokemontcg.io/tcgplayer/swsh10-127,https://images.pokemontcg.io/swsh10/127_hires.png,2026/08/08,2025/11/21,0.09,0.009999999776482582,0.15000000596046448,20.0,,0.24,,,,0.0346,0.0231,0.0461,0.1846,0.06920000165700912,0.0461,0.0346,0.2076,0.2884,0.173,1.1535,2026-08-09
swsh10-128,Purugly,normal,Astral Radiance,128,Uncommon,Mina Nakai,Stage 1,432,Pokémon,2022/05/27,"tcgplayer,cardmarket",https://prices.pokemontcg.io/tcgplayer/swsh10-128,https://images.pokemontcg.io/swsh10/128_hires.png,2026/08/08,2025/11/21,0.12,0.009999999776482582,0.18000000715255737,2.990000009536743,,0.24,,,,0.0461,0.0231,0.0577,0.1615,0.06920000165700912,0.0692,0.0461,0.2076,0.1961,0.1961,1.1535,2026-08-09
swsh10-129,Chatot,normal,Astral Radiance,129,Common,Shin Nagasawa,Basic,441,Pokémon,2022/05/27,"tcgplayer,cardmarket",https://prices.pokemontcg.io/tcgplayer/swsh10-129,https://images.pokemontcg.io/swsh10/129_hires.png,2026/08/08,2025/11/21,0.04,0.009999999776482582,0.15000000596046448,5.0,,0.21,,,,0.0231,0.0231,0.0231,0.1961,0.023099999874830246,0.0231,0.0231,0.2884,0.2422,0.1961,1.1535,2026-08-09
swsh10-130,Regigigas,holofoil,Astral Radiance,130,Rare Holo,Yuya Oka,Basic,486,Pokémon,2022/05/27,"tcgplayer,cardmarket",https://prices.pokemontcg.io/tcgplayer/swsh10-130,https://images.pokemontcg.io/swsh10/130_hires.png,2026/08/08,2025/11/21,0.35,0.10000000149011612,0.3499999940395355,3.2100000381469727,,0.45,,,,0.3114,0.0231,0.323,0.5883,0.12690000236034393,0.2538,0.2884,0.1615,0.6921,0.5998,1.1535,2026-08-09
swsh10-131,Rufflet,normal,Astral Radiance,131,Common,Eri Yamaki,Basic,627,Pokémon,2022/05/27,"tcgplayer,cardmarket",https://prices.pokemontcg.io/tcgplayer/swsh10-131,https://images.pokemontcg.io/swsh10/131_hires.png,2026/08/08,2025/11/21,0.03,0.009999999776482582,0.15000000596046448,19.979999542236328,,0.23,,,,0.0346,0.0231,0.0346,0.173,0.023099999874830246,0.0346,0.0346,0.1154,0.173,0.173,1.1535,2026-08-09
swsh10-132,Hisuian Braviary,normal,Astral Radiance,132,Rare,Shin Nagasawa,Stage 1,628,Pokémon,2022/05/27,"tcgplayer,cardmarket",https://prices.pokemontcg.io/tcgplayer/swsh10-132,https://images.pokemontcg.io/swsh10/132_hires.png,2026/08/08,2025/11/21,0.14,0.019999999552965164,0.20000000298023224,19.979999542236328,,0.25,,,,0.1038,0.0231,0.1384,0.1961,0.1615000069141388,0.1615,0.1154,0.2422,0.2307,0.2076,1.1535,2026-08-09
swsh10-133,Oranguru V,holofoil,Astral Radiance,133,Rare Holo V,Uta,Basic|V,765,Pokémon,2022/05/27,"tcgplayer,cardmarket",https://prices.pokemontcg.io/tcgplayer/swsh10-133,https://images.pokemontcg.io/swsh10/133_hires.png,2026/08/08,2025/11/21,0.81,0.49000000953674316,0.9900000095367432,25.899999618530273,,,,,,0.8074,0.173,0.7036,0.0,0.8651000261306763,0.8305,0.8305,0.0,0.0,0.0,1.1535,2026-08-09
swsh10-134,Wyrdeer V,holofoil,Astral Radiance,134,Rare Holo V,aky CG Works,Basic|V,899,Pokémon,2022/05/27,"tcgplayer,cardmarket",https://prices.pokemontcg.io/tcgplayer/swsh10-134,https://images.pokemontcg.io/swsh10/134_hires.png,2026/08/08,2025/11/21,0.86,0.3799999952316284,0.9900000095367432,19.459999084472656,,,,,,0.7498,0.2307,0.6921,0.0,0.8073999881744385,0.7498,0.7498,0.0,0.0,0.0,1.1535,2026-08-09
swsh10-135,Adaman,holofoil,Astral Radiance,135,Rare Holo,Souichirou Gunjima,Supporter,,Trainer,2022/05/27,"tcgplayer,cardmarket",https://prices.pokemontcg.io/tcgplayer/swsh10-135,https://images.pokemontcg.io/swsh10/135_hires.png,2026/08/08,2025/11/21,0.27,0.019999999552965164,0.27000001072883606,4.989999771118164,,0.34,,,,0.5075,0.0346,0.4383,0.0,0.3345000147819519,0.3114,0.4153,0.0,0.0,0.0,1.1535,2026-08-09
swsh10-136,Canceling Cologne,normal,Astral Radiance,136,Uncommon,Studio Bora Inc.,Item,,Trainer,2022/05/27,"tcgplayer,cardmarket",https://prices.pokemontcg.io/tcgplayer/swsh10-136,https://images.pokemontcg.io/swsh10/136_hires.png,2026/08/08,2025/11/21,0.19,0.009999999776482582,0.20000000298023224,2.990000009536743,,0.19,,,,0.0461,0.0231,0.0923,0.1961,0.03460000082850456,0.0692,0.0461,0.3691,0.173,0.2076,1.1535,2026-08-09
swsh10-137,Choy,normal,Astral Radiance,137,Uncommon,Hitoshi Ariga,Supporter,,Trainer,2022/05/27,"tcgplayer,cardmarket",https://prices.pokemontcg.io/tcgplayer/swsh10-137,https://images.pokemontcg.io/swsh10/137_hires.png,2026/08/08,2025/11/21,0.06,0.009999999776482582,0.15000000596046448,19.979999542236328,,0.18,,,,0.0346,0.0231,0.0346,0.15,0.023099999874830246,0.0231,0.0231,0.4499,0.1961,0.173,1.1535,2026-08-09
swsh10-138,Cyllene,normal,Astral Radiance,138,Uncommon,nagimiso,Supporter,,Trainer,2022/05/27,"tcgplayer,cardmarket",https://prices.pokemontcg.io/tcgplayer/swsh10-138,https://images.pokemontcg.io/swsh10/138_hires.png,2026/08/08,2025/11/21,0.23,0.009999999776482582,0.23999999463558197,2.990000009536743,,0.25,,,,0.0692,0.0231,0.0231,0.1384,0.023099999874830246,0.0346,0.0692,0.4499,0.1961,0.1615,1.1535,2026-08-09
swsh10-139,Dark Patch,normal,Astral Radiance,139,Uncommon,Ryo Ueda,Item,,Trainer,2022/05/27,"tcgplayer,cardmarket",https://prices.pokemontcg.io/tcgplayer/swsh10-139,https://images.pokemontcg.io/swsh10/139_hires.png,2026/08/08,2025/11/21,0.29,0.009999999776482582,0.25,19.979999542236328,,0.42,,,,0.0692,0.0231,0.0461,0.4383,0.11540000140666962,0.0923,0.0807,1.142,0.3576,0.346,1.1535,2026-08-09
swsh10-140,Energy Loto,normal,Astral Radiance,140,Uncommon,ORBITALLINK Inc.,Item,,Trainer,2022/05/27,"tcgplayer,cardmarket",https://prices.pokemontcg.io/tcgplayer/swsh10-140,https://images.pokemontcg.io/swsh10/140_hires.png,2026/08/08,2025/11/21,0.17,0.009999999776482582,0.1899999976158142,17.8799991607666,,0.23,,,,0.0461,0.0231,0.0461,0.1615,0.11540000140666962,0.0461,0.0577,0.4499,0.2422,0.173,1.1535,2026-08-09
swsh10-141,Feather Ball,normal,Astral Radiance,141,Uncommon,Studio Bora Inc.,Item,,Trainer,2022/05/27,"tcgplayer,cardmarket",https://prices.pokemontcg.io/tcgplayer/swsh10-141,https://images.pokemontcg.io/swsh10/141_hires.png,2026/08/08,2025/11/21,0.14,0.009999999776482582,0.18000000715255737,2.990000009536743,,0.28,,,,0.0577,0.0231,0.0461,0.1615,0.023099999874830246,0.0807,0.0807,0.15,0.1615,0.15,1.1535,2026-08-09
swsh10-142,Gapejaw Bog,normal,Astral Radiance,142,Uncommon,Oswaldo KATO,Stadium,,Trainer,2022/05/27,"tcgplayer,cardmarket",https://prices.pokemontcg.io/tcgplayer/swsh10-142,https://images.pokemontcg.io/swsh10/142_hires.png,2026/08/08,2025/11/21,0.16,0.009999999776482582,0.20000000298023224,17.8799991607666,,0.26,,,,0.0577,0.0231,0.0346,0.1846,0.03460000082850456,0.0346,0.0577,0.1961,0.15,0.1961,1.1535,2026-08-09
swsh10-143,Gardenia's Vigor,normal,Astral Radiance,143,Uncommon,Yuu Nishida,Supporter,,Trainer,2022/05/27,"tcgplayer,cardmarket",https://prices.pokemontcg.io/tcgplayer/swsh10-143,https://images.pokemontcg.io/swsh10/143_hires.png,2026/08/08,2025/11/21,0.13,0.009999999776482582,0.1899999976158142,990.0,,0.32,,,,0.0692,0.0231,0.0807,0.15,0.023099999874830246,0.0807,0.0692,0.346,0.1615,0.1846,1.1535,2026-08-09
swsh10-144,Grant,normal,Astral Radiance,144,Uncommon,Hideki Ishikawa,Supporter,,Trainer,2022/05/27,"tcgplayer,cardmarket",https://prices.pokemontcg.io/tcgplayer/swsh10-144,https://images.pokemontcg.io/swsh10/144_hires.png,2026/08/08,2025/11/21,0.21,0.009999999776482582,0.20999999344348907,18.360000610351562,,0.17,,,,0.0346,0.0231,0.0346,0.1038,0.023099999874830246,0.0346,0.0346,0.1846,0.173,0.1615,1.1535,2026-08-09
swsh10-145,Gutsy Pickaxe,normal,Astral Radiance,145,Uncommon,Eske Yoshinob,Item,,Trainer,2022/05/27,"tcgplayer,cardmarket",https://prices.pokemontcg.io/tcgplayer/swsh10-145,https://images.pokemontcg.io/swsh10/145_hires.png,2026/08/08,2025/11/21,0.2,0.009999999776482582,0.20000000298023224,19.979999542236328,,0.19,,,,0.0346,0.0231,0.0346,0.1961,0.023099999874830246,0.0231,0.0461,0.2076,0.2538,0.1961,1.1535,2026-08-09
swsh10-146,Hisuian Heavy Ball,normal,Astral Radiance,146,Uncommon,Studio Bora Inc.,Item,,Trainer,2022/05/27,"tcgplayer,cardmarket",https://prices.pokemontcg.io/tcgplayer/swsh10-146,https://images.pokemontcg.io/swsh10/146_hires.png,2026/08/08,2025/11/21,0.25,0.05000000074505806,0.2800000011920929,3.440000057220459,,0.42,,,,0.1038,0.0231,0.15,0.2422,0.31139999628067017,0.1269,0.1038,0.7728,0.4845,0.3114,1.1535,2026-08-09
swsh10-147,Irida,holofoil,Astral Radiance,147,Rare Holo,kirisAki,Supporter,,Trainer,2022/05/27,"tcgplayer,cardmarket",https://prices.pokemontcg.io/tcgplayer/swsh10-147,https://images.pokemontcg.io/swsh10/147_hires.png,2026/08/08,2025/11/21,0.52,0.23999999463558197,0.5600000023841858,19.979999542236328,,0.68,,,,0.4268,0.0231,0.3576,0.0,0.29989999532699585,0.4037,0.4383,0.0,0.0,0.0,1.1535,2026-08-09
swsh10-148,Jubilife Village,normal,Astral Radiance,148,Uncommon,Oswaldo KATO,Stadium,,Trainer,2022/05/27,"tcgplayer,cardmarket",https://prices.pokemontcg.io/tcgplayer/swsh10-148,https://images.pokemontcg.io/swsh10/148_hires.png,2026/08/08,2025/11/21,0.12,0.009999999776482582,0.15000000596046448,19.979999542236328,,0.18,,,,0.0346,0.0231,0.0346,0.15,0.023099999874830246,0.0346,0.0346,0.2192,0.1846,0.15,1.1535,2026-08-09
swsh10-149,Kamado,normal,Astral Radiance,149,Uncommon,Hitoshi Ariga,Supporter,,Trainer,2022/05/27,"tcgplayer,cardmarket",https://prices.pokemontcg.io/tcgplayer/swsh10-149,https://images.pokemontcg.io/swsh10/149_hires.png,2026/08/08,2025/11/21,0.07,0.009999999776482582,0.15000000596046448,19.979999542236328,,0.18,,,,0.0346,0.0231,0.0346,0.1269,0.023099999874830246,0.0231,0.0346,0.2307,0.1384,0.15,1.1535,2026-08-09
swsh10-150,Roxanne,normal,Astral Radiance,150,Uncommon,Megumi Mizutani,Supporter,,Trainer,2022/05/27,"tcgplayer,cardmarket",https://prices.pokemontcg.io/tcgplayer/swsh10-150,https://images.pokemontcg.io/swsh10/150_hires.png,2026/08/08,2025/11/21,0.21,0.009999999776482582,0.2199999988079071,2.990000009536743,,0.25,,,,0.0,0.0231,0.0,74.966,0.0,0.0,0.0,74.966,15.2377,14.338,1.1535,2026-08-09
swsh10-151,Spicy Seasoned Curry,normal,Astral Radiance,151,Uncommon,AYUMI ODASHIMA,Item,,Trainer,2022/05/27,"tcgplayer,cardmarket",https://prices.pokemontcg.io/tcgplayer/swsh10-151,https://images.pokemontcg.io/swsh10/151_hires.png,2026/08/08,2025/11/21,0.08,0.009999999776482582,0.15000000596046448,1000.0,,0.22,,,,0.0346,0.0231,0.0461,0.15,0.023099999874830246,0.0346,0.0346,0.4499,0.15,0.1615,1.1535,2026-08-09
swsh10-152,Supereffective Glasses,normal,Astral Radiance,152,Uncommon,Ryo Ueda,Item|Pokémon Tool,,Trainer,2022/05/27,"tcgplayer,cardmarket",https://prices.pokemontcg.io/tcgplayer/swsh10-152,https://images.pokemontcg.io/swsh10/152_hires.png,2026/08/08,2025/11/21,0.12,0.009999999776482582,0.1599999964237213,19.979999542236328,,0.19,,,,0.0461,0.0231,0.0346,0.1384,0.023099999874830246,0.0346,0.0461,0.2076,0.173,0.15,1.1535,2026-08-09
swsh10-153,Sweet Honey,normal,Astral Radiance,153,Uncommon,ORBITALLINK Inc.,Item,,Trainer,2022/05/27,"tcgplayer,cardmarket",https://prices.pokemontcg.io/tcgplayer/swsh10-153,https://images.pokemontcg.io/swsh10/153_hires.png,2026/08/08,2025/11/21,0.08,0.009999999776482582,0.17000000178813934,1000.0,,0.23,,,,0.0346,0.0231,0.0577,0.15,0.09229999780654907,0.0346,0.0346,0.0346,0.15,0.173,1.1535,2026-08-09
swsh10-154,Switch Cart,normal,Astral Radiance,154,Uncommon,Toyste Beach,Item,,Trainer,2022/05/27,"tcgplayer,cardmarket",https://prices.pokemontcg.io/tcgplayer/swsh10-154,https://images.pokemontcg.io/swsh10/154_hires.png,2026/08/08,2025/11/21,0.24,0.009999999776482582,0.25999999046325684,4.989999771118164,,0.35,,,,0.2999,0.0231,0.2307,0.4153,1.1303999423980713,0.4845,0.323,0.1154,0.496,0.4845,1.1535,2026-08-09
swsh10-155,Temple of Sinnoh,normal,Astral Radiance,155,Uncommon,Oswaldo KATO,Stadium,,Trainer,2022/05/27,"tcgplayer,cardmarket",https://prices.pokemontcg.io/tcgplayer/swsh10-155,https://images.pokemontcg.io/swsh10/155_hires.png,2026/08/08,2025/11/21,0.19,0.019999999552965164,0.20000000298023224,2.990000009536743,,0.27,,,,0.0577,0.0231,0.0461,0.1846,0.17299999296665192,0.0577,0.0577,0.2653,0.2192,0.1846,1.1535,2026-08-09
swsh10-156,Trekking Shoes,normal,Astral Radiance,156,Uncommon,Toyste Beach,Item,,Trainer,2022/05/27,"tcgplayer,cardmarket",https://prices.pokemontcg.io/tcgplayer/swsh10-156,https://images.pokemontcg.io/swsh10/156_hires.png,2026/08/08,2025/11/18,0.16,0.009999999776482582,0.1899999976158142,2.990000009536743,,0.24,,,,0.0692,0.0231,0.0807,0.2076,0.023099999874830246,0.0807,0.0577,0.1154,0.2999,0.2653,1.1535,2026-08-09
swsh10-157,Unidentified Fossil,normal,Astral Radiance,157,Uncommon,AYUMI ODASHIMA,Item,,Trainer,2022/05/27,"tcgplayer,cardmarket",https://prices.pokemontcg.io/tcgplayer/swsh10-157,https://images.pokemontcg.io/swsh10/157_hires.png,2026/08/08,2025/11/18,0.12,0.009999999776482582,0.15000000596046448,2.990000009536743,,0.25,,,,0.0461,0.0231,0.0461,0.1269,0.023099999874830246,0.0346,0.0346,0.2076,0.1269,0.1615,1.1535,2026-08-09
swsh10-158,Wait and See Turbo,normal,Astral Radiance,158,Uncommon,sadaji,Item,,Trainer,2022/05/27,"tcgplayer,cardmarket",https://prices.pokemontcg.io/tcgplayer/swsh10-158,https://images.pokemontcg.io/swsh10/158_hires.png,2026/08/08,2025/11/18,0.05,0.009999999776482582,0.15000000596046448,19.979999542236328,,0.11,,,,0.0346,0.0231,0.0231,0.1154,0.023099999874830246,0.0231,0.0346,0.346,0.1384,0.1384,1.1535,2026-08-09
swsh10-159,Zisu,normal,Astral Radiance,159,Uncommon,kirisAki,Supporter,,Trainer,2022/05/27,"tcgplayer,cardmarket",https://prices.pokemontcg.io/tcgplayer/swsh10-159,https://images.pokemontcg.io/swsh10/159_hires.png,2026/08/08,2025/11/18,0.04,0.009999999776482582,0.15000000596046448,19.979999542236328,,0.17,,,,0.0461,0.0231,0.0577,0.1154,0.023099999874830246,0.0346,0.0461,0.1154,0.0923,0.1615,1.1535,2026-08-09
swsh10-160,Beedrill V,holofoil,Astral Radiance,160,Rare Ultra,Ayaka Yoshida,Basic|V,15,Pokémon,2022/05/27,"tcgplayer,cardmarket",https://prices.pokemontcg.io/tcgplayer/swsh10-160,https://images.pokemontcg.io/swsh10/160_hires.png,2026/08/08,2025/11/18,4.26,3.0,4.349999904632568,99.0,,,,,,3.7258,1.142,3.6797,0.0,4.071899890899658,3.8296,3.945,0.0,0.0,0.0,1.1535,2026-08-09
swsh10-161,Beedrill V,holofoil,Astral Radiance,161,Rare Ultra,Narumi Sato,Basic|V,15,Pokémon,2022/05/27,"tcgplayer,cardmarket",https://prices.pokemontcg.io/tcgplayer/swsh10-161,https://images.pokemontcg.io/swsh10/161_hires.png,2026/08/08,2025/11/18,84.01,72.62000274658203,89.98999786376953,487.4100036621094,,,,,,36.3814,19.6095,37.408,0.0,44.409698486328125,40.6263,38.9998,0.0,0.0,0.0,1.1535,2026-08-09
swsh10-162,Hisuian Lilligant V,holofoil,Astral Radiance,162,Rare Ultra,5ban Graphics,Basic|V,549,Pokémon,2022/05/27,"tcgplayer,cardmarket",https://prices.pokemontcg.io/tcgplayer/swsh10-162,https://images.pokemontcg.io/swsh10/162_hires.png,2026/08/08,2025/11/18,4.03,2.5,4.0,50.0,,,,,,2.6761,1.1535,2.653,0.0,2.306999921798706,2.5377,2.6761,0.0,0.0,0.0,1.1535,2026-08-09
swsh10-163,Hisuian Lilligant V,holofoil,Astral Radiance,163,Rare Ultra,kodama,Basic|V,549,Pokémon,2022/05/27,"tcgplayer,cardmarket",https://prices.pokemontcg.io/tcgplayer/swsh10-163,https://images.pokemontcg.io/swsh10/163_hires.png,2026/08/08,2025/11/18,29.24,26.56999969482422,30.350000381469727,96.93000030517578,,,,,,19.5057,11.535,20.3016,0.0,19.609500885009766,19.0904,19.5288,0.0,0.0,0.0,1.1535,2026-08-09
swsh10-164,Virizion V,holofoil,Astral Radiance,164,Rare Ultra,Saki Hayashiro,Basic|V,640,Pokémon,2022/05/27,"tcgplayer,cardmarket",https://prices.pokemontcg.io/tcgplayer/swsh10-164,https://images.pokemontcg.io/swsh10/164_hires.png,2026/08/08,2025/11/18,2.17,1.5,2.299999952316284,28.940000534057617,,,,,,3.299,2.1916,3.4605,0.0,2.9068000316619873,3.4028,3.299,0.0,0.0,0.0,1.1535,2026-08-09
swsh10-165,Heatran V,holofoil,Astral Radiance,165,Rare Ultra,Studio Bora Inc.,Basic|V,485,Pokémon,2022/05/27,"tcgplayer,cardmarket",https://prices.pokemontcg.io/tcgplayer/swsh10-165,https://images.pokemontcg.io/swsh10/165_hires.png,2026/08/08,2025/11/18,2.05,1.25,2.1500000953674316,20.0,,,,,,2.7453,1.0958,2.63,0.0,1.9033000469207764,2.5954,2.7684,0.0,0.0,0.0,1.1535,2026-08-09
swsh10-166,Starmie V,holofoil,Astral Radiance,166,Rare Ultra,Eske Yoshinob,Basic|V,121,Pokémon,2022/05/27,"tcgplayer,cardmarket",https://prices.pokemontcg.io/tcgplayer/swsh10-166,https://images.pokemontcg.io/swsh10/166_hires.png,2026/08/08,2025/11/18,3.68,2.0,4.260000228881836,99.0,,,,,,3.6797,1.7302,3.1491,0.0,3.2183001041412354,3.5066,3.8065,0.0,0.0,0.0,1.1535,2026-08-09
swsh10-167,Origin Forme Palkia V,holofoil,Astral Radiance,167,Rare Ultra,Oswaldo KATO,Basic|V,484,Pokémon,2022/05/27,"tcgplayer,cardmarket",https://prices.pokemontcg.io/tcgplayer/swsh10-167,https://images.pokemontcg.io/swsh10/167_hires.png,2026/08/08,2025/11/18,92.83,71.98999786376953,98.16000366210938,666.1799926757812,,,,,,90.319,46.14,82.8213,0.0,80.74500274658203,73.7317,83.9517,0.0,0.0,0.0,1.1535,2026-08-09
swsh10-168,Luxray V,holofoil,Astral Radiance,168,Rare Ultra,MUGENUP,Basic|V,405,Pokémon,2022/05/27,"tcgplayer,cardmarket",https://prices.pokemontcg.io/tcgplayer/swsh10-168,https://images.pokemontcg.io/swsh10/168_hires.png,2026/08/08,2025/11/18,5.39,4.0,5.760000228881836,600.0,,,,,,4.5102,2.3647,5.0177,0.0,4.556300163269043,4.6025,4.4756,0.0,0.0,0.0,1.1535,2026-08-09
swsh10-169,Hisuian Typhlosion V,holofoil,Astral Radiance,169,Rare Ultra,5ban Graphics,Basic|V,157,Pokémon,2022/05/27,"tcgplayer,cardmarket",https://prices.pokemontcg.io/tcgplayer/swsh10-169,https://images.pokemontcg.io/swsh10/169_hires.png,2026/08/08,2025/11/18,5.7,4.789999961853027,5.75,10.0,,,,,,4.4294,2.0071,1.165,0.0,3.0106000900268555,4.2218,5.6637,0.0,0.0,0.0,1.1535,2026-08-09
swsh10-170,Jirachi V,holofoil,Astral Radiance,170,Rare Ultra,N-DESIGN Inc.,Basic|V,385,Pokémon,2022/05/27,"tcgplayer,cardmarket",https://prices.pokemontcg.io/tcgplayer/swsh10-170,https://images.pokemontcg.io/swsh10/170_hires.png,2026/08/08,2025/11/18,24.04,21.989999771118164,26.450000762939453,149.3000030517578,,,,,,7.094,3.1145,7.7054,0.0,4.498600006103516,7.0017,7.0363,0.0,0.0,0.0,1.1535,2026-08-09
swsh10-171,Machamp V,holofoil,Astral Radiance,171,Rare Ultra,Ryo Ueda,Basic|V,68,Pokémon,2022/05/27,"tcgplayer,cardmarket",https://prices.pokemontcg.io/tcgplayer/swsh10-171,https://images.pokemontcg.io/swsh10/171_hires.png,2026/08/08,2025/11/18,10.38,8.0,10.390000343322754,96.69999694824219,,,,,,9.8624,3.4605,8.9512,0.0,5.767499923706055,10.7968,11.1313,0.0,0.0,0.0,1.1535,2026-08-09
swsh10-172,Machamp V,holofoil,Astral Radiance,172,Rare Ultra,Shinya Komatsu,Basic|V,68,Pokémon,2022/05/27,"tcgplayer,cardmarket",https://prices.pokemontcg.io/tcgplayer/swsh10-172,https://images.pokemontcg.io/swsh10/172_hires.png,2026/08/08,2025/11/18,209.47,198.00999450683594,229.99000549316406,1380.9200439453125,,,,,,129.6419,51.896,123.3092,0.0,121.11750030517578,124.3242,134.2789,0.0,0.0,0.0,1.1535,2026-08-09
swsh10-173,Hisuian Decidueye V,holofoil,Astral Radiance,173,Rare Ultra,5ban Graphics,Basic|V,724,Pokémon,2022/05/27,"tcgplayer,cardmarket",https://prices.pokemontcg.io/tcgplayer/swsh10-173,https://images.pokemontcg.io/swsh10/173_hires.png,2026/08/08,2025/11/18,2.15,1.2899999618530273,2.3399999141693115,25.420000076293945,,,,,,2.3762,1.3842,2.0186,0.0,1.7302000522613525,2.1224,2.4916,0.0,0.0,0.0,1.1535,2026-08-09
swsh10-174,Hisuian Sneasler V,holofoil,Astral Radiance,174,Rare Ultra,5ban Graphics,Basic|V,903,Pokémon,2022/05/27,"tcgplayer,cardmarket",https://prices.pokemontcg.io/tcgplayer/swsh10-174,https://images.pokemontcg.io/swsh10/174_hires.png,2026/08/08,2025/11/18,5.56,3.569999933242798,5.840000152587891,89.98999786376953,,,,,,5.4099,2.2955,5.0639,0.0,6.0559000968933105,5.6291,5.8598,0.0,0.0,0.0,1.1535,2026-08-09
swsh10-175,Hisuian Sneasler V,holofoil,Astral Radiance,175,Rare Ultra,OKACHEKE,Basic|V,903,Pokémon,2022/05/27,"tcgplayer,cardmarket",https://prices.pokemontcg.io/tcgplayer/swsh10-175,https://images.pokemontcg.io/swsh10/175_hires.png,2026/08/08,2025/11/18,39.32,34.40999984741211,40.060001373291016,353.8800048828125,,,,,,45.5632,20.763,34.2359,0.0,31.479000091552734,31.4559,38.7691,0.0,0.0,0.0,1.1535,2026-08-09
swsh10-176,Hisuian Samurott V,holofoil,Astral Radiance,176,Rare Ultra,5ban Graphics,Basic|V,503,Pokémon,2022/05/27,"tcgplayer,cardmarket",https://prices.pokemontcg.io/tcgplayer/swsh10-176,https://images.pokemontcg.io/swsh10/176_hires.png,2026/08/08,2025/11/18,3.24,1.9700000286102295,3.2200000286102295,10.989999771118164,,,,,,3.2298,0.5767,3.5297,0.0,2.306999921798706,3.0452,3.2183,0.0,0.0,0.0,1.1535,2026-08-09
swsh10-177,Origin Forme Dialga V,holofoil,Astral Radiance,177,Rare Ultra,Mitsuhiro Arita,Basic|V,483,Pokémon,2022/05/27,"tcgplayer,cardmarket",https://prices.pokemontcg.io/tcgplayer/swsh10-177,https://images.pokemontcg.io/swsh10/177_hires.png,2026/08/08,2025/11/18,66.46,56.33000183105469,70.0,598.1400146484375,,,,,,65.1958,23.07,83.7556,0.0,265.30499267578125,64.5845,57.0406,0.0,0.0,0.0,1.1535,2026-08-09
swsh10-178,Garchomp V,holofoil,Astral Radiance,178,Rare Ultra,N-DESIGN Inc.,Basic|V,445,Pokémon,2022/05/27,"tcgplayer,cardmarket",https://prices.pokemontcg.io/tcgplayer/swsh10-178,https://images.pokemontcg.io/swsh10/178_hires.png,2026/08/08,2025/11/18,9.79,6.5,10.0,100.0,,,,,,6.3096,4.614,6.0905,0.0,7.855299949645996,6.9325,6.5057,0.0,0.0,0.0,1.1535,2026-08-09
swsh10-179,Oranguru V,holofoil,Astral Radiance,179,Rare Ultra,Toyste Beach,Basic|V,765,Pokémon,2022/05/27,"tcgplayer,cardmarket",https://prices.pokemontcg.io/tcgplayer/swsh10-179,https://images.pokemontcg.io/swsh10/179_hires.png,2026/08/08,2025/11/18,1.99,0.9900000095367432,2.119999885559082,99.0,,,,,,2.3416,1.4995,2.1455,0.0,3.345099925994873,2.3993,2.457,0.0,0.0,0.0,1.1535,2026-08-09
swsh10-180,Wyrdeer V,holofoil,Astral Radiance,180,Rare Ultra,aky CG Works,Basic|V,899,Pokémon,2022/05/27,"tcgplayer,cardmarket",https://prices.pokemontcg.io/tcgplayer/swsh10-180,https://images.pokemontcg.io/swsh10/180_hires.png,2026/08/08,2025/11/18,2.06,1.600000023841858,2.25,26.420000076293945,,,,,,2.48,0.5767,2.2263,0.0,1.707200050354004,2.0648,2.7107,0.0,0.0,0.0,1.1535,2026-08-09
swsh10-181,Adaman,holofoil,Astral Radiance,181,Rare Ultra,Souichirou Gunjima,Supporter,,Trainer,2022/05/27,"tcgplayer,cardmarket",https://prices.pokemontcg.io/tcgplayer/swsh10-181,https://images.pokemontcg.io/swsh10/181_hires.png,2026/08/08,2025/11/18,4.03,3.0,4.190000057220459,42.70000076293945,,,,,,3.968,2.8261,3.9104,0.0,4.037300109863281,3.9911,4.291,0.0,0.0,0.0,1.1535,2026-08-09
swsh10-182,Choy,holofoil,Astral Radiance,182,Rare Ultra,Hitoshi Ariga,Supporter,,Trainer,2022/05/27,"tcgplayer,cardmarket",https://prices.pokemontcg.io/tcgplayer/swsh10-182,https://images.pokemontcg.io/swsh10/182_hires.png,2026/08/08,2025/11/18,1.56,0.9900000095367432,1.6299999952316284,99.0,,,,,,2.1801,1.1535,2.8376,0.0,2.2955000400543213,3.0222,2.1916,0.0,0.0,0.0,1.1535,2026-08-09
swsh10-183,Cyllene,holofoil,Astral Radiance,183,Rare Ultra,nagimiso,Supporter,,Trainer,2022/05/27,"tcgplayer,cardmarket",https://prices.pokemontcg.io/tcgplayer/swsh10-183,https://images.pokemontcg.io/swsh10/183_hires.png,2026/08/08,2025/11/18,2.52,1.399999976158142,2.640000104904175,18.56999969482422,,,,,,3.3798,1.1535,3.299,0.0,3.4605000019073486,3.5412,3.4605,0.0,0.0,0.0,1.1535,2026-08-09
swsh10-184,Gardenia's Vigor,holofoil,Astral Radiance,184,Rare Ultra,En Morikura,Supporter,,Trainer,2022/05/27,"tcgplayer,cardmarket",https://prices.pokemontcg.io/tcgplayer/swsh10-184,https://images.pokemontcg.io/swsh10/184_hires.png,2026/08/08,2025/11/18,8.28,6.079999923706055,8.720000267028809,99.69000244140625,,,,,,7.913,3.4605,7.9245,0.0,7.486199855804443,7.8323,7.7977,0.0,0.0,0.0,1.1535,2026-08-09
swsh10-185,Grant,holofoil,Astral Radiance,185,Rare Ultra,Hideki Ishikawa,Supporter,,Trainer,2022/05/27,"tcgplayer,cardmarket",https://prices.pokemontcg.io/tcgplayer/swsh10-185,https://images.pokemontcg.io/swsh10/185_hires.png,2026/08/08,2025/11/18,1.5,0.9900000095367432,1.7699999809265137,95.1500015258789,,,,,,2.653,1.1535,2.5262,0.0,3.4489998817443848,2.7338,2.6877,0.0,0.0,0.0,1.1535,2026-08-09
swsh10-186,Irida,holofoil,Astral Radiance,186,Rare Ultra,kirisAki,Supporter,,Trainer,2022/05/27,"tcgplayer,cardmarket",https://prices.pokemontcg.io/tcgplayer/swsh10-186,https://images.pokemontcg.io/swsh10/186_hires.png,2026/08/08,2025/11/18,8.52,6.900000095367432,9.430000305175781,73.70999908447266,,,,,,9.8624,5.7098,9.2511,0.0,9.458700180053711,9.2511,9.7817,0.0,0.0,0.0,1.1535,2026-08-09
swsh10-187,Kamado,holofoil,Astral Radiance,187,Rare Ultra,Hitoshi Ariga,Supporter,,Trainer,2022/05/27,"tcgplayer,cardmarket",https://prices.pokemontcg.io/tcgplayer/swsh10-187,https://images.pokemontcg.io/swsh10/187_hires.png,2026/08/08,2025/11/18,1.68,1.0,1.9299999475479126,24.719999313354492,,,,,,2.3647,1.1304,2.5723,0.0,1.8802000284194946,2.2724,2.3185,0.0,0.0,0.0,1.1535,2026-08-09
swsh10-188,Roxanne,holofoil,Astral Radiance,188,Rare Ultra,Sanosuke Sakuma,Supporter,,Trainer,2022/05/27,"tcgplayer,cardmarket",https://prices.pokemontcg.io/tcgplayer/swsh10-188,https://images.pokemontcg.io/swsh10/188_hires.png,2026/08/08,2025/11/18,5.44,3.9800000190734863,5.880000114440918,99.97000122070312,,,,,,5.3753,3.449,5.7098,0.0,5.652200222015381,5.6637,5.3522,0.0,0.0,0.0,1.1535,2026-08-09
swsh10-189,Zisu,holofoil,Astral Radiance,189,Rare Ultra,kirisAki,Supporter,,Trainer,2022/05/27,"tcgplayer,cardmarket",https://prices.pokemontcg.io/tcgplayer/swsh10-189,https://images.pokemontcg.io/swsh10/189_hires.png,2026/08/08,2025/11/18,1.63,0.9800000190734863,1.9600000381469727,16.469999313354492,,,,,,2.5377,1.0381,2.3762,0.0,2.306999921798706,2.2378,2.5608,0.0,0.0,0.0,1.1535,2026-08-09
swsh10-190,Hisuian Lilligant VSTAR,holofoil,Astral Radiance,190,Rare Rainbow,5ban Graphics,VSTAR,549,Pokémon,2022/05/27,"tcgplayer,cardmarket",https://prices.pokemontcg.io/tcgplayer/swsh10-190,https://images.pokemontcg.io/swsh10/190_hires.png,2026/08/08,2025/11/18,8.05,6.0,8.5,72.44999694824219,,,,,,7.1402,4.5909,7.0363,0.0,4.498600006103516,6.9095,7.4862,0.0,0.0,0.0,1.1535,2026-08-09
swsh10-191,Heatran VMAX,holofoil,Astral Radiance,191,Rare Rainbow,N-DESIGN Inc.,VMAX,485,Pokémon,2022/05/27,"tcgplayer,cardmarket",https://prices.pokemontcg.io/tcgplayer/swsh10-191,https://images.pokemontcg.io/swsh10/191_hires.png,2026/08/08,2025/11/18,7.01,5.0,7.360000133514404,19.950000762939453,,,,,,7.2901,5.7675,7.0248,0.0,5.767499923706055,6.9556,7.2209,0.0,0.0,0.0,1.1535,2026-08-09
swsh10-192,Origin Forme Palkia VSTAR,holofoil,Astral Radiance,192,Rare Rainbow,aky CG Works,VSTAR,484,Pokémon,2022/05/27,"tcgplayer,cardmarket",https://prices.pokemontcg.io/tcgplayer/swsh10-192,https://images.pokemontcg.io/swsh10/192_hires.png,2026/08/08,2025/11/18,15.72,11.479999542236328,16.68000030517578,104.27999877929688,,,,,,15.0416,4.4986,14.6379,0.0,18.88279914855957,15.007,15.7568,0.0,0.0,0.0,1.1535,2026-08-09
swsh10-193,Hisuian Typhlosion VSTAR,holofoil,Astral Radiance,193,Rare Rainbow,5ban Graphics,VSTAR,157,Pokémon,2022/05/27,"tcgplayer,cardmarket",https://prices.pokemontcg.io/tcgplayer/swsh10-193,https://images.pokemontcg.io/swsh10/193_hires.png,2026/08/08,2025/11/18,13.87,11.989999771118164,15.0,76.83999633789062,,,,,,9.7586,6.1712,10.6237,0.0,9.112700462341309,10.2546,10.5315,0.0,0.0,0.0,1.1535,2026-08-09
swsh10-194,Machamp VMAX,holofoil,Astral Radiance,194,Rare Rainbow,N-DESIGN Inc.,VMAX,68,Pokémon,2022/05/27,"tcgplayer,cardmarket",https://prices.pokemontcg.io/tcgplayer/swsh10-194,https://images.pokemontcg.io/swsh10/194_hires.png,2026/08/08,2025/11/18,17.3,13.640000343322754,18.0,33.33000183105469,,,,,,10.8429,4.614,11.0736,0.0,11.465800285339355,11.2582,11.6619,0.0,0.0,0.0,1.1535,2026-08-09
swsh10-195,Hisuian Decidueye VSTAR,holofoil,Astral Radiance,195,Rare Rainbow,5ban Graphics,VSTAR,724,Pokémon,2022/05/27,"tcgplayer,cardmarket",https://prices.pokemontcg.io/tcgplayer/swsh10-195,https://images.pokemontcg.io/swsh10/195_hires.png,2026/08/08,2025/11/18,7.52,6.0,7.989999771118164,70.18000030517578,,,,,,7.4285,3.449,7.1286,0.0,6.921000003814697,6.8979,7.7861,0.0,0.0,0.0,1.1535,2026-08-09
swsh10-196,Kleavor VSTAR,holofoil,Astral Radiance,196,Rare Rainbow,5ban Graphics,VSTAR,900,Pokémon,2022/05/27,"tcgplayer,cardmarket",https://prices.pokemontcg.io/tcgplayer/swsh10-196,https://images.pokemontcg.io/swsh10/196_hires.png,2026/08/08,2025/11/18,8.54,6.429999828338623,8.710000038146973,75.98999786376953,,,,,,9.6433,5.1907,9.2165,0.0,11.53499984741211,9.7009,9.3895,0.0,0.0,0.0,1.1535,2026-08-09
swsh10-197,Hisuian Samurott VSTAR,holofoil,Astral Radiance,197,Rare Rainbow,5ban Graphics,VSTAR,503,Pokémon,2022/05/27,"tcgplayer,cardmarket",https://prices.pokemontcg.io/tcgplayer/swsh10-197,https://images.pokemontcg.io/swsh10/197_hires.png,2026/08/08,2025/11/18,8.23,6.53000020980835,9.180000305175781,77.95999908447266,,,,,,8.5359,4.614,8.8358,0.0,8.051400184631348,7.7861,8.8473,0.0,0.0,0.0,1.1535,2026-08-09
swsh10-198,Origin Forme Dialga VSTAR,holofoil,Astral Radiance,198,Rare Rainbow,5ban Graphics,VSTAR,483,Pokémon,2022/05/27,"tcgplayer,cardmarket",https://prices.pokemontcg.io/tcgplayer/swsh10-198,https://images.pokemontcg.io/swsh10/198_hires.png,2026/08/08,2025/11/18,18.25,11.989999771118164,19.059999465942383,131.52000427246094,,,,,,15.6069,4.614,16.0337,0.0,13.842000007629395,15.6645,15.3877,0.0,0.0,0.0,1.1535,2026-08-09
swsh10-199,Adaman,holofoil,Astral Radiance,199,Rare Rainbow,Souichirou Gunjima,Supporter,,Trainer,2022/05/27,"tcgplayer,cardmarket",https://prices.pokemontcg.io/tcgplayer/swsh10-199,https://images.pokemontcg.io/swsh10/199_hires.png,2026/08/08,2025/11/18,5.53,4.0,5.699999809265137,96.94999694824219,,,,,,5.3407,3.2183,4.8793,0.0,3.4258999824523926,5.4215,5.6406,0.0,0.0,0.0,1.1535,2026-08-09
swsh10-200,Choy,holofoil,Astral Radiance,200,Rare Rainbow,Hitoshi Ariga,Supporter,,Trainer,2022/05/27,"tcgplayer,cardmarket",https://prices.pokemontcg.io/tcgplayer/swsh10-200,https://images.pokemontcg.io/swsh10/200_hires.png,2026/08/08,2025/11/18,3.72,2.930000066757202,3.859999895095825,38.0,,,,,,6.1597,2.2955,6.7018,0.0,5.767499923706055,6.3327,6.2635,0.0,0.0,0.0,1.1535,2026-08-09
swsh10-201,Cyllene,holofoil,Astral Radiance,201,Rare Rainbow,nagimiso,Supporter,,Trainer,2022/05/27,"tcgplayer,cardmarket",https://prices.pokemontcg.io/tcgplayer/swsh10-201,https://images.pokemontcg.io/swsh10/201_hires.png,2026/08/08,2025/11/18,3.74,2.75,4.139999866485596,33.65999984741211,,,,,,6.3789,3.4605,6.2058,0.0,9.285699844360352,6.6788,7.0017,0.0,0.0,0.0,1.1535,2026-08-09
swsh10-202,Gardenia's Vigor,holofoil,Astral Radiance,202,Rare Rainbow,En Morikura,Supporter,,Trainer,2022/05/27,"tcgplayer,cardmarket",https://prices.pokemontcg.io/tcgplayer/swsh10-202,https://images.pokemontcg.io/swsh10/202_hires.png,2026/08/08,2025/11/18,5.77,4.389999866485596,6.349999904632568,49.22999954223633,,,,,,6.6788,3.449,6.5634,0.0,6.632599830627441,7.1748,7.0363,0.0,0.0,0.0,1.1535,2026-08-09
swsh10-203,Grant,holofoil,Astral Radiance,203,Rare Rainbow,Hideki Ishikawa,Supporter,,Trainer,2022/05/27,"tcgplayer,cardmarket",https://prices.pokemontcg.io/tcgplayer/swsh10-203,https://images.pokemontcg.io/swsh10/203_hires.png,2026/08/08,2025/11/18,3.54,2.950000047683716,3.9200000762939453,41.34000015258789,,,,,,5.4791,3.449,6.0789,0.0,4.613999843597412,5.8367,6.1712,0.0,0.0,0.0,1.1535,2026-08-09
swsh10-204,Irida,holofoil,Astral Radiance,204,Rare Rainbow,kirisAki,Supporter,,Trainer,2022/05/27,"tcgplayer,cardmarket",https://prices.pokemontcg.io/tcgplayer/swsh10-204,https://images.pokemontcg.io/swsh10/204_hires.png,2026/08/08,2025/11/18,9.41,7.0,10.380000114440918,49.95000076293945,,,,,,11.039,3.4605,11.3389,0.0,11.385000228881836,11.3389,11.7542,0.0,0.0,0.0,1.1535,2026-08-09
swsh10-205,Kamado,holofoil,Astral Radiance,205,Rare Rainbow,Hitoshi Ariga,Supporter,,Trainer,2022/05/27,"tcgplayer,cardmarket",https://prices.pokemontcg.io/tcgplayer/swsh10-205,https://images.pokemontcg.io/swsh10/205_hires.png,2026/08/08,2025/11/18,4.56,3.0,4.800000190734863,50.29999923706055,,,,,,5.4791,3.4605,5.6175,0.0,4.556300163269043,5.5253,5.7675,0.0,0.0,0.0,1.1535,2026-08-09
swsh10-206,Roxanne,holofoil,Astral Radiance,206,Rare Rainbow,Sanosuke Sakuma,Supporter,,Trainer,2022/05/27,"tcgplayer,cardmarket",https://prices.pokemontcg.io/tcgplayer/swsh10-206,https://images.pokemontcg.io/swsh10/206_hires.png,2026/08/08,2025/11/18,5.5,4.0,5.989999771118164,20.0,,,,,,7.0133,2.8838,7.0017,0.0,7.486199855804443,7.1402,6.9556,0.0,0.0,0.0,1.1535,2026-08-09
swsh10-207,Zisu,holofoil,Astral Radiance,207,Rare Rainbow,kirisAki,Supporter,,Trainer,2022/05/27,"tcgplayer,cardmarket",https://prices.pokemontcg.io/tcgplayer/swsh10-207,https://images.pokemontcg.io/swsh10/207_hires.png,2026/08/08,2025/11/18,3.93,2.990000009536743,4.0,40.119998931884766,,,,,,6.2174,3.4605,5.929,0.0,6.921000003814697,5.7098,6.102,0.0,0.0,0.0,1.1535,2026-08-09
swsh10-208,Origin Forme Palkia VSTAR,holofoil,Astral Radiance,208,Rare Secret,aky CG Works,VSTAR,484,Pokémon,2022/05/27,"tcgplayer,cardmarket",https://prices.pokemontcg.io/tcgplayer/swsh10-208,https://images.pokemontcg.io/swsh10/208_hires.png,2026/08/08,2025/11/18,11.78,8.670000076293945,12.630000114440918,125.0,,,,,,11.5927,9.228,12.4347,0.0,10.496800422668457,13.023,11.9387,0.0,0.0,0.0,1.1535,2026-08-09
swsh10-209,Hisuian Samurott VSTAR,holofoil,Astral Radiance,209,Rare Secret,5ban Graphics,VSTAR,503,Pokémon,2022/05/27,"tcgplayer,cardmarket",https://prices.pokemontcg.io/tcgplayer/swsh10-209,https://images.pokemontcg.io/swsh10/209_hires.png,2026/08/08,2025/11/18,9.09,6.0,9.470000267028809,81.80999755859375,,,,,,7.7515,4.0257,7.244,0.0,5.190700054168701,7.4055,8.2937,0.0,0.0,0.0,1.1535,2026-08-09
swsh10-210,Origin Forme Dialga VSTAR,holofoil,Astral Radiance,210,Rare Secret,5ban Graphics,VSTAR,483,Pokémon,2022/05/27,"tcgplayer,cardmarket",https://prices.pokemontcg.io/tcgplayer/swsh10-210,https://images.pokemontcg.io/swsh10/210_hires.png,2026/08/08,2025/11/18,12.43,9.0,13.75,1000.0,,,,,,12.1579,5.1907,12.8385,0.0,10.358400344848633,13.3806,12.4924,0.0,0.0,0.0,1.1535,2026-08-09
swsh10-211,Choice Belt,holofoil,Astral Radiance,211,Rare Secret,Studio Bora Inc.,Item|Pokémon Tool,,Trainer,2022/05/27,"tcgplayer,cardmarket",https://prices.pokemontcg.io/tcgplayer/swsh10-211,https://images.pokemontcg.io/swsh10/211_hires.png,2026/08/08,2025/11/18,2.72,1.3899999856948853,2.990000009536743,25.0,,,,,,3.4259,1.3727,3.3105,0.0,2.8838000297546387,3.3913,3.5066,0.0,0.0,0.0,1.1535,2026-08-09
swsh10-212,Jubilife Village,holofoil,Astral Radiance,212,Rare Secret,Oswaldo KATO,Stadium,,Trainer,2022/05/27,"tcgplayer,cardmarket",https://prices.pokemontcg.io/tcgplayer/swsh10-212,https://images.pokemontcg.io/swsh10/212_hires.png,2026/08/08,2025/11/18,4.63,3.5299999713897705,4.900000095367432,47.84000015258789,,,,,,5.3984,3.3451,5.2946,0.0,4.613999843597412,5.1792,5.606,0.0,0.0,0.0,1.1535,2026-08-09
swsh10-213,Path to the Peak,holofoil,Astral Radiance,213,Rare Secret,Oswaldo KATO,Stadium,,Trainer,2022/05/27,"tcgplayer,cardmarket",https://prices.pokemontcg.io/tcgplayer/swsh10-213,https://images.pokemontcg.io/swsh10/213_hires.png,2026/08/08,2025/11/18,10.35,8.619999885559082,11.140000343322754,58.619998931884766,,,,,,6.8749,4.5563,6.9325,0.0,7.474699974060059,7.1402,6.6557,0.0,0.0,0.0,1.1535,2026-08-09
swsh10-214,Temple of Sinnoh,holofoil,Astral Radiance,214,Rare Secret,Oswaldo KATO,Stadium,,Trainer,2022/05/27,"tcgplayer,cardmarket",https://prices.pokemontcg.io/tcgplayer/swsh10-214,https://images.pokemontcg.io/swsh10/214_hires.png,2026/08/08,2025/11/18,4.76,3.990000009536743,5.050000190734863,99.0,,,,,,6.6326,2.9876,7.2555,0.0,7.936100006103516,7.6938,6.921,0.0,0.0,0.0,1.1535,2026-08-09
swsh10-215,Trekking Shoes,holofoil,Astral Radiance,215,Rare Secret,Toyste Beach,Item,,Trainer,2022/05/27,"tcgplayer,cardmarket",https://prices.pokemontcg.io/tcgplayer/swsh10-215,https://images.pokemontcg.io/swsh10/215_hires.png,2026/08/08,2025/11/18,3.05,2.0,3.490000009536743,38.52000045776367,,,,,,4.6717,3.3451,4.2564,0.0,3.345099925994873,4.8101,5.433,0.0,0.0,0.0,1.1535,2026-08-09
swsh10-216,Double Turbo Energy,holofoil,Astral Radiance,216,Rare Secret,,Special,,Energy,2022/05/27,"tcgplayer,cardmarket",https://prices.pokemontcg.io/tcgplayer/swsh10-216,https://images.pokemontcg.io/swsh10/216_hires.png,2026/08/08,2025/11/18,2.84,1.9900000095367432,3.2699999809265137,65.0,,,,,,5.3061,3.4605,4.6717,0.0,4.037300109863281,4.9139,5.5483,0.0,0.0,0.0,1.1535,2026-08-09
swsh10tg-TG01,Abomasnow,holofoil,Astral Radiance Trainer Gallery,TG01,Trainer Gallery Rare Holo,Mitsuhiro Arita,Stage 1|Single Strike,460,Pokémon,2022/05/27,"tcgplayer,cardmarket",https://prices.pokemontcg.io/tcgplayer/swsh10tg-TG01,https://images.pokemontcg.io/swsh10tg/TG01_hires.png,2026/08/08,2026/07/01,2.78,1.399999976158142,2.990000009536743,999.989990234375,,,,,,2.976,0.5767,3.2413,0.0,4.1757001876831055,3.3336,3.1491,0.0,0.0,0.0,1.1535,2026-08-09
swsh10tg-TG02,Flapple,holofoil,Astral Radiance Trainer Gallery,TG02,Trainer Gallery Rare Holo,Misaki Hashimoto,Stage 1,841,Pokémon,2022/05/27,"tcgplayer,cardmarket",https://prices.pokemontcg.io/tcgplayer/swsh10tg-TG02,https://images.pokemontcg.io/swsh10tg/TG02_hires.png,2026/08/08,2026/07/01,3.82,2.7899999618530273,4.0,999.989990234375,,,,,,2.5262,0.9228,2.63,0.0,2.664599895477295,2.6646,2.6184,0.0,0.0,0.0,1.1535,2026-08-09
swsh10tg-TG03,Kingdra,holofoil,Astral Radiance Trainer Gallery,TG03,Trainer Gallery Rare Holo,Taira Akitsu,Stage 2,230,Pokémon,2022/05/27,"tcgplayer,cardmarket",https://prices.pokemontcg.io/tcgplayer/swsh10tg-TG03,https://images.pokemontcg.io/swsh10tg/TG03_hires.png,2026/08/08,2026/07/01,11.72,8.5,14.0,96.94999694824219,,,,,,11.3043,2.307,10.7045,0.0,10.600700378417969,10.9929,11.7888,0.0,0.0,0.0,1.1535,2026-08-09
swsh10tg-TG04,Frosmoth,holofoil,Astral Radiance Trainer Gallery,TG04,Trainer Gallery Rare Holo,aoki,Stage 1,873,Pokémon,2022/05/27,"tcgplayer,cardmarket",https://prices.pokemontcg.io/tcgplayer/swsh10tg-TG04,https://images.pokemontcg.io/swsh10tg/TG04_hires.png,2026/08/08,2026/07/01,5.02,1.9900000095367432,5.03000020980835,999.989990234375,,,,,,3.3451,1.142,3.7489,0.0,4.3256001472473145,4.2103,3.5874,0.0,0.0,0.0,1.1535,2026-08-09
swsh10tg-TG05,Gardevoir,holofoil,Astral Radiance Trainer Gallery,TG05,Trainer Gallery Rare Holo,Sanosuke Sakuma,Stage 2,282,Pokémon,2022/05/27,"tcgplayer,cardmarket",https://prices.pokemontcg.io/tcgplayer/swsh10tg-TG05,https://images.pokemontcg.io/swsh10tg/TG05_hires.png,2026/08/08,2026/07/01,7.6,3.490000009536743,8.5,96.94999694824219,,,,,,6.4596,2.8838,7.2209,0.0,6.286600112915039,7.5785,6.771,0.0,0.0,0.0,1.1535,2026-08-09
swsh10tg-TG06,Wyrdeer,holofoil,Astral Radiance Trainer Gallery,TG06,Trainer Gallery Rare Holo,kirisAki,Stage 1,899,Pokémon,2022/05/27,"tcgplayer,cardmarket",https://prices.pokemontcg.io/tcgplayer/swsh10tg-TG06,https://images.pokemontcg.io/swsh10tg/TG06_hires.png,2026/08/08,2026/07/01,2.51,1.25,2.869999885559082,999.989990234375,,,,,,2.7338,0.5767,2.5608,0.0,2.2955000400543213,2.5723,2.7453,0.0,0.0,0.0,1.1535,2026-08-09
swsh10tg-TG07,Falinks,holofoil,Astral Radiance Trainer Gallery,TG07,Trainer Gallery Rare Holo,Kinu Nishimura,Basic|Rapid Strike,870,Pokémon,2022/05/27,"tcgplayer,cardmarket",https://prices.pokemontcg.io/tcgplayer/swsh10tg-TG07,https://images.pokemontcg.io/swsh10tg/TG07_hires.png,2026/08/08,2026/07/01,4.55,2.809999942779541,4.920000076293945,999.989990234375,,,,,,3.3913,0.9228,3.2759,0.0,3.2874999046325684,3.1721,3.4259,0.0,0.0,0.0,1.1535,2026-08-09
swsh10tg-TG08,Kleavor,holofoil,Astral Radiance Trainer Gallery,TG08,Trainer Gallery Rare Holo,Souichirou Gunjima,Stage 1,900,Pokémon,2022/05/27,"tcgplayer,cardmarket",https://prices.pokemontcg.io/tcgplayer/swsh10tg-TG08,https://images.pokemontcg.io/swsh10tg/TG08_hires.png,2026/08/08,2026/07/01,2.76,1.9900000095367432,3.25,999.989990234375,,,,,,3.2298,1.1535,3.7143,0.0,4.464000225067139,3.449,3.3567,0.0,0.0,0.0,1.1535,2026-08-09
swsh10tg-TG09,Mightyena,holofoil,Astral Radiance Trainer Gallery,TG09,Trainer Gallery Rare Holo,GOSSAN,Stage 1,262,Pokémon,2022/05/27,"tcgplayer,cardmarket",https://prices.pokemontcg.io/tcgplayer/swsh10tg-TG09,https://images.pokemontcg.io/swsh10tg/TG09_hires.png,2026/08/08,2026/07/01,4.68,3.5,5.25,999.989990234375,,,,,,3.3567,1.142,3.795,0.0,3.9219000339508057,3.3451,3.5758,0.0,0.0,0.0,1.1535,2026-08-09
swsh10tg-TG10,Galarian Obstagoon,holofoil,Astral Radiance Trainer Gallery,TG10,Trainer Gallery Rare Holo,GOSSAN,Stage 2,862,Pokémon,2022/05/27,"tcgplayer,cardmarket",https://prices.pokemontcg.io/tcgplayer/swsh10tg-TG10,https://images.pokemontcg.io/swsh10tg/TG10_hires.png,2026/08/08,2026/07/01,2.47,1.9900000095367432,2.869999885559082,999.989990234375,,,,,,2.6646,0.5767,2.5608,0.0,2.5376999378204346,2.653,2.6184,0.0,0.0,0.0,1.1535,2026-08-09
swsh10tg-TG11,Bronzong,holofoil,Astral Radiance Trainer Gallery,TG11,Trainer Gallery Rare Holo,Hataya,Stage 1,437,Pokémon,2022/05/27,"tcgplayer,cardmarket",https://prices.pokemontcg.io/tcgplayer/swsh10tg-TG11,https://images.pokemontcg.io/swsh10tg/TG11_hires.png,2026/08/08,2026/07/01,3.52,2.299999952316284,3.9200000762939453,999.989990234375,,,,,,3.0337,1.0381,3.1952,0.0,3.160599946975708,3.1606,3.126,0.0,0.0,0.0,1.1535,2026-08-09
swsh10tg-TG12,Hoothoot,holofoil,Astral Radiance Trainer Gallery,TG12,Trainer Gallery Rare Holo,HYOGONOSUKE,Basic,163,Pokémon,2022/05/27,"tcgplayer,cardmarket",https://prices.pokemontcg.io/tcgplayer/swsh10tg-TG12,https://images.pokemontcg.io/swsh10tg/TG12_hires.png,2026/08/08,2026/07/01,9.15,6.489999771118164,9.800000190734863,999.989990234375,,,,,,5.5253,2.4916,6.0213,0.0,10.254599571228027,5.4907,5.6983,0.0,0.0,0.0,1.1535,2026-08-09
swsh10tg-TG13,Starmie V,holofoil,Astral Radiance Trainer Gallery,TG13,Rare Holo V,Akira Komayama,Basic|V,121,Pokémon,2022/05/27,"tcgplayer,cardmarket",https://prices.pokemontcg.io/tcgplayer/swsh10tg-TG13,https://images.pokemontcg.io/swsh10tg/TG13_hires.png,2026/08/08,2026/07/01,126.09,120.0,135.0,300.0,,,,,,127.3579,52.9456,112.7662,0.0,98.04750061035156,113.7697,119.5257,0.0,0.0,0.0,1.1535,2026-08-09
swsh10tg-TG14,Ice Rider Calyrex V,holofoil,Astral Radiance Trainer Gallery,TG14,Rare Holo V,Mitsuhiro Arita,Basic|V,898,Pokémon,2022/05/27,"tcgplayer,cardmarket",https://prices.pokemontcg.io/tcgplayer/swsh10tg-TG14,https://images.pokemontcg.io/swsh10tg/TG14_hires.png,2026/08/08,2026/07/01,10.35,7.989999771118164,10.619999885559082,100.0,,,,,,11.3504,4.6025,11.9618,0.0,13.542099952697754,11.1889,11.4197,0.0,0.0,0.0,1.1535,2026-08-09
swsh10tg-TG15,Ice Rider Calyrex VMAX,holofoil,Astral Radiance Trainer Gallery,TG15,Rare Holo VMAX,Hitoshi Ariga,VMAX,898,Pokémon,2022/05/27,"tcgplayer,cardmarket",https://prices.pokemontcg.io/tcgplayer/swsh10tg-TG15,https://images.pokemontcg.io/swsh10tg/TG15_hires.png,2026/08/08,2026/07/01,8.53,6.760000228881836,9.0,999.989990234375,,,,,,10.866,6.3442,10.3469,0.0,10.416099548339844,10.047,10.6468,0.0,0.0,0.0,1.1535,2026-08-09
swsh10tg-TG16,Galarian Articuno V,holofoil,Astral Radiance Trainer Gallery,TG16,Rare Holo V,Kouki Saitou,Basic|V,144,Pokémon,2022/05/27,"tcgplayer,cardmarket",https://prices.pokemontcg.io/tcgplayer/swsh10tg-TG16,https://images.pokemontcg.io/swsh10tg/TG16_hires.png,2026/08/08,2026/07/01,17.42,10.770000457763672,19.0,999.989990234375,,,,,,15.33,8.0514,16.495,0.0,15.802900314331055,15.9183,15.5146,0.0,0.0,0.0,1.1535,2026-08-09
swsh10tg-TG17,Shadow Rider Calyrex V,holofoil,Astral Radiance Trainer Gallery,TG17,Rare Holo V,Oswaldo KATO,Basic|V,898,Pokémon,2022/05/27,"tcgplayer,cardmarket",https://prices.pokemontcg.io/tcgplayer/swsh10tg-TG17,https://images.pokemontcg.io/swsh10tg/TG17_hires.png,2026/08/08,2026/07/01,12.53,9.289999961853027,12.989999771118164,49.9900016784668,,,,,,11.7196,3.8412,12.8961,0.0,11.53499984741211,12.2732,12.5385,0.0,0.0,0.0,1.1535,2026-08-09
swsh10tg-TG18,Shadow Rider Calyrex VMAX,holofoil,Astral Radiance Trainer Gallery,TG18,Rare Holo VMAX,chibi,VMAX,898,Pokémon,2022/05/27,"tcgplayer,cardmarket",https://prices.pokemontcg.io/tcgplayer/swsh10tg-TG18,https://images.pokemontcg.io/swsh10tg/TG18_hires.png,2026/08/08,2026/07/01,11.35,8.460000038146973,11.920000076293945,102.1500015258789,,,,,,12.5501,5.7675,12.6193,0.0,10.289199829101562,11.5235,12.3771,0.0,0.0,0.0,1.1535,2026-08-09
swsh10tg-TG19,Galarian Zapdos V,holofoil,Astral Radiance Trainer Gallery,TG19,Rare Holo V,kirisAki,Basic|V,145,Pokémon,2022/05/27,"tcgplayer,cardmarket",https://prices.pokemontcg.io/tcgplayer/swsh10tg-TG19,https://images.pokemontcg.io/swsh10tg/TG19_hires.png,2026/08/08,2026/07/01,13.74,10.710000038146973,14.899999618530273,35.0,,,,,,12.7808,3.6912,17.0603,0.0,14.614800453186035,20.3016,14.3957,0.0,0.0,0.0,1.1535,2026-08-09
swsh10tg-TG20,Galarian Moltres V,holofoil,Astral Radiance Trainer Gallery,TG20,Rare Holo V,Jiro Sasumo,Basic|V,146,Pokémon,2022/05/27,"tcgplayer,cardmarket",https://prices.pokemontcg.io/tcgplayer/swsh10tg-TG20,https://images.pokemontcg.io/swsh10tg/TG20_hires.png,2026/08/08,2026/07/01,20.96,16.709999084472656,22.489999771118164,119.98999786376953,,,,,,22.4932,11.5235,24.731,0.0,23.046899795532227,24.3735,22.0434,0.0,0.0,0.0,1.1535,2026-08-09
swsh10tg-TG21,Zacian V,holofoil,Astral Radiance Trainer Gallery,TG21,Rare Holo V,aoki,Basic|V,888,Pokémon,2022/05/27,"tcgplayer,cardmarket",https://prices.pokemontcg.io/tcgplayer/swsh10tg-TG21,https://images.pokemontcg.io/swsh10tg/TG21_hires.png,2026/08/08,2026/07/01,21.79,16.889999389648438,23.0,100.0,,,,,,23.0008,6.7941,28.7568,0.0,20.370800018310547,24.062,23.566,0.0,0.0,0.0,1.1535,2026-08-09
swsh10tg-TG22,Zamazenta V,holofoil,Astral Radiance Trainer Gallery,TG22,Rare Holo V,Ryuta Fuse,Basic|V,889,Pokémon,2022/05/27,"tcgplayer,cardmarket",https://prices.pokemontcg.io/tcgplayer/swsh10tg-TG22,https://images.pokemontcg.io/swsh10tg/TG22_hires.png,2026/08/08,2026/07/01,9.57,7.099999904632568,10.289999961853027,95.7699966430664,,,,,,12.5039,4.0257,11.8464,0.0,11.592700004577637,10.9006,11.7311,0.0,0.0,0.0,1.1535,2026-08-09
swsh10tg-TG23,Garchomp V,holofoil,Astral Radiance Trainer Gallery,TG23,Rare Holo V,Taira Akitsu,Basic|V,445,Pokémon,2022/05/27,"tcgplayer,cardmarket",https://prices.pokemontcg.io/tcgplayer/swsh10tg-TG23,https://images.pokemontcg.io/swsh10tg/TG23_hires.png,2026/08/08,2026/07/01,83.58,72.0,89.98999786376953,400.0,,,,,,77.8612,23.07,99.0972,0.0,61.504600524902344,82.9136,81.9216,0.0,0.0,0.0,1.1535,2026-08-09
swsh10tg-TG24,Allister,holofoil,Astral Radiance Trainer Gallery,TG24,Rare Ultra,Jiro Sasumo,Supporter,,Trainer,2022/05/27,"tcgplayer,cardmarket",https://prices.pokemontcg.io/tcgplayer/swsh10tg-TG24,https://images.pokemontcg.io/swsh10tg/TG24_hires.png,2026/08/08,2026/07/01,6.85,4.949999809265137,6.829999923706055,999.989990234375,,,,,,4.9716,2.2839,5.7675,0.0,5.709799766540527,5.4676,5.1792,0.0,0.0,0.0,1.1535,2026-08-09
swsh10tg-TG25,Bea,holofoil,Astral Radiance Trainer Gallery,TG25,Rare Ultra,Souichirou Gunjima,Supporter,,Trainer,2022/05/27,"tcgplayer,cardmarket",https://prices.pokemontcg.io/tcgplayer/swsh10tg-TG25,https://images.pokemontcg.io/swsh10tg/TG25_hires.png,2026/08/08,2026/07/01,5.54,3.630000114440918,5.710000038146973,20.0,,,,,,5.3292,2.307,4.8908,0.0,4.810100078582764,5.0869,5.3061,0.0,0.0,0.0,1.1535,2026-08-09
swsh10tg-TG26,Melony,holofoil,Astral Radiance Trainer Gallery,TG26,Rare Ultra,nagimiso,Supporter,,Trainer,2022/05/27,"tcgplayer,cardmarket",https://prices.pokemontcg.io/tcgplayer/swsh10tg-TG26,https://images.pokemontcg.io/swsh10tg/TG26_hires.png,2026/08/08,2026/07/01,5.27,3.690000057220459,5.690000057220459,999.989990234375,,,,,,4.3141,2.134,4.2679,0.0,4.3256001472473145,4.291,4.3833,0.0,0.0,0.0,1.1535,2026-08-09
swsh10tg-TG27,Milo,holofoil,Astral Radiance Trainer Gallery,TG27,Rare Ultra,Sanosuke Sakuma,Supporter,,Trainer,2022/05/27,"tcgplayer,cardmarket",https://prices.pokemontcg.io/tcgplayer/swsh10tg-TG27,https://images.pokemontcg.io/swsh10tg/TG27_hires.png,2026/08/08,2026/06/25,3.51,1.559999942779541,3.5199999809265137,31.59000015258789,,,,,,3.0106,1.0958,3.1952,0.0,5.0177001953125,3.5874,3.1029,0.0,0.0,0.0,1.1535,2026-08-09
swsh10tg-TG28,Piers,holofoil,Astral Radiance Trainer Gallery,TG28,Rare Ultra,GOSSAN,Supporter,,Trainer,2022/05/27,"tcgplayer,cardmarket",https://prices.pokemontcg.io/tcgplayer/swsh10tg-TG28,https://images.pokemontcg.io/swsh10tg/TG28_hires.png,2026/08/08,2026/06/25,5.61,3.0,5.800000190734863,94.98999786376953,,,,,,4.0026,2.2493,4.4756,0.0,4.487100124359131,4.7986,4.118,0.0,0.0,0.0,1.1535,2026-08-09
swsh10tg-TG29,Ice Rider Calyrex VMAX,holofoil,Astral Radiance Trainer Gallery,TG29,Rare Secret,5ban Graphics,VMAX,898,Pokémon,2022/05/27,"tcgplayer,cardmarket",https://prices.pokemontcg.io/tcgplayer/swsh10tg-TG29,https://images.pokemontcg.io/swsh10tg/TG29_hires.png,2026/08/08,2026/06/21,4.3,3.0,4.710000038146973,999.989990234375,,,,,,3.3913,1.1535,3.2298,0.0,4.556300163269043,3.0106,3.299,0.0,0.0,0.0,1.1535,2026-08-09
swsh10tg-TG30,Shadow Rider Calyrex VMAX,holofoil,Astral Radiance Trainer Gallery,TG30,Rare Secret,5ban Graphics,VMAX,898,Pokémon,2022/05/27,"tcgplayer,cardmarket",https://prices.pokemontcg.io/tcgplayer/swsh10tg-TG30,https://images.pokemontcg.io/swsh10tg/TG30_hires.png,2026/08/08,2026/06/21,4.07,3.0,5.0,999.989990234375,,,,,,3.1375,1.1535,2.6877,0.0,2.8838000297546387,2.8953,3.0222,0.0,0.0,0.0,1.1535,2026-08-09
pgo-1,Bulbasaur,normal,Pokémon GO,1,Common,sowsow,Basic,1,Pokémon,2022/07/01,"tcgplayer,cardmarket",https://prices.pokemontcg.io/tcgplayer/pgo-1,https://images.pokemontcg.io/pgo/1_hires.png,2026/08/08,2026/07/01,0.23,0.03999999910593033,0.25,20.0,,0.56,,,,0.0923,0.0231,0.0692,0.4268,0.06920000165700912,0.0692,0.0923,0.2192,0.3345,0.3922,1.1535,2026-08-09
pgo-2,Ivysaur,normal,Pokémon GO,2,Uncommon,zig,Stage 1,2,Pokémon,2022/07/01,"tcgplayer,cardmarket",https://prices.pokemontcg.io/tcgplayer/pgo-2,https://images.pokemontcg.io/pgo/2_hires.png,2026/08/08,2026/07/01,0.26,0.009999999776482582,0.25,19.979999542236328,,0.67,,,,0.1154,0.0231,0.1154,0.646,0.12690000236034393,0.0923,0.1154,0.7498,0.7036,0.669,1.1535,2026-08-09
pgo-3,Venusaur,holofoil,Pokémon GO,3,Rare Holo,KEIICHIRO ITO,Stage 2,3,Pokémon,2022/07/01,"tcgplayer,cardmarket",https://prices.pokemontcg.io/tcgplayer/pgo-3,https://images.pokemontcg.io/pgo/3_hires.png,2026/08/08,2026/07/01,1.03,0.4399999976158142,1.2000000476837158,134.3300018310547,,1.3,,,,1.1881,0.173,2.4339,1.4649,0.7267000079154968,3.4259,1.8341,4.6025,1.6956,1.6495,1.1535,2026-08-09
pgo-4,Radiant Venusaur,holofoil,Pokémon GO,4,Radiant Rare,Misa Tsutsui,Basic|Radiant,3,Pokémon,2022/07/01,"tcgplayer,cardmarket",https://prices.pokemontcg.io/tcgplayer/pgo-4,https://images.pokemontcg.io/pgo/4_hires.png,2026/08/08,2026/07/01,9.31,7.309999942779541,10.550000190734863,500.0,,,,,,9.1357,2.8838,7.0594,0.0,8.30519962310791,8.5128,9.3087,0.0,0.0,0.0,1.1535,2026-08-09
pgo-5,Alolan Exeggutor V,holofoil,Pokémon GO,5,Rare Holo V,MUGENUP,Basic|V,103,Pokémon,2022/07/01,"tcgplayer,cardmarket",https://prices.pokemontcg.io/tcgplayer/pgo-5,https://images.pokemontcg.io/pgo/5_hires.png,2026/08/08,2026/07/01,0.79,0.44999998807907104,0.9900000095367432,5.949999809265137,,,,,,0.8997,0.1154,1.0381,0.0,0.9919999837875366,0.992,0.9459,0.0,0.0,0.0,1.1535,2026-08-09
pgo-6,Spinarak,normal,Pokémon GO,6,Common,Yuka Morii,Basic,167,Pokémon,2022/07/01,"tcgplayer,cardmarket",https://prices.pokemontcg.io/tcgplayer/pgo-6,https://images.pokemontcg.io/pgo/6_hires.png,2026/08/08,2026/07/01,0.18,0.009999999776482582,0.2199999988079071,19.979999542236328,,0.49,,,,0.0461,0.0231,0.0346,4.6025,0.023099999874830246,0.0461,0.0577,0.2307,0.3114,4.2218,1.1535,2026-08-09
pgo-7,Ariados,normal,Pokémon GO,7,Uncommon,Misa Tsutsui,Stage 1,168,Pokémon,2022/07/01,"tcgplayer,cardmarket",https://prices.pokemontcg.io/tcgplayer/pgo-7,https://images.pokemontcg.io/pgo/7_hires.png,2026/08/08,2026/07/01,0.12,0.009999999776482582,0.15000000596046448,19.979999542236328,,0.26,,,,0.0346,0.0231,0.0346,0.2768,0.03460000082850456,0.0461,0.0346,0.1846,0.2653,0.2999,1.1535,2026-08-09
pgo-8,Charmander,normal,Pokémon GO,8,Common,saino misaki,Basic,4,Pokémon,2022/07/01,"tcgplayer,cardmarket",https://prices.pokemontcg.io/tcgplayer/pgo-8,https://images.pokemontcg.io/pgo/8_hires.png,2026/08/08,2026/07/01,0.24,0.029999999329447746,0.25,19.979999542236328,,0.44,,,,0.0923,0.0231,0.0923,0.5883,0.12690000236034393,0.0923,0.0923,0.173,0.5421,0.6114,1.1535,2026-08-09
pgo-9,Charmeleon,normal,Pokémon GO,9,Uncommon,Shiburingaru,Stage 1,5,Pokémon,2022/07/01,"tcgplayer,cardmarket",https://prices.pokemontcg.io/tcgplayer/pgo-9,https://images.pokemontcg.io/pgo/9_hires.png,2026/08/08,2026/07/01,0.21,0.019999999552965164,0.25,25.0,,0.62,,,,0.1384,0.0231,0.0923,0.5767,0.09229999780654907,0.0807,0.1384,0.2307,0.6114,0.6114,1.1535,2026-08-09
pgo-10,Charizard,holofoil,Pokémon GO,10,Rare Holo,N-DESIGN Inc.,Stage 2,6,Pokémon,2022/07/01,"tcgplayer,cardmarket",https://prices.pokemontcg.io/tcgplayer/pgo-10,https://images.pokemontcg.io/pgo/10_hires.png,2026/08/08,2026/07/01,4.33,2.0,4.179999828338623,50.0,,5.57,,,,2.7799,0.8651,3.0337,3.5412,2.1570000648498535,4.614,3.5297,4.3256,3.9219,3.7373,1.1535,2026-08-09
pgo-11,Radiant Charizard,holofoil,Pokémon GO,11,Radiant Rare,Shigenori Negishi,Basic|Radiant,6,Pokémon,2022/07/01,"tcgplayer,cardmarket",https://prices.pokemontcg.io/tcgplayer/pgo-11,https://images.pokemontcg.io/pgo/11_hires.png,2026/08/08,2026/06/30,19.42,15.359999656677246,22.450000762939453,2000.0,,,,,,25.3539,9.228,42.2181,0.0,27.072599411010742,40.7647,29.0567,0.0,0.0,0.0,1.1535,2026-08-09
pgo-12,Moltres,holofoil,Pokémon GO,12,Rare Holo,Pani Kobayashi,Basic,146,Pokémon,2022/07/01,"tcgplayer,cardmarket",https://prices.pokemontcg.io/tcgplayer/pgo-12,https://images.pokemontcg.io/pgo/12_hires.png,2026/08/08,2026/06/29,0.36,0.10000000149011612,0.3799999952316284,19.979999542236328,,0.41,,,,0.3691,0.0231,0.4153,0.5075,0.4959999918937683,0.4383,0.4037,0.8651,0.5652,0.5191,1.1535,2026-08-09
pgo-13,Numel,normal,Pokémon GO,13,Common,Shibuzoh.,Basic,322,Pokémon,2022/07/01,"tcgplayer,cardmarket",https://prices.pokemontcg.io/tcgplayer/pgo-13,https://images.pokemontcg.io/pgo/13_hires.png,2026/08/08,2026/06/29,0.15,0.009999999776482582,0.1899999976158142,19.979999542236328,,0.35,,,,0.0346,0.0231,0.0461,2.8491,0.03460000082850456,0.0461,0.0461,4.4756,0.9574,2.6069,1.1535,2026-08-09
pgo-14,Camerupt,normal,Pokémon GO,14,Uncommon,yuu,Stage 1,323,Pokémon,2022/07/01,"tcgplayer,cardmarket",https://prices.pokemontcg.io/tcgplayer/pgo-14,https://images.pokemontcg.io/pgo/14_hires.png,2026/08/08,2026/06/29,0.11,0.009999999776482582,0.15000000596046448,22.0,,0.23,,,,0.0346,0.0231,0.0577,0.4037,0.04610000178217888,0.0461,0.0461,0.2999,0.3114,0.4037,1.1535,2026-08-09
pgo-15,Squirtle,normal,Pokémon GO,15,Common,sowsow,Basic,7,Pokémon,2022/07/01,"tcgplayer,cardmarket",https://prices.pokemontcg.io/tcgplayer/pgo-15,https://images.pokemontcg.io/pgo/15_hires.png,2026/08/08,2026/06/25,0.29,0.009999999776482582,0.3199999928474426,20.0,,0.73,,,,0.0923,0.0231,0.0923,0.5421,0.05770000070333481,0.0923,0.0923,1.0612,0.5652,0.5652,1.1535,2026-08-09
pgo-16,Wartortle,normal,Pokémon GO,16,Uncommon,kurumitsu,Stage 1,8,Pokémon,2022/07/01,"tcgplayer,cardmarket",https://prices.pokemontcg.io/tcgplayer/pgo-16,https://images.pokemontcg.io/pgo/16_hires.png,2026/08/08,2026/06/21,0.31,0.019999999552965164,0.2800000011920929,20.0,,0.82,,,,0.0923,0.0231,0.1154,0.7959,0.1615000069141388,0.1384,0.1038,0.5767,0.6229,0.7498,1.1535,2026-08-09
pgo-17,Blastoise,holofoil,Pokémon GO,17,Rare Holo,NC Empire,Stage 2,9,Pokémon,2022/07/01,"tcgplayer,cardmarket",https://prices.pokemontcg.io/tcgplayer/pgo-17,https://images.pokemontcg.io/pgo/17_hires.png,2026/08/08,2026/06/21,2.94,1.0,2.049999952316284,19.219999313354492,,2.85,,,,1.3381,0.2307,1.9033,2.3416,2.099400043487549,1.9956,1.4765,3.0683,3.0222,2.5377,1.1535,2026-08-09
pgo-18,Radiant Blastoise,holofoil,Pokémon GO,18,Radiant Rare,Masakazu Fukuda,Basic|Radiant,9,Pokémon,2022/07/01,"tcgplayer,cardmarket",https://prices.pokemontcg.io/tcgplayer/pgo-18,https://images.pokemontcg.io/pgo/18_hires.png,2026/08/08,2026/06/21,12.07,8.869999885559082,13.050000190734863,167.36000061035156,,,,,,10.0816,4.0257,10.9352,0.0,12.192500114440918,11.2005,10.4046,0.0,0.0,0.0,1.1535,2026-08-09
pgo-19,Slowpoke,normal,Pokémon GO,19,Common,N-DESIGN Inc.,Basic,79,Pokémon,2022/07/01,"tcgplayer,cardmarket",https://prices.pokemontcg.io/tcgplayer/pgo-19,https://images.pokemontcg.io/pgo/19_hires.png,2026/08/08,2026/06/21,0.18,0.029999999329447746,0.20000000298023224,19.979999542236328,,0.36,,,,0.0461,0.0231,0.0692,0.3691,0.04610000178217888,0.0577,0.0461,0.3807,0.3345,0.3576,1.1535,2026-08-09
pgo-20,Slowbro,normal,Pokémon GO,20,Uncommon,Mina Nakai,Stage 1,80,Pokémon,2022/07/01,"tcgplayer,cardmarket",https://prices.pokemontcg.io/tcgplayer/pgo-20,https://images.pokemontcg.io/pgo/20_hires.png,2026/08/08,2026/06/20,0.16,0.029999999329447746,0.20000000298023224,19.979999542236328,,0.73,,,,0.0577,0.0231,0.0692,0.3576,0.04610000178217888,0.0577,0.0577,0.5767,0.323,0.3807,1.1535,2026-08-09
pgo-21,Magikarp,normal,Pokémon GO,21,Common,N-DESIGN Inc.,Basic,129,Pokémon,2022/07/01,"tcgplayer,cardmarket",https://prices.pokemontcg.io/tcgplayer/pgo-21,https://images.pokemontcg.io/pgo/21_hires.png,2026/08/08,2026/06/20,0.23,0.009999999776482582,0.20999999344348907,19.979999542236328,,0.29,,,,0.0692,0.0231,0.0346,0.323,0.023099999874830246,0.0461,0.0692,0.1154,0.3807,0.323,1.1535,2026-08-09
pgo-22,Gyarados,holofoil,Pokémon GO,22,Rare Holo,Mitsuhiro Arita,Stage 1,130,Pokémon,2022/07/01,"tcgplayer,cardmarket",https://prices.pokemontcg.io/tcgplayer/pgo-22,https://images.pokemontcg.io/pgo/22_hires.png,2026/08/08,2026/06/20,0.45,0.10000000149011612,0.44999998807907104,19.979999542236328,,0.54,,,,0.3691,0.0231,0.4153,0.5767,1.499500036239624,0.4268,0.3922,0.5767,0.6806,0.5421,1.1535,2026-08-09
pgo-23,Lapras,holofoil,Pokémon GO,23,Rare Holo,N-DESIGN Inc.,Basic,131,Pokémon,2022/07/01,"tcgplayer,cardmarket",https://prices.pokemontcg.io/tcgplayer/pgo-23,https://images.pokemontcg.io/pgo/23_hires.png,2026/08/08,2026/05/10,0.27,0.09000000357627869,0.33000001311302185,19.979999542236328,,0.39,,,,0.2076,0.0231,0.2307,0.4614,0.11540000140666962,0.2307,0.2076,0.323,0.496,0.4614,1.1535,2026-08-09
pgo-24,Articuno,holofoil,Pokémon GO,24,Rare Holo,Jiro Sasumo,Basic,144,Pokémon,2022/07/01,"tcgplayer,cardmarket",https://prices.pokemontcg.io/tcgplayer/pgo-24,https://images.pokemontcg.io/pgo/24_hires.png,2026/08/08,2026/05/07,0.43,0.09000000357627869,0.41999998688697815,19.979999542236328,,0.41,,,,0.3691,0.0231,0.1615,0.4845,0.35760000348091125,0.4383,0.4153,0.8074,0.646,0.4845,1.1535,2026-08-09
pgo-25,Wimpod,normal,Pokémon GO,25,Common,Miki Tanaka,Basic,767,Pokémon,2022/07/01,"tcgplayer,cardmarket",https://prices.pokemontcg.io/tcgplayer/pgo-25,https://images.pokemontcg.io/pgo/25_hires.png,2026/08/08,2026/05/07,0.1,0.009999999776482582,0.15000000596046448,20.0,,0.26,,,,0.0346,0.0231,0.0461,0.2653,0.023099999874830246,0.0231,0.0346,0.3807,0.2768,0.2768,1.1535,2026-08-09
pgo-26,Golisopod,holofoil,Pokémon GO,26,Rare Holo,otumami,Stage 1,768,Pokémon,2022/07/01,"tcgplayer,cardmarket",https://prices.pokemontcg.io/tcgplayer/pgo-26,https://images.pokemontcg.io/pgo/26_hires.png,2026/08/08,2026/05/07,0.22,0.009999999776482582,0.25,25.0,,0.28,,,,0.1384,0.0231,0.1846,0.3922,0.12690000236034393,0.1846,0.15,0.496,0.3345,0.3691,1.1535,2026-08-09
pgo-27,Pikachu,normal,Pokémon GO,27,Common,N-DESIGN Inc.,Basic,25,Pokémon,2022/07/01,"tcgplayer,cardmarket",https://prices.pokemontcg.io/tcgplayer/pgo-27,https://images.pokemontcg.io/pgo/27_hires.png,2026/08/08,2026/05/07,0.33,0.07999999821186066,0.3499999940395355,25.0,,0.89,,,,0.1269,0.0231,0.1154,0.4268,0.13840000331401825,0.1269,0.1038,0.4037,0.4729,0.4383,1.1535,2026-08-09
pgo-28,Pikachu,holofoil,Pokémon GO,28,Rare Holo,Narumi Sato,Basic,25,Pokémon,2022/07/01,"tcgplayer,cardmarket",https://prices.pokemontcg.io/tcgplayer/pgo-28,https://images.pokemontcg.io/pgo/28_hires.png,2026/08/08,2026/03/11,1.68,0.699999988079071,1.840000033378601,96.8499984741211,,2.43,,,,0.6921,0.0231,0.5075,0.7959,0.3230000138282776,0.4383,0.7036,2.8838,1.142,0.9113,1.1535,2026-08-09
pgo-29,Zapdos,holofoil,Pokémon GO,29,Rare Holo,Yuya Oka,Basic,145,Pokémon,2022/07/01,"tcgplayer,cardmarket",https://prices.pokemontcg.io/tcgplayer/pgo-29,https://images.pokemontcg.io/pgo/29_hires.png,2026/08/08,2026/03/11,0.44,0.11999999731779099,0.46000000834465027,17.520000457763672,,0.84,,,,0.3114,0.0231,0.3114,0.5767,0.18459999561309814,0.2999,0.3114,0.6921,0.5075,0.5767,1.1535,2026-08-09
pgo-30,Mewtwo V,holofoil,Pokémon GO,30,Rare Holo V,Nurikabe,Basic|V,150,Pokémon,2022/07/01,"tcgplayer,cardmarket",https://prices.pokemontcg.io/tcgplayer/pgo-30,https://images.pokemontcg.io/pgo/30_hires.png,2026/08/08,2026/03/11,6.32,4.0,6.96999979019165,499.989990234375,,,,,,3.6566,1.7302,3.9565,0.0,4.002600193023682,3.5528,3.6681,0.0,0.0,0.0,1.1535,2026-08-09
pgo-31,Mewtwo VSTAR,holofoil,Pokémon GO,31,Rare Holo VSTAR,PLANETA Mochizuki,VSTAR,150,Pokémon,2022/07/01,"tcgplayer,cardmarket",https://prices.pokemontcg.io/tcgplayer/pgo-31,https://images.pokemontcg.io/pgo/31_hires.png,2026/08/08,2026/03/11,7.2,6.0,8.539999961853027,1000.0,,,,,,4.0834,1.7302,4.3141,0.0,4.763999938964844,3.7489,4.1872,0.0,0.0,0.0,1.1535,2026-08-09
pgo-32,Natu,normal,Pokémon GO,32,Common,HYOGONOSUKE,Basic,177,Pokémon,2022/07/01,"tcgplayer,cardmarket",https://prices.pokemontcg.io/tcgplayer/pgo-32,https://images.pokemontcg.io/pgo/32_hires.png,2026/08/08,2026/03/11,0.1,0.009999999776482582,0.15000000596046448,19.979999542236328,,0.28,,,,0.0577,0.0231,0.0461,0.2538,0.023099999874830246,0.0346,0.0577,0.2307,0.2768,0.2422,1.1535,2026-08-09
pgo-33,Xatu,normal,Pokémon GO,33,Uncommon,Hataya,Stage 1,178,Pokémon,2022/07/01,"tcgplayer,cardmarket",https://prices.pokemontcg.io/tcgplayer/pgo-33,https://images.pokemontcg.io/pgo/33_hires.png,2026/08/08,2026/03/11,0.12,0.009999999776482582,0.17000000178813934,40.0,,0.24,,,,0.0923,0.0231,0.1038,0.2884,0.04610000178217888,0.0807,0.0923,0.173,0.1846,0.2653,1.1535,2026-08-09
pgo-34,Lunatone,normal,Pokémon GO,34,Uncommon,miki kudo,Basic,337,Pokémon,2022/07/01,"tcgplayer,cardmarket",https://prices.pokemontcg.io/tcgplayer/pgo-34,https://images.pokemontcg.io/pgo/34_hires.png,2026/08/08,2026/03/08,0.15,0.009999999776482582,0.18000000715255737,19.979999542236328,,0.27,,,,0.0461,0.0231,0.0461,0.2768,0.05770000070333481,0.0461,0.0461,0.4614,0.3691,0.2653,1.1535,2026-08-09
pgo-35,Sylveon,holofoil,Pokémon GO,35,Rare Holo,Atsushi Furusawa,Stage 1,700,Pokémon,2022/07/01,"tcgplayer,cardmarket",https://prices.pokemontcg.io/tcgplayer/pgo-35,https://images.pokemontcg.io/pgo/35_hires.png,2026/08/08,2026/03/08,0.76,0.44999998807907104,0.800000011920929,19.979999542236328,,1.01,,,,0.3807,0.0231,0.2884,0.6575,0.25380000472068787,0.2653,0.3345,1.7187,0.7267,0.7267,1.1535,2026-08-09
pgo-36,Onix,normal,Pokémon GO,36,Common,Mitsuhiro Arita,Basic,95,Pokémon,2022/07/01,"tcgplayer,cardmarket",https://prices.pokemontcg.io/tcgplayer/pgo-36,https://images.pokemontcg.io/pgo/36_hires.png,2026/08/08,2026/03/08,0.12,0.009999999776482582,0.15000000596046448,67.0,,0.34,,,,0.0461,0.0231,0.0346,0.3345,0.03460000082850456,0.0346,0.0346,0.3114,0.323,0.2999,1.1535,2026-08-09
pgo-37,Larvitar,normal,Pokémon GO,37,Common,sui,Basic,246,Pokémon,2022/07/01,"tcgplayer,cardmarket",https://prices.pokemontcg.io/tcgplayer/pgo-37,https://images.pokemontcg.io/pgo/37_hires.png,2026/08/08,2026/03/08,0.18,0.009999999776482582,0.1899999976158142,19.979999542236328,,0.32,,,,0.0346,0.0231,0.0461,0.2768,0.11540000140666962,0.0346,0.0346,0.4614,0.2653,0.2884,1.1535,2026-08-09
pgo-38,Pupitar,normal,Pokémon GO,38,Uncommon,Sumiyoshi Kizuki,Stage 1,247,Pokémon,2022/07/01,"tcgplayer,cardmarket",https://prices.pokemontcg.io/tcgplayer/pgo-38,https://images.pokemontcg.io/pgo/38_hires.png,2026/08/08,2026/03/08,0.16,0.009999999776482582,0.18000000715255737,19.979999542236328,,0.3,,,,0.0461,0.0231,0.0461,0.2076,0.03460000082850456,0.0461,0.0461,0.5767,0.2538,0.2307,1.1535,2026-08-09
pgo-39,Solrock,normal,Pokémon GO,39,Uncommon,Sekio,Basic,338,Pokémon,2022/07/01,"tcgplayer,cardmarket",https://prices.pokemontcg.io/tcgplayer/pgo-39,https://images.pokemontcg.io/pgo/39_hires.png,2026/08/08,2026/03/08,0.14,0.009999999776482582,0.17000000178813934,19.979999542236328,,0.2,,,,0.0346,0.0231,0.0346,0.2999,0.03460000082850456,0.0346,0.0461,0.1154,0.2768,0.2768,1.1535,2026-08-09
pgo-40,Conkeldurr V,holofoil,Pokémon GO,40,Rare Holo V,Ayaka Yoshida,Basic|V,534,Pokémon,2022/07/01,"tcgplayer,cardmarket",https://prices.pokemontcg.io/tcgplayer/pgo-40,https://images.pokemontcg.io/pgo/40_hires.png,2026/08/08,2026/02/22,0.61,0.49000000953674316,0.8500000238418579,19.979999542236328,,,,,,0.6114,0.0577,0.6806,0.0,0.5074999928474426,0.7036,0.6229,0.0,0.0,0.0,1.1535,2026-08-09
pgo-41,Alolan Rattata,normal,Pokémon GO,41,Common,KIYOTAKA OSHIYAMA,Basic,19,Pokémon,2022/07/01,"tcgplayer,cardmarket",https://prices.pokemontcg.io/tcgplayer/pgo-41,https://images.pokemontcg.io/pgo/41_hires.png,2026/08/08,2026/02/22,0.14,0.009999999776482582,0.1599999964237213,19.979999542236328,,0.28,,,,0.0346,0.0231,0.0346,0.2768,0.03460000082850456,0.0231,0.0346,0.5652,0.2768,0.2768,1.1535,2026-08-09
pgo-42,Alolan Raticate,normal,Pokémon GO,42,Common,Atsuko Nishida,Stage 1,20,Pokémon,2022/07/01,"tcgplayer,cardmarket",https://prices.pokemontcg.io/tcgplayer/pgo-42,https://images.pokemontcg.io/pgo/42_hires.png,2026/08/08,2026/02/22,0.19,0.009999999776482582,0.1899999976158142,19.979999542236328,,0.29,,,,0.0461,0.0231,0.0346,0.2999,0.023099999874830246,0.0346,0.0346,0.0577,0.2884,0.2884,1.1535,2026-08-09
pgo-43,Tyranitar,holofoil,Pokémon GO,43,Rare Holo,Nisota Niso,Stage 2,248,Pokémon,2022/07/01,"tcgplayer,cardmarket",https://prices.pokemontcg.io/tcgplayer/pgo-43,https://images.pokemontcg.io/pgo/43_hires.png,2026/08/08,2026/02/22,0.4,0.05000000074505806,0.38999998569488525,200.0,,0.59,,,,0.2653,0.0231,0.4153,0.4845,0.23070000112056732,0.1961,0.2768,0.3922,0.4037,0.4729,1.1535,2026-08-09
pgo-44,Steelix,normal,Pokémon GO,44,Uncommon,GOSSAN,Stage 1,208,Pokémon,2022/07/01,"tcgplayer,cardmarket",https://prices.pokemontcg.io/tcgplayer/pgo-44,https://images.pokemontcg.io/pgo/44_hires.png,2026/08/08,2026/02/22,0.15,0.009999999776482582,0.1899999976158142,19.979999542236328,,0.3,,,,0.0577,0.0231,0.0461,0.3114,0.03460000082850456,0.0461,0.0577,0.7613,0.2999,0.2999,1.1535,2026-08-09
pgo-45,Meltan,normal,Pokémon GO,45,Common,Sumiyoshi Kizuki,Basic,808,Pokémon,2022/07/01,"tcgplayer,cardmarket",https://prices.pokemontcg.io/tcgplayer/pgo-45,https://images.pokemontcg.io/pgo/45_hires.png,2026/08/08,2026/02/22,0.13,0.009999999776482582,0.15000000596046448,19.979999542236328,,0.23,,,,0.0346,0.0231,0.0346,0.173,0.023099999874830246,0.0346,0.0346,0.0231,0.1961,0.173,1.1535,2026-08-09
pgo-46,Melmetal,holofoil,Pokémon GO,46,Rare Holo,Shigenori Negishi,Stage 1,809,Pokémon,2022/07/01,"tcgplayer,cardmarket",https://prices.pokemontcg.io/tcgplayer/pgo-46,https://images.pokemontcg.io/pgo/46_hires.png,2026/08/08,2026/02/22,0.19,0.029999999329447746,0.25,165.0,,0.34,,,,0.2076,0.0231,0.1269,0.3922,0.04610000178217888,0.1615,0.1615,0.6921,0.4729,0.4037,1.1535,2026-08-09
pgo-47,Melmetal V,holofoil,Pokémon GO,47,Rare Holo V,sadaji,Basic|V,809,Pokémon,2022/07/01,"tcgplayer,cardmarket",https://prices.pokemontcg.io/tcgplayer/pgo-47,https://images.pokemontcg.io/pgo/47_hires.png,2026/08/08,2026/02/22,0.66,0.25,0.949999988079071,1000.0,,,,,,0.7152,0.1154,0.6229,0.0,0.4383000135421753,0.669,0.7152,0.0,0.0,0.0,1.1535,2026-08-09
pgo-48,Melmetal VMAX,holofoil,Pokémon GO,48,Rare Holo VMAX,PLANETA Tsuji,VMAX,809,Pokémon,2022/07/01,"tcgplayer,cardmarket",https://prices.pokemontcg.io/tcgplayer/pgo-48,https://images.pokemontcg.io/pgo/48_hires.png,2026/08/08,2026/02/19,1.72,0.8899999856948853,1.9800000190734863,24.989999771118164,,,,,,1.3496,0.4614,1.3727,0.0,1.7187000513076782,1.5572,1.4073,0.0,0.0,0.0,1.1535,2026-08-09
pgo-49,Dragonite V,holofoil,Pokémon GO,49,Rare Holo V,kawayoo,Basic|V,149,Pokémon,2022/07/01,"tcgplayer,cardmarket",https://prices.pokemontcg.io/tcgplayer/pgo-49,https://images.pokemontcg.io/pgo/49_hires.png,2026/08/08,2026/02/19,4.46,3.0,4.909999847412109,99.98999786376953,,,,,,1.9379,0.5767,1.9725,0.0,1.6033999919891357,1.8802,1.9956,0.0,0.0,0.0,1.1535,2026-08-09
pgo-50,Dragonite VSTAR,holofoil,Pokémon GO,50,Rare Holo VSTAR,PLANETA Tsuji,VSTAR,149,Pokémon,2022/07/01,"tcgplayer,cardmarket",https://prices.pokemontcg.io/tcgplayer/pgo-50,https://images.pokemontcg.io/pgo/50_hires.png,2026/08/08,2026/02/19,3.75,2.9600000381469727,4.090000152587891,99.98999786376953,,,,,,2.4224,1.142,1.9263,0.0,2.1108999252319336,1.9609,2.2724,0.0,0.0,0.0,1.1535,2026-08-09
pgo-51,Chansey,normal,Pokémon GO,51,Uncommon,ryoma uratsuka,Basic,113,Pokémon,2022/07/01,"tcgplayer,cardmarket",https://prices.pokemontcg.io/tcgplayer/pgo-51,https://images.pokemontcg.io/pgo/51_hires.png,2026/08/08,2026/02/19,0.18,0.009999999776482582,0.20000000298023224,19.979999542236328,,0.38,,,,0.0461,0.0231,0.0461,0.2768,0.023099999874830246,0.0461,0.0461,0.2884,0.2192,0.2768,1.1535,2026-08-09
pgo-52,Blissey,holofoil,Pokémon GO,52,Rare Holo,Teeziro,Stage 1,242,Pokémon,2022/07/01,"tcgplayer,cardmarket",https://prices.pokemontcg.io/tcgplayer/pgo-52,https://images.pokemontcg.io/pgo/52_hires.png,2026/08/08,2026/02/19,0.29,0.09000000357627869,0.28999999165534973,25.0,,0.4,,,,0.2307,0.0231,0.2192,0.323,0.04610000178217888,0.2076,0.2076,0.2307,0.3807,0.3345,1.1535,2026-08-09
pgo-53,Ditto,holofoil,Pokémon GO,53,Rare Holo,Misa Tsutsui,Basic,132,Pokémon,2022/07/01,"tcgplayer,cardmarket",https://prices.pokemontcg.io/tcgplayer/pgo-53,https://images.pokemontcg.io/pgo/53_hires.png,2026/08/08,2026/02/19,5.93,2.490000009536743,6.210000038146973,50.119998931884766,,,,,,4.0603,2.307,4.614,8.2245,5.167699813842773,3.9334,4.0026,6.9095,6.8979,8.1091,1.1535,2026-08-09
pgo-54,Eevee,normal,Pokémon GO,54,Common,N-DESIGN Inc.,Basic,133,Pokémon,2022/07/01,"tcgplayer,cardmarket",https://prices.pokemontcg.io/tcgplayer/pgo-54,https://images.pokemontcg.io/pgo/54_hires.png,2026/08/08,2026/02/19,0.23,0.009999999776482582,0.25,19.979999542236328,,0.43,,,,0.1038,0.0231,0.0577,0.4383,0.05770000070333481,0.0692,0.1038,0.2884,0.3114,0.4383,1.1535,2026-08-09
pgo-55,Snorlax,holofoil,Pokémon GO,55,Rare Holo,N-DESIGN Inc.,Basic,143,Pokémon,2022/07/01,"tcgplayer,cardmarket",https://prices.pokemontcg.io/tcgplayer/pgo-55,https://images.pokemontcg.io/pgo/55_hires.png,2026/08/08,2026/02/19,1.41,0.7400000095367432,1.4900000095367432,99.0,,2.56,,,,1.2112,0.1154,1.4303,0.0,1.7302000522613525,1.4073,1.2227,0.0,0.0,0.0,1.1535,2026-08-09
pgo-56,Aipom,normal,Pokémon GO,56,Common,Sanosuke Sakuma,Basic,190,Pokémon,2022/07/01,"tcgplayer,cardmarket",https://prices.pokemontcg.io/tcgplayer/pgo-56,https://images.pokemontcg.io/pgo/56_hires.png,2026/08/08,2026/02/19,0.14,0.009999999776482582,0.17000000178813934,19.979999542236328,,0.32,,,,0.0461,0.0231,0.0461,0.2192,0.023099999874830246,0.0346,0.0461,0.0923,0.1846,0.2192,1.1535,2026-08-09
pgo-57,Ambipom,normal,Pokémon GO,57,Common,Scav,Stage 1,424,Pokémon,2022/07/01,"tcgplayer,cardmarket",https://prices.pokemontcg.io/tcgplayer/pgo-57,https://images.pokemontcg.io/pgo/57_hires.png,2026/08/08,2026/02/19,0.11,0.009999999776482582,0.17000000178813934,19.979999542236328,,0.3,,,,0.0461,0.0231,0.0577,0.2307,0.023099999874830246,0.0231,0.0461,0.0923,0.2076,0.2192,1.1535,2026-08-09
pgo-58,Slaking V,holofoil,Pokémon GO,58,Rare Holo V,Saki Hayashiro,Basic|V,289,Pokémon,2022/07/01,"tcgplayer,cardmarket",https://prices.pokemontcg.io/tcgplayer/pgo-58,https://images.pokemontcg.io/pgo/58_hires.png,2026/08/08,2026/02/19,0.73,0.4000000059604645,0.9100000262260437,50.0,,,,,,0.8074,0.1154,0.7267,0.0,0.7267000079154968,0.8536,0.8074,0.0,0.0,0.0,1.1535,2026-08-09
pgo-59,Bidoof,normal,Pokémon GO,59,Common,Tomokazu Komiya,Basic,399,Pokémon,2022/07/01,"tcgplayer,cardmarket",https://prices.pokemontcg.io/tcgplayer/pgo-59,https://images.pokemontcg.io/pgo/59_hires.png,2026/08/08,2026/02/19,0.17,0.009999999776482582,0.20000000298023224,19.979999542236328,,0.37,,,,0.0807,0.0231,0.0807,1.0728,0.023099999874830246,0.1846,0.0923,0.0577,1.8571,1.142,1.1535,2026-08-09
pgo-60,Bibarel,normal,Pokémon GO,60,Common,KIYOTAKA OSHIYAMA,Stage 1,400,Pokémon,2022/07/01,"tcgplayer,cardmarket",https://prices.pokemontcg.io/tcgplayer/pgo-60,https://images.pokemontcg.io/pgo/60_hires.png,2026/08/08,2026/02/01,0.17,0.009999999776482582,0.18000000715255737,19.979999542236328,,0.31,,,,0.0346,0.0231,0.0577,0.2768,0.04610000178217888,0.0577,0.0461,0.3345,0.2422,0.2768,1.1535,2026-08-09
pgo-61,Pidove,normal,Pokémon GO,61,Common,N-DESIGN Inc.,Basic,519,Pokémon,2022/07/01,"tcgplayer,cardmarket",https://prices.pokemontcg.io/tcgplayer/pgo-61,https://images.pokemontcg.io/pgo/61_hires.png,2026/08/08,2026/02/01,0.13,0.009999999776482582,0.17000000178813934,30.0,,0.29,,,,0.0461,0.0231,0.0346,0.2538,0.03460000082850456,0.0346,0.0461,0.2307,0.2422,0.2422,1.1535,2026-08-09
pgo-62,Tranquill,normal,Pokémon GO,62,Common,0313,Stage 1,520,Pokémon,2022/07/01,"tcgplayer,cardmarket",https://prices.pokemontcg.io/tcgplayer/pgo-62,https://images.pokemontcg.io/pgo/62_hires.png,2026/08/08,2026/02/01,0.14,0.009999999776482582,0.15000000596046448,19.979999542236328,,0.29,,,,0.0346,0.0231,0.0346,0.2192,0.03460000082850456,0.0346,0.0346,0.0692,0.2307,0.2192,1.1535,2026-08-09
pgo-63,Unfezant,normal,Pokémon GO,63,Uncommon,GIDORA,Stage 2,521,Pokémon,2022/07/01,"tcgplayer,cardmarket",https://prices.pokemontcg.io/tcgplayer/pgo-63,https://images.pokemontcg.io/pgo/63_hires.png,2026/08/08,2026/02/01,0.15,0.019999999552965164,0.18000000715255737,17.420000076293945,,0.29,,,,0.0346,0.0231,0.0461,0.2768,0.04610000178217888,0.0461,0.0346,0.1384,0.2307,0.2538,1.1535,2026-08-09
pgo-64,Blanche,normal,Pokémon GO,64,Uncommon,Anesaki Dynamic,Supporter,,Trainer,2022/07/01,"tcgplayer,cardmarket",https://prices.pokemontcg.io/tcgplayer/pgo-64,https://images.pokemontcg.io/pgo/64_hires.png,2026/08/08,2026/02/01,0.11,0.009999999776482582,0.1599999964237213,19.979999542236328,,0.23,,,,0.0461,0.0231,0.0346,0.2653,0.04610000178217888,0.0346,0.0461,0.0231,0.1961,0.2538,1.1535,2026-08-09
pgo-65,Candela,normal,Pokémon GO,65,Uncommon,Ryuta Fuse,Supporter,,Trainer,2022/07/01,"tcgplayer,cardmarket",https://prices.pokemontcg.io/tcgplayer/pgo-65,https://images.pokemontcg.io/pgo/65_hires.png,2026/08/08,2026/02/01,0.14,0.009999999776482582,0.17000000178813934,19.979999542236328,,0.27,,,,0.0461,0.0231,0.0346,0.2653,0.04610000178217888,0.0461,0.0461,0.0231,0.2538,0.2653,1.1535,2026-08-09
pgo-66,Egg Incubator,normal,Pokémon GO,66,Uncommon,sadaji,Item,,Trainer,2022/07/01,"tcgplayer,cardmarket",https://prices.pokemontcg.io/tcgplayer/pgo-66,https://images.pokemontcg.io/pgo/66_hires.png,2026/08/08,2026/02/01,0.12,0.009999999776482582,0.17000000178813934,19.979999542236328,,0.2,,,,0.0346,0.0231,0.0461,0.2538,0.06920000165700912,0.0461,0.0346,0.4614,0.2884,0.2422,1.1535,2026-08-09
pgo-67,Lure Module,normal,Pokémon GO,67,Uncommon,ORBITALLINK Inc.,Item,,Trainer,2022/07/01,"tcgplayer,cardmarket",https://prices.pokemontcg.io/tcgplayer/pgo-67,https://images.pokemontcg.io/pgo/67_hires.png,2026/08/08,2026/02/01,0.12,0.009999999776482582,0.15000000596046448,19.979999542236328,,0.27,,,,0.0577,0.0231,0.0577,0.2538,0.09229999780654907,0.0461,0.0577,0.1154,0.15,0.2307,1.1535,2026-08-09
pgo-68,PokéStop,normal,Pokémon GO,68,Uncommon,Studio Bora Inc.,Stadium,,Trainer,2022/07/01,"tcgplayer,cardmarket",https://prices.pokemontcg.io/tcgplayer/pgo-68,https://images.pokemontcg.io/pgo/68_hires.png,2026/08/08,2026/02/01,0.19,0.009999999776482582,0.25,100.0,,0.54,,,,0.15,0.0231,0.1615,0.7844,0.13840000331401825,0.1038,0.15,0.2307,0.819,0.7728,1.1535,2026-08-09
pgo-69,Rare Candy,normal,Pokémon GO,69,Uncommon,Ayaka Yoshida,Item,,Trainer,2022/07/01,"tcgplayer,cardmarket",https://prices.pokemontcg.io/tcgplayer/pgo-69,https://images.pokemontcg.io/pgo/69_hires.png,2026/08/08,2026/01/19,0.17,0.019999999552965164,0.20000000298023224,19.979999542236328,,0.35,,,,0.1038,0.0231,0.0692,1.0958,0.11540000140666962,0.0807,0.0923,0.3691,0.3807,0.9228,1.1535,2026-08-09
pgo-70,Spark,normal,Pokémon GO,70,Uncommon,Naoki Saito,Supporter,,Trainer,2022/07/01,"tcgplayer,cardmarket",https://prices.pokemontcg.io/tcgplayer/pgo-70,https://images.pokemontcg.io/pgo/70_hires.png,2026/08/08,2026/01/19,0.13,0.009999999776482582,0.17000000178813934,19.979999542236328,,0.28,,,,0.0461,0.0231,0.0577,0.2076,0.06920000165700912,0.0461,0.0461,0.2768,0.2538,0.2076,1.1535,2026-08-09
pgo-71,Alolan Exeggutor V,holofoil,Pokémon GO,71,Rare Ultra,MUGENUP,Basic|V,103,Pokémon,2022/07/01,"tcgplayer,cardmarket",https://prices.pokemontcg.io/tcgplayer/pgo-71,https://images.pokemontcg.io/pgo/71_hires.png,2026/08/08,2026/01/19,2.43,1.4900000095367432,2.569999933242798,96.94999694824219,,,,,,3.622,1.1535,2.9876,0.0,2.6184000968933105,2.6069,3.4259,0.0,0.0,0.0,1.1535,2026-08-09
pgo-72,Mewtwo V,holofoil,Pokémon GO,72,Rare Ultra,N-DESIGN Inc.,Basic|V,150,Pokémon,2022/07/01,"tcgplayer,cardmarket",https://prices.pokemontcg.io/tcgplayer/pgo-72,https://images.pokemontcg.io/pgo/72_hires.png,2026/08/08,2026/01/19,61.43,55.0,69.98999786376953,546.030029296875,,,,,,53.7646,23.07,55.7025,0.0,49.5890007019043,54.7336,55.541,0.0,0.0,0.0,1.1535,2026-08-09
pgo-73,Conkeldurr V,holofoil,Pokémon GO,73,Rare Ultra,Ayaka Yoshida,Basic|V,534,Pokémon,2022/07/01,"tcgplayer,cardmarket",https://prices.pokemontcg.io/tcgplayer/pgo-73,https://images.pokemontcg.io/pgo/73_hires.png,2026/08/08,2026/01/19,1.61,1.0,1.8200000524520874,26.56999969482422,,,,,,3.2529,1.6034,3.0452,0.0,2.560800075531006,2.7684,3.126,0.0,0.0,0.0,1.1535,2026-08-09
pgo-74,Conkeldurr V,holofoil,Pokémon GO,74,Rare Ultra,N-DESIGN Inc.,Basic|V,534,Pokémon,2022/07/01,"tcgplayer,cardmarket",https://prices.pokemontcg.io/tcgplayer/pgo-74,https://images.pokemontcg.io/pgo/74_hires.png,2026/08/08,2026/01/19,3.89,3.1500000953674316,4.679999828338623,59.95000076293945,,,,,,6.1251,2.307,5.7329,0.0,6.782599925994873,5.6637,6.0905,0.0,0.0,0.0,1.1535,2026-08-09
pgo-75,Melmetal V,holofoil,Pokémon GO,75,Rare Ultra,sadaji,Basic|V,809,Pokémon,2022/07/01,"tcgplayer,cardmarket",https://prices.pokemontcg.io/tcgplayer/pgo-75,https://images.pokemontcg.io/pgo/75_hires.png,2026/08/08,2026/01/19,1.51,0.9900000095367432,1.8200000524520874,26.579999923706055,,,,,,2.5954,0.2307,2.5031,0.0,2.306999921798706,2.6646,2.6184,0.0,0.0,0.0,1.1535,2026-08-09
pgo-76,Dragonite V,holofoil,Pokémon GO,76,Rare Ultra,5ban Graphics,Basic|V,149,Pokémon,2022/07/01,"tcgplayer,cardmarket",https://prices.pokemontcg.io/tcgplayer/pgo-76,https://images.pokemontcg.io/pgo/76_hires.png,2026/08/08,2026/01/19,15.79,14.0,18.139999389648438,1000.0,,,,,,10.4046,4.614,9.6087,0.0,9.112700462341309,8.582,10.3354,0.0,0.0,0.0,1.1535,2026-08-09
pgo-77,Slaking V,holofoil,Pokémon GO,77,Rare Ultra,Saki Hayashiro,Basic|V,289,Pokémon,2022/07/01,"tcgplayer,cardmarket",https://prices.pokemontcg.io/tcgplayer/pgo-77,https://images.pokemontcg.io/pgo/77_hires.png,2026/08/08,2026/01/19,1.72,0.9100000262260437,1.9600000381469727,25.0,,,,,,2.7107,1.3727,2.7223,0.0,2.5376999378204346,2.9414,2.7799,0.0,0.0,0.0,1.1535,2026-08-09
pgo-78,Professor's Research,holofoil,Pokémon GO,78,Rare Ultra,Yusuke Kozaki,Supporter,,Trainer,2022/07/01,"tcgplayer,cardmarket",https://prices.pokemontcg.io/tcgplayer/pgo-78,https://images.pokemontcg.io/pgo/78_hires.png,2026/08/08,2026/01/16,2.2,1.4600000381469727,2.609999895095825,49.9900016784668,,,,,,3.2067,1.142,3.1837,0.0,2.6068999767303467,3.1721,3.2413,0.0,0.0,0.0,1.1535,2026-08-09
pgo-79,Mewtwo VSTAR,holofoil,Pokémon GO,79,Rare Rainbow,PLANETA Mochizuki,VSTAR,150,Pokémon,2022/07/01,"tcgplayer,cardmarket",https://prices.pokemontcg.io/tcgplayer/pgo-79,https://images.pokemontcg.io/pgo/79_hires.png,2026/08/08,2026/01/16,52.04,45.9900016784668,54.18000030517578,412.4700012207031,,,,,,39.3805,26.5305,41.1107,0.0,46.13999938964844,41.1684,39.9226,0.0,0.0,0.0,1.1535,2026-08-09
pgo-80,Melmetal VMAX,holofoil,Pokémon GO,80,Rare Rainbow,PLANETA Tsuji,VMAX,809,Pokémon,2022/07/01,"tcgplayer,cardmarket",https://prices.pokemontcg.io/tcgplayer/pgo-80,https://images.pokemontcg.io/pgo/80_hires.png,2026/08/08,2026/01/16,11.71,9.59000015258789,12.34000015258789,92.06999969482422,,,,,,17.787,6.921,17.0487,0.0,14.880200386047363,16.9449,17.3371,0.0,0.0,0.0,1.1535,2026-08-09
pgo-81,Dragonite VSTAR,holofoil,Pokémon GO,81,Rare Rainbow,PLANETA Tsuji,VSTAR,149,Pokémon,2022/07/01,"tcgplayer,cardmarket",https://prices.pokemontcg.io/tcgplayer/pgo-81,https://images.pokemontcg.io/pgo/81_hires.png,2026/08/08,2026/01/16,48.51,38.91999816894531,49.95000076293945,420.0,,,,,,32.0904,14.9955,33.3938,0.0,33.451499938964844,33.6937,32.0327,0.0,0.0,0.0,1.1535,2026-08-09
pgo-82,Blanche,holofoil,Pokémon GO,82,Rare Rainbow,Anesaki Dynamic,Supporter,,Trainer,2022/07/01,"tcgplayer,cardmarket",https://prices.pokemontcg.io/tcgplayer/pgo-82,https://images.pokemontcg.io/pgo/82_hires.png,2026/08/08,2026/01/16,7.37,5.0,8.25,72.62000274658203,,,,,,15.0416,9.228,14.0381,0.0,11.511899948120117,14.0381,14.7879,0.0,0.0,0.0,1.1535,2026-08-09
pgo-83,Candela,holofoil,Pokémon GO,83,Rare Rainbow,Ryuta Fuse,Supporter,,Trainer,2022/07/01,"tcgplayer,cardmarket",https://prices.pokemontcg.io/tcgplayer/pgo-83,https://images.pokemontcg.io/pgo/83_hires.png,2026/08/08,2026/01/16,7.88,4.0,8.220000267028809,49.9900016784668,,,,,,16.299,8.8935,14.834,0.0,13.830499649047852,12.8961,16.4028,0.0,0.0,0.0,1.1535,2026-08-09
pgo-84,Professor's Research,holofoil,Pokémon GO,84,Rare Rainbow,Yusuke Kozaki,Supporter,,Trainer,2022/07/01,"tcgplayer,cardmarket",https://prices.pokemontcg.io/tcgplayer/pgo-84,https://images.pokemontcg.io/pgo/84_hires.png,2026/08/08,2026/01/16,9.02,6.980000019073486,9.329999923706055,499.989990234375,,,,,,16.8988,10.3815,18.0407,0.0,16.1028995513916,16.7373,17.2564,0.0,0.0,0.0,1.1535,2026-08-09
pgo-85,Spark,holofoil,Pokémon GO,85,Rare Rainbow,Naoki Saito,Supporter,,Trainer,2022/07/01,"tcgplayer,cardmarket",https://prices.pokemontcg.io/tcgplayer/pgo-85,https://images.pokemontcg.io/pgo/85_hires.png,2026/08/08,2026/01/16,7.69,6.170000076293945,8.3100004196167,96.16999816894531,,,,,,16.4489,11.3158,16.4835,0.0,15.387700080871582,18.2368,16.7488,0.0,0.0,0.0,1.1535,2026-08-09
pgo-86,Mewtwo VSTAR,holofoil,Pokémon GO,86,Rare Secret,PLANETA Mochizuki,VSTAR,150,Pokémon,2022/07/01,"tcgplayer,cardmarket",https://prices.pokemontcg.io/tcgplayer/pgo-86,https://images.pokemontcg.io/pgo/86_hires.png,2026/08/08,2026/01/16,35.91,30.8700008392334,39.9900016784668,3000.0,,,,,,29.2758,14.4187,30.2217,0.0,26.91119956970215,31.2599,29.345,0.0,0.0,0.0,1.1535,2026-08-09
pgo-87,Egg Incubator,holofoil,Pokémon GO,87,Rare Secret,sadaji,Item,,Trainer,2022/07/01,"tcgplayer,cardmarket",https://prices.pokemontcg.io/tcgplayer/pgo-87,https://images.pokemontcg.io/pgo/87_hires.png,2026/08/08,2026/01/16,3.69,2.490000009536743,4.0,33.209999084472656,,,,,,6.252,3.4259,6.3673,0.0,6.2403998374938965,6.8749,6.598,0.0,0.0,0.0,1.1535,2026-08-09
pgo-88,Lure Module,holofoil,Pokémon GO,88,Rare Secret,ORBITALLINK Inc.,Item,,Trainer,2022/07/01,"tcgplayer,cardmarket",https://prices.pokemontcg.io/tcgplayer/pgo-88,https://images.pokemontcg.io/pgo/88_hires.png,2026/08/08,2026/01/16,2.56,1.6799999475479126,3.0,95.5999984741211,,,,,,6.3212,2.307,7.094,0.0,5.433000087738037,6.3442,6.3212,0.0,0.0,0.0,1.1535,2026-08-09
swshp-SWSH177,Special Delivery Bidoof,holofoil,SWSH Black Star Promos,SWSH177,Promo,The Pokémon Company Art Team,Basic,399,Pokémon,2019/11/15,"tcgplayer,cardmarket",https://prices.pokemontcg.io/tcgplayer/swshp-SWSH177,https://images.pokemontcg.io/swshp/SWSH177_hires.png,2026/08/08,2025/11/18,532.81,606.5900268554688,799.989990234375,1100.0,,,,,,528.6837,680.565,590.1306,0.0,634.4249877929688,550.3695,429.1366,0.0,0.0,0.0,1.1535,2026-08-09
swshp-SWSH205,Hisuian Basculegion,holofoil,SWSH Black Star Promos,SWSH205,Promo,Pani Kobayashi,Stage 1,902,Pokémon,2019/11/15,"tcgplayer,cardmarket",https://prices.pokemontcg.io/tcgplayer/swshp-SWSH205,https://images.pokemontcg.io/swshp/SWSH205_hires.png,2026/08/08,2025/11/18,1.17,0.7300000190734863,1.4600000381469727,19.979999542236328,,,,,,1.661,0.2307,2.0186,0.0,4.383299827575684,1.661,1.3265,0.0,0.0,0.0,1.1535,2026-08-09
swshp-SWSH206,Wyrdeer,holofoil,SWSH Black Star Promos,SWSH206,Promo,Eri Yamaki,Stage 1,899,Pokémon,2019/11/15,"tcgplayer,cardmarket",https://prices.pokemontcg.io/tcgplayer/swshp-SWSH206,https://images.pokemontcg.io/swshp/SWSH206_hires.png,2026/08/08,2025/11/18,1.04,0.4699999988079071,1.0800000429153442,5.550000190734863,,,,,,2.0878,0.5537,2.1224,0.0,3.633500099182129,2.0532,1.5803,0.0,0.0,0.0,1.1535,2026-08-09
swshp-SWSH207,Hisuian Samurott,holofoil,SWSH Black Star Promos,SWSH207,Promo,Oswaldo KATO,Stage 2,503,Pokémon,2019/11/15,"tcgplayer,cardmarket",https://prices.pokemontcg.io/tcgplayer/swshp-SWSH207,https://images.pokemontcg.io/swshp/SWSH207_hires.png,2026/08/08,2025/11/18,1.12,0.6399999856948853,1.159999966621399,19.979999542236328,,,,,,1.7995,0.5191,2.2839,0.0,4.556300163269043,1.4073,1.6495,0.0,0.0,0.0,1.1535,2026-08-09
swshp-SWSH208,Magnezone,holofoil,SWSH Black Star Promos,SWSH208,Promo,zig,Stage 2,462,Pokémon,2019/11/15,"tcgplayer,cardmarket",https://prices.pokemontcg.io/tcgplayer/swshp-SWSH208,https://images.pokemontcg.io/swshp/SWSH208_hires.png,2026/08/08,2025/11/18,1.01,0.6700000166893005,1.2100000381469727,19.979999542236328,,,,,,1.661,0.0577,2.2724,0.0,3.9679999351501465,1.5572,1.5342,0.0,0.0,0.0,1.1535,2026-08-09
swshp-SWSH209,Toxel,holofoil,SWSH Black Star Promos,SWSH209,Promo,Souichirou Gunjima,Basic|Fusion Strike,848,Pokémon,2019/11/15,"tcgplayer,cardmarket",https://prices.pokemontcg.io/tcgplayer/swshp-SWSH209,https://images.pokemontcg.io/swshp/SWSH209_hires.png,2026/08/08,2025/11/18,0.43,0.10000000149011612,0.49000000953674316,5.0,,,,,,0.3691,0.0923,0.4383,0.0,0.3345000147819519,0.5306,0.4383,0.0,0.0,0.0,1.1535,2026-08-09
swshp-SWSH210,Oricorio,holofoil,SWSH Black Star Promos,SWSH210,Promo,Ryuta Fuse,Basic|Fusion Strike,741,Pokémon,2019/11/15,"tcgplayer,cardmarket",https://prices.pokemontcg.io/tcgplayer/swshp-SWSH210,https://images.pokemontcg.io/swshp/SWSH210_hires.png,2026/08/08,2025/11/18,0.45,0.11999999731779099,0.47999998927116394,5.0,,,,,,0.3576,0.0577,0.4383,0.0,0.34599998593330383,0.6114,0.3807,0.0,0.0,0.0,1.1535,2026-08-09
swshp-SWSH211,Sylveon,holofoil,SWSH Black Star Promos,SWSH211,Promo,Mizue,Stage 1,700,Pokémon,2019/11/15,"tcgplayer,cardmarket",https://prices.pokemontcg.io/tcgplayer/swshp-SWSH211,https://images.pokemontcg.io/swshp/SWSH211_hires.png,2026/08/08,2025/11/18,7.8,4.329999923706055,7.75,49.04999923706055,,,,,,0.9689,0.0577,1.9609,0.0,1.0612000226974487,1.3727,0.9805,0.0,0.0,0.0,1.1535,2026-08-09
swshp-SWSH212,Eevee,holofoil,SWSH Black Star Promos,SWSH212,Promo,Mizue,Basic,133,Pokémon,2019/11/15,"tcgplayer,cardmarket",https://prices.pokemontcg.io/tcgplayer/swshp-SWSH212,https://images.pokemontcg.io/swshp/SWSH212_hires.png,2026/08/08,2025/11/18,5.0,3.0,5.21999979019165,45.0,,,,,,1.3381,0.2307,1.2227,0.0,0.6460000276565552,1.0728,1.3265,0.0,0.0,0.0,1.1535,2026-08-09
swshp-SWSH248,Kleavor V,holofoil,SWSH Black Star Promos,SWSH248,Promo,5ban Graphics,Basic|V,900,Pokémon,2019/11/15,"tcgplayer,cardmarket",https://prices.pokemontcg.io/tcgplayer/swshp-SWSH248,https://images.pokemontcg.io/swshp/SWSH248_hires.png,2026/08/08,2025/11/18,1.09,0.5,1.2400000095367432,30.0,,,,,,0.992,0.2884,1.0035,0.0,0.8651000261306763,0.9343,1.0035,0.0,0.0,0.0,1.1535,2026-08-09
swshp-SWSH249,Kleavor VSTAR,holofoil,SWSH Black Star Promos,SWSH249,Promo,5ban Graphics,VSTAR,900,Pokémon,2019/11/15,"tcgplayer,cardmarket",https://prices.pokemontcg.io/tcgplayer/swshp-SWSH249,https://images.pokemontcg.io/swshp/SWSH249_hires.png,2026/08/08,2025/11/18,0.77,0.5,1.059999942779541,29.989999771118164,,,,,,0.8882,0.2884,0.8651,0.0,0.9228000044822693,0.8882,0.9228,0.0,0.0,0.0,1.1535,2026-08-09
swshp-SWSH152,Professor's Research,holofoil,SWSH Black Star Promos,SWSH152,Promo,Yuu Nishida,Supporter,,Trainer,2019/11/15,"tcgplayer,cardmarket",https://prices.pokemontcg.io/tcgplayer/swshp-SWSH152,https://images.pokemontcg.io/swshp/SWSH152_hires.png,2026/08/08,2025/11/18,2.57,1.7300000190734863,3.0,9999.0,,,,,,3.299,1.8456,2.9299,0.0,2.6414999961853027,2.8491,3.2759,0.0,0.0,0.0,1.1535,2026-08-09
swshp-SWSH223,Mewtwo V,holofoil,SWSH Black Star Promos,SWSH223,Promo,PLANETA Mochizuki,Basic|V,150,Pokémon,2019/11/15,"tcgplayer,cardmarket",https://prices.pokemontcg.io/tcgplayer/swshp-SWSH223,https://images.pokemontcg.io/swshp/SWSH223_hires.png,2026/08/08,2025/11/18,10.0,5.380000114440918,10.550000190734863,150.0,,,,,,7.3478,2.8838,6.8979,0.0,8.062999725341797,6.7364,7.6246,0.0,0.0,0.0,1.1535,2026-08-09
swshp-SWSH224,Melmetal V,holofoil,SWSH Black Star Promos,SWSH224,Promo,sadaji,Basic|V,809,Pokémon,2019/11/15,"tcgplayer,cardmarket",https://prices.pokemontcg.io/tcgplayer/swshp-SWSH224,https://images.pokemontcg.io/swshp/SWSH224_hires.png,2026/08/08,2025/11/18,0.98,0.6499999761581421,1.149999976158142,6.0,,,,,,2.6992,0.5767,2.6646,0.0,2.134000062942505,2.3416,2.6877,0.0,0.0,0.0,1.1535,2026-08-09
swshp-SWSH225,Alolan Exeggutor V,holofoil,SWSH Black Star Promos,SWSH225,Promo,MUGENUP,Basic|V,103,Pokémon,2019/11/15,"tcgplayer,cardmarket",https://prices.pokemontcg.io/tcgplayer/swshp-SWSH225,https://images.pokemontcg.io/swshp/SWSH225_hires.png,2026/08/08,2025/11/18,0.71,0.30000001192092896,0.949999988079071,9.989999771118164,,,,,,0.9228,0.0923,0.8536,0.0,1.153499960899353,0.9805,0.9343,0.0,0.0,0.0,1.1535,2026-08-09
swshp-SWSH226,Spark,holofoil,SWSH Black Star Promos,SWSH226,Promo,Naoki Saito,Supporter,,Trainer,2019/11/15,"tcgplayer,cardmarket",https://prices.pokemontcg.io/tcgplayer/swshp-SWSH226,https://images.pokemontcg.io/swshp/SWSH226_hires.png,2026/08/08,2025/11/18,1.75,1.4900000095367432,2.119999885559082,29.989999771118164,,,,,,2.1109,0.4037,1.9379,0.0,1.7187000513076782,1.8225,2.1109,0.0,0.0,0.0,1.1535,2026-08-09
swshp-SWSH227,Blanche,holofoil,SWSH Black Star Promos,SWSH227,Promo,Anesaki Dynamic,Supporter,,Trainer,2019/11/15,"tcgplayer,cardmarket",https://prices.pokemontcg.io/tcgplayer/swshp-SWSH227,https://images.pokemontcg.io/swshp/SWSH227_hires.png,2026/08/08,2025/11/18,2.36,0.9800000190734863,2.5899999141693115,9999.0,,,,,,2.5262,0.5767,2.4108,0.0,2.1916000843048096,2.3877,2.5262,0.0,0.0,0.0,1.1535,2026-08-09
swshp-SWSH228,Candela,holofoil,SWSH Black Star Promos,SWSH228,Promo,Ryuta Fuse,Supporter,,Trainer,2019/11/15,"tcgplayer,cardmarket",https://prices.pokemontcg.io/tcgplayer/swshp-SWSH228,https://images.pokemontcg.io/swshp/SWSH228_hires.png,2026/08/08,2025/11/18,2.09,1.0,2.240000009536743,15.0,,,,,,2.2147,0.2884,2.1224,0.0,1.7187000513076782,1.6264,2.2147,0.0,0.0,0.0,1.1535,2026-08-09
swshp-SWSH229,Mewtwo V,holofoil,SWSH Black Star Promos,SWSH229,Promo,PLANETA Mochizuki,Basic|V,150,Pokémon,2019/11/15,"tcgplayer,cardmarket",https://prices.pokemontcg.io/tcgplayer/swshp-SWSH229,https://images.pokemontcg.io/swshp/SWSH229_hires.png,2026/08/08,2025/11/18,7.68,5.909999847412109,9.170000076293945,150.0,,,,,,6.7364,1.1535,4.8332,0.0,3.80649995803833,4.4294,5.3984,0.0,0.0,0.0,1.1535,2026-08-09
swshp-SWSH230,Radiant Eevee,holofoil,SWSH Black Star Promos,SWSH230,Promo,Souichirou Gunjima,Basic|Radiant,133,Pokémon,2019/11/15,"tcgplayer,cardmarket",https://prices.pokemontcg.io/tcgplayer/swshp-SWSH230,https://images.pokemontcg.io/swshp/SWSH230_hires.png,2026/08/08,2025/11/18,24.22,19.489999771118164,26.239999771118164,1000.0,,,,,,14.0496,5.11,17.7062,10.8083,10.485300064086914,18.8828,14.0958,13.842,11.2582,7.2094,1.1535,2026-08-09
swshp-SWSH231,Bulbasaur,holofoil,SWSH Black Star Promos,SWSH231,Promo,Shibuzoh.,Basic,1,Pokémon,2019/11/15,"tcgplayer,cardmarket",https://prices.pokemontcg.io/tcgplayer/swshp-SWSH231,https://images.pokemontcg.io/swshp/SWSH231_hires.png,2026/08/08,2025/11/18,10.98,9.0,12.0,96.94000244140625,,,,,,2.5838,1.1535,2.3416,0.0,2.249300003051758,2.157,2.803,0.0,0.0,0.0,1.1535,2026-08-09
swshp-SWSH232,Charmander,holofoil,SWSH Black Star Promos,SWSH232,Promo,Saya Tsuruta,Basic,4,Pokémon,2019/11/15,"tcgplayer,cardmarket",https://prices.pokemontcg.io/tcgplayer/swshp-SWSH232,https://images.pokemontcg.io/swshp/SWSH232_hires.png,2026/08/08,2025/11/18,15.26,11.989999771118164,15.4399995803833,25.09000015258789,,,,,,3.9565,1.7302,4.0719,0.0,3.9565000534057617,3.8181,4.0834,0.0,0.0,0.0,1.1535,2026-08-09
swshp-SWSH233,Squirtle,holofoil,SWSH Black Star Promos,SWSH233,Promo,kurumitsu,Basic,7,Pokémon,2019/11/15,"tcgplayer,cardmarket",https://prices.pokemontcg.io/tcgplayer/swshp-SWSH233,https://images.pokemontcg.io/swshp/SWSH233_hires.png,2026/08/08,2025/11/18,17.73,13.5,18.190000534057617,113.5,,,,,,2.8376,1.0843,2.8376,0.0,3.2874999046325684,2.8607,3.0337,0.0,0.0,0.0,1.1535,2026-08-09
swshp-SWSH234,Pikachu,holofoil,SWSH Black Star Promos,SWSH234,Promo,Ryota Murayama,Basic,25,Pokémon,2019/11/15,"tcgplayer,cardmarket",https://prices.pokemontcg.io/tcgplayer/swshp-SWSH234,https://images.pokemontcg.io/swshp/SWSH234_hires.png,2026/08/08,2025/11/18,7.89,3.7799999713897705,8.220000267028809,39.9900016784668,,,,,,1.7072,0.0577,1.3035,0.0,1.153499960899353,1.4303,1.6149,0.0,0.0,0.0,1.1535,2026-08-09
swshp-SWSH237,Hisuian Typhlosion V,holofoil,SWSH Black Star Promos,SWSH237,Promo,5ban Graphics,Basic|V,157,Pokémon,2019/11/15,"tcgplayer,cardmarket",https://prices.pokemontcg.io/tcgplayer/swshp-SWSH237,https://images.pokemontcg.io/swshp/SWSH237_hires.png,2026/08/08,2025/11/18,1.2,0.17000000178813934,1.25,19.899999618530273,,,,,,0.9805,0.2307,1.0266,0.0,1.0958000421524048,0.992,1.0035,0.0,0.0,0.0,1.1535,2026-08-09
swshp-SWSH238,Hisuian Decidueye V,holofoil,SWSH Black Star Promos,SWSH238,Promo,5ban Graphics,Basic|V,724,Pokémon,2019/11/15,"tcgplayer,cardmarket",https://prices.pokemontcg.io/tcgplayer/swshp-SWSH238,https://images.pokemontcg.io/swshp/SWSH238_hires.png,2026/08/08,2025/11/18,0.95,0.44999998807907104,1.0,25.950000762939453,,,,,,0.8305,0.1154,0.7844,0.0,0.9804999828338623,0.7959,0.8536,0.0,0.0,0.0,1.1535,2026-08-09
swshp-SWSH239,Hisuian Samurott V,holofoil,SWSH Black Star Promos,SWSH239,Promo,5ban Graphics,Basic|V,503,Pokémon,2019/11/15,"tcgplayer,cardmarket",https://prices.pokemontcg.io/tcgplayer/swshp-SWSH239,https://images.pokemontcg.io/swshp/SWSH239_hires.png,2026/08/08,2025/11/18,0.81,0.4000000059604645,0.9900000095367432,17.559999465942383,,,,,,1.0035,0.346,0.9574,0.0,1.0266000032424927,1.0381,1.0035,0.0,0.0,0.0,1.1535,2026-08-09
swshp-SWSH250,Lumineon V,holofoil,SWSH Black Star Promos,SWSH250,Promo,PLANETA Tsuji,Basic|V,457,Pokémon,2019/11/15,"tcgplayer,cardmarket",https://prices.pokemontcg.io/tcgplayer/swshp-SWSH250,https://images.pokemontcg.io/swshp/SWSH250_hires.png,2026/08/08,2025/11/18,0.75,0.30000001192092896,0.949999988079071,5.949999809265137,,,,,,0.8651,0.2538,1.0843,0.0,0.51910001039505,0.8997,0.8767,0.0,0.0,0.0,1.1535,2026-08-09
swsh11-1,Oddish,normal,Lost Origin,1,Common,Miki Tanaka,Basic,43,Pokémon,2022/09/09,"tcgplayer,cardmarket",https://prices.pokemontcg.io/tcgplayer/swsh11-1,https://images.pokemontcg.io/swsh11/1_hires.png,2026/08/08,2026/07/01,0.11,0.009999999776482582,0.15000000596046448,20.0,,0.25,,,,0.0346,0.0231,0.0346,0.2307,0.03460000082850456,0.0346,0.0346,0.4614,0.2307,0.2307,1.1535,2026-08-09
swsh11-2,Gloom,normal,Lost Origin,2,Uncommon,Tomokazu Komiya,Stage 1,44,Pokémon,2022/09/09,"tcgplayer,cardmarket",https://prices.pokemontcg.io/tcgplayer/swsh11-2,https://images.pokemontcg.io/swsh11/2_hires.png,2026/08/08,2026/07/01,0.19,0.009999999776482582,0.20999999344348907,20.0,,0.91,,,,0.0692,0.0231,0.0461,0.4037,0.03460000082850456,0.0692,0.0692,0.5767,0.3691,0.3576,1.1535,2026-08-09
swsh11-3,Vileplume,holofoil,Lost Origin,3,Rare Holo,Jiro Sasumo,Stage 2,45,Pokémon,2022/09/09,"tcgplayer,cardmarket",https://prices.pokemontcg.io/tcgplayer/swsh11-3,https://images.pokemontcg.io/swsh11/3_hires.png,2026/08/08,2026/07/01,0.29,0.10000000149011612,0.3100000023841858,19.899999618530273,,0.28,,,,0.2999,0.0231,0.2307,0.323,0.31139999628067017,0.15,0.2999,0.5652,0.4845,0.3345,1.1535,2026-08-09
swsh11-4,Paras,normal,Lost Origin,4,Common,Mizue,Basic,46,Pokémon,2022/09/09,"tcgplayer,cardmarket",https://prices.pokemontcg.io/tcgplayer/swsh11-4,https://images.pokemontcg.io/swsh11/4_hires.png,2026/08/08,2026/06/30,0.13,0.009999999776482582,0.15000000596046448,20.0,,0.22,,,,0.0346,0.0231,0.0346,0.2653,0.04610000178217888,0.0346,0.0346,0.0923,0.2422,0.2653,1.1535,2026-08-09
swsh11-5,Parasect,normal,Lost Origin,5,Rare,Pani Kobayashi,Stage 1,47,Pokémon,2022/09/09,"tcgplayer,cardmarket",https://prices.pokemontcg.io/tcgplayer/swsh11-5,https://images.pokemontcg.io/swsh11/5_hires.png,2026/08/08,2026/06/30,0.18,0.009999999776482582,0.20000000298023224,20.0,,0.19,,,,0.0692,0.0231,0.0692,0.2653,0.04610000178217888,0.0577,0.0692,0.5767,0.2999,0.2768,1.1535,2026-08-09
swsh11-6,Wurmple,normal,Lost Origin,6,Common,ryoma uratsuka,Basic,265,Pokémon,2022/09/09,"tcgplayer,cardmarket",https://prices.pokemontcg.io/tcgplayer/swsh11-6,https://images.pokemontcg.io/swsh11/6_hires.png,2026/08/08,2026/06/30,0.16,0.009999999776482582,0.1599999964237213,1000.0,,0.22,,,,0.0346,0.0231,0.0577,0.1961,0.023099999874830246,0.0461,0.0346,0.2653,0.1846,0.1961,1.1535,2026-08-09
swsh11-7,Silcoon,normal,Lost Origin,7,Uncommon,Kagemaru Himeno,Stage 1,266,Pokémon,2022/09/09,"tcgplayer,cardmarket",https://prices.pokemontcg.io/tcgplayer/swsh11-7,https://images.pokemontcg.io/swsh11/7_hires.png,2026/08/08,2026/06/30,0.1,0.009999999776482582,0.15000000596046448,20.0,,0.19,,,,0.0577,0.0231,0.0807,0.2538,0.09229999780654907,0.0577,0.0461,0.0461,0.1615,0.2307,1.1535,2026-08-09
swsh11-8,Beautifly,holofoil,Lost Origin,8,Rare Holo,Yuu Nishida,Stage 2,267,Pokémon,2022/09/09,"tcgplayer,cardmarket",https://prices.pokemontcg.io/tcgplayer/swsh11-8,https://images.pokemontcg.io/swsh11/8_hires.png,2026/08/08,2026/06/29,0.29,0.1899999976158142,0.3499999940395355,19.799999237060547,,0.38,,,,0.346,0.0346,0.2422,0.3576,0.10379999876022339,0.2307,0.3114,0.4383,0.2999,0.3576,1.1535,2026-08-09
swsh11-9,Cascoon,normal,Lost Origin,9,Uncommon,GOSSAN,Stage 1,268,Pokémon,2022/09/09,"tcgplayer,cardmarket",https://prices.pokemontcg.io/tcgplayer/swsh11-9,https://images.pokemontcg.io/swsh11/9_hires.png,2026/08/08,2026/06/26,0.03,0.009999999776482582,0.15000000596046448,20.0,,0.18,,,,0.0461,0.0231,0.0461,0.2422,0.04610000178217888,0.0461,0.0461,0.1846,0.1615,0.2192,1.1535,2026-08-09
swsh11-10,Dustox,normal,Lost Origin,10,Rare,Mitsuhiro Arita,Stage 2,269,Pokémon,2022/09/09,"tcgplayer,cardmarket",https://prices.pokemontcg.io/tcgplayer/swsh11-10,https://images.pokemontcg.io/swsh11/10_hires.png,2026/08/08,2026/06/26,0.18,0.019999999552965164,0.20000000298023224,19.979999542236328,,0.2,,,,0.0807,0.0231,0.1038,0.2538,0.023099999874830246,0.0923,0.0807,0.15,0.173,0.2422,1.1535,2026-08-09
swsh11-11,Seedot,normal,Lost Origin,11,Common,Yuka Morii,Basic,273,Pokémon,2022/09/09,"tcgplayer,cardmarket",https://prices.pokemontcg.io/tcgplayer/swsh11-11,https://images.pokemontcg.io/swsh11/11_hires.png,2026/08/08,2026/06/26,0.19,0.009999999776482582,0.20000000298023224,30.0,,0.51,,,,0.0461,0.0231,0.0346,0.2768,0.04610000178217888,0.0461,0.0461,0.0461,0.2653,0.2538,1.1535,2026-08-09
swsh11-12,Nuzleaf,normal,Lost Origin,12,Uncommon,Mizue,Stage 1,274,Pokémon,2022/09/09,"tcgplayer,cardmarket",https://prices.pokemontcg.io/tcgplayer/swsh11-12,https://images.pokemontcg.io/swsh11/12_hires.png,2026/08/08,2026/06/26,0.12,0.009999999776482582,0.15000000596046448,20.0,,0.17,,,,0.0346,0.0231,0.0461,0.1846,0.023099999874830246,0.0461,0.0346,0.3691,0.1615,0.1615,1.1535,2026-08-09
swsh11-13,Shiftry,holofoil,Lost Origin,13,Rare Holo,kawayoo,Stage 2,275,Pokémon,2022/09/09,"tcgplayer,cardmarket",https://prices.pokemontcg.io/tcgplayer/swsh11-13,https://images.pokemontcg.io/swsh11/13_hires.png,2026/08/08,2026/06/19,0.2,0.05000000074505806,0.25,40.0,,0.31,,,,0.2538,0.0231,0.2999,0.4845,0.57669997215271,0.3114,0.2538,0.8767,0.6114,0.5767,1.1535,2026-08-09
swsh11-14,Roselia,normal,Lost Origin,14,Common,Yukiko Baba,Basic,315,Pokémon,2022/09/09,"tcgplayer,cardmarket",https://prices.pokemontcg.io/tcgplayer/swsh11-14,https://images.pokemontcg.io/swsh11/14_hires.png,2026/08/08,2026/06/02,0.13,0.009999999776482582,0.15000000596046448,20.0,,0.19,,,,0.0346,0.0231,0.0461,0.2192,0.03460000082850456,0.0346,0.0346,0.1154,0.2768,0.1846,1.1535,2026-08-09
swsh11-15,Roserade,normal,Lost Origin,15,Uncommon,0313,Stage 1,407,Pokémon,2022/09/09,"tcgplayer,cardmarket",https://prices.pokemontcg.io/tcgplayer/swsh11-15,https://images.pokemontcg.io/swsh11/15_hires.png,2026/08/08,2026/06/02,0.12,0.009999999776482582,0.15000000596046448,19.979999542236328,,0.21,,,,0.0346,0.0231,0.0346,0.2307,0.023099999874830246,0.0346,0.0461,0.3345,0.2768,0.2192,1.1535,2026-08-09
swsh11-16,Phantump,normal,Lost Origin,16,Common,AKIRA EGAWA,Basic,708,Pokémon,2022/09/09,"tcgplayer,cardmarket",https://prices.pokemontcg.io/tcgplayer/swsh11-16,https://images.pokemontcg.io/swsh11/16_hires.png,2026/08/08,2026/05/15,0.16,0.009999999776482582,0.15000000596046448,20.0,,0.29,,,,0.0346,0.0231,0.0461,0.2768,0.023099999874830246,0.0346,0.0346,0.2422,0.2768,0.2653,1.1535,2026-08-09
swsh11-17,Trevenant,holofoil,Lost Origin,17,Rare Holo,Yuya Oka,Stage 1,709,Pokémon,2022/09/09,"tcgplayer,cardmarket",https://prices.pokemontcg.io/tcgplayer/swsh11-17,https://images.pokemontcg.io/swsh11/17_hires.png,2026/08/08,2026/05/15,0.21,0.009999999776482582,0.25,19.979999542236328,,0.28,,,,0.2422,0.0231,0.2422,0.2076,0.219200000166893,0.2307,0.2422,0.1961,0.2307,0.2538,1.1535,2026-08-09
swsh11-18,Blipbug,normal,Lost Origin,18,Common,Asako Ito,Basic,824,Pokémon,2022/09/09,"tcgplayer,cardmarket",https://prices.pokemontcg.io/tcgplayer/swsh11-18,https://images.pokemontcg.io/swsh11/18_hires.png,2026/08/08,2026/05/15,0.2,0.029999999329447746,0.2199999988079071,20.0,,0.41,,,,0.0461,0.0231,0.0692,0.2192,0.12690000236034393,0.0692,0.0461,0.2884,0.2653,0.2192,1.1535,2026-08-09
swsh11-19,Dottler,normal,Lost Origin,19,Uncommon,Kyoko Umemoto,Stage 1,825,Pokémon,2022/09/09,"tcgplayer,cardmarket",https://prices.pokemontcg.io/tcgplayer/swsh11-19,https://images.pokemontcg.io/swsh11/19_hires.png,2026/08/08,2026/05/15,0.04,0.009999999776482582,0.15000000596046448,20.0,,0.18,,,,0.0346,0.0231,0.0346,0.1961,0.023099999874830246,0.0231,0.0346,0.5767,0.2076,0.1846,1.1535,2026-08-09
swsh11-20,Orbeetle,holofoil,Lost Origin,20,Rare Holo,yuu,Stage 2,826,Pokémon,2022/09/09,"tcgplayer,cardmarket",https://prices.pokemontcg.io/tcgplayer/swsh11-20,https://images.pokemontcg.io/swsh11/20_hires.png,2026/08/08,2026/05/15,0.21,0.009999999776482582,0.23999999463558197,19.979999542236328,,0.27,,,,0.1846,0.0231,0.2192,0.4153,0.20759999752044678,0.2307,0.2076,0.1154,0.5421,0.4268,1.1535,2026-08-09
swsh11-21,Slugma,normal,Lost Origin,21,Common,Scav,Basic,218,Pokémon,2022/09/09,"tcgplayer,cardmarket",https://prices.pokemontcg.io/tcgplayer/swsh11-21,https://images.pokemontcg.io/swsh11/21_hires.png,2026/08/08,2026/05/15,0.04,0.009999999776482582,0.15000000596046448,20.0,,0.31,,,,0.0231,0.0231,0.0461,0.3345,0.023099999874830246,0.0231,0.0346,0.1154,0.346,0.2999,1.1535,2026-08-09
swsh11-22,Magcargo,normal,Lost Origin,22,Rare,Pani Kobayashi,Stage 1,219,Pokémon,2022/09/09,"tcgplayer,cardmarket",https://prices.pokemontcg.io/tcgplayer/swsh11-22,https://images.pokemontcg.io/swsh11/22_hires.png,2026/08/08,2026/05/15,0.18,0.009999999776482582,0.20000000298023224,20.0,,0.24,,,,0.0807,0.0231,0.0807,0.3691,0.023099999874830246,0.0692,0.0923,0.2307,0.3691,0.3114,1.1535,2026-08-09
swsh11-23,Torkoal,normal,Lost Origin,23,Uncommon,Naoyo Kimura,Basic,324,Pokémon,2022/09/09,"tcgplayer,cardmarket",https://prices.pokemontcg.io/tcgplayer/swsh11-23,https://images.pokemontcg.io/swsh11/23_hires.png,2026/08/08,2026/05/06,0.13,0.009999999776482582,0.15000000596046448,20.0,,0.21,,,,0.0346,0.0231,0.0461,0.15,0.023099999874830246,0.0461,0.0346,0.2307,0.173,0.1615,1.1535,2026-08-09
swsh11-24,Litwick,normal,Lost Origin,24,Common,Yuka Morii,Basic,607,Pokémon,2022/09/09,"tcgplayer,cardmarket",https://prices.pokemontcg.io/tcgplayer/swsh11-24,https://images.pokemontcg.io/swsh11/24_hires.png,2026/08/08,2026/05/06,0.19,0.009999999776482582,0.20999999344348907,20.0,,0.32,,,,0.0346,0.0231,0.0346,0.1269,0.023099999874830246,0.0346,0.0346,0.1154,0.1154,0.1384,1.1535,2026-08-09
swsh11-25,Lampent,normal,Lost Origin,25,Uncommon,kurumitsu,Stage 1,608,Pokémon,2022/09/09,"tcgplayer,cardmarket",https://prices.pokemontcg.io/tcgplayer/swsh11-25,https://images.pokemontcg.io/swsh11/25_hires.png,2026/08/08,2026/05/06,0.05,0.009999999776482582,0.15000000596046448,2.990000009536743,,0.23,,,,0.0346,0.0231,0.0231,0.1384,0.03460000082850456,0.0346,0.0346,0.1154,0.0807,0.15,1.1535,2026-08-09
swsh11-26,Chandelure,holofoil,Lost Origin,26,Rare Holo,sui,Stage 2,609,Pokémon,2022/09/09,"tcgplayer,cardmarket",https://prices.pokemontcg.io/tcgplayer/swsh11-26,https://images.pokemontcg.io/swsh11/26_hires.png,2026/08/08,2026/05/06,0.34,0.09000000357627869,0.2800000011920929,19.979999542236328,,0.25,,,,0.2192,0.0231,0.2422,0.3114,0.5421000123023987,0.2999,0.2422,0.1846,0.2422,0.2768,1.1535,2026-08-09
swsh11-27,Delphox V,holofoil,Lost Origin,27,Rare Holo V,5ban Graphics,Basic|V,655,Pokémon,2022/09/09,"tcgplayer,cardmarket",https://prices.pokemontcg.io/tcgplayer/swsh11-27,https://images.pokemontcg.io/swsh11/27_hires.png,2026/08/08,2026/05/06,0.89,0.41999998688697815,0.9900000095367432,100.0,,,,,,0.8074,0.1154,0.7382,0.0,0.5421000123023987,0.8651,0.819,0.0,0.0,0.0,1.1535,2026-08-09
swsh11-28,Litleo,normal,Lost Origin,28,Common,Sekio,Basic,667,Pokémon,2022/09/09,"tcgplayer,cardmarket",https://prices.pokemontcg.io/tcgplayer/swsh11-28,https://images.pokemontcg.io/swsh11/28_hires.png,2026/08/08,2026/03/11,0.11,0.009999999776482582,0.15000000596046448,20.0,,0.3,,,,0.0346,0.0231,0.0231,0.2422,0.023099999874830246,0.0231,0.0346,0.3345,0.2076,0.2422,1.1535,2026-08-09
swsh11-29,Pyroar,holofoil,Lost Origin,29,Rare Holo,Misa Tsutsui,Stage 1,668,Pokémon,2022/09/09,"tcgplayer,cardmarket",https://prices.pokemontcg.io/tcgplayer/swsh11-29,https://images.pokemontcg.io/swsh11/29_hires.png,2026/08/08,2026/03/11,0.28,0.029999999329447746,0.27000001072883606,30.0,,0.32,,,,0.2192,0.0231,0.2076,0.5306,0.17299999296665192,0.2653,0.2192,0.3807,0.4729,0.4729,1.1535,2026-08-09
swsh11-30,Poliwag,normal,Lost Origin,30,Common,Miki Tanaka,Basic,60,Pokémon,2022/09/09,"tcgplayer,cardmarket",https://prices.pokemontcg.io/tcgplayer/swsh11-30,https://images.pokemontcg.io/swsh11/30_hires.png,2026/08/08,2026/03/11,0.13,0.009999999776482582,0.15000000596046448,20.0,,0.19,,,,0.0346,0.0231,0.0346,0.1846,0.03460000082850456,0.0346,0.0346,0.1961,0.2884,0.1961,1.1535,2026-08-09
swsh11-31,Poliwhirl,normal,Lost Origin,31,Uncommon,Scav,Stage 1,61,Pokémon,2022/09/09,"tcgplayer,cardmarket",https://prices.pokemontcg.io/tcgplayer/swsh11-31,https://images.pokemontcg.io/swsh11/31_hires.png,2026/08/08,2026/03/11,0.18,0.009999999776482582,0.20000000298023224,20.0,,0.27,,,,0.0577,0.0231,0.0346,0.2422,0.03460000082850456,0.0577,0.0577,0.0231,0.2653,0.2307,1.1535,2026-08-09
swsh11-32,Politoed,normal,Lost Origin,32,Rare,ryoma uratsuka,Stage 2,186,Pokémon,2022/09/09,"tcgplayer,cardmarket",https://prices.pokemontcg.io/tcgplayer/swsh11-32,https://images.pokemontcg.io/swsh11/32_hires.png,2026/08/08,2026/03/11,0.3,0.10000000149011612,0.3400000035762787,20.0,,0.42,,,,0.1961,0.0231,0.15,0.346,0.11540000140666962,0.1269,0.2076,0.2768,0.346,0.3345,1.1535,2026-08-09
swsh11-33,Seel,normal,Lost Origin,33,Common,GIDORA,Basic,86,Pokémon,2022/09/09,"tcgplayer,cardmarket",https://prices.pokemontcg.io/tcgplayer/swsh11-33,https://images.pokemontcg.io/swsh11/33_hires.png,2026/08/08,2026/03/11,0.13,0.009999999776482582,0.15000000596046448,20.0,,0.24,,,,0.0346,0.0231,0.0346,0.2192,0.023099999874830246,0.0231,0.0346,0.346,0.2422,0.2076,1.1535,2026-08-09
swsh11-34,Dewgong,normal,Lost Origin,34,Rare,chibi,Stage 1,87,Pokémon,2022/09/09,"tcgplayer,cardmarket",https://prices.pokemontcg.io/tcgplayer/swsh11-34,https://images.pokemontcg.io/swsh11/34_hires.png,2026/08/08,2026/03/11,0.19,0.019999999552965164,0.20000000298023224,20.0,,0.34,,,,0.0692,0.0231,0.1615,0.3345,0.023099999874830246,0.1154,0.0807,0.1038,0.346,0.3691,1.1535,2026-08-09
swsh11-35,Horsea,normal,Lost Origin,35,Common,Tika Matsuno,Basic,116,Pokémon,2022/09/09,"tcgplayer,cardmarket",https://prices.pokemontcg.io/tcgplayer/swsh11-35,https://images.pokemontcg.io/swsh11/35_hires.png,2026/08/08,2026/03/11,0.13,0.009999999776482582,0.1599999964237213,1000.0,,0.22,,,,0.0346,0.0231,0.0231,0.1615,0.023099999874830246,0.0346,0.0346,0.0692,0.1269,0.1615,1.1535,2026-08-09
swsh11-36,Seadra,normal,Lost Origin,36,Uncommon,sui,Stage 1,117,Pokémon,2022/09/09,"tcgplayer,cardmarket",https://prices.pokemontcg.io/tcgplayer/swsh11-36,https://images.pokemontcg.io/swsh11/36_hires.png,2026/08/08,2026/03/11,0.12,0.009999999776482582,0.15000000596046448,20.0,,0.2,,,,0.0346,0.0231,0.0346,0.1615,0.023099999874830246,0.0346,0.0346,0.0231,0.1846,0.1615,1.1535,2026-08-09
swsh11-37,Kingdra,holofoil,Lost Origin,37,Rare Holo,AKIRA EGAWA,Stage 2,230,Pokémon,2022/09/09,"tcgplayer,cardmarket",https://prices.pokemontcg.io/tcgplayer/swsh11-37,https://images.pokemontcg.io/swsh11/37_hires.png,2026/08/08,2026/03/11,0.3,0.15000000596046448,0.28999999165534973,19.979999542236328,,0.31,,,,0.2538,0.0577,0.2884,0.0,0.2768000066280365,0.2307,0.2192,0.0,0.0,0.0,1.1535,2026-08-09
swsh11-38,Luvdisc,normal,Lost Origin,38,Common,Sekio,Basic,370,Pokémon,2022/09/09,"tcgplayer,cardmarket",https://prices.pokemontcg.io/tcgplayer/swsh11-38,https://images.pokemontcg.io/swsh11/38_hires.png,2026/08/08,2026/03/11,0.12,0.009999999776482582,0.15000000596046448,19.979999542236328,,0.46,,,,0.0346,0.0231,0.0346,0.2884,0.03460000082850456,0.0231,0.0346,0.4614,0.1961,0.2768,1.1535,2026-08-09
swsh11-39,Shellos,normal,Lost Origin,39,Common,Saya Tsuruta,Basic,422,Pokémon,2022/09/09,"tcgplayer,cardmarket",https://prices.pokemontcg.io/tcgplayer/swsh11-39,https://images.pokemontcg.io/swsh11/39_hires.png,2026/08/08,2026/02/22,0.15,0.009999999776482582,0.1599999964237213,20.0,,0.22,,,,0.0346,0.0231,0.0346,0.1846,0.023099999874830246,0.0346,0.0346,0.1154,0.1269,0.1615,1.1535,2026-08-09
swsh11-40,Finneon,normal,Lost Origin,40,Common,Taira Akitsu,Basic,456,Pokémon,2022/09/09,"tcgplayer,cardmarket",https://prices.pokemontcg.io/tcgplayer/swsh11-40,https://images.pokemontcg.io/swsh11/40_hires.png,2026/08/08,2026/02/22,0.11,0.009999999776482582,0.15000000596046448,18.68000030517578,,0.26,,,,0.0346,0.0231,0.0231,0.2307,0.023099999874830246,0.0346,0.0346,0.2884,0.3114,0.2538,1.1535,2026-08-09
swsh11-41,Lumineon,normal,Lost Origin,41,Uncommon,zig,Stage 1,457,Pokémon,2022/09/09,"tcgplayer,cardmarket",https://prices.pokemontcg.io/tcgplayer/swsh11-41,https://images.pokemontcg.io/swsh11/41_hires.png,2026/08/08,2026/02/21,0.06,0.009999999776482582,0.15000000596046448,19.979999542236328,,0.21,,,,0.0346,0.0231,0.0231,0.1961,0.04610000178217888,0.0346,0.0461,0.2307,0.15,0.1961,1.1535,2026-08-09
swsh11-42,Snover,normal,Lost Origin,42,Common,Mitsuhiro Arita,Basic,459,Pokémon,2022/09/09,"tcgplayer,cardmarket",https://prices.pokemontcg.io/tcgplayer/swsh11-42,https://images.pokemontcg.io/swsh11/42_hires.png,2026/08/08,2026/02/21,0.05,0.009999999776482582,0.15000000596046448,20.0,,0.13,,,,0.0231,0.0231,0.0231,0.1615,0.03460000082850456,0.0231,0.0231,0.0461,0.15,0.173,1.1535,2026-08-09
swsh11-43,Abomasnow,normal,Lost Origin,43,Uncommon,kodama,Stage 1,460,Pokémon,2022/09/09,"tcgplayer,cardmarket",https://prices.pokemontcg.io/tcgplayer/swsh11-43,https://images.pokemontcg.io/swsh11/43_hires.png,2026/08/08,2026/02/21,0.1,0.009999999776482582,0.15000000596046448,20.0,,0.15,,,,0.0346,0.0231,0.0577,0.2076,0.023099999874830246,0.0692,0.0461,0.1961,0.1615,0.1846,1.1535,2026-08-09
swsh11-44,Hisuian Basculin,normal,Lost Origin,44,Common,Oswaldo KATO,Basic,550,Pokémon,2022/09/09,"tcgplayer,cardmarket",https://prices.pokemontcg.io/tcgplayer/swsh11-44,https://images.pokemontcg.io/swsh11/44_hires.png,2026/08/08,2026/02/21,0.07,0.009999999776482582,0.15000000596046448,20.0,,0.25,,,,0.0461,0.0231,0.0692,0.1846,0.023099999874830246,0.0346,0.0461,0.346,0.2653,0.1961,1.1535,2026-08-09
swsh11-45,Hisuian Basculegion,holofoil,Lost Origin,45,Rare Holo,AKIRA EGAWA,Stage 1,902,Pokémon,2022/09/09,"tcgplayer,cardmarket",https://prices.pokemontcg.io/tcgplayer/swsh11-45,https://images.pokemontcg.io/swsh11/45_hires.png,2026/08/08,2026/02/21,0.4,0.009999999776482582,0.38999998569488525,40.0,,0.43,,,,0.3807,0.0231,0.2768,0.5191,0.20759999752044678,0.2422,0.3576,0.4037,0.4268,0.4845,1.1535,2026-08-09
swsh11-46,Ducklett,normal,Lost Origin,46,Common,Yuka Morii,Basic,580,Pokémon,2022/09/09,"tcgplayer,cardmarket",https://prices.pokemontcg.io/tcgplayer/swsh11-46,https://images.pokemontcg.io/swsh11/46_hires.png,2026/08/08,2026/02/21,0.2,0.029999999329447746,0.23000000417232513,20.0,,0.57,,,,0.0346,0.0231,0.0461,0.1961,0.023099999874830246,0.0346,0.0346,0.1615,0.15,0.1846,1.1535,2026-08-09
swsh11-47,Swanna,normal,Lost Origin,47,Uncommon,Sekio,Stage 1,581,Pokémon,2022/09/09,"tcgplayer,cardmarket",https://prices.pokemontcg.io/tcgplayer/swsh11-47,https://images.pokemontcg.io/swsh11/47_hires.png,2026/08/08,2026/02/21,0.11,0.009999999776482582,0.15000000596046448,19.979999542236328,,0.16,,,,0.0346,0.0231,0.0346,0.1846,0.023099999874830246,0.0346,0.0346,0.15,0.15,0.1615,1.1535,2026-08-09
swsh11-48,Kyurem V,holofoil,Lost Origin,48,Rare Holo V,takuyoa,Basic|V,646,Pokémon,2022/09/09,"tcgplayer,cardmarket",https://prices.pokemontcg.io/tcgplayer/swsh11-48,https://images.pokemontcg.io/swsh11/48_hires.png,2026/08/08,2026/02/21,0.92,0.3499999940395355,0.9900000095367432,5.949999809265137,,,,,,0.8651,0.1154,0.7267,0.0,1.003499984741211,0.7613,0.8421,0.0,0.0,0.0,1.1535,2026-08-09
swsh11-49,Kyurem VMAX,holofoil,Lost Origin,49,Rare Holo VMAX,N-DESIGN Inc.,VMAX,646,Pokémon,2022/09/09,"tcgplayer,cardmarket",https://prices.pokemontcg.io/tcgplayer/swsh11-49,https://images.pokemontcg.io/swsh11/49_hires.png,2026/08/08,2026/02/21,2.3,1.5700000524520874,2.630000114440918,99.98999786376953,,,,,,1.7187,0.5652,1.6149,0.0,1.7532999515533447,1.6841,1.7072,0.0,0.0,0.0,1.1535,2026-08-09
swsh11-50,Cramorant,normal,Lost Origin,50,Rare,Midori Harada,Basic,845,Pokémon,2022/09/09,"tcgplayer,cardmarket",https://prices.pokemontcg.io/tcgplayer/swsh11-50,https://images.pokemontcg.io/swsh11/50_hires.png,2026/08/08,2026/02/21,0.22,0.009999999776482582,0.25,4.989999771118164,,0.26,,,,0.0923,0.0231,0.0923,0.2076,0.1615000069141388,0.0923,0.0807,0.323,0.1615,0.2422,1.1535,2026-08-09
swsh11-51,Glastrier,holofoil,Lost Origin,51,Rare Holo,Jiro Sasumo,Basic,896,Pokémon,2022/09/09,"tcgplayer,cardmarket",https://prices.pokemontcg.io/tcgplayer/swsh11-51,https://images.pokemontcg.io/swsh11/51_hires.png,2026/08/08,2026/02/21,0.32,0.07999999821186066,0.33000001311302185,19.979999542236328,,0.39,,,,0.2999,0.0231,0.3345,0.3691,0.06920000165700912,0.323,0.2999,0.1961,0.5191,0.4037,1.1535,2026-08-09
swsh11-52,Pikachu,normal,Lost Origin,52,Common,kurumitsu,Basic,25,Pokémon,2022/09/09,"tcgplayer,cardmarket",https://prices.pokemontcg.io/tcgplayer/swsh11-52,https://images.pokemontcg.io/swsh11/52_hires.png,2026/08/08,2026/02/19,1.34,0.20000000298023224,1.440000057220459,1000.0,,6.75,,,,0.173,0.0231,0.0923,1.661,0.09229999780654907,0.1038,0.1154,2.307,1.5572,1.638,1.1535,2026-08-09
swsh11-53,Raichu,normal,Lost Origin,53,Rare,GIDORA,Stage 1,26,Pokémon,2022/09/09,"tcgplayer,cardmarket",https://prices.pokemontcg.io/tcgplayer/swsh11-53,https://images.pokemontcg.io/swsh11/53_hires.png,2026/08/08,2026/02/19,0.27,0.07999999821186066,0.27000001072883606,20.0,,0.47,,,,0.1384,0.0231,0.15,0.6575,0.13840000331401825,0.1384,0.1384,0.7267,1.165,0.7152,1.1535,2026-08-09
swsh11-54,Electrike,normal,Lost Origin,54,Common,otumami,Basic,309,Pokémon,2022/09/09,"tcgplayer,cardmarket",https://prices.pokemontcg.io/tcgplayer/swsh11-54,https://images.pokemontcg.io/swsh11/54_hires.png,2026/08/08,2026/02/19,0.05,0.009999999776482582,0.15000000596046448,20.0,,0.19,,,,0.0231,0.0231,0.0346,0.1384,0.023099999874830246,0.0346,0.0231,0.1269,0.1846,0.15,1.1535,2026-08-09
swsh11-55,Manectric,normal,Lost Origin,55,Rare,GIDORA,Stage 1,310,Pokémon,2022/09/09,"tcgplayer,cardmarket",https://prices.pokemontcg.io/tcgplayer/swsh11-55,https://images.pokemontcg.io/swsh11/55_hires.png,2026/08/08,2026/02/19,0.18,0.019999999552965164,0.20000000298023224,25.0,,0.21,,,,0.0807,0.0231,0.0807,0.1615,0.09229999780654907,0.0923,0.0807,0.346,0.2307,0.1846,1.1535,2026-08-09
swsh11-56,Magnezone V,holofoil,Lost Origin,56,Rare Holo V,N-DESIGN Inc.,Basic|V,462,Pokémon,2022/09/09,"tcgplayer,cardmarket",https://prices.pokemontcg.io/tcgplayer/swsh11-56,https://images.pokemontcg.io/swsh11/56_hires.png,2026/08/08,2026/01/26,0.61,0.30000001192092896,0.9900000095367432,99.0,,,,,,0.6344,0.0807,0.5767,0.0,0.5882999897003174,0.6229,0.646,0.0,0.0,0.0,1.1535,2026-08-09
swsh11-57,Magnezone VSTAR,holofoil,Lost Origin,57,Rare Holo VSTAR,PLANETA Mochizuki,VSTAR,462,Pokémon,2022/09/09,"tcgplayer,cardmarket",https://prices.pokemontcg.io/tcgplayer/swsh11-57,https://images.pokemontcg.io/swsh11/57_hires.png,2026/08/08,2026/01/21,1.03,0.49000000953674316,1.25,50.0,,,,,,0.8882,0.2307,0.8882,0.0,0.57669997215271,0.8651,0.9228,0.0,0.0,0.0,1.1535,2026-08-09
swsh11-58,Rotom V,holofoil,Lost Origin,58,Rare Holo V,5ban Graphics,Basic|V,479,Pokémon,2022/09/09,"tcgplayer,cardmarket",https://prices.pokemontcg.io/tcgplayer/swsh11-58,https://images.pokemontcg.io/swsh11/58_hires.png,2026/08/08,2026/01/21,0.76,0.25,0.8899999856948853,99.9000015258789,,,,,,0.5652,0.0577,0.4845,0.0,0.28839999437332153,0.5998,0.6229,0.0,0.0,0.0,1.1535,2026-08-09
swsh11-59,Tynamo,normal,Lost Origin,59,Common,Yukiko Baba,Basic,602,Pokémon,2022/09/09,"tcgplayer,cardmarket",https://prices.pokemontcg.io/tcgplayer/swsh11-59,https://images.pokemontcg.io/swsh11/59_hires.png,2026/08/08,2026/01/21,0.12,0.009999999776482582,0.15000000596046448,20.0,,0.25,,,,0.0346,0.0231,0.0231,0.1961,0.023099999874830246,0.0231,0.0346,0.346,0.2768,0.1961,1.1535,2026-08-09
swsh11-60,Eelektrik,normal,Lost Origin,60,Uncommon,Uta,Stage 1,603,Pokémon,2022/09/09,"tcgplayer,cardmarket",https://prices.pokemontcg.io/tcgplayer/swsh11-60,https://images.pokemontcg.io/swsh11/60_hires.png,2026/08/08,2026/01/21,0.03,0.009999999776482582,0.15000000596046448,19.979999542236328,,0.16,,,,0.0346,0.0231,0.0346,0.2076,0.03460000082850456,0.0346,0.0346,0.0807,0.1154,0.1615,1.1535,2026-08-09
swsh11-61,Eelektross,normal,Lost Origin,61,Rare,Shin Nagasawa,Stage 2,604,Pokémon,2022/09/09,"tcgplayer,cardmarket",https://prices.pokemontcg.io/tcgplayer/swsh11-61,https://images.pokemontcg.io/swsh11/61_hires.png,2026/08/08,2026/01/21,0.16,0.009999999776482582,0.20000000298023224,20.0,,0.24,,,,0.1154,0.0231,0.1269,0.346,0.20759999752044678,0.1269,0.1038,0.5421,0.346,0.3345,1.1535,2026-08-09
swsh11-62,Clefairy,normal,Lost Origin,62,Common,Kouki Saitou,Basic,35,Pokémon,2022/09/09,"tcgplayer,cardmarket",https://prices.pokemontcg.io/tcgplayer/swsh11-62,https://images.pokemontcg.io/swsh11/62_hires.png,2026/08/08,2026/01/21,0.16,0.009999999776482582,0.20000000298023224,20.0,,0.37,,,,0.0461,0.0231,0.0346,0.2307,0.03460000082850456,0.0346,0.0461,0.173,0.1846,0.2192,1.1535,2026-08-09
swsh11-63,Clefable,normal,Lost Origin,63,Rare,Sekio,Stage 1,36,Pokémon,2022/09/09,"tcgplayer,cardmarket",https://prices.pokemontcg.io/tcgplayer/swsh11-63,https://images.pokemontcg.io/swsh11/63_hires.png,2026/08/08,2026/01/21,0.23,0.05000000074505806,0.25,19.979999542236328,,0.39,,,,0.0807,0.0231,0.1038,0.2422,0.10379999876022339,0.15,0.1038,0.173,0.2884,0.2422,1.1535,2026-08-09
swsh11-64,Gastly,normal,Lost Origin,64,Common,Tika Matsuno,Basic,92,Pokémon,2022/09/09,"tcgplayer,cardmarket",https://prices.pokemontcg.io/tcgplayer/swsh11-64,https://images.pokemontcg.io/swsh11/64_hires.png,2026/08/08,2026/01/21,0.16,0.009999999776482582,0.1899999976158142,20.0,,0.48,,,,0.0577,0.0231,0.0692,0.346,0.11540000140666962,0.0346,0.0461,0.4499,0.323,0.346,1.1535,2026-08-09
swsh11-65,Haunter,normal,Lost Origin,65,Uncommon,Kouki Saitou,Stage 1,93,Pokémon,2022/09/09,"tcgplayer,cardmarket",https://prices.pokemontcg.io/tcgplayer/swsh11-65,https://images.pokemontcg.io/swsh11/65_hires.png,2026/08/08,2026/01/21,0.17,0.009999999776482582,0.20000000298023224,20.0,,0.33,,,,0.0692,0.0231,0.0692,0.2999,0.023099999874830246,0.0692,0.0807,0.15,0.2192,0.2653,1.1535,2026-08-09
swsh11-66,Gengar,holofoil,Lost Origin,66,Rare Holo,Narumi Sato,Stage 2,94,Pokémon,2022/09/09,"tcgplayer,cardmarket",https://prices.pokemontcg.io/tcgplayer/swsh11-66,https://images.pokemontcg.io/swsh11/66_hires.png,2026/08/08,2026/01/21,4.78,2.390000104904175,4.760000228881836,28.899999618530273,,4.71,,,,0.6806,0.5537,1.0035,0.0,1.7187000513076782,0.8997,0.7152,0.0,0.0,0.0,1.1535,2026-08-09
swsh11-67,Mr. Mime,normal,Lost Origin,67,Rare,Souichirou Gunjima,Basic,122,Pokémon,2022/09/09,"tcgplayer,cardmarket",https://prices.pokemontcg.io/tcgplayer/swsh11-67,https://images.pokemontcg.io/swsh11/67_hires.png,2026/08/08,2026/01/21,0.26,0.05000000074505806,0.25,2.990000009536743,,0.41,,,,0.0923,0.0231,0.0807,0.3922,0.09229999780654907,0.1154,0.0923,0.2768,0.2653,0.3691,1.1535,2026-08-09
swsh11-68,Jynx,normal,Lost Origin,68,Common,Nagomi Nijo,Basic,124,Pokémon,2022/09/09,"tcgplayer,cardmarket",https://prices.pokemontcg.io/tcgplayer/swsh11-68,https://images.pokemontcg.io/swsh11/68_hires.png,2026/08/08,2026/01/21,0.05,0.009999999776482582,0.15000000596046448,20.0,,0.27,,,,0.0346,0.0231,0.0231,0.173,0.023099999874830246,0.0231,0.0346,0.2307,0.173,0.1615,1.1535,2026-08-09
swsh11-69,Radiant Gardevoir,holofoil,Lost Origin,69,Radiant Rare,Ryuta Fuse,Basic|Radiant,282,Pokémon,2022/09/09,"tcgplayer,cardmarket",https://prices.pokemontcg.io/tcgplayer/swsh11-69,https://images.pokemontcg.io/swsh11/69_hires.png,2026/08/08,2026/01/21,1.58,0.46000000834465027,1.7400000095367432,99.9000015258789,,,,,,0.7498,0.0231,0.7959,0.0,0.36910000443458557,0.6229,0.7152,0.0,0.0,0.0,1.1535,2026-08-09
swsh11-70,Sableye,holofoil,Lost Origin,70,Rare Holo,Shibuzoh.,Basic,302,Pokémon,2022/09/09,"tcgplayer,cardmarket",https://prices.pokemontcg.io/tcgplayer/swsh11-70,https://images.pokemontcg.io/swsh11/70_hires.png,2026/08/08,2026/01/19,0.46,0.23999999463558197,0.49000000953674316,7.869999885559082,,0.48,,,,0.3576,0.0231,0.4845,0.4037,0.34599998593330383,0.496,0.4037,0.0577,0.3576,0.3807,1.1535,2026-08-09
swsh11-71,Mawile,normal,Lost Origin,71,Common,kurumitsu,Basic,303,Pokémon,2022/09/09,"tcgplayer,cardmarket",https://prices.pokemontcg.io/tcgplayer/swsh11-71,https://images.pokemontcg.io/swsh11/71_hires.png,2026/08/08,2026/01/19,0.19,0.009999999776482582,0.18000000715255737,20.0,,0.26,,,,0.0346,0.0231,0.0231,0.15,0.023099999874830246,0.0346,0.0346,0.1154,0.1615,0.173,1.1535,2026-08-09
swsh11-72,Shuppet,normal,Lost Origin,72,Common,Kouki Saitou,Basic,353,Pokémon,2022/09/09,"tcgplayer,cardmarket",https://prices.pokemontcg.io/tcgplayer/swsh11-72,https://images.pokemontcg.io/swsh11/72_hires.png,2026/08/08,2026/01/19,0.13,0.009999999776482582,0.15000000596046448,20.0,,0.24,,,,0.0461,0.0231,0.0577,0.15,0.023099999874830246,0.0346,0.0346,0.1615,0.1038,0.15,1.1535,2026-08-09
swsh11-73,Banette,normal,Lost Origin,73,Rare,Kagemaru Himeno,Stage 1,354,Pokémon,2022/09/09,"tcgplayer,cardmarket",https://prices.pokemontcg.io/tcgplayer/swsh11-73,https://images.pokemontcg.io/swsh11/73_hires.png,2026/08/08,2026/01/19,0.19,0.009999999776482582,0.20000000298023224,19.979999542236328,,0.26,,,,0.0807,0.0231,0.0692,0.2307,0.06920000165700912,0.0807,0.0807,0.1154,0.173,0.1961,1.1535,2026-08-09
swsh11-74,Cresselia,holofoil,Lost Origin,74,Rare Holo,saino misaki,Basic,488,Pokémon,2022/09/09,"tcgplayer,cardmarket",https://prices.pokemontcg.io/tcgplayer/swsh11-74,https://images.pokemontcg.io/swsh11/74_hires.png,2026/08/08,2026/01/19,0.41,0.15000000596046448,0.4300000071525574,4.150000095367432,,0.6,,,,0.3576,0.0231,0.4153,1.0958,0.23070000112056732,0.2768,0.3345,0.6114,0.8997,0.9805,1.1535,2026-08-09
swsh11-75,Hisuian Zorua,normal,Lost Origin,75,Common,Akira Komayama,Basic,570,Pokémon,2022/09/09,"tcgplayer,cardmarket",https://prices.pokemontcg.io/tcgplayer/swsh11-75,https://images.pokemontcg.io/swsh11/75_hires.png,2026/08/08,2026/01/19,0.19,0.009999999776482582,0.20000000298023224,20.0,,0.47,,,,0.0346,0.0231,0.0346,0.3922,0.023099999874830246,0.0346,0.0346,0.1154,0.5537,0.3807,1.1535,2026-08-09
swsh11-76,Hisuian Zoroark,holofoil,Lost Origin,76,Rare Holo,Kouki Saitou,Stage 1,571,Pokémon,2022/09/09,"tcgplayer,cardmarket",https://prices.pokemontcg.io/tcgplayer/swsh11-76,https://images.pokemontcg.io/swsh11/76_hires.png,2026/08/08,2026/01/19,0.41,0.1599999964237213,0.41999998688697815,19.979999542236328,,0.41,,,,1.7072,0.1038,1.9379,0.0,3.4605000019073486,2.4339,1.8571,0.0,0.0,0.0,1.1535,2026-08-09
swsh11-77,Inkay,normal,Lost Origin,77,Common,miki kudo,Basic,686,Pokémon,2022/09/09,"tcgplayer,cardmarket",https://prices.pokemontcg.io/tcgplayer/swsh11-77,https://images.pokemontcg.io/swsh11/77_hires.png,2026/08/08,2026/01/19,0.14,0.009999999776482582,0.15000000596046448,20.0,,0.18,,,,0.0231,0.0231,0.0346,0.1384,0.023099999874830246,0.0346,0.0346,0.1154,0.1384,0.1384,1.1535,2026-08-09
swsh11-78,Malamar,normal,Lost Origin,78,Rare,Tomokazu Komiya,Stage 1,687,Pokémon,2022/09/09,"tcgplayer,cardmarket",https://prices.pokemontcg.io/tcgplayer/swsh11-78,https://images.pokemontcg.io/swsh11/78_hires.png,2026/08/08,2026/01/19,0.21,0.009999999776482582,0.20999999344348907,20.0,,0.32,,,,0.0807,0.0231,0.1038,0.1961,0.11540000140666962,0.1154,0.1038,0.323,0.2538,0.2422,1.1535,2026-08-09
swsh11-79,Comfey,normal,Lost Origin,79,Rare,Aya Kusube,Basic,764,Pokémon,2022/09/09,"tcgplayer,cardmarket",https://prices.pokemontcg.io/tcgplayer/swsh11-79,https://images.pokemontcg.io/swsh11/79_hires.png,2026/08/08,2026/01/16,0.27,0.05000000074505806,0.25999999046325684,4.0,,0.3,,,,0.1154,0.0231,0.2768,0.2999,0.13840000331401825,0.4729,0.173,0.2884,0.2768,0.2538,1.1535,2026-08-09
swsh11-80,Mimikyu,normal,Lost Origin,80,Rare,Ligton,Basic,778,Pokémon,2022/09/09,"tcgplayer,cardmarket",https://prices.pokemontcg.io/tcgplayer/swsh11-80,https://images.pokemontcg.io/swsh11/80_hires.png,2026/08/08,2026/01/16,0.78,0.23999999463558197,0.7699999809265137,20.0,,1.09,,,,0.173,0.0231,0.1269,0.3691,0.18459999561309814,0.1615,0.1846,0.3691,0.3345,0.3691,1.1535,2026-08-09
swsh11-81,Spectrier,holofoil,Lost Origin,81,Rare Holo,Narumi Sato,Basic,897,Pokémon,2022/09/09,"tcgplayer,cardmarket",https://prices.pokemontcg.io/tcgplayer/swsh11-81,https://images.pokemontcg.io/swsh11/81_hires.png,2026/08/08,2026/01/16,0.44,0.10000000149011612,0.4099999964237213,4.0,,0.49,,,,0.4499,0.0231,0.496,0.5767,0.24220000207424164,0.4499,0.4499,0.3807,0.5883,0.5767,1.1535,2026-08-09
swsh11-82,Enamorus V,holofoil,Lost Origin,82,Rare Holo V,5ban Graphics,Basic|V,905,Pokémon,2022/09/09,"tcgplayer,cardmarket",https://prices.pokemontcg.io/tcgplayer/swsh11-82,https://images.pokemontcg.io/swsh11/82_hires.png,2026/08/08,2026/01/16,0.76,0.44999998807907104,0.9900000095367432,40.0,,,,,,0.7382,0.1154,0.646,0.0,0.6805999875068665,0.7152,0.7728,0.0,0.0,0.0,1.1535,2026-08-09
swsh11-83,Hisuian Growlithe,normal,Lost Origin,83,Common,Kouki Saitou,Basic,58,Pokémon,2022/09/09,"tcgplayer,cardmarket",https://prices.pokemontcg.io/tcgplayer/swsh11-83,https://images.pokemontcg.io/swsh11/83_hires.png,2026/08/08,2026/01/16,0.17,0.009999999776482582,0.18000000715255737,20.0,,0.33,,,,0.0461,0.0231,0.0346,0.3807,0.08070000261068344,0.0346,0.0461,0.4499,0.3345,0.323,1.1535,2026-08-09
swsh11-84,Hisuian Arcanine,holofoil,Lost Origin,84,Rare Holo,Oswaldo KATO,Stage 1,59,Pokémon,2022/09/09,"tcgplayer,cardmarket",https://prices.pokemontcg.io/tcgplayer/swsh11-84,https://images.pokemontcg.io/swsh11/84_hires.png,2026/08/08,2026/01/16,0.37,0.10000000149011612,0.3499999940395355,19.979999542236328,,0.34,,,,0.1846,0.0231,0.2422,0.323,0.46140000224113464,0.2422,0.1961,0.5191,0.2768,0.3114,1.1535,2026-08-09
swsh11-85,Poliwrath,normal,Lost Origin,85,Rare,Teeziro,Stage 2,62,Pokémon,2022/09/09,"tcgplayer,cardmarket",https://prices.pokemontcg.io/tcgplayer/swsh11-85,https://images.pokemontcg.io/swsh11/85_hires.png,2026/08/08,2026/01/16,0.18,0.03999999910593033,0.20000000298023224,19.979999542236328,,0.26,,,,0.1154,0.0231,0.1154,0.2076,0.10379999876022339,0.1384,0.1269,0.4268,0.2307,0.2076,1.1535,2026-08-09
swsh11-86,Machop,normal,Lost Origin,86,Common,Yuka Morii,Basic,66,Pokémon,2022/09/09,"tcgplayer,cardmarket",https://prices.pokemontcg.io/tcgplayer/swsh11-86,https://images.pokemontcg.io/swsh11/86_hires.png,2026/08/08,2026/01/16,0.22,0.009999999776482582,0.25,20.0,,0.35,,,,0.0461,0.0231,0.0461,0.173,0.05770000070333481,0.0461,0.0577,0.2884,0.1384,0.173,1.1535,2026-08-09
swsh11-87,Machoke,normal,Lost Origin,87,Uncommon,Mitsuhiro Arita,Stage 1,67,Pokémon,2022/09/09,"tcgplayer,cardmarket",https://prices.pokemontcg.io/tcgplayer/swsh11-87,https://images.pokemontcg.io/swsh11/87_hires.png,2026/08/08,2026/01/16,0.11,0.009999999776482582,0.15000000596046448,20.0,,0.19,,,,0.0461,0.0231,0.0346,0.2192,0.06920000165700912,0.0461,0.0461,0.1846,0.1846,0.1961,1.1535,2026-08-09
swsh11-88,Machamp,holofoil,Lost Origin,88,Rare Holo,Nisota Niso,Stage 2,68,Pokémon,2022/09/09,"tcgplayer,cardmarket",https://prices.pokemontcg.io/tcgplayer/swsh11-88,https://images.pokemontcg.io/swsh11/88_hires.png,2026/08/08,2026/01/16,0.37,0.10000000149011612,0.36000001430511475,19.600000381469727,,0.46,,,,0.3807,0.0231,0.4383,0.7382,0.3230000138282776,0.3345,0.3691,0.1154,0.5306,0.646,1.1535,2026-08-09
swsh11-89,Rhyhorn,normal,Lost Origin,89,Common,Scav,Basic,111,Pokémon,2022/09/09,"tcgplayer,cardmarket",https://prices.pokemontcg.io/tcgplayer/swsh11-89,https://images.pokemontcg.io/swsh11/89_hires.png,2026/08/08,2026/01/16,0.1,0.009999999776482582,0.15000000596046448,20.0,,0.28,,,,0.0346,0.0231,0.0346,0.2538,0.03460000082850456,0.0346,0.0346,0.1154,0.2538,0.2307,1.1535,2026-08-09
swsh11-90,Rhydon,normal,Lost Origin,90,Uncommon,HYOGONOSUKE,Stage 1,112,Pokémon,2022/09/09,"tcgplayer,cardmarket",https://prices.pokemontcg.io/tcgplayer/swsh11-90,https://images.pokemontcg.io/swsh11/90_hires.png,2026/08/08,2026/01/16,0.09,0.009999999776482582,0.15000000596046448,19.979999542236328,,0.18,,,,0.0346,0.0231,0.0461,0.15,0.03460000082850456,0.0461,0.0346,0.0692,0.1154,0.15,1.1535,2026-08-09
swsh11-91,Rhyperior,normal,Lost Origin,91,Rare,GOSSAN,Stage 2,464,Pokémon,2022/09/09,"tcgplayer,cardmarket",https://prices.pokemontcg.io/tcgplayer/swsh11-91,https://images.pokemontcg.io/swsh11/91_hires.png,2026/08/08,2026/01/16,0.16,0.009999999776482582,0.1899999976158142,19.979999542236328,,0.23,,,,0.1269,0.0231,0.1846,0.3345,0.11540000140666962,0.2422,0.1384,0.6806,0.4499,0.323,1.1535,2026-08-09
swsh11-92,Aerodactyl V,holofoil,Lost Origin,92,Rare Holo V,N-DESIGN Inc.,Basic|V,142,Pokémon,2022/09/09,"tcgplayer,cardmarket",https://prices.pokemontcg.io/tcgplayer/swsh11-92,https://images.pokemontcg.io/swsh11/92_hires.png,2026/08/08,2026/01/16,0.9,0.20000000298023224,1.100000023841858,50.0,,,,,,1.0035,0.0577,0.7844,0.0,1.2919000387191772,0.819,1.0266,0.0,0.0,0.0,1.1535,2026-08-09
swsh11-93,Aerodactyl VSTAR,holofoil,Lost Origin,93,Rare Holo VSTAR,5ban Graphics,VSTAR,142,Pokémon,2022/09/09,"tcgplayer,cardmarket",https://prices.pokemontcg.io/tcgplayer/swsh11-93,https://images.pokemontcg.io/swsh11/93_hires.png,2026/08/08,2026/01/16,1.21,0.75,1.5,29.950000762939453,,,,,,1.0728,0.2884,1.0381,0.0,1.1765999794006348,1.0728,1.1189,0.0,0.0,0.0,1.1535,2026-08-09
swsh11-94,Sudowoodo,normal,Lost Origin,94,Common,AKIRA EGAWA,Basic,185,Pokémon,2022/09/09,"tcgplayer,cardmarket",https://prices.pokemontcg.io/tcgplayer/swsh11-94,https://images.pokemontcg.io/swsh11/94_hires.png,2026/08/08,2026/01/16,0.12,0.009999999776482582,0.1899999976158142,20.0,,0.2,,,,0.0346,0.0231,0.0346,0.1961,0.023099999874830246,0.0346,0.0346,0.173,0.1615,0.1846,1.1535,2026-08-09
swsh11-95,Gligar,normal,Lost Origin,95,Common,Miki Tanaka,Basic,207,Pokémon,2022/09/09,"tcgplayer,cardmarket",https://prices.pokemontcg.io/tcgplayer/swsh11-95,https://images.pokemontcg.io/swsh11/95_hires.png,2026/08/08,2026/01/16,0.09,0.009999999776482582,0.15000000596046448,1000.0,,0.21,,,,0.0231,0.0231,0.0231,0.2192,0.023099999874830246,0.0231,0.0231,0.0231,0.2307,0.173,1.1535,2026-08-09
swsh11-96,Gliscor,normal,Lost Origin,96,Rare,Shiburingaru,Stage 1,472,Pokémon,2022/09/09,"tcgplayer,cardmarket",https://prices.pokemontcg.io/tcgplayer/swsh11-96,https://images.pokemontcg.io/swsh11/96_hires.png,2026/08/08,2026/01/16,0.22,0.009999999776482582,0.2199999988079071,20.0,,0.18,,,,0.0923,0.0231,0.0807,0.2538,0.023099999874830246,0.0577,0.0807,0.4499,0.173,0.2192,1.1535,2026-08-09
swsh11-97,Makuhita,normal,Lost Origin,97,Common,Shigenori Negishi,Basic,296,Pokémon,2022/09/09,"tcgplayer,cardmarket",https://prices.pokemontcg.io/tcgplayer/swsh11-97,https://images.pokemontcg.io/swsh11/97_hires.png,2026/08/08,2026/01/16,0.07,0.009999999776482582,0.15000000596046448,19.979999542236328,,0.07,,,,0.0231,0.0231,0.0231,0.1846,0.03460000082850456,0.0231,0.0231,0.1615,0.1384,0.1615,1.1535,2026-08-09
swsh11-98,Hariyama,normal,Lost Origin,98,Uncommon,Scav,Stage 1,297,Pokémon,2022/09/09,"tcgplayer,cardmarket",https://prices.pokemontcg.io/tcgplayer/swsh11-98,https://images.pokemontcg.io/swsh11/98_hires.png,2026/08/08,2026/01/16,0.13,0.009999999776482582,0.15000000596046448,20.0,,0.15,,,,0.0346,0.0231,0.0692,0.1615,0.18459999561309814,0.0577,0.0461,0.2538,0.2538,0.15,1.1535,2026-08-09
swsh11-99,Meditite,normal,Lost Origin,99,Common,0313,Basic,307,Pokémon,2022/09/09,"tcgplayer,cardmarket",https://prices.pokemontcg.io/tcgplayer/swsh11-99,https://images.pokemontcg.io/swsh11/99_hires.png,2026/08/08,2026/01/16,0.12,0.009999999776482582,0.15000000596046448,20.0,,0.24,,,,0.0346,0.0231,0.0346,0.2192,0.03460000082850456,0.0346,0.0231,0.2307,0.2422,0.2538,1.1535,2026-08-09
swsh11-100,Medicham,normal,Lost Origin,100,Uncommon,Kouki Saitou,Stage 1,308,Pokémon,2022/09/09,"tcgplayer,cardmarket",https://prices.pokemontcg.io/tcgplayer/swsh11-100,https://images.pokemontcg.io/swsh11/100_hires.png,2026/08/08,2025/12/28,0.11,0.009999999776482582,0.15000000596046448,19.979999542236328,,0.28,,,,0.0346,0.0231,0.0461,0.1961,0.04610000178217888,0.0346,0.0346,0.2538,0.2768,0.2538,1.1535,2026-08-09
swsh11-101,Relicanth,normal,Lost Origin,101,Uncommon,ryoma uratsuka,Basic,369,Pokémon,2022/09/09,"tcgplayer,cardmarket",https://prices.pokemontcg.io/tcgplayer/swsh11-101,https://images.pokemontcg.io/swsh11/101_hires.png,2026/08/08,2025/12/28,0.1,0.009999999776482582,0.15000000596046448,20.0,,0.15,,,,0.0346,0.0231,0.0346,0.1269,0.04610000178217888,0.0346,0.0346,0.15,0.1961,0.1269,1.1535,2026-08-09
swsh11-102,Gastrodon,normal,Lost Origin,102,Uncommon,Sanosuke Sakuma,Stage 1,423,Pokémon,2022/09/09,"tcgplayer,cardmarket",https://prices.pokemontcg.io/tcgplayer/swsh11-102,https://images.pokemontcg.io/swsh11/102_hires.png,2026/08/08,2025/12/07,0.13,0.009999999776482582,0.15000000596046448,20.0,,0.18,,,,0.0577,0.0231,0.0461,0.2076,0.023099999874830246,0.0577,0.0577,1.142,0.2538,0.2076,1.1535,2026-08-09
swsh11-103,Mienfoo,normal,Lost Origin,103,Common,yuu,Basic,619,Pokémon,2022/09/09,"tcgplayer,cardmarket",https://prices.pokemontcg.io/tcgplayer/swsh11-103,https://images.pokemontcg.io/swsh11/103_hires.png,2026/08/08,2025/12/07,0.09,0.009999999776482582,0.15000000596046448,20.0,,0.15,,,,0.0231,0.0231,0.0346,0.1384,0.023099999874830246,0.0231,0.0231,0.0346,0.1384,0.1384,1.1535,2026-08-09
swsh11-104,Mienshao,normal,Lost Origin,104,Uncommon,Shibuzoh.,Stage 1,620,Pokémon,2022/09/09,"tcgplayer,cardmarket",https://prices.pokemontcg.io/tcgplayer/swsh11-104,https://images.pokemontcg.io/swsh11/104_hires.png,2026/08/08,2025/12/07,0.12,0.009999999776482582,0.15000000596046448,19.979999542236328,,0.25,,,,0.0346,0.0231,0.0346,0.1846,0.023099999874830246,0.0231,0.0346,0.1269,0.1615,0.1615,1.1535,2026-08-09
swsh11-105,Landorus,normal,Lost Origin,105,Rare,KEIICHIRO ITO,Basic,645,Pokémon,2022/09/09,"tcgplayer,cardmarket",https://prices.pokemontcg.io/tcgplayer/swsh11-105,https://images.pokemontcg.io/swsh11/105_hires.png,2026/08/08,2025/12/07,0.16,0.009999999776482582,0.1899999976158142,20.0,,0.23,,,,0.1615,0.0231,0.1846,0.3114,0.18459999561309814,0.1961,0.1269,0.346,0.2538,0.3576,1.1535,2026-08-09
swsh11-106,Binacle,normal,Lost Origin,106,Common,Scav,Basic,688,Pokémon,2022/09/09,"tcgplayer,cardmarket",https://prices.pokemontcg.io/tcgplayer/swsh11-106,https://images.pokemontcg.io/swsh11/106_hires.png,2026/08/08,2025/12/07,0.07,0.009999999776482582,0.15000000596046448,20.0,,0.23,,,,0.0346,0.0231,0.0231,0.2538,0.05770000070333481,0.0346,0.0346,0.0461,0.173,0.2422,1.1535,2026-08-09
swsh11-107,Barbaracle,holofoil,Lost Origin,107,Rare Holo,KEIICHIRO ITO,Stage 1,689,Pokémon,2022/09/09,"tcgplayer,cardmarket",https://prices.pokemontcg.io/tcgplayer/swsh11-107,https://images.pokemontcg.io/swsh11/107_hires.png,2026/08/08,2025/12/07,0.23,0.029999999329447746,0.25,20.0,,0.2,,,,0.2307,0.0231,0.3114,0.2999,0.46140000224113464,0.3114,0.2422,0.1038,0.2422,0.2653,1.1535,2026-08-09
swsh11-108,Carbink,normal,Lost Origin,108,Uncommon,Tika Matsuno,Basic,703,Pokémon,2022/09/09,"tcgplayer,cardmarket",https://prices.pokemontcg.io/tcgplayer/swsh11-108,https://images.pokemontcg.io/swsh11/108_hires.png,2026/08/08,2025/12/07,0.13,0.009999999776482582,0.15000000596046448,20.0,,0.34,,,,0.0346,0.0231,0.0346,0.2192,0.09229999780654907,0.0346,0.0346,0.15,0.1384,0.2307,1.1535,2026-08-09
swsh11-109,Rockruff,normal,Lost Origin,109,Common,Miki Tanaka,Basic,744,Pokémon,2022/09/09,"tcgplayer,cardmarket",https://prices.pokemontcg.io/tcgplayer/swsh11-109,https://images.pokemontcg.io/swsh11/109_hires.png,2026/08/08,2025/12/07,0.15,0.009999999776482582,0.17000000178813934,20.0,,0.23,,,,0.0231,0.0231,0.0346,0.1961,0.023099999874830246,0.0346,0.0346,0.1154,0.1846,0.1846,1.1535,2026-08-09
swsh11-110,Falinks,normal,Lost Origin,110,Common,sowsow,Basic,870,Pokémon,2022/09/09,"tcgplayer,cardmarket",https://prices.pokemontcg.io/tcgplayer/swsh11-110,https://images.pokemontcg.io/swsh11/110_hires.png,2026/08/08,2025/12/07,0.08,0.009999999776482582,0.15000000596046448,20.0,,0.29,,,,0.0231,0.0231,0.0346,0.2422,0.023099999874830246,0.0231,0.0231,0.1961,0.2307,0.2422,1.1535,2026-08-09
swsh11-111,Stonjourner,normal,Lost Origin,111,Rare,HYOGONOSUKE,Basic,874,Pokémon,2022/09/09,"tcgplayer,cardmarket",https://prices.pokemontcg.io/tcgplayer/swsh11-111,https://images.pokemontcg.io/swsh11/111_hires.png,2026/08/08,2025/12/07,0.15,0.009999999776482582,0.20000000298023224,20.0,,0.16,,,,0.0692,0.0231,0.0807,0.2307,0.11540000140666962,0.0577,0.0692,0.1154,0.2653,0.2076,1.1535,2026-08-09
swsh11-112,Spinarak,normal,Lost Origin,112,Common,Atsuko Nishida,Basic,167,Pokémon,2022/09/09,"tcgplayer,cardmarket",https://prices.pokemontcg.io/tcgplayer/swsh11-112,https://images.pokemontcg.io/swsh11/112_hires.png,2026/08/08,2025/12/07,0.12,0.009999999776482582,0.15000000596046448,20.0,,0.15,,,,0.0346,0.0231,0.0461,0.15,0.023099999874830246,0.0346,0.0346,0.2422,0.0923,0.15,1.1535,2026-08-09
swsh11-113,Ariados,normal,Lost Origin,113,Rare,Shinji Kanda,Stage 1,168,Pokémon,2022/09/09,"tcgplayer,cardmarket",https://prices.pokemontcg.io/tcgplayer/swsh11-113,https://images.pokemontcg.io/swsh11/113_hires.png,2026/08/08,2025/12/07,0.22,0.05000000074505806,0.25,20.0,,0.42,,,,0.15,0.0231,0.2076,0.496,0.28839999437332153,0.1846,0.1615,0.9228,0.5767,0.4845,1.1535,2026-08-09
swsh11-114,Murkrow,normal,Lost Origin,114,Common,Yuka Morii,Basic,198,Pokémon,2022/09/09,"tcgplayer,cardmarket",https://prices.pokemontcg.io/tcgplayer/swsh11-114,https://images.pokemontcg.io/swsh11/114_hires.png,2026/08/08,2025/12/07,0.19,0.009999999776482582,0.20000000298023224,20.0,,0.82,,,,0.0346,0.0231,0.0461,0.2653,0.023099999874830246,0.0231,0.0346,0.173,0.173,0.2884,1.1535,2026-08-09
swsh11-115,Honchkrow,normal,Lost Origin,115,Rare,Shiburingaru,Stage 1,430,Pokémon,2022/09/09,"tcgplayer,cardmarket",https://prices.pokemontcg.io/tcgplayer/swsh11-115,https://images.pokemontcg.io/swsh11/115_hires.png,2026/08/08,2025/11/25,0.16,0.029999999329447746,0.1899999976158142,19.979999542236328,,0.18,,,,0.0692,0.0231,0.0346,0.173,0.11540000140666962,0.0923,0.0807,0.1154,0.2076,0.173,1.1535,2026-08-09
swsh11-116,Seviper,normal,Lost Origin,116,Uncommon,Tomokazu Komiya,Basic,336,Pokémon,2022/09/09,"tcgplayer,cardmarket",https://prices.pokemontcg.io/tcgplayer/swsh11-116,https://images.pokemontcg.io/swsh11/116_hires.png,2026/08/08,2025/11/25,0.17,0.019999999552965164,0.1899999976158142,25.0,,0.38,,,,0.0461,0.0231,0.0577,0.2999,0.04610000178217888,0.0461,0.0461,0.4499,0.2768,0.2884,1.1535,2026-08-09
swsh11-117,Spiritomb,normal,Lost Origin,117,Rare,sui,Basic,442,Pokémon,2022/09/09,"tcgplayer,cardmarket",https://prices.pokemontcg.io/tcgplayer/swsh11-117,https://images.pokemontcg.io/swsh11/117_hires.png,2026/08/08,2025/11/25,0.08,0.029999999329447746,0.1899999976158142,19.979999542236328,,0.27,,,,0.0807,0.0231,0.0346,0.346,0.04610000178217888,0.0346,0.0692,0.2307,0.2538,0.346,1.1535,2026-08-09
swsh11-118,Drapion V,holofoil,Lost Origin,118,Rare Holo V,N-DESIGN Inc.,Basic|V,452,Pokémon,2022/09/09,"tcgplayer,cardmarket",https://prices.pokemontcg.io/tcgplayer/swsh11-118,https://images.pokemontcg.io/swsh11/118_hires.png,2026/08/08,2025/11/25,0.65,0.25,0.8999999761581421,18.559999465942383,,,,,,0.669,0.1154,0.6344,0.0,0.5882999897003174,0.6344,0.6575,0.0,0.0,0.0,1.1535,2026-08-09
swsh11-119,Drapion VSTAR,holofoil,Lost Origin,119,Rare Holo VSTAR,PLANETA Mochizuki,VSTAR,452,Pokémon,2022/09/09,"tcgplayer,cardmarket",https://prices.pokemontcg.io/tcgplayer/swsh11-119,https://images.pokemontcg.io/swsh11/119_hires.png,2026/08/08,2025/11/25,0.96,0.699999988079071,1.2599999904632568,19.020000457763672,,,,,,0.9343,0.2192,0.8651,0.0,1.2458000183105469,0.9343,0.9343,0.0,0.0,0.0,1.1535,2026-08-09
swsh11-120,Darkrai,holofoil,Lost Origin,120,Rare Holo,Shin Nagasawa,Basic,491,Pokémon,2022/09/09,"tcgplayer,cardmarket",https://prices.pokemontcg.io/tcgplayer/swsh11-120,https://images.pokemontcg.io/swsh11/120_hires.png,2026/08/08,2025/11/25,0.29,0.05000000074505806,0.3700000047683716,29.989999771118164,,0.45,,,,0.3345,0.0231,0.2076,0.5191,0.11540000140666962,0.1846,0.2999,0.2884,0.4153,0.5075,1.1535,2026-08-09
swsh11-121,Inkay,normal,Lost Origin,121,Common,Shibuzoh.,Basic,686,Pokémon,2022/09/09,"tcgplayer,cardmarket",https://prices.pokemontcg.io/tcgplayer/swsh11-121,https://images.pokemontcg.io/swsh11/121_hires.png,2026/08/08,2025/11/21,0.1,0.009999999776482582,0.15000000596046448,20.0,,0.23,,,,0.0346,0.0231,0.0346,0.15,0.023099999874830246,0.0231,0.0231,0.4499,0.173,0.1384,1.1535,2026-08-09
swsh11-122,Hoopa,normal,Lost Origin,122,Rare,Sanosuke Sakuma,Basic,720,Pokémon,2022/09/09,"tcgplayer,cardmarket",https://prices.pokemontcg.io/tcgplayer/swsh11-122,https://images.pokemontcg.io/swsh11/122_hires.png,2026/08/08,2025/11/21,0.14,0.03999999910593033,0.20000000298023224,30.0,,0.22,,,,0.1038,0.0231,0.1154,0.2307,0.03460000082850456,0.0807,0.0923,0.346,0.2538,0.2422,1.1535,2026-08-09
swsh11-123,Radiant Hisuian Sneasler,holofoil,Lost Origin,123,Radiant Rare,Akira Komayama,Basic|Radiant,903,Pokémon,2022/09/09,"tcgplayer,cardmarket",https://prices.pokemontcg.io/tcgplayer/swsh11-123,https://images.pokemontcg.io/swsh11/123_hires.png,2026/08/08,2025/11/21,0.52,0.1599999964237213,0.6700000166893005,537.8200073242188,,,,,,0.4845,0.0231,0.4268,0.0,0.46140000224113464,0.6114,0.496,0.0,0.0,0.0,1.1535,2026-08-09
swsh11-124,Radiant Steelix,holofoil,Lost Origin,124,Radiant Rare,Sanosuke Sakuma,Basic|Radiant,208,Pokémon,2022/09/09,"tcgplayer,cardmarket",https://prices.pokemontcg.io/tcgplayer/swsh11-124,https://images.pokemontcg.io/swsh11/124_hires.png,2026/08/08,2025/11/21,0.85,0.30000001192092896,1.1799999475479126,1000.0,,,,,,0.669,0.0923,0.6575,0.0,0.5421000123023987,0.669,0.6806,0.0,0.0,0.0,1.1535,2026-08-09
swsh11-125,Bronzor,normal,Lost Origin,125,Common,Tomokazu Komiya,Basic,436,Pokémon,2022/09/09,"tcgplayer,cardmarket",https://prices.pokemontcg.io/tcgplayer/swsh11-125,https://images.pokemontcg.io/swsh11/125_hires.png,2026/08/08,2025/11/21,0.14,0.009999999776482582,0.1599999964237213,20.0,,0.33,,,,0.0461,0.0231,0.0577,0.2884,0.023099999874830246,0.0577,0.0346,0.1154,0.2192,0.2768,1.1535,2026-08-09
swsh11-126,Bronzong,normal,Lost Origin,126,Uncommon,AKIRA EGAWA,Stage 1,437,Pokémon,2022/09/09,"tcgplayer,cardmarket",https://prices.pokemontcg.io/tcgplayer/swsh11-126,https://images.pokemontcg.io/swsh11/126_hires.png,2026/08/08,2025/11/21,0.08,0.009999999776482582,0.15000000596046448,20.0,,0.31,,,,0.0346,0.0231,0.0346,0.2999,0.06920000165700912,0.0231,0.0346,0.0346,0.2307,0.2653,1.1535,2026-08-09
swsh11-127,Galarian Stunfisk,normal,Lost Origin,127,Uncommon,Shigenori Negishi,Basic,618,Pokémon,2022/09/09,"tcgplayer,cardmarket",https://prices.pokemontcg.io/tcgplayer/swsh11-127,https://images.pokemontcg.io/swsh11/127_hires.png,2026/08/08,2025/11/21,0.13,0.009999999776482582,0.15000000596046448,20.0,,0.14,,,,0.0346,0.0231,0.0577,0.1615,0.17299999296665192,0.0461,0.0346,0.1154,0.1961,0.15,1.1535,2026-08-09
swsh11-128,Magearna,normal,Lost Origin,128,Rare,Rianti Hidayat,Basic,801,Pokémon,2022/09/09,"tcgplayer,cardmarket",https://prices.pokemontcg.io/tcgplayer/swsh11-128,https://images.pokemontcg.io/swsh11/128_hires.png,2026/08/08,2025/11/21,0.17,0.03999999910593033,0.20000000298023224,20.0,,0.28,,,,0.1038,0.0231,0.0923,0.2653,0.19609999656677246,0.0807,0.1038,0.5767,0.3345,0.2999,1.1535,2026-08-09
swsh11-129,Galarian Perrserker V,holofoil,Lost Origin,129,Rare Holo V,PLANETA Yamashita,Basic|V,863,Pokémon,2022/09/09,"tcgplayer,cardmarket",https://prices.pokemontcg.io/tcgplayer/swsh11-129,https://images.pokemontcg.io/swsh11/129_hires.png,2026/08/08,2025/11/21,0.77,0.36000001430511475,0.9900000095367432,19.559999465942383,,,,,,0.5537,0.1154,0.7382,0.0,0.5651999711990356,0.669,0.5421,0.0,0.0,0.0,1.1535,2026-08-09
swsh11-130,Giratina V,holofoil,Lost Origin,130,Rare Holo V,5ban Graphics,Basic|V,487,Pokémon,2022/09/09,"tcgplayer,cardmarket",https://prices.pokemontcg.io/tcgplayer/swsh11-130,https://images.pokemontcg.io/swsh11/130_hires.png,2026/08/08,2025/11/21,2.06,1.0,2.1700000762939453,25.0,,,,,,1.2919,0.5191,1.2458,0.0,1.0728000402450562,1.1996,1.2804,0.0,0.0,0.0,1.1535,2026-08-09
swsh11-131,Giratina VSTAR,holofoil,Lost Origin,131,Rare Holo VSTAR,5ban Graphics,VSTAR,487,Pokémon,2022/09/09,"tcgplayer,cardmarket",https://prices.pokemontcg.io/tcgplayer/swsh11-131,https://images.pokemontcg.io/swsh11/131_hires.png,2026/08/08,2025/11/21,2.18,1.0099999904632568,2.9600000381469727,40.0,,,,,,1.7649,0.6921,1.9263,0.0,1.9955999851226807,2.0763,1.7764,0.0,0.0,0.0,1.1535,2026-08-09
swsh11-132,Goomy,normal,Lost Origin,132,Common,Oswaldo KATO,Basic,704,Pokémon,2022/09/09,"tcgplayer,cardmarket",https://prices.pokemontcg.io/tcgplayer/swsh11-132,https://images.pokemontcg.io/swsh11/132_hires.png,2026/08/08,2025/11/21,0.11,0.009999999776482582,0.17000000178813934,19.979999542236328,,0.24,,,,0.0346,0.0231,0.0346,0.1615,0.023099999874830246,0.0346,0.0346,0.1615,0.1846,0.173,1.1535,2026-08-09
swsh11-133,Hisuian Sliggoo,normal,Lost Origin,133,Uncommon,Kouki Saitou,Stage 1,705,Pokémon,2022/09/09,"tcgplayer,cardmarket",https://prices.pokemontcg.io/tcgplayer/swsh11-133,https://images.pokemontcg.io/swsh11/133_hires.png,2026/08/08,2025/11/21,0.21,0.009999999776482582,0.20999999344348907,2.990000009536743,,0.37,,,,0.0461,0.0231,0.0461,0.346,0.023099999874830246,0.0461,0.0461,0.2076,0.2422,0.2768,1.1535,2026-08-09
swsh11-134,Hisuian Goodra,holofoil,Lost Origin,134,Rare Holo,Akira Komayama,Stage 2,706,Pokémon,2022/09/09,"tcgplayer,cardmarket",https://prices.pokemontcg.io/tcgplayer/swsh11-134,https://images.pokemontcg.io/swsh11/134_hires.png,2026/08/08,2025/11/21,0.31,0.12999999523162842,0.3199999928474426,18.81999969482422,,0.34,,,,0.2999,0.0231,0.2076,0.2653,0.17299999296665192,0.2076,0.2999,0.4383,0.2307,0.2768,1.1535,2026-08-09
swsh11-135,Hisuian Goodra V,holofoil,Lost Origin,135,Rare Holo V,5ban Graphics,Basic|V,706,Pokémon,2022/09/09,"tcgplayer,cardmarket",https://prices.pokemontcg.io/tcgplayer/swsh11-135,https://images.pokemontcg.io/swsh11/135_hires.png,2026/08/08,2025/11/21,0.68,0.4000000059604645,0.949999988079071,5.949999809265137,,,,,,0.646,0.0577,0.6114,0.0,0.7613000273704529,0.7498,0.646,0.0,0.0,0.0,1.1535,2026-08-09
swsh11-136,Hisuian Goodra VSTAR,holofoil,Lost Origin,136,Rare Holo VSTAR,5ban Graphics,VSTAR,706,Pokémon,2022/09/09,"tcgplayer,cardmarket",https://prices.pokemontcg.io/tcgplayer/swsh11-136,https://images.pokemontcg.io/swsh11/136_hires.png,2026/08/08,2025/11/21,1.16,0.6000000238418579,1.4900000095367432,18.5,,,,,,0.992,0.2307,0.8997,0.0,0.7382000088691711,0.9689,0.9689,0.0,0.0,0.0,1.1535,2026-08-09
swsh11-137,Pidgeot V,holofoil,Lost Origin,137,Rare Holo V,Saki Hayashiro,Basic|V,18,Pokémon,2022/09/09,"tcgplayer,cardmarket",https://prices.pokemontcg.io/tcgplayer/swsh11-137,https://images.pokemontcg.io/swsh11/137_hires.png,2026/08/08,2025/11/21,0.72,0.25,0.9800000190734863,9.989999771118164,,,,,,0.819,0.0577,0.8882,0.0,0.8996999859809875,0.9459,0.8074,0.0,0.0,0.0,1.1535,2026-08-09
swsh11-138,Lickitung,normal,Lost Origin,138,Common,KIYOTAKA OSHIYAMA,Basic,108,Pokémon,2022/09/09,"tcgplayer,cardmarket",https://prices.pokemontcg.io/tcgplayer/swsh11-138,https://images.pokemontcg.io/swsh11/138_hires.png,2026/08/08,2025/11/21,0.11,0.009999999776482582,0.15000000596046448,20.0,,0.5,,,,0.0346,0.0231,0.0346,0.2999,0.05770000070333481,0.0461,0.0231,0.3691,0.323,0.2307,1.1535,2026-08-09
swsh11-139,Lickilicky,normal,Lost Origin,139,Uncommon,Shibuzoh.,Stage 1,463,Pokémon,2022/09/09,"tcgplayer,cardmarket",https://prices.pokemontcg.io/tcgplayer/swsh11-139,https://images.pokemontcg.io/swsh11/139_hires.png,2026/08/08,2025/11/21,0.16,0.009999999776482582,0.1899999976158142,20.0,,0.22,,,,0.0346,0.0231,0.0461,0.15,0.09229999780654907,0.0577,0.0461,0.1269,0.1269,0.1615,1.1535,2026-08-09
swsh11-140,Porygon,normal,Lost Origin,140,Common,kurumitsu,Basic,137,Pokémon,2022/09/09,"tcgplayer,cardmarket",https://prices.pokemontcg.io/tcgplayer/swsh11-140,https://images.pokemontcg.io/swsh11/140_hires.png,2026/08/08,2025/11/21,0.18,0.009999999776482582,0.1899999976158142,20.0,,0.2,,,,0.0231,0.0231,0.0346,0.1384,0.023099999874830246,0.0346,0.0231,0.15,0.1384,0.15,1.1535,2026-08-09
swsh11-141,Porygon2,normal,Lost Origin,141,Uncommon,OKACHEKE,Stage 1,233,Pokémon,2022/09/09,"tcgplayer,cardmarket",https://prices.pokemontcg.io/tcgplayer/swsh11-141,https://images.pokemontcg.io/swsh11/141_hires.png,2026/08/08,2025/11/21,0.13,0.009999999776482582,0.15000000596046448,20.0,,0.23,,,,0.0346,0.0231,0.0461,0.1961,0.05770000070333481,0.0692,0.0346,0.1154,0.2192,0.1961,1.1535,2026-08-09
swsh11-142,Porygon-Z,normal,Lost Origin,142,Rare,Shibuzoh.,Stage 2,474,Pokémon,2022/09/09,"tcgplayer,cardmarket",https://prices.pokemontcg.io/tcgplayer/swsh11-142,https://images.pokemontcg.io/swsh11/142_hires.png,2026/08/08,2025/11/21,0.23,0.03999999910593033,0.25,19.979999542236328,,0.22,,,,0.1038,0.0231,0.0807,0.2422,0.03460000082850456,0.0461,0.1038,0.2076,0.2192,0.2307,1.1535,2026-08-09
swsh11-143,Snorlax,holofoil,Lost Origin,143,Rare Holo,0313,Basic,143,Pokémon,2022/09/09,"tcgplayer,cardmarket",https://prices.pokemontcg.io/tcgplayer/swsh11-143,https://images.pokemontcg.io/swsh11/143_hires.png,2026/08/08,2025/11/21,2.46,1.0,2.809999942779541,149.99000549316406,,3.72,,,,0.5998,0.0231,0.5883,0.8074,0.23070000112056732,0.5075,0.5883,0.2307,0.6344,0.7844,1.1535,2026-08-09
swsh11-144,Aipom,normal,Lost Origin,144,Common,Kouki Saitou,Basic,190,Pokémon,2022/09/09,"tcgplayer,cardmarket",https://prices.pokemontcg.io/tcgplayer/swsh11-144,https://images.pokemontcg.io/swsh11/144_hires.png,2026/08/08,2025/11/21,0.2,0.009999999776482582,0.20000000298023224,20.0,,0.3,,,,0.0346,0.0231,0.0231,0.2768,0.04610000178217888,0.0231,0.0231,0.1154,0.2307,0.2076,1.1535,2026-08-09
swsh11-145,Ambipom,normal,Lost Origin,145,Uncommon,Atsushi Furusawa,Stage 1,424,Pokémon,2022/09/09,"tcgplayer,cardmarket",https://prices.pokemontcg.io/tcgplayer/swsh11-145,https://images.pokemontcg.io/swsh11/145_hires.png,2026/08/08,2025/11/21,0.02,0.009999999776482582,0.15000000596046448,19.979999542236328,,0.18,,,,0.0346,0.0231,0.0461,0.1384,0.11540000140666962,0.0346,0.0346,0.1154,0.0923,0.15,1.1535,2026-08-09
swsh11-146,Hisuian Zoroark V,holofoil,Lost Origin,146,Rare Holo V,aky CG Works,Basic|V,571,Pokémon,2022/09/09,"tcgplayer,cardmarket",https://prices.pokemontcg.io/tcgplayer/swsh11-146,https://images.pokemontcg.io/swsh11/146_hires.png,2026/08/08,2025/11/21,0.78,0.30000001192092896,0.9700000286102295,5.0,,,,,,0.7959,0.1154,0.8651,0.0,0.6920999884605408,0.8305,0.7844,0.0,0.0,0.0,1.1535,2026-08-09
swsh11-147,Hisuian Zoroark VSTAR,holofoil,Lost Origin,147,Rare Holo VSTAR,aky CG Works,VSTAR,571,Pokémon,2022/09/09,"tcgplayer,cardmarket",https://prices.pokemontcg.io/tcgplayer/swsh11-147,https://images.pokemontcg.io/swsh11/147_hires.png,2026/08/08,2025/11/21,1.23,0.75,1.5,20.0,,,,,,1.0497,0.4614,1.0266,0.0,0.8421000242233276,1.0151,1.0612,0.0,0.0,0.0,1.1535,2026-08-09
swsh11-148,Bouffalant,normal,Lost Origin,148,Rare,Nisota Niso,Basic,626,Pokémon,2022/09/09,"tcgplayer,cardmarket",https://prices.pokemontcg.io/tcgplayer/swsh11-148,https://images.pokemontcg.io/swsh11/148_hires.png,2026/08/08,2025/11/21,0.15,0.009999999776482582,0.20000000298023224,20.0,,0.23,,,,0.0807,0.0231,0.0807,0.4499,0.023099999874830246,0.0923,0.0577,0.1154,0.3807,0.3691,1.1535,2026-08-09
swsh11-149,Komala,normal,Lost Origin,149,Uncommon,HYOGONOSUKE,Basic,775,Pokémon,2022/09/09,"tcgplayer,cardmarket",https://prices.pokemontcg.io/tcgplayer/swsh11-149,https://images.pokemontcg.io/swsh11/149_hires.png,2026/08/08,2025/11/21,0.16,0.009999999776482582,0.1599999964237213,20.0,,0.29,,,,0.0346,0.0231,0.0346,0.3345,0.023099999874830246,0.0346,0.0346,0.1154,0.3114,0.2768,1.1535,2026-08-09
swsh11-150,Skwovet,normal,Lost Origin,150,Common,Miki Tanaka,Basic,819,Pokémon,2022/09/09,"tcgplayer,cardmarket",https://prices.pokemontcg.io/tcgplayer/swsh11-150,https://images.pokemontcg.io/swsh11/150_hires.png,2026/08/08,2025/11/21,0.13,0.009999999776482582,0.15000000596046448,20.0,,0.19,,,,0.0231,0.0231,0.0231,0.1269,0.03460000082850456,0.0346,0.0231,0.1154,0.15,0.1384,1.1535,2026-08-09
swsh11-151,Greedent,normal,Lost Origin,151,Rare,sui,Stage 1,820,Pokémon,2022/09/09,"tcgplayer,cardmarket",https://prices.pokemontcg.io/tcgplayer/swsh11-151,https://images.pokemontcg.io/swsh11/151_hires.png,2026/08/08,2025/11/21,0.21,0.05000000074505806,0.2199999988079071,20.0,,0.26,,,,0.0692,0.0231,0.0692,0.1846,0.03460000082850456,0.0807,0.1038,0.173,0.1846,0.1961,1.1535,2026-08-09
swsh11-152,Arc Phone,normal,Lost Origin,152,Uncommon,5ban Graphics,Item,,Trainer,2022/09/09,"tcgplayer,cardmarket",https://prices.pokemontcg.io/tcgplayer/swsh11-152,https://images.pokemontcg.io/swsh11/152_hires.png,2026/08/08,2025/11/21,0.09,0.009999999776482582,0.15000000596046448,17.8799991607666,,0.16,,,,0.0461,0.0231,0.0346,0.1154,0.04610000178217888,0.0807,0.0461,0.1846,0.1615,0.1384,1.1535,2026-08-09
swsh11-153,Arezu,normal,Lost Origin,153,Uncommon,kirisAki,Supporter,,Trainer,2022/09/09,"tcgplayer,cardmarket",https://prices.pokemontcg.io/tcgplayer/swsh11-153,https://images.pokemontcg.io/swsh11/153_hires.png,2026/08/08,2025/11/21,0.24,0.009999999776482582,0.23999999463558197,19.079999923706055,,0.35,,,,0.0461,0.0231,0.0461,0.2999,0.023099999874830246,0.0577,0.0461,0.2076,0.2538,0.2538,1.1535,2026-08-09
swsh11-154,Box of Disaster,normal,Lost Origin,154,Uncommon,Toyste Beach,Item|Pokémon Tool,,Trainer,2022/09/09,"tcgplayer,cardmarket",https://prices.pokemontcg.io/tcgplayer/swsh11-154,https://images.pokemontcg.io/swsh11/154_hires.png,2026/08/08,2025/11/21,0.13,0.009999999776482582,0.15000000596046448,19.979999542236328,,0.17,,,,0.0346,0.0231,0.0346,0.1269,0.05770000070333481,0.0346,0.0346,0.1384,0.1038,0.1384,1.1535,2026-08-09
swsh11-155,Colress's Experiment,normal,Lost Origin,155,Uncommon,Naoki Saito,Supporter,,Trainer,2022/09/09,"tcgplayer,cardmarket",https://prices.pokemontcg.io/tcgplayer/swsh11-155,https://images.pokemontcg.io/swsh11/155_hires.png,2026/08/08,2025/11/21,0.21,0.009999999776482582,0.20000000298023224,19.81999969482422,,0.32,,,,0.1038,0.0231,0.1269,0.2307,0.2768000066280365,0.1038,0.0923,0.1154,0.1269,0.1961,1.1535,2026-08-09
swsh11-156,Damage Pump,normal,Lost Origin,156,Uncommon,sadaji,Item,,Trainer,2022/09/09,"tcgplayer,cardmarket",https://prices.pokemontcg.io/tcgplayer/swsh11-156,https://images.pokemontcg.io/swsh11/156_hires.png,2026/08/08,2025/11/21,0.09,0.009999999776482582,0.15000000596046448,2.990000009536743,,0.18,,,,0.0461,0.0231,0.0346,0.15,0.023099999874830246,0.0461,0.0346,0.0923,0.1961,0.15,1.1535,2026-08-09
swsh11-157,Fantina,normal,Lost Origin,157,Uncommon,Ryuta Fuse,Supporter,,Trainer,2022/09/09,"tcgplayer,cardmarket",https://prices.pokemontcg.io/tcgplayer/swsh11-157,https://images.pokemontcg.io/swsh11/157_hires.png,2026/08/08,2025/11/21,0.09,0.009999999776482582,0.15000000596046448,19.979999542236328,,0.24,,,,0.0461,0.0231,0.0231,0.2768,0.17299999296665192,0.0346,0.0692,0.1154,0.2884,0.2653,1.1535,2026-08-09
swsh11-158,Iscan,normal,Lost Origin,158,Uncommon,Akira Komayama,Supporter,,Trainer,2022/09/09,"tcgplayer,cardmarket",https://prices.pokemontcg.io/tcgplayer/swsh11-158,https://images.pokemontcg.io/swsh11/158_hires.png,2026/08/08,2025/11/21,0.06,0.009999999776482582,0.15000000596046448,19.979999542236328,,0.12,,,,0.0346,0.0231,0.0231,0.1384,0.023099999874830246,0.0346,0.0346,0.2307,0.2076,0.15,1.1535,2026-08-09
swsh11-159,Lady,normal,Lost Origin,159,Uncommon,saino misaki,Supporter,,Trainer,2022/09/09,"tcgplayer,cardmarket",https://prices.pokemontcg.io/tcgplayer/swsh11-159,https://images.pokemontcg.io/swsh11/159_hires.png,2026/08/08,2025/11/21,0.22,0.009999999776482582,0.23000000417232513,19.979999542236328,,0.3,,,,0.0807,0.0231,0.0577,0.1269,0.10379999876022339,0.0577,0.0807,0.0346,0.1154,0.1384,1.1535,2026-08-09
swsh11-160,Lake Acuity,normal,Lost Origin,160,Uncommon,Oswaldo KATO,Stadium,,Trainer,2022/09/09,"tcgplayer,cardmarket",https://prices.pokemontcg.io/tcgplayer/swsh11-160,https://images.pokemontcg.io/swsh11/160_hires.png,2026/08/08,2025/11/21,0.11,0.009999999776482582,0.1599999964237213,1000.0,,0.22,,,,0.0807,0.0231,0.0692,0.15,0.03460000082850456,0.0346,0.0807,0.4499,0.1961,0.1615,1.1535,2026-08-09
swsh11-161,Lost City,normal,Lost Origin,161,Uncommon,AYUMI ODASHIMA,Stadium,,Trainer,2022/09/09,"tcgplayer,cardmarket",https://prices.pokemontcg.io/tcgplayer/swsh11-161,https://images.pokemontcg.io/swsh11/161_hires.png,2026/08/08,2025/11/21,0.23,0.009999999776482582,0.20999999344348907,2.990000009536743,,0.56,,,,0.0807,0.0231,0.0577,0.3922,0.04610000178217888,0.0923,0.0692,0.1154,0.3807,0.3576,1.1535,2026-08-09
swsh11-162,Lost Vacuum,normal,Lost Origin,162,Uncommon,Toyste Beach,Item,,Trainer,2022/09/09,"tcgplayer,cardmarket",https://prices.pokemontcg.io/tcgplayer/swsh11-162,https://images.pokemontcg.io/swsh11/162_hires.png,2026/08/08,2025/11/21,0.17,0.009999999776482582,0.1899999976158142,2.990000009536743,,0.25,,,,0.0807,0.0231,0.0577,0.1846,0.023099999874830246,0.0231,0.0807,0.0692,0.2076,0.1846,1.1535,2026-08-09
swsh11-163,Mirage Gate,normal,Lost Origin,163,Uncommon,sadaji,Item,,Trainer,2022/09/09,"tcgplayer,cardmarket",https://prices.pokemontcg.io/tcgplayer/swsh11-163,https://images.pokemontcg.io/swsh11/163_hires.png,2026/08/08,2025/11/18,0.23,0.009999999776482582,0.20000000298023224,1000.0,,0.43,,,,0.0461,0.0231,0.1038,0.6114,0.023099999874830246,0.1615,0.0923,2.307,0.6344,0.5883,1.1535,2026-08-09
swsh11-164,Miss Fortune Sisters,normal,Lost Origin,164,Uncommon,Souchirou Gunjima,Supporter,,Trainer,2022/09/09,"tcgplayer,cardmarket",https://prices.pokemontcg.io/tcgplayer/swsh11-164,https://images.pokemontcg.io/swsh11/164_hires.png,2026/08/08,2025/11/18,0.21,0.009999999776482582,0.20000000298023224,19.979999542236328,,0.23,,,,0.0461,0.0231,0.0461,0.2538,0.023099999874830246,0.0346,0.0461,0.0346,0.15,0.2307,1.1535,2026-08-09
swsh11-165,Panic Mask,normal,Lost Origin,165,Uncommon,Studio Bora Inc.,Item|Pokémon Tool,,Trainer,2022/09/09,"tcgplayer,cardmarket",https://prices.pokemontcg.io/tcgplayer/swsh11-165,https://images.pokemontcg.io/swsh11/165_hires.png,2026/08/08,2025/11/18,0.11,0.009999999776482582,0.15000000596046448,19.979999542236328,,0.27,,,,0.0346,0.0231,0.0461,0.3807,0.023099999874830246,0.0807,0.0461,0.6921,0.2768,0.2999,1.1535,2026-08-09
swsh11-166,Riley,normal,Lost Origin,166,Uncommon,Ken Sugimori,Supporter,,Trainer,2022/09/09,"tcgplayer,cardmarket",https://prices.pokemontcg.io/tcgplayer/swsh11-166,https://images.pokemontcg.io/swsh11/166_hires.png,2026/08/08,2025/11/18,0.13,0.009999999776482582,0.15000000596046448,19.979999542236328,,0.2,,,,0.0231,0.0231,0.0346,0.173,0.023099999874830246,0.0346,0.0231,0.1038,0.15,0.173,1.1535,2026-08-09
swsh11-167,Thorton,normal,Lost Origin,167,Uncommon,Hideki Ishikawa,Supporter,,Trainer,2022/09/09,"tcgplayer,cardmarket",https://prices.pokemontcg.io/tcgplayer/swsh11-167,https://images.pokemontcg.io/swsh11/167_hires.png,2026/08/08,2025/11/18,0.18,0.009999999776482582,0.18000000715255737,19.979999542236328,,0.34,,,,0.0461,0.0231,0.0346,0.3576,0.023099999874830246,0.0346,0.0346,0.6921,0.346,0.3345,1.1535,2026-08-09
swsh11-168,Tool Box,normal,Lost Origin,168,Uncommon,AYUMI ODASHIMA,Item,,Trainer,2022/09/09,"tcgplayer,cardmarket",https://prices.pokemontcg.io/tcgplayer/swsh11-168,https://images.pokemontcg.io/swsh11/168_hires.png,2026/08/08,2025/11/18,0.1,0.009999999776482582,0.15000000596046448,19.979999542236328,,0.21,,,,0.0346,0.0231,0.0346,0.1384,0.023099999874830246,0.0346,0.0346,0.0923,0.1038,0.1269,1.1535,2026-08-09
swsh11-169,Volo,holofoil,Lost Origin,169,Rare Holo,kirisAki,Supporter,,Trainer,2022/09/09,"tcgplayer,cardmarket",https://prices.pokemontcg.io/tcgplayer/swsh11-169,https://images.pokemontcg.io/swsh11/169_hires.png,2026/08/08,2025/11/18,0.23,0.03999999910593033,0.25,19.979999542236328,,0.22,,,,0.1846,0.0231,0.2768,0.2076,0.8651000261306763,0.2422,0.2076,0.346,0.2307,0.2076,1.1535,2026-08-09
swsh11-170,Windup Arm,normal,Lost Origin,170,Uncommon,Toyste Beach,Item|Pokémon Tool,,Trainer,2022/09/09,"tcgplayer,cardmarket",https://prices.pokemontcg.io/tcgplayer/swsh11-170,https://images.pokemontcg.io/swsh11/170_hires.png,2026/08/08,2025/11/18,0.03,0.009999999776482582,0.15000000596046448,19.979999542236328,,0.09,,,,0.0346,0.0231,0.0346,0.1615,0.023099999874830246,0.0231,0.0346,0.1846,0.1384,0.15,1.1535,2026-08-09
swsh11-171,Gift Energy,normal,Lost Origin,171,Uncommon,,Special,,Energy,2022/09/09,"tcgplayer,cardmarket",https://prices.pokemontcg.io/tcgplayer/swsh11-171,https://images.pokemontcg.io/swsh11/171_hires.png,2026/08/08,2025/11/18,0.18,0.009999999776482582,0.20000000298023224,20.0,,0.29,,,,0.1038,0.0231,0.0807,0.2538,0.023099999874830246,0.1038,0.1154,0.0692,0.15,0.2307,1.1535,2026-08-09
swsh11-172,Hisuian Electrode V,holofoil,Lost Origin,172,Rare Ultra,5ban Graphics,Basic|V,101,Pokémon,2022/09/09,"tcgplayer,cardmarket",https://prices.pokemontcg.io/tcgplayer/swsh11-172,https://images.pokemontcg.io/swsh11/172_hires.png,2026/08/08,2025/11/18,2.36,1.309999942779541,2.490000009536743,15.949999809265137,,,,,,2.5262,1.142,3.0337,0.0,3.4605000019073486,2.6761,2.6069,0.0,0.0,0.0,1.1535,2026-08-09
swsh11-173,Delphox V,holofoil,Lost Origin,173,Rare Ultra,PLANETA Yamashita,Basic|V,655,Pokémon,2022/09/09,"tcgplayer,cardmarket",https://prices.pokemontcg.io/tcgplayer/swsh11-173,https://images.pokemontcg.io/swsh11/173_hires.png,2026/08/08,2025/11/18,3.94,2.2799999713897705,3.990000009536743,32.65999984741211,,,,,,2.4685,1.1535,2.5723,0.0,1.153499960899353,2.6646,2.5031,0.0,0.0,0.0,1.1535,2026-08-09
swsh11-174,Kyurem V,holofoil,Lost Origin,174,Rare Ultra,takuyoa,Basic|V,646,Pokémon,2022/09/09,"tcgplayer,cardmarket",https://prices.pokemontcg.io/tcgplayer/swsh11-174,https://images.pokemontcg.io/swsh11/174_hires.png,2026/08/08,2025/11/18,3.4,2.4800000190734863,3.690000057220459,24.989999771118164,,,,,,3.5989,1.142,3.9334,0.0,3.2874999046325684,4.2795,3.8988,0.0,0.0,0.0,1.1535,2026-08-09
swsh11-175,Magnezone V,holofoil,Lost Origin,175,Rare Ultra,N-DESIGN Inc.,Basic|V,462,Pokémon,2022/09/09,"tcgplayer,cardmarket",https://prices.pokemontcg.io/tcgplayer/swsh11-175,https://images.pokemontcg.io/swsh11/175_hires.png,2026/08/08,2025/11/18,1.73,1.0,1.9500000476837158,45.0,,,,,,2.134,0.5767,2.48,0.0,0.9228000044822693,2.307,2.2263,0.0,0.0,0.0,1.1535,2026-08-09
swsh11-176,Rotom V,holofoil,Lost Origin,176,Rare Ultra,PLANETA Mochizuki,Basic|V,479,Pokémon,2022/09/09,"tcgplayer,cardmarket",https://prices.pokemontcg.io/tcgplayer/swsh11-176,https://images.pokemontcg.io/swsh11/176_hires.png,2026/08/08,2025/11/18,2.45,1.4500000476837158,2.6500000953674316,22.989999771118164,,,,,,2.3877,1.0381,2.3993,0.0,2.8838000297546387,2.4685,2.4916,0.0,0.0,0.0,1.1535,2026-08-09
swsh11-177,Rotom V,holofoil,Lost Origin,177,Rare Ultra,Yuu Nishida,Basic|V,479,Pokémon,2022/09/09,"tcgplayer,cardmarket",https://prices.pokemontcg.io/tcgplayer/swsh11-177,https://images.pokemontcg.io/swsh11/177_hires.png,2026/08/08,2025/11/18,30.74,26.75,33.4900016784668,310.4599914550781,,,,,,28.999,11.535,25.9999,0.0,21.33970069885254,27.9032,28.6529,0.0,0.0,0.0,1.1535,2026-08-09
swsh11-178,Enamorus V,holofoil,Lost Origin,178,Rare Ultra,5ban Graphics,Basic|V,905,Pokémon,2022/09/09,"tcgplayer,cardmarket",https://prices.pokemontcg.io/tcgplayer/swsh11-178,https://images.pokemontcg.io/swsh11/178_hires.png,2026/08/08,2025/11/18,2.75,1.5,2.630000114440918,26.1200008392334,,,,,,2.157,1.1535,1.9725,0.0,1.4419000148773193,1.9263,2.1686,0.0,0.0,0.0,1.1535,2026-08-09
swsh11-179,Aerodactyl V,holofoil,Lost Origin,179,Rare Ultra,N-DESIGN Inc.,Basic|V,142,Pokémon,2022/09/09,"tcgplayer,cardmarket",https://prices.pokemontcg.io/tcgplayer/swsh11-179,https://images.pokemontcg.io/swsh11/179_hires.png,2026/08/08,2025/11/18,3.02,1.9600000381469727,3.190000057220459,96.94999694824219,,,,,,3.2183,1.142,2.8722,0.0,4.037300109863281,2.8838,3.2529,0.0,0.0,0.0,1.1535,2026-08-09
swsh11-180,Aerodactyl V,holofoil,Lost Origin,180,Rare Ultra,Nurikabe,Basic|V,142,Pokémon,2022/09/09,"tcgplayer,cardmarket",https://prices.pokemontcg.io/tcgplayer/swsh11-180,https://images.pokemontcg.io/swsh11/180_hires.png,2026/08/08,2025/11/18,213.17,192.69000244140625,224.99000549316406,298.5,,,,,,155.8494,80.745,148.7438,0.0,213.3975067138672,151.9044,155.2611,0.0,0.0,0.0,1.1535,2026-08-09
swsh11-181,Gallade V,holofoil,Lost Origin,181,Rare Ultra,takuyoa,Basic|V,475,Pokémon,2022/09/09,"tcgplayer,cardmarket",https://prices.pokemontcg.io/tcgplayer/swsh11-181,https://images.pokemontcg.io/swsh11/181_hires.png,2026/08/08,2025/11/18,2.96,1.4299999475479126,2.990000009536743,19.989999771118164,,,,,,2.7338,1.2689,2.2493,0.0,1.8456000089645386,2.3993,2.6415,0.0,0.0,0.0,1.1535,2026-08-09
swsh11-182,Drapion V,holofoil,Lost Origin,182,Rare Ultra,N-DESIGN Inc.,Basic|V,452,Pokémon,2022/09/09,"tcgplayer,cardmarket",https://prices.pokemontcg.io/tcgplayer/swsh11-182,https://images.pokemontcg.io/swsh11/182_hires.png,2026/08/08,2025/11/18,1.51,0.8899999856948853,1.7599999904632568,19.989999771118164,,,,,,1.8571,0.5652,1.8225,0.0,1.7878999710083008,1.7879,1.8341,0.0,0.0,0.0,1.1535,2026-08-09
swsh11-183,Galarian Perrserker V,holofoil,Lost Origin,183,Rare Ultra,PLANETA Yamashita,Basic|V,863,Pokémon,2022/09/09,"tcgplayer,cardmarket",https://prices.pokemontcg.io/tcgplayer/swsh11-183,https://images.pokemontcg.io/swsh11/183_hires.png,2026/08/08,2025/11/18,1.88,1.0,2.0,26.600000381469727,,,,,,1.9609,1.0381,2.1224,0.0,1.9608999490737915,2.0878,1.984,0.0,0.0,0.0,1.1535,2026-08-09
swsh11-184,Galarian Perrserker V,holofoil,Lost Origin,184,Rare Ultra,GOSSAN,Basic|V,863,Pokémon,2022/09/09,"tcgplayer,cardmarket",https://prices.pokemontcg.io/tcgplayer/swsh11-184,https://images.pokemontcg.io/swsh11/184_hires.png,2026/08/08,2025/11/18,23.35,17.219999313354492,24.280000686645508,40.0,,,,,,22.6893,11.5235,21.4897,0.0,14.972399711608887,22.9316,22.9662,0.0,0.0,0.0,1.1535,2026-08-09
swsh11-185,Giratina V,holofoil,Lost Origin,185,Rare Ultra,N-DESIGN Inc.,Basic|V,487,Pokémon,2022/09/09,"tcgplayer,cardmarket",https://prices.pokemontcg.io/tcgplayer/swsh11-185,https://images.pokemontcg.io/swsh11/185_hires.png,2026/08/08,2025/11/18,16.94,14.40999984741211,18.729999542236328,121.31999969482422,,,,,,11.3966,5.8828,9.8278,0.0,7.774600028991699,9.3895,9.6663,0.0,0.0,0.0,1.1535,2026-08-09
swsh11-186,Giratina V,holofoil,Lost Origin,186,Rare Ultra,Shinji Kanda,Basic|V,487,Pokémon,2022/09/09,"tcgplayer,cardmarket",https://prices.pokemontcg.io/tcgplayer/swsh11-186,https://images.pokemontcg.io/swsh11/186_hires.png,2026/08/08,2025/11/18,833.71,730.0,869.989990234375,5337.5400390625,,,,,,744.8842,219.165,653.3539,0.0,495.4281921386719,612.5085,691.8924,0.0,0.0,0.0,1.1535,2026-08-09
swsh11-187,Hisuian Goodra V,holofoil,Lost Origin,187,Rare Ultra,5ban Graphics,Basic|V,706,Pokémon,2022/09/09,"tcgplayer,cardmarket",https://prices.pokemontcg.io/tcgplayer/swsh11-187,https://images.pokemontcg.io/swsh11/187_hires.png,2026/08/08,2025/11/18,2.55,1.7200000286102295,2.7100000381469727,96.94999694824219,,,,,,2.0763,1.0266,1.6264,0.0,1.6495000123977661,1.661,1.9033,0.0,0.0,0.0,1.1535,2026-08-09
swsh11-188,Pidgeot V,holofoil,Lost Origin,188,Rare Ultra,Saki Hayashiro,Basic|V,18,Pokémon,2022/09/09,"tcgplayer,cardmarket",https://prices.pokemontcg.io/tcgplayer/swsh11-188,https://images.pokemontcg.io/swsh11/188_hires.png,2026/08/08,2025/11/18,2.66,1.5,2.990000009536743,15.0,,,,,,3.1145,1.0381,3.2067,0.0,2.987600088119507,3.1837,3.1029,0.0,0.0,0.0,1.1535,2026-08-09
swsh11-189,Arezu,holofoil,Lost Origin,189,Rare Ultra,You Iribi,Supporter,,Trainer,2022/09/09,"tcgplayer,cardmarket",https://prices.pokemontcg.io/tcgplayer/swsh11-189,https://images.pokemontcg.io/swsh11/189_hires.png,2026/08/08,2025/11/18,4.34,2.940000057220459,4.590000152587891,39.060001373291016,,,,,,3.3105,2.1801,3.7835,0.0,4.452499866485596,3.7258,3.3567,0.0,0.0,0.0,1.1535,2026-08-09
swsh11-190,Colress's Experiment,holofoil,Lost Origin,190,Rare Ultra,Naoki Saito,Supporter,,Trainer,2022/09/09,"tcgplayer,cardmarket",https://prices.pokemontcg.io/tcgplayer/swsh11-190,https://images.pokemontcg.io/swsh11/190_hires.png,2026/08/08,2025/11/18,1.63,1.190000057220459,1.9900000095367432,2050.0,,,,,,2.5146,1.2458,2.3877,0.0,2.226300001144409,2.1801,2.4685,0.0,0.0,0.0,1.1535,2026-08-09
swsh11-191,Fantina,holofoil,Lost Origin,191,Rare Ultra,Ryuta Fuse,Supporter,,Trainer,2022/09/09,"tcgplayer,cardmarket",https://prices.pokemontcg.io/tcgplayer/swsh11-191,https://images.pokemontcg.io/swsh11/191_hires.png,2026/08/08,2025/11/18,2.72,2.0,3.009999990463257,33.31999969482422,,,,,,3.2413,1.0381,2.1686,0.0,2.5376999378204346,2.4916,3.0222,0.0,0.0,0.0,1.1535,2026-08-09
swsh11-192,Iscan,holofoil,Lost Origin,192,Rare Ultra,Hitoshi Ariga,Supporter,,Trainer,2022/09/09,"tcgplayer,cardmarket",https://prices.pokemontcg.io/tcgplayer/swsh11-192,https://images.pokemontcg.io/swsh11/192_hires.png,2026/08/08,2025/11/18,1.37,0.8799999952316284,1.4900000095367432,500.0,,,,,,1.4765,0.5767,1.7418,0.0,1.8341000080108643,1.6726,1.4995,0.0,0.0,0.0,1.1535,2026-08-09
swsh11-193,Lady,holofoil,Lost Origin,193,Rare Ultra,saino misaki,Supporter,,Trainer,2022/09/09,"tcgplayer,cardmarket",https://prices.pokemontcg.io/tcgplayer/swsh11-193,https://images.pokemontcg.io/swsh11/193_hires.png,2026/08/08,2025/11/18,4.34,3.3299999237060547,4.989999771118164,50.0,,,,,,3.9104,0.5767,3.5528,0.0,3.345099925994873,3.6797,3.7373,0.0,0.0,0.0,1.1535,2026-08-09
swsh11-194,Miss Fortune Sisters,holofoil,Lost Origin,194,Rare Ultra,Souchirou Gunjima,Supporter,,Trainer,2022/09/09,"tcgplayer,cardmarket",https://prices.pokemontcg.io/tcgplayer/swsh11-194,https://images.pokemontcg.io/swsh11/194_hires.png,2026/08/08,2025/11/18,3.7,2.740000009536743,3.9600000381469727,34.5099983215332,,,,,,3.6105,1.9494,3.1491,0.0,2.306999921798706,3.6566,3.7489,0.0,0.0,0.0,1.1535,2026-08-09
swsh11-195,Thorton,holofoil,Lost Origin,195,Rare Ultra,Hideki Ishikawa,Supporter,,Trainer,2022/09/09,"tcgplayer,cardmarket",https://prices.pokemontcg.io/tcgplayer/swsh11-195,https://images.pokemontcg.io/swsh11/195_hires.png,2026/08/08,2025/11/18,1.31,0.75,1.6100000143051147,30.0,,,,,,2.2147,0.9113,2.4685,0.0,3.241300106048584,2.3301,2.1455,0.0,0.0,0.0,1.1535,2026-08-09
swsh11-196,Volo,holofoil,Lost Origin,196,Rare Ultra,kirisAki,Supporter,,Trainer,2022/09/09,"tcgplayer,cardmarket",https://prices.pokemontcg.io/tcgplayer/swsh11-196,https://images.pokemontcg.io/swsh11/196_hires.png,2026/08/08,2025/11/18,2.54,1.0,2.799999952316284,19.989999771118164,,,,,,2.7453,1.5918,2.7569,0.0,1.7302000522613525,2.5492,2.5838,0.0,0.0,0.0,1.1535,2026-08-09
swsh11-197,Kyurem VMAX,holofoil,Lost Origin,197,Rare Rainbow,N-DESIGN Inc.,VMAX,646,Pokémon,2022/09/09,"tcgplayer,cardmarket",https://prices.pokemontcg.io/tcgplayer/swsh11-197,https://images.pokemontcg.io/swsh11/197_hires.png,2026/08/08,2025/11/18,7.97,6.550000190734863,8.989999771118164,85.05000305175781,,,,,,8.5474,4.614,9.724,0.0,14.995499610900879,9.9893,9.0896,0.0,0.0,0.0,1.1535,2026-08-09
swsh11-198,Magnezone VSTAR,holofoil,Lost Origin,198,Rare Rainbow,PLANETA Mochizuki,VSTAR,462,Pokémon,2022/09/09,"tcgplayer,cardmarket",https://prices.pokemontcg.io/tcgplayer/swsh11-198,https://images.pokemontcg.io/swsh11/198_hires.png,2026/08/08,2025/11/18,6.71,4.75,7.190000057220459,60.38999938964844,,,,,,4.9831,3.5758,6.0674,0.0,8.651200294494629,6.0328,5.5714,0.0,0.0,0.0,1.1535,2026-08-09
swsh11-199,Aerodactyl VSTAR,holofoil,Lost Origin,199,Rare Rainbow,5ban Graphics,VSTAR,142,Pokémon,2022/09/09,"tcgplayer,cardmarket",https://prices.pokemontcg.io/tcgplayer/swsh11-199,https://images.pokemontcg.io/swsh11/199_hires.png,2026/08/08,2025/11/18,14.03,12.4399995803833,15.229999542236328,297.2900085449219,,,,,,9.1819,4.464,11.9618,0.0,9.227999687194824,11.8926,10.4046,0.0,0.0,0.0,1.1535,2026-08-09
swsh11-200,Drapion VSTAR,holofoil,Lost Origin,200,Rare Rainbow,PLANETA Mochizuki,VSTAR,452,Pokémon,2022/09/09,"tcgplayer,cardmarket",https://prices.pokemontcg.io/tcgplayer/swsh11-200,https://images.pokemontcg.io/swsh11/200_hires.png,2026/08/08,2025/11/18,5.94,4.489999771118164,6.670000076293945,53.459999084472656,,,,,,4.9254,2.5262,5.4215,0.0,5.306099891662598,5.7675,5.1446,0.0,0.0,0.0,1.1535,2026-08-09
swsh11-201,Giratina VSTAR,holofoil,Lost Origin,201,Rare Rainbow,5ban Graphics,VSTAR,487,Pokémon,2022/09/09,"tcgplayer,cardmarket",https://prices.pokemontcg.io/tcgplayer/swsh11-201,https://images.pokemontcg.io/swsh11/201_hires.png,2026/08/08,2025/11/18,27.5,22.280000686645508,28.06999969482422,209.3800048828125,,,,,,19.1827,11.5119,15.9644,0.0,9.227999687194824,18.1446,18.7098,0.0,0.0,0.0,1.1535,2026-08-09
swsh11-202,Hisuian Goodra VSTAR,holofoil,Lost Origin,202,Rare Rainbow,5ban Graphics,VSTAR,706,Pokémon,2022/09/09,"tcgplayer,cardmarket",https://prices.pokemontcg.io/tcgplayer/swsh11-202,https://images.pokemontcg.io/swsh11/202_hires.png,2026/08/08,2025/11/18,8.36,6.610000133514404,9.489999771118164,96.94999694824219,,,,,,7.2786,3.4605,6.8633,0.0,6.921000003814697,7.244,7.2901,0.0,0.0,0.0,1.1535,2026-08-09
swsh11-203,Hisuian Zoroark VSTAR,holofoil,Lost Origin,203,Rare Rainbow,aky CG Works,VSTAR,571,Pokémon,2022/09/09,"tcgplayer,cardmarket",https://prices.pokemontcg.io/tcgplayer/swsh11-203,https://images.pokemontcg.io/swsh11/203_hires.png,2026/08/08,2025/11/18,8.01,5.840000152587891,8.4399995803833,77.20999908447266,,,,,,7.1402,4.4986,8.9281,0.0,8.062999725341797,10.5199,8.3398,0.0,0.0,0.0,1.1535,2026-08-09
swsh11-204,Arezu,holofoil,Lost Origin,204,Rare Rainbow,You Iribi,Supporter,,Trainer,2022/09/09,"tcgplayer,cardmarket",https://prices.pokemontcg.io/tcgplayer/swsh11-204,https://images.pokemontcg.io/swsh11/204_hires.png,2026/08/08,2025/11/18,4.42,3.559999942779541,5.0,47.400001525878906,,,,,,4.7409,2.2955,5.3176,0.0,6.86329984664917,5.6406,5.0293,0.0,0.0,0.0,1.1535,2026-08-09
swsh11-205,Colress's Experiment,holofoil,Lost Origin,205,Rare Rainbow,Naoki Saito,Supporter,,Trainer,2022/09/09,"tcgplayer,cardmarket",https://prices.pokemontcg.io/tcgplayer/swsh11-205,https://images.pokemontcg.io/swsh11/205_hires.png,2026/08/08,2025/11/18,3.56,2.75,4.0,30.239999771118164,,,,,,4.2449,2.1916,4.0603,0.0,4.383299827575684,4.2218,4.2795,0.0,0.0,0.0,1.1535,2026-08-09
swsh11-206,Fantina,holofoil,Lost Origin,206,Rare Rainbow,Ryuta Fuse,Supporter,,Trainer,2022/09/09,"tcgplayer,cardmarket",https://prices.pokemontcg.io/tcgplayer/swsh11-206,https://images.pokemontcg.io/swsh11/206_hires.png,2026/08/08,2025/11/18,4.81,2.799999952316284,4.960000038146973,49.9900016784668,,,,,,3.7835,1.142,3.5066,0.0,5.179200172424316,4.1065,4.2333,0.0,0.0,0.0,1.1535,2026-08-09
swsh11-207,Iscan,holofoil,Lost Origin,207,Rare Rainbow,Hitoshi Ariga,Supporter,,Trainer,2022/09/09,"tcgplayer,cardmarket",https://prices.pokemontcg.io/tcgplayer/swsh11-207,https://images.pokemontcg.io/swsh11/207_hires.png,2026/08/08,2025/11/18,3.17,2.5,3.569999933242798,96.94999694824219,,,,,,4.291,1.1535,4.7755,0.0,4.613999843597412,5.4445,4.3487,0.0,0.0,0.0,1.1535,2026-08-09
swsh11-208,Lady,holofoil,Lost Origin,208,Rare Rainbow,saino misaki,Supporter,,Trainer,2022/09/09,"tcgplayer,cardmarket",https://prices.pokemontcg.io/tcgplayer/swsh11-208,https://images.pokemontcg.io/swsh11/208_hires.png,2026/08/08,2025/11/18,5.28,3.9700000286102295,5.610000133514404,29.989999771118164,,,,,,5.7329,3.4605,4.9485,0.0,5.0177001953125,5.4099,5.6406,0.0,0.0,0.0,1.1535,2026-08-09
swsh11-209,Miss Fortune Sisters,holofoil,Lost Origin,209,Rare Rainbow,Souchirou Gunjima,Supporter,,Trainer,2022/09/09,"tcgplayer,cardmarket",https://prices.pokemontcg.io/tcgplayer/swsh11-209,https://images.pokemontcg.io/swsh11/209_hires.png,2026/08/08,2025/11/18,5.08,3.880000114440918,5.590000152587891,96.94999694824219,,,,,,4.7063,1.1535,4.6717,0.0,4.037300109863281,5.6522,5.0408,0.0,0.0,0.0,1.1535,2026-08-09
swsh11-210,Thorton,holofoil,Lost Origin,210,Rare Rainbow,Hideki Ishikawa,Supporter,,Trainer,2022/09/09,"tcgplayer,cardmarket",https://prices.pokemontcg.io/tcgplayer/swsh11-210,https://images.pokemontcg.io/swsh11/210_hires.png,2026/08/08,2025/11/18,3.09,2.25,3.5899999141693115,36.41999816894531,,,,,,3.7373,2.307,3.8296,0.0,4.3256001472473145,4.6601,3.8412,0.0,0.0,0.0,1.1535,2026-08-09
swsh11-211,Volo,holofoil,Lost Origin,211,Rare Rainbow,kirisAki,Supporter,,Trainer,2022/09/09,"tcgplayer,cardmarket",https://prices.pokemontcg.io/tcgplayer/swsh11-211,https://images.pokemontcg.io/swsh11/211_hires.png,2026/08/08,2025/11/18,4.84,3.319999933242798,4.849999904632568,10.0,,,,,,4.7293,2.8838,4.4064,0.0,2.8838000297546387,4.464,4.6255,0.0,0.0,0.0,1.1535,2026-08-09
swsh11-212,Giratina VSTAR,holofoil,Lost Origin,212,Rare Secret,5ban Graphics,VSTAR,487,Pokémon,2022/09/09,"tcgplayer,cardmarket",https://prices.pokemontcg.io/tcgplayer/swsh11-212,https://images.pokemontcg.io/swsh11/212_hires.png,2026/08/08,2025/11/18,19.1,14.989999771118164,19.989999771118164,223.60000610351562,,,,,,16.3797,9.2049,11.7196,0.0,10.11620044708252,11.5465,14.4418,0.0,0.0,0.0,1.1535,2026-08-09
swsh11-213,Hisuian Zoroark VSTAR,holofoil,Lost Origin,213,Rare Secret,aky CG Works,VSTAR,571,Pokémon,2022/09/09,"tcgplayer,cardmarket",https://prices.pokemontcg.io/tcgplayer/swsh11-213,https://images.pokemontcg.io/swsh11/213_hires.png,2026/08/08,2025/11/18,5.8,4.679999828338623,6.989999771118164,25.0,,,,,,6.3327,4.1411,6.7941,0.0,7.774600028991699,6.5403,6.5288,0.0,0.0,0.0,1.1535,2026-08-09
swsh11-214,Box of Disaster,holofoil,Lost Origin,214,Rare Secret,Toyste Beach,Item|Pokémon Tool,,Trainer,2022/09/09,"tcgplayer,cardmarket",https://prices.pokemontcg.io/tcgplayer/swsh11-214,https://images.pokemontcg.io/swsh11/214_hires.png,2026/08/08,2025/11/18,2.23,1.0,2.5299999713897705,20.06999969482422,,,,,,2.8376,1.7302,3.0568,0.0,2.306999921798706,3.0683,2.8838,0.0,0.0,0.0,1.1535,2026-08-09
swsh11-215,Collapsed Stadium,holofoil,Lost Origin,215,Rare Secret,Oswaldo KATO,Stadium,,Trainer,2022/09/09,"tcgplayer,cardmarket",https://prices.pokemontcg.io/tcgplayer/swsh11-215,https://images.pokemontcg.io/swsh11/215_hires.png,2026/08/08,2025/11/18,2.43,1.4900000095367432,3.0,784.9199829101562,,,,,,3.5758,1.0958,3.5874,0.0,2.6184000968933105,3.7489,3.3336,0.0,0.0,0.0,1.1535,2026-08-09
swsh11-216,Dark Patch,holofoil,Lost Origin,216,Rare Secret,Ryo Ueda,Item,,Trainer,2022/09/09,"tcgplayer,cardmarket",https://prices.pokemontcg.io/tcgplayer/swsh11-216,https://images.pokemontcg.io/swsh11/216_hires.png,2026/08/08,2025/11/18,2.69,1.8700000047683716,3.049999952316284,25.6200008392334,,,,,,3.4028,2.307,3.6681,0.0,4.59089994430542,3.7258,3.4144,0.0,0.0,0.0,1.1535,2026-08-09
swsh11-217,Lost Vacuum,holofoil,Lost Origin,217,Rare Secret,Toyste Beach,Item,,Trainer,2022/09/09,"tcgplayer,cardmarket",https://prices.pokemontcg.io/tcgplayer/swsh11-217,https://images.pokemontcg.io/swsh11/217_hires.png,2026/08/08,2025/11/18,2.09,1.399999976158142,2.2699999809265137,24.989999771118164,,,,,,2.7223,1.1535,2.3185,0.0,2.249300003051758,2.6184,2.6184,0.0,0.0,0.0,1.1535,2026-08-09
swsh11tg-TG01,Parasect,holofoil,Lost Origin Trainer Gallery,TG01,Trainer Gallery Rare Holo,Oswaldo KATO,Stage 1,47,Pokémon,2022/09/09,"tcgplayer,cardmarket",https://prices.pokemontcg.io/tcgplayer/swsh11tg-TG01,https://images.pokemontcg.io/swsh11tg/TG01_hires.png,2026/08/08,2026/07/01,4.09,3.0,4.460000038146973,999.989990234375,,,,,,3.0798,1.1535,3.4144,0.0,3.8180999755859375,3.4951,3.2644,0.0,0.0,0.0,1.1535,2026-08-09
swsh11tg-TG02,Roserade,holofoil,Lost Origin Trainer Gallery,TG02,Trainer Gallery Rare Holo,saino misaki,Stage 1,407,Pokémon,2022/09/09,"tcgplayer,cardmarket",https://prices.pokemontcg.io/tcgplayer/swsh11tg-TG02,https://images.pokemontcg.io/swsh11tg/TG02_hires.png,2026/08/08,2026/07/01,3.39,2.259999990463257,3.7300000190734863,999.989990234375,,,,,,2.9068,0.8651,2.976,0.0,3.3220999240875244,2.8491,2.9876,0.0,0.0,0.0,1.1535,2026-08-09
swsh11tg-TG03,Charizard,holofoil,Lost Origin Trainer Gallery,TG03,Trainer Gallery Rare Holo,GIDORA,Stage 2,6,Pokémon,2022/09/09,"tcgplayer,cardmarket",https://prices.pokemontcg.io/tcgplayer/swsh11tg-TG03,https://images.pokemontcg.io/swsh11tg/TG03_hires.png,2026/08/08,2026/07/01,29.09,21.649999618530273,33.33000183105469,250.0,,,,,,40.4071,17.1871,41.8144,0.0,34.52429962158203,40.1187,39.1959,0.0,0.0,0.0,1.1535,2026-08-09
swsh11tg-TG04,Chandelure,holofoil,Lost Origin Trainer Gallery,TG04,Trainer Gallery Rare Holo,chibi,Stage 2,609,Pokémon,2022/09/09,"tcgplayer,cardmarket",https://prices.pokemontcg.io/tcgplayer/swsh11tg-TG04,https://images.pokemontcg.io/swsh11tg/TG04_hires.png,2026/08/08,2026/07/01,4.62,2.990000009536743,4.840000152587891,200.0,,,,,,2.4339,0.4614,2.5608,0.0,2.768399953842163,2.6992,2.4339,0.0,0.0,0.0,1.1535,2026-08-09
swsh11tg-TG05,Pikachu,holofoil,Lost Origin Trainer Gallery,TG05,Trainer Gallery Rare Holo,Atsushi Furusawa,Basic,25,Pokémon,2022/09/09,"tcgplayer,cardmarket",https://prices.pokemontcg.io/tcgplayer/swsh11tg-TG05,https://images.pokemontcg.io/swsh11tg/TG05_hires.png,2026/08/08,2026/07/01,50.52,36.66999816894531,55.779998779296875,349.989990234375,,,,,,51.8844,17.3025,51.1,0.0,39.84189987182617,44.5828,51.2731,0.0,0.0,0.0,1.1535,2026-08-09
swsh11tg-TG06,Gengar,holofoil,Lost Origin Trainer Gallery,TG06,Trainer Gallery Rare Holo,Akira Komayama,Stage 2,94,Pokémon,2022/09/09,"tcgplayer,cardmarket",https://prices.pokemontcg.io/tcgplayer/swsh11tg-TG06,https://images.pokemontcg.io/swsh11tg/TG06_hires.png,2026/08/08,2026/07/01,53.95,35.689998626708984,59.9900016784668,406.0799865722656,,,,,,51.6883,22.9546,40.6263,0.0,36.9005012512207,43.4985,55.2873,0.0,0.0,0.0,1.1535,2026-08-09
swsh11tg-TG07,Banette,holofoil,Lost Origin Trainer Gallery,TG07,Trainer Gallery Rare Holo,Tomomi Kaneko,Stage 1|Single Strike,354,Pokémon,2022/09/09,"tcgplayer,cardmarket",https://prices.pokemontcg.io/tcgplayer/swsh11tg-TG07,https://images.pokemontcg.io/swsh11tg/TG07_hires.png,2026/08/08,2026/07/01,3.75,2.299999952316284,3.8399999141693115,999.989990234375,,,,,,2.7799,0.5767,2.803,0.0,3.0336999893188477,2.7569,2.63,0.0,0.0,0.0,1.1535,2026-08-09
swsh11tg-TG08,Hisuian Arcanine,holofoil,Lost Origin Trainer Gallery,TG08,Trainer Gallery Rare Holo,You Iribi,Stage 1,59,Pokémon,2022/09/09,"tcgplayer,cardmarket",https://prices.pokemontcg.io/tcgplayer/swsh11tg-TG08,https://images.pokemontcg.io/swsh11tg/TG08_hires.png,2026/08/08,2026/07/01,4.97,3.869999885559082,5.739999771118164,96.94999694824219,,,,,,4.441,1.1535,5.2254,0.0,6.9440999031066895,4.5909,4.5794,0.0,0.0,0.0,1.1535,2026-08-09
swsh11tg-TG09,Spiritomb,holofoil,Lost Origin Trainer Gallery,TG09,Trainer Gallery Rare Holo,Hitoshi Ariga,Basic,442,Pokémon,2022/09/09,"tcgplayer,cardmarket",https://prices.pokemontcg.io/tcgplayer/swsh11tg-TG09,https://images.pokemontcg.io/swsh11tg/TG09_hires.png,2026/08/08,2026/07/01,3.21,2.0,3.5,27.5,,,,,,2.3531,0.5652,2.3531,0.0,2.837599992752075,2.2724,2.307,0.0,0.0,0.0,1.1535,2026-08-09
swsh11tg-TG10,Snorlax,holofoil,Lost Origin Trainer Gallery,TG10,Trainer Gallery Rare Holo,Kouki Saitou,Basic,143,Pokémon,2022/09/09,"tcgplayer,cardmarket",https://prices.pokemontcg.io/tcgplayer/swsh11tg-TG10,https://images.pokemontcg.io/swsh11tg/TG10_hires.png,2026/08/08,2026/07/01,23.15,17.920000076293945,23.989999771118164,99.98999786376953,,,,,,13.6459,5.1907,16.2297,0.0,17.71780014038086,15.2493,15.8837,0.0,0.0,0.0,1.1535,2026-08-09
swsh11tg-TG11,Castform,holofoil,Lost Origin Trainer Gallery,TG11,Trainer Gallery Rare Holo,Atsushi Furusawa,Basic,351,Pokémon,2022/09/09,"tcgplayer,cardmarket",https://prices.pokemontcg.io/tcgplayer/swsh11tg-TG11,https://images.pokemontcg.io/swsh11tg/TG11_hires.png,2026/08/08,2026/07/01,2.29,1.0,2.7300000190734863,239.0,,,,,,1.9609,0.4614,2.1109,0.0,2.0762999057769775,1.9956,1.9494,0.0,0.0,0.0,1.1535,2026-08-09
swsh11tg-TG12,Orbeetle V,holofoil,Lost Origin Trainer Gallery,TG12,Rare Holo V,Nisota Niso,Basic|V,826,Pokémon,2022/09/09,"tcgplayer,cardmarket",https://prices.pokemontcg.io/tcgplayer/swsh11tg-TG12,https://images.pokemontcg.io/swsh11tg/TG12_hires.png,2026/08/08,2026/07/01,5.89,4.0,6.0,19.989999771118164,,,,,,7.8784,4.6025,9.6433,0.0,5.7444000244140625,7.5439,8.2475,0.0,0.0,0.0,1.1535,2026-08-09
swsh11tg-TG13,Orbeetle VMAX,holofoil,Lost Origin Trainer Gallery,TG13,Rare Holo VMAX,Teeziro,VMAX,826,Pokémon,2022/09/09,"tcgplayer,cardmarket",https://prices.pokemontcg.io/tcgplayer/swsh11tg-TG13,https://images.pokemontcg.io/swsh11tg/TG13_hires.png,2026/08/08,2026/07/01,12.36,9.489999771118164,12.75,97.62000274658203,,,,,,11.5811,4.2679,10.7737,0.0,7.497700214385986,9.1703,11.6388,0.0,0.0,0.0,1.1535,2026-08-09
swsh11tg-TG14,Centiskorch V,holofoil,Lost Origin Trainer Gallery,TG14,Rare Holo V,Yuya Oka,Basic|V,851,Pokémon,2022/09/09,"tcgplayer,cardmarket",https://prices.pokemontcg.io/tcgplayer/swsh11tg-TG14,https://images.pokemontcg.io/swsh11tg/TG14_hires.png,2026/08/08,2026/07/01,4.71,3.5,5.199999809265137,50.0,,,,,,6.8518,2.8838,7.9245,0.0,5.202300071716309,5.4099,6.6672,0.0,0.0,0.0,1.1535,2026-08-09
swsh11tg-TG15,Centiskorch VMAX,holofoil,Lost Origin Trainer Gallery,TG15,Rare Holo VMAX,Oswaldo KATO,VMAX,851,Pokémon,2022/09/09,"tcgplayer,cardmarket",https://prices.pokemontcg.io/tcgplayer/swsh11tg-TG15,https://images.pokemontcg.io/swsh11tg/TG15_hires.png,2026/08/08,2026/07/01,9.13,7.619999885559082,9.680000305175781,29.989999771118164,,,,,,8.0168,4.614,8.6282,0.0,9.193400382995605,7.2901,8.086,0.0,0.0,0.0,1.1535,2026-08-09
swsh11tg-TG16,Pikachu V,holofoil,Lost Origin Trainer Gallery,TG16,Rare Holo V,Ryota Murayama,Basic|V,25,Pokémon,2022/09/09,"tcgplayer,cardmarket",https://prices.pokemontcg.io/tcgplayer/swsh11tg-TG16,https://images.pokemontcg.io/swsh11tg/TG16_hires.png,2026/08/08,2026/07/01,129.32,107.94999694824219,138.19000244140625,1169.9100341796875,,,,,,173.844,46.0823,200.4437,0.0,125.7083969116211,189.9814,170.9372,0.0,0.0,0.0,1.1535,2026-08-09
swsh11tg-TG17,Pikachu VMAX,holofoil,Lost Origin Trainer Gallery,TG17,Rare Holo VMAX,Souichirou Gunjima,VMAX,25,Pokémon,2022/09/09,"tcgplayer,cardmarket",https://prices.pokemontcg.io/tcgplayer/swsh11tg-TG17,https://images.pokemontcg.io/swsh11tg/TG17_hires.png,2026/08/08,2026/07/01,114.59,95.0,120.87000274658203,1031.31005859375,,,,,,101.5887,34.605,158.3179,0.0,109.57099914550781,164.9851,108.7866,0.0,0.0,0.0,1.1535,2026-08-09
swsh11tg-TG18,Enamorus V,holofoil,Lost Origin Trainer Gallery,TG18,Rare Holo V,AKIRA EGAWA,Basic|V,905,Pokémon,2022/09/09,"tcgplayer,cardmarket",https://prices.pokemontcg.io/tcgplayer/swsh11tg-TG18,https://images.pokemontcg.io/swsh11tg/TG18_hires.png,2026/08/08,2026/07/01,12.75,10.0,13.1899995803833,30.0,,,,,,8.9166,7.4862,8.7666,0.0,9.216500282287598,8.1898,9.0319,0.0,0.0,0.0,1.1535,2026-08-09
swsh11tg-TG19,Gallade V,holofoil,Lost Origin Trainer Gallery,TG19,Rare Holo V,Souichirou Gunjima,Basic|V,475,Pokémon,2022/09/09,"tcgplayer,cardmarket",https://prices.pokemontcg.io/tcgplayer/swsh11tg-TG19,https://images.pokemontcg.io/swsh11tg/TG19_hires.png,2026/08/08,2026/07/01,11.3,8.0,11.789999961853027,28.0,,,,,,13.692,3.4605,10.393,0.0,9.931599617004395,10.2431,13.3575,0.0,0.0,0.0,1.1535,2026-08-09
swsh11tg-TG20,Crobat V,holofoil,Lost Origin Trainer Gallery,TG20,Rare Holo V,GOSSAN,Basic|V,169,Pokémon,2022/09/09,"tcgplayer,cardmarket",https://prices.pokemontcg.io/tcgplayer/swsh11tg-TG20,https://images.pokemontcg.io/swsh11tg/TG20_hires.png,2026/08/08,2026/07/01,11.58,7.53000020980835,12.489999771118164,204.8000030517578,,,,,,13.2768,5.7675,13.0692,0.0,13.842000007629395,13.2652,14.1765,0.0,0.0,0.0,1.1535,2026-08-09
swsh11tg-TG21,Eternatus V,holofoil,Lost Origin Trainer Gallery,TG21,Rare Holo V,kodama,Basic|V,890,Pokémon,2022/09/09,"tcgplayer,cardmarket",https://prices.pokemontcg.io/tcgplayer/swsh11tg-TG21,https://images.pokemontcg.io/swsh11tg/TG21_hires.png,2026/08/08,2026/07/01,5.48,4.099999904632568,6.0,42.220001220703125,,,,,,6.8056,2.307,6.8172,0.0,5.052299976348877,5.6868,6.7134,0.0,0.0,0.0,1.1535,2026-08-09
swsh11tg-TG22,Eternatus VMAX,holofoil,Lost Origin Trainer Gallery,TG22,Rare Holo VMAX,Mitsuhiro Arita,VMAX|Eternamax,890,Pokémon,2022/09/09,"tcgplayer,cardmarket",https://prices.pokemontcg.io/tcgplayer/swsh11tg-TG22,https://images.pokemontcg.io/swsh11tg/TG22_hires.png,2026/08/08,2026/07/01,12.09,10.0,13.039999961853027,24.950000762939453,,,,,,15.3415,6.6326,17.0026,0.0,17.291000366210938,14.3149,15.2839,0.0,0.0,0.0,1.1535,2026-08-09
swsh11tg-TG23,Adventurer's Discovery,holofoil,Lost Origin Trainer Gallery,TG23,Rare Ultra,Taira Akitsu,Supporter,,Trainer,2022/09/09,"tcgplayer,cardmarket",https://prices.pokemontcg.io/tcgplayer/swsh11tg-TG23,https://images.pokemontcg.io/swsh11tg/TG23_hires.png,2026/08/08,2026/07/01,4.33,2.5,4.260000228881836,4320.77001953125,,,,,,3.5643,1.0266,3.7489,0.0,3.9911000728607178,3.6797,3.5643,0.0,0.0,0.0,1.1535,2026-08-09
swsh11tg-TG24,Boss's Orders,holofoil,Lost Origin Trainer Gallery,TG24,Rare Ultra,NC Empire,Supporter,,Trainer,2022/09/09,"tcgplayer,cardmarket",https://prices.pokemontcg.io/tcgplayer/swsh11tg-TG24,https://images.pokemontcg.io/swsh11tg/TG24_hires.png,2026/08/08,2026/06/27,10.35,7.949999809265137,10.550000190734863,97.04000091552734,,,,,,6.7018,4.3718,6.748,0.0,4.913899898529053,6.9787,6.6557,0.0,0.0,0.0,1.1535,2026-08-09
swsh11tg-TG25,Cook,holofoil,Lost Origin Trainer Gallery,TG25,Rare Ultra,Sanosuke Sakuma,Supporter,,Trainer,2022/09/09,"tcgplayer,cardmarket",https://prices.pokemontcg.io/tcgplayer/swsh11tg-TG25,https://images.pokemontcg.io/swsh11tg/TG25_hires.png,2026/08/08,2026/06/27,3.16,1.9900000095367432,3.309999942779541,19.989999771118164,,,,,,2.653,1.0266,2.1109,0.0,3.172100067138672,2.2955,2.5723,0.0,0.0,0.0,1.1535,2026-08-09
swsh11tg-TG26,Kabu,holofoil,Lost Origin Trainer Gallery,TG26,Rare Ultra,Hideki Ishikawa,Supporter,,Trainer,2022/09/09,"tcgplayer,cardmarket",https://prices.pokemontcg.io/tcgplayer/swsh11tg-TG26,https://images.pokemontcg.io/swsh11tg/TG26_hires.png,2026/08/08,2026/06/27,1.78,0.75,1.9600000381469727,96.86000061035156,,,,,,1.9956,0.5767,1.5803,0.0,1.0958000421524048,1.6034,2.0302,0.0,0.0,0.0,1.1535,2026-08-09
swsh11tg-TG27,Nessa,holofoil,Lost Origin Trainer Gallery,TG27,Rare Ultra,saino misaki,Supporter,,Trainer,2022/09/09,"tcgplayer,cardmarket",https://prices.pokemontcg.io/tcgplayer/swsh11tg-TG27,https://images.pokemontcg.io/swsh11tg/TG27_hires.png,2026/08/08,2026/06/27,13.03,10.510000228881836,13.460000038146973,47.099998474121094,,,,,,9.5279,2.8838,16.2759,0.0,9.170299530029297,15.4108,9.7355,0.0,0.0,0.0,1.1535,2026-08-09
swsh11tg-TG28,Opal,holofoil,Lost Origin Trainer Gallery,TG28,Rare Ultra,Taira Akitsu,Supporter,,Trainer,2022/09/09,"tcgplayer,cardmarket",https://prices.pokemontcg.io/tcgplayer/swsh11tg-TG28,https://images.pokemontcg.io/swsh11tg/TG28_hires.png,2026/08/08,2026/06/27,2.85,1.0,2.7699999809265137,19.889999389648438,,,,,,2.0302,0.5652,1.9033,0.0,2.8838000297546387,2.0763,2.0878,0.0,0.0,0.0,1.1535,2026-08-09
swsh11tg-TG29,Pikachu VMAX,holofoil,Lost Origin Trainer Gallery,TG29,Rare Secret,aky CG Works,VMAX,25,Pokémon,2022/09/09,"tcgplayer,cardmarket",https://prices.pokemontcg.io/tcgplayer/swsh11tg-TG29,https://images.pokemontcg.io/swsh11tg/TG29_hires.png,2026/08/08,2026/06/21,25.33,19.489999771118164,27.200000762939453,129.99000549316406,,,,,,22.8278,10.2661,26.0345,0.0,11.800299644470215,27.0842,22.6893,0.0,0.0,0.0,1.1535,2026-08-09
swsh11tg-TG30,Mew VMAX,holofoil,Lost Origin Trainer Gallery,TG30,Rare Secret,5ban Graphics,VMAX|Fusion Strike,151,Pokémon,2022/09/09,"tcgplayer,cardmarket",https://prices.pokemontcg.io/tcgplayer/swsh11tg-TG30,https://images.pokemontcg.io/swsh11tg/TG30_hires.png,2026/08/08,2026/06/21,31.3,26.75,34.84000015258789,59.790000915527344,,,,,,28.3992,8.6512,46.7629,0.0,32.29800033569336,64.8152,28.0416,0.0,0.0,0.0,1.1535,2026-08-09
swsh12-1,Venonat,normal,Silver Tempest,1,Common,Sekio,Basic,48,Pokémon,2022/11/11,"tcgplayer,cardmarket",https://prices.pokemontcg.io/tcgplayer/swsh12-1,https://images.pokemontcg.io/swsh12/1_hires.png,2026/08/08,2026/07/01,0.11,0.009999999776482582,0.15000000596046448,20.0,,0.19,,,,0.0346,0.0231,0.0461,0.2192,0.023099999874830246,0.0461,0.0346,0.5767,0.2192,0.2192,1.1535,2026-08-09
swsh12-2,Venomoth,normal,Silver Tempest,2,Uncommon,Kagemaru Himeno,Stage 1,49,Pokémon,2022/11/11,"tcgplayer,cardmarket",https://prices.pokemontcg.io/tcgplayer/swsh12-2,https://images.pokemontcg.io/swsh12/2_hires.png,2026/08/08,2026/07/01,0.13,0.009999999776482582,0.15000000596046448,19.979999542236328,,0.22,,,,0.0577,0.0231,0.0692,0.2538,0.08070000261068344,0.0461,0.0807,0.0923,0.1615,0.2307,1.1535,2026-08-09
swsh12-3,Spinarak,normal,Silver Tempest,3,Common,Pani Kobayashi,Basic,167,Pokémon,2022/11/11,"tcgplayer,cardmarket",https://prices.pokemontcg.io/tcgplayer/swsh12-3,https://images.pokemontcg.io/swsh12/3_hires.png,2026/08/08,2026/07/01,0.06,0.009999999776482582,0.15000000596046448,19.979999542236328,,0.15,,,,0.0346,0.0231,0.0461,0.2076,0.023099999874830246,0.0577,0.0346,0.0231,0.1384,0.1961,1.1535,2026-08-09
swsh12-4,Ariados,holofoil,Silver Tempest,4,Rare Holo,Tika Matsuno,Stage 1,168,Pokémon,2022/11/11,"tcgplayer,cardmarket",https://prices.pokemontcg.io/tcgplayer/swsh12-4,https://images.pokemontcg.io/swsh12/4_hires.png,2026/08/08,2026/07/01,0.24,0.009999999776482582,0.25,19.979999542236328,,0.19,,,,0.1384,0.0231,0.2307,0.2192,0.09229999780654907,0.173,0.1384,0.0231,0.2307,0.2307,1.1535,2026-08-09
swsh12-5,Sunkern,normal,Silver Tempest,5,Common,Saya Tsuruta,Basic,191,Pokémon,2022/11/11,"tcgplayer,cardmarket",https://prices.pokemontcg.io/tcgplayer/swsh12-5,https://images.pokemontcg.io/swsh12/5_hires.png,2026/08/08,2026/07/01,0.02,0.009999999776482582,0.15000000596046448,20.0,,0.27,,,,0.0346,0.0231,0.0461,0.2422,0.03460000082850456,0.0461,0.0461,0.2884,0.1961,0.2307,1.1535,2026-08-09
swsh12-6,Sunflora,normal,Silver Tempest,6,Uncommon,zig,Stage 1,192,Pokémon,2022/11/11,"tcgplayer,cardmarket",https://prices.pokemontcg.io/tcgplayer/swsh12-6,https://images.pokemontcg.io/swsh12/6_hires.png,2026/08/08,2026/07/01,0.15,0.009999999776482582,0.17000000178813934,19.979999542236328,,0.23,,,,0.0461,0.0231,0.0461,0.2192,0.023099999874830246,0.0346,0.0461,0.0577,0.2307,0.2192,1.1535,2026-08-09
swsh12-7,Serperior V,holofoil,Silver Tempest,7,Rare Holo V,Ayaka Yoshida,Basic|V,497,Pokémon,2022/11/11,"tcgplayer,cardmarket",https://prices.pokemontcg.io/tcgplayer/swsh12-7,https://images.pokemontcg.io/swsh12/7_hires.png,2026/08/08,2026/07/01,0.82,0.3499999940395355,0.9900000095367432,5.949999809265137,,,,,,1.0035,0.2192,1.0958,0.0,1.7302000522613525,1.0151,1.0035,0.0,0.0,0.0,1.1535,2026-08-09
swsh12-8,Serperior VSTAR,holofoil,Silver Tempest,8,Rare Holo VSTAR,PLANETA Mochizuki,VSTAR,497,Pokémon,2022/11/11,"tcgplayer,cardmarket",https://prices.pokemontcg.io/tcgplayer/swsh12-8,https://images.pokemontcg.io/swsh12/8_hires.png,2026/08/08,2026/07/01,1.15,0.7400000095367432,1.4500000476837158,1000.0,,,,,,1.2804,0.4499,1.3265,0.0,1.6841000318527222,1.4188,1.2573,0.0,0.0,0.0,1.1535,2026-08-09
swsh12-9,Petilil,normal,Silver Tempest,9,Common,HYOGONOSUKE,Basic,548,Pokémon,2022/11/11,"tcgplayer,cardmarket",https://prices.pokemontcg.io/tcgplayer/swsh12-9,https://images.pokemontcg.io/swsh12/9_hires.png,2026/08/08,2026/07/01,0.11,0.009999999776482582,0.15000000596046448,20.0,,0.19,,,,0.0346,0.0231,0.0346,0.2422,0.03460000082850456,0.0231,0.0346,0.0346,0.1846,0.1846,1.1535,2026-08-09
swsh12-10,Hisuian Lilligant,normal,Silver Tempest,10,Rare,Mitsuhiro Arita,Stage 1,549,Pokémon,2022/11/11,"tcgplayer,cardmarket",https://prices.pokemontcg.io/tcgplayer/swsh12-10,https://images.pokemontcg.io/swsh12/10_hires.png,2026/08/08,2026/07/01,0.17,0.029999999329447746,0.20000000298023224,19.979999542236328,,0.27,,,,0.0923,0.0231,0.0577,0.4499,0.11540000140666962,0.0807,0.0807,0.346,0.5306,0.4153,1.1535,2026-08-09
swsh12-11,Foongus,normal,Silver Tempest,11,Common,Saya Tsuruta,Basic,590,Pokémon,2022/11/11,"tcgplayer,cardmarket",https://prices.pokemontcg.io/tcgplayer/swsh12-11,https://images.pokemontcg.io/swsh12/11_hires.png,2026/08/08,2026/07/01,0.03,0.009999999776482582,0.15000000596046448,1000.0,,0.24,,,,0.0346,0.0231,0.0346,0.1615,0.023099999874830246,0.0346,0.0346,0.0461,0.1384,0.15,1.1535,2026-08-09
swsh12-12,Amoonguss,normal,Silver Tempest,12,Rare,GOSSAN,Stage 1,591,Pokémon,2022/11/11,"tcgplayer,cardmarket",https://prices.pokemontcg.io/tcgplayer/swsh12-12,https://images.pokemontcg.io/swsh12/12_hires.png,2026/08/08,2026/07/01,0.03,0.009999999776482582,0.20000000298023224,19.059999465942383,,0.34,,,,0.1154,0.0231,0.0577,0.3345,0.06920000165700912,0.0807,0.1038,0.2076,0.2768,0.3345,1.1535,2026-08-09
swsh12-13,Durant,normal,Silver Tempest,13,Common,Yuya Oka,Basic,632,Pokémon,2022/11/11,"tcgplayer,cardmarket",https://prices.pokemontcg.io/tcgplayer/swsh12-13,https://images.pokemontcg.io/swsh12/13_hires.png,2026/08/08,2026/06/26,0.07,0.009999999776482582,0.15000000596046448,19.979999542236328,,0.15,,,,0.0346,0.0231,0.0346,0.1384,0.023099999874830246,0.0231,0.0346,0.346,0.173,0.1615,1.1535,2026-08-09
swsh12-14,Virizion,normal,Silver Tempest,14,Rare,Kouki Saitou,Basic,640,Pokémon,2022/11/11,"tcgplayer,cardmarket",https://prices.pokemontcg.io/tcgplayer/swsh12-14,https://images.pokemontcg.io/swsh12/14_hires.png,2026/08/08,2026/06/23,0.08,0.009999999776482582,0.18000000715255737,19.979999542236328,,0.3,,,,0.1154,0.0231,0.0692,0.323,0.13840000331401825,0.1038,0.1038,0.2307,0.3114,0.3345,1.1535,2026-08-09
swsh12-15,Chesnaught V,holofoil,Silver Tempest,15,Rare Holo V,N-DESIGN Inc.,Basic|V,652,Pokémon,2022/11/11,"tcgplayer,cardmarket",https://prices.pokemontcg.io/tcgplayer/swsh12-15,https://images.pokemontcg.io/swsh12/15_hires.png,2026/08/08,2026/06/23,0.69,0.28999999165534973,0.8999999761581421,50.0,,,,,,0.8421,0.173,0.7728,0.0,0.6229000091552734,0.8421,0.8305,0.0,0.0,0.0,1.1535,2026-08-09
swsh12-16,Radiant Tsareena,holofoil,Silver Tempest,16,Radiant Rare,Kagemaru Himeno,Basic|Radiant,763,Pokémon,2022/11/11,"tcgplayer,cardmarket",https://prices.pokemontcg.io/tcgplayer/swsh12-16,https://images.pokemontcg.io/swsh12/16_hires.png,2026/08/08,2026/06/08,0.54,0.20000000298023224,0.699999988079071,45.0,,,,,,0.646,0.0231,0.5652,0.0,0.7498000264167786,0.6921,0.646,0.0,0.0,0.0,1.1535,2026-08-09
swsh12-17,Vulpix,normal,Silver Tempest,17,Common,ryoma uratsuka,Basic,37,Pokémon,2022/11/11,"tcgplayer,cardmarket",https://prices.pokemontcg.io/tcgplayer/swsh12-17,https://images.pokemontcg.io/swsh12/17_hires.png,2026/08/08,2026/06/08,0.15,0.009999999776482582,0.1899999976158142,1000.0,,0.33,,,,0.0346,0.0231,0.0461,0.2884,0.03460000082850456,0.0461,0.0461,0.173,0.3691,0.2884,1.1535,2026-08-09
swsh12-18,Ninetales,normal,Silver Tempest,18,Uncommon,Shiburingaru,Stage 1,38,Pokémon,2022/11/11,"tcgplayer,cardmarket",https://prices.pokemontcg.io/tcgplayer/swsh12-18,https://images.pokemontcg.io/swsh12/18_hires.png,2026/08/08,2026/05/16,0.27,0.009999999776482582,0.23999999463558197,1000.0,,0.38,,,,0.0692,0.0231,0.0923,0.2653,0.05770000070333481,0.1269,0.0692,0.3807,0.2538,0.2768,1.1535,2026-08-09
swsh12-19,Growlithe,normal,Silver Tempest,19,Common,sowsow,Basic,58,Pokémon,2022/11/11,"tcgplayer,cardmarket",https://prices.pokemontcg.io/tcgplayer/swsh12-19,https://images.pokemontcg.io/swsh12/19_hires.png,2026/08/08,2026/05/16,0.17,0.009999999776482582,0.20000000298023224,1000.0,,0.38,,,,0.0461,0.0231,0.0577,0.2768,0.11540000140666962,0.0577,0.0577,0.3807,0.2768,0.2884,1.1535,2026-08-09
swsh12-20,Arcanine,normal,Silver Tempest,20,Rare,OKACHEKE,Stage 1,59,Pokémon,2022/11/11,"tcgplayer,cardmarket",https://prices.pokemontcg.io/tcgplayer/swsh12-20,https://images.pokemontcg.io/swsh12/20_hires.png,2026/08/08,2026/05/16,0.24,0.009999999776482582,0.25,1000.0,,0.64,,,,0.1269,0.0231,0.1154,0.496,0.11540000140666962,0.1154,0.1269,0.2307,0.5883,0.4614,1.1535,2026-08-09
swsh12-21,Ponyta,normal,Silver Tempest,21,Common,Teeziro,Basic,77,Pokémon,2022/11/11,"tcgplayer,cardmarket",https://prices.pokemontcg.io/tcgplayer/swsh12-21,https://images.pokemontcg.io/swsh12/21_hires.png,2026/08/08,2026/05/14,0.06,0.009999999776482582,0.15000000596046448,1000.0,,0.29,,,,0.0346,0.0231,0.0346,0.2192,0.03460000082850456,0.0231,0.0346,0.1154,0.2768,0.1961,1.1535,2026-08-09
swsh12-22,Rapidash,holofoil,Silver Tempest,22,Rare Holo,Megumi Higuchi,Stage 1,78,Pokémon,2022/11/11,"tcgplayer,cardmarket",https://prices.pokemontcg.io/tcgplayer/swsh12-22,https://images.pokemontcg.io/swsh12/22_hires.png,2026/08/08,2026/05/11,0.29,0.009999999776482582,0.28999999165534973,19.979999542236328,,0.34,,,,0.4153,0.0577,0.3922,0.0,0.17299999296665192,0.3576,0.3922,0.0,0.0,0.0,1.1535,2026-08-09
swsh12-23,Victini,normal,Silver Tempest,23,Rare,GOSSAN,Basic,494,Pokémon,2022/11/11,"tcgplayer,cardmarket",https://prices.pokemontcg.io/tcgplayer/swsh12-23,https://images.pokemontcg.io/swsh12/23_hires.png,2026/08/08,2026/05/06,0.15,0.019999999552965164,0.20000000298023224,18.959999084472656,,0.34,,,,0.15,0.0231,0.1038,0.5767,0.1615000069141388,0.1038,0.1615,0.4729,0.5306,0.5075,1.1535,2026-08-09
swsh12-24,Reshiram V,holofoil,Silver Tempest,24,Rare Holo V,N-DESIGN Inc.,Basic|V,643,Pokémon,2022/11/11,"tcgplayer,cardmarket",https://prices.pokemontcg.io/tcgplayer/swsh12-24,https://images.pokemontcg.io/swsh12/24_hires.png,2026/08/08,2026/05/06,1.19,0.46000000834465027,1.190000057220459,17.239999771118164,,,,,,1.142,0.4037,1.3496,0.0,1.2919000387191772,1.2919,1.165,0.0,0.0,0.0,1.1535,2026-08-09
swsh12-25,Fennekin,normal,Silver Tempest,25,Common,ryoma uratsuka,Basic,653,Pokémon,2022/11/11,"tcgplayer,cardmarket",https://prices.pokemontcg.io/tcgplayer/swsh12-25,https://images.pokemontcg.io/swsh12/25_hires.png,2026/08/08,2026/05/06,0.08,0.009999999776482582,0.15000000596046448,1000.0,,0.23,,,,0.0461,0.0231,0.0692,0.2653,0.12690000236034393,0.0692,0.0577,0.2307,0.323,0.2422,1.1535,2026-08-09
swsh12-26,Braixen,normal,Silver Tempest,26,Uncommon,Ligton,Stage 1,654,Pokémon,2022/11/11,"tcgplayer,cardmarket",https://prices.pokemontcg.io/tcgplayer/swsh12-26,https://images.pokemontcg.io/swsh12/26_hires.png,2026/08/08,2026/03/11,0.16,0.009999999776482582,0.1599999964237213,19.979999542236328,,0.24,,,,0.0461,0.0231,0.0346,0.1961,0.03460000082850456,0.0346,0.0461,0.4614,0.2538,0.2076,1.1535,2026-08-09
swsh12-27,Delphox,normal,Silver Tempest,27,Rare,Uta,Stage 2,655,Pokémon,2022/11/11,"tcgplayer,cardmarket",https://prices.pokemontcg.io/tcgplayer/swsh12-27,https://images.pokemontcg.io/swsh12/27_hires.png,2026/08/08,2026/03/11,0.28,0.009999999776482582,0.25,1000.0,,0.42,,,,0.1384,0.0231,0.1384,0.3922,0.09229999780654907,0.1269,0.1384,0.173,0.4383,0.4037,1.1535,2026-08-09
swsh12-28,Fletchinder,normal,Silver Tempest,28,Uncommon,Narumi Sato,Stage 1,662,Pokémon,2022/11/11,"tcgplayer,cardmarket",https://prices.pokemontcg.io/tcgplayer/swsh12-28,https://images.pokemontcg.io/swsh12/28_hires.png,2026/08/08,2026/03/11,0.12,0.009999999776482582,0.15000000596046448,19.979999542236328,,0.17,,,,0.0346,0.0231,0.0346,0.1269,0.023099999874830246,0.0346,0.0346,0.1384,0.173,0.1384,1.1535,2026-08-09
swsh12-29,Talonflame,normal,Silver Tempest,29,Rare,KEIICHIRO ITO,Stage 2,663,Pokémon,2022/11/11,"tcgplayer,cardmarket",https://prices.pokemontcg.io/tcgplayer/swsh12-29,https://images.pokemontcg.io/swsh12/29_hires.png,2026/08/08,2026/03/09,0.18,0.009999999776482582,0.20000000298023224,4.0,,0.3,,,,0.0807,0.0231,0.0461,0.3345,0.04610000178217888,0.0923,0.0807,0.5767,0.2884,0.3345,1.1535,2026-08-09
swsh12-30,Litten,normal,Silver Tempest,30,Common,Narumi Sato,Basic,725,Pokémon,2022/11/11,"tcgplayer,cardmarket",https://prices.pokemontcg.io/tcgplayer/swsh12-30,https://images.pokemontcg.io/swsh12/30_hires.png,2026/08/08,2026/03/09,0.16,0.009999999776482582,0.17000000178813934,20.0,,0.34,,,,0.0461,0.0231,0.0231,0.1961,0.023099999874830246,0.0346,0.0461,0.1384,0.1961,0.2076,1.1535,2026-08-09
swsh12-31,Torracat,normal,Silver Tempest,31,Uncommon,GIDORA,Stage 1,726,Pokémon,2022/11/11,"tcgplayer,cardmarket",https://prices.pokemontcg.io/tcgplayer/swsh12-31,https://images.pokemontcg.io/swsh12/31_hires.png,2026/08/08,2026/03/09,0.09,0.009999999776482582,0.15000000596046448,1000.0,,0.24,,,,0.0461,0.0231,0.0346,0.1615,0.03460000082850456,0.0346,0.0461,0.0923,0.2076,0.1615,1.1535,2026-08-09
swsh12-32,Incineroar,normal,Silver Tempest,32,Rare,Hideki Ishikawa,Stage 2,727,Pokémon,2022/11/11,"tcgplayer,cardmarket",https://prices.pokemontcg.io/tcgplayer/swsh12-32,https://images.pokemontcg.io/swsh12/32_hires.png,2026/08/08,2026/03/08,0.27,0.05000000074505806,0.25,19.979999542236328,,0.44,,,,0.1038,0.0231,0.1154,0.7498,0.10379999876022339,0.1154,0.1038,0.1154,0.5883,0.6806,1.1535,2026-08-09
swsh12-33,Alolan Vulpix V,holofoil,Silver Tempest,33,Rare Holo V,Ryota Murayama,Basic|V,37,Pokémon,2022/11/11,"tcgplayer,cardmarket",https://prices.pokemontcg.io/tcgplayer/swsh12-33,https://images.pokemontcg.io/swsh12/33_hires.png,2026/08/08,2026/03/08,1.95,0.5,2.0,1000.0,,,,,,1.1074,0.2307,1.1074,0.0,0.853600025177002,1.1766,1.0728,0.0,0.0,0.0,1.1535,2026-08-09
swsh12-34,Alolan Vulpix VSTAR,holofoil,Silver Tempest,34,Rare Holo VSTAR,PLANETA Hiiragi,VSTAR,37,Pokémon,2022/11/11,"tcgplayer,cardmarket",https://prices.pokemontcg.io/tcgplayer/swsh12-34,https://images.pokemontcg.io/swsh12/34_hires.png,2026/08/08,2026/03/08,2.38,1.8300000429153442,2.75,96.94000244140625,,,,,,1.6264,0.4614,2.0302,0.0,1.3035000562667847,1.9956,1.638,0.0,0.0,0.0,1.1535,2026-08-09
swsh12-35,Omastar V,holofoil,Silver Tempest,35,Rare Holo V,Saki Hayashiro,Basic|V,139,Pokémon,2022/11/11,"tcgplayer,cardmarket",https://prices.pokemontcg.io/tcgplayer/swsh12-35,https://images.pokemontcg.io/swsh12/35_hires.png,2026/08/08,2026/02/22,0.96,0.5,1.0,19.260000228881836,,,,,,0.9228,0.1384,0.7728,0.0,0.9228000044822693,0.7152,0.9459,0.0,0.0,0.0,1.1535,2026-08-09
swsh12-36,Articuno,holofoil,Silver Tempest,36,Rare Holo,Naoyo Kimura,Basic,144,Pokémon,2022/11/11,"tcgplayer,cardmarket",https://prices.pokemontcg.io/tcgplayer/swsh12-36,https://images.pokemontcg.io/swsh12/36_hires.png,2026/08/08,2026/02/22,0.35,0.009999999776482582,0.3499999940395355,4.989999771118164,,0.51,,,,0.346,0.0231,0.323,0.5998,0.1615000069141388,0.2192,0.3345,0.2307,0.3922,0.5998,1.1535,2026-08-09
swsh12-37,Wailmer,normal,Silver Tempest,37,Common,Jiro Sasumo,Basic,320,Pokémon,2022/11/11,"tcgplayer,cardmarket",https://prices.pokemontcg.io/tcgplayer/swsh12-37,https://images.pokemontcg.io/swsh12/37_hires.png,2026/08/08,2026/02/22,0.09,0.009999999776482582,0.15000000596046448,2.990000009536743,,0.24,,,,0.0461,0.0231,0.0461,0.15,0.03460000082850456,0.0461,0.0461,0.2307,0.173,0.173,1.1535,2026-08-09
swsh12-38,Wailord,normal,Silver Tempest,38,Uncommon,Shinya Komatsu,Stage 1,321,Pokémon,2022/11/11,"tcgplayer,cardmarket",https://prices.pokemontcg.io/tcgplayer/swsh12-38,https://images.pokemontcg.io/swsh12/38_hires.png,2026/08/08,2026/02/22,0.14,0.009999999776482582,0.17000000178813934,1000.0,,0.25,,,,0.0577,0.0231,0.0461,0.15,0.04610000178217888,0.0461,0.0577,0.1154,0.1038,0.15,1.1535,2026-08-09
swsh12-39,Feebas,normal,Silver Tempest,39,Common,0313,Basic,349,Pokémon,2022/11/11,"tcgplayer,cardmarket",https://prices.pokemontcg.io/tcgplayer/swsh12-39,https://images.pokemontcg.io/swsh12/39_hires.png,2026/08/08,2026/02/22,0.14,0.009999999776482582,0.1599999964237213,19.979999542236328,,0.21,,,,0.0346,0.0231,0.0231,0.2538,0.023099999874830246,0.0231,0.0346,0.173,0.173,0.2192,1.1535,2026-08-09
swsh12-40,Milotic,normal,Silver Tempest,40,Rare,KEIICHIRO ITO,Stage 1,350,Pokémon,2022/11/11,"tcgplayer,cardmarket",https://prices.pokemontcg.io/tcgplayer/swsh12-40,https://images.pokemontcg.io/swsh12/40_hires.png,2026/08/08,2026/02/22,0.23,0.03999999910593033,0.23000000417232513,1000.0,,0.34,,,,0.0923,0.0231,0.0923,0.4499,0.05770000070333481,0.0923,0.0923,0.2768,0.3691,0.4383,1.1535,2026-08-09
swsh12-41,Snorunt,normal,Silver Tempest,41,Common,sui,Basic,361,Pokémon,2022/11/11,"tcgplayer,cardmarket",https://prices.pokemontcg.io/tcgplayer/swsh12-41,https://images.pokemontcg.io/swsh12/41_hires.png,2026/08/08,2026/02/19,0.09,0.009999999776482582,0.15000000596046448,1000.0,,0.25,,,,0.0577,0.0231,0.0692,0.173,0.08070000261068344,0.0807,0.0577,0.5767,0.1846,0.1846,1.1535,2026-08-09
swsh12-42,Glalie,normal,Silver Tempest,42,Uncommon,Scav,Stage 1,362,Pokémon,2022/11/11,"tcgplayer,cardmarket",https://prices.pokemontcg.io/tcgplayer/swsh12-42,https://images.pokemontcg.io/swsh12/42_hires.png,2026/08/08,2026/02/19,0.1,0.009999999776482582,0.15000000596046448,19.520000457763672,,0.2,,,,0.0692,0.0231,0.0461,0.1615,0.04610000178217888,0.0692,0.0692,0.1846,0.1269,0.173,1.1535,2026-08-09
swsh12-43,Froslass,normal,Silver Tempest,43,Rare,Taira Akitsu,Stage 1,478,Pokémon,2022/11/11,"tcgplayer,cardmarket",https://prices.pokemontcg.io/tcgplayer/swsh12-43,https://images.pokemontcg.io/swsh12/43_hires.png,2026/08/08,2026/02/19,0.19,0.009999999776482582,0.20999999344348907,1000.0,,0.55,,,,0.1269,0.0231,0.1038,0.4153,0.03460000082850456,0.0461,0.1269,0.4614,0.4614,0.3807,1.1535,2026-08-09
swsh12-44,Relicanth,normal,Silver Tempest,44,Common,SATOSHI NAKAI,Basic,369,Pokémon,2022/11/11,"tcgplayer,cardmarket",https://prices.pokemontcg.io/tcgplayer/swsh12-44,https://images.pokemontcg.io/swsh12/44_hires.png,2026/08/08,2026/02/19,0.02,0.009999999776482582,0.15000000596046448,19.979999542236328,,0.22,,,,0.0461,0.0231,0.0346,0.15,0.023099999874830246,0.0346,0.0461,0.2192,0.15,0.15,1.1535,2026-08-09
swsh12-45,Phione,normal,Silver Tempest,45,Rare,Jiro Sasumo,Basic,489,Pokémon,2022/11/11,"tcgplayer,cardmarket",https://prices.pokemontcg.io/tcgplayer/swsh12-45,https://images.pokemontcg.io/swsh12/45_hires.png,2026/08/08,2026/02/19,0.17,0.019999999552965164,0.20000000298023224,17.8799991607666,,0.36,,,,0.1038,0.0231,0.0692,0.4499,0.05770000070333481,0.1154,0.1038,0.3345,0.3114,0.4499,1.1535,2026-08-09
swsh12-46,Keldeo,normal,Silver Tempest,46,Rare,Atsushi Furusawa,Basic,647,Pokémon,2022/11/11,"tcgplayer,cardmarket",https://prices.pokemontcg.io/tcgplayer/swsh12-46,https://images.pokemontcg.io/swsh12/46_hires.png,2026/08/08,2026/02/19,0.14,0.019999999552965164,0.20000000298023224,19.540000915527344,,0.33,,,,0.1038,0.0231,0.1038,0.3114,0.04610000178217888,0.0577,0.1038,0.5767,0.3807,0.346,1.1535,2026-08-09
swsh12-47,Dewpider,normal,Silver Tempest,47,Common,Naoyo Kimura,Basic,751,Pokémon,2022/11/11,"tcgplayer,cardmarket",https://prices.pokemontcg.io/tcgplayer/swsh12-47,https://images.pokemontcg.io/swsh12/47_hires.png,2026/08/08,2026/02/04,0.05,0.009999999776482582,0.15000000596046448,20.0,,0.22,,,,0.0346,0.0231,0.0231,0.1961,0.023099999874830246,0.0231,0.0346,0.1154,0.1615,0.1846,1.1535,2026-08-09
swsh12-48,Araquanid,normal,Silver Tempest,48,Uncommon,DOM,Stage 1,752,Pokémon,2022/11/11,"tcgplayer,cardmarket",https://prices.pokemontcg.io/tcgplayer/swsh12-48,https://images.pokemontcg.io/swsh12/48_hires.png,2026/08/08,2026/02/01,0.05,0.009999999776482582,0.15000000596046448,19.979999542236328,,0.17,,,,0.0461,0.0231,0.0461,0.173,0.03460000082850456,0.0346,0.0461,0.2422,0.173,0.173,1.1535,2026-08-09
swsh12-49,Pikachu,normal,Silver Tempest,49,Common,Souichirou Gunjima,Basic,25,Pokémon,2022/11/11,"tcgplayer,cardmarket",https://prices.pokemontcg.io/tcgplayer/swsh12-49,https://images.pokemontcg.io/swsh12/49_hires.png,2026/08/08,2026/02/01,0.45,0.03999999910593033,0.44999998807907104,20.0,,1.4,,,,0.0923,0.0231,0.1154,0.5537,0.04610000178217888,0.0692,0.1154,0.1154,0.1961,0.5075,1.1535,2026-08-09
swsh12-50,Raichu,normal,Silver Tempest,50,Uncommon,Megumi Mizutani,Stage 1,26,Pokémon,2022/11/11,"tcgplayer,cardmarket",https://prices.pokemontcg.io/tcgplayer/swsh12-50,https://images.pokemontcg.io/swsh12/50_hires.png,2026/08/08,2026/02/01,0.23,0.029999999329447746,0.2199999988079071,1000.0,,0.35,,,,0.0807,0.0231,0.0807,0.2884,0.03460000082850456,0.0923,0.0807,0.2999,0.2653,0.2768,1.1535,2026-08-09
swsh12-51,Chinchou,normal,Silver Tempest,51,Common,Miki Tanaka,Basic,170,Pokémon,2022/11/11,"tcgplayer,cardmarket",https://prices.pokemontcg.io/tcgplayer/swsh12-51,https://images.pokemontcg.io/swsh12/51_hires.png,2026/08/08,2026/02/01,0.06,0.009999999776482582,0.15000000596046448,19.979999542236328,,0.2,,,,0.0346,0.0231,0.0461,0.1269,0.04610000178217888,0.0461,0.0346,0.2192,0.15,0.1269,1.1535,2026-08-09
swsh12-52,Lanturn,normal,Silver Tempest,52,Uncommon,aoki,Stage 1,171,Pokémon,2022/11/11,"tcgplayer,cardmarket",https://prices.pokemontcg.io/tcgplayer/swsh12-52,https://images.pokemontcg.io/swsh12/52_hires.png,2026/08/08,2026/02/01,0.05,0.009999999776482582,0.15000000596046448,19.979999542236328,,0.19,,,,0.0346,0.0231,0.0461,0.1615,0.023099999874830246,0.0461,0.0346,0.0577,0.15,0.1615,1.1535,2026-08-09
swsh12-53,Rotom,normal,Silver Tempest,53,Common,Taira Akitsu,Basic,479,Pokémon,2022/11/11,"tcgplayer,cardmarket",https://prices.pokemontcg.io/tcgplayer/swsh12-53,https://images.pokemontcg.io/swsh12/53_hires.png,2026/08/08,2026/02/01,0.06,0.009999999776482582,0.15000000596046448,19.979999542236328,,0.17,,,,0.0346,0.0231,0.0461,0.15,0.03460000082850456,0.0346,0.0346,0.1154,0.1384,0.15,1.1535,2026-08-09
swsh12-54,Emolga,normal,Silver Tempest,54,Common,sowsow,Basic,587,Pokémon,2022/11/11,"tcgplayer,cardmarket",https://prices.pokemontcg.io/tcgplayer/swsh12-54,https://images.pokemontcg.io/swsh12/54_hires.png,2026/08/08,2026/02/01,0.09,0.009999999776482582,0.15000000596046448,19.979999542236328,,0.27,,,,0.0461,0.0231,0.0346,0.1961,0.05770000070333481,0.0577,0.0461,0.4499,0.1846,0.2076,1.1535,2026-08-09
swsh12-55,Stunfisk,normal,Silver Tempest,55,Common,Shinji Kanda,Basic,618,Pokémon,2022/11/11,"tcgplayer,cardmarket",https://prices.pokemontcg.io/tcgplayer/swsh12-55,https://images.pokemontcg.io/swsh12/55_hires.png,2026/08/08,2026/02/01,0.17,0.009999999776482582,0.1899999976158142,420.0,,0.33,,,,0.0577,0.0231,0.0577,0.2307,0.03460000082850456,0.0461,0.0577,0.2653,0.2653,0.2422,1.1535,2026-08-09
swsh12-56,Zeraora,normal,Silver Tempest,56,Rare,GOSSAN,Basic,807,Pokémon,2022/11/11,"tcgplayer,cardmarket",https://prices.pokemontcg.io/tcgplayer/swsh12-56,https://images.pokemontcg.io/swsh12/56_hires.png,2026/08/08,2026/02/01,0.21,0.03999999910593033,0.2199999988079071,18.780000686645508,,0.41,,,,0.1269,0.0231,0.0807,0.4268,0.11540000140666962,0.0692,0.1269,2.1801,0.5075,0.4845,1.1535,2026-08-09
swsh12-57,Regieleki V,holofoil,Silver Tempest,57,Rare Holo V,Eske Yoshinob,Basic|V,894,Pokémon,2022/11/11,"tcgplayer,cardmarket",https://prices.pokemontcg.io/tcgplayer/swsh12-57,https://images.pokemontcg.io/swsh12/57_hires.png,2026/08/08,2026/02/01,0.7,0.25,0.9800000190734863,75.0,,,,,,0.7613,0.0923,0.6806,0.0,0.6460000276565552,0.7036,0.7498,0.0,0.0,0.0,1.1535,2026-08-09
swsh12-58,Regieleki VMAX,holofoil,Silver Tempest,58,Rare Holo VMAX,N-DESIGN Inc.,VMAX,894,Pokémon,2022/11/11,"tcgplayer,cardmarket",https://prices.pokemontcg.io/tcgplayer/swsh12-58,https://images.pokemontcg.io/swsh12/58_hires.png,2026/08/08,2026/02/01,1.32,0.6899999976158142,1.590000033378601,17.399999618530273,,,,,,1.0843,0.173,1.1189,0.0,1.118899941444397,1.0612,1.0612,0.0,0.0,0.0,1.1535,2026-08-09
swsh12-59,Radiant Alakazam,holofoil,Silver Tempest,59,Radiant Rare,Akira Komayama,Basic|Radiant,65,Pokémon,2022/11/11,"tcgplayer,cardmarket",https://prices.pokemontcg.io/tcgplayer/swsh12-59,https://images.pokemontcg.io/swsh12/59_hires.png,2026/08/08,2026/02/01,1.92,1.0,2.0,14.979999542236328,,,,,,0.9689,0.2192,1.0151,0.0,1.0612000226974487,1.0035,1.0035,0.0,0.0,0.0,1.1535,2026-08-09
swsh12-60,Drowzee,normal,Silver Tempest,60,Common,Souichirou Gunjima,Basic,96,Pokémon,2022/11/11,"tcgplayer,cardmarket",https://prices.pokemontcg.io/tcgplayer/swsh12-60,https://images.pokemontcg.io/swsh12/60_hires.png,2026/08/08,2026/02/01,0.05,0.009999999776482582,0.15000000596046448,1000.0,,0.27,,,,0.0346,0.0231,0.0461,0.2999,0.04610000178217888,0.0461,0.0461,0.0577,0.2653,0.2999,1.1535,2026-08-09
swsh12-61,Hypno,normal,Silver Tempest,61,Uncommon,Shinji Kanda,Stage 1,97,Pokémon,2022/11/11,"tcgplayer,cardmarket",https://prices.pokemontcg.io/tcgplayer/swsh12-61,https://images.pokemontcg.io/swsh12/61_hires.png,2026/08/08,2026/02/01,0.21,0.009999999776482582,0.23000000417232513,19.979999542236328,,1.08,,,,0.0807,0.0231,0.0577,0.3922,0.05770000070333481,0.0577,0.0692,0.3691,0.4383,0.4037,1.1535,2026-08-09
swsh12-62,Jynx,normal,Silver Tempest,62,Uncommon,Tomokazu Komiya,Basic,124,Pokémon,2022/11/11,"tcgplayer,cardmarket",https://prices.pokemontcg.io/tcgplayer/swsh12-62,https://images.pokemontcg.io/swsh12/62_hires.png,2026/08/08,2026/02/01,0.2,0.009999999776482582,0.20000000298023224,19.979999542236328,,0.28,,,,0.0807,0.0231,0.0692,0.2422,0.05770000070333481,0.0807,0.0692,0.346,0.2884,0.2422,1.1535,2026-08-09
swsh12-63,Misdreavus,normal,Silver Tempest,63,Common,HYOGONOSUKE,Basic,200,Pokémon,2022/11/11,"tcgplayer,cardmarket",https://prices.pokemontcg.io/tcgplayer/swsh12-63,https://images.pokemontcg.io/swsh12/63_hires.png,2026/08/08,2026/02/01,0.1,0.009999999776482582,0.15000000596046448,19.979999542236328,,0.19,,,,0.0346,0.0231,0.0346,0.173,0.03460000082850456,0.0346,0.0346,0.173,0.1384,0.173,1.1535,2026-08-09
swsh12-64,Mismagius,normal,Silver Tempest,64,Rare,kawayoo,Stage 1,429,Pokémon,2022/11/11,"tcgplayer,cardmarket",https://prices.pokemontcg.io/tcgplayer/swsh12-64,https://images.pokemontcg.io/swsh12/64_hires.png,2026/08/08,2026/01/19,0.23,0.029999999329447746,0.23000000417232513,20.0,,0.38,,,,0.1384,0.0231,0.1384,0.4614,0.17299999296665192,0.15,0.1269,0.2653,0.323,0.4499,1.1535,2026-08-09
swsh12-65,Unown V,holofoil,Silver Tempest,65,Rare Holo V,N-DESIGN Inc.,Basic|V,201,Pokémon,2022/11/11,"tcgplayer,cardmarket",https://prices.pokemontcg.io/tcgplayer/swsh12-65,https://images.pokemontcg.io/swsh12/65_hires.png,2026/08/08,2026/01/19,0.85,0.5,1.0,12.0,,,,,,0.8767,0.1384,0.819,0.0,1.003499984741211,0.819,0.8536,0.0,0.0,0.0,1.1535,2026-08-09
swsh12-66,Unown VSTAR,holofoil,Silver Tempest,66,Rare Holo VSTAR,PLANETA Mochizuki,VSTAR,201,Pokémon,2022/11/11,"tcgplayer,cardmarket",https://prices.pokemontcg.io/tcgplayer/swsh12-66,https://images.pokemontcg.io/swsh12/66_hires.png,2026/08/08,2026/01/19,1.58,0.949999988079071,1.9500000476837158,14.130000114440918,,,,,,1.3496,0.346,1.0728,0.0,0.8766999840736389,1.2804,1.3381,0.0,0.0,0.0,1.1535,2026-08-09
swsh12-67,Ralts,normal,Silver Tempest,67,Common,Nagomi Nijo,Basic,280,Pokémon,2022/11/11,"tcgplayer,cardmarket",https://prices.pokemontcg.io/tcgplayer/swsh12-67,https://images.pokemontcg.io/swsh12/67_hires.png,2026/08/08,2026/01/19,0.09,0.009999999776482582,0.15000000596046448,20.0,,0.19,,,,0.0461,0.0231,0.0346,0.2307,0.03460000082850456,0.0346,0.0461,0.1384,0.2307,0.2307,1.1535,2026-08-09
swsh12-68,Kirlia,normal,Silver Tempest,68,Uncommon,Yukiko Baba,Stage 1,281,Pokémon,2022/11/11,"tcgplayer,cardmarket",https://prices.pokemontcg.io/tcgplayer/swsh12-68,https://images.pokemontcg.io/swsh12/68_hires.png,2026/08/08,2026/01/19,0.19,0.03999999910593033,0.20000000298023224,20.0,,0.39,,,,0.0577,0.0231,0.0692,0.3114,0.1615000069141388,0.0923,0.0577,0.346,0.3691,0.2999,1.1535,2026-08-09
swsh12-69,Gardevoir,normal,Silver Tempest,69,Rare,Mitsuhiro Arita,Stage 2,282,Pokémon,2022/11/11,"tcgplayer,cardmarket",https://prices.pokemontcg.io/tcgplayer/swsh12-69,https://images.pokemontcg.io/swsh12/69_hires.png,2026/08/08,2026/01/19,0.25,0.05000000074505806,0.25999999046325684,49.0,,0.66,,,,0.173,0.0231,0.1384,0.6344,0.13840000331401825,0.1384,0.1615,0.346,0.669,0.6344,1.1535,2026-08-09
swsh12-70,Mawile V,holofoil,Silver Tempest,70,Rare Holo V,takuyoa,Basic|V,303,Pokémon,2022/11/11,"tcgplayer,cardmarket",https://prices.pokemontcg.io/tcgplayer/swsh12-70,https://images.pokemontcg.io/swsh12/70_hires.png,2026/08/08,2026/01/19,0.83,0.3499999940395355,0.9800000190734863,16.860000610351562,,,,,,0.7613,0.1154,0.5191,0.0,1.1303999423980713,0.7036,0.7613,0.0,0.0,0.0,1.1535,2026-08-09
swsh12-71,Mawile VSTAR,holofoil,Silver Tempest,71,Rare Holo VSTAR,PLANETA Mochizuki,VSTAR,303,Pokémon,2022/11/11,"tcgplayer,cardmarket",https://prices.pokemontcg.io/tcgplayer/swsh12-71,https://images.pokemontcg.io/swsh12/71_hires.png,2026/08/08,2026/01/19,1.23,0.7200000286102295,1.4600000381469727,12.949999809265137,,,,,,1.0958,0.2307,0.819,0.0,0.5882999897003174,0.8882,1.0497,0.0,0.0,0.0,1.1535,2026-08-09
swsh12-72,Meditite,normal,Silver Tempest,72,Common,Jiro Sasumo,Basic,307,Pokémon,2022/11/11,"tcgplayer,cardmarket",https://prices.pokemontcg.io/tcgplayer/swsh12-72,https://images.pokemontcg.io/swsh12/72_hires.png,2026/08/08,2026/01/19,0.05,0.009999999776482582,0.15000000596046448,19.979999542236328,,0.17,,,,0.0461,0.0231,0.0577,0.1615,0.05770000070333481,0.0346,0.0346,0.1154,0.1846,0.1961,1.1535,2026-08-09
swsh12-73,Medicham,holofoil,Silver Tempest,73,Rare Holo,Aya Kusube,Stage 1,308,Pokémon,2022/11/11,"tcgplayer,cardmarket",https://prices.pokemontcg.io/tcgplayer/swsh12-73,https://images.pokemontcg.io/swsh12/73_hires.png,2026/08/08,2026/01/19,0.22,0.019999999552965164,0.23999999463558197,19.979999542236328,,0.24,,,,0.2422,0.0231,0.2538,0.4153,0.5651999711990356,0.3691,0.2422,0.1961,0.2884,0.3807,1.1535,2026-08-09
swsh12-74,Chimecho,normal,Silver Tempest,74,Common,Naoyo Kimura,Basic,358,Pokémon,2022/11/11,"tcgplayer,cardmarket",https://prices.pokemontcg.io/tcgplayer/swsh12-74,https://images.pokemontcg.io/swsh12/74_hires.png,2026/08/08,2026/01/19,0.03,0.009999999776482582,0.15000000596046448,19.979999542236328,,0.25,,,,0.0346,0.0231,0.0461,0.2422,0.06920000165700912,0.0461,0.0346,0.2307,0.2768,0.2422,1.1535,2026-08-09
swsh12-75,Sigilyph,normal,Silver Tempest,75,Uncommon,Yuya Oka,Basic,561,Pokémon,2022/11/11,"tcgplayer,cardmarket",https://prices.pokemontcg.io/tcgplayer/swsh12-75,https://images.pokemontcg.io/swsh12/75_hires.png,2026/08/08,2026/01/19,0.05,0.009999999776482582,0.15000000596046448,19.979999542236328,,0.29,,,,0.0461,0.0231,0.0577,0.3114,0.05770000070333481,0.0346,0.0461,0.1154,0.1961,0.2884,1.1535,2026-08-09
swsh12-76,Solosis,normal,Silver Tempest,76,Common,Ligton,Basic,577,Pokémon,2022/11/11,"tcgplayer,cardmarket",https://prices.pokemontcg.io/tcgplayer/swsh12-76,https://images.pokemontcg.io/swsh12/76_hires.png,2026/08/08,2026/01/19,0.17,0.009999999776482582,0.17000000178813934,19.979999542236328,,0.22,,,,0.0346,0.0231,0.0346,0.1615,0.05770000070333481,0.0461,0.0346,0.15,0.173,0.1615,1.1535,2026-08-09
swsh12-77,Duosion,normal,Silver Tempest,77,Uncommon,Pani Kobayashi,Stage 1,578,Pokémon,2022/11/11,"tcgplayer,cardmarket",https://prices.pokemontcg.io/tcgplayer/swsh12-77,https://images.pokemontcg.io/swsh12/77_hires.png,2026/08/08,2026/01/19,0.09,0.009999999776482582,0.15000000596046448,19.979999542236328,,0.28,,,,0.0461,0.0231,0.0692,0.15,0.06920000165700912,0.0692,0.0461,0.2884,0.1384,0.15,1.1535,2026-08-09
swsh12-78,Reuniclus,holofoil,Silver Tempest,78,Rare Holo,Masakazu Fukuda,Stage 2,579,Pokémon,2022/11/11,"tcgplayer,cardmarket",https://prices.pokemontcg.io/tcgplayer/swsh12-78,https://images.pokemontcg.io/swsh12/78_hires.png,2026/08/08,2026/01/19,0.22,0.05000000074505806,0.25,19.979999542236328,,0.38,,,,0.2768,0.0231,0.15,0.3807,0.17299999296665192,0.2768,0.2538,0.1615,0.4268,0.4037,1.1535,2026-08-09
swsh12-79,Elgyem,normal,Silver Tempest,79,Common,Shigenori Negishi,Basic,605,Pokémon,2022/11/11,"tcgplayer,cardmarket",https://prices.pokemontcg.io/tcgplayer/swsh12-79,https://images.pokemontcg.io/swsh12/79_hires.png,2026/08/08,2026/01/19,0.04,0.009999999776482582,0.15000000596046448,24.0,,0.27,,,,0.0346,0.0231,0.0346,0.346,0.04610000178217888,0.0346,0.0346,0.1384,0.3345,0.3807,1.1535,2026-08-09
swsh12-80,Beheeyem,normal,Silver Tempest,80,Uncommon,Shinji Kanda,Stage 1,606,Pokémon,2022/11/11,"tcgplayer,cardmarket",https://prices.pokemontcg.io/tcgplayer/swsh12-80,https://images.pokemontcg.io/swsh12/80_hires.png,2026/08/08,2026/01/19,0.18,0.009999999776482582,0.20000000298023224,20.0,,0.55,,,,0.0807,0.0231,0.0577,0.3691,0.06920000165700912,0.0692,0.0807,0.5767,0.3114,0.3691,1.1535,2026-08-09
swsh12-81,Espurr,normal,Silver Tempest,81,Common,Asako Ito,Basic,677,Pokémon,2022/11/11,"tcgplayer,cardmarket",https://prices.pokemontcg.io/tcgplayer/swsh12-81,https://images.pokemontcg.io/swsh12/81_hires.png,2026/08/08,2026/01/19,0.28,0.009999999776482582,0.2800000011920929,19.799999237060547,,0.52,,,,0.0577,0.0231,0.0577,0.1846,0.08070000261068344,0.0577,0.0577,0.2307,0.1846,0.2076,1.1535,2026-08-09
swsh12-82,Meowstic,normal,Silver Tempest,82,Uncommon,Taira Akitsu,Stage 1,678,Pokémon,2022/11/11,"tcgplayer,cardmarket",https://prices.pokemontcg.io/tcgplayer/swsh12-82,https://images.pokemontcg.io/swsh12/82_hires.png,2026/08/08,2026/01/16,0.23,0.009999999776482582,0.2199999988079071,19.979999542236328,,0.21,,,,0.0577,0.0231,0.0692,0.2538,0.04610000178217888,0.0577,0.0577,0.173,0.2538,0.2307,1.1535,2026-08-09
swsh12-83,Swirlix,normal,Silver Tempest,83,Common,Asako Ito,Basic,684,Pokémon,2022/11/11,"tcgplayer,cardmarket",https://prices.pokemontcg.io/tcgplayer/swsh12-83,https://images.pokemontcg.io/swsh12/83_hires.png,2026/08/08,2026/01/16,0.24,0.029999999329447746,0.25,20.0,,0.4,,,,0.0461,0.0231,0.0577,0.2307,0.04610000178217888,0.0692,0.0461,0.0577,0.173,0.2192,1.1535,2026-08-09
swsh12-84,Slurpuff,normal,Silver Tempest,84,Uncommon,Mizue,Stage 1,685,Pokémon,2022/11/11,"tcgplayer,cardmarket",https://prices.pokemontcg.io/tcgplayer/swsh12-84,https://images.pokemontcg.io/swsh12/84_hires.png,2026/08/08,2026/01/16,0.09,0.009999999776482582,0.1599999964237213,19.979999542236328,,0.26,,,,0.0461,0.0231,0.0807,0.2192,0.04610000178217888,0.0807,0.0577,0.1961,0.2538,0.1961,1.1535,2026-08-09
swsh12-85,Dedenne,normal,Silver Tempest,85,Uncommon,Shiburingaru,Basic,702,Pokémon,2022/11/11,"tcgplayer,cardmarket",https://prices.pokemontcg.io/tcgplayer/swsh12-85,https://images.pokemontcg.io/swsh12/85_hires.png,2026/08/08,2026/01/16,0.19,0.009999999776482582,0.20000000298023224,19.979999542236328,,0.31,,,,0.0807,0.0231,0.0577,0.2653,0.08070000261068344,0.0577,0.0692,0.2307,0.3114,0.2422,1.1535,2026-08-09
swsh12-86,Indeedee,normal,Silver Tempest,86,Common,kodama,Basic,876,Pokémon,2022/11/11,"tcgplayer,cardmarket",https://prices.pokemontcg.io/tcgplayer/swsh12-86,https://images.pokemontcg.io/swsh12/86_hires.png,2026/08/08,2026/01/16,0.04,0.009999999776482582,0.15000000596046448,20.0,,0.24,,,,0.0346,0.0231,0.0461,0.15,0.05770000070333481,0.0577,0.0346,0.1154,0.15,0.1615,1.1535,2026-08-09
swsh12-87,Dreepy,normal,Silver Tempest,87,Common,Tomokazu Komiya,Basic,885,Pokémon,2022/11/11,"tcgplayer,cardmarket",https://prices.pokemontcg.io/tcgplayer/swsh12-87,https://images.pokemontcg.io/swsh12/87_hires.png,2026/08/08,2026/01/16,0.2,0.009999999776482582,0.20000000298023224,1000.0,,0.34,,,,0.0692,0.0231,0.0692,0.2076,0.04610000178217888,0.0692,0.0692,0.1961,0.2192,0.2192,1.1535,2026-08-09
swsh12-88,Drakloak,normal,Silver Tempest,88,Uncommon,kurumitsu,Stage 1,886,Pokémon,2022/11/11,"tcgplayer,cardmarket",https://prices.pokemontcg.io/tcgplayer/swsh12-88,https://images.pokemontcg.io/swsh12/88_hires.png,2026/08/08,2026/01/16,0.05,0.009999999776482582,0.15000000596046448,19.979999542236328,,0.24,,,,0.0692,0.0231,0.0923,0.173,0.05770000070333481,0.1384,0.0577,0.0346,0.1961,0.1615,1.1535,2026-08-09
swsh12-89,Dragapult,holofoil,Silver Tempest,89,Rare Holo,Teeziro,Stage 2,887,Pokémon,2022/11/11,"tcgplayer,cardmarket",https://prices.pokemontcg.io/tcgplayer/swsh12-89,https://images.pokemontcg.io/swsh12/89_hires.png,2026/08/08,2026/01/16,0.33,0.009999999776482582,0.3100000023841858,25.0,,0.4,,,,0.2192,0.0231,0.2422,0.8074,0.57669997215271,0.2307,0.2192,0.3576,0.5883,0.6229,1.1535,2026-08-09
swsh12-90,Hisuian Arcanine V,holofoil,Silver Tempest,90,Rare Holo V,5ban Graphics,Basic|V,59,Pokémon,2022/11/11,"tcgplayer,cardmarket",https://prices.pokemontcg.io/tcgplayer/swsh12-90,https://images.pokemontcg.io/swsh12/90_hires.png,2026/08/08,2026/01/16,0.85,0.5,1.0299999713897705,99.0,,,,,,0.9113,0.2307,0.9228,0.0,0.8421000242233276,0.7844,0.9228,0.0,0.0,0.0,1.1535,2026-08-09
swsh12-91,Phanpy,normal,Silver Tempest,91,Common,Naoyo Kimura,Basic,231,Pokémon,2022/11/11,"tcgplayer,cardmarket",https://prices.pokemontcg.io/tcgplayer/swsh12-91,https://images.pokemontcg.io/swsh12/91_hires.png,2026/08/08,2026/01/16,0.13,0.009999999776482582,0.15000000596046448,19.979999542236328,,0.14,,,,0.0346,0.0231,0.0231,0.173,0.023099999874830246,0.0231,0.0346,0.0231,0.15,0.1615,1.1535,2026-08-09
swsh12-92,Donphan,normal,Silver Tempest,92,Uncommon,Anesaki Dynamic,Stage 1,232,Pokémon,2022/11/11,"tcgplayer,cardmarket",https://prices.pokemontcg.io/tcgplayer/swsh12-92,https://images.pokemontcg.io/swsh12/92_hires.png,2026/08/08,2026/01/16,0.04,0.009999999776482582,0.15000000596046448,19.979999542236328,,0.18,,,,0.0577,0.0231,0.0692,0.1961,0.03460000082850456,0.0692,0.0577,0.0231,0.1846,0.1961,1.1535,2026-08-09
swsh12-93,Baltoy,normal,Silver Tempest,93,Common,Yuka Morii,Basic,343,Pokémon,2022/11/11,"tcgplayer,cardmarket",https://prices.pokemontcg.io/tcgplayer/swsh12-93,https://images.pokemontcg.io/swsh12/93_hires.png,2026/08/08,2026/01/16,0.19,0.009999999776482582,0.20000000298023224,20.0,,0.4,,,,0.0346,0.0231,0.0346,0.2076,0.05770000070333481,0.0231,0.0346,0.1615,0.2307,0.2076,1.1535,2026-08-09
swsh12-94,Claydol,normal,Silver Tempest,94,Uncommon,Nisota Niso,Stage 1,344,Pokémon,2022/11/11,"tcgplayer,cardmarket",https://prices.pokemontcg.io/tcgplayer/swsh12-94,https://images.pokemontcg.io/swsh12/94_hires.png,2026/08/08,2026/01/16,0.03,0.009999999776482582,0.15000000596046448,19.979999542236328,,0.19,,,,0.0461,0.0231,0.0461,0.2076,0.03460000082850456,0.0461,0.0461,0.2307,0.1384,0.2076,1.1535,2026-08-09
swsh12-95,Anorith,normal,Silver Tempest,95,Uncommon,Mitsuhiro Arita,Stage 1,347,Pokémon,2022/11/11,"tcgplayer,cardmarket",https://prices.pokemontcg.io/tcgplayer/swsh12-95,https://images.pokemontcg.io/swsh12/95_hires.png,2026/08/08,2026/01/16,0.15,0.009999999776482582,0.17000000178813934,20.0,,0.22,,,,0.0807,0.0231,0.1384,0.2538,0.3230000138282776,0.0923,0.0807,0.1154,0.3114,0.2538,1.1535,2026-08-09
swsh12-96,Armaldo,normal,Silver Tempest,96,Rare,Souichirou Gunjima,Stage 2,348,Pokémon,2022/11/11,"tcgplayer,cardmarket",https://prices.pokemontcg.io/tcgplayer/swsh12-96,https://images.pokemontcg.io/swsh12/96_hires.png,2026/08/08,2026/01/16,0.27,0.05000000074505806,0.25999999046325684,30.0,,0.45,,,,0.15,0.0231,0.1384,0.6114,0.12690000236034393,0.173,0.15,0.5767,0.5998,0.5537,1.1535,2026-08-09
swsh12-97,Terrakion,holofoil,Silver Tempest,97,Rare Holo,nagimiso,Basic,639,Pokémon,2022/11/11,"tcgplayer,cardmarket",https://prices.pokemontcg.io/tcgplayer/swsh12-97,https://images.pokemontcg.io/swsh12/97_hires.png,2026/08/08,2026/01/16,0.25,0.07999999821186066,0.25,19.280000686645508,,0.34,,,,0.2768,0.0231,0.2538,0.5537,0.23070000112056732,0.2884,0.2653,1.0958,0.7728,0.496,1.1535,2026-08-09
swsh12-98,Hawlucha,normal,Silver Tempest,98,Common,Teeziro,Basic,701,Pokémon,2022/11/11,"tcgplayer,cardmarket",https://prices.pokemontcg.io/tcgplayer/swsh12-98,https://images.pokemontcg.io/swsh12/98_hires.png,2026/08/08,2026/01/16,0.07,0.009999999776482582,0.15000000596046448,19.979999542236328,,0.21,,,,0.0346,0.0231,0.0461,0.1846,0.03460000082850456,0.0346,0.0461,0.1269,0.15,0.1846,1.1535,2026-08-09
swsh12-99,Sandygast,normal,Silver Tempest,99,Common,Sekio,Basic,769,Pokémon,2022/11/11,"tcgplayer,cardmarket",https://prices.pokemontcg.io/tcgplayer/swsh12-99,https://images.pokemontcg.io/swsh12/99_hires.png,2026/08/08,2026/01/16,0.07,0.009999999776482582,0.15000000596046448,19.979999542236328,,0.1,,,,0.0461,0.0231,0.0461,0.1846,0.05770000070333481,0.0346,0.0461,0.1269,0.173,0.1846,1.1535,2026-08-09
swsh12-100,Palossand,normal,Silver Tempest,100,Uncommon,sui,Stage 1,770,Pokémon,2022/11/11,"tcgplayer,cardmarket",https://prices.pokemontcg.io/tcgplayer/swsh12-100,https://images.pokemontcg.io/swsh12/100_hires.png,2026/08/08,2026/01/16,0.04,0.009999999776482582,0.15000000596046448,19.979999542236328,,0.21,,,,0.0461,0.0231,0.0692,0.173,0.03460000082850456,0.0461,0.0577,0.2307,0.2538,0.173,1.1535,2026-08-09
swsh12-101,Stonjourner,normal,Silver Tempest,101,Uncommon,Hataya,Basic,874,Pokémon,2022/11/11,"tcgplayer,cardmarket",https://prices.pokemontcg.io/tcgplayer/swsh12-101,https://images.pokemontcg.io/swsh12/101_hires.png,2026/08/08,2026/01/16,0.07,0.009999999776482582,0.15000000596046448,19.979999542236328,,0.2,,,,0.0346,0.0231,0.0346,0.173,0.03460000082850456,0.0231,0.0346,0.2076,0.1961,0.1961,1.1535,2026-08-09
swsh12-102,Ursaluna V,holofoil,Silver Tempest,102,Rare Holo V,5ban Graphics,Basic|V,901,Pokémon,2022/11/11,"tcgplayer,cardmarket",https://prices.pokemontcg.io/tcgplayer/swsh12-102,https://images.pokemontcg.io/swsh12/102_hires.png,2026/08/08,2026/01/16,0.74,0.2199999988079071,0.9700000286102295,18.299999237060547,,,,,,0.7498,0.0231,0.6114,0.0,0.57669997215271,0.5421,0.7498,0.0,0.0,0.0,1.1535,2026-08-09
swsh12-103,Zubat,normal,Silver Tempest,103,Common,Shigenori Negishi,Basic,41,Pokémon,2022/11/11,"tcgplayer,cardmarket",https://prices.pokemontcg.io/tcgplayer/swsh12-103,https://images.pokemontcg.io/swsh12/103_hires.png,2026/08/08,2025/12/12,0.05,0.009999999776482582,0.15000000596046448,1000.0,,0.31,,,,0.0461,0.0231,0.0577,0.1615,0.03460000082850456,0.0346,0.0461,0.1961,0.1384,0.1615,1.1535,2026-08-09
swsh12-104,Golbat,normal,Silver Tempest,104,Uncommon,Anesaki Dynamic,Stage 1,42,Pokémon,2022/11/11,"tcgplayer,cardmarket",https://prices.pokemontcg.io/tcgplayer/swsh12-104,https://images.pokemontcg.io/swsh12/104_hires.png,2026/08/08,2025/12/07,0.14,0.009999999776482582,0.15000000596046448,19.979999542236328,,0.19,,,,0.0461,0.0231,0.0577,0.1615,0.03460000082850456,0.0577,0.0461,0.3345,0.1615,0.15,1.1535,2026-08-09
swsh12-105,Crobat,holofoil,Silver Tempest,105,Rare Holo,Yuya Oka,Stage 2,169,Pokémon,2022/11/11,"tcgplayer,cardmarket",https://prices.pokemontcg.io/tcgplayer/swsh12-105,https://images.pokemontcg.io/swsh12/105_hires.png,2026/08/08,2025/12/07,0.31,0.05000000074505806,0.3100000023841858,55.0,,0.42,,,,0.2192,0.0231,0.2307,0.5767,0.05770000070333481,0.2307,0.2076,0.5652,0.6806,0.5191,1.1535,2026-08-09
swsh12-106,Murkrow,normal,Silver Tempest,106,Common,Ligton,Basic,198,Pokémon,2022/11/11,"tcgplayer,cardmarket",https://prices.pokemontcg.io/tcgplayer/swsh12-106,https://images.pokemontcg.io/swsh12/106_hires.png,2026/08/08,2025/12/07,0.09,0.009999999776482582,0.15000000596046448,20.0,,0.33,,,,0.0346,0.0231,0.0231,0.2768,0.023099999874830246,0.0231,0.0346,0.0461,0.2538,0.2884,1.1535,2026-08-09
swsh12-107,Honchkrow,normal,Silver Tempest,107,Uncommon,aoki,Stage 1,430,Pokémon,2022/11/11,"tcgplayer,cardmarket",https://prices.pokemontcg.io/tcgplayer/swsh12-107,https://images.pokemontcg.io/swsh12/107_hires.png,2026/08/08,2025/12/07,0.05,0.009999999776482582,0.15000000596046448,1000.0,,0.27,,,,0.0461,0.0231,0.0346,0.2076,0.06920000165700912,0.0577,0.0461,0.1961,0.1846,0.1846,1.1535,2026-08-09
swsh12-108,Skuntank V,holofoil,Silver Tempest,108,Rare Holo V,MUGENUP,Basic|V,435,Pokémon,2022/11/11,"tcgplayer,cardmarket",https://prices.pokemontcg.io/tcgplayer/swsh12-108,https://images.pokemontcg.io/swsh12/108_hires.png,2026/08/08,2025/12/07,0.83,0.07999999821186066,0.9399999976158142,16.860000610351562,,,,,,0.7959,0.0577,0.8421,0.0,0.945900022983551,0.819,0.7959,0.0,0.0,0.0,1.1535,2026-08-09
swsh12-109,Croagunk,normal,Silver Tempest,109,Common,Shin Nagasawa,Basic,453,Pokémon,2022/11/11,"tcgplayer,cardmarket",https://prices.pokemontcg.io/tcgplayer/swsh12-109,https://images.pokemontcg.io/swsh12/109_hires.png,2026/08/08,2025/11/25,0.07,0.009999999776482582,0.15000000596046448,19.979999542236328,,0.18,,,,0.0346,0.0231,0.0346,0.15,0.023099999874830246,0.0346,0.0346,0.346,0.1961,0.1615,1.1535,2026-08-09
swsh12-110,Toxicroak,normal,Silver Tempest,110,Uncommon,Uta,Stage 1,454,Pokémon,2022/11/11,"tcgplayer,cardmarket",https://prices.pokemontcg.io/tcgplayer/swsh12-110,https://images.pokemontcg.io/swsh12/110_hires.png,2026/08/08,2025/11/25,0.07,0.009999999776482582,0.15000000596046448,2.990000009536743,,0.34,,,,0.0346,0.0231,0.0346,0.2538,0.05770000070333481,0.0346,0.0346,0.5767,0.2076,0.2422,1.1535,2026-08-09
swsh12-111,Sandile,normal,Silver Tempest,111,Common,0313,Basic,551,Pokémon,2022/11/11,"tcgplayer,cardmarket",https://prices.pokemontcg.io/tcgplayer/swsh12-111,https://images.pokemontcg.io/swsh12/111_hires.png,2026/08/08,2025/11/25,0.14,0.009999999776482582,0.15000000596046448,19.979999542236328,,0.19,,,,0.0346,0.0231,0.0231,0.2076,0.023099999874830246,0.0231,0.0346,0.1154,0.2192,0.1846,1.1535,2026-08-09
swsh12-112,Krokorok,normal,Silver Tempest,112,Uncommon,Pani Kobayashi,Stage 1,552,Pokémon,2022/11/11,"tcgplayer,cardmarket",https://prices.pokemontcg.io/tcgplayer/swsh12-112,https://images.pokemontcg.io/swsh12/112_hires.png,2026/08/08,2025/11/25,0.09,0.009999999776482582,0.15000000596046448,19.979999542236328,,0.21,,,,0.0346,0.0231,0.0692,0.1269,0.03460000082850456,0.0577,0.0461,0.1154,0.1615,0.1384,1.1535,2026-08-09
swsh12-113,Krookodile,holofoil,Silver Tempest,113,Rare Holo,Shiburingaru,Stage 2,553,Pokémon,2022/11/11,"tcgplayer,cardmarket",https://prices.pokemontcg.io/tcgplayer/swsh12-113,https://images.pokemontcg.io/swsh12/113_hires.png,2026/08/08,2025/11/25,0.33,0.009999999776482582,0.33000001311302185,56.0,,0.27,,,,0.2653,0.0231,0.2538,0.4614,0.05770000070333481,0.2538,0.2538,0.2307,0.5421,0.4499,1.1535,2026-08-09
swsh12-114,Mareanie,normal,Silver Tempest,114,Common,Yuu Nishida,Basic,747,Pokémon,2022/11/11,"tcgplayer,cardmarket",https://prices.pokemontcg.io/tcgplayer/swsh12-114,https://images.pokemontcg.io/swsh12/114_hires.png,2026/08/08,2025/11/25,0.05,0.009999999776482582,0.15000000596046448,20.0,,0.34,,,,0.0346,0.0231,0.0461,0.2422,0.05770000070333481,0.0346,0.0346,0.4037,0.2422,0.2768,1.1535,2026-08-09
swsh12-115,Toxapex,normal,Silver Tempest,115,Uncommon,Ligton,Stage 1,748,Pokémon,2022/11/11,"tcgplayer,cardmarket",https://prices.pokemontcg.io/tcgplayer/swsh12-115,https://images.pokemontcg.io/swsh12/115_hires.png,2026/08/08,2025/11/25,0.14,0.009999999776482582,0.1599999964237213,1000.0,,0.27,,,,0.0461,0.0231,0.0807,0.2884,0.03460000082850456,0.0807,0.0461,0.323,0.2768,0.323,1.1535,2026-08-09
swsh12-116,Morpeko,normal,Silver Tempest,116,Uncommon,nagimiso,Basic,877,Pokémon,2022/11/11,"tcgplayer,cardmarket",https://prices.pokemontcg.io/tcgplayer/swsh12-116,https://images.pokemontcg.io/swsh12/116_hires.png,2026/08/08,2025/11/25,0.2,0.009999999776482582,0.20000000298023224,1000.0,,0.32,,,,0.0461,0.0231,0.0577,0.2307,0.023099999874830246,0.0461,0.0461,0.3807,0.2192,0.2192,1.1535,2026-08-09
swsh12-117,Beldum,normal,Silver Tempest,117,Common,sowsow,Basic,374,Pokémon,2022/11/11,"tcgplayer,cardmarket",https://prices.pokemontcg.io/tcgplayer/swsh12-117,https://images.pokemontcg.io/swsh12/117_hires.png,2026/08/08,2025/11/25,0.08,0.009999999776482582,0.15000000596046448,16.600000381469727,,0.25,,,,0.0461,0.0231,0.0461,0.1846,0.11540000140666962,0.0692,0.0461,0.173,0.2307,0.1961,1.1535,2026-08-09
swsh12-118,Metang,normal,Silver Tempest,118,Uncommon,Shin Nagasawa,Stage 1,375,Pokémon,2022/11/11,"tcgplayer,cardmarket",https://prices.pokemontcg.io/tcgplayer/swsh12-118,https://images.pokemontcg.io/swsh12/118_hires.png,2026/08/08,2025/11/21,0.05,0.009999999776482582,0.15000000596046448,1000.0,,0.18,,,,0.0346,0.0231,0.0461,0.15,0.023099999874830246,0.0461,0.0346,0.5767,0.2307,0.1384,1.1535,2026-08-09
swsh12-119,Metagross,holofoil,Silver Tempest,119,Rare Holo,Ryuta Fuse,Stage 2,376,Pokémon,2022/11/11,"tcgplayer,cardmarket",https://prices.pokemontcg.io/tcgplayer/swsh12-119,https://images.pokemontcg.io/swsh12/119_hires.png,2026/08/08,2025/11/21,0.27,0.05999999865889549,0.28999999165534973,19.1200008392334,,0.4,,,,0.2422,0.0231,0.2999,0.5537,0.18459999561309814,0.2768,0.2307,0.7498,0.7959,0.5998,1.1535,2026-08-09
swsh12-120,Radiant Jirachi,holofoil,Silver Tempest,120,Radiant Rare,Ryuta Fuse,Basic|Radiant,385,Pokémon,2022/11/11,"tcgplayer,cardmarket",https://prices.pokemontcg.io/tcgplayer/swsh12-120,https://images.pokemontcg.io/swsh12/120_hires.png,2026/08/08,2025/11/21,1.93,0.8600000143051147,2.0,1000.0,,,,,,0.7959,0.1154,0.7036,0.0,0.6690000295639038,0.669,0.7959,0.0,0.0,0.0,1.1535,2026-08-09
swsh12-121,Ferroseed,normal,Silver Tempest,121,Common,ryoma uratsuka,Basic,597,Pokémon,2022/11/11,"tcgplayer,cardmarket",https://prices.pokemontcg.io/tcgplayer/swsh12-121,https://images.pokemontcg.io/swsh12/121_hires.png,2026/08/08,2025/11/21,0.05,0.009999999776482582,0.15000000596046448,20.0,,0.12,,,,0.0346,0.0231,0.0346,0.2076,0.023099999874830246,0.0231,0.0346,0.1384,0.2192,0.1846,1.1535,2026-08-09
swsh12-122,Ferrothorn,normal,Silver Tempest,122,Uncommon,Anesaki Dynamic,Stage 1,598,Pokémon,2022/11/11,"tcgplayer,cardmarket",https://prices.pokemontcg.io/tcgplayer/swsh12-122,https://images.pokemontcg.io/swsh12/122_hires.png,2026/08/08,2025/11/21,0.06,0.009999999776482582,0.15000000596046448,19.979999542236328,,0.21,,,,0.0346,0.0231,0.0346,0.173,0.023099999874830246,0.0231,0.0346,0.1038,0.2192,0.1615,1.1535,2026-08-09
swsh12-123,Klink,normal,Silver Tempest,123,Common,Kyoko Umemoto,Basic,599,Pokémon,2022/11/11,"tcgplayer,cardmarket",https://prices.pokemontcg.io/tcgplayer/swsh12-123,https://images.pokemontcg.io/swsh12/123_hires.png,2026/08/08,2025/11/21,0.03,0.009999999776482582,0.15000000596046448,20.0,,0.18,,,,0.0346,0.0231,0.0346,0.173,0.023099999874830246,0.0231,0.0346,0.2422,0.1846,0.1846,1.1535,2026-08-09
swsh12-124,Klang,normal,Silver Tempest,124,Uncommon,SATOSHI NAKAI,Stage 1,600,Pokémon,2022/11/11,"tcgplayer,cardmarket",https://prices.pokemontcg.io/tcgplayer/swsh12-124,https://images.pokemontcg.io/swsh12/124_hires.png,2026/08/08,2025/11/21,0.09,0.009999999776482582,0.15000000596046448,20.0,,0.12,,,,0.0346,0.0231,0.0346,0.15,0.023099999874830246,0.0346,0.0231,0.1846,0.2192,0.1384,1.1535,2026-08-09
swsh12-125,Klinklang,normal,Silver Tempest,125,Rare,Akira Komayama,Stage 2,601,Pokémon,2022/11/11,"tcgplayer,cardmarket",https://prices.pokemontcg.io/tcgplayer/swsh12-125,https://images.pokemontcg.io/swsh12/125_hires.png,2026/08/08,2025/11/21,0.07,0.009999999776482582,0.18000000715255737,1000.0,,0.33,,,,0.0923,0.0231,0.0692,0.2538,0.023099999874830246,0.0923,0.0923,0.5191,0.2653,0.3114,1.1535,2026-08-09
swsh12-126,Cobalion,normal,Silver Tempest,126,Rare,Shin Nagasawa,Basic,638,Pokémon,2022/11/11,"tcgplayer,cardmarket",https://prices.pokemontcg.io/tcgplayer/swsh12-126,https://images.pokemontcg.io/swsh12/126_hires.png,2026/08/08,2025/11/21,0.18,0.029999999329447746,0.20000000298023224,20.0,,0.32,,,,0.0807,0.0231,0.0692,0.5767,0.03460000082850456,0.0692,0.0923,0.2307,0.3691,0.4499,1.1535,2026-08-09
swsh12-127,Togedemaru,normal,Silver Tempest,127,Common,kawayoo,Basic,777,Pokémon,2022/11/11,"tcgplayer,cardmarket",https://prices.pokemontcg.io/tcgplayer/swsh12-127,https://images.pokemontcg.io/swsh12/127_hires.png,2026/08/08,2025/11/21,0.05,0.009999999776482582,0.15000000596046448,1000.0,,0.19,,,,0.0346,0.0231,0.0231,0.1846,0.023099999874830246,0.0231,0.0346,0.2192,0.173,0.2192,1.1535,2026-08-09
swsh12-128,Magearna V,holofoil,Silver Tempest,128,Rare Holo V,N-DESIGN Inc.,Basic|V,801,Pokémon,2022/11/11,"tcgplayer,cardmarket",https://prices.pokemontcg.io/tcgplayer/swsh12-128,https://images.pokemontcg.io/swsh12/128_hires.png,2026/08/08,2025/11/21,0.82,0.4000000059604645,0.9900000095367432,18.860000610351562,,,,,,0.669,0.1154,0.669,0.0,0.6920999884605408,0.7036,0.6806,0.0,0.0,0.0,1.1535,2026-08-09
swsh12-129,Dratini,normal,Silver Tempest,129,Common,kurumitsu,Basic,147,Pokémon,2022/11/11,"tcgplayer,cardmarket",https://prices.pokemontcg.io/tcgplayer/swsh12-129,https://images.pokemontcg.io/swsh12/129_hires.png,2026/08/08,2025/11/21,0.14,0.009999999776482582,0.17000000178813934,1000.0,,0.23,,,,0.0461,0.0231,0.0346,0.2192,0.023099999874830246,0.0692,0.0461,0.4037,0.2653,0.2192,1.1535,2026-08-09
swsh12-130,Dragonair,normal,Silver Tempest,130,Uncommon,Shinya Komatsu,Stage 1,148,Pokémon,2022/11/11,"tcgplayer,cardmarket",https://prices.pokemontcg.io/tcgplayer/swsh12-130,https://images.pokemontcg.io/swsh12/130_hires.png,2026/08/08,2025/11/21,0.19,0.009999999776482582,0.20000000298023224,1000.0,,0.33,,,,0.0461,0.0231,0.0577,0.2307,0.06920000165700912,0.0577,0.0461,0.346,0.2768,0.2307,1.1535,2026-08-09
swsh12-131,Dragonite,holofoil,Silver Tempest,131,Rare Holo,Naoyo Kimura,Stage 2,149,Pokémon,2022/11/11,"tcgplayer,cardmarket",https://prices.pokemontcg.io/tcgplayer/swsh12-131,https://images.pokemontcg.io/swsh12/131_hires.png,2026/08/08,2025/11/21,1.48,0.47999998927116394,1.5099999904632568,26.459999084472656,,1.28,,,,0.3691,0.0231,0.4614,0.9574,0.5651999711990356,0.3691,0.3576,1.7302,1.4649,0.9343,1.1535,2026-08-09
swsh12-132,Noibat,normal,Silver Tempest,132,Common,Shigenori Negishi,Basic,714,Pokémon,2022/11/11,"tcgplayer,cardmarket",https://prices.pokemontcg.io/tcgplayer/swsh12-132,https://images.pokemontcg.io/swsh12/132_hires.png,2026/08/08,2025/11/21,0.06,0.009999999776482582,0.15000000596046448,19.979999542236328,,0.21,,,,0.0231,0.0231,0.0231,0.173,0.023099999874830246,0.0231,0.0231,0.1384,0.173,0.173,1.1535,2026-08-09
swsh12-133,Noivern,normal,Silver Tempest,133,Rare,aoki,Stage 1,715,Pokémon,2022/11/11,"tcgplayer,cardmarket",https://prices.pokemontcg.io/tcgplayer/swsh12-133,https://images.pokemontcg.io/swsh12/133_hires.png,2026/08/08,2025/11/21,0.22,0.029999999329447746,0.2199999988079071,1000.0,,0.35,,,,0.1154,0.0231,0.0807,0.3691,0.11540000140666962,0.173,0.1269,0.0577,0.3576,0.3922,1.1535,2026-08-09
swsh12-134,Zygarde,normal,Silver Tempest,134,Rare,Misa Tsutsui,Basic,718,Pokémon,2022/11/11,"tcgplayer,cardmarket",https://prices.pokemontcg.io/tcgplayer/swsh12-134,https://images.pokemontcg.io/swsh12/134_hires.png,2026/08/08,2025/11/21,0.2,0.05000000074505806,0.23000000417232513,2.990000009536743,,0.32,,,,0.1038,0.0231,0.1038,0.4729,0.023099999874830246,0.1038,0.1038,0.0923,0.496,0.4499,1.1535,2026-08-09
swsh12-135,Regidrago V,holofoil,Silver Tempest,135,Rare Holo V,N-DESIGN Inc.,Basic|V,895,Pokémon,2022/11/11,"tcgplayer,cardmarket",https://prices.pokemontcg.io/tcgplayer/swsh12-135,https://images.pokemontcg.io/swsh12/135_hires.png,2026/08/08,2025/11/21,0.76,0.30000001192092896,0.9599999785423279,5.0,,,,,,0.7382,0.173,0.7036,0.0,0.7498000264167786,0.7152,0.7728,0.0,0.0,0.0,1.1535,2026-08-09
swsh12-136,Regidrago VSTAR,holofoil,Silver Tempest,136,Rare Holo VSTAR,PLANETA Yamashita,VSTAR,895,Pokémon,2022/11/11,"tcgplayer,cardmarket",https://prices.pokemontcg.io/tcgplayer/swsh12-136,https://images.pokemontcg.io/swsh12/136_hires.png,2026/08/08,2025/11/21,1.26,0.6800000071525574,1.5299999713897705,11.34000015258789,,,,,,1.1535,0.2307,1.0381,0.0,1.0266000032424927,1.1074,1.2342,0.0,0.0,0.0,1.1535,2026-08-09
swsh12-137,Smeargle,normal,Silver Tempest,137,Common,Mizue,Basic,235,Pokémon,2022/11/11,"tcgplayer,cardmarket",https://prices.pokemontcg.io/tcgplayer/swsh12-137,https://images.pokemontcg.io/swsh12/137_hires.png,2026/08/08,2025/11/21,0.12,0.009999999776482582,0.15000000596046448,19.979999542236328,,0.24,,,,0.0346,0.0231,0.0577,0.1615,0.023099999874830246,0.0346,0.0346,0.3114,0.1615,0.1615,1.1535,2026-08-09
swsh12-138,Lugia V,holofoil,Silver Tempest,138,Rare Holo V,Mitsuhiro Arita,Basic|V,249,Pokémon,2022/11/11,"tcgplayer,cardmarket",https://prices.pokemontcg.io/tcgplayer/swsh12-138,https://images.pokemontcg.io/swsh12/138_hires.png,2026/08/08,2025/11/21,13.79,11.0,15.010000228881836,115.0199966430664,,,,,,12.354,3.4605,10.7045,0.0,10.392999649047852,11.9503,12.5039,0.0,0.0,0.0,1.1535,2026-08-09
swsh12-139,Lugia VSTAR,holofoil,Silver Tempest,139,Rare Holo VSTAR,PLANETA Mochizuki,VSTAR,249,Pokémon,2022/11/11,"tcgplayer,cardmarket",https://prices.pokemontcg.io/tcgplayer/swsh12-139,https://images.pokemontcg.io/swsh12/139_hires.png,2026/08/08,2025/11/21,6.57,4.880000114440918,7.019999980926514,96.94000244140625,,,,,,3.7719,1.7302,4.1411,0.0,3.137500047683716,3.9104,3.795,0.0,0.0,0.0,1.1535,2026-08-09
swsh12-140,Ho-Oh V,holofoil,Silver Tempest,140,Rare Holo V,AKIRA EGAWA,Basic|V,250,Pokémon,2022/11/11,"tcgplayer,cardmarket",https://prices.pokemontcg.io/tcgplayer/swsh12-140,https://images.pokemontcg.io/swsh12/140_hires.png,2026/08/08,2025/11/21,3.33,1.0299999713897705,3.4800000190734863,95.37999725341797,,,,,,4.2795,1.7302,4.118,0.0,3.9333999156951904,4.5563,4.3026,0.0,0.0,0.0,1.1535,2026-08-09
swsh12-141,Spinda,normal,Silver Tempest,141,Common,Souichirou Gunjima,Basic,327,Pokémon,2022/11/11,"tcgplayer,cardmarket",https://prices.pokemontcg.io/tcgplayer/swsh12-141,https://images.pokemontcg.io/swsh12/141_hires.png,2026/08/08,2025/11/21,0.03,0.009999999776482582,0.15000000596046448,19.979999542236328,,0.24,,,,0.0346,0.0231,0.0346,0.173,0.023099999874830246,0.0231,0.0346,0.2192,0.1846,0.173,1.1535,2026-08-09
swsh12-142,Swablu,normal,Silver Tempest,142,Common,Miki Tanaka,Basic,333,Pokémon,2022/11/11,"tcgplayer,cardmarket",https://prices.pokemontcg.io/tcgplayer/swsh12-142,https://images.pokemontcg.io/swsh12/142_hires.png,2026/08/08,2025/11/21,0.05,0.009999999776482582,0.15000000596046448,19.979999542236328,,0.28,,,,0.0346,0.0231,0.0346,0.1615,0.023099999874830246,0.0346,0.0346,0.2768,0.1961,0.1615,1.1535,2026-08-09
swsh12-143,Altaria,normal,Silver Tempest,143,Uncommon,Sanosuke Sakuma,Stage 1,334,Pokémon,2022/11/11,"tcgplayer,cardmarket",https://prices.pokemontcg.io/tcgplayer/swsh12-143,https://images.pokemontcg.io/swsh12/143_hires.png,2026/08/08,2025/11/21,0.16,0.009999999776482582,0.1899999976158142,19.979999542236328,,0.46,,,,0.0692,0.0231,0.0577,0.2076,0.023099999874830246,0.0807,0.0577,0.4614,0.3114,0.2076,1.1535,2026-08-09
swsh12-144,Buneary,normal,Silver Tempest,144,Common,saino misaki,Basic,427,Pokémon,2022/11/11,"tcgplayer,cardmarket",https://prices.pokemontcg.io/tcgplayer/swsh12-144,https://images.pokemontcg.io/swsh12/144_hires.png,2026/08/08,2025/11/21,0.05,0.009999999776482582,0.15000000596046448,19.979999542236328,,0.21,,,,0.0231,0.0231,0.0346,0.1615,0.023099999874830246,0.0231,0.0231,0.0577,0.1615,0.173,1.1535,2026-08-09
swsh12-145,Lopunny,normal,Silver Tempest,145,Uncommon,Ryuta Fuse,Stage 1,428,Pokémon,2022/11/11,"tcgplayer,cardmarket",https://prices.pokemontcg.io/tcgplayer/swsh12-145,https://images.pokemontcg.io/swsh12/145_hires.png,2026/08/08,2025/11/21,0.06,0.009999999776482582,0.15000000596046448,19.979999542236328,,0.2,,,,0.0346,0.0231,0.0231,0.1615,0.023099999874830246,0.0231,0.0346,0.1154,0.1961,0.1846,1.1535,2026-08-09
swsh12-146,Archen,normal,Silver Tempest,146,Uncommon,Misa Tsutsui,Stage 1,566,Pokémon,2022/11/11,"tcgplayer,cardmarket",https://prices.pokemontcg.io/tcgplayer/swsh12-146,https://images.pokemontcg.io/swsh12/146_hires.png,2026/08/08,2025/11/21,0.05,0.009999999776482582,0.15000000596046448,30.0,,0.22,,,,0.0346,0.0231,0.0346,0.15,0.023099999874830246,0.0346,0.0346,0.1154,0.1846,0.1846,1.1535,2026-08-09
swsh12-147,Archeops,holofoil,Silver Tempest,147,Rare Holo,Masakazu Fukuda,Stage 2,567,Pokémon,2022/11/11,"tcgplayer,cardmarket",https://prices.pokemontcg.io/tcgplayer/swsh12-147,https://images.pokemontcg.io/swsh12/147_hires.png,2026/08/08,2025/11/21,0.29,0.029999999329447746,0.30000001192092896,18.940000534057617,,0.33,,,,0.2538,0.0231,0.0231,0.0,0.23070000112056732,0.2422,0.4614,0.0,0.0,0.0,1.1535,2026-08-09
swsh12-148,Rufflet,normal,Silver Tempest,148,Common,kurumitsu,Basic,627,Pokémon,2022/11/11,"tcgplayer,cardmarket",https://prices.pokemontcg.io/tcgplayer/swsh12-148,https://images.pokemontcg.io/swsh12/148_hires.png,2026/08/08,2025/11/21,0.03,0.009999999776482582,0.15000000596046448,19.979999542236328,,0.19,,,,0.0346,0.0231,0.0461,0.1846,0.023099999874830246,0.0346,0.0346,0.2192,0.2076,0.173,1.1535,2026-08-09
swsh12-149,Hisuian Braviary,normal,Silver Tempest,149,Rare,Jiro Sasumo,Stage 1,628,Pokémon,2022/11/11,"tcgplayer,cardmarket",https://prices.pokemontcg.io/tcgplayer/swsh12-149,https://images.pokemontcg.io/swsh12/149_hires.png,2026/08/08,2025/11/21,0.2,0.029999999329447746,0.20000000298023224,4.0,,0.28,,,,0.1038,0.0231,0.1154,0.2884,0.11540000140666962,0.0923,0.0923,0.8651,0.2999,0.346,1.1535,2026-08-09
swsh12-150,Fletchling,normal,Silver Tempest,150,Common,Shibuzoh.,Basic,661,Pokémon,2022/11/11,"tcgplayer,cardmarket",https://prices.pokemontcg.io/tcgplayer/swsh12-150,https://images.pokemontcg.io/swsh12/150_hires.png,2026/08/08,2025/11/21,0.06,0.009999999776482582,0.15000000596046448,19.979999542236328,,0.18,,,,0.0346,0.0231,0.0231,0.173,0.023099999874830246,0.0346,0.0231,0.2653,0.1615,0.173,1.1535,2026-08-09
swsh12-151,Brandon,normal,Silver Tempest,151,Uncommon,Ken Sugimori,Supporter,,Trainer,2022/11/11,"tcgplayer,cardmarket",https://prices.pokemontcg.io/tcgplayer/swsh12-151,https://images.pokemontcg.io/swsh12/151_hires.png,2026/08/08,2025/11/21,0.04,0.009999999776482582,0.15000000596046448,19.979999542236328,,0.21,,,,0.0346,0.0231,0.0346,0.1615,0.023099999874830246,0.0346,0.0346,0.2653,0.1846,0.1615,1.1535,2026-08-09
swsh12-152,Candice,normal,Silver Tempest,152,Uncommon,Ken Sugimori,Supporter,,Trainer,2022/11/11,"tcgplayer,cardmarket",https://prices.pokemontcg.io/tcgplayer/swsh12-152,https://images.pokemontcg.io/swsh12/152_hires.png,2026/08/08,2025/11/21,0.13,0.009999999776482582,0.15000000596046448,19.979999542236328,,0.29,,,,0.0577,0.0231,0.0346,0.15,0.04610000178217888,0.0346,0.0461,0.1154,0.15,0.173,1.1535,2026-08-09
swsh12-153,Capturing Aroma,normal,Silver Tempest,153,Uncommon,sadaji,Item,,Trainer,2022/11/11,"tcgplayer,cardmarket",https://prices.pokemontcg.io/tcgplayer/swsh12-153,https://images.pokemontcg.io/swsh12/153_hires.png,2026/08/08,2025/11/21,0.2,0.009999999776482582,0.20000000298023224,1000.0,,0.34,,,,0.0692,0.0231,0.1038,0.1846,0.023099999874830246,0.1038,0.0577,0.2307,0.2076,0.173,1.1535,2026-08-09
swsh12-154,Earthen Seal Stone,holofoil,Silver Tempest,154,Rare Holo,AYUMI ODASHIMA,Item|Pokémon Tool,,Trainer,2022/11/11,"tcgplayer,cardmarket",https://prices.pokemontcg.io/tcgplayer/swsh12-154,https://images.pokemontcg.io/swsh12/154_hires.png,2026/08/08,2025/11/21,0.26,0.009999999776482582,0.25999999046325684,19.950000762939453,,,,,,0.2538,0.0231,0.2192,0.7728,0.219200000166893,0.173,0.2653,0.5767,0.646,0.6921,1.1535,2026-08-09
swsh12-155,Emergency Jelly,normal,Silver Tempest,155,Uncommon,AYUMI ODASHIMA,Item|Pokémon Tool,,Trainer,2022/11/11,"tcgplayer,cardmarket",https://prices.pokemontcg.io/tcgplayer/swsh12-155,https://images.pokemontcg.io/swsh12/155_hires.png,2026/08/08,2025/11/21,0.05,0.009999999776482582,0.15000000596046448,5.0,,0.37,,,,0.0461,0.0231,0.0692,0.3345,0.023099999874830246,0.0231,0.0461,0.1961,0.346,0.4037,1.1535,2026-08-09
swsh12-156,Forest Seal Stone,holofoil,Silver Tempest,156,Rare Holo,AYUMI ODASHIMA,Item|Pokémon Tool,,Trainer,2022/11/11,"tcgplayer,cardmarket",https://prices.pokemontcg.io/tcgplayer/swsh12-156,https://images.pokemontcg.io/swsh12/156_hires.png,2026/08/08,2025/11/21,0.39,0.009999999776482582,0.44999998807907104,15.5,,,,,,0.4268,0.0231,0.4037,3.8065,0.2768000066280365,0.4845,0.4383,5.0177,3.8988,3.1606,1.1535,2026-08-09
swsh12-157,Furisode Girl,normal,Silver Tempest,157,Uncommon,Yusuke Ohmura,Supporter,,Trainer,2022/11/11,"tcgplayer,cardmarket",https://prices.pokemontcg.io/tcgplayer/swsh12-157,https://images.pokemontcg.io/swsh12/157_hires.png,2026/08/08,2025/11/18,0.04,0.009999999776482582,0.15000000596046448,19.979999542236328,,0.21,,,,0.0692,0.0231,0.0577,0.173,0.023099999874830246,0.0461,0.0692,0.0692,0.1038,0.1615,1.1535,2026-08-09
swsh12-158,Gym Trainer,normal,Silver Tempest,158,Uncommon,Hideki Ishikawa,Supporter,,Trainer,2022/11/11,"tcgplayer,cardmarket",https://prices.pokemontcg.io/tcgplayer/swsh12-158,https://images.pokemontcg.io/swsh12/158_hires.png,2026/08/08,2025/11/18,0.07,0.009999999776482582,0.15000000596046448,19.979999542236328,,0.18,,,,0.0346,0.0231,0.0461,0.15,0.03460000082850456,0.0461,0.0346,0.2307,0.2538,0.173,1.1535,2026-08-09
swsh12-159,Lance,normal,Silver Tempest,159,Uncommon,Ken Sugimori,Supporter,,Trainer,2022/11/11,"tcgplayer,cardmarket",https://prices.pokemontcg.io/tcgplayer/swsh12-159,https://images.pokemontcg.io/swsh12/159_hires.png,2026/08/08,2025/11/18,0.1,0.009999999776482582,0.17000000178813934,1000.0,,0.26,,,,0.0692,0.0231,0.0692,0.1961,0.023099999874830246,0.0692,0.0692,0.1154,0.3345,0.2192,1.1535,2026-08-09
swsh12-160,Leafy Camo Poncho,normal,Silver Tempest,160,Uncommon,Studio Bora Inc.,Item|Pokémon Tool,,Trainer,2022/11/11,"tcgplayer,cardmarket",https://prices.pokemontcg.io/tcgplayer/swsh12-160,https://images.pokemontcg.io/swsh12/160_hires.png,2026/08/08,2025/11/18,0.03,0.009999999776482582,0.15000000596046448,19.979999542236328,,0.17,,,,0.0346,0.0231,0.0231,0.1384,0.023099999874830246,0.0231,0.0346,0.2307,0.1846,0.15,1.1535,2026-08-09
swsh12-161,Primordial Altar,normal,Silver Tempest,161,Uncommon,AYUMI ODASHIMA,Stadium,,Trainer,2022/11/11,"tcgplayer,cardmarket",https://prices.pokemontcg.io/tcgplayer/swsh12-161,https://images.pokemontcg.io/swsh12/161_hires.png,2026/08/08,2025/11/18,0.05,0.009999999776482582,0.15000000596046448,5.0,,0.21,,,,0.0346,0.0231,0.0346,0.1154,0.023099999874830246,0.0231,0.0346,0.1154,0.173,0.1269,1.1535,2026-08-09
swsh12-162,Professor Laventon,normal,Silver Tempest,162,Uncommon,Ken Sugimori,Supporter,,Trainer,2022/11/11,"tcgplayer,cardmarket",https://prices.pokemontcg.io/tcgplayer/swsh12-162,https://images.pokemontcg.io/swsh12/162_hires.png,2026/08/08,2025/11/18,0.05,0.009999999776482582,0.15000000596046448,1000.0,,0.17,,,,0.0346,0.0231,0.0577,0.1154,0.023099999874830246,0.0346,0.0346,0.1154,0.2192,0.1384,1.1535,2026-08-09
swsh12-163,Quad Stone,normal,Silver Tempest,163,Uncommon,sadaji,Item,,Trainer,2022/11/11,"tcgplayer,cardmarket",https://prices.pokemontcg.io/tcgplayer/swsh12-163,https://images.pokemontcg.io/swsh12/163_hires.png,2026/08/08,2025/11/18,0.03,0.009999999776482582,0.15000000596046448,19.979999542236328,,0.27,,,,0.0231,0.0231,0.0346,0.2538,0.03460000082850456,0.0231,0.0231,0.1154,0.173,0.2422,1.1535,2026-08-09
swsh12-164,Serena,normal,Silver Tempest,164,Uncommon,Ken Sugimori,Supporter,,Trainer,2022/11/11,"tcgplayer,cardmarket",https://prices.pokemontcg.io/tcgplayer/swsh12-164,https://images.pokemontcg.io/swsh12/164_hires.png,2026/08/08,2025/11/18,0.06,0.009999999776482582,0.17000000178813934,5.0,,0.28,,,,0.0577,0.0231,0.0346,0.1615,0.09229999780654907,0.0577,0.0577,0.1154,0.2884,0.1846,1.1535,2026-08-09
swsh12-165,Unidentified Fossil,normal,Silver Tempest,165,Uncommon,AYUMI ODASHIMA,Item,,Trainer,2022/11/11,"tcgplayer,cardmarket",https://prices.pokemontcg.io/tcgplayer/swsh12-165,https://images.pokemontcg.io/swsh12/165_hires.png,2026/08/08,2025/11/18,0.08,0.009999999776482582,0.15000000596046448,30.0,,0.27,,,,0.0346,0.0231,0.0231,0.173,0.023099999874830246,0.0231,0.0346,0.1154,0.1038,0.15,1.1535,2026-08-09
swsh12-166,Wallace,normal,Silver Tempest,166,Uncommon,Megumi Mizutani,Supporter,,Trainer,2022/11/11,"tcgplayer,cardmarket",https://prices.pokemontcg.io/tcgplayer/swsh12-166,https://images.pokemontcg.io/swsh12/166_hires.png,2026/08/08,2025/11/18,0.04,0.009999999776482582,0.15000000596046448,19.139999389648438,,0.23,,,,0.0346,0.0231,0.0577,0.1038,0.10379999876022339,0.0807,0.0346,0.346,0.4153,0.1615,1.1535,2026-08-09
swsh12-167,Worker,normal,Silver Tempest,167,Uncommon,Sanosuke Sakuma,Supporter,,Trainer,2022/11/11,"tcgplayer,cardmarket",https://prices.pokemontcg.io/tcgplayer/swsh12-167,https://images.pokemontcg.io/swsh12/167_hires.png,2026/08/08,2025/11/18,0.05,0.009999999776482582,0.15000000596046448,1000.0,,0.23,,,,0.0346,0.0231,0.0461,0.1615,0.04610000178217888,0.0461,0.0346,0.2076,0.2538,0.1961,1.1535,2026-08-09
swsh12-168,Regenerative Energy,normal,Silver Tempest,168,Uncommon,,Special,,Energy,2022/11/11,"tcgplayer,cardmarket",https://prices.pokemontcg.io/tcgplayer/swsh12-168,https://images.pokemontcg.io/swsh12/168_hires.png,2026/08/08,2025/11/18,0.07,0.009999999776482582,0.18000000715255737,19.979999542236328,,0.21,,,,0.0577,0.0231,0.0577,0.1038,0.023099999874830246,0.0577,0.0577,0.2307,0.2192,0.1384,1.1535,2026-08-09
swsh12-169,V Guard Energy,normal,Silver Tempest,169,Uncommon,,Special,,Energy,2022/11/11,"tcgplayer,cardmarket",https://prices.pokemontcg.io/tcgplayer/swsh12-169,https://images.pokemontcg.io/swsh12/169_hires.png,2026/08/08,2025/11/18,0.06,0.009999999776482582,0.1599999964237213,20.0,,0.23,,,,0.0807,0.0231,0.0231,0.1384,0.023099999874830246,0.0461,0.0807,0.323,0.173,0.1384,1.1535,2026-08-09
swsh12-170,Serperior V,holofoil,Silver Tempest,170,Rare Ultra,Ayaka Yoshida,Basic|V,497,Pokémon,2022/11/11,"tcgplayer,cardmarket",https://prices.pokemontcg.io/tcgplayer/swsh12-170,https://images.pokemontcg.io/swsh12/170_hires.png,2026/08/08,2025/11/18,2.62,1.4500000476837158,2.75,10.350000381469727,,,,,,3.299,1.6149,3.6451,0.0,4.3140997886657715,3.8412,3.3682,0.0,0.0,0.0,1.1535,2026-08-09
swsh12-171,Chesnaught V,holofoil,Silver Tempest,171,Rare Ultra,N-DESIGN Inc.,Basic|V,652,Pokémon,2022/11/11,"tcgplayer,cardmarket",https://prices.pokemontcg.io/tcgplayer/swsh12-171,https://images.pokemontcg.io/swsh12/171_hires.png,2026/08/08,2025/11/18,2.41,1.2000000476837158,2.4100000858306885,29.579999923706055,,,,,,2.7569,1.142,2.8722,0.0,3.0683000087738037,3.1145,2.7453,0.0,0.0,0.0,1.1535,2026-08-09
swsh12-172,Reshiram V,holofoil,Silver Tempest,172,Rare Ultra,N-DESIGN Inc.,Basic|V,643,Pokémon,2022/11/11,"tcgplayer,cardmarket",https://prices.pokemontcg.io/tcgplayer/swsh12-172,https://images.pokemontcg.io/swsh12/172_hires.png,2026/08/08,2025/11/18,6.89,5.909999847412109,7.559999942779541,96.94999694824219,,,,,,6.8172,2.8838,5.7329,0.0,6.344200134277344,5.8482,6.7826,0.0,0.0,0.0,1.1535,2026-08-09
swsh12-173,Alolan Vulpix V,holofoil,Silver Tempest,173,Rare Ultra,5ban Graphics,Basic|V,37,Pokémon,2022/11/11,"tcgplayer,cardmarket",https://prices.pokemontcg.io/tcgplayer/swsh12-173,https://images.pokemontcg.io/swsh12/173_hires.png,2026/08/08,2025/11/18,11.53,9.789999961853027,12.020000457763672,98.41999816894531,,,,,,6.5403,3.795,6.252,0.0,5.952099800109863,5.9521,6.425,0.0,0.0,0.0,1.1535,2026-08-09
swsh12-174,Omastar V,holofoil,Silver Tempest,174,Rare Ultra,Saki Hayashiro,Basic|V,139,Pokémon,2022/11/11,"tcgplayer,cardmarket",https://prices.pokemontcg.io/tcgplayer/swsh12-174,https://images.pokemontcg.io/swsh12/174_hires.png,2026/08/08,2025/11/18,2.73,1.7699999809265137,2.990000009536743,10.119999885559082,,,,,,3.0914,1.6149,3.0914,0.0,4.3256001472473145,3.1029,2.976,0.0,0.0,0.0,1.1535,2026-08-09
swsh12-175,Regieleki V,holofoil,Silver Tempest,175,Rare Ultra,Eske Yoshinob,Basic|V,894,Pokémon,2022/11/11,"tcgplayer,cardmarket",https://prices.pokemontcg.io/tcgplayer/swsh12-175,https://images.pokemontcg.io/swsh12/175_hires.png,2026/08/08,2025/11/18,2.26,1.5,2.5,20.06999969482422,,,,,,2.7223,1.7302,3.299,0.0,3.0336999893188477,3.0568,2.8145,0.0,0.0,0.0,1.1535,2026-08-09
swsh12-176,Unown V,holofoil,Silver Tempest,176,Rare Ultra,N-DESIGN Inc.,Basic|V,201,Pokémon,2022/11/11,"tcgplayer,cardmarket",https://prices.pokemontcg.io/tcgplayer/swsh12-176,https://images.pokemontcg.io/swsh12/176_hires.png,2026/08/08,2025/11/18,3.88,1.9900000095367432,3.950000047683716,96.6500015258789,,,,,,3.2644,1.4995,3.3221,0.0,2.8261001110076904,2.8261,3.3105,0.0,0.0,0.0,1.1535,2026-08-09
swsh12-177,Unown V,holofoil,Silver Tempest,177,Rare Ultra,Toshinao Aoki,Basic|V,201,Pokémon,2022/11/11,"tcgplayer,cardmarket",https://prices.pokemontcg.io/tcgplayer/swsh12-177,https://images.pokemontcg.io/swsh12/177_hires.png,2026/08/08,2025/11/18,31.24,24.510000228881836,34.13999938964844,281.1600036621094,,,,,,29.7026,11.3966,24.1197,0.0,23.046899795532227,22.5163,29.4258,0.0,0.0,0.0,1.1535,2026-08-09
swsh12-178,Mawile V,holofoil,Silver Tempest,178,Rare Ultra,takuyoa,Basic|V,303,Pokémon,2022/11/11,"tcgplayer,cardmarket",https://prices.pokemontcg.io/tcgplayer/swsh12-178,https://images.pokemontcg.io/swsh12/178_hires.png,2026/08/08,2025/11/18,2.72,1.2999999523162842,2.75,27.799999237060547,,,,,,2.7569,1.1535,3.2413,0.0,4.025700092315674,3.1029,2.8607,0.0,0.0,0.0,1.1535,2026-08-09
swsh12-179,Hisuian Arcanine V,holofoil,Silver Tempest,179,Rare Ultra,5ban Graphics,Basic|V,59,Pokémon,2022/11/11,"tcgplayer,cardmarket",https://prices.pokemontcg.io/tcgplayer/swsh12-179,https://images.pokemontcg.io/swsh12/179_hires.png,2026/08/08,2025/11/18,5.84,3.569999933242798,6.119999885559082,96.66999816894531,,,,,,3.7719,1.7302,4.1526,0.0,5.6290998458862305,4.1295,3.5297,0.0,0.0,0.0,1.1535,2026-08-09
swsh12-180,Skuntank V,holofoil,Silver Tempest,180,Rare Ultra,5ban Graphics,Basic|V,435,Pokémon,2022/11/11,"tcgplayer,cardmarket",https://prices.pokemontcg.io/tcgplayer/swsh12-180,https://images.pokemontcg.io/swsh12/180_hires.png,2026/08/08,2025/11/18,1.46,0.949999988079071,1.6799999475479126,9.949999809265137,,,,,,1.9725,1.1535,2.1224,0.0,2.710700035095215,2.457,2.0994,0.0,0.0,0.0,1.1535,2026-08-09
swsh12-181,Skuntank V,holofoil,Silver Tempest,181,Rare Ultra,Jiro Sasumo,Basic|V,435,Pokémon,2022/11/11,"tcgplayer,cardmarket",https://prices.pokemontcg.io/tcgplayer/swsh12-181,https://images.pokemontcg.io/swsh12/181_hires.png,2026/08/08,2025/11/18,11.82,9.0,12.699999809265137,124.93000030517578,,,,,,11.1774,4.5679,12.5616,0.0,11.477299690246582,12.9769,11.5927,0.0,0.0,0.0,1.1535,2026-08-09
swsh12-182,Magearna V,holofoil,Silver Tempest,182,Rare Ultra,N-DESIGN Inc.,Basic|V,801,Pokémon,2022/11/11,"tcgplayer,cardmarket",https://prices.pokemontcg.io/tcgplayer/swsh12-182,https://images.pokemontcg.io/swsh12/182_hires.png,2026/08/08,2025/11/18,1.88,1.2999999523162842,2.0,16.649999618530273,,,,,,2.3993,1.1535,2.4224,0.0,3.633500099182129,2.3877,2.2955,0.0,0.0,0.0,1.1535,2026-08-09
swsh12-183,Regidrago V,holofoil,Silver Tempest,183,Rare Ultra,N-DESIGN Inc.,Basic|V,895,Pokémon,2022/11/11,"tcgplayer,cardmarket",https://prices.pokemontcg.io/tcgplayer/swsh12-183,https://images.pokemontcg.io/swsh12/183_hires.png,2026/08/08,2025/11/18,1.97,1.5,2.380000114440918,22.049999237060547,,,,,,2.8722,1.5918,3.2413,0.0,2.987600088119507,3.2413,2.953,0.0,0.0,0.0,1.1535,2026-08-09
swsh12-184,Regidrago V,holofoil,Silver Tempest,184,Rare Ultra,Hataya,Basic|V,895,Pokémon,2022/11/11,"tcgplayer,cardmarket",https://prices.pokemontcg.io/tcgplayer/swsh12-184,https://images.pokemontcg.io/swsh12/184_hires.png,2026/08/08,2025/11/18,28.97,22.549999237060547,31.81999969482422,88.9800033569336,,,,,,23.1623,13.842,21.9972,0.0,25.36549949645996,21.7896,21.6512,0.0,0.0,0.0,1.1535,2026-08-09
swsh12-185,Lugia V,holofoil,Silver Tempest,185,Rare Ultra,5ban Graphics,Basic|V,249,Pokémon,2022/11/11,"tcgplayer,cardmarket",https://prices.pokemontcg.io/tcgplayer/swsh12-185,https://images.pokemontcg.io/swsh12/185_hires.png,2026/08/08,2025/11/18,16.98,14.989999771118164,18.6200008392334,142.6199951171875,,,,,,14.511,6.5634,22.1818,0.0,19.528799057006836,19.4249,15.8606,0.0,0.0,0.0,1.1535,2026-08-09
swsh12-186,Lugia V,holofoil,Silver Tempest,186,Rare Ultra,kawayoo,Basic|V,249,Pokémon,2022/11/11,"tcgplayer,cardmarket",https://prices.pokemontcg.io/tcgplayer/swsh12-186,https://images.pokemontcg.io/swsh12/186_hires.png,2026/08/08,2025/11/18,529.22,480.0,600.0,3758.550048828125,,,,,,493.848,178.781,447.3273,0.0,477.5259094238281,423.6805,450.5571,0.0,0.0,0.0,1.1535,2026-08-09
swsh12-187,Ho-Oh V,holofoil,Silver Tempest,187,Rare Ultra,N-DESIGN Inc.,Basic|V,250,Pokémon,2022/11/11,"tcgplayer,cardmarket",https://prices.pokemontcg.io/tcgplayer/swsh12-187,https://images.pokemontcg.io/swsh12/187_hires.png,2026/08/08,2025/11/18,8.68,7.28000020980835,9.670000076293945,148.8,,,,,,10.9698,4.6025,10.6468,0.0,9.00879955291748,9.5856,10.4276,0.0,0.0,0.0,1.1535,2026-08-09
swsh12-188,Brandon,holofoil,Silver Tempest,188,Rare Ultra,Hideki Ishikawa,Supporter,,Trainer,2022/11/11,"tcgplayer,cardmarket",https://prices.pokemontcg.io/tcgplayer/swsh12-188,https://images.pokemontcg.io/swsh12/188_hires.png,2026/08/08,2025/11/18,3.8,2.940000057220459,3.990000009536743,42.73,,,,,,7.0017,4.614,6.8172,0.0,8.039899826049805,7.7746,7.6823,0.0,0.0,0.0,1.1535,2026-08-09
swsh12-189,Candice,holofoil,Silver Tempest,189,Rare Ultra,Naoki Saito,Supporter,,Trainer,2022/11/11,"tcgplayer,cardmarket",https://prices.pokemontcg.io/tcgplayer/swsh12-189,https://images.pokemontcg.io/swsh12/189_hires.png,2026/08/08,2025/11/18,5.88,4.599999904632568,6.690000057220459,119.51,,,,,,7.7515,4.614,8.5936,0.0,6.136600017547607,11.0275,7.4977,0.0,0.0,0.0,1.1535,2026-08-09
swsh12-190,Furisode Girl,holofoil,Silver Tempest,190,Rare Ultra,saino misaki,Supporter,,Trainer,2022/11/11,"tcgplayer,cardmarket",https://prices.pokemontcg.io/tcgplayer/swsh12-190,https://images.pokemontcg.io/swsh12/190_hires.png,2026/08/08,2025/11/18,4.85,4.0,5.369999885559082,213557.88,,,,,,6.0789,4.0257,6.4135,0.0,5.6290998458862305,7.4977,6.3212,0.0,0.0,0.0,1.1535,2026-08-09
swsh12-191,Gym Trainer,holofoil,Silver Tempest,191,Rare Ultra,Hideki Ishikawa,Supporter,,Trainer,2022/11/11,"tcgplayer,cardmarket",https://prices.pokemontcg.io/tcgplayer/swsh12-191,https://images.pokemontcg.io/swsh12/191_hires.png,2026/08/08,2025/11/18,1.43,0.9599999785423279,1.7999999523162842,94.09,,,,,,2.307,0.9113,2.1455,0.0,2.699199914932251,2.0302,2.2724,0.0,0.0,0.0,1.1535,2026-08-09
swsh12-192,Lance,holofoil,Silver Tempest,192,Rare Ultra,Ryuta Fuse,Supporter,,Trainer,2022/11/11,"tcgplayer,cardmarket",https://prices.pokemontcg.io/tcgplayer/swsh12-192,https://images.pokemontcg.io/swsh12/192_hires.png,2026/08/08,2025/11/18,4.54,3.25,4.949999809265137,100.6,,,,,,5.9751,3.3451,5.8482,0.0,7.451600074768066,6.0328,6.102,0.0,0.0,0.0,1.1535,2026-08-09
swsh12-193,Serena,holofoil,Silver Tempest,193,Rare Ultra,Megumi Mizutani,Supporter,,Trainer,2022/11/11,"tcgplayer,cardmarket",https://prices.pokemontcg.io/tcgplayer/swsh12-193,https://images.pokemontcg.io/swsh12/193_hires.png,2026/08/08,2025/11/18,14.44,12.0,15.680000305175781,130.05,,,,,,11.8003,4.6025,12.9999,0.0,11.477299690246582,13.7036,11.9503,0.0,0.0,0.0,1.1535,2026-08-09
swsh12-194,Wallace,holofoil,Silver Tempest,194,Rare Ultra,Ryuta Fuse,Supporter,,Trainer,2022/11/11,"tcgplayer,cardmarket",https://prices.pokemontcg.io/tcgplayer/swsh12-194,https://images.pokemontcg.io/swsh12/194_hires.png,2026/08/08,2025/11/18,6.12,4.019999980926514,6.5,53.86,,,,,,9.4818,6.9095,8.6628,0.0,8.893500328063965,9.5625,9.8855,0.0,0.0,0.0,1.1535,2026-08-09
swsh12-195,Worker,holofoil,Silver Tempest,195,Rare Ultra,Yuu Nishida,Supporter,,Trainer,2022/11/11,"tcgplayer,cardmarket",https://prices.pokemontcg.io/tcgplayer/swsh12-195,https://images.pokemontcg.io/swsh12/195_hires.png,2026/08/08,2025/11/18,2.87,2.0,3.0299999713897705,27.03,,,,,,3.622,1.6149,3.5874,0.0,4.475599765777588,3.4836,3.472,0.0,0.0,0.0,1.1535,2026-08-09
swsh12-196,Serperior VSTAR,holofoil,Silver Tempest,196,Rare Rainbow,PLANETA Mochizuki,VSTAR,497,Pokémon,2022/11/11,"tcgplayer,cardmarket",https://prices.pokemontcg.io/tcgplayer/swsh12-196,https://images.pokemontcg.io/swsh12/196_hires.png,2026/08/08,2025/11/18,7.09,5.900000095367432,7.960000038146973,999.0,,,,,,8.1437,3.449,7.3478,0.0,9.216500282287598,6.5634,7.6823,0.0,0.0,0.0,1.1535,2026-08-09
swsh12-197,Alolan Vulpix VSTAR,holofoil,Silver Tempest,197,Rare Rainbow,PLANETA Hiiragi,VSTAR,37,Pokémon,2022/11/11,"tcgplayer,cardmarket",https://prices.pokemontcg.io/tcgplayer/swsh12-197,https://images.pokemontcg.io/swsh12/197_hires.png,2026/08/08,2025/11/18,27.95,23.989999771118164,28.049999237060547,153.97,,,,,,13.4037,10.2546,11.9964,0.0,11.53499984741211,13.8189,14.4764,0.0,0.0,0.0,1.1535,2026-08-09
swsh12-198,Regieleki VMAX,holofoil,Silver Tempest,198,Rare Rainbow,N-DESIGN Inc.,VMAX,894,Pokémon,2022/11/11,"tcgplayer,cardmarket",https://prices.pokemontcg.io/tcgplayer/swsh12-198,https://images.pokemontcg.io/swsh12/198_hires.png,2026/08/08,2025/11/18,7.7,5.25,8.479999542236328,79.98,,,,,,8.8935,2.8838,8.5244,0.0,7.197800159454346,8.6512,8.8935,0.0,0.0,0.0,1.1535,2026-08-09
swsh12-199,Unown VSTAR,holofoil,Silver Tempest,199,Rare Rainbow,PLANETA Mochizuki,VSTAR,201,Pokémon,2022/11/11,"tcgplayer,cardmarket",https://prices.pokemontcg.io/tcgplayer/swsh12-199,https://images.pokemontcg.io/swsh12/199_hires.png,2026/08/08,2025/11/18,10.68,8.949999809265137,11.270000457763672,96.12,,,,,,10.0008,5.7675,10.9236,0.0,10.323800086975098,10.1623,10.1047,0.0,0.0,0.0,1.1535,2026-08-09
swsh12-200,Mawile VSTAR,holofoil,Silver Tempest,200,Rare Rainbow,PLANETA Mochizuki,VSTAR,303,Pokémon,2022/11/11,"tcgplayer,cardmarket",https://prices.pokemontcg.io/tcgplayer/swsh12-200,https://images.pokemontcg.io/swsh12/200_hires.png,2026/08/08,2025/11/18,7.33,5.989999771118164,7.840000152587891,70.08,,,,,,7.74,4.4986,8.0745,0.0,6.86329984664917,6.9325,7.567,0.0,0.0,0.0,1.1535,2026-08-09
swsh12-201,Regidrago VSTAR,holofoil,Silver Tempest,201,Rare Rainbow,PLANETA Yamashita,VSTAR,895,Pokémon,2022/11/11,"tcgplayer,cardmarket",https://prices.pokemontcg.io/tcgplayer/swsh12-201,https://images.pokemontcg.io/swsh12/201_hires.png,2026/08/08,2025/11/18,8.15,6.650000095367432,8.800000190734863,25.45,,,,,,10.7276,5.1907,8.6859,0.0,19.49410057067871,8.7897,10.0585,0.0,0.0,0.0,1.1535,2026-08-09
swsh12-202,Lugia VSTAR,holofoil,Silver Tempest,202,Rare Rainbow,PLANETA Mochizuki,VSTAR,249,Pokémon,2022/11/11,"tcgplayer,cardmarket",https://prices.pokemontcg.io/tcgplayer/swsh12-202,https://images.pokemontcg.io/swsh12/202_hires.png,2026/08/08,2025/11/18,41.84,33.290000915527344,43.560001373291016,200.0,,,,,,32.2288,17.3025,30.3717,0.0,36.85430145263672,32.9786,33.6361,0.0,0.0,0.0,1.1535,2026-08-09
swsh12-203,Brandon,holofoil,Silver Tempest,203,Rare Rainbow,Hideki Ishikawa,Supporter,,Trainer,2022/11/11,"tcgplayer,cardmarket",https://prices.pokemontcg.io/tcgplayer/swsh12-203,https://images.pokemontcg.io/swsh12/203_hires.png,2026/08/08,2025/11/18,7.76,5.440000057220459,8.039999961853027,19.95,,,,,,5.2715,1.1535,5.2946,0.0,4.602499961853027,5.2138,5.2946,0.0,0.0,0.0,1.1535,2026-08-09
swsh12-204,Candice,holofoil,Silver Tempest,204,Rare Rainbow,Naoki Saito,Supporter,,Trainer,2022/11/11,"tcgplayer,cardmarket",https://prices.pokemontcg.io/tcgplayer/swsh12-204,https://images.pokemontcg.io/swsh12/204_hires.png,2026/08/08,2025/11/18,5.69,4.0,6.329999923706055,51.93,,,,,,7.6362,3.9219,7.9245,0.0,9.227999687194824,7.4631,7.6823,0.0,0.0,0.0,1.1535,2026-08-09
swsh12-205,Furisode Girl,holofoil,Silver Tempest,205,Rare Rainbow,saino misaki,Supporter,,Trainer,2022/11/11,"tcgplayer,cardmarket",https://prices.pokemontcg.io/tcgplayer/swsh12-205,https://images.pokemontcg.io/swsh12/205_hires.png,2026/08/08,2025/11/18,6.1,4.5,6.710000038146973,54.9,,,,,,8.5474,3.4605,7.7169,0.0,10.358400344848633,8.0514,9.1242,0.0,0.0,0.0,1.1535,2026-08-09
swsh12-206,Lance,holofoil,Silver Tempest,206,Rare Rainbow,Ryuta Fuse,Supporter,,Trainer,2022/11/11,"tcgplayer,cardmarket",https://prices.pokemontcg.io/tcgplayer/swsh12-206,https://images.pokemontcg.io/swsh12/206_hires.png,2026/08/08,2025/11/18,5.03,3.700000047683716,5.25,49.7,,,,,,6.7018,4.5909,5.779,0.0,5.767499923706055,5.8252,6.6557,0.0,0.0,0.0,1.1535,2026-08-09
swsh12-207,Serena,holofoil,Silver Tempest,207,Rare Rainbow,Megumi Mizutani,Supporter,,Trainer,2022/11/11,"tcgplayer,cardmarket",https://prices.pokemontcg.io/tcgplayer/swsh12-207,https://images.pokemontcg.io/swsh12/207_hires.png,2026/08/08,2025/11/18,15.24,14.819999694824219,17.09000015258789,170.0,,,,,,10.5545,2.307,9.8278,0.0,9.227999687194824,9.1357,9.6433,0.0,0.0,0.0,1.1535,2026-08-09
swsh12-208,Wallace,holofoil,Silver Tempest,208,Rare Rainbow,Ryuta Fuse,Supporter,,Trainer,2022/11/11,"tcgplayer,cardmarket",https://prices.pokemontcg.io/tcgplayer/swsh12-208,https://images.pokemontcg.io/swsh12/208_hires.png,2026/08/08,2025/11/18,4.9,3.4200000762939453,4.96999979019165,34.11,,,,,,5.5022,3.9219,5.7906,0.0,4.994699954986572,5.9867,5.6752,0.0,0.0,0.0,1.1535,2026-08-09
swsh12-209,Worker,holofoil,Silver Tempest,209,Rare Rainbow,Yuu Nishida,Supporter,,Trainer,2022/11/11,"tcgplayer,cardmarket",https://prices.pokemontcg.io/tcgplayer/swsh12-209,https://images.pokemontcg.io/swsh12/209_hires.png,2026/08/08,2025/11/18,4.18,3.440000057220459,4.960000038146973,98.71,,,,,,5.8598,1.1535,5.3868,0.0,2.8838000297546387,6.3789,6.2866,0.0,0.0,0.0,1.1535,2026-08-09
swsh12-210,Serperior VSTAR,holofoil,Silver Tempest,210,Rare Secret,PLANETA Mochizuki,VSTAR,497,Pokémon,2022/11/11,"tcgplayer,cardmarket",https://prices.pokemontcg.io/tcgplayer/swsh12-210,https://images.pokemontcg.io/swsh12/210_hires.png,2026/08/08,2025/11/18,6.03,4.550000190734863,6.989999771118164,19.99,,,,,,5.9867,1.7302,5.5714,0.0,5.7444000244140625,5.8367,5.7098,0.0,0.0,0.0,1.1535,2026-08-09
swsh12-211,Lugia VSTAR,holofoil,Silver Tempest,211,Rare Secret,PLANETA Mochizuki,VSTAR,249,Pokémon,2022/11/11,"tcgplayer,cardmarket",https://prices.pokemontcg.io/tcgplayer/swsh12-211,https://images.pokemontcg.io/swsh12/211_hires.png,2026/08/08,2025/11/18,27.64,24.190000534057617,28.950000762939453,200.0,,,,,,21.0052,10.3815,20.0363,0.0,17.291000366210938,20.4169,20.6707,0.0,0.0,0.0,1.1535,2026-08-09
swsh12-212,Energy Switch,holofoil,Silver Tempest,212,Rare Secret,Toyste Beach,Item,,Trainer,2022/11/11,"tcgplayer,cardmarket",https://prices.pokemontcg.io/tcgplayer/swsh12-212,https://images.pokemontcg.io/swsh12/212_hires.png,2026/08/08,2025/11/18,7.0,4.980000019073486,8.819999694824219,96.94,,,,,,6.9095,4.0373,6.425,0.0,6.0904998779296875,6.6557,6.7941,0.0,0.0,0.0,1.1535,2026-08-09
swsh12-213,Gapejaw Bog,holofoil,Silver Tempest,213,Rare Secret,Oswaldo KATO,Stadium,,Trainer,2022/11/11,"tcgplayer,cardmarket",https://prices.pokemontcg.io/tcgplayer/swsh12-213,https://images.pokemontcg.io/swsh12/213_hires.png,2026/08/08,2025/11/18,2.36,1.8799999952316284,2.640000104904175,21.24,,,,,,3.2529,1.7187,3.3567,0.0,4.1757001876831055,3.2875,3.2183,0.0,0.0,0.0,1.1535,2026-08-09
swsh12-214,Leafy Camo Poncho,holofoil,Silver Tempest,214,Rare Secret,Studio Bora Inc.,Item|Pokémon Tool,,Trainer,2022/11/11,"tcgplayer,cardmarket",https://prices.pokemontcg.io/tcgplayer/swsh12-214,https://images.pokemontcg.io/swsh12/214_hires.png,2026/08/08,2025/11/18,1.84,1.2999999523162842,2.430000066757202,28.01,,,,,,2.5954,1.6149,2.4339,0.0,3.345099925994873,2.3531,2.5377,0.0,0.0,0.0,1.1535,2026-08-09
swsh12-215,V Guard Energy,holofoil,Silver Tempest,215,Rare Secret,,Special,,Energy,2022/11/11,"tcgplayer,cardmarket",https://prices.pokemontcg.io/tcgplayer/swsh12-215,https://images.pokemontcg.io/swsh12/215_hires.png,2026/08/08,2025/11/18,1.86,1.3799999952316284,2.049999952316284,20.0,,,,,,2.803,1.3842,2.1455,0.0,2.8722000122070312,2.803,2.8491,0.0,0.0,0.0,1.1535,2026-08-09
swsh12tg-TG01,Braixen,holofoil,Silver Tempest Trainer Gallery,TG01,Trainer Gallery Rare Holo,Naoki Saito,Stage 1,654,Pokémon,2022/11/11,"tcgplayer,cardmarket",https://prices.pokemontcg.io/tcgplayer/swsh12tg-TG01,https://images.pokemontcg.io/swsh12tg/TG01_hires.png,2026/08/08,2026/07/01,5.75,3.369999885559082,6.570000171661377,999.99,,,,,,4.4179,1.1535,4.3948,0.0,4.18720006942749,4.4871,4.4294,0.0,0.0,0.0,1.1535,2026-08-09
swsh12tg-TG02,Milotic,holofoil,Silver Tempest Trainer Gallery,TG02,Trainer Gallery Rare Holo,chibi,Stage 1,350,Pokémon,2022/11/11,"tcgplayer,cardmarket",https://prices.pokemontcg.io/tcgplayer/swsh12tg-TG02,https://images.pokemontcg.io/swsh12tg/TG02_hires.png,2026/08/08,2026/07/01,7.91,6.480000019073486,10.0,755.69,,,,,,10.1047,2.1916,13.7728,0.0,9.920100212097168,11.9849,10.9236,0.0,0.0,0.0,1.1535,2026-08-09
swsh12tg-TG03,Flaaffy,holofoil,Silver Tempest Trainer Gallery,TG03,Trainer Gallery Rare Holo,saino misaki,Stage 1,180,Pokémon,2022/11/11,"tcgplayer,cardmarket",https://prices.pokemontcg.io/tcgplayer/swsh12tg-TG03,https://images.pokemontcg.io/swsh12tg/TG03_hires.png,2026/08/08,2026/07/01,5.87,3.0,6.489999771118164,29.5,,,,,,4.1295,0.5883,4.4986,0.0,4.729300022125244,4.5217,4.2333,0.0,0.0,0.0,1.1535,2026-08-09
swsh12tg-TG04,Jynx,holofoil,Silver Tempest Trainer Gallery,TG04,Trainer Gallery Rare Holo,HYOGONOSUKE,Basic,124,Pokémon,2022/11/11,"tcgplayer,cardmarket",https://prices.pokemontcg.io/tcgplayer/swsh12tg-TG04,https://images.pokemontcg.io/swsh12tg/TG04_hires.png,2026/08/08,2026/07/01,3.44,2.009999990463257,3.9100000858306885,999.99,,,,,,3.7027,0.6921,4.0719,0.0,3.3336000442504883,4.0488,3.8758,0.0,0.0,0.0,1.1535,2026-08-09
swsh12tg-TG05,Gardevoir,holofoil,Silver Tempest Trainer Gallery,TG05,Trainer Gallery Rare Holo,AKIRA EGAWA,Stage 2,282,Pokémon,2022/11/11,"tcgplayer,cardmarket",https://prices.pokemontcg.io/tcgplayer/swsh12tg-TG05,https://images.pokemontcg.io/swsh12tg/TG05_hires.png,2026/08/08,2026/07/01,9.33,7.0,10.0,100.0,,,,,,7.74,3.4605,10.5891,0.0,8.928099632263184,13.7497,9.2626,0.0,0.0,0.0,1.1535,2026-08-09
swsh12tg-TG06,Malamar,holofoil,Silver Tempest Trainer Gallery,TG06,Trainer Gallery Rare Holo,Fumie Kittaka,Stage 1|Rapid Strike,687,Pokémon,2022/11/11,"tcgplayer,cardmarket",https://prices.pokemontcg.io/tcgplayer/swsh12tg-TG06,https://images.pokemontcg.io/swsh12tg/TG06_hires.png,2026/08/08,2026/07/01,1.5,0.800000011920929,1.9900000095367432,999.99,,,,,,2.0763,0.5767,1.9033,0.0,2.0532000064849854,1.7649,1.8917,0.0,0.0,0.0,1.1535,2026-08-09
swsh12tg-TG07,Rockruff,holofoil,Silver Tempest Trainer Gallery,TG07,Trainer Gallery Rare Holo,Hideki Ishikawa,Basic|Single Strike,744,Pokémon,2022/11/11,"tcgplayer,cardmarket",https://prices.pokemontcg.io/tcgplayer/swsh12tg-TG07,https://images.pokemontcg.io/swsh12tg/TG07_hires.png,2026/08/08,2026/07/01,5.64,4.25,6.489999771118164,29.5,,,,,,3.9911,1.142,4.1757,0.0,4.025700092315674,4.0026,4.0488,0.0,0.0,0.0,1.1535,2026-08-09
swsh12tg-TG08,Passimian,holofoil,Silver Tempest Trainer Gallery,TG08,Trainer Gallery Rare Holo,nagimiso,Basic|Rapid Strike,766,Pokémon,2022/11/11,"tcgplayer,cardmarket",https://prices.pokemontcg.io/tcgplayer/swsh12tg-TG08,https://images.pokemontcg.io/swsh12tg/TG08_hires.png,2026/08/08,2026/07/01,1.49,0.9800000190734863,1.940000057220459,999.99,,,,,,1.9725,0.346,1.7533,0.0,2.1224000453948975,1.7072,1.7764,0.0,0.0,0.0,1.1535,2026-08-09
swsh12tg-TG09,Druddigon,holofoil,Silver Tempest Trainer Gallery,TG09,Trainer Gallery Rare Holo,Teeziro,Basic,621,Pokémon,2022/11/11,"tcgplayer,cardmarket",https://prices.pokemontcg.io/tcgplayer/swsh12tg-TG09,https://images.pokemontcg.io/swsh12tg/TG09_hires.png,2026/08/08,2026/07/01,4.53,3.0,5.0,999.99,,,,,,3.6912,1.0958,3.8642,0.0,3.944999933242798,3.7835,3.8296,0.0,0.0,0.0,1.1535,2026-08-09
swsh12tg-TG10,Smeargle,holofoil,Silver Tempest Trainer Gallery,TG10,Trainer Gallery Rare Holo,KIYOTAKA OSHIYAMA,Basic,235,Pokémon,2022/11/11,"tcgplayer,cardmarket",https://prices.pokemontcg.io/tcgplayer/swsh12tg-TG10,https://images.pokemontcg.io/swsh12tg/TG10_hires.png,2026/08/08,2026/07/01,4.96,3.0,5.510000228881836,999.99,,,,,,3.299,1.1535,3.6335,0.0,3.9333999156951904,3.3336,3.4028,0.0,0.0,0.0,1.1535,2026-08-09
swsh12tg-TG11,Altaria,holofoil,Silver Tempest Trainer Gallery,TG11,Trainer Gallery Rare Holo,Yuu Nishida,Stage 1,334,Pokémon,2022/11/11,"tcgplayer,cardmarket",https://prices.pokemontcg.io/tcgplayer/swsh12tg-TG11,https://images.pokemontcg.io/swsh12tg/TG11_hires.png,2026/08/08,2026/07/01,6.47,4.300000190734863,7.599999904632568,25.0,,,,,,6.6211,4.0373,6.7826,0.0,8.07450008392334,6.6788,6.7826,0.0,0.0,0.0,1.1535,2026-08-09
swsh12tg-TG12,Kricketune V,holofoil,Silver Tempest Trainer Gallery,TG12,Rare Holo V,HYOGONOSUKE,Basic|V,402,Pokémon,2022/11/11,"tcgplayer,cardmarket",https://prices.pokemontcg.io/tcgplayer/swsh12tg-TG12,https://images.pokemontcg.io/swsh12tg/TG12_hires.png,2026/08/08,2026/07/01,5.04,3.7200000286102295,5.360000133514404,43.9,,,,,,6.2866,3.4605,6.5173,0.0,10.381500244140625,6.9095,6.4481,0.0,0.0,0.0,1.1535,2026-08-09
swsh12tg-TG13,Serperior V,holofoil,Silver Tempest Trainer Gallery,TG13,Rare Holo V,Teeziro,Basic|V,497,Pokémon,2022/11/11,"tcgplayer,cardmarket",https://prices.pokemontcg.io/tcgplayer/swsh12tg-TG13,https://images.pokemontcg.io/swsh12tg/TG13_hires.png,2026/08/08,2026/07/01,24.6,21.049999237060547,25.350000381469727,221.4,,,,,,22.6201,8.0745,22.747,0.0,25.37700080871582,23.8774,22.0549,0.0,0.0,0.0,1.1535,2026-08-09
swsh12tg-TG14,Blaziken V,holofoil,Silver Tempest Trainer Gallery,TG14,Rare Holo V,nagimiso,Basic|V|Rapid Strike,257,Pokémon,2022/11/11,"tcgplayer,cardmarket",https://prices.pokemontcg.io/tcgplayer/swsh12tg-TG14,https://images.pokemontcg.io/swsh12tg/TG14_hires.png,2026/08/08,2026/07/01,33.26,29.09000015258789,36.91999816894531,299.34,,,,,,30.5678,9.3087,33.9129,0.0,42.31039810180664,37.8117,31.4444,0.0,0.0,0.0,1.1535,2026-08-09
swsh12tg-TG15,Blaziken VMAX,holofoil,Silver Tempest Trainer Gallery,TG15,Rare Holo VMAX,KIYOTAKA OSHIYAMA,VMAX|Rapid Strike,257,Pokémon,2022/11/11,"tcgplayer,cardmarket",https://prices.pokemontcg.io/tcgplayer/swsh12tg-TG15,https://images.pokemontcg.io/swsh12tg/TG15_hires.png,2026/08/08,2026/07/01,40.21,36.0,40.529998779296875,96.95,,,,,,29.5411,11.4081,24.212,0.0,33.33610153198242,26.1037,28.7106,0.0,0.0,0.0,1.1535,2026-08-09
swsh12tg-TG16,Zeraora V,holofoil,Silver Tempest Trainer Gallery,TG16,Rare Holo V,yuu,Basic|V|Rapid Strike,807,Pokémon,2022/11/11,"tcgplayer,cardmarket",https://prices.pokemontcg.io/tcgplayer/swsh12tg-TG16,https://images.pokemontcg.io/swsh12tg/TG16_hires.png,2026/08/08,2026/07/01,13.67,10.0,13.8100004196167,4320.99,,,,,,13.8189,5.6406,15.999,0.0,17.129499435424805,15.6876,14.6379,0.0,0.0,0.0,1.1535,2026-08-09
swsh12tg-TG17,Mawile V,holofoil,Silver Tempest Trainer Gallery,TG17,Rare Holo V,saino misaki,Basic|V,303,Pokémon,2022/11/11,"tcgplayer,cardmarket",https://prices.pokemontcg.io/tcgplayer/swsh12tg-TG17,https://images.pokemontcg.io/swsh12tg/TG17_hires.png,2026/08/08,2026/07/01,13.6,10.529999732971191,14.5,96.95,,,,,,14.6956,6.8056,13.4729,0.0,20.76300048828125,13.2999,13.5767,0.0,0.0,0.0,1.1535,2026-08-09
swsh12tg-TG18,Corviknight V,holofoil,Silver Tempest Trainer Gallery,TG18,Rare Holo V,KIYOTAKA OSHIYAMA,Basic|V,823,Pokémon,2022/11/11,"tcgplayer,cardmarket",https://prices.pokemontcg.io/tcgplayer/swsh12tg-TG18,https://images.pokemontcg.io/swsh12tg/TG18_hires.png,2026/08/08,2026/07/01,14.89,12.449999809265137,16.020000457763672,186.23,,,,,,12.2732,5.1792,11.2466,0.0,13.818900108337402,11.3274,12.0887,0.0,0.0,0.0,1.1535,2026-08-09
swsh12tg-TG19,Corviknight VMAX,holofoil,Silver Tempest Trainer Gallery,TG19,Rare Holo VMAX,Shigenori Negishi,VMAX,823,Pokémon,2022/11/11,"tcgplayer,cardmarket",https://prices.pokemontcg.io/tcgplayer/swsh12tg-TG19,https://images.pokemontcg.io/swsh12tg/TG19_hires.png,2026/08/08,2026/06/30,10.32,7.690000057220459,10.34000015258789,25.0,,,,,,8.2937,4.0142,10.7506,0.0,7.774600028991699,8.5705,8.3859,0.0,0.0,0.0,1.1535,2026-08-09
swsh12tg-TG20,Rayquaza VMAX,holofoil,Silver Tempest Trainer Gallery,TG20,Rare Holo VMAX,Hideki Ishikawa,VMAX|Rapid Strike,384,Pokémon,2022/11/11,"tcgplayer,cardmarket",https://prices.pokemontcg.io/tcgplayer/swsh12tg-TG20,https://images.pokemontcg.io/swsh12tg/TG20_hires.png,2026/08/08,2026/06/27,203.61,176.97000122070312,218.9499969482422,1460.88,,,,,,233.9529,57.675,303.0591,0.0,150.5316925048828,228.9121,213.386,0.0,0.0,0.0,1.1535,2026-08-09
swsh12tg-TG21,Duraludon VMAX,holofoil,Silver Tempest Trainer Gallery,TG21,Rare Holo VMAX,AKIRA EGAWA,VMAX|Single Strike,884,Pokémon,2022/11/11,"tcgplayer,cardmarket",https://prices.pokemontcg.io/tcgplayer/swsh12tg-TG21,https://images.pokemontcg.io/swsh12tg/TG21_hires.png,2026/08/08,2026/06/27,11.87,10.0,13.069999694824219,276.4,,,,,,13.7382,5.7675,12.3771,0.0,10.958200454711914,12.9307,13.7036,0.0,0.0,0.0,1.1535,2026-08-09
swsh12tg-TG22,Blissey V,holofoil,Silver Tempest Trainer Gallery,TG22,Rare Holo V,You Iribi,Basic|V,242,Pokémon,2022/11/11,"tcgplayer,cardmarket",https://prices.pokemontcg.io/tcgplayer/swsh12tg-TG22,https://images.pokemontcg.io/swsh12tg/TG22_hires.png,2026/08/08,2026/06/27,23.74,19.0,23.940000534057617,149.05,,,,,,17.6255,4.614,23.1738,0.0,27.1072998046875,20.9476,17.8677,0.0,0.0,0.0,1.1535,2026-08-09
swsh12tg-TG23,Friends in Galar,holofoil,Silver Tempest Trainer Gallery,TG23,Rare Ultra,Sanosuke Sakuma,Supporter,,Trainer,2022/11/11,"tcgplayer,cardmarket",https://prices.pokemontcg.io/tcgplayer/swsh12tg-TG23,https://images.pokemontcg.io/swsh12tg/TG23_hires.png,2026/08/08,2026/06/26,10.25,7.010000228881836,10.25,50.0,,,,,,7.5439,2.7569,7.6592,0.0,7.324699878692627,7.0825,7.5208,0.0,0.0,0.0,1.1535,2026-08-09
swsh12tg-TG24,Gordie,holofoil,Silver Tempest Trainer Gallery,TG24,Rare Ultra,Ryuta Fuse,Supporter,,Trainer,2022/11/11,"tcgplayer,cardmarket",https://prices.pokemontcg.io/tcgplayer/swsh12tg-TG24,https://images.pokemontcg.io/swsh12tg/TG24_hires.png,2026/08/08,2026/06/26,1.98,0.9900000095367432,2.0799999237060547,96.91,,,,,,2.2032,1.1535,2.0302,0.0,2.376199960708618,2.1455,2.2147,0.0,0.0,0.0,1.1535,2026-08-09
swsh12tg-TG25,Judge,holofoil,Silver Tempest Trainer Gallery,TG25,Rare Ultra,Ryuta Fuse,Supporter,,Trainer,2022/11/11,"tcgplayer,cardmarket",https://prices.pokemontcg.io/tcgplayer/swsh12tg-TG25,https://images.pokemontcg.io/swsh12tg/TG25_hires.png,2026/08/08,2026/06/26,5.84,4.349999904632568,7.980000019073486,96.95,,,,,,6.8864,3.449,6.9095,0.0,5.767499923706055,7.1748,6.9787,0.0,0.0,0.0,1.1535,2026-08-09
swsh12tg-TG26,Professor Burnet,holofoil,Silver Tempest Trainer Gallery,TG26,Rare Ultra,kirisAki,Supporter,,Trainer,2022/11/11,"tcgplayer,cardmarket",https://prices.pokemontcg.io/tcgplayer/swsh12tg-TG26,https://images.pokemontcg.io/swsh12tg/TG26_hires.png,2026/08/08,2026/06/21,5.2,3.299999952316284,5.090000152587891,100.0,,,,,,3.7489,1.1535,3.8873,0.0,3.4258999824523926,3.795,3.7027,0.0,0.0,0.0,1.1535,2026-08-09
swsh12tg-TG27,Raihan,holofoil,Silver Tempest Trainer Gallery,TG27,Rare Ultra,take,Supporter,,Trainer,2022/11/11,"tcgplayer,cardmarket",https://prices.pokemontcg.io/tcgplayer/swsh12tg-TG27,https://images.pokemontcg.io/swsh12tg/TG27_hires.png,2026/08/08,2026/06/21,3.75,2.140000104904175,3.690000057220459,96.94,,,,,,3.5758,0.5767,3.9219,0.0,2.768399953842163,3.945,3.5758,0.0,0.0,0.0,1.1535,2026-08-09
swsh12tg-TG28,Sordward & Shielbert,holofoil,Silver Tempest Trainer Gallery,TG28,Rare Ultra,nagimiso,Supporter,,Trainer,2022/11/11,"tcgplayer,cardmarket",https://prices.pokemontcg.io/tcgplayer/swsh12tg-TG28,https://images.pokemontcg.io/swsh12tg/TG28_hires.png,2026/08/08,2026/06/21,1.89,0.9900000095367432,2.0,20.0,,,,,,2.7915,0.5652,2.5377,0.0,1.61489999294281,2.0878,2.7684,0.0,0.0,0.0,1.1535,2026-08-09
swsh12tg-TG29,Rayquaza VMAX,holofoil,Silver Tempest Trainer Gallery,TG29,Rare Secret,PLANETA Mochizuki,VMAX|Rapid Strike,384,Pokémon,2022/11/11,"tcgplayer,cardmarket",https://prices.pokemontcg.io/tcgplayer/swsh12tg-TG29,https://images.pokemontcg.io/swsh12tg/TG29_hires.png,2026/08/08,2026/06/11,34.69,29.280000686645508,40.279998779296875,314.82,,,,,,28.5491,9.228,29.6103,0.0,31.905799865722656,44.8135,28.2492,0.0,0.0,0.0,1.1535,2026-08-09
swsh12tg-TG30,Duraludon VMAX,holofoil,Silver Tempest Trainer Gallery,TG30,Rare Secret,PLANETA Mochizuki,VMAX|Single Strike,884,Pokémon,2022/11/11,"tcgplayer,cardmarket",https://prices.pokemontcg.io/tcgplayer/swsh12tg-TG30,https://images.pokemontcg.io/swsh12tg/TG30_hires.png,2026/08/08,2026/06/11,3.85,2.390000104904175,3.990000009536743,96.95,,,,,,2.5608,1.0151,3.3798,0.0,2.837599992752075,2.6877,2.5146,0.0,0.0,0.0,1.1535,2026-08-09
swshp-SWSH153,Pikachu,holofoil,SWSH Black Star Promos,SWSH153,Promo,sowsow,Basic,25,Pokémon,2019/11/15,"tcgplayer,cardmarket",https://prices.pokemontcg.io/tcgplayer/swshp-SWSH153,https://images.pokemontcg.io/swshp/SWSH153_hires.png,2026/08/08,2025/11/18,47.63,38.0,49.959999084472656,100.0,,,,,,11.0851,4.6025,12.9769,0.0,12.630800247192383,12.8731,11.3389,0.0,0.0,0.0,1.1535,2026-08-09
swshp-SWSH235,Dragonite V,holofoil,SWSH Black Star Promos,SWSH235,Promo,kawayoo,Basic|V,149,Pokémon,2019/11/15,"tcgplayer,cardmarket",https://prices.pokemontcg.io/tcgplayer/swshp-SWSH235,https://images.pokemontcg.io/swshp/SWSH235_hires.png,2026/08/08,2025/11/18,7.24,3.0,8.0,75.0,,,,,,3.4605,0.4614,3.1952,0.0,2.410799980163574,3.6681,3.3682,0.0,0.0,0.0,1.1535,2026-08-09
swshp-SWSH236,Dragonite VSTAR,holofoil,SWSH Black Star Promos,SWSH236,Promo,PLANETA Mochizuki,VSTAR,149,Pokémon,2019/11/15,"tcgplayer,cardmarket",https://prices.pokemontcg.io/tcgplayer/swshp-SWSH236,https://images.pokemontcg.io/swshp/SWSH236_hires.png,2026/08/08,2025/11/18,5.13,3.690000057220459,5.800000190734863,75.0,,,,,,2.7915,1.142,2.953,0.0,2.2955000400543213,2.8145,2.8145,0.0,0.0,0.0,1.1535,2026-08-09
swshp-SWSH240,Finneon,holofoil,SWSH Black Star Promos,SWSH240,Promo,OKACHEKE,Basic,456,Pokémon,2019/11/15,"tcgplayer,cardmarket",https://prices.pokemontcg.io/tcgplayer/swshp-SWSH240,https://images.pokemontcg.io/swshp/SWSH240_hires.png,2026/08/08,2025/11/18,0.85,0.44999998807907104,0.9900000095367432,5.0,,,,,,0.7152,0.2192,0.5537,0.0,0.46140000224113464,0.9459,1.2919,0.0,0.0,0.0,1.1535,2026-08-09
swshp-SWSH241,Gengar,holofoil,SWSH Black Star Promos,SWSH241,Promo,Uta,Stage 2,94,Pokémon,2019/11/15,"tcgplayer,cardmarket",https://prices.pokemontcg.io/tcgplayer/swshp-SWSH241,https://images.pokemontcg.io/swshp/SWSH241_hires.png,2026/08/08,2025/11/18,29.61,24.0,32.630001068115234,9999.0,,,,,,31.6174,13.7266,0.0231,0.0,25.37700080871582,22.574,29.2528,0.0,0.0,0.0,1.1535,2026-08-09
swshp-SWSH242,Comfey,holofoil,SWSH Black Star Promos,SWSH242,Promo,Teeziro,Basic,764,Pokémon,2019/11/15,"tcgplayer,cardmarket",https://prices.pokemontcg.io/tcgplayer/swshp-SWSH242,https://images.pokemontcg.io/swshp/SWSH242_hires.png,2026/08/08,2025/11/18,1.46,0.6499999761581421,1.5199999809265137,96.95,,,,,,1.0843,0.5191,1.7072,0.0,1.153499960899353,1.7302,1.2919,0.0,0.0,0.0,1.1535,2026-08-09
swshp-SWSH243,Machamp,holofoil,SWSH Black Star Promos,SWSH243,Promo,GOSSAN,Stage 2,68,Pokémon,2019/11/15,"tcgplayer,cardmarket",https://prices.pokemontcg.io/tcgplayer/swshp-SWSH243,https://images.pokemontcg.io/swshp/SWSH243_hires.png,2026/08/08,2025/11/18,2.9,2.0,3.450000047683716,129.25,,,,,,2.0532,0.8767,2.0763,0.0,5.2829999923706055,2.0648,2.0648,0.0,0.0,0.0,1.1535,2026-08-09
swshp-SWSH244,Scorbunny,holofoil,SWSH Black Star Promos,SWSH244,Promo,Taira Akitsu,Basic,813,Pokémon,2019/11/15,"tcgplayer,cardmarket",https://prices.pokemontcg.io/tcgplayer/swshp-SWSH244,https://images.pokemontcg.io/swshp/SWSH244_hires.png,2026/08/08,2025/11/18,1.85,0.8799999952316284,1.940000057220459,49.99,,,,,,0.5191,0.0231,0.4268,0.0,0.31139999628067017,0.5306,0.496,0.0,0.0,0.0,1.1535,2026-08-09
swshp-SWSH245,Croagunk,holofoil,SWSH Black Star Promos,SWSH245,Promo,Yuya Oka,Basic,453,Pokémon,2019/11/15,"tcgplayer,cardmarket",https://prices.pokemontcg.io/tcgplayer/swshp-SWSH245,https://images.pokemontcg.io/swshp/SWSH245_hires.png,2026/08/08,2025/11/18,0.54,0.07000000029802322,0.5299999713897705,19.98,,,,,,0.4037,0.0231,0.1846,0.0,0.09229999780654907,0.2076,0.3807,0.0,0.0,0.0,1.1535,2026-08-09
swshp-SWSH246,Weavile,holofoil,SWSH Black Star Promos,SWSH246,Promo,Shin Nagasawa,Stage 1,461,Pokémon,2019/11/15,"tcgplayer,cardmarket",https://prices.pokemontcg.io/tcgplayer/swshp-SWSH246,https://images.pokemontcg.io/swshp/SWSH246_hires.png,2026/08/08,2025/11/18,0.51,0.20999999344348907,0.6200000047683716,75.0,,,,,,0.2192,0.0231,0.0807,0.0,0.15000000596046448,0.1961,0.2076,0.0,0.0,0.0,1.1535,2026-08-09
swshp-SWSH247,Regigigas,holofoil,SWSH Black Star Promos,SWSH247,Promo,GOSSAN,Basic,486,Pokémon,2019/11/15,"tcgplayer,cardmarket",https://prices.pokemontcg.io/tcgplayer/swshp-SWSH247,https://images.pokemontcg.io/swshp/SWSH247_hires.png,2026/08/08,2025/11/18,0.96,0.3499999940395355,1.0,10.0,,,,,,0.2192,0.0231,0.2653,0.0,0.8651000261306763,0.2999,0.2307,0.0,0.0,0.0,1.1535,2026-08-09
swshp-SWSH252,Infernape V,holofoil,SWSH Black Star Promos,SWSH252,Promo,Ayaka Yoshida,Basic|V,392,Pokémon,2019/11/15,"tcgplayer,cardmarket",https://prices.pokemontcg.io/tcgplayer/swshp-SWSH252,https://images.pokemontcg.io/swshp/SWSH252_hires.png,2026/08/08,2025/11/18,1.13,0.6600000262260437,1.149999976158142,25.99,,,,,,1.0151,0.346,1.0958,0.0,0.911300003528595,1.1074,0.992,0.0,0.0,0.0,1.1535,2026-08-09
swshp-SWSH253,Origin Forme Palkia V,holofoil,SWSH Black Star Promos,SWSH253,Promo,aky CG Works,Basic|V,484,Pokémon,2019/11/15,"tcgplayer,cardmarket",https://prices.pokemontcg.io/tcgplayer/swshp-SWSH253,https://images.pokemontcg.io/swshp/SWSH253_hires.png,2026/08/08,2025/11/18,2.89,1.9800000190734863,3.1500000953674316,9999.0,,,,,,2.5377,1.142,2.7107,0.0,1.7302000522613525,2.4224,2.4685,0.0,0.0,0.0,1.1535,2026-08-09
swshp-SWSH254,Origin Forme Palkia VSTAR,holofoil,SWSH Black Star Promos,SWSH254,Promo,aky CG Works,VSTAR,484,Pokémon,2019/11/15,"tcgplayer,cardmarket",https://prices.pokemontcg.io/tcgplayer/swshp-SWSH254,https://images.pokemontcg.io/swshp/SWSH254_hires.png,2026/08/08,2025/11/18,1.54,0.8399999737739563,1.8899999856948853,10.0,,,,,,1.9725,0.5767,1.8571,0.0,1.7994999885559082,1.9956,1.9725,0.0,0.0,0.0,1.1535,2026-08-09
swshp-SWSH255,Origin Forme Dialga V,holofoil,SWSH Black Star Promos,SWSH255,Promo,5ban Graphics,Basic|V,483,Pokémon,2019/11/15,"tcgplayer,cardmarket",https://prices.pokemontcg.io/tcgplayer/swshp-SWSH255,https://images.pokemontcg.io/swshp/SWSH255_hires.png,2026/08/08,2025/11/18,3.82,2.5,4.329999923706055,50.0,,,,,,3.4605,2.0648,3.6335,0.0,3.4605000019073486,3.9104,3.472,0.0,0.0,0.0,1.1535,2026-08-09
swshp-SWSH256,Origin Forme Dialga VSTAR,holofoil,SWSH Black Star Promos,SWSH256,Promo,5ban Graphics,VSTAR,483,Pokémon,2019/11/15,"tcgplayer,cardmarket",https://prices.pokemontcg.io/tcgplayer/swshp-SWSH256,https://images.pokemontcg.io/swshp/SWSH256_hires.png,2026/08/08,2025/11/18,2.19,1.440000057220459,2.3499999046325684,18.0,,,,,,3.1837,1.0381,2.1801,0.0,4.037300109863281,2.1455,2.803,0.0,0.0,0.0,1.1535,2026-08-09
swshp-SWSH257,Rotom V,holofoil,SWSH Black Star Promos,SWSH257,Promo,5ban Graphics,Basic|V,479,Pokémon,2019/11/15,"tcgplayer,cardmarket",https://prices.pokemontcg.io/tcgplayer/swshp-SWSH257,https://images.pokemontcg.io/swshp/SWSH257_hires.png,2026/08/08,2025/11/18,0.87,0.49000000953674316,0.9700000286102295,19.98,,,,,,0.7036,0.2307,0.5537,0.0,0.46140000224113464,0.5652,0.6344,0.0,0.0,0.0,1.1535,2026-08-09
swshp-SWSH258,Gallade V,holofoil,SWSH Black Star Promos,SWSH258,Promo,Ryota Murayama,Basic|V,475,Pokémon,2019/11/15,"tcgplayer,cardmarket",https://prices.pokemontcg.io/tcgplayer/swshp-SWSH258,https://images.pokemontcg.io/swshp/SWSH258_hires.png,2026/08/08,2025/11/18,1.16,0.699999988079071,1.1399999856948853,50.0,,,,,,0.9113,0.4499,1.1996,0.0,1.003499984741211,1.1189,0.9459,0.0,0.0,0.0,1.1535,2026-08-09
swshp-SWSH259,Giratina V,holofoil,SWSH Black Star Promos,SWSH259,Promo,PLANETA Mochizuki,Basic|V,487,Pokémon,2019/11/15,"tcgplayer,cardmarket",https://prices.pokemontcg.io/tcgplayer/swshp-SWSH259,https://images.pokemontcg.io/swshp/SWSH259_hires.png,2026/08/08,2025/11/18,3.02,1.7999999523162842,3.0,96.95,,,,,,1.8687,0.6344,1.9033,0.0,2.8838000297546387,1.661,1.811,0.0,0.0,0.0,1.1535,2026-08-09
swshp-SWSH260,Charizard V,holofoil,SWSH Black Star Promos,SWSH260,Promo,Oswaldo KATO,Basic|V,6,Pokémon,2019/11/15,"tcgplayer,cardmarket",https://prices.pokemontcg.io/tcgplayer/swshp-SWSH260,https://images.pokemontcg.io/swshp/SWSH260_hires.png,2026/08/08,2025/11/18,48.43,40.0,56.0,1000.0,,,,,,45.2864,28.8375,43.7753,0.0,35.89690017700195,51.0424,40.9377,0.0,0.0,0.0,1.1535,2026-08-09
swshp-SWSH261,Charizard VMAX,holofoil,SWSH Black Star Promos,SWSH261,Promo,Shiburingaru,VMAX,6,Pokémon,2019/11/15,"tcgplayer,cardmarket",https://prices.pokemontcg.io/tcgplayer/swshp-SWSH261,https://images.pokemontcg.io/swshp/SWSH261_hires.png,2026/08/08,2025/11/18,48.26,36.9900016784668,53.189998626708984,362.52,,,,,,39.392,24.8002,36.3353,0.0,31.1560001373291,34.1667,36.589,0.0,0.0,0.0,1.1535,2026-08-09
swshp-SWSH262,Charizard VSTAR,holofoil,SWSH Black Star Promos,SWSH262,Promo,KIYOTAKA OSHIYAMA,VSTAR,6,Pokémon,2019/11/15,"tcgplayer,cardmarket",https://prices.pokemontcg.io/tcgplayer/swshp-SWSH262,https://images.pokemontcg.io/swshp/SWSH262_hires.png,2026/08/08,2025/11/18,76.72,60.0,84.20999908447266,689.4,,,,,,75.6119,40.3725,40.7301,0.0,47.870201110839844,52.6688,71.5747,0.0,0.0,0.0,1.1535,2026-08-09
swshp-SWSH263,Zeraora V,holofoil,SWSH Black Star Promos,SWSH263,Promo,N-DESIGN Inc.,Basic|V,807,Pokémon,2019/11/15,"tcgplayer,cardmarket",https://prices.pokemontcg.io/tcgplayer/swshp-SWSH263,https://images.pokemontcg.io/swshp/SWSH263_hires.png,2026/08/08,2025/11/18,1.14,0.4300000071525574,1.3700000047683716,17.32,,,,,,1.3727,0.5306,1.8687,0.0,1.7302000522613525,2.0071,1.5688,0.0,0.0,0.0,1.1535,2026-08-09
swshp-SWSH264,Zeraora VMAX,holofoil,SWSH Black Star Promos,SWSH264,Promo,N-DESIGN Inc.,VMAX,807,Pokémon,2019/11/15,"tcgplayer,cardmarket",https://prices.pokemontcg.io/tcgplayer/swshp-SWSH264,https://images.pokemontcg.io/swshp/SWSH264_hires.png,2026/08/08,2025/11/18,4.51,2.990000009536743,4.920000076293945,9999.0,,,,,,3.1837,2.0763,3.4951,0.0,4.025700092315674,3.6105,3.4836,0.0,0.0,0.0,1.1535,2026-08-09
swshp-SWSH265,Zeraora VSTAR,holofoil,SWSH Black Star Promos,SWSH265,Promo,aky CG Works,VSTAR,807,Pokémon,2019/11/15,"tcgplayer,cardmarket",https://prices.pokemontcg.io/tcgplayer/swshp-SWSH265,https://images.pokemontcg.io/swshp/SWSH265_hires.png,2026/08/08,2025/11/18,3.18,2.0,3.259999990463257,9999.0,,,,,,2.7684,1.6149,3.0683,0.0,4.613999843597412,2.8491,2.6992,0.0,0.0,0.0,1.1535,2026-08-09
swshp-SWSH266,Deoxys V,holofoil,SWSH Black Star Promos,SWSH266,Promo,N-DESIGN Inc.,Basic|V,386,Pokémon,2019/11/15,"tcgplayer,cardmarket",https://prices.pokemontcg.io/tcgplayer/swshp-SWSH266,https://images.pokemontcg.io/swshp/SWSH266_hires.png,2026/08/08,2025/11/18,2.31,1.340000033378601,2.309999942779541,16.6,,,,,,1.9609,0.5767,1.984,0.0,1.9493999481201172,1.8687,1.984,0.0,0.0,0.0,1.1535,2026-08-09
swshp-SWSH267,Deoxys VMAX,holofoil,SWSH Black Star Promos,SWSH267,Promo,N-DESIGN Inc.,VMAX,386,Pokémon,2019/11/15,"tcgplayer,cardmarket",https://prices.pokemontcg.io/tcgplayer/swshp-SWSH267,https://images.pokemontcg.io/swshp/SWSH267_hires.png,2026/08/08,2025/11/18,6.21,4.820000171661377,6.519999980926514,52.1,,,,,,3.1837,2.0186,2.8838,0.0,3.2874999046325684,2.7799,3.1491,0.0,0.0,0.0,1.1535,2026-08-09
swshp-SWSH268,Deoxys VSTAR,holofoil,SWSH Black Star Promos,SWSH268,Promo,5ban Graphics,VSTAR,386,Pokémon,2019/11/15,"tcgplayer,cardmarket",https://prices.pokemontcg.io/tcgplayer/swshp-SWSH268,https://images.pokemontcg.io/swshp/SWSH268_hires.png,2026/08/08,2025/11/18,6.34,4.480000019073486,6.5,9999.0,,,,,,4.0488,0.8651,3.3221,0.0,2.8722000122070312,3.1375,3.8296,0.0,0.0,0.0,1.1535,2026-08-09
swshp-SWSH269,Sunflora,holofoil,SWSH Black Star Promos,SWSH269,Promo,Shigenori Negishi,Stage 1,192,Pokémon,2019/11/15,"tcgplayer,cardmarket",https://prices.pokemontcg.io/tcgplayer/swshp-SWSH269,https://images.pokemontcg.io/swshp/SWSH269_hires.png,2026/08/08,2025/11/18,28.07,29.0,39.95000076293945,286.5,,,,,,1.1304,0.2307,1.3957,0.0,1.153499960899353,1.2227,1.1304,0.0,0.0,0.0,1.1535,2026-08-09
swshp-SWSH270,Rapidash,holofoil,SWSH Black Star Promos,SWSH270,Promo,aoki,Stage 1,78,Pokémon,2019/11/15,"tcgplayer,cardmarket",https://prices.pokemontcg.io/tcgplayer/swshp-SWSH270,https://images.pokemontcg.io/swshp/SWSH270_hires.png,2026/08/08,2025/11/18,52.07,40.5,59.9900016784668,800.0,,,,,,2.4108,0.5767,2.2147,0.0,3.3220999240875244,1.661,2.0878,0.0,0.0,0.0,1.1535,2026-08-09
swshp-SWSH271,Kirlia,holofoil,SWSH Black Star Promos,SWSH271,Promo,Taira Akitsu,Stage 1,281,Pokémon,2019/11/15,"tcgplayer,cardmarket",https://prices.pokemontcg.io/tcgplayer/swshp-SWSH271,https://images.pokemontcg.io/swshp/SWSH271_hires.png,2026/08/08,2025/11/18,2.15,1.190000057220459,2.2200000286102295,50.0,,,,,,2.3993,0.7959,2.4108,0.0,1.8456000089645386,1.984,1.8917,0.0,0.0,0.0,1.1535,2026-08-09
swshp-SWSH272,Archeops,holofoil,SWSH Black Star Promos,SWSH272,Promo,Nisota Niso,Stage 2,567,Pokémon,2019/11/15,"tcgplayer,cardmarket",https://prices.pokemontcg.io/tcgplayer/swshp-SWSH272,https://images.pokemontcg.io/swshp/SWSH272_hires.png,2026/08/08,2025/11/18,24.63,55.0,189.99000549316406,204.4,,,,,,2.2609,0.2884,1.5918,0.0,1.3380999565124512,2.0302,2.2147,0.0,0.0,0.0,1.1535,2026-08-09
swshp-SWSH273,Hisuian Basculin,holofoil,SWSH Black Star Promos,SWSH273,Promo,Shin Nagasawa,Basic,550,Pokémon,2019/11/15,"tcgplayer,cardmarket",https://prices.pokemontcg.io/tcgplayer/swshp-SWSH273,https://images.pokemontcg.io/swshp/SWSH273_hires.png,2026/08/08,2025/11/18,0.31,0.09000000357627869,0.33000001311302185,16.3,,,,,,0.323,0.0461,0.6806,0.0,0.17299999296665192,0.4037,0.3691,0.0,0.0,0.0,1.1535,2026-08-09
swshp-SWSH274,Cranidos,holofoil,SWSH Black Star Promos,SWSH274,Promo,GIDORA,Stage 1,408,Pokémon,2019/11/15,"tcgplayer,cardmarket",https://prices.pokemontcg.io/tcgplayer/swshp-SWSH274,https://images.pokemontcg.io/swshp/SWSH274_hires.png,2026/08/08,2025/11/18,0.39,0.009999999776482582,0.4399999976158142,17.82,,,,,,0.323,0.1154,0.5306,0.0,0.46140000224113464,0.7267,0.496,0.0,0.0,0.0,1.1535,2026-08-09
swshp-SWSH275,Manaphy,holofoil,SWSH Black Star Promos,SWSH275,Promo,NC Empire,Basic,490,Pokémon,2019/11/15,"tcgplayer,cardmarket",https://prices.pokemontcg.io/tcgplayer/swshp-SWSH275,https://images.pokemontcg.io/swshp/SWSH275_hires.png,2026/08/08,2025/11/18,1.64,0.75,1.690000057220459,45.0,,,,,,0.3807,0.0231,0.2884,0.0,0.51910001039505,0.3345,0.3691,0.0,0.0,0.0,1.1535,2026-08-09
swshp-SWSH276,Togetic,holofoil,SWSH Black Star Promos,SWSH276,Promo,Narumi Sato,Stage 1,176,Pokémon,2019/11/15,"tcgplayer,cardmarket",https://prices.pokemontcg.io/tcgplayer/swshp-SWSH276,https://images.pokemontcg.io/swshp/SWSH276_hires.png,2026/08/08,2025/11/18,2.4,1.0,2.5299999713897705,19.98,,,,,,0.5883,0.0231,0.8074,0.0,2.249300003051758,0.669,0.6114,0.0,0.0,0.0,1.1535,2026-08-09
swshp-SWSH294,Hisuian Electrode V,holofoil,SWSH Black Star Promos,SWSH294,Promo,5ban Graphics,Basic|V,101,Pokémon,2019/11/15,"tcgplayer,cardmarket",https://prices.pokemontcg.io/tcgplayer/swshp-SWSH294,https://images.pokemontcg.io/swshp/SWSH294_hires.png,2026/08/08,2025/11/18,1.11,0.49000000953674316,1.149999976158142,6.0,,,,,,0.7382,0.173,0.7036,0.0,0.5997999906539917,0.8536,0.7728,0.0,0.0,0.0,1.1535,2026-08-09
swshp-SWSH295,Virizion V,holofoil,SWSH Black Star Promos,SWSH295,Promo,Saki Hayashiro,Basic|V,640,Pokémon,2019/11/15,"tcgplayer,cardmarket",https://prices.pokemontcg.io/tcgplayer/swshp-SWSH295,https://images.pokemontcg.io/swshp/SWSH295_hires.png,2026/08/08,2025/11/18,0.7,0.009999999776482582,0.9599999785423279,10.0,,,,,,0.6575,0.1154,0.7036,0.0,0.8305000066757202,0.646,0.6575,0.0,0.0,0.0,1.1535,2026-08-09
swshp-SWSH296,Champions Festival,normal,SWSH Black Star Promos,SWSH296,Promo,Naoki Saito,Stadium,,Trainer,2019/11/15,"tcgplayer,cardmarket",https://prices.pokemontcg.io/tcgplayer/swshp-SWSH296,https://images.pokemontcg.io/swshp/SWSH296_hires.png,2026/08/08,2025/11/18,,448.5799865722656,449.260009765625,449.94,,,,,,298.1798,438.3185,348.2647,0.0,109.5824966430664,477.2145,477.2145,0.0,0.0,0.0,1.1535,2026-08-09
swshp-SWSH297,Hisuian Zoroark V,holofoil,SWSH Black Star Promos,SWSH297,Promo,aky CG Works,Basic|V,571,Pokémon,2019/11/15,"tcgplayer,cardmarket",https://prices.pokemontcg.io/tcgplayer/swshp-SWSH297,https://images.pokemontcg.io/swshp/SWSH297_hires.png,2026/08/08,2025/11/18,1.86,1.0,2.0,999.99,,,,,,1.3957,0.5767,1.2227,0.0,0.6690000295639038,1.4534,1.4419,0.0,0.0,0.0,1.1535,2026-08-09
swshp-SWSH298,Hisuian Zoroark VSTAR,holofoil,SWSH Black Star Promos,SWSH298,Promo,aky CG Works,VSTAR,571,Pokémon,2019/11/15,"tcgplayer,cardmarket",https://prices.pokemontcg.io/tcgplayer/swshp-SWSH298,https://images.pokemontcg.io/swshp/SWSH298_hires.png,2026/08/08,2025/11/18,1.6,1.0,1.809999942779541,999.99,,,,,,1.165,0.5191,0.9689,0.0,0.5536999702453613,1.1304,1.1189,0.0,0.0,0.0,1.1535,2026-08-09
mcd22-1,Ledyba,normal,McDonald's Collection 2022,1,,Naoyo Kimura,Basic,165,Pokémon,2022/08/03,"tcgplayer,cardmarket",https://prices.pokemontcg.io/tcgplayer/mcd22-1,https://images.pokemontcg.io/mcd22/1_hires.png,2026/08/08,2026/07/01,0.22,0.10000000149011612,0.25,19.98,,,,,,0.0923,0.0231,0.0692,0.0,0.023099999874830246,0.0346,0.1038,0.0,0.0,0.0,1.1535,2026-08-09
mcd22-2,Rowlet,holofoil,McDonald's Collection 2022,2,,HYOGONOSUKE,Basic,722,Pokémon,2022/08/03,"tcgplayer,cardmarket",https://prices.pokemontcg.io/tcgplayer/mcd22-2,https://images.pokemontcg.io/mcd22/2_hires.png,2026/08/08,2026/07/01,0.64,0.20000000298023224,0.6700000166893005,19.98,,,,,,0.5191,0.0231,0.4383,0.0,0.57669997215271,0.5075,0.4614,0.0,0.0,0.0,1.1535,2026-08-09
mcd22-3,Gossifleur,holofoil,McDonald's Collection 2022,3,,Mizue,Basic,829,Pokémon,2022/08/03,"tcgplayer,cardmarket",https://prices.pokemontcg.io/tcgplayer/mcd22-3,https://images.pokemontcg.io/mcd22/3_hires.png,2026/08/08,2026/07/01,0.39,0.009999999776482582,0.41999998688697815,19.98,,,,,,0.2999,0.0231,0.3114,0.0,0.2768000066280365,0.2538,0.323,0.0,0.0,0.0,1.1535,2026-08-09
mcd22-4,Growlithe,holofoil,McDonald's Collection 2022,4,,Narumi Sato,Basic,58,Pokémon,2022/08/03,"tcgplayer,cardmarket",https://prices.pokemontcg.io/tcgplayer/mcd22-4,https://images.pokemontcg.io/mcd22/4_hires.png,2026/08/08,2026/07/01,1.74,0.6600000262260437,1.4199999570846558,36.99,,,,,,0.4845,0.0231,0.6575,0.0,0.31139999628067017,0.4037,0.496,0.0,0.0,0.0,1.1535,2026-08-09
mcd22-5,Victini,holofoil,McDonald's Collection 2022,5,,Teeziro,Basic,494,Pokémon,2022/08/03,"tcgplayer,cardmarket",https://prices.pokemontcg.io/tcgplayer/mcd22-5,https://images.pokemontcg.io/mcd22/5_hires.png,2026/08/08,2026/07/01,1.0,0.41999998688697815,1.0,19.98,,,,,,0.5306,0.0231,0.4845,0.0,0.5651999711990356,0.4268,0.5306,0.0,0.0,0.0,1.1535,2026-08-09
mcd22-6,Lapras,normal,McDonald's Collection 2022,6,,Atsushi Furusawa,Basic,131,Pokémon,2022/08/03,"tcgplayer,cardmarket",https://prices.pokemontcg.io/tcgplayer/mcd22-6,https://images.pokemontcg.io/mcd22/6_hires.png,2026/08/08,2026/07/01,0.36,0.1899999976158142,0.3499999940395355,19.98,,,,,,0.2076,0.0231,0.0923,0.0,0.12690000236034393,0.1038,0.1615,0.0,0.0,0.0,1.1535,2026-08-09
mcd22-7,Pikachu,holofoil,McDonald's Collection 2022,7,,chibi,Basic,25,Pokémon,2022/08/03,"tcgplayer,cardmarket",https://prices.pokemontcg.io/tcgplayer/mcd22-7,https://images.pokemontcg.io/mcd22/7_hires.png,2026/08/08,2026/07/01,5.22,1.8899999856948853,5.179999828338623,24.48,,,,,,2.2378,0.0231,1.8225,0.0,2.1916000843048096,2.4685,2.0532,0.0,0.0,0.0,1.1535,2026-08-09
mcd22-8,Chinchou,normal,McDonald's Collection 2022,8,,sowsow,Basic,170,Pokémon,2022/08/03,"tcgplayer,cardmarket",https://prices.pokemontcg.io/tcgplayer/mcd22-8,https://images.pokemontcg.io/mcd22/8_hires.png,2026/08/08,2026/07/01,0.25,0.009999999776482582,0.25,19.98,,,,,,0.0807,0.0231,0.1615,0.0,0.11540000140666962,0.1038,0.0807,0.0,0.0,0.0,1.1535,2026-08-09
mcd22-9,Flaaffy,normal,McDonald's Collection 2022,9,,sui,Stage 1,180,Pokémon,2022/08/03,"tcgplayer,cardmarket",https://prices.pokemontcg.io/tcgplayer/mcd22-9,https://images.pokemontcg.io/mcd22/9_hires.png,2026/08/08,2026/07/01,0.29,0.10000000149011612,0.30000001192092896,19.98,,,,,,0.1269,0.0231,0.0923,0.0,0.11540000140666962,0.1038,0.1269,0.0,0.0,0.0,1.1535,2026-08-09
mcd22-10,Tynamo,normal,McDonald's Collection 2022,10,,sowsow,Basic,602,Pokémon,2022/08/03,"tcgplayer,cardmarket",https://prices.pokemontcg.io/tcgplayer/mcd22-10,https://images.pokemontcg.io/mcd22/10_hires.png,2026/08/08,2026/07/01,0.31,0.009999999776482582,0.25999999046325684,19.98,,,,,,0.0807,0.0231,0.0807,0.0,0.2653000056743622,0.0577,0.0807,0.0,0.0,0.0,1.1535,2026-08-09
mcd22-11,Cutiefly,normal,McDonald's Collection 2022,11,,Yukiko Baba,Basic,742,Pokémon,2022/08/03,"tcgplayer,cardmarket",https://prices.pokemontcg.io/tcgplayer/mcd22-11,https://images.pokemontcg.io/mcd22/11_hires.png,2026/08/08,2026/07/01,0.36,0.10999999940395355,0.27000001072883606,19.98,,,,,,0.0923,0.0231,0.15,0.0,0.05770000070333481,0.0461,0.1038,0.0,0.0,0.0,1.1535,2026-08-09
mcd22-12,Bewear,normal,McDonald's Collection 2022,12,,Shigenori Negishi,Stage 1,760,Pokémon,2022/08/03,"tcgplayer,cardmarket",https://prices.pokemontcg.io/tcgplayer/mcd22-12,https://images.pokemontcg.io/mcd22/12_hires.png,2026/08/08,2026/07/01,0.28,0.009999999776482582,0.25999999046325684,19.98,,,,,,0.1038,0.0231,0.0577,0.0,0.05770000070333481,0.0461,0.0807,0.0,0.0,0.0,1.1535,2026-08-09
mcd22-13,Pangoro,normal,McDonald's Collection 2022,13,,HYOGONOSUKE,Stage 1,675,Pokémon,2022/08/03,"tcgplayer,cardmarket",https://prices.pokemontcg.io/tcgplayer/mcd22-13,https://images.pokemontcg.io/mcd22/13_hires.png,2026/08/08,2026/07/01,0.31,0.07999999821186066,0.2800000011920929,19.98,,,,,,0.0923,0.0231,0.15,0.0,0.023099999874830246,0.1038,0.1038,0.0,0.0,0.0,1.1535,2026-08-09
mcd22-14,Drampa,normal,McDonald's Collection 2022,14,,Tomokazu Komiya,Basic,780,Pokémon,2022/08/03,"tcgplayer,cardmarket",https://prices.pokemontcg.io/tcgplayer/mcd22-14,https://images.pokemontcg.io/mcd22/14_hires.png,2026/08/08,2026/07/01,0.52,0.20000000298023224,0.4099999964237213,19.98,,,,,,0.15,0.0231,0.0346,0.0,0.23070000112056732,0.15,0.1615,0.0,0.0,0.0,1.1535,2026-08-09
mcd22-15,Smeargle,holofoil,McDonald's Collection 2022,15,,Kouki Saitou,Basic,235,Pokémon,2022/08/03,"tcgplayer,cardmarket",https://prices.pokemontcg.io/tcgplayer/mcd22-15,https://images.pokemontcg.io/mcd22/15_hires.png,2026/08/08,2026/07/01,1.04,0.28999999165534973,1.0,19.98,,,,,,0.4268,0.0231,0.3691,0.0,0.05770000070333481,0.2768,0.4383,0.0,0.0,0.0,1.1535,2026-08-09
swsh12pt5-1,Oddish,normal,Crown Zenith,1,Common,ryoma uratsuka,Basic,43,Pokémon,2023/01/20,"tcgplayer,cardmarket",https://prices.pokemontcg.io/tcgplayer/swsh12pt5-1,https://images.pokemontcg.io/swsh12pt5/1_hires.png,2026/08/08,2026/07/01,0.14,0.009999999776482582,0.17000000178813934,999.0,,0.41,,,,0.0461,0.0231,0.0461,0.4037,0.04610000178217888,0.0461,0.0461,0.2999,0.3576,0.3922,1.1535,2026-08-09
swsh12pt5-2,Gloom,normal,Crown Zenith,2,Uncommon,Kyoko Umemoto,Stage 1,44,Pokémon,2023/01/20,"tcgplayer,cardmarket",https://prices.pokemontcg.io/tcgplayer/swsh12pt5-2,https://images.pokemontcg.io/swsh12pt5/2_hires.png,2026/08/08,2026/07/01,0.16,0.009999999776482582,0.17000000178813934,999.0,,0.45,,,,0.0461,0.0231,0.0692,0.4153,0.12690000236034393,0.0577,0.0577,0.346,0.4268,0.3922,1.1535,2026-08-09
swsh12pt5-3,Bellossom,normal,Crown Zenith,3,Rare,Nagomi Nijo,Stage 2,182,Pokémon,2023/01/20,"tcgplayer,cardmarket",https://prices.pokemontcg.io/tcgplayer/swsh12pt5-3,https://images.pokemontcg.io/swsh12pt5/3_hires.png,2026/08/08,2026/07/01,0.21,0.009999999776482582,0.23000000417232513,999.0,,0.31,,,,0.1384,0.0231,0.15,0.6921,0.05770000070333481,0.1384,0.1384,0.173,0.8536,0.6921,1.1535,2026-08-09
swsh12pt5-4,Tangela,normal,Crown Zenith,4,Common,kurumitsu,Basic,114,Pokémon,2023/01/20,"tcgplayer,cardmarket",https://prices.pokemontcg.io/tcgplayer/swsh12pt5-4,https://images.pokemontcg.io/swsh12pt5/4_hires.png,2026/08/08,2026/07/01,0.09,0.009999999776482582,0.15000000596046448,999.0,,0.39,,,,0.0461,0.0231,0.0461,0.6114,0.03460000082850456,0.0346,0.0461,0.4037,0.4845,0.5767,1.1535,2026-08-09
swsh12pt5-5,Tangrowth,normal,Crown Zenith,5,Rare,zig,Stage 1,465,Pokémon,2023/01/20,"tcgplayer,cardmarket",https://prices.pokemontcg.io/tcgplayer/swsh12pt5-5,https://images.pokemontcg.io/swsh12pt5/5_hires.png,2026/08/08,2026/07/01,0.3,0.009999999776482582,0.25999999046325684,999.0,,0.31,,,,0.1154,0.0231,0.0807,0.4614,0.09229999780654907,0.0807,0.1154,0.2884,0.4383,0.4499,1.1535,2026-08-09
swsh12pt5-6,Scyther,normal,Crown Zenith,6,Common,Narumi Sato,Basic,123,Pokémon,2023/01/20,"tcgplayer,cardmarket",https://prices.pokemontcg.io/tcgplayer/swsh12pt5-6,https://images.pokemontcg.io/swsh12pt5/6_hires.png,2026/08/08,2026/07/01,0.12,0.009999999776482582,0.1599999964237213,999.0,,0.38,,,,0.0461,0.0231,0.0346,0.4153,0.10379999876022339,0.0577,0.0461,0.5306,0.4268,0.4268,1.1535,2026-08-09
swsh12pt5-7,Sunkern,normal,Crown Zenith,7,Common,ryoma uratsuka,Basic,191,Pokémon,2023/01/20,"tcgplayer,cardmarket",https://prices.pokemontcg.io/tcgplayer/swsh12pt5-7,https://images.pokemontcg.io/swsh12pt5/7_hires.png,2026/08/08,2026/07/01,0.03,0.009999999776482582,0.15000000596046448,999.0,,0.29,,,,0.0346,0.0231,0.0577,0.323,0.03460000082850456,0.0461,0.0346,0.4037,0.3807,0.3345,1.1535,2026-08-09
swsh12pt5-8,Yanma,normal,Crown Zenith,8,Common,Shin Nagasawa,Basic,193,Pokémon,2023/01/20,"tcgplayer,cardmarket",https://prices.pokemontcg.io/tcgplayer/swsh12pt5-8,https://images.pokemontcg.io/swsh12pt5/8_hires.png,2026/08/08,2026/07/01,0.09,0.009999999776482582,0.15000000596046448,999.0,,0.28,,,,0.0346,0.0231,0.0577,0.323,0.03460000082850456,0.0461,0.0346,1.1535,0.3576,0.346,1.1535,2026-08-09
swsh12pt5-9,Yanmega,normal,Crown Zenith,9,Rare,KIYOTAKA OSHIYAMA,Stage 1,469,Pokémon,2023/01/20,"tcgplayer,cardmarket",https://prices.pokemontcg.io/tcgplayer/swsh12pt5-9,https://images.pokemontcg.io/swsh12pt5/9_hires.png,2026/08/08,2026/07/01,0.19,0.009999999776482582,0.20000000298023224,999.0,,0.31,,,,0.0692,0.0231,0.0807,0.5191,0.09229999780654907,0.0692,0.0807,0.346,0.6575,0.5191,1.1535,2026-08-09
swsh12pt5-10,Kricketot,normal,Crown Zenith,10,Common,Shigenori Negishi,Basic,401,Pokémon,2023/01/20,"tcgplayer,cardmarket",https://prices.pokemontcg.io/tcgplayer/swsh12pt5-10,https://images.pokemontcg.io/swsh12pt5/10_hires.png,2026/08/08,2026/06/27,0.04,0.009999999776482582,0.15000000596046448,999.0,,0.32,,,,0.0346,0.0231,0.0461,0.346,0.12690000236034393,0.0346,0.0231,0.2307,0.2307,0.3807,1.1535,2026-08-09
swsh12pt5-11,Cherubi,normal,Crown Zenith,11,Common,Lee HyunJung,Basic,420,Pokémon,2023/01/20,"tcgplayer,cardmarket",https://prices.pokemontcg.io/tcgplayer/swsh12pt5-11,https://images.pokemontcg.io/swsh12pt5/11_hires.png,2026/08/08,2026/06/27,0.07,0.009999999776482582,0.15000000596046448,999.0,,0.29,,,,0.0346,0.0231,0.0346,0.3691,0.03460000082850456,0.0346,0.0346,0.5652,0.4268,0.3807,1.1535,2026-08-09
swsh12pt5-12,Carnivine,normal,Crown Zenith,12,Uncommon,Shibuzoh.,Basic,455,Pokémon,2023/01/20,"tcgplayer,cardmarket",https://prices.pokemontcg.io/tcgplayer/swsh12pt5-12,https://images.pokemontcg.io/swsh12pt5/12_hires.png,2026/08/08,2026/06/18,0.09,0.009999999776482582,0.15000000596046448,999.0,,0.3,,,,0.0461,0.0231,0.0346,0.4037,0.023099999874830246,0.0346,0.0346,2.2493,0.4845,0.4153,1.1535,2026-08-09
swsh12pt5-13,Leafeon V,holofoil,Crown Zenith,13,Rare Holo V,PLANETA Mochizuki,Basic|V,470,Pokémon,2023/01/20,"tcgplayer,cardmarket",https://prices.pokemontcg.io/tcgplayer/swsh12pt5-13,https://images.pokemontcg.io/swsh12pt5/13_hires.png,2026/08/08,2026/06/18,2.25,0.949999988079071,2.4700000286102295,999.0,,,,,,2.1455,0.4614,1.9725,0.0,2.0185999870300293,2.1455,2.1455,0.0,0.0,0.0,1.1535,2026-08-09
swsh12pt5-14,Leafeon VSTAR,holofoil,Crown Zenith,14,Rare Holo VSTAR,PLANETA Hiiragi,VSTAR,470,Pokémon,2023/01/20,"tcgplayer,cardmarket",https://prices.pokemontcg.io/tcgplayer/swsh12pt5-14,https://images.pokemontcg.io/swsh12pt5/14_hires.png,2026/08/08,2026/06/11,3.43,2.5,3.9000000953674316,999.0,,,,,,3.8758,1.4995,4.0373,0.0,4.613999843597412,3.7604,3.7719,0.0,0.0,0.0,1.1535,2026-08-09
swsh12pt5-15,Grubbin,normal,Crown Zenith,15,Common,Atsuko Nishida,Basic,736,Pokémon,2023/01/20,"tcgplayer,cardmarket",https://prices.pokemontcg.io/tcgplayer/swsh12pt5-15,https://images.pokemontcg.io/swsh12pt5/15_hires.png,2026/08/08,2026/06/11,0.03,0.009999999776482582,0.15000000596046448,999.0,,0.26,,,,0.0346,0.0231,0.0346,0.4153,0.023099999874830246,0.0346,0.0346,0.4614,0.2999,0.3691,1.1535,2026-08-09
swsh12pt5-16,Zarude,holofoil,Crown Zenith,16,Rare Holo,Shiburingaru,Basic,893,Pokémon,2023/01/20,"tcgplayer,cardmarket",https://prices.pokemontcg.io/tcgplayer/swsh12pt5-16,https://images.pokemontcg.io/swsh12pt5/16_hires.png,2026/08/08,2026/06/11,0.26,0.10000000149011612,0.30000001192092896,999.0,,0.4,,,,0.4268,0.0231,0.5652,0.7382,0.36910000443458557,0.346,0.3576,0.4499,0.5537,0.6229,1.1535,2026-08-09
swsh12pt5-17,Calyrex,holofoil,Crown Zenith,17,Rare Holo,Nurikabe,Basic,898,Pokémon,2023/01/20,"tcgplayer,cardmarket",https://prices.pokemontcg.io/tcgplayer/swsh12pt5-17,https://images.pokemontcg.io/swsh12pt5/17_hires.png,2026/08/08,2026/06/04,0.44,0.15000000596046448,0.4699999988079071,999.0,,0.58,,,,0.6575,0.1154,0.8767,1.165,0.7498000264167786,0.7382,0.6921,2.6992,1.4995,1.1996,1.1535,2026-08-09
swsh12pt5-18,Charizard V,holofoil,Crown Zenith,18,Rare Holo V,N-DESIGN Inc.,Basic|V,6,Pokémon,2023/01/20,"tcgplayer,cardmarket",https://prices.pokemontcg.io/tcgplayer/swsh12pt5-18,https://images.pokemontcg.io/swsh12pt5/18_hires.png,2026/08/08,2026/06/02,7.36,6.289999961853027,8.84000015258789,999.0,,,,,,5.4099,1.7302,5.9521,0.0,5.352200031280518,5.26,5.6406,0.0,0.0,0.0,1.1535,2026-08-09
swsh12pt5-19,Charizard VSTAR,holofoil,Crown Zenith,19,Rare Holo VSTAR,5ban Graphics,VSTAR,6,Pokémon,2023/01/20,"tcgplayer,cardmarket",https://prices.pokemontcg.io/tcgplayer/swsh12pt5-19,https://images.pokemontcg.io/swsh12pt5/19_hires.png,2026/08/08,2026/05/16,11.58,8.390000343322754,12.369999885559082,999.0,,,,,,8.7666,3.4605,11.6734,0.0,9.227999687194824,11.6042,10.2777,0.0,0.0,0.0,1.1535,2026-08-09
swsh12pt5-20,Radiant Charizard,holofoil,Crown Zenith,20,Radiant Rare,Kouki Saitou,Basic|Radiant,6,Pokémon,2023/01/20,"tcgplayer,cardmarket",https://prices.pokemontcg.io/tcgplayer/swsh12pt5-20,https://images.pokemontcg.io/swsh12pt5/20_hires.png,2026/08/08,2026/05/16,13.42,11.109999656677246,15.0,999.0,,,,,,13.2999,8.0745,18.0061,0.0,13.738200187683105,18.7674,15.1455,0.0,0.0,0.0,1.1535,2026-08-09
swsh12pt5-21,Entei,holofoil,Crown Zenith,21,Rare Holo,Nisota Niso,Basic,244,Pokémon,2023/01/20,"tcgplayer,cardmarket",https://prices.pokemontcg.io/tcgplayer/swsh12pt5-21,https://images.pokemontcg.io/swsh12pt5/21_hires.png,2026/08/08,2026/05/16,0.42,0.14000000059604645,0.4399999976158142,999.0,,0.55,,,,0.4499,0.0461,0.5767,0.819,0.4383000135421753,0.4499,0.4499,0.7498,0.819,0.8305,1.1535,2026-08-09
swsh12pt5-22,Simisear V,holofoil,Crown Zenith,22,Rare Holo V,5ban Graphics,Basic|V,514,Pokémon,2023/01/20,"tcgplayer,cardmarket",https://prices.pokemontcg.io/tcgplayer/swsh12pt5-22,https://images.pokemontcg.io/swsh12pt5/22_hires.png,2026/08/08,2026/05/11,0.75,0.5,0.9900000095367432,999.0,,,,,,0.8767,0.1038,0.9343,0.0,1.2111999988555908,0.992,0.8882,0.0,0.0,0.0,1.1535,2026-08-09
swsh12pt5-23,Simisear VSTAR,holofoil,Crown Zenith,23,Rare Holo VSTAR,5ban Graphics,VSTAR,514,Pokémon,2023/01/20,"tcgplayer,cardmarket",https://prices.pokemontcg.io/tcgplayer/swsh12pt5-23,https://images.pokemontcg.io/swsh12pt5/23_hires.png,2026/08/08,2026/04/19,1.32,0.7400000095367432,1.4900000095367432,999.0,,,,,,1.2919,0.4614,1.4534,0.0,0.7843999862670898,1.5688,1.3381,0.0,0.0,0.0,1.1535,2026-08-09
swsh12pt5-24,Larvesta,normal,Crown Zenith,24,Common,Tika Matsuno,Basic,636,Pokémon,2023/01/20,"tcgplayer,cardmarket",https://prices.pokemontcg.io/tcgplayer/swsh12pt5-24,https://images.pokemontcg.io/swsh12pt5/24_hires.png,2026/08/08,2026/04/19,0.06,0.009999999776482582,0.15000000596046448,999.0,,0.3,,,,0.0346,0.0231,0.0346,0.2768,0.04610000178217888,0.0346,0.0461,0.4383,0.3576,0.3345,1.1535,2026-08-09
swsh12pt5-25,Volcarona,normal,Crown Zenith,25,Rare,Yuya Oka,Stage 1,637,Pokémon,2023/01/20,"tcgplayer,cardmarket",https://prices.pokemontcg.io/tcgplayer/swsh12pt5-25,https://images.pokemontcg.io/swsh12pt5/25_hires.png,2026/08/08,2026/04/19,0.16,0.029999999329447746,0.20000000298023224,999.0,,0.32,,,,0.0692,0.0231,0.1038,0.5191,0.11540000140666962,0.0807,0.0692,0.323,0.4614,0.4845,1.1535,2026-08-09
swsh12pt5-26,Volcanion,holofoil,Crown Zenith,26,Rare Holo,Shiburingaru,Basic,721,Pokémon,2023/01/20,"tcgplayer,cardmarket",https://prices.pokemontcg.io/tcgplayer/swsh12pt5-26,https://images.pokemontcg.io/swsh12pt5/26_hires.png,2026/08/08,2026/03/11,0.26,0.05000000074505806,0.30000001192092896,999.0,,0.44,,,,0.346,0.0231,0.4499,0.5652,0.3345000147819519,0.4037,0.3345,0.7728,0.5421,0.5191,1.1535,2026-08-09
swsh12pt5-27,Salandit,normal,Crown Zenith,27,Common,Sekio,Basic,757,Pokémon,2023/01/20,"tcgplayer,cardmarket",https://prices.pokemontcg.io/tcgplayer/swsh12pt5-27,https://images.pokemontcg.io/swsh12pt5/27_hires.png,2026/08/08,2026/03/11,0.12,0.009999999776482582,0.15000000596046448,999.0,,0.39,,,,0.0461,0.0231,0.0231,0.2768,0.023099999874830246,0.0346,0.0461,0.3345,0.346,0.2653,1.1535,2026-08-09
swsh12pt5-28,Salazzle,normal,Crown Zenith,28,Uncommon,aoki,Stage 1,758,Pokémon,2023/01/20,"tcgplayer,cardmarket",https://prices.pokemontcg.io/tcgplayer/swsh12pt5-28,https://images.pokemontcg.io/swsh12pt5/28_hires.png,2026/08/08,2026/03/11,0.05,0.009999999776482582,0.15000000596046448,999.0,,0.33,,,,0.0577,0.0231,0.0807,0.3807,0.06920000165700912,0.0577,0.0461,0.173,0.3345,0.346,1.1535,2026-08-09
swsh12pt5-29,Seel,normal,Crown Zenith,29,Common,Kagemaru Himeno,Basic,86,Pokémon,2023/01/20,"tcgplayer,cardmarket",https://prices.pokemontcg.io/tcgplayer/swsh12pt5-29,https://images.pokemontcg.io/swsh12pt5/29_hires.png,2026/08/08,2026/03/11,0.05,0.009999999776482582,0.15000000596046448,999.0,,0.31,,,,0.0346,0.0231,0.0346,0.2884,0.023099999874830246,0.0346,0.0346,0.4499,0.2307,0.323,1.1535,2026-08-09
swsh12pt5-30,Galarian Mr. Mime,normal,Crown Zenith,30,Common,Shigenori Negishi,Basic,122,Pokémon,2023/01/20,"tcgplayer,cardmarket",https://prices.pokemontcg.io/tcgplayer/swsh12pt5-30,https://images.pokemontcg.io/swsh12pt5/30_hires.png,2026/08/08,2026/03/11,0.06,0.009999999776482582,0.15000000596046448,999.0,,0.33,,,,0.0461,0.0231,0.0461,0.3114,0.04610000178217888,0.0461,0.0461,0.2884,0.2999,0.2768,1.1535,2026-08-09
swsh12pt5-31,Wailmer,normal,Crown Zenith,31,Common,kodama,Basic,320,Pokémon,2023/01/20,"tcgplayer,cardmarket",https://prices.pokemontcg.io/tcgplayer/swsh12pt5-31,https://images.pokemontcg.io/swsh12pt5/31_hires.png,2026/08/08,2026/03/11,0.05,0.009999999776482582,0.15000000596046448,999.0,,0.35,,,,0.0346,0.0231,0.0346,0.323,0.04610000178217888,0.0461,0.0461,0.4614,0.4153,0.323,1.1535,2026-08-09
swsh12pt5-32,Wailord,normal,Crown Zenith,32,Rare,KIYOTAKA OSHIYAMA,Stage 1,321,Pokémon,2023/01/20,"tcgplayer,cardmarket",https://prices.pokemontcg.io/tcgplayer/swsh12pt5-32,https://images.pokemontcg.io/swsh12pt5/32_hires.png,2026/08/08,2026/03/11,0.21,0.009999999776482582,0.23000000417232513,999.0,,0.4,,,,0.0923,0.0231,0.1154,0.4845,0.15000000596046448,0.1154,0.0923,0.7267,0.5075,0.4268,1.1535,2026-08-09
swsh12pt5-33,Corphish,normal,Crown Zenith,33,Common,0313,Basic,341,Pokémon,2023/01/20,"tcgplayer,cardmarket",https://prices.pokemontcg.io/tcgplayer/swsh12pt5-33,https://images.pokemontcg.io/swsh12pt5/33_hires.png,2026/08/08,2026/03/11,0.05,0.009999999776482582,0.15000000596046448,999.0,,0.32,,,,0.0346,0.0231,0.0346,0.2653,0.023099999874830246,0.0461,0.0346,0.5767,0.2538,0.2768,1.1535,2026-08-09
swsh12pt5-34,Snorunt,normal,Crown Zenith,34,Common,otumami,Basic,361,Pokémon,2023/01/20,"tcgplayer,cardmarket",https://prices.pokemontcg.io/tcgplayer/swsh12pt5-34,https://images.pokemontcg.io/swsh12pt5/34_hires.png,2026/08/08,2026/03/07,0.04,0.009999999776482582,0.15000000596046448,999.0,,0.31,,,,0.0346,0.0231,0.0577,0.3576,0.04610000178217888,0.0346,0.0346,0.173,0.346,0.3576,1.1535,2026-08-09
swsh12pt5-35,Luvdisc,normal,Crown Zenith,35,Common,Miki Tanaka,Basic,370,Pokémon,2023/01/20,"tcgplayer,cardmarket",https://prices.pokemontcg.io/tcgplayer/swsh12pt5-35,https://images.pokemontcg.io/swsh12pt5/35_hires.png,2026/08/08,2026/02/21,0.02,0.009999999776482582,0.15000000596046448,999.0,,0.42,,,,0.0346,0.0231,0.0461,0.2768,0.023099999874830246,0.0461,0.0461,0.3691,0.2999,0.2884,1.1535,2026-08-09
swsh12pt5-36,Kyogre,holofoil,Crown Zenith,36,Rare Holo,Kouki Saitou,Basic,382,Pokémon,2023/01/20,"tcgplayer,cardmarket",https://prices.pokemontcg.io/tcgplayer/swsh12pt5-36,https://images.pokemontcg.io/swsh12pt5/36_hires.png,2026/08/08,2026/02/21,0.27,0.09000000357627869,0.3100000023841858,999.0,,0.51,,,,0.7613,0.0577,0.7152,1.1189,0.34599998593330383,0.5652,0.7498,0.5652,1.1189,1.2689,1.1535,2026-08-09
swsh12pt5-37,Kyogre V,holofoil,Crown Zenith,37,Rare Holo V,PLANETA Tsuji,Basic|V,382,Pokémon,2023/01/20,"tcgplayer,cardmarket",https://prices.pokemontcg.io/tcgplayer/swsh12pt5-37,https://images.pokemontcg.io/swsh12pt5/37_hires.png,2026/08/08,2026/02/21,1.09,0.5,1.0499999523162842,1000.0,,,,,,1.5226,0.5652,1.5803,0.0,1.5226000547409058,1.5111,1.5111,0.0,0.0,0.0,1.1535,2026-08-09
swsh12pt5-38,Glaceon V,holofoil,Crown Zenith,38,Rare Holo V,PLANETA Mochizuki,Basic|V,471,Pokémon,2023/01/20,"tcgplayer,cardmarket",https://prices.pokemontcg.io/tcgplayer/swsh12pt5-38,https://images.pokemontcg.io/swsh12pt5/38_hires.png,2026/08/08,2026/02/21,2.43,0.9900000095367432,2.75,999.0,,,,,,1.6034,0.5191,1.5918,0.0,1.5917999744415283,1.488,1.638,0.0,0.0,0.0,1.1535,2026-08-09
swsh12pt5-39,Shinx,normal,Crown Zenith,39,Common,Mina Nakai,Basic|Rapid Strike,403,Pokémon,2023/01/20,"tcgplayer,cardmarket",https://prices.pokemontcg.io/tcgplayer/swsh12pt5-39,https://images.pokemontcg.io/swsh12pt5/39_hires.png,2026/08/08,2026/02/21,0.15,0.009999999776482582,0.1599999964237213,999.0,,0.36,,,,0.0461,0.0231,0.0577,0.3114,0.04610000178217888,0.0461,0.0461,0.3576,0.323,0.323,1.1535,2026-08-09
swsh12pt5-40,Shinx,normal,Crown Zenith,40,Common,0313,Basic,403,Pokémon,2023/01/20,"tcgplayer,cardmarket",https://prices.pokemontcg.io/tcgplayer/swsh12pt5-40,https://images.pokemontcg.io/swsh12pt5/40_hires.png,2026/08/08,2026/02/21,0.12,0.009999999776482582,0.15000000596046448,999.0,,0.32,,,,0.0346,0.0231,0.0461,0.3576,0.023099999874830246,0.0461,0.0346,0.2884,0.3807,0.3691,1.1535,2026-08-09
swsh12pt5-41,Luxio,normal,Crown Zenith,41,Uncommon,Shibuzoh.,Stage 1|Rapid Strike,404,Pokémon,2023/01/20,"tcgplayer,cardmarket",https://prices.pokemontcg.io/tcgplayer/swsh12pt5-41,https://images.pokemontcg.io/swsh12pt5/41_hires.png,2026/08/08,2026/02/21,0.16,0.009999999776482582,0.18000000715255737,999.0,,0.4,,,,0.0577,0.0231,0.0577,0.3345,0.023099999874830246,0.0461,0.0577,0.2884,0.2884,0.3114,1.1535,2026-08-09
swsh12pt5-42,Luxio,normal,Crown Zenith,42,Uncommon,Eri Yamaki,Stage 1,404,Pokémon,2023/01/20,"tcgplayer,cardmarket",https://prices.pokemontcg.io/tcgplayer/swsh12pt5-42,https://images.pokemontcg.io/swsh12pt5/42_hires.png,2026/08/08,2026/02/19,0.08,0.009999999776482582,0.15000000596046448,999.0,,0.36,,,,0.0461,0.0231,0.0577,0.3114,0.023099999874830246,0.0692,0.0461,0.323,0.2653,0.3691,1.1535,2026-08-09
swsh12pt5-43,Luxray,normal,Crown Zenith,43,Rare,sui,Stage 2|Rapid Strike,405,Pokémon,2023/01/20,"tcgplayer,cardmarket",https://prices.pokemontcg.io/tcgplayer/swsh12pt5-43,https://images.pokemontcg.io/swsh12pt5/43_hires.png,2026/08/08,2026/02/19,0.22,0.029999999329447746,0.25,999.0,,0.42,,,,0.1384,0.0231,0.1269,0.5191,0.03460000082850456,0.1269,0.1269,0.346,0.4845,0.5998,1.1535,2026-08-09
swsh12pt5-44,Luxray,normal,Crown Zenith,44,Rare,Ryota Murayama,Stage 2,405,Pokémon,2023/01/20,"tcgplayer,cardmarket",https://prices.pokemontcg.io/tcgplayer/swsh12pt5-44,https://images.pokemontcg.io/swsh12pt5/44_hires.png,2026/08/08,2026/02/19,0.22,0.009999999776482582,0.23999999463558197,999.0,,0.39,,,,0.1615,0.0231,0.173,0.5998,0.03460000082850456,0.1384,0.1615,0.3691,0.4383,0.5998,1.1535,2026-08-09
swsh12pt5-45,Rotom V,holofoil,Crown Zenith,45,Rare Holo V,5ban Graphics,Basic|V,479,Pokémon,2023/01/20,"tcgplayer,cardmarket",https://prices.pokemontcg.io/tcgplayer/swsh12pt5-45,https://images.pokemontcg.io/swsh12pt5/45_hires.png,2026/08/08,2026/02/19,0.85,0.30000001192092896,0.9900000095367432,999.0,,,,,,0.8767,0.2307,1.0035,0.0,0.9343000054359436,0.9689,0.8536,0.0,0.0,0.0,1.1535,2026-08-09
swsh12pt5-46,Rotom VSTAR,holofoil,Crown Zenith,46,Rare Holo VSTAR,5ban Graphics,VSTAR,479,Pokémon,2023/01/20,"tcgplayer,cardmarket",https://prices.pokemontcg.io/tcgplayer/swsh12pt5-46,https://images.pokemontcg.io/swsh12pt5/46_hires.png,2026/08/08,2026/02/19,1.29,0.7900000214576721,1.5,999.0,,,,,,1.488,0.5767,1.2573,0.0,0.945900022983551,1.165,1.4649,0.0,0.0,0.0,1.1535,2026-08-09
swsh12pt5-47,Emolga,normal,Crown Zenith,47,Common,Saya Tsuruta,Basic,587,Pokémon,2023/01/20,"tcgplayer,cardmarket",https://prices.pokemontcg.io/tcgplayer/swsh12pt5-47,https://images.pokemontcg.io/swsh12pt5/47_hires.png,2026/08/08,2026/02/19,0.19,0.009999999776482582,0.18000000715255737,999.0,,0.36,,,,0.0577,0.0231,0.0577,0.4729,0.023099999874830246,0.0692,0.0461,0.346,0.2884,0.4268,1.1535,2026-08-09
swsh12pt5-48,Eelektrik,normal,Crown Zenith,48,Uncommon,NC Empire,Stage 1,603,Pokémon,2023/01/20,"tcgplayer,cardmarket",https://prices.pokemontcg.io/tcgplayer/swsh12pt5-48,https://images.pokemontcg.io/swsh12pt5/48_hires.png,2026/08/08,2026/02/19,0.03,0.009999999776482582,0.15000000596046448,999.0,,0.31,,,,0.0346,0.0231,0.0346,0.2884,0.023099999874830246,0.0346,0.0346,0.5767,0.2884,0.3691,1.1535,2026-08-09
swsh12pt5-49,Helioptile,normal,Crown Zenith,49,Common,Oswaldo KATO,Basic,694,Pokémon,2023/01/20,"tcgplayer,cardmarket",https://prices.pokemontcg.io/tcgplayer/swsh12pt5-49,https://images.pokemontcg.io/swsh12pt5/49_hires.png,2026/08/08,2026/02/19,0.06,0.009999999776482582,0.15000000596046448,999.0,,0.32,,,,0.0346,0.0231,0.0346,0.2884,0.023099999874830246,0.0346,0.0346,0.323,0.2422,0.323,1.1535,2026-08-09
swsh12pt5-50,Heliolisk,normal,Crown Zenith,50,Rare,Akira Komayama,Stage 1,695,Pokémon,2023/01/20,"tcgplayer,cardmarket",https://prices.pokemontcg.io/tcgplayer/swsh12pt5-50,https://images.pokemontcg.io/swsh12pt5/50_hires.png,2026/08/08,2026/02/19,0.06,0.009999999776482582,0.18000000715255737,999.0,,0.28,,,,0.0923,0.0231,0.0807,0.3922,0.023099999874830246,0.0807,0.0923,0.2884,0.2768,0.4499,1.1535,2026-08-09
swsh12pt5-51,Radiant Charjabug,holofoil,Crown Zenith,51,Radiant Rare,Mizue,Basic|Radiant,737,Pokémon,2023/01/20,"tcgplayer,cardmarket",https://prices.pokemontcg.io/tcgplayer/swsh12pt5-51,https://images.pokemontcg.io/swsh12pt5/51_hires.png,2026/08/08,2026/02/19,0.63,0.15000000596046448,0.7400000095367432,999.0,,,,,,0.6921,0.0231,0.0923,0.0,0.20759999752044678,0.4499,0.7036,0.0,0.0,0.0,1.1535,2026-08-09
swsh12pt5-52,Zeraora,normal,Crown Zenith,52,Rare,HYOGONOSUKE,Basic,807,Pokémon,2023/01/20,"tcgplayer,cardmarket",https://prices.pokemontcg.io/tcgplayer/swsh12pt5-52,https://images.pokemontcg.io/swsh12pt5/52_hires.png,2026/08/08,2026/02/19,0.16,0.019999999552965164,0.20000000298023224,999.0,,0.36,,,,0.1154,0.0231,0.1038,0.5537,0.03460000082850456,0.1154,0.1038,0.8651,0.496,0.669,1.1535,2026-08-09
swsh12pt5-53,Zeraora V,holofoil,Crown Zenith,53,Rare Holo V,5ban Graphics,Basic|V,807,Pokémon,2023/01/20,"tcgplayer,cardmarket",https://prices.pokemontcg.io/tcgplayer/swsh12pt5-53,https://images.pokemontcg.io/swsh12pt5/53_hires.png,2026/08/08,2026/02/19,0.92,0.5,1.0,999.0,,,,,,1.1189,0.4614,1.0612,0.0,0.8305000066757202,1.1304,1.142,0.0,0.0,0.0,1.1535,2026-08-09
swsh12pt5-54,Zeraora VMAX,holofoil,Crown Zenith,54,Rare Holo VMAX,Nisota Niso,VMAX,807,Pokémon,2023/01/20,"tcgplayer,cardmarket",https://prices.pokemontcg.io/tcgplayer/swsh12pt5-54,https://images.pokemontcg.io/swsh12pt5/54_hires.png,2026/08/08,2026/02/19,7.5,1.850000023841858,3.430000066757202,999.0,,,,,,2.6069,1.3727,2.3993,0.0,2.1916000843048096,2.7569,2.6069,0.0,0.0,0.0,1.1535,2026-08-09
swsh12pt5-55,Zeraora VSTAR,holofoil,Crown Zenith,55,Rare Holo VSTAR,aky CG Works,VSTAR,807,Pokémon,2023/01/20,"tcgplayer,cardmarket",https://prices.pokemontcg.io/tcgplayer/swsh12pt5-55,https://images.pokemontcg.io/swsh12pt5/55_hires.png,2026/08/08,2026/02/19,1.81,1.2000000476837158,1.9900000095367432,999.0,,,,,,2.1801,1.1535,1.6841,0.0,1.4880000352859497,2.0186,2.134,0.0,0.0,0.0,1.1535,2026-08-09
swsh12pt5-56,Pincurchin,normal,Crown Zenith,56,Uncommon,Saya Tsuruta,Basic,871,Pokémon,2023/01/20,"tcgplayer,cardmarket",https://prices.pokemontcg.io/tcgplayer/swsh12pt5-56,https://images.pokemontcg.io/swsh12pt5/56_hires.png,2026/08/08,2026/01/23,0.04,0.009999999776482582,0.15000000596046448,999.0,,0.34,,,,0.0346,0.0231,0.0231,0.346,0.03460000082850456,0.0346,0.0346,0.2076,0.2538,0.323,1.1535,2026-08-09
swsh12pt5-57,Exeggcute,normal,Crown Zenith,57,Common,zig,Basic,102,Pokémon,2023/01/20,"tcgplayer,cardmarket",https://prices.pokemontcg.io/tcgplayer/swsh12pt5-57,https://images.pokemontcg.io/swsh12pt5/57_hires.png,2026/08/08,2026/01/23,0.03,0.009999999776482582,0.15000000596046448,999.0,,0.34,,,,0.0346,0.0231,0.0461,0.3922,0.03460000082850456,0.0346,0.0346,0.2307,0.4268,0.4153,1.1535,2026-08-09
swsh12pt5-58,Exeggutor,normal,Crown Zenith,58,Rare,Toshinao Aoki,Stage 1,103,Pokémon,2023/01/20,"tcgplayer,cardmarket",https://prices.pokemontcg.io/tcgplayer/swsh12pt5-58,https://images.pokemontcg.io/swsh12pt5/58_hires.png,2026/08/08,2026/01/21,0.18,0.019999999552965164,0.20000000298023224,999.0,,0.37,,,,0.1038,0.0231,0.1038,0.4383,0.11540000140666962,0.1384,0.1154,0.3345,0.7959,0.5421,1.1535,2026-08-09
swsh12pt5-59,Mewtwo,holofoil,Crown Zenith,59,Rare Holo,Atsushi Furusawa,Basic,150,Pokémon,2023/01/20,"tcgplayer,cardmarket",https://prices.pokemontcg.io/tcgplayer/swsh12pt5-59,https://images.pokemontcg.io/swsh12pt5/59_hires.png,2026/08/08,2026/01/21,2.69,1.4900000095367432,3.130000114440918,999.0,,3.39,,,,1.1996,0.1154,1.7187,1.8802,2.27239990234375,1.4073,1.2804,4.5563,2.307,1.9956,1.1535,2026-08-09
swsh12pt5-60,Mew V,holofoil,Crown Zenith,60,Rare Holo V,PLANETA Igarashi,Basic|V|Fusion Strike,151,Pokémon,2023/01/20,"tcgplayer,cardmarket",https://prices.pokemontcg.io/tcgplayer/swsh12pt5-60,https://images.pokemontcg.io/swsh12pt5/60_hires.png,2026/08/08,2026/01/21,7.12,5.389999866485596,7.989999771118164,999.0,,,,,,2.5608,0.5767,2.7915,0.0,4.210299968719482,2.9414,2.6646,0.0,0.0,0.0,1.1535,2026-08-09
swsh12pt5-61,Girafarig,normal,Crown Zenith,61,Uncommon,Mina Nakai,Basic,203,Pokémon,2023/01/20,"tcgplayer,cardmarket",https://prices.pokemontcg.io/tcgplayer/swsh12pt5-61,https://images.pokemontcg.io/swsh12pt5/61_hires.png,2026/08/08,2026/01/21,0.03,0.009999999776482582,0.15000000596046448,999.0,,0.35,,,,0.0461,0.0231,0.0692,0.3114,0.023099999874830246,0.0577,0.0461,0.2884,0.1961,0.2653,1.1535,2026-08-09
swsh12pt5-62,Lunatone,normal,Crown Zenith,62,Uncommon,Narumi Sato,Basic,337,Pokémon,2023/01/20,"tcgplayer,cardmarket",https://prices.pokemontcg.io/tcgplayer/swsh12pt5-62,https://images.pokemontcg.io/swsh12pt5/62_hires.png,2026/08/08,2026/01/21,0.02,0.009999999776482582,0.15000000596046448,999.0,,0.36,,,,0.0346,0.0231,0.0346,0.2999,0.03460000082850456,0.0231,0.0346,0.2884,0.2999,0.2999,1.1535,2026-08-09
swsh12pt5-63,Dusclops,normal,Crown Zenith,63,Uncommon,DOM,Stage 1,356,Pokémon,2023/01/20,"tcgplayer,cardmarket",https://prices.pokemontcg.io/tcgplayer/swsh12pt5-63,https://images.pokemontcg.io/swsh12pt5/63_hires.png,2026/08/08,2026/01/21,0.02,0.009999999776482582,0.15000000596046448,999.0,,0.38,,,,0.0346,0.0231,0.0346,0.3345,0.06920000165700912,0.0577,0.0461,0.2884,0.4153,0.323,1.1535,2026-08-09
swsh12pt5-64,Tapu Lele,holofoil,Crown Zenith,64,Rare Holo,Saya Tsuruta,Basic,786,Pokémon,2023/01/20,"tcgplayer,cardmarket",https://prices.pokemontcg.io/tcgplayer/swsh12pt5-64,https://images.pokemontcg.io/swsh12pt5/64_hires.png,2026/08/08,2026/01/21,0.35,0.15000000596046448,0.3799999952316284,999.0,,0.44,,,,0.3114,0.0231,0.4268,0.5998,0.6114000082015991,0.5306,0.346,0.6344,0.992,0.6575,1.1535,2026-08-09
swsh12pt5-65,Hatterene V,holofoil,Crown Zenith,65,Rare Holo V,kawayoo,Basic|V,858,Pokémon,2023/01/20,"tcgplayer,cardmarket",https://prices.pokemontcg.io/tcgplayer/swsh12pt5-65,https://images.pokemontcg.io/swsh12pt5/65_hires.png,2026/08/08,2026/01/21,0.95,0.5,1.0,999.0,,,,,,1.0958,0.1154,0.9113,0.0,0.8190000057220459,1.0612,1.0843,0.0,0.0,0.0,1.1535,2026-08-09
swsh12pt5-66,Hatterene VMAX,holofoil,Crown Zenith,66,Rare Holo VMAX,5ban Graphics,VMAX,858,Pokémon,2023/01/20,"tcgplayer,cardmarket",https://prices.pokemontcg.io/tcgplayer/swsh12pt5-66,https://images.pokemontcg.io/swsh12pt5/66_hires.png,2026/08/08,2026/01/21,1.79,0.9900000095367432,2.0,999.0,,,,,,1.5457,0.7498,1.2342,0.0,1.430299997329712,1.2804,1.4765,0.0,0.0,0.0,1.1535,2026-08-09
swsh12pt5-67,Enamorus,normal,Crown Zenith,67,Rare,Jiro Sasumo,Basic,905,Pokémon,2023/01/20,"tcgplayer,cardmarket",https://prices.pokemontcg.io/tcgplayer/swsh12pt5-67,https://images.pokemontcg.io/swsh12pt5/67_hires.png,2026/08/08,2026/01/21,0.23,0.009999999776482582,0.23000000417232513,999.0,,0.35,,,,0.0923,0.0231,0.1846,0.5306,0.41530001163482666,0.1846,0.1154,0.3114,0.2653,0.4614,1.1535,2026-08-09
swsh12pt5-68,Graveler,normal,Crown Zenith,68,Uncommon,AKIRA EGAWA,Stage 1,75,Pokémon,2023/01/20,"tcgplayer,cardmarket",https://prices.pokemontcg.io/tcgplayer/swsh12pt5-68,https://images.pokemontcg.io/swsh12pt5/68_hires.png,2026/08/08,2026/01/21,0.04,0.009999999776482582,0.15000000596046448,999.0,,0.28,,,,0.0346,0.0231,0.0461,0.3922,0.04610000178217888,0.0461,0.0346,0.2538,0.3114,0.3691,1.1535,2026-08-09
swsh12pt5-69,Solrock,normal,Crown Zenith,69,Uncommon,OKACHEKE,Basic,338,Pokémon,2023/01/20,"tcgplayer,cardmarket",https://prices.pokemontcg.io/tcgplayer/swsh12pt5-69,https://images.pokemontcg.io/swsh12pt5/69_hires.png,2026/08/08,2026/01/21,0.06,0.009999999776482582,0.15000000596046448,999.0,,0.32,,,,0.0461,0.0231,0.0461,0.3114,0.023099999874830246,0.0577,0.0461,0.2076,0.3345,0.3114,1.1535,2026-08-09
swsh12pt5-70,Baltoy,normal,Crown Zenith,70,Common,Nagomi Nijo,Basic,343,Pokémon,2023/01/20,"tcgplayer,cardmarket",https://prices.pokemontcg.io/tcgplayer/swsh12pt5-70,https://images.pokemontcg.io/swsh12pt5/70_hires.png,2026/08/08,2026/01/21,0.05,0.009999999776482582,0.15000000596046448,999.0,,0.32,,,,0.0346,0.0231,0.0346,0.3576,0.05770000070333481,0.0461,0.0346,0.0807,0.3345,0.3345,1.1535,2026-08-09
swsh12pt5-71,Riolu,normal,Crown Zenith,71,Common,Taira Akitsu,Basic,447,Pokémon,2023/01/20,"tcgplayer,cardmarket",https://prices.pokemontcg.io/tcgplayer/swsh12pt5-71,https://images.pokemontcg.io/swsh12pt5/71_hires.png,2026/08/08,2026/01/19,0.12,0.009999999776482582,0.1599999964237213,999.0,,0.39,,,,0.0461,0.0231,0.0461,0.3807,0.05770000070333481,0.0692,0.0461,0.4268,0.4153,0.3691,1.1535,2026-08-09
swsh12pt5-72,Pancham,normal,Crown Zenith,72,Common,Sanosuke Sakuma,Basic,674,Pokémon,2023/01/20,"tcgplayer,cardmarket",https://prices.pokemontcg.io/tcgplayer/swsh12pt5-72,https://images.pokemontcg.io/swsh12pt5/72_hires.png,2026/08/08,2026/01/19,0.02,0.009999999776482582,0.15000000596046448,999.0,,0.3,,,,0.0346,0.0231,0.0346,0.2768,0.04610000178217888,0.0346,0.0461,0.2884,0.2884,0.2999,1.1535,2026-08-09
swsh12pt5-73,Rockruff,normal,Crown Zenith,73,Common,OKACHEKE,Basic,744,Pokémon,2023/01/20,"tcgplayer,cardmarket",https://prices.pokemontcg.io/tcgplayer/swsh12pt5-73,https://images.pokemontcg.io/swsh12pt5/73_hires.png,2026/08/08,2026/01/19,0.07,0.009999999776482582,0.15000000596046448,999.0,,0.42,,,,0.0461,0.0231,0.0461,0.3922,0.03460000082850456,0.0461,0.0461,0.3691,0.3922,0.3691,1.1535,2026-08-09
swsh12pt5-74,Lycanroc,normal,Crown Zenith,74,Rare,kodama,Stage 1,745,Pokémon,2023/01/20,"tcgplayer,cardmarket",https://prices.pokemontcg.io/tcgplayer/swsh12pt5-74,https://images.pokemontcg.io/swsh12pt5/74_hires.png,2026/08/08,2026/01/19,0.16,0.029999999329447746,0.20000000298023224,999.0,,0.35,,,,0.0807,0.0231,0.1269,0.4153,0.10379999876022339,0.1269,0.1038,1.8687,0.5998,0.4499,1.1535,2026-08-09
swsh12pt5-75,Koffing,normal,Crown Zenith,75,Common,miki kudo,Basic,109,Pokémon,2023/01/20,"tcgplayer,cardmarket",https://prices.pokemontcg.io/tcgplayer/swsh12pt5-75,https://images.pokemontcg.io/swsh12pt5/75_hires.png,2026/08/08,2026/01/19,0.02,0.009999999776482582,0.15000000596046448,999.0,,0.32,,,,0.0346,0.0231,0.0231,0.3807,0.06920000165700912,0.0461,0.0346,0.2999,0.4383,0.4037,1.1535,2026-08-09
swsh12pt5-76,Absol,holofoil,Crown Zenith,76,Rare Holo,Shiburingaru,Basic,359,Pokémon,2023/01/20,"tcgplayer,cardmarket",https://prices.pokemontcg.io/tcgplayer/swsh12pt5-76,https://images.pokemontcg.io/swsh12pt5/76_hires.png,2026/08/08,2026/01/19,0.43,0.14000000059604645,0.3799999952316284,999.0,,0.56,,,,0.5998,0.0346,0.5075,0.819,0.46140000224113464,0.5191,0.5883,0.7498,0.9459,0.8536,1.1535,2026-08-09
swsh12pt5-77,Purrloin,normal,Crown Zenith,77,Common,Shibuzoh.,Basic,509,Pokémon,2023/01/20,"tcgplayer,cardmarket",https://prices.pokemontcg.io/tcgplayer/swsh12pt5-77,https://images.pokemontcg.io/swsh12pt5/77_hires.png,2026/08/08,2026/01/19,0.08,0.009999999776482582,0.15000000596046448,999.0,,0.45,,,,0.0346,0.0231,0.0231,0.323,0.03460000082850456,0.0346,0.0346,0.2884,0.3114,0.3114,1.1535,2026-08-09
swsh12pt5-78,Liepard,normal,Crown Zenith,78,Rare,KEIICHIRO ITO,Stage 1,510,Pokémon,2023/01/20,"tcgplayer,cardmarket",https://prices.pokemontcg.io/tcgplayer/swsh12pt5-78,https://images.pokemontcg.io/swsh12pt5/78_hires.png,2026/08/08,2026/01/19,0.17,0.029999999329447746,0.1899999976158142,999.0,,0.32,,,,0.1038,0.0231,0.0923,0.4845,0.19609999656677246,0.1154,0.1154,0.173,0.4037,0.4499,1.1535,2026-08-09
swsh12pt5-79,Krokorok,normal,Crown Zenith,79,Uncommon,Shin Nagasawa,Stage 1,552,Pokémon,2023/01/20,"tcgplayer,cardmarket",https://prices.pokemontcg.io/tcgplayer/swsh12pt5-79,https://images.pokemontcg.io/swsh12pt5/79_hires.png,2026/08/08,2026/01/19,0.11,0.009999999776482582,0.15000000596046448,999.0,,0.33,,,,0.0346,0.0231,0.0231,0.4729,0.04610000178217888,0.0346,0.0346,0.5191,0.3691,0.4383,1.1535,2026-08-09
swsh12pt5-80,Pangoro,normal,Crown Zenith,80,Rare,Uta,Stage 1,675,Pokémon,2023/01/20,"tcgplayer,cardmarket",https://prices.pokemontcg.io/tcgplayer/swsh12pt5-80,https://images.pokemontcg.io/swsh12pt5/80_hires.png,2026/08/08,2026/01/19,0.18,0.009999999776482582,0.20000000298023224,999.0,,0.37,,,,0.0807,0.0231,0.1384,0.5306,0.219200000166893,0.1615,0.1384,0.5191,0.4729,0.5191,1.1535,2026-08-09
swsh12pt5-81,Skrelp,normal,Crown Zenith,81,Common,Tomokazu Komiya,Basic,690,Pokémon,2023/01/20,"tcgplayer,cardmarket",https://prices.pokemontcg.io/tcgplayer/swsh12pt5-81,https://images.pokemontcg.io/swsh12pt5/81_hires.png,2026/08/08,2026/01/19,0.15,0.009999999776482582,0.1599999964237213,999.0,,0.4,,,,0.0692,0.0231,0.0461,0.4268,0.09229999780654907,0.0577,0.0692,0.3114,0.4153,0.4153,1.1535,2026-08-09
swsh12pt5-82,Dragalge,normal,Crown Zenith,82,Rare,NC Empire,Stage 1,691,Pokémon,2023/01/20,"tcgplayer,cardmarket",https://prices.pokemontcg.io/tcgplayer/swsh12pt5-82,https://images.pokemontcg.io/swsh12pt5/82_hires.png,2026/08/08,2026/01/16,0.25,0.03999999910593033,0.25,999.0,,0.36,,,,0.1269,0.0231,0.15,0.5191,0.12690000236034393,0.1269,0.1384,0.2768,0.496,0.4729,1.1535,2026-08-09
swsh12pt5-83,Hoopa,holofoil,Crown Zenith,83,Rare Holo,Souichirou Gunjima,Basic,720,Pokémon,2023/01/20,"tcgplayer,cardmarket",https://prices.pokemontcg.io/tcgplayer/swsh12pt5-83,https://images.pokemontcg.io/swsh12pt5/83_hires.png,2026/08/08,2026/01/16,0.3,0.09000000357627869,0.3100000023841858,999.0,,0.43,,,,0.4614,0.0231,0.5306,0.7267,0.5536999702453613,0.5075,0.4383,1.1535,0.6806,0.7613,1.1535,2026-08-09
swsh12pt5-84,Galarian Meowth,normal,Crown Zenith,84,Common,miki kudo,Basic,52,Pokémon,2023/01/20,"tcgplayer,cardmarket",https://prices.pokemontcg.io/tcgplayer/swsh12pt5-84,https://images.pokemontcg.io/swsh12pt5/84_hires.png,2026/08/08,2026/01/16,0.15,0.009999999776482582,0.15000000596046448,999.0,,0.4,,,,0.0461,0.0231,0.0577,0.3345,0.05770000070333481,0.0461,0.0461,0.173,0.3345,0.3345,1.1535,2026-08-09
swsh12pt5-85,Galarian Perrserker,normal,Crown Zenith,85,Rare,Teeziro,Stage 1,863,Pokémon,2023/01/20,"tcgplayer,cardmarket",https://prices.pokemontcg.io/tcgplayer/swsh12pt5-85,https://images.pokemontcg.io/swsh12pt5/85_hires.png,2026/08/08,2026/01/16,0.24,0.019999999552965164,0.23999999463558197,999.0,,0.28,,,,0.1038,0.0231,0.0923,0.5191,0.03460000082850456,0.1154,0.1038,1.488,0.6344,0.4614,1.1535,2026-08-09
swsh12pt5-86,Scizor,normal,Crown Zenith,86,Rare,kodama,Stage 1,212,Pokémon,2023/01/20,"tcgplayer,cardmarket",https://prices.pokemontcg.io/tcgplayer/swsh12pt5-86,https://images.pokemontcg.io/swsh12pt5/86_hires.png,2026/08/08,2026/01/16,0.21,0.019999999552965164,0.23000000417232513,999.0,,0.52,,,,0.15,0.0231,0.173,0.5306,0.09229999780654907,0.1615,0.1615,0.346,0.3807,0.5191,1.1535,2026-08-09
swsh12pt5-87,Aron,normal,Crown Zenith,87,Common,sowsow,Basic,304,Pokémon,2023/01/20,"tcgplayer,cardmarket",https://prices.pokemontcg.io/tcgplayer/swsh12pt5-87,https://images.pokemontcg.io/swsh12pt5/87_hires.png,2026/08/08,2026/01/16,0.16,0.009999999776482582,0.17000000178813934,999.0,,0.4,,,,0.0461,0.0231,0.0461,0.3691,0.04610000178217888,0.0461,0.0461,0.5191,0.3922,0.3691,1.1535,2026-08-09
swsh12pt5-88,Lairon,normal,Crown Zenith,88,Uncommon,Mina Nakai,Stage 1,305,Pokémon,2023/01/20,"tcgplayer,cardmarket",https://prices.pokemontcg.io/tcgplayer/swsh12pt5-88,https://images.pokemontcg.io/swsh12pt5/88_hires.png,2026/08/08,2026/01/16,0.14,0.009999999776482582,0.15000000596046448,999.0,,0.39,,,,0.0461,0.0231,0.0807,0.4268,0.04610000178217888,0.0807,0.0577,0.6229,0.3807,0.4037,1.1535,2026-08-09
swsh12pt5-89,Aggron,holofoil,Crown Zenith,89,Rare Holo,GOSSAN,Stage 2,306,Pokémon,2023/01/20,"tcgplayer,cardmarket",https://prices.pokemontcg.io/tcgplayer/swsh12pt5-89,https://images.pokemontcg.io/swsh12pt5/89_hires.png,2026/08/08,2026/01/16,0.42,0.05000000074505806,0.4000000059604645,999.0,,0.4,,,,0.3922,0.0231,0.3576,0.6921,0.29989999532699585,0.4037,0.3691,1.4419,0.7613,0.6921,1.1535,2026-08-09
swsh12pt5-90,Metang,normal,Crown Zenith,90,Uncommon,Nisota Niso,Stage 1,375,Pokémon,2023/01/20,"tcgplayer,cardmarket",https://prices.pokemontcg.io/tcgplayer/swsh12pt5-90,https://images.pokemontcg.io/swsh12pt5/90_hires.png,2026/08/08,2026/01/16,0.1,0.009999999776482582,0.15000000596046448,999.0,,0.31,,,,0.0461,0.0231,0.0461,0.3807,0.03460000082850456,0.0461,0.0461,0.3345,0.2768,0.346,1.1535,2026-08-09
swsh12pt5-91,Pawniard,normal,Crown Zenith,91,Common,Yuya Oka,Basic,624,Pokémon,2023/01/20,"tcgplayer,cardmarket",https://prices.pokemontcg.io/tcgplayer/swsh12pt5-91,https://images.pokemontcg.io/swsh12pt5/91_hires.png,2026/08/08,2026/01/16,0.02,0.009999999776482582,0.15000000596046448,999.0,,0.31,,,,0.0346,0.0231,0.0231,0.3114,0.023099999874830246,0.0231,0.0346,0.2884,0.2884,0.2768,1.1535,2026-08-09
swsh12pt5-92,Pawniard,normal,Crown Zenith,92,Common,Yuka Morii,Basic,624,Pokémon,2023/01/20,"tcgplayer,cardmarket",https://prices.pokemontcg.io/tcgplayer/swsh12pt5-92,https://images.pokemontcg.io/swsh12pt5/92_hires.png,2026/08/08,2026/01/16,0.18,0.009999999776482582,0.20000000298023224,999.0,,0.74,,,,0.0346,0.0231,0.0231,0.346,0.023099999874830246,0.0231,0.0346,0.2884,0.2192,0.3114,1.1535,2026-08-09
swsh12pt5-93,Bisharp,normal,Crown Zenith,93,Uncommon,DOM,Stage 1,625,Pokémon,2023/01/20,"tcgplayer,cardmarket",https://prices.pokemontcg.io/tcgplayer/swsh12pt5-93,https://images.pokemontcg.io/swsh12pt5/93_hires.png,2026/08/08,2026/01/16,0.03,0.009999999776482582,0.15000000596046448,999.0,,0.39,,,,0.0346,0.0231,0.0346,0.346,0.023099999874830246,0.0346,0.0346,0.2307,0.346,0.3691,1.1535,2026-08-09
swsh12pt5-94,Zacian,holofoil,Crown Zenith,94,Rare Holo,nagimiso,Basic,888,Pokémon,2023/01/20,"tcgplayer,cardmarket",https://prices.pokemontcg.io/tcgplayer/swsh12pt5-94,https://images.pokemontcg.io/swsh12pt5/94_hires.png,2026/08/08,2026/01/16,0.26,0.05000000074505806,0.30000001192092896,999.0,,0.39,,,,0.4729,0.0346,0.5421,0.7267,0.6229000091552734,0.4614,0.4499,1.1535,0.7959,0.6575,1.1535,2026-08-09
swsh12pt5-95,Zacian V,holofoil,Crown Zenith,95,Rare Holo V,aky CG Works,Basic|V,888,Pokémon,2023/01/20,"tcgplayer,cardmarket",https://prices.pokemontcg.io/tcgplayer/swsh12pt5-95,https://images.pokemontcg.io/swsh12pt5/95_hires.png,2026/08/08,2026/01/16,0.94,0.5,0.9900000095367432,999.0,,,,,,1.0612,0.1154,1.315,0.0,0.57669997215271,1.3265,1.0958,0.0,0.0,0.0,1.1535,2026-08-09
swsh12pt5-96,Zacian VSTAR,holofoil,Crown Zenith,96,Rare Holo VSTAR,5ban Graphics,VSTAR,888,Pokémon,2023/01/20,"tcgplayer,cardmarket",https://prices.pokemontcg.io/tcgplayer/swsh12pt5-96,https://images.pokemontcg.io/swsh12pt5/96_hires.png,2026/08/08,2026/01/16,1.65,1.350000023841858,1.9500000476837158,999.0,,,,,,1.984,0.9228,1.8687,0.0,1.707200050354004,1.7764,2.0302,0.0,0.0,0.0,1.1535,2026-08-09
swsh12pt5-97,Zamazenta,holofoil,Crown Zenith,97,Rare Holo,GIDORA,Basic,889,Pokémon,2023/01/20,"tcgplayer,cardmarket",https://prices.pokemontcg.io/tcgplayer/swsh12pt5-97,https://images.pokemontcg.io/swsh12pt5/97_hires.png,2026/08/08,2026/01/16,0.29,0.10000000149011612,0.3499999940395355,999.0,,0.5,,,,0.7382,0.0231,0.7267,1.2112,1.038100004196167,0.8997,0.7036,0.6114,0.8536,1.2227,1.1535,2026-08-09
swsh12pt5-98,Zamazenta V,holofoil,Crown Zenith,98,Rare Holo V,5ban Graphics,Basic|V,889,Pokémon,2023/01/20,"tcgplayer,cardmarket",https://prices.pokemontcg.io/tcgplayer/swsh12pt5-98,https://images.pokemontcg.io/swsh12pt5/98_hires.png,2026/08/08,2025/12/28,0.95,0.6499999761581421,1.0,999.0,,,,,,0.992,0.323,1.1074,0.0,1.188099980354309,1.142,1.0035,0.0,0.0,0.0,1.1535,2026-08-09
swsh12pt5-99,Zamazenta VSTAR,holofoil,Crown Zenith,99,Rare Holo VSTAR,5ban Graphics,VSTAR,889,Pokémon,2023/01/20,"tcgplayer,cardmarket",https://prices.pokemontcg.io/tcgplayer/swsh12pt5-99,https://images.pokemontcg.io/swsh12pt5/99_hires.png,2026/08/08,2025/12/28,1.39,0.9900000095367432,1.7200000286102295,999.0,,,,,,1.7302,0.9228,1.9609,0.0,1.8456000089645386,2.1801,1.7995,0.0,0.0,0.0,1.1535,2026-08-09
swsh12pt5-100,Rayquaza V,holofoil,Crown Zenith,100,Rare Holo V,PLANETA Mochizuki,Basic|V|Rapid Strike,384,Pokémon,2023/01/20,"tcgplayer,cardmarket",https://prices.pokemontcg.io/tcgplayer/swsh12pt5-100,https://images.pokemontcg.io/swsh12pt5/100_hires.png,2026/08/08,2025/12/28,2.14,0.7400000095367432,2.240000009536743,1000.0,,,,,,2.5377,0.8651,1.9956,0.0,1.2458000183105469,1.4649,2.5608,0.0,0.0,0.0,1.1535,2026-08-09
swsh12pt5-101,Rayquaza VMAX,holofoil,Crown Zenith,101,Rare Holo VMAX,PLANETA Mochizuki,VMAX|Rapid Strike,384,Pokémon,2023/01/20,"tcgplayer,cardmarket",https://prices.pokemontcg.io/tcgplayer/swsh12pt5-101,https://images.pokemontcg.io/swsh12pt5/101_hires.png,2026/08/08,2025/12/28,11.2,9.0,12.229999542236328,999.0,,,,,,5.5137,2.8838,5.3292,0.0,4.579400062561035,5.6175,5.5945,0.0,0.0,0.0,1.1535,2026-08-09
swsh12pt5-102,Rayquaza VMAX,holofoil,Crown Zenith,102,Rare Holo VMAX,5ban Graphics,VMAX|Rapid Strike,384,Pokémon,2023/01/20,"tcgplayer,cardmarket",https://prices.pokemontcg.io/tcgplayer/swsh12pt5-102,https://images.pokemontcg.io/swsh12pt5/102_hires.png,2026/08/08,2025/12/12,13.05,12.0,15.0,999.0,,,,,,6.6903,2.8722,6.9902,0.0,6.9095001220703125,7.1056,6.771,0.0,0.0,0.0,1.1535,2026-08-09
swsh12pt5-103,Duraludon V,holofoil,Crown Zenith,103,Rare Holo V,PLANETA Mochizuki,Basic|V|Single Strike,884,Pokémon,2023/01/20,"tcgplayer,cardmarket",https://prices.pokemontcg.io/tcgplayer/swsh12pt5-103,https://images.pokemontcg.io/swsh12pt5/103_hires.png,2026/08/08,2025/12/12,0.66,0.47999998927116394,0.949999988079071,999.0,,,,,,0.8882,0.2307,0.9459,0.0,0.8305000066757202,1.0266,0.9113,0.0,0.0,0.0,1.1535,2026-08-09
swsh12pt5-104,Duraludon VMAX,holofoil,Crown Zenith,104,Rare Holo VMAX,PLANETA Mochizuki,VMAX|Single Strike,884,Pokémon,2023/01/20,"tcgplayer,cardmarket",https://prices.pokemontcg.io/tcgplayer/swsh12pt5-104,https://images.pokemontcg.io/swsh12pt5/104_hires.png,2026/08/08,2025/12/12,1.46,0.9100000262260437,1.7000000476837158,999.0,,,,,,1.4995,0.8074,1.5572,0.0,1.5226000547409058,1.5918,1.5342,0.0,0.0,0.0,1.1535,2026-08-09
swsh12pt5-105,Radiant Eternatus,holofoil,Crown Zenith,105,Radiant Rare,Kagemaru Himeno,Basic|Radiant,890,Pokémon,2023/01/20,"tcgplayer,cardmarket",https://prices.pokemontcg.io/tcgplayer/swsh12pt5-105,https://images.pokemontcg.io/swsh12pt5/105_hires.png,2026/08/08,2025/12/12,0.8,0.30000001192092896,0.9900000095367432,999.0,,,,,,0.6114,0.0231,0.6114,0.0,0.8766999840736389,0.6921,0.6344,0.0,0.0,0.0,1.1535,2026-08-09
swsh12pt5-106,Tauros,normal,Crown Zenith,106,Rare,Kouki Saitou,Basic,128,Pokémon,2023/01/20,"tcgplayer,cardmarket",https://prices.pokemontcg.io/tcgplayer/swsh12pt5-106,https://images.pokemontcg.io/swsh12pt5/106_hires.png,2026/08/08,2025/12/12,0.22,0.029999999329447746,0.2199999988079071,999.0,,0.31,,,,0.0923,0.0231,0.1038,0.4268,0.06920000165700912,0.0692,0.0807,0.4037,0.4614,0.4268,1.1535,2026-08-09
swsh12pt5-107,Ditto,holofoil,Crown Zenith,107,Rare Holo,KIYOTAKA OSHIYAMA,Basic,132,Pokémon,2023/01/20,"tcgplayer,cardmarket",https://prices.pokemontcg.io/tcgplayer/swsh12pt5-107,https://images.pokemontcg.io/swsh12pt5/107_hires.png,2026/08/08,2025/12/12,2.47,1.25,2.75,999.0,,2.63,,,,0.7267,0.0577,0.7959,1.0497,0.8996999859809875,0.819,0.7498,0.9689,1.1766,1.0728,1.1535,2026-08-09
swsh12pt5-108,Eevee V,holofoil,Crown Zenith,108,Rare Holo V,You Iribi,Basic|V,133,Pokémon,2023/01/20,"tcgplayer,cardmarket",https://prices.pokemontcg.io/tcgplayer/swsh12pt5-108,https://images.pokemontcg.io/swsh12pt5/108_hires.png,2026/08/08,2025/12/12,8.43,6.0,9.220000267028809,999.0,,,,,,3.8873,1.0381,3.795,0.0,4.094900131225586,3.6335,3.9334,0.0,0.0,0.0,1.1535,2026-08-09
swsh12pt5-109,Snorlax,normal,Crown Zenith,109,Rare,Asako Ito,Basic,143,Pokémon,2023/01/20,"tcgplayer,cardmarket",https://prices.pokemontcg.io/tcgplayer/swsh12pt5-109,https://images.pokemontcg.io/swsh12pt5/109_hires.png,2026/08/08,2025/12/12,2.5,0.009999999776482582,2.990000009536743,999.0,,11.7,,,,0.1384,0.0231,0.1384,2.0186,0.1615000069141388,0.15,0.1384,0.4037,1.165,1.7764,1.1535,2026-08-09
swsh12pt5-110,Starly,normal,Crown Zenith,110,Common,Ligton,Basic,396,Pokémon,2023/01/20,"tcgplayer,cardmarket",https://prices.pokemontcg.io/tcgplayer/swsh12pt5-110,https://images.pokemontcg.io/swsh12pt5/110_hires.png,2026/08/08,2025/12/07,0.02,0.009999999776482582,0.15000000596046448,999.0,,0.31,,,,0.0346,0.0231,0.0346,0.346,0.05770000070333481,0.0346,0.0346,0.1038,0.2768,0.323,1.1535,2026-08-09
swsh12pt5-111,Bidoof,normal,Crown Zenith,111,Common,Naoyo Kimura,Basic,399,Pokémon,2023/01/20,"tcgplayer,cardmarket",https://prices.pokemontcg.io/tcgplayer/swsh12pt5-111,https://images.pokemontcg.io/swsh12pt5/111_hires.png,2026/08/08,2025/12/07,0.14,0.009999999776482582,0.20000000298023224,999.0,,0.29,,,,0.0346,0.0231,0.0346,0.2422,0.04610000178217888,0.0346,0.0346,0.4037,0.2192,0.2653,1.1535,2026-08-09
swsh12pt5-112,Chatot,normal,Crown Zenith,112,Common,sui,Basic,441,Pokémon,2023/01/20,"tcgplayer,cardmarket",https://prices.pokemontcg.io/tcgplayer/swsh12pt5-112,https://images.pokemontcg.io/swsh12pt5/112_hires.png,2026/08/08,2025/12/07,0.05,0.009999999776482582,0.15000000596046448,999.0,,0.3,,,,0.0346,0.0231,0.0346,0.3576,0.023099999874830246,0.0346,0.0346,0.3807,0.3922,0.346,1.1535,2026-08-09
swsh12pt5-113,Regigigas V,holofoil,Crown Zenith,113,Rare Holo V,PLANETA Mochizuki,Basic|V,486,Pokémon,2023/01/20,"tcgplayer,cardmarket",https://prices.pokemontcg.io/tcgplayer/swsh12pt5-113,https://images.pokemontcg.io/swsh12pt5/113_hires.png,2026/08/08,2025/12/07,0.84,0.5,0.9900000095367432,999.0,,,,,,0.8997,0.2307,0.9805,0.0,0.7843999862670898,0.8536,0.8882,0.0,0.0,0.0,1.1535,2026-08-09
swsh12pt5-114,Regigigas VSTAR,holofoil,Crown Zenith,114,Rare Holo VSTAR,PLANETA Mochizuki,VSTAR,486,Pokémon,2023/01/20,"tcgplayer,cardmarket",https://prices.pokemontcg.io/tcgplayer/swsh12pt5-114,https://images.pokemontcg.io/swsh12pt5/114_hires.png,2026/08/08,2025/12/07,1.68,0.8500000238418579,1.75,999.0,,,,,,1.6956,0.8536,1.5918,0.0,1.7302000522613525,1.5342,1.7187,0.0,0.0,0.0,1.1535,2026-08-09
swsh12pt5-115,Shaymin,normal,Crown Zenith,115,Uncommon,Yukiko Baba,Basic,492,Pokémon,2023/01/20,"tcgplayer,cardmarket",https://prices.pokemontcg.io/tcgplayer/swsh12pt5-115,https://images.pokemontcg.io/swsh12pt5/115_hires.png,2026/08/08,2025/12/07,0.06,0.009999999776482582,0.15000000596046448,999.0,,0.31,,,,0.0461,0.0231,0.1038,0.3114,0.023099999874830246,0.1154,0.0461,0.0577,0.2884,0.3114,1.1535,2026-08-09
swsh12pt5-116,Stoutland V,holofoil,Crown Zenith,116,Rare Holo V,MUGENUP,Basic|V,508,Pokémon,2023/01/20,"tcgplayer,cardmarket",https://prices.pokemontcg.io/tcgplayer/swsh12pt5-116,https://images.pokemontcg.io/swsh12pt5/116_hires.png,2026/08/08,2025/12/07,0.83,0.44999998807907104,0.9900000095367432,999.0,,,,,,0.7267,0.0346,0.7152,0.0,0.7498000264167786,0.646,0.7267,0.0,0.0,0.0,1.1535,2026-08-09
swsh12pt5-117,Yungoos,normal,Crown Zenith,117,Common,Oswaldo KATO,Basic,734,Pokémon,2023/01/20,"tcgplayer,cardmarket",https://prices.pokemontcg.io/tcgplayer/swsh12pt5-117,https://images.pokemontcg.io/swsh12pt5/117_hires.png,2026/08/08,2025/12/07,0.01,0.009999999776482582,0.15000000596046448,999.0,,0.33,,,,0.0231,0.0231,0.0231,0.323,0.03460000082850456,0.0231,0.0231,0.1615,0.4037,0.2999,1.1535,2026-08-09
swsh12pt5-118,Gumshoos,normal,Crown Zenith,118,Rare,Mizue,Stage 1,735,Pokémon,2023/01/20,"tcgplayer,cardmarket",https://prices.pokemontcg.io/tcgplayer/swsh12pt5-118,https://images.pokemontcg.io/swsh12pt5/118_hires.png,2026/08/08,2025/12/07,0.12,0.009999999776482582,0.20000000298023224,999.0,,0.28,,,,0.1038,0.0231,0.1038,0.4383,0.023099999874830246,0.0923,0.1038,0.4383,0.3576,0.4153,1.1535,2026-08-09
swsh12pt5-119,Oranguru,normal,Crown Zenith,119,Rare,Sekio,Basic,765,Pokémon,2023/01/20,"tcgplayer,cardmarket",https://prices.pokemontcg.io/tcgplayer/swsh12pt5-119,https://images.pokemontcg.io/swsh12pt5/119_hires.png,2026/08/08,2025/12/07,0.2,0.009999999776482582,0.20000000298023224,999.0,,0.3,,,,0.0923,0.0231,0.1384,0.4037,0.09229999780654907,0.0807,0.0923,0.4499,0.5075,0.3691,1.1535,2026-08-09
swsh12pt5-120,Greedent V,holofoil,Crown Zenith,120,Rare Holo V,Saki Hayashiro,Basic|V,820,Pokémon,2023/01/20,"tcgplayer,cardmarket",https://prices.pokemontcg.io/tcgplayer/swsh12pt5-120,https://images.pokemontcg.io/swsh12pt5/120_hires.png,2026/08/08,2025/12/07,0.96,0.5,1.0,999.0,,,,,,0.8651,0.1154,0.8305,0.0,1.1073999404907227,0.8421,0.8767,0.0,0.0,0.0,1.1535,2026-08-09
swsh12pt5-121,Wooloo,normal,Crown Zenith,121,Common,OKACHEKE,Basic,831,Pokémon,2023/01/20,"tcgplayer,cardmarket",https://prices.pokemontcg.io/tcgplayer/swsh12pt5-121,https://images.pokemontcg.io/swsh12pt5/121_hires.png,2026/08/08,2025/12/07,0.14,0.009999999776482582,0.1599999964237213,999.0,,0.49,,,,0.0461,0.0231,0.0577,0.3114,0.09229999780654907,0.0577,0.0461,0.2307,0.323,0.323,1.1535,2026-08-09
swsh12pt5-122,Dubwool,normal,Crown Zenith,122,Rare,Sanosuke Sakuma,Stage 1,832,Pokémon,2023/01/20,"tcgplayer,cardmarket",https://prices.pokemontcg.io/tcgplayer/swsh12pt5-122,https://images.pokemontcg.io/swsh12pt5/122_hires.png,2026/08/08,2025/12/07,0.09,0.019999999552965164,0.15000000596046448,999.0,,0.25,,,,0.0923,0.0231,0.1384,0.496,0.05770000070333481,0.1038,0.0923,0.669,0.646,0.4383,1.1535,2026-08-09
swsh12pt5-123,Bea,holofoil,Crown Zenith,123,Rare Holo,Atsushi Furusawa,Supporter,,Trainer,2023/01/20,"tcgplayer,cardmarket",https://prices.pokemontcg.io/tcgplayer/swsh12pt5-123,https://images.pokemontcg.io/swsh12pt5/123_hires.png,2026/08/08,2025/11/21,0.3,0.05000000074505806,0.3400000035762787,999.0,,0.38,,,,0.3345,0.0231,0.346,0.7152,0.6460000276565552,0.3922,0.346,1.0151,0.9805,0.7613,1.1535,2026-08-09
swsh12pt5-124,Bede,holofoil,Crown Zenith,124,Rare Holo,You Iribi,Supporter,,Trainer,2023/01/20,"tcgplayer,cardmarket",https://prices.pokemontcg.io/tcgplayer/swsh12pt5-124,https://images.pokemontcg.io/swsh12pt5/124_hires.png,2026/08/08,2025/11/21,0.26,0.03999999910593033,0.28999999165534973,999.0,,0.33,,,,0.323,0.0231,0.3345,0.4845,0.34599998593330383,0.3345,0.3576,0.7959,0.6229,0.5421,1.1535,2026-08-09
swsh12pt5-125,Crushing Hammer,normal,Crown Zenith,125,Uncommon,sadaji,Item,,Trainer,2023/01/20,"tcgplayer,cardmarket",https://prices.pokemontcg.io/tcgplayer/swsh12pt5-125,https://images.pokemontcg.io/swsh12pt5/125_hires.png,2026/08/08,2025/11/21,0.12,0.009999999776482582,0.1599999964237213,999.0,,0.33,,,,0.0692,0.0231,0.0461,0.2999,0.023099999874830246,0.0461,0.0461,0.346,0.4729,0.323,1.1535,2026-08-09
swsh12pt5-126,Digging Duo,normal,Crown Zenith,126,Uncommon,Yuu Nishida,Supporter,,Trainer,2023/01/20,"tcgplayer,cardmarket",https://prices.pokemontcg.io/tcgplayer/swsh12pt5-126,https://images.pokemontcg.io/swsh12pt5/126_hires.png,2026/08/08,2025/11/21,0.03,0.009999999776482582,0.15000000596046448,999.0,,0.29,,,,0.0346,0.0231,0.0577,0.2884,0.20759999752044678,0.0461,0.0461,0.5998,0.346,0.3114,1.1535,2026-08-09
swsh12pt5-127,Energy Retrieval,normal,Crown Zenith,127,Common,Ryo Ueda,Item,,Trainer,2023/01/20,"tcgplayer,cardmarket",https://prices.pokemontcg.io/tcgplayer/swsh12pt5-127,https://images.pokemontcg.io/swsh12pt5/127_hires.png,2026/08/08,2025/11/21,0.24,0.009999999776482582,0.23999999463558197,999.0,,0.31,,,,0.0577,0.0231,0.0577,0.3691,0.023099999874830246,0.0461,0.0577,0.6575,0.4268,0.3807,1.1535,2026-08-09
swsh12pt5-128,Energy Search,normal,Crown Zenith,128,Common,Studio Bora Inc.,Item,,Trainer,2023/01/20,"tcgplayer,cardmarket",https://prices.pokemontcg.io/tcgplayer/swsh12pt5-128,https://images.pokemontcg.io/swsh12pt5/128_hires.png,2026/08/08,2025/11/21,0.17,0.009999999776482582,0.20000000298023224,999.0,,0.35,,,,0.0692,0.0231,0.0577,0.323,0.03460000082850456,0.0461,0.0692,0.0577,0.2538,0.3114,1.1535,2026-08-09
swsh12pt5-129,Energy Switch,normal,Crown Zenith,129,Uncommon,Toyste Beach,Item,,Trainer,2023/01/20,"tcgplayer,cardmarket",https://prices.pokemontcg.io/tcgplayer/swsh12pt5-129,https://images.pokemontcg.io/swsh12pt5/129_hires.png,2026/08/08,2025/11/21,0.15,0.009999999776482582,0.18000000715255737,999.99,,0.31,,,,0.1038,0.0231,0.0807,0.323,0.09229999780654907,0.1038,0.1154,1.1535,0.4037,0.3576,1.1535,2026-08-09
swsh12pt5-130,Friends in Hisui,normal,Crown Zenith,130,Uncommon,kirisAki,Supporter,,Trainer,2023/01/20,"tcgplayer,cardmarket",https://prices.pokemontcg.io/tcgplayer/swsh12pt5-130,https://images.pokemontcg.io/swsh12pt5/130_hires.png,2026/08/08,2025/11/21,0.09,0.009999999776482582,0.15000000596046448,999.0,,0.28,,,,0.0346,0.0231,0.0346,0.323,0.023099999874830246,0.0461,0.0461,0.1154,0.2884,0.323,1.1535,2026-08-09
swsh12pt5-131,Friends in Sinnoh,normal,Crown Zenith,131,Uncommon,Ryuta Fuse,Supporter,,Trainer,2023/01/20,"tcgplayer,cardmarket",https://prices.pokemontcg.io/tcgplayer/swsh12pt5-131,https://images.pokemontcg.io/swsh12pt5/131_hires.png,2026/08/08,2025/11/21,0.12,0.009999999776482582,0.1599999964237213,999.0,,0.31,,,,0.0461,0.0231,0.0346,0.2884,0.03460000082850456,0.0346,0.0461,0.1154,0.4383,0.3345,1.1535,2026-08-09
swsh12pt5-132,Great Ball,normal,Crown Zenith,132,Uncommon,Toyste Beach,Item,,Trainer,2023/01/20,"tcgplayer,cardmarket",https://prices.pokemontcg.io/tcgplayer/swsh12pt5-132,https://images.pokemontcg.io/swsh12pt5/132_hires.png,2026/08/08,2025/11/21,0.12,0.009999999776482582,0.1599999964237213,999.0,,0.28,,,,0.0692,0.0231,0.0807,0.3114,0.51910001039505,0.1154,0.0692,0.0923,0.3576,0.323,1.1535,2026-08-09
swsh12pt5-133,Hop,holofoil,Crown Zenith,133,Rare Holo,Taira Akitsu,Supporter,,Trainer,2023/01/20,"tcgplayer,cardmarket",https://prices.pokemontcg.io/tcgplayer/swsh12pt5-133,https://images.pokemontcg.io/swsh12pt5/133_hires.png,2026/08/08,2025/11/21,0.23,0.05000000074505806,0.28999999165534973,999.0,,0.3,,,,0.2192,0.0231,0.2768,0.5075,0.28839999437332153,0.2768,0.2653,0.3345,0.4614,0.496,1.1535,2026-08-09
swsh12pt5-134,Leon,holofoil,Crown Zenith,134,Rare Holo,Naoki Saito,Supporter,,Trainer,2023/01/20,"tcgplayer,cardmarket",https://prices.pokemontcg.io/tcgplayer/swsh12pt5-134,https://images.pokemontcg.io/swsh12pt5/134_hires.png,2026/08/08,2025/11/21,0.3,0.10000000149011612,0.33000001311302185,999.0,,0.37,,,,0.2768,0.0231,0.4153,0.5075,0.6344000101089478,0.3345,0.323,0.5767,0.669,0.5537,1.1535,2026-08-09
swsh12pt5-135,Lost Vacuum,normal,Crown Zenith,135,Uncommon,Amelicart,Item,,Trainer,2023/01/20,"tcgplayer,cardmarket",https://prices.pokemontcg.io/tcgplayer/swsh12pt5-135,https://images.pokemontcg.io/swsh12pt5/135_hires.png,2026/08/08,2025/11/21,0.11,0.009999999776482582,0.15000000596046448,999.0,,0.3,,,,0.0461,0.0231,0.0346,0.3114,0.03460000082850456,0.0346,0.0346,0.2192,0.4037,0.3345,1.1535,2026-08-09
swsh12pt5-136,Nessa,holofoil,Crown Zenith,136,Rare Holo,Souichirou Gunjima,Supporter,,Trainer,2023/01/20,"tcgplayer,cardmarket",https://prices.pokemontcg.io/tcgplayer/swsh12pt5-136,https://images.pokemontcg.io/swsh12pt5/136_hires.png,2026/08/08,2025/11/21,0.33,0.10000000149011612,0.3799999952316284,999.0,,0.36,,,,0.4499,0.0231,0.5306,0.5652,0.5536999702453613,0.5075,0.4383,0.346,0.4268,0.646,1.1535,2026-08-09
swsh12pt5-137,Poké Ball,normal,Crown Zenith,137,Common,Studio Bora Inc.,Item,,Trainer,2023/01/20,"tcgplayer,cardmarket",https://prices.pokemontcg.io/tcgplayer/swsh12pt5-137,https://images.pokemontcg.io/swsh12pt5/137_hires.png,2026/08/08,2025/11/21,0.11,0.009999999776482582,0.15000000596046448,999.0,,0.28,,,,0.0346,0.0231,0.0346,0.2768,0.04610000178217888,0.0346,0.0461,0.1846,0.346,0.2884,1.1535,2026-08-09
swsh12pt5-138,Pokémon Catcher,normal,Crown Zenith,138,Uncommon,Ryo Ueda,Item,,Trainer,2023/01/20,"tcgplayer,cardmarket",https://prices.pokemontcg.io/tcgplayer/swsh12pt5-138,https://images.pokemontcg.io/swsh12pt5/138_hires.png,2026/08/08,2025/11/21,0.04,0.009999999776482582,0.15000000596046448,999.0,,0.29,,,,0.0461,0.0231,0.0461,0.2538,0.023099999874830246,0.0461,0.0461,0.0577,0.4499,0.2999,1.1535,2026-08-09
swsh12pt5-139,Potion,normal,Crown Zenith,139,Common,Ryo Ueda,Item,,Trainer,2023/01/20,"tcgplayer,cardmarket",https://prices.pokemontcg.io/tcgplayer/swsh12pt5-139,https://images.pokemontcg.io/swsh12pt5/139_hires.png,2026/08/08,2025/11/21,0.1,0.009999999776482582,0.15000000596046448,999.0,,0.28,,,,0.0577,0.0231,0.0692,0.2422,0.03460000082850456,0.0807,0.0692,0.0923,0.2076,0.2422,1.1535,2026-08-09
swsh12pt5-140,Raihan,holofoil,Crown Zenith,140,Rare Holo,Hideki Ishikawa,Supporter,,Trainer,2023/01/20,"tcgplayer,cardmarket",https://prices.pokemontcg.io/tcgplayer/swsh12pt5-140,https://images.pokemontcg.io/swsh12pt5/140_hires.png,2026/08/08,2025/11/21,0.3,0.10000000149011612,0.3700000047683716,999.0,,0.43,,,,0.3345,0.0346,0.496,0.5191,0.426800012588501,0.4268,0.3922,0.2884,0.7267,0.5537,1.1535,2026-08-09
swsh12pt5-141,Rare Candy,normal,Crown Zenith,141,Uncommon,Yoshinobu Saito,Item,,Trainer,2023/01/20,"tcgplayer,cardmarket",https://prices.pokemontcg.io/tcgplayer/swsh12pt5-141,https://images.pokemontcg.io/swsh12pt5/141_hires.png,2026/08/08,2025/11/21,0.23,0.009999999776482582,0.23000000417232513,999.0,,0.35,,,,0.0692,0.0231,0.1038,0.3345,0.09229999780654907,0.0692,0.0692,0.4614,0.2538,0.3114,1.1535,2026-08-09
swsh12pt5-142,Rescue Carrier,normal,Crown Zenith,142,Uncommon,Amelicart,Item,,Trainer,2023/01/20,"tcgplayer,cardmarket",https://prices.pokemontcg.io/tcgplayer/swsh12pt5-142,https://images.pokemontcg.io/swsh12pt5/142_hires.png,2026/08/08,2025/11/21,0.14,0.009999999776482582,0.17000000178813934,999.0,,0.32,,,,0.0461,0.0231,0.0346,0.323,0.04610000178217888,0.0346,0.0346,0.6921,0.2884,0.3114,1.1535,2026-08-09
swsh12pt5-143,Sky Seal Stone,holofoil,Crown Zenith,143,Rare Holo,AYUMI ODASHIMA,Item|Pokémon Tool,,Trainer,2023/01/20,"tcgplayer,cardmarket",https://prices.pokemontcg.io/tcgplayer/swsh12pt5-143,https://images.pokemontcg.io/swsh12pt5/143_hires.png,2026/08/08,2025/11/21,0.25,0.029999999329447746,0.2800000011920929,999.0,,,,,,0.2768,0.0231,0.2422,3.126,0.17299999296665192,0.2307,0.2768,1.1535,2.0763,2.307,1.1535,2026-08-09
swsh12pt5-144,Switch,normal,Crown Zenith,144,Common,Studio Bora Inc.,Item,,Trainer,2023/01/20,"tcgplayer,cardmarket",https://prices.pokemontcg.io/tcgplayer/swsh12pt5-144,https://images.pokemontcg.io/swsh12pt5/144_hires.png,2026/08/08,2025/11/21,0.13,0.009999999776482582,0.15000000596046448,999.0,,0.27,,,,0.0577,0.0231,0.0577,0.2999,0.03460000082850456,0.0461,0.0577,0.0923,0.2538,0.2999,1.1535,2026-08-09
swsh12pt5-145,Trekking Shoes,normal,Crown Zenith,145,Uncommon,Amelicart,Item,,Trainer,2023/01/20,"tcgplayer,cardmarket",https://prices.pokemontcg.io/tcgplayer/swsh12pt5-145,https://images.pokemontcg.io/swsh12pt5/145_hires.png,2026/08/08,2025/11/21,0.13,0.009999999776482582,0.15000000596046448,999.0,,0.28,,,,0.0461,0.0231,0.0231,0.2768,0.023099999874830246,0.0231,0.0346,0.3807,0.323,0.2768,1.1535,2026-08-09
swsh12pt5-146,Ultra Ball,normal,Crown Zenith,146,Uncommon,Amelicart,Item,,Trainer,2023/01/20,"tcgplayer,cardmarket",https://prices.pokemontcg.io/tcgplayer/swsh12pt5-146,https://images.pokemontcg.io/swsh12pt5/146_hires.png,2026/08/08,2025/11/21,0.2,0.009999999776482582,0.23000000417232513,1000.0,,0.45,,,,0.0923,0.0231,0.1384,0.4499,0.3921999931335449,0.1269,0.1038,0.2884,0.4499,0.4729,1.1535,2026-08-09
swsh12pt5-147,Elesa's Sparkle,holofoil,Crown Zenith,147,Rare Ultra,Megumi Mizutani,Fusion Strike|Supporter,,Trainer,2023/01/20,"tcgplayer,cardmarket",https://prices.pokemontcg.io/tcgplayer/swsh12pt5-147,https://images.pokemontcg.io/swsh12pt5/147_hires.png,2026/08/08,2025/11/21,15.53,13.0,16.0,999.0,,,,,,22.6201,16.149,20.8668,0.0,21.53580093383789,21.3859,20.9822,0.0,0.0,0.0,1.1535,2026-08-09
swsh12pt5-148,Friends in Hisui,holofoil,Crown Zenith,148,Rare Ultra,Kinu Nishimura,Supporter,,Trainer,2023/01/20,"tcgplayer,cardmarket",https://prices.pokemontcg.io/tcgplayer/swsh12pt5-148,https://images.pokemontcg.io/swsh12pt5/148_hires.png,2026/08/08,2025/11/21,6.73,4.75,7.0,999.0,,,,,,7.8784,4.4986,7.244,0.0,6.794099807739258,6.7826,7.4285,0.0,0.0,0.0,1.1535,2026-08-09
swsh12pt5-149,Friends in Sinnoh,holofoil,Crown Zenith,149,Rare Ultra,Hideki Ishikawa,Supporter,,Trainer,2023/01/20,"tcgplayer,cardmarket",https://prices.pokemontcg.io/tcgplayer/swsh12pt5-149,https://images.pokemontcg.io/swsh12pt5/149_hires.png,2026/08/08,2025/11/21,9.39,6.820000171661377,9.989999771118164,999.0,,,,,,10.2892,5.7675,9.2395,0.0,9.216500282287598,9.3203,9.9893,0.0,0.0,0.0,1.1535,2026-08-09
swsh12pt5-150,Professor's Research,holofoil,Crown Zenith,150,Rare Ultra,Sanosuke Sakuma,Supporter,,Trainer,2023/01/20,"tcgplayer,cardmarket",https://prices.pokemontcg.io/tcgplayer/swsh12pt5-150,https://images.pokemontcg.io/swsh12pt5/150_hires.png,2026/08/08,2025/11/21,2.11,0.8999999761581421,2.109999895095825,999.0,,,,,,4.3487,2.8722,3.9219,0.0,3.598900079727173,3.8181,4.1872,0.0,0.0,0.0,1.1535,2026-08-09
swsh12pt5-151,Volo,holofoil,Crown Zenith,151,Rare Ultra,Souichirou Gunjima,Supporter,,Trainer,2023/01/20,"tcgplayer,cardmarket",https://prices.pokemontcg.io/tcgplayer/swsh12pt5-151,https://images.pokemontcg.io/swsh12pt5/151_hires.png,2026/08/08,2025/11/21,1.78,0.75,2.0,999.0,,,,,,2.8145,1.6726,2.6184,0.0,2.1108999252319336,2.6646,2.7338,0.0,0.0,0.0,1.1535,2026-08-09
swsh12pt5-152,Grass Energy,holofoil,Crown Zenith,152,Rare Ultra,,Basic,,Energy,2023/01/20,"tcgplayer,cardmarket",https://prices.pokemontcg.io/tcgplayer/swsh12pt5-152,https://images.pokemontcg.io/swsh12pt5/152_hires.png,2026/08/08,2025/11/21,3.39,1.7000000476837158,3.7100000381469727,999.0,,,,,,2.5954,1.4419,2.5954,0.0,2.3301000595092773,2.8491,2.7107,0.0,0.0,0.0,1.1535,2026-08-09
swsh12pt5-153,Fire Energy,holofoil,Crown Zenith,153,Rare Ultra,,Basic,,Energy,2023/01/20,"tcgplayer,cardmarket",https://prices.pokemontcg.io/tcgplayer/swsh12pt5-153,https://images.pokemontcg.io/swsh12pt5/153_hires.png,2026/08/08,2025/11/21,3.98,2.0,4.0,999.0,,,,,,3.0914,0.8651,2.6646,0.0,1.7302000522613525,2.3877,2.8722,0.0,0.0,0.0,1.1535,2026-08-09
swsh12pt5-154,Water Energy,holofoil,Crown Zenith,154,Rare Ultra,,Basic,,Energy,2023/01/20,"tcgplayer,cardmarket",https://prices.pokemontcg.io/tcgplayer/swsh12pt5-154,https://images.pokemontcg.io/swsh12pt5/154_hires.png,2026/08/08,2025/11/21,4.19,1.75,4.269999980926514,999.0,,,,,,2.8145,1.0958,3.3913,0.0,1.4419000148773193,2.9645,2.8145,0.0,0.0,0.0,1.1535,2026-08-09
swsh12pt5-155,Lightning Energy,holofoil,Crown Zenith,155,Rare Ultra,,Basic,,Energy,2023/01/20,"tcgplayer,cardmarket",https://prices.pokemontcg.io/tcgplayer/swsh12pt5-155,https://images.pokemontcg.io/swsh12pt5/155_hires.png,2026/08/08,2025/11/21,2.31,1.7000000476837158,2.5,999.0,,,,,,2.6069,0.4037,2.2032,0.0,1.4419000148773193,2.4339,2.7107,0.0,0.0,0.0,1.1535,2026-08-09
swsh12pt5-156,Psychic Energy,holofoil,Crown Zenith,156,Rare Ultra,,Basic,,Energy,2023/01/20,"tcgplayer,cardmarket",https://prices.pokemontcg.io/tcgplayer/swsh12pt5-156,https://images.pokemontcg.io/swsh12pt5/156_hires.png,2026/08/08,2025/11/21,4.52,2.8499999046325684,4.630000114440918,999.0,,,,,,3.0683,1.1535,2.8145,0.0,2.306999921798706,3.2067,3.0222,0.0,0.0,0.0,1.1535,2026-08-09
swsh12pt5-157,Fighting Energy,holofoil,Crown Zenith,157,Rare Ultra,,Basic,,Energy,2023/01/20,"tcgplayer,cardmarket",https://prices.pokemontcg.io/tcgplayer/swsh12pt5-157,https://images.pokemontcg.io/swsh12pt5/157_hires.png,2026/08/08,2025/11/21,4.22,2.700000047683716,4.159999847412109,999.0,,,,,,2.8491,1.1535,2.5492,0.0,1.7302000522613525,2.5838,2.8838,0.0,0.0,0.0,1.1535,2026-08-09
swsh12pt5-158,Darkness Energy,holofoil,Crown Zenith,158,Rare Ultra,,Basic,,Energy,2023/01/20,"tcgplayer,cardmarket",https://prices.pokemontcg.io/tcgplayer/swsh12pt5-158,https://images.pokemontcg.io/swsh12pt5/158_hires.png,2026/08/08,2025/11/18,6.16,4.25,6.989999771118164,999.0,,,,,,3.4951,1.1535,3.6105,0.0,2.814500093460083,3.5182,3.449,0.0,0.0,0.0,1.1535,2026-08-09
swsh12pt5-159,Metal Energy,holofoil,Crown Zenith,159,Rare Ultra,,Basic,,Energy,2023/01/20,"tcgplayer,cardmarket",https://prices.pokemontcg.io/tcgplayer/swsh12pt5-159,https://images.pokemontcg.io/swsh12pt5/159_hires.png,2026/08/08,2025/11/18,3.27,2.0799999237060547,3.180000066757202,999.0,,,,,,2.8261,1.1535,2.3993,0.0,3.2874999046325684,2.3185,2.7569,0.0,0.0,0.0,1.1535,2026-08-09
swsh12pt5-160,Pikachu,holofoil,Crown Zenith,160,Rare Secret,You Iribi,Basic,25,Pokémon,2023/01/20,"tcgplayer,cardmarket",https://prices.pokemontcg.io/tcgplayer/swsh12pt5-160,https://images.pokemontcg.io/swsh12pt5/160_hires.png,2026/08/08,2025/11/18,46.53,42.16999816894531,53.119998931884766,999.0,,,,,,41.18,23.07,43.5331,0.0,33.84370040893555,38.3308,40.1879,0.0,0.0,0.0,1.1535,2026-08-09
swsh12pt5gg-GG01,Hisuian Voltorb,holofoil,Crown Zenith Galarian Gallery,GG01,Trainer Gallery Rare Holo,HYOGONOSUKE,Basic,100,Pokémon,2023/01/20,"tcgplayer,cardmarket",https://prices.pokemontcg.io/tcgplayer/swsh12pt5gg-GG01,https://images.pokemontcg.io/swsh12pt5gg/GG01_hires.png,2026/08/08,2026/07/01,3.09,1.8600000143051147,3.450000047683716,999.99,,,,,,3.1721,1.1535,3.4836,0.0,3.8987998962402344,3.5066,3.2759,0.0,0.0,0.0,1.1535,2026-08-09
swsh12pt5gg-GG02,Kricketune,holofoil,Crown Zenith Galarian Gallery,GG02,Trainer Gallery Rare Holo,Nurikabe,Stage 1,402,Pokémon,2023/01/20,"tcgplayer,cardmarket",https://prices.pokemontcg.io/tcgplayer/swsh12pt5gg-GG02,https://images.pokemontcg.io/swsh12pt5gg/GG02_hires.png,2026/08/08,2026/07/01,7.92,6.699999809265137,9.199999809265137,1099.99,,,,,,6.598,3.4605,7.3593,0.0,7.543900012969971,7.0248,6.7249,0.0,0.0,0.0,1.1535,2026-08-09
swsh12pt5gg-GG03,Magmortar,holofoil,Crown Zenith Galarian Gallery,GG03,Trainer Gallery Rare Holo,Saya Tsuruta,Stage 1,467,Pokémon,2023/01/20,"tcgplayer,cardmarket",https://prices.pokemontcg.io/tcgplayer/swsh12pt5gg-GG03,https://images.pokemontcg.io/swsh12pt5gg/GG03_hires.png,2026/08/08,2026/07/01,12.41,10.0,13.739999771118164,999.0,,,,,,12.4924,6.921,14.3034,0.0,12.677000045776367,14.4995,12.9192,0.0,0.0,0.0,1.1535,2026-08-09
swsh12pt5gg-GG04,Oricorio,holofoil,Crown Zenith Galarian Gallery,GG04,Trainer Gallery Rare Holo,Tomokazu Komiya,Basic|Fusion Strike,741,Pokémon,2023/01/20,"tcgplayer,cardmarket",https://prices.pokemontcg.io/tcgplayer/swsh12pt5gg-GG04,https://images.pokemontcg.io/swsh12pt5gg/GG04_hires.png,2026/08/08,2026/07/01,3.88,2.990000009536743,4.440000057220459,866.0,,,,,,3.9796,2.2724,3.4259,0.0,3.691200017929077,3.4951,4.0949,0.0,0.0,0.0,1.1535,2026-08-09
swsh12pt5gg-GG05,Lapras,holofoil,Crown Zenith Galarian Gallery,GG05,Trainer Gallery Rare Holo,zig,Basic,131,Pokémon,2023/01/20,"tcgplayer,cardmarket",https://prices.pokemontcg.io/tcgplayer/swsh12pt5gg-GG05,https://images.pokemontcg.io/swsh12pt5gg/GG05_hires.png,2026/08/08,2026/07/01,26.6,23.5,30.0,150.0,,,,,,36.3237,7.4862,28.6183,0.0,29.275800704956055,29.7257,36.8313,0.0,0.0,0.0,1.1535,2026-08-09
swsh12pt5gg-GG06,Manaphy,holofoil,Crown Zenith Galarian Gallery,GG06,Trainer Gallery Rare Holo,Taira Akitsu,Basic,490,Pokémon,2023/01/20,"tcgplayer,cardmarket",https://prices.pokemontcg.io/tcgplayer/swsh12pt5gg-GG06,https://images.pokemontcg.io/swsh12pt5gg/GG06_hires.png,2026/08/08,2026/07/01,6.63,5.25,7.239999771118164,841.38,,,,,,7.6362,2.7684,8.3975,0.0,8.155200004577637,7.7284,7.8899,0.0,0.0,0.0,1.1535,2026-08-09
swsh12pt5gg-GG07,Keldeo,holofoil,Crown Zenith Galarian Gallery,GG07,Trainer Gallery Rare Holo,KEIICHIRO ITO,Basic,647,Pokémon,2023/01/20,"tcgplayer,cardmarket",https://prices.pokemontcg.io/tcgplayer/swsh12pt5gg-GG07,https://images.pokemontcg.io/swsh12pt5gg/GG07_hires.png,2026/08/08,2026/07/01,16.82,14.0,19.0,1000.0,,,,,,17.6486,7.4977,17.0718,0.0,18.167600631713867,16.6911,17.8792,0.0,0.0,0.0,1.1535,2026-08-09
swsh12pt5gg-GG08,Electivire,holofoil,Crown Zenith Galarian Gallery,GG08,Trainer Gallery Rare Holo,Mina Nakai,Stage 1,466,Pokémon,2023/01/20,"tcgplayer,cardmarket",https://prices.pokemontcg.io/tcgplayer/swsh12pt5gg-GG08,https://images.pokemontcg.io/swsh12pt5gg/GG08_hires.png,2026/08/08,2026/07/01,9.54,8.069999694824219,10.989999771118164,999.0,,,,,,10.4622,3.3336,10.6929,0.0,10.439200401306152,11.0621,10.9121,0.0,0.0,0.0,1.1535,2026-08-09
swsh12pt5gg-GG09,Toxtricity,holofoil,Crown Zenith Galarian Gallery,GG09,Trainer Gallery Rare Holo,Nelnal,Stage 1|Fusion Strike,849,Pokémon,2023/01/20,"tcgplayer,cardmarket",https://prices.pokemontcg.io/tcgplayer/swsh12pt5gg-GG09,https://images.pokemontcg.io/swsh12pt5gg/GG09_hires.png,2026/08/08,2026/07/01,3.73,2.25,4.150000095367432,999.99,,,,,,2.7684,1.1535,2.7569,0.0,2.9068000316619873,2.7453,2.7799,0.0,0.0,0.0,1.1535,2026-08-09
swsh12pt5gg-GG10,Mew,holofoil,Crown Zenith Galarian Gallery,GG10,Trainer Gallery Rare Holo,Ryota Murayama,Basic,151,Pokémon,2023/01/20,"tcgplayer,cardmarket",https://prices.pokemontcg.io/tcgplayer/swsh12pt5gg-GG10,https://images.pokemontcg.io/swsh12pt5gg/GG10_hires.png,2026/08/08,2026/07/01,76.23,60.0,75.9800033569336,5000.0,,,,,,99.2241,44.9865,68.6217,0.0,76.2925033569336,72.9473,97.5284,0.0,0.0,0.0,1.1535,2026-08-09
swsh12pt5gg-GG11,Lunatone,holofoil,Crown Zenith Galarian Gallery,GG11,Trainer Gallery Rare Holo,sowsow,Basic,337,Pokémon,2023/01/20,"tcgplayer,cardmarket",https://prices.pokemontcg.io/tcgplayer/swsh12pt5gg-GG11,https://images.pokemontcg.io/swsh12pt5gg/GG11_hires.png,2026/08/08,2026/07/01,10.12,6.989999771118164,11.279999732971191,999.99,,,,,,8.582,2.307,9.8509,0.0,9.908599853515625,10.889,8.8935,0.0,0.0,0.0,1.1535,2026-08-09
swsh12pt5gg-GG12,Deoxys,holofoil,Crown Zenith Galarian Gallery,GG12,Trainer Gallery Rare Holo,Scav,Basic|Fusion Strike|Single Strike|Rapid Strike,386,Pokémon,2023/01/20,"tcgplayer,cardmarket",https://prices.pokemontcg.io/tcgplayer/swsh12pt5gg-GG12,https://images.pokemontcg.io/swsh12pt5gg/GG12_hires.png,2026/08/08,2026/07/01,18.08,15.0,20.0,999.99,,,,,,23.9005,9.228,27.4072,0.0,19.148099899291992,28.1454,25.7115,0.0,0.0,0.0,1.1535,2026-08-09
swsh12pt5gg-GG13,Diancie,holofoil,Crown Zenith Galarian Gallery,GG13,Trainer Gallery Rare Holo,Haruko Ichikawa,Basic,719,Pokémon,2023/01/20,"tcgplayer,cardmarket",https://prices.pokemontcg.io/tcgplayer/swsh12pt5gg-GG13,https://images.pokemontcg.io/swsh12pt5gg/GG13_hires.png,2026/08/08,2026/07/01,4.59,3.190000057220459,5.0,999.99,,,,,,4.6025,1.6149,4.1411,0.0,4.106500148773193,4.0488,4.5909,0.0,0.0,0.0,1.1535,2026-08-09
swsh12pt5gg-GG14,Comfey,holofoil,Crown Zenith Galarian Gallery,GG14,Trainer Gallery Rare Holo,Yano Keiji,Basic,764,Pokémon,2023/01/20,"tcgplayer,cardmarket",https://prices.pokemontcg.io/tcgplayer/swsh12pt5gg-GG14,https://images.pokemontcg.io/swsh12pt5gg/GG14_hires.png,2026/08/08,2026/07/01,2.55,1.25,2.990000009536743,776.86,,,,,,2.6992,0.9805,2.5723,0.0,2.2955000400543213,2.6069,2.653,0.0,0.0,0.0,1.1535,2026-08-09
swsh12pt5gg-GG15,Solrock,holofoil,Crown Zenith Galarian Gallery,GG15,Trainer Gallery Rare Holo,Nobuhiro Imagawa,Basic,338,Pokémon,2023/01/20,"tcgplayer,cardmarket",https://prices.pokemontcg.io/tcgplayer/swsh12pt5gg-GG15,https://images.pokemontcg.io/swsh12pt5gg/GG15_hires.png,2026/08/08,2026/07/01,6.92,4.96999979019165,7.320000171661377,895.84,,,,,,6.275,1.4995,6.9902,0.0,7.174799919128418,7.1978,6.7134,0.0,0.0,0.0,1.1535,2026-08-09
swsh12pt5gg-GG16,Absol,holofoil,Crown Zenith Galarian Gallery,GG16,Trainer Gallery Rare Holo,Uta,Basic,359,Pokémon,2023/01/20,"tcgplayer,cardmarket",https://prices.pokemontcg.io/tcgplayer/swsh12pt5gg-GG16,https://images.pokemontcg.io/swsh12pt5gg/GG16_hires.png,2026/08/08,2026/07/01,9.14,7.0,9.270000457763672,500.0,,,,,,10.3584,3.6912,11.4658,0.0,8.224499702453613,13.692,10.7391,0.0,0.0,0.0,1.1535,2026-08-09
swsh12pt5gg-GG17,Thievul,holofoil,Crown Zenith Galarian Gallery,GG17,Trainer Gallery Rare Holo,NC Empire,Stage 1,828,Pokémon,2023/01/20,"tcgplayer,cardmarket",https://prices.pokemontcg.io/tcgplayer/swsh12pt5gg-GG17,https://images.pokemontcg.io/swsh12pt5gg/GG17_hires.png,2026/08/08,2026/07/01,3.05,1.5,3.2799999713897705,45.0,,,,,,3.5066,1.1535,4.3256,0.0,4.129499912261963,5.9175,3.4951,0.0,0.0,0.0,1.1535,2026-08-09
swsh12pt5gg-GG18,Magnezone,holofoil,Crown Zenith Galarian Gallery,GG18,Trainer Gallery Rare Holo,Shinya Komatsu,Stage 2,462,Pokémon,2023/01/20,"tcgplayer,cardmarket",https://prices.pokemontcg.io/tcgplayer/swsh12pt5gg-GG18,https://images.pokemontcg.io/swsh12pt5gg/GG18_hires.png,2026/08/08,2026/07/01,5.41,4.0,6.0,999.0,,,,,,4.9485,2.307,4.7063,0.0,4.648600101470947,5.0754,5.7214,0.0,0.0,0.0,1.1535,2026-08-09
swsh12pt5gg-GG19,Altaria,holofoil,Crown Zenith Galarian Gallery,GG19,Trainer Gallery Rare Holo,Asako Ito,Stage 1,334,Pokémon,2023/01/20,"tcgplayer,cardmarket",https://prices.pokemontcg.io/tcgplayer/swsh12pt5gg-GG19,https://images.pokemontcg.io/swsh12pt5gg/GG19_hires.png,2026/08/08,2026/07/01,17.3,14.239999771118164,18.0,1000.0,,,,,,8.8589,1.0843,9.1934,0.0,8.270600318908691,8.8473,9.078,0.0,0.0,0.0,1.1535,2026-08-09
swsh12pt5gg-GG20,Latias,holofoil,Crown Zenith Galarian Gallery,GG20,Trainer Gallery Rare Holo,Teeziro,Basic|Fusion Strike,380,Pokémon,2023/01/20,"tcgplayer,cardmarket",https://prices.pokemontcg.io/tcgplayer/swsh12pt5gg-GG20,https://images.pokemontcg.io/swsh12pt5gg/GG20_hires.png,2026/08/08,2026/06/21,18.04,12.489999771118164,20.0,1000.0,,,,,,31.2714,13.842,27.3033,0.0,25.60770034790039,24.3619,26.4498,0.0,0.0,0.0,1.1535,2026-08-09
swsh12pt5gg-GG21,Hisuian Goodra,holofoil,Crown Zenith Galarian Gallery,GG21,Trainer Gallery Rare Holo,You Iribi,Stage 2,706,Pokémon,2023/01/20,"tcgplayer,cardmarket",https://prices.pokemontcg.io/tcgplayer/swsh12pt5gg-GG21,https://images.pokemontcg.io/swsh12pt5gg/GG21_hires.png,2026/08/08,2026/06/21,4.55,2.440000057220459,5.320000171661377,999.99,,,,,,4.2795,1.4995,3.9104,0.0,4.844699859619141,3.8873,3.795,0.0,0.0,0.0,1.1535,2026-08-09
swsh12pt5gg-GG22,Ditto,holofoil,Crown Zenith Galarian Gallery,GG22,Trainer Gallery Rare Holo,Miki Tanaka,Basic,132,Pokémon,2023/01/20,"tcgplayer,cardmarket",https://prices.pokemontcg.io/tcgplayer/swsh12pt5gg-GG22,https://images.pokemontcg.io/swsh12pt5gg/GG22_hires.png,2026/08/08,2026/06/20,19.21,16.850000381469727,20.579999923706055,999.99,,,,,,12.6193,3.4605,13.4844,0.0,12.596199989318848,13.7728,13.1153,0.0,0.0,0.0,1.1535,2026-08-09
swsh12pt5gg-GG23,Dunsparce,holofoil,Crown Zenith Galarian Gallery,GG23,Trainer Gallery Rare Holo,Kurata So,Basic,206,Pokémon,2023/01/20,"tcgplayer,cardmarket",https://prices.pokemontcg.io/tcgplayer/swsh12pt5gg-GG23,https://images.pokemontcg.io/swsh12pt5gg/GG23_hires.png,2026/08/08,2026/06/20,3.87,2.5,4.199999809265137,67.67,,,,,,3.0337,0.1154,3.4374,0.0,2.8722000122070312,3.4028,3.126,0.0,0.0,0.0,1.1535,2026-08-09
swsh12pt5gg-GG24,Miltank,holofoil,Crown Zenith Galarian Gallery,GG24,Trainer Gallery Rare Holo,Yuu Nishida,Basic,241,Pokémon,2023/01/20,"tcgplayer,cardmarket",https://prices.pokemontcg.io/tcgplayer/swsh12pt5gg-GG24,https://images.pokemontcg.io/swsh12pt5gg/GG24_hires.png,2026/08/08,2026/06/20,11.8,9.489999771118164,13.619999885559082,999.99,,,,,,8.6397,3.1145,9.6779,0.0,10.8774995803833,10.0008,9.3664,0.0,0.0,0.0,1.1535,2026-08-09
swsh12pt5gg-GG25,Bibarel,holofoil,Crown Zenith Galarian Gallery,GG25,Trainer Gallery Rare Holo,Amelicart,Stage 1,400,Pokémon,2023/01/20,"tcgplayer,cardmarket",https://prices.pokemontcg.io/tcgplayer/swsh12pt5gg-GG25,https://images.pokemontcg.io/swsh12pt5gg/GG25_hires.png,2026/08/08,2026/06/20,3.89,2.380000114440918,4.179999828338623,972.16,,,,,,3.7489,1.661,4.6371,0.0,3.3798000812530518,5.606,4.2679,0.0,0.0,0.0,1.1535,2026-08-09
swsh12pt5gg-GG26,Riolu,holofoil,Crown Zenith Galarian Gallery,GG26,Trainer Gallery Rare Holo,Kouki Saitou,Basic,447,Pokémon,2023/01/20,"tcgplayer,cardmarket",https://prices.pokemontcg.io/tcgplayer/swsh12pt5gg-GG26,https://images.pokemontcg.io/swsh12pt5gg/GG26_hires.png,2026/08/08,2026/06/20,11.06,9.220000267028809,12.850000381469727,999.99,,,,,,11.7888,4.614,12.6308,0.0,10.958200454711914,12.2386,12.3424,0.0,0.0,0.0,1.1535,2026-08-09
swsh12pt5gg-GG27,Swablu,holofoil,Crown Zenith Galarian Gallery,GG27,Trainer Gallery Rare Holo,Kouki Saitou,Basic,333,Pokémon,2023/01/20,"tcgplayer,cardmarket",https://prices.pokemontcg.io/tcgplayer/swsh12pt5gg-GG27,https://images.pokemontcg.io/swsh12pt5gg/GG27_hires.png,2026/08/08,2026/05/12,6.77,4.5,7.5,999.99,,,,,,5.6637,3.4605,6.598,0.0,6.609600067138672,6.5519,6.0559,0.0,0.0,0.0,1.1535,2026-08-09
swsh12pt5gg-GG28,Duskull,holofoil,Crown Zenith Galarian Gallery,GG28,Trainer Gallery Rare Holo,Kouki Saitou,Basic,355,Pokémon,2023/01/20,"tcgplayer,cardmarket",https://prices.pokemontcg.io/tcgplayer/swsh12pt5gg-GG28,https://images.pokemontcg.io/swsh12pt5gg/GG28_hires.png,2026/08/08,2026/05/12,5.5,4.0,6.050000190734863,999.0,,,,,,4.6717,2.7107,5.11,0.0,5.086900234222412,5.4099,4.9716,0.0,0.0,0.0,1.1535,2026-08-09
swsh12pt5gg-GG29,Bidoof,holofoil,Crown Zenith Galarian Gallery,GG29,Trainer Gallery Rare Holo,Kouki Saitou,Basic,399,Pokémon,2023/01/20,"tcgplayer,cardmarket",https://prices.pokemontcg.io/tcgplayer/swsh12pt5gg-GG29,https://images.pokemontcg.io/swsh12pt5gg/GG29_hires.png,2026/08/08,2026/05/11,7.5,5.920000076293945,8.119999885559082,500.0,,,,,,5.3061,2.307,6.4481,0.0,6.828700065612793,6.1597,5.8252,0.0,0.0,0.0,1.1535,2026-08-09
swsh12pt5gg-GG30,Pikachu,holofoil,Crown Zenith Galarian Gallery,GG30,Trainer Gallery Rare Holo,Kouki Saitou,Basic,25,Pokémon,2023/01/20,"tcgplayer,cardmarket",https://prices.pokemontcg.io/tcgplayer/swsh12pt5gg-GG30,https://images.pokemontcg.io/swsh12pt5gg/GG30_hires.png,2026/08/08,2026/05/11,49.42,39.88999938964844,50.0,2000.0,,,,,,41.7682,22.9431,52.4612,0.0,73.5009994506836,52.9341,48.447,0.0,0.0,0.0,1.1535,2026-08-09
swsh12pt5gg-GG31,Turtwig,holofoil,Crown Zenith Galarian Gallery,GG31,Trainer Gallery Rare Holo,Kouki Saitou,Basic,387,Pokémon,2023/01/20,"tcgplayer,cardmarket",https://prices.pokemontcg.io/tcgplayer/swsh12pt5gg-GG31,https://images.pokemontcg.io/swsh12pt5gg/GG31_hires.png,2026/08/08,2026/03/11,10.99,8.5,12.770000457763672,999.99,,,,,,7.2209,4.0257,7.4631,0.0,8.166799545288086,7.3824,7.1978,0.0,0.0,0.0,1.1535,2026-08-09
swsh12pt5gg-GG32,Paras,holofoil,Crown Zenith Galarian Gallery,GG32,Trainer Gallery Rare Holo,Kouki Saitou,Basic,46,Pokémon,2023/01/20,"tcgplayer,cardmarket",https://prices.pokemontcg.io/tcgplayer/swsh12pt5gg-GG32,https://images.pokemontcg.io/swsh12pt5gg/GG32_hires.png,2026/08/08,2026/03/11,8.07,6.25,9.380000114440918,1049.56,,,,,,6.7826,2.8722,7.244,0.0,8.720499992370605,7.2324,6.748,0.0,0.0,0.0,1.1535,2026-08-09
swsh12pt5gg-GG33,Poochyena,holofoil,Crown Zenith Galarian Gallery,GG33,Trainer Gallery Rare Holo,Kouki Saitou,Basic,261,Pokémon,2023/01/20,"tcgplayer,cardmarket",https://prices.pokemontcg.io/tcgplayer/swsh12pt5gg-GG33,https://images.pokemontcg.io/swsh12pt5gg/GG33_hires.png,2026/08/08,2026/03/11,5.09,3.0,6.489999771118164,999.99,,,,,,4.5333,1.7302,4.441,0.0,5.167699813842773,4.4756,4.5102,0.0,0.0,0.0,1.1535,2026-08-09
swsh12pt5gg-GG34,Mareep,holofoil,Crown Zenith Galarian Gallery,GG34,Trainer Gallery Rare Holo,Kouki Saitou,Basic,179,Pokémon,2023/01/20,"tcgplayer,cardmarket",https://prices.pokemontcg.io/tcgplayer/swsh12pt5gg-GG34,https://images.pokemontcg.io/swsh12pt5gg/GG34_hires.png,2026/08/08,2026/03/11,10.05,8.0,10.6899995803833,90.45,,,,,,5.8136,3.2298,5.9405,0.0,11.05049991607666,6.1597,5.8367,0.0,0.0,0.0,1.1535,2026-08-09
swsh12pt5gg-GG35,Leafeon VSTAR,holofoil,Crown Zenith Galarian Gallery,GG35,Rare Holo VSTAR,Jiro Sasumo,VSTAR,470,Pokémon,2023/01/20,"tcgplayer,cardmarket",https://prices.pokemontcg.io/tcgplayer/swsh12pt5gg-GG35,https://images.pokemontcg.io/swsh12pt5gg/GG35_hires.png,2026/08/08,2026/03/11,88.46,79.2699966430664,95.0,793.89,,,,,,69.706,40.3725,72.8205,0.0,96.31729888916016,77.7805,68.2065,0.0,0.0,0.0,1.1535,2026-08-09
swsh12pt5gg-GG36,Entei V,holofoil,Crown Zenith Galarian Gallery,GG36,Rare Holo V,Shigenori Negishi,Basic|V,244,Pokémon,2023/01/20,"tcgplayer,cardmarket",https://prices.pokemontcg.io/tcgplayer/swsh12pt5gg-GG36,https://images.pokemontcg.io/swsh12pt5gg/GG36_hires.png,2026/08/08,2026/03/11,53.45,48.7400016784668,58.68000030517578,481.05,,,,,,45.3095,19.4941,48.0433,0.0,38.05400085449219,44.9404,45.1134,0.0,0.0,0.0,1.1535,2026-08-09
swsh12pt5gg-GG37,Simisear VSTAR,holofoil,Crown Zenith Galarian Gallery,GG37,Rare Holo VSTAR,nagano,VSTAR,514,Pokémon,2023/01/20,"tcgplayer,cardmarket",https://prices.pokemontcg.io/tcgplayer/swsh12pt5gg-GG37,https://images.pokemontcg.io/swsh12pt5gg/GG37_hires.png,2026/08/08,2026/03/09,36.37,34.9900016784668,38.79999923706055,100.0,,,,,,19.3442,12.6885,19.6672,0.0,21.05139923095703,18.9405,18.2138,0.0,0.0,0.0,1.1535,2026-08-09
swsh12pt5gg-GG38,Suicune V,holofoil,Crown Zenith Galarian Gallery,GG38,Rare Holo V,Atsushi Furusawa,Basic|V,245,Pokémon,2023/01/20,"tcgplayer,cardmarket",https://prices.pokemontcg.io/tcgplayer/swsh12pt5gg-GG38,https://images.pokemontcg.io/swsh12pt5gg/GG38_hires.png,2026/08/08,2026/03/09,60.6,55.0,67.3499984741211,545.4,,,,,,52.911,34.3628,55.0681,0.0,46.71670150756836,47.6165,52.9572,0.0,0.0,0.0,1.1535,2026-08-09
swsh12pt5gg-GG39,Lumineon V,holofoil,Crown Zenith Galarian Gallery,GG39,Rare Holo V,Jerky,Basic|V,457,Pokémon,2023/01/20,"tcgplayer,cardmarket",https://prices.pokemontcg.io/tcgplayer/swsh12pt5gg-GG39,https://images.pokemontcg.io/swsh12pt5gg/GG39_hires.png,2026/08/08,2026/03/09,23.73,21.979999542236328,25.0,162.33,,,,,,16.2874,9.228,17.5909,0.0,16.55270004272461,19.6326,17.0949,0.0,0.0,0.0,1.1535,2026-08-09
swsh12pt5gg-GG40,Glaceon VSTAR,holofoil,Crown Zenith Galarian Gallery,GG40,Rare Holo VSTAR,Gemi,VSTAR,471,Pokémon,2023/01/20,"tcgplayer,cardmarket",https://prices.pokemontcg.io/tcgplayer/swsh12pt5gg-GG40,https://images.pokemontcg.io/swsh12pt5gg/GG40_hires.png,2026/08/08,2026/03/09,70.34,62.95000076293945,78.37999725341797,633.06,,,,,,64.9651,23.07,64.6537,0.0,56.475399017333984,61.6084,64.2153,0.0,0.0,0.0,1.1535,2026-08-09
swsh12pt5gg-GG41,Raikou V,holofoil,Crown Zenith Galarian Gallery,GG41,Rare Holo V,nagimiso,Basic|V,243,Pokémon,2023/01/20,"tcgplayer,cardmarket",https://prices.pokemontcg.io/tcgplayer/swsh12pt5gg-GG41,https://images.pokemontcg.io/swsh12pt5gg/GG41_hires.png,2026/08/08,2026/03/09,43.79,40.5,49.970001220703125,399.87,,,,,,48.9776,21.3397,50.3503,0.0,46.91279983520508,47.305,50.0042,0.0,0.0,0.0,1.1535,2026-08-09
swsh12pt5gg-GG42,Zeraora VMAX,holofoil,Crown Zenith Galarian Gallery,GG42,Rare Holo VMAX,aoki,VMAX,807,Pokémon,2023/01/20,"tcgplayer,cardmarket",https://prices.pokemontcg.io/tcgplayer/swsh12pt5gg-GG42,https://images.pokemontcg.io/swsh12pt5gg/GG42_hires.png,2026/08/08,2026/02/24,27.78,23.8700008392334,30.0,185.63,,,,,,21.7896,14.9955,22.7009,0.0,19.72480010986328,23.243,22.1011,0.0,0.0,0.0,1.1535,2026-08-09
swsh12pt5gg-GG43,Zeraora VSTAR,holofoil,Crown Zenith Galarian Gallery,GG43,Rare Holo VSTAR,Ligton,VSTAR,807,Pokémon,2023/01/20,"tcgplayer,cardmarket",https://prices.pokemontcg.io/tcgplayer/swsh12pt5gg-GG43,https://images.pokemontcg.io/swsh12pt5gg/GG43_hires.png,2026/08/08,2026/02/24,28.39,24.989999771118164,30.0,158.96,,,,,,21.928,16.7257,22.0203,0.0,20.76300048828125,20.094,21.7896,0.0,0.0,0.0,1.1535,2026-08-09
swsh12pt5gg-GG44,Mewtwo VSTAR,holofoil,Crown Zenith Galarian Gallery,GG44,Rare Holo VSTAR,GOSSAN,VSTAR,150,Pokémon,2023/01/20,"tcgplayer,cardmarket",https://prices.pokemontcg.io/tcgplayer/swsh12pt5gg-GG44,https://images.pokemontcg.io/swsh12pt5gg/GG44_hires.png,2026/08/08,2026/02/24,289.86,252.80999755859375,317.989990234375,2608.74,,,,,,183.568,80.6296,166.2193,0.0,172.9904022216797,161.9629,177.4775,0.0,0.0,0.0,1.1535,2026-08-09
swsh12pt5gg-GG45,Deoxys VMAX,holofoil,Crown Zenith Galarian Gallery,GG45,Rare Holo VMAX,Akira Komayama,VMAX,386,Pokémon,2023/01/20,"tcgplayer,cardmarket",https://prices.pokemontcg.io/tcgplayer/swsh12pt5gg-GG45,https://images.pokemontcg.io/swsh12pt5gg/GG45_hires.png,2026/08/08,2026/02/24,66.59,62.0,72.98999786376953,600.39,,,,,,36.2776,13.842,32.6556,0.0,30.913799285888672,33.9475,36.0007,0.0,0.0,0.0,1.1535,2026-08-09
swsh12pt5gg-GG46,Deoxys VSTAR,holofoil,Crown Zenith Galarian Gallery,GG46,Rare Holo VSTAR,DOM,VSTAR,386,Pokémon,2023/01/20,"tcgplayer,cardmarket",https://prices.pokemontcg.io/tcgplayer/swsh12pt5gg-GG46,https://images.pokemontcg.io/swsh12pt5gg/GG46_hires.png,2026/08/08,2026/02/24,57.89,52.0,63.25,200.0,,,,,,32.7248,11.535,42.9102,0.0,30.371700286865234,31.4905,33.4284,0.0,0.0,0.0,1.1535,2026-08-09
swsh12pt5gg-GG47,Hatterene VMAX,holofoil,Crown Zenith Galarian Gallery,GG47,Rare Holo VMAX,sui,VMAX,858,Pokémon,2023/01/20,"tcgplayer,cardmarket",https://prices.pokemontcg.io/tcgplayer/swsh12pt5gg-GG47,https://images.pokemontcg.io/swsh12pt5gg/GG47_hires.png,2026/08/08,2026/02/24,8.45,6.289999961853027,9.140000343322754,75.0,,,,,,7.1632,3.4605,7.0133,0.0,6.9095001220703125,6.4942,6.8403,0.0,0.0,0.0,1.1535,2026-08-09
swsh12pt5gg-GG48,Zacian V,holofoil,Crown Zenith Galarian Gallery,GG48,Rare Holo V,Hataya,Basic|V,888,Pokémon,2023/01/20,"tcgplayer,cardmarket",https://prices.pokemontcg.io/tcgplayer/swsh12pt5gg-GG48,https://images.pokemontcg.io/swsh12pt5gg/GG48_hires.png,2026/08/08,2026/02/24,31.25,27.979999542236328,32.93000030517578,150.0,,,,,,25.7115,14.9955,24.7541,0.0,24.246599197387695,27.4302,24.5811,0.0,0.0,0.0,1.1535,2026-08-09
swsh12pt5gg-GG49,Drapion V,holofoil,Crown Zenith Galarian Gallery,GG49,Rare Holo V,Yuka Morii,Basic|V,452,Pokémon,2023/01/20,"tcgplayer,cardmarket",https://prices.pokemontcg.io/tcgplayer/swsh12pt5gg-GG49,https://images.pokemontcg.io/swsh12pt5gg/GG49_hires.png,2026/08/08,2026/02/19,12.21,9.289999961853027,13.09000015258789,45.0,,,,,,7.1286,3.4605,7.8092,0.0,6.990200042724609,7.4055,7.0479,0.0,0.0,0.0,1.1535,2026-08-09
swsh12pt5gg-GG50,Darkrai VSTAR,holofoil,Crown Zenith Galarian Gallery,GG50,Rare Holo VSTAR,Pani Kobayashi,VSTAR,491,Pokémon,2023/01/20,"tcgplayer,cardmarket",https://prices.pokemontcg.io/tcgplayer/swsh12pt5gg-GG50,https://images.pokemontcg.io/swsh12pt5gg/GG50_hires.png,2026/08/08,2026/02/19,101.32,90.0,110.0,169.98,,,,,,60.2127,34.605,60.132,0.0,69.87899780273438,56.7061,60.651,0.0,0.0,0.0,1.1535,2026-08-09
swsh12pt5gg-GG51,Hisuian Samurott V,holofoil,Crown Zenith Galarian Gallery,GG51,Rare Holo V,kodama,Basic|V,503,Pokémon,2023/01/20,"tcgplayer,cardmarket",https://prices.pokemontcg.io/tcgplayer/swsh12pt5gg-GG51,https://images.pokemontcg.io/swsh12pt5gg/GG51_hires.png,2026/08/08,2026/02/19,19.01,15.720000267028809,20.030000686645508,171.09,,,,,,14.1304,6.921,13.9804,0.0,17.879199981689453,14.4418,14.0842,0.0,0.0,0.0,1.1535,2026-08-09
swsh12pt5gg-GG52,Hisuian Samurott VSTAR,holofoil,Crown Zenith Galarian Gallery,GG52,Rare Holo VSTAR,Shibuzoh.,VSTAR,503,Pokémon,2023/01/20,"tcgplayer,cardmarket",https://prices.pokemontcg.io/tcgplayer/swsh12pt5gg-GG52,https://images.pokemontcg.io/swsh12pt5gg/GG52_hires.png,2026/08/08,2026/02/19,14.41,11.0,15.449999809265137,999.0,,,,,,11.6273,6.3327,11.8695,0.0,11.465800285339355,10.9236,11.5465,0.0,0.0,0.0,1.1535,2026-08-09
swsh12pt5gg-GG53,Hoopa V,holofoil,Crown Zenith Galarian Gallery,GG53,Rare Holo V,OKACHEKE,Basic|V|Fusion Strike,720,Pokémon,2023/01/20,"tcgplayer,cardmarket",https://prices.pokemontcg.io/tcgplayer/swsh12pt5gg-GG53,https://images.pokemontcg.io/swsh12pt5gg/GG53_hires.png,2026/08/08,2026/02/19,11.95,9.989999771118164,13.170000076293945,93.77,,,,,,10.8314,4.614,10.2661,0.0,11.3503999710083,11.3274,10.8429,0.0,0.0,0.0,1.1535,2026-08-09
swsh12pt5gg-GG54,Zamazenta V,holofoil,Crown Zenith Galarian Gallery,GG54,Rare Holo V,Haru Akasaka,Basic|V,889,Pokémon,2023/01/20,"tcgplayer,cardmarket",https://prices.pokemontcg.io/tcgplayer/swsh12pt5gg-GG54,https://images.pokemontcg.io/swsh12pt5gg/GG54_hires.png,2026/08/08,2026/02/19,22.71,18.780000686645508,24.540000915527344,204.39,,,,,,22.1587,11.535,22.3433,0.0,19.690200805664062,20.1516,22.0549,0.0,0.0,0.0,1.1535,2026-08-09
swsh12pt5gg-GG55,Regigigas VSTAR,holofoil,Crown Zenith Galarian Gallery,GG55,Rare Holo VSTAR,Aya Kusube,VSTAR,486,Pokémon,2023/01/20,"tcgplayer,cardmarket",https://prices.pokemontcg.io/tcgplayer/swsh12pt5gg-GG55,https://images.pokemontcg.io/swsh12pt5gg/GG55_hires.png,2026/08/08,2026/02/19,26.96,22.93000030517578,29.989999771118164,249.99,,,,,,21.109,13.842,23.0239,0.0,27.395599365234375,24.8464,21.2244,0.0,0.0,0.0,1.1535,2026-08-09
swsh12pt5gg-GG56,Hisuian Zoroark VSTAR,holofoil,Crown Zenith Galarian Gallery,GG56,Rare Holo VSTAR,SIE NANAHARA,VSTAR,571,Pokémon,2023/01/20,"tcgplayer,cardmarket",https://prices.pokemontcg.io/tcgplayer/swsh12pt5gg-GG56,https://images.pokemontcg.io/swsh12pt5gg/GG56_hires.png,2026/08/08,2026/02/19,52.44,47.0,55.0,470.97,,,,,,39.4612,20.763,34.3512,0.0,40.372501373291016,35.9315,38.9652,0.0,0.0,0.0,1.1535,2026-08-09
swsh12pt5gg-GG57,Adaman,holofoil,Crown Zenith Galarian Gallery,GG57,Rare Ultra,Naoki Saito,Supporter,,Trainer,2023/01/20,"tcgplayer,cardmarket",https://prices.pokemontcg.io/tcgplayer/swsh12pt5gg-GG57,https://images.pokemontcg.io/swsh12pt5gg/GG57_hires.png,2026/08/08,2026/02/19,4.79,3.25,5.210000038146973,49.99,,,,,,6.2635,4.4986,6.8979,0.0,11.419699668884277,6.5865,6.2981,0.0,0.0,0.0,1.1535,2026-08-09
swsh12pt5gg-GG58,Cheren's Care,holofoil,Crown Zenith Galarian Gallery,GG58,Rare Ultra,chibi,Supporter,,Trainer,2023/01/20,"tcgplayer,cardmarket",https://prices.pokemontcg.io/tcgplayer/swsh12pt5gg-GG58,https://images.pokemontcg.io/swsh12pt5gg/GG58_hires.png,2026/08/08,2026/02/04,3.31,2.549999952316284,3.990000009536743,45.0,,,,,,5.4099,2.653,5.606,0.0,5.398399829864502,5.5368,5.4099,0.0,0.0,0.0,1.1535,2026-08-09
swsh12pt5gg-GG59,Colress's Experiment,holofoil,Crown Zenith Galarian Gallery,GG59,Rare Ultra,kantaro,Supporter,,Trainer,2023/01/20,"tcgplayer,cardmarket",https://prices.pokemontcg.io/tcgplayer/swsh12pt5gg-GG59,https://images.pokemontcg.io/swsh12pt5gg/GG59_hires.png,2026/08/08,2026/02/01,3.51,1.9299999475479126,3.700000047683716,29.8,,,,,,4.8332,2.8722,4.9139,0.0,5.7444000244140625,5.7675,4.8678,0.0,0.0,0.0,1.1535,2026-08-09
swsh12pt5gg-GG60,Cynthia's Ambition,holofoil,Crown Zenith Galarian Gallery,GG60,Rare Ultra,Atsuya Uki,Supporter,,Trainer,2023/01/20,"tcgplayer,cardmarket",https://prices.pokemontcg.io/tcgplayer/swsh12pt5gg-GG60,https://images.pokemontcg.io/swsh12pt5gg/GG60_hires.png,2026/08/08,2026/02/01,27.53,24.989999771118164,29.989999771118164,247.77,,,,,,23.6237,19.598,23.0239,0.0,22.943099975585938,23.3353,23.4968,0.0,0.0,0.0,1.1535,2026-08-09
swsh12pt5gg-GG61,Gardenia's Vigor,holofoil,Crown Zenith Galarian Gallery,GG61,Rare Ultra,Yoriyuki Ikegami,Supporter,,Trainer,2023/01/20,"tcgplayer,cardmarket",https://prices.pokemontcg.io/tcgplayer/swsh12pt5gg-GG61,https://images.pokemontcg.io/swsh12pt5gg/GG61_hires.png,2026/08/08,2026/02/01,17.11,12.850000381469727,18.0,153.99,,,,,,11.9849,4.614,12.8615,0.0,17.18709945678711,12.2502,11.9387,0.0,0.0,0.0,1.1535,2026-08-09
swsh12pt5gg-GG62,Grant,holofoil,Crown Zenith Galarian Gallery,GG62,Rare Ultra,Oswaldo KATO,Supporter,,Trainer,2023/01/20,"tcgplayer,cardmarket",https://prices.pokemontcg.io/tcgplayer/swsh12pt5gg-GG62,https://images.pokemontcg.io/swsh12pt5gg/GG62_hires.png,2026/08/08,2026/02/01,2.44,1.9900000095367432,2.809999942779541,50.0,,,,,,3.7027,2.0763,3.795,0.0,4.9253997802734375,3.8988,3.8181,0.0,0.0,0.0,1.1535,2026-08-09
swsh12pt5gg-GG63,Irida,holofoil,Crown Zenith Galarian Gallery,GG63,Rare Ultra,Naoki Saito,Supporter,,Trainer,2023/01/20,"tcgplayer,cardmarket",https://prices.pokemontcg.io/tcgplayer/swsh12pt5gg-GG63,https://images.pokemontcg.io/swsh12pt5gg/GG63_hires.png,2026/08/08,2026/02/01,7.99,6.0,8.180000305175781,61.65,,,,,,8.7551,3.4605,9.1703,0.0,10.34689998626709,8.7551,8.6859,0.0,0.0,0.0,1.1535,2026-08-09
swsh12pt5gg-GG64,Melony,holofoil,Crown Zenith Galarian Gallery,GG64,Rare Ultra,saino misaki,Supporter,,Trainer,2023/01/20,"tcgplayer,cardmarket",https://prices.pokemontcg.io/tcgplayer/swsh12pt5gg-GG64,https://images.pokemontcg.io/swsh12pt5gg/GG64_hires.png,2026/08/08,2026/01/21,8.06,6.0,8.069999694824219,4319.03,,,,,,5.779,3.449,5.6175,0.0,5.525300025939941,5.8598,5.8598,0.0,0.0,0.0,1.1535,2026-08-09
swsh12pt5gg-GG65,Raihan,holofoil,Crown Zenith Galarian Gallery,GG65,Rare Ultra,GIDORA,Supporter,,Trainer,2023/01/20,"tcgplayer,cardmarket",https://prices.pokemontcg.io/tcgplayer/swsh12pt5gg-GG65,https://images.pokemontcg.io/swsh12pt5gg/GG65_hires.png,2026/08/08,2026/01/21,4.95,3.0,5.019999980926514,999.99,,,,,,5.3984,2.7684,5.7906,0.0,4.902400016784668,5.6406,5.4791,0.0,0.0,0.0,1.1535,2026-08-09
swsh12pt5gg-GG66,Roxanne,holofoil,Crown Zenith Galarian Gallery,GG66,Rare Ultra,Toshinao Aoki,Supporter,,Trainer,2023/01/20,"tcgplayer,cardmarket",https://prices.pokemontcg.io/tcgplayer/swsh12pt5gg-GG66,https://images.pokemontcg.io/swsh12pt5gg/GG66_hires.png,2026/08/08,2026/01/21,6.1,3.990000009536743,6.0,29.99,,,,,,6.5173,4.0373,6.1136,0.0,4.025700092315674,6.0443,6.4827,0.0,0.0,0.0,1.1535,2026-08-09
swsh12pt5gg-GG67,Origin Forme Palkia VSTAR,holofoil,Crown Zenith Galarian Gallery,GG67,Rare Secret,AKIRA EGAWA,VSTAR,484,Pokémon,2023/01/20,"tcgplayer,cardmarket",https://prices.pokemontcg.io/tcgplayer/swsh12pt5gg-GG67,https://images.pokemontcg.io/swsh12pt5gg/GG67_hires.png,2026/08/08,2026/01/21,128.75,102.18000030517578,134.97999572753906,947.88,,,,,,94.0679,57.5596,118.6029,0.0,95.1061019897461,114.704,96.8017,0.0,0.0,0.0,1.1535,2026-08-09
swsh12pt5gg-GG68,Origin Forme Dialga VSTAR,holofoil,Crown Zenith Galarian Gallery,GG68,Rare Secret,AKIRA EGAWA,VSTAR,483,Pokémon,2023/01/20,"tcgplayer,cardmarket",https://prices.pokemontcg.io/tcgplayer/swsh12pt5gg-GG68,https://images.pokemontcg.io/swsh12pt5gg/GG68_hires.png,2026/08/08,2026/01/21,139.02,111.98999786376953,147.22000122070312,1060.02,,,,,,95.256,65.7495,90.0653,0.0,90.8727035522461,94.9561,98.705,0.0,0.0,0.0,1.1535,2026-08-09
swsh12pt5gg-GG69,Giratina VSTAR,holofoil,Crown Zenith Galarian Gallery,GG69,Rare Secret,AKIRA EGAWA,VSTAR,487,Pokémon,2023/01/20,"tcgplayer,cardmarket",https://prices.pokemontcg.io/tcgplayer/swsh12pt5gg-GG69,https://images.pokemontcg.io/swsh12pt5gg/GG69_hires.png,2026/08/08,2026/01/21,360.91,312.7099914550781,381.8900146484375,1864.98,,,,,,219.9032,121.1175,210.9867,0.0,204.7115936279297,225.44,220.5953,0.0,0.0,0.0,1.1535,2026-08-09
swsh12pt5gg-GG70,Arceus VSTAR,holofoil,Crown Zenith Galarian Gallery,GG70,Rare Secret,AKIRA EGAWA,VSTAR,493,Pokémon,2023/01/20,"tcgplayer,cardmarket",https://prices.pokemontcg.io/tcgplayer/swsh12pt5gg-GG70,https://images.pokemontcg.io/swsh12pt5gg/GG70_hires.png,2026/08/08,2026/01/21,224.8,199.2100067138672,234.99000549316406,1337.15,,,,,,149.0668,84.713,141.6844,0.0,133.60989379882812,145.5717,146.5752,0.0,0.0,0.0,1.1535,2026-08-09
swshp-SWSH277,Rillaboom,holofoil,SWSH Black Star Promos,SWSH277,Promo,DOM,Stage 2|Rapid Strike,812,Pokémon,2019/11/15,"tcgplayer,cardmarket",https://prices.pokemontcg.io/tcgplayer/swshp-SWSH277,https://images.pokemontcg.io/swshp/SWSH277_hires.png,2026/08/08,2025/11/18,0.57,0.25,0.6000000238418579,17.32,,,,,,0.3114,0.0231,0.2538,0.0,0.17299999296665192,0.2307,0.2422,0.0,0.0,0.0,1.1535,2026-08-09
swshp-SWSH278,Cinderace,holofoil,SWSH Black Star Promos,SWSH278,Promo,Yuya Oka,Stage 2|Single Strike,815,Pokémon,2019/11/15,"tcgplayer,cardmarket",https://prices.pokemontcg.io/tcgplayer/swshp-SWSH278,https://images.pokemontcg.io/swshp/SWSH278_hires.png,2026/08/08,2025/11/18,0.52,0.25,0.550000011920929,19.98,,,,,,0.2999,0.0231,0.2768,0.0,0.20759999752044678,0.3576,0.3114,0.0,0.0,0.0,1.1535,2026-08-09
swshp-SWSH279,Inteleon,holofoil,SWSH Black Star Promos,SWSH279,Promo,GOSSAN,Stage 2|Rapid Strike,818,Pokémon,2019/11/15,"tcgplayer,cardmarket",https://prices.pokemontcg.io/tcgplayer/swshp-SWSH279,https://images.pokemontcg.io/swshp/SWSH279_hires.png,2026/08/08,2025/11/18,0.56,0.05000000074505806,0.550000011920929,19.98,,,,,,0.2999,0.0231,0.2422,0.0,0.12690000236034393,0.3114,0.2307,0.0,0.0,0.0,1.1535,2026-08-09
swshp-SWSH280,Regieleki V,holofoil,SWSH Black Star Promos,SWSH280,Promo,Eske Yoshinob,Basic|V,894,Pokémon,2019/11/15,"tcgplayer,cardmarket",https://prices.pokemontcg.io/tcgplayer/swshp-SWSH280,https://images.pokemontcg.io/swshp/SWSH280_hires.png,2026/08/08,2025/11/18,0.66,0.4000000059604645,0.8500000238418579,5.99,,,,,,0.7267,0.0577,0.6114,0.0,0.57669997215271,0.7267,0.6806,0.0,0.0,0.0,1.1535,2026-08-09
swshp-SWSH281,Regidrago V,holofoil,SWSH Black Star Promos,SWSH281,Promo,PLANETA Hiiragi,Basic|V,895,Pokémon,2019/11/15,"tcgplayer,cardmarket",https://prices.pokemontcg.io/tcgplayer/swshp-SWSH281,https://images.pokemontcg.io/swshp/SWSH281_hires.png,2026/08/08,2025/11/18,0.83,0.3499999940395355,0.9900000095367432,9.99,,,,,,0.7267,0.2307,0.8767,0.0,0.7267000079154968,0.9805,0.8651,0.0,0.0,0.0,1.1535,2026-08-09
swshp-SWSH291,Lucario VSTAR,holofoil,SWSH Black Star Promos,SWSH291,Promo,hncl,VSTAR,448,Pokémon,2019/11/15,"tcgplayer,cardmarket",https://prices.pokemontcg.io/tcgplayer/swshp-SWSH291,https://images.pokemontcg.io/swshp/SWSH291_hires.png,2026/08/08,2025/11/18,10.81,10.550000190734863,13.649999618530273,499.0,,,,,,12.9884,5.6983,10.1969,0.0,10.72760009765625,10.716,11.7196,0.0,0.0,0.0,1.1535,2026-08-09
sv1-8,Scatterbug,normal,Scarlet & Violet,8,Common,sowsow,Basic,664,Pokémon,2023/03/31,"tcgplayer,cardmarket",https://prices.pokemontcg.io/tcgplayer/sv1-8,https://images.pokemontcg.io/sv1/8_hires.png,2026/08/08,2026/07/01,0.1,0.009999999776482582,0.15000000596046448,1000.0,,0.16,,,,0.0346,0.0231,0.0461,0.1154,0.03460000082850456,0.0577,0.0461,0.1154,0.1269,0.1154,1.1535,2026-08-09
sv1-1,Pineco,normal,Scarlet & Violet,1,Common,Shigenori Negishi,Basic,204,Pokémon,2023/03/31,"tcgplayer,cardmarket",https://prices.pokemontcg.io/tcgplayer/sv1-1,https://images.pokemontcg.io/sv1/1_hires.png,2026/08/08,2026/07/01,0.11,0.009999999776482582,0.15000000596046448,19.98,,0.2,,,,4.2449,0.0231,4.5217,0.2076,0.023099999874830246,0.0461,4.0719,0.2884,0.2076,0.1846,1.1535,2026-08-09
sv1-6,Cacturne,normal,Scarlet & Violet,6,Uncommon,DOM,Stage 1,332,Pokémon,2023/03/31,"tcgplayer,cardmarket",https://prices.pokemontcg.io/tcgplayer/sv1-6,https://images.pokemontcg.io/sv1/6_hires.png,2026/08/08,2026/07/01,0.07,0.009999999776482582,0.15000000596046448,25.0,,0.25,,,,0.0461,0.0231,0.0577,0.1961,0.05770000070333481,0.0461,0.0461,0.2192,0.2884,0.1961,1.1535,2026-08-09
sv1-12,Gogoat,normal,Scarlet & Violet,12,Common,Gemi,Stage 1,673,Pokémon,2023/03/31,"tcgplayer,cardmarket",https://prices.pokemontcg.io/tcgplayer/sv1-12,https://images.pokemontcg.io/sv1/12_hires.png,2026/08/08,2026/07/01,0.13,0.009999999776482582,0.15000000596046448,1000.0,,0.16,,,,0.0577,0.0231,0.0807,0.1269,0.023099999874830246,0.0807,0.0692,0.1154,0.1154,0.1154,1.1535,2026-08-09
sv1-13,Sprigatito,normal,Scarlet & Violet,13,Common,Saya Tsuruta,Basic,906,Pokémon,2023/03/31,"tcgplayer,cardmarket",https://prices.pokemontcg.io/tcgplayer/sv1-13,https://images.pokemontcg.io/sv1/13_hires.png,2026/08/08,2026/07/01,0.24,0.009999999776482582,0.23999999463558197,20.0,,0.28,,,,0.0461,0.0231,0.0346,0.1384,0.05770000070333481,0.0461,0.0461,0.173,0.1384,0.1384,1.1535,2026-08-09
sv1-15,Meowscarada,holofoil,Scarlet & Violet,15,Rare,Ryota Murayama,Stage 2,908,Pokémon,2023/03/31,"tcgplayer,cardmarket",https://prices.pokemontcg.io/tcgplayer/sv1-15,https://images.pokemontcg.io/sv1/15_hires.png,2026/08/08,2026/07/01,0.25,0.019999999552965164,0.25,40.0,,0.22,,,,0.1038,0.0231,0.1154,0.1961,0.09229999780654907,0.0923,0.1038,0.4845,0.323,0.2307,1.1535,2026-08-09
sv1-16,Tarountula,normal,Scarlet & Violet,16,Common,Tika Matsuno,Basic,917,Pokémon,2023/03/31,"tcgplayer,cardmarket",https://prices.pokemontcg.io/tcgplayer/sv1-16,https://images.pokemontcg.io/sv1/16_hires.png,2026/08/08,2026/07/01,0.17,0.009999999776482582,0.18000000715255737,19.98,,0.2,,,,0.0461,0.0231,0.0346,0.1615,0.023099999874830246,0.0461,0.0346,0.15,0.15,0.173,1.1535,2026-08-09
sv1-18,Tarountula,normal,Scarlet & Violet,18,Common,Kouki Saitou,Basic,917,Pokémon,2023/03/31,"tcgplayer,cardmarket",https://prices.pokemontcg.io/tcgplayer/sv1-18,https://images.pokemontcg.io/sv1/18_hires.png,2026/08/08,2026/06/30,0.12,0.009999999776482582,0.15000000596046448,20.0,,0.22,,,,0.0692,0.0231,0.0577,0.173,0.023099999874830246,0.0231,0.0692,0.1269,0.1384,0.173,1.1535,2026-08-09
sv1-20,Smoliv,normal,Scarlet & Violet,20,Common,yuu,Basic,928,Pokémon,2023/03/31,"tcgplayer,cardmarket",https://prices.pokemontcg.io/tcgplayer/sv1-20,https://images.pokemontcg.io/sv1/20_hires.png,2026/08/08,2026/06/30,0.18,0.009999999776482582,0.1899999976158142,19.98,,0.24,,,,0.0577,0.0231,0.0461,0.173,0.05770000070333481,0.0461,0.0461,0.2076,0.173,0.1846,1.1535,2026-08-09
sv1-21,Smoliv,normal,Scarlet & Violet,21,Common,Shibuzoh.,Basic,928,Pokémon,2023/03/31,"tcgplayer,cardmarket",https://prices.pokemontcg.io/tcgplayer/sv1-21,https://images.pokemontcg.io/sv1/21_hires.png,2026/08/08,2026/06/30,0.11,0.009999999776482582,0.15000000596046448,20.0,,0.19,,,,0.0461,0.0231,0.0461,0.1269,0.04610000178217888,0.0461,0.0461,0.0577,0.0923,0.1269,1.1535,2026-08-09
sv1-19,Spidops ex,holofoil,Scarlet & Violet,19,Double Rare,takuyoa,Stage 1|ex,918,Pokémon,2023/03/31,"tcgplayer,cardmarket",https://prices.pokemontcg.io/tcgplayer/sv1-19,https://images.pokemontcg.io/sv1/19_hires.png,2026/08/08,2026/06/30,0.6,0.25,0.9900000095367432,35.0,,,,,,0.6806,0.1038,0.4153,0.0,0.6805999875068665,0.5191,0.669,0.0,0.0,0.0,1.1535,2026-08-09
sv1-23,Arboliva,holofoil,Scarlet & Violet,23,Rare,Kouki Saitou,Stage 2,930,Pokémon,2023/03/31,"tcgplayer,cardmarket",https://prices.pokemontcg.io/tcgplayer/sv1-23,https://images.pokemontcg.io/sv1/23_hires.png,2026/08/08,2026/06/30,0.18,0.019999999552965164,0.20000000298023224,15.16,,0.24,,,,0.0807,0.0231,0.0807,0.2768,0.023099999874830246,0.0692,0.0692,0.5767,0.4037,0.2653,1.1535,2026-08-09
sv1-24,Toedscool,normal,Scarlet & Violet,24,Common,Shin Nagasawa,Basic,948,Pokémon,2023/03/31,"tcgplayer,cardmarket",https://prices.pokemontcg.io/tcgplayer/sv1-24,https://images.pokemontcg.io/sv1/24_hires.png,2026/08/08,2026/06/30,0.12,0.009999999776482582,0.15000000596046448,19.98,,0.16,,,,0.0461,0.0231,0.0692,0.173,0.023099999874830246,0.0346,0.0461,0.2076,0.2076,0.1961,1.1535,2026-08-09
sv1-2,Heracross,normal,Scarlet & Violet,2,Uncommon,Taira Akitsu,Basic,214,Pokémon,2023/03/31,"tcgplayer,cardmarket",https://prices.pokemontcg.io/tcgplayer/sv1-2,https://images.pokemontcg.io/sv1/2_hires.png,2026/08/08,2026/06/27,0.09,0.009999999776482582,0.15000000596046448,19.98,,0.26,,,,0.0346,0.0231,0.0461,0.1846,0.05770000070333481,0.0461,0.0346,0.1154,0.1846,0.1846,1.1535,2026-08-09
sv1-4,Breloom,normal,Scarlet & Violet,4,Uncommon,Ryuta Fuse,Stage 1,286,Pokémon,2023/03/31,"tcgplayer,cardmarket",https://prices.pokemontcg.io/tcgplayer/sv1-4,https://images.pokemontcg.io/sv1/4_hires.png,2026/08/08,2026/06/27,0.1,0.009999999776482582,0.15000000596046448,20.0,,0.24,,,,0.0346,0.0231,0.0461,0.1615,0.11540000140666962,0.0346,0.0346,0.0231,0.173,0.173,1.1535,2026-08-09
sv1-7,Tropius,normal,Scarlet & Violet,7,Common,aoki,Basic,357,Pokémon,2023/03/31,"tcgplayer,cardmarket",https://prices.pokemontcg.io/tcgplayer/sv1-7,https://images.pokemontcg.io/sv1/7_hires.png,2026/08/08,2026/06/27,0.1,0.009999999776482582,0.15000000596046448,1000.0,,0.19,,,,0.0461,0.0231,0.0461,0.1269,0.023099999874830246,0.0461,0.0461,0.0346,0.0692,0.1269,1.1535,2026-08-09
sv1-10,Vivillon,normal,Scarlet & Violet,10,Uncommon,Atsuko Nishida,Stage 2,666,Pokémon,2023/03/31,"tcgplayer,cardmarket",https://prices.pokemontcg.io/tcgplayer/sv1-10,https://images.pokemontcg.io/sv1/10_hires.png,2026/08/08,2026/06/27,0.15,0.009999999776482582,0.1599999964237213,20.0,,0.21,,,,0.0346,0.0231,0.0461,0.1615,0.04610000178217888,0.0346,0.0346,0.2192,0.2192,0.173,1.1535,2026-08-09
sv1-11,Skiddo,normal,Scarlet & Violet,11,Common,Tika Matsuno,Basic,672,Pokémon,2023/03/31,"tcgplayer,cardmarket",https://prices.pokemontcg.io/tcgplayer/sv1-11,https://images.pokemontcg.io/sv1/11_hires.png,2026/08/08,2026/06/27,0.11,0.009999999776482582,0.15000000596046448,19.98,,0.18,,,,0.0461,0.0231,0.0346,0.1384,0.11540000140666962,0.0461,0.0461,0.0461,0.1038,0.1384,1.1535,2026-08-09
sv1-14,Floragato,normal,Scarlet & Violet,14,Uncommon,Kouki Saitou,Stage 1,907,Pokémon,2023/03/31,"tcgplayer,cardmarket",https://prices.pokemontcg.io/tcgplayer/sv1-14,https://images.pokemontcg.io/sv1/14_hires.png,2026/08/08,2026/06/27,0.13,0.009999999776482582,0.1599999964237213,19.98,,0.23,,,,0.0461,0.0231,0.0461,0.2192,0.023099999874830246,0.0577,0.0461,0.1384,0.2076,0.2307,1.1535,2026-08-09
sv1-26,Toedscruel,normal,Scarlet & Violet,26,Uncommon,nagimiso,Stage 1,949,Pokémon,2023/03/31,"tcgplayer,cardmarket",https://prices.pokemontcg.io/tcgplayer/sv1-26,https://images.pokemontcg.io/sv1/26_hires.png,2026/08/08,2026/06/27,0.13,0.009999999776482582,0.15000000596046448,25.0,,0.23,,,,0.0346,0.0231,0.0461,0.1846,0.11540000140666962,0.0346,0.0346,0.2768,0.2538,0.1846,1.1535,2026-08-09
sv1-3,Shroomish,normal,Scarlet & Violet,3,Common,kurumitsu,Basic,285,Pokémon,2023/03/31,"tcgplayer,cardmarket",https://prices.pokemontcg.io/tcgplayer/sv1-3,https://images.pokemontcg.io/sv1/3_hires.png,2026/08/08,2026/05/14,0.18,0.009999999776482582,0.18000000715255737,19.98,,0.23,,,,0.0461,0.0231,0.0461,0.1269,0.04610000178217888,0.0461,0.0346,0.0807,0.15,0.1384,1.1535,2026-08-09
sv1-5,Cacnea,normal,Scarlet & Violet,5,Common,Tika Matsuno,Basic,331,Pokémon,2023/03/31,"tcgplayer,cardmarket",https://prices.pokemontcg.io/tcgplayer/sv1-5,https://images.pokemontcg.io/sv1/5_hires.png,2026/08/08,2026/05/14,0.17,0.009999999776482582,0.1899999976158142,19.98,,0.24,,,,0.0577,0.0231,0.0577,0.2192,0.05770000070333481,0.0461,0.0461,0.2884,0.2076,0.2076,1.1535,2026-08-09
sv1-9,Spewpa,normal,Scarlet & Violet,9,Common,Kagemaru Himeno,Stage 1,665,Pokémon,2023/03/31,"tcgplayer,cardmarket",https://prices.pokemontcg.io/tcgplayer/sv1-9,https://images.pokemontcg.io/sv1/9_hires.png,2026/08/08,2026/05/07,0.11,0.009999999776482582,0.15000000596046448,25.0,,0.17,,,,0.0461,0.0231,0.0346,0.1269,0.023099999874830246,0.0346,0.0461,0.0923,0.1038,0.1269,1.1535,2026-08-09
sv1-17,Tarountula,normal,Scarlet & Violet,17,Common,Pani Kobayashi,Basic,917,Pokémon,2023/03/31,"tcgplayer,cardmarket",https://prices.pokemontcg.io/tcgplayer/sv1-17,https://images.pokemontcg.io/sv1/17_hires.png,2026/08/08,2026/04/18,0.13,0.009999999776482582,0.15000000596046448,19.98,,0.21,,,,0.0461,0.0231,0.0692,0.1961,0.04610000178217888,0.0577,0.0461,0.173,0.2307,0.1961,1.1535,2026-08-09
sv1-22,Dolliv,normal,Scarlet & Violet,22,Common,Mina Nakai,Stage 1,929,Pokémon,2023/03/31,"tcgplayer,cardmarket",https://prices.pokemontcg.io/tcgplayer/sv1-22,https://images.pokemontcg.io/sv1/22_hires.png,2026/08/08,2026/03/12,0.13,0.009999999776482582,0.15000000596046448,20.0,,0.18,,,,0.0692,0.0231,0.0577,0.1384,0.023099999874830246,0.0461,0.0692,0.1154,0.1615,0.1384,1.1535,2026-08-09
sv1-25,Toedscool,normal,Scarlet & Violet,25,Common,Tika Matsuno,Basic,948,Pokémon,2023/03/31,"tcgplayer,cardmarket",https://prices.pokemontcg.io/tcgplayer/sv1-25,https://images.pokemontcg.io/sv1/25_hires.png,2026/08/08,2026/03/12,0.1,0.009999999776482582,0.15000000596046448,20.0,,0.17,,,,0.0461,0.0231,0.1038,0.15,0.6229000091552734,0.0577,0.0577,0.3345,0.173,0.15,1.1535,2026-08-09
sv1-45,Gyarados ex,holofoil,Scarlet & Violet,45,Double Rare,5ban Graphics,Stage 1|Tera|ex,130,Pokémon,2023/03/31,"tcgplayer,cardmarket",https://prices.pokemontcg.io/tcgplayer/sv1-45,https://images.pokemontcg.io/sv1/45_hires.png,2026/08/08,2026/03/11,1.57,0.75,1.850000023841858,20.0,,,,,,1.5111,0.2307,1.6726,0.0,1.8224999904632568,1.5226,1.488,0.0,0.0,0.0,1.1535,2026-08-09
sv1-29,Scovillain,normal,Scarlet & Violet,29,Uncommon,KEIICHIRO ITO,Stage 1,952,Pokémon,2023/03/31,"tcgplayer,cardmarket",https://prices.pokemontcg.io/tcgplayer/sv1-29,https://images.pokemontcg.io/sv1/29_hires.png,2026/08/08,2026/03/11,0.16,0.009999999776482582,0.1599999964237213,20.0,,0.23,,,,0.0461,0.0231,0.0577,0.2076,0.03460000082850456,0.0346,0.0461,0.1846,0.1961,0.2076,1.1535,2026-08-09
sv1-51,Bruxish,normal,Scarlet & Violet,51,Common,kurumitsu,Basic,779,Pokémon,2023/03/31,"tcgplayer,cardmarket",https://prices.pokemontcg.io/tcgplayer/sv1-51,https://images.pokemontcg.io/sv1/51_hires.png,2026/08/08,2026/03/11,0.13,0.009999999776482582,0.15000000596046448,19.98,,0.2,,,,0.0461,0.0231,0.0346,0.2076,0.023099999874830246,0.0346,0.0461,0.173,0.2192,0.2076,1.1535,2026-08-09
sv1-56,Wiglett,normal,Scarlet & Violet,56,Common,Tika Matsuno,Basic,960,Pokémon,2023/03/31,"tcgplayer,cardmarket",https://prices.pokemontcg.io/tcgplayer/sv1-56,https://images.pokemontcg.io/sv1/56_hires.png,2026/08/08,2026/03/11,0.17,0.009999999776482582,0.1899999976158142,19.98,,0.32,,,,0.0577,0.0231,0.0461,0.1961,0.023099999874830246,0.0346,0.0577,0.2076,0.2076,0.1961,1.1535,2026-08-09
sv1-37,Crocalor,normal,Scarlet & Violet,37,Uncommon,kantaro,Stage 1,910,Pokémon,2023/03/31,"tcgplayer,cardmarket",https://prices.pokemontcg.io/tcgplayer/sv1-37,https://images.pokemontcg.io/sv1/37_hires.png,2026/08/08,2026/03/11,0.14,0.009999999776482582,0.15000000596046448,20.0,,0.27,,,,0.0461,0.0231,0.0461,0.1846,0.023099999874830246,0.0461,0.0461,0.346,0.2192,0.1846,1.1535,2026-08-09
sv1-57,Wugtrio,normal,Scarlet & Violet,57,Uncommon,KIYOTAKA OSHIYAMA,Stage 1,961,Pokémon,2023/03/31,"tcgplayer,cardmarket",https://prices.pokemontcg.io/tcgplayer/sv1-57,https://images.pokemontcg.io/sv1/57_hires.png,2026/08/08,2026/03/11,0.12,0.009999999776482582,0.1599999964237213,19.98,,0.24,,,,0.0461,0.0231,0.0346,0.2307,0.023099999874830246,0.0346,0.0461,0.2307,0.2538,0.2307,1.1535,2026-08-09
sv1-38,Skeledirge,holofoil,Scarlet & Violet,38,Rare,nagimiso,Stage 2,911,Pokémon,2023/03/31,"tcgplayer,cardmarket",https://prices.pokemontcg.io/tcgplayer/sv1-38,https://images.pokemontcg.io/sv1/38_hires.png,2026/08/08,2026/03/11,0.17,0.009999999776482582,0.20000000298023224,2.99,,0.22,,,,0.1038,0.0231,0.1154,0.2422,0.05770000070333481,0.1154,0.1038,0.2884,0.2884,0.2422,1.1535,2026-08-09
sv1-59,Cetoddle,normal,Scarlet & Violet,59,Common,Kouki Saitou,Basic,974,Pokémon,2023/03/31,"tcgplayer,cardmarket",https://prices.pokemontcg.io/tcgplayer/sv1-59,https://images.pokemontcg.io/sv1/59_hires.png,2026/08/08,2026/03/11,0.1,0.009999999776482582,0.15000000596046448,20.0,,0.2,,,,0.0461,0.0231,0.0461,0.1961,0.023099999874830246,0.0461,0.0577,0.3576,0.2076,0.1961,1.1535,2026-08-09
sv1-40,Charcadet,normal,Scarlet & Violet,40,Common,nagimiso,Basic,935,Pokémon,2023/03/31,"tcgplayer,cardmarket",https://prices.pokemontcg.io/tcgplayer/sv1-40,https://images.pokemontcg.io/sv1/40_hires.png,2026/08/08,2026/03/11,0.12,0.009999999776482582,0.15000000596046448,19.98,,0.19,,,,0.0346,0.0231,0.0346,0.2076,0.023099999874830246,0.0346,0.0461,0.2653,0.2653,0.1961,1.1535,2026-08-09
sv1-46,Buizel,normal,Scarlet & Violet,46,Common,Mizue,Basic,418,Pokémon,2023/03/31,"tcgplayer,cardmarket",https://prices.pokemontcg.io/tcgplayer/sv1-46,https://images.pokemontcg.io/sv1/46_hires.png,2026/08/08,2026/03/11,0.12,0.009999999776482582,0.15000000596046448,19.98,,0.19,,,,0.0461,0.0231,0.0461,0.1384,0.06920000165700912,0.0461,0.0461,0.2653,0.1384,0.1269,1.1535,2026-08-09
sv1-60,Cetitan,normal,Scarlet & Violet,60,Uncommon,Anesaki Dynamic,Stage 1,975,Pokémon,2023/03/31,"tcgplayer,cardmarket",https://prices.pokemontcg.io/tcgplayer/sv1-60,https://images.pokemontcg.io/sv1/60_hires.png,2026/08/08,2026/03/11,0.09,0.009999999776482582,0.15000000596046448,20.0,,0.24,,,,0.0346,0.0231,0.0346,0.2653,0.023099999874830246,0.0231,0.0461,0.2653,0.2999,0.2422,1.1535,2026-08-09
sv1-49,Clauncher,normal,Scarlet & Violet,49,Common,miki kudo,Basic,692,Pokémon,2023/03/31,"tcgplayer,cardmarket",https://prices.pokemontcg.io/tcgplayer/sv1-49,https://images.pokemontcg.io/sv1/49_hires.png,2026/08/08,2026/03/11,0.13,0.009999999776482582,0.15000000596046448,20.0,,0.14,,,,0.0461,0.0231,0.0577,0.15,0.023099999874830246,0.0346,0.0461,0.2884,0.1615,0.15,1.1535,2026-08-09
sv1-50,Clawitzer,normal,Scarlet & Violet,50,Common,Souichirou Gunjima,Stage 1,693,Pokémon,2023/03/31,"tcgplayer,cardmarket",https://prices.pokemontcg.io/tcgplayer/sv1-50,https://images.pokemontcg.io/sv1/50_hires.png,2026/08/08,2026/03/11,0.09,0.019999999552965164,0.15000000596046448,20.0,,0.14,,,,0.0577,0.0231,0.0577,0.1269,0.023099999874830246,0.0346,0.0577,0.173,0.1269,0.1269,1.1535,2026-08-09
sv1-53,Quaxwell,normal,Scarlet & Violet,53,Uncommon,kirisAki,Stage 1,913,Pokémon,2023/03/31,"tcgplayer,cardmarket",https://prices.pokemontcg.io/tcgplayer/sv1-53,https://images.pokemontcg.io/sv1/53_hires.png,2026/08/08,2026/03/11,0.09,0.009999999776482582,0.15000000596046448,19.98,,0.25,,,,0.0461,0.0231,0.0461,0.1846,0.03460000082850456,0.0461,0.0461,0.2884,0.2422,0.1961,1.1535,2026-08-09
sv1-54,Quaquaval,holofoil,Scarlet & Violet,54,Rare,Kouki Saitou,Stage 2,914,Pokémon,2023/03/31,"tcgplayer,cardmarket",https://prices.pokemontcg.io/tcgplayer/sv1-54,https://images.pokemontcg.io/sv1/54_hires.png,2026/08/08,2026/03/11,0.16,0.009999999776482582,0.20999999344348907,20.0,,0.24,,,,0.3345,0.0231,0.346,0.0,0.3345000147819519,0.3691,0.3807,0.0,0.0,0.0,1.1535,2026-08-09
sv1-55,Wiglett,normal,Scarlet & Violet,55,Common,Shin Nagasawa,Basic,960,Pokémon,2023/03/31,"tcgplayer,cardmarket",https://prices.pokemontcg.io/tcgplayer/sv1-55,https://images.pokemontcg.io/sv1/55_hires.png,2026/08/08,2026/03/11,0.11,0.009999999776482582,0.15000000596046448,19.98,,0.19,,,,0.0346,0.0231,0.0346,0.2076,0.04610000178217888,0.0346,0.0346,0.2884,0.1961,0.2076,1.1535,2026-08-09
sv1-27,Capsakid,normal,Scarlet & Violet,27,Common,Kouki Saitou,Basic,951,Pokémon,2023/03/31,"tcgplayer,cardmarket",https://prices.pokemontcg.io/tcgplayer/sv1-27,https://images.pokemontcg.io/sv1/27_hires.png,2026/08/08,2026/03/11,0.09,0.009999999776482582,0.15000000596046448,19.98,,0.21,,,,0.0461,0.0231,0.0461,0.1615,0.023099999874830246,0.0346,0.0461,0.2884,0.2192,0.1615,1.1535,2026-08-09
sv1-30,Growlithe,normal,Scarlet & Violet,30,Common,kawayoo,Basic,58,Pokémon,2023/03/31,"tcgplayer,cardmarket",https://prices.pokemontcg.io/tcgplayer/sv1-30,https://images.pokemontcg.io/sv1/30_hires.png,2026/08/08,2026/03/11,0.13,0.009999999776482582,0.17000000178813934,20.0,,0.24,,,,0.0461,0.0231,0.0461,0.1615,0.023099999874830246,0.0577,0.0461,0.15,0.1846,0.173,1.1535,2026-08-09
sv1-28,Capsakid,normal,Scarlet & Violet,28,Common,GIDORA,Basic,951,Pokémon,2023/03/31,"tcgplayer,cardmarket",https://prices.pokemontcg.io/tcgplayer/sv1-28,https://images.pokemontcg.io/sv1/28_hires.png,2026/08/08,2026/02/19,0.2,0.009999999776482582,0.20000000298023224,19.98,,0.2,,,,0.0577,0.0231,0.0461,0.173,0.023099999874830246,0.0461,0.0461,0.1154,0.1846,0.1846,1.1535,2026-08-09
sv1-32,Arcanine ex,holofoil,Scarlet & Violet,32,Double Rare,5ban Graphics,Stage 1|Tera|ex,59,Pokémon,2023/03/31,"tcgplayer,cardmarket",https://prices.pokemontcg.io/tcgplayer/sv1-32,https://images.pokemontcg.io/sv1/32_hires.png,2026/08/08,2026/02/19,1.18,0.25,1.2699999809265137,29.99,,,,,,1.2804,0.2076,1.2573,0.0,1.61489999294281,1.3957,1.2804,0.0,0.0,0.0,1.1535,2026-08-09
sv1-35,Torkoal,normal,Scarlet & Violet,35,Uncommon,Kurata So,Basic,324,Pokémon,2023/03/31,"tcgplayer,cardmarket",https://prices.pokemontcg.io/tcgplayer/sv1-35,https://images.pokemontcg.io/sv1/35_hires.png,2026/08/08,2026/02/04,0.1,0.009999999776482582,0.15000000596046448,20.0,,0.24,,,,0.0577,0.0231,0.0692,0.1961,0.023099999874830246,0.0923,0.0577,0.2653,0.2192,0.2076,1.1535,2026-08-09
sv1-36,Fuecoco,normal,Scarlet & Violet,36,Common,Akira Komayama,Basic,909,Pokémon,2023/03/31,"tcgplayer,cardmarket",https://prices.pokemontcg.io/tcgplayer/sv1-36,https://images.pokemontcg.io/sv1/36_hires.png,2026/08/08,2026/02/04,0.17,0.009999999776482582,0.1899999976158142,20.0,,0.22,,,,0.0461,0.0231,0.0461,0.1269,0.05770000070333481,0.0577,0.0577,0.323,0.2307,0.15,1.1535,2026-08-09
sv1-39,Charcadet,normal,Scarlet & Violet,39,Common,Souichirou Gunjima,Basic,935,Pokémon,2023/03/31,"tcgplayer,cardmarket",https://prices.pokemontcg.io/tcgplayer/sv1-39,https://images.pokemontcg.io/sv1/39_hires.png,2026/08/08,2026/02/04,0.12,0.029999999329447746,0.15000000596046448,20.0,,0.21,,,,0.0692,0.0231,0.0461,0.1846,0.05770000070333481,0.0692,0.0577,0.496,0.2307,0.1961,1.1535,2026-08-09
sv1-43,Slowbro,holofoil,Scarlet & Violet,43,Rare,Shinji Kanda,Stage 1,80,Pokémon,2023/03/31,"tcgplayer,cardmarket",https://prices.pokemontcg.io/tcgplayer/sv1-43,https://images.pokemontcg.io/sv1/43_hires.png,2026/08/08,2026/02/04,0.32,0.009999999776482582,0.33000001311302185,50.0,,0.63,,,,0.1384,0.0231,0.1846,0.3114,0.4383000135421753,0.1846,0.15,0.1154,0.4383,0.323,1.1535,2026-08-09
sv1-47,Floatzel,normal,Scarlet & Violet,47,Uncommon,Gemi,Stage 1,419,Pokémon,2023/03/31,"tcgplayer,cardmarket",https://prices.pokemontcg.io/tcgplayer/sv1-47,https://images.pokemontcg.io/sv1/47_hires.png,2026/08/08,2026/02/04,0.09,0.009999999776482582,0.15000000596046448,25.0,,0.23,,,,0.0461,0.0231,0.0692,0.1846,0.04610000178217888,0.0461,0.0461,0.0807,0.173,0.1846,1.1535,2026-08-09
sv1-48,Alomomola,normal,Scarlet & Violet,48,Common,Shinji Kanda,Basic,594,Pokémon,2023/03/31,"tcgplayer,cardmarket",https://prices.pokemontcg.io/tcgplayer/sv1-48,https://images.pokemontcg.io/sv1/48_hires.png,2026/08/08,2026/02/01,0.17,0.029999999329447746,0.20000000298023224,19.98,,0.27,,,,0.0692,0.0231,0.0692,0.173,0.18459999561309814,0.1038,0.0692,0.1846,0.2192,0.173,1.1535,2026-08-09
sv1-31,Growlithe,normal,Scarlet & Violet,31,Common,Tika Matsuno,Basic,58,Pokémon,2023/03/31,"tcgplayer,cardmarket",https://prices.pokemontcg.io/tcgplayer/sv1-31,https://images.pokemontcg.io/sv1/31_hires.png,2026/08/08,2026/02/01,0.19,0.03999999910593033,0.20000000298023224,19.98,,0.41,,,,0.0923,0.0231,0.0692,0.2999,0.05770000070333481,0.0923,0.0807,0.1846,0.2884,0.2884,1.1535,2026-08-09
sv1-33,Houndour,normal,Scarlet & Violet,33,Common,nagimiso,Basic,228,Pokémon,2023/03/31,"tcgplayer,cardmarket",https://prices.pokemontcg.io/tcgplayer/sv1-33,https://images.pokemontcg.io/sv1/33_hires.png,2026/08/08,2026/02/01,0.1,0.009999999776482582,0.15000000596046448,25.0,,0.13,,,,0.0461,0.0231,0.0461,0.1269,0.10379999876022339,0.0461,0.0461,0.1269,0.1269,0.1269,1.1535,2026-08-09
sv1-34,Houndoom,normal,Scarlet & Violet,34,Common,hncl,Stage 1,229,Pokémon,2023/03/31,"tcgplayer,cardmarket",https://prices.pokemontcg.io/tcgplayer/sv1-34,https://images.pokemontcg.io/sv1/34_hires.png,2026/08/08,2026/02/01,0.22,0.019999999552965164,0.23000000417232513,20.0,,0.22,,,,0.0577,0.0231,0.0692,0.1384,0.17299999296665192,0.0807,0.0577,0.0692,0.1269,0.1384,1.1535,2026-08-09
sv1-41,Armarouge,holofoil,Scarlet & Violet,41,Rare,AKIRA EGAWA,Stage 1,936,Pokémon,2023/03/31,"tcgplayer,cardmarket",https://prices.pokemontcg.io/tcgplayer/sv1-41,https://images.pokemontcg.io/sv1/41_hires.png,2026/08/08,2026/02/01,0.22,0.009999999776482582,0.23000000417232513,19.98,,0.23,,,,0.0923,0.0231,0.0577,0.2884,0.04610000178217888,0.0923,0.0923,0.1154,0.346,0.2884,1.1535,2026-08-09
sv1-42,Slowpoke,normal,Scarlet & Violet,42,Common,Narumi Sato,Basic,79,Pokémon,2023/03/31,"tcgplayer,cardmarket",https://prices.pokemontcg.io/tcgplayer/sv1-42,https://images.pokemontcg.io/sv1/42_hires.png,2026/08/08,2026/02/01,0.14,0.009999999776482582,0.1899999976158142,19.98,,0.31,,,,0.0692,0.0231,0.0577,0.1961,0.03460000082850456,0.0807,0.0577,0.1269,0.173,0.1961,1.1535,2026-08-09
sv1-44,Magikarp,normal,Scarlet & Violet,44,Common,KIYOTAKA OSHIYAMA,Basic,129,Pokémon,2023/03/31,"tcgplayer,cardmarket",https://prices.pokemontcg.io/tcgplayer/sv1-44,https://images.pokemontcg.io/sv1/44_hires.png,2026/08/08,2026/02/01,0.17,0.009999999776482582,0.20000000298023224,20.0,,0.27,,,,0.0461,0.0231,0.0231,0.2076,0.08070000261068344,0.0461,0.0461,0.1154,0.1961,0.1961,1.1535,2026-08-09
sv1-52,Quaxly,normal,Scarlet & Violet,52,Common,Mizue,Basic,912,Pokémon,2023/03/31,"tcgplayer,cardmarket",https://prices.pokemontcg.io/tcgplayer/sv1-52,https://images.pokemontcg.io/sv1/52_hires.png,2026/08/08,2026/02/01,0.13,0.009999999776482582,0.15000000596046448,19.98,,0.21,,,,0.5883,0.0231,0.5652,0.0,0.023099999874830246,0.4614,0.6229,0.0,0.0,0.0,1.1535,2026-08-09
sv1-58,Cetoddle,normal,Scarlet & Violet,58,Common,Shin Nagasawa,Basic,974,Pokémon,2023/03/31,"tcgplayer,cardmarket",https://prices.pokemontcg.io/tcgplayer/sv1-58,https://images.pokemontcg.io/sv1/58_hires.png,2026/08/08,2026/02/01,0.09,0.009999999776482582,0.15000000596046448,25.0,,0.2,,,,0.0461,0.0231,0.0577,0.1846,0.05770000070333481,0.0577,0.0461,0.1038,0.1846,0.173,1.1535,2026-08-09
sv1-61,Dondozo,holofoil,Scarlet & Violet,61,Rare,Souichirou Gunjima,Basic,977,Pokémon,2023/03/31,"tcgplayer,cardmarket",https://prices.pokemontcg.io/tcgplayer/sv1-61,https://images.pokemontcg.io/sv1/61_hires.png,2026/08/08,2026/02/01,0.22,0.009999999776482582,0.20999999344348907,20.0,,0.23,,,,0.1038,0.0231,0.0923,0.2422,0.11540000140666962,0.1269,0.1038,0.1961,0.2653,0.2422,1.1535,2026-08-09
sv1-63,Magnemite,normal,Scarlet & Violet,63,Common,KIYOTAKA OSHIYAMA,Basic,81,Pokémon,2023/03/31,"tcgplayer,cardmarket",https://prices.pokemontcg.io/tcgplayer/sv1-63,https://images.pokemontcg.io/sv1/63_hires.png,2026/08/08,2026/02/01,0.06,0.009999999776482582,0.15000000596046448,20.0,,0.17,,,,0.0461,0.0231,0.0577,0.1269,0.09229999780654907,0.0692,0.0461,0.0923,0.15,0.1384,1.1535,2026-08-09
sv1-64,Magneton,normal,Scarlet & Violet,64,Common,Shiburingaru,Stage 1,82,Pokémon,2023/03/31,"tcgplayer,cardmarket",https://prices.pokemontcg.io/tcgplayer/sv1-64,https://images.pokemontcg.io/sv1/64_hires.png,2026/08/08,2026/01/21,0.13,0.009999999776482582,0.15000000596046448,25.0,,0.2,,,,0.0461,0.0231,0.0346,0.1154,0.03460000082850456,0.0461,0.0461,0.1154,0.1615,0.1269,1.1535,2026-08-09
sv1-62,Tatsugiri,normal,Scarlet & Violet,62,Uncommon,OKACHEKE,Basic,978,Pokémon,2023/03/31,"tcgplayer,cardmarket",https://prices.pokemontcg.io/tcgplayer/sv1-62,https://images.pokemontcg.io/sv1/62_hires.png,2026/08/08,2026/01/21,0.12,0.009999999776482582,0.18000000715255737,20.0,,0.27,,,,0.0346,0.0231,0.0346,0.1846,0.023099999874830246,0.0346,0.0346,0.2768,0.173,0.1846,1.1535,2026-08-09
sv1-69,Rotom,normal,Scarlet & Violet,69,Common,Nisota Niso,Basic,479,Pokémon,2023/03/31,"tcgplayer,cardmarket",https://prices.pokemontcg.io/tcgplayer/sv1-69,https://images.pokemontcg.io/sv1/69_hires.png,2026/08/08,2026/01/21,0.13,0.009999999776482582,0.15000000596046448,20.0,,0.22,,,,0.0461,0.0231,0.0461,0.1846,0.04610000178217888,0.0346,0.0461,0.0461,0.1961,0.173,1.1535,2026-08-09
sv1-66,Mareep,normal,Scarlet & Violet,66,Common,Narumi Sato,Basic,179,Pokémon,2023/03/31,"tcgplayer,cardmarket",https://prices.pokemontcg.io/tcgplayer/sv1-66,https://images.pokemontcg.io/sv1/66_hires.png,2026/08/08,2026/01/21,0.17,0.009999999776482582,0.20000000298023224,19.98,,0.2,,,,0.0461,0.0231,0.0577,0.1154,0.03460000082850456,0.0461,0.0461,0.1615,0.1384,0.1269,1.1535,2026-08-09
sv1-76,Pawmot,holofoil,Scarlet & Violet,76,Rare,Mizue,Stage 2,923,Pokémon,2023/03/31,"tcgplayer,cardmarket",https://prices.pokemontcg.io/tcgplayer/sv1-76,https://images.pokemontcg.io/sv1/76_hires.png,2026/08/08,2026/01/21,0.19,0.009999999776482582,0.20000000298023224,8.4,,0.23,,,,0.1961,0.0231,0.15,0.0,0.11540000140666962,0.1615,0.1961,0.0,0.0,0.0,1.1535,2026-08-09
sv1-75,Pawmo,normal,Scarlet & Violet,75,Common,Saya Tsuruta,Stage 1,922,Pokémon,2023/03/31,"tcgplayer,cardmarket",https://prices.pokemontcg.io/tcgplayer/sv1-75,https://images.pokemontcg.io/sv1/75_hires.png,2026/08/08,2026/01/21,0.11,0.009999999776482582,0.15000000596046448,19.98,,0.19,,,,0.0461,0.0231,0.0692,0.1384,0.04610000178217888,0.0577,0.0577,0.0577,0.1269,0.1384,1.1535,2026-08-09
sv1-80,Miraidon,holofoil,Scarlet & Violet,80,Rare,Kouki Saitou,Basic,1008,Pokémon,2023/03/31,"tcgplayer,cardmarket",https://prices.pokemontcg.io/tcgplayer/sv1-80,https://images.pokemontcg.io/sv1/80_hires.png,2026/08/08,2026/01/19,0.17,0.009999999776482582,0.20000000298023224,40.0,,0.24,,,,0.0807,0.0231,0.0577,0.2076,0.06920000165700912,0.0807,0.0807,0.1961,0.2192,0.1961,1.1535,2026-08-09
sv1-77,Wattrel,normal,Scarlet & Violet,77,Common,Saya Tsuruta,Basic,940,Pokémon,2023/03/31,"tcgplayer,cardmarket",https://prices.pokemontcg.io/tcgplayer/sv1-77,https://images.pokemontcg.io/sv1/77_hires.png,2026/08/08,2026/01/19,0.15,0.009999999776482582,0.17000000178813934,19.98,,0.22,,,,0.0461,0.0231,0.0692,0.1384,0.023099999874830246,0.0461,0.0461,0.1846,0.1384,0.15,1.1535,2026-08-09
sv1-81,Miraidon ex,holofoil,Scarlet & Violet,81,Double Rare,5ban Graphics,Basic|ex,1008,Pokémon,2023/03/31,"tcgplayer,cardmarket",https://prices.pokemontcg.io/tcgplayer/sv1-81,https://images.pokemontcg.io/sv1/81_hires.png,2026/08/08,2026/01/19,0.67,0.4000000059604645,0.800000011920929,19.99,,,,,,2.653,0.5767,2.4916,0.0,2.768399953842163,2.6646,2.3301,0.0,0.0,0.0,1.1535,2026-08-09
sv1-78,Wattrel,normal,Scarlet & Violet,78,Common,Shin Nagasawa,Basic,940,Pokémon,2023/03/31,"tcgplayer,cardmarket",https://prices.pokemontcg.io/tcgplayer/sv1-78,https://images.pokemontcg.io/sv1/78_hires.png,2026/08/08,2026/01/19,0.12,0.009999999776482582,0.15000000596046448,25.0,,0.19,,,,0.0346,0.0231,0.0346,0.1615,0.03460000082850456,0.0346,0.0346,0.15,0.1615,0.173,1.1535,2026-08-09
sv1-83,Hypno,normal,Scarlet & Violet,83,Uncommon,Toshinao Aoki,Stage 1,97,Pokémon,2023/03/31,"tcgplayer,cardmarket",https://prices.pokemontcg.io/tcgplayer/sv1-83,https://images.pokemontcg.io/sv1/83_hires.png,2026/08/08,2026/01/19,0.13,0.009999999776482582,0.15000000596046448,19.98,,0.24,,,,0.0346,0.0231,0.0461,0.1846,0.023099999874830246,0.0231,0.0346,0.1154,0.1269,0.1846,1.1535,2026-08-09
sv1-79,Kilowattrel,normal,Scarlet & Violet,79,Uncommon,Kouki Saitou,Stage 1,941,Pokémon,2023/03/31,"tcgplayer,cardmarket",https://prices.pokemontcg.io/tcgplayer/sv1-79,https://images.pokemontcg.io/sv1/79_hires.png,2026/08/08,2026/01/19,0.11,0.009999999776482582,0.15000000596046448,20.0,,0.16,,,,0.0346,0.0231,0.0346,0.1615,0.023099999874830246,0.0346,0.0346,0.2307,0.1961,0.15,1.1535,2026-08-09
sv1-86,Gardevoir ex,holofoil,Scarlet & Violet,86,Double Rare,N-DESIGN Inc.,Stage 2|ex,282,Pokémon,2023/03/31,"tcgplayer,cardmarket",https://prices.pokemontcg.io/tcgplayer/sv1-86,https://images.pokemontcg.io/sv1/86_hires.png,2026/08/08,2026/01/19,0.75,0.20000000298023224,0.8799999952316284,29.95,,,,,,0.8997,0.1154,0.7613,0.0,0.7613000273704529,0.7613,0.8997,0.0,0.0,0.0,1.1535,2026-08-09
sv1-94,Dedenne,normal,Scarlet & Violet,94,Common,zig,Basic,702,Pokémon,2023/03/31,"tcgplayer,cardmarket",https://prices.pokemontcg.io/tcgplayer/sv1-94,https://images.pokemontcg.io/sv1/94_hires.png,2026/08/08,2026/01/19,0.16,0.009999999776482582,0.1899999976158142,20.0,,0.27,,,,0.0461,0.0231,0.0577,0.1846,0.03460000082850456,0.0577,0.0577,0.173,0.2076,0.2076,1.1535,2026-08-09
sv1-82,Drowzee,normal,Scarlet & Violet,82,Common,OKACHEKE,Basic,96,Pokémon,2023/03/31,"tcgplayer,cardmarket",https://prices.pokemontcg.io/tcgplayer/sv1-82,https://images.pokemontcg.io/sv1/82_hires.png,2026/08/08,2026/01/16,0.09,0.009999999776482582,0.15000000596046448,19.98,,0.16,,,,0.0461,0.0231,0.0461,0.1154,0.023099999874830246,0.0231,0.0461,0.1038,0.1269,0.1038,1.1535,2026-08-09
sv1-96,Klefki,holofoil,Scarlet & Violet,96,Rare,GOSSAN,Basic,707,Pokémon,2023/03/31,"tcgplayer,cardmarket",https://prices.pokemontcg.io/tcgplayer/sv1-96,https://images.pokemontcg.io/sv1/96_hires.png,2026/08/08,2026/01/16,0.24,0.009999999776482582,0.25,20.0,,0.3,,,,0.2307,0.0231,0.1384,0.3576,0.10379999876022339,0.1615,0.1961,0.15,0.2538,0.3576,1.1535,2026-08-09
sv1-84,Ralts,normal,Scarlet & Violet,84,Common,Tika Matsuno,Basic,280,Pokémon,2023/03/31,"tcgplayer,cardmarket",https://prices.pokemontcg.io/tcgplayer/sv1-84,https://images.pokemontcg.io/sv1/84_hires.png,2026/08/08,2026/01/16,0.16,0.009999999776482582,0.17000000178813934,20.0,,0.22,,,,0.0461,0.0231,0.0346,0.1038,0.023099999874830246,0.0346,0.0461,0.1038,0.1038,0.1038,1.1535,2026-08-09
sv1-97,Fidough,normal,Scarlet & Violet,97,Common,Mizue,Basic,926,Pokémon,2023/03/31,"tcgplayer,cardmarket",https://prices.pokemontcg.io/tcgplayer/sv1-97,https://images.pokemontcg.io/sv1/97_hires.png,2026/08/08,2026/01/16,0.13,0.009999999776482582,0.17000000178813934,20.0,,0.22,,,,0.0461,0.0231,0.0461,0.2307,0.023099999874830246,0.0577,0.0461,0.2192,0.2192,0.2192,1.1535,2026-08-09
sv1-85,Kirlia,normal,Scarlet & Violet,85,Common,kawayoo,Stage 1,281,Pokémon,2023/03/31,"tcgplayer,cardmarket",https://prices.pokemontcg.io/tcgplayer/sv1-85,https://images.pokemontcg.io/sv1/85_hires.png,2026/08/08,2026/01/16,0.15,0.03999999910593033,0.20000000298023224,25.0,,0.2,,,,0.0692,0.0231,0.0461,0.1384,0.023099999874830246,0.0461,0.0577,0.0577,0.1154,0.1269,1.1535,2026-08-09
sv1-98,Fidough,normal,Scarlet & Violet,98,Common,Saya Tsuruta,Basic,926,Pokémon,2023/03/31,"tcgplayer,cardmarket",https://prices.pokemontcg.io/tcgplayer/sv1-98,https://images.pokemontcg.io/sv1/98_hires.png,2026/08/08,2026/01/16,0.22,0.029999999329447746,0.2199999988079071,20.0,,0.28,,,,0.0577,0.0231,0.0577,0.1846,0.06920000165700912,0.0577,0.0577,0.1038,0.1615,0.173,1.1535,2026-08-09
sv1-87,Shuppet,normal,Scarlet & Violet,87,Common,Jerky,Basic,353,Pokémon,2023/03/31,"tcgplayer,cardmarket",https://prices.pokemontcg.io/tcgplayer/sv1-87,https://images.pokemontcg.io/sv1/87_hires.png,2026/08/08,2026/01/16,0.17,0.009999999776482582,0.1599999964237213,1000.0,,0.24,,,,0.0461,0.0231,0.0577,0.1154,0.06920000165700912,0.0577,0.0461,0.1154,0.1038,0.1154,1.1535,2026-08-09
sv1-101,Flittle,normal,Scarlet & Violet,101,Common,Tika Matsuno,Basic,955,Pokémon,2023/03/31,"tcgplayer,cardmarket",https://prices.pokemontcg.io/tcgplayer/sv1-101,https://images.pokemontcg.io/sv1/101_hires.png,2026/08/08,2026/01/16,0.14,0.009999999776482582,0.1599999964237213,19.98,,0.19,,,,0.0461,0.0231,0.0577,0.1846,0.023099999874830246,0.0346,0.0461,0.1154,0.2192,0.1846,1.1535,2026-08-09
sv1-89,Drifloon,normal,Scarlet & Violet,89,Common,Taira Akitsu,Basic,425,Pokémon,2023/03/31,"tcgplayer,cardmarket",https://prices.pokemontcg.io/tcgplayer/sv1-89,https://images.pokemontcg.io/sv1/89_hires.png,2026/08/08,2026/01/16,0.11,0.009999999776482582,0.15000000596046448,25.0,,0.16,,,,0.0461,0.0231,0.0231,0.1384,0.03460000082850456,0.0461,0.0461,0.1846,0.15,0.1269,1.1535,2026-08-09
sv1-90,Drifblim,normal,Scarlet & Violet,90,Uncommon,Yuu Nishida,Stage 1,426,Pokémon,2023/03/31,"tcgplayer,cardmarket",https://prices.pokemontcg.io/tcgplayer/sv1-90,https://images.pokemontcg.io/sv1/90_hires.png,2026/08/08,2026/01/16,0.1,0.009999999776482582,0.15000000596046448,1000.0,,0.23,,,,0.0346,0.0231,0.0692,0.173,0.023099999874830246,0.0577,0.0346,0.1269,0.2076,0.1846,1.1535,2026-08-09
sv1-91,Flabébé,normal,Scarlet & Violet,91,Common,Mizue,Basic,669,Pokémon,2023/03/31,"tcgplayer,cardmarket",https://prices.pokemontcg.io/tcgplayer/sv1-91,https://images.pokemontcg.io/sv1/91_hires.png,2026/08/08,2026/01/16,0.08,0.009999999776482582,0.15000000596046448,20.0,,0.17,,,,0.0346,0.0231,0.0346,0.1384,0.05770000070333481,0.0231,0.0346,0.0923,0.1615,0.1269,1.1535,2026-08-09
sv1-65,Magnezone ex,holofoil,Scarlet & Violet,65,Double Rare,hncl,Stage 2|ex,462,Pokémon,2023/03/31,"tcgplayer,cardmarket",https://prices.pokemontcg.io/tcgplayer/sv1-65,https://images.pokemontcg.io/sv1/65_hires.png,2026/08/08,2026/01/16,0.62,0.25,0.9399999976158142,98.0,,,,,,0.7498,0.1038,0.7036,0.0,0.6575000286102295,0.6806,0.7152,0.0,0.0,0.0,1.1535,2026-08-09
sv1-67,Flaaffy,normal,Scarlet & Violet,67,Uncommon,Kurata So,Stage 1,180,Pokémon,2023/03/31,"tcgplayer,cardmarket",https://prices.pokemontcg.io/tcgplayer/sv1-67,https://images.pokemontcg.io/sv1/67_hires.png,2026/08/08,2026/01/16,0.14,0.009999999776482582,0.1899999976158142,20.0,,0.26,,,,0.0577,0.0231,0.0577,0.2076,0.03460000082850456,0.0577,0.0577,0.5537,0.173,0.1961,1.1535,2026-08-09
sv1-71,Toxel,normal,Scarlet & Violet,71,Common,Yuu Nishida,Basic,848,Pokémon,2023/03/31,"tcgplayer,cardmarket",https://prices.pokemontcg.io/tcgplayer/sv1-71,https://images.pokemontcg.io/sv1/71_hires.png,2026/08/08,2026/01/16,0.13,0.009999999776482582,0.1599999964237213,20.0,,0.2,,,,0.0461,0.0231,0.0461,0.1269,0.023099999874830246,0.0577,0.0461,0.1038,0.0807,0.1154,1.1535,2026-08-09
sv1-72,Toxtricity,normal,Scarlet & Violet,72,Uncommon,Atsushi Furusawa,Stage 1,849,Pokémon,2023/03/31,"tcgplayer,cardmarket",https://prices.pokemontcg.io/tcgplayer/sv1-72,https://images.pokemontcg.io/sv1/72_hires.png,2026/08/08,2026/01/16,0.14,0.009999999776482582,0.15000000596046448,20.0,,0.17,,,,0.0346,0.0231,0.0461,0.2192,0.023099999874830246,0.0461,0.0461,0.2653,0.2538,0.2192,1.1535,2026-08-09
sv1-74,Pawmi,normal,Scarlet & Violet,74,Common,kantaro,Basic,921,Pokémon,2023/03/31,"tcgplayer,cardmarket",https://prices.pokemontcg.io/tcgplayer/sv1-74,https://images.pokemontcg.io/sv1/74_hires.png,2026/08/08,2026/01/16,0.14,0.009999999776482582,0.15000000596046448,20.0,,0.24,,,,0.0577,0.0231,0.0346,0.1615,0.03460000082850456,0.0346,0.0461,0.1615,0.1846,0.173,1.1535,2026-08-09
sv1-93,Florges,normal,Scarlet & Violet,93,Uncommon,Haru Akasaka,Stage 2,671,Pokémon,2023/03/31,"tcgplayer,cardmarket",https://prices.pokemontcg.io/tcgplayer/sv1-93,https://images.pokemontcg.io/sv1/93_hires.png,2026/08/08,2026/01/16,0.09,0.009999999776482582,0.15000000596046448,20.0,,0.23,,,,0.0346,0.0231,0.0346,0.1961,0.04610000178217888,0.0346,0.0346,0.2422,0.2999,0.2192,1.1535,2026-08-09
sv1-100,Flittle,normal,Scarlet & Violet,100,Common,Hitoshi Ariga,Basic,955,Pokémon,2023/03/31,"tcgplayer,cardmarket",https://prices.pokemontcg.io/tcgplayer/sv1-100,https://images.pokemontcg.io/sv1/100_hires.png,2026/08/08,2026/01/16,0.12,0.009999999776482582,0.15000000596046448,19.98,,0.2,,,,0.0461,0.0231,0.0461,0.1846,0.023099999874830246,0.0346,0.0461,0.1154,0.1961,0.1961,1.1535,2026-08-09
sv1-68,Pachirisu,normal,Scarlet & Violet,68,Uncommon,Naoki Saito,Basic,417,Pokémon,2023/03/31,"tcgplayer,cardmarket",https://prices.pokemontcg.io/tcgplayer/sv1-68,https://images.pokemontcg.io/sv1/68_hires.png,2026/08/08,2026/01/16,0.13,0.009999999776482582,0.1599999964237213,25.0,,0.28,,,,0.0461,0.0231,0.0461,0.2192,0.04610000178217888,0.0346,0.0461,0.1961,0.1961,0.2192,1.1535,2026-08-09
sv1-70,Rotom,normal,Scarlet & Violet,70,Common,Kouki Saitou,Basic,479,Pokémon,2023/03/31,"tcgplayer,cardmarket",https://prices.pokemontcg.io/tcgplayer/sv1-70,https://images.pokemontcg.io/sv1/70_hires.png,2026/08/08,2026/01/16,0.12,0.009999999776482582,0.15000000596046448,19.98,,0.24,,,,0.2999,0.0231,0.2768,0.0,0.12690000236034393,0.2422,0.2653,0.0,0.0,0.0,1.1535,2026-08-09
sv1-73,Pawmi,normal,Scarlet & Violet,73,Common,Tika Matsuno,Basic,921,Pokémon,2023/03/31,"tcgplayer,cardmarket",https://prices.pokemontcg.io/tcgplayer/sv1-73,https://images.pokemontcg.io/sv1/73_hires.png,2026/08/08,2026/01/16,0.13,0.009999999776482582,0.15000000596046448,19.98,,0.26,,,,0.0461,0.0231,0.0692,0.1846,0.023099999874830246,0.0461,0.0461,0.1615,0.2076,0.1846,1.1535,2026-08-09
sv1-88,Banette ex,holofoil,Scarlet & Violet,88,Double Rare,PLANETA Mochizuki,Stage 1|ex,354,Pokémon,2023/03/31,"tcgplayer,cardmarket",https://prices.pokemontcg.io/tcgplayer/sv1-88,https://images.pokemontcg.io/sv1/88_hires.png,2026/08/08,2026/01/16,0.99,0.4000000059604645,1.0,60.0,,,,,,0.7267,0.0577,0.5652,0.0,0.4499000012874603,0.5652,0.646,0.0,0.0,0.0,1.1535,2026-08-09
sv1-92,Floette,normal,Scarlet & Violet,92,Common,saino misaki,Stage 1,670,Pokémon,2023/03/31,"tcgplayer,cardmarket",https://prices.pokemontcg.io/tcgplayer/sv1-92,https://images.pokemontcg.io/sv1/92_hires.png,2026/08/08,2026/01/16,0.1,0.009999999776482582,0.15000000596046448,25.0,,0.17,,,,0.0461,0.0231,0.0692,0.1154,0.03460000082850456,0.0577,0.0461,0.1038,0.1615,0.1384,1.1535,2026-08-09
sv1-95,Dedenne,normal,Scarlet & Violet,95,Common,Nelnal,Basic,702,Pokémon,2023/03/31,"tcgplayer,cardmarket",https://prices.pokemontcg.io/tcgplayer/sv1-95,https://images.pokemontcg.io/sv1/95_hires.png,2026/08/08,2026/01/16,0.16,0.029999999329447746,0.1899999976158142,19.98,,0.25,,,,0.0692,0.0231,0.0577,0.2076,0.04610000178217888,0.0461,0.0577,0.0231,0.2192,0.2076,1.1535,2026-08-09
sv1-99,Dachsbun,normal,Scarlet & Violet,99,Uncommon,You Iribi,Stage 1,927,Pokémon,2023/03/31,"tcgplayer,cardmarket",https://prices.pokemontcg.io/tcgplayer/sv1-99,https://images.pokemontcg.io/sv1/99_hires.png,2026/08/08,2025/12/28,0.18,0.009999999776482582,0.1899999976158142,19.98,,0.22,,,,0.0461,0.0231,0.0577,0.1384,0.023099999874830246,0.0577,0.0461,0.2422,0.173,0.15,1.1535,2026-08-09
sv1-102,Flittle,normal,Scarlet & Violet,102,Common,Pani Kobayashi,Basic,955,Pokémon,2023/03/31,"tcgplayer,cardmarket",https://prices.pokemontcg.io/tcgplayer/sv1-102,https://images.pokemontcg.io/sv1/102_hires.png,2026/08/08,2025/12/28,0.11,0.009999999776482582,0.15000000596046448,19.98,,0.19,,,,0.0346,0.0231,0.0461,0.173,0.06920000165700912,0.0346,0.0346,0.2538,0.2076,0.173,1.1535,2026-08-09
sv1-105,Greavard,normal,Scarlet & Violet,105,Common,Shin Nagasawa,Basic,971,Pokémon,2023/03/31,"tcgplayer,cardmarket",https://prices.pokemontcg.io/tcgplayer/sv1-105,https://images.pokemontcg.io/sv1/105_hires.png,2026/08/08,2025/12/28,0.1,0.009999999776482582,0.15000000596046448,20.0,,0.18,,,,0.0461,0.0231,0.0231,0.2192,0.023099999874830246,0.0346,0.0461,0.2422,0.1961,0.2192,1.1535,2026-08-09
sv1-104,Greavard,normal,Scarlet & Violet,104,Common,yuu,Basic,971,Pokémon,2023/03/31,"tcgplayer,cardmarket",https://prices.pokemontcg.io/tcgplayer/sv1-104,https://images.pokemontcg.io/sv1/104_hires.png,2026/08/08,2025/12/28,0.13,0.009999999776482582,0.15000000596046448,20.0,,0.18,,,,0.0461,0.0231,0.0346,0.2076,0.03460000082850456,0.0461,0.0461,0.1154,0.2422,0.1961,1.1535,2026-08-09
sv1-103,Espathra,normal,Scarlet & Violet,103,Uncommon,Hitoshi Ariga,Stage 1,956,Pokémon,2023/03/31,"tcgplayer,cardmarket",https://prices.pokemontcg.io/tcgplayer/sv1-103,https://images.pokemontcg.io/sv1/103_hires.png,2026/08/08,2025/12/28,0.1,0.009999999776482582,0.15000000596046448,19.98,,0.2,,,,0.0346,0.0231,0.0346,0.1961,0.023099999874830246,0.0231,0.0346,0.2768,0.1961,0.2076,1.1535,2026-08-09
sv1-106,Houndstone,holofoil,Scarlet & Violet,106,Rare,Kouki Saitou,Stage 1,972,Pokémon,2023/03/31,"tcgplayer,cardmarket",https://prices.pokemontcg.io/tcgplayer/sv1-106,https://images.pokemontcg.io/sv1/106_hires.png,2026/08/08,2025/12/28,0.23,0.009999999776482582,0.23000000417232513,19.98,,0.2,,,,0.0577,0.0231,0.0692,0.1846,0.03460000082850456,0.0577,0.0577,0.1269,0.2192,0.1961,1.1535,2026-08-09
sv1-107,Mankey,normal,Scarlet & Violet,107,Common,nagimiso,Basic,56,Pokémon,2023/03/31,"tcgplayer,cardmarket",https://prices.pokemontcg.io/tcgplayer/sv1-107,https://images.pokemontcg.io/sv1/107_hires.png,2026/08/08,2025/12/28,0.16,0.009999999776482582,0.1599999964237213,19.98,,0.19,,,,0.0231,0.0231,0.0231,0.0923,0.023099999874830246,0.0231,0.0231,0.1038,0.1038,0.0923,1.1535,2026-08-09
sv1-108,Primeape,normal,Scarlet & Violet,108,Common,Ryuta Fuse,Stage 1,57,Pokémon,2023/03/31,"tcgplayer,cardmarket",https://prices.pokemontcg.io/tcgplayer/sv1-108,https://images.pokemontcg.io/sv1/108_hires.png,2026/08/08,2025/12/28,0.08,0.009999999776482582,0.15000000596046448,19.98,,0.21,,,,0.0577,0.0231,0.0231,0.1038,0.023099999874830246,0.0231,0.0461,0.1154,0.1269,0.1038,1.1535,2026-08-09
sv1-109,Annihilape,holofoil,Scarlet & Violet,109,Rare,Anesaki Dynamic,Stage 2,979,Pokémon,2023/03/31,"tcgplayer,cardmarket",https://prices.pokemontcg.io/tcgplayer/sv1-109,https://images.pokemontcg.io/sv1/109_hires.png,2026/08/08,2025/12/28,0.21,0.009999999776482582,0.20999999344348907,25.0,,0.19,,,,0.0807,0.0231,0.0692,0.2192,0.04610000178217888,0.0923,0.0807,0.2192,0.2422,0.2192,1.1535,2026-08-09
sv1-111,Medicham,normal,Scarlet & Violet,111,Uncommon,Jerky,Stage 1,308,Pokémon,2023/03/31,"tcgplayer,cardmarket",https://prices.pokemontcg.io/tcgplayer/sv1-111,https://images.pokemontcg.io/sv1/111_hires.png,2026/08/08,2025/11/25,0.1,0.009999999776482582,0.15000000596046448,20.0,,0.22,,,,0.0346,0.0231,0.0461,0.1615,0.03460000082850456,0.0461,0.0346,1.142,0.2307,0.173,1.1535,2026-08-09
sv1-110,Meditite,normal,Scarlet & Violet,110,Common,miki kudo,Basic,307,Pokémon,2023/03/31,"tcgplayer,cardmarket",https://prices.pokemontcg.io/tcgplayer/sv1-110,https://images.pokemontcg.io/sv1/110_hires.png,2026/08/08,2025/11/25,0.13,0.009999999776482582,0.15000000596046448,19.98,,0.18,,,,0.0346,0.0231,0.0577,0.0923,0.10379999876022339,0.0461,0.0346,0.2192,0.1154,0.1038,1.1535,2026-08-09
sv1-113,Riolu,normal,Scarlet & Violet,113,Common,chibi,Basic,447,Pokémon,2023/03/31,"tcgplayer,cardmarket",https://prices.pokemontcg.io/tcgplayer/sv1-113,https://images.pokemontcg.io/sv1/113_hires.png,2026/08/08,2025/11/25,0.15,0.009999999776482582,0.17000000178813934,20.0,,0.25,,,,0.0577,0.0231,0.0577,0.2307,0.06920000165700912,0.0461,0.0577,0.5191,0.2538,0.2307,1.1535,2026-08-09
sv1-112,Riolu,normal,Scarlet & Violet,112,Common,Naoyo Kimura,Basic,447,Pokémon,2023/03/31,"tcgplayer,cardmarket",https://prices.pokemontcg.io/tcgplayer/sv1-112,https://images.pokemontcg.io/sv1/112_hires.png,2026/08/08,2025/11/25,0.15,0.009999999776482582,0.18000000715255737,20.0,,0.23,,,,0.0461,0.0231,0.0577,0.2192,0.06920000165700912,0.0577,0.0461,0.0461,0.1961,0.2192,1.1535,2026-08-09
sv1-114,Lucario,normal,Scarlet & Violet,114,Uncommon,Nurikabe,Stage 1,448,Pokémon,2023/03/31,"tcgplayer,cardmarket",https://prices.pokemontcg.io/tcgplayer/sv1-114,https://images.pokemontcg.io/sv1/114_hires.png,2026/08/08,2025/11/25,0.22,0.029999999329447746,0.2199999988079071,20.0,,0.31,,,,0.0692,0.0231,0.0807,0.2076,0.15000000596046448,0.0807,0.0692,0.0807,0.15,0.2307,1.1535,2026-08-09
sv1-115,Sandile,normal,Scarlet & Violet,115,Common,Tomokazu Komiya,Basic,551,Pokémon,2023/03/31,"tcgplayer,cardmarket",https://prices.pokemontcg.io/tcgplayer/sv1-115,https://images.pokemontcg.io/sv1/115_hires.png,2026/08/08,2025/11/25,0.12,0.009999999776482582,0.15000000596046448,20.0,,0.27,,,,0.0346,0.0231,0.0346,0.1154,0.03460000082850456,0.0346,0.0346,0.0346,0.1269,0.1154,1.1535,2026-08-09
sv1-117,Krookodile,normal,Scarlet & Violet,117,Uncommon,Misa Tsutsui,Stage 2,553,Pokémon,2023/03/31,"tcgplayer,cardmarket",https://prices.pokemontcg.io/tcgplayer/sv1-117,https://images.pokemontcg.io/sv1/117_hires.png,2026/08/08,2025/11/25,0.08,0.009999999776482582,0.15000000596046448,25.0,,0.19,,,,0.0346,0.0231,0.0346,0.1961,0.023099999874830246,0.0346,0.0346,1.142,0.2884,0.2076,1.1535,2026-08-09
sv1-118,Hawlucha,holofoil,Scarlet & Violet,118,Rare,GOSSAN,Basic,701,Pokémon,2023/03/31,"tcgplayer,cardmarket",https://prices.pokemontcg.io/tcgplayer/sv1-118,https://images.pokemontcg.io/sv1/118_hires.png,2026/08/08,2025/11/25,0.32,0.009999999776482582,0.3100000023841858,19.98,,0.28,,,,0.2884,0.0231,0.2538,0.3922,0.2768000066280365,0.3345,0.2884,0.2538,0.4153,0.3922,1.1535,2026-08-09
sv1-116,Krokorok,normal,Scarlet & Violet,116,Common,kantaro,Stage 1,552,Pokémon,2023/03/31,"tcgplayer,cardmarket",https://prices.pokemontcg.io/tcgplayer/sv1-116,https://images.pokemontcg.io/sv1/116_hires.png,2026/08/08,2025/11/25,0.15,0.009999999776482582,0.15000000596046448,19.98,,0.19,,,,0.0346,0.0231,0.0461,0.1846,0.10379999876022339,0.0461,0.0346,0.4729,0.2538,0.2076,1.1535,2026-08-09
sv1-119,Silicobra,normal,Scarlet & Violet,119,Common,Kouki Saitou,Basic,843,Pokémon,2023/03/31,"tcgplayer,cardmarket",https://prices.pokemontcg.io/tcgplayer/sv1-119,https://images.pokemontcg.io/sv1/119_hires.png,2026/08/08,2025/11/25,0.12,0.009999999776482582,0.15000000596046448,19.98,,0.15,,,,0.0346,0.0231,0.0577,0.0923,0.03460000082850456,0.0346,0.0346,0.0346,0.0577,0.1038,1.1535,2026-08-09
sv1-120,Sandaconda,normal,Scarlet & Violet,120,Uncommon,Yuya Oka,Stage 1,844,Pokémon,2023/03/31,"tcgplayer,cardmarket",https://prices.pokemontcg.io/tcgplayer/sv1-120,https://images.pokemontcg.io/sv1/120_hires.png,2026/08/08,2025/11/21,0.1,0.009999999776482582,0.15000000596046448,19.98,,0.2,,,,0.0346,0.0231,0.0461,0.1846,0.1615000069141388,0.0461,0.0461,0.3807,0.2192,0.1961,1.1535,2026-08-09
sv1-121,Stonjourner,normal,Scarlet & Violet,121,Uncommon,Yuka Morii,Basic,874,Pokémon,2023/03/31,"tcgplayer,cardmarket",https://prices.pokemontcg.io/tcgplayer/sv1-121,https://images.pokemontcg.io/sv1/121_hires.png,2026/08/08,2025/11/21,0.2,0.009999999776482582,0.20000000298023224,20.0,,0.31,,,,0.0346,0.0231,0.0461,0.1615,0.05770000070333481,0.0461,0.0461,0.3807,0.2192,0.1846,1.1535,2026-08-09
sv1-123,Great Tusk ex,holofoil,Scarlet & Violet,123,Double Rare,5ban Graphics,Basic|ex,984,Pokémon,2023/03/31,"tcgplayer,cardmarket",https://prices.pokemontcg.io/tcgplayer/sv1-123,https://images.pokemontcg.io/sv1/123_hires.png,2026/08/08,2025/11/21,0.63,0.25,0.9900000095367432,1000.0,,,,,,0.6114,0.0231,0.5652,0.0,0.5997999906539917,0.5421,0.5998,0.0,0.0,0.0,1.1535,2026-08-09
sv1-122,Klawf,holofoil,Scarlet & Violet,122,Rare,nagimiso,Basic,950,Pokémon,2023/03/31,"tcgplayer,cardmarket",https://prices.pokemontcg.io/tcgplayer/sv1-122,https://images.pokemontcg.io/sv1/122_hires.png,2026/08/08,2025/11/21,0.15,0.009999999776482582,0.20000000298023224,20.0,,0.21,,,,0.0692,0.0231,0.0692,0.2192,0.06920000165700912,0.0692,0.0692,0.15,0.2307,0.2307,1.1535,2026-08-09
sv1-124,Koraidon,holofoil,Scarlet & Violet,124,Rare,Kouki Saitou,Basic,1007,Pokémon,2023/03/31,"tcgplayer,cardmarket",https://prices.pokemontcg.io/tcgplayer/sv1-124,https://images.pokemontcg.io/sv1/124_hires.png,2026/08/08,2025/11/21,0.13,0.009999999776482582,0.20000000298023224,2.99,,0.22,,,,0.0807,0.0231,0.0807,0.1961,0.1615000069141388,0.0923,0.0807,0.1961,0.2076,0.1961,1.1535,2026-08-09
sv1-125,Koraidon ex,holofoil,Scarlet & Violet,125,Double Rare,aky CG Works,Basic|ex,1007,Pokémon,2023/03/31,"tcgplayer,cardmarket",https://prices.pokemontcg.io/tcgplayer/sv1-125,https://images.pokemontcg.io/sv1/125_hires.png,2026/08/08,2025/11/21,0.61,0.28999999165534973,0.9900000095367432,50.0,,,,,,2.0417,0.1154,2.1686,0.0,1.153499960899353,2.0071,1.8225,0.0,0.0,0.0,1.1535,2026-08-09
sv1-126,Grimer,normal,Scarlet & Violet,126,Common,Kouki Saitou,Basic,88,Pokémon,2023/03/31,"tcgplayer,cardmarket",https://prices.pokemontcg.io/tcgplayer/sv1-126,https://images.pokemontcg.io/sv1/126_hires.png,2026/08/08,2025/11/21,0.16,0.009999999776482582,0.17000000178813934,20.0,,0.17,,,,0.0346,0.0231,0.0461,0.1038,0.05770000070333481,0.0461,0.0346,0.1846,0.1038,0.1038,1.1535,2026-08-09
sv1-127,Muk,normal,Scarlet & Violet,127,Uncommon,Haru Akasaka,Stage 1,89,Pokémon,2023/03/31,"tcgplayer,cardmarket",https://prices.pokemontcg.io/tcgplayer/sv1-127,https://images.pokemontcg.io/sv1/127_hires.png,2026/08/08,2025/11/21,0.16,0.009999999776482582,0.17000000178813934,20.0,,0.2,,,,0.0461,0.0231,0.0577,0.2076,0.023099999874830246,0.0461,0.0461,0.1154,0.2307,0.2192,1.1535,2026-08-09
sv1-128,Seviper,normal,Scarlet & Violet,128,Common,sui,Basic,336,Pokémon,2023/03/31,"tcgplayer,cardmarket",https://prices.pokemontcg.io/tcgplayer/sv1-128,https://images.pokemontcg.io/sv1/128_hires.png,2026/08/08,2025/11/21,0.12,0.009999999776482582,0.15000000596046448,25.0,,0.17,,,,0.0346,0.0231,0.0692,0.1038,0.023099999874830246,0.0577,0.0461,0.1269,0.1038,0.1269,1.1535,2026-08-09
sv1-132,Pawniard,normal,Scarlet & Violet,132,Common,sowsow,Basic,624,Pokémon,2023/03/31,"tcgplayer,cardmarket",https://prices.pokemontcg.io/tcgplayer/sv1-132,https://images.pokemontcg.io/sv1/132_hires.png,2026/08/08,2025/11/21,0.12,0.009999999776482582,0.15000000596046448,20.0,,0.14,,,,0.0346,0.0231,0.0461,0.1154,0.04610000178217888,0.0346,0.0346,0.2192,0.1269,0.1269,1.1535,2026-08-09
sv1-129,Spiritomb,normal,Scarlet & Violet,129,Uncommon,Naoyo Kimura,Basic,442,Pokémon,2023/03/31,"tcgplayer,cardmarket",https://prices.pokemontcg.io/tcgplayer/sv1-129,https://images.pokemontcg.io/sv1/129_hires.png,2026/08/08,2025/11/21,0.05,0.009999999776482582,0.15000000596046448,17.88,,0.2,,,,0.0346,0.0231,0.0346,0.1615,0.03460000082850456,0.0461,0.0346,0.6921,0.2192,0.1846,1.1535,2026-08-09
sv1-130,Croagunk,normal,Scarlet & Violet,130,Common,Shiburingaru,Basic,453,Pokémon,2023/03/31,"tcgplayer,cardmarket",https://prices.pokemontcg.io/tcgplayer/sv1-130,https://images.pokemontcg.io/sv1/130_hires.png,2026/08/08,2025/11/21,0.12,0.009999999776482582,0.15000000596046448,25.0,,0.18,,,,0.0346,0.0231,0.0461,0.1384,0.05770000070333481,0.0577,0.0346,0.0692,0.0807,0.1615,1.1535,2026-08-09
sv1-131,Toxicroak ex,holofoil,Scarlet & Violet,131,Double Rare,Nisota Niso,Stage 1|ex,454,Pokémon,2023/03/31,"tcgplayer,cardmarket",https://prices.pokemontcg.io/tcgplayer/sv1-131,https://images.pokemontcg.io/sv1/131_hires.png,2026/08/08,2025/11/21,0.65,0.25,0.9300000071525574,20.0,,,,,,0.6229,0.0231,0.5652,0.0,0.6114000082015991,0.5537,0.6229,0.0,0.0,0.0,1.1535,2026-08-09
sv1-133,Bisharp,normal,Scarlet & Violet,133,Common,Hideki Ishikawa,Stage 1,625,Pokémon,2023/03/31,"tcgplayer,cardmarket",https://prices.pokemontcg.io/tcgplayer/sv1-133,https://images.pokemontcg.io/sv1/133_hires.png,2026/08/08,2025/11/21,0.1,0.009999999776482582,0.15000000596046448,20.0,,0.16,,,,0.0461,0.0231,0.0577,0.1038,0.03460000082850456,0.0577,0.0461,0.1038,0.1846,0.1384,1.1535,2026-08-09
sv1-134,Kingambit,holofoil,Scarlet & Violet,134,Rare,Anesaki Dynamic,Stage 2,983,Pokémon,2023/03/31,"tcgplayer,cardmarket",https://prices.pokemontcg.io/tcgplayer/sv1-134,https://images.pokemontcg.io/sv1/134_hires.png,2026/08/08,2025/11/21,0.21,0.009999999776482582,0.2199999988079071,20.0,,0.23,,,,0.0692,0.0231,0.0923,0.2422,0.10379999876022339,0.1038,0.0807,0.1846,0.3114,0.2538,1.1535,2026-08-09
sv1-135,Maschiff,normal,Scarlet & Violet,135,Common,kantaro,Basic,942,Pokémon,2023/03/31,"tcgplayer,cardmarket",https://prices.pokemontcg.io/tcgplayer/sv1-135,https://images.pokemontcg.io/sv1/135_hires.png,2026/08/08,2025/11/21,0.1,0.009999999776482582,0.15000000596046448,25.0,,0.23,,,,0.0461,0.0231,0.0346,0.1846,0.03460000082850456,0.0346,0.0461,0.2076,0.1615,0.1846,1.1535,2026-08-09
sv1-136,Maschiff,normal,Scarlet & Violet,136,Common,KEIICHIRO ITO,Basic,942,Pokémon,2023/03/31,"tcgplayer,cardmarket",https://prices.pokemontcg.io/tcgplayer/sv1-136,https://images.pokemontcg.io/sv1/136_hires.png,2026/08/08,2025/11/21,0.14,0.009999999776482582,0.1599999964237213,20.0,,0.19,,,,0.0346,0.0231,0.0923,0.1615,0.23070000112056732,0.0692,0.0461,0.0577,0.2307,0.1846,1.1535,2026-08-09
sv1-139,Forretress,normal,Scarlet & Violet,139,Uncommon,Lee HyunJung,Stage 1,205,Pokémon,2023/03/31,"tcgplayer,cardmarket",https://prices.pokemontcg.io/tcgplayer/sv1-139,https://images.pokemontcg.io/sv1/139_hires.png,2026/08/08,2025/11/21,0.16,0.009999999776482582,0.15000000596046448,20.0,,0.21,,,,0.0346,0.0231,0.0346,0.173,0.023099999874830246,0.0461,0.0346,0.0231,0.1846,0.173,1.1535,2026-08-09
sv1-137,Mabosstiff,normal,Scarlet & Violet,137,Uncommon,KIYOTAKA OSHIYAMA,Stage 1,943,Pokémon,2023/03/31,"tcgplayer,cardmarket",https://prices.pokemontcg.io/tcgplayer/sv1-137,https://images.pokemontcg.io/sv1/137_hires.png,2026/08/08,2025/11/21,0.09,0.009999999776482582,0.15000000596046448,19.98,,0.18,,,,0.0346,0.0231,0.0461,0.1961,0.023099999874830246,0.0346,0.0346,0.4153,0.2999,0.2192,1.1535,2026-08-09
sv1-138,Bombirdier,normal,Scarlet & Violet,138,Uncommon,nagimiso,Basic,962,Pokémon,2023/03/31,"tcgplayer,cardmarket",https://prices.pokemontcg.io/tcgplayer/sv1-138,https://images.pokemontcg.io/sv1/138_hires.png,2026/08/08,2025/11/21,0.05,0.009999999776482582,0.15000000596046448,20.0,,0.2,,,,0.0346,0.0231,0.0461,0.1961,0.023099999874830246,0.0577,0.0461,0.2422,0.2422,0.2076,1.1535,2026-08-09
sv1-140,Varoom,normal,Scarlet & Violet,140,Common,Shin Nagasawa,Basic,965,Pokémon,2023/03/31,"tcgplayer,cardmarket",https://prices.pokemontcg.io/tcgplayer/sv1-140,https://images.pokemontcg.io/sv1/140_hires.png,2026/08/08,2025/11/21,0.07,0.009999999776482582,0.15000000596046448,19.98,,0.18,,,,0.0461,0.0231,0.0346,0.15,0.1615000069141388,0.0461,0.0461,0.9343,0.323,0.2076,1.1535,2026-08-09
sv1-142,Revavroom,holofoil,Scarlet & Violet,142,Rare,Anesaki Dynamic,Stage 1,966,Pokémon,2023/03/31,"tcgplayer,cardmarket",https://prices.pokemontcg.io/tcgplayer/sv1-142,https://images.pokemontcg.io/sv1/142_hires.png,2026/08/08,2025/11/21,0.18,0.009999999776482582,0.20000000298023224,20.0,,0.24,,,,0.2768,0.0231,0.346,0.0,0.17299999296665192,0.2192,0.2653,0.0,0.0,0.0,1.1535,2026-08-09
sv1-141,Varoom,normal,Scarlet & Violet,141,Common,nagimiso,Basic,965,Pokémon,2023/03/31,"tcgplayer,cardmarket",https://prices.pokemontcg.io/tcgplayer/sv1-141,https://images.pokemontcg.io/sv1/141_hires.png,2026/08/08,2025/11/21,0.12,0.009999999776482582,0.15000000596046448,20.0,,0.19,,,,0.0461,0.0231,0.0577,0.2076,0.09229999780654907,0.0577,0.0461,0.2307,0.2307,0.1961,1.1535,2026-08-09
sv1-143,Iron Treads ex,holofoil,Scarlet & Violet,143,Double Rare,5ban Graphics,Basic|ex,990,Pokémon,2023/03/31,"tcgplayer,cardmarket",https://prices.pokemontcg.io/tcgplayer/sv1-143,https://images.pokemontcg.io/sv1/143_hires.png,2026/08/08,2025/11/21,0.66,0.25,0.9900000095367432,50.0,,,,,,0.5883,0.0231,0.5883,0.0,0.6114000082015991,0.6344,0.6114,0.0,0.0,0.0,1.1535,2026-08-09
sv1-144,Chansey,normal,Scarlet & Violet,144,Common,sui,Basic,113,Pokémon,2023/03/31,"tcgplayer,cardmarket",https://prices.pokemontcg.io/tcgplayer/sv1-144,https://images.pokemontcg.io/sv1/144_hires.png,2026/08/08,2025/11/21,0.16,0.019999999552965164,0.18000000715255737,20.0,,0.23,,,,0.0577,0.0231,0.0461,0.1038,0.023099999874830246,0.0461,0.0577,0.1961,0.1384,0.1154,1.1535,2026-08-09
sv1-145,Blissey,normal,Scarlet & Violet,145,Uncommon,chibi,Stage 1,242,Pokémon,2023/03/31,"tcgplayer,cardmarket",https://prices.pokemontcg.io/tcgplayer/sv1-145,https://images.pokemontcg.io/sv1/145_hires.png,2026/08/08,2025/11/21,0.16,0.009999999776482582,0.1899999976158142,20.0,,0.28,,,,0.0461,0.0231,0.0461,0.2076,0.023099999874830246,0.0461,0.0461,0.3807,0.2768,0.2307,1.1535,2026-08-09
sv1-146,Zangoose,normal,Scarlet & Violet,146,Common,Yuya Oka,Basic,335,Pokémon,2023/03/31,"tcgplayer,cardmarket",https://prices.pokemontcg.io/tcgplayer/sv1-146,https://images.pokemontcg.io/sv1/146_hires.png,2026/08/08,2025/11/21,0.13,0.009999999776482582,0.15000000596046448,19.98,,0.16,,,,0.0346,0.0231,0.0461,0.1038,0.04610000178217888,0.0461,0.0346,0.15,0.1154,0.1154,1.1535,2026-08-09
sv1-148,Starly,normal,Scarlet & Violet,148,Common,Yuka Morii,Basic,396,Pokémon,2023/03/31,"tcgplayer,cardmarket",https://prices.pokemontcg.io/tcgplayer/sv1-148,https://images.pokemontcg.io/sv1/148_hires.png,2026/08/08,2025/11/21,0.21,0.019999999552965164,0.20000000298023224,1000.0,,0.23,,,,0.0346,0.0231,0.0346,0.1038,0.023099999874830246,0.0346,0.0346,0.2538,0.1154,0.1038,1.1535,2026-08-09
sv1-147,Zangoose,normal,Scarlet & Violet,147,Uncommon,aoki,Basic,335,Pokémon,2023/03/31,"tcgplayer,cardmarket",https://prices.pokemontcg.io/tcgplayer/sv1-147,https://images.pokemontcg.io/sv1/147_hires.png,2026/08/08,2025/11/21,0.08,0.009999999776482582,0.15000000596046448,20.0,,0.21,,,,0.0346,0.0231,0.0346,0.1615,0.03460000082850456,0.0346,0.0346,0.2768,0.1961,0.173,1.1535,2026-08-09
sv1-151,Skwovet,normal,Scarlet & Violet,151,Common,HYOGONOSUKE,Basic,819,Pokémon,2023/03/31,"tcgplayer,cardmarket",https://prices.pokemontcg.io/tcgplayer/sv1-151,https://images.pokemontcg.io/sv1/151_hires.png,2026/08/08,2025/11/21,0.18,0.05000000074505806,0.20000000298023224,20.0,,0.19,,,,0.0807,0.0231,0.0692,0.1615,0.11540000140666962,0.0692,0.0807,0.0461,0.1154,0.1615,1.1535,2026-08-09
sv1-149,Staravia,normal,Scarlet & Violet,149,Common,kantaro,Stage 1,397,Pokémon,2023/03/31,"tcgplayer,cardmarket",https://prices.pokemontcg.io/tcgplayer/sv1-149,https://images.pokemontcg.io/sv1/149_hires.png,2026/08/08,2025/11/21,0.09,0.009999999776482582,0.15000000596046448,19.979999542236328,,0.17,,,,0.0461,0.0231,0.0807,0.1038,0.05770000070333481,0.0692,0.0577,0.2192,0.1154,0.1154,1.1535,2026-08-09
sv1-150,Staraptor,normal,Scarlet & Violet,150,Uncommon,Atsushi Furusawa,Stage 2,398,Pokémon,2023/03/31,"tcgplayer,cardmarket",https://prices.pokemontcg.io/tcgplayer/sv1-150,https://images.pokemontcg.io/sv1/150_hires.png,2026/08/08,2025/11/21,0.11,0.009999999776482582,0.15000000596046448,25.0,,0.21,,,,0.0461,0.0231,0.0461,0.1846,0.023099999874830246,0.0461,0.0461,0.2999,0.2307,0.1961,1.1535,2026-08-09
sv1-153,Indeedee,holofoil,Scarlet & Violet,153,Rare,Kagemaru Himeno,Basic,876,Pokémon,2023/03/31,"tcgplayer,cardmarket",https://prices.pokemontcg.io/tcgplayer/sv1-153,https://images.pokemontcg.io/sv1/153_hires.png,2026/08/08,2025/11/21,0.2,0.009999999776482582,0.20999999344348907,40.0,,0.21,,,,0.0692,0.0231,0.0692,0.2192,0.023099999874830246,0.0807,0.0692,0.346,0.2192,0.1961,1.1535,2026-08-09
sv1-152,Greedent,normal,Scarlet & Violet,152,Uncommon,kantaro,Stage 1,820,Pokémon,2023/03/31,"tcgplayer,cardmarket",https://prices.pokemontcg.io/tcgplayer/sv1-152,https://images.pokemontcg.io/sv1/152_hires.png,2026/08/08,2025/11/21,0.14,0.009999999776482582,0.15000000596046448,19.979999542236328,,0.19,,,,0.0346,0.0231,0.0461,0.173,0.05770000070333481,0.0346,0.0346,0.2422,0.1846,0.1846,1.1535,2026-08-09
sv1-154,Lechonk,normal,Scarlet & Violet,154,Common,Teeziro,Basic,915,Pokémon,2023/03/31,"tcgplayer,cardmarket",https://prices.pokemontcg.io/tcgplayer/sv1-154,https://images.pokemontcg.io/sv1/154_hires.png,2026/08/08,2025/11/21,0.11,0.009999999776482582,0.15000000596046448,19.979999542236328,,0.24,,,,0.0,5.7675,0.0,9.6894,0.0,0.0,0.0,5.7675,9.8048,12.9653,1.1535,2026-08-09
sv1-158,Oinkologne ex,holofoil,Scarlet & Violet,158,Double Rare,aky CG Works,Stage 1|ex,916,Pokémon,2023/03/31,"tcgplayer,cardmarket",https://prices.pokemontcg.io/tcgplayer/sv1-158,https://images.pokemontcg.io/sv1/158_hires.png,2026/08/08,2025/11/21,0.62,0.25,0.9900000095367432,5.949999809265137,,,,,,0.5883,0.0577,0.6114,0.0,0.5882999897003174,0.6344,0.5998,0.0,0.0,0.0,1.1535,2026-08-09
sv1-157,Oinkologne,normal,Scarlet & Violet,157,Uncommon,kirisAki,Stage 1,916,Pokémon,2023/03/31,"tcgplayer,cardmarket",https://prices.pokemontcg.io/tcgplayer/sv1-157,https://images.pokemontcg.io/sv1/157_hires.png,2026/08/08,2025/11/21,0.15,0.009999999776482582,0.15000000596046448,19.979999542236328,,0.22,,,,0.0346,0.0231,0.0346,0.173,0.023099999874830246,0.0346,0.0461,0.1154,0.2192,0.1961,1.1535,2026-08-09
sv1-155,Lechonk,normal,Scarlet & Violet,155,Common,kodama,Basic,915,Pokémon,2023/03/31,"tcgplayer,cardmarket",https://prices.pokemontcg.io/tcgplayer/sv1-155,https://images.pokemontcg.io/sv1/155_hires.png,2026/08/08,2025/11/21,0.14,0.009999999776482582,0.15000000596046448,200.0,,0.28,,,,0.0346,0.0231,0.0692,0.1961,0.10379999876022339,0.0577,0.0461,0.2422,0.173,0.1846,1.1535,2026-08-09
sv1-156,Lechonk,normal,Scarlet & Violet,156,Common,Mina Nakai,Basic,915,Pokémon,2023/03/31,"tcgplayer,cardmarket",https://prices.pokemontcg.io/tcgplayer/sv1-156,https://images.pokemontcg.io/sv1/156_hires.png,2026/08/08,2025/11/21,0.15,0.009999999776482582,0.15000000596046448,19.979999542236328,,0.21,,,,0.0461,0.0231,0.0346,0.173,0.04610000178217888,0.0346,0.0346,0.2192,0.173,0.173,1.1535,2026-08-09
sv1-159,Tandemaus,normal,Scarlet & Violet,159,Common,Pani Kobayashi,Basic,924,Pokémon,2023/03/31,"tcgplayer,cardmarket",https://prices.pokemontcg.io/tcgplayer/sv1-159,https://images.pokemontcg.io/sv1/159_hires.png,2026/08/08,2025/11/18,0.24,0.05000000074505806,0.25,20.0,,0.41,,,,0.0461,0.0231,0.0461,0.2076,0.03460000082850456,0.0461,0.0461,0.2076,0.173,0.1961,1.1535,2026-08-09
sv1-160,Tandemaus,normal,Scarlet & Violet,160,Common,yuu,Basic,924,Pokémon,2023/03/31,"tcgplayer,cardmarket",https://prices.pokemontcg.io/tcgplayer/sv1-160,https://images.pokemontcg.io/sv1/160_hires.png,2026/08/08,2025/11/18,0.2,0.03999999910593033,0.2199999988079071,20.0,,0.4,,,,0.0461,0.0231,0.0461,0.2192,0.03460000082850456,0.0577,0.0461,0.2422,0.2538,0.2307,1.1535,2026-08-09
sv1-162,Squawkabilly,normal,Scarlet & Violet,162,Common,Oswaldo KATO,Basic,931,Pokémon,2023/03/31,"tcgplayer,cardmarket",https://prices.pokemontcg.io/tcgplayer/sv1-162,https://images.pokemontcg.io/sv1/162_hires.png,2026/08/08,2025/11/18,0.16,0.009999999776482582,0.18000000715255737,19.979999542236328,,0.15,,,,0.0346,0.0231,0.0461,0.0923,0.03460000082850456,0.0461,0.0461,0.0807,0.1038,0.0923,1.1535,2026-08-09
sv1-161,Maushold,normal,Scarlet & Violet,161,Uncommon,KIYOTAKA OSHIYAMA,Stage 1,925,Pokémon,2023/03/31,"tcgplayer,cardmarket",https://prices.pokemontcg.io/tcgplayer/sv1-161,https://images.pokemontcg.io/sv1/161_hires.png,2026/08/08,2025/11/18,0.18,0.019999999552965164,0.20000000298023224,20.0,,0.29,,,,0.0461,0.0231,0.0461,0.2307,0.05770000070333481,0.0461,0.0346,0.2076,0.2653,0.2307,1.1535,2026-08-09
sv1-164,Cyclizar,holofoil,Scarlet & Violet,164,Rare,Ryota Murayama,Basic,967,Pokémon,2023/03/31,"tcgplayer,cardmarket",https://prices.pokemontcg.io/tcgplayer/sv1-164,https://images.pokemontcg.io/sv1/164_hires.png,2026/08/08,2025/11/18,0.16,0.009999999776482582,0.20000000298023224,40.0,,0.23,,,,0.0923,0.0231,0.0577,0.1961,0.03460000082850456,0.0577,0.0692,0.0692,0.1615,0.1961,1.1535,2026-08-09
sv1-163,Cyclizar,normal,Scarlet & Violet,163,Uncommon,AKIRA EGAWA,Basic,967,Pokémon,2023/03/31,"tcgplayer,cardmarket",https://prices.pokemontcg.io/tcgplayer/sv1-163,https://images.pokemontcg.io/sv1/163_hires.png,2026/08/08,2025/11/18,0.09,0.009999999776482582,0.15000000596046448,19.979999542236328,,0.22,,,,0.0346,0.0231,0.0346,0.2076,0.03460000082850456,0.0346,0.0461,0.0577,0.2653,0.2192,1.1535,2026-08-09
sv1-165,Flamigo,normal,Scarlet & Violet,165,Uncommon,kantaro,Basic,973,Pokémon,2023/03/31,"tcgplayer,cardmarket",https://prices.pokemontcg.io/tcgplayer/sv1-165,https://images.pokemontcg.io/sv1/165_hires.png,2026/08/08,2025/11/18,0.14,0.009999999776482582,0.1599999964237213,20.0,,0.22,,,,0.0346,0.0231,0.0346,0.1384,0.08070000261068344,0.0461,0.0346,0.2076,0.1615,0.15,1.1535,2026-08-09
sv1-166,Arven,normal,Scarlet & Violet,166,Uncommon,GIDORA,Supporter,,Trainer,2023/03/31,"tcgplayer,cardmarket",https://prices.pokemontcg.io/tcgplayer/sv1-166,https://images.pokemontcg.io/sv1/166_hires.png,2026/08/08,2025/11/18,0.23,0.019999999552965164,0.3100000023841858,29.989999771118164,,0.57,,,,1.7418,0.0231,1.5342,2.157,1.3841999769210815,1.5803,1.6841,2.1686,1.7187,2.0763,1.1535,2026-08-09
sv1-167,Beach Court,normal,Scarlet & Violet,167,Uncommon,Oswaldo KATO,Stadium,,Trainer,2023/03/31,"tcgplayer,cardmarket",https://prices.pokemontcg.io/tcgplayer/sv1-167,https://images.pokemontcg.io/sv1/167_hires.png,2026/08/08,2025/11/18,0.13,0.009999999776482582,0.17000000178813934,3.950000047683716,,0.25,,,,0.0692,0.0231,0.0923,0.1846,0.05770000070333481,0.0692,0.0692,0.1961,0.15,0.173,1.1535,2026-08-09
sv1-173,Energy Switch,normal,Scarlet & Violet,173,Common,Studio Bora Inc.,Item,,Trainer,2023/03/31,"tcgplayer,cardmarket",https://prices.pokemontcg.io/tcgplayer/sv1-173,https://images.pokemontcg.io/sv1/173_hires.png,2026/08/08,2025/11/18,0.22,0.019999999552965164,0.23999999463558197,16.299999237060547,,0.28,,,,0.2192,0.0231,0.0807,0.4037,0.15000000596046448,0.1154,0.1846,0.2653,0.2999,0.3807,1.1535,2026-08-09
sv1-169,Defiance Band,normal,Scarlet & Violet,169,Uncommon,inose yukie,Pokémon Tool,,Trainer,2023/03/31,"tcgplayer,cardmarket",https://prices.pokemontcg.io/tcgplayer/sv1-169,https://images.pokemontcg.io/sv1/169_hires.png,2026/08/08,2025/11/18,0.22,0.009999999776482582,0.23000000417232513,1000.0,,0.31,,,,0.1038,0.0231,0.0692,0.2538,0.05770000070333481,0.1038,0.1038,0.2653,0.3114,0.2653,1.1535,2026-08-09
sv1-171,Energy Retrieval,normal,Scarlet & Violet,171,Common,Studio Bora Inc.,Item,,Trainer,2023/03/31,"tcgplayer,cardmarket",https://prices.pokemontcg.io/tcgplayer/sv1-171,https://images.pokemontcg.io/sv1/171_hires.png,2026/08/08,2025/11/18,0.24,0.009999999776482582,0.25,19.399999618530273,,0.29,,,,0.1154,0.0231,0.1154,0.173,0.04610000178217888,0.0807,0.1038,0.0692,0.15,0.1846,1.1535,2026-08-09
sv1-172,Energy Search,normal,Scarlet & Violet,172,Common,Toyste Beach,Item,,Trainer,2023/03/31,"tcgplayer,cardmarket",https://prices.pokemontcg.io/tcgplayer/sv1-172,https://images.pokemontcg.io/sv1/172_hires.png,2026/08/08,2025/11/18,0.22,0.03999999910593033,0.23999999463558197,19.979999542236328,,0.27,,,,0.1038,0.0231,0.1269,0.2307,0.06920000165700912,0.1269,0.0923,0.1154,0.1961,0.2307,1.1535,2026-08-09
sv1-174,Exp. Share,normal,Scarlet & Violet,174,Uncommon,Toyste Beach,Pokémon Tool,,Trainer,2023/03/31,"tcgplayer,cardmarket",https://prices.pokemontcg.io/tcgplayer/sv1-174,https://images.pokemontcg.io/sv1/174_hires.png,2026/08/08,2025/11/18,0.15,0.009999999776482582,0.20000000298023224,1000.0,,0.3,,,,0.1269,0.0231,0.1269,0.2999,0.11540000140666962,0.1384,0.1154,0.1154,0.2422,0.2768,1.1535,2026-08-09
sv1-168,Crushing Hammer,normal,Scarlet & Violet,168,Common,Ayaka Yoshida,Item,,Trainer,2023/03/31,"tcgplayer,cardmarket",https://prices.pokemontcg.io/tcgplayer/sv1-168,https://images.pokemontcg.io/sv1/168_hires.png,2026/08/08,2025/11/18,0.22,0.009999999776482582,0.23999999463558197,19.979999542236328,,0.26,,,,0.0807,0.0231,0.0923,0.1846,0.06920000165700912,0.0923,0.0923,0.15,0.2538,0.2076,1.1535,2026-08-09
sv1-170,Electric Generator,normal,Scarlet & Violet,170,Uncommon,Toyste Beach,Item,,Trainer,2023/03/31,"tcgplayer,cardmarket",https://prices.pokemontcg.io/tcgplayer/sv1-170,https://images.pokemontcg.io/sv1/170_hires.png,2026/08/08,2025/11/18,0.15,0.009999999776482582,0.20000000298023224,35.0,,0.27,,,,0.0923,0.0231,0.0923,0.2192,0.06920000165700912,0.0923,0.0807,0.1961,0.173,0.2192,1.1535,2026-08-09
sv1-176,Judge,normal,Scarlet & Violet,176,Uncommon,Hideki Ishikawa,Supporter,,Trainer,2023/03/31,"tcgplayer,cardmarket",https://prices.pokemontcg.io/tcgplayer/sv1-176,https://images.pokemontcg.io/sv1/176_hires.png,2026/08/08,2025/11/18,0.23,0.009999999776482582,0.23999999463558197,25.0,,0.34,,,,0.0923,0.0231,0.0692,0.323,0.04610000178217888,0.0577,0.0807,0.346,0.323,0.3345,1.1535,2026-08-09
sv1-178,Mesagoza,normal,Scarlet & Violet,178,Uncommon,Oswaldo KATO,Stadium,,Trainer,2023/03/31,"tcgplayer,cardmarket",https://prices.pokemontcg.io/tcgplayer/sv1-178,https://images.pokemontcg.io/sv1/178_hires.png,2026/08/08,2025/11/18,0.15,0.009999999776482582,0.18000000715255737,13.0,,0.24,,,,0.0807,0.0231,0.1384,0.2653,0.05770000070333481,0.1269,0.0923,0.1269,0.3576,0.2999,1.1535,2026-08-09
sv1-175,Jacq,normal,Scarlet & Violet,175,Uncommon,GIDORA,Supporter,,Trainer,2023/03/31,"tcgplayer,cardmarket",https://prices.pokemontcg.io/tcgplayer/sv1-175,https://images.pokemontcg.io/sv1/175_hires.png,2026/08/08,2025/11/18,0.17,0.009999999776482582,0.20000000298023224,1000.0,,0.31,,,,0.1038,0.0231,0.1038,0.323,0.11540000140666962,0.0923,0.0923,0.1154,0.2999,0.346,1.1535,2026-08-09
sv1-177,Katy,normal,Scarlet & Violet,177,Uncommon,Akira Komayama,Supporter,,Trainer,2023/03/31,"tcgplayer,cardmarket",https://prices.pokemontcg.io/tcgplayer/sv1-177,https://images.pokemontcg.io/sv1/177_hires.png,2026/08/08,2025/11/18,0.1,0.009999999776482582,0.15000000596046448,17.8799991607666,,0.18,,,,0.0577,0.0231,0.0807,0.1615,0.03460000082850456,0.0577,0.0577,0.1615,0.2653,0.173,1.1535,2026-08-09
sv1-179,Miriam,normal,Scarlet & Violet,179,Uncommon,Sanosuke Sakuma,Supporter,,Trainer,2023/03/31,"tcgplayer,cardmarket",https://prices.pokemontcg.io/tcgplayer/sv1-179,https://images.pokemontcg.io/sv1/179_hires.png,2026/08/08,2025/11/18,0.15,0.009999999776482582,0.17000000178813934,19.979999542236328,,0.21,,,,0.0807,0.0231,0.1154,0.2192,0.05770000070333481,0.1154,0.0807,0.173,0.2768,0.2192,1.1535,2026-08-09
sv1-180,Nemona,normal,Scarlet & Violet,180,Common,Sanosuke Sakuma,Supporter,,Trainer,2023/03/31,"tcgplayer,cardmarket",https://prices.pokemontcg.io/tcgplayer/sv1-180,https://images.pokemontcg.io/sv1/180_hires.png,2026/08/08,2025/11/18,0.08,0.009999999776482582,0.15000000596046448,19.979999542236328,,0.15,,,,0.0461,0.0231,0.0231,0.1269,0.03460000082850456,0.0346,0.0461,0.0807,0.1615,0.1269,1.1535,2026-08-09
sv1-181,Nest Ball,normal,Scarlet & Violet,181,Uncommon,Toyste Beach,Item,,Trainer,2023/03/31,"tcgplayer,cardmarket",https://prices.pokemontcg.io/tcgplayer/sv1-181,https://images.pokemontcg.io/sv1/181_hires.png,2026/08/08,2025/11/18,0.29,0.009999999776482582,0.2800000011920929,17.020000457763672,,0.74,,,,0.2422,0.0231,0.2422,0.6575,0.24220000207424164,0.2307,0.2422,0.6575,0.8767,0.7267,1.1535,2026-08-09
sv1-183,Penny,normal,Scarlet & Violet,183,Uncommon,yuu,Supporter,,Trainer,2023/03/31,"tcgplayer,cardmarket",https://prices.pokemontcg.io/tcgplayer/sv1-183,https://images.pokemontcg.io/sv1/183_hires.png,2026/08/08,2025/11/18,0.29,0.019999999552965164,0.27000001072883606,18.68000030517578,,0.35,,,,0.173,0.0231,0.2192,0.3922,0.25380000472068787,0.1846,0.1961,0.2999,0.3691,0.3807,1.1535,2026-08-09
sv1-182,Pal Pad,normal,Scarlet & Violet,182,Common,Studio Bora Inc.,Item,,Trainer,2023/03/31,"tcgplayer,cardmarket",https://prices.pokemontcg.io/tcgplayer/sv1-182,https://images.pokemontcg.io/sv1/182_hires.png,2026/08/08,2025/11/18,0.27,0.03999999910593033,0.2800000011920929,1000.0,,0.35,,,,0.2768,0.0231,0.2538,0.5306,0.36910000443458557,0.2653,0.2768,0.8767,0.5652,0.5537,1.1535,2026-08-09
sv1-184,Picnic Basket,normal,Scarlet & Violet,184,Uncommon,OKACHEKE,Item,,Trainer,2023/03/31,"tcgplayer,cardmarket",https://prices.pokemontcg.io/tcgplayer/sv1-184,https://images.pokemontcg.io/sv1/184_hires.png,2026/08/08,2025/11/18,0.16,0.009999999776482582,0.20000000298023224,19.979999542236328,,0.2,,,,0.1038,0.0231,0.0923,0.2422,0.06920000165700912,0.0923,0.0923,0.2422,0.2653,0.2538,1.1535,2026-08-09
sv1-185,Poké Ball,normal,Scarlet & Violet,185,Common,Studio Bora Inc.,Item,,Trainer,2023/03/31,"tcgplayer,cardmarket",https://prices.pokemontcg.io/tcgplayer/sv1-185,https://images.pokemontcg.io/sv1/185_hires.png,2026/08/08,2025/11/18,0.14,0.009999999776482582,0.1599999964237213,19.979999542236328,,0.17,,,,0.0461,0.0231,0.0577,0.1154,0.04610000178217888,0.0577,0.0577,0.0692,0.1038,0.1038,1.1535,2026-08-09
sv1-187,Pokémon Catcher,normal,Scarlet & Violet,187,Common,Studio Bora Inc.,Item,,Trainer,2023/03/31,"tcgplayer,cardmarket",https://prices.pokemontcg.io/tcgplayer/sv1-187,https://images.pokemontcg.io/sv1/187_hires.png,2026/08/08,2025/11/18,0.18,0.009999999776482582,0.20000000298023224,2.390000104904175,,0.31,,,,0.1038,0.0231,0.0923,0.2192,0.05770000070333481,0.0807,0.1038,0.173,0.2192,0.2307,1.1535,2026-08-09
sv1-188,Potion,normal,Scarlet & Violet,188,Common,Ayaka Yoshida,Item,,Trainer,2023/03/31,"tcgplayer,cardmarket",https://prices.pokemontcg.io/tcgplayer/sv1-188,https://images.pokemontcg.io/sv1/188_hires.png,2026/08/08,2025/11/18,0.12,0.009999999776482582,0.15000000596046448,19.979999542236328,,0.14,,,,0.0577,0.0231,0.0577,0.1038,0.04610000178217888,0.0346,0.0577,0.0577,0.1615,0.1269,1.1535,2026-08-09
sv1-186,Pokégear 3.0,normal,Scarlet & Violet,186,Common,Toyste Beach,Item,,Trainer,2023/03/31,"tcgplayer,cardmarket",https://prices.pokemontcg.io/tcgplayer/sv1-186,https://images.pokemontcg.io/sv1/186_hires.png,2026/08/08,2025/11/18,0.37,0.10000000149011612,0.4000000059604645,99.0,,2.2,,,,0.5998,0.0231,0.5537,1.0035,0.51910001039505,0.4037,0.5652,0.646,1.0266,1.0035,1.1535,2026-08-09
sv1-189,Professor's Research (Professor Sada),holofoil,Scarlet & Violet,189,Rare,kirisAki,Supporter,,Trainer,2023/03/31,"tcgplayer,cardmarket",https://prices.pokemontcg.io/tcgplayer/sv1-189,https://images.pokemontcg.io/sv1/189_hires.png,2026/08/08,2025/11/18,0.2,0.009999999776482582,0.2199999988079071,3.009999990463257,,0.29,,,,0.1269,0.0231,0.0923,0.2538,0.05770000070333481,0.1154,0.1038,0.1269,0.2768,0.2768,1.1535,2026-08-09
sv1-191,Rare Candy,normal,Scarlet & Violet,191,Common,Studio Bora Inc.,Item,,Trainer,2023/03/31,"tcgplayer,cardmarket",https://prices.pokemontcg.io/tcgplayer/sv1-191,https://images.pokemontcg.io/sv1/191_hires.png,2026/08/08,2025/11/18,0.24,0.009999999776482582,0.23000000417232513,99.0,,0.27,,,,0.1038,0.0231,0.1154,0.2192,0.15000000596046448,0.1154,0.0923,0.1038,0.2307,0.2192,1.1535,2026-08-09
sv1-190,Professor's Research (Professor Turo),holofoil,Scarlet & Violet,190,Rare,kirisAki,Supporter,,Trainer,2023/03/31,"tcgplayer,cardmarket",https://prices.pokemontcg.io/tcgplayer/sv1-190,https://images.pokemontcg.io/sv1/190_hires.png,2026/08/08,2025/11/18,0.17,0.009999999776482582,0.20000000298023224,19.979999542236328,,0.37,,,,0.0923,0.0231,0.15,0.2307,0.04610000178217888,0.0807,0.1269,0.1038,0.1961,0.2076,1.1535,2026-08-09
sv1-192,Rock Chestplate,normal,Scarlet & Violet,192,Uncommon,Toyste Beach,Pokémon Tool,,Trainer,2023/03/31,"tcgplayer,cardmarket",https://prices.pokemontcg.io/tcgplayer/sv1-192,https://images.pokemontcg.io/sv1/192_hires.png,2026/08/08,2025/11/18,0.16,0.009999999776482582,0.17000000178813934,19.979999542236328,,0.19,,,,0.0692,0.0231,0.0461,0.173,0.05770000070333481,0.0577,0.0577,0.2422,0.173,0.173,1.1535,2026-08-09
sv1-193,Rocky Helmet,normal,Scarlet & Violet,193,Uncommon,Ayaka Yoshida,Pokémon Tool,,Trainer,2023/03/31,"tcgplayer,cardmarket",https://prices.pokemontcg.io/tcgplayer/sv1-193,https://images.pokemontcg.io/sv1/193_hires.png,2026/08/08,2025/11/18,0.16,0.009999999776482582,0.17000000178813934,19.979999542236328,,0.2,,,,0.0461,0.0231,0.0692,0.1846,0.03460000082850456,0.0692,0.0461,0.9113,0.2768,0.2076,1.1535,2026-08-09
sv1-194,Switch,normal,Scarlet & Violet,194,Common,Studio Bora Inc.,Item,,Trainer,2023/03/31,"tcgplayer,cardmarket",https://prices.pokemontcg.io/tcgplayer/sv1-194,https://images.pokemontcg.io/sv1/194_hires.png,2026/08/08,2025/11/18,0.17,0.009999999776482582,0.20000000298023224,25.0,,0.25,,,,0.0807,0.0231,0.0807,0.2076,0.06920000165700912,0.0923,0.0807,0.1384,0.1846,0.2076,1.1535,2026-08-09
sv1-195,Team Star Grunt,normal,Scarlet & Violet,195,Uncommon,nagimiso,Supporter,,Trainer,2023/03/31,"tcgplayer,cardmarket",https://prices.pokemontcg.io/tcgplayer/sv1-195,https://images.pokemontcg.io/sv1/195_hires.png,2026/08/08,2025/11/18,0.13,0.009999999776482582,0.15000000596046448,17.8799991607666,,0.23,,,,0.0461,0.0231,0.0577,0.2307,0.03460000082850456,0.0346,0.0461,0.1038,0.1384,0.1961,1.1535,2026-08-09
sv1-196,Ultra Ball,normal,Scarlet & Violet,196,Uncommon,Ayaka Yoshida,Item,,Trainer,2023/03/31,"tcgplayer,cardmarket",https://prices.pokemontcg.io/tcgplayer/sv1-196,https://images.pokemontcg.io/sv1/196_hires.png,2026/08/08,2025/11/18,0.25,0.009999999776482582,0.25,19.719999313354492,,2.15,,,,0.1615,0.0231,0.1038,0.496,0.04610000178217888,0.1038,0.1384,0.2538,0.346,0.4383,1.1535,2026-08-09
sv1-198,Youngster,normal,Scarlet & Violet,198,Uncommon,Hitoshi Ariga,Supporter,,Trainer,2023/03/31,"tcgplayer,cardmarket",https://prices.pokemontcg.io/tcgplayer/sv1-198,https://images.pokemontcg.io/sv1/198_hires.png,2026/08/08,2025/11/18,0.06,0.009999999776482582,0.15000000596046448,2.990000009536743,,0.24,,,,0.0461,0.0231,0.0461,0.1961,0.04610000178217888,0.0346,0.0461,0.0461,0.2422,0.1961,1.1535,2026-08-09
sv1-200,Dolliv,holofoil,Scarlet & Violet,200,Illustration Rare,Oswaldo KATO,Stage 1,929,Pokémon,2023/03/31,"tcgplayer,cardmarket",https://prices.pokemontcg.io/tcgplayer/sv1-200,https://images.pokemontcg.io/sv1/200_hires.png,2026/08/08,2025/11/18,7.7,3.75,7.699999809265137,75.0,,,,,,4.7293,1.7302,4.7409,0.0,5.225399971008301,4.3718,4.5563,0.0,0.0,0.0,1.1535,2026-08-09
sv1-197,Vitality Band,normal,Scarlet & Violet,197,Uncommon,Studio Bora Inc.,Pokémon Tool,,Trainer,2023/03/31,"tcgplayer,cardmarket",https://prices.pokemontcg.io/tcgplayer/sv1-197,https://images.pokemontcg.io/sv1/197_hires.png,2026/08/08,2025/11/18,0.1,0.009999999776482582,0.1899999976158142,19.979999542236328,,0.32,,,,0.0807,0.0231,0.0692,0.2538,0.04610000178217888,0.0692,0.0807,0.2076,0.2768,0.2768,1.1535,2026-08-09
sv1-199,Tarountula,holofoil,Scarlet & Violet,199,Illustration Rare,Miki Tanaka,Basic,917,Pokémon,2023/03/31,"tcgplayer,cardmarket",https://prices.pokemontcg.io/tcgplayer/sv1-199,https://images.pokemontcg.io/sv1/199_hires.png,2026/08/08,2025/11/18,16.01,10.739999771118164,16.809999465942383,500.0,,,,,,6.3327,3.4605,6.4827,0.0,6.41349983215332,6.3904,6.2866,0.0,0.0,0.0,1.1535,2026-08-09
sv1-201,Toedscool,holofoil,Scarlet & Violet,201,Illustration Rare,Akira Komayama,Basic,948,Pokémon,2023/03/31,"tcgplayer,cardmarket",https://prices.pokemontcg.io/tcgplayer/sv1-201,https://images.pokemontcg.io/sv1/201_hires.png,2026/08/08,2025/11/18,6.08,4.179999828338623,6.25,29.989999771118164,,,,,,4.5909,2.2493,4.614,0.0,4.475599765777588,4.3602,4.5679,0.0,0.0,0.0,1.1535,2026-08-09
sv1-203,Armarouge,holofoil,Scarlet & Violet,203,Illustration Rare,nagimiso,Stage 1,936,Pokémon,2023/03/31,"tcgplayer,cardmarket",https://prices.pokemontcg.io/tcgplayer/sv1-203,https://images.pokemontcg.io/sv1/203_hires.png,2026/08/08,2025/11/18,16.22,14.949999809265137,18.489999771118164,69.98999786376953,,,,,,11.1428,6.3442,11.5004,0.0,10.923600196838379,12.8846,11.2697,0.0,0.0,0.0,1.1535,2026-08-09
sv1-202,Scovillain,holofoil,Scarlet & Violet,202,Illustration Rare,KIYOTAKA OSHIYAMA,Stage 1,952,Pokémon,2023/03/31,"tcgplayer,cardmarket",https://prices.pokemontcg.io/tcgplayer/sv1-202,https://images.pokemontcg.io/sv1/202_hires.png,2026/08/08,2025/11/18,6.5,3.5,6.489999771118164,39.9900016784668,,,,,,4.1757,1.4419,4.3718,0.0,3.979599952697754,4.2218,4.1872,0.0,0.0,0.0,1.1535,2026-08-09
sv1-206,Wiglett,holofoil,Scarlet & Violet,206,Illustration Rare,You Iribi,Basic,960,Pokémon,2023/03/31,"tcgplayer,cardmarket",https://prices.pokemontcg.io/tcgplayer/sv1-206,https://images.pokemontcg.io/sv1/206_hires.png,2026/08/08,2025/11/18,24.8,19.719999313354492,27.040000915527344,99.98999786376953,,,,,,7.0363,2.307,5.9175,0.0,7.071000099182129,6.3442,6.5634,0.0,0.0,0.0,1.1535,2026-08-09
sv1-204,Slowpoke,holofoil,Scarlet & Violet,204,Illustration Rare,Toshinao Aoki,Basic,79,Pokémon,2023/03/31,"tcgplayer,cardmarket",https://prices.pokemontcg.io/tcgplayer/sv1-204,https://images.pokemontcg.io/sv1/204_hires.png,2026/08/08,2025/11/18,40.29,38.5099983215332,45.0,234.55999755859375,,,,,,23.5083,6.9095,17.4409,0.0,20.79759979248047,19.7248,23.9121,0.0,0.0,0.0,1.1535,2026-08-09
sv1-205,Clauncher,holofoil,Scarlet & Violet,205,Illustration Rare,Shinya Komatsu,Basic,692,Pokémon,2023/03/31,"tcgplayer,cardmarket",https://prices.pokemontcg.io/tcgplayer/sv1-205,https://images.pokemontcg.io/sv1/205_hires.png,2026/08/08,2025/11/18,7.92,5.949999809265137,8.4399995803833,72.4800033569336,,,,,,4.96,1.7879,4.9947,0.0,4.56790018081665,4.937,4.9485,0.0,0.0,0.0,1.1535,2026-08-09
sv1-209,Pawmot,holofoil,Scarlet & Violet,209,Illustration Rare,Kouki Saitou,Stage 2,922,Pokémon,2023/03/31,"tcgplayer,cardmarket",https://prices.pokemontcg.io/tcgplayer/sv1-209,https://images.pokemontcg.io/sv1/209_hires.png,2026/08/08,2025/11/18,10.7,9.0,11.75,140.0,,,,,,6.2635,1.3727,6.0213,0.0,6.11359977722168,5.5945,5.929,0.0,0.0,0.0,1.1535,2026-08-09
sv1-208,Pachirisu,holofoil,Scarlet & Violet,208,Illustration Rare,zig,Basic,417,Pokémon,2023/03/31,"tcgplayer,cardmarket",https://prices.pokemontcg.io/tcgplayer/sv1-208,https://images.pokemontcg.io/sv1/208_hires.png,2026/08/08,2025/11/18,17.96,15.279999732971191,20.5,132.9199981689453,,,,,,8.9396,4.8793,8.732,0.0,8.466699600219727,8.9742,9.0434,0.0,0.0,0.0,1.1535,2026-08-09
sv1-210,Drowzee,holofoil,Scarlet & Violet,210,Illustration Rare,Tomokazu Komiya,Basic,96,Pokémon,2023/03/31,"tcgplayer,cardmarket",https://prices.pokemontcg.io/tcgplayer/sv1-210,https://images.pokemontcg.io/sv1/210_hires.png,2026/08/08,2025/11/18,58.7,49.16999816894531,64.0,445.5799865722656,,,,,,38.896,17.3025,60.8587,0.0,32.274898529052734,57.0175,43.6484,0.0,0.0,0.0,1.1535,2026-08-09
sv1-207,Dondozo,holofoil,Scarlet & Violet,207,Illustration Rare,AKIRA EGAWA,Basic,977,Pokémon,2023/03/31,"tcgplayer,cardmarket",https://prices.pokemontcg.io/tcgplayer/sv1-207,https://images.pokemontcg.io/sv1/207_hires.png,2026/08/08,2025/11/18,13.05,11.0,14.989999771118164,89.0,,,,,,9.8509,4.614,8.8012,0.0,10.323800086975098,9.4356,9.4356,0.0,0.0,0.0,1.1535,2026-08-09
sv1-214,Greavard,holofoil,Scarlet & Violet,214,Illustration Rare,sowsow,Basic,971,Pokémon,2023/03/31,"tcgplayer,cardmarket",https://prices.pokemontcg.io/tcgplayer/sv1-214,https://images.pokemontcg.io/sv1/214_hires.png,2026/08/08,2025/11/18,20.55,20.0,23.979999542236328,500.0,,,,,,11.6503,5.1792,11.1659,0.0,5.928999900817871,10.6122,11.6619,0.0,0.0,0.0,1.1535,2026-08-09
sv1-215,Riolu,holofoil,Scarlet & Violet,215,Illustration Rare,Nelnal,Basic,447,Pokémon,2023/03/31,"tcgplayer,cardmarket",https://prices.pokemontcg.io/tcgplayer/sv1-215,https://images.pokemontcg.io/sv1/215_hires.png,2026/08/08,2025/11/18,33.74,32.0,38.849998474121094,303.6600036621094,,,,,,19.3211,9.228,17.5563,0.0,10.150799751281738,19.0097,18.5137,0.0,0.0,0.0,1.1535,2026-08-09
sv1-211,Ralts,holofoil,Scarlet & Violet,211,Illustration Rare,Jiro Sasumo,Basic,280,Pokémon,2023/03/31,"tcgplayer,cardmarket",https://prices.pokemontcg.io/tcgplayer/sv1-211,https://images.pokemontcg.io/sv1/211_hires.png,2026/08/08,2025/11/18,44.32,38.150001525878906,51.47999954223633,378.8999938964844,,,,,,27.7417,10.37,27.038,0.0,24.650299072265625,27.7532,28.1569,0.0,0.0,0.0,1.1535,2026-08-09
sv1-212,Kirlia,holofoil,Scarlet & Violet,212,Illustration Rare,Jiro Sasumo,Stage 1,281,Pokémon,2023/03/31,"tcgplayer,cardmarket",https://prices.pokemontcg.io/tcgplayer/sv1-212,https://images.pokemontcg.io/sv1/212_hires.png,2026/08/08,2025/11/18,45.91,37.7599983215332,49.959999084472656,5000.0,,,,,,27.7186,17.291,26.2075,0.0,24.719499588012695,25.4001,27.9954,0.0,0.0,0.0,1.1535,2026-08-09
sv1-213,Fidough,holofoil,Scarlet & Violet,213,Illustration Rare,Tika Matsuno,Basic,926,Pokémon,2023/03/31,"tcgplayer,cardmarket",https://prices.pokemontcg.io/tcgplayer/sv1-213,https://images.pokemontcg.io/sv1/213_hires.png,2026/08/08,2025/11/18,25.69,20.0,27.889999389648438,337.9700012207031,,,,,,7.6362,3.4605,7.4285,0.0,7.278600215911865,7.267,7.4285,0.0,0.0,0.0,1.1535,2026-08-09
sv1-217,Klawf,holofoil,Scarlet & Violet,217,Illustration Rare,Mina Nakai,Basic,950,Pokémon,2023/03/31,"tcgplayer,cardmarket",https://prices.pokemontcg.io/tcgplayer/sv1-217,https://images.pokemontcg.io/sv1/217_hires.png,2026/08/08,2025/11/18,5.2,4.059999942779541,5.860000133514404,101.70999908447266,,,,,,4.1987,1.4419,3.5989,0.0,2.9298999309539795,3.6451,4.0949,0.0,0.0,0.0,1.1535,2026-08-09
sv1-218,Mabosstiff,holofoil,Scarlet & Violet,218,Illustration Rare,OKACHEKE,Stage 1,943,Pokémon,2023/03/31,"tcgplayer,cardmarket",https://prices.pokemontcg.io/tcgplayer/sv1-218,https://images.pokemontcg.io/sv1/218_hires.png,2026/08/08,2025/11/18,8.07,5.710000038146973,8.84000015258789,118.80000305175781,,,,,,4.6255,2.307,4.7755,0.0,4.14109992980957,4.4179,4.6255,0.0,0.0,0.0,1.1535,2026-08-09
sv1-216,Sandile,holofoil,Scarlet & Violet,216,Illustration Rare,Nurikabe,Basic,551,Pokémon,2023/03/31,"tcgplayer,cardmarket",https://prices.pokemontcg.io/tcgplayer/sv1-216,https://images.pokemontcg.io/sv1/216_hires.png,2026/08/08,2025/11/18,6.22,4.510000228881836,6.860000133514404,55.88999938964844,,,,,,4.0603,1.7302,3.4605,0.0,4.613999843597412,3.7373,3.8758,0.0,0.0,0.0,1.1535,2026-08-09
sv1-219,Bombirdier,holofoil,Scarlet & Violet,219,Illustration Rare,Shibuzoh.,Basic,962,Pokémon,2023/03/31,"tcgplayer,cardmarket",https://prices.pokemontcg.io/tcgplayer/sv1-219,https://images.pokemontcg.io/sv1/219_hires.png,2026/08/08,2025/11/18,6.18,3.490000009536743,6.710000038146973,96.94999694824219,,,,,,4.2679,2.0186,4.6371,0.0,4.3256001472473145,4.8101,4.1987,0.0,0.0,0.0,1.1535,2026-08-09
sv1-220,Kingambit,holofoil,Scarlet & Violet,220,Illustration Rare,Shin Nagasawa,Stage 2,983,Pokémon,2023/03/31,"tcgplayer,cardmarket",https://prices.pokemontcg.io/tcgplayer/sv1-220,https://images.pokemontcg.io/sv1/220_hires.png,2026/08/08,2025/11/18,10.4,7.0,11.180000305175781,70.0,,,,,,6.1597,1.7302,5.9521,0.0,6.344200134277344,5.7098,5.8598,0.0,0.0,0.0,1.1535,2026-08-09
sv1-221,Starly,holofoil,Scarlet & Violet,221,Illustration Rare,saino misaki,Basic,396,Pokémon,2023/03/31,"tcgplayer,cardmarket",https://prices.pokemontcg.io/tcgplayer/sv1-221,https://images.pokemontcg.io/sv1/221_hires.png,2026/08/08,2025/11/18,15.43,11.489999771118164,15.350000381469727,119.97000122070312,,,,,,8.1322,3.449,7.0825,0.0,7.624599933624268,7.2094,8.0976,0.0,0.0,0.0,1.1535,2026-08-09
sv1-222,Skwovet,holofoil,Scarlet & Violet,222,Illustration Rare,Teeziro,Basic,819,Pokémon,2023/03/31,"tcgplayer,cardmarket",https://prices.pokemontcg.io/tcgplayer/sv1-222,https://images.pokemontcg.io/sv1/222_hires.png,2026/08/08,2025/11/18,8.8,5.239999771118164,9.239999771118164,53.7400016784668,,,,,,5.0177,1.1535,4.9139,0.0,5.409900188446045,4.9485,4.9947,0.0,0.0,0.0,1.1535,2026-08-09
sv1-224,Arcanine ex,holofoil,Scarlet & Violet,224,Ultra Rare,5ban Graphics,Stage 1|Tera|ex,59,Pokémon,2023/03/31,"tcgplayer,cardmarket",https://prices.pokemontcg.io/tcgplayer/sv1-224,https://images.pokemontcg.io/sv1/224_hires.png,2026/08/08,2025/11/18,16.29,12.920000076293945,16.5,109.0,,,,,,7.4747,3.3451,8.1091,0.0,6.367300033569336,5.9175,7.2324,0.0,0.0,0.0,1.1535,2026-08-09
sv1-226,Magnezone ex,holofoil,Scarlet & Violet,226,Ultra Rare,PLANETA Tsuji,Stage 2|ex,462,Pokémon,2023/03/31,"tcgplayer,cardmarket",https://prices.pokemontcg.io/tcgplayer/sv1-226,https://images.pokemontcg.io/sv1/226_hires.png,2026/08/08,2025/11/18,1.3,0.5,1.649999976158142,20.0,,,,,,1.984,0.2307,1.7649,0.0,1.038100004196167,1.7533,1.9263,0.0,0.0,0.0,1.1535,2026-08-09
sv1-225,Gyarados ex,holofoil,Scarlet & Violet,225,Ultra Rare,5ban Graphics,Stage 1|Tera|ex,130,Pokémon,2023/03/31,"tcgplayer,cardmarket",https://prices.pokemontcg.io/tcgplayer/sv1-225,https://images.pokemontcg.io/sv1/225_hires.png,2026/08/08,2025/11/18,8.78,7.179999828338623,11.6899995803833,91.62000274658203,,,,,,6.4019,3.2183,7.2786,0.0,4.6717000007629395,7.4747,6.6672,0.0,0.0,0.0,1.1535,2026-08-09
sv1-223,Spidops ex,holofoil,Scarlet & Violet,223,Ultra Rare,takuyoa,Stage 1|ex,918,Pokémon,2023/03/31,"tcgplayer,cardmarket",https://prices.pokemontcg.io/tcgplayer/sv1-223,https://images.pokemontcg.io/sv1/223_hires.png,2026/08/08,2025/11/18,1.09,0.5899999737739563,1.309999942779541,99.0,,,,,,1.4995,0.4037,1.2112,0.0,1.430299997329712,1.2458,1.3957,0.0,0.0,0.0,1.1535,2026-08-09
sv1-228,Gardevoir ex,holofoil,Scarlet & Violet,228,Ultra Rare,N-DESIGN Inc.,Stage 2|ex,282,Pokémon,2023/03/31,"tcgplayer,cardmarket",https://prices.pokemontcg.io/tcgplayer/sv1-228,https://images.pokemontcg.io/sv1/228_hires.png,2026/08/08,2025/11/18,4.66,3.5,5.110000133514404,20.0,,,,,,4.1526,1.4995,3.9796,0.0,3.8873000144958496,4.3372,4.0949,0.0,0.0,0.0,1.1535,2026-08-09
sv1-227,Miraidon ex,holofoil,Scarlet & Violet,227,Ultra Rare,5ban Graphics,Basic|ex,1008,Pokémon,2023/03/31,"tcgplayer,cardmarket",https://prices.pokemontcg.io/tcgplayer/sv1-227,https://images.pokemontcg.io/sv1/227_hires.png,2026/08/08,2025/11/18,2.66,1.690000057220459,3.1500000953674316,20.0,,,,,,3.1837,1.1535,2.9299,0.0,3.7488999366760254,3.0337,3.0798,0.0,0.0,0.0,1.1535,2026-08-09
sv1-229,Banette ex,holofoil,Scarlet & Violet,229,Ultra Rare,PLANETA Mochizuki,Stage 1|ex,354,Pokémon,2023/03/31,"tcgplayer,cardmarket",https://prices.pokemontcg.io/tcgplayer/sv1-229,https://images.pokemontcg.io/sv1/229_hires.png,2026/08/08,2025/11/18,2.14,0.6800000071525574,2.119999885559082,20.0,,,,,,2.4339,0.9689,2.3993,0.0,2.802999973297119,2.307,2.3301,0.0,0.0,0.0,1.1535,2026-08-09
sv1-231,Koraidon ex,holofoil,Scarlet & Violet,231,Ultra Rare,aky CG Works,Basic|ex,1007,Pokémon,2023/03/31,"tcgplayer,cardmarket",https://prices.pokemontcg.io/tcgplayer/sv1-231,https://images.pokemontcg.io/sv1/231_hires.png,2026/08/08,2025/11/18,1.98,1.25,2.25,25.0,,,,,,2.457,0.5767,2.3647,0.0,2.6184000968933105,2.6992,2.457,0.0,0.0,0.0,1.1535,2026-08-09
sv1-230,Great Tusk ex,holofoil,Scarlet & Violet,230,Ultra Rare,5ban Graphics,Basic|ex,984,Pokémon,2023/03/31,"tcgplayer,cardmarket",https://prices.pokemontcg.io/tcgplayer/sv1-230,https://images.pokemontcg.io/sv1/230_hires.png,2026/08/08,2025/11/18,1.19,0.75,1.309999942779541,20.0,,,,,,1.4419,0.5767,1.5688,0.0,1.1419999599456787,1.4765,1.488,0.0,0.0,0.0,1.1535,2026-08-09
sv1-233,Iron Treads ex,holofoil,Scarlet & Violet,233,Ultra Rare,5ban Graphics,Basic|ex,990,Pokémon,2023/03/31,"tcgplayer,cardmarket",https://prices.pokemontcg.io/tcgplayer/sv1-233,https://images.pokemontcg.io/sv1/233_hires.png,2026/08/08,2025/11/18,1.16,0.75,1.25,50.0,,,,,,1.5572,0.5191,1.8456,0.0,1.4419000148773193,1.488,1.5572,0.0,0.0,0.0,1.1535,2026-08-09
sv1-232,Toxicroak ex,holofoil,Scarlet & Violet,232,Ultra Rare,PLANETA Hiiragi,Stage 1|ex,454,Pokémon,2023/03/31,"tcgplayer,cardmarket",https://prices.pokemontcg.io/tcgplayer/sv1-232,https://images.pokemontcg.io/sv1/232_hires.png,2026/08/08,2025/11/18,1.84,0.9900000095367432,2.0,99.0,,,,,,2.0763,0.5767,1.7072,0.0,1.9378999471664429,1.8802,2.0071,0.0,0.0,0.0,1.1535,2026-08-09
sv1-234,Oinkologne ex,holofoil,Scarlet & Violet,234,Ultra Rare,aky CG Works,Stage 1|ex,916,Pokémon,2023/03/31,"tcgplayer,cardmarket",https://prices.pokemontcg.io/tcgplayer/sv1-234,https://images.pokemontcg.io/sv1/234_hires.png,2026/08/08,2025/11/18,1.31,0.75,1.5,19.989999771118164,,,,,,1.6495,0.5652,1.8687,0.0,1.8802000284194946,1.9609,1.7302,0.0,0.0,0.0,1.1535,2026-08-09
sv1-235,Arven,holofoil,Scarlet & Violet,235,Ultra Rare,GIDORA,Supporter,,Trainer,2023/03/31,"tcgplayer,cardmarket",https://prices.pokemontcg.io/tcgplayer/sv1-235,https://images.pokemontcg.io/sv1/235_hires.png,2026/08/08,2025/11/18,2.61,2.0,3.2699999809265137,50.0,,,,,,8.2591,5.7098,8.6859,0.0,6.874899864196777,8.4436,8.3629,0.0,0.0,0.0,1.1535,2026-08-09
sv1-237,Katy,holofoil,Scarlet & Violet,237,Ultra Rare,Akira Komayama,Supporter,,Trainer,2023/03/31,"tcgplayer,cardmarket",https://prices.pokemontcg.io/tcgplayer/sv1-237,https://images.pokemontcg.io/sv1/237_hires.png,2026/08/08,2025/11/18,2.59,1.1399999856948853,2.8399999141693115,24.989999771118164,,,,,,2.0763,0.2307,1.5918,0.0,2.0532000064849854,1.811,2.0186,0.0,0.0,0.0,1.1535,2026-08-09
sv1-236,Jacq,holofoil,Scarlet & Violet,236,Ultra Rare,GIDORA,Supporter,,Trainer,2023/03/31,"tcgplayer,cardmarket",https://prices.pokemontcg.io/tcgplayer/sv1-236,https://images.pokemontcg.io/sv1/236_hires.png,2026/08/08,2025/11/18,2.16,0.9900000095367432,2.4000000953674316,25.0,,,,,,3.5989,1.7187,3.8527,0.0,2.560800075531006,3.4605,3.4144,0.0,0.0,0.0,1.1535,2026-08-09
sv1-238,Miriam,holofoil,Scarlet & Violet,238,Ultra Rare,Sanosuke Sakuma,Supporter,,Trainer,2023/03/31,"tcgplayer,cardmarket",https://prices.pokemontcg.io/tcgplayer/sv1-238,https://images.pokemontcg.io/sv1/238_hires.png,2026/08/08,2025/11/18,5.47,3.5,6.289999961853027,100.0,,,,,,5.7444,2.2955,4.6025,0.0,5.605999946594238,5.1792,5.6291,0.0,0.0,0.0,1.1535,2026-08-09
sv1-241,Professor's Research (Professor Turo),holofoil,Scarlet & Violet,241,Ultra Rare,kirisAki,Supporter,,Trainer,2023/03/31,"tcgplayer,cardmarket",https://prices.pokemontcg.io/tcgplayer/sv1-241,https://images.pokemontcg.io/sv1/241_hires.png,2026/08/08,2025/11/18,1.7,0.949999988079071,1.850000023841858,20.0,,,,,,2.6415,1.0266,2.1455,0.0,1.7302000522613525,2.3185,2.5262,0.0,0.0,0.0,1.1535,2026-08-09
sv1-240,Professor's Research (Professor Sada),holofoil,Scarlet & Violet,240,Ultra Rare,kirisAki,Supporter,,Trainer,2023/03/31,"tcgplayer,cardmarket",https://prices.pokemontcg.io/tcgplayer/sv1-240,https://images.pokemontcg.io/sv1/240_hires.png,2026/08/08,2025/11/18,2.77,1.899999976158142,3.069999933242798,75.0,,,,,,4.6717,1.0381,4.5909,0.0,4.740900039672852,4.5679,4.5448,0.0,0.0,0.0,1.1535,2026-08-09
sv1-239,Penny,holofoil,Scarlet & Violet,239,Ultra Rare,yuu,Supporter,,Trainer,2023/03/31,"tcgplayer,cardmarket",https://prices.pokemontcg.io/tcgplayer/sv1-239,https://images.pokemontcg.io/sv1/239_hires.png,2026/08/08,2025/11/18,4.23,2.990000009536743,4.5,51.58000183105469,,,,,,4.4179,1.4419,5.0985,0.0,4.625500202178955,4.4871,4.787,0.0,0.0,0.0,1.1535,2026-08-09
sv1-242,Team Star Grunt,holofoil,Scarlet & Violet,242,Ultra Rare,nagimiso,Supporter,,Trainer,2023/03/31,"tcgplayer,cardmarket",https://prices.pokemontcg.io/tcgplayer/sv1-242,https://images.pokemontcg.io/sv1/242_hires.png,2026/08/08,2025/11/18,1.89,0.8799999952316284,1.9900000095367432,20.0,,,,,,1.9033,0.5767,2.0878,0.0,2.283900022506714,2.0994,1.9148,0.0,0.0,0.0,1.1535,2026-08-09
sv1-243,Spidops ex,holofoil,Scarlet & Violet,243,Special Illustration Rare,Miki Tanaka,Stage 1|ex,918,Pokémon,2023/03/31,"tcgplayer,cardmarket",https://prices.pokemontcg.io/tcgplayer/sv1-243,https://images.pokemontcg.io/sv1/243_hires.png,2026/08/08,2025/11/18,9.86,8.0,11.020000457763672,89.37000274658203,,,,,,6.3096,4.0257,6.0905,0.0,6.86329984664917,6.0789,6.2058,0.0,0.0,0.0,1.1535,2026-08-09
sv1-244,Miraidon ex,holofoil,Scarlet & Violet,244,Special Illustration Rare,kantaro,Basic|ex,1008,Pokémon,2023/03/31,"tcgplayer,cardmarket",https://prices.pokemontcg.io/tcgplayer/sv1-244,https://images.pokemontcg.io/sv1/244_hires.png,2026/08/08,2025/11/18,24.92,20.059999465942383,28.989999771118164,224.10000610351562,,,,,,23.5083,16.7257,21.5243,0.0,21.005199432373047,21.086,22.1241,0.0,0.0,0.0,1.1535,2026-08-09
sv1-245,Gardevoir ex,holofoil,Scarlet & Violet,245,Special Illustration Rare,Jiro Sasumo,Stage 2|ex,282,Pokémon,2023/03/31,"tcgplayer,cardmarket",https://prices.pokemontcg.io/tcgplayer/sv1-245,https://images.pokemontcg.io/sv1/245_hires.png,2026/08/08,2025/11/18,73.24,67.0,82.55000305175781,625.1400146484375,,,,,,55.3334,29.9795,59.0823,0.0,50.95009994506836,56.7522,55.9447,0.0,0.0,0.0,1.1535,2026-08-09
sv1-246,Great Tusk ex,holofoil,Scarlet & Violet,246,Special Illustration Rare,Pani Kobayashi,Basic|ex,984,Pokémon,2023/03/31,"tcgplayer,cardmarket",https://prices.pokemontcg.io/tcgplayer/sv1-246,https://images.pokemontcg.io/sv1/246_hires.png,2026/08/08,2025/11/18,13.06,10.75,13.989999771118164,106.37999725341797,,,,,,11.858,5.756,10.5661,0.0,10.72760009765625,10.3815,11.858,0.0,0.0,0.0,1.1535,2026-08-09
sv1-248,Iron Treads ex,holofoil,Scarlet & Violet,248,Special Illustration Rare,KEIICHIRO ITO,Basic|ex,990,Pokémon,2023/03/31,"tcgplayer,cardmarket",https://prices.pokemontcg.io/tcgplayer/sv1-248,https://images.pokemontcg.io/sv1/248_hires.png,2026/08/08,2025/11/18,5.97,3.740000009536743,6.300000190734863,99.98999786376953,,,,,,5.1561,2.7684,5.2715,0.0,4.821599960327148,5.433,5.1331,0.0,0.0,0.0,1.1535,2026-08-09
sv1-247,Koraidon ex,holofoil,Scarlet & Violet,247,Special Illustration Rare,Ryota Murayama,Basic|ex,1007,Pokémon,2023/03/31,"tcgplayer,cardmarket",https://prices.pokemontcg.io/tcgplayer/sv1-247,https://images.pokemontcg.io/sv1/247_hires.png,2026/08/08,2025/11/18,23.26,21.5,25.0,164.6999969482422,,,,,,23.0585,9.228,19.8517,0.0,20.647600173950195,21.109,22.7701,0.0,0.0,0.0,1.1535,2026-08-09
sv1-249,Arven,holofoil,Scarlet & Violet,249,Special Illustration Rare,kantaro,Supporter,,Trainer,2023/03/31,"tcgplayer,cardmarket",https://prices.pokemontcg.io/tcgplayer/sv1-249,https://images.pokemontcg.io/sv1/249_hires.png,2026/08/08,2025/11/18,5.79,3.319999933242798,5.889999866485596,68.8499984741211,,,,,,9.228,4.614,8.2591,0.0,7.474699974060059,8.1898,8.8704,0.0,0.0,0.0,1.1535,2026-08-09
sv1-250,Jacq,holofoil,Scarlet & Violet,250,Special Illustration Rare,Oswaldo KATO,Supporter,,Trainer,2023/03/31,"tcgplayer,cardmarket",https://prices.pokemontcg.io/tcgplayer/sv1-250,https://images.pokemontcg.io/sv1/250_hires.png,2026/08/08,2025/11/18,4.36,3.5,5.0,49.9900016784668,,,,,,5.2484,3.449,5.4099,0.0,4.014200210571289,5.8136,5.3292,0.0,0.0,0.0,1.1535,2026-08-09
sv1-252,Penny,holofoil,Scarlet & Violet,252,Special Illustration Rare,OKACHEKE,Supporter,,Trainer,2023/03/31,"tcgplayer,cardmarket",https://prices.pokemontcg.io/tcgplayer/sv1-252,https://images.pokemontcg.io/sv1/252_hires.png,2026/08/08,2025/11/18,5.99,4.829999923706055,6.769999980926514,100.0,,,,,,6.3096,1.7187,6.7249,0.0,8.178299903869629,6.2635,6.5173,0.0,0.0,0.0,1.1535,2026-08-09
sv1-251,Miriam,holofoil,Scarlet & Violet,251,Special Illustration Rare,Akira Komayama,Supporter,,Trainer,2023/03/31,"tcgplayer,cardmarket",https://prices.pokemontcg.io/tcgplayer/sv1-251,https://images.pokemontcg.io/sv1/251_hires.png,2026/08/08,2025/11/18,24.14,19.989999771118164,26.979999542236328,1500.0,,,,,,18.952,9.6894,17.8792,0.0,17.994600296020508,17.8331,18.6406,0.0,0.0,0.0,1.1535,2026-08-09
sv1-253,Miraidon ex,holofoil,Scarlet & Violet,253,Hyper Rare,5ban Graphics,Basic|ex,1008,Pokémon,2023/03/31,"tcgplayer,cardmarket",https://prices.pokemontcg.io/tcgplayer/sv1-253,https://images.pokemontcg.io/sv1/253_hires.png,2026/08/08,2025/11/18,7.54,4.920000076293945,8.069999694824219,96.94999694824219,,,,,,8.1668,4.3833,6.4481,0.0,6.9095001220703125,6.921,7.7515,0.0,0.0,0.0,1.1535,2026-08-09
sv1-255,Nest Ball,holofoil,Scarlet & Violet,255,Hyper Rare,Toyste Beach,Item,,Trainer,2023/03/31,"tcgplayer,cardmarket",https://prices.pokemontcg.io/tcgplayer/sv1-255,https://images.pokemontcg.io/sv1/255_hires.png,2026/08/08,2025/11/18,3.19,2.75,4.0,50.0,,,,,,9.1011,3.449,8.6974,0.0,9.216500282287598,8.582,8.7781,0.0,0.0,0.0,1.1535,2026-08-09
sv1-256,Rare Candy,holofoil,Scarlet & Violet,256,Hyper Rare,Studio Bora Inc.,Item,,Trainer,2023/03/31,"tcgplayer,cardmarket",https://prices.pokemontcg.io/tcgplayer/sv1-256,https://images.pokemontcg.io/sv1/256_hires.png,2026/08/08,2025/11/18,5.6,3.5,6.5,30.0,,,,,,7.2094,0.5537,7.1517,0.0,7.682300090789795,7.1748,7.2555,0.0,0.0,0.0,1.1535,2026-08-09
sv1-254,Koraidon ex,holofoil,Scarlet & Violet,254,Hyper Rare,aky CG Works,Basic|ex,1007,Pokémon,2023/03/31,"tcgplayer,cardmarket",https://prices.pokemontcg.io/tcgplayer/sv1-254,https://images.pokemontcg.io/sv1/254_hires.png,2026/08/08,2025/11/18,6.01,4.0,7.0,53.7599983215332,,,,,,6.6211,3.4605,5.9059,0.0,6.574999809265137,6.2058,6.3904,0.0,0.0,0.0,1.1535,2026-08-09
sv1-258,Basic Fighting Energy,holofoil,Scarlet & Violet,258,Hyper Rare,,Basic,,Energy,2023/03/31,"tcgplayer,cardmarket",https://prices.pokemontcg.io/tcgplayer/sv1-258,https://images.pokemontcg.io/sv1/258_hires.png,2026/08/08,2025/11/18,6.85,4.010000228881836,7.789999961853027,103.4000015258789,,,,,,5.2484,2.0763,4.8447,0.0,4.844699859619141,5.0869,5.3176,0.0,0.0,0.0,1.1535,2026-08-09
sv1-257,Basic Lightning Energy,holofoil,Scarlet & Violet,257,Hyper Rare,,Basic,,Energy,2023/03/31,"tcgplayer,cardmarket",https://prices.pokemontcg.io/tcgplayer/sv1-257,https://images.pokemontcg.io/sv1/257_hires.png,2026/08/08,2025/11/18,3.78,2.990000009536743,4.480000019073486,96.83999633789062,,,,,,4.2333,2.1801,3.8527,0.0,3.172100067138672,4.0949,4.0949,0.0,0.0,0.0,1.1535,2026-08-09
svp-1,Sprigatito,holofoil,Scarlet & Violet Black Star Promos,1,Promo,Yuu Nishida,Basic,906,Pokémon,2023/01/01,"tcgplayer,cardmarket",https://prices.pokemontcg.io/tcgplayer/svp-1,https://images.pokemontcg.io/svp/1_hires.png,2026/08/08,2026/07/01,10.61,9.0,11.600000381469727,1000.0,,,,,,7.4862,2.307,6.6788,0.0,4.613999843597412,7.5554,7.0479,0.0,0.0,0.0,1.1535,2026-08-09
svp-2,Fuecoco,holofoil,Scarlet & Violet Black Star Promos,2,Promo,Ryuta Fuse,Basic,909,Pokémon,2023/01/01,"tcgplayer,cardmarket",https://prices.pokemontcg.io/tcgplayer/svp-2,https://images.pokemontcg.io/svp/2_hires.png,2026/08/08,2026/07/01,5.92,4.440000057220459,6.849999904632568,1000.0,,,,,,4.3026,1.6034,4.1757,0.0,1.6033999919891357,3.9565,3.9796,0.0,0.0,0.0,1.1535,2026-08-09
svp-6,Pawmot,holofoil,Scarlet & Violet Black Star Promos,6,Promo,GIDORA,Stage 2,922,Pokémon,2023/01/01,"tcgplayer,cardmarket",https://prices.pokemontcg.io/tcgplayer/svp-6,https://images.pokemontcg.io/svp/6_hires.png,2026/08/08,2026/07/01,2.17,1.0,2.5,30.600000381469727,,,,,,3.1606,1.7302,4.0257,0.0,4.5447998046875,3.0337,3.2875,0.0,0.0,0.0,1.1535,2026-08-09
svp-10,Espathra,holofoil,Scarlet & Violet Black Star Promos,10,Promo,Sanosuke Sakuma,Stage 1,956,Pokémon,2023/01/01,"tcgplayer,cardmarket",https://prices.pokemontcg.io/tcgplayer/svp-10,https://images.pokemontcg.io/svp/10_hires.png,2026/08/08,2026/06/30,0.32,0.10000000149011612,0.4000000059604645,9999.0,,,,,,1.3035,0.1154,1.6034,0.0,2.2955000400543213,1.2689,1.6264,0.0,0.0,0.0,1.1535,2026-08-09
svp-7,Hawlucha,holofoil,Scarlet & Violet Black Star Promos,7,Promo,Yuya Oka,Basic,701,Pokémon,2023/01/01,"tcgplayer,cardmarket",https://prices.pokemontcg.io/tcgplayer/svp-7,https://images.pokemontcg.io/svp/7_hires.png,2026/08/08,2026/06/30,2.1,1.0,4.460000038146973,96.94000244140625,,,,,,5.0062,1.9148,3.9219,0.0,4.383299827575684,3.6105,4.6601,0.0,0.0,0.0,1.1535,2026-08-09
svp-13,Miraidon,holofoil,Scarlet & Violet Black Star Promos,13,Promo,Akira Komayama,Basic,1008,Pokémon,2023/01/01,"tcgplayer,cardmarket",https://prices.pokemontcg.io/tcgplayer/svp-13,https://images.pokemontcg.io/svp/13_hires.png,2026/08/08,2026/06/30,6.83,5.0,7.800000190734863,53.099998474121094,,,,,,80.745,100.3545,108.602,0.0,115.3385009765625,96.4672,121.7635,0.0,0.0,0.0,1.1535,2026-08-09
svp-8,Revavroom,holofoil,Scarlet & Violet Black Star Promos,8,Promo,DOM,Stage 1,966,Pokémon,2023/01/01,"tcgplayer,cardmarket",https://prices.pokemontcg.io/tcgplayer/svp-8,https://images.pokemontcg.io/svp/8_hires.png,2026/08/08,2026/06/30,1.43,0.5899999737739563,1.809999942779541,29.65999984741211,,,,,,3.8527,1.142,3.5528,0.0,4.037300109863281,2.7684,3.4605,0.0,0.0,0.0,1.1535,2026-08-09
svp-9,Spidops,holofoil,Scarlet & Violet Black Star Promos,9,Promo,Anesaki Dynamic,Stage 1,918,Pokémon,2023/01/01,"tcgplayer,cardmarket",https://prices.pokemontcg.io/tcgplayer/svp-9,https://images.pokemontcg.io/svp/9_hires.png,2026/08/08,2026/06/30,0.33,0.019999999552965164,0.36000001430511475,50.0,,,,,,0.9689,0.2076,1.0151,0.0,1.153499960899353,1.0958,1.0958,0.0,0.0,0.0,1.1535,2026-08-09
svp-11,Arcanine,holofoil,Scarlet & Violet Black Star Promos,11,Promo,Ryuta Fuse,Stage 1,59,Pokémon,2023/01/01,"tcgplayer,cardmarket",https://prices.pokemontcg.io/tcgplayer/svp-11,https://images.pokemontcg.io/svp/11_hires.png,2026/08/08,2026/06/30,1.36,1.0399999618530273,2.2300000190734863,20.0,,,,,,1.1881,0.0231,1.2342,0.0,1.972499966621399,1.2689,1.1766,0.0,0.0,0.0,1.1535,2026-08-09
svp-3,Quaxly,holofoil,Scarlet & Violet Black Star Promos,3,Promo,Narumi Sato,Basic,912,Pokémon,2023/01/01,"tcgplayer,cardmarket",https://prices.pokemontcg.io/tcgplayer/svp-3,https://images.pokemontcg.io/svp/3_hires.png,2026/08/08,2026/06/30,2.93,1.5,2.990000009536743,500.0,,,,,,2.3762,0.0231,2.4108,0.0,3.114500045776367,2.2032,2.63,0.0,0.0,0.0,1.1535,2026-08-09
svp-5,Quaquaval,holofoil,Scarlet & Violet Black Star Promos,5,Promo,kodama,Stage 2,914,Pokémon,2023/01/01,"tcgplayer,cardmarket",https://prices.pokemontcg.io/tcgplayer/svp-5,https://images.pokemontcg.io/svp/5_hires.png,2026/08/08,2026/06/28,1.21,0.75,1.8799999952316284,25.399999618530273,,,,,,2.8261,1.1535,2.9184,0.0,2.687700033187866,2.7453,2.7915,0.0,0.0,0.0,1.1535,2026-08-09
svp-4,Mimikyu ex,holofoil,Scarlet & Violet Black Star Promos,4,Promo,PLANETA Yamashita,Basic|ex,778,Pokémon,2023/01/01,"tcgplayer,cardmarket",https://prices.pokemontcg.io/tcgplayer/svp-4,https://images.pokemontcg.io/svp/4_hires.png,2026/08/08,2026/06/28,1.28,0.75,1.4800000190734863,250.0,,,,,,1.2227,0.2307,0.9689,0.0,1.153499960899353,1.0843,1.4073,0.0,0.0,0.0,1.1535,2026-08-09
svp-14,Koraidon,holofoil,Scarlet & Violet Black Star Promos,14,Promo,Mina Nakai,Basic,1007,Pokémon,2023/01/01,"tcgplayer,cardmarket",https://prices.pokemontcg.io/tcgplayer/svp-14,https://images.pokemontcg.io/svp/14_hires.png,2026/08/08,2026/06/28,6.02,4.429999828338623,6.519999980926514,100.0,,,,,,9.0896,4.8908,7.6592,0.0,14.614800453186035,7.9938,9.1127,0.0,0.0,0.0,1.1535,2026-08-09
svp-12,Dondozo,holofoil,Scarlet & Violet Black Star Promos,12,Promo,Shin Nagasawa,Basic,977,Pokémon,2023/01/01,"tcgplayer,cardmarket",https://prices.pokemontcg.io/tcgplayer/svp-12,https://images.pokemontcg.io/svp/12_hires.png,2026/08/08,2026/06/28,0.3,0.15000000596046448,0.41999998688697815,19.979999542236328,,,,,,0.3807,0.0231,0.2884,0.0,0.484499990940094,0.3691,0.4153,0.0,0.0,0.0,1.1535,2026-08-09
swshp-SWSH285,Pikachu V,holofoil,SWSH Black Star Promos,SWSH285,Promo,You Iribi,Basic|V,25,Pokémon,2019/11/15,"tcgplayer,cardmarket",https://prices.pokemontcg.io/tcgplayer/swshp-SWSH285,https://images.pokemontcg.io/swshp/SWSH285_hires.png,2026/08/08,2025/11/18,4.83,2.200000047683716,5.320000171661377,50.0,,,,,,1.7879,0.346,1.7302,0.0,1.9608999490737915,1.7533,1.8341,0.0,0.0,0.0,1.1535,2026-08-09
swshp-SWSH286,Pikachu VMAX,holofoil,SWSH Black Star Promos,SWSH286,Promo,AKIRA EGAWA,VMAX,25,Pokémon,2019/11/15,"tcgplayer,cardmarket",https://prices.pokemontcg.io/tcgplayer/swshp-SWSH286,https://images.pokemontcg.io/swshp/SWSH286_hires.png,2026/08/08,2025/11/18,7.34,5.0,8.539999961853027,25.0,,,,,,1.4303,0.6921,1.4303,0.0,1.61489999294281,1.9725,1.4303,0.0,0.0,0.0,1.1535,2026-08-09
sv2-1,Hoppip,normal,Paldea Evolved,1,Common,Yukiko Baba,Basic,187,Pokémon,2023/06/09,"tcgplayer,cardmarket",https://prices.pokemontcg.io/tcgplayer/sv2-1,https://images.pokemontcg.io/sv2/1_hires.png,2026/08/08,2026/07/01,0.11,0.009999999776482582,0.17000000178813934,19.979999542236328,,0.12,,,,0.0461,0.0231,0.0577,0.1269,0.023099999874830246,0.0577,0.0461,0.0577,0.1038,0.1269,1.1535,2026-08-09
sv2-2,Skiploom,normal,Paldea Evolved,2,Uncommon,Yoriyuki Ikegami,Stage 1,188,Pokémon,2023/06/09,"tcgplayer,cardmarket",https://prices.pokemontcg.io/tcgplayer/sv2-2,https://images.pokemontcg.io/sv2/2_hires.png,2026/08/08,2026/07/01,0.13,0.009999999776482582,0.15000000596046448,1000.0,,0.19,,,,0.0577,0.0231,0.0346,0.2192,0.03460000082850456,0.0461,0.0577,0.0577,0.1961,0.2538,1.1535,2026-08-09
sv2-4,Pineco,normal,Paldea Evolved,4,Common,Kouki Saitou,Basic,204,Pokémon,2023/06/09,"tcgplayer,cardmarket",https://prices.pokemontcg.io/tcgplayer/sv2-4,https://images.pokemontcg.io/sv2/4_hires.png,2026/08/08,2026/07/01,0.02,0.009999999776482582,0.15000000596046448,19.979999542236328,,0.12,,,,0.0461,0.0231,0.0461,0.0923,0.04610000178217888,0.0346,0.0461,0.0577,0.0577,0.0923,1.1535,2026-08-09
sv2-3,Jumpluff,holofoil,Paldea Evolved,3,Rare,Naoyo Kimura,Stage 2,189,Pokémon,2023/06/09,"tcgplayer,cardmarket",https://prices.pokemontcg.io/tcgplayer/sv2-3,https://images.pokemontcg.io/sv2/3_hires.png,2026/08/08,2026/07/01,0.3,0.009999999776482582,0.25999999046325684,30.0,,0.27,,,,0.1615,0.0231,0.1038,0.2076,0.18459999561309814,0.1038,0.15,0.1615,0.2307,0.2076,1.1535,2026-08-09
sv2-7,Tropius,normal,Paldea Evolved,7,Common,Taira Akitsu,Basic,357,Pokémon,2023/06/09,"tcgplayer,cardmarket",https://prices.pokemontcg.io/tcgplayer/sv2-7,https://images.pokemontcg.io/sv2/7_hires.png,2026/08/08,2026/07/01,0.04,0.009999999776482582,0.15000000596046448,19.979999542236328,,0.15,,,,0.0346,0.0231,0.0231,0.1038,0.023099999874830246,0.0231,0.0346,0.1038,0.0807,0.1038,1.1535,2026-08-09
sv2-5,Forretress ex,holofoil,Paldea Evolved,5,Double Rare,5ban Graphics,Stage 1|Tera|ex,205,Pokémon,2023/06/09,"tcgplayer,cardmarket",https://prices.pokemontcg.io/tcgplayer/sv2-5,https://images.pokemontcg.io/sv2/5_hires.png,2026/08/08,2026/07/01,0.65,0.4000000059604645,0.9900000095367432,5.0,,,,,,0.8767,0.0231,0.7036,0.0,0.6920999884605408,0.646,0.8651,0.0,0.0,0.0,1.1535,2026-08-09
sv2-6,Heracross,normal,Paldea Evolved,6,Uncommon,GOSSAN,Basic,214,Pokémon,2023/06/09,"tcgplayer,cardmarket",https://prices.pokemontcg.io/tcgplayer/sv2-6,https://images.pokemontcg.io/sv2/6_hires.png,2026/08/08,2026/07/01,0.14,0.009999999776482582,0.17000000178813934,20.0,,0.2,,,,0.0461,0.0231,0.0461,0.1961,0.04610000178217888,0.0461,0.0461,0.2884,0.2653,0.2076,1.1535,2026-08-09
sv2-12,Sprigatito,normal,Paldea Evolved,12,Common,Megumi Mizutani,Basic,906,Pokémon,2023/06/09,"tcgplayer,cardmarket",https://prices.pokemontcg.io/tcgplayer/sv2-12,https://images.pokemontcg.io/sv2/12_hires.png,2026/08/08,2026/07/01,0.16,0.009999999776482582,0.20000000298023224,20.0,,0.29,,,,0.0461,0.0231,0.0346,0.15,0.03460000082850456,0.0346,0.0461,0.0461,0.1384,0.15,1.1535,2026-08-09
sv2-13,Sprigatito,normal,Paldea Evolved,13,Common,Naoyo Kimura,Basic,906,Pokémon,2023/06/09,"tcgplayer,cardmarket",https://prices.pokemontcg.io/tcgplayer/sv2-13,https://images.pokemontcg.io/sv2/13_hires.png,2026/08/08,2026/07/01,0.18,0.009999999776482582,0.20999999344348907,19.979999542236328,,0.38,,,,0.0577,0.0231,0.0577,0.2076,0.03460000082850456,0.0577,0.0577,0.1269,0.1615,0.2076,1.1535,2026-08-09
sv2-14,Floragato,normal,Paldea Evolved,14,Uncommon,nagimiso,Stage 1,907,Pokémon,2023/06/09,"tcgplayer,cardmarket",https://prices.pokemontcg.io/tcgplayer/sv2-14,https://images.pokemontcg.io/sv2/14_hires.png,2026/08/08,2026/06/30,0.21,0.009999999776482582,0.20000000298023224,1000.0,,0.25,,,,0.0461,0.0231,0.0461,0.1961,0.03460000082850456,0.0346,0.0461,0.0346,0.1846,0.1961,1.1535,2026-08-09
sv2-18,Spidops,normal,Paldea Evolved,18,Uncommon,Oswaldo KATO,Stage 1,918,Pokémon,2023/06/09,"tcgplayer,cardmarket",https://prices.pokemontcg.io/tcgplayer/sv2-18,https://images.pokemontcg.io/sv2/18_hires.png,2026/08/08,2026/06/21,0.03,0.009999999776482582,0.15000000596046448,25.0,,0.17,,,,0.0346,0.0231,0.0577,0.173,0.03460000082850456,0.0346,0.0346,0.2768,0.15,0.1615,1.1535,2026-08-09
sv2-15,Meowscarada ex,holofoil,Paldea Evolved,15,Double Rare,5ban Graphics,Stage 2|ex,908,Pokémon,2023/06/09,"tcgplayer,cardmarket",https://prices.pokemontcg.io/tcgplayer/sv2-15,https://images.pokemontcg.io/sv2/15_hires.png,2026/08/08,2026/06/20,0.92,0.4399999976158142,1.0,18.059999465942383,,,,,,0.8882,0.1038,0.9689,0.0,0.7498000264167786,0.8882,0.9228,0.0,0.0,0.0,1.1535,2026-08-09
sv2-16,Tarountula,normal,Paldea Evolved,16,Common,Kyoko Umemoto,Basic,917,Pokémon,2023/06/09,"tcgplayer,cardmarket",https://prices.pokemontcg.io/tcgplayer/sv2-16,https://images.pokemontcg.io/sv2/16_hires.png,2026/08/08,2026/06/20,0.11,0.009999999776482582,0.15000000596046448,25.0,,0.19,,,,0.0461,0.0231,0.0346,0.1961,0.023099999874830246,0.0346,0.0461,0.1154,0.1269,0.1846,1.1535,2026-08-09
sv2-17,Tarountula,normal,Paldea Evolved,17,Common,Mina Nakai,Basic,917,Pokémon,2023/06/09,"tcgplayer,cardmarket",https://prices.pokemontcg.io/tcgplayer/sv2-17,https://images.pokemontcg.io/sv2/17_hires.png,2026/08/08,2026/06/20,0.09,0.009999999776482582,0.15000000596046448,19.979999542236328,,0.17,,,,0.0461,0.0231,0.0461,0.1961,0.023099999874830246,0.0461,0.0461,0.0577,0.1038,0.173,1.1535,2026-08-09
sv2-8,Combee,normal,Paldea Evolved,8,Common,Yoriyuki Ikegami,Basic,415,Pokémon,2023/06/09,"tcgplayer,cardmarket",https://prices.pokemontcg.io/tcgplayer/sv2-8,https://images.pokemontcg.io/sv2/8_hires.png,2026/08/08,2026/06/20,0.15,0.009999999776482582,0.1599999964237213,20.0,,0.2,,,,0.0346,0.0231,0.0461,0.1038,0.023099999874830246,0.0346,0.0346,0.15,0.1038,0.1038,1.1535,2026-08-09
sv2-9,Vespiquen,normal,Paldea Evolved,9,Uncommon,Megumi Higuchi,Stage 1,416,Pokémon,2023/06/09,"tcgplayer,cardmarket",https://prices.pokemontcg.io/tcgplayer/sv2-9,https://images.pokemontcg.io/sv2/9_hires.png,2026/08/08,2026/06/20,0.16,0.009999999776482582,0.18000000715255737,300.0,,0.22,,,,0.0461,0.0231,0.0692,0.2192,0.023099999874830246,0.0461,0.0461,0.1384,0.1038,0.2076,1.1535,2026-08-09
sv2-10,Snover,normal,Paldea Evolved,10,Common,Taira Akitsu,Basic,459,Pokémon,2023/06/09,"tcgplayer,cardmarket",https://prices.pokemontcg.io/tcgplayer/sv2-10,https://images.pokemontcg.io/sv2/10_hires.png,2026/08/08,2026/06/20,0.03,0.009999999776482582,0.15000000596046448,19.979999542236328,,0.12,,,,0.0346,0.0231,0.0231,0.0923,0.023099999874830246,0.0231,0.0231,0.1154,0.0692,0.1038,1.1535,2026-08-09
sv2-11,Abomasnow,holofoil,Paldea Evolved,11,Rare,Ryuta Fuse,Stage 1,460,Pokémon,2023/06/09,"tcgplayer,cardmarket",https://prices.pokemontcg.io/tcgplayer/sv2-11,https://images.pokemontcg.io/sv2/11_hires.png,2026/08/08,2026/06/01,0.04,0.009999999776482582,0.20000000298023224,5.0,,0.2,,,,0.0692,0.0231,0.0692,0.2307,0.04610000178217888,0.0577,0.0692,0.4037,0.2076,0.2192,1.1535,2026-08-09
sv2-20,Nymble,normal,Paldea Evolved,20,Common,Sekio,Basic,919,Pokémon,2023/06/09,"tcgplayer,cardmarket",https://prices.pokemontcg.io/tcgplayer/sv2-20,https://images.pokemontcg.io/sv2/20_hires.png,2026/08/08,2026/06/01,0.09,0.009999999776482582,0.15000000596046448,19.979999542236328,,0.19,,,,0.0346,0.0231,0.0346,0.2076,0.03460000082850456,0.0346,0.0346,0.173,0.2422,0.1961,1.1535,2026-08-09
sv2-21,Lokix,holofoil,Paldea Evolved,21,Rare,Anesaki Dynamic,Stage 1,920,Pokémon,2023/06/09,"tcgplayer,cardmarket",https://prices.pokemontcg.io/tcgplayer/sv2-21,https://images.pokemontcg.io/sv2/21_hires.png,2026/08/08,2026/06/01,0.07,0.009999999776482582,0.18000000715255737,20.0,,0.2,,,,0.0923,0.0231,0.0577,0.1961,0.04610000178217888,0.0807,0.0807,0.1615,0.2653,0.1961,1.1535,2026-08-09
sv2-23,Bramblin,normal,Paldea Evolved,23,Common,Miki Tanaka,Basic,946,Pokémon,2023/06/09,"tcgplayer,cardmarket",https://prices.pokemontcg.io/tcgplayer/sv2-23,https://images.pokemontcg.io/sv2/23_hires.png,2026/08/08,2026/05/19,0.16,0.019999999552965164,0.17000000178813934,20.0,,0.18,,,,0.0346,0.0231,0.0231,0.1961,0.023099999874830246,0.0346,0.0346,0.2307,0.2192,0.1961,1.1535,2026-08-09
sv2-19,Nymble,normal,Paldea Evolved,19,Common,Shin Nagasawa,Basic,919,Pokémon,2023/06/09,"tcgplayer,cardmarket",https://prices.pokemontcg.io/tcgplayer/sv2-19,https://images.pokemontcg.io/sv2/19_hires.png,2026/08/08,2026/05/15,0.15,0.009999999776482582,0.15000000596046448,20.0,,0.19,,,,0.0346,0.0231,0.0461,0.1384,0.04610000178217888,0.0461,0.0346,0.1384,0.1269,0.1384,1.1535,2026-08-09
sv2-24,Brambleghast,normal,Paldea Evolved,24,Uncommon,KEIICHIRO ITO,Stage 1,947,Pokémon,2023/06/09,"tcgplayer,cardmarket",https://prices.pokemontcg.io/tcgplayer/sv2-24,https://images.pokemontcg.io/sv2/24_hires.png,2026/08/08,2026/05/15,0.09,0.009999999776482582,0.15000000596046448,25.0,,0.18,,,,0.0346,0.0231,0.0577,0.1846,0.08070000261068344,0.0577,0.0461,0.2192,0.2076,0.1846,1.1535,2026-08-09
sv2-25,Rellor,normal,Paldea Evolved,25,Common,Kouki Saitou,Basic,953,Pokémon,2023/06/09,"tcgplayer,cardmarket",https://prices.pokemontcg.io/tcgplayer/sv2-25,https://images.pokemontcg.io/sv2/25_hires.png,2026/08/08,2026/05/15,0.05,0.009999999776482582,0.15000000596046448,25.0,,0.18,,,,0.0461,0.0231,0.0346,0.1846,0.03460000082850456,0.0346,0.0346,0.15,0.2192,0.1961,1.1535,2026-08-09
sv2-26,Rellor,normal,Paldea Evolved,26,Common,Anesaki Dynamic,Basic,953,Pokémon,2023/06/09,"tcgplayer,cardmarket",https://prices.pokemontcg.io/tcgplayer/sv2-26,https://images.pokemontcg.io/sv2/26_hires.png,2026/08/08,2026/05/15,0.11,0.009999999776482582,0.15000000596046448,25.0,,0.21,,,,0.0346,0.0231,0.0461,0.1384,0.08070000261068344,0.0461,0.0346,0.1384,0.1961,0.1615,1.1535,2026-08-09
sv2-22,Bramblin,normal,Paldea Evolved,22,Common,Pani Kobayashi,Basic,946,Pokémon,2023/06/09,"tcgplayer,cardmarket",https://prices.pokemontcg.io/tcgplayer/sv2-22,https://images.pokemontcg.io/sv2/22_hires.png,2026/08/08,2026/05/15,0.1,0.009999999776482582,0.15000000596046448,19.979999542236328,,0.21,,,,0.0346,0.0231,0.0346,0.173,0.03460000082850456,0.0461,0.0346,0.173,0.173,0.173,1.1535,2026-08-09
sv2-27,Wo-Chien ex,holofoil,Paldea Evolved,27,Double Rare,5ban Graphics,Basic|ex,1001,Pokémon,2023/06/09,"tcgplayer,cardmarket",https://prices.pokemontcg.io/tcgplayer/sv2-27,https://images.pokemontcg.io/sv2/27_hires.png,2026/08/08,2026/05/15,0.71,0.25,0.949999988079071,99.0,,,,,,0.7959,0.1269,0.8074,0.0,0.7958999872207642,0.8651,0.8305,0.0,0.0,0.0,1.1535,2026-08-09
sv2-35,Fuecoco,normal,Paldea Evolved,35,Common,ryoma uratsuka,Basic,909,Pokémon,2023/06/09,"tcgplayer,cardmarket",https://prices.pokemontcg.io/tcgplayer/sv2-35,https://images.pokemontcg.io/sv2/35_hires.png,2026/08/08,2026/05/07,0.12,0.009999999776482582,0.1599999964237213,19.979999542236328,,0.22,,,,0.0461,0.0231,0.0346,0.1154,0.03460000082850456,0.0346,0.0461,0.1154,0.1269,0.1269,1.1535,2026-08-09
sv2-36,Crocalor,normal,Paldea Evolved,36,Uncommon,Hitoshi Ariga,Stage 1,910,Pokémon,2023/06/09,"tcgplayer,cardmarket",https://prices.pokemontcg.io/tcgplayer/sv2-36,https://images.pokemontcg.io/sv2/36_hires.png,2026/08/08,2026/05/07,0.06,0.009999999776482582,0.15000000596046448,25.0,,0.19,,,,0.0461,0.0231,0.0461,0.15,0.08070000261068344,0.0461,0.0461,0.2307,0.1846,0.173,1.1535,2026-08-09
sv2-39,Charcadet,normal,Paldea Evolved,39,Common,KEIICHIRO ITO,Basic,935,Pokémon,2023/06/09,"tcgplayer,cardmarket",https://prices.pokemontcg.io/tcgplayer/sv2-39,https://images.pokemontcg.io/sv2/39_hires.png,2026/08/08,2026/03/11,0.12,0.009999999776482582,0.1599999964237213,20.0,,0.23,,,,0.0577,0.0231,0.0231,0.15,0.03460000082850456,0.0346,0.0577,0.0461,0.1846,0.1615,1.1535,2026-08-09
sv2-43,Gyarados,holofoil,Paldea Evolved,43,Rare,Yuya Oka,Stage 1,130,Pokémon,2023/06/09,"tcgplayer,cardmarket",https://prices.pokemontcg.io/tcgplayer/sv2-43,https://images.pokemontcg.io/sv2/43_hires.png,2026/08/08,2026/03/11,0.29,0.07000000029802322,0.33000001311302185,19.979999542236328,,0.47,,,,0.2076,0.0231,0.1384,0.2538,0.13840000331401825,0.1269,0.1615,0.323,0.3576,0.2653,1.1535,2026-08-09
sv2-47,Luvdisc,normal,Paldea Evolved,47,Common,ryoma uratsuka,Basic,370,Pokémon,2023/06/09,"tcgplayer,cardmarket",https://prices.pokemontcg.io/tcgplayer/sv2-47,https://images.pokemontcg.io/sv2/47_hires.png,2026/08/08,2026/03/11,0.11,0.009999999776482582,0.15000000596046448,19.979999542236328,,0.24,,,,0.0461,0.0231,0.0231,0.1038,0.05770000070333481,0.0346,0.0461,0.1038,0.0923,0.0923,1.1535,2026-08-09
sv2-50,Quaxly,normal,Paldea Evolved,50,Common,Naoki Saito,Basic,912,Pokémon,2023/06/09,"tcgplayer,cardmarket",https://prices.pokemontcg.io/tcgplayer/sv2-50,https://images.pokemontcg.io/sv2/50_hires.png,2026/08/08,2026/03/11,0.08,0.009999999776482582,0.17000000178813934,19.979999542236328,,0.15,,,,0.0577,0.0231,0.0461,0.1038,0.10379999876022339,0.0461,0.0461,0.0692,0.1154,0.1038,1.1535,2026-08-09
sv2-51,Quaxwell,normal,Paldea Evolved,51,Uncommon,Souichirou Gunjima,Stage 1,913,Pokémon,2023/06/09,"tcgplayer,cardmarket",https://prices.pokemontcg.io/tcgplayer/sv2-51,https://images.pokemontcg.io/sv2/51_hires.png,2026/08/08,2026/03/11,0.09,0.009999999776482582,0.15000000596046448,25.0,,0.17,,,,0.0346,0.0231,0.0461,0.1615,0.03460000082850456,0.0692,0.0461,0.346,0.1961,0.173,1.1535,2026-08-09
sv2-29,Fletchinder,normal,Paldea Evolved,29,Uncommon,kurumitsu,Stage 1,662,Pokémon,2023/06/09,"tcgplayer,cardmarket",https://prices.pokemontcg.io/tcgplayer/sv2-29,https://images.pokemontcg.io/sv2/29_hires.png,2026/08/08,2026/02/22,0.05,0.009999999776482582,0.15000000596046448,25.0,,0.22,,,,0.0461,0.0231,0.0346,0.173,0.023099999874830246,0.0346,0.0461,0.4499,0.1961,0.173,1.1535,2026-08-09
sv2-31,Litleo,normal,Paldea Evolved,31,Common,Yuu Nishida,Basic,667,Pokémon,2023/06/09,"tcgplayer,cardmarket",https://prices.pokemontcg.io/tcgplayer/sv2-31,https://images.pokemontcg.io/sv2/31_hires.png,2026/08/08,2026/02/22,0.06,0.009999999776482582,0.15000000596046448,165.0,,0.16,,,,0.0346,0.0231,0.0346,0.1038,0.023099999874830246,0.0346,0.0346,0.2192,0.1038,0.1038,1.1535,2026-08-09
sv2-32,Pyroar,normal,Paldea Evolved,32,Uncommon,Uta,Stage 1,668,Pokémon,2023/06/09,"tcgplayer,cardmarket",https://prices.pokemontcg.io/tcgplayer/sv2-32,https://images.pokemontcg.io/sv2/32_hires.png,2026/08/08,2026/02/22,0.13,0.009999999776482582,0.15000000596046448,20.0,,0.22,,,,0.0461,0.0231,0.0346,0.1846,0.023099999874830246,0.0461,0.0461,0.3345,0.15,0.1846,1.1535,2026-08-09
sv2-28,Paldean Tauros,normal,Paldea Evolved,28,Uncommon,AKIRA EGAWA,Basic,128,Pokémon,2023/06/09,"tcgplayer,cardmarket",https://prices.pokemontcg.io/tcgplayer/sv2-28,https://images.pokemontcg.io/sv2/28_hires.png,2026/08/08,2026/02/21,0.15,0.009999999776482582,0.1899999976158142,25.0,,0.25,,,,0.0692,0.0231,0.0923,0.173,0.05770000070333481,0.0577,0.0692,0.0461,0.1384,0.173,1.1535,2026-08-09
sv2-37,Skeledirge ex,holofoil,Paldea Evolved,37,Double Rare,5ban Graphics,Stage 2|ex,911,Pokémon,2023/06/09,"tcgplayer,cardmarket",https://prices.pokemontcg.io/tcgplayer/sv2-37,https://images.pokemontcg.io/sv2/37_hires.png,2026/08/08,2026/02/19,0.8,0.4000000059604645,0.9900000095367432,10.0,,,,,,0.8882,0.0231,0.9228,0.0,0.7382000088691711,0.8074,0.9343,0.0,0.0,0.0,1.1535,2026-08-09
sv2-40,Chi-Yu ex,holofoil,Paldea Evolved,40,Double Rare,5ban Graphics,Basic|ex,1004,Pokémon,2023/06/09,"tcgplayer,cardmarket",https://prices.pokemontcg.io/tcgplayer/sv2-40,https://images.pokemontcg.io/sv2/40_hires.png,2026/08/08,2026/02/19,0.75,0.49000000953674316,0.9900000095367432,9.989999771118164,,,,,,0.7498,0.0923,0.7498,0.0,0.945900022983551,0.6229,0.7382,0.0,0.0,0.0,1.1535,2026-08-09
sv2-42,Magikarp,normal,Paldea Evolved,42,Common,HYOGONOSUKE,Basic,129,Pokémon,2023/06/09,"tcgplayer,cardmarket",https://prices.pokemontcg.io/tcgplayer/sv2-42,https://images.pokemontcg.io/sv2/42_hires.png,2026/08/08,2026/02/19,0.18,0.009999999776482582,0.20000000298023224,1000.0,,0.3,,,,0.0461,0.0231,0.0461,0.173,0.03460000082850456,0.0461,0.0577,0.173,0.1269,0.1846,1.1535,2026-08-09
sv2-44,Marill,normal,Paldea Evolved,44,Common,saino misaki,Basic,183,Pokémon,2023/06/09,"tcgplayer,cardmarket",https://prices.pokemontcg.io/tcgplayer/sv2-44,https://images.pokemontcg.io/sv2/44_hires.png,2026/08/08,2026/02/19,0.09,0.009999999776482582,0.15000000596046448,25.0,,0.22,,,,0.0461,0.0231,0.0346,0.1269,0.03460000082850456,0.0346,0.0577,0.0923,0.1038,0.1269,1.1535,2026-08-09
sv2-45,Azumarill,normal,Paldea Evolved,45,Uncommon,En Morikura,Stage 1,184,Pokémon,2023/06/09,"tcgplayer,cardmarket",https://prices.pokemontcg.io/tcgplayer/sv2-45,https://images.pokemontcg.io/sv2/45_hires.png,2026/08/08,2026/02/19,0.15,0.009999999776482582,0.1599999964237213,20.0,,0.19,,,,0.0461,0.0231,0.0461,0.1961,0.03460000082850456,0.0346,0.0461,0.1384,0.15,0.2076,1.1535,2026-08-09
sv2-46,Delibird,normal,Paldea Evolved,46,Common,miki kudo,Basic,225,Pokémon,2023/06/09,"tcgplayer,cardmarket",https://prices.pokemontcg.io/tcgplayer/sv2-46,https://images.pokemontcg.io/sv2/46_hires.png,2026/08/08,2026/02/19,0.07,0.009999999776482582,0.15000000596046448,25.0,,0.2,,,,0.0461,0.0231,0.0231,0.1154,0.03460000082850456,0.0346,0.0461,0.0923,0.1038,0.1154,1.1535,2026-08-09
sv2-52,Quaquaval ex,holofoil,Paldea Evolved,52,Double Rare,5ban Graphics,Stage 2|ex,914,Pokémon,2023/06/09,"tcgplayer,cardmarket",https://prices.pokemontcg.io/tcgplayer/sv2-52,https://images.pokemontcg.io/sv2/52_hires.png,2026/08/08,2026/02/19,0.76,0.4099999964237213,0.9900000095367432,18.239999771118164,,,,,,0.819,0.0346,0.8651,0.0,1.1419999599456787,0.8074,0.8536,0.0,0.0,0.0,1.1535,2026-08-09
sv2-30,Talonflame,normal,Paldea Evolved,30,Uncommon,Nisota Niso,Stage 2,663,Pokémon,2023/06/09,"tcgplayer,cardmarket",https://prices.pokemontcg.io/tcgplayer/sv2-30,https://images.pokemontcg.io/sv2/30_hires.png,2026/08/08,2026/02/19,0.1,0.009999999776482582,0.15000000596046448,19.979999542236328,,0.17,,,,0.0346,0.0231,0.0807,0.173,0.08070000261068344,0.0577,0.0461,0.2307,0.1961,0.1846,1.1535,2026-08-09
sv2-33,Oricorio,holofoil,Paldea Evolved,33,Rare,Haru Akasaka,Basic,741,Pokémon,2023/06/09,"tcgplayer,cardmarket",https://prices.pokemontcg.io/tcgplayer/sv2-33,https://images.pokemontcg.io/sv2/33_hires.png,2026/08/08,2026/02/19,0.17,0.009999999776482582,0.20000000298023224,20.0,,0.23,,,,0.0807,0.0231,0.15,0.2307,0.08070000261068344,0.0807,0.1038,0.1846,0.2192,0.2076,1.1535,2026-08-09
sv2-34,Fuecoco,normal,Paldea Evolved,34,Common,Kagemaru Himeno,Basic,909,Pokémon,2023/06/09,"tcgplayer,cardmarket",https://prices.pokemontcg.io/tcgplayer/sv2-34,https://images.pokemontcg.io/sv2/34_hires.png,2026/08/08,2026/02/19,0.12,0.009999999776482582,0.18000000715255737,1000.0,,0.21,,,,0.7498,0.0231,0.819,0.0,0.5651999711990356,0.6921,0.7036,0.0,0.0,0.0,1.1535,2026-08-09
sv2-38,Charcadet,normal,Paldea Evolved,38,Common,takuyoa,Basic,935,Pokémon,2023/06/09,"tcgplayer,cardmarket",https://prices.pokemontcg.io/tcgplayer/sv2-38,https://images.pokemontcg.io/sv2/38_hires.png,2026/08/08,2026/02/04,0.14,0.009999999776482582,0.15000000596046448,1000.0,,0.2,,,,0.0461,0.0231,0.0461,0.173,0.12690000236034393,0.0692,0.0577,0.9113,0.2422,0.1846,1.1535,2026-08-09
sv2-41,Paldean Tauros,normal,Paldea Evolved,41,Uncommon,Oswaldo KATO,Basic,128,Pokémon,2023/06/09,"tcgplayer,cardmarket",https://prices.pokemontcg.io/tcgplayer/sv2-41,https://images.pokemontcg.io/sv2/41_hires.png,2026/08/08,2026/02/01,0.16,0.029999999329447746,0.17000000178813934,20.0,,0.21,,,,0.0461,0.0231,0.0577,0.1846,0.11540000140666962,0.0461,0.0577,0.173,0.2076,0.1961,1.1535,2026-08-09
sv2-48,Eiscue,normal,Paldea Evolved,48,Uncommon,kawayoo,Basic,875,Pokémon,2023/06/09,"tcgplayer,cardmarket",https://prices.pokemontcg.io/tcgplayer/sv2-48,https://images.pokemontcg.io/sv2/48_hires.png,2026/08/08,2026/02/01,0.13,0.009999999776482582,0.15000000596046448,19.979999542236328,,0.21,,,,0.0346,0.0231,0.0346,0.1846,0.08070000261068344,0.0346,0.0346,0.2884,0.1961,0.1846,1.1535,2026-08-09
sv2-49,Quaxly,normal,Paldea Evolved,49,Common,sui,Basic,912,Pokémon,2023/06/09,"tcgplayer,cardmarket",https://prices.pokemontcg.io/tcgplayer/sv2-49,https://images.pokemontcg.io/sv2/49_hires.png,2026/08/08,2026/02/01,0.13,0.009999999776482582,0.15000000596046448,20.0,,0.2,,,,0.0346,0.0231,0.0346,0.1615,0.05770000070333481,0.0346,0.0346,0.2076,0.15,0.173,1.1535,2026-08-09
sv2-54,Cetoddle,normal,Paldea Evolved,54,Common,Saya Tsuruta,Basic,974,Pokémon,2023/06/09,"tcgplayer,cardmarket",https://prices.pokemontcg.io/tcgplayer/sv2-54,https://images.pokemontcg.io/sv2/54_hires.png,2026/08/08,2026/02/01,0.11,0.009999999776482582,0.1599999964237213,25.0,,0.2,,,,0.0461,0.0231,0.0692,0.1615,0.11540000140666962,0.0577,0.0461,0.2884,0.1961,0.1846,1.1535,2026-08-09
sv2-56,Veluza,holofoil,Paldea Evolved,56,Rare,Anesaki Dynamic,Basic,976,Pokémon,2023/06/09,"tcgplayer,cardmarket",https://prices.pokemontcg.io/tcgplayer/sv2-56,https://images.pokemontcg.io/sv2/56_hires.png,2026/08/08,2026/02/01,0.02,0.009999999776482582,0.20000000298023224,20.0,,0.26,,,,0.0692,0.0231,0.0807,0.1615,0.04610000178217888,0.0692,0.0692,0.1961,0.2422,0.173,1.1535,2026-08-09
sv2-58,Frigibax,normal,Paldea Evolved,58,Common,AKIRA EGAWA,Basic,996,Pokémon,2023/06/09,"tcgplayer,cardmarket",https://prices.pokemontcg.io/tcgplayer/sv2-58,https://images.pokemontcg.io/sv2/58_hires.png,2026/08/08,2026/02/01,0.11,0.009999999776482582,0.1599999964237213,19.979999542236328,,0.2,,,,0.0461,0.0231,0.0461,0.173,0.023099999874830246,0.0461,0.0461,0.3345,0.1846,0.1846,1.1535,2026-08-09
sv2-65,Magnemite,normal,Paldea Evolved,65,Common,ryoma uratsuka,Basic,81,Pokémon,2023/06/09,"tcgplayer,cardmarket",https://prices.pokemontcg.io/tcgplayer/sv2-65,https://images.pokemontcg.io/sv2/65_hires.png,2026/08/08,2026/02/01,0.14,0.009999999776482582,0.15000000596046448,20.0,,0.23,,,,0.0346,0.0231,0.0346,0.1384,0.03460000082850456,0.0346,0.0346,0.1154,0.1154,0.1384,1.1535,2026-08-09
sv2-59,Arctibax,normal,Paldea Evolved,59,Uncommon,Kouki Saitou,Stage 1,997,Pokémon,2023/06/09,"tcgplayer,cardmarket",https://prices.pokemontcg.io/tcgplayer/sv2-59,https://images.pokemontcg.io/sv2/59_hires.png,2026/08/08,2026/02/01,0.2,0.009999999776482582,0.20000000298023224,1000.0,,0.23,,,,0.0577,0.0231,0.0461,0.1154,0.023099999874830246,0.0461,0.0577,0.2307,0.1269,0.1269,1.1535,2026-08-09
sv2-63,Pikachu ex,holofoil,Paldea Evolved,63,Double Rare,N-DESIGN Inc.,Basic|ex,25,Pokémon,2023/06/09,"tcgplayer,cardmarket",https://prices.pokemontcg.io/tcgplayer/sv2-63,https://images.pokemontcg.io/sv2/63_hires.png,2026/08/08,2026/02/01,3.76,2.9800000190734863,4.489999771118164,24.489999771118164,,,,,,1.5803,0.3345,1.6956,0.0,1.4072999954223633,1.7418,1.5803,0.0,0.0,0.0,1.1535,2026-08-09
sv2-53,Cetoddle,normal,Paldea Evolved,53,Common,Sekio,Basic,974,Pokémon,2023/06/09,"tcgplayer,cardmarket",https://prices.pokemontcg.io/tcgplayer/sv2-53,https://images.pokemontcg.io/sv2/53_hires.png,2026/08/08,2026/02/01,0.1,0.009999999776482582,0.15000000596046448,20.0,,0.18,,,,0.0346,0.0231,0.0346,0.15,0.05770000070333481,0.0346,0.0461,0.1615,0.1961,0.15,1.1535,2026-08-09
sv2-55,Cetitan,normal,Paldea Evolved,55,Uncommon,Pani Kobayashi,Stage 1,975,Pokémon,2023/06/09,"tcgplayer,cardmarket",https://prices.pokemontcg.io/tcgplayer/sv2-55,https://images.pokemontcg.io/sv2/55_hires.png,2026/08/08,2026/02/01,0.16,0.009999999776482582,0.18000000715255737,19.979999542236328,,0.16,,,,0.0346,0.0231,0.0346,0.173,0.04610000178217888,0.0346,0.0346,0.4499,0.2538,0.173,1.1535,2026-08-09
sv2-57,Frigibax,normal,Paldea Evolved,57,Common,Akira Komayama,Basic,996,Pokémon,2023/06/09,"tcgplayer,cardmarket",https://prices.pokemontcg.io/tcgplayer/sv2-57,https://images.pokemontcg.io/sv2/57_hires.png,2026/08/08,2026/01/21,0.13,0.009999999776482582,0.15000000596046448,1000.0,,0.17,,,,0.0461,0.0231,0.0577,0.1154,0.023099999874830246,0.0346,0.0346,0.0923,0.1269,0.1154,1.1535,2026-08-09
sv2-60,Baxcalibur,holofoil,Paldea Evolved,60,Rare,Shin Nagasawa,Stage 2,998,Pokémon,2023/06/09,"tcgplayer,cardmarket",https://prices.pokemontcg.io/tcgplayer/sv2-60,https://images.pokemontcg.io/sv2/60_hires.png,2026/08/08,2026/01/21,0.21,0.05000000074505806,0.23999999463558197,2.609999895095825,,0.3,,,,0.15,0.0231,0.15,0.2884,0.03460000082850456,0.1269,0.1615,0.2538,0.2307,0.2768,1.1535,2026-08-09
sv2-61,Chien-Pao ex,holofoil,Paldea Evolved,61,Double Rare,aky CG Works,Basic|ex,1002,Pokémon,2023/06/09,"tcgplayer,cardmarket",https://prices.pokemontcg.io/tcgplayer/sv2-61,https://images.pokemontcg.io/sv2/61_hires.png,2026/08/08,2026/01/21,0.9,0.5,1.0,13.949999809265137,,,,,,0.8882,0.0923,0.6806,0.0,0.8305000066757202,0.819,0.8882,0.0,0.0,0.0,1.1535,2026-08-09
sv2-62,Pikachu,normal,Paldea Evolved,62,Common,OKACHEKE,Basic,25,Pokémon,2023/06/09,"tcgplayer,cardmarket",https://prices.pokemontcg.io/tcgplayer/sv2-62,https://images.pokemontcg.io/sv2/62_hires.png,2026/08/08,2026/01/21,0.41,0.019999999552965164,0.27000001072883606,19.979999542236328,,0.47,,,,0.0923,0.0231,0.0346,0.1846,0.03460000082850456,0.0346,0.0807,0.0923,0.1269,0.1846,1.1535,2026-08-09
sv2-64,Raichu,normal,Paldea Evolved,64,Uncommon,Teeziro,Stage 1,26,Pokémon,2023/06/09,"tcgplayer,cardmarket",https://prices.pokemontcg.io/tcgplayer/sv2-64,https://images.pokemontcg.io/sv2/64_hires.png,2026/08/08,2026/01/21,0.21,0.019999999552965164,0.20999999344348907,1000.0,,0.33,,,,0.0692,0.0231,0.0692,0.2884,0.023099999874830246,0.0577,0.0692,0.1154,0.1846,0.2768,1.1535,2026-08-09
sv2-69,Shinx,normal,Paldea Evolved,69,Common,Oswaldo KATO,Basic,403,Pokémon,2023/06/09,"tcgplayer,cardmarket",https://prices.pokemontcg.io/tcgplayer/sv2-69,https://images.pokemontcg.io/sv2/69_hires.png,2026/08/08,2026/01/21,0.13,0.009999999776482582,0.15000000596046448,1000.0,,0.24,,,,0.0461,0.0231,0.0346,0.1846,0.04610000178217888,0.0346,0.0461,0.2307,0.1154,0.173,1.1535,2026-08-09
sv2-77,Tadbulb,normal,Paldea Evolved,77,Common,Pani Kobayashi,Basic,938,Pokémon,2023/06/09,"tcgplayer,cardmarket",https://prices.pokemontcg.io/tcgplayer/sv2-77,https://images.pokemontcg.io/sv2/77_hires.png,2026/08/08,2026/01/19,0.08,0.009999999776482582,0.15000000596046448,19.979999542236328,,0.17,,,,0.0346,0.0231,0.0231,0.1615,0.03460000082850456,0.0231,0.0346,0.0577,0.1615,0.15,1.1535,2026-08-09
sv2-81,Wattrel,normal,Paldea Evolved,81,Common,sowsow,Basic,940,Pokémon,2023/06/09,"tcgplayer,cardmarket",https://prices.pokemontcg.io/tcgplayer/sv2-81,https://images.pokemontcg.io/sv2/81_hires.png,2026/08/08,2026/01/19,0.14,0.009999999776482582,0.15000000596046448,19.979999542236328,,0.24,,,,0.0461,0.0231,0.0346,0.173,0.04610000178217888,0.0461,0.0461,0.15,0.15,0.1615,1.1535,2026-08-09
sv2-89,Spiritomb,holofoil,Paldea Evolved,89,Rare,Aya Kusube,Basic,442,Pokémon,2023/06/09,"tcgplayer,cardmarket",https://prices.pokemontcg.io/tcgplayer/sv2-89,https://images.pokemontcg.io/sv2/89_hires.png,2026/08/08,2026/01/19,0.21,0.009999999776482582,0.20999999344348907,2.990000009536743,,0.24,,,,0.0923,0.0231,0.0923,0.2422,0.04610000178217888,0.0923,0.0923,0.2307,0.2653,0.2422,1.1535,2026-08-09
sv2-92,Gothitelle,normal,Paldea Evolved,92,Uncommon,Shiburingaru,Stage 2,576,Pokémon,2023/06/09,"tcgplayer,cardmarket",https://prices.pokemontcg.io/tcgplayer/sv2-92,https://images.pokemontcg.io/sv2/92_hires.png,2026/08/08,2026/01/19,0.14,0.009999999776482582,0.15000000596046448,19.979999542236328,,0.23,,,,0.0461,0.0231,0.0577,0.1846,0.11540000140666962,0.0577,0.0461,0.6921,0.2076,0.2192,1.1535,2026-08-09
sv2-103,Tinkatuff,normal,Paldea Evolved,103,Uncommon,Akira Komayama,Stage 1,958,Pokémon,2023/06/09,"tcgplayer,cardmarket",https://prices.pokemontcg.io/tcgplayer/sv2-103,https://images.pokemontcg.io/sv2/103_hires.png,2026/08/08,2026/01/19,0.14,0.029999999329447746,0.17000000178813934,1000.0,,0.25,,,,0.0346,0.0231,0.0461,0.1961,0.11540000140666962,0.0577,0.0461,0.1269,0.15,0.1846,1.1535,2026-08-09
sv2-104,Tinkatuff,normal,Paldea Evolved,104,Uncommon,sowsow,Stage 1,958,Pokémon,2023/06/09,"tcgplayer,cardmarket",https://prices.pokemontcg.io/tcgplayer/sv2-104,https://images.pokemontcg.io/sv2/104_hires.png,2026/08/08,2026/01/19,0.25,0.03999999910593033,0.25,19.979999542236328,,0.28,,,,0.0692,0.0231,0.0692,0.2192,0.05770000070333481,0.0577,0.0692,0.1154,0.1615,0.2307,1.1535,2026-08-09
sv2-106,Mankey,normal,Paldea Evolved,106,Common,kurumitsu,Basic,56,Pokémon,2023/06/09,"tcgplayer,cardmarket",https://prices.pokemontcg.io/tcgplayer/sv2-106,https://images.pokemontcg.io/sv2/106_hires.png,2026/08/08,2026/01/19,0.09,0.009999999776482582,0.15000000596046448,20.0,,0.2,,,,0.0346,0.0231,0.0346,0.0923,0.03460000082850456,0.0231,0.0346,0.1384,0.1038,0.0923,1.1535,2026-08-09
sv2-73,Pincurchin,normal,Paldea Evolved,73,Uncommon,miki kudo,Basic,871,Pokémon,2023/06/09,"tcgplayer,cardmarket",https://prices.pokemontcg.io/tcgplayer/sv2-73,https://images.pokemontcg.io/sv2/73_hires.png,2026/08/08,2026/01/19,0.04,0.009999999776482582,0.15000000596046448,1000.0,,0.23,,,,0.0346,0.0231,0.0346,0.1384,0.06920000165700912,0.0346,0.0346,0.1269,0.1384,0.1384,1.1535,2026-08-09
sv2-74,Pawmi,normal,Paldea Evolved,74,Common,sowsow,Basic,921,Pokémon,2023/06/09,"tcgplayer,cardmarket",https://prices.pokemontcg.io/tcgplayer/sv2-74,https://images.pokemontcg.io/sv2/74_hires.png,2026/08/08,2026/01/19,0.09,0.009999999776482582,0.15000000596046448,25.0,,0.22,,,,0.0346,0.0231,0.0577,0.1269,0.17299999296665192,0.0461,0.0461,0.0692,0.1269,0.1269,1.1535,2026-08-09
sv2-75,Pawmo,normal,Paldea Evolved,75,Uncommon,Hitoshi Ariga,Stage 1,922,Pokémon,2023/06/09,"tcgplayer,cardmarket",https://prices.pokemontcg.io/tcgplayer/sv2-75,https://images.pokemontcg.io/sv2/75_hires.png,2026/08/08,2026/01/19,0.11,0.009999999776482582,0.15000000596046448,25.0,,0.18,,,,0.0346,0.0231,0.0577,0.2192,0.18459999561309814,0.0461,0.0346,0.2307,0.1961,0.2192,1.1535,2026-08-09
sv2-76,Pawmot,holofoil,Paldea Evolved,76,Rare,kodama,Stage 2,922,Pokémon,2023/06/09,"tcgplayer,cardmarket",https://prices.pokemontcg.io/tcgplayer/sv2-76,https://images.pokemontcg.io/sv2/76_hires.png,2026/08/08,2026/01/16,0.09,0.009999999776482582,0.20000000298023224,17.639999389648438,,0.26,,,,0.0692,0.0231,0.1154,0.173,0.06920000165700912,0.1154,0.1038,0.1154,0.2653,0.1961,1.1535,2026-08-09
sv2-78,Tadbulb,normal,Paldea Evolved,78,Common,Tika Matsuno,Basic,938,Pokémon,2023/06/09,"tcgplayer,cardmarket",https://prices.pokemontcg.io/tcgplayer/sv2-78,https://images.pokemontcg.io/sv2/78_hires.png,2026/08/08,2026/01/16,0.04,0.009999999776482582,0.15000000596046448,25.0,,0.16,,,,0.0346,0.0231,0.0461,0.1961,0.03460000082850456,0.0346,0.0346,0.1154,0.15,0.173,1.1535,2026-08-09
sv2-83,Jigglypuff,normal,Paldea Evolved,83,Common,Yuu Nishida,Basic,39,Pokémon,2023/06/09,"tcgplayer,cardmarket",https://prices.pokemontcg.io/tcgplayer/sv2-83,https://images.pokemontcg.io/sv2/83_hires.png,2026/08/08,2026/01/16,0.24,0.019999999552965164,0.23999999463558197,20.0,,0.28,,,,0.0346,0.0231,0.0346,0.1615,0.023099999874830246,0.0346,0.0346,0.1154,0.1384,0.15,1.1535,2026-08-09
sv2-84,Wigglytuff,holofoil,Paldea Evolved,84,Rare,Hitoshi Ariga,Stage 1,40,Pokémon,2023/06/09,"tcgplayer,cardmarket",https://prices.pokemontcg.io/tcgplayer/sv2-84,https://images.pokemontcg.io/sv2/84_hires.png,2026/08/08,2026/01/16,0.28,0.029999999329447746,0.25,19.719999313354492,,0.26,,,,0.0923,0.0231,0.1038,0.2768,0.08070000261068344,0.0923,0.1038,0.2422,0.1846,0.2538,1.1535,2026-08-09
sv2-87,Misdreavus,normal,Paldea Evolved,87,Common,Megumi Higuchi,Basic,200,Pokémon,2023/06/09,"tcgplayer,cardmarket",https://prices.pokemontcg.io/tcgplayer/sv2-87,https://images.pokemontcg.io/sv2/87_hires.png,2026/08/08,2026/01/16,0.14,0.009999999776482582,0.15000000596046448,1000.0,,0.17,,,,0.0461,0.0231,0.0461,0.1269,0.023099999874830246,0.0346,0.0346,0.0461,0.0807,0.1269,1.1535,2026-08-09
sv2-91,Gothorita,normal,Paldea Evolved,91,Uncommon,Aya Kusube,Stage 1,575,Pokémon,2023/06/09,"tcgplayer,cardmarket",https://prices.pokemontcg.io/tcgplayer/sv2-91,https://images.pokemontcg.io/sv2/91_hires.png,2026/08/08,2026/01/16,0.17,0.009999999776482582,0.18000000715255737,19.979999542236328,,0.21,,,,0.0461,0.0231,0.0461,0.2538,0.023099999874830246,0.0346,0.0346,0.0807,0.1038,0.1961,1.1535,2026-08-09
sv2-93,Dedenne ex,holofoil,Paldea Evolved,93,Double Rare,aky CG Works,Basic|Tera|ex,702,Pokémon,2023/06/09,"tcgplayer,cardmarket",https://prices.pokemontcg.io/tcgplayer/sv2-93,https://images.pokemontcg.io/sv2/93_hires.png,2026/08/08,2026/01/16,1.08,0.5,1.2100000381469727,15.84000015258789,,,,,,0.8651,0.1154,0.8421,0.0,0.7498000264167786,0.8074,0.8651,0.0,0.0,0.0,1.1535,2026-08-09
sv2-97,Mimikyu,holofoil,Paldea Evolved,97,Rare,Kagemaru Himeno,Basic,778,Pokémon,2023/06/09,"tcgplayer,cardmarket",https://prices.pokemontcg.io/tcgplayer/sv2-97,https://images.pokemontcg.io/sv2/97_hires.png,2026/08/08,2026/01/16,0.29,0.05000000074505806,0.33000001311302185,19.979999542236328,,0.32,,,,0.1846,0.0231,0.1269,0.2884,0.12690000236034393,0.173,0.1846,0.1038,0.3345,0.2538,1.1535,2026-08-09
sv2-107,Primeape,normal,Paldea Evolved,107,Uncommon,Shin Nagasawa,Stage 1,57,Pokémon,2023/06/09,"tcgplayer,cardmarket",https://prices.pokemontcg.io/tcgplayer/sv2-107,https://images.pokemontcg.io/sv2/107_hires.png,2026/08/08,2026/01/16,0.1,0.009999999776482582,0.15000000596046448,19.979999542236328,,0.19,,,,0.0346,0.0231,0.0461,0.1961,0.03460000082850456,0.0346,0.0346,0.1154,0.1615,0.1846,1.1535,2026-08-09
sv2-109,Sudowoodo,normal,Paldea Evolved,109,Uncommon,Jerky,Basic,185,Pokémon,2023/06/09,"tcgplayer,cardmarket",https://prices.pokemontcg.io/tcgplayer/sv2-109,https://images.pokemontcg.io/sv2/109_hires.png,2026/08/08,2026/01/16,0.05,0.009999999776482582,0.15000000596046448,1000.0,,0.34,,,,0.0461,0.0231,0.0346,0.1961,0.03460000082850456,0.0346,0.0461,0.5652,0.1961,0.1846,1.1535,2026-08-09
sv2-110,Larvitar,normal,Paldea Evolved,110,Common,Haru Akasaka,Basic,246,Pokémon,2023/06/09,"tcgplayer,cardmarket",https://prices.pokemontcg.io/tcgplayer/sv2-110,https://images.pokemontcg.io/sv2/110_hires.png,2026/08/08,2026/01/16,0.12,0.009999999776482582,0.1599999964237213,19.979999542236328,,0.18,,,,0.0231,0.0231,0.0461,0.1269,0.03460000082850456,0.0461,0.0346,0.1154,0.1038,0.1038,1.1535,2026-08-09
sv2-112,Makuhita,normal,Paldea Evolved,112,Common,Kurata So,Basic,296,Pokémon,2023/06/09,"tcgplayer,cardmarket",https://prices.pokemontcg.io/tcgplayer/sv2-112,https://images.pokemontcg.io/sv2/112_hires.png,2026/08/08,2026/01/16,0.06,0.009999999776482582,0.15000000596046448,20.0,,0.2,,,,0.0346,0.0231,0.0346,0.0923,0.03460000082850456,0.0346,0.0346,0.0923,0.1154,0.1038,1.1535,2026-08-09
sv2-66,Voltorb,normal,Paldea Evolved,66,Common,sui,Basic,100,Pokémon,2023/06/09,"tcgplayer,cardmarket",https://prices.pokemontcg.io/tcgplayer/sv2-66,https://images.pokemontcg.io/sv2/66_hires.png,2026/08/08,2026/01/16,0.09,0.009999999776482582,0.15000000596046448,19.979999542236328,,0.18,,,,0.0346,0.0231,0.0461,0.1384,0.023099999874830246,0.0346,0.0346,0.0577,0.0692,0.1154,1.1535,2026-08-09
sv2-67,Electrode,normal,Paldea Evolved,67,Uncommon,Scav,Stage 1,101,Pokémon,2023/06/09,"tcgplayer,cardmarket",https://prices.pokemontcg.io/tcgplayer/sv2-67,https://images.pokemontcg.io/sv2/67_hires.png,2026/08/08,2026/01/16,0.05,0.009999999776482582,0.15000000596046448,20.0,,0.27,,,,0.0346,0.0231,0.0461,0.2076,0.03460000082850456,0.0346,0.0346,0.1154,0.1615,0.1961,1.1535,2026-08-09
sv2-79,Bellibolt ex,holofoil,Paldea Evolved,79,Double Rare,PLANETA Yamashita,Stage 1|ex,939,Pokémon,2023/06/09,"tcgplayer,cardmarket",https://prices.pokemontcg.io/tcgplayer/sv2-79,https://images.pokemontcg.io/sv2/79_hires.png,2026/08/08,2026/01/16,0.82,0.23999999463558197,0.9900000095367432,5.0,,,,,,0.7152,0.0923,0.7498,0.0,0.7498000264167786,0.7036,0.7613,0.0,0.0,0.0,1.1535,2026-08-09
sv2-82,Kilowattrel,normal,Paldea Evolved,82,Uncommon,Pani Kobayashi,Stage 1,941,Pokémon,2023/06/09,"tcgplayer,cardmarket",https://prices.pokemontcg.io/tcgplayer/sv2-82,https://images.pokemontcg.io/sv2/82_hires.png,2026/08/08,2026/01/16,0.1,0.009999999776482582,0.15000000596046448,20.0,,0.18,,,,0.0346,0.0231,0.0461,0.15,0.03460000082850456,0.0346,0.0346,0.1384,0.15,0.15,1.1535,2026-08-09
sv2-86,Slowking ex,holofoil,Paldea Evolved,86,Double Rare,5ban Graphics,Stage 1|Tera|ex,199,Pokémon,2023/06/09,"tcgplayer,cardmarket",https://prices.pokemontcg.io/tcgplayer/sv2-86,https://images.pokemontcg.io/sv2/86_hires.png,2026/08/08,2026/01/16,0.87,0.6399999856948853,1.0299999713897705,99.0,,,,,,0.8421,0.1615,0.9805,0.0,0.6805999875068665,1.0728,0.8997,0.0,0.0,0.0,1.1535,2026-08-09
sv2-90,Gothita,normal,Paldea Evolved,90,Common,0313,Basic,574,Pokémon,2023/06/09,"tcgplayer,cardmarket",https://prices.pokemontcg.io/tcgplayer/sv2-90,https://images.pokemontcg.io/sv2/90_hires.png,2026/08/08,2026/01/16,0.1,0.009999999776482582,0.15000000596046448,1000.0,,0.23,,,,0.0346,0.0231,0.0346,0.1384,0.023099999874830246,0.0231,0.0346,0.1154,0.0692,0.1154,1.1535,2026-08-09
sv2-94,Oranguru,normal,Paldea Evolved,94,Uncommon,Toshinao Aoki,Basic,765,Pokémon,2023/06/09,"tcgplayer,cardmarket",https://prices.pokemontcg.io/tcgplayer/sv2-94,https://images.pokemontcg.io/sv2/94_hires.png,2026/08/08,2026/01/16,0.06,0.009999999776482582,0.15000000596046448,25.0,,0.15,,,,0.0346,0.0231,0.0461,0.173,0.03460000082850456,0.0346,0.0346,0.1154,0.1384,0.173,1.1535,2026-08-09
sv2-95,Sandygast,normal,Paldea Evolved,95,Common,Shin Nagasawa,Basic,769,Pokémon,2023/06/09,"tcgplayer,cardmarket",https://prices.pokemontcg.io/tcgplayer/sv2-95,https://images.pokemontcg.io/sv2/95_hires.png,2026/08/08,2026/01/16,0.05,0.009999999776482582,0.15000000596046448,19.979999542236328,,0.14,,,,0.0231,0.0231,0.0346,0.0807,0.023099999874830246,0.0346,0.0231,0.0692,0.0577,0.0807,1.1535,2026-08-09
sv2-101,Tinkatink,normal,Paldea Evolved,101,Common,Shibuzoh.,Basic,957,Pokémon,2023/06/09,"tcgplayer,cardmarket",https://prices.pokemontcg.io/tcgplayer/sv2-101,https://images.pokemontcg.io/sv2/101_hires.png,2026/08/08,2026/01/16,0.14,0.009999999776482582,0.18000000715255737,1000.0,,0.25,,,,0.0461,0.0231,0.0346,0.1846,0.023099999874830246,0.0346,0.0461,0.0923,0.1269,0.1615,1.1535,2026-08-09
sv2-102,Tinkatink,normal,Paldea Evolved,102,Common,Pani Kobayashi,Basic,957,Pokémon,2023/06/09,"tcgplayer,cardmarket",https://prices.pokemontcg.io/tcgplayer/sv2-102,https://images.pokemontcg.io/sv2/102_hires.png,2026/08/08,2026/01/16,0.18,0.009999999776482582,0.1899999976158142,1000.0,,0.29,,,,0.0461,0.0231,0.0346,0.1961,0.023099999874830246,0.0346,0.0346,0.1154,0.1615,0.1846,1.1535,2026-08-09
sv2-105,Tinkaton,holofoil,Paldea Evolved,105,Rare,Kouki Saitou,Stage 2,959,Pokémon,2023/06/09,"tcgplayer,cardmarket",https://prices.pokemontcg.io/tcgplayer/sv2-105,https://images.pokemontcg.io/sv2/105_hires.png,2026/08/08,2026/01/16,0.22,0.029999999329447746,0.23000000417232513,20.0,,0.29,,,,0.0923,0.0231,0.0923,0.2538,0.13840000331401825,0.0807,0.0923,0.2653,0.1961,0.2422,1.1535,2026-08-09
sv2-108,Paldean Tauros,normal,Paldea Evolved,108,Uncommon,Shin Nagasawa,Basic,128,Pokémon,2023/06/09,"tcgplayer,cardmarket",https://prices.pokemontcg.io/tcgplayer/sv2-108,https://images.pokemontcg.io/sv2/108_hires.png,2026/08/08,2026/01/16,0.12,0.009999999776482582,0.15000000596046448,19.979999542236328,,0.19,,,,0.0577,0.0231,0.0577,0.2307,0.04610000178217888,0.0461,0.0461,0.2422,0.173,0.1961,1.1535,2026-08-09
sv2-111,Pupitar,normal,Paldea Evolved,111,Uncommon,Shigenori Negishi,Stage 1,247,Pokémon,2023/06/09,"tcgplayer,cardmarket",https://prices.pokemontcg.io/tcgplayer/sv2-111,https://images.pokemontcg.io/sv2/111_hires.png,2026/08/08,2026/01/16,0.07,0.009999999776482582,0.15000000596046448,19.979999542236328,,0.24,,,,0.0461,0.0231,0.0692,0.1154,0.03460000082850456,0.0807,0.0577,0.0923,0.0923,0.1038,1.1535,2026-08-09
sv2-68,Shinx,normal,Paldea Evolved,68,Common,kurumitsu,Basic,403,Pokémon,2023/06/09,"tcgplayer,cardmarket",https://prices.pokemontcg.io/tcgplayer/sv2-68,https://images.pokemontcg.io/sv2/68_hires.png,2026/08/08,2025/12/28,0.2,0.019999999552965164,0.20000000298023224,19.979999542236328,,0.25,,,,0.0692,0.0231,0.0692,0.15,0.10379999876022339,0.0461,0.0692,0.2192,0.1961,0.173,1.1535,2026-08-09
sv2-70,Luxio,normal,Paldea Evolved,70,Uncommon,Narumi Sato,Stage 1,404,Pokémon,2023/06/09,"tcgplayer,cardmarket",https://prices.pokemontcg.io/tcgplayer/sv2-70,https://images.pokemontcg.io/sv2/70_hires.png,2026/08/08,2025/12/12,0.08,0.009999999776482582,0.15000000596046448,1000.0,,0.18,,,,0.0461,0.0231,0.0461,0.2192,0.03460000082850456,0.0346,0.0346,0.173,0.2538,0.1961,1.1535,2026-08-09
sv2-71,Luxray,holofoil,Paldea Evolved,71,Rare,aoki,Stage 2,405,Pokémon,2023/06/09,"tcgplayer,cardmarket",https://prices.pokemontcg.io/tcgplayer/sv2-71,https://images.pokemontcg.io/sv2/71_hires.png,2026/08/08,2025/12/12,0.23,0.029999999329447746,0.25,19.979999542236328,,0.28,,,,0.1038,0.0231,0.1154,0.346,0.15000000596046448,0.1038,0.1038,0.1269,0.346,0.346,1.1535,2026-08-09
sv2-72,Pincurchin,normal,Paldea Evolved,72,Common,Yuka Morii,Basic,871,Pokémon,2023/06/09,"tcgplayer,cardmarket",https://prices.pokemontcg.io/tcgplayer/sv2-72,https://images.pokemontcg.io/sv2/72_hires.png,2026/08/08,2025/12/12,0.18,0.009999999776482582,0.20000000298023224,1000.0,,0.28,,,,0.0346,0.0231,0.0346,0.1269,0.023099999874830246,0.0346,0.0346,0.0692,0.0923,0.1154,1.1535,2026-08-09
sv2-80,Wattrel,normal,Paldea Evolved,80,Common,Shibuzoh.,Basic,940,Pokémon,2023/06/09,"tcgplayer,cardmarket",https://prices.pokemontcg.io/tcgplayer/sv2-80,https://images.pokemontcg.io/sv2/80_hires.png,2026/08/08,2025/12/12,0.19,0.009999999776482582,0.20000000298023224,20.0,,0.21,,,,0.0461,0.0231,0.0461,0.1846,0.03460000082850456,0.0346,0.0461,0.1154,0.1384,0.173,1.1535,2026-08-09
sv2-85,Slowpoke,normal,Paldea Evolved,85,Common,sowsow,Basic,79,Pokémon,2023/06/09,"tcgplayer,cardmarket",https://prices.pokemontcg.io/tcgplayer/sv2-85,https://images.pokemontcg.io/sv2/85_hires.png,2026/08/08,2025/12/12,0.23,0.019999999552965164,0.23999999463558197,1000.0,,0.35,,,,0.0346,0.0231,0.0461,0.1615,0.03460000082850456,0.0346,0.0346,0.1384,0.2076,0.1615,1.1535,2026-08-09
sv2-88,Mismagius,normal,Paldea Evolved,88,Uncommon,Atsushi Furusawa,Stage 1,429,Pokémon,2023/06/09,"tcgplayer,cardmarket",https://prices.pokemontcg.io/tcgplayer/sv2-88,https://images.pokemontcg.io/sv2/88_hires.png,2026/08/08,2025/12/12,0.06,0.009999999776482582,0.15000000596046448,19.979999542236328,,0.23,,,,0.0577,0.0231,0.0346,0.1846,0.04610000178217888,0.0346,0.0577,0.173,0.2192,0.2076,1.1535,2026-08-09
sv2-96,Palossand,normal,Paldea Evolved,96,Uncommon,HYOGONOSUKE,Stage 1,770,Pokémon,2023/06/09,"tcgplayer,cardmarket",https://prices.pokemontcg.io/tcgplayer/sv2-96,https://images.pokemontcg.io/sv2/96_hires.png,2026/08/08,2025/12/07,0.12,0.009999999776482582,0.17000000178813934,19.979999542236328,,0.21,,,,0.0461,0.0231,0.0461,0.1615,0.04610000178217888,0.0692,0.0577,0.1384,0.15,0.15,1.1535,2026-08-09
sv2-98,Ceruledge,holofoil,Paldea Evolved,98,Rare,Ryota Murayama,Stage 1,937,Pokémon,2023/06/09,"tcgplayer,cardmarket",https://prices.pokemontcg.io/tcgplayer/sv2-98,https://images.pokemontcg.io/sv2/98_hires.png,2026/08/08,2025/12/07,0.25,0.009999999776482582,0.25,20.0,,0.29,,,,0.0923,0.0231,0.0807,0.1846,0.04610000178217888,0.0692,0.0923,0.1154,0.2192,0.1846,1.1535,2026-08-09
sv2-99,Rabsca,holofoil,Paldea Evolved,99,Rare,Oswaldo KATO,Stage 1,954,Pokémon,2023/06/09,"tcgplayer,cardmarket",https://prices.pokemontcg.io/tcgplayer/sv2-99,https://images.pokemontcg.io/sv2/99_hires.png,2026/08/08,2025/12/07,0.08,0.019999999552965164,0.20000000298023224,19.979999542236328,,0.21,,,,0.0692,0.0231,0.0807,0.173,0.06920000165700912,0.0692,0.0692,0.0577,0.1154,0.1615,1.1535,2026-08-09
sv2-100,Tinkatink,normal,Paldea Evolved,100,Common,Mizue,Basic,957,Pokémon,2023/06/09,"tcgplayer,cardmarket",https://prices.pokemontcg.io/tcgplayer/sv2-100,https://images.pokemontcg.io/sv2/100_hires.png,2026/08/08,2025/11/25,0.16,0.009999999776482582,0.1899999976158142,20.0,,0.25,,,,0.0346,0.0231,0.0461,0.1384,0.09229999780654907,0.0346,0.0346,0.1961,0.1384,0.15,1.1535,2026-08-09
sv2-117,Lycanroc ex,holofoil,Paldea Evolved,117,Double Rare,kawayoo,Stage 1|ex,745,Pokémon,2023/06/09,"tcgplayer,cardmarket",https://prices.pokemontcg.io/tcgplayer/sv2-117,https://images.pokemontcg.io/sv2/117_hires.png,2026/08/08,2025/11/25,0.86,0.20000000298023224,1.0,99.0,,,,,,0.7613,0.15,0.7613,0.0,0.8073999881744385,0.7152,0.7613,0.0,0.0,0.0,1.1535,2026-08-09
sv2-116,Rockruff,normal,Paldea Evolved,116,Common,0313,Basic,744,Pokémon,2023/06/09,"tcgplayer,cardmarket",https://prices.pokemontcg.io/tcgplayer/sv2-116,https://images.pokemontcg.io/sv2/116_hires.png,2026/08/08,2025/11/25,0.15,0.009999999776482582,0.15000000596046448,19.979999542236328,,0.27,,,,0.0231,0.0231,0.0346,0.0923,0.023099999874830246,0.0346,0.0231,0.1961,0.1154,0.0923,1.1535,2026-08-09
sv2-113,Hariyama,holofoil,Paldea Evolved,113,Rare,Hasuno,Stage 1,297,Pokémon,2023/06/09,"tcgplayer,cardmarket",https://prices.pokemontcg.io/tcgplayer/sv2-113,https://images.pokemontcg.io/sv2/113_hires.png,2026/08/08,2025/11/25,0.05,0.009999999776482582,0.20000000298023224,50.0,,0.28,,,,0.0807,0.0231,0.1615,0.1846,0.10379999876022339,0.1384,0.0923,0.173,0.2307,0.1846,1.1535,2026-08-09
sv2-114,Croagunk,normal,Paldea Evolved,114,Common,kawayoo,Basic,453,Pokémon,2023/06/09,"tcgplayer,cardmarket",https://prices.pokemontcg.io/tcgplayer/sv2-114,https://images.pokemontcg.io/sv2/114_hires.png,2026/08/08,2025/11/25,0.09,0.009999999776482582,0.15000000596046448,20.0,,0.1,,,,0.0231,0.0231,0.0461,0.0923,0.11540000140666962,0.0346,0.0231,1.142,0.173,0.1038,1.1535,2026-08-09
sv2-115,Toxicroak,normal,Paldea Evolved,115,Uncommon,Yuya Oka,Stage 1,454,Pokémon,2023/06/09,"tcgplayer,cardmarket",https://prices.pokemontcg.io/tcgplayer/sv2-115,https://images.pokemontcg.io/sv2/115_hires.png,2026/08/08,2025/11/25,0.02,0.009999999776482582,0.15000000596046448,1000.0,,0.18,,,,0.0346,0.0231,0.0346,0.1846,0.023099999874830246,0.0461,0.0346,0.1615,0.1961,0.173,1.1535,2026-08-09
sv2-118,Passimian,normal,Paldea Evolved,118,Uncommon,Jerky,Basic,766,Pokémon,2023/06/09,"tcgplayer,cardmarket",https://prices.pokemontcg.io/tcgplayer/sv2-118,https://images.pokemontcg.io/sv2/118_hires.png,2026/08/08,2025/11/25,0.06,0.009999999776482582,0.15000000596046448,20.0,,0.21,,,,0.0346,0.0231,0.0461,0.1615,0.023099999874830246,0.0461,0.0346,0.5075,0.2422,0.1846,1.1535,2026-08-09
sv2-119,Falinks,normal,Paldea Evolved,119,Common,kurumitsu,Basic,870,Pokémon,2023/06/09,"tcgplayer,cardmarket",https://prices.pokemontcg.io/tcgplayer/sv2-119,https://images.pokemontcg.io/sv2/119_hires.png,2026/08/08,2025/11/25,0.12,0.009999999776482582,0.15000000596046448,20.0,,0.18,,,,0.0346,0.0231,0.0346,0.0807,0.023099999874830246,0.0346,0.0346,0.173,0.1384,0.0923,1.1535,2026-08-09
sv2-120,Nacli,normal,Paldea Evolved,120,Common,yuu,Basic,932,Pokémon,2023/06/09,"tcgplayer,cardmarket",https://prices.pokemontcg.io/tcgplayer/sv2-120,https://images.pokemontcg.io/sv2/120_hires.png,2026/08/08,2025/11/25,0.06,0.009999999776482582,0.15000000596046448,25.0,,0.18,,,,0.0461,0.0231,0.0577,0.15,0.05770000070333481,0.0461,0.0461,0.1038,0.173,0.1615,1.1535,2026-08-09
sv2-121,Nacli,normal,Paldea Evolved,121,Common,Shin Nagasawa,Basic,932,Pokémon,2023/06/09,"tcgplayer,cardmarket",https://prices.pokemontcg.io/tcgplayer/sv2-121,https://images.pokemontcg.io/sv2/121_hires.png,2026/08/08,2025/11/25,0.08,0.009999999776482582,0.15000000596046448,1000.0,,0.16,,,,0.0577,0.0231,0.0692,0.15,0.023099999874830246,0.0461,0.0461,0.6575,0.2307,0.173,1.1535,2026-08-09
sv2-123,Garganacl,holofoil,Paldea Evolved,123,Rare,Anesaki Dynamic,Stage 2,934,Pokémon,2023/06/09,"tcgplayer,cardmarket",https://prices.pokemontcg.io/tcgplayer/sv2-123,https://images.pokemontcg.io/sv2/123_hires.png,2026/08/08,2025/11/21,0.12,0.009999999776482582,0.20000000298023224,18.479999542236328,,0.25,,,,0.0923,0.0231,0.1038,0.173,0.17299999296665192,0.1038,0.0923,0.2768,0.2422,0.1846,1.1535,2026-08-09
sv2-129,Paldean Wooper,normal,Paldea Evolved,129,Common,Saya Tsuruta,Basic,194,Pokémon,2023/06/09,"tcgplayer,cardmarket",https://prices.pokemontcg.io/tcgplayer/sv2-129,https://images.pokemontcg.io/sv2/129_hires.png,2026/08/08,2025/11/21,0.21,0.009999999776482582,0.20000000298023224,20.0,,0.32,,,,0.0461,0.0231,0.0692,0.15,0.04610000178217888,0.0461,0.0461,0.1961,0.173,0.173,1.1535,2026-08-09
sv2-131,Murkrow,normal,Paldea Evolved,131,Common,Teeziro,Basic,198,Pokémon,2023/06/09,"tcgplayer,cardmarket",https://prices.pokemontcg.io/tcgplayer/sv2-131,https://images.pokemontcg.io/sv2/131_hires.png,2026/08/08,2025/11/21,0.13,0.009999999776482582,0.15000000596046448,19.979999542236328,,0.15,,,,0.0346,0.0231,0.0692,0.1154,0.023099999874830246,0.0577,0.0346,0.0346,0.1038,0.1038,1.1535,2026-08-09
sv2-132,Honchkrow,normal,Paldea Evolved,132,Uncommon,Nisota Niso,Stage 1,430,Pokémon,2023/06/09,"tcgplayer,cardmarket",https://prices.pokemontcg.io/tcgplayer/sv2-132,https://images.pokemontcg.io/sv2/132_hires.png,2026/08/08,2025/11/21,0.08,0.009999999776482582,0.15000000596046448,19.979999542236328,,0.21,,,,0.0346,0.0231,0.0461,0.15,0.023099999874830246,0.0346,0.0346,0.4499,0.2076,0.1846,1.1535,2026-08-09
sv2-134,Weavile,holofoil,Paldea Evolved,134,Rare,saino misaki,Stage 1,461,Pokémon,2023/06/09,"tcgplayer,cardmarket",https://prices.pokemontcg.io/tcgplayer/sv2-134,https://images.pokemontcg.io/sv2/134_hires.png,2026/08/08,2025/11/21,0.14,0.009999999776482582,0.20000000298023224,19.979999542236328,,0.24,,,,0.0692,0.0231,0.0923,0.1615,0.19609999656677246,0.0923,0.0692,0.1269,0.15,0.173,1.1535,2026-08-09
sv2-136,Sableye,holofoil,Paldea Evolved,136,Rare,Nagomi Nijo,Basic,302,Pokémon,2023/06/09,"tcgplayer,cardmarket",https://prices.pokemontcg.io/tcgplayer/sv2-136,https://images.pokemontcg.io/sv2/136_hires.png,2026/08/08,2025/11/21,0.23,0.029999999329447746,0.23999999463558197,90.0,,0.27,,,,0.0923,0.0231,0.0692,0.2422,0.04610000178217888,0.0807,0.0807,0.0461,0.1615,0.2307,1.1535,2026-08-09
sv2-139,Zweilous,normal,Paldea Evolved,139,Uncommon,nagimiso,Stage 1,634,Pokémon,2023/06/09,"tcgplayer,cardmarket",https://prices.pokemontcg.io/tcgplayer/sv2-139,https://images.pokemontcg.io/sv2/139_hires.png,2026/08/08,2025/11/21,0.11,0.009999999776482582,0.1599999964237213,20.0,,0.19,,,,0.0577,0.0231,0.0577,0.173,0.10379999876022339,0.0692,0.0692,0.0923,0.173,0.173,1.1535,2026-08-09
sv2-140,Hydreigon,holofoil,Paldea Evolved,140,Rare,Teeziro,Stage 2,635,Pokémon,2023/06/09,"tcgplayer,cardmarket",https://prices.pokemontcg.io/tcgplayer/sv2-140,https://images.pokemontcg.io/sv2/140_hires.png,2026/08/08,2025/11/21,0.22,0.019999999552965164,0.23000000417232513,19.979999542236328,,0.23,,,,0.1154,0.0231,0.1154,0.2422,0.28839999437332153,0.15,0.1384,0.2307,0.2192,0.2307,1.1535,2026-08-09
sv2-145,Shroodle,normal,Paldea Evolved,145,Common,Anesaki Dynamic,Basic,944,Pokémon,2023/06/09,"tcgplayer,cardmarket",https://prices.pokemontcg.io/tcgplayer/sv2-145,https://images.pokemontcg.io/sv2/145_hires.png,2026/08/08,2025/11/21,0.11,0.009999999776482582,0.15000000596046448,20.0,,0.19,,,,0.0346,0.0231,0.0577,0.1615,0.023099999874830246,0.0577,0.0346,0.2076,0.15,0.1615,1.1535,2026-08-09
sv2-150,Copperajah ex,holofoil,Paldea Evolved,150,Double Rare,Uta,Stage 1|ex,879,Pokémon,2023/06/09,"tcgplayer,cardmarket",https://prices.pokemontcg.io/tcgplayer/sv2-150,https://images.pokemontcg.io/sv2/150_hires.png,2026/08/08,2025/11/21,0.59,0.4000000059604645,0.9900000095367432,5.0,,,,,,0.6921,0.0461,0.646,0.0,0.4959999918937683,0.646,0.669,0.0,0.0,0.0,1.1535,2026-08-09
sv2-124,Glimmet,normal,Paldea Evolved,124,Common,Mizue,Basic,969,Pokémon,2023/06/09,"tcgplayer,cardmarket",https://prices.pokemontcg.io/tcgplayer/sv2-124,https://images.pokemontcg.io/sv2/124_hires.png,2026/08/08,2025/11/21,0.07,0.009999999776482582,0.15000000596046448,20.0,,0.28,,,,0.0461,0.0231,0.0461,0.1846,0.03460000082850456,0.0346,0.0461,0.1154,0.1615,0.2076,1.1535,2026-08-09
sv2-126,Glimmora,holofoil,Paldea Evolved,126,Rare,Shin Nagasawa,Stage 1,970,Pokémon,2023/06/09,"tcgplayer,cardmarket",https://prices.pokemontcg.io/tcgplayer/sv2-126,https://images.pokemontcg.io/sv2/126_hires.png,2026/08/08,2025/11/21,0.05,0.009999999776482582,0.20000000298023224,19.979999542236328,,0.22,,,,0.0692,0.0231,0.1038,0.1615,0.1615000069141388,0.0923,0.0807,0.1154,0.173,0.1846,1.1535,2026-08-09
sv2-137,Seviper,normal,Paldea Evolved,137,Uncommon,Nisota Niso,Basic,336,Pokémon,2023/06/09,"tcgplayer,cardmarket",https://prices.pokemontcg.io/tcgplayer/sv2-137,https://images.pokemontcg.io/sv2/137_hires.png,2026/08/08,2025/11/21,0.07,0.009999999776482582,0.15000000596046448,20.0,,0.18,,,,0.0346,0.0231,0.0346,0.1615,0.023099999874830246,0.0346,0.0346,0.2999,0.2307,0.1846,1.1535,2026-08-09
sv2-141,Maschiff,normal,Paldea Evolved,141,Common,DOM,Basic,942,Pokémon,2023/06/09,"tcgplayer,cardmarket",https://prices.pokemontcg.io/tcgplayer/sv2-141,https://images.pokemontcg.io/sv2/141_hires.png,2026/08/08,2025/11/21,0.04,0.009999999776482582,0.15000000596046448,19.979999542236328,,0.21,,,,0.0346,0.0231,0.0461,0.1615,0.023099999874830246,0.0346,0.0346,0.173,0.1384,0.1615,1.1535,2026-08-09
sv2-146,Grafaiai,normal,Paldea Evolved,146,Uncommon,Souichirou Gunjima,Stage 1,945,Pokémon,2023/06/09,"tcgplayer,cardmarket",https://prices.pokemontcg.io/tcgplayer/sv2-146,https://images.pokemontcg.io/sv2/146_hires.png,2026/08/08,2025/11/21,0.03,0.009999999776482582,0.15000000596046448,20.0,,0.24,,,,0.0346,0.0231,0.0346,0.1154,0.023099999874830246,0.0461,0.0346,0.0923,0.1384,0.1038,1.1535,2026-08-09
sv2-147,Bombirdier,normal,Paldea Evolved,147,Uncommon,Sekio,Basic,962,Pokémon,2023/06/09,"tcgplayer,cardmarket",https://prices.pokemontcg.io/tcgplayer/sv2-147,https://images.pokemontcg.io/sv2/147_hires.png,2026/08/08,2025/11/21,0.06,0.009999999776482582,0.15000000596046448,20.0,,0.15,,,,0.0346,0.0231,0.0231,0.1269,0.023099999874830246,0.0346,0.0346,0.4499,0.173,0.1384,1.1535,2026-08-09
sv2-148,Corviknight,normal,Paldea Evolved,148,Uncommon,Scav,Stage 2,823,Pokémon,2023/06/09,"tcgplayer,cardmarket",https://prices.pokemontcg.io/tcgplayer/sv2-148,https://images.pokemontcg.io/sv2/148_hires.png,2026/08/08,2025/11/21,0.17,0.009999999776482582,0.1899999976158142,1000.0,,0.21,,,,0.0346,0.0231,0.0461,0.1615,0.03460000082850456,0.0346,0.0346,0.1038,0.173,0.173,1.1535,2026-08-09
sv2-149,Cufant,normal,Paldea Evolved,149,Common,Oswaldo KATO,Basic,878,Pokémon,2023/06/09,"tcgplayer,cardmarket",https://prices.pokemontcg.io/tcgplayer/sv2-149,https://images.pokemontcg.io/sv2/149_hires.png,2026/08/08,2025/11/21,0.02,0.009999999776482582,0.15000000596046448,20.0,,0.14,,,,0.0231,0.0231,0.0346,0.0923,0.023099999874830246,0.0231,0.0231,0.173,0.0923,0.0807,1.1535,2026-08-09
sv2-154,Girafarig,normal,Paldea Evolved,154,Common,kirisAki,Basic,203,Pokémon,2023/06/09,"tcgplayer,cardmarket",https://prices.pokemontcg.io/tcgplayer/sv2-154,https://images.pokemontcg.io/sv2/154_hires.png,2026/08/08,2025/11/21,0.21,0.009999999776482582,0.2199999988079071,19.979999542236328,,0.2,,,,0.0346,0.0231,0.0346,0.1038,0.023099999874830246,0.0346,0.0346,0.2076,0.1154,0.1038,1.1535,2026-08-09
sv2-122,Naclstack,normal,Paldea Evolved,122,Uncommon,GIDORA,Stage 1,933,Pokémon,2023/06/09,"tcgplayer,cardmarket",https://prices.pokemontcg.io/tcgplayer/sv2-122,https://images.pokemontcg.io/sv2/122_hires.png,2026/08/08,2025/11/21,0.09,0.019999999552965164,0.15000000596046448,1000.0,,0.14,,,,0.0461,0.0231,0.0346,0.1615,0.023099999874830246,0.0346,0.0461,0.0923,0.1846,0.173,1.1535,2026-08-09
sv2-127,Ting-Lu ex,holofoil,Paldea Evolved,127,Double Rare,5ban Graphics,Basic|ex,1003,Pokémon,2023/06/09,"tcgplayer,cardmarket",https://prices.pokemontcg.io/tcgplayer/sv2-127,https://images.pokemontcg.io/sv2/127_hires.png,2026/08/08,2025/11/21,0.7,0.49000000953674316,0.9800000190734863,19.979999542236328,,,,,,0.6575,0.0346,0.6806,0.0,1.003499984741211,0.7152,0.6806,0.0,0.0,0.0,1.1535,2026-08-09
sv2-128,Paldean Wooper,normal,Paldea Evolved,128,Common,Kouki Saitou,Basic,194,Pokémon,2023/06/09,"tcgplayer,cardmarket",https://prices.pokemontcg.io/tcgplayer/sv2-128,https://images.pokemontcg.io/sv2/128_hires.png,2026/08/08,2025/11/21,0.17,0.029999999329447746,0.17000000178813934,1000.0,,0.31,,,,0.0461,0.0231,0.0461,0.1615,0.05770000070333481,0.0461,0.0461,0.4499,0.2192,0.1846,1.1535,2026-08-09
sv2-133,Sneasel,normal,Paldea Evolved,133,Common,Kagemaru Himeno,Basic,215,Pokémon,2023/06/09,"tcgplayer,cardmarket",https://prices.pokemontcg.io/tcgplayer/sv2-133,https://images.pokemontcg.io/sv2/133_hires.png,2026/08/08,2025/11/21,0.09,0.009999999776482582,0.15000000596046448,20.0,,0.1,,,,0.0346,0.0231,0.0231,0.0807,0.023099999874830246,0.0231,0.0346,0.0692,0.0923,0.0807,1.1535,2026-08-09
sv2-152,Noibat,normal,Paldea Evolved,152,Common,chibi,Basic,714,Pokémon,2023/06/09,"tcgplayer,cardmarket",https://prices.pokemontcg.io/tcgplayer/sv2-152,https://images.pokemontcg.io/sv2/152_hires.png,2026/08/08,2025/11/21,0.11,0.009999999776482582,0.15000000596046448,19.979999542236328,,0.16,,,,0.0231,0.0231,0.0346,0.0923,0.023099999874830246,0.0231,0.0231,0.0692,0.1038,0.0923,1.1535,2026-08-09
sv2-125,Glimmet,normal,Paldea Evolved,125,Common,Sekio,Basic,969,Pokémon,2023/06/09,"tcgplayer,cardmarket",https://prices.pokemontcg.io/tcgplayer/sv2-125,https://images.pokemontcg.io/sv2/125_hires.png,2026/08/08,2025/11/21,0.05,0.009999999776482582,0.15000000596046448,19.979999542236328,,0.16,,,,0.0461,0.0231,0.0461,0.1384,0.023099999874830246,0.0346,0.0461,0.4499,0.173,0.15,1.1535,2026-08-09
sv2-130,Paldean Clodsire ex,holofoil,Paldea Evolved,130,Double Rare,PLANETA Mochizuki,Stage 1|ex,980,Pokémon,2023/06/09,"tcgplayer,cardmarket",https://prices.pokemontcg.io/tcgplayer/sv2-130,https://images.pokemontcg.io/sv2/130_hires.png,2026/08/08,2025/11/21,0.68,0.44999998807907104,0.949999988079071,19.65999984741211,,,,,,0.6575,0.0231,0.7728,0.0,1.0151000022888184,0.819,0.6806,0.0,0.0,0.0,1.1535,2026-08-09
sv2-135,Tyranitar,holofoil,Paldea Evolved,135,Rare,hncl,Stage 2,248,Pokémon,2023/06/09,"tcgplayer,cardmarket",https://prices.pokemontcg.io/tcgplayer/sv2-135,https://images.pokemontcg.io/sv2/135_hires.png,2026/08/08,2025/11/21,0.22,0.009999999776482582,0.2199999988079071,100.0,,0.29,,,,0.1154,0.0231,0.1154,0.2768,0.18459999561309814,0.15,0.1154,0.1038,0.1961,0.2538,1.1535,2026-08-09
sv2-138,Deino,normal,Paldea Evolved,138,Common,Narumi Sato,Basic,633,Pokémon,2023/06/09,"tcgplayer,cardmarket",https://prices.pokemontcg.io/tcgplayer/sv2-138,https://images.pokemontcg.io/sv2/138_hires.png,2026/08/08,2025/11/21,0.05,0.009999999776482582,0.15000000596046448,20.0,,0.16,,,,0.0231,0.0231,0.0346,0.1038,0.023099999874830246,0.0461,0.0346,0.0346,0.0692,0.0923,1.1535,2026-08-09
sv2-142,Maschiff,normal,Paldea Evolved,142,Common,Shibuzoh.,Basic,942,Pokémon,2023/06/09,"tcgplayer,cardmarket",https://prices.pokemontcg.io/tcgplayer/sv2-142,https://images.pokemontcg.io/sv2/142_hires.png,2026/08/08,2025/11/21,0.07,0.009999999776482582,0.15000000596046448,20.0,,0.25,,,,0.0461,0.0231,0.0461,0.1384,0.023099999874830246,0.0346,0.0346,0.2538,0.1269,0.1269,1.1535,2026-08-09
sv2-143,Mabosstiff,normal,Paldea Evolved,143,Uncommon,Souichirou Gunjima,Stage 1,943,Pokémon,2023/06/09,"tcgplayer,cardmarket",https://prices.pokemontcg.io/tcgplayer/sv2-143,https://images.pokemontcg.io/sv2/143_hires.png,2026/08/08,2025/11/21,0.07,0.009999999776482582,0.15000000596046448,25.0,,0.17,,,,0.0346,0.0231,0.0577,0.1615,0.023099999874830246,0.0461,0.0346,0.1615,0.15,0.173,1.1535,2026-08-09
sv2-144,Shroodle,normal,Paldea Evolved,144,Common,Akira Komayama,Basic,944,Pokémon,2023/06/09,"tcgplayer,cardmarket",https://prices.pokemontcg.io/tcgplayer/sv2-144,https://images.pokemontcg.io/sv2/144_hires.png,2026/08/08,2025/11/18,0.11,0.009999999776482582,0.15000000596046448,19.979999542236328,,0.23,,,,0.0346,0.0231,0.0346,0.15,0.023099999874830246,0.0346,0.0346,0.1038,0.1615,0.1615,1.1535,2026-08-09
sv2-151,Orthworm,holofoil,Paldea Evolved,151,Rare,Hitoshi Ariga,Basic,968,Pokémon,2023/06/09,"tcgplayer,cardmarket",https://prices.pokemontcg.io/tcgplayer/sv2-151,https://images.pokemontcg.io/sv2/151_hires.png,2026/08/08,2025/11/18,0.2,0.009999999776482582,0.20000000298023224,20.0,,0.2,,,,0.0923,0.0231,0.0923,0.1961,0.03460000082850456,0.0692,0.0807,0.2076,0.2192,0.1846,1.1535,2026-08-09
sv2-153,Noivern ex,holofoil,Paldea Evolved,153,Double Rare,Nisota Niso,Stage 1|ex,715,Pokémon,2023/06/09,"tcgplayer,cardmarket",https://prices.pokemontcg.io/tcgplayer/sv2-153,https://images.pokemontcg.io/sv2/153_hires.png,2026/08/08,2025/11/18,0.68,0.25,0.9900000095367432,19.040000915527344,,,,,,0.8074,0.1154,1.0035,0.0,1.1073999404907227,0.9343,0.8305,0.0,0.0,0.0,1.1535,2026-08-09
sv2-157,Dudunsparce,normal,Paldea Evolved,157,Uncommon,Mina Nakai,Stage 1,982,Pokémon,2023/06/09,"tcgplayer,cardmarket",https://prices.pokemontcg.io/tcgplayer/sv2-157,https://images.pokemontcg.io/sv2/157_hires.png,2026/08/08,2025/11/18,0.12,0.009999999776482582,0.15000000596046448,1000.0,,0.22,,,,0.0461,0.0231,0.0461,0.15,0.08070000261068344,0.0346,0.0461,0.1961,0.2422,0.173,1.1535,2026-08-09
sv2-158,Wingull,normal,Paldea Evolved,158,Common,Kouki Saitou,Basic,278,Pokémon,2023/06/09,"tcgplayer,cardmarket",https://prices.pokemontcg.io/tcgplayer/sv2-158,https://images.pokemontcg.io/sv2/158_hires.png,2026/08/08,2025/11/18,0.06,0.009999999776482582,0.15000000596046448,1000.0,,0.09,,,,0.0346,0.0231,0.0231,0.1269,0.023099999874830246,0.0231,0.0231,0.4499,0.1038,0.1269,1.1535,2026-08-09
sv2-160,Slakoth,normal,Paldea Evolved,160,Common,Shigenori Negishi,Basic,287,Pokémon,2023/06/09,"tcgplayer,cardmarket",https://prices.pokemontcg.io/tcgplayer/sv2-160,https://images.pokemontcg.io/sv2/160_hires.png,2026/08/08,2025/11/18,0.12,0.009999999776482582,0.17000000178813934,19.979999542236328,,0.19,,,,0.0346,0.0231,0.0461,0.0923,0.023099999874830246,0.0577,0.0461,0.0231,0.1154,0.1038,1.1535,2026-08-09
sv2-161,Vigoroth,normal,Paldea Evolved,161,Uncommon,GIDORA,Stage 1,288,Pokémon,2023/06/09,"tcgplayer,cardmarket",https://prices.pokemontcg.io/tcgplayer/sv2-161,https://images.pokemontcg.io/sv2/161_hires.png,2026/08/08,2025/11/18,0.04,0.009999999776482582,0.15000000596046448,19.979999542236328,,0.22,,,,0.0346,0.0231,0.0807,0.1384,0.03460000082850456,0.0692,0.0461,0.2307,0.2307,0.1615,1.1535,2026-08-09
sv2-162,Slaking,holofoil,Paldea Evolved,162,Rare,Yuya Oka,Stage 2,289,Pokémon,2023/06/09,"tcgplayer,cardmarket",https://prices.pokemontcg.io/tcgplayer/sv2-162,https://images.pokemontcg.io/sv2/162_hires.png,2026/08/08,2025/11/18,0.2,0.029999999329447746,0.20000000298023224,19.979999542236328,,0.29,,,,0.1038,0.0231,0.1154,0.2192,0.05770000070333481,0.0807,0.1038,0.2768,0.2653,0.2192,1.1535,2026-08-09
sv2-163,Fletchling,normal,Paldea Evolved,163,Common,sui,Basic,661,Pokémon,2023/06/09,"tcgplayer,cardmarket",https://prices.pokemontcg.io/tcgplayer/sv2-163,https://images.pokemontcg.io/sv2/163_hires.png,2026/08/08,2025/11/18,0.1,0.009999999776482582,0.15000000596046448,19.979999542236328,,0.2,,,,0.0346,0.0231,0.0346,0.1038,0.03460000082850456,0.0346,0.0346,0.0577,0.15,0.1038,1.1535,2026-08-09
sv2-156,Dunsparce,normal,Paldea Evolved,156,Common,Nagomi Nijo,Basic,206,Pokémon,2023/06/09,"tcgplayer,cardmarket",https://prices.pokemontcg.io/tcgplayer/sv2-156,https://images.pokemontcg.io/sv2/156_hires.png,2026/08/08,2025/11/18,0.32,0.029999999329447746,0.30000001192092896,1000.0,,0.3,,,,0.1269,0.0231,0.0923,0.2422,0.05770000070333481,0.1038,0.1269,0.1154,0.2653,0.2192,1.1535,2026-08-09
sv2-159,Pelipper,normal,Paldea Evolved,159,Uncommon,Shinya Komatsu,Stage 1,279,Pokémon,2023/06/09,"tcgplayer,cardmarket",https://prices.pokemontcg.io/tcgplayer/sv2-159,https://images.pokemontcg.io/sv2/159_hires.png,2026/08/08,2025/11/18,0.08,0.009999999776482582,0.15000000596046448,25.0,,0.18,,,,0.0346,0.0231,0.0231,0.1615,0.03460000082850456,0.0231,0.0346,0.173,0.2076,0.173,1.1535,2026-08-09
sv2-165,Corvisquire,normal,Paldea Evolved,165,Uncommon,sui,Stage 1,822,Pokémon,2023/06/09,"tcgplayer,cardmarket",https://prices.pokemontcg.io/tcgplayer/sv2-165,https://images.pokemontcg.io/sv2/165_hires.png,2026/08/08,2025/11/18,0.08,0.009999999776482582,0.15000000596046448,800.0,,0.17,,,,0.0346,0.0231,0.0461,0.2076,0.023099999874830246,0.0577,0.0461,0.1038,0.2768,0.2076,1.1535,2026-08-09
sv2-155,Farigiraf,normal,Paldea Evolved,155,Uncommon,Kouki Saitou,Stage 1,981,Pokémon,2023/06/09,"tcgplayer,cardmarket",https://prices.pokemontcg.io/tcgplayer/sv2-155,https://images.pokemontcg.io/sv2/155_hires.png,2026/08/08,2025/11/18,0.11,0.009999999776482582,0.15000000596046448,1000.0,,0.2,,,,0.0346,0.0231,0.0231,0.1615,0.023099999874830246,0.0461,0.0346,0.0577,0.1154,0.1384,1.1535,2026-08-09
sv2-164,Rookidee,normal,Paldea Evolved,164,Common,Naoki Saito,Basic,821,Pokémon,2023/06/09,"tcgplayer,cardmarket",https://prices.pokemontcg.io/tcgplayer/sv2-164,https://images.pokemontcg.io/sv2/164_hires.png,2026/08/08,2025/11/18,0.11,0.009999999776482582,0.15000000596046448,19.979999542236328,,0.15,,,,0.0346,0.0231,0.0231,0.0923,0.023099999874830246,0.0346,0.0346,0.0577,0.0807,0.0807,1.1535,2026-08-09
sv2-166,Tandemaus,normal,Paldea Evolved,166,Common,Oswaldo KATO,Basic,924,Pokémon,2023/06/09,"tcgplayer,cardmarket",https://prices.pokemontcg.io/tcgplayer/sv2-166,https://images.pokemontcg.io/sv2/166_hires.png,2026/08/08,2025/11/18,0.19,0.009999999776482582,0.20000000298023224,1000.0,,0.31,,,,0.0577,0.0231,0.0461,0.2192,0.023099999874830246,0.0461,0.0461,0.1154,0.2422,0.2192,1.1535,2026-08-09
sv2-167,Tandemaus,normal,Paldea Evolved,167,Common,Sekio,Basic,924,Pokémon,2023/06/09,"tcgplayer,cardmarket",https://prices.pokemontcg.io/tcgplayer/sv2-167,https://images.pokemontcg.io/sv2/167_hires.png,2026/08/08,2025/11/18,0.26,0.07000000029802322,0.25999999046325684,20.0,,0.37,,,,0.0461,0.0231,0.0577,0.1961,0.023099999874830246,0.0692,0.0461,0.173,0.2999,0.2076,1.1535,2026-08-09
sv2-168,Maushold,normal,Paldea Evolved,168,Uncommon,Saya Tsuruta,Stage 1,925,Pokémon,2023/06/09,"tcgplayer,cardmarket",https://prices.pokemontcg.io/tcgplayer/sv2-168,https://images.pokemontcg.io/sv2/168_hires.png,2026/08/08,2025/11/18,0.33,0.019999999552965164,0.25999999046325684,1000.0,,0.35,,,,0.0461,0.0231,0.0461,0.1961,0.03460000082850456,0.0461,0.0461,0.5075,0.2307,0.1961,1.1535,2026-08-09
sv2-171,Artazon,normal,Paldea Evolved,171,Uncommon,Oswaldo KATO,Stadium,,Trainer,2023/06/09,"tcgplayer,cardmarket",https://prices.pokemontcg.io/tcgplayer/sv2-171,https://images.pokemontcg.io/sv2/171_hires.png,2026/08/08,2025/11/18,0.24,0.009999999776482582,0.25,17.959999084472656,,0.3,,,,0.1384,0.0231,0.1615,0.2192,0.1615000069141388,0.173,0.1384,0.0577,0.2653,0.2768,1.1535,2026-08-09
sv2-172,Boss's Orders (Ghetsis),holofoil,Paldea Evolved,172,Rare,NC Empire,Supporter,,Trainer,2023/06/09,"tcgplayer,cardmarket",https://prices.pokemontcg.io/tcgplayer/sv2-172,https://images.pokemontcg.io/sv2/172_hires.png,2026/08/08,2025/11/18,0.33,0.20000000298023224,0.4000000059604645,40.0,,1.0,,,,0.8305,0.0231,0.6575,1.0612,0.5651999711990356,0.7267,0.7728,1.7764,1.5226,1.1535,1.1535,2026-08-09
sv2-173,Bravery Charm,normal,Paldea Evolved,173,Uncommon,Toyste Beach,Pokémon Tool,,Trainer,2023/06/09,"tcgplayer,cardmarket",https://prices.pokemontcg.io/tcgplayer/sv2-173,https://images.pokemontcg.io/sv2/173_hires.png,2026/08/08,2025/11/18,0.35,0.029999999329447746,0.38999998569488525,17.780000686645508,,0.46,,,,0.7959,0.0231,0.8997,0.8421,0.8766999840736389,0.9113,0.8767,1.3035,0.9343,0.9113,1.1535,2026-08-09
sv2-176,Choice Belt,normal,Paldea Evolved,176,Uncommon,Studio Bora Inc.,Pokémon Tool,,Trainer,2023/06/09,"tcgplayer,cardmarket",https://prices.pokemontcg.io/tcgplayer/sv2-176,https://images.pokemontcg.io/sv2/176_hires.png,2026/08/08,2025/11/18,0.13,0.009999999776482582,0.15000000596046448,19.979999542236328,,0.14,,,,0.0577,0.0231,0.0577,0.0807,0.03460000082850456,0.0461,0.0577,0.0346,0.0923,0.0923,1.1535,2026-08-09
sv2-178,Delivery Drone,normal,Paldea Evolved,178,Uncommon,inose yukie,Item,,Trainer,2023/06/09,"tcgplayer,cardmarket",https://prices.pokemontcg.io/tcgplayer/sv2-178,https://images.pokemontcg.io/sv2/178_hires.png,2026/08/08,2025/11/18,0.05,0.009999999776482582,0.15000000596046448,19.979999542236328,,0.08,,,,0.0577,0.0231,0.0577,0.0923,0.06920000165700912,0.0692,0.0577,0.173,0.15,0.1038,1.1535,2026-08-09
sv2-170,Flamigo,normal,Paldea Evolved,170,Uncommon,nagimiso,Basic,973,Pokémon,2023/06/09,"tcgplayer,cardmarket",https://prices.pokemontcg.io/tcgplayer/sv2-170,https://images.pokemontcg.io/sv2/170_hires.png,2026/08/08,2025/11/18,0.13,0.009999999776482582,0.1899999976158142,19.979999542236328,,0.29,,,,0.0461,0.0231,0.0461,0.173,0.023099999874830246,0.0346,0.0346,0.0807,0.2307,0.1846,1.1535,2026-08-09
sv2-169,Squawkabilly ex,holofoil,Paldea Evolved,169,Double Rare,PLANETA Mochizuki,Basic|ex,931,Pokémon,2023/06/09,"tcgplayer,cardmarket",https://prices.pokemontcg.io/tcgplayer/sv2-169,https://images.pokemontcg.io/sv2/169_hires.png,2026/08/08,2025/11/18,0.62,0.4000000059604645,0.8600000143051147,9.949999809265137,,,,,,1.0151,0.2307,0.9689,0.0,1.2689000368118286,1.0497,0.9459,0.0,0.0,0.0,1.1535,2026-08-09
sv2-174,Calamitous Snowy Mountain,normal,Paldea Evolved,174,Uncommon,AYUMI ODASHIMA,Stadium,,Trainer,2023/06/09,"tcgplayer,cardmarket",https://prices.pokemontcg.io/tcgplayer/sv2-174,https://images.pokemontcg.io/sv2/174_hires.png,2026/08/08,2025/11/18,0.13,0.009999999776482582,0.20000000298023224,1000.0,,0.17,,,,0.1154,0.0231,0.173,0.2307,0.17299999296665192,0.1269,0.1269,0.2192,0.2653,0.2422,1.1535,2026-08-09
sv2-175,Calamitous Wasteland,normal,Paldea Evolved,175,Uncommon,AYUMI ODASHIMA,Stadium,,Trainer,2023/06/09,"tcgplayer,cardmarket",https://prices.pokemontcg.io/tcgplayer/sv2-175,https://images.pokemontcg.io/sv2/175_hires.png,2026/08/08,2025/11/18,0.07,0.009999999776482582,0.1599999964237213,1000.0,,0.14,,,,0.0692,0.0231,0.1384,0.1038,0.13840000331401825,0.1154,0.0923,0.0461,0.0923,0.0923,1.1535,2026-08-09
sv2-177,Clavell,normal,Paldea Evolved,177,Common,Hitoshi Ariga,Supporter,,Trainer,2023/06/09,"tcgplayer,cardmarket",https://prices.pokemontcg.io/tcgplayer/sv2-177,https://images.pokemontcg.io/sv2/177_hires.png,2026/08/08,2025/11/18,0.08,0.009999999776482582,0.15000000596046448,19.979999542236328,,0.09,,,,0.0692,0.0231,0.0577,0.0923,0.023099999874830246,0.0346,0.0577,0.0577,0.0923,0.1038,1.1535,2026-08-09
sv2-195,Tropius,holofoil,Paldea Evolved,195,Illustration Rare,Jerky,Basic,357,Pokémon,2023/06/09,"tcgplayer,cardmarket",https://prices.pokemontcg.io/tcgplayer/sv2-195,https://images.pokemontcg.io/sv2/195_hires.png,2026/08/08,2025/11/18,15.95,12.149999618530273,16.510000228881836,94.9000015258789,,,,,,8.3513,5.1792,7.5554,0.0,7.174799919128418,7.9476,8.3513,0.0,0.0,0.0,1.1535,2026-08-09
sv2-198,Bramblin,holofoil,Paldea Evolved,198,Illustration Rare,sowsow,Basic,946,Pokémon,2023/06/09,"tcgplayer,cardmarket",https://prices.pokemontcg.io/tcgplayer/sv2-198,https://images.pokemontcg.io/sv2/198_hires.png,2026/08/08,2025/11/18,11.3,8.479999542236328,11.5,102.41999816894531,,,,,,8.3744,3.4605,8.2245,0.0,6.517300128936768,5.4215,7.8899,0.0,0.0,0.0,1.1535,2026-08-09
sv2-182,Giacomo,normal,Paldea Evolved,182,Uncommon,Akira Komayama,Supporter,,Trainer,2023/06/09,"tcgplayer,cardmarket",https://prices.pokemontcg.io/tcgplayer/sv2-182,https://images.pokemontcg.io/sv2/182_hires.png,2026/08/08,2025/11/18,0.12,0.009999999776482582,0.15000000596046448,19.979999542236328,,0.2,,,,0.0346,0.0231,0.0346,0.1038,0.023099999874830246,0.0346,0.0346,0.0461,0.0923,0.1038,1.1535,2026-08-09
sv2-184,Grusha,normal,Paldea Evolved,184,Uncommon,GIDORA,Supporter,,Trainer,2023/06/09,"tcgplayer,cardmarket",https://prices.pokemontcg.io/tcgplayer/sv2-184,https://images.pokemontcg.io/sv2/184_hires.png,2026/08/08,2025/11/18,0.13,0.009999999776482582,0.15000000596046448,1000.0,,0.12,,,,0.0461,0.0231,0.0577,0.0923,0.023099999874830246,0.0692,0.0461,0.0231,0.1269,0.1038,1.1535,2026-08-09
sv2-190,Jet Energy,normal,Paldea Evolved,190,Uncommon,,Special,,Energy,2023/06/09,"tcgplayer,cardmarket",https://prices.pokemontcg.io/tcgplayer/sv2-190,https://images.pokemontcg.io/sv2/190_hires.png,2026/08/08,2025/11/18,0.31,0.029999999329447746,0.3499999940395355,101.80000305175781,,0.39,,,,0.323,0.0231,0.4037,0.4153,0.28839999437332153,0.3691,0.3345,0.3922,0.3922,0.4268,1.1535,2026-08-09
sv2-194,Heracross,holofoil,Paldea Evolved,194,Illustration Rare,Kurata So,Basic,214,Pokémon,2023/06/09,"tcgplayer,cardmarket",https://prices.pokemontcg.io/tcgplayer/sv2-194,https://images.pokemontcg.io/sv2/194_hires.png,2026/08/08,2025/11/18,35.05,24.3799991607666,34.9900016784668,183.22000122070312,,,,,,19.7825,13.842,17.3025,0.0,16.056699752807617,17.314,19.0212,0.0,0.0,0.0,1.1535,2026-08-09
sv2-199,Fletchinder,holofoil,Paldea Evolved,199,Illustration Rare,Atsushi Furusawa,Stage 1,662,Pokémon,2023/06/09,"tcgplayer,cardmarket",https://prices.pokemontcg.io/tcgplayer/sv2-199,https://images.pokemontcg.io/sv2/199_hires.png,2026/08/08,2025/11/18,20.36,15.989999771118164,21.989999771118164,38.5099983215332,,,,,,10.6814,6.9095,10.6122,0.0,10.958200454711914,10.3815,10.4968,0.0,0.0,0.0,1.1535,2026-08-09
sv2-200,Pyroar,holofoil,Paldea Evolved,200,Illustration Rare,Po-Suzuki,Stage 1,668,Pokémon,2023/06/09,"tcgplayer,cardmarket",https://prices.pokemontcg.io/tcgplayer/sv2-200,https://images.pokemontcg.io/sv2/200_hires.png,2026/08/08,2025/11/18,21.77,14.90999984741211,21.440000534057617,89.4000015258789,,,,,,9.378,4.614,8.8589,0.0,8.039899826049805,9.3664,9.4933,0.0,0.0,0.0,1.1535,2026-08-09
sv2-201,Fuecoco,holofoil,Paldea Evolved,201,Illustration Rare,kantaro,Basic,909,Pokémon,2023/06/09,"tcgplayer,cardmarket",https://prices.pokemontcg.io/tcgplayer/sv2-201,https://images.pokemontcg.io/sv2/201_hires.png,2026/08/08,2025/11/18,58.3,45.459999084472656,58.849998474121094,524.7000122070312,,,,,,19.3327,6.921,16.1951,0.0,16.298999786376953,16.9795,18.7328,0.0,0.0,0.0,1.1535,2026-08-09
sv2-202,Crocalor,holofoil,Paldea Evolved,202,Illustration Rare,kantaro,Stage 1,910,Pokémon,2023/06/09,"tcgplayer,cardmarket",https://prices.pokemontcg.io/tcgplayer/sv2-202,https://images.pokemontcg.io/sv2/202_hires.png,2026/08/08,2025/11/18,18.19,16.0,20.5,124.77999877929688,,,,,,8.8473,5.3984,7.9822,0.0,7.682300090789795,8.1091,8.6166,0.0,0.0,0.0,1.1535,2026-08-09
sv2-203,Magikarp,holofoil,Paldea Evolved,203,Illustration Rare,Shinji Kanda,Basic,129,Pokémon,2023/06/09,"tcgplayer,cardmarket",https://prices.pokemontcg.io/tcgplayer/sv2-203,https://images.pokemontcg.io/sv2/203_hires.png,2026/08/08,2025/11/18,394.34,342.1499938964844,424.5,1200.0,,,,,,237.9324,113.4237,220.5146,0.0,145.60629272460938,204.677,233.8952,0.0,0.0,0.0,1.1535,2026-08-09
sv2-180,Falkner,normal,Paldea Evolved,180,Uncommon,Ryuta Fuse,Supporter,,Trainer,2023/06/09,"tcgplayer,cardmarket",https://prices.pokemontcg.io/tcgplayer/sv2-180,https://images.pokemontcg.io/sv2/180_hires.png,2026/08/08,2025/11/18,0.1,0.009999999776482582,0.15000000596046448,19.979999542236328,,0.09,,,,0.0461,0.0231,0.0461,0.0923,0.023099999874830246,0.0461,0.0461,0.0461,0.0807,0.0807,1.1535,2026-08-09
sv2-181,Fighting Au Lait,normal,Paldea Evolved,181,Uncommon,Ayaka Yoshida,Item,,Trainer,2023/06/09,"tcgplayer,cardmarket",https://prices.pokemontcg.io/tcgplayer/sv2-181,https://images.pokemontcg.io/sv2/181_hires.png,2026/08/08,2025/11/18,0.07,0.009999999776482582,0.15000000596046448,19.979999542236328,,0.15,,,,0.0692,0.0231,0.0577,0.0923,0.04610000178217888,0.0577,0.0692,0.1154,0.15,0.1038,1.1535,2026-08-09
sv2-183,Great Ball,normal,Paldea Evolved,183,Common,Studio Bora Inc.,Item,,Trainer,2023/06/09,"tcgplayer,cardmarket",https://prices.pokemontcg.io/tcgplayer/sv2-183,https://images.pokemontcg.io/sv2/183_hires.png,2026/08/08,2025/11/18,0.16,0.009999999776482582,0.17000000178813934,19.979999542236328,,0.27,,,,0.0807,0.0231,0.0692,0.1961,0.03460000082850456,0.0577,0.0692,0.0461,0.1384,0.1846,1.1535,2026-08-09
sv2-186,Practice Studio,normal,Paldea Evolved,186,Uncommon,AYUMI ODASHIMA,Stadium,,Trainer,2023/06/09,"tcgplayer,cardmarket",https://prices.pokemontcg.io/tcgplayer/sv2-186,https://images.pokemontcg.io/sv2/186_hires.png,2026/08/08,2025/11/18,0.06,0.009999999776482582,0.15000000596046448,19.979999542236328,,0.14,,,,0.1038,0.0231,0.1154,0.1269,0.10379999876022339,0.0692,0.0923,0.1269,0.1615,0.1384,1.1535,2026-08-09
sv2-187,Saguaro,normal,Paldea Evolved,187,Uncommon,nagimiso,Supporter,,Trainer,2023/06/09,"tcgplayer,cardmarket",https://prices.pokemontcg.io/tcgplayer/sv2-187,https://images.pokemontcg.io/sv2/187_hires.png,2026/08/08,2025/11/18,0.15,0.009999999776482582,0.15000000596046448,19.979999542236328,,0.14,,,,0.0923,0.0231,0.0807,0.1038,0.09229999780654907,0.1846,0.0923,0.1038,0.0807,0.1038,1.1535,2026-08-09
sv2-188,Super Rod,normal,Paldea Evolved,188,Common,Toyste Beach,Item,,Trainer,2023/06/09,"tcgplayer,cardmarket",https://prices.pokemontcg.io/tcgplayer/sv2-188,https://images.pokemontcg.io/sv2/188_hires.png,2026/08/08,2025/11/18,0.29,0.009999999776482582,0.3199999928474426,17.0,,0.37,,,,0.2076,0.0231,0.2192,0.3691,0.2653000056743622,0.2076,0.1961,0.5306,0.346,0.3807,1.1535,2026-08-09
sv2-191,Luminous Energy,normal,Paldea Evolved,191,Uncommon,,Special,,Energy,2023/06/09,"tcgplayer,cardmarket",https://prices.pokemontcg.io/tcgplayer/sv2-191,https://images.pokemontcg.io/sv2/191_hires.png,2026/08/08,2025/11/18,0.27,0.019999999552965164,0.3100000023841858,18.860000610351562,,0.42,,,,1.1881,0.0231,1.2689,1.3035,1.7417999505996704,1.1996,1.1304,1.0266,1.2458,1.3035,1.1535,2026-08-09
sv2-193,Therapeutic Energy,normal,Paldea Evolved,193,Uncommon,,Special,,Energy,2023/06/09,"tcgplayer,cardmarket",https://prices.pokemontcg.io/tcgplayer/sv2-193,https://images.pokemontcg.io/sv2/193_hires.png,2026/08/08,2025/11/18,0.18,0.009999999776482582,0.20000000298023224,19.979999542236328,,0.17,,,,0.1269,0.0231,0.1269,0.1384,0.17299999296665192,0.0923,0.1154,0.0577,0.1961,0.15,1.1535,2026-08-09
sv2-179,Dendra,normal,Paldea Evolved,179,Uncommon,yuu,Supporter,,Trainer,2023/06/09,"tcgplayer,cardmarket",https://prices.pokemontcg.io/tcgplayer/sv2-179,https://images.pokemontcg.io/sv2/179_hires.png,2026/08/08,2025/11/18,0.06,0.009999999776482582,0.15000000596046448,1000.0,,0.16,,,,0.0346,0.0231,0.0346,0.0692,0.023099999874830246,0.0577,0.0346,0.0692,0.15,0.0923,1.1535,2026-08-09
sv2-185,Iono,normal,Paldea Evolved,185,Uncommon,Sanosuke Sakuma,Supporter,,Trainer,2023/06/09,"tcgplayer,cardmarket",https://prices.pokemontcg.io/tcgplayer/sv2-185,https://images.pokemontcg.io/sv2/185_hires.png,2026/08/08,2025/11/18,0.32,0.009999999776482582,0.3100000023841858,19.700000762939453,,0.45,,,,0.2192,0.0231,0.2653,0.4268,0.17299999296665192,0.2076,0.2307,0.3922,0.3114,0.4268,1.1535,2026-08-09
sv2-189,Superior Energy Retrieval,normal,Paldea Evolved,189,Uncommon,Studio Bora Inc.,Item,,Trainer,2023/06/09,"tcgplayer,cardmarket",https://prices.pokemontcg.io/tcgplayer/sv2-189,https://images.pokemontcg.io/sv2/189_hires.png,2026/08/08,2025/11/18,0.31,0.09000000357627869,0.3499999940395355,18.81999969482422,,0.45,,,,0.4499,0.0231,0.4729,0.6344,0.41530001163482666,0.4268,0.4499,0.4037,0.5883,0.6229,1.1535,2026-08-09
sv2-192,Reversal Energy,normal,Paldea Evolved,192,Uncommon,,Special,,Energy,2023/06/09,"tcgplayer,cardmarket",https://prices.pokemontcg.io/tcgplayer/sv2-192,https://images.pokemontcg.io/sv2/192_hires.png,2026/08/08,2025/11/18,0.24,0.009999999776482582,0.25,19.979999542236328,,0.33,,,,0.1615,0.0231,0.1615,0.2192,0.09229999780654907,0.1384,0.15,0.1846,0.2884,0.2307,1.1535,2026-08-09
sv2-196,Sprigatito,holofoil,Paldea Evolved,196,Illustration Rare,Kouki Saitou,Basic,906,Pokémon,2023/06/09,"tcgplayer,cardmarket",https://prices.pokemontcg.io/tcgplayer/sv2-196,https://images.pokemontcg.io/sv2/196_hires.png,2026/08/08,2025/11/18,63.66,49.0,65.94000244140625,478.3500061035156,,,,,,16.3682,8.0745,15.8029,0.0,13.276800155639648,15.8491,16.1836,0.0,0.0,0.0,1.1535,2026-08-09
sv2-197,Floragato,holofoil,Paldea Evolved,197,Illustration Rare,Kouki Saitou,Stage 1,907,Pokémon,2023/06/09,"tcgplayer,cardmarket",https://prices.pokemontcg.io/tcgplayer/sv2-197,https://images.pokemontcg.io/sv2/197_hires.png,2026/08/08,2025/11/18,21.86,17.489999771118164,23.100000381469727,144.63999938964844,,,,,,10.3123,3.622,10.4968,0.0,7.474699974060059,9.3203,10.3238,0.0,0.0,0.0,1.1535,2026-08-09
sv2-208,Frigibax,holofoil,Paldea Evolved,208,Illustration Rare,Tomokazu Komiya,Basic,996,Pokémon,2023/06/09,"tcgplayer,cardmarket",https://prices.pokemontcg.io/tcgplayer/sv2-208,https://images.pokemontcg.io/sv2/208_hires.png,2026/08/08,2025/11/18,22.79,19.600000381469727,25.0,129.0,,,,,,10.8544,5.756,10.9467,0.0,9.424099922180176,10.4507,10.5661,0.0,0.0,0.0,1.1535,2026-08-09
sv2-211,Raichu,holofoil,Paldea Evolved,211,Illustration Rare,Toshinao Aoki,Stage 1,26,Pokémon,2023/06/09,"tcgplayer,cardmarket",https://prices.pokemontcg.io/tcgplayer/sv2-211,https://images.pokemontcg.io/sv2/211_hires.png,2026/08/08,2025/11/18,100.2,89.98999786376953,110.75,879.6599731445312,,,,,,43.3485,23.0585,40.3494,0.0,33.07080078125,39.3344,42.668,0.0,0.0,0.0,1.1535,2026-08-09
sv2-209,Arctibax,holofoil,Paldea Evolved,209,Illustration Rare,Tomokazu Komiya,Stage 1,997,Pokémon,2023/06/09,"tcgplayer,cardmarket",https://prices.pokemontcg.io/tcgplayer/sv2-209,https://images.pokemontcg.io/sv2/209_hires.png,2026/08/08,2025/11/18,19.03,17.510000228881836,21.360000610351562,171.27000427246094,,,,,,10.1739,1.1535,9.0665,0.0,9.527899742126465,9.2395,9.9316,0.0,0.0,0.0,1.1535,2026-08-09
sv2-216,Tinkatink,holofoil,Paldea Evolved,216,Illustration Rare,Tika Matsuno,Basic,957,Pokémon,2023/06/09,"tcgplayer,cardmarket",https://prices.pokemontcg.io/tcgplayer/sv2-216,https://images.pokemontcg.io/sv2/216_hires.png,2026/08/08,2025/11/18,32.4,27.0,33.290000915527344,100.0,,,,,,7.4401,3.4605,7.6246,0.0,4.025700092315674,7.5554,7.5554,0.0,0.0,0.0,1.1535,2026-08-09
sv2-217,Tinkatuff,holofoil,Paldea Evolved,217,Illustration Rare,Tika Matsuno,Stage 1,958,Pokémon,2023/06/09,"tcgplayer,cardmarket",https://prices.pokemontcg.io/tcgplayer/sv2-217,https://images.pokemontcg.io/sv2/217_hires.png,2026/08/08,2025/11/18,33.17,28.010000228881836,36.59000015258789,345.1000061035156,,,,,,11.3274,6.6326,12.8038,0.0,14.130399703979492,11.2928,11.5927,0.0,0.0,0.0,1.1535,2026-08-09
sv2-220,Nacli,holofoil,Paldea Evolved,220,Illustration Rare,Ryota Murayama,Basic,932,Pokémon,2023/06/09,"tcgplayer,cardmarket",https://prices.pokemontcg.io/tcgplayer/sv2-220,https://images.pokemontcg.io/sv2/220_hires.png,2026/08/08,2025/11/18,6.61,5.480000019073486,7.53000020980835,62.54999923706055,,,,,,4.9485,2.5492,4.3141,0.0,5.490699768066406,4.9139,4.9716,0.0,0.0,0.0,1.1535,2026-08-09
sv2-222,Tyranitar,holofoil,Paldea Evolved,222,Illustration Rare,Nurikabe,Stage 2,248,Pokémon,2023/06/09,"tcgplayer,cardmarket",https://prices.pokemontcg.io/tcgplayer/sv2-222,https://images.pokemontcg.io/sv2/222_hires.png,2026/08/08,2025/11/18,72.88,61.95000076293945,79.98999786376953,467.739990234375,,,,,,51.3654,11.535,57.5827,0.0,28.837499618530273,57.1675,55.3334,0.0,0.0,0.0,1.1535,2026-08-09
sv2-224,Orthworm,holofoil,Paldea Evolved,224,Illustration Rare,OKACHEKE,Basic,968,Pokémon,2023/06/09,"tcgplayer,cardmarket",https://prices.pokemontcg.io/tcgplayer/sv2-224,https://images.pokemontcg.io/sv2/224_hires.png,2026/08/08,2025/11/18,6.09,4.5,7.320000171661377,999.0,,,,,,4.8678,3.3451,4.787,0.0,5.063899993896484,4.6947,4.8216,0.0,0.0,0.0,1.1535,2026-08-09
sv2-225,Rookidee,holofoil,Paldea Evolved,225,Illustration Rare,GOSSAN,Basic,821,Pokémon,2023/06/09,"tcgplayer,cardmarket",https://prices.pokemontcg.io/tcgplayer/sv2-225,https://images.pokemontcg.io/sv2/225_hires.png,2026/08/08,2025/11/18,11.84,10.449999809265137,12.5,40.0,,,,,,8.2937,2.7684,7.7284,0.0,8.78969955444336,7.6592,8.1437,0.0,0.0,0.0,1.1535,2026-08-09
sv2-205,Eiscue,holofoil,Paldea Evolved,205,Illustration Rare,Nelnal,Basic,875,Pokémon,2023/06/09,"tcgplayer,cardmarket",https://prices.pokemontcg.io/tcgplayer/sv2-205,https://images.pokemontcg.io/sv2/205_hires.png,2026/08/08,2025/11/18,20.82,18.0,23.0,153.8000030517578,,,,,,10.3008,5.1907,10.047,0.0,13.842000007629395,9.9086,10.22,0.0,0.0,0.0,1.1535,2026-08-09
sv2-207,Quaxwell,holofoil,Paldea Evolved,207,Illustration Rare,Souichirou Gunjima,Stage 1,913,Pokémon,2023/06/09,"tcgplayer,cardmarket",https://prices.pokemontcg.io/tcgplayer/sv2-207,https://images.pokemontcg.io/sv2/207_hires.png,2026/08/08,2025/11/18,9.99,7.96999979019165,11.0,89.91000366210938,,,,,,5.9867,3.2298,5.3984,0.0,5.075399875640869,5.4907,5.8828,0.0,0.0,0.0,1.1535,2026-08-09
sv2-212,Mismagius,holofoil,Paldea Evolved,212,Illustration Rare,aoki,Stage 1,429,Pokémon,2023/06/09,"tcgplayer,cardmarket",https://prices.pokemontcg.io/tcgplayer/sv2-212,https://images.pokemontcg.io/sv2/212_hires.png,2026/08/08,2025/11/18,37.81,32.150001525878906,42.5,770.0,,,,,,19.5172,7.9592,20.9937,0.0,18.167600631713867,21.3628,19.9555,0.0,0.0,0.0,1.1535,2026-08-09
sv2-214,Sandygast,holofoil,Paldea Evolved,214,Illustration Rare,Teeziro,Basic,769,Pokémon,2023/06/09,"tcgplayer,cardmarket",https://prices.pokemontcg.io/tcgplayer/sv2-214,https://images.pokemontcg.io/sv2/214_hires.png,2026/08/08,2025/11/18,12.49,9.449999809265137,12.569999694824219,112.41000366210938,,,,,,6.8056,4.614,6.9441,0.0,8.639699935913086,6.7134,6.7018,0.0,0.0,0.0,1.1535,2026-08-09
sv2-219,Sudowoodo,holofoil,Paldea Evolved,219,Illustration Rare,Narumi Sato,Basic,185,Pokémon,2023/06/09,"tcgplayer,cardmarket",https://prices.pokemontcg.io/tcgplayer/sv2-219,https://images.pokemontcg.io/sv2/219_hires.png,2026/08/08,2025/11/18,31.08,27.440000534057617,33.0,77.0,,,,,,15.3069,5.7675,14.1881,0.0,12.607799530029297,13.3575,15.0416,0.0,0.0,0.0,1.1535,2026-08-09
sv2-223,Grafaiai,holofoil,Paldea Evolved,223,Illustration Rare,Oswaldo KATO,Stage 1,945,Pokémon,2023/06/09,"tcgplayer,cardmarket",https://prices.pokemontcg.io/tcgplayer/sv2-223,https://images.pokemontcg.io/sv2/223_hires.png,2026/08/08,2025/11/18,8.7,5.0,9.210000038146973,78.30000305175781,,,,,,5.4215,2.8838,5.4099,0.0,6.86329984664917,5.3407,5.3984,0.0,0.0,0.0,1.1535,2026-08-09
sv2-226,Maushold,holofoil,Paldea Evolved,226,Illustration Rare,Mizue,Stage 1,925,Pokémon,2023/06/09,"tcgplayer,cardmarket",https://prices.pokemontcg.io/tcgplayer/sv2-226,https://images.pokemontcg.io/sv2/226_hires.png,2026/08/08,2025/11/18,93.18,88.72000122070312,101.0,9999.0,,,,,,31.2945,13.7843,29.3104,0.0,22.054899215698242,30.0371,30.0717,0.0,0.0,0.0,1.1535,2026-08-09
sv2-204,Marill,holofoil,Paldea Evolved,204,Illustration Rare,Atsuya Uki,Basic,183,Pokémon,2023/06/09,"tcgplayer,cardmarket",https://prices.pokemontcg.io/tcgplayer/sv2-204,https://images.pokemontcg.io/sv2/204_hires.png,2026/08/08,2025/11/18,56.68,49.97999954223633,60.0,452.7900085449219,,,,,,24.6503,8.063,23.8774,0.0,16.34510040283203,23.716,24.3504,0.0,0.0,0.0,1.1535,2026-08-09
sv2-206,Quaxly,holofoil,Paldea Evolved,206,Illustration Rare,Souichirou Gunjima,Basic,912,Pokémon,2023/06/09,"tcgplayer,cardmarket",https://prices.pokemontcg.io/tcgplayer/sv2-206,https://images.pokemontcg.io/sv2/206_hires.png,2026/08/08,2025/11/18,19.86,16.950000762939453,21.65999984741211,102.12000274658203,,,,,,8.3859,4.6025,7.9592,0.0,7.832300186157227,7.7169,8.2475,0.0,0.0,0.0,1.1535,2026-08-09
sv2-210,Baxcalibur,holofoil,Paldea Evolved,210,Illustration Rare,Tomokazu Komiya,Stage 2,998,Pokémon,2023/06/09,"tcgplayer,cardmarket",https://prices.pokemontcg.io/tcgplayer/sv2-210,https://images.pokemontcg.io/sv2/210_hires.png,2026/08/08,2025/11/18,34.43,30.90999984741211,38.08000183105469,207.36000061035156,,,,,,14.2688,8.6512,14.4649,0.0,14.822500228881836,14.338,14.1534,0.0,0.0,0.0,1.1535,2026-08-09
sv2-213,Gothorita,holofoil,Paldea Evolved,213,Illustration Rare,SIE NANAHARA,Stage 1,575,Pokémon,2023/06/09,"tcgplayer,cardmarket",https://prices.pokemontcg.io/tcgplayer/sv2-213,https://images.pokemontcg.io/sv2/213_hires.png,2026/08/08,2025/11/18,14.11,11.300000190734863,14.619999885559082,108.9000015258789,,,,,,6.1136,3.449,5.5253,0.0,5.686800003051758,5.4445,5.7906,0.0,0.0,0.0,1.1535,2026-08-09
sv2-215,Rabsca,holofoil,Paldea Evolved,215,Illustration Rare,nagimiso,Stage 1,954,Pokémon,2023/06/09,"tcgplayer,cardmarket",https://prices.pokemontcg.io/tcgplayer/sv2-215,https://images.pokemontcg.io/sv2/215_hires.png,2026/08/08,2025/11/18,6.28,4.639999866485596,7.0,70.0,,,,,,5.8252,2.5377,5.2715,0.0,5.882800102233887,5.3176,5.6175,0.0,0.0,0.0,1.1535,2026-08-09
sv2-218,Paldean Tauros,holofoil,Paldea Evolved,218,Illustration Rare,Anesaki Dynamic,Basic,128,Pokémon,2023/06/09,"tcgplayer,cardmarket",https://prices.pokemontcg.io/tcgplayer/sv2-218,https://images.pokemontcg.io/sv2/218_hires.png,2026/08/08,2025/11/18,17.09,13.989999771118164,18.489999771118164,104.9000015258789,,,,,,13.7266,6.7595,12.5385,0.0,13.842000007629395,11.6388,13.5882,0.0,0.0,0.0,1.1535,2026-08-09
sv2-221,Paldean Wooper,holofoil,Paldea Evolved,221,Illustration Rare,Miki Tanaka,Basic,194,Pokémon,2023/06/09,"tcgplayer,cardmarket",https://prices.pokemontcg.io/tcgplayer/sv2-221,https://images.pokemontcg.io/sv2/221_hires.png,2026/08/08,2025/11/18,14.37,10.0,15.399999618530273,100.69999694824219,,,,,,5.4676,2.307,5.5714,0.0,6.967100143432617,5.4791,5.5599,0.0,0.0,0.0,1.1535,2026-08-09
sv2-230,Forretress ex,holofoil,Paldea Evolved,230,Ultra Rare,5ban Graphics,Stage 1|Tera|ex,205,Pokémon,2023/06/09,"tcgplayer,cardmarket",https://prices.pokemontcg.io/tcgplayer/sv2-230,https://images.pokemontcg.io/sv2/230_hires.png,2026/08/08,2025/11/18,1.15,0.8299999833106995,1.5,22.5,,,,,,1.7302,0.6921,1.8917,0.0,2.2955000400543213,1.6264,1.7649,0.0,0.0,0.0,1.1535,2026-08-09
sv2-239,Dedenne ex,holofoil,Paldea Evolved,239,Ultra Rare,aky CG Works,Basic|Tera|ex,702,Pokémon,2023/06/09,"tcgplayer,cardmarket",https://prices.pokemontcg.io/tcgplayer/sv2-239,https://images.pokemontcg.io/sv2/239_hires.png,2026/08/08,2025/11/18,15.99,14.289999961853027,17.0,147.14999389648438,,,,,,4.5794,2.307,4.8678,0.0,3.4374001026153564,4.4525,4.5563,0.0,0.0,0.0,1.1535,2026-08-09
sv2-245,Copperajah ex,holofoil,Paldea Evolved,245,Ultra Rare,Eske Yoshinob,Stage 1|ex,879,Pokémon,2023/06/09,"tcgplayer,cardmarket",https://prices.pokemontcg.io/tcgplayer/sv2-245,https://images.pokemontcg.io/sv2/245_hires.png,2026/08/08,2025/11/18,1.2,0.7400000095367432,1.5,29.0,,,,,,1.811,0.1154,1.6149,0.0,1.4419000148773193,1.5457,1.7879,0.0,0.0,0.0,1.1535,2026-08-09
sv2-247,Squawkabilly ex,holofoil,Paldea Evolved,247,Ultra Rare,PLANETA Mochizuki,Basic|ex,931,Pokémon,2023/06/09,"tcgplayer,cardmarket",https://prices.pokemontcg.io/tcgplayer/sv2-247,https://images.pokemontcg.io/sv2/247_hires.png,2026/08/08,2025/11/18,1.61,1.1200000047683716,1.7699999809265137,27.399999618530273,,,,,,2.0878,1.142,2.6646,0.0,3.621999979019165,2.9184,2.2839,0.0,0.0,0.0,1.1535,2026-08-09
sv2-254,Iono,holofoil,Paldea Evolved,254,Ultra Rare,Sanosuke Sakuma,Supporter,,Trainer,2023/06/09,"tcgplayer,cardmarket",https://prices.pokemontcg.io/tcgplayer/sv2-254,https://images.pokemontcg.io/sv2/254_hires.png,2026/08/08,2025/11/18,12.51,8.289999961853027,12.5600004196167,111.81999969482422,,,,,,11.3389,6.9095,10.5661,0.0,12.723099708557129,11.0967,11.4312,0.0,0.0,0.0,1.1535,2026-08-09
sv2-255,Saguaro,holofoil,Paldea Evolved,255,Ultra Rare,nagimiso,Supporter,,Trainer,2023/06/09,"tcgplayer,cardmarket",https://prices.pokemontcg.io/tcgplayer/sv2-255,https://images.pokemontcg.io/sv2/255_hires.png,2026/08/08,2025/11/18,1.12,0.6100000143051147,1.25,19.139999389648438,,,,,,1.3727,0.4614,1.3842,0.0,1.8224999904632568,1.3611,1.315,0.0,0.0,0.0,1.1535,2026-08-09
sv2-257,Wo-Chien ex,holofoil,Paldea Evolved,257,Special Illustration Rare,takuyoa,Basic|ex,1001,Pokémon,2023/06/09,"tcgplayer,cardmarket",https://prices.pokemontcg.io/tcgplayer/sv2-257,https://images.pokemontcg.io/sv2/257_hires.png,2026/08/08,2025/11/18,18.09,15.0,19.5,162.80999755859375,,,,,,11.8234,7.9592,11.3043,0.0,11.281200408935547,11.6042,11.8926,0.0,0.0,0.0,1.1535,2026-08-09
sv2-232,Wo-Chien ex,holofoil,Paldea Evolved,232,Ultra Rare,5ban Graphics,Basic|ex,1001,Pokémon,2023/06/09,"tcgplayer,cardmarket",https://prices.pokemontcg.io/tcgplayer/sv2-232,https://images.pokemontcg.io/sv2/232_hires.png,2026/08/08,2025/11/18,1.54,0.9900000095367432,1.8200000524520874,99.0,,,,,,1.9033,0.5652,2.2032,0.0,2.2955000400543213,2.0417,1.9956,0.0,0.0,0.0,1.1535,2026-08-09
sv2-235,Quaquaval ex,holofoil,Paldea Evolved,235,Ultra Rare,5ban Graphics,Stage 2|ex,914,Pokémon,2023/06/09,"tcgplayer,cardmarket",https://prices.pokemontcg.io/tcgplayer/sv2-235,https://images.pokemontcg.io/sv2/235_hires.png,2026/08/08,2025/11/18,1.81,1.2000000476837158,2.069999933242798,50.0,,,,,,2.2955,1.1535,2.1801,0.0,2.8722000122070312,2.4916,2.3762,0.0,0.0,0.0,1.1535,2026-08-09
sv2-237,Bellibolt ex,holofoil,Paldea Evolved,237,Ultra Rare,PLANETA Yamashita,Stage 1|ex,939,Pokémon,2023/06/09,"tcgplayer,cardmarket",https://prices.pokemontcg.io/tcgplayer/sv2-237,https://images.pokemontcg.io/sv2/237_hires.png,2026/08/08,2025/11/18,3.69,2.5,4.199999809265137,36.79999923706055,,,,,,2.4339,1.1535,2.63,0.0,2.1916000843048096,2.7684,2.457,0.0,0.0,0.0,1.1535,2026-08-09
sv2-238,Slowking ex,holofoil,Paldea Evolved,238,Ultra Rare,5ban Graphics,Stage 1|Tera|ex,199,Pokémon,2023/06/09,"tcgplayer,cardmarket",https://prices.pokemontcg.io/tcgplayer/sv2-238,https://images.pokemontcg.io/sv2/238_hires.png,2026/08/08,2025/11/18,8.6,5.0,8.569999694824219,128.8000030517578,,,,,,3.3336,1.142,3.5758,0.0,3.725800037384033,3.449,3.3336,0.0,0.0,0.0,1.1535,2026-08-09
sv2-243,Ting-Lu ex,holofoil,Paldea Evolved,243,Ultra Rare,5ban Graphics,Basic|ex,1003,Pokémon,2023/06/09,"tcgplayer,cardmarket",https://prices.pokemontcg.io/tcgplayer/sv2-243,https://images.pokemontcg.io/sv2/243_hires.png,2026/08/08,2025/11/18,1.19,0.9800000190734863,1.5299999713897705,20.0,,,,,,1.7995,0.5767,1.9609,0.0,2.2955000400543213,1.9263,1.9148,0.0,0.0,0.0,1.1535,2026-08-09
sv2-246,Noivern ex,holofoil,Paldea Evolved,246,Ultra Rare,Eske Yoshinob,Stage 1|ex,715,Pokémon,2023/06/09,"tcgplayer,cardmarket",https://prices.pokemontcg.io/tcgplayer/sv2-246,https://images.pokemontcg.io/sv2/246_hires.png,2026/08/08,2025/11/18,2.08,1.5,2.5,22.5,,,,,,1.9725,1.2112,2.2147,0.0,1.2689000368118286,2.3301,1.9956,0.0,0.0,0.0,1.1535,2026-08-09
sv2-249,Clavell,holofoil,Paldea Evolved,249,Ultra Rare,Sanosuke Sakuma,Supporter,,Trainer,2023/06/09,"tcgplayer,cardmarket",https://prices.pokemontcg.io/tcgplayer/sv2-249,https://images.pokemontcg.io/sv2/249_hires.png,2026/08/08,2025/11/18,0.97,0.4099999964237213,1.149999976158142,99.0,,,,,,1.2689,0.346,1.1189,0.0,0.853600025177002,1.0035,1.2227,0.0,0.0,0.0,1.1535,2026-08-09
sv2-253,Grusha,holofoil,Paldea Evolved,253,Ultra Rare,GIDORA,Supporter,,Trainer,2023/06/09,"tcgplayer,cardmarket",https://prices.pokemontcg.io/tcgplayer/sv2-253,https://images.pokemontcg.io/sv2/253_hires.png,2026/08/08,2025/11/18,3.19,1.9500000476837158,3.299999952316284,40.619998931884766,,,,,,2.5262,0.9228,2.7223,0.0,3.022200107574463,2.653,2.5608,0.0,0.0,0.0,1.1535,2026-08-09
sv2-256,Meowscarada ex,holofoil,Paldea Evolved,256,Special Illustration Rare,Kouki Saitou,Stage 2|ex,908,Pokémon,2023/06/09,"tcgplayer,cardmarket",https://prices.pokemontcg.io/tcgplayer/sv2-256,https://images.pokemontcg.io/sv2/256_hires.png,2026/08/08,2025/11/18,32.74,28.989999771118164,38.0,297.2699890136719,,,,,,19.0212,10.3584,18.8021,0.0,18.21380043029785,18.5598,18.7674,0.0,0.0,0.0,1.1535,2026-08-09
sv2-260,Quaquaval ex,holofoil,Paldea Evolved,260,Special Illustration Rare,Souichirou Gunjima,Stage 2|ex,914,Pokémon,2023/06/09,"tcgplayer,cardmarket",https://prices.pokemontcg.io/tcgplayer/sv2-260,https://images.pokemontcg.io/sv2/260_hires.png,2026/08/08,2025/11/18,14.17,12.0,15.949999809265137,108.22000122070312,,,,,,10.4853,5.7444,12.1579,0.0,10.139300346374512,11.2466,10.7506,0.0,0.0,0.0,1.1535,2026-08-09
sv2-261,Chien-Pao ex,holofoil,Paldea Evolved,261,Special Illustration Rare,kodama,Basic|ex,1002,Pokémon,2023/06/09,"tcgplayer,cardmarket",https://prices.pokemontcg.io/tcgplayer/sv2-261,https://images.pokemontcg.io/sv2/261_hires.png,2026/08/08,2025/11/18,30.76,25.0,32.29999923706055,276.8399963378906,,,,,,23.4045,11.535,21.5589,0.0,17.78700065612793,21.6397,23.0239,0.0,0.0,0.0,1.1535,2026-08-09
sv2-263,Ting-Lu ex,holofoil,Paldea Evolved,263,Special Illustration Rare,KEIICHIRO ITO,Basic|ex,1003,Pokémon,2023/06/09,"tcgplayer,cardmarket",https://prices.pokemontcg.io/tcgplayer/sv2-263,https://images.pokemontcg.io/sv2/263_hires.png,2026/08/08,2025/11/18,11.05,8.210000038146973,12.399999618530273,91.36000061035156,,,,,,9.6087,4.614,9.9893,0.0,8.85890007019043,10.0354,9.5971,0.0,0.0,0.0,1.1535,2026-08-09
sv2-265,Boss's Orders (Ghetsis),holofoil,Paldea Evolved,265,Special Illustration Rare,hncl,Supporter,,Trainer,2023/06/09,"tcgplayer,cardmarket",https://prices.pokemontcg.io/tcgplayer/sv2-265,https://images.pokemontcg.io/sv2/265_hires.png,2026/08/08,2025/11/18,19.5,16.450000762939453,20.0,383.3999938964844,,,,,,13.0922,10.9582,12.6078,0.0,11.53499984741211,13.1268,12.8846,0.0,0.0,0.0,1.1535,2026-08-09
sv2-266,Dendra,holofoil,Paldea Evolved,266,Special Illustration Rare,GIDORA,Supporter,,Trainer,2023/06/09,"tcgplayer,cardmarket",https://prices.pokemontcg.io/tcgplayer/sv2-266,https://images.pokemontcg.io/sv2/266_hires.png,2026/08/08,2025/11/18,9.95,6.989999771118164,11.260000228881836,40.0,,,,,,8.0976,3.3451,7.6708,0.0,9.516400337219238,7.5554,7.74,0.0,0.0,0.0,1.1535,2026-08-09
sv2-228,Farigiraf,holofoil,Paldea Evolved,228,Illustration Rare,Mina Nakai,Stage 1,981,Pokémon,2023/06/09,"tcgplayer,cardmarket",https://prices.pokemontcg.io/tcgplayer/sv2-228,https://images.pokemontcg.io/sv2/228_hires.png,2026/08/08,2025/11/18,16.75,11.479999542236328,16.510000228881836,95.68000030517578,,,,,,6.9902,3.449,7.3478,0.0,7.197800159454346,7.3132,7.094,0.0,0.0,0.0,1.1535,2026-08-09
sv2-234,Chi-Yu ex,holofoil,Paldea Evolved,234,Ultra Rare,PLANETA Yamashita,Basic|ex,1004,Pokémon,2023/06/09,"tcgplayer,cardmarket",https://prices.pokemontcg.io/tcgplayer/sv2-234,https://images.pokemontcg.io/sv2/234_hires.png,2026/08/08,2025/11/18,3.89,2.490000009536743,3.990000009536743,29.90999984741211,,,,,,2.5608,1.1535,2.5262,0.0,3.172100067138672,2.5608,2.4916,0.0,0.0,0.0,1.1535,2026-08-09
sv2-242,Annihilape ex,holofoil,Paldea Evolved,242,Ultra Rare,PLANETA Hiiragi,Stage 2|ex,979,Pokémon,2023/06/09,"tcgplayer,cardmarket",https://prices.pokemontcg.io/tcgplayer/sv2-242,https://images.pokemontcg.io/sv2/242_hires.png,2026/08/08,2025/11/18,5.38,3.390000104904175,5.380000114440918,96.94999694824219,,,,,,3.1837,0.0577,3.1375,0.0,3.4489998817443848,2.953,2.8145,0.0,0.0,0.0,1.1535,2026-08-09
sv2-244,Paldean Clodsire ex,holofoil,Paldea Evolved,244,Ultra Rare,PLANETA Mochizuki,Stage 1|ex,980,Pokémon,2023/06/09,"tcgplayer,cardmarket",https://prices.pokemontcg.io/tcgplayer/sv2-244,https://images.pokemontcg.io/sv2/244_hires.png,2026/08/08,2025/11/18,2.73,1.5,2.930000066757202,50.220001220703125,,,,,,1.9263,0.9228,1.661,0.0,1.9493999481201172,1.6264,1.9379,0.0,0.0,0.0,1.1535,2026-08-09
sv2-248,Boss's Orders (Ghetsis),holofoil,Paldea Evolved,248,Ultra Rare,Hideki Ishikawa,Supporter,,Trainer,2023/06/09,"tcgplayer,cardmarket",https://prices.pokemontcg.io/tcgplayer/sv2-248,https://images.pokemontcg.io/sv2/248_hires.png,2026/08/08,2025/11/18,10.3,7.989999771118164,11.0,109.62999725341797,,,,,,8.0168,5.756,7.6477,0.0,7.497700214385986,7.7977,7.9822,0.0,0.0,0.0,1.1535,2026-08-09
sv2-250,Dendra,holofoil,Paldea Evolved,250,Ultra Rare,yuu,Supporter,,Trainer,2023/06/09,"tcgplayer,cardmarket",https://prices.pokemontcg.io/tcgplayer/sv2-250,https://images.pokemontcg.io/sv2/250_hires.png,2026/08/08,2025/11/18,2.45,1.4500000476837158,2.7100000381469727,27.520000457763672,,,,,,1.8802,0.7959,1.9494,0.0,2.699199914932251,1.9379,1.8802,0.0,0.0,0.0,1.1535,2026-08-09
sv2-251,Falkner,holofoil,Paldea Evolved,251,Ultra Rare,Ryuta Fuse,Supporter,,Trainer,2023/06/09,"tcgplayer,cardmarket",https://prices.pokemontcg.io/tcgplayer/sv2-251,https://images.pokemontcg.io/sv2/251_hires.png,2026/08/08,2025/11/18,1.46,0.5,1.5499999523162842,22.5,,,,,,1.811,0.4037,1.0843,0.0,1.6263999938964844,1.2689,1.7418,0.0,0.0,0.0,1.1535,2026-08-09
sv2-252,Giacomo,holofoil,Paldea Evolved,252,Ultra Rare,kantaro,Supporter,,Trainer,2023/06/09,"tcgplayer,cardmarket",https://prices.pokemontcg.io/tcgplayer/sv2-252,https://images.pokemontcg.io/sv2/252_hires.png,2026/08/08,2025/11/18,1.21,0.7099999785423279,1.340000033378601,19.950000762939453,,,,,,1.4765,0.5767,1.2804,0.0,1.3495999574661255,1.2804,1.488,0.0,0.0,0.0,1.1535,2026-08-09
sv2-264,Squawkabilly ex,holofoil,Paldea Evolved,264,Special Illustration Rare,Amelicart,Basic|ex,931,Pokémon,2023/06/09,"tcgplayer,cardmarket",https://prices.pokemontcg.io/tcgplayer/sv2-264,https://images.pokemontcg.io/sv2/264_hires.png,2026/08/08,2025/11/18,12.82,11.0,13.149999618530273,45.0,,,,,,11.9964,6.8056,9.3203,0.0,8.904999732971191,9.1934,11.7657,0.0,0.0,0.0,1.1535,2026-08-09
sv2-227,Flamigo,holofoil,Paldea Evolved,227,Illustration Rare,Shibuzoh.,Basic,973,Pokémon,2023/06/09,"tcgplayer,cardmarket",https://prices.pokemontcg.io/tcgplayer/sv2-227,https://images.pokemontcg.io/sv2/227_hires.png,2026/08/08,2025/11/18,12.87,9.399999618530273,12.579999923706055,125.0999984741211,,,,,,5.4099,2.8838,4.9485,0.0,4.118000030517578,5.0869,5.283,0.0,0.0,0.0,1.1535,2026-08-09
sv2-229,Dudunsparce,holofoil,Paldea Evolved,229,Illustration Rare,Saya Tsuruta,Stage 1,982,Pokémon,2023/06/09,"tcgplayer,cardmarket",https://prices.pokemontcg.io/tcgplayer/sv2-229,https://images.pokemontcg.io/sv2/229_hires.png,2026/08/08,2025/11/18,11.96,6.75,13.0,107.63999938964844,,,,,,5.7444,2.8722,6.4711,0.0,6.632599830627441,5.9636,5.8598,0.0,0.0,0.0,1.1535,2026-08-09
sv2-231,Meowscarada ex,holofoil,Paldea Evolved,231,Ultra Rare,5ban Graphics,Stage 2|ex,908,Pokémon,2023/06/09,"tcgplayer,cardmarket",https://prices.pokemontcg.io/tcgplayer/sv2-231,https://images.pokemontcg.io/sv2/231_hires.png,2026/08/08,2025/11/18,4.03,2.7200000286102295,4.03000020980835,96.94999694824219,,,,,,3.0222,1.142,2.7107,0.0,2.3993000984191895,2.5608,2.953,0.0,0.0,0.0,1.1535,2026-08-09
sv2-233,Skeledirge ex,holofoil,Paldea Evolved,233,Ultra Rare,5ban Graphics,Stage 2|ex,911,Pokémon,2023/06/09,"tcgplayer,cardmarket",https://prices.pokemontcg.io/tcgplayer/sv2-233,https://images.pokemontcg.io/sv2/233_hires.png,2026/08/08,2025/11/18,3.27,1.75,3.0,99.0,,,,,,2.5262,1.3842,2.653,0.0,2.283900022506714,2.7799,2.653,0.0,0.0,0.0,1.1535,2026-08-09
sv2-236,Chien-Pao ex,holofoil,Paldea Evolved,236,Ultra Rare,aky CG Works,Basic|ex,1002,Pokémon,2023/06/09,"tcgplayer,cardmarket",https://prices.pokemontcg.io/tcgplayer/sv2-236,https://images.pokemontcg.io/sv2/236_hires.png,2026/08/08,2025/11/18,2.41,1.4800000190734863,3.0,50.0,,,,,,3.3105,1.142,2.976,0.0,2.4684998989105225,3.0222,3.2759,0.0,0.0,0.0,1.1535,2026-08-09
sv2-240,Tinkaton ex,holofoil,Paldea Evolved,240,Ultra Rare,takuyoa,Stage 2|ex,959,Pokémon,2023/06/09,"tcgplayer,cardmarket",https://prices.pokemontcg.io/tcgplayer/sv2-240,https://images.pokemontcg.io/sv2/240_hires.png,2026/08/08,2025/11/18,9.26,6.989999771118164,10.029999732971191,178.05999755859375,,,,,,4.787,1.8456,4.6717,0.0,4.879300117492676,4.3256,4.6947,0.0,0.0,0.0,1.1535,2026-08-09
sv2-241,Lycanroc ex,holofoil,Paldea Evolved,241,Ultra Rare,Ayaka Yoshida,Stage 1|ex,745,Pokémon,2023/06/09,"tcgplayer,cardmarket",https://prices.pokemontcg.io/tcgplayer/sv2-241,https://images.pokemontcg.io/sv2/241_hires.png,2026/08/08,2025/11/18,2.14,1.5499999523162842,2.3299999237060547,23.360000610351562,,,,,,2.2032,1.0266,2.0763,0.0,1.8341000080108643,2.0302,2.1455,0.0,0.0,0.0,1.1535,2026-08-09
sv2-258,Skeledirge ex,holofoil,Paldea Evolved,258,Special Illustration Rare,kantaro,Stage 2|ex,911,Pokémon,2023/06/09,"tcgplayer,cardmarket",https://prices.pokemontcg.io/tcgplayer/sv2-258,https://images.pokemontcg.io/sv2/258_hires.png,2026/08/08,2025/11/18,35.68,30.350000381469727,39.9900016784668,321.1199951171875,,,,,,20.2785,13.842,19.2173,0.0,16.898799896240234,20.094,20.2555,0.0,0.0,0.0,1.1535,2026-08-09
sv2-259,Chi-Yu ex,holofoil,Paldea Evolved,259,Special Illustration Rare,AKIRA EGAWA,Basic|ex,1004,Pokémon,2023/06/09,"tcgplayer,cardmarket",https://prices.pokemontcg.io/tcgplayer/sv2-259,https://images.pokemontcg.io/sv2/259_hires.png,2026/08/08,2025/11/18,53.02,47.83000183105469,57.970001220703125,378.5799865722656,,,,,,27.3726,18.3291,31.2483,0.0,29.990999221801758,30.7292,28.2492,0.0,0.0,0.0,1.1535,2026-08-09
sv2-262,Tinkaton ex,holofoil,Paldea Evolved,262,Special Illustration Rare,Tika Matsuno,Stage 2|ex,959,Pokémon,2023/06/09,"tcgplayer,cardmarket",https://prices.pokemontcg.io/tcgplayer/sv2-262,https://images.pokemontcg.io/sv2/262_hires.png,2026/08/08,2025/11/18,59.16,49.9900016784668,59.59000015258789,532.4400024414062,,,,,,18.7444,10.9582,20.117,0.0,21.05139923095703,19.9094,19.0443,0.0,0.0,0.0,1.1535,2026-08-09
sv2-268,Grusha,holofoil,Paldea Evolved,268,Special Illustration Rare,DOM,Supporter,,Trainer,2023/06/09,"tcgplayer,cardmarket",https://prices.pokemontcg.io/tcgplayer/sv2-268,https://images.pokemontcg.io/sv2/268_hires.png,2026/08/08,2025/11/18,19.96,17.0,20.989999771118164,154.24000549316406,,,,,,12.2848,5.7675,10.9006,0.0,11.91569995880127,11.5581,12.1694,0.0,0.0,0.0,1.1535,2026-08-09
sv2-269,Iono,holofoil,Paldea Evolved,269,Special Illustration Rare,kirisAki,Supporter,,Trainer,2023/06/09,"tcgplayer,cardmarket",https://prices.pokemontcg.io/tcgplayer/sv2-269,https://images.pokemontcg.io/sv2/269_hires.png,2026/08/08,2025/11/18,61.97,55.81999969482422,66.0,526.1400146484375,,,,,,40.3264,19.6095,42.0797,0.0,26.392099380493164,47.2935,38.8614,0.0,0.0,0.0,1.1535,2026-08-09
sv2-267,Giacomo,holofoil,Paldea Evolved,267,Special Illustration Rare,KIYOTAKA OSHIYAMA,Supporter,,Trainer,2023/06/09,"tcgplayer,cardmarket",https://prices.pokemontcg.io/tcgplayer/sv2-267,https://images.pokemontcg.io/sv2/267_hires.png,2026/08/08,2025/11/18,5.01,3.869999885559082,5.409999847412109,40.40999984741211,,,,,,4.4294,2.8838,4.2333,0.0,4.602499961853027,4.4064,4.3372,0.0,0.0,0.0,1.1535,2026-08-09
sv2-270,Saguaro,holofoil,Paldea Evolved,270,Special Illustration Rare,Sanosuke Sakuma,Supporter,,Trainer,2023/06/09,"tcgplayer,cardmarket",https://prices.pokemontcg.io/tcgplayer/sv2-270,https://images.pokemontcg.io/sv2/270_hires.png,2026/08/08,2025/11/18,14.01,12.5,15.75,1000.0,,,,,,7.7169,3.4605,6.771,0.0,5.456099987030029,7.0017,7.6592,0.0,0.0,0.0,1.1535,2026-08-09
sv2-273,Quaquaval ex,holofoil,Paldea Evolved,273,Hyper Rare,5ban Graphics,Stage 2|ex,914,Pokémon,2023/06/09,"tcgplayer,cardmarket",https://prices.pokemontcg.io/tcgplayer/sv2-273,https://images.pokemontcg.io/sv2/273_hires.png,2026/08/08,2025/11/18,5.28,4.150000095367432,6.159999847412109,53.099998474121094,,,,,,5.4791,3.3451,5.6752,0.0,5.525300025939941,5.9982,5.4907,0.0,0.0,0.0,1.1535,2026-08-09
sv2-272,Skeledirge ex,holofoil,Paldea Evolved,272,Hyper Rare,5ban Graphics,Stage 2|ex,911,Pokémon,2023/06/09,"tcgplayer,cardmarket",https://prices.pokemontcg.io/tcgplayer/sv2-272,https://images.pokemontcg.io/sv2/272_hires.png,2026/08/08,2025/11/18,6.02,4.949999809265137,6.690000057220459,29.950000762939453,,,,,,6.1943,2.2955,5.9175,0.0,6.332699775695801,5.9751,6.0559,0.0,0.0,0.0,1.1535,2026-08-09
sv2-271,Meowscarada ex,holofoil,Paldea Evolved,271,Hyper Rare,5ban Graphics,Stage 2|ex,908,Pokémon,2023/06/09,"tcgplayer,cardmarket",https://prices.pokemontcg.io/tcgplayer/sv2-271,https://images.pokemontcg.io/sv2/271_hires.png,2026/08/08,2025/11/18,8.74,6.71999979019165,9.289999961853027,30.5,,,,,,6.4019,3.4605,5.7906,0.0,7.0594000816345215,6.1366,6.3558,0.0,0.0,0.0,1.1535,2026-08-09
sv2-275,Ting-Lu ex,holofoil,Paldea Evolved,275,Hyper Rare,5ban Graphics,Basic|ex,1003,Pokémon,2023/06/09,"tcgplayer,cardmarket",https://prices.pokemontcg.io/tcgplayer/sv2-275,https://images.pokemontcg.io/sv2/275_hires.png,2026/08/08,2025/11/18,4.1,3.0,4.510000228881836,96.87000274658203,,,,,,4.0834,2.307,3.8527,0.0,5.75600004196167,4.1641,4.1526,0.0,0.0,0.0,1.1535,2026-08-09
sv2-276,Super Rod,holofoil,Paldea Evolved,276,Hyper Rare,Toyste Beach,Item,,Trainer,2023/06/09,"tcgplayer,cardmarket",https://prices.pokemontcg.io/tcgplayer/sv2-276,https://images.pokemontcg.io/sv2/276_hires.png,2026/08/08,2025/11/18,3.98,2.690000057220459,4.539999961853027,53.13999938964844,,,,,,6.1136,4.4986,6.8864,0.0,6.563399791717529,6.8633,6.3442,0.0,0.0,0.0,1.1535,2026-08-09
sv2-274,Chien-Pao ex,holofoil,Paldea Evolved,274,Hyper Rare,aky CG Works,Basic|ex,1002,Pokémon,2023/06/09,"tcgplayer,cardmarket",https://prices.pokemontcg.io/tcgplayer/sv2-274,https://images.pokemontcg.io/sv2/274_hires.png,2026/08/08,2025/11/18,6.24,4.760000228881836,7.0,53.56999969482422,,,,,,6.102,2.8838,5.779,0.0,6.632599830627441,5.7329,6.0905,0.0,0.0,0.0,1.1535,2026-08-09
sv2-277,Superior Energy Retrieval,holofoil,Paldea Evolved,277,Hyper Rare,Studio Bora Inc.,Item,,Trainer,2023/06/09,"tcgplayer,cardmarket",https://prices.pokemontcg.io/tcgplayer/sv2-277,https://images.pokemontcg.io/sv2/277_hires.png,2026/08/08,2025/11/18,2.28,1.5,3.0,29.989999771118164,,,,,,5.3176,2.2955,5.0177,0.0,6.355800151824951,4.9485,4.9485,0.0,0.0,0.0,1.1535,2026-08-09
sv2-279,Basic Water Energy,holofoil,Paldea Evolved,279,Hyper Rare,,Basic,,Energy,2023/06/09,"tcgplayer,cardmarket",https://prices.pokemontcg.io/tcgplayer/sv2-279,https://images.pokemontcg.io/sv2/279_hires.png,2026/08/08,2025/11/18,11.15,10.0,12.300000190734863,144.19000244140625,,,,,,6.0559,4.6025,6.2404,0.0,6.332699775695801,6.1482,5.8828,0.0,0.0,0.0,1.1535,2026-08-09
sv2-278,Basic Grass Energy,holofoil,Paldea Evolved,278,Hyper Rare,,Basic,,Energy,2023/06/09,"tcgplayer,cardmarket",https://prices.pokemontcg.io/tcgplayer/sv2-278,https://images.pokemontcg.io/sv2/278_hires.png,2026/08/08,2025/11/18,10.1,8.0,10.930000305175781,149.27000427246094,,,,,,7.1632,4.614,6.6557,0.0,6.332699775695801,6.2981,7.0594,0.0,0.0,0.0,1.1535,2026-08-09
svp-15,Flaaffy,normal,Scarlet & Violet Black Star Promos,15,Promo,0313,Stage 1,180,Pokémon,2023/01/01,"tcgplayer,cardmarket",https://prices.pokemontcg.io/tcgplayer/svp-15,https://images.pokemontcg.io/svp/15_hires.png,2026/08/08,2026/06/28,2.42,1.2999999523162842,2.430000066757202,33.29999923706055,,,,,,3.795,2.2839,3.6451,0.0,5.709799766540527,3.7719,3.6681,0.0,0.0,0.0,1.1535,2026-08-09
svp-17,Lucario ex,holofoil,Scarlet & Violet Black Star Promos,17,Promo,5ban Graphics,Stage 1|ex,448,Pokémon,2023/01/01,"tcgplayer,cardmarket",https://prices.pokemontcg.io/tcgplayer/svp-17,https://images.pokemontcg.io/svp/17_hires.png,2026/08/08,2026/06/17,5.04,3.5899999141693115,6.210000038146973,59.66999816894531,,,,,,5.6752,1.0958,6.425,0.0,8.362899780273438,7.4055,5.8944,0.0,0.0,0.0,1.1535,2026-08-09
svp-16,Ampharos ex,holofoil,Scarlet & Violet Black Star Promos,16,Promo,PLANETA Tsuji,Stage 2|ex,181,Pokémon,2023/01/01,"tcgplayer,cardmarket",https://prices.pokemontcg.io/tcgplayer/svp-16,https://images.pokemontcg.io/svp/16_hires.png,2026/08/08,2026/06/17,4.7,3.0,4.989999771118164,47.029998779296875,,,,,,5.2484,1.7302,4.0373,0.0,4.556300163269043,4.8447,5.26,0.0,0.0,0.0,1.1535,2026-08-09
svp-18,Cyclizar ex,holofoil,Scarlet & Violet Black Star Promos,18,Promo,5ban Graphics,Basic|ex,967,Pokémon,2023/01/01,"tcgplayer,cardmarket",https://prices.pokemontcg.io/tcgplayer/svp-18,https://images.pokemontcg.io/svp/18_hires.png,2026/08/08,2026/06/17,0.57,0.3499999940395355,0.9900000095367432,19.979999542236328,,,,,,0.6114,0.0231,0.6344,0.0,0.7498000264167786,0.669,0.6344,0.0,0.0,0.0,1.1535,2026-08-09
swshp-SWSH075,Special Delivery Charizard,holofoil,SWSH Black Star Promos,SWSH075,Promo,The Pokémon Company Art Team,Stage 2,6,Pokémon,2019/11/15,"tcgplayer,cardmarket",https://prices.pokemontcg.io/tcgplayer/swshp-SWSH075,https://images.pokemontcg.io/swshp/SWSH075_hires.png,2026/08/08,2025/11/18,199.24,181.2899932861328,240.75,1675.8199462890625,,,,,,169.6452,149.9204,169.899,0.0,132.65249633789062,168.9185,186.9247,0.0,0.0,0.0,1.1535,2026-08-09
swshp-SWSH282,Galarian Articuno,holofoil,SWSH Black Star Promos,SWSH282,Promo,Shiburingaru,Basic,144,Pokémon,2019/11/15,"tcgplayer,cardmarket",https://prices.pokemontcg.io/tcgplayer/swshp-SWSH282,https://images.pokemontcg.io/swshp/SWSH282_hires.png,2026/08/08,2025/11/18,5.0,3.5899999141693115,6.0,9999.0,,,,,,4.0603,1.1535,3.4259,0.0,3.9679999351501465,4.2449,4.0026,0.0,0.0,0.0,1.1535,2026-08-09
swshp-SWSH302,Klara,holofoil,SWSH Black Star Promos,SWSH302,Promo,Yuu Nishida,Supporter,,Trainer,2019/11/15,"tcgplayer,cardmarket",https://prices.pokemontcg.io/tcgplayer/swshp-SWSH302,https://images.pokemontcg.io/swshp/SWSH302_hires.png,2026/08/08,2025/11/18,5.1,4.75,5.989999771118164,19.989999771118164,,,,,,2.7915,1.142,2.5146,0.0,2.306999921798706,2.3416,2.5954,0.0,0.0,0.0,1.1535,2026-08-09
swshp-SWSH305,Greninja,normal,SWSH Black Star Promos,SWSH305,Promo,Taiga Kasai,Stage 2,658,Pokémon,2019/11/15,"tcgplayer,cardmarket",https://prices.pokemontcg.io/tcgplayer/swshp-SWSH305,https://images.pokemontcg.io/swshp/SWSH305_hires.png,2026/08/08,2025/11/18,55.2,70.55999755859375,99.87000274658203,399.0,,,,,,65.7264,55.368,71.3786,0.0,56.52149963378906,64.0769,38.5615,0.0,0.0,0.0,1.1535,2026-08-09
swshp-SWSH288,Morpeko V-UNION,holofoil,SWSH Black Star Promos,SWSH288,Promo,Yuu Nishida,V-UNION,877,Pokémon,2019/11/15,"tcgplayer,cardmarket",https://prices.pokemontcg.io/tcgplayer/swshp-SWSH288,https://images.pokemontcg.io/swshp/SWSH288_hires.png,2026/08/08,2025/11/18,2.71,1.0,2.759999990463257,96.94999694824219,,,,,,0.8074,0.4614,0.9113,0.0,0.9804999828338623,0.8767,0.8536,0.0,0.0,0.0,1.1535,2026-08-09
swshp-SWSH306,Arceus V,holofoil,SWSH Black Star Promos,SWSH306,Promo,5ban Graphics,Basic|V,493,Pokémon,2019/11/15,"tcgplayer,cardmarket",https://prices.pokemontcg.io/tcgplayer/swshp-SWSH306,https://images.pokemontcg.io/swshp/SWSH306_hires.png,2026/08/08,2025/11/18,4.06,3.5,4.5,49.9900016784668,,,,,,2.5377,0.9113,1.7764,0.0,1.153499960899353,2.3762,2.5492,0.0,0.0,0.0,1.1535,2026-08-09
swshp-SWSH287,Morpeko V-UNION,holofoil,SWSH Black Star Promos,SWSH287,Promo,Yuu Nishida,V-UNION,877,Pokémon,2019/11/15,"tcgplayer,cardmarket",https://prices.pokemontcg.io/tcgplayer/swshp-SWSH287,https://images.pokemontcg.io/swshp/SWSH287_hires.png,2026/08/08,2025/11/18,1.27,0.4000000059604645,1.3300000429153442,19.979999542236328,,,,,,0.9113,0.4614,1.1304,0.0,1.7187000513076782,0.9343,0.9574,0.0,0.0,0.0,1.1535,2026-08-09
swshp-SWSH292,Zacian V,holofoil,SWSH Black Star Promos,SWSH292,Promo,5ban Graphics,Basic|V,888,Pokémon,2019/11/15,"tcgplayer,cardmarket",https://prices.pokemontcg.io/tcgplayer/swshp-SWSH292,https://images.pokemontcg.io/swshp/SWSH292_hires.png,2026/08/08,2025/11/18,4.9,3.0,5.0,9999.0,,,,,,2.0878,1.142,3.126,0.0,2.283900022506714,2.8838,2.3531,0.0,0.0,0.0,1.1535,2026-08-09
swshp-SWSH293,Zamazenta V,holofoil,SWSH Black Star Promos,SWSH293,Promo,aky CG Works,Basic|V,889,Pokémon,2019/11/15,"tcgplayer,cardmarket",https://prices.pokemontcg.io/tcgplayer/swshp-SWSH293,https://images.pokemontcg.io/swshp/SWSH293_hires.png,2026/08/08,2025/11/18,4.42,2.5,4.369999885559082,9999.0,,,,,,1.7764,0.8074,1.8687,0.0,3.0336999893188477,1.8571,1.7649,0.0,0.0,0.0,1.1535,2026-08-09
swshp-SWSH307,Arceus VSTAR,holofoil,SWSH Black Star Promos,SWSH307,Promo,5ban Graphics,VSTAR,493,Pokémon,2019/11/15,"tcgplayer,cardmarket",https://prices.pokemontcg.io/tcgplayer/swshp-SWSH307,https://images.pokemontcg.io/swshp/SWSH307_hires.png,2026/08/08,2025/11/18,6.0,4.0,6.050000190734863,11.770000457763672,,,,,,3.2875,1.7187,2.9876,0.0,2.2955000400543213,3.6797,3.3221,0.0,0.0,0.0,1.1535,2026-08-09
swshp-SWSH251,Boss's Orders,holofoil,SWSH Black Star Promos,SWSH251,Promo,Mitsuhiro Arita,Supporter,,Trainer,2019/11/15,"tcgplayer,cardmarket",https://prices.pokemontcg.io/tcgplayer/swshp-SWSH251,https://images.pokemontcg.io/swshp/SWSH251_hires.png,2026/08/08,2025/11/18,12.17,9.0,13.199999809265137,4318.77001953125,,,,,,6.7941,5.1907,7.4977,0.0,6.332699775695801,7.1286,6.9787,0.0,0.0,0.0,1.1535,2026-08-09
swshp-SWSH283,Galarian Zapdos,holofoil,SWSH Black Star Promos,SWSH283,Promo,Rianti Hidayat,Basic,145,Pokémon,2019/11/15,"tcgplayer,cardmarket",https://prices.pokemontcg.io/tcgplayer/swshp-SWSH283,https://images.pokemontcg.io/swshp/SWSH283_hires.png,2026/08/08,2025/11/18,3.28,2.490000009536743,4.0,9999.0,,,,,,2.5954,1.1535,2.6761,0.0,2.687700033187866,2.9068,2.6646,0.0,0.0,0.0,1.1535,2026-08-09
swshp-SWSH284,Galarian Moltres,holofoil,SWSH Black Star Promos,SWSH284,Promo,Shinji Kanda,Basic,146,Pokémon,2019/11/15,"tcgplayer,cardmarket",https://prices.pokemontcg.io/tcgplayer/swshp-SWSH284,https://images.pokemontcg.io/swshp/SWSH284_hires.png,2026/08/08,2025/11/18,14.57,12.229999542236328,17.049999237060547,9999.0,,,,,,13.2883,5.756,8.9742,0.0,10.704500198364258,12.5962,12.9884,0.0,0.0,0.0,1.1535,2026-08-09
swshp-SWSH289,Morpeko V-UNION,holofoil,SWSH Black Star Promos,SWSH289,Promo,Yuu Nishida,V-UNION,877,Pokémon,2019/11/15,"tcgplayer,cardmarket",https://prices.pokemontcg.io/tcgplayer/swshp-SWSH289,https://images.pokemontcg.io/swshp/SWSH289_hires.png,2026/08/08,2025/11/18,2.71,0.8500000238418579,2.75,96.94999694824219,,,,,,0.8074,0.2192,1.0843,0.0,1.2919000387191772,1.0728,0.9113,0.0,0.0,0.0,1.1535,2026-08-09
swshp-SWSH290,Morpeko V-UNION,holofoil,SWSH Black Star Promos,SWSH290,Promo,Yuu Nishida,V-UNION,877,Pokémon,2019/11/15,"tcgplayer,cardmarket",https://prices.pokemontcg.io/tcgplayer/swshp-SWSH290,https://images.pokemontcg.io/swshp/SWSH290_hires.png,2026/08/08,2025/11/18,4.74,0.49000000953674316,4.989999771118164,100.0,,,,,,0.7844,0.5075,1.0035,0.0,1.7187000513076782,0.9113,0.8305,0.0,0.0,0.0,1.1535,2026-08-09
swshp-SWSH303,Bulbasaur,normal,SWSH Black Star Promos,SWSH303,Promo,Julie Hang,Basic,1,Pokémon,2019/11/15,"tcgplayer,cardmarket",https://prices.pokemontcg.io/tcgplayer/swshp-SWSH303,https://images.pokemontcg.io/swshp/SWSH303_hires.png,2026/08/08,2025/11/18,59.38,53.22999954223633,79.45999908447266,534.4199829101562,,,,,,93.2605,69.1985,92.2915,0.0,70.88259887695312,84.3324,60.801,0.0,0.0,0.0,1.1535,2026-08-09
swshp-SWSH304,Arcanine,normal,SWSH Black Star Promos,SWSH304,Promo,REND,Stage 1,59,Pokémon,2019/11/15,"tcgplayer,cardmarket",https://prices.pokemontcg.io/tcgplayer/swshp-SWSH304,https://images.pokemontcg.io/swshp/SWSH304_hires.png,2026/08/08,2025/11/18,58.19,50.0,78.62000274658203,554.4000244140625,,,,,,51.7806,46.14,73.1665,0.0,51.780601501464844,63.9846,34.605,0.0,0.0,0.0,1.1535,2026-08-09
sve-3,Basic Water Energy,,Scarlet & Violet Energies,3,Common,,Basic,,Energy,2023/03/31,,https://prices.pokemontcg.io/tcgplayer/sve-3,https://images.pokemontcg.io/sve/3_hires.png,2023/07/20,2023/07/20,,,,,,,,,,,,,,,,,,,,,2026-08-09
sve-1,Basic Grass Energy,,Scarlet & Violet Energies,1,Common,,Basic,,Energy,2023/03/31,,https://prices.pokemontcg.io/tcgplayer/sve-1,https://images.pokemontcg.io/sve/1_hires.png,2023/07/20,2023/07/20,,,,,,,,,,,,,,,,,,,,,2026-08-09
sve-7,Basic Darkness Energy,,Scarlet & Violet Energies,7,Common,,Basic,,Energy,2023/03/31,,https://prices.pokemontcg.io/tcgplayer/sve-7,https://images.pokemontcg.io/sve/7_hires.png,2023/07/20,2023/07/20,,,,,,,,,,,,,,,,,,,,,2026-08-09
sve-4,Basic Lightning Energy,,Scarlet & Violet Energies,4,Common,,Basic,,Energy,2023/03/31,,https://prices.pokemontcg.io/tcgplayer/sve-4,https://images.pokemontcg.io/sve/4_hires.png,2023/07/20,2023/07/20,,,,,,,,,,,,,,,,,,,,,2026-08-09
sve-8,Basic Metal Energy,,Scarlet & Violet Energies,8,Common,,Basic,,Energy,2023/03/31,,https://prices.pokemontcg.io/tcgplayer/sve-8,https://images.pokemontcg.io/sve/8_hires.png,2023/07/20,2023/07/20,,,,,,,,,,,,,,,,,,,,,2026-08-09
sve-2,Basic Fire Energy,,Scarlet & Violet Energies,2,Common,,Basic,,Energy,2023/03/31,,https://prices.pokemontcg.io/tcgplayer/sve-2,https://images.pokemontcg.io/sve/2_hires.png,2023/07/20,2023/07/20,,,,,,,,,,,,,,,,,,,,,2026-08-09
sve-5,Basic Psychic Energy,,Scarlet & Violet Energies,5,Common,,Basic,,Energy,2023/03/31,,https://prices.pokemontcg.io/tcgplayer/sve-5,https://images.pokemontcg.io/sve/5_hires.png,2023/07/20,2023/07/20,,,,,,,,,,,,,,,,,,,,,2026-08-09
sve-6,Basic Fighting Energy,,Scarlet & Violet Energies,6,Common,,Basic,,Energy,2023/03/31,,https://prices.pokemontcg.io/tcgplayer/sve-6,https://images.pokemontcg.io/sve/6_hires.png,2023/07/20,2023/07/20,,,,,,,,,,,,,,,,,,,,,2026-08-09
svp-22,Pelipper,holofoil,Scarlet & Violet Black Star Promos,22,Promo,Nisota Niso,Stage 1,279,Pokémon,2023/01/01,"tcgplayer,cardmarket",https://prices.pokemontcg.io/tcgplayer/svp-22,https://images.pokemontcg.io/svp/22_hires.png,2026/08/08,2026/05/14,1.8,0.7799999713897705,2.0,19.979999542236328,,,,,,3.795,1.1535,3.3682,0.0,2.226300001144409,2.5608,3.5758,0.0,0.0,0.0,1.1535,2026-08-09
svp-19,Baxcalibur,holofoil,Scarlet & Violet Black Star Promos,19,Promo,Oswaldo KATO,Stage 2,998,Pokémon,2023/01/01,"tcgplayer,cardmarket",https://prices.pokemontcg.io/tcgplayer/svp-19,https://images.pokemontcg.io/svp/19_hires.png,2026/08/08,2026/05/11,3.31,1.9900000095367432,3.119999885559082,7.0,,,,,,4.7409,1.0151,5.0177,0.0,3.7142999172210693,4.3256,4.2449,0.0,0.0,0.0,1.1535,2026-08-09
svp-20,Tinkaton,holofoil,Scarlet & Violet Black Star Promos,20,Promo,Anesaki Dynamic,Stage 2,959,Pokémon,2023/01/01,"tcgplayer,cardmarket",https://prices.pokemontcg.io/tcgplayer/svp-20,https://images.pokemontcg.io/svp/20_hires.png,2026/08/08,2026/05/11,5.1,2.5,5.550000190734863,9999.0,,,,,,4.2218,1.2689,4.7178,0.0,3.7488999366760254,3.0683,3.5874,0.0,0.0,0.0,1.1535,2026-08-09
svp-21,Murkrow,holofoil,Scarlet & Violet Black Star Promos,21,Promo,Shiburingaru,Basic,198,Pokémon,2023/01/01,"tcgplayer,cardmarket",https://prices.pokemontcg.io/tcgplayer/svp-21,https://images.pokemontcg.io/svp/21_hires.png,2026/08/08,2026/05/11,2.51,1.9299999475479126,2.5299999713897705,9.5,,,,,,3.7604,1.1535,3.3221,0.0,3.8987998962402344,2.976,3.945,0.0,0.0,0.0,1.1535,2026-08-09
svp-23,Smoliv,holofoil,Scarlet & Violet Black Star Promos,23,Promo,Misa Tsutsui,Basic,928,Pokémon,2023/01/01,"tcgplayer,cardmarket",https://prices.pokemontcg.io/tcgplayer/svp-23,https://images.pokemontcg.io/svp/23_hires.png,2026/08/08,2026/05/11,0.35,0.11999999731779099,0.4000000059604645,9999.0,,,,,,0.7382,0.0577,0.5537,0.0,0.23070000112056732,0.5075,0.6921,0.0,0.0,0.0,1.1535,2026-08-09
svp-25,Tinkatink,holofoil,Scarlet & Violet Black Star Promos,25,Promo,Kouki Saitou,Basic,957,Pokémon,2023/01/01,"tcgplayer,cardmarket",https://prices.pokemontcg.io/tcgplayer/svp-25,https://images.pokemontcg.io/svp/25_hires.png,2026/08/08,2026/05/11,0.41,0.25,0.5,19.979999542236328,,,,,,0.3345,0.0231,0.4268,0.0,0.6344000101089478,0.3114,0.3345,0.0,0.0,0.0,1.1535,2026-08-09
svp-27,Pikachu,holofoil,Scarlet & Violet Black Star Promos,27,Promo,Atsushi Furusawa,Basic,25,Pokémon,2023/01/01,"tcgplayer,cardmarket",https://prices.pokemontcg.io/tcgplayer/svp-27,https://images.pokemontcg.io/svp/27_hires.png,2026/08/08,2026/05/11,22.06,18.0,24.989999771118164,5000.0,,,,,,25.9537,8.0745,33.6476,0.0,45.03260040283203,34.1436,28.2377,0.0,0.0,0.0,1.1535,2026-08-09
svp-29,Koraidon ex,holofoil,Scarlet & Violet Black Star Promos,29,Promo,aky CG Works,Basic|ex,1007,Pokémon,2023/01/01,"tcgplayer,cardmarket",https://prices.pokemontcg.io/tcgplayer/svp-29,https://images.pokemontcg.io/svp/29_hires.png,2026/08/08,2026/05/11,0.58,0.30000001192092896,0.8199999928474426,25.559999465942383,,,,,,0.646,0.0807,0.4268,0.0,0.4499000012874603,0.5767,0.5998,0.0,0.0,0.0,1.1535,2026-08-09
svp-24,Growlithe,holofoil,Scarlet & Violet Black Star Promos,24,Promo,Uta,Basic,58,Pokémon,2023/01/01,"tcgplayer,cardmarket",https://prices.pokemontcg.io/tcgplayer/svp-24,https://images.pokemontcg.io/svp/24_hires.png,2026/08/08,2026/05/11,0.77,0.30000001192092896,0.8600000143051147,20.0,,,,,,1.165,0.4614,1.0381,0.0,1.6033999919891357,1.0728,1.142,0.0,0.0,0.0,1.1535,2026-08-09
svp-26,Varoom,holofoil,Scarlet & Violet Black Star Promos,26,Promo,Mina Nakai,Basic,965,Pokémon,2023/01/01,"tcgplayer,cardmarket",https://prices.pokemontcg.io/tcgplayer/svp-26,https://images.pokemontcg.io/svp/26_hires.png,2026/08/08,2026/03/12,0.42,0.15000000596046448,0.44999998807907104,19.979999542236328,,,,,,0.2999,0.0231,0.323,0.0,0.05770000070333481,0.2538,0.2422,0.0,0.0,0.0,1.1535,2026-08-09
svp-28,Miraidon ex,holofoil,Scarlet & Violet Black Star Promos,28,Promo,5ban Graphics,Basic|ex,1008,Pokémon,2023/01/01,"tcgplayer,cardmarket",https://prices.pokemontcg.io/tcgplayer/svp-28,https://images.pokemontcg.io/svp/28_hires.png,2026/08/08,2026/03/12,0.58,0.4000000059604645,0.7900000214576721,6.949999809265137,,,,,,0.4383,0.0231,0.4614,0.0,0.911300003528595,0.5767,0.4268,0.0,0.0,0.0,1.1535,2026-08-09
sv3-6,Surskit,normal,Obsidian Flames,6,Common,Saya Tsuruta,Basic,283,Pokémon,2023/08/11,"tcgplayer,cardmarket",https://prices.pokemontcg.io/tcgplayer/sv3-6,https://images.pokemontcg.io/sv3/6_hires.png,2026/08/08,2026/07/01,0.07,0.009999999776482582,0.15000000596046448,20.0,,0.17,,,,0.0346,0.0231,0.0346,0.1269,0.023099999874830246,0.0346,0.0346,0.1154,0.1038,0.1269,1.1535,2026-08-09
sv3-2,Gloom,normal,Obsidian Flames,2,Common,Haru Akasaka,Stage 1,44,Pokémon,2023/08/11,"tcgplayer,cardmarket",https://prices.pokemontcg.io/tcgplayer/sv3-2,https://images.pokemontcg.io/sv3/2_hires.png,2026/08/08,2026/07/01,0.14,0.009999999776482582,0.15000000596046448,19.979999542236328,,0.28,,,,0.0577,0.0231,0.0692,0.2538,0.03460000082850456,0.0461,0.0577,0.2076,0.2538,0.2538,1.1535,2026-08-09
sv3-1,Oddish,normal,Obsidian Flames,1,Common,Midori Harada,Basic,43,Pokémon,2023/08/11,"tcgplayer,cardmarket",https://prices.pokemontcg.io/tcgplayer/sv3-1,https://images.pokemontcg.io/sv3/1_hires.png,2026/08/08,2026/07/01,0.13,0.009999999776482582,0.15000000596046448,1000.0,,0.2,,,,0.0461,0.0231,0.0346,0.1269,0.03460000082850456,0.0346,0.0346,0.173,0.1038,0.1154,1.1535,2026-08-09
sv3-11,Phantump,normal,Obsidian Flames,11,Common,Narumi Sato,Basic,708,Pokémon,2023/08/11,"tcgplayer,cardmarket",https://prices.pokemontcg.io/tcgplayer/sv3-11,https://images.pokemontcg.io/sv3/11_hires.png,2026/08/08,2026/07/01,0.1,0.009999999776482582,0.15000000596046448,20.0,,0.21,,,,0.0346,0.0231,0.0461,0.1038,0.04610000178217888,0.0461,0.0346,0.2076,0.1154,0.1154,1.1535,2026-08-09
sv3-17,Steenee,normal,Obsidian Flames,17,Common,nagimiso,Stage 1,762,Pokémon,2023/08/11,"tcgplayer,cardmarket",https://prices.pokemontcg.io/tcgplayer/sv3-17,https://images.pokemontcg.io/sv3/17_hires.png,2026/08/08,2026/07/01,0.12,0.009999999776482582,0.15000000596046448,19.979999542236328,,0.21,,,,0.0461,0.0231,0.0346,0.0923,0.023099999874830246,0.0346,0.0461,0.1615,0.1154,0.1038,1.1535,2026-08-09
sv3-27,Charmeleon,normal,Obsidian Flames,27,Uncommon,Ryota Murayama,Stage 1,5,Pokémon,2023/08/11,"tcgplayer,cardmarket",https://prices.pokemontcg.io/tcgplayer/sv3-27,https://images.pokemontcg.io/sv3/27_hires.png,2026/08/08,2026/07/01,0.13,0.009999999776482582,0.20000000298023224,1000.0,,0.37,,,,0.8074,0.0231,0.819,0.0,0.57669997215271,0.5075,0.8074,0.0,0.0,0.0,1.1535,2026-08-09
sv3-32,Camerupt,normal,Obsidian Flames,32,Uncommon,Shiburingaru,Stage 1,323,Pokémon,2023/08/11,"tcgplayer,cardmarket",https://prices.pokemontcg.io/tcgplayer/sv3-32,https://images.pokemontcg.io/sv3/32_hires.png,2026/08/08,2026/07/01,0.13,0.009999999776482582,0.15000000596046448,20.0,,0.24,,,,0.0461,0.0231,0.0461,0.2076,0.05770000070333481,0.0346,0.0346,0.2076,0.173,0.2192,1.1535,2026-08-09
sv3-33,Victini ex,holofoil,Obsidian Flames,33,Double Rare,Saki Hayashiro,Basic|ex,494,Pokémon,2023/08/11,"tcgplayer,cardmarket",https://prices.pokemontcg.io/tcgplayer/sv3-33,https://images.pokemontcg.io/sv3/33_hires.png,2026/08/08,2026/07/01,0.91,0.6399999856948853,1.100000023841858,5.989999771118164,,,,,,1.1996,0.4614,1.142,0.0,1.4765000343322754,1.1189,1.1766,0.0,0.0,0.0,1.1535,2026-08-09
sv3-35,Darmanitan,normal,Obsidian Flames,35,Uncommon,Yuya Oka,Stage 1,555,Pokémon,2023/08/11,"tcgplayer,cardmarket",https://prices.pokemontcg.io/tcgplayer/sv3-35,https://images.pokemontcg.io/sv3/35_hires.png,2026/08/08,2026/07/01,0.07,0.009999999776482582,0.15000000596046448,19.979999542236328,,0.25,,,,0.0461,0.0231,0.0231,0.2192,0.04610000178217888,0.0231,0.0346,0.2307,0.2538,0.2307,1.1535,2026-08-09
sv3-4,Scyther,normal,Obsidian Flames,4,Common,Shin Nagasawa,Basic,123,Pokémon,2023/08/11,"tcgplayer,cardmarket",https://prices.pokemontcg.io/tcgplayer/sv3-4,https://images.pokemontcg.io/sv3/4_hires.png,2026/08/08,2026/07/01,0.17,0.029999999329447746,0.1899999976158142,19.979999542236328,,0.26,,,,0.0577,0.0231,0.0577,0.1384,0.03460000082850456,0.0461,0.0577,0.1154,0.1269,0.1384,1.1535,2026-08-09
sv3-9,Foongus,normal,Obsidian Flames,9,Common,You Iribi,Basic,590,Pokémon,2023/08/11,"tcgplayer,cardmarket",https://prices.pokemontcg.io/tcgplayer/sv3-9,https://images.pokemontcg.io/sv3/9_hires.png,2026/08/08,2026/07/01,0.13,0.009999999776482582,0.1599999964237213,20.0,,0.2,,,,0.0346,0.0231,0.0346,0.1038,0.023099999874830246,0.0346,0.0346,0.1154,0.0923,0.1038,1.1535,2026-08-09
sv3-24,Capsakid,normal,Obsidian Flames,24,Common,Pani Kobayashi,Basic,951,Pokémon,2023/08/11,"tcgplayer,cardmarket",https://prices.pokemontcg.io/tcgplayer/sv3-24,https://images.pokemontcg.io/sv3/24_hires.png,2026/08/08,2026/07/01,0.11,0.009999999776482582,0.15000000596046448,20.0,,0.27,,,,0.0577,0.0231,0.0461,0.1961,0.05770000070333481,0.0461,0.0461,0.2307,0.2192,0.2076,1.1535,2026-08-09
sv3-25,Scovillain,holofoil,Obsidian Flames,25,Rare,kodama,Stage 1,952,Pokémon,2023/08/11,"tcgplayer,cardmarket",https://prices.pokemontcg.io/tcgplayer/sv3-25,https://images.pokemontcg.io/sv3/25_hires.png,2026/08/08,2026/07/01,0.13,0.009999999776482582,0.18000000715255737,40.0,,0.25,,,,0.0577,0.0231,0.0692,0.2076,0.04610000178217888,0.0461,0.0577,0.1154,0.2307,0.2076,1.1535,2026-08-09
sv3-31,Numel,normal,Obsidian Flames,31,Common,Mizue,Basic,322,Pokémon,2023/08/11,"tcgplayer,cardmarket",https://prices.pokemontcg.io/tcgplayer/sv3-31,https://images.pokemontcg.io/sv3/31_hires.png,2026/08/08,2026/07/01,0.13,0.009999999776482582,0.15000000596046448,20.0,,0.17,,,,0.0346,0.0231,0.0346,0.1269,0.023099999874830246,0.0346,0.0346,0.0923,0.1269,0.1269,1.1535,2026-08-09
sv3-34,Darumaka,normal,Obsidian Flames,34,Common,Miki Tanaka,Basic,554,Pokémon,2023/08/11,"tcgplayer,cardmarket",https://prices.pokemontcg.io/tcgplayer/sv3-34,https://images.pokemontcg.io/sv3/34_hires.png,2026/08/08,2026/06/04,0.11,0.009999999776482582,0.15000000596046448,20.0,,0.16,,,,0.0231,0.0231,0.0346,0.1038,0.023099999874830246,0.0346,0.0231,0.1961,0.15,0.1038,1.1535,2026-08-09
sv3-8,Combee,normal,Obsidian Flames,8,Common,HYOGONOSUKE,Basic,415,Pokémon,2023/08/11,"tcgplayer,cardmarket",https://prices.pokemontcg.io/tcgplayer/sv3-8,https://images.pokemontcg.io/sv3/8_hires.png,2026/08/08,2026/05/15,0.16,0.009999999776482582,0.17000000178813934,20.0,,0.2,,,,0.0346,0.0231,0.0346,0.1269,0.03460000082850456,0.0461,0.0461,0.0346,0.1154,0.1269,1.1535,2026-08-09
sv3-3,Bellossom,normal,Obsidian Flames,3,Uncommon,sui,Stage 2,182,Pokémon,2023/08/11,"tcgplayer,cardmarket",https://prices.pokemontcg.io/tcgplayer/sv3-3,https://images.pokemontcg.io/sv3/3_hires.png,2026/08/08,2026/05/15,0.24,0.009999999776482582,0.25,1000.0,,0.33,,,,0.0807,0.0231,0.0807,0.2538,0.05770000070333481,0.0807,0.0807,0.2307,0.2422,0.2538,1.1535,2026-08-09
sv3-5,Shuckle,normal,Obsidian Flames,5,Common,Kurata So,Basic,213,Pokémon,2023/08/11,"tcgplayer,cardmarket",https://prices.pokemontcg.io/tcgplayer/sv3-5,https://images.pokemontcg.io/sv3/5_hires.png,2026/08/08,2026/05/15,0.2,0.019999999552965164,0.20999999344348907,19.979999542236328,,0.29,,,,0.0577,0.0231,0.0807,0.2192,0.23070000112056732,0.0807,0.0577,0.1384,0.1615,0.2192,1.1535,2026-08-09
sv3-7,Masquerain,normal,Obsidian Flames,7,Uncommon,Haru Akasaka,Stage 1,284,Pokémon,2023/08/11,"tcgplayer,cardmarket",https://prices.pokemontcg.io/tcgplayer/sv3-7,https://images.pokemontcg.io/sv3/7_hires.png,2026/08/08,2026/05/15,0.11,0.009999999776482582,0.15000000596046448,20.0,,0.25,,,,0.0577,0.0231,0.0346,0.2422,0.03460000082850456,0.0346,0.0346,0.1154,0.173,0.2307,1.1535,2026-08-09
sv3-10,Amoonguss,normal,Obsidian Flames,10,Uncommon,Nobuhiro Imagawa,Stage 1,591,Pokémon,2023/08/11,"tcgplayer,cardmarket",https://prices.pokemontcg.io/tcgplayer/sv3-10,https://images.pokemontcg.io/sv3/10_hires.png,2026/08/08,2026/05/15,0.14,0.009999999776482582,0.18000000715255737,19.979999542236328,,0.24,,,,0.0807,0.0231,0.0577,0.2307,0.08070000261068344,0.1154,0.0807,0.2192,0.2192,0.2307,1.1535,2026-08-09
sv3-12,Trevenant,normal,Obsidian Flames,12,Uncommon,Anesaki Dynamic,Stage 1,709,Pokémon,2023/08/11,"tcgplayer,cardmarket",https://prices.pokemontcg.io/tcgplayer/sv3-12,https://images.pokemontcg.io/sv3/12_hires.png,2026/08/08,2026/05/15,0.09,0.009999999776482582,0.15000000596046448,20.0,,0.2,,,,0.0577,0.0231,0.0346,0.2307,0.03460000082850456,0.0346,0.0461,0.1846,0.2307,0.2422,1.1535,2026-08-09
sv3-15,Decidueye ex,holofoil,Obsidian Flames,15,Double Rare,PLANETA Mochizuki,Stage 2|ex,724,Pokémon,2023/08/11,"tcgplayer,cardmarket",https://prices.pokemontcg.io/tcgplayer/sv3-15,https://images.pokemontcg.io/sv3/15_hires.png,2026/08/08,2026/05/15,0.92,0.5,1.0,19.989999771118164,,,,,,0.9228,0.173,0.8997,0.0,1.0728000402450562,0.8767,0.9343,0.0,0.0,0.0,1.1535,2026-08-09
sv3-16,Bounsweet,normal,Obsidian Flames,16,Common,Kurata So,Basic,761,Pokémon,2023/08/11,"tcgplayer,cardmarket",https://prices.pokemontcg.io/tcgplayer/sv3-16,https://images.pokemontcg.io/sv3/16_hires.png,2026/08/08,2026/05/15,0.1,0.009999999776482582,0.15000000596046448,19.979999542236328,,0.21,,,,0.0346,0.0231,0.0231,0.1269,0.023099999874830246,0.0346,0.0346,0.0923,0.0807,0.1154,1.1535,2026-08-09
sv3-18,Tsareena,normal,Obsidian Flames,18,Uncommon,Atsushi Furusawa,Stage 2,763,Pokémon,2023/08/11,"tcgplayer,cardmarket",https://prices.pokemontcg.io/tcgplayer/sv3-18,https://images.pokemontcg.io/sv3/18_hires.png,2026/08/08,2026/05/07,0.18,0.009999999776482582,0.20000000298023224,19.979999542236328,,0.23,,,,0.0807,0.0231,0.0577,0.2307,0.023099999874830246,0.0692,0.0807,0.6344,0.2538,0.2307,1.1535,2026-08-09
sv3-19,Smoliv,normal,Obsidian Flames,19,Common,Masako Tomii,Basic,928,Pokémon,2023/08/11,"tcgplayer,cardmarket",https://prices.pokemontcg.io/tcgplayer/sv3-19,https://images.pokemontcg.io/sv3/19_hires.png,2026/08/08,2026/03/29,0.07,0.009999999776482582,0.15000000596046448,19.979999542236328,,0.22,,,,0.0346,0.0231,0.0461,0.1038,0.023099999874830246,0.0346,0.0346,0.1154,0.0807,0.1038,1.1535,2026-08-09
sv3-20,Dolliv,normal,Obsidian Flames,20,Common,Mizue,Stage 1,929,Pokémon,2023/08/11,"tcgplayer,cardmarket",https://prices.pokemontcg.io/tcgplayer/sv3-20,https://images.pokemontcg.io/sv3/20_hires.png,2026/08/08,2026/03/12,0.18,0.019999999552965164,0.18000000715255737,20.0,,0.24,,,,0.0461,0.0231,0.0461,0.2307,0.06920000165700912,0.0461,0.0461,0.2538,0.2884,0.2307,1.1535,2026-08-09
sv3-22,Toedscruel ex,holofoil,Obsidian Flames,22,Double Rare,5ban Graphics,Stage 1|ex,949,Pokémon,2023/08/11,"tcgplayer,cardmarket",https://prices.pokemontcg.io/tcgplayer/sv3-22,https://images.pokemontcg.io/sv3/22_hires.png,2026/08/08,2026/03/11,0.8,0.5,0.9700000286102295,25.0,,,,,,1.1189,0.2307,1.0035,0.0,1.118899941444397,0.8536,0.9574,0.0,0.0,0.0,1.1535,2026-08-09
sv3-28,Vulpix,normal,Obsidian Flames,28,Common,0313,Basic,37,Pokémon,2023/08/11,"tcgplayer,cardmarket",https://prices.pokemontcg.io/tcgplayer/sv3-28,https://images.pokemontcg.io/sv3/28_hires.png,2026/08/08,2026/03/11,0.11,0.009999999776482582,0.15000000596046448,1000.0,,0.21,,,,0.0461,0.0231,0.0461,0.1384,0.04610000178217888,0.0807,0.0461,0.0692,0.173,0.15,1.1535,2026-08-09
sv3-13,Rowlet,normal,Obsidian Flames,13,Common,Tomokazu Komiya,Basic,722,Pokémon,2023/08/11,"tcgplayer,cardmarket",https://prices.pokemontcg.io/tcgplayer/sv3-13,https://images.pokemontcg.io/sv3/13_hires.png,2026/08/08,2026/03/11,0.18,0.009999999776482582,0.20000000298023224,20.0,,0.27,,,,0.0346,0.0231,0.0577,0.1384,0.023099999874830246,0.0692,0.0461,0.2307,0.1846,0.1384,1.1535,2026-08-09
sv3-14,Dartrix,normal,Obsidian Flames,14,Uncommon,sui,Stage 1,723,Pokémon,2023/08/11,"tcgplayer,cardmarket",https://prices.pokemontcg.io/tcgplayer/sv3-14,https://images.pokemontcg.io/sv3/14_hires.png,2026/08/08,2026/03/11,0.1,0.009999999776482582,0.1599999964237213,19.979999542236328,,0.3,,,,0.0461,0.0231,0.1615,0.2076,0.06920000165700912,0.0923,0.0461,0.2999,0.2999,0.2192,1.1535,2026-08-09
sv3-21,Arboliva,normal,Obsidian Flames,21,Uncommon,KEIICHIRO ITO,Stage 2,930,Pokémon,2023/08/11,"tcgplayer,cardmarket",https://prices.pokemontcg.io/tcgplayer/sv3-21,https://images.pokemontcg.io/sv3/21_hires.png,2026/08/08,2026/03/11,0.17,0.009999999776482582,0.1899999976158142,20.0,,0.22,,,,0.0692,0.0231,0.0692,0.2076,0.05770000070333481,0.0692,0.0692,0.3114,0.2422,0.2076,1.1535,2026-08-09
sv3-23,Capsakid,normal,Obsidian Flames,23,Common,Shin Nagasawa,Basic,951,Pokémon,2023/08/11,"tcgplayer,cardmarket",https://prices.pokemontcg.io/tcgplayer/sv3-23,https://images.pokemontcg.io/sv3/23_hires.png,2026/08/08,2026/03/11,0.11,0.009999999776482582,0.15000000596046448,20.0,,0.21,,,,0.0577,0.0231,0.0461,0.173,0.05770000070333481,0.0461,0.0577,0.1961,0.2076,0.1846,1.1535,2026-08-09
sv3-26,Charmander,normal,Obsidian Flames,26,Common,DOM,Basic,4,Pokémon,2023/08/11,"tcgplayer,cardmarket",https://prices.pokemontcg.io/tcgplayer/sv3-26,https://images.pokemontcg.io/sv3/26_hires.png,2026/08/08,2026/03/11,0.21,0.009999999776482582,0.2199999988079071,20.0,,0.34,,,,0.7959,0.0231,0.5306,0.0,0.6344000101089478,0.4037,0.7498,0.0,0.0,0.0,1.1535,2026-08-09
sv3-29,Ninetales,normal,Obsidian Flames,29,Uncommon,Yoshioka,Stage 1,38,Pokémon,2023/08/11,"tcgplayer,cardmarket",https://prices.pokemontcg.io/tcgplayer/sv3-29,https://images.pokemontcg.io/sv3/29_hires.png,2026/08/08,2026/03/11,0.28,0.009999999776482582,0.23999999463558197,19.979999542236328,,0.4,,,,0.0692,0.0231,0.0461,0.3576,0.023099999874830246,0.0807,0.0577,0.1615,0.323,0.346,1.1535,2026-08-09
sv3-30,Entei,holofoil,Obsidian Flames,30,Rare,toriyufu,Basic,244,Pokémon,2023/08/11,"tcgplayer,cardmarket",https://prices.pokemontcg.io/tcgplayer/sv3-30,https://images.pokemontcg.io/sv3/30_hires.png,2026/08/08,2026/03/11,0.22,0.009999999776482582,0.23000000417232513,50.0,,0.34,,,,0.0923,0.0231,0.1154,0.2307,0.03460000082850456,0.1038,0.0923,0.3114,0.2422,0.2422,1.1535,2026-08-09
sv3-36,Litwick,normal,Obsidian Flames,36,Common,Nagomi Nijo,Basic,607,Pokémon,2023/08/11,"tcgplayer,cardmarket",https://prices.pokemontcg.io/tcgplayer/sv3-36,https://images.pokemontcg.io/sv3/36_hires.png,2026/08/08,2026/02/24,0.12,0.009999999776482582,0.15000000596046448,1000.0,,0.21,,,,0.0461,0.0231,0.0577,0.15,0.03460000082850456,0.0346,0.0461,0.173,0.1615,0.1384,1.1535,2026-08-09
sv3-42,Eiscue ex,holofoil,Obsidian Flames,42,Double Rare,5ban Graphics,Basic|ex|Tera,875,Pokémon,2023/08/11,"tcgplayer,cardmarket",https://prices.pokemontcg.io/tcgplayer/sv3-42,https://images.pokemontcg.io/sv3/42_hires.png,2026/08/08,2026/02/24,0.95,0.44999998807907104,1.0,99.0,,,,,,1.1996,0.0577,1.0381,0.0,1.2111999988555908,1.1074,1.1996,0.0,0.0,0.0,1.1535,2026-08-09
sv3-45,Lapras,normal,Obsidian Flames,45,Uncommon,matazo,Basic,131,Pokémon,2023/08/11,"tcgplayer,cardmarket",https://prices.pokemontcg.io/tcgplayer/sv3-45,https://images.pokemontcg.io/sv3/45_hires.png,2026/08/08,2026/02/22,0.15,0.009999999776482582,0.18000000715255737,20.0,,0.31,,,,0.0577,0.0231,0.0692,0.3345,0.04610000178217888,0.0692,0.0577,0.2884,0.2768,0.3345,1.1535,2026-08-09
sv3-48,Buizel,normal,Obsidian Flames,48,Common,Jerky,Basic,418,Pokémon,2023/08/11,"tcgplayer,cardmarket",https://prices.pokemontcg.io/tcgplayer/sv3-48,https://images.pokemontcg.io/sv3/48_hires.png,2026/08/08,2026/02/22,0.04,0.009999999776482582,0.15000000596046448,20.0,,0.23,,,,0.0346,0.0231,0.0231,0.1154,0.03460000082850456,0.0231,0.0346,0.0692,0.1038,0.1154,1.1535,2026-08-09
sv3-54,Beartic,normal,Obsidian Flames,54,Uncommon,Misa Tsutsui,Stage 1,614,Pokémon,2023/08/11,"tcgplayer,cardmarket",https://prices.pokemontcg.io/tcgplayer/sv3-54,https://images.pokemontcg.io/sv3/54_hires.png,2026/08/08,2026/02/22,0.15,0.009999999776482582,0.17000000178813934,1000.0,,0.18,,,,0.0461,0.0231,0.0692,0.2422,0.03460000082850456,0.0692,0.0577,0.2307,0.173,0.2192,1.1535,2026-08-09
sv3-58,Wiglett,normal,Obsidian Flames,58,Common,Pani Kobayashi,Basic,960,Pokémon,2023/08/11,"tcgplayer,cardmarket",https://prices.pokemontcg.io/tcgplayer/sv3-58,https://images.pokemontcg.io/sv3/58_hires.png,2026/08/08,2026/02/22,0.11,0.009999999776482582,0.15000000596046448,19.979999542236328,,0.17,,,,0.0346,0.0231,0.0461,0.1154,0.023099999874830246,0.0692,0.0461,0.0231,0.1154,0.1038,1.1535,2026-08-09
sv3-60,Finizen,normal,Obsidian Flames,60,Common,kodama,Basic,963,Pokémon,2023/08/11,"tcgplayer,cardmarket",https://prices.pokemontcg.io/tcgplayer/sv3-60,https://images.pokemontcg.io/sv3/60_hires.png,2026/08/08,2026/02/22,0.15,0.009999999776482582,0.20000000298023224,1000.0,,0.29,,,,0.0461,0.0231,0.0231,0.2422,0.03460000082850456,0.0346,0.0577,0.0807,0.173,0.2538,1.1535,2026-08-09
sv3-62,Palafin,holofoil,Obsidian Flames,62,Rare,Souichirou Gunjima,Stage 1,964,Pokémon,2023/08/11,"tcgplayer,cardmarket",https://prices.pokemontcg.io/tcgplayer/sv3-62,https://images.pokemontcg.io/sv3/62_hires.png,2026/08/08,2026/02/22,0.14,0.009999999776482582,0.18000000715255737,20.0,,0.24,,,,0.2307,0.0231,0.2307,0.0,0.11540000140666962,0.15,0.2307,0.0,0.0,0.0,1.1535,2026-08-09
sv3-64,Magneton,normal,Obsidian Flames,64,Common,kurumitsu,Stage 1,82,Pokémon,2023/08/11,"tcgplayer,cardmarket",https://prices.pokemontcg.io/tcgplayer/sv3-64,https://images.pokemontcg.io/sv3/64_hires.png,2026/08/08,2026/02/22,0.14,0.019999999552965164,0.15000000596046448,2.990000009536743,,0.27,,,,0.0461,0.0231,0.0461,0.2192,0.03460000082850456,0.0577,0.0461,0.15,0.15,0.1846,1.1535,2026-08-09
sv3-65,Magnezone,normal,Obsidian Flames,65,Uncommon,Anesaki Dynamic,Stage 2,462,Pokémon,2023/08/11,"tcgplayer,cardmarket",https://prices.pokemontcg.io/tcgplayer/sv3-65,https://images.pokemontcg.io/sv3/65_hires.png,2026/08/08,2026/02/22,0.15,0.009999999776482582,0.17000000178813934,19.979999542236328,,0.27,,,,0.0692,0.0231,0.0692,0.2307,0.023099999874830246,0.0461,0.0692,0.15,0.2307,0.2192,1.1535,2026-08-09
sv3-70,Thundurus,holofoil,Obsidian Flames,70,Rare,GOSSAN,Basic,642,Pokémon,2023/08/11,"tcgplayer,cardmarket",https://prices.pokemontcg.io/tcgplayer/sv3-70,https://images.pokemontcg.io/sv3/70_hires.png,2026/08/08,2026/02/22,0.17,0.009999999776482582,0.20000000298023224,40.0,,0.28,,,,0.0692,0.0231,0.0461,0.2538,0.03460000082850456,0.0461,0.0577,0.2307,0.1961,0.1961,1.1535,2026-08-09
sv3-71,Toxel,normal,Obsidian Flames,71,Common,AKIRA EGAWA,Basic,848,Pokémon,2023/08/11,"tcgplayer,cardmarket",https://prices.pokemontcg.io/tcgplayer/sv3-71,https://images.pokemontcg.io/sv3/71_hires.png,2026/08/08,2026/02/22,0.17,0.009999999776482582,0.18000000715255737,1000.0,,0.23,,,,0.0461,0.0231,0.0461,0.1269,0.023099999874830246,0.0461,0.0461,0.1154,0.1038,0.1154,1.1535,2026-08-09
sv3-74,Tadbulb,normal,Obsidian Flames,74,Common,kirisAki,Basic,938,Pokémon,2023/08/11,"tcgplayer,cardmarket",https://prices.pokemontcg.io/tcgplayer/sv3-74,https://images.pokemontcg.io/sv3/74_hires.png,2026/08/08,2026/02/22,0.1,0.009999999776482582,0.15000000596046448,20.0,,0.21,,,,0.0461,0.0231,0.0461,0.2192,0.023099999874830246,0.0577,0.0577,0.173,0.2307,0.2076,1.1535,2026-08-09
sv3-82,Clefable ex,holofoil,Obsidian Flames,82,Double Rare,Satoshi Shirai,Stage 1|ex,36,Pokémon,2023/08/11,"tcgplayer,cardmarket",https://prices.pokemontcg.io/tcgplayer/sv3-82,https://images.pokemontcg.io/sv3/82_hires.png,2026/08/08,2026/02/22,1.25,0.6000000238418579,1.25,9.989999771118164,,,,,,1.3381,0.4614,1.315,0.0,1.3035000562667847,1.3727,1.3842,0.0,0.0,0.0,1.1535,2026-08-09
sv3-86,Espeon,normal,Obsidian Flames,86,Uncommon,Cona Nitanda,Stage 1,196,Pokémon,2023/08/11,"tcgplayer,cardmarket",https://prices.pokemontcg.io/tcgplayer/sv3-86,https://images.pokemontcg.io/sv3/86_hires.png,2026/08/08,2026/02/01,0.27,0.05000000074505806,0.2800000011920929,60.0,,1.17,,,,23.0585,0.0461,25.8038,0.0,23.058500289916992,24.708,16.4604,0.0,0.0,0.0,1.1535,2026-08-09
sv3-88,Granbull,normal,Obsidian Flames,88,Uncommon,Lee HyunJung,Stage 1,210,Pokémon,2023/08/11,"tcgplayer,cardmarket",https://prices.pokemontcg.io/tcgplayer/sv3-88,https://images.pokemontcg.io/sv3/88_hires.png,2026/08/08,2026/02/01,0.09,0.009999999776482582,0.15000000596046448,20.0,,0.22,,,,0.0461,0.0231,0.0461,0.2768,0.08070000261068344,0.0577,0.0461,0.0461,0.2076,0.2653,1.1535,2026-08-09
sv3-94,Baltoy,normal,Obsidian Flames,94,Common,Scav,Basic,343,Pokémon,2023/08/11,"tcgplayer,cardmarket",https://prices.pokemontcg.io/tcgplayer/sv3-94,https://images.pokemontcg.io/sv3/94_hires.png,2026/08/08,2026/02/01,0.15,0.009999999776482582,0.15000000596046448,19.979999542236328,,0.14,,,,0.0346,0.0231,0.0346,0.1384,0.023099999874830246,0.0461,0.0346,0.0577,0.1038,0.1269,1.1535,2026-08-09
sv3-95,Claydol,holofoil,Obsidian Flames,95,Rare,Shigenori Negishi,Stage 1,344,Pokémon,2023/08/11,"tcgplayer,cardmarket",https://prices.pokemontcg.io/tcgplayer/sv3-95,https://images.pokemontcg.io/sv3/95_hires.png,2026/08/08,2026/02/01,0.22,0.009999999776482582,0.20000000298023224,30.0,,0.28,,,,0.0923,0.0231,0.0807,0.3114,0.05770000070333481,0.0692,0.0923,0.1269,0.2076,0.2768,1.1535,2026-08-09
sv3-96,Vespiquen ex,holofoil,Obsidian Flames,96,Double Rare,5ban Graphics,Stage 1|ex|Tera,416,Pokémon,2023/08/11,"tcgplayer,cardmarket",https://prices.pokemontcg.io/tcgplayer/sv3-96,https://images.pokemontcg.io/sv3/96_hires.png,2026/08/08,2026/02/01,0.89,0.5,0.9900000095367432,20.0,,,,,,1.0497,0.1154,1.2804,0.0,1.118899941444397,1.1304,1.0266,0.0,0.0,0.0,1.1535,2026-08-09
sv3-97,Sinistea,normal,Obsidian Flames,97,Common,Yuka Morii,Basic,854,Pokémon,2023/08/11,"tcgplayer,cardmarket",https://prices.pokemontcg.io/tcgplayer/sv3-97,https://images.pokemontcg.io/sv3/97_hires.png,2026/08/08,2026/02/01,0.22,0.029999999329447746,0.25,20.0,,0.32,,,,0.0461,0.0231,0.0692,0.1615,0.023099999874830246,0.0692,0.0577,0.0461,0.1384,0.15,1.1535,2026-08-09
sv3-103,Diglett,normal,Obsidian Flames,103,Common,OKACHEKE,Basic,50,Pokémon,2023/08/11,"tcgplayer,cardmarket",https://prices.pokemontcg.io/tcgplayer/sv3-103,https://images.pokemontcg.io/sv3/103_hires.png,2026/08/08,2026/02/01,0.14,0.019999999552965164,0.18000000715255737,20.0,,0.19,,,,0.0461,0.0231,0.0461,0.15,0.03460000082850456,0.0346,0.0461,0.0807,0.1269,0.1384,1.1535,2026-08-09
sv3-108,Barboach,normal,Obsidian Flames,108,Common,Scav,Basic,339,Pokémon,2023/08/11,"tcgplayer,cardmarket",https://prices.pokemontcg.io/tcgplayer/sv3-108,https://images.pokemontcg.io/sv3/108_hires.png,2026/08/08,2026/02/01,0.11,0.009999999776482582,0.15000000596046448,17.8799991607666,,0.2,,,,0.0461,0.0231,0.0461,0.1615,0.03460000082850456,0.0807,0.0577,0.1269,0.0923,0.1269,1.1535,2026-08-09
sv3-109,Whiscash,normal,Obsidian Flames,109,Uncommon,0313,Stage 1,340,Pokémon,2023/08/11,"tcgplayer,cardmarket",https://prices.pokemontcg.io/tcgplayer/sv3-109,https://images.pokemontcg.io/sv3/109_hires.png,2026/08/08,2026/01/21,0.11,0.009999999776482582,0.15000000596046448,20.0,,0.23,,,,0.0461,0.0231,0.0461,0.2538,0.03460000082850456,0.0346,0.0346,0.2307,0.2653,0.2538,1.1535,2026-08-09
sv3-114,Crabrawler,normal,Obsidian Flames,114,Common,Nagomi Nijo,Basic,739,Pokémon,2023/08/11,"tcgplayer,cardmarket",https://prices.pokemontcg.io/tcgplayer/sv3-114,https://images.pokemontcg.io/sv3/114_hires.png,2026/08/08,2026/01/21,0.16,0.009999999776482582,0.1599999964237213,20.0,,0.17,,,,0.0461,0.0231,0.0577,0.15,0.04610000178217888,0.0461,0.0461,0.1961,0.15,0.1384,1.1535,2026-08-09
sv3-115,Crabominable,normal,Obsidian Flames,115,Uncommon,Misa Tsutsui,Stage 1,740,Pokémon,2023/08/11,"tcgplayer,cardmarket",https://prices.pokemontcg.io/tcgplayer/sv3-115,https://images.pokemontcg.io/sv3/115_hires.png,2026/08/08,2026/01/21,0.08,0.009999999776482582,0.15000000596046448,19.979999542236328,,0.22,,,,0.0461,0.0231,0.0461,0.2653,0.04610000178217888,0.0461,0.0461,0.0577,0.2422,0.2422,1.1535,2026-08-09
sv3-116,Rockruff,normal,Obsidian Flames,116,Common,Jerky,Basic,744,Pokémon,2023/08/11,"tcgplayer,cardmarket",https://prices.pokemontcg.io/tcgplayer/sv3-116,https://images.pokemontcg.io/sv3/116_hires.png,2026/08/08,2026/01/21,0.13,0.009999999776482582,0.18000000715255737,19.979999542236328,,0.24,,,,0.0461,0.0231,0.0577,0.15,0.03460000082850456,0.0577,0.0577,0.0577,0.1384,0.15,1.1535,2026-08-09
sv3-117,Lycanroc,normal,Obsidian Flames,117,Uncommon,Mitsuhiro Arita,Stage 1,745,Pokémon,2023/08/11,"tcgplayer,cardmarket",https://prices.pokemontcg.io/tcgplayer/sv3-117,https://images.pokemontcg.io/sv3/117_hires.png,2026/08/08,2026/01/21,0.12,0.009999999776482582,0.15000000596046448,1000.0,,0.29,,,,0.0461,0.0231,0.0346,0.2653,0.023099999874830246,0.0461,0.0461,0.2076,0.2307,0.2538,1.1535,2026-08-09
sv3-121,Glimmet,normal,Obsidian Flames,121,Common,Sanosuke Sakuma,Basic,969,Pokémon,2023/08/11,"tcgplayer,cardmarket",https://prices.pokemontcg.io/tcgplayer/sv3-121,https://images.pokemontcg.io/sv3/121_hires.png,2026/08/08,2026/01/19,0.14,0.009999999776482582,0.15000000596046448,19.979999542236328,,0.2,,,,0.0577,0.0231,0.0692,0.2076,0.08070000261068344,0.0577,0.0577,0.346,0.1961,0.2192,1.1535,2026-08-09
sv3-127,Paldean Wooper,normal,Obsidian Flames,127,Common,Pani Kobayashi,Basic,194,Pokémon,2023/08/11,"tcgplayer,cardmarket",https://prices.pokemontcg.io/tcgplayer/sv3-127,https://images.pokemontcg.io/sv3/127_hires.png,2026/08/08,2026/01/19,0.13,0.029999999329447746,0.1899999976158142,20.0,,0.33,,,,0.0577,0.0231,0.0577,0.2884,0.06920000165700912,0.0461,0.0577,0.2884,0.2422,0.2884,1.1535,2026-08-09
sv3-129,Paldean Clodsire,normal,Obsidian Flames,129,Uncommon,Shin Nagasawa,Stage 1,980,Pokémon,2023/08/11,"tcgplayer,cardmarket",https://prices.pokemontcg.io/tcgplayer/sv3-129,https://images.pokemontcg.io/sv3/129_hires.png,2026/08/08,2026/01/19,0.26,0.03999999910593033,0.25,2.990000009536743,,0.42,,,,0.0807,0.0231,0.0577,0.3114,0.06920000165700912,0.0577,0.0807,0.346,0.2422,0.3114,1.1535,2026-08-09
sv3-39,Heatmor,normal,Obsidian Flames,39,Common,otumami,Basic,631,Pokémon,2023/08/11,"tcgplayer,cardmarket",https://prices.pokemontcg.io/tcgplayer/sv3-39,https://images.pokemontcg.io/sv3/39_hires.png,2026/08/08,2026/01/19,0.12,0.009999999776482582,0.15000000596046448,20.0,,0.2,,,,0.0346,0.0231,0.0461,0.1384,0.04610000178217888,0.0461,0.0461,0.0923,0.1154,0.1269,1.1535,2026-08-09
sv3-49,Floatzel,normal,Obsidian Flames,49,Uncommon,Kouki Saitou,Stage 1,419,Pokémon,2023/08/11,"tcgplayer,cardmarket",https://prices.pokemontcg.io/tcgplayer/sv3-49,https://images.pokemontcg.io/sv3/49_hires.png,2026/08/08,2026/01/19,0.11,0.009999999776482582,0.15000000596046448,20.0,,0.21,,,,0.0461,0.0231,0.0461,0.2653,0.03460000082850456,0.0461,0.0461,0.5767,0.2653,0.2538,1.1535,2026-08-09
sv3-50,Tympole,normal,Obsidian Flames,50,Common,OKUBO,Basic,535,Pokémon,2023/08/11,"tcgplayer,cardmarket",https://prices.pokemontcg.io/tcgplayer/sv3-50,https://images.pokemontcg.io/sv3/50_hires.png,2026/08/08,2026/01/19,0.1,0.009999999776482582,0.15000000596046448,20.0,,0.18,,,,0.0346,0.0231,0.0231,0.1384,0.03460000082850456,0.0231,0.0346,0.0807,0.1038,0.1269,1.1535,2026-08-09
sv3-53,Cubchoo,normal,Obsidian Flames,53,Common,Mizue,Basic,613,Pokémon,2023/08/11,"tcgplayer,cardmarket",https://prices.pokemontcg.io/tcgplayer/sv3-53,https://images.pokemontcg.io/sv3/53_hires.png,2026/08/08,2026/01/19,0.16,0.009999999776482582,0.18000000715255737,20.0,,0.18,,,,0.0461,0.0231,0.0577,0.1384,0.03460000082850456,0.0346,0.0461,0.0923,0.0923,0.1384,1.1535,2026-08-09
sv3-55,Cryogonal,normal,Obsidian Flames,55,Common,kirisAki,Basic,615,Pokémon,2023/08/11,"tcgplayer,cardmarket",https://prices.pokemontcg.io/tcgplayer/sv3-55,https://images.pokemontcg.io/sv3/55_hires.png,2026/08/08,2026/01/19,0.16,0.009999999776482582,0.17000000178813934,19.979999542236328,,0.16,,,,0.0461,0.0231,0.0461,0.15,0.04610000178217888,0.0346,0.0461,0.2307,0.173,0.15,1.1535,2026-08-09
sv3-63,Magnemite,normal,Obsidian Flames,63,Common,Masakazu Fukuda,Basic,81,Pokémon,2023/08/11,"tcgplayer,cardmarket",https://prices.pokemontcg.io/tcgplayer/sv3-63,https://images.pokemontcg.io/sv3/63_hires.png,2026/08/08,2026/01/19,0.03,0.009999999776482582,0.15000000596046448,20.0,,0.21,,,,0.0346,0.0231,0.0461,0.15,0.05770000070333481,0.0346,0.0346,0.0692,0.1154,0.15,1.1535,2026-08-09
sv3-66,Tyranitar ex,holofoil,Obsidian Flames,66,Double Rare,5ban Graphics,Stage 2|ex|Tera,248,Pokémon,2023/08/11,"tcgplayer,cardmarket",https://prices.pokemontcg.io/tcgplayer/sv3-66,https://images.pokemontcg.io/sv3/66_hires.png,2026/08/08,2026/01/19,1.12,0.6000000238418579,1.3300000429153442,29.989999771118164,,,,,,1.6034,0.4383,2.0648,0.0,1.6033999919891357,1.9956,1.6034,0.0,0.0,0.0,1.1535,2026-08-09
sv3-67,Tynamo,normal,Obsidian Flames,67,Common,Kagemaru Himeno,Basic,602,Pokémon,2023/08/11,"tcgplayer,cardmarket",https://prices.pokemontcg.io/tcgplayer/sv3-67,https://images.pokemontcg.io/sv3/67_hires.png,2026/08/08,2026/01/19,0.11,0.009999999776482582,0.15000000596046448,20.0,,0.18,,,,0.0346,0.0231,0.0231,0.1269,0.03460000082850456,0.0231,0.0346,0.0807,0.1269,0.1269,1.1535,2026-08-09
sv3-68,Eelektrik,normal,Obsidian Flames,68,Common,Souichirou Gunjima,Stage 1,603,Pokémon,2023/08/11,"tcgplayer,cardmarket",https://prices.pokemontcg.io/tcgplayer/sv3-68,https://images.pokemontcg.io/sv3/68_hires.png,2026/08/08,2026/01/19,0.15,0.009999999776482582,0.15000000596046448,20.0,,0.19,,,,0.0461,0.0231,0.0346,0.2307,0.03460000082850456,0.0461,0.0461,0.173,0.2192,0.2192,1.1535,2026-08-09
sv3-69,Eelektross,normal,Obsidian Flames,69,Uncommon,Masakazu Fukuda,Stage 2,604,Pokémon,2023/08/11,"tcgplayer,cardmarket",https://prices.pokemontcg.io/tcgplayer/sv3-69,https://images.pokemontcg.io/sv3/69_hires.png,2026/08/08,2026/01/19,0.16,0.029999999329447746,0.18000000715255737,20.0,,0.23,,,,0.0577,0.0231,0.0231,0.2999,0.03460000082850456,0.0461,0.0577,0.4499,0.2538,0.2999,1.1535,2026-08-09
sv3-76,Tadbulb,normal,Obsidian Flames,76,Common,Shin Nagasawa,Basic,938,Pokémon,2023/08/11,"tcgplayer,cardmarket",https://prices.pokemontcg.io/tcgplayer/sv3-76,https://images.pokemontcg.io/sv3/76_hires.png,2026/08/08,2026/01/19,0.17,0.009999999776482582,0.18000000715255737,18.719999313354492,,0.19,,,,0.0461,0.0231,0.0461,0.1961,0.023099999874830246,0.0346,0.0461,0.2538,0.2076,0.1846,1.1535,2026-08-09
sv3-80,Cleffa,normal,Obsidian Flames,80,Common,kurumitsu,Basic,173,Pokémon,2023/08/11,"tcgplayer,cardmarket",https://prices.pokemontcg.io/tcgplayer/sv3-80,https://images.pokemontcg.io/sv3/80_hires.png,2026/08/08,2026/01/19,0.35,0.09000000357627869,0.3400000035762787,999.0,,0.42,,,,0.346,0.0231,0.3345,0.4153,0.1615000069141388,0.3114,0.346,0.6806,0.3807,0.4037,1.1535,2026-08-09
sv3-81,Clefairy,normal,Obsidian Flames,81,Common,Yuka Morii,Basic,35,Pokémon,2023/08/11,"tcgplayer,cardmarket",https://prices.pokemontcg.io/tcgplayer/sv3-81,https://images.pokemontcg.io/sv3/81_hires.png,2026/08/08,2026/01/16,0.34,0.11999999731779099,0.3499999940395355,19.979999542236328,,0.51,,,,0.0807,0.0231,0.0461,0.173,0.04610000178217888,0.0461,0.0692,0.1384,0.1961,0.1846,1.1535,2026-08-09
sv3-83,Togepi,normal,Obsidian Flames,83,Common,Natsumi Yoshida,Basic,175,Pokémon,2023/08/11,"tcgplayer,cardmarket",https://prices.pokemontcg.io/tcgplayer/sv3-83,https://images.pokemontcg.io/sv3/83_hires.png,2026/08/08,2026/01/16,0.16,0.019999999552965164,0.20000000298023224,20.0,,0.24,,,,0.0461,0.0231,0.0346,0.15,0.023099999874830246,0.0346,0.0346,0.1038,0.1154,0.15,1.1535,2026-08-09
sv3-85,Togekiss,holofoil,Obsidian Flames,85,Rare,Cona Nitanda,Stage 2,468,Pokémon,2023/08/11,"tcgplayer,cardmarket",https://prices.pokemontcg.io/tcgplayer/sv3-85,https://images.pokemontcg.io/sv3/85_hires.png,2026/08/08,2026/01/16,0.19,0.009999999776482582,0.20999999344348907,15.1899995803833,,0.28,,,,0.0692,0.0231,0.0577,0.3114,0.03460000082850456,0.0577,0.0577,0.3922,0.2884,0.3114,1.1535,2026-08-09
sv3-87,Snubbull,normal,Obsidian Flames,87,Common,Sekio,Basic,209,Pokémon,2023/08/11,"tcgplayer,cardmarket",https://prices.pokemontcg.io/tcgplayer/sv3-87,https://images.pokemontcg.io/sv3/87_hires.png,2026/08/08,2026/01/16,0.12,0.009999999776482582,0.1599999964237213,19.979999542236328,,0.21,,,,0.0461,0.0231,0.0461,0.1269,0.03460000082850456,0.0461,0.0461,0.2076,0.1038,0.1269,1.1535,2026-08-09
sv3-92,Lunatone,normal,Obsidian Flames,92,Uncommon,Tetsu Kayama,Basic,337,Pokémon,2023/08/11,"tcgplayer,cardmarket",https://prices.pokemontcg.io/tcgplayer/sv3-92,https://images.pokemontcg.io/sv3/92_hires.png,2026/08/08,2026/01/16,0.11,0.009999999776482582,0.15000000596046448,19.979999542236328,,0.23,,,,0.0346,0.0231,0.0346,0.2192,0.023099999874830246,0.0346,0.0346,0.4614,0.2653,0.2538,1.1535,2026-08-09
sv3-100,Greavard,normal,Obsidian Flames,100,Common,Pani Kobayashi,Basic,971,Pokémon,2023/08/11,"tcgplayer,cardmarket",https://prices.pokemontcg.io/tcgplayer/sv3-100,https://images.pokemontcg.io/sv3/100_hires.png,2026/08/08,2026/01/16,0.14,0.009999999776482582,0.1599999964237213,19.979999542236328,,0.18,,,,0.0461,0.0231,0.0461,0.1384,0.03460000082850456,0.0461,0.0461,0.0923,0.1038,0.1269,1.1535,2026-08-09
sv3-105,Larvitar,normal,Obsidian Flames,105,Common,KYUPIYAMA,Basic,246,Pokémon,2023/08/11,"tcgplayer,cardmarket",https://prices.pokemontcg.io/tcgplayer/sv3-105,https://images.pokemontcg.io/sv3/105_hires.png,2026/08/08,2026/01/16,0.1,0.009999999776482582,0.15000000596046448,20.0,,0.18,,,,0.0346,0.0231,0.0461,0.1615,0.023099999874830246,0.0346,0.0346,0.173,0.1038,0.15,1.1535,2026-08-09
sv3-106,Pupitar,normal,Obsidian Flames,106,Uncommon,Souichirou Gunjima,Stage 1,247,Pokémon,2023/08/11,"tcgplayer,cardmarket",https://prices.pokemontcg.io/tcgplayer/sv3-106,https://images.pokemontcg.io/sv3/106_hires.png,2026/08/08,2026/01/16,0.12,0.009999999776482582,0.15000000596046448,19.979999542236328,,0.24,,,,0.0461,0.0231,0.0461,0.2192,0.023099999874830246,0.0461,0.0461,0.2422,0.2192,0.2307,1.1535,2026-08-09
sv3-119,Toedscruel,normal,Obsidian Flames,119,Uncommon,Kouki Saitou,Stage 1,949,Pokémon,2023/08/11,"tcgplayer,cardmarket",https://prices.pokemontcg.io/tcgplayer/sv3-119,https://images.pokemontcg.io/sv3/119_hires.png,2026/08/08,2026/01/16,0.06,0.009999999776482582,0.15000000596046448,19.979999542236328,,0.18,,,,0.0461,0.0231,0.0346,0.2422,0.023099999874830246,0.0231,0.0346,0.2307,0.1154,0.2192,1.1535,2026-08-09
sv3-124,Koraidon ex,holofoil,Obsidian Flames,124,Double Rare,aky CG Works,Basic|ex,1007,Pokémon,2023/08/11,"tcgplayer,cardmarket",https://prices.pokemontcg.io/tcgplayer/sv3-124,https://images.pokemontcg.io/sv3/124_hires.png,2026/08/08,2026/01/16,0.79,0.4000000059604645,0.9900000095367432,149.25,,,,,,1.0843,0.2884,1.0497,0.0,0.8651000261306763,1.142,1.0497,0.0,0.0,0.0,1.1535,2026-08-09
sv3-37,Lampent,normal,Obsidian Flames,37,Common,Aya Kusube,Stage 1,608,Pokémon,2023/08/11,"tcgplayer,cardmarket",https://prices.pokemontcg.io/tcgplayer/sv3-37,https://images.pokemontcg.io/sv3/37_hires.png,2026/08/08,2026/01/16,0.19,0.009999999776482582,0.1899999976158142,19.979999542236328,,0.32,,,,0.0692,0.0231,0.0577,0.1961,0.023099999874830246,0.0923,0.0692,0.0692,0.1846,0.2076,1.1535,2026-08-09
sv3-41,Volcarona,normal,Obsidian Flames,41,Uncommon,Yukiko Baba,Stage 1,637,Pokémon,2023/08/11,"tcgplayer,cardmarket",https://prices.pokemontcg.io/tcgplayer/sv3-41,https://images.pokemontcg.io/sv3/41_hires.png,2026/08/08,2026/01/16,0.12,0.009999999776482582,0.15000000596046448,19.979999542236328,,0.24,,,,0.0346,0.0231,0.0231,0.2192,0.023099999874830246,0.0346,0.0346,0.1384,0.2653,0.2307,1.1535,2026-08-09
sv3-44,Armarouge,normal,Obsidian Flames,44,Uncommon,Souichirou Gunjima,Stage 1,936,Pokémon,2023/08/11,"tcgplayer,cardmarket",https://prices.pokemontcg.io/tcgplayer/sv3-44,https://images.pokemontcg.io/sv3/44_hires.png,2026/08/08,2026/01/16,0.13,0.009999999776482582,0.1599999964237213,20.0,,0.25,,,,0.0577,0.0231,0.0577,0.2884,0.03460000082850456,0.0461,0.0461,0.1154,0.2192,0.2884,1.1535,2026-08-09
sv3-47,Sharpedo,normal,Obsidian Flames,47,Uncommon,Tonji Matsuno,Stage 1,319,Pokémon,2023/08/11,"tcgplayer,cardmarket",https://prices.pokemontcg.io/tcgplayer/sv3-47,https://images.pokemontcg.io/sv3/47_hires.png,2026/08/08,2026/01/16,0.14,0.009999999776482582,0.18000000715255737,1000.0,,0.24,,,,0.0346,0.0231,0.0346,0.2076,0.023099999874830246,0.0346,0.0346,0.2422,0.346,0.2768,1.1535,2026-08-09
sv3-52,Seismitoad,normal,Obsidian Flames,52,Uncommon,Misa Tsutsui,Stage 2,537,Pokémon,2023/08/11,"tcgplayer,cardmarket",https://prices.pokemontcg.io/tcgplayer/sv3-52,https://images.pokemontcg.io/sv3/52_hires.png,2026/08/08,2026/01/16,0.16,0.029999999329447746,0.1899999976158142,20.0,,0.25,,,,0.0807,0.0231,0.0807,0.2422,0.11540000140666962,0.0807,0.0692,0.2076,0.2192,0.2422,1.1535,2026-08-09
sv3-72,Toxtricity,holofoil,Obsidian Flames,72,Rare,Anesaki Dynamic,Stage 1,849,Pokémon,2023/08/11,"tcgplayer,cardmarket",https://prices.pokemontcg.io/tcgplayer/sv3-72,https://images.pokemontcg.io/sv3/72_hires.png,2026/08/08,2026/01/16,0.13,0.009999999776482582,0.1899999976158142,20.0,,0.19,,,,0.0577,0.0231,0.0692,0.2307,0.03460000082850456,0.0461,0.0692,0.2999,0.2653,0.2422,1.1535,2026-08-09
sv3-77,Bellibolt,normal,Obsidian Flames,77,Uncommon,Kouki Saitou,Stage 1,939,Pokémon,2023/08/11,"tcgplayer,cardmarket",https://prices.pokemontcg.io/tcgplayer/sv3-77,https://images.pokemontcg.io/sv3/77_hires.png,2026/08/08,2026/01/16,0.21,0.009999999776482582,0.20999999344348907,19.979999542236328,,0.32,,,,0.0692,0.0231,0.0346,0.2538,0.04610000178217888,0.0692,0.0692,0.323,0.2884,0.2538,1.1535,2026-08-09
sv3-89,Mawile,normal,Obsidian Flames,89,Common,0313,Basic,303,Pokémon,2023/08/11,"tcgplayer,cardmarket",https://prices.pokemontcg.io/tcgplayer/sv3-89,https://images.pokemontcg.io/sv3/89_hires.png,2026/08/08,2026/01/16,0.15,0.009999999776482582,0.17000000178813934,20.0,,0.2,,,,0.0577,0.0231,0.0231,0.1384,0.023099999874830246,0.0346,0.0461,0.0577,0.1154,0.1269,1.1535,2026-08-09
sv3-90,Spoink,normal,Obsidian Flames,90,Common,GOSSAN,Basic,325,Pokémon,2023/08/11,"tcgplayer,cardmarket",https://prices.pokemontcg.io/tcgplayer/sv3-90,https://images.pokemontcg.io/sv3/90_hires.png,2026/08/08,2026/01/16,0.12,0.009999999776482582,0.15000000596046448,20.0,,0.18,,,,0.0461,0.0231,0.0461,0.15,0.03460000082850456,0.0346,0.0461,0.0577,0.0923,0.1384,1.1535,2026-08-09
sv3-99,Greavard,normal,Obsidian Flames,99,Common,Shibuzoh.,Basic,971,Pokémon,2023/08/11,"tcgplayer,cardmarket",https://prices.pokemontcg.io/tcgplayer/sv3-99,https://images.pokemontcg.io/sv3/99_hires.png,2026/08/08,2025/12/28,0.13,0.029999999329447746,0.17000000178813934,20.0,,0.23,,,,0.0577,0.0231,0.0807,0.2076,0.11540000140666962,0.0692,0.0577,0.15,0.1846,0.2192,1.1535,2026-08-09
sv3-107,Nosepass,normal,Obsidian Flames,107,Common,Nobuhiro Imagawa,Basic,299,Pokémon,2023/08/11,"tcgplayer,cardmarket",https://prices.pokemontcg.io/tcgplayer/sv3-107,https://images.pokemontcg.io/sv3/107_hires.png,2026/08/08,2025/12/28,0.13,0.009999999776482582,0.15000000596046448,1000.0,,0.16,,,,0.0577,0.0231,0.0692,0.1269,0.05770000070333481,0.0577,0.0577,0.0692,0.15,0.1269,1.1535,2026-08-09
sv3-110,Bonsly,normal,Obsidian Flames,110,Common,Mizue,Basic,438,Pokémon,2023/08/11,"tcgplayer,cardmarket",https://prices.pokemontcg.io/tcgplayer/sv3-110,https://images.pokemontcg.io/sv3/110_hires.png,2026/08/08,2025/12/28,0.15,0.009999999776482582,0.1899999976158142,20.0,,0.28,,,,0.0692,0.0231,0.0577,0.173,0.05770000070333481,0.0807,0.0692,0.1961,0.2307,0.173,1.1535,2026-08-09
sv3-111,Drilbur,normal,Obsidian Flames,111,Common,sowsow,Basic,529,Pokémon,2023/08/11,"tcgplayer,cardmarket",https://prices.pokemontcg.io/tcgplayer/sv3-111,https://images.pokemontcg.io/sv3/111_hires.png,2026/08/08,2025/12/28,0.13,0.009999999776482582,0.15000000596046448,20.0,,0.18,,,,0.0807,0.0231,0.0807,0.1269,0.03460000082850456,0.0461,0.0692,0.1269,0.1269,0.1269,1.1535,2026-08-09
sv3-112,Stunfisk,normal,Obsidian Flames,112,Uncommon,Sumiyoshi Kizuki,Basic,618,Pokémon,2023/08/11,"tcgplayer,cardmarket",https://prices.pokemontcg.io/tcgplayer/sv3-112,https://images.pokemontcg.io/sv3/112_hires.png,2026/08/08,2025/12/28,0.11,0.009999999776482582,0.15000000596046448,20.0,,0.22,,,,0.0461,0.0231,0.0807,0.1961,0.06920000165700912,0.0692,0.0461,0.2538,0.2076,0.2076,1.1535,2026-08-09
sv3-120,Klawf ex,holofoil,Obsidian Flames,120,Double Rare,aky CG Works,Basic|ex,950,Pokémon,2023/08/11,"tcgplayer,cardmarket",https://prices.pokemontcg.io/tcgplayer/sv3-120,https://images.pokemontcg.io/sv3/120_hires.png,2026/08/08,2025/12/12,0.81,0.5,0.9700000286102295,99.0,,,,,,1.0381,0.2884,1.165,0.0,1.0497000217437744,0.9574,1.0381,0.0,0.0,0.0,1.1535,2026-08-09
sv3-128,Paldean Clodsire,normal,Obsidian Flames,128,Uncommon,Kouki Saitou,Stage 1,980,Pokémon,2023/08/11,"tcgplayer,cardmarket",https://prices.pokemontcg.io/tcgplayer/sv3-128,https://images.pokemontcg.io/sv3/128_hires.png,2026/08/08,2025/12/12,0.23,0.019999999552965164,0.23000000417232513,20.0,,0.36,,,,0.0807,0.0231,0.0807,0.2653,0.12690000236034393,0.0923,0.0923,0.4499,0.2768,0.2768,1.1535,2026-08-09
sv3-38,Chandelure,normal,Obsidian Flames,38,Uncommon,Haru Akasaka,Stage 2,609,Pokémon,2023/08/11,"tcgplayer,cardmarket",https://prices.pokemontcg.io/tcgplayer/sv3-38,https://images.pokemontcg.io/sv3/38_hires.png,2026/08/08,2025/12/12,0.17,0.009999999776482582,0.20000000298023224,20.0,,0.34,,,,0.0807,0.0231,0.0923,0.2538,0.11540000140666962,0.1154,0.0923,0.3345,0.2192,0.2538,1.1535,2026-08-09
sv3-40,Larvesta,normal,Obsidian Flames,40,Common,Yuka Morii,Basic,636,Pokémon,2023/08/11,"tcgplayer,cardmarket",https://prices.pokemontcg.io/tcgplayer/sv3-40,https://images.pokemontcg.io/sv3/40_hires.png,2026/08/08,2025/12/12,0.16,0.009999999776482582,0.20000000298023224,19.979999542236328,,0.23,,,,0.0346,0.0231,0.0461,0.1269,0.03460000082850456,0.0461,0.0346,0.2422,0.15,0.1269,1.1535,2026-08-09
sv3-43,Charcadet,normal,Obsidian Flames,43,Common,Saya Tsuruta,Basic,935,Pokémon,2023/08/11,"tcgplayer,cardmarket",https://prices.pokemontcg.io/tcgplayer/sv3-43,https://images.pokemontcg.io/sv3/43_hires.png,2026/08/08,2025/12/12,0.14,0.009999999776482582,0.1599999964237213,1000.0,,0.18,,,,0.0231,0.0231,0.0461,0.0807,0.10379999876022339,0.0461,0.0346,0.2538,0.1038,0.0923,1.1535,2026-08-09
sv3-46,Carvanha,normal,Obsidian Flames,46,Common,Jerky,Basic,318,Pokémon,2023/08/11,"tcgplayer,cardmarket",https://prices.pokemontcg.io/tcgplayer/sv3-46,https://images.pokemontcg.io/sv3/46_hires.png,2026/08/08,2025/12/12,0.16,0.009999999776482582,0.1599999964237213,20.0,,0.15,,,,0.0461,0.0231,0.0461,0.1269,0.023099999874830246,0.0346,0.0346,0.323,0.1384,0.1269,1.1535,2026-08-09
sv3-51,Palpitoad,normal,Obsidian Flames,51,Common,sowsow,Stage 1,536,Pokémon,2023/08/11,"tcgplayer,cardmarket",https://prices.pokemontcg.io/tcgplayer/sv3-51,https://images.pokemontcg.io/sv3/51_hires.png,2026/08/08,2025/12/12,0.15,0.019999999552965164,0.1599999964237213,20.0,,0.22,,,,0.0577,0.0231,0.0577,0.2192,0.17299999296665192,0.0577,0.0577,0.0461,0.2192,0.2076,1.1535,2026-08-09
sv3-56,Froakie,normal,Obsidian Flames,56,Common,Atsuya Uki,Basic,656,Pokémon,2023/08/11,"tcgplayer,cardmarket",https://prices.pokemontcg.io/tcgplayer/sv3-56,https://images.pokemontcg.io/sv3/56_hires.png,2026/08/08,2025/12/07,0.15,0.009999999776482582,0.1899999976158142,1000.0,,0.27,,,,0.0692,0.0231,0.0692,0.173,0.023099999874830246,0.0692,0.0692,0.0346,0.1384,0.1846,1.1535,2026-08-09
sv3-57,Frogadier,normal,Obsidian Flames,57,Uncommon,Tonji Matsuno,Stage 1,657,Pokémon,2023/08/11,"tcgplayer,cardmarket",https://prices.pokemontcg.io/tcgplayer/sv3-57,https://images.pokemontcg.io/sv3/57_hires.png,2026/08/08,2025/12/07,0.17,0.009999999776482582,0.18000000715255737,19.979999542236328,,0.23,,,,0.0461,0.0231,0.0346,0.2538,0.03460000082850456,0.0346,0.0346,0.3922,0.2538,0.2538,1.1535,2026-08-09
sv3-59,Wugtrio,normal,Obsidian Flames,59,Uncommon,Akira Komayama,Stage 1,961,Pokémon,2023/08/11,"tcgplayer,cardmarket",https://prices.pokemontcg.io/tcgplayer/sv3-59,https://images.pokemontcg.io/sv3/59_hires.png,2026/08/08,2025/12/07,0.13,0.009999999776482582,0.15000000596046448,19.979999542236328,,0.26,,,,0.0346,0.0231,0.0346,0.2076,0.023099999874830246,0.0346,0.0346,0.4037,0.2422,0.2192,1.1535,2026-08-09
sv3-61,Finizen,normal,Obsidian Flames,61,Common,Kouki Saitou,Basic,963,Pokémon,2023/08/11,"tcgplayer,cardmarket",https://prices.pokemontcg.io/tcgplayer/sv3-61,https://images.pokemontcg.io/sv3/61_hires.png,2026/08/08,2025/12/07,0.21,0.019999999552965164,0.20000000298023224,19.979999542236328,,0.29,,,,0.0461,0.0231,0.0807,0.2076,0.10379999876022339,0.0807,0.0577,0.15,0.2076,0.1846,1.1535,2026-08-09
sv3-73,Pawmot ex,holofoil,Obsidian Flames,73,Double Rare,aky CG Works,Stage 2|ex,923,Pokémon,2023/08/11,"tcgplayer,cardmarket",https://prices.pokemontcg.io/tcgplayer/sv3-73,https://images.pokemontcg.io/sv3/73_hires.png,2026/08/08,2025/11/21,0.66,0.3100000023841858,0.8899999856948853,50.0,,,,,,0.8882,0.0461,0.819,0.0,1.1303999423980713,0.8651,0.8882,0.0,0.0,0.0,1.1535,2026-08-09
sv3-75,Tadbulb,normal,Obsidian Flames,75,Common,Saya Tsuruta,Basic,938,Pokémon,2023/08/11,"tcgplayer,cardmarket",https://prices.pokemontcg.io/tcgplayer/sv3-75,https://images.pokemontcg.io/sv3/75_hires.png,2026/08/08,2025/11/21,0.12,0.009999999776482582,0.15000000596046448,20.0,,0.25,,,,0.0577,0.0231,0.0577,0.2422,0.05770000070333481,0.0461,0.0577,0.1038,0.173,0.2307,1.1535,2026-08-09
sv3-78,Bellibolt,normal,Obsidian Flames,78,Uncommon,Toshinao Aoki,Stage 1,939,Pokémon,2023/08/11,"tcgplayer,cardmarket",https://prices.pokemontcg.io/tcgplayer/sv3-78,https://images.pokemontcg.io/sv3/78_hires.png,2026/08/08,2025/11/21,0.24,0.019999999552965164,0.23999999463558197,20.0,,0.28,,,,0.0692,0.0231,0.0577,0.2768,0.023099999874830246,0.0692,0.0577,0.2653,0.2076,0.2653,1.1535,2026-08-09
sv3-79,Miraidon ex,holofoil,Obsidian Flames,79,Double Rare,5ban Graphics,Basic|ex,1008,Pokémon,2023/08/11,"tcgplayer,cardmarket",https://prices.pokemontcg.io/tcgplayer/sv3-79,https://images.pokemontcg.io/sv3/79_hires.png,2026/08/08,2025/11/21,1.05,0.5,1.0499999523162842,17.68000030517578,,,,,,1.2458,0.2884,0.9805,0.0,0.911300003528595,0.9343,1.1996,0.0,0.0,0.0,1.1535,2026-08-09
sv3-84,Togetic,normal,Obsidian Flames,84,Uncommon,Kyoko Umemoto,Stage 1,176,Pokémon,2023/08/11,"tcgplayer,cardmarket",https://prices.pokemontcg.io/tcgplayer/sv3-84,https://images.pokemontcg.io/sv3/84_hires.png,2026/08/08,2025/11/21,0.14,0.009999999776482582,0.1899999976158142,19.979999542236328,,0.29,,,,0.0461,0.0231,0.0461,0.3114,0.03460000082850456,0.0461,0.0461,0.3807,0.2422,0.2999,1.1535,2026-08-09
sv3-91,Grumpig,normal,Obsidian Flames,91,Uncommon,Scav,Stage 1,326,Pokémon,2023/08/11,"tcgplayer,cardmarket",https://prices.pokemontcg.io/tcgplayer/sv3-91,https://images.pokemontcg.io/sv3/91_hires.png,2026/08/08,2025/11/21,0.12,0.009999999776482582,0.15000000596046448,20.0,,0.24,,,,0.0461,0.0231,0.0231,0.2768,0.023099999874830246,0.0346,0.0346,0.173,0.2192,0.2653,1.1535,2026-08-09
sv3-93,Solrock,normal,Obsidian Flames,93,Uncommon,Tetsu Kayama,Basic,338,Pokémon,2023/08/11,"tcgplayer,cardmarket",https://prices.pokemontcg.io/tcgplayer/sv3-93,https://images.pokemontcg.io/sv3/93_hires.png,2026/08/08,2025/11/21,0.11,0.009999999776482582,0.15000000596046448,19.979999542236328,,0.22,,,,0.0461,0.0231,0.0346,0.2422,0.023099999874830246,0.0346,0.0461,0.0346,0.2307,0.2422,1.1535,2026-08-09
sv3-98,Polteageist,normal,Obsidian Flames,98,Uncommon,Megumi Mizutani,Stage 1,855,Pokémon,2023/08/11,"tcgplayer,cardmarket",https://prices.pokemontcg.io/tcgplayer/sv3-98,https://images.pokemontcg.io/sv3/98_hires.png,2026/08/08,2025/11/21,0.12,0.009999999776482582,0.1599999964237213,19.979999542236328,,0.25,,,,0.0577,0.0231,0.0346,0.2653,0.023099999874830246,0.0461,0.0577,0.0692,0.2076,0.2653,1.1535,2026-08-09
sv3-101,Houndstone,normal,Obsidian Flames,101,Uncommon,Saya Tsuruta,Stage 1,972,Pokémon,2023/08/11,"tcgplayer,cardmarket",https://prices.pokemontcg.io/tcgplayer/sv3-101,https://images.pokemontcg.io/sv3/101_hires.png,2026/08/08,2025/11/21,0.11,0.009999999776482582,0.1599999964237213,1000.0,,0.2,,,,0.0577,0.0231,0.0577,0.2538,0.023099999874830246,0.0461,0.0461,0.2884,0.2422,0.2538,1.1535,2026-08-09
sv3-102,Houndstone ex,holofoil,Obsidian Flames,102,Double Rare,5ban Graphics,Stage 1|ex,972,Pokémon,2023/08/11,"tcgplayer,cardmarket",https://prices.pokemontcg.io/tcgplayer/sv3-102,https://images.pokemontcg.io/sv3/102_hires.png,2026/08/08,2025/11/21,0.81,0.3499999940395355,0.9800000190734863,5.949999809265137,,,,,,1.142,0.4499,1.0843,0.0,0.8190000057220459,1.2804,1.165,0.0,0.0,0.0,1.1535,2026-08-09
sv3-104,Dugtrio,normal,Obsidian Flames,104,Uncommon,Nelnal,Stage 1,51,Pokémon,2023/08/11,"tcgplayer,cardmarket",https://prices.pokemontcg.io/tcgplayer/sv3-104,https://images.pokemontcg.io/sv3/104_hires.png,2026/08/08,2025/11/21,0.11,0.009999999776482582,0.1599999964237213,19.979999542236328,,0.2,,,,0.0577,0.0231,0.0461,0.2538,0.03460000082850456,0.0577,0.0577,0.1154,0.3576,0.2884,1.1535,2026-08-09
sv3-113,Diggersby,normal,Obsidian Flames,113,Uncommon,SATOSHI NAKAI,Stage 1,660,Pokémon,2023/08/11,"tcgplayer,cardmarket",https://prices.pokemontcg.io/tcgplayer/sv3-113,https://images.pokemontcg.io/sv3/113_hires.png,2026/08/08,2025/11/21,0.08,0.009999999776482582,0.15000000596046448,20.0,,0.23,,,,0.0461,0.0231,0.0461,0.2422,0.023099999874830246,0.0346,0.0461,0.1846,0.2422,0.2538,1.1535,2026-08-09
sv3-118,Toedscool,normal,Obsidian Flames,118,Common,Oswaldo KATO,Basic,948,Pokémon,2023/08/11,"tcgplayer,cardmarket",https://prices.pokemontcg.io/tcgplayer/sv3-118,https://images.pokemontcg.io/sv3/118_hires.png,2026/08/08,2025/11/21,0.04,0.009999999776482582,0.15000000596046448,20.0,,0.2,,,,0.0346,0.0231,0.0346,0.1038,0.023099999874830246,0.0231,0.0346,0.0807,0.0923,0.1038,1.1535,2026-08-09
sv3-122,Glimmet,normal,Obsidian Flames,122,Common,GIDORA,Basic,969,Pokémon,2023/08/11,"tcgplayer,cardmarket",https://prices.pokemontcg.io/tcgplayer/sv3-122,https://images.pokemontcg.io/sv3/122_hires.png,2026/08/08,2025/11/21,0.09,0.009999999776482582,0.15000000596046448,20.0,,0.21,,,,0.0577,0.0231,0.0577,0.2422,0.04610000178217888,0.0577,0.0577,0.0231,0.1846,0.2307,1.1535,2026-08-09
sv3-123,Glimmora ex,holofoil,Obsidian Flames,123,Double Rare,5ban Graphics,Stage 1|ex,970,Pokémon,2023/08/11,"tcgplayer,cardmarket",https://prices.pokemontcg.io/tcgplayer/sv3-123,https://images.pokemontcg.io/sv3/123_hires.png,2026/08/08,2025/11/21,0.74,0.25,0.9599999785423279,18.799999237060547,,,,,,1.0497,0.2307,0.8997,0.0,0.8073999881744385,0.9113,1.0381,0.0,0.0,0.0,1.1535,2026-08-09
sv3-125,Charizard ex,holofoil,Obsidian Flames,125,Double Rare,5ban Graphics,Stage 2|ex|Tera,6,Pokémon,2023/08/11,"tcgplayer,cardmarket",https://prices.pokemontcg.io/tcgplayer/sv3-125,https://images.pokemontcg.io/sv3/125_hires.png,2026/08/08,2025/11/21,5.47,3.75,6.059999942779541,99.0,,,,,,4.1295,2.653,4.118,0.0,4.002600193023682,4.0719,4.0719,0.0,0.0,0.0,1.1535,2026-08-09
sv3-126,Paldean Wooper,normal,Obsidian Flames,126,Common,Shibuzoh.,Basic,194,Pokémon,2023/08/11,"tcgplayer,cardmarket",https://prices.pokemontcg.io/tcgplayer/sv3-126,https://images.pokemontcg.io/sv3/126_hires.png,2026/08/08,2025/11/21,0.19,0.009999999776482582,0.20000000298023224,20.0,,0.33,,,,0.0577,0.0231,0.0346,0.15,0.04610000178217888,0.0346,0.0461,0.1154,0.15,0.1384,1.1535,2026-08-09
sv3-132,Houndour,normal,Obsidian Flames,132,Common,Kurata So,Basic,228,Pokémon,2023/08/11,"tcgplayer,cardmarket",https://prices.pokemontcg.io/tcgplayer/sv3-132,https://images.pokemontcg.io/sv3/132_hires.png,2026/08/08,2025/11/21,0.13,0.009999999776482582,0.17000000178813934,19.979999542236328,,0.27,,,,0.0577,0.0231,0.0346,0.3345,0.04610000178217888,0.0346,0.0577,0.1846,0.1615,0.2999,1.1535,2026-08-09
sv3-131,Houndour,normal,Obsidian Flames,131,Common,Scav,Basic,228,Pokémon,2023/08/11,"tcgplayer,cardmarket",https://prices.pokemontcg.io/tcgplayer/sv3-131,https://images.pokemontcg.io/sv3/131_hires.png,2026/08/08,2025/11/21,0.11,0.009999999776482582,0.15000000596046448,20.0,,0.27,,,,0.0461,0.0231,0.0346,0.2768,0.03460000082850456,0.0346,0.0461,0.0692,0.1846,0.2422,1.1535,2026-08-09
sv3-133,Houndoom,normal,Obsidian Flames,133,Uncommon,Haru Akasaka,Stage 1,229,Pokémon,2023/08/11,"tcgplayer,cardmarket",https://prices.pokemontcg.io/tcgplayer/sv3-133,https://images.pokemontcg.io/sv3/133_hires.png,2026/08/08,2025/11/21,0.14,0.009999999776482582,0.17000000178813934,19.979999542236328,,0.28,,,,0.0461,0.0231,0.0577,0.2768,0.10379999876022339,0.0461,0.0461,0.2884,0.2768,0.2768,1.1535,2026-08-09
sv3-141,Scizor,holofoil,Obsidian Flames,141,Rare,otumami,Stage 1,212,Pokémon,2023/08/11,"tcgplayer,cardmarket",https://prices.pokemontcg.io/tcgplayer/sv3-141,https://images.pokemontcg.io/sv3/141_hires.png,2026/08/08,2025/11/21,0.21,0.009999999776482582,0.23000000417232513,20.0,,0.22,,,,0.0807,0.0231,0.0807,0.2884,0.06920000165700912,0.0692,0.0807,0.0923,0.2653,0.2422,1.1535,2026-08-09
sv3-136,Darkrai,holofoil,Obsidian Flames,136,Rare,Bun Toujo,Basic,491,Pokémon,2023/08/11,"tcgplayer,cardmarket",https://prices.pokemontcg.io/tcgplayer/sv3-136,https://images.pokemontcg.io/sv3/136_hires.png,2026/08/08,2025/11/21,0.19,0.009999999776482582,0.2199999988079071,99.0,,0.26,,,,0.0923,0.0231,0.0807,0.2884,0.04610000178217888,0.0923,0.0923,0.1615,0.323,0.2884,1.1535,2026-08-09
sv3-142,Skarmory,normal,Obsidian Flames,142,Uncommon,Takeshi Nakamura,Basic,227,Pokémon,2023/08/11,"tcgplayer,cardmarket",https://prices.pokemontcg.io/tcgplayer/sv3-142,https://images.pokemontcg.io/sv3/142_hires.png,2026/08/08,2025/11/21,0.09,0.009999999776482582,0.15000000596046448,20.0,,0.25,,,,0.0461,0.0231,0.0461,0.2884,0.023099999874830246,0.0346,0.0346,0.1154,0.2076,0.2653,1.1535,2026-08-09
sv3-139,Salandit,normal,Obsidian Flames,139,Common,Shiburingaru,Basic,757,Pokémon,2023/08/11,"tcgplayer,cardmarket",https://prices.pokemontcg.io/tcgplayer/sv3-139,https://images.pokemontcg.io/sv3/139_hires.png,2026/08/08,2025/11/21,0.13,0.009999999776482582,0.15000000596046448,19.979999542236328,,0.18,,,,0.0461,0.0231,0.0346,0.1384,0.023099999874830246,0.0346,0.0461,0.2422,0.1269,0.1384,1.1535,2026-08-09
sv3-151,Togedemaru,normal,Obsidian Flames,151,Common,Sekio,Basic,777,Pokémon,2023/08/11,"tcgplayer,cardmarket",https://prices.pokemontcg.io/tcgplayer/sv3-151,https://images.pokemontcg.io/sv3/151_hires.png,2026/08/08,2025/11/21,0.1,0.009999999776482582,0.15000000596046448,1000.0,,0.16,,,,0.0577,0.0231,0.0461,0.1269,0.023099999874830246,0.0346,0.0577,0.1615,0.1038,0.1154,1.1535,2026-08-09
sv3-144,Bronzor,normal,Obsidian Flames,144,Common,Shinji Kanda,Basic,436,Pokémon,2023/08/11,"tcgplayer,cardmarket",https://prices.pokemontcg.io/tcgplayer/sv3-144,https://images.pokemontcg.io/sv3/144_hires.png,2026/08/08,2025/11/21,0.14,0.019999999552965164,0.20000000298023224,19.979999542236328,,0.34,,,,0.0577,0.0231,0.0461,0.1615,0.023099999874830246,0.0577,0.0577,0.1038,0.15,0.1615,1.1535,2026-08-09
sv3-152,Meltan,normal,Obsidian Flames,152,Common,Nobuhiro Imagawa,Basic,808,Pokémon,2023/08/11,"tcgplayer,cardmarket",https://prices.pokemontcg.io/tcgplayer/sv3-152,https://images.pokemontcg.io/sv3/152_hires.png,2026/08/08,2025/11/21,0.12,0.009999999776482582,0.15000000596046448,19.979999542236328,,0.17,,,,0.0577,0.0231,0.0346,0.1269,0.04610000178217888,0.0346,0.0461,0.0807,0.1154,0.1269,1.1535,2026-08-09
sv3-145,Bronzong,normal,Obsidian Flames,145,Uncommon,Nobuhiro Imagawa,Stage 1,437,Pokémon,2023/08/11,"tcgplayer,cardmarket",https://prices.pokemontcg.io/tcgplayer/sv3-145,https://images.pokemontcg.io/sv3/145_hires.png,2026/08/08,2025/11/21,0.06,0.009999999776482582,0.15000000596046448,1000.0,,0.22,,,,0.0346,0.0231,0.0231,0.2192,0.023099999874830246,0.0231,0.0346,0.0461,0.1961,0.2307,1.1535,2026-08-09
sv3-153,Melmetal ex,holofoil,Obsidian Flames,153,Double Rare,PLANETA Igarashi,Stage 1|ex,809,Pokémon,2023/08/11,"tcgplayer,cardmarket",https://prices.pokemontcg.io/tcgplayer/sv3-153,https://images.pokemontcg.io/sv3/153_hires.png,2026/08/08,2025/11/21,0.82,0.44999998807907104,0.9900000095367432,50.0,,,,,,1.1996,0.4037,1.0497,0.0,0.945900022983551,1.1996,1.1189,0.0,0.0,0.0,1.1535,2026-08-09
sv3-149,Bisharp,normal,Obsidian Flames,149,Common,GIDORA,Stage 1,625,Pokémon,2023/08/11,"tcgplayer,cardmarket",https://prices.pokemontcg.io/tcgplayer/sv3-149,https://images.pokemontcg.io/sv3/149_hires.png,2026/08/08,2025/11/21,0.13,0.019999999552965164,0.15000000596046448,19.979999542236328,,0.15,,,,0.0577,0.0231,0.0577,0.2538,0.19609999656677246,0.0692,0.0692,0.1269,0.2076,0.2422,1.1535,2026-08-09
sv3-158,Dragonair,normal,Obsidian Flames,158,Uncommon,Misa Tsutsui,Stage 1,148,Pokémon,2023/08/11,"tcgplayer,cardmarket",https://prices.pokemontcg.io/tcgplayer/sv3-158,https://images.pokemontcg.io/sv3/158_hires.png,2026/08/08,2025/11/21,0.21,0.009999999776482582,0.23000000417232513,2.990000009536743,,0.33,,,,0.0692,0.0231,0.0346,0.323,0.03460000082850456,0.0461,0.0692,0.1038,0.3114,0.3114,1.1535,2026-08-09
sv3-150,Kingambit,normal,Obsidian Flames,150,Uncommon,Ryota Murayama,Stage 2,983,Pokémon,2023/08/11,"tcgplayer,cardmarket",https://prices.pokemontcg.io/tcgplayer/sv3-150,https://images.pokemontcg.io/sv3/150_hires.png,2026/08/08,2025/11/21,0.19,0.009999999776482582,0.20000000298023224,2.990000009536743,,0.32,,,,0.0923,0.0231,0.0692,0.2538,0.17299999296665192,0.0923,0.0923,0.3114,0.2768,0.2653,1.1535,2026-08-09
sv3-162,Pidgey,normal,Obsidian Flames,162,Common,Naoyo Kimura,Basic,16,Pokémon,2023/08/11,"tcgplayer,cardmarket",https://prices.pokemontcg.io/tcgplayer/sv3-162,https://images.pokemontcg.io/sv3/162_hires.png,2026/08/08,2025/11/21,0.19,0.009999999776482582,0.20000000298023224,19.979999542236328,,0.27,,,,0.1038,0.0231,0.1038,0.2307,0.12690000236034393,0.1269,0.0923,0.0231,0.2192,0.2307,1.1535,2026-08-09
sv3-137,Inkay,normal,Obsidian Flames,137,Common,Kedamahadaitai Yawarakai,Basic,686,Pokémon,2023/08/11,"tcgplayer,cardmarket",https://prices.pokemontcg.io/tcgplayer/sv3-137,https://images.pokemontcg.io/sv3/137_hires.png,2026/08/08,2025/11/21,0.11,0.009999999776482582,0.15000000596046448,19.979999542236328,,0.15,,,,0.0461,0.0231,0.0346,0.15,0.04610000178217888,0.0346,0.0461,0.1961,0.1154,0.1269,1.1535,2026-08-09
sv3-130,Umbreon,normal,Obsidian Flames,130,Uncommon,rika,Stage 1,197,Pokémon,2023/08/11,"tcgplayer,cardmarket",https://prices.pokemontcg.io/tcgplayer/sv3-130,https://images.pokemontcg.io/sv3/130_hires.png,2026/08/08,2025/11/21,0.34,0.009999999776482582,0.3499999940395355,60.0,,2.79,,,,55.0104,28.7221,48.124,0.0,33.451499938964844,54.2376,40.6609,0.0,0.0,0.0,1.1535,2026-08-09
sv3-138,Malamar,normal,Obsidian Flames,138,Uncommon,Nelnal,Stage 1,687,Pokémon,2023/08/11,"tcgplayer,cardmarket",https://prices.pokemontcg.io/tcgplayer/sv3-138,https://images.pokemontcg.io/sv3/138_hires.png,2026/08/08,2025/11/21,0.1,0.009999999776482582,0.15000000596046448,20.0,,0.21,,,,0.0346,0.0231,0.0346,0.2422,0.023099999874830246,0.0346,0.0346,0.0231,0.2422,0.2538,1.1535,2026-08-09
sv3-140,Salazzle,normal,Obsidian Flames,140,Uncommon,Shigenori Negishi,Stage 1,758,Pokémon,2023/08/11,"tcgplayer,cardmarket",https://prices.pokemontcg.io/tcgplayer/sv3-140,https://images.pokemontcg.io/sv3/140_hires.png,2026/08/08,2025/11/21,0.13,0.009999999776482582,0.15000000596046448,20.0,,0.26,,,,0.0346,0.0231,0.0231,0.2422,0.023099999874830246,0.0231,0.0346,0.0807,0.2653,0.2538,1.1535,2026-08-09
sv3-143,Mawile,normal,Obsidian Flames,143,Uncommon,sowsow,Basic,303,Pokémon,2023/08/11,"tcgplayer,cardmarket",https://prices.pokemontcg.io/tcgplayer/sv3-143,https://images.pokemontcg.io/sv3/143_hires.png,2026/08/08,2025/11/21,0.11,0.009999999776482582,0.1599999964237213,20.0,,0.29,,,,0.0461,0.0231,0.0346,0.2768,0.023099999874830246,0.0577,0.0461,0.1154,0.2999,0.2768,1.1535,2026-08-09
sv3-147,Excadrill,normal,Obsidian Flames,147,Uncommon,kawayoo,Stage 1,530,Pokémon,2023/08/11,"tcgplayer,cardmarket",https://prices.pokemontcg.io/tcgplayer/sv3-147,https://images.pokemontcg.io/sv3/147_hires.png,2026/08/08,2025/11/21,0.12,0.009999999776482582,0.15000000596046448,20.0,,0.2,,,,0.0461,0.0231,0.0346,0.2653,0.023099999874830246,0.0346,0.0346,0.2884,0.2884,0.2768,1.1535,2026-08-09
sv3-157,Dratini,normal,Obsidian Flames,157,Common,satoma,Basic,147,Pokémon,2023/08/11,"tcgplayer,cardmarket",https://prices.pokemontcg.io/tcgplayer/sv3-157,https://images.pokemontcg.io/sv3/157_hires.png,2026/08/08,2025/11/21,0.15,0.009999999776482582,0.20000000298023224,1000.0,,0.24,,,,0.0461,0.0231,0.0346,0.15,0.023099999874830246,0.0461,0.0577,0.0346,0.0923,0.1384,1.1535,2026-08-09
sv3-159,Dragonite ex,holofoil,Obsidian Flames,159,Double Rare,5ban Graphics,Stage 2|ex|Tera,149,Pokémon,2023/08/11,"tcgplayer,cardmarket",https://prices.pokemontcg.io/tcgplayer/sv3-159,https://images.pokemontcg.io/sv3/159_hires.png,2026/08/08,2025/11/21,2.65,1.6299999952316284,2.9000000953674316,24.1200008392334,,,,,,2.6646,0.5767,2.3185,0.0,2.1916000843048096,2.3647,2.4685,0.0,0.0,0.0,1.1535,2026-08-09
sv3-161,Drampa,normal,Obsidian Flames,161,Uncommon,hatachu,Basic,780,Pokémon,2023/08/11,"tcgplayer,cardmarket",https://prices.pokemontcg.io/tcgplayer/sv3-161,https://images.pokemontcg.io/sv3/161_hires.png,2026/08/08,2025/11/21,0.15,0.019999999552965164,0.20000000298023224,1000.0,,0.3,,,,0.0692,0.0231,0.0346,0.2422,0.023099999874830246,0.0461,0.0577,0.2307,0.2076,0.2422,1.1535,2026-08-09
sv3-134,Houndoom ex,holofoil,Obsidian Flames,134,Double Rare,PLANETA Tsuji,Stage 1|ex,229,Pokémon,2023/08/11,"tcgplayer,cardmarket",https://prices.pokemontcg.io/tcgplayer/sv3-134,https://images.pokemontcg.io/sv3/134_hires.png,2026/08/08,2025/11/21,0.82,0.20000000298023224,1.1200000047683716,21.0,,,,,,1.3035,0.346,1.5111,0.0,1.0266000032424927,1.3611,1.3265,0.0,0.0,0.0,1.1535,2026-08-09
sv3-135,Absol ex,holofoil,Obsidian Flames,135,Double Rare,Nisota Niso,Basic|ex,359,Pokémon,2023/08/11,"tcgplayer,cardmarket",https://prices.pokemontcg.io/tcgplayer/sv3-135,https://images.pokemontcg.io/sv3/135_hires.png,2026/08/08,2025/11/18,1.21,0.6499999761581421,1.25,19.81999969482422,,,,,,1.2342,0.346,1.165,0.0,1.2458000183105469,1.1074,1.2112,0.0,0.0,0.0,1.1535,2026-08-09
sv3-146,Probopass,normal,Obsidian Flames,146,Uncommon,takuyoa,Stage 1,476,Pokémon,2023/08/11,"tcgplayer,cardmarket",https://prices.pokemontcg.io/tcgplayer/sv3-146,https://images.pokemontcg.io/sv3/146_hires.png,2026/08/08,2025/11/18,0.12,0.009999999776482582,0.15000000596046448,19.979999542236328,,0.28,,,,0.0461,0.0231,0.0461,0.2884,0.06920000165700912,0.0461,0.0346,0.346,0.2422,0.2884,1.1535,2026-08-09
sv3-148,Pawniard,normal,Obsidian Flames,148,Common,Hitoshi Ariga,Basic,624,Pokémon,2023/08/11,"tcgplayer,cardmarket",https://prices.pokemontcg.io/tcgplayer/sv3-148,https://images.pokemontcg.io/sv3/148_hires.png,2026/08/08,2025/11/18,0.08,0.009999999776482582,0.15000000596046448,20.0,,0.19,,,,0.0346,0.0231,0.0346,0.1154,0.023099999874830246,0.0346,0.0346,0.0461,0.0807,0.1154,1.1535,2026-08-09
sv3-154,Varoom,normal,Obsidian Flames,154,Common,Kouki Saitou,Basic,965,Pokémon,2023/08/11,"tcgplayer,cardmarket",https://prices.pokemontcg.io/tcgplayer/sv3-154,https://images.pokemontcg.io/sv3/154_hires.png,2026/08/08,2025/11/18,0.11,0.009999999776482582,0.15000000596046448,19.979999542236328,,0.27,,,,0.0577,0.0231,0.0461,0.2192,0.04610000178217888,0.0461,0.0461,0.2768,0.2538,0.2307,1.1535,2026-08-09
sv3-155,Varoom,normal,Obsidian Flames,155,Common,Saya Tsuruta,Basic,965,Pokémon,2023/08/11,"tcgplayer,cardmarket",https://prices.pokemontcg.io/tcgplayer/sv3-155,https://images.pokemontcg.io/sv3/155_hires.png,2026/08/08,2025/11/18,0.11,0.009999999776482582,0.15000000596046448,2.990000009536743,,0.29,,,,0.0461,0.0231,0.0461,0.1961,0.06920000165700912,0.0461,0.0461,0.1384,0.2076,0.2076,1.1535,2026-08-09
sv3-156,Revavroom ex,holofoil,Obsidian Flames,156,Double Rare,takuyoa,Stage 1|ex,966,Pokémon,2023/08/11,"tcgplayer,cardmarket",https://prices.pokemontcg.io/tcgplayer/sv3-156,https://images.pokemontcg.io/sv3/156_hires.png,2026/08/08,2025/11/18,0.81,0.3499999940395355,0.9599999785423279,8.0,,,,,,1.1881,0.346,1.3035,0.0,1.9148000478744507,1.4649,1.3035,0.0,0.0,0.0,1.1535,2026-08-09
sv3-160,Altaria,normal,Obsidian Flames,160,Uncommon,kurumitsu,Stage 1,334,Pokémon,2023/08/11,"tcgplayer,cardmarket",https://prices.pokemontcg.io/tcgplayer/sv3-160,https://images.pokemontcg.io/sv3/160_hires.png,2026/08/08,2025/11/18,0.22,0.009999999776482582,0.20999999344348907,19.979999542236328,,0.3,,,,0.0577,0.0231,0.0577,0.2768,0.023099999874830246,0.0577,0.0461,0.2538,0.4499,0.323,1.1535,2026-08-09
sv3-164,Pidgeot ex,holofoil,Obsidian Flames,164,Double Rare,takuyoa,Stage 2|ex,18,Pokémon,2023/08/11,"tcgplayer,cardmarket",https://prices.pokemontcg.io/tcgplayer/sv3-164,https://images.pokemontcg.io/sv3/164_hires.png,2026/08/08,2025/11/18,1.28,0.75,1.5700000524520874,96.94999694824219,,,,,,3.4836,1.6034,3.4259,0.0,2.953000068664551,3.3451,3.4259,0.0,0.0,0.0,1.1535,2026-08-09
sv3-165,Kangaskhan,normal,Obsidian Flames,165,Uncommon,Yuya Oka,Basic,115,Pokémon,2023/08/11,"tcgplayer,cardmarket",https://prices.pokemontcg.io/tcgplayer/sv3-165,https://images.pokemontcg.io/sv3/165_hires.png,2026/08/08,2025/11/18,0.12,0.009999999776482582,0.18000000715255737,1000.0,,0.21,,,,0.0461,0.0231,0.0346,0.2422,0.05770000070333481,0.0346,0.0461,0.1846,0.2422,0.2422,1.1535,2026-08-09
sv3-163,Pidgeotto,normal,Obsidian Flames,163,Uncommon,Kariya,Stage 1,17,Pokémon,2023/08/11,"tcgplayer,cardmarket",https://prices.pokemontcg.io/tcgplayer/sv3-163,https://images.pokemontcg.io/sv3/163_hires.png,2026/08/08,2025/11/18,0.18,0.009999999776482582,0.20999999344348907,20.0,,0.38,,,,0.0923,0.0231,0.0923,0.2999,0.219200000166893,0.1384,0.0923,0.2307,0.323,0.3114,1.1535,2026-08-09
sv3-166,Eevee,normal,Obsidian Flames,166,Common,ryoma uratsuka,Basic,133,Pokémon,2023/08/11,"tcgplayer,cardmarket",https://prices.pokemontcg.io/tcgplayer/sv3-166,https://images.pokemontcg.io/sv3/166_hires.png,2026/08/08,2025/11/18,0.23,0.029999999329447746,0.25,20.0,,0.31,,,,0.0923,0.0231,0.0461,0.173,0.023099999874830246,0.0461,0.0923,0.1384,0.1961,0.1846,1.1535,2026-08-09
sv3-168,Linoone,normal,Obsidian Flames,168,Uncommon,Nagomi Nijo,Stage 1,264,Pokémon,2023/08/11,"tcgplayer,cardmarket",https://prices.pokemontcg.io/tcgplayer/sv3-168,https://images.pokemontcg.io/sv3/168_hires.png,2026/08/08,2025/11/18,0.13,0.009999999776482582,0.15000000596046448,19.979999542236328,,0.23,,,,0.0461,0.0231,0.0577,0.2192,0.05770000070333481,0.0461,0.0461,0.2307,0.2653,0.2307,1.1535,2026-08-09
sv3-167,Zigzagoon,normal,Obsidian Flames,167,Common,Kagemaru Himeno,Basic,263,Pokémon,2023/08/11,"tcgplayer,cardmarket",https://prices.pokemontcg.io/tcgplayer/sv3-167,https://images.pokemontcg.io/sv3/167_hires.png,2026/08/08,2025/11/18,0.11,0.009999999776482582,0.15000000596046448,20.0,,0.2,,,,0.0577,0.0231,0.0577,0.1384,0.03460000082850456,0.0577,0.0577,0.1846,0.1384,0.1384,1.1535,2026-08-09
sv3-169,Swablu,normal,Obsidian Flames,169,Common,Oswaldo KATO,Basic,333,Pokémon,2023/08/11,"tcgplayer,cardmarket",https://prices.pokemontcg.io/tcgplayer/sv3-169,https://images.pokemontcg.io/sv3/169_hires.png,2026/08/08,2025/11/18,0.17,0.009999999776482582,0.17000000178813934,19.979999542236328,,0.19,,,,0.0692,0.0231,0.0461,0.1269,0.03460000082850456,0.0461,0.0692,0.1154,0.0692,0.1154,1.1535,2026-08-09
sv3-170,Lillipup,normal,Obsidian Flames,170,Common,Yuka Morii,Basic,506,Pokémon,2023/08/11,"tcgplayer,cardmarket",https://prices.pokemontcg.io/tcgplayer/sv3-170,https://images.pokemontcg.io/sv3/170_hires.png,2026/08/08,2025/11/18,0.17,0.009999999776482582,0.20000000298023224,20.0,,0.27,,,,0.0346,0.0231,0.0346,0.1384,0.023099999874830246,0.0346,0.0346,0.15,0.0692,0.1269,1.1535,2026-08-09
sv3-174,Bouffalant,normal,Obsidian Flames,174,Uncommon,Yuya Oka,Basic,626,Pokémon,2023/08/11,"tcgplayer,cardmarket",https://prices.pokemontcg.io/tcgplayer/sv3-174,https://images.pokemontcg.io/sv3/174_hires.png,2026/08/08,2025/11/18,0.11,0.009999999776482582,0.15000000596046448,20.0,,0.24,,,,0.0807,0.0231,0.0923,0.2076,0.09229999780654907,0.0692,0.0807,0.3922,0.2653,0.2192,1.1535,2026-08-09
sv3-176,Yungoos,normal,Obsidian Flames,176,Common,saino misaki,Basic,734,Pokémon,2023/08/11,"tcgplayer,cardmarket",https://prices.pokemontcg.io/tcgplayer/sv3-176,https://images.pokemontcg.io/sv3/176_hires.png,2026/08/08,2025/11/18,0.11,0.009999999776482582,0.15000000596046448,20.0,,0.19,,,,0.0461,0.0231,0.0577,0.1269,0.03460000082850456,0.15,0.0692,0.0461,0.1038,0.1269,1.1535,2026-08-09
sv3-179,Greedent ex,holofoil,Obsidian Flames,179,Double Rare,5ban Graphics,Stage 1|ex|Tera,820,Pokémon,2023/08/11,"tcgplayer,cardmarket",https://prices.pokemontcg.io/tcgplayer/sv3-179,https://images.pokemontcg.io/sv3/179_hires.png,2026/08/08,2025/11/18,0.81,0.44999998807907104,0.9900000095367432,5.949999809265137,,,,,,1.1766,0.2884,1.3611,0.0,1.1419999599456787,1.3496,1.2342,0.0,0.0,0.0,1.1535,2026-08-09
sv3-181,Lechonk,normal,Obsidian Flames,181,Common,Tomokazu Komiya,Basic,915,Pokémon,2023/08/11,"tcgplayer,cardmarket",https://prices.pokemontcg.io/tcgplayer/sv3-181,https://images.pokemontcg.io/sv3/181_hires.png,2026/08/08,2025/11/18,0.21,0.029999999329447746,0.2199999988079071,20.0,,0.35,,,,0.0692,0.0231,0.0692,0.2076,0.08070000261068344,0.0577,0.0692,0.0807,0.2192,0.2076,1.1535,2026-08-09
sv3-188,Geeta,holofoil,Obsidian Flames,188,Rare,kirisAki,Supporter,,Trainer,2023/08/11,"tcgplayer,cardmarket",https://prices.pokemontcg.io/tcgplayer/sv3-188,https://images.pokemontcg.io/sv3/188_hires.png,2026/08/08,2025/11/18,0.14,0.009999999776482582,0.17000000178813934,17.959999084472656,,0.21,,,,0.0807,0.0231,0.0692,0.2192,0.023099999874830246,0.0577,0.0807,0.15,0.1615,0.2192,1.1535,2026-08-09
sv3-189,Letter of Encouragement,normal,Obsidian Flames,189,Uncommon,Toyste Beach,Item,,Trainer,2023/08/11,"tcgplayer,cardmarket",https://prices.pokemontcg.io/tcgplayer/sv3-189,https://images.pokemontcg.io/sv3/189_hires.png,2026/08/08,2025/11/18,0.17,0.009999999776482582,0.20000000298023224,19.979999542236328,,0.3,,,,0.1154,0.0231,0.0807,0.2884,0.05770000070333481,0.0692,0.1038,0.3114,0.2999,0.2884,1.1535,2026-08-09
sv3-175,Bunnelby,normal,Obsidian Flames,175,Common,Lee HyunJung,Basic,659,Pokémon,2023/08/11,"tcgplayer,cardmarket",https://prices.pokemontcg.io/tcgplayer/sv3-175,https://images.pokemontcg.io/sv3/175_hires.png,2026/08/08,2025/11/18,0.18,0.019999999552965164,0.1899999976158142,1000.0,,0.24,,,,0.0346,0.0231,0.0461,0.1154,0.04610000178217888,0.0461,0.0461,0.0692,0.1269,0.1269,1.1535,2026-08-09
sv3-177,Gumshoos,normal,Obsidian Flames,177,Uncommon,Eri Yamaki,Stage 1,735,Pokémon,2023/08/11,"tcgplayer,cardmarket",https://prices.pokemontcg.io/tcgplayer/sv3-177,https://images.pokemontcg.io/sv3/177_hires.png,2026/08/08,2025/11/18,0.12,0.009999999776482582,0.15000000596046448,20.0,,0.22,,,,0.0346,0.0231,0.0346,0.2192,0.03460000082850456,0.0346,0.0346,0.2538,0.2768,0.2422,1.1535,2026-08-09
sv3-180,Lechonk,normal,Obsidian Flames,180,Common,HYOGONOSUKE,Basic,915,Pokémon,2023/08/11,"tcgplayer,cardmarket",https://prices.pokemontcg.io/tcgplayer/sv3-180,https://images.pokemontcg.io/sv3/180_hires.png,2026/08/08,2025/11/18,0.24,0.019999999552965164,0.23999999463558197,20.0,,0.35,,,,0.0807,0.0231,0.0807,0.346,0.05770000070333481,0.0807,0.0807,0.1038,0.5998,0.3807,1.1535,2026-08-09
sv3-190,Ortega,normal,Obsidian Flames,190,Uncommon,Naoki Saito,Supporter,,Trainer,2023/08/11,"tcgplayer,cardmarket",https://prices.pokemontcg.io/tcgplayer/sv3-190,https://images.pokemontcg.io/sv3/190_hires.png,2026/08/08,2025/11/18,0.14,0.009999999776482582,0.15000000596046448,5.949999809265137,,0.25,,,,0.0692,0.0231,0.0461,0.2192,0.06920000165700912,0.0692,0.0692,0.2884,0.2999,0.2422,1.1535,2026-08-09
sv3-172,Stoutland,normal,Obsidian Flames,172,Uncommon,Keisin,Stage 2,508,Pokémon,2023/08/11,"tcgplayer,cardmarket",https://prices.pokemontcg.io/tcgplayer/sv3-172,https://images.pokemontcg.io/sv3/172_hires.png,2026/08/08,2025/11/18,0.17,0.009999999776482582,0.20000000298023224,19.979999542236328,,0.31,,,,0.0807,0.0231,0.0692,0.2538,0.06920000165700912,0.1154,0.0807,0.1269,0.1961,0.2538,1.1535,2026-08-09
sv3-173,Audino,normal,Obsidian Flames,173,Common,Tika Matsuno,Basic,531,Pokémon,2023/08/11,"tcgplayer,cardmarket",https://prices.pokemontcg.io/tcgplayer/sv3-173,https://images.pokemontcg.io/sv3/173_hires.png,2026/08/08,2025/11/18,0.14,0.019999999552965164,0.18000000715255737,19.979999542236328,,0.26,,,,0.0346,0.0231,0.0461,0.1269,0.03460000082850456,0.0461,0.0346,0.0461,0.0923,0.1154,1.1535,2026-08-09
sv3-184,Oinkologne,normal,Obsidian Flames,184,Uncommon,Akira Komayama,Stage 1,916,Pokémon,2023/08/11,"tcgplayer,cardmarket",https://prices.pokemontcg.io/tcgplayer/sv3-184,https://images.pokemontcg.io/sv3/184_hires.png,2026/08/08,2025/11/18,0.1,0.009999999776482582,0.15000000596046448,19.979999542236328,,0.24,,,,0.0692,0.0231,0.5652,0.2192,0.04610000178217888,1.142,0.3114,0.2538,0.3114,0.2307,1.1535,2026-08-09
sv3-185,Flamigo,normal,Obsidian Flames,185,Uncommon,Hiroki Asanuma,Basic,973,Pokémon,2023/08/11,"tcgplayer,cardmarket",https://prices.pokemontcg.io/tcgplayer/sv3-185,https://images.pokemontcg.io/sv3/185_hires.png,2026/08/08,2025/11/18,0.13,0.009999999776482582,0.15000000596046448,20.0,,0.27,,,,0.0461,0.0231,0.0461,0.2307,0.023099999874830246,0.0346,0.0346,0.15,0.2192,0.2307,1.1535,2026-08-09
sv3-186,Arven,normal,Obsidian Flames,186,Uncommon,GIDORA,Supporter,,Trainer,2023/08/11,"tcgplayer,cardmarket",https://prices.pokemontcg.io/tcgplayer/sv3-186,https://images.pokemontcg.io/sv3/186_hires.png,2026/08/08,2025/11/18,0.38,0.029999999329447746,0.4000000059604645,19.950000762939453,,2.53,,,,1.5457,0.0231,1.1996,2.2032,1.2226999998092651,1.2573,1.4303,2.2147,1.9494,2.157,1.1535,2026-08-09
sv3-187,Brassius,normal,Obsidian Flames,187,Uncommon,GIDORA,Supporter,,Trainer,2023/08/11,"tcgplayer,cardmarket",https://prices.pokemontcg.io/tcgplayer/sv3-187,https://images.pokemontcg.io/sv3/187_hires.png,2026/08/08,2025/11/18,0.14,0.009999999776482582,0.20000000298023224,19.979999542236328,,0.26,,,,0.0692,0.0231,0.0807,0.2422,0.11540000140666962,0.1038,0.0807,0.1154,0.2999,0.2422,1.1535,2026-08-09
sv3-171,Herdier,normal,Obsidian Flames,171,Common,Kariya,Stage 1,507,Pokémon,2023/08/11,"tcgplayer,cardmarket",https://prices.pokemontcg.io/tcgplayer/sv3-171,https://images.pokemontcg.io/sv3/171_hires.png,2026/08/08,2025/11/18,0.11,0.009999999776482582,0.15000000596046448,1000.0,,0.22,,,,0.0461,0.0231,0.0346,0.1846,0.05770000070333481,0.0346,0.0461,0.1615,0.1961,0.1846,1.1535,2026-08-09
sv3-178,Skwovet,normal,Obsidian Flames,178,Common,Taiga Kayama,Basic,819,Pokémon,2023/08/11,"tcgplayer,cardmarket",https://prices.pokemontcg.io/tcgplayer/sv3-178,https://images.pokemontcg.io/sv3/178_hires.png,2026/08/08,2025/11/18,0.15,0.009999999776482582,0.1599999964237213,20.0,,0.18,,,,0.0461,0.0231,0.0461,0.1384,0.023099999874830246,0.0692,0.0461,0.1269,0.1038,0.1154,1.1535,2026-08-09
sv3-182,Lechonk,normal,Obsidian Flames,182,Common,Atsuko Nishida,Basic,915,Pokémon,2023/08/11,"tcgplayer,cardmarket",https://prices.pokemontcg.io/tcgplayer/sv3-182,https://images.pokemontcg.io/sv3/182_hires.png,2026/08/08,2025/11/18,0.11,0.009999999776482582,0.15000000596046448,1000.0,,0.22,,,,0.0577,0.0231,0.0461,0.15,0.04610000178217888,0.0807,0.0461,0.1038,0.1038,0.1269,1.1535,2026-08-09
sv3-183,Oinkologne,normal,Obsidian Flames,183,Uncommon,Pani Kobayashi,Stage 1,916,Pokémon,2023/08/11,"tcgplayer,cardmarket",https://prices.pokemontcg.io/tcgplayer/sv3-183,https://images.pokemontcg.io/sv3/183_hires.png,2026/08/08,2025/11/18,0.18,0.009999999776482582,0.1899999976158142,1000.0,,0.24,,,,0.0577,0.0231,0.0923,0.2768,0.05770000070333481,0.0923,0.0692,0.0577,0.2884,0.2768,1.1535,2026-08-09
sv3-191,Patrol Cap,normal,Obsidian Flames,191,Uncommon,Toyste Beach,Pokémon Tool,,Trainer,2023/08/11,"tcgplayer,cardmarket",https://prices.pokemontcg.io/tcgplayer/sv3-191,https://images.pokemontcg.io/sv3/191_hires.png,2026/08/08,2025/11/18,0.17,0.009999999776482582,0.18000000715255737,19.979999542236328,,0.25,,,,0.0461,0.0231,0.0577,0.2307,0.023099999874830246,0.1038,0.0577,0.323,0.2422,0.2307,1.1535,2026-08-09
sv3-193,Poppy,normal,Obsidian Flames,193,Uncommon,yuu,Supporter,,Trainer,2023/08/11,"tcgplayer,cardmarket",https://prices.pokemontcg.io/tcgplayer/sv3-193,https://images.pokemontcg.io/sv3/193_hires.png,2026/08/08,2025/11/18,0.22,0.009999999776482582,0.2199999988079071,19.979999542236328,,0.28,,,,0.0923,0.0231,0.0461,0.2192,0.04610000178217888,0.0577,0.0807,0.2999,0.2422,0.2307,1.1535,2026-08-09
sv3-197,Vengeful Punch,normal,Obsidian Flames,197,Uncommon,Ayaka Yoshida,Pokémon Tool,,Trainer,2023/08/11,"tcgplayer,cardmarket",https://prices.pokemontcg.io/tcgplayer/sv3-197,https://images.pokemontcg.io/sv3/197_hires.png,2026/08/08,2025/11/18,0.14,0.009999999776482582,0.20000000298023224,19.979999542236328,,0.28,,,,0.1154,0.0231,0.1154,0.2768,0.10379999876022339,0.1384,0.1269,0.4153,0.2999,0.2768,1.1535,2026-08-09
sv3-192,Pokémon League Headquarters,normal,Obsidian Flames,192,Uncommon,Oswaldo KATO,Stadium,,Trainer,2023/08/11,"tcgplayer,cardmarket",https://prices.pokemontcg.io/tcgplayer/sv3-192,https://images.pokemontcg.io/sv3/192_hires.png,2026/08/08,2025/11/18,0.21,0.009999999776482582,0.2199999988079071,19.979999542236328,,0.36,,,,0.2538,0.0231,0.2076,2.2493,0.20759999752044678,0.173,0.2307,0.4383,0.6921,2.0648,1.1535,2026-08-09
sv3-200,Palafin,holofoil,Obsidian Flames,200,Illustration Rare,Akira Komayama,Stage 1,964,Pokémon,2023/08/11,"tcgplayer,cardmarket",https://prices.pokemontcg.io/tcgplayer/sv3-200,https://images.pokemontcg.io/sv3/200_hires.png,2026/08/08,2025/11/18,5.56,3.5799999237060547,5.989999771118164,75.0,,,,,,3.2183,1.6149,3.126,0.0,3.0452001094818115,3.1145,3.2413,0.0,0.0,0.0,1.1535,2026-08-09
sv3-195,Team Star Grunt,normal,Obsidian Flames,195,Uncommon,nagimiso,Supporter,,Trainer,2023/08/11,"tcgplayer,cardmarket",https://prices.pokemontcg.io/tcgplayer/sv3-195,https://images.pokemontcg.io/sv3/195_hires.png,2026/08/08,2025/11/18,0.17,0.009999999776482582,0.1899999976158142,19.979999542236328,,0.23,,,,0.0692,0.0231,0.0692,0.2999,0.023099999874830246,0.0807,0.0692,0.1038,0.2653,0.2884,1.1535,2026-08-09
sv3-212,Vespiquen ex,holofoil,Obsidian Flames,212,Ultra Rare,5ban Graphics,Stage 1|ex|Tera,416,Pokémon,2023/08/11,"tcgplayer,cardmarket",https://prices.pokemontcg.io/tcgplayer/sv3-212,https://images.pokemontcg.io/sv3/212_hires.png,2026/08/08,2025/11/18,1.18,0.949999988079071,1.4800000190734863,15.0,,,,,,1.7072,0.346,2.134,0.0,2.249300003051758,2.134,1.811,0.0,0.0,0.0,1.1535,2026-08-09
sv3-199,Ninetales,holofoil,Obsidian Flames,199,Illustration Rare,SIE NANAHARA,Stage 1,38,Pokémon,2023/08/11,"tcgplayer,cardmarket",https://prices.pokemontcg.io/tcgplayer/sv3-199,https://images.pokemontcg.io/sv3/199_hires.png,2026/08/08,2025/11/18,41.76,34.02000045776367,42.83000183105469,100.0,,,,,,23.0354,11.4773,23.9005,0.0,21.662700653076172,22.3548,22.7124,0.0,0.0,0.0,1.1535,2026-08-09
sv3-215,Charizard ex,holofoil,Obsidian Flames,215,Ultra Rare,5ban Graphics,Stage 2|ex|Tera,6,Pokémon,2023/08/11,"tcgplayer,cardmarket",https://prices.pokemontcg.io/tcgplayer/sv3-215,https://images.pokemontcg.io/sv3/215_hires.png,2026/08/08,2025/11/18,20.26,16.68000030517578,25.0,183.50999450683594,,,,,,13.3691,7.4977,13.7151,0.0,17.244800567626953,13.669,13.3114,0.0,0.0,0.0,1.1535,2026-08-09
sv3-202,Cleffa,holofoil,Obsidian Flames,202,Illustration Rare,HYOGONOSUKE,Basic,173,Pokémon,2023/08/11,"tcgplayer,cardmarket",https://prices.pokemontcg.io/tcgplayer/sv3-202,https://images.pokemontcg.io/sv3/202_hires.png,2026/08/08,2025/11/18,38.47,32.06999969482422,42.779998779296875,287.82000732421875,,,,,,22.7355,10.9582,18.0638,0.0,14.972399711608887,19.3903,20.5669,0.0,0.0,0.0,1.1535,2026-08-09
sv3-217,Pidgeot ex,holofoil,Obsidian Flames,217,Ultra Rare,takuyoa,Stage 2|ex,18,Pokémon,2023/08/11,"tcgplayer,cardmarket",https://prices.pokemontcg.io/tcgplayer/sv3-217,https://images.pokemontcg.io/sv3/217_hires.png,2026/08/08,2025/11/18,2.13,1.0,2.490000009536743,99.0,,,,,,3.2759,1.1535,3.1491,0.0,3.8526999950408936,3.2183,3.2067,0.0,0.0,0.0,1.1535,2026-08-09
sv3-203,Larvitar,holofoil,Obsidian Flames,203,Illustration Rare,Miki Tanaka,Basic,246,Pokémon,2023/08/11,"tcgplayer,cardmarket",https://prices.pokemontcg.io/tcgplayer/sv3-203,https://images.pokemontcg.io/sv3/203_hires.png,2026/08/08,2025/11/18,6.54,5.25,7.480000019073486,102.79000091552734,,,,,,3.9334,1.3727,3.5989,0.0,3.137500047683716,3.6912,4.0026,0.0,0.0,0.0,1.1535,2026-08-09
sv3-221,Ryme,holofoil,Obsidian Flames,221,Ultra Rare,nagimiso,Supporter,,Trainer,2023/08/11,"tcgplayer,cardmarket",https://prices.pokemontcg.io/tcgplayer/sv3-221,https://images.pokemontcg.io/sv3/221_hires.png,2026/08/08,2025/11/18,0.94,0.47999998927116394,1.0199999809265137,99.0,,,,,,1.3035,0.173,1.2342,0.0,1.3956999778747559,1.3035,1.2919,0.0,0.0,0.0,1.1535,2026-08-09
sv3-204,Houndour,holofoil,Obsidian Flames,204,Illustration Rare,KYUPIYAMA,Basic,228,Pokémon,2023/08/11,"tcgplayer,cardmarket",https://prices.pokemontcg.io/tcgplayer/sv3-204,https://images.pokemontcg.io/sv3/204_hires.png,2026/08/08,2025/11/18,10.89,7.25,11.989999771118164,92.33000183105469,,,,,,7.244,2.2955,2.48,0.0,4.9253997802734375,5.0523,7.244,0.0,0.0,0.0,1.1535,2026-08-09
sv3-222,Eiscue ex,holofoil,Obsidian Flames,222,Special Illustration Rare,Toshinao Aoki,Basic|ex|Tera,875,Pokémon,2023/08/11,"tcgplayer,cardmarket",https://prices.pokemontcg.io/tcgplayer/sv3-222,https://images.pokemontcg.io/sv3/222_hires.png,2026/08/08,2025/11/18,6.84,4.940000057220459,8.350000381469727,150.0,,,,,,5.3407,1.7302,4.3948,0.0,3.668100118637085,4.2564,5.2254,0.0,0.0,0.0,1.1535,2026-08-09
sv3-206,Varoom,holofoil,Obsidian Flames,206,Illustration Rare,Souichirou Gunjima,Basic,965,Pokémon,2023/08/11,"tcgplayer,cardmarket",https://prices.pokemontcg.io/tcgplayer/sv3-206,https://images.pokemontcg.io/sv3/206_hires.png,2026/08/08,2025/11/18,2.93,1.899999976158142,3.299999952316284,28.0,,,,,,2.4339,0.6575,2.4108,0.0,2.814500093460083,2.3531,2.4454,0.0,0.0,0.0,1.1535,2026-08-09
sv3-225,Pidgeot ex,holofoil,Obsidian Flames,225,Special Illustration Rare,Jerky,Stage 2|ex,18,Pokémon,2023/08/11,"tcgplayer,cardmarket",https://prices.pokemontcg.io/tcgplayer/sv3-225,https://images.pokemontcg.io/sv3/225_hires.png,2026/08/08,2025/11/18,21.1,16.0,23.0,120.5,,,,,,17.3371,10.3815,21.1667,0.0,15.849100112915039,15.5723,17.141,0.0,0.0,0.0,1.1535,2026-08-09
sv3-207,Pidgey,holofoil,Obsidian Flames,207,Illustration Rare,Jerky,Basic,16,Pokémon,2023/08/11,"tcgplayer,cardmarket",https://prices.pokemontcg.io/tcgplayer/sv3-207,https://images.pokemontcg.io/sv3/207_hires.png,2026/08/08,2025/11/18,17.44,13.489999771118164,18.959999084472656,125.45999908447266,,,,,,9.2972,3.4605,10.0239,0.0,8.37440013885498,8.8589,9.3087,0.0,0.0,0.0,1.1535,2026-08-09
sv3-226,Geeta,holofoil,Obsidian Flames,226,Special Illustration Rare,DOM,Supporter,,Trainer,2023/08/11,"tcgplayer,cardmarket",https://prices.pokemontcg.io/tcgplayer/sv3-226,https://images.pokemontcg.io/sv3/226_hires.png,2026/08/08,2025/11/18,3.53,1.9500000476837158,3.880000114440918,149.99000549316406,,,,,,3.5297,1.1535,3.3798,0.0,3.4374001026153564,3.5182,3.5297,0.0,0.0,0.0,1.1535,2026-08-09
sv3-213,Glimmora ex,holofoil,Obsidian Flames,213,Ultra Rare,5ban Graphics,Stage 1|ex,970,Pokémon,2023/08/11,"tcgplayer,cardmarket",https://prices.pokemontcg.io/tcgplayer/sv3-213,https://images.pokemontcg.io/sv3/213_hires.png,2026/08/08,2025/11/18,1.04,0.6499999761581421,1.149999976158142,50.0,,,,,,1.2573,0.2884,1.0497,0.0,1.280400037765503,1.1881,1.2573,0.0,0.0,0.0,1.1535,2026-08-09
sv3-228,Charizard ex,holofoil,Obsidian Flames,228,Hyper Rare,5ban Graphics,Stage 2|ex|Tera,6,Pokémon,2023/08/11,"tcgplayer,cardmarket",https://prices.pokemontcg.io/tcgplayer/sv3-228,https://images.pokemontcg.io/sv3/228_hires.png,2026/08/08,2025/11/18,36.26,28.5,40.0,289.44000244140625,,,,,,27.7878,17.3025,27.6033,0.0,22.26259994506836,29.0682,28.4107,0.0,0.0,0.0,1.1535,2026-08-09
sv3-230,Basic Fire Energy,holofoil,Obsidian Flames,230,Hyper Rare,,Basic,,Energy,2023/08/11,"tcgplayer,cardmarket",https://prices.pokemontcg.io/tcgplayer/sv3-230,https://images.pokemontcg.io/sv3/230_hires.png,2026/08/08,2025/11/18,3.9,1.9900000095367432,4.429999828338623,28.889999389648438,,,,,,3.8412,1.5918,3.5297,0.0,3.518199920654297,3.7719,3.7835,0.0,0.0,0.0,1.1535,2026-08-09
sv3-229,Artazon,holofoil,Obsidian Flames,229,Hyper Rare,Oswaldo KATO,Stadium,,Trainer,2023/08/11,"tcgplayer,cardmarket",https://prices.pokemontcg.io/tcgplayer/sv3-229,https://images.pokemontcg.io/sv3/229_hires.png,2026/08/08,2025/11/18,1.17,0.9300000071525574,1.9900000095367432,96.94999694824219,,,,,,3.3913,1.0266,3.5758,0.0,3.0683000087738037,3.3451,3.4259,0.0,0.0,0.0,1.1535,2026-08-09
sv3-208,Pidgeotto,holofoil,Obsidian Flames,208,Illustration Rare,Jerky,Stage 1,17,Pokémon,2023/08/11,"tcgplayer,cardmarket",https://prices.pokemontcg.io/tcgplayer/sv3-208,https://images.pokemontcg.io/sv3/208_hires.png,2026/08/08,2025/11/18,11.94,7.550000190734863,12.479999542236328,112.43000030517578,,,,,,8.2821,2.8722,9.3433,0.0,7.071000099182129,7.2555,8.2821,0.0,0.0,0.0,1.1535,2026-08-09
sv3-194,Ryme,normal,Obsidian Flames,194,Common,nagimiso,Supporter,,Trainer,2023/08/11,"tcgplayer,cardmarket",https://prices.pokemontcg.io/tcgplayer/sv3-194,https://images.pokemontcg.io/sv3/194_hires.png,2026/08/08,2025/11/18,0.19,0.009999999776482582,0.1899999976158142,19.979999542236328,,0.22,,,,0.0923,0.0231,0.0461,0.1269,0.023099999874830246,0.0692,0.0807,0.1038,0.1038,0.1154,1.1535,2026-08-09
sv3-209,Lechonk,holofoil,Obsidian Flames,209,Illustration Rare,Narumi Sato,Basic,915,Pokémon,2023/08/11,"tcgplayer,cardmarket",https://prices.pokemontcg.io/tcgplayer/sv3-209,https://images.pokemontcg.io/sv3/209_hires.png,2026/08/08,2025/11/18,13.07,10.0,14.5,200.0,,,,,,5.0177,1.6034,3.6912,0.0,3.621999979019165,4.2449,4.7986,0.0,0.0,0.0,1.1535,2026-08-09
sv3-196,Town Store,normal,Obsidian Flames,196,Common,Oswaldo KATO,Stadium,,Trainer,2023/08/11,"tcgplayer,cardmarket",https://prices.pokemontcg.io/tcgplayer/sv3-196,https://images.pokemontcg.io/sv3/196_hires.png,2026/08/08,2025/11/18,0.19,0.05000000074505806,0.23999999463558197,18.5,,0.27,,,,0.1846,0.0231,0.1961,0.2999,0.24220000207424164,0.2307,0.2076,0.2884,0.2999,0.2884,1.1535,2026-08-09
sv3-211,Tyranitar ex,holofoil,Obsidian Flames,211,Ultra Rare,5ban Graphics,Stage 2|ex|Tera,248,Pokémon,2023/08/11,"tcgplayer,cardmarket",https://prices.pokemontcg.io/tcgplayer/sv3-211,https://images.pokemontcg.io/sv3/211_hires.png,2026/08/08,2025/11/18,5.55,4.0,5.880000114440918,96.94999694824219,,,,,,3.3105,0.5652,3.2413,0.0,2.5146000385284424,3.5182,3.2644,0.0,0.0,0.0,1.1535,2026-08-09
sv3-198,Gloom,holofoil,Obsidian Flames,198,Illustration Rare,Masako Tomii,Stage 1,44,Pokémon,2023/08/11,"tcgplayer,cardmarket",https://prices.pokemontcg.io/tcgplayer/sv3-198,https://images.pokemontcg.io/sv3/198_hires.png,2026/08/08,2025/11/18,21.16,18.989999771118164,25.829999923706055,150.0,,,,,,13.2076,5.756,12.1579,0.0,10.64680004119873,11.7426,13.0115,0.0,0.0,0.0,1.1535,2026-08-09
sv3-214,Absol ex,holofoil,Obsidian Flames,214,Ultra Rare,PLANETA Mochizuki,Basic|ex,359,Pokémon,2023/08/11,"tcgplayer,cardmarket",https://prices.pokemontcg.io/tcgplayer/sv3-214,https://images.pokemontcg.io/sv3/214_hires.png,2026/08/08,2025/11/18,2.39,1.7400000095367432,2.990000009536743,96.94999694824219,,,,,,2.3877,0.8074,2.2493,0.0,3.172100067138672,2.1686,2.3762,0.0,0.0,0.0,1.1535,2026-08-09
sv3-201,Bellibolt,holofoil,Obsidian Flames,201,Illustration Rare,KEIICHIRO ITO,Stage 1,939,Pokémon,2023/08/11,"tcgplayer,cardmarket",https://prices.pokemontcg.io/tcgplayer/sv3-201,https://images.pokemontcg.io/sv3/201_hires.png,2026/08/08,2025/11/18,5.86,4.090000152587891,6.139999866485596,20.989999771118164,,,,,,3.6451,0.5767,3.2413,0.0,3.125999927520752,3.1375,3.5758,0.0,0.0,0.0,1.1535,2026-08-09
sv3-220,Poppy,holofoil,Obsidian Flames,220,Ultra Rare,yuu,Supporter,,Trainer,2023/08/11,"tcgplayer,cardmarket",https://prices.pokemontcg.io/tcgplayer/sv3-220,https://images.pokemontcg.io/sv3/220_hires.png,2026/08/08,2025/11/18,1.27,0.5,1.4900000095367432,20.0,,,,,,1.5111,0.4499,1.2689,0.0,1.580299973487854,1.4073,1.5226,0.0,0.0,0.0,1.1535,2026-08-09
sv3-205,Scizor,holofoil,Obsidian Flames,205,Illustration Rare,Oku,Stage 1,212,Pokémon,2023/08/11,"tcgplayer,cardmarket",https://prices.pokemontcg.io/tcgplayer/sv3-205,https://images.pokemontcg.io/sv3/205_hires.png,2026/08/08,2025/11/18,16.62,13.0,18.030000686645508,500.0,,,,,,11.8695,4.614,9.724,0.0,9.723999977111816,10.1854,10.2777,0.0,0.0,0.0,1.1535,2026-08-09
sv3-223,Charizard ex,holofoil,Obsidian Flames,223,Special Illustration Rare,AKIRA EGAWA,Stage 2|ex|Tera,6,Pokémon,2023/08/11,"tcgplayer,cardmarket",https://prices.pokemontcg.io/tcgplayer/sv3-223,https://images.pokemontcg.io/sv3/223_hires.png,2026/08/08,2025/11/18,109.32,81.83999633789062,119.98999786376953,999.989990234375,,,,,,94.3332,51.896,90.5844,0.0,80.95259857177734,90.8151,92.4992,0.0,0.0,0.0,1.1535,2026-08-09
sv3-210,Eiscue ex,holofoil,Obsidian Flames,210,Ultra Rare,5ban Graphics,Basic|ex|Tera,875,Pokémon,2023/08/11,"tcgplayer,cardmarket",https://prices.pokemontcg.io/tcgplayer/sv3-210,https://images.pokemontcg.io/sv3/210_hires.png,2026/08/08,2025/11/18,1.8,0.75,2.0,99.0,,,,,,1.7418,0.173,1.4073,0.0,1.7302000522613525,1.7418,1.6956,0.0,0.0,0.0,1.1535,2026-08-09
sv3-216,Revavroom ex,holofoil,Obsidian Flames,216,Ultra Rare,takuyoa,Stage 1|ex,966,Pokémon,2023/08/11,"tcgplayer,cardmarket",https://prices.pokemontcg.io/tcgplayer/sv3-216,https://images.pokemontcg.io/sv3/216_hires.png,2026/08/08,2025/11/18,0.89,0.5,1.090000033378601,20.0,,,,,,1.2227,0.15,1.315,0.0,1.3380999565124512,1.2919,1.2227,0.0,0.0,0.0,1.1535,2026-08-09
sv3-218,Geeta,holofoil,Obsidian Flames,218,Ultra Rare,kirisAki,Supporter,,Trainer,2023/08/11,"tcgplayer,cardmarket",https://prices.pokemontcg.io/tcgplayer/sv3-218,https://images.pokemontcg.io/sv3/218_hires.png,2026/08/08,2025/11/18,1.02,0.5899999737739563,1.2699999809265137,99.0,,,,,,1.4765,0.346,1.4995,0.0,2.4223999977111816,1.5918,1.5111,0.0,0.0,0.0,1.1535,2026-08-09
sv3-219,Ortega,holofoil,Obsidian Flames,219,Ultra Rare,Naoki Saito,Supporter,,Trainer,2023/08/11,"tcgplayer,cardmarket",https://prices.pokemontcg.io/tcgplayer/sv3-219,https://images.pokemontcg.io/sv3/219_hires.png,2026/08/08,2025/11/18,0.9,0.4699999988079071,1.2200000286102295,20.0,,,,,,1.488,0.5652,1.5111,0.0,1.2342000007629395,1.661,1.5111,0.0,0.0,0.0,1.1535,2026-08-09
sv3-224,Revavroom ex,holofoil,Obsidian Flames,224,Special Illustration Rare,Souichirou Gunjima,Stage 1|ex,966,Pokémon,2023/08/11,"tcgplayer,cardmarket",https://prices.pokemontcg.io/tcgplayer/sv3-224,https://images.pokemontcg.io/sv3/224_hires.png,2026/08/08,2025/11/18,5.73,4.5,6.360000133514404,75.0,,,,,,4.4179,1.4419,3.945,0.0,3.05679988861084,3.8065,4.3141,0.0,0.0,0.0,1.1535,2026-08-09
sv3-227,Poppy,holofoil,Obsidian Flames,227,Special Illustration Rare,Ryota Murayama,Supporter,,Trainer,2023/08/11,"tcgplayer,cardmarket",https://prices.pokemontcg.io/tcgplayer/sv3-227,https://images.pokemontcg.io/sv3/227_hires.png,2026/08/08,2025/11/18,3.26,1.75,3.5899999141693115,40.0,,,,,,2.976,1.1535,2.803,0.0,3.2874999046325684,2.7915,2.8838,0.0,0.0,0.0,1.1535,2026-08-09
svp-30,Chien-Pao ex,holofoil,Scarlet & Violet Black Star Promos,30,Promo,aky CG Works,Basic|ex,1002,Pokémon,2023/01/01,"tcgplayer,cardmarket",https://prices.pokemontcg.io/tcgplayer/svp-30,https://images.pokemontcg.io/svp/30_hires.png,2026/08/08,2026/03/12,4.12,2.0,4.039999961853027,9999.0,,,,,,3.5412,1.1304,3.2644,0.0,2.306999921798706,3.1837,4.4525,0.0,0.0,0.0,1.1535,2026-08-09
svp-31,Tinkaton ex,holofoil,Scarlet & Violet Black Star Promos,31,Promo,takuyoa,Stage 2|ex,959,Pokémon,2023/01/01,"tcgplayer,cardmarket",https://prices.pokemontcg.io/tcgplayer/svp-31,https://images.pokemontcg.io/svp/31_hires.png,2026/08/08,2026/03/12,9.81,7.989999771118164,10.40999984741211,95.70999908447266,,,,,,6.8864,2.307,6.8287,0.0,5.767499923706055,6.7826,6.8172,0.0,0.0,0.0,1.1535,2026-08-09
svp-32,Annihilape ex,holofoil,Scarlet & Violet Black Star Promos,32,Promo,PLANETA Hiiragi,Stage 2|ex,979,Pokémon,2023/01/01,"tcgplayer,cardmarket",https://prices.pokemontcg.io/tcgplayer/svp-32,https://images.pokemontcg.io/svp/32_hires.png,2026/08/08,2026/03/12,1.01,0.5,0.9900000095367432,9.989999771118164,,,,,,0.7844,0.1038,0.7728,0.0,1.153499960899353,0.6344,0.7728,0.0,0.0,0.0,1.1535,2026-08-09
svp-36,Palafin,holofoil,Scarlet & Violet Black Star Promos,36,Promo,nagimiso,Stage 1,964,Pokémon,2023/01/01,"tcgplayer,cardmarket",https://prices.pokemontcg.io/tcgplayer/svp-36,https://images.pokemontcg.io/svp/36_hires.png,2026/08/08,2026/03/12,3.96,2.5999999046325684,4.199999809265137,40.58000183105469,,,,,,7.6708,2.8722,8.8473,0.0,6.805600166320801,6.8979,7.4055,0.0,0.0,0.0,1.1535,2026-08-09
svp-37,Cleffa,holofoil,Scarlet & Violet Black Star Promos,37,Promo,Mina Nakai,Basic,173,Pokémon,2023/01/01,"tcgplayer,cardmarket",https://prices.pokemontcg.io/tcgplayer/svp-37,https://images.pokemontcg.io/svp/37_hires.png,2026/08/08,2026/03/11,8.01,6.0,9.0,96.8499984741211,,,,,,13.2306,3.4605,14.3034,0.0,6.5518999099731445,14.7648,12.8269,0.0,0.0,0.0,1.1535,2026-08-09
svp-38,Togekiss,holofoil,Scarlet & Violet Black Star Promos,38,Promo,OKACHEKE,Stage 2,468,Pokémon,2023/01/01,"tcgplayer,cardmarket",https://prices.pokemontcg.io/tcgplayer/svp-38,https://images.pokemontcg.io/svp/38_hires.png,2026/08/08,2026/02/22,4.43,2.990000009536743,5.53000020980835,34.900001525878906,,,,,,7.74,2.8838,9.2165,0.0,8.062999725341797,9.1934,6.8979,0.0,0.0,0.0,1.1535,2026-08-09
svp-39,Mawile,holofoil,Scarlet & Violet Black Star Promos,39,Promo,Souichirou Gunjima,Basic,303,Pokémon,2023/01/01,"tcgplayer,cardmarket",https://prices.pokemontcg.io/tcgplayer/svp-39,https://images.pokemontcg.io/svp/39_hires.png,2026/08/08,2026/02/22,4.16,3.0,4.320000171661377,9999.0,,,,,,6.3327,2.307,5.5253,0.0,6.332699775695801,5.6522,5.4099,0.0,0.0,0.0,1.1535,2026-08-09
svp-40,Pawmi,holofoil,Scarlet & Violet Black Star Promos,40,Promo,Ryuta Fuse,Basic,921,Pokémon,2023/01/01,"tcgplayer,cardmarket",https://prices.pokemontcg.io/tcgplayer/svp-40,https://images.pokemontcg.io/svp/40_hires.png,2026/08/08,2026/02/21,0.33,0.17000000178813934,0.41999998688697815,9999.0,,,,,,0.9574,0.4037,1.1189,0.0,1.4419000148773193,1.0612,0.9343,0.0,0.0,0.0,1.1535,2026-08-09
svp-41,Paldean Wooper,holofoil,Scarlet & Violet Black Star Promos,41,Promo,kirisAki,Basic,194,Pokémon,2023/01/01,"tcgplayer,cardmarket",https://prices.pokemontcg.io/tcgplayer/svp-41,https://images.pokemontcg.io/svp/41_hires.png,2026/08/08,2026/02/21,0.71,0.25,0.7099999785423279,3.0,,,,,,1.0958,0.2884,1.142,0.0,1.0958000421524048,1.0843,1.0958,0.0,0.0,0.0,1.1535,2026-08-09
svp-42,Houndstone,holofoil,Scarlet & Violet Black Star Promos,42,Promo,Pani Kobayashi,Stage 1,972,Pokémon,2023/01/01,"tcgplayer,cardmarket",https://prices.pokemontcg.io/tcgplayer/svp-42,https://images.pokemontcg.io/svp/42_hires.png,2026/08/08,2026/02/21,0.56,0.25,0.6200000047683716,19.979999542236328,,,,,,0.323,0.0231,0.819,0.0,1.2458000183105469,0.6806,0.323,0.0,0.0,0.0,1.1535,2026-08-09
svp-43,Eevee,holofoil,Scarlet & Violet Black Star Promos,43,Promo,saino misaki,Basic,133,Pokémon,2023/01/01,"tcgplayer,cardmarket",https://prices.pokemontcg.io/tcgplayer/svp-43,https://images.pokemontcg.io/svp/43_hires.png,2026/08/08,2026/02/21,4.77,3.450000047683716,5.5,100.0,,,,,,1.3957,0.0577,1.6149,0.0,1.280400037765503,1.5342,1.3842,0.0,0.0,0.0,1.1535,2026-08-09
svp-44,Charmander,holofoil,Scarlet & Violet Black Star Promos,44,Promo,MINAMINAMI Take,Basic,4,Pokémon,2023/01/01,"tcgplayer,cardmarket",https://prices.pokemontcg.io/tcgplayer/svp-44,https://images.pokemontcg.io/svp/44_hires.png,2026/08/08,2026/02/21,61.78,54.0,68.11000061035156,521.010009765625,,,,,,37.9848,23.0585,38.4,0.0,38.38850021362305,37.9502,38.0194,0.0,0.0,0.0,1.1535,2026-08-09
svp-45,Paradise Resort,normal,Scarlet & Violet Black Star Promos,45,Promo,Naoki Saito,Stadium,,Trainer,2023/01/01,"tcgplayer,cardmarket",https://prices.pokemontcg.io/tcgplayer/svp-45,https://images.pokemontcg.io/svp/45_hires.png,2026/07/02,2026/02/21,,850.0,850.0,850.0,,,,,,281.4309,43.833,149.5167,0.0,43.83300018310547,129.4919,135.0402,0.0,0.0,0.0,1.1535,2026-08-09
sv3pt5-2,Ivysaur,normal,151,2,Uncommon,Yuu Nishida,Stage 1,2,Pokémon,2023/09/22,"tcgplayer,cardmarket",https://prices.pokemontcg.io/tcgplayer/sv3pt5-2,https://images.pokemontcg.io/sv3pt5/2_hires.png,2026/08/08,2026/07/01,0.2,0.05000000074505806,0.25,1000.0,,0.4,,,,0.1269,0.0231,0.1154,0.4383,0.12690000236034393,0.1269,0.1269,0.3576,0.346,0.4383,1.1535,2026-08-09
sv3pt5-1,Bulbasaur,normal,151,1,Common,Yuu Nishida,Basic,1,Pokémon,2023/09/22,"tcgplayer,cardmarket",https://prices.pokemontcg.io/tcgplayer/sv3pt5-1,https://images.pokemontcg.io/sv3pt5/1_hires.png,2026/08/08,2026/07/01,0.23,0.029999999329447746,0.25,19.040000915527344,,0.49,,,,92.1531,92.2569,133.6445,0.0,115.3385009765625,90.6882,104.2533,0.0,0.0,0.0,1.1535,2026-08-09
sv3pt5-3,Venusaur ex,holofoil,151,3,Double Rare,5ban Graphics,Stage 2|ex,3,Pokémon,2023/09/22,"tcgplayer,cardmarket",https://prices.pokemontcg.io/tcgplayer/sv3pt5-3,https://images.pokemontcg.io/sv3pt5/3_hires.png,2026/08/08,2026/07/01,1.4,0.5,1.4199999570846558,17.81999969482422,,,,,,2.5954,0.8074,2.9299,0.0,4.498600006103516,2.9299,2.5723,0.0,0.0,0.0,1.1535,2026-08-09
sv3pt5-7,Squirtle,normal,151,7,Common,kantaro,Basic,7,Pokémon,2023/09/22,"tcgplayer,cardmarket",https://prices.pokemontcg.io/tcgplayer/sv3pt5-7,https://images.pokemontcg.io/sv3pt5/7_hires.png,2026/08/08,2026/07/01,0.27,0.07999999821186066,0.25999999046325684,1000.0,,0.46,,,,0.1154,0.0231,0.1038,0.4037,0.08070000261068344,0.1269,0.1154,0.5767,0.4037,0.4037,1.1535,2026-08-09
sv3pt5-19,Rattata,normal,151,19,Common,sowsow,Basic,19,Pokémon,2023/09/22,"tcgplayer,cardmarket",https://prices.pokemontcg.io/tcgplayer/sv3pt5-19,https://images.pokemontcg.io/sv3pt5/19_hires.png,2026/08/08,2026/07/01,0.14,0.009999999776482582,0.15000000596046448,1000.0,,0.27,,,,0.0577,0.0231,0.0577,0.2192,0.08070000261068344,0.0577,0.0461,0.4383,0.2307,0.2307,1.1535,2026-08-09
sv3pt5-8,Wartortle,normal,151,8,Uncommon,kantaro,Stage 1,8,Pokémon,2023/09/22,"tcgplayer,cardmarket",https://prices.pokemontcg.io/tcgplayer/sv3pt5-8,https://images.pokemontcg.io/sv3pt5/8_hires.png,2026/08/08,2026/07/01,0.25,0.019999999552965164,0.25999999046325684,30.0,,0.66,,,,0.1154,0.0231,0.1154,0.4499,0.13840000331401825,0.1384,0.1154,0.6806,0.496,0.4383,1.1535,2026-08-09
sv3pt5-23,Ekans,normal,151,23,Common,Kedamahadaitai Yawarakai,Basic,23,Pokémon,2023/09/22,"tcgplayer,cardmarket",https://prices.pokemontcg.io/tcgplayer/sv3pt5-23,https://images.pokemontcg.io/sv3pt5/23_hires.png,2026/08/08,2026/07/01,0.13,0.009999999776482582,0.17000000178813934,1000.0,,0.3,,,,0.0577,0.0231,0.0577,0.2422,0.05770000070333481,0.0577,0.0577,0.346,0.2538,0.2307,1.1535,2026-08-09
sv3pt5-9,Blastoise ex,holofoil,151,9,Double Rare,PLANETA Yamashita,Stage 2|ex,9,Pokémon,2023/09/22,"tcgplayer,cardmarket",https://prices.pokemontcg.io/tcgplayer/sv3pt5-9,https://images.pokemontcg.io/sv3pt5/9_hires.png,2026/08/08,2026/07/01,2.78,1.0,2.440000057220459,55.54999923706055,,,,,,3.0222,1.0381,3.4951,0.0,4.1757001876831055,3.2529,3.0106,0.0,0.0,0.0,1.1535,2026-08-09
sv3pt5-24,Arbok ex,holofoil,151,24,Double Rare,Eske Yoshinob,Stage 1|ex,24,Pokémon,2023/09/22,"tcgplayer,cardmarket",https://prices.pokemontcg.io/tcgplayer/sv3pt5-24,https://images.pokemontcg.io/sv3pt5/24_hires.png,2026/08/08,2026/06/30,1.54,0.75,1.6299999952316284,22.0,,,,,,2.9645,0.4614,2.7338,0.0,3.8987998962402344,2.7223,2.9414,0.0,0.0,0.0,1.1535,2026-08-09
sv3pt5-12,Butterfree,normal,151,12,Uncommon,Tika Matsuno,Stage 2,12,Pokémon,2023/09/22,"tcgplayer,cardmarket",https://prices.pokemontcg.io/tcgplayer/sv3pt5-12,https://images.pokemontcg.io/sv3pt5/12_hires.png,2026/08/08,2026/06/30,0.21,0.009999999776482582,0.20000000298023224,1000.0,,0.31,,,,0.0807,0.0231,0.0923,0.2768,0.03460000082850456,0.0807,0.0807,0.1961,0.2422,0.2768,1.1535,2026-08-09
sv3pt5-25,Pikachu,normal,151,25,Common,Naoyo Kimura,Basic,25,Pokémon,2023/09/22,"tcgplayer,cardmarket",https://prices.pokemontcg.io/tcgplayer/sv3pt5-25,https://images.pokemontcg.io/sv3pt5/25_hires.png,2026/08/08,2026/06/30,0.31,0.009999999776482582,0.30000001192092896,19.979999542236328,,1.19,,,,0.646,0.0231,0.0231,0.5191,0.12690000236034393,0.1269,0.646,0.5306,0.4729,0.5191,1.1535,2026-08-09
sv3pt5-16,Pidgey,normal,151,16,Common,Oswaldo KATO,Basic,16,Pokémon,2023/09/22,"tcgplayer,cardmarket",https://prices.pokemontcg.io/tcgplayer/sv3pt5-16,https://images.pokemontcg.io/sv3pt5/16_hires.png,2026/08/08,2026/06/30,0.23,0.009999999776482582,0.23000000417232513,1000.0,,0.35,,,,0.1038,0.0231,0.0923,0.2538,0.11540000140666962,0.0923,0.1038,0.2307,0.1961,0.2538,1.1535,2026-08-09
sv3pt5-29,Nidoran ♀,normal,151,29,Common,Teeziro,Basic,29,Pokémon,2023/09/22,"tcgplayer,cardmarket",https://prices.pokemontcg.io/tcgplayer/sv3pt5-29,https://images.pokemontcg.io/sv3pt5/29_hires.png,2026/08/08,2026/06/30,0.23,0.07000000029802322,0.23999999463558197,1000.0,,1.62,,,,0.2076,0.0231,0.1384,4.8101,0.09229999780654907,0.1615,0.2076,4.8447,3.8642,4.7178,1.1535,2026-08-09
sv3pt5-21,Spearow,normal,151,21,Common,Gemi,Basic,21,Pokémon,2023/09/22,"tcgplayer,cardmarket",https://prices.pokemontcg.io/tcgplayer/sv3pt5-21,https://images.pokemontcg.io/sv3pt5/21_hires.png,2026/08/08,2026/06/20,0.11,0.009999999776482582,0.1599999964237213,1000.0,,1.15,,,,0.0692,0.0231,0.0577,1.9494,0.08070000261068344,0.0692,0.0692,1.2112,1.7649,1.9494,1.1535,2026-08-09
sv3pt5-33,Nidorino,normal,151,33,Uncommon,Shiburingaru,Stage 1,33,Pokémon,2023/09/22,"tcgplayer,cardmarket",https://prices.pokemontcg.io/tcgplayer/sv3pt5-33,https://images.pokemontcg.io/sv3pt5/33_hires.png,2026/08/08,2026/06/20,0.19,0.009999999776482582,0.20000000298023224,2.1700000762939453,,0.23,,,,0.0807,0.0231,0.0923,0.2538,0.06920000165700912,0.0807,0.0807,0.4037,0.2422,0.2653,1.1535,2026-08-09
sv3pt5-30,Nidorina,normal,151,30,Uncommon,Teeziro,Stage 1,30,Pokémon,2023/09/22,"tcgplayer,cardmarket",https://prices.pokemontcg.io/tcgplayer/sv3pt5-30,https://images.pokemontcg.io/sv3pt5/30_hires.png,2026/08/08,2026/06/20,0.18,0.009999999776482582,0.20000000298023224,19.1200008392334,,0.27,,,,0.0692,0.0231,0.0807,0.2653,0.06920000165700912,0.0807,0.0807,0.3922,0.3114,0.2653,1.1535,2026-08-09
sv3pt5-34,Nidoking,holofoil,151,34,Rare,Shiburingaru,Stage 2,34,Pokémon,2023/09/22,"tcgplayer,cardmarket",https://prices.pokemontcg.io/tcgplayer/sv3pt5-34,https://images.pokemontcg.io/sv3pt5/34_hires.png,2026/08/08,2026/06/20,0.29,0.05000000074505806,0.3100000023841858,18.719999313354492,,1.27,,,,0.2307,0.0231,0.2884,2.4108,0.24220000207424164,0.323,0.2538,2.5492,2.5377,2.457,1.1535,2026-08-09
sv3pt5-32,Nidoran ♂,normal,151,32,Common,Shiburingaru,Basic,32,Pokémon,2023/09/22,"tcgplayer,cardmarket",https://prices.pokemontcg.io/tcgplayer/sv3pt5-32,https://images.pokemontcg.io/sv3pt5/32_hires.png,2026/08/08,2026/06/20,0.23,0.05999999865889549,0.25,20.0,,2.34,,,,0.15,0.0231,0.1846,3.4028,0.36910000443458557,0.173,0.1615,3.9796,3.4605,3.3682,1.1535,2026-08-09
sv3pt5-35,Clefairy,normal,151,35,Common,ryoma uratsuka,Basic,35,Pokémon,2023/09/22,"tcgplayer,cardmarket",https://prices.pokemontcg.io/tcgplayer/sv3pt5-35,https://images.pokemontcg.io/sv3pt5/35_hires.png,2026/08/08,2026/06/11,0.19,0.009999999776482582,0.1899999976158142,19.540000915527344,,0.3,,,,0.0577,0.0231,0.0577,0.2653,0.023099999874830246,0.0692,0.0577,0.2422,0.2768,0.2653,1.1535,2026-08-09
sv3pt5-36,Clefable,normal,151,36,Uncommon,ryoma uratsuka,Stage 1,36,Pokémon,2023/09/22,"tcgplayer,cardmarket",https://prices.pokemontcg.io/tcgplayer/sv3pt5-36,https://images.pokemontcg.io/sv3pt5/36_hires.png,2026/08/08,2026/06/11,0.14,0.019999999552965164,0.1899999976158142,1000.0,,0.28,,,,0.0807,0.0231,0.0807,0.2538,0.03460000082850456,0.0807,0.0807,0.2192,0.2768,0.2653,1.1535,2026-08-09
sv3pt5-44,Gloom,normal,151,44,Uncommon,Sekio,Stage 1,44,Pokémon,2023/09/22,"tcgplayer,cardmarket",https://prices.pokemontcg.io/tcgplayer/sv3pt5-44,https://images.pokemontcg.io/sv3pt5/44_hires.png,2026/08/08,2026/06/11,0.17,0.009999999776482582,0.20000000298023224,1000.0,,0.28,,,,0.0692,0.0231,0.0807,0.2538,0.023099999874830246,0.0692,0.0692,0.2307,0.2653,0.2653,1.1535,2026-08-09
sv3pt5-45,Vileplume,holofoil,151,45,Rare,Sekio,Stage 2,45,Pokémon,2023/09/22,"tcgplayer,cardmarket",https://prices.pokemontcg.io/tcgplayer/sv3pt5-45,https://images.pokemontcg.io/sv3pt5/45_hires.png,2026/08/08,2026/06/11,0.31,0.029999999329447746,0.30000001192092896,18.739999771118164,,0.95,,,,0.1961,0.0231,0.2538,1.5918,0.19609999656677246,0.1615,0.2076,1.2227,1.7649,1.7072,1.1535,2026-08-09
sv3pt5-46,Paras,normal,151,46,Common,Yoriyuki Ikegami,Basic,46,Pokémon,2023/09/22,"tcgplayer,cardmarket",https://prices.pokemontcg.io/tcgplayer/sv3pt5-46,https://images.pokemontcg.io/sv3pt5/46_hires.png,2026/08/08,2026/06/11,0.13,0.009999999776482582,0.15000000596046448,25.0,,0.25,,,,0.0461,0.0231,0.0577,0.2192,0.03460000082850456,0.0461,0.0461,0.1615,0.2422,0.2307,1.1535,2026-08-09
sv3pt5-51,Dugtrio,normal,151,51,Uncommon,Miki Tanaka,Stage 1,51,Pokémon,2023/09/22,"tcgplayer,cardmarket",https://prices.pokemontcg.io/tcgplayer/sv3pt5-51,https://images.pokemontcg.io/sv3pt5/51_hires.png,2026/08/08,2026/06/11,0.13,0.009999999776482582,0.17000000178813934,1000.0,,0.29,,,,0.0692,0.0231,0.0577,0.2422,0.023099999874830246,0.0692,0.0692,0.1615,0.2422,0.2538,1.1535,2026-08-09
sv3pt5-47,Parasect,normal,151,47,Uncommon,Yoriyuki Ikegami,Stage 1,47,Pokémon,2023/09/22,"tcgplayer,cardmarket",https://prices.pokemontcg.io/tcgplayer/sv3pt5-47,https://images.pokemontcg.io/sv3pt5/47_hires.png,2026/08/08,2026/05/07,0.17,0.009999999776482582,0.18000000715255737,1000.0,,0.23,,,,0.0692,0.0231,0.0577,0.2192,0.08070000261068344,0.0692,0.0692,0.2307,0.2538,0.2192,1.1535,2026-08-09
sv3pt5-50,Diglett,normal,151,50,Common,Miki Tanaka,Basic,50,Pokémon,2023/09/22,"tcgplayer,cardmarket",https://prices.pokemontcg.io/tcgplayer/sv3pt5-50,https://images.pokemontcg.io/sv3pt5/50_hires.png,2026/08/08,2026/05/07,0.1,0.009999999776482582,0.15000000596046448,19.540000915527344,,0.26,,,,0.0577,0.0231,0.0461,0.2307,0.06920000165700912,0.0461,0.0577,0.2076,0.2768,0.2192,1.1535,2026-08-09
sv3pt5-4,Charmander,normal,151,4,Common,GIDORA,Basic,4,Pokémon,2023/09/22,"tcgplayer,cardmarket",https://prices.pokemontcg.io/tcgplayer/sv3pt5-4,https://images.pokemontcg.io/sv3pt5/4_hires.png,2026/08/08,2026/05/01,0.21,0.019999999552965164,0.23999999463558197,20.0,,0.46,,,,130.5531,66.8915,161.5823,0.0,79.01470184326172,178.8156,96.9863,0.0,0.0,0.0,1.1535,2026-08-09
sv3pt5-14,Kakuna,normal,151,14,Common,nisimono,Stage 1,14,Pokémon,2023/09/22,"tcgplayer,cardmarket",https://prices.pokemontcg.io/tcgplayer/sv3pt5-14,https://images.pokemontcg.io/sv3pt5/14_hires.png,2026/08/08,2026/05/01,0.18,0.05000000074505806,0.2199999988079071,1000.0,,3.2,,,,0.1269,0.0231,0.1269,2.8953,0.11540000140666962,0.1269,0.1269,2.7684,2.8261,2.8722,1.1535,2026-08-09
sv3pt5-5,Charmeleon,normal,151,5,Uncommon,GIDORA,Stage 1,5,Pokémon,2023/09/22,"tcgplayer,cardmarket",https://prices.pokemontcg.io/tcgplayer/sv3pt5-5,https://images.pokemontcg.io/sv3pt5/5_hires.png,2026/08/08,2026/05/01,0.22,0.029999999329447746,0.23999999463558197,1000.0,,0.38,,,,0.1038,0.0231,0.0923,0.3576,0.04610000178217888,0.1038,0.1038,0.173,0.3807,0.3807,1.1535,2026-08-09
sv3pt5-6,Charizard ex,holofoil,151,6,Double Rare,PLANETA Mochizuki,Stage 2|ex,6,Pokémon,2023/09/22,"tcgplayer,cardmarket",https://prices.pokemontcg.io/tcgplayer/sv3pt5-6,https://images.pokemontcg.io/sv3pt5/6_hires.png,2026/08/08,2026/03/11,7.01,4.489999771118164,8.640000343322754,112.98999786376953,,,,,,7.9361,4.0257,8.4206,0.0,8.409000396728516,8.3975,7.9015,0.0,0.0,0.0,1.1535,2026-08-09
sv3pt5-10,Caterpie,normal,151,10,Common,Tika Matsuno,Basic,10,Pokémon,2023/09/22,"tcgplayer,cardmarket",https://prices.pokemontcg.io/tcgplayer/sv3pt5-10,https://images.pokemontcg.io/sv3pt5/10_hires.png,2026/08/08,2026/03/11,0.2,0.009999999776482582,0.20000000298023224,1000.0,,0.26,,,,0.0461,0.0231,0.0577,0.2076,0.03460000082850456,0.0461,0.0461,0.2768,0.2307,0.2307,1.1535,2026-08-09
sv3pt5-11,Metapod,normal,151,11,Common,Tika Matsuno,Stage 1,11,Pokémon,2023/09/22,"tcgplayer,cardmarket",https://prices.pokemontcg.io/tcgplayer/sv3pt5-11,https://images.pokemontcg.io/sv3pt5/11_hires.png,2026/08/08,2026/03/11,0.2,0.07000000029802322,0.20999999344348907,1000.0,,2.98,,,,0.1038,0.0231,0.1384,2.9414,0.1615000069141388,0.1269,0.1154,3.1952,2.9991,3.0106,1.1535,2026-08-09
sv3pt5-13,Weedle,normal,151,13,Common,nisimono,Basic,13,Pokémon,2023/09/22,"tcgplayer,cardmarket",https://prices.pokemontcg.io/tcgplayer/sv3pt5-13,https://images.pokemontcg.io/sv3pt5/13_hires.png,2026/08/08,2026/03/11,0.17,0.009999999776482582,0.18000000715255737,1000.0,,0.28,,,,0.0461,0.0231,0.0577,0.1961,0.10379999876022339,0.0577,0.0461,0.4383,0.2538,0.2192,1.1535,2026-08-09
sv3pt5-17,Pidgeotto,normal,151,17,Common,Oswaldo KATO,Stage 1,17,Pokémon,2023/09/22,"tcgplayer,cardmarket",https://prices.pokemontcg.io/tcgplayer/sv3pt5-17,https://images.pokemontcg.io/sv3pt5/17_hires.png,2026/08/08,2026/03/11,0.26,0.09000000357627869,0.27000001072883606,1000.0,,2.15,,,,0.2538,0.0231,0.3114,2.9991,0.18459999561309814,0.4729,0.2653,3.2875,3.7604,3.2759,1.1535,2026-08-09
sv3pt5-18,Pidgeot,normal,151,18,Uncommon,Oswaldo KATO,Stage 2,18,Pokémon,2023/09/22,"tcgplayer,cardmarket",https://prices.pokemontcg.io/tcgplayer/sv3pt5-18,https://images.pokemontcg.io/sv3pt5/18_hires.png,2026/08/08,2026/02/24,0.19,0.009999999776482582,0.20000000298023224,1000.0,,0.26,,,,0.0807,0.0231,0.0807,0.2307,0.06920000165700912,0.0577,0.0692,0.1615,0.2076,0.2192,1.1535,2026-08-09
sv3pt5-26,Raichu,holofoil,151,26,Rare,Naoyo Kimura,Stage 1,26,Pokémon,2023/09/22,"tcgplayer,cardmarket",https://prices.pokemontcg.io/tcgplayer/sv3pt5-26,https://images.pokemontcg.io/sv3pt5/26_hires.png,2026/08/08,2026/02/22,0.3,0.05000000074505806,0.3100000023841858,19.540000915527344,,1.25,,,,0.2422,0.0231,0.2768,1.7995,0.13840000331401825,0.2768,0.2307,0.8997,1.638,1.7764,1.1535,2026-08-09
sv3pt5-27,Sandshrew,normal,151,27,Common,kodama,Basic,27,Pokémon,2023/09/22,"tcgplayer,cardmarket",https://prices.pokemontcg.io/tcgplayer/sv3pt5-27,https://images.pokemontcg.io/sv3pt5/27_hires.png,2026/08/08,2026/02/22,0.13,0.009999999776482582,0.18000000715255737,1000.0,,0.26,,,,0.0577,0.0231,0.0577,0.1846,0.05770000070333481,0.0461,0.0461,0.1961,0.1961,0.1846,1.1535,2026-08-09
sv3pt5-28,Sandslash,normal,151,28,Uncommon,kodama,Stage 1,28,Pokémon,2023/09/22,"tcgplayer,cardmarket",https://prices.pokemontcg.io/tcgplayer/sv3pt5-28,https://images.pokemontcg.io/sv3pt5/28_hires.png,2026/08/08,2026/02/22,0.18,0.009999999776482582,0.20000000298023224,1000.0,,0.26,,,,0.0692,0.0231,0.0577,0.2076,0.06920000165700912,0.0577,0.0692,0.1846,0.2076,0.1961,1.1535,2026-08-09
sv3pt5-31,Nidoqueen,normal,151,31,Uncommon,Teeziro,Stage 2,31,Pokémon,2023/09/22,"tcgplayer,cardmarket",https://prices.pokemontcg.io/tcgplayer/sv3pt5-31,https://images.pokemontcg.io/sv3pt5/31_hires.png,2026/08/08,2026/02/22,0.21,0.03999999910593033,0.20000000298023224,19.979999542236328,,0.28,,,,0.0692,0.0231,0.0692,0.2538,0.05770000070333481,0.0461,0.0577,0.2307,0.2307,0.2307,1.1535,2026-08-09
sv3pt5-39,Jigglypuff,normal,151,39,Common,saino misaki,Basic,39,Pokémon,2023/09/22,"tcgplayer,cardmarket",https://prices.pokemontcg.io/tcgplayer/sv3pt5-39,https://images.pokemontcg.io/sv3pt5/39_hires.png,2026/08/08,2026/02/22,0.2,0.019999999552965164,0.20999999344348907,19.799999237060547,,0.38,,,,0.0692,0.0231,0.0346,0.2422,0.05770000070333481,0.0461,0.0461,0.173,0.2538,0.2307,1.1535,2026-08-09
sv3pt5-40,Wigglytuff ex,holofoil,151,40,Double Rare,Saki Hayashiro,Stage 1|ex,40,Pokémon,2023/09/22,"tcgplayer,cardmarket",https://prices.pokemontcg.io/tcgplayer/sv3pt5-40,https://images.pokemontcg.io/sv3pt5/40_hires.png,2026/08/08,2026/02/22,1.31,0.6499999761581421,1.3799999952316284,25.0,,,,,,1.3957,0.2884,1.3381,0.0,1.1765999794006348,1.2458,1.4303,0.0,0.0,0.0,1.1535,2026-08-09
sv3pt5-41,Zubat,normal,151,41,Common,Scav,Basic,41,Pokémon,2023/09/22,"tcgplayer,cardmarket",https://prices.pokemontcg.io/tcgplayer/sv3pt5-41,https://images.pokemontcg.io/sv3pt5/41_hires.png,2026/08/08,2026/02/22,0.1,0.009999999776482582,0.1599999964237213,1000.0,,0.24,,,,0.0461,0.0231,0.0461,0.1961,0.08070000261068344,0.0461,0.0461,0.1961,0.2192,0.2076,1.1535,2026-08-09
sv3pt5-43,Oddish,normal,151,43,Common,Sekio,Basic,43,Pokémon,2023/09/22,"tcgplayer,cardmarket",https://prices.pokemontcg.io/tcgplayer/sv3pt5-43,https://images.pokemontcg.io/sv3pt5/43_hires.png,2026/08/08,2026/02/22,0.18,0.009999999776482582,0.1899999976158142,1000.0,,0.26,,,,0.0461,0.0231,0.0461,0.1961,0.05770000070333481,0.0461,0.0461,0.2538,0.2422,0.1961,1.1535,2026-08-09
sv3pt5-49,Venomoth,normal,151,49,Uncommon,Kagemaru Himeno,Stage 1,49,Pokémon,2023/09/22,"tcgplayer,cardmarket",https://prices.pokemontcg.io/tcgplayer/sv3pt5-49,https://images.pokemontcg.io/sv3pt5/49_hires.png,2026/08/08,2026/02/22,0.18,0.009999999776482582,0.20000000298023224,1000.0,,0.31,,,,0.0577,0.0231,0.0692,0.2192,0.06920000165700912,0.0692,0.0577,0.173,0.1615,0.1961,1.1535,2026-08-09
sv3pt5-15,Beedrill,holofoil,151,15,Rare,nisimono,Stage 2,15,Pokémon,2023/09/22,"tcgplayer,cardmarket",https://prices.pokemontcg.io/tcgplayer/sv3pt5-15,https://images.pokemontcg.io/sv3pt5/15_hires.png,2026/08/08,2026/02/22,0.29,0.03999999910593033,0.2800000011920929,31.389999389648438,,0.94,,,,0.2076,0.0231,0.1615,1.1535,0.1615000069141388,0.1615,0.1961,0.9228,1.2919,1.1881,1.1535,2026-08-09
sv3pt5-20,Raticate,normal,151,20,Uncommon,sowsow,Stage 1,20,Pokémon,2023/09/22,"tcgplayer,cardmarket",https://prices.pokemontcg.io/tcgplayer/sv3pt5-20,https://images.pokemontcg.io/sv3pt5/20_hires.png,2026/08/08,2026/02/22,0.16,0.009999999776482582,0.20000000298023224,19.979999542236328,,0.3,,,,0.0692,0.0231,0.0577,0.1961,0.05770000070333481,0.0577,0.0692,0.2192,0.1961,0.1961,1.1535,2026-08-09
sv3pt5-22,Fearow,normal,151,22,Uncommon,Gemi,Stage 1,22,Pokémon,2023/09/22,"tcgplayer,cardmarket",https://prices.pokemontcg.io/tcgplayer/sv3pt5-22,https://images.pokemontcg.io/sv3pt5/22_hires.png,2026/08/08,2026/02/04,0.11,0.009999999776482582,0.18000000715255737,1000.0,,0.27,,,,0.0577,0.0231,0.0807,0.2538,0.04610000178217888,0.0692,0.0692,0.1038,0.1615,0.2192,1.1535,2026-08-09
sv3pt5-37,Vulpix,normal,151,37,Common,kawayoo,Basic,37,Pokémon,2023/09/22,"tcgplayer,cardmarket",https://prices.pokemontcg.io/tcgplayer/sv3pt5-37,https://images.pokemontcg.io/sv3pt5/37_hires.png,2026/08/08,2026/02/04,0.15,0.009999999776482582,0.18000000715255737,1000.0,,0.3,,,,0.0577,0.0231,0.0461,0.2422,0.04610000178217888,0.0461,0.0577,0.1038,0.1961,0.2076,1.1535,2026-08-09
sv3pt5-38,Ninetales ex,holofoil,151,38,Double Rare,kawayoo,Stage 1|ex,38,Pokémon,2023/09/22,"tcgplayer,cardmarket",https://prices.pokemontcg.io/tcgplayer/sv3pt5-38,https://images.pokemontcg.io/sv3pt5/38_hires.png,2026/08/08,2026/02/04,2.03,0.8100000023841858,2.2899999618530273,64.0,,,,,,1.7418,0.4614,1.7302,0.0,1.8109999895095825,1.6264,1.7187,0.0,0.0,0.0,1.1535,2026-08-09
sv3pt5-42,Golbat,normal,151,42,Uncommon,Scav,Stage 1,42,Pokémon,2023/09/22,"tcgplayer,cardmarket",https://prices.pokemontcg.io/tcgplayer/sv3pt5-42,https://images.pokemontcg.io/sv3pt5/42_hires.png,2026/08/08,2026/02/04,0.09,0.009999999776482582,0.17000000178813934,1000.0,,0.28,,,,0.0577,0.0231,0.0692,0.2192,0.04610000178217888,0.0577,0.0692,0.15,0.2307,0.2076,1.1535,2026-08-09
sv3pt5-48,Venonat,normal,151,48,Common,Kagemaru Himeno,Basic,48,Pokémon,2023/09/22,"tcgplayer,cardmarket",https://prices.pokemontcg.io/tcgplayer/sv3pt5-48,https://images.pokemontcg.io/sv3pt5/48_hires.png,2026/08/08,2026/02/04,0.12,0.009999999776482582,0.1899999976158142,1000.0,,0.3,,,,0.0461,0.0231,0.0346,0.2192,0.04610000178217888,0.0461,0.0577,0.1615,0.1961,0.2076,1.1535,2026-08-09
sv3pt5-52,Meowth,normal,151,52,Common,Naoki Saito,Basic,52,Pokémon,2023/09/22,"tcgplayer,cardmarket",https://prices.pokemontcg.io/tcgplayer/sv3pt5-52,https://images.pokemontcg.io/sv3pt5/52_hires.png,2026/08/08,2026/02/04,0.19,0.029999999329447746,0.20000000298023224,1000.0,,0.32,,,,0.0577,0.0231,0.0692,0.2307,0.10379999876022339,0.0577,0.0577,0.1384,0.2307,0.2307,1.1535,2026-08-09
sv3pt5-53,Persian,normal,151,53,Uncommon,Naoki Saito,Stage 1,53,Pokémon,2023/09/22,"tcgplayer,cardmarket",https://prices.pokemontcg.io/tcgplayer/sv3pt5-53,https://images.pokemontcg.io/sv3pt5/53_hires.png,2026/08/08,2026/02/04,0.17,0.009999999776482582,0.20000000298023224,1000.0,,0.3,,,,0.0692,0.0231,0.0577,0.2307,0.04610000178217888,0.0577,0.0577,0.0692,0.15,0.1961,1.1535,2026-08-09
sv3pt5-59,Arcanine,normal,151,59,Uncommon,Atsushi Furusawa,Stage 1,59,Pokémon,2023/09/22,"tcgplayer,cardmarket",https://prices.pokemontcg.io/tcgplayer/sv3pt5-59,https://images.pokemontcg.io/sv3pt5/59_hires.png,2026/08/08,2026/02/04,0.22,0.019999999552965164,0.23999999463558197,1000.0,,0.38,,,,0.0692,0.0231,0.0692,0.2768,0.04610000178217888,0.0577,0.0692,0.2307,0.2538,0.2884,1.1535,2026-08-09
sv3pt5-54,Psyduck,normal,151,54,Common,Taira Akitsu,Basic,54,Pokémon,2023/09/22,"tcgplayer,cardmarket",https://prices.pokemontcg.io/tcgplayer/sv3pt5-54,https://images.pokemontcg.io/sv3pt5/54_hires.png,2026/08/08,2026/02/04,0.24,0.03999999910593033,0.23000000417232513,19.18000030517578,,0.58,,,,0.0807,0.0231,0.0807,0.2653,0.09229999780654907,0.0692,0.0807,0.2999,0.2538,0.2768,1.1535,2026-08-09
sv3pt5-60,Poliwag,normal,151,60,Common,Kurata So,Basic,60,Pokémon,2023/09/22,"tcgplayer,cardmarket",https://prices.pokemontcg.io/tcgplayer/sv3pt5-60,https://images.pokemontcg.io/sv3pt5/60_hires.png,2026/08/08,2026/02/04,0.11,0.009999999776482582,0.17000000178813934,1000.0,,0.31,,,,0.0577,0.0231,0.0461,0.2076,0.06920000165700912,0.0461,0.0461,0.1961,0.2076,0.1846,1.1535,2026-08-09
sv3pt5-61,Poliwhirl,normal,151,61,Common,Kurata So,Stage 1,61,Pokémon,2023/09/22,"tcgplayer,cardmarket",https://prices.pokemontcg.io/tcgplayer/sv3pt5-61,https://images.pokemontcg.io/sv3pt5/61_hires.png,2026/08/08,2026/02/04,0.21,0.03999999910593033,0.2199999988079071,1000.0,,1.61,,,,0.0923,0.0231,0.173,2.1801,0.08070000261068344,0.173,0.1384,2.3762,2.2839,2.2493,1.1535,2026-08-09
sv3pt5-71,Victreebel,normal,151,71,Uncommon,Jerky,Stage 2,71,Pokémon,2023/09/22,"tcgplayer,cardmarket",https://prices.pokemontcg.io/tcgplayer/sv3pt5-71,https://images.pokemontcg.io/sv3pt5/71_hires.png,2026/08/08,2026/02/04,0.2,0.029999999329447746,0.20000000298023224,1000.0,,0.26,,,,0.0577,0.0231,0.0807,0.2192,0.04610000178217888,0.0692,0.0692,0.1384,0.2076,0.2192,1.1535,2026-08-09
sv3pt5-78,Rapidash,normal,151,78,Uncommon,Nurikabe,Stage 1,78,Pokémon,2023/09/22,"tcgplayer,cardmarket",https://prices.pokemontcg.io/tcgplayer/sv3pt5-78,https://images.pokemontcg.io/sv3pt5/78_hires.png,2026/08/08,2026/02/04,0.21,0.009999999776482582,0.20000000298023224,20.0,,0.31,,,,0.0692,0.0231,0.0692,0.2422,0.05770000070333481,0.0692,0.0807,0.1269,0.1846,0.2192,1.1535,2026-08-09
sv3pt5-82,Magneton,normal,151,82,Uncommon,Yuka Morii,Stage 1,82,Pokémon,2023/09/22,"tcgplayer,cardmarket",https://prices.pokemontcg.io/tcgplayer/sv3pt5-82,https://images.pokemontcg.io/sv3pt5/82_hires.png,2026/08/08,2026/02/01,0.23,0.03999999910593033,0.23999999463558197,1000.0,,0.35,,,,0.0692,0.0231,0.0807,0.2538,0.03460000082850456,0.0577,0.0692,0.2076,0.2192,0.2538,1.1535,2026-08-09
sv3pt5-85,Dodrio,holofoil,151,85,Rare,Anesaki Dynamic,Stage 1,85,Pokémon,2023/09/22,"tcgplayer,cardmarket",https://prices.pokemontcg.io/tcgplayer/sv3pt5-85,https://images.pokemontcg.io/sv3pt5/85_hires.png,2026/08/08,2026/02/01,0.25,0.009999999776482582,0.27000001072883606,40.0,,0.88,,,,0.1961,0.0231,0.2307,1.315,0.17299999296665192,0.2192,0.2192,1.6149,1.1766,1.2458,1.1535,2026-08-09
sv3pt5-92,Gastly,normal,151,92,Common,Tomokazu Komiya,Basic,92,Pokémon,2023/09/22,"tcgplayer,cardmarket",https://prices.pokemontcg.io/tcgplayer/sv3pt5-92,https://images.pokemontcg.io/sv3pt5/92_hires.png,2026/08/08,2026/01/21,0.17,0.03999999910593033,0.20000000298023224,1000.0,,0.38,,,,0.0692,0.0231,0.0692,0.2307,0.03460000082850456,0.0577,0.0577,0.2653,0.2192,0.2307,1.1535,2026-08-09
sv3pt5-94,Gengar,holofoil,151,94,Rare,Tomokazu Komiya,Stage 2,94,Pokémon,2023/09/22,"tcgplayer,cardmarket",https://prices.pokemontcg.io/tcgplayer/sv3pt5-94,https://images.pokemontcg.io/sv3pt5/94_hires.png,2026/08/08,2026/01/21,2.75,1.5,3.0399999618530273,100.0,,8.24,,,,0.5652,0.0231,0.496,5.2369,0.4383000135421753,0.4499,0.5652,5.283,7.0479,5.0754,1.1535,2026-08-09
sv3pt5-95,Onix,normal,151,95,Uncommon,Shin Nagasawa,Basic,95,Pokémon,2023/09/22,"tcgplayer,cardmarket",https://prices.pokemontcg.io/tcgplayer/sv3pt5-95,https://images.pokemontcg.io/sv3pt5/95_hires.png,2026/08/08,2026/01/21,0.21,0.009999999776482582,0.1899999976158142,1000.0,,1.59,,,,0.0807,0.0231,0.0577,1.8687,0.06920000165700912,0.0577,0.0807,1.9033,1.7879,1.8341,1.1535,2026-08-09
sv3pt5-58,Growlithe,normal,151,58,Common,Atsushi Furusawa,Basic,58,Pokémon,2023/09/22,"tcgplayer,cardmarket",https://prices.pokemontcg.io/tcgplayer/sv3pt5-58,https://images.pokemontcg.io/sv3pt5/58_hires.png,2026/08/08,2026/01/19,0.2,0.009999999776482582,0.20000000298023224,1000.0,,0.31,,,,0.0577,0.0231,0.0577,0.2076,0.08070000261068344,0.0461,0.0461,0.2076,0.2653,0.2538,1.1535,2026-08-09
sv3pt5-64,Kadabra,normal,151,64,Uncommon,Mitsuhiro Arita,Stage 1,64,Pokémon,2023/09/22,"tcgplayer,cardmarket",https://prices.pokemontcg.io/tcgplayer/sv3pt5-64,https://images.pokemontcg.io/sv3pt5/64_hires.png,2026/08/08,2026/01/19,0.17,0.019999999552965164,0.20000000298023224,1000.0,,0.31,,,,0.3576,0.0231,0.2884,0.0,0.3345000147819519,0.323,0.346,0.0,0.0,0.0,1.1535,2026-08-09
sv3pt5-66,Machop,normal,151,66,Common,Ryuta Fuse,Basic,66,Pokémon,2023/09/22,"tcgplayer,cardmarket",https://prices.pokemontcg.io/tcgplayer/sv3pt5-66,https://images.pokemontcg.io/sv3pt5/66_hires.png,2026/08/08,2026/01/19,0.17,0.009999999776482582,0.18000000715255737,1000.0,,0.33,,,,0.0577,0.0231,0.0461,0.2192,0.05770000070333481,0.0577,0.0577,0.1846,0.1961,0.2422,1.1535,2026-08-09
sv3pt5-69,Bellsprout,normal,151,69,Common,Jerky,Basic,69,Pokémon,2023/09/22,"tcgplayer,cardmarket",https://prices.pokemontcg.io/tcgplayer/sv3pt5-69,https://images.pokemontcg.io/sv3pt5/69_hires.png,2026/08/08,2026/01/19,0.12,0.009999999776482582,0.17000000178813934,1000.0,,0.29,,,,0.0577,0.0231,0.0461,0.1961,0.04610000178217888,0.0461,0.0577,0.5652,0.2538,0.2307,1.1535,2026-08-09
sv3pt5-72,Tentacool,normal,151,72,Common,miki kudo,Basic,72,Pokémon,2023/09/22,"tcgplayer,cardmarket",https://prices.pokemontcg.io/tcgplayer/sv3pt5-72,https://images.pokemontcg.io/sv3pt5/72_hires.png,2026/08/08,2026/01/19,0.17,0.009999999776482582,0.18000000715255737,1000.0,,0.25,,,,0.0461,0.0231,0.0577,0.1961,0.10379999876022339,0.0461,0.0461,0.1038,0.1961,0.2192,1.1535,2026-08-09
sv3pt5-73,Tentacruel,normal,151,73,Uncommon,miki kudo,Stage 1,73,Pokémon,2023/09/22,"tcgplayer,cardmarket",https://prices.pokemontcg.io/tcgplayer/sv3pt5-73,https://images.pokemontcg.io/sv3pt5/73_hires.png,2026/08/08,2026/01/19,0.17,0.009999999776482582,0.20000000298023224,1000.0,,0.24,,,,0.0577,0.0231,0.0807,0.1961,0.09229999780654907,0.0692,0.0577,0.173,0.2192,0.2307,1.1535,2026-08-09
sv3pt5-76,Golem ex,holofoil,151,76,Double Rare,Uta,Stage 2|ex,76,Pokémon,2023/09/22,"tcgplayer,cardmarket",https://prices.pokemontcg.io/tcgplayer/sv3pt5-76,https://images.pokemontcg.io/sv3pt5/76_hires.png,2026/08/08,2026/01/19,1.5,0.5,1.3200000524520874,18.719999313354492,,,,,,1.638,0.173,1.6956,0.0,2.1108999252319336,1.6034,1.7995,0.0,0.0,0.0,1.1535,2026-08-09
sv3pt5-77,Ponyta,normal,151,77,Common,Nurikabe,Basic,77,Pokémon,2023/09/22,"tcgplayer,cardmarket",https://prices.pokemontcg.io/tcgplayer/sv3pt5-77,https://images.pokemontcg.io/sv3pt5/77_hires.png,2026/08/08,2026/01/19,0.12,0.009999999776482582,0.1599999964237213,20.0,,0.29,,,,0.0461,0.0231,0.0577,0.2076,0.10379999876022339,0.0577,0.0461,0.1615,0.1961,0.2192,1.1535,2026-08-09
sv3pt5-79,Slowpoke,normal,151,79,Common,OKACHEKE,Basic,79,Pokémon,2023/09/22,"tcgplayer,cardmarket",https://prices.pokemontcg.io/tcgplayer/sv3pt5-79,https://images.pokemontcg.io/sv3pt5/79_hires.png,2026/08/08,2026/01/19,0.22,0.05000000074505806,0.23000000417232513,1000.0,,0.34,,,,0.0461,0.0231,0.0807,0.2192,0.06920000165700912,0.0807,0.0577,0.2307,0.3114,0.2538,1.1535,2026-08-09
sv3pt5-83,Farfetch'd,normal,151,83,Common,KG-2000,Basic,83,Pokémon,2023/09/22,"tcgplayer,cardmarket",https://prices.pokemontcg.io/tcgplayer/sv3pt5-83,https://images.pokemontcg.io/sv3pt5/83_hires.png,2026/08/08,2026/01/19,0.14,0.009999999776482582,0.15000000596046448,20.0,,0.28,,,,0.0461,0.0231,0.0577,0.2307,0.11540000140666962,0.0577,0.0461,0.15,0.1846,0.2307,1.1535,2026-08-09
sv3pt5-84,Doduo,normal,151,84,Common,Anesaki Dynamic,Basic,84,Pokémon,2023/09/22,"tcgplayer,cardmarket",https://prices.pokemontcg.io/tcgplayer/sv3pt5-84,https://images.pokemontcg.io/sv3pt5/84_hires.png,2026/08/08,2026/01/19,0.11,0.009999999776482582,0.15000000596046448,1000.0,,0.26,,,,0.0577,0.0231,0.0461,0.2076,0.09229999780654907,0.0577,0.0577,0.1961,0.1961,0.2076,1.1535,2026-08-09
sv3pt5-56,Mankey,normal,151,56,Common,Mina Nakai,Basic,56,Pokémon,2023/09/22,"tcgplayer,cardmarket",https://prices.pokemontcg.io/tcgplayer/sv3pt5-56,https://images.pokemontcg.io/sv3pt5/56_hires.png,2026/08/08,2026/01/19,0.1,0.009999999776482582,0.15000000596046448,1000.0,,0.3,,,,0.0461,0.0231,0.0577,0.2076,0.09229999780654907,0.0577,0.0461,0.2192,0.1961,0.2192,1.1535,2026-08-09
sv3pt5-63,Abra,normal,151,63,Common,Mitsuhiro Arita,Basic,63,Pokémon,2023/09/22,"tcgplayer,cardmarket",https://prices.pokemontcg.io/tcgplayer/sv3pt5-63,https://images.pokemontcg.io/sv3pt5/63_hires.png,2026/08/08,2026/01/19,0.19,0.009999999776482582,0.20000000298023224,1000.0,,0.33,,,,0.0577,0.0231,0.0807,0.1961,0.03460000082850456,0.0461,0.0577,0.1961,0.1961,0.2192,1.1535,2026-08-09
sv3pt5-67,Machoke,normal,151,67,Uncommon,Ryuta Fuse,Stage 1,67,Pokémon,2023/09/22,"tcgplayer,cardmarket",https://prices.pokemontcg.io/tcgplayer/sv3pt5-67,https://images.pokemontcg.io/sv3pt5/67_hires.png,2026/08/08,2026/01/19,0.22,0.009999999776482582,0.20000000298023224,1000.0,,0.25,,,,0.0692,0.0231,0.0577,0.2192,0.09229999780654907,0.0692,0.0692,0.2653,0.2076,0.2307,1.1535,2026-08-09
sv3pt5-68,Machamp,holofoil,151,68,Rare,Ryuta Fuse,Stage 2,68,Pokémon,2023/09/22,"tcgplayer,cardmarket",https://prices.pokemontcg.io/tcgplayer/sv3pt5-68,https://images.pokemontcg.io/sv3pt5/68_hires.png,2026/08/08,2026/01/19,0.35,0.05000000074505806,0.33000001311302185,60.0,,0.78,,,,0.2076,0.0231,0.2538,1.2919,0.15000000596046448,0.2422,0.2422,1.5803,1.4649,1.315,1.1535,2026-08-09
sv3pt5-70,Weepinbell,normal,151,70,Common,Jerky,Stage 1,70,Pokémon,2023/09/22,"tcgplayer,cardmarket",https://prices.pokemontcg.io/tcgplayer/sv3pt5-70,https://images.pokemontcg.io/sv3pt5/70_hires.png,2026/08/08,2026/01/19,0.22,0.05000000074505806,0.2199999988079071,1000.0,,1.61,,,,0.1038,0.0231,0.1038,2.2147,0.15000000596046448,0.1154,0.1038,1.9609,2.2493,2.2839,1.1535,2026-08-09
sv3pt5-75,Graveler,normal,151,75,Uncommon,Uta,Stage 1,75,Pokémon,2023/09/22,"tcgplayer,cardmarket",https://prices.pokemontcg.io/tcgplayer/sv3pt5-75,https://images.pokemontcg.io/sv3pt5/75_hires.png,2026/08/08,2026/01/19,0.17,0.009999999776482582,0.20000000298023224,1000.0,,0.26,,,,0.0577,0.0231,0.0807,0.2076,0.08070000261068344,0.0807,0.0692,0.2307,0.1846,0.2307,1.1535,2026-08-09
sv3pt5-81,Magnemite,normal,151,81,Common,Yuka Morii,Basic,81,Pokémon,2023/09/22,"tcgplayer,cardmarket",https://prices.pokemontcg.io/tcgplayer/sv3pt5-81,https://images.pokemontcg.io/sv3pt5/81_hires.png,2026/08/08,2026/01/16,0.16,0.009999999776482582,0.20000000298023224,1000.0,,0.33,,,,0.0461,0.0231,0.0461,0.1961,0.05770000070333481,0.0577,0.0461,0.1154,0.2076,0.2076,1.1535,2026-08-09
sv3pt5-86,Seel,normal,151,86,Common,aoki,Basic,86,Pokémon,2023/09/22,"tcgplayer,cardmarket",https://prices.pokemontcg.io/tcgplayer/sv3pt5-86,https://images.pokemontcg.io/sv3pt5/86_hires.png,2026/08/08,2026/01/16,0.15,0.009999999776482582,0.18000000715255737,1000.0,,0.28,,,,0.0577,0.0231,0.0577,0.2076,0.06920000165700912,0.0461,0.0461,0.0923,0.173,0.2076,1.1535,2026-08-09
sv3pt5-88,Grimer,normal,151,88,Common,Nisota Niso,Basic,88,Pokémon,2023/09/22,"tcgplayer,cardmarket",https://prices.pokemontcg.io/tcgplayer/sv3pt5-88,https://images.pokemontcg.io/sv3pt5/88_hires.png,2026/08/08,2026/01/16,0.16,0.009999999776482582,0.17000000178813934,1000.0,,0.29,,,,0.0461,0.0231,0.0461,0.2192,0.04610000178217888,0.0346,0.0461,0.1154,0.1961,0.2192,1.1535,2026-08-09
sv3pt5-93,Haunter,normal,151,93,Uncommon,Tomokazu Komiya,Stage 1,93,Pokémon,2023/09/22,"tcgplayer,cardmarket",https://prices.pokemontcg.io/tcgplayer/sv3pt5-93,https://images.pokemontcg.io/sv3pt5/93_hires.png,2026/08/08,2026/01/16,0.22,0.029999999329447746,0.23000000417232513,19.979999542236328,,1.27,,,,0.0692,0.0231,0.0807,0.2538,0.05770000070333481,0.0807,0.0692,0.2538,0.2538,0.2768,1.1535,2026-08-09
sv3pt5-55,Golduck,normal,151,55,Uncommon,Taira Akitsu,Stage 1,55,Pokémon,2023/09/22,"tcgplayer,cardmarket",https://prices.pokemontcg.io/tcgplayer/sv3pt5-55,https://images.pokemontcg.io/sv3pt5/55_hires.png,2026/08/08,2026/01/16,0.14,0.009999999776482582,0.1899999976158142,1000.0,,0.26,,,,0.0577,0.0231,0.0577,0.2076,0.023099999874830246,0.0692,0.0577,0.323,0.2538,0.2307,1.1535,2026-08-09
sv3pt5-57,Primeape,normal,151,57,Uncommon,Mina Nakai,Stage 1,57,Pokémon,2023/09/22,"tcgplayer,cardmarket",https://prices.pokemontcg.io/tcgplayer/sv3pt5-57,https://images.pokemontcg.io/sv3pt5/57_hires.png,2026/08/08,2026/01/16,0.12,0.009999999776482582,0.15000000596046448,1000.0,,0.29,,,,0.0577,0.0231,0.0692,0.2076,0.05770000070333481,0.0692,0.0577,0.2192,0.2307,0.2307,1.1535,2026-08-09
sv3pt5-62,Poliwrath,normal,151,62,Uncommon,Kurata So,Stage 2,62,Pokémon,2023/09/22,"tcgplayer,cardmarket",https://prices.pokemontcg.io/tcgplayer/sv3pt5-62,https://images.pokemontcg.io/sv3pt5/62_hires.png,2026/08/08,2026/01/16,0.16,0.009999999776482582,0.20000000298023224,1000.0,,0.32,,,,0.0692,0.0231,0.0807,0.2307,0.08070000261068344,0.0692,0.0692,0.1961,0.2653,0.2422,1.1535,2026-08-09
sv3pt5-65,Alakazam ex,holofoil,151,65,Double Rare,Mitsuhiro Arita,Stage 2|ex,65,Pokémon,2023/09/22,"tcgplayer,cardmarket",https://prices.pokemontcg.io/tcgplayer/sv3pt5-65,https://images.pokemontcg.io/sv3pt5/65_hires.png,2026/08/08,2026/01/16,2.65,0.9800000190734863,2.7100000381469727,23.850000381469727,,,,,,2.0878,0.496,2.5146,0.0,3.125999927520752,2.0763,2.2493,0.0,0.0,0.0,1.1535,2026-08-09
sv3pt5-74,Geodude,normal,151,74,Common,Uta,Basic,74,Pokémon,2023/09/22,"tcgplayer,cardmarket",https://prices.pokemontcg.io/tcgplayer/sv3pt5-74,https://images.pokemontcg.io/sv3pt5/74_hires.png,2026/08/08,2026/01/16,0.12,0.009999999776482582,0.15000000596046448,1000.0,,0.25,,,,0.0461,0.0231,0.0577,0.2076,0.03460000082850456,0.0692,0.0461,0.3576,0.2653,0.2307,1.1535,2026-08-09
sv3pt5-80,Slowbro,normal,151,80,Uncommon,OKACHEKE,Stage 1,80,Pokémon,2023/09/22,"tcgplayer,cardmarket",https://prices.pokemontcg.io/tcgplayer/sv3pt5-80,https://images.pokemontcg.io/sv3pt5/80_hires.png,2026/08/08,2026/01/16,0.2,0.029999999329447746,0.20000000298023224,1000.0,,0.34,,,,0.0577,0.0231,0.0577,0.2192,0.03460000082850456,0.0577,0.0577,0.173,0.2076,0.2192,1.1535,2026-08-09
sv3pt5-87,Dewgong,normal,151,87,Uncommon,aoki,Stage 1,87,Pokémon,2023/09/22,"tcgplayer,cardmarket",https://prices.pokemontcg.io/tcgplayer/sv3pt5-87,https://images.pokemontcg.io/sv3pt5/87_hires.png,2026/08/08,2026/01/16,0.11,0.009999999776482582,0.18000000715255737,1000.0,,0.3,,,,0.0692,0.0231,0.0692,0.2192,0.06920000165700912,0.0692,0.0692,0.2884,0.2422,0.2307,1.1535,2026-08-09
sv3pt5-89,Muk,normal,151,89,Uncommon,Nisota Niso,Stage 1,89,Pokémon,2023/09/22,"tcgplayer,cardmarket",https://prices.pokemontcg.io/tcgplayer/sv3pt5-89,https://images.pokemontcg.io/sv3pt5/89_hires.png,2026/08/08,2026/01/16,0.14,0.019999999552965164,0.18000000715255737,1000.0,,0.3,,,,0.0577,0.0231,0.0461,0.2422,0.05770000070333481,0.0577,0.0577,0.2768,0.2538,0.2538,1.1535,2026-08-09
sv3pt5-90,Shellder,normal,151,90,Common,Nelnal,Basic,90,Pokémon,2023/09/22,"tcgplayer,cardmarket",https://prices.pokemontcg.io/tcgplayer/sv3pt5-90,https://images.pokemontcg.io/sv3pt5/90_hires.png,2026/08/08,2026/01/16,0.15,0.009999999776482582,0.18000000715255737,1000.0,,0.33,,,,0.0577,0.0231,0.0461,0.2076,0.023099999874830246,0.0461,0.0461,0.0923,0.1961,0.2076,1.1535,2026-08-09
sv3pt5-91,Cloyster,normal,151,91,Uncommon,Nelnal,Stage 1,91,Pokémon,2023/09/22,"tcgplayer,cardmarket",https://prices.pokemontcg.io/tcgplayer/sv3pt5-91,https://images.pokemontcg.io/sv3pt5/91_hires.png,2026/08/08,2026/01/16,0.25,0.009999999776482582,0.2199999988079071,1000.0,,0.27,,,,0.0692,0.0231,0.0692,0.2422,0.04610000178217888,0.0807,0.0692,0.2076,0.2768,0.2653,1.1535,2026-08-09
sv3pt5-97,Hypno,normal,151,97,Uncommon,Mousho,Stage 1,97,Pokémon,2023/09/22,"tcgplayer,cardmarket",https://prices.pokemontcg.io/tcgplayer/sv3pt5-97,https://images.pokemontcg.io/sv3pt5/97_hires.png,2026/08/08,2026/01/16,0.12,0.009999999776482582,0.1899999976158142,1000.0,,1.59,,,,0.0577,0.0231,0.0692,2.0763,0.05770000070333481,0.0692,0.0577,1.8687,1.5342,1.8571,1.1535,2026-08-09
sv3pt5-104,Cubone,normal,151,104,Common,Shinya Komatsu,Basic,104,Pokémon,2023/09/22,"tcgplayer,cardmarket",https://prices.pokemontcg.io/tcgplayer/sv3pt5-104,https://images.pokemontcg.io/sv3pt5/104_hires.png,2026/08/08,2026/01/16,0.17,0.029999999329447746,0.20000000298023224,1000.0,,0.33,,,,0.0577,0.0231,0.0807,0.2307,0.09229999780654907,0.0692,0.0692,0.1615,0.1961,0.2307,1.1535,2026-08-09
sv3pt5-105,Marowak,holofoil,151,105,Rare,Shinya Komatsu,Stage 1,105,Pokémon,2023/09/22,"tcgplayer,cardmarket",https://prices.pokemontcg.io/tcgplayer/sv3pt5-105,https://images.pokemontcg.io/sv3pt5/105_hires.png,2026/08/08,2026/01/16,0.26,0.009999999776482582,0.25999999046325684,19.219999313354492,,0.79,,,,0.1846,0.0231,0.2768,1.0381,0.29989999532699585,0.2653,0.2076,1.488,1.4649,1.2458,1.1535,2026-08-09
sv3pt5-106,Hitmonlee,normal,151,106,Uncommon,Hitoshi Ariga,Basic,106,Pokémon,2023/09/22,"tcgplayer,cardmarket",https://prices.pokemontcg.io/tcgplayer/sv3pt5-106,https://images.pokemontcg.io/sv3pt5/106_hires.png,2026/08/08,2026/01/16,0.2,0.05000000074505806,0.20999999344348907,1000.0,,2.06,,,,0.0692,0.0231,0.0692,1.6149,0.05770000070333481,0.0692,0.0692,1.6956,1.7072,1.6495,1.1535,2026-08-09
sv3pt5-107,Hitmonchan,normal,151,107,Uncommon,DOM,Basic,107,Pokémon,2023/09/22,"tcgplayer,cardmarket",https://prices.pokemontcg.io/tcgplayer/sv3pt5-107,https://images.pokemontcg.io/sv3pt5/107_hires.png,2026/08/08,2026/01/16,0.17,0.009999999776482582,0.20000000298023224,1000.0,,1.61,,,,0.0807,0.0231,0.1038,1.811,0.04610000178217888,0.0923,0.0807,2.1109,1.8802,1.8802,1.1535,2026-08-09
sv3pt5-112,Rhydon,normal,151,112,Uncommon,GOSSAN,Stage 1,112,Pokémon,2023/09/22,"tcgplayer,cardmarket",https://prices.pokemontcg.io/tcgplayer/sv3pt5-112,https://images.pokemontcg.io/sv3pt5/112_hires.png,2026/08/08,2026/01/16,0.18,0.009999999776482582,0.20000000298023224,2.990000009536743,,0.28,,,,0.0577,0.0231,0.0692,0.1846,0.06920000165700912,0.0577,0.0577,0.1384,0.2538,0.2076,1.1535,2026-08-09
sv3pt5-115,Kangaskhan ex,holofoil,151,115,Double Rare,N-DESIGN Inc.,Basic|ex,115,Pokémon,2023/09/22,"tcgplayer,cardmarket",https://prices.pokemontcg.io/tcgplayer/sv3pt5-115,https://images.pokemontcg.io/sv3pt5/115_hires.png,2026/08/08,2026/01/16,1.07,0.5400000214576721,1.1799999475479126,50.0,,,,,,1.5572,0.2307,1.7418,0.0,1.3495999574661255,1.661,1.6034,0.0,0.0,0.0,1.1535,2026-08-09
sv3pt5-117,Seadra,normal,151,117,Uncommon,aspara,Stage 1,117,Pokémon,2023/09/22,"tcgplayer,cardmarket",https://prices.pokemontcg.io/tcgplayer/sv3pt5-117,https://images.pokemontcg.io/sv3pt5/117_hires.png,2026/08/08,2025/12/07,0.13,0.009999999776482582,0.18000000715255737,1000.0,,0.22,,,,0.0577,0.0231,0.0461,0.173,0.023099999874830246,0.0461,0.0577,0.2768,0.2307,0.1961,1.1535,2026-08-09
sv3pt5-119,Seaking,normal,151,119,Uncommon,SIE NANAHARA,Stage 1,119,Pokémon,2023/09/22,"tcgplayer,cardmarket",https://prices.pokemontcg.io/tcgplayer/sv3pt5-119,https://images.pokemontcg.io/sv3pt5/119_hires.png,2026/08/08,2025/12/07,0.17,0.009999999776482582,0.1899999976158142,1000.0,,1.52,,,,0.0577,0.0231,0.0692,1.6495,0.11540000140666962,0.0577,0.0577,2.2724,1.5688,1.638,1.1535,2026-08-09
sv3pt5-120,Staryu,normal,151,120,Common,Arai Kiriko,Basic,120,Pokémon,2023/09/22,"tcgplayer,cardmarket",https://prices.pokemontcg.io/tcgplayer/sv3pt5-120,https://images.pokemontcg.io/sv3pt5/120_hires.png,2026/08/08,2025/12/07,0.14,0.019999999552965164,0.18000000715255737,1000.0,,0.28,,,,0.0461,0.0231,0.0346,0.1846,0.023099999874830246,0.0346,0.0461,0.3345,0.2422,0.1961,1.1535,2026-08-09
sv3pt5-126,Magmar,normal,151,126,Common,Toshinao Aoki,Basic,126,Pokémon,2023/09/22,"tcgplayer,cardmarket",https://prices.pokemontcg.io/tcgplayer/sv3pt5-126,https://images.pokemontcg.io/sv3pt5/126_hires.png,2026/08/08,2025/12/07,0.11,0.009999999776482582,0.15000000596046448,1000.0,,1.24,,,,0.0461,0.0231,0.0461,1.8225,0.03460000082850456,0.0461,0.0461,1.9148,1.4419,1.7187,1.1535,2026-08-09
sv3pt5-128,Tauros,normal,151,128,Uncommon,Takeshi Nakamura,Basic,128,Pokémon,2023/09/22,"tcgplayer,cardmarket",https://prices.pokemontcg.io/tcgplayer/sv3pt5-128,https://images.pokemontcg.io/sv3pt5/128_hires.png,2026/08/08,2025/12/07,0.17,0.009999999776482582,0.20000000298023224,1000.0,,1.02,,,,0.0577,0.0231,0.0577,1.638,0.04610000178217888,0.0692,0.0577,0.9805,1.3265,1.6149,1.1535,2026-08-09
sv3pt5-136,Flareon,holofoil,151,136,Rare,Ryota Murayama,Stage 1,136,Pokémon,2023/09/22,"tcgplayer,cardmarket",https://prices.pokemontcg.io/tcgplayer/sv3pt5-136,https://images.pokemontcg.io/sv3pt5/136_hires.png,2026/08/08,2025/11/30,0.34,0.09000000357627869,0.3499999940395355,80.0,,1.51,,,,0.2653,0.0231,0.2422,2.2724,0.13840000331401825,0.2538,0.2538,2.2955,1.9956,2.307,1.1535,2026-08-09
sv3pt5-138,Omanyte,normal,151,138,Uncommon,Akira Komayama,Stage 1,138,Pokémon,2023/09/22,"tcgplayer,cardmarket",https://prices.pokemontcg.io/tcgplayer/sv3pt5-138,https://images.pokemontcg.io/sv3pt5/138_hires.png,2026/08/08,2025/11/30,0.19,0.029999999329447746,0.20000000298023224,1000.0,,1.26,,,,0.0692,0.0231,0.0461,1.7764,0.05770000070333481,0.0577,0.0692,1.661,2.2147,1.8341,1.1535,2026-08-09
sv3pt5-139,Omastar,holofoil,151,139,Rare,Akira Komayama,Stage 2,139,Pokémon,2023/09/22,"tcgplayer,cardmarket",https://prices.pokemontcg.io/tcgplayer/sv3pt5-139,https://images.pokemontcg.io/sv3pt5/139_hires.png,2026/08/08,2025/11/30,0.26,0.05000000074505806,0.2800000011920929,60.0,,1.22,,,,0.173,0.0231,0.173,1.142,0.19609999656677246,0.1384,0.1615,1.1189,1.0728,1.1074,1.1535,2026-08-09
sv3pt5-142,Aerodactyl,holofoil,151,142,Rare,Shinji Kanda,Stage 1,142,Pokémon,2023/09/22,"tcgplayer,cardmarket",https://prices.pokemontcg.io/tcgplayer/sv3pt5-142,https://images.pokemontcg.io/sv3pt5/142_hires.png,2026/08/08,2025/11/21,0.36,0.07000000029802322,0.38999998569488525,15.300000190734863,,1.11,,,,0.2192,0.0231,0.2307,1.315,0.20759999752044678,0.2307,0.2192,1.5572,1.5457,1.3611,1.1535,2026-08-09
sv3pt5-143,Snorlax,normal,151,143,Uncommon,HYOGONOSUKE,Basic,143,Pokémon,2023/09/22,"tcgplayer,cardmarket",https://prices.pokemontcg.io/tcgplayer/sv3pt5-143,https://images.pokemontcg.io/sv3pt5/143_hires.png,2026/08/08,2025/11/21,0.27,0.019999999552965164,0.27000001072883606,1000.0,,4.3,,,,0.0807,0.0231,0.1384,2.5377,0.29989999532699585,0.1269,0.0923,2.5262,2.4224,2.4916,1.1535,2026-08-09
sv3pt5-100,Voltorb,normal,151,100,Common,nagimiso,Basic,100,Pokémon,2023/09/22,"tcgplayer,cardmarket",https://prices.pokemontcg.io/tcgplayer/sv3pt5-100,https://images.pokemontcg.io/sv3pt5/100_hires.png,2026/08/08,2025/11/21,0.14,0.009999999776482582,0.17000000178813934,19.979999542236328,,0.25,,,,0.0461,0.0231,0.0346,0.1846,0.03460000082850456,0.0346,0.0461,0.2653,0.15,0.173,1.1535,2026-08-09
sv3pt5-109,Koffing,normal,151,109,Common,Shibuzoh.,Basic,109,Pokémon,2023/09/22,"tcgplayer,cardmarket",https://prices.pokemontcg.io/tcgplayer/sv3pt5-109,https://images.pokemontcg.io/sv3pt5/109_hires.png,2026/08/08,2025/11/21,0.19,0.009999999776482582,0.20000000298023224,19.979999542236328,,0.35,,,,0.0461,0.0231,0.0346,0.173,0.03460000082850456,0.0346,0.0346,0.4499,0.1846,0.173,1.1535,2026-08-09
sv3pt5-111,Rhyhorn,normal,151,111,Common,GOSSAN,Basic,111,Pokémon,2023/09/22,"tcgplayer,cardmarket",https://prices.pokemontcg.io/tcgplayer/sv3pt5-111,https://images.pokemontcg.io/sv3pt5/111_hires.png,2026/08/08,2025/11/21,0.14,0.009999999776482582,0.1599999964237213,1000.0,,0.3,,,,0.0461,0.0231,0.0346,0.1846,0.03460000082850456,0.0346,0.0461,0.4499,0.173,0.1846,1.1535,2026-08-09
sv3pt5-116,Horsea,normal,151,116,Common,aspara,Basic,116,Pokémon,2023/09/22,"tcgplayer,cardmarket",https://prices.pokemontcg.io/tcgplayer/sv3pt5-116,https://images.pokemontcg.io/sv3pt5/116_hires.png,2026/08/08,2025/11/21,0.09,0.009999999776482582,0.17000000178813934,20.0,,0.23,,,,0.0461,0.0231,0.0346,0.173,0.03460000082850456,0.0346,0.0461,0.2422,0.173,0.173,1.1535,2026-08-09
sv3pt5-127,Pinsir,normal,151,127,Uncommon,Yuya Oka,Basic,127,Pokémon,2023/09/22,"tcgplayer,cardmarket",https://prices.pokemontcg.io/tcgplayer/sv3pt5-127,https://images.pokemontcg.io/sv3pt5/127_hires.png,2026/08/08,2025/11/21,0.14,0.009999999776482582,0.1899999976158142,1000.0,,1.12,,,,0.0692,0.0231,0.0461,1.6956,0.05770000070333481,0.0461,0.0577,1.488,1.5803,1.6264,1.1535,2026-08-09
sv3pt5-129,Magikarp,normal,151,129,Common,Kouki Saitou,Basic,129,Pokémon,2023/09/22,"tcgplayer,cardmarket",https://prices.pokemontcg.io/tcgplayer/sv3pt5-129,https://images.pokemontcg.io/sv3pt5/129_hires.png,2026/08/08,2025/11/21,0.23,0.009999999776482582,0.23000000417232513,19.979999542236328,,0.34,,,,0.0461,0.0231,0.0346,0.1846,0.04610000178217888,0.0461,0.0461,0.4614,0.2307,0.1961,1.1535,2026-08-09
sv3pt5-130,Gyarados,holofoil,151,130,Rare,Kouki Saitou,Stage 1,130,Pokémon,2023/09/22,"tcgplayer,cardmarket",https://prices.pokemontcg.io/tcgplayer/sv3pt5-130,https://images.pokemontcg.io/sv3pt5/130_hires.png,2026/08/08,2025/11/21,0.28,0.09000000357627869,0.3499999940395355,17.459999084472656,,1.8,,,,0.2192,0.0231,0.2192,1.3957,0.3230000138282776,0.2192,0.2076,2.2263,1.661,1.4534,1.1535,2026-08-09
sv3pt5-140,Kabuto,normal,151,140,Uncommon,Souichirou Gunjima,Stage 1,140,Pokémon,2023/09/22,"tcgplayer,cardmarket",https://prices.pokemontcg.io/tcgplayer/sv3pt5-140,https://images.pokemontcg.io/sv3pt5/140_hires.png,2026/08/08,2025/11/21,0.17,0.019999999552965164,0.20000000298023224,20.0,,1.39,,,,0.0807,0.0231,0.0692,1.5803,0.04610000178217888,0.0577,0.0692,2.0302,1.4073,1.6034,1.1535,2026-08-09
sv3pt5-141,Kabutops,holofoil,151,141,Rare,Souichirou Gunjima,Stage 2,141,Pokémon,2023/09/22,"tcgplayer,cardmarket",https://prices.pokemontcg.io/tcgplayer/sv3pt5-141,https://images.pokemontcg.io/sv3pt5/141_hires.png,2026/08/08,2025/11/21,0.31,0.019999999552965164,0.3100000023841858,18.3799991607666,,2.01,,,,0.2076,0.0231,0.2192,1.1996,0.40369999408721924,0.2192,0.2076,2.1686,1.3496,1.2227,1.1535,2026-08-09
sv3pt5-144,Articuno,holofoil,151,144,Rare,chibi,Basic,144,Pokémon,2023/09/22,"tcgplayer,cardmarket",https://prices.pokemontcg.io/tcgplayer/sv3pt5-144,https://images.pokemontcg.io/sv3pt5/144_hires.png,2026/08/08,2025/11/21,0.4,0.03999999910593033,0.3700000047683716,18.6200008392334,,1.02,,,,0.2653,0.0231,0.2538,1.8341,0.35760000348091125,0.2999,0.2653,2.2493,1.7764,1.8456,1.1535,2026-08-09
sv3pt5-96,Drowzee,normal,151,96,Common,Mousho,Basic,96,Pokémon,2023/09/22,"tcgplayer,cardmarket",https://prices.pokemontcg.io/tcgplayer/sv3pt5-96,https://images.pokemontcg.io/sv3pt5/96_hires.png,2026/08/08,2025/11/21,0.07,0.009999999776482582,0.15000000596046448,1000.0,,0.3,,,,0.0461,0.0231,0.0461,0.1846,0.03460000082850456,0.0346,0.0461,0.4268,0.1961,0.1846,1.1535,2026-08-09
sv3pt5-99,Kingler,normal,151,99,Uncommon,Yukiko Baba,Stage 1,99,Pokémon,2023/09/22,"tcgplayer,cardmarket",https://prices.pokemontcg.io/tcgplayer/sv3pt5-99,https://images.pokemontcg.io/sv3pt5/99_hires.png,2026/08/08,2025/11/21,0.18,0.009999999776482582,0.20000000298023224,1000.0,,1.11,,,,0.0692,0.0231,0.0461,1.8456,0.04610000178217888,0.0577,0.0692,2.1109,2.2378,1.9148,1.1535,2026-08-09
sv3pt5-101,Electrode,holofoil,151,101,Rare,nagimiso,Stage 1,101,Pokémon,2023/09/22,"tcgplayer,cardmarket",https://prices.pokemontcg.io/tcgplayer/sv3pt5-101,https://images.pokemontcg.io/sv3pt5/101_hires.png,2026/08/08,2025/11/21,0.22,0.019999999552965164,0.25,17.299999237060547,,1.73,,,,0.1615,0.0231,0.15,2.5608,0.20759999752044678,0.173,0.1615,3.2529,2.3185,2.5723,1.1535,2026-08-09
sv3pt5-103,Exeggutor,normal,151,103,Uncommon,Shigenori Negishi,Stage 1,103,Pokémon,2023/09/22,"tcgplayer,cardmarket",https://prices.pokemontcg.io/tcgplayer/sv3pt5-103,https://images.pokemontcg.io/sv3pt5/103_hires.png,2026/08/08,2025/11/21,0.22,0.009999999776482582,0.23999999463558197,1000.0,,1.24,,,,0.0577,0.0231,0.0461,1.9033,0.04610000178217888,0.0461,0.0577,1.6034,1.6034,1.9148,1.1535,2026-08-09
sv3pt5-113,Chansey,holofoil,151,113,Rare,Taiga Kayama,Basic,113,Pokémon,2023/09/22,"tcgplayer,cardmarket",https://prices.pokemontcg.io/tcgplayer/sv3pt5-113,https://images.pokemontcg.io/sv3pt5/113_hires.png,2026/08/08,2025/11/21,0.33,0.10000000149011612,0.3400000035762787,60.0,,1.34,,,,0.1961,0.0231,0.1961,1.488,0.24220000207424164,0.2307,0.2076,1.5342,1.5457,1.5111,1.1535,2026-08-09
sv3pt5-114,Tangela,normal,151,114,Common,Aya Kusube,Basic,114,Pokémon,2023/09/22,"tcgplayer,cardmarket",https://prices.pokemontcg.io/tcgplayer/sv3pt5-114,https://images.pokemontcg.io/sv3pt5/114_hires.png,2026/08/08,2025/11/21,0.2,0.009999999776482582,0.20000000298023224,1000.0,,0.3,,,,0.0461,0.0231,0.0346,0.1615,0.03460000082850456,0.0346,0.0346,0.2884,0.173,0.173,1.1535,2026-08-09
sv3pt5-118,Goldeen,normal,151,118,Common,SIE NANAHARA,Basic,118,Pokémon,2023/09/22,"tcgplayer,cardmarket",https://prices.pokemontcg.io/tcgplayer/sv3pt5-118,https://images.pokemontcg.io/sv3pt5/118_hires.png,2026/08/08,2025/11/21,0.08,0.009999999776482582,0.15000000596046448,1000.0,,0.27,,,,0.0461,0.0231,0.0346,0.173,0.03460000082850456,0.0346,0.0461,0.323,0.1615,0.173,1.1535,2026-08-09
sv3pt5-122,Mr. Mime,holofoil,151,122,Rare,OOYAMA,Basic,122,Pokémon,2023/09/22,"tcgplayer,cardmarket",https://prices.pokemontcg.io/tcgplayer/sv3pt5-122,https://images.pokemontcg.io/sv3pt5/122_hires.png,2026/08/08,2025/11/21,0.37,0.07999999821186066,0.30000001192092896,19.6200008392334,,0.63,,,,0.173,0.0231,0.1615,1.1074,0.19609999656677246,0.1846,0.173,1.8571,1.2458,1.1766,1.1535,2026-08-09
sv3pt5-124,Jynx ex,holofoil,151,124,Double Rare,Ayaka Yoshida,Basic|ex,124,Pokémon,2023/09/22,"tcgplayer,cardmarket",https://prices.pokemontcg.io/tcgplayer/sv3pt5-124,https://images.pokemontcg.io/sv3pt5/124_hires.png,2026/08/08,2025/11/21,1.26,0.6800000071525574,1.3899999856948853,19.989999771118164,,,,,,1.7995,0.4383,1.9263,0.0,1.7763999700546265,1.8917,1.8456,0.0,0.0,0.0,1.1535,2026-08-09
sv3pt5-125,Electabuzz,normal,151,125,Common,NC Empire,Basic,125,Pokémon,2023/09/22,"tcgplayer,cardmarket",https://prices.pokemontcg.io/tcgplayer/sv3pt5-125,https://images.pokemontcg.io/sv3pt5/125_hires.png,2026/08/08,2025/11/21,0.11,0.009999999776482582,0.17000000178813934,1000.0,,0.65,,,,0.3807,0.0231,0.2653,0.0,0.34599998593330383,0.2192,0.3807,0.0,0.0,0.0,1.1535,2026-08-09
sv3pt5-135,Jolteon,holofoil,151,135,Rare,sui,Stage 1,135,Pokémon,2023/09/22,"tcgplayer,cardmarket",https://prices.pokemontcg.io/tcgplayer/sv3pt5-135,https://images.pokemontcg.io/sv3pt5/135_hires.png,2026/08/08,2025/11/21,0.31,0.10000000149011612,0.3499999940395355,15.279999732971191,,2.48,,,,0.2538,0.0231,0.3114,1.9609,0.40369999408721924,0.3576,0.2768,1.9033,1.9379,1.9956,1.1535,2026-08-09
sv3pt5-137,Porygon,normal,151,137,Common,5ban Graphics,Basic,137,Pokémon,2023/09/22,"tcgplayer,cardmarket",https://prices.pokemontcg.io/tcgplayer/sv3pt5-137,https://images.pokemontcg.io/sv3pt5/137_hires.png,2026/08/08,2025/11/21,0.11,0.009999999776482582,0.17000000178813934,1000.0,,0.31,,,,0.0461,0.0231,0.0346,0.173,0.03460000082850456,0.0346,0.0461,0.3114,0.1846,0.173,1.1535,2026-08-09
sv3pt5-98,Krabby,normal,151,98,Common,Yukiko Baba,Basic,98,Pokémon,2023/09/22,"tcgplayer,cardmarket",https://prices.pokemontcg.io/tcgplayer/sv3pt5-98,https://images.pokemontcg.io/sv3pt5/98_hires.png,2026/08/08,2025/11/21,0.15,0.009999999776482582,0.18000000715255737,1000.0,,0.27,,,,0.0577,0.0231,0.0461,0.173,0.03460000082850456,0.0346,0.0461,0.3114,0.1846,0.173,1.1535,2026-08-09
sv3pt5-102,Exeggcute,normal,151,102,Common,Shigenori Negishi,Basic,102,Pokémon,2023/09/22,"tcgplayer,cardmarket",https://prices.pokemontcg.io/tcgplayer/sv3pt5-102,https://images.pokemontcg.io/sv3pt5/102_hires.png,2026/08/08,2025/11/21,0.06,0.009999999776482582,0.15000000596046448,1000.0,,0.26,,,,0.0461,0.0231,0.0346,0.173,0.03460000082850456,0.0346,0.0346,0.3345,0.173,0.1615,1.1535,2026-08-09
sv3pt5-108,Lickitung,normal,151,108,Common,Saya Tsuruta,Basic,108,Pokémon,2023/09/22,"tcgplayer,cardmarket",https://prices.pokemontcg.io/tcgplayer/sv3pt5-108,https://images.pokemontcg.io/sv3pt5/108_hires.png,2026/08/08,2025/11/21,0.16,0.009999999776482582,0.18000000715255737,1000.0,,0.31,,,,0.0461,0.0231,0.0346,0.1961,0.03460000082850456,0.0346,0.0461,0.3114,0.1846,0.1961,1.1535,2026-08-09
sv3pt5-110,Weezing,holofoil,151,110,Rare,Shibuzoh.,Stage 1,110,Pokémon,2023/09/22,"tcgplayer,cardmarket",https://prices.pokemontcg.io/tcgplayer/sv3pt5-110,https://images.pokemontcg.io/sv3pt5/110_hires.png,2026/08/08,2025/11/21,0.25,0.05000000074505806,0.25999999046325684,38.0,,1.01,,,,0.1846,0.0231,0.2307,1.2573,0.25380000472068787,0.2192,0.1846,1.4419,1.1881,1.2342,1.1535,2026-08-09
sv3pt5-121,Starmie,holofoil,151,121,Rare,Arai Kiriko,Stage 1,121,Pokémon,2023/09/22,"tcgplayer,cardmarket",https://prices.pokemontcg.io/tcgplayer/sv3pt5-121,https://images.pokemontcg.io/sv3pt5/121_hires.png,2026/08/08,2025/11/21,0.26,0.009999999776482582,0.27000001072883606,19.1200008392334,,0.84,,,,0.173,0.0231,0.173,1.1074,0.19609999656677246,0.1961,0.173,1.3381,1.1304,1.1189,1.1535,2026-08-09
sv3pt5-123,Scyther,normal,151,123,Uncommon,Hideki Ishikawa,Basic,123,Pokémon,2023/09/22,"tcgplayer,cardmarket",https://prices.pokemontcg.io/tcgplayer/sv3pt5-123,https://images.pokemontcg.io/sv3pt5/123_hires.png,2026/08/08,2025/11/21,0.19,0.009999999776482582,0.20000000298023224,1000.0,,1.89,,,,0.0807,0.0231,0.0692,2.0648,0.04610000178217888,0.0577,0.0692,3.0798,2.0302,2.0302,1.1535,2026-08-09
sv3pt5-131,Lapras,normal,151,131,Uncommon,LINNE,Basic,131,Pokémon,2023/09/22,"tcgplayer,cardmarket",https://prices.pokemontcg.io/tcgplayer/sv3pt5-131,https://images.pokemontcg.io/sv3pt5/131_hires.png,2026/08/08,2025/11/21,0.2,0.009999999776482582,0.20000000298023224,1000.0,,2.3,,,,0.0577,0.0231,0.0577,2.6415,0.05770000070333481,0.0692,0.0577,2.5838,2.63,2.6415,1.1535,2026-08-09
sv3pt5-132,Ditto,holofoil,151,132,Rare,KIYOTAKA OSHIYAMA,Basic,132,Pokémon,2023/09/22,"tcgplayer,cardmarket",https://prices.pokemontcg.io/tcgplayer/sv3pt5-132,https://images.pokemontcg.io/sv3pt5/132_hires.png,2026/08/08,2025/11/21,0.91,0.20000000298023224,0.8199999928474426,25.0,,1.86,,,,0.346,0.0231,0.2884,1.5342,0.28839999437332153,0.2768,0.2538,1.4188,1.4534,1.5111,1.1535,2026-08-09
sv3pt5-133,Eevee,normal,151,133,Common,Narumi Sato,Basic,133,Pokémon,2023/09/22,"tcgplayer,cardmarket",https://prices.pokemontcg.io/tcgplayer/sv3pt5-133,https://images.pokemontcg.io/sv3pt5/133_hires.png,2026/08/08,2025/11/21,0.25,0.05000000074505806,0.25,20.0,,0.47,,,,0.0807,0.0231,0.1038,0.2422,0.03460000082850456,0.0577,0.0807,0.3576,0.2076,0.2307,1.1535,2026-08-09
sv3pt5-134,Vaporeon,holofoil,151,134,Rare,kirisAki,Stage 1,134,Pokémon,2023/09/22,"tcgplayer,cardmarket",https://prices.pokemontcg.io/tcgplayer/sv3pt5-134,https://images.pokemontcg.io/sv3pt5/134_hires.png,2026/08/08,2025/11/21,0.32,0.10000000149011612,0.36000001430511475,46.0,,1.57,,,,0.2653,0.0231,0.2538,2.2147,0.34599998593330383,0.2422,0.2653,2.7915,1.9263,2.1686,1.1535,2026-08-09
sv3pt5-148,Dragonair,normal,151,148,Uncommon,Sanosuke Sakuma,Stage 1,148,Pokémon,2023/09/22,"tcgplayer,cardmarket",https://prices.pokemontcg.io/tcgplayer/sv3pt5-148,https://images.pokemontcg.io/sv3pt5/148_hires.png,2026/08/08,2025/11/21,0.26,0.03999999910593033,0.25,3.5,,3.71,,,,0.0692,0.0231,0.1038,3.2644,0.04610000178217888,0.0692,0.0807,5.2715,3.0337,3.1952,1.1535,2026-08-09
sv3pt5-149,Dragonite,holofoil,151,149,Rare,Sanosuke Sakuma,Stage 2,149,Pokémon,2023/09/22,"tcgplayer,cardmarket",https://prices.pokemontcg.io/tcgplayer/sv3pt5-149,https://images.pokemontcg.io/sv3pt5/149_hires.png,2026/08/08,2025/11/21,1.48,0.4000000059604645,1.4500000476837158,18.420000076293945,,1.95,,,,0.3807,0.0231,0.4499,2.2955,0.6344000101089478,0.5537,0.4268,1.9379,2.2147,2.2724,1.1535,2026-08-09
sv3pt5-156,Bill's Transfer,normal,151,156,Uncommon,GIDORA,Supporter,,Trainer,2023/09/22,"tcgplayer,cardmarket",https://prices.pokemontcg.io/tcgplayer/sv3pt5-156,https://images.pokemontcg.io/sv3pt5/156_hires.png,2026/08/08,2025/11/21,0.16,0.009999999776482582,0.20000000298023224,1000.0,,0.63,,,,0.1038,0.0231,0.1384,1.0843,0.04610000178217888,0.1384,0.1038,1.4649,0.9805,1.0266,1.1535,2026-08-09
sv3pt5-157,Cycling Road,normal,151,157,Uncommon,Oswaldo KATO,Stadium,,Trainer,2023/09/22,"tcgplayer,cardmarket",https://prices.pokemontcg.io/tcgplayer/sv3pt5-157,https://images.pokemontcg.io/sv3pt5/157_hires.png,2026/08/08,2025/11/21,0.11,0.009999999776482582,0.18000000715255737,1000.0,,0.61,,,,0.0577,0.0231,0.0692,1.2804,0.04610000178217888,0.0577,0.0577,2.3301,1.1189,1.2689,1.1535,2026-08-09
sv3pt5-162,Grabber,normal,151,162,Uncommon,inose yukie,Item,,Trainer,2023/09/22,"tcgplayer,cardmarket",https://prices.pokemontcg.io/tcgplayer/sv3pt5-162,https://images.pokemontcg.io/sv3pt5/162_hires.png,2026/08/08,2025/11/21,0.28,0.05000000074505806,0.27000001072883606,1000.0,,0.75,,,,0.1615,0.0231,0.2422,1.2573,0.09229999780654907,0.2076,0.173,1.8687,1.2112,1.2227,1.1535,2026-08-09
sv3pt5-163,Leftovers,normal,151,163,Uncommon,Studio Bora Inc.,Pokémon Tool,,Trainer,2023/09/22,"tcgplayer,cardmarket",https://prices.pokemontcg.io/tcgplayer/sv3pt5-163,https://images.pokemontcg.io/sv3pt5/163_hires.png,2026/08/08,2025/11/21,0.23,0.009999999776482582,0.20999999344348907,1000.0,,0.57,,,,0.0807,0.0231,0.0692,1.1766,0.04610000178217888,0.0577,0.0807,1.7995,1.2689,1.1881,1.1535,2026-08-09
sv3pt5-172,Caterpie,holofoil,151,172,Illustration Rare,Teeziro,Basic,10,Pokémon,2023/09/22,"tcgplayer,cardmarket",https://prices.pokemontcg.io/tcgplayer/sv3pt5-172,https://images.pokemontcg.io/sv3pt5/172_hires.png,2026/08/08,2025/11/21,19.07,16.420000076293945,20.600000381469727,1000.0,,,,,,14.5572,8.063,14.3611,0.0,12.769200325012207,14.1304,14.5226,0.0,0.0,0.0,1.1535,2026-08-09
sv3pt5-173,Pikachu,holofoil,151,173,Illustration Rare,Hiroyuki Yamamoto,Basic,25,Pokémon,2023/09/22,"tcgplayer,cardmarket",https://prices.pokemontcg.io/tcgplayer/sv3pt5-173,https://images.pokemontcg.io/sv3pt5/173_hires.png,2026/08/08,2025/11/21,93.1,73.0,100.0,10000.0,,,,,,62.2429,23.07,51.5961,0.0,61.08940124511719,50.904,52.4612,0.0,0.0,0.0,1.1535,2026-08-09
sv3pt5-150,Mewtwo,holofoil,151,150,Rare,AKIRA EGAWA,Basic,150,Pokémon,2023/09/22,"tcgplayer,cardmarket",https://prices.pokemontcg.io/tcgplayer/sv3pt5-150,https://images.pokemontcg.io/sv3pt5/150_hires.png,2026/08/08,2025/11/21,2.37,0.800000011920929,2.4600000381469727,348.0,,3.65,,,,0.4729,0.0231,0.3576,2.7915,0.484499990940094,0.4268,0.4614,2.307,2.8953,2.7569,1.1535,2026-08-09
sv3pt5-152,Antique Dome Fossil,normal,151,152,Common,AYUMI ODASHIMA,Item,,Trainer,2023/09/22,"tcgplayer,cardmarket",https://prices.pokemontcg.io/tcgplayer/sv3pt5-152,https://images.pokemontcg.io/sv3pt5/152_hires.png,2026/08/08,2025/11/21,0.22,0.009999999776482582,0.23000000417232513,1000.0,,1.78,,,,0.0692,0.0231,0.0577,1.165,0.06920000165700912,0.0692,0.0692,1.2342,0.8421,1.0843,1.1535,2026-08-09
sv3pt5-153,Antique Helix Fossil,normal,151,153,Common,AYUMI ODASHIMA,Item,,Trainer,2023/09/22,"tcgplayer,cardmarket",https://prices.pokemontcg.io/tcgplayer/sv3pt5-153,https://images.pokemontcg.io/sv3pt5/153_hires.png,2026/08/08,2025/11/21,0.21,0.03999999910593033,0.2199999988079071,1000.0,,1.01,,,,0.0807,0.0231,0.0577,1.3496,0.05770000070333481,0.0692,0.0807,1.811,1.4188,1.3957,1.1535,2026-08-09
sv3pt5-159,Energy Sticker,normal,151,159,Uncommon,Ayaka Yoshida,Item,,Trainer,2023/09/22,"tcgplayer,cardmarket",https://prices.pokemontcg.io/tcgplayer/sv3pt5-159,https://images.pokemontcg.io/sv3pt5/159_hires.png,2026/08/08,2025/11/18,0.24,0.05000000074505806,0.25,1000.0,,0.97,,,,0.1384,0.0231,0.1384,1.3727,0.09229999780654907,0.1038,0.1384,0.9805,1.315,1.3611,1.1535,2026-08-09
sv3pt5-160,Erika's Invitation,normal,151,160,Uncommon,saino misaki,Supporter,,Trainer,2023/09/22,"tcgplayer,cardmarket",https://prices.pokemontcg.io/tcgplayer/sv3pt5-160,https://images.pokemontcg.io/sv3pt5/160_hires.png,2026/08/08,2025/11/18,0.16,0.019999999552965164,0.20000000298023224,19.020000457763672,,1.13,,,,0.0807,0.0231,0.0577,1.1996,0.04610000178217888,0.0577,0.0807,1.4188,1.1535,1.1304,1.1535,2026-08-09
sv3pt5-164,Protective Goggles,normal,151,164,Uncommon,Toyste Beach,Pokémon Tool,,Trainer,2023/09/22,"tcgplayer,cardmarket",https://prices.pokemontcg.io/tcgplayer/sv3pt5-164,https://images.pokemontcg.io/sv3pt5/164_hires.png,2026/08/08,2025/11/18,0.25,0.009999999776482582,0.25,1000.0,,0.71,,,,0.1384,0.0231,0.1038,1.2919,0.04610000178217888,0.1038,0.1384,1.0843,1.4419,1.3265,1.1535,2026-08-09
sv3pt5-165,Rigid Band,normal,151,165,Uncommon,Toyste Beach,Pokémon Tool,,Trainer,2023/09/22,"tcgplayer,cardmarket",https://prices.pokemontcg.io/tcgplayer/sv3pt5-165,https://images.pokemontcg.io/sv3pt5/165_hires.png,2026/08/08,2025/11/18,0.2,0.03999999910593033,0.20999999344348907,1000.0,,0.84,,,,0.1154,0.0231,0.0577,1.2573,0.05770000070333481,0.0577,0.1038,0.7844,1.1535,1.2112,1.1535,2026-08-09
sv3pt5-168,Charmander,holofoil,151,168,Illustration Rare,miki kudo,Basic,4,Pokémon,2023/09/22,"tcgplayer,cardmarket",https://prices.pokemontcg.io/tcgplayer/sv3pt5-168,https://images.pokemontcg.io/sv3pt5/168_hires.png,2026/08/08,2025/11/18,89.46,80.47000122070312,110.12999725341797,733.1400146484375,,,,,,63.0618,46.14,55.541,0.0,59.57830047607422,59.8205,62.7965,0.0,0.0,0.0,1.1535,2026-08-09
sv3pt5-154,Antique Old Amber,normal,151,154,Common,AYUMI ODASHIMA,Item,,Trainer,2023/09/22,"tcgplayer,cardmarket",https://prices.pokemontcg.io/tcgplayer/sv3pt5-154,https://images.pokemontcg.io/sv3pt5/154_hires.png,2026/08/08,2025/11/18,0.19,0.009999999776482582,0.20999999344348907,19.280000686645508,,0.84,,,,0.0692,0.0231,0.0923,1.2227,0.08070000261068344,0.0807,0.0692,0.8651,1.2458,1.2458,1.1535,2026-08-09
sv3pt5-158,Daisy's Help,normal,151,158,Uncommon,Tomomi Kaneko,Supporter,,Trainer,2023/09/22,"tcgplayer,cardmarket",https://prices.pokemontcg.io/tcgplayer/sv3pt5-158,https://images.pokemontcg.io/sv3pt5/158_hires.png,2026/08/08,2025/11/18,0.19,0.009999999776482582,0.1899999976158142,1000.0,,0.59,,,,0.0692,0.0231,0.0577,1.0843,0.03460000082850456,0.0346,0.0692,0.7036,0.9574,1.0381,1.1535,2026-08-09
sv3pt5-166,Bulbasaur,holofoil,151,166,Illustration Rare,Yoriyuki Ikegami,Basic,1,Pokémon,2023/09/22,"tcgplayer,cardmarket",https://prices.pokemontcg.io/tcgplayer/sv3pt5-166,https://images.pokemontcg.io/sv3pt5/166_hires.png,2026/08/08,2025/11/18,83.37,67.0,89.79000091552734,749.25,,,,,,49.1506,23.0585,47.628,0.0,54.79119873046875,46.0131,49.0468,0.0,0.0,0.0,1.1535,2026-08-09
sv3pt5-169,Charmeleon,holofoil,151,169,Illustration Rare,miki kudo,Stage 1,5,Pokémon,2023/09/22,"tcgplayer,cardmarket",https://prices.pokemontcg.io/tcgplayer/sv3pt5-169,https://images.pokemontcg.io/sv3pt5/169_hires.png,2026/08/08,2025/11/18,60.27,50.29999923706055,69.3499984741211,747.2999877929688,,,,,,45.4479,25.377,40.3494,0.0,40.868499755859375,45.0903,45.4018,0.0,0.0,0.0,1.1535,2026-08-09
sv3pt5-171,Wartortle,holofoil,151,171,Illustration Rare,Mitsuhiro Arita,Stage 1,8,Pokémon,2023/09/22,"tcgplayer,cardmarket",https://prices.pokemontcg.io/tcgplayer/sv3pt5-171,https://images.pokemontcg.io/sv3pt5/171_hires.png,2026/08/08,2025/11/18,65.49,47.0,68.97000122070312,320.0,,,,,,42.2066,25.377,31.0176,0.0,29.206600189208984,37.1888,42.1028,0.0,0.0,0.0,1.1535,2026-08-09
sv3pt5-145,Zapdos ex,holofoil,151,145,Double Rare,takuyoa,Basic|ex,145,Pokémon,2023/09/22,"tcgplayer,cardmarket",https://prices.pokemontcg.io/tcgplayer/sv3pt5-145,https://images.pokemontcg.io/sv3pt5/145_hires.png,2026/08/08,2025/11/18,1.56,0.6499999761581421,1.7300000190734863,16.0,,,,,,1.8917,0.6921,1.7072,0.0,1.9493999481201172,1.7533,1.8456,0.0,0.0,0.0,1.1535,2026-08-09
sv3pt5-146,Moltres,holofoil,151,146,Rare,KEIICHIRO ITO,Basic,146,Pokémon,2023/09/22,"tcgplayer,cardmarket",https://prices.pokemontcg.io/tcgplayer/sv3pt5-146,https://images.pokemontcg.io/sv3pt5/146_hires.png,2026/08/08,2025/11/18,0.35,0.05000000074505806,0.3499999940395355,18.68000030517578,,1.08,,,,0.2768,0.0231,0.2307,1.5342,0.17299999296665192,0.2653,0.2653,0.9689,1.5226,1.5918,1.1535,2026-08-09
sv3pt5-147,Dratini,normal,151,147,Common,Sanosuke Sakuma,Basic,147,Pokémon,2023/09/22,"tcgplayer,cardmarket",https://prices.pokemontcg.io/tcgplayer/sv3pt5-147,https://images.pokemontcg.io/sv3pt5/147_hires.png,2026/08/08,2025/11/18,0.19,0.07999999821186066,0.20999999344348907,1000.0,,0.31,,,,0.0807,0.0231,0.0807,0.2192,0.05770000070333481,0.0807,0.0807,0.0807,0.173,0.2192,1.1535,2026-08-09
sv3pt5-151,Mew ex,holofoil,151,151,Double Rare,aky CG Works,Basic|ex,151,Pokémon,2023/09/22,"tcgplayer,cardmarket",https://prices.pokemontcg.io/tcgplayer/sv3pt5-151,https://images.pokemontcg.io/sv3pt5/151_hires.png,2026/08/08,2025/11/18,6.94,5.25,8.479999542236328,100.0,,,,,,11.0044,7.4977,11.1428,0.0,11.581100463867188,9.8048,10.8198,0.0,0.0,0.0,1.1535,2026-08-09
sv3pt5-155,Big Air Balloon,normal,151,155,Uncommon,Toyste Beach,Pokémon Tool,,Trainer,2023/09/22,"tcgplayer,cardmarket",https://prices.pokemontcg.io/tcgplayer/sv3pt5-155,https://images.pokemontcg.io/sv3pt5/155_hires.png,2026/08/08,2025/11/18,0.14,0.009999999776482582,0.20000000298023224,1000.0,,0.59,,,,0.1038,0.0231,0.0577,1.1881,0.03460000082850456,0.0577,0.0923,0.9228,0.9574,1.1535,1.1535,2026-08-09
sv3pt5-161,Giovanni's Charisma,normal,151,161,Uncommon,hncl,Supporter,,Trainer,2023/09/22,"tcgplayer,cardmarket",https://prices.pokemontcg.io/tcgplayer/sv3pt5-161,https://images.pokemontcg.io/sv3pt5/161_hires.png,2026/08/08,2025/11/18,0.18,0.009999999776482582,0.20000000298023224,1000.0,,0.89,,,,0.0923,0.0231,0.0692,1.2573,0.03460000082850456,0.0807,0.0923,1.1535,1.4995,1.2804,1.1535,2026-08-09
sv3pt5-167,Ivysaur,holofoil,151,167,Illustration Rare,Yoriyuki Ikegami,Stage 1,2,Pokémon,2023/09/22,"tcgplayer,cardmarket",https://prices.pokemontcg.io/tcgplayer/sv3pt5-167,https://images.pokemontcg.io/sv3pt5/167_hires.png,2026/08/08,2025/11/18,44.62,41.41999816894531,50.2400016784668,456.6199951171875,,,,,,40.3494,17.3025,40.6724,0.0,49.06990051269531,45.8401,40.8339,0.0,0.0,0.0,1.1535,2026-08-09
sv3pt5-170,Squirtle,holofoil,151,170,Illustration Rare,Mitsuhiro Arita,Basic,7,Pokémon,2023/09/22,"tcgplayer,cardmarket",https://prices.pokemontcg.io/tcgplayer/sv3pt5-170,https://images.pokemontcg.io/sv3pt5/170_hires.png,2026/08/08,2025/11/18,89.38,85.98999786376953,103.26000213623047,957.780029296875,,,,,,58.5747,33.4515,49.3813,0.0,42.74869918823242,50.2119,58.0787,0.0,0.0,0.0,1.1535,2026-08-09
sv3pt5-177,Machoke,holofoil,151,177,Illustration Rare,Tetsu Kayama,Stage 1,67,Pokémon,2023/09/22,"tcgplayer,cardmarket",https://prices.pokemontcg.io/tcgplayer/sv3pt5-177,https://images.pokemontcg.io/sv3pt5/177_hires.png,2026/08/08,2025/11/18,24.27,18.75,25.90999984741211,250.0,,,,,,15.48,10.1277,15.976,0.0,15.59529972076416,14.8686,15.5607,0.0,0.0,0.0,1.1535,2026-08-09
sv3pt5-189,Golem ex,holofoil,151,189,Ultra Rare,PLANETA Igarashi,Stage 2|ex,76,Pokémon,2023/09/22,"tcgplayer,cardmarket",https://prices.pokemontcg.io/tcgplayer/sv3pt5-189,https://images.pokemontcg.io/sv3pt5/189_hires.png,2026/08/08,2025/11/18,7.13,5.300000190734863,8.220000267028809,75.16000366210938,,,,,,10.0008,6.3442,11.2697,0.0,10.11620044708252,11.2928,10.047,0.0,0.0,0.0,1.1535,2026-08-09
sv3pt5-179,Mr. Mime,holofoil,151,179,Illustration Rare,OKACHEKE,Basic,122,Pokémon,2023/09/22,"tcgplayer,cardmarket",https://prices.pokemontcg.io/tcgplayer/sv3pt5-179,https://images.pokemontcg.io/sv3pt5/179_hires.png,2026/08/08,2025/11/18,13.74,11.319999694824219,15.260000228881836,109.76000213623047,,,,,,10.7622,7.1517,10.2315,0.0,10.104700088500977,10.4046,10.4622,0.0,0.0,0.0,1.1535,2026-08-09
sv3pt5-180,Omanyte,holofoil,151,180,Illustration Rare,Yano Keiji,Stage 1,138,Pokémon,2023/09/22,"tcgplayer,cardmarket",https://prices.pokemontcg.io/tcgplayer/sv3pt5-180,https://images.pokemontcg.io/sv3pt5/180_hires.png,2026/08/08,2025/11/18,13.97,12.0,15.75,157.55999755859375,,,,,,11.5235,7.4977,10.9813,0.0,10.704500198364258,11.2697,11.4889,0.0,0.0,0.0,1.1535,2026-08-09
sv3pt5-185,Arbok ex,holofoil,151,185,Ultra Rare,Eske Yoshinob,Stage 1|ex,24,Pokémon,2023/09/22,"tcgplayer,cardmarket",https://prices.pokemontcg.io/tcgplayer/sv3pt5-185,https://images.pokemontcg.io/sv3pt5/185_hires.png,2026/08/08,2025/11/18,7.63,5.989999771118164,9.0,139.8000030517578,,,,,,11.0275,8.0745,11.0621,0.0,11.708000183105469,10.9929,10.889,0.0,0.0,0.0,1.1535,2026-08-09
sv3pt5-187,Wigglytuff ex,holofoil,151,187,Ultra Rare,Saki Hayashiro,Stage 1|ex,40,Pokémon,2023/09/22,"tcgplayer,cardmarket",https://prices.pokemontcg.io/tcgplayer/sv3pt5-187,https://images.pokemontcg.io/sv3pt5/187_hires.png,2026/08/08,2025/11/18,7.71,5.510000228881836,9.029999732971191,78.72000122070312,,,,,,10.6814,6.921,10.8083,0.0,11.650300025939941,10.2892,10.7506,0.0,0.0,0.0,1.1535,2026-08-09
sv3pt5-188,Alakazam ex,holofoil,151,188,Ultra Rare,PLANETA Tsuji,Stage 2|ex,65,Pokémon,2023/09/22,"tcgplayer,cardmarket",https://prices.pokemontcg.io/tcgplayer/sv3pt5-188,https://images.pokemontcg.io/sv3pt5/188_hires.png,2026/08/08,2025/11/18,11.48,9.0,12.989999771118164,139.52000427246094,,,,,,13.692,9.4933,14.5802,0.0,15.087800025939941,15.0186,13.6805,0.0,0.0,0.0,1.1535,2026-08-09
sv3pt5-192,Zapdos ex,holofoil,151,192,Ultra Rare,takuyoa,Basic|ex,145,Pokémon,2023/09/22,"tcgplayer,cardmarket",https://prices.pokemontcg.io/tcgplayer/sv3pt5-192,https://images.pokemontcg.io/sv3pt5/192_hires.png,2026/08/08,2025/11/18,9.31,8.0,11.170000076293945,84.41999816894531,,,,,,14.2457,8.0745,14.7763,0.0,14.18809986114502,15.4915,14.1419,0.0,0.0,0.0,1.1535,2026-08-09
sv3pt5-193,Mew ex,holofoil,151,193,Ultra Rare,aky CG Works,Basic|ex,151,Pokémon,2023/09/22,"tcgplayer,cardmarket",https://prices.pokemontcg.io/tcgplayer/sv3pt5-193,https://images.pokemontcg.io/sv3pt5/193_hires.png,2026/08/08,2025/11/18,33.44,30.989999771118164,40.0,363.05999755859375,,,,,,26.0576,19.7825,26.3344,0.0,21.916500091552734,25.1924,25.7692,0.0,0.0,0.0,1.1535,2026-08-09
sv3pt5-174,Nidoking,holofoil,151,174,Illustration Rare,Misaki Hashimoto,Stage 2,34,Pokémon,2023/09/22,"tcgplayer,cardmarket",https://prices.pokemontcg.io/tcgplayer/sv3pt5-174,https://images.pokemontcg.io/sv3pt5/174_hires.png,2026/08/08,2025/11/18,19.31,16.110000610351562,21.469999313354492,199.10000610351562,,,,,,15.6991,9.1011,15.5146,0.0,12.803799629211426,14.5456,15.999,0.0,0.0,0.0,1.1535,2026-08-09
sv3pt5-181,Dragonair,holofoil,151,181,Illustration Rare,rika,Stage 1,148,Pokémon,2023/09/22,"tcgplayer,cardmarket",https://prices.pokemontcg.io/tcgplayer/sv3pt5-181,https://images.pokemontcg.io/sv3pt5/181_hires.png,2026/08/08,2025/11/18,47.77,39.7599983215332,52.0,1700.0,,,,,,36.3353,28.826,38.6769,0.0,30.18709945678711,36.566,36.3699,0.0,0.0,0.0,1.1535,2026-08-09
sv3pt5-182,Venusaur ex,holofoil,151,182,Ultra Rare,PLANETA Yamashita,Stage 2|ex,3,Pokémon,2023/09/22,"tcgplayer,cardmarket",https://prices.pokemontcg.io/tcgplayer/sv3pt5-182,https://images.pokemontcg.io/sv3pt5/182_hires.png,2026/08/08,2025/11/18,16.52,10.649999618530273,18.239999771118164,142.49000549316406,,,,,,20.9822,12.677,20.094,0.0,21.443599700927734,19.1942,20.7399,0.0,0.0,0.0,1.1535,2026-08-09
sv3pt5-186,Ninetales ex,holofoil,151,186,Ultra Rare,PLANETA Tsuji,Stage 1|ex,38,Pokémon,2023/09/22,"tcgplayer,cardmarket",https://prices.pokemontcg.io/tcgplayer/sv3pt5-186,https://images.pokemontcg.io/sv3pt5/186_hires.png,2026/08/08,2025/11/18,16.03,12.520000457763672,16.729999542236328,182.0800018310547,,,,,,14.6725,9.6894,16.4604,0.0,14.833999633789062,15.9068,14.6379,0.0,0.0,0.0,1.1535,2026-08-09
sv3pt5-191,Jynx ex,holofoil,151,191,Ultra Rare,Ayaka Yoshida,Basic|ex,124,Pokémon,2023/09/22,"tcgplayer,cardmarket",https://prices.pokemontcg.io/tcgplayer/sv3pt5-191,https://images.pokemontcg.io/sv3pt5/191_hires.png,2026/08/08,2025/11/18,5.97,4.21999979019165,7.260000228881836,96.94999694824219,,,,,,10.0354,4.6025,9.7125,0.0,11.488900184631348,9.6663,9.874,0.0,0.0,0.0,1.1535,2026-08-09
sv3pt5-175,Psyduck,holofoil,151,175,Illustration Rare,Whisker,Basic,54,Pokémon,2023/09/22,"tcgplayer,cardmarket",https://prices.pokemontcg.io/tcgplayer/sv3pt5-175,https://images.pokemontcg.io/sv3pt5/175_hires.png,2026/08/08,2025/11/18,69.04,62.9900016784668,75.0,5000.0,,,,,,31.3867,18.456,27.2918,0.0,27.64940071105957,31.2368,31.3983,0.0,0.0,0.0,1.1535,2026-08-09
sv3pt5-176,Poliwhirl,holofoil,151,176,Illustration Rare,Gemi,Stage 1,61,Pokémon,2023/09/22,"tcgplayer,cardmarket",https://prices.pokemontcg.io/tcgplayer/sv3pt5-176,https://images.pokemontcg.io/sv3pt5/176_hires.png,2026/08/08,2025/11/18,40.4,40.0,49.0,388.8900146484375,,,,,,27.361,18.456,29.2758,0.0,27.68400001525879,31.0291,27.511,0.0,0.0,0.0,1.1535,2026-08-09
sv3pt5-178,Tangela,holofoil,151,178,Illustration Rare,Oswaldo KATO,Basic,114,Pokémon,2023/09/22,"tcgplayer,cardmarket",https://prices.pokemontcg.io/tcgplayer/sv3pt5-178,https://images.pokemontcg.io/sv3pt5/178_hires.png,2026/08/08,2025/11/18,15.94,12.489999771118164,18.0,142.0399932861328,,,,,,11.6157,5.7675,11.858,0.0,12.031000137329102,12.181,11.5235,0.0,0.0,0.0,1.1535,2026-08-09
sv3pt5-183,Charizard ex,holofoil,151,183,Ultra Rare,PLANETA Mochizuki,Stage 2|ex,6,Pokémon,2023/09/22,"tcgplayer,cardmarket",https://prices.pokemontcg.io/tcgplayer/sv3pt5-183,https://images.pokemontcg.io/sv3pt5/183_hires.png,2026/08/08,2025/11/18,43.26,37.0,47.65999984741211,389.3399963378906,,,,,,43.337,30.5678,45.148,0.0,69.20999908447266,42.2066,43.3831,0.0,0.0,0.0,1.1535,2026-08-09
sv3pt5-184,Blastoise ex,holofoil,151,184,Ultra Rare,PLANETA Yamashita,Stage 2|ex,9,Pokémon,2023/09/22,"tcgplayer,cardmarket",https://prices.pokemontcg.io/tcgplayer/sv3pt5-184,https://images.pokemontcg.io/sv3pt5/184_hires.png,2026/08/08,2025/11/18,20.4,15.5,24.18000030517578,1000.0,,,,,,22.5625,16.1375,20.2093,0.0,21.32819938659668,20.1286,21.7089,0.0,0.0,0.0,1.1535,2026-08-09
sv3pt5-190,Kangaskhan ex,holofoil,151,190,Ultra Rare,N-DESIGN Inc.,Basic|ex,115,Pokémon,2023/09/22,"tcgplayer,cardmarket",https://prices.pokemontcg.io/tcgplayer/sv3pt5-190,https://images.pokemontcg.io/sv3pt5/190_hires.png,2026/08/08,2025/11/18,6.98,5.0,7.5,100.54000091552734,,,,,,10.3815,5.7675,10.9698,0.0,13.17300033569336,10.2661,10.4046,0.0,0.0,0.0,1.1535,2026-08-09
sv3pt5-195,Daisy's Help,holofoil,151,195,Ultra Rare,Fumie Kittaka,Supporter,,Trainer,2023/09/22,"tcgplayer,cardmarket",https://prices.pokemontcg.io/tcgplayer/sv3pt5-195,https://images.pokemontcg.io/sv3pt5/195_hires.png,2026/08/08,2025/11/18,3.07,1.0,3.5399999618530273,75.0,,,,,,5.2715,2.5377,5.26,0.0,5.998199939727783,5.4791,5.2946,0.0,0.0,0.0,1.1535,2026-08-09
sv3pt5-196,Erika's Invitation,holofoil,151,196,Ultra Rare,saino misaki,Supporter,,Trainer,2023/09/22,"tcgplayer,cardmarket",https://prices.pokemontcg.io/tcgplayer/sv3pt5-196,https://images.pokemontcg.io/sv3pt5/196_hires.png,2026/08/08,2025/11/18,8.66,6.0,9.40999984741211,160.0,,,,,,10.6353,4.614,11.685,0.0,9.920100212097168,11.8349,10.9236,0.0,0.0,0.0,1.1535,2026-08-09
sv3pt5-197,Giovanni's Charisma,holofoil,151,197,Ultra Rare,hncl,Supporter,,Trainer,2023/09/22,"tcgplayer,cardmarket",https://prices.pokemontcg.io/tcgplayer/sv3pt5-197,https://images.pokemontcg.io/sv3pt5/197_hires.png,2026/08/08,2025/11/18,4.36,3.299999952316284,5.0,60.0,,,,,,8.9858,6.8979,9.574,0.0,12.642399787902832,9.4356,9.0665,0.0,0.0,0.0,1.1535,2026-08-09
sv3pt5-194,Bill's Transfer,holofoil,151,194,Ultra Rare,GIDORA,Supporter,,Trainer,2023/09/22,"tcgplayer,cardmarket",https://prices.pokemontcg.io/tcgplayer/sv3pt5-194,https://images.pokemontcg.io/sv3pt5/194_hires.png,2026/08/08,2025/11/18,3.45,1.4900000095367432,3.890000104904175,44.5,,,,,,6.5288,3.4605,6.8287,0.0,5.836699962615967,5.8021,6.5288,0.0,0.0,0.0,1.1535,2026-08-09
sv3pt5-198,Venusaur ex,holofoil,151,198,Special Illustration Rare,Yoriyuki Ikegami,Stage 2|ex,3,Pokémon,2023/09/22,"tcgplayer,cardmarket",https://prices.pokemontcg.io/tcgplayer/sv3pt5-198,https://images.pokemontcg.io/sv3pt5/198_hires.png,2026/08/08,2025/11/18,118.0,100.0,128.67999267578125,1238.0400390625,,,,,,104.311,74.9775,92.1416,0.0,81.89849853515625,111.6357,106.9295,0.0,0.0,0.0,1.1535,2026-08-09
sv3pt5-199,Charizard ex,holofoil,151,199,Special Illustration Rare,miki kudo,Stage 2|ex,6,Pokémon,2023/09/22,"tcgplayer,cardmarket",https://prices.pokemontcg.io/tcgplayer/sv3pt5-199,https://images.pokemontcg.io/sv3pt5/199_hires.png,2026/08/08,2025/11/18,371.03,337.5,401.6099853515625,10000.0,,,,,,315.4938,196.095,271.8915,0.0,269.3421936035156,315.7706,314.5941,0.0,0.0,0.0,1.1535,2026-08-09
sv3pt5-200,Blastoise ex,holofoil,151,200,Special Illustration Rare,Mitsuhiro Arita,Stage 2|ex,9,Pokémon,2023/09/22,"tcgplayer,cardmarket",https://prices.pokemontcg.io/tcgplayer/sv3pt5-200,https://images.pokemontcg.io/sv3pt5/200_hires.png,2026/08/08,2025/11/18,139.04,125.5999984741211,156.8000030517578,20000.0,,,,,,101.0581,66.903,91.5533,0.0,91.12650299072266,101.7848,101.9463,0.0,0.0,0.0,1.1535,2026-08-09
sv3pt5-201,Alakazam ex,holofoil,151,201,Special Illustration Rare,Shinya Komatsu,Stage 2|ex,65,Pokémon,2023/09/22,"tcgplayer,cardmarket",https://prices.pokemontcg.io/tcgplayer/sv3pt5-201,https://images.pokemontcg.io/sv3pt5/201_hires.png,2026/08/08,2025/11/18,67.23,60.0,77.0,698.1199951171875,,,,,,63.5348,39.1036,61.1932,0.0,55.36800003051758,60.5703,62.7735,0.0,0.0,0.0,1.1535,2026-08-09
sv3pt5-206,Switch,holofoil,151,206,Hyper Rare,Studio Bora Inc.,Item,,Trainer,2023/09/22,"tcgplayer,cardmarket",https://prices.pokemontcg.io/tcgplayer/sv3pt5-206,https://images.pokemontcg.io/sv3pt5/206_hires.png,2026/08/08,2025/11/18,2.84,1.3899999856948853,2.990000009536743,21.989999771118164,,,,,,4.0603,1.4995,3.795,0.0,3.7604000568389893,4.0834,4.0373,0.0,0.0,0.0,1.1535,2026-08-09
sv3pt5-202,Zapdos ex,holofoil,151,202,Special Illustration Rare,Shiburingaru,Basic|ex,145,Pokémon,2023/09/22,"tcgplayer,cardmarket",https://prices.pokemontcg.io/tcgplayer/sv3pt5-202,https://images.pokemontcg.io/sv3pt5/202_hires.png,2026/08/08,2025/11/18,101.23,85.0,112.0,831.5999755859375,,,,,,109.1096,57.675,104.3456,0.0,90.69969940185547,105.0377,110.3207,0.0,0.0,0.0,1.1535,2026-08-09
sv3pt5-203,Erika's Invitation,holofoil,151,203,Special Illustration Rare,Cona Nitanda,Supporter,,Trainer,2023/09/22,"tcgplayer,cardmarket",https://prices.pokemontcg.io/tcgplayer/sv3pt5-203,https://images.pokemontcg.io/sv3pt5/203_hires.png,2026/08/08,2025/11/18,19.26,15.760000228881836,21.0,180.0,,,,,,21.8242,12.1117,20.9476,0.0,21.76650047302246,21.0514,21.5474,0.0,0.0,0.0,1.1535,2026-08-09
sv3pt5-204,Giovanni's Charisma,holofoil,151,204,Special Illustration Rare,Hideki Ishikawa,Supporter,,Trainer,2023/09/22,"tcgplayer,cardmarket",https://prices.pokemontcg.io/tcgplayer/sv3pt5-204,https://images.pokemontcg.io/sv3pt5/204_hires.png,2026/08/08,2025/11/18,16.1,13.0,17.989999771118164,206.6999969482422,,,,,,22.0549,13.842,20.8322,0.0,20.739900588989258,20.936,21.928,0.0,0.0,0.0,1.1535,2026-08-09
sv3pt5-205,Mew ex,holofoil,151,205,Hyper Rare,aky CG Works,Basic|ex,151,Pokémon,2023/09/22,"tcgplayer,cardmarket",https://prices.pokemontcg.io/tcgplayer/sv3pt5-205,https://images.pokemontcg.io/sv3pt5/205_hires.png,2026/08/08,2025/11/18,29.82,22.09000015258789,32.0,223.11000061035156,,,,,,19.4019,10.3238,19.1827,0.0,20.59000015258789,18.6752,19.4711,0.0,0.0,0.0,1.1535,2026-08-09
sv3pt5-207,Basic Psychic Energy,holofoil,151,207,Hyper Rare,,Basic,,Energy,2023/09/22,"tcgplayer,cardmarket",https://prices.pokemontcg.io/tcgplayer/sv3pt5-207,https://images.pokemontcg.io/sv3pt5/207_hires.png,2026/08/08,2025/11/18,4.49,3.6500000953674316,5.489999771118164,56.439998626708984,,,,,,5.0408,2.8838,4.7755,0.0,5.052299976348877,4.8562,4.9947,0.0,0.0,0.0,1.1535,2026-08-09
svp-33,Meowscarada ex,holofoil,Scarlet & Violet Black Star Promos,33,Promo,5ban Graphics,Stage 2|ex,908,Pokémon,2023/01/01,"tcgplayer,cardmarket",https://prices.pokemontcg.io/tcgplayer/svp-33,https://images.pokemontcg.io/svp/33_hires.png,2026/08/08,2026/02/21,1.1,0.5,1.1799999475479126,10.0,,,,,,0.8421,0.346,0.8767,0.0,0.8651000261306763,0.7382,0.7844,0.0,0.0,0.0,1.1535,2026-08-09
svp-34,Skeledirge ex,holofoil,Scarlet & Violet Black Star Promos,34,Promo,5ban Graphics,Stage 2|ex,911,Pokémon,2023/01/01,"tcgplayer,cardmarket",https://prices.pokemontcg.io/tcgplayer/svp-34,https://images.pokemontcg.io/svp/34_hires.png,2026/08/08,2026/02/21,0.78,0.5400000214576721,0.9900000095367432,16.81999969482422,,,,,,0.9805,0.0692,0.992,0.0,1.0266000032424927,1.0151,0.9574,0.0,0.0,0.0,1.1535,2026-08-09
svp-46,Bulbasaur,holofoil,Scarlet & Violet Black Star Promos,46,Promo,OKACHEKE,Basic,1,Pokémon,2023/01/01,"tcgplayer,cardmarket",https://prices.pokemontcg.io/tcgplayer/svp-46,https://images.pokemontcg.io/svp/46_hires.png,2026/08/08,2026/02/21,1.67,0.3799999952316284,1.9299999475479126,50.0,,,,,,0.8997,0.0231,1.142,0.0,2.953000068664551,1.0612,0.8997,0.0,0.0,0.0,1.1535,2026-08-09
svp-47,Charmander,holofoil,Scarlet & Violet Black Star Promos,47,Promo,NC Empire,Basic,4,Pokémon,2023/01/01,"tcgplayer,cardmarket",https://prices.pokemontcg.io/tcgplayer/svp-47,https://images.pokemontcg.io/svp/47_hires.png,2026/08/08,2026/02/19,1.8,1.0,2.009999990463257,50.0,,,,,,0.7844,0.1038,1.0035,0.0,0.9804999828338623,0.9689,0.9459,0.0,0.0,0.0,1.1535,2026-08-09
svp-52,Mewtwo,holofoil,Scarlet & Violet Black Star Promos,52,Promo,Bun Toujo,Basic,150,Pokémon,2023/01/01,"tcgplayer,cardmarket",https://prices.pokemontcg.io/tcgplayer/svp-52,https://images.pokemontcg.io/svp/52_hires.png,2026/08/08,2026/02/04,46.32,37.5,50.0,412.6499938964844,,,,,,57.1559,26.4036,46.1285,0.0,60.697200775146484,49.0584,57.5135,0.0,0.0,0.0,1.1535,2026-08-09
svp-48,Squirtle,holofoil,Scarlet & Violet Black Star Promos,48,Promo,Gemi,Basic,7,Pokémon,2023/01/01,"tcgplayer,cardmarket",https://prices.pokemontcg.io/tcgplayer/svp-48,https://images.pokemontcg.io/svp/48_hires.png,2026/08/08,2026/02/04,1.57,0.8500000238418579,2.0,50.0,,,,,,0.7498,0.0577,0.7498,0.0,1.2226999998092651,0.819,0.7498,0.0,0.0,0.0,1.1535,2026-08-09
svp-53,Mew ex,holofoil,Scarlet & Violet Black Star Promos,53,Promo,Natsumi Yoshida,Basic|ex,151,Pokémon,2023/01/01,"tcgplayer,cardmarket",https://prices.pokemontcg.io/tcgplayer/svp-53,https://images.pokemontcg.io/svp/53_hires.png,2026/08/08,2026/02/04,77.45,67.0,84.98999786376953,697.0499877929688,,,,,,92.926,57.675,107.8407,0.0,76.10790252685547,74.5161,93.4912,0.0,0.0,0.0,1.1535,2026-08-09
svp-54,Greninja ex,holofoil,Scarlet & Violet Black Star Promos,54,Promo,takuyoa,Stage 2|ex,658,Pokémon,2023/01/01,"tcgplayer,cardmarket",https://prices.pokemontcg.io/tcgplayer/svp-54,https://images.pokemontcg.io/svp/54_hires.png,2026/08/08,2026/02/04,5.29,4.0,5.550000190734863,47.630001068115234,,,,,,3.7373,1.1535,3.5643,0.0,5.536799907684326,3.7027,4.0257,0.0,0.0,0.0,1.1535,2026-08-09
svp-101,Pikachu,normal,Scarlet & Violet Black Star Promos,101,Promo,Jiro Sasumo,Basic,25,Pokémon,2023/01/01,"tcgplayer,cardmarket",https://prices.pokemontcg.io/tcgplayer/svp-101,https://images.pokemontcg.io/svp/101_hires.png,2026/08/08,2026/02/04,36.04,29.950000762939453,36.349998474121094,190.00999450683594,,,,,,32.8747,1499.5385,32.4364,0.0,17.291000366210938,30.9715,24.7887,0.0,0.0,0.0,1.1535,2026-08-09
svp-35,Quaquaval ex,holofoil,Scarlet & Violet Black Star Promos,35,Promo,5ban Graphics,Stage 2|ex,914,Pokémon,2023/01/01,"tcgplayer,cardmarket",https://prices.pokemontcg.io/tcgplayer/svp-35,https://images.pokemontcg.io/svp/35_hires.png,2026/08/08,2026/02/04,0.75,0.47999998927116394,0.8799999952316284,5.0,,,,,,1.0266,0.2307,0.6229,0.0,0.6805999875068665,0.9113,1.0266,0.0,0.0,0.0,1.1535,2026-08-09
svp-50,Alakazam ex,holofoil,Scarlet & Violet Black Star Promos,50,Promo,Mitsuhiro Arita,Stage 2|ex,65,Pokémon,2023/01/01,"tcgplayer,cardmarket",https://prices.pokemontcg.io/tcgplayer/svp-50,https://images.pokemontcg.io/svp/50_hires.png,2026/08/08,2026/02/04,0.78,0.28999999165534973,0.9900000095367432,100.0,,,,,,0.8882,0.0461,1.0266,0.0,0.9804999828338623,0.992,0.8997,0.0,0.0,0.0,1.1535,2026-08-09
svp-55,Kangaskhan ex,holofoil,Scarlet & Violet Black Star Promos,55,Promo,N-DESIGN Inc.,Basic|ex,115,Pokémon,2023/01/01,"tcgplayer,cardmarket",https://prices.pokemontcg.io/tcgplayer/svp-55,https://images.pokemontcg.io/svp/55_hires.png,2026/08/08,2026/02/04,7.69,4.5,7.889999866485596,76.30000305175781,,,,,,9.0319,1.1535,8.9858,0.0,6.58650016784668,8.3744,8.6166,0.0,0.0,0.0,1.1535,2026-08-09
svp-49,Zapdos ex,holofoil,Scarlet & Violet Black Star Promos,49,Promo,takuyoa,Basic|ex,145,Pokémon,2023/01/01,"tcgplayer,cardmarket",https://prices.pokemontcg.io/tcgplayer/svp-49,https://images.pokemontcg.io/svp/49_hires.png,2026/08/08,2026/02/04,0.79,0.3499999940395355,0.9599999785423279,1000.0,,,,,,1.0728,0.0577,0.9113,0.0,0.57669997215271,1.1189,1.0958,0.0,0.0,0.0,1.1535,2026-08-09
svp-51,Snorlax,holofoil,Scarlet & Violet Black Star Promos,51,Promo,GOSSAN,Basic,143,Pokémon,2023/01/01,"tcgplayer,cardmarket",https://prices.pokemontcg.io/tcgplayer/svp-51,https://images.pokemontcg.io/svp/51_hires.png,2026/08/08,2026/02/01,20.09,16.979999542236328,24.280000686645508,500.0,,,,,,14.2803,8.063,15.33,0.0,15.479999542236328,14.9378,14.1996,0.0,0.0,0.0,1.1535,2026-08-09
sv4-1,Surskit,normal,Paradox Rift,1,Common,Yoriyuki Ikegami,Basic,283,Pokémon,2023/11/03,"tcgplayer,cardmarket",https://prices.pokemontcg.io/tcgplayer/sv4-1,https://images.pokemontcg.io/sv4/1_hires.png,2026/08/08,2026/07/01,0.08,0.009999999776482582,0.15000000596046448,20.0,,0.19,,,,0.0346,0.0231,0.0231,0.1154,0.023099999874830246,0.0346,0.0346,0.0577,0.0692,0.1038,1.1535,2026-08-09
sv4-2,Masquerain,normal,Paradox Rift,2,Uncommon,kantaro,Stage 1,284,Pokémon,2023/11/03,"tcgplayer,cardmarket",https://prices.pokemontcg.io/tcgplayer/sv4-2,https://images.pokemontcg.io/sv4/2_hires.png,2026/08/08,2026/07/01,0.03,0.009999999776482582,0.15000000596046448,19.979999542236328,,0.17,,,,0.0461,0.0231,0.0577,0.15,0.023099999874830246,0.0923,0.0577,0.2307,0.1269,0.1615,1.1535,2026-08-09
sv4-3,Froslass ex,holofoil,Paradox Rift,3,Double Rare,5ban Graphics,Stage 1|Tera|ex,478,Pokémon,2023/11/03,"tcgplayer,cardmarket",https://prices.pokemontcg.io/tcgplayer/sv4-3,https://images.pokemontcg.io/sv4/3_hires.png,2026/08/08,2026/07/01,0.76,0.25,0.9900000095367432,30.0,,,,,,0.819,0.1154,0.6344,0.0,0.6690000295639038,0.7613,0.7728,0.0,0.0,0.0,1.1535,2026-08-09
sv4-4,Pansage,normal,Paradox Rift,4,Common,Jerky,Basic,511,Pokémon,2023/11/03,"tcgplayer,cardmarket",https://prices.pokemontcg.io/tcgplayer/sv4-4,https://images.pokemontcg.io/sv4/4_hires.png,2026/08/08,2026/07/01,0.11,0.009999999776482582,0.15000000596046448,20.0,,0.14,,,,0.0346,0.0231,0.0346,0.1038,0.023099999874830246,0.0346,0.0346,0.0692,0.0807,0.0923,1.1535,2026-08-09
sv4-5,Simisage,normal,Paradox Rift,5,Uncommon,Kurata So,Stage 1,512,Pokémon,2023/11/03,"tcgplayer,cardmarket",https://prices.pokemontcg.io/tcgplayer/sv4-5,https://images.pokemontcg.io/sv4/5_hires.png,2026/08/08,2026/07/01,0.08,0.009999999776482582,0.15000000596046448,20.0,,0.24,,,,0.0346,0.0231,0.0461,0.15,0.023099999874830246,0.0461,0.0346,0.1038,0.1846,0.1615,1.1535,2026-08-09
sv4-6,Dwebble,normal,Paradox Rift,6,Common,Scav,Basic,557,Pokémon,2023/11/03,"tcgplayer,cardmarket",https://prices.pokemontcg.io/tcgplayer/sv4-6,https://images.pokemontcg.io/sv4/6_hires.png,2026/08/08,2026/07/01,0.12,0.009999999776482582,0.15000000596046448,20.0,,0.21,,,,0.0346,0.0231,0.0346,0.1038,0.023099999874830246,0.0231,0.0346,0.0577,0.0692,0.1038,1.1535,2026-08-09
sv4-7,Crustle,normal,Paradox Rift,7,Common,Shin Nagasawa,Stage 1,558,Pokémon,2023/11/03,"tcgplayer,cardmarket",https://prices.pokemontcg.io/tcgplayer/sv4-7,https://images.pokemontcg.io/sv4/7_hires.png,2026/08/08,2026/07/01,0.08,0.009999999776482582,0.15000000596046448,1000.0,,0.14,,,,0.0346,0.0231,0.0577,0.1038,0.023099999874830246,0.0231,0.0461,0.0807,0.0923,0.0923,1.1535,2026-08-09
sv4-8,Bounsweet,normal,Paradox Rift,8,Common,Kouki Saitou,Basic,761,Pokémon,2023/11/03,"tcgplayer,cardmarket",https://prices.pokemontcg.io/tcgplayer/sv4-8,https://images.pokemontcg.io/sv4/8_hires.png,2026/08/08,2026/07/01,0.05,0.009999999776482582,0.15000000596046448,20.0,,0.2,,,,0.0346,0.0231,0.0231,0.0923,0.023099999874830246,0.0346,0.0346,0.0577,0.0807,0.1038,1.1535,2026-08-09
sv4-9,Steenee,normal,Paradox Rift,9,Uncommon,Kariya,Stage 1,762,Pokémon,2023/11/03,"tcgplayer,cardmarket",https://prices.pokemontcg.io/tcgplayer/sv4-9,https://images.pokemontcg.io/sv4/9_hires.png,2026/08/08,2026/06/28,0.1,0.009999999776482582,0.15000000596046448,1000.0,,0.25,,,,0.0346,0.0231,0.0346,0.1384,0.023099999874830246,0.0346,0.0346,0.0461,0.1615,0.15,1.1535,2026-08-09
sv4-10,Blipbug,normal,Paradox Rift,10,Common,OKUBO,Basic,824,Pokémon,2023/11/03,"tcgplayer,cardmarket",https://prices.pokemontcg.io/tcgplayer/sv4-10,https://images.pokemontcg.io/sv4/10_hires.png,2026/08/08,2026/06/28,0.09,0.009999999776482582,0.15000000596046448,20.0,,0.14,,,,0.0346,0.0231,0.0346,0.1038,0.08070000261068344,0.0461,0.0346,0.0807,0.0923,0.1038,1.1535,2026-08-09
sv4-11,Dottler,normal,Paradox Rift,11,Common,Haru Akasaka,Stage 1,825,Pokémon,2023/11/03,"tcgplayer,cardmarket",https://prices.pokemontcg.io/tcgplayer/sv4-11,https://images.pokemontcg.io/sv4/11_hires.png,2026/08/08,2026/06/22,0.09,0.009999999776482582,0.15000000596046448,19.979999542236328,,0.12,,,,0.0346,0.0231,0.0461,0.0923,0.04610000178217888,0.0461,0.0346,0.0692,0.1154,0.1038,1.1535,2026-08-09
sv4-12,Orbeetle,normal,Paradox Rift,12,Uncommon,Oku,Stage 2,826,Pokémon,2023/11/03,"tcgplayer,cardmarket",https://prices.pokemontcg.io/tcgplayer/sv4-12,https://images.pokemontcg.io/sv4/12_hires.png,2026/08/08,2026/06/22,0.15,0.009999999776482582,0.15000000596046448,20.0,,0.24,,,,0.0346,0.0231,0.0346,0.1384,0.023099999874830246,0.0231,0.0346,0.173,0.1384,0.1269,1.1535,2026-08-09
sv4-13,Nymble,normal,Paradox Rift,13,Common,Pani Kobayashi,Basic,919,Pokémon,2023/11/03,"tcgplayer,cardmarket",https://prices.pokemontcg.io/tcgplayer/sv4-13,https://images.pokemontcg.io/sv4/13_hires.png,2026/08/08,2026/06/22,0.08,0.009999999776482582,0.15000000596046448,25.0,,0.12,,,,0.0346,0.0231,0.0461,0.0923,0.023099999874830246,0.0461,0.0346,0.0461,0.0807,0.0923,1.1535,2026-08-09
sv4-14,Nymble,normal,Paradox Rift,14,Common,Kouki Saitou,Basic,919,Pokémon,2023/11/03,"tcgplayer,cardmarket",https://prices.pokemontcg.io/tcgplayer/sv4-14,https://images.pokemontcg.io/sv4/14_hires.png,2026/08/08,2026/06/22,0.1,0.009999999776482582,0.15000000596046448,20.0,,0.13,,,,0.0346,0.0231,0.0346,0.1038,0.023099999874830246,0.0346,0.0346,0.0807,0.0807,0.0923,1.1535,2026-08-09
sv4-15,Toedscool,normal,Paradox Rift,15,Common,Tomokazu Komiya,Basic,948,Pokémon,2023/11/03,"tcgplayer,cardmarket",https://prices.pokemontcg.io/tcgplayer/sv4-15,https://images.pokemontcg.io/sv4/15_hires.png,2026/08/08,2026/06/22,0.19,0.009999999776482582,0.20000000298023224,1000.0,,0.28,,,,0.0461,0.0231,0.0692,0.15,0.023099999874830246,0.0692,0.0461,0.0577,0.15,0.15,1.1535,2026-08-09
sv4-16,Toedscool,normal,Paradox Rift,16,Common,Souichirou Gunjima,Basic,948,Pokémon,2023/11/03,"tcgplayer,cardmarket",https://prices.pokemontcg.io/tcgplayer/sv4-16,https://images.pokemontcg.io/sv4/16_hires.png,2026/08/08,2026/06/22,0.22,0.029999999329447746,0.2199999988079071,20.0,,0.18,,,,0.0346,0.0231,0.0346,0.1038,0.023099999874830246,0.0346,0.0461,0.0807,0.0807,0.1038,1.1535,2026-08-09
sv4-17,Toedscruel,normal,Paradox Rift,17,Uncommon,Toshinao Aoki,Stage 1,949,Pokémon,2023/11/03,"tcgplayer,cardmarket",https://prices.pokemontcg.io/tcgplayer/sv4-17,https://images.pokemontcg.io/sv4/17_hires.png,2026/08/08,2026/06/22,0.18,0.029999999329447746,0.20000000298023224,20.0,,0.24,,,,0.0577,0.0231,0.0231,0.1961,0.023099999874830246,0.0461,0.0577,0.0692,0.173,0.1961,1.1535,2026-08-09
sv4-18,Wo-Chien,holofoil,Paradox Rift,18,Rare,Kouki Saitou,Basic,1001,Pokémon,2023/11/03,"tcgplayer,cardmarket",https://prices.pokemontcg.io/tcgplayer/sv4-18,https://images.pokemontcg.io/sv4/18_hires.png,2026/08/08,2026/06/22,0.17,0.009999999776482582,0.20000000298023224,20.0,,0.25,,,,0.0807,0.0231,0.0923,0.173,0.03460000082850456,0.0923,0.0807,0.0923,0.1384,0.1615,1.1535,2026-08-09
sv4-19,Magby,normal,Paradox Rift,19,Common,Naoyo Kimura,Basic,240,Pokémon,2023/11/03,"tcgplayer,cardmarket",https://prices.pokemontcg.io/tcgplayer/sv4-19,https://images.pokemontcg.io/sv4/19_hires.png,2026/08/08,2026/06/22,0.13,0.009999999776482582,0.1599999964237213,20.0,,0.22,,,,0.0346,0.0231,0.0577,0.1269,0.08070000261068344,0.0577,0.0461,0.0577,0.1384,0.1269,1.1535,2026-08-09
sv4-20,Pansear,normal,Paradox Rift,20,Common,LINNE,Basic,513,Pokémon,2023/11/03,"tcgplayer,cardmarket",https://prices.pokemontcg.io/tcgplayer/sv4-20,https://images.pokemontcg.io/sv4/20_hires.png,2026/08/08,2026/06/22,0.04,0.009999999776482582,0.15000000596046448,20.0,,0.13,,,,0.0346,0.0231,0.0346,0.1038,0.023099999874830246,0.0346,0.0346,0.0461,0.0692,0.1038,1.1535,2026-08-09
sv4-21,Simisear,normal,Paradox Rift,21,Uncommon,Yuya Oka,Stage 1,514,Pokémon,2023/11/03,"tcgplayer,cardmarket",https://prices.pokemontcg.io/tcgplayer/sv4-21,https://images.pokemontcg.io/sv4/21_hires.png,2026/08/08,2026/06/22,0.1,0.009999999776482582,0.15000000596046448,2.990000009536743,,0.2,,,,0.0346,0.0231,0.0461,0.15,0.023099999874830246,0.0346,0.0346,0.0923,0.173,0.1615,1.1535,2026-08-09
sv4-22,Volcanion,holofoil,Paradox Rift,22,Rare,Nisota Niso,Basic,721,Pokémon,2023/11/03,"tcgplayer,cardmarket",https://prices.pokemontcg.io/tcgplayer/sv4-22,https://images.pokemontcg.io/sv4/22_hires.png,2026/08/08,2026/06/22,0.14,0.009999999776482582,0.20000000298023224,40.0,,0.15,,,,0.0692,0.0231,0.1154,0.1846,0.06920000165700912,0.0923,0.0807,0.0692,0.3114,0.2076,1.1535,2026-08-09
sv4-23,Fuecoco,normal,Paradox Rift,23,Common,Gemi,Basic,909,Pokémon,2023/11/03,"tcgplayer,cardmarket",https://prices.pokemontcg.io/tcgplayer/sv4-23,https://images.pokemontcg.io/sv4/23_hires.png,2026/08/08,2026/06/22,0.1,0.009999999776482582,0.15000000596046448,20.0,,0.25,,,,0.0346,0.0231,0.0346,0.15,0.05770000070333481,0.0346,0.0346,0.0577,0.1384,0.1384,1.1535,2026-08-09
sv4-24,Crocalor,normal,Paradox Rift,24,Uncommon,Pani Kobayashi,Stage 1,910,Pokémon,2023/11/03,"tcgplayer,cardmarket",https://prices.pokemontcg.io/tcgplayer/sv4-24,https://images.pokemontcg.io/sv4/24_hires.png,2026/08/08,2026/05/11,0.09,0.009999999776482582,0.15000000596046448,1000.0,,0.17,,,,0.0231,0.0231,0.0231,0.2076,0.023099999874830246,0.0231,0.0231,0.1154,0.1961,0.2076,1.1535,2026-08-09
sv4-25,Charcadet,normal,Paradox Rift,25,Common,kantaro,Basic,935,Pokémon,2023/11/03,"tcgplayer,cardmarket",https://prices.pokemontcg.io/tcgplayer/sv4-25,https://images.pokemontcg.io/sv4/25_hires.png,2026/08/08,2026/05/11,0.14,0.009999999776482582,0.17000000178813934,19.979999542236328,,0.2,,,,0.0346,0.0231,0.0231,0.0923,0.03460000082850456,0.0346,0.0346,0.1154,0.0923,0.0923,1.1535,2026-08-09
sv4-26,Charcadet,normal,Paradox Rift,26,Common,Mizue,Basic,935,Pokémon,2023/11/03,"tcgplayer,cardmarket",https://prices.pokemontcg.io/tcgplayer/sv4-26,https://images.pokemontcg.io/sv4/26_hires.png,2026/08/08,2026/03/11,0.15,0.029999999329447746,0.1899999976158142,20.0,,0.18,,,,0.0577,0.0231,0.0346,0.1038,0.04610000178217888,0.0461,0.0461,0.2884,0.1269,0.1038,1.1535,2026-08-09
sv4-27,Armarouge ex,holofoil,Paradox Rift,27,Double Rare,takuyoa,Stage 1|ex,936,Pokémon,2023/11/03,"tcgplayer,cardmarket",https://prices.pokemontcg.io/tcgplayer/sv4-27,https://images.pokemontcg.io/sv4/27_hires.png,2026/08/08,2026/03/11,0.86,0.5,0.9900000095367432,18.639999389648438,,,,,,0.8305,0.1154,0.6229,0.0,1.038100004196167,0.669,0.8074,0.0,0.0,0.0,1.1535,2026-08-09
sv4-28,Iron Moth,holofoil,Paradox Rift,28,Rare,Kouki Saitou,Basic|Future,994,Pokémon,2023/11/03,"tcgplayer,cardmarket",https://prices.pokemontcg.io/tcgplayer/sv4-28,https://images.pokemontcg.io/sv4/28_hires.png,2026/08/08,2026/03/11,0.13,0.009999999776482582,0.20000000298023224,50.0,,0.17,,,,0.0,6.921,0.0,10.3584,0.0,0.0,0.0,10.3584,8.063,8.3167,1.1535,2026-08-09
sv4-29,Chi-Yu,holofoil,Paradox Rift,29,Rare,Oswaldo KATO,Basic,1004,Pokémon,2023/11/03,"tcgplayer,cardmarket",https://prices.pokemontcg.io/tcgplayer/sv4-29,https://images.pokemontcg.io/sv4/29_hires.png,2026/08/08,2026/03/11,0.13,0.03999999910593033,0.20000000298023224,20.0,,0.25,,,,0.1154,0.0231,0.0461,0.3114,0.06920000165700912,0.0692,0.1038,0.6921,0.346,0.3345,1.1535,2026-08-09
sv4-30,Horsea,normal,Paradox Rift,30,Common,HYOGONOSUKE,Basic,116,Pokémon,2023/11/03,"tcgplayer,cardmarket",https://prices.pokemontcg.io/tcgplayer/sv4-30,https://images.pokemontcg.io/sv4/30_hires.png,2026/08/08,2026/03/11,0.14,0.009999999776482582,0.1599999964237213,20.0,,0.2,,,,0.0346,0.0231,0.0461,0.1384,0.05770000070333481,0.0577,0.0461,0.5652,0.173,0.15,1.1535,2026-08-09
sv4-31,Seadra,normal,Paradox Rift,31,Common,otumami,Stage 1,117,Pokémon,2023/11/03,"tcgplayer,cardmarket",https://prices.pokemontcg.io/tcgplayer/sv4-31,https://images.pokemontcg.io/sv4/31_hires.png,2026/08/08,2026/03/11,0.09,0.009999999776482582,0.15000000596046448,19.979999542236328,,0.12,,,,0.0461,0.0231,0.0461,0.1154,0.03460000082850456,0.0461,0.0461,0.0346,0.1038,0.1154,1.1535,2026-08-09
sv4-32,Kingdra,holofoil,Paradox Rift,32,Rare,Tonji Matsuno,Stage 2,230,Pokémon,2023/11/03,"tcgplayer,cardmarket",https://prices.pokemontcg.io/tcgplayer/sv4-32,https://images.pokemontcg.io/sv4/32_hires.png,2026/08/08,2026/03/11,0.19,0.03999999910593033,0.20999999344348907,19.979999542236328,,0.28,,,,0.1038,0.0231,0.0807,0.2192,0.15000000596046448,0.0807,0.0923,0.1615,0.1961,0.1961,1.1535,2026-08-09
sv4-33,Remoraid,normal,Paradox Rift,33,Common,Midori Harada,Basic,223,Pokémon,2023/11/03,"tcgplayer,cardmarket",https://prices.pokemontcg.io/tcgplayer/sv4-33,https://images.pokemontcg.io/sv4/33_hires.png,2026/08/08,2026/03/11,0.03,0.009999999776482582,0.15000000596046448,1000.0,,0.11,,,,0.0461,0.0231,0.0577,0.0923,0.023099999874830246,0.0231,0.0461,0.1154,0.1038,0.0923,1.1535,2026-08-09
sv4-34,Octillery,normal,Paradox Rift,34,Common,Yuka Morii,Stage 1,224,Pokémon,2023/11/03,"tcgplayer,cardmarket",https://prices.pokemontcg.io/tcgplayer/sv4-34,https://images.pokemontcg.io/sv4/34_hires.png,2026/08/08,2026/03/11,0.18,0.009999999776482582,0.20000000298023224,25.0,,0.25,,,,0.0692,0.0231,0.0577,0.1269,0.03460000082850456,0.0461,0.0577,0.0577,0.0807,0.1154,1.1535,2026-08-09
sv4-35,Feebas,normal,Paradox Rift,35,Common,Tetsu Kayama,Basic,349,Pokémon,2023/11/03,"tcgplayer,cardmarket",https://prices.pokemontcg.io/tcgplayer/sv4-35,https://images.pokemontcg.io/sv4/35_hires.png,2026/08/08,2026/03/11,0.08,0.009999999776482582,0.15000000596046448,20.0,,0.15,,,,0.0346,0.0231,0.0346,0.0923,0.04610000178217888,0.0346,0.0346,0.0923,0.1038,0.1038,1.1535,2026-08-09
sv4-36,Milotic,holofoil,Paradox Rift,36,Rare,Atsuya Uki,Stage 1,350,Pokémon,2023/11/03,"tcgplayer,cardmarket",https://prices.pokemontcg.io/tcgplayer/sv4-36,https://images.pokemontcg.io/sv4/36_hires.png,2026/08/08,2026/03/11,0.1,0.009999999776482582,0.20000000298023224,20.0,,0.31,,,,0.1154,0.0231,0.0807,0.1961,0.03460000082850456,0.0923,0.1038,0.0346,0.2538,0.2422,1.1535,2026-08-09
sv4-37,Snorunt,normal,Paradox Rift,37,Common,satoma,Basic,361,Pokémon,2023/11/03,"tcgplayer,cardmarket",https://prices.pokemontcg.io/tcgplayer/sv4-37,https://images.pokemontcg.io/sv4/37_hires.png,2026/08/08,2026/02/22,0.06,0.009999999776482582,0.15000000596046448,20.0,,0.23,,,,0.0461,0.0231,0.0577,0.1615,0.04610000178217888,0.0807,0.0577,0.0231,0.2422,0.173,1.1535,2026-08-09
sv4-38,Garchomp ex,holofoil,Paradox Rift,38,Double Rare,5ban Graphics,Stage 2|Tera|ex,445,Pokémon,2023/11/03,"tcgplayer,cardmarket",https://prices.pokemontcg.io/tcgplayer/sv4-38,https://images.pokemontcg.io/sv4/38_hires.png,2026/08/08,2026/02/22,0.84,0.5,1.0,19.299999237060547,,,,,,1.1996,0.346,1.1996,0.0,1.0266000032424927,1.165,1.2458,0.0,0.0,0.0,1.1535,2026-08-09
sv4-39,Mantyke,normal,Paradox Rift,39,Common,miki kudo,Basic,458,Pokémon,2023/11/03,"tcgplayer,cardmarket",https://prices.pokemontcg.io/tcgplayer/sv4-39,https://images.pokemontcg.io/sv4/39_hires.png,2026/08/08,2026/02/22,0.17,0.009999999776482582,0.18000000715255737,1000.0,,0.27,,,,0.0577,0.0231,0.0577,0.1384,0.023099999874830246,0.0461,0.0577,0.0461,0.0807,0.1154,1.1535,2026-08-09
sv4-40,Palkia,holofoil,Paradox Rift,40,Rare,Ryuta Fuse,Basic,484,Pokémon,2023/11/03,"tcgplayer,cardmarket",https://prices.pokemontcg.io/tcgplayer/sv4-40,https://images.pokemontcg.io/sv4/40_hires.png,2026/08/08,2026/02/22,0.15,0.009999999776482582,0.20000000298023224,40.0,,0.26,,,,0.1038,0.0231,0.0807,0.2653,0.10379999876022339,0.1038,0.0923,0.1384,0.1384,0.2192,1.1535,2026-08-09
sv4-41,Panpour,normal,Paradox Rift,41,Common,Natsumi Yoshida,Basic,515,Pokémon,2023/11/03,"tcgplayer,cardmarket",https://prices.pokemontcg.io/tcgplayer/sv4-41,https://images.pokemontcg.io/sv4/41_hires.png,2026/08/08,2026/02/22,0.08,0.009999999776482582,0.15000000596046448,20.0,,0.18,,,,0.0346,0.0231,0.0461,0.0923,0.023099999874830246,0.0461,0.0346,0.0461,0.0807,0.0923,1.1535,2026-08-09
sv4-42,Simipour,normal,Paradox Rift,42,Uncommon,nagimiso,Stage 1,516,Pokémon,2023/11/03,"tcgplayer,cardmarket",https://prices.pokemontcg.io/tcgplayer/sv4-42,https://images.pokemontcg.io/sv4/42_hires.png,2026/08/08,2026/02/19,0.1,0.009999999776482582,0.15000000596046448,20.0,,0.27,,,,0.0346,0.0231,0.0461,0.1384,0.023099999874830246,0.0577,0.0461,0.2884,0.2192,0.173,1.1535,2026-08-09
sv4-43,Vanillite,normal,Paradox Rift,43,Common,miki kudo,Basic,582,Pokémon,2023/11/03,"tcgplayer,cardmarket",https://prices.pokemontcg.io/tcgplayer/sv4-43,https://images.pokemontcg.io/sv4/43_hires.png,2026/08/08,2026/02/19,0.1,0.009999999776482582,0.15000000596046448,20.0,,0.18,,,,0.0346,0.0231,0.0346,0.0923,0.023099999874830246,0.0231,0.0346,0.0577,0.0923,0.0807,1.1535,2026-08-09
sv4-44,Vanillish,normal,Paradox Rift,44,Common,Lee HyunJung,Stage 1,583,Pokémon,2023/11/03,"tcgplayer,cardmarket",https://prices.pokemontcg.io/tcgplayer/sv4-44,https://images.pokemontcg.io/sv4/44_hires.png,2026/08/08,2026/02/04,0.13,0.009999999776482582,0.15000000596046448,1000.0,,0.15,,,,0.0346,0.0231,0.0461,0.0807,0.023099999874830246,0.0577,0.0461,0.2307,0.1384,0.0923,1.1535,2026-08-09
sv4-45,Vanilluxe,normal,Paradox Rift,45,Uncommon,Nelnal,Stage 2,584,Pokémon,2023/11/03,"tcgplayer,cardmarket",https://prices.pokemontcg.io/tcgplayer/sv4-45,https://images.pokemontcg.io/sv4/45_hires.png,2026/08/08,2026/02/04,0.12,0.009999999776482582,0.15000000596046448,1000.0,,0.24,,,,0.0346,0.0231,0.0461,0.173,0.03460000082850456,0.0461,0.0346,0.2768,0.2076,0.173,1.1535,2026-08-09
sv4-46,Tsareena ex,holofoil,Paradox Rift,46,Double Rare,5ban Graphics,Stage 2|Tera|ex,763,Pokémon,2023/11/03,"tcgplayer,cardmarket",https://prices.pokemontcg.io/tcgplayer/sv4-46,https://images.pokemontcg.io/sv4/46_hires.png,2026/08/08,2026/02/04,0.68,0.30000001192092896,0.8700000047683716,5.0,,,,,,0.8767,0.1154,1.0612,0.0,0.7728000283241272,0.9574,0.9228,0.0,0.0,0.0,1.1535,2026-08-09
sv4-47,Wimpod,normal,Paradox Rift,47,Common,Shigenori Negishi,Basic,767,Pokémon,2023/11/03,"tcgplayer,cardmarket",https://prices.pokemontcg.io/tcgplayer/sv4-47,https://images.pokemontcg.io/sv4/47_hires.png,2026/08/08,2026/02/04,0.1,0.009999999776482582,0.15000000596046448,19.979999542236328,,0.13,,,,0.0346,0.0231,0.0346,0.0923,0.04610000178217888,0.0461,0.0346,0.0923,0.1038,0.1038,1.1535,2026-08-09
sv4-48,Wimpod,normal,Paradox Rift,48,Common,sowsow,Basic,767,Pokémon,2023/11/03,"tcgplayer,cardmarket",https://prices.pokemontcg.io/tcgplayer/sv4-48,https://images.pokemontcg.io/sv4/48_hires.png,2026/08/08,2026/02/01,0.14,0.009999999776482582,0.15000000596046448,1000.0,,0.15,,,,0.0346,0.0231,0.0346,0.1038,0.023099999874830246,0.0346,0.0346,0.15,0.1038,0.1038,1.1535,2026-08-09
sv4-49,Golisopod,holofoil,Paradox Rift,49,Rare,nagimiso,Stage 1,768,Pokémon,2023/11/03,"tcgplayer,cardmarket",https://prices.pokemontcg.io/tcgplayer/sv4-49,https://images.pokemontcg.io/sv4/49_hires.png,2026/08/08,2026/02/01,0.11,0.009999999776482582,0.20000000298023224,2.990000009536743,,0.24,,,,0.1961,0.0231,0.1846,0.0,0.04610000178217888,0.1961,0.1846,0.0,0.0,0.0,1.1535,2026-08-09
sv4-50,Golisopod ex,holofoil,Paradox Rift,50,Double Rare,N-DESIGN Inc.,Stage 1|ex,768,Pokémon,2023/11/03,"tcgplayer,cardmarket",https://prices.pokemontcg.io/tcgplayer/sv4-50,https://images.pokemontcg.io/sv4/50_hires.png,2026/08/08,2026/02/01,0.67,0.3799999952316284,0.9900000095367432,50.0,,,,,,0.7152,0.1038,0.7036,0.0,0.5536999702453613,0.7844,0.7382,0.0,0.0,0.0,1.1535,2026-08-09
sv4-51,Wiglett,normal,Paradox Rift,51,Common,Shibuzoh.,Basic,960,Pokémon,2023/11/03,"tcgplayer,cardmarket",https://prices.pokemontcg.io/tcgplayer/sv4-51,https://images.pokemontcg.io/sv4/51_hires.png,2026/08/08,2026/02/01,0.15,0.009999999776482582,0.1599999964237213,19.979999542236328,,0.18,,,,0.0461,0.0231,0.0461,0.1269,0.023099999874830246,0.0346,0.0461,0.0692,0.1038,0.1269,1.1535,2026-08-09
sv4-52,Wiglett,normal,Paradox Rift,52,Common,Tomokazu Komiya,Basic,960,Pokémon,2023/11/03,"tcgplayer,cardmarket",https://prices.pokemontcg.io/tcgplayer/sv4-52,https://images.pokemontcg.io/sv4/52_hires.png,2026/08/08,2026/02/01,0.13,0.009999999776482582,0.15000000596046448,19.979999542236328,,0.25,,,,0.0461,0.0231,0.0346,0.1154,0.03460000082850456,0.0461,0.0461,0.0692,0.1154,0.1269,1.1535,2026-08-09
sv4-53,Wugtrio,normal,Paradox Rift,53,Uncommon,Kouki Saitou,Stage 1,961,Pokémon,2023/11/03,"tcgplayer,cardmarket",https://prices.pokemontcg.io/tcgplayer/sv4-53,https://images.pokemontcg.io/sv4/53_hires.png,2026/08/08,2026/02/01,0.07,0.009999999776482582,0.15000000596046448,19.979999542236328,,0.18,,,,0.0346,0.0231,0.0346,0.15,0.023099999874830246,0.0346,0.0346,0.1269,0.1269,0.15,1.1535,2026-08-09
sv4-54,Veluza,normal,Paradox Rift,54,Uncommon,Oswaldo KATO,Basic,976,Pokémon,2023/11/03,"tcgplayer,cardmarket",https://prices.pokemontcg.io/tcgplayer/sv4-54,https://images.pokemontcg.io/sv4/54_hires.png,2026/08/08,2026/02/01,0.05,0.009999999776482582,0.15000000596046448,20.0,,0.15,,,,0.0346,0.0231,0.0461,0.1615,0.023099999874830246,0.0461,0.0346,0.1269,0.1846,0.173,1.1535,2026-08-09
sv4-55,Dondozo,normal,Paradox Rift,55,Uncommon,Kouki Saitou,Basic,977,Pokémon,2023/11/03,"tcgplayer,cardmarket",https://prices.pokemontcg.io/tcgplayer/sv4-55,https://images.pokemontcg.io/sv4/55_hires.png,2026/08/08,2026/02/01,0.06,0.009999999776482582,0.15000000596046448,20.0,,0.17,,,,0.0346,0.0231,0.0346,0.1384,0.023099999874830246,0.0346,0.0346,0.1269,0.1269,0.1384,1.1535,2026-08-09
sv4-56,Iron Bundle,normal,Paradox Rift,56,Uncommon,Oswaldo KATO,Basic|Future,991,Pokémon,2023/11/03,"tcgplayer,cardmarket",https://prices.pokemontcg.io/tcgplayer/sv4-56,https://images.pokemontcg.io/sv4/56_hires.png,2026/08/08,2026/02/01,0.2,0.019999999552965164,0.20000000298023224,1000.0,,0.31,,,,0.0692,0.0231,0.0807,0.2192,0.04610000178217888,0.1269,0.0807,0.346,0.2884,0.2192,1.1535,2026-08-09
sv4-57,Chien-Pao,holofoil,Paradox Rift,57,Rare,Anesaki Dynamic,Basic,1002,Pokémon,2023/11/03,"tcgplayer,cardmarket",https://prices.pokemontcg.io/tcgplayer/sv4-57,https://images.pokemontcg.io/sv4/57_hires.png,2026/08/08,2026/02/01,0.15,0.009999999776482582,0.20000000298023224,20.0,,0.19,,,,0.0923,0.0231,0.0807,0.1961,0.023099999874830246,0.0807,0.0923,0.1154,0.2192,0.1961,1.1535,2026-08-09
sv4-58,Mewtwo ex,holofoil,Paradox Rift,58,Double Rare,aky CG Works,Basic|Tera|ex,150,Pokémon,2023/11/03,"tcgplayer,cardmarket",https://prices.pokemontcg.io/tcgplayer/sv4-58,https://images.pokemontcg.io/sv4/58_hires.png,2026/08/08,2026/02/01,2.4,1.25,2.759999990463257,96.94999694824219,,,,,,2.0648,0.5767,2.134,0.0,2.203200101852417,2.2032,2.0878,0.0,0.0,0.0,1.1535,2026-08-09
sv4-59,Elekid,normal,Paradox Rift,59,Common,aoki,Basic,239,Pokémon,2023/11/03,"tcgplayer,cardmarket",https://prices.pokemontcg.io/tcgplayer/sv4-59,https://images.pokemontcg.io/sv4/59_hires.png,2026/08/08,2026/02/01,0.15,0.009999999776482582,0.1599999964237213,1000.0,,0.25,,,,0.0346,0.0231,0.0346,0.1615,0.023099999874830246,0.0461,0.0346,0.173,0.1384,0.15,1.1535,2026-08-09
sv4-60,Plusle,normal,Paradox Rift,60,Common,Sekio,Basic,311,Pokémon,2023/11/03,"tcgplayer,cardmarket",https://prices.pokemontcg.io/tcgplayer/sv4-60,https://images.pokemontcg.io/sv4/60_hires.png,2026/08/08,2026/01/21,0.14,0.009999999776482582,0.1599999964237213,20.0,,0.22,,,,0.0346,0.0231,0.0346,0.1154,0.04610000178217888,0.0346,0.0346,0.0346,0.1038,0.1038,1.1535,2026-08-09
sv4-61,Minun,normal,Paradox Rift,61,Common,Narumi Sato,Basic,312,Pokémon,2023/11/03,"tcgplayer,cardmarket",https://prices.pokemontcg.io/tcgplayer/sv4-61,https://images.pokemontcg.io/sv4/61_hires.png,2026/08/08,2026/01/21,0.18,0.009999999776482582,0.18000000715255737,20.0,,0.27,,,,0.0346,0.0231,0.0346,0.1154,0.03460000082850456,0.0231,0.0346,0.0346,0.1038,0.1154,1.1535,2026-08-09
sv4-62,Blitzle,normal,Paradox Rift,62,Common,Shinji Kanda,Basic,522,Pokémon,2023/11/03,"tcgplayer,cardmarket",https://prices.pokemontcg.io/tcgplayer/sv4-62,https://images.pokemontcg.io/sv4/62_hires.png,2026/08/08,2026/01/21,0.17,0.009999999776482582,0.1899999976158142,1000.0,,0.24,,,,0.0577,0.0231,0.0461,0.1615,0.023099999874830246,0.0346,0.0461,0.2307,0.1384,0.1615,1.1535,2026-08-09
sv4-63,Zebstrika,normal,Paradox Rift,63,Uncommon,GOSSAN,Stage 1,523,Pokémon,2023/11/03,"tcgplayer,cardmarket",https://prices.pokemontcg.io/tcgplayer/sv4-63,https://images.pokemontcg.io/sv4/63_hires.png,2026/08/08,2026/01/19,0.1,0.009999999776482582,0.15000000596046448,1000.0,,0.2,,,,0.0346,0.0231,0.0346,0.173,0.03460000082850456,0.0346,0.0346,0.2884,0.1615,0.173,1.1535,2026-08-09
sv4-64,Joltik,normal,Paradox Rift,64,Common,Kedamahadaitai Yawarakai,Basic,595,Pokémon,2023/11/03,"tcgplayer,cardmarket",https://prices.pokemontcg.io/tcgplayer/sv4-64,https://images.pokemontcg.io/sv4/64_hires.png,2026/08/08,2026/01/19,0.12,0.009999999776482582,0.15000000596046448,20.0,,0.18,,,,0.0807,0.0231,0.0692,0.1846,0.023099999874830246,0.0231,0.0692,0.0231,0.0923,0.173,1.1535,2026-08-09
sv4-65,Galvantula,normal,Paradox Rift,65,Common,Taira Akitsu,Stage 1,596,Pokémon,2023/11/03,"tcgplayer,cardmarket",https://prices.pokemontcg.io/tcgplayer/sv4-65,https://images.pokemontcg.io/sv4/65_hires.png,2026/08/08,2026/01/19,0.1,0.009999999776482582,0.15000000596046448,20.0,,0.15,,,,0.0346,0.0231,0.0346,0.1269,0.04610000178217888,0.0346,0.0346,0.2768,0.0923,0.1154,1.1535,2026-08-09
sv4-66,Zekrom,holofoil,Paradox Rift,66,Rare,Shiburingaru,Basic,644,Pokémon,2023/11/03,"tcgplayer,cardmarket",https://prices.pokemontcg.io/tcgplayer/sv4-66,https://images.pokemontcg.io/sv4/66_hires.png,2026/08/08,2026/01/19,0.19,0.009999999776482582,0.2199999988079071,9.479999542236328,,0.21,,,,0.1154,0.0231,0.0461,0.2307,0.18459999561309814,0.1038,0.1154,0.2307,0.2076,0.1961,1.1535,2026-08-09
sv4-67,Oricorio,normal,Paradox Rift,67,Common,Saya Tsuruta,Basic,741,Pokémon,2023/11/03,"tcgplayer,cardmarket",https://prices.pokemontcg.io/tcgplayer/sv4-67,https://images.pokemontcg.io/sv4/67_hires.png,2026/08/08,2026/01/19,0.09,0.009999999776482582,0.15000000596046448,25.0,,0.23,,,,0.0346,0.0231,0.0346,0.1269,0.04610000178217888,0.0346,0.0346,0.0692,0.0807,0.1154,1.1535,2026-08-09
sv4-68,Tapu Koko ex,holofoil,Paradox Rift,68,Double Rare,hncl,Basic|ex,785,Pokémon,2023/11/03,"tcgplayer,cardmarket",https://prices.pokemontcg.io/tcgplayer/sv4-68,https://images.pokemontcg.io/sv4/68_hires.png,2026/08/08,2026/01/19,0.74,0.4000000059604645,0.9900000095367432,10.0,,,,,,0.7728,0.1154,0.7728,0.0,0.7152000069618225,0.6921,0.7613,0.0,0.0,0.0,1.1535,2026-08-09
sv4-69,Toxel,normal,Paradox Rift,69,Common,Yuka Morii,Basic,848,Pokémon,2023/11/03,"tcgplayer,cardmarket",https://prices.pokemontcg.io/tcgplayer/sv4-69,https://images.pokemontcg.io/sv4/69_hires.png,2026/08/08,2026/01/19,0.16,0.009999999776482582,0.1899999976158142,1000.0,,0.27,,,,0.0346,0.0231,0.0461,0.1384,0.023099999874830246,0.0346,0.0231,0.0692,0.1038,0.1269,1.1535,2026-08-09
sv4-70,Iron Hands ex,holofoil,Paradox Rift,70,Double Rare,PLANETA Mochizuki,Basic|ex|Future,992,Pokémon,2023/11/03,"tcgplayer,cardmarket",https://prices.pokemontcg.io/tcgplayer/sv4-70,https://images.pokemontcg.io/sv4/70_hires.png,2026/08/08,2026/01/19,1.13,0.4000000059604645,1.0700000524520874,96.94999694824219,,,,,,1.1766,0.3345,0.9459,0.0,0.945900022983551,0.8536,1.0381,0.0,0.0,0.0,1.1535,2026-08-09
sv4-71,Natu,normal,Paradox Rift,71,Common,ryoma uratsuka,Basic,177,Pokémon,2023/11/03,"tcgplayer,cardmarket",https://prices.pokemontcg.io/tcgplayer/sv4-71,https://images.pokemontcg.io/sv4/71_hires.png,2026/08/08,2026/01/19,0.12,0.009999999776482582,0.15000000596046448,20.0,,0.22,,,,0.0461,0.0231,0.0346,0.1269,0.03460000082850456,0.0231,0.0346,0.0346,0.0577,0.1154,1.1535,2026-08-09
sv4-72,Xatu,holofoil,Paradox Rift,72,Rare,Tetsu Kayama,Stage 1,178,Pokémon,2023/11/03,"tcgplayer,cardmarket",https://prices.pokemontcg.io/tcgplayer/sv4-72,https://images.pokemontcg.io/sv4/72_hires.png,2026/08/08,2026/01/19,0.24,0.009999999776482582,0.23999999463558197,19.989999771118164,,0.28,,,,0.1038,0.0231,0.1384,0.1615,0.15000000596046448,0.1154,0.1269,0.2307,0.2076,0.173,1.1535,2026-08-09
sv4-73,Latios,holofoil,Paradox Rift,73,Rare,chibi,Basic,381,Pokémon,2023/11/03,"tcgplayer,cardmarket",https://prices.pokemontcg.io/tcgplayer/sv4-73,https://images.pokemontcg.io/sv4/73_hires.png,2026/08/08,2026/01/19,0.23,0.019999999552965164,0.23999999463558197,20.0,,0.26,,,,0.1269,0.0231,0.1384,0.2307,0.11540000140666962,0.1038,0.1269,0.173,0.2422,0.2192,1.1535,2026-08-09
sv4-74,Deoxys,holofoil,Paradox Rift,74,Rare,Saya Tsuruta,Basic,386,Pokémon,2023/11/03,"tcgplayer,cardmarket",https://prices.pokemontcg.io/tcgplayer/sv4-74,https://images.pokemontcg.io/sv4/74_hires.png,2026/08/08,2026/01/19,0.19,0.009999999776482582,0.25,5.190000057220459,,0.25,,,,0.1384,0.0231,0.1269,0.2768,0.08070000261068344,0.0807,0.1384,0.1846,0.2192,0.2653,1.1535,2026-08-09
sv4-75,Yamask,normal,Paradox Rift,75,Common,Misa Tsutsui,Basic,562,Pokémon,2023/11/03,"tcgplayer,cardmarket",https://prices.pokemontcg.io/tcgplayer/sv4-75,https://images.pokemontcg.io/sv4/75_hires.png,2026/08/08,2026/01/19,0.06,0.009999999776482582,0.15000000596046448,20.0,,0.15,,,,0.0231,0.0231,0.0231,0.1154,0.05770000070333481,0.0231,0.0231,0.0461,0.0923,0.1038,1.1535,2026-08-09
sv4-76,Cofagrigus ex,holofoil,Paradox Rift,76,Double Rare,kawayoo,Stage 1|ex,563,Pokémon,2023/11/03,"tcgplayer,cardmarket",https://prices.pokemontcg.io/tcgplayer/sv4-76,https://images.pokemontcg.io/sv4/76_hires.png,2026/08/08,2026/01/19,0.66,0.029999999329447746,0.8799999952316284,30.0,,,,,,0.7613,0.173,0.8421,0.0,0.6920999884605408,0.7152,0.7844,0.0,0.0,0.0,1.1535,2026-08-09
sv4-77,Pumpkaboo,normal,Paradox Rift,77,Common,saino misaki,Basic,710,Pokémon,2023/11/03,"tcgplayer,cardmarket",https://prices.pokemontcg.io/tcgplayer/sv4-77,https://images.pokemontcg.io/sv4/77_hires.png,2026/08/08,2026/01/19,0.14,0.009999999776482582,0.15000000596046448,20.0,,0.23,,,,0.0461,0.0231,0.0346,0.0807,0.03460000082850456,0.0231,0.0346,0.0692,0.0807,0.0807,1.1535,2026-08-09
sv4-78,Gourgeist,normal,Paradox Rift,78,Uncommon,nisimono,Stage 1,711,Pokémon,2023/11/03,"tcgplayer,cardmarket",https://prices.pokemontcg.io/tcgplayer/sv4-78,https://images.pokemontcg.io/sv4/78_hires.png,2026/08/08,2026/01/16,0.08,0.009999999776482582,0.15000000596046448,20.0,,0.18,,,,0.0346,0.0231,0.0346,0.1846,0.023099999874830246,0.0231,0.0346,0.173,0.1384,0.173,1.1535,2026-08-09
sv4-79,Flittle,normal,Paradox Rift,79,Common,Mizue,Basic,955,Pokémon,2023/11/03,"tcgplayer,cardmarket",https://prices.pokemontcg.io/tcgplayer/sv4-79,https://images.pokemontcg.io/sv4/79_hires.png,2026/08/08,2026/01/16,0.05,0.009999999776482582,0.15000000596046448,20.0,,0.18,,,,0.0346,0.0231,0.0346,0.0923,0.023099999874830246,0.0346,0.0346,0.0577,0.0577,0.0923,1.1535,2026-08-09
sv4-80,Flittle,normal,Paradox Rift,80,Common,kodama,Basic,955,Pokémon,2023/11/03,"tcgplayer,cardmarket",https://prices.pokemontcg.io/tcgplayer/sv4-80,https://images.pokemontcg.io/sv4/80_hires.png,2026/08/08,2026/01/16,0.11,0.009999999776482582,0.15000000596046448,20.0,,0.16,,,,0.0346,0.0231,0.0346,0.1038,0.023099999874830246,0.0346,0.0346,0.1154,0.0923,0.1038,1.1535,2026-08-09
sv4-81,Espathra,holofoil,Paradox Rift,81,Rare,Teeziro,Stage 1,956,Pokémon,2023/11/03,"tcgplayer,cardmarket",https://prices.pokemontcg.io/tcgplayer/sv4-81,https://images.pokemontcg.io/sv4/81_hires.png,2026/08/08,2026/01/16,0.15,0.009999999776482582,0.20000000298023224,20.0,,0.21,,,,0.0692,0.0231,0.0577,0.1961,0.03460000082850456,0.0577,0.0692,0.0461,0.1846,0.1961,1.1535,2026-08-09
sv4-82,Tinkatink,normal,Paradox Rift,82,Common,Teeziro,Basic,957,Pokémon,2023/11/03,"tcgplayer,cardmarket",https://prices.pokemontcg.io/tcgplayer/sv4-82,https://images.pokemontcg.io/sv4/82_hires.png,2026/08/08,2026/01/16,0.11,0.009999999776482582,0.1599999964237213,20.0,,0.18,,,,0.0346,0.0231,0.0346,0.1154,0.023099999874830246,0.0346,0.0346,0.0692,0.0577,0.1154,1.1535,2026-08-09
sv4-83,Tinkatink,normal,Paradox Rift,83,Common,Oswaldo KATO,Basic,957,Pokémon,2023/11/03,"tcgplayer,cardmarket",https://prices.pokemontcg.io/tcgplayer/sv4-83,https://images.pokemontcg.io/sv4/83_hires.png,2026/08/08,2026/01/16,0.13,0.009999999776482582,0.1599999964237213,20.0,,0.18,,,,0.0461,0.0231,0.0346,0.1154,0.03460000082850456,0.0346,0.0461,0.0231,0.0577,0.0923,1.1535,2026-08-09
sv4-84,Tinkatuff,normal,Paradox Rift,84,Common,Souichirou Gunjima,Stage 1,958,Pokémon,2023/11/03,"tcgplayer,cardmarket",https://prices.pokemontcg.io/tcgplayer/sv4-84,https://images.pokemontcg.io/sv4/84_hires.png,2026/08/08,2026/01/16,0.13,0.009999999776482582,0.1599999964237213,1000.0,,0.22,,,,0.0346,0.0231,0.0231,0.1038,0.023099999874830246,0.0346,0.0346,0.0577,0.0692,0.1038,1.1535,2026-08-09
sv4-85,Tinkaton,normal,Paradox Rift,85,Uncommon,KEIICHIRO ITO,Stage 2,959,Pokémon,2023/11/03,"tcgplayer,cardmarket",https://prices.pokemontcg.io/tcgplayer/sv4-85,https://images.pokemontcg.io/sv4/85_hires.png,2026/08/08,2026/01/16,0.16,0.009999999776482582,0.18000000715255737,20.0,,0.27,,,,0.0461,0.0231,0.0461,0.1846,0.023099999874830246,0.0346,0.0461,0.1961,0.1961,0.1846,1.1535,2026-08-09
sv4-86,Scream Tail,normal,Paradox Rift,86,Uncommon,Ryota Murayama,Basic|Ancient,985,Pokémon,2023/11/03,"tcgplayer,cardmarket",https://prices.pokemontcg.io/tcgplayer/sv4-86,https://images.pokemontcg.io/sv4/86_hires.png,2026/08/08,2026/01/16,0.1,0.009999999776482582,0.15000000596046448,20.0,,0.29,,,,0.0577,0.0231,0.0577,0.2884,0.03460000082850456,0.0461,0.0461,0.0923,0.2538,0.2768,1.1535,2026-08-09
sv4-87,Gimmighoul,normal,Paradox Rift,87,Common,Mizue,Basic,999,Pokémon,2023/11/03,"tcgplayer,cardmarket",https://prices.pokemontcg.io/tcgplayer/sv4-87,https://images.pokemontcg.io/sv4/87_hires.png,2026/08/08,2026/01/16,0.2,0.03999999910593033,0.20999999344348907,20.0,,0.15,,,,0.0692,0.0231,0.0231,0.15,0.03460000082850456,0.0346,0.0577,0.0692,0.1269,0.1384,1.1535,2026-08-09
sv4-88,Gimmighoul,normal,Paradox Rift,88,Common,Kouki Saitou,Basic,999,Pokémon,2023/11/03,"tcgplayer,cardmarket",https://prices.pokemontcg.io/tcgplayer/sv4-88,https://images.pokemontcg.io/sv4/88_hires.png,2026/08/08,2026/01/16,0.09,0.009999999776482582,0.15000000596046448,19.979999542236328,,0.18,,,,0.0807,0.0231,0.0577,0.0923,0.023099999874830246,0.0577,0.0692,0.0577,0.1154,0.1038,1.1535,2026-08-09
sv4-89,Iron Valiant ex,holofoil,Paradox Rift,89,Double Rare,aky CG Works,Basic|ex|Future,1006,Pokémon,2023/11/03,"tcgplayer,cardmarket",https://prices.pokemontcg.io/tcgplayer/sv4-89,https://images.pokemontcg.io/sv4/89_hires.png,2026/08/08,2026/01/16,0.67,0.38999998569488525,0.8999999761581421,12.0,,,,,,0.9343,0.0692,0.8305,0.0,0.8190000057220459,0.7498,0.8536,0.0,0.0,0.0,1.1535,2026-08-09
sv4-90,Onix,normal,Paradox Rift,90,Common,Shiburingaru,Basic,95,Pokémon,2023/11/03,"tcgplayer,cardmarket",https://prices.pokemontcg.io/tcgplayer/sv4-90,https://images.pokemontcg.io/sv4/90_hires.png,2026/08/08,2026/01/16,0.08,0.009999999776482582,0.15000000596046448,1000.0,,0.12,,,,0.0346,0.0231,0.0346,0.1038,0.03460000082850456,0.0346,0.0346,0.0231,0.0692,0.0923,1.1535,2026-08-09
sv4-91,Gligar,normal,Paradox Rift,91,Common,HYOGONOSUKE,Basic,207,Pokémon,2023/11/03,"tcgplayer,cardmarket",https://prices.pokemontcg.io/tcgplayer/sv4-91,https://images.pokemontcg.io/sv4/91_hires.png,2026/08/08,2026/01/16,0.09,0.009999999776482582,0.15000000596046448,20.0,,0.16,,,,0.0577,0.0231,0.0346,0.1038,0.023099999874830246,0.0231,0.0577,0.0692,0.0577,0.1038,1.1535,2026-08-09
sv4-92,Gliscor,normal,Paradox Rift,92,Uncommon,GOSSAN,Stage 1,472,Pokémon,2023/11/03,"tcgplayer,cardmarket",https://prices.pokemontcg.io/tcgplayer/sv4-92,https://images.pokemontcg.io/sv4/92_hires.png,2026/08/08,2026/01/16,0.07,0.009999999776482582,0.15000000596046448,20.0,,0.15,,,,0.0346,0.0231,0.0346,0.1615,0.023099999874830246,0.0231,0.0346,0.173,0.1384,0.15,1.1535,2026-08-09
sv4-93,Groudon,holofoil,Paradox Rift,93,Rare,Uta,Basic,383,Pokémon,2023/11/03,"tcgplayer,cardmarket",https://prices.pokemontcg.io/tcgplayer/sv4-93,https://images.pokemontcg.io/sv4/93_hires.png,2026/08/08,2026/01/16,0.05,0.009999999776482582,0.20000000298023224,2.990000009536743,,0.28,,,,0.1154,0.0231,0.0807,0.2192,0.06920000165700912,0.0923,0.1038,0.323,0.323,0.2422,1.1535,2026-08-09
sv4-94,Gible,normal,Paradox Rift,94,Common,saino misaki,Basic,443,Pokémon,2023/11/03,"tcgplayer,cardmarket",https://prices.pokemontcg.io/tcgplayer/sv4-94,https://images.pokemontcg.io/sv4/94_hires.png,2026/08/08,2026/01/16,0.08,0.009999999776482582,0.15000000596046448,20.0,,0.19,,,,0.0461,0.0231,0.0346,0.0923,0.023099999874830246,0.0346,0.0461,0.0692,0.173,0.1038,1.1535,2026-08-09
sv4-95,Gabite,normal,Paradox Rift,95,Common,Nisota Niso,Stage 1,444,Pokémon,2023/11/03,"tcgplayer,cardmarket",https://prices.pokemontcg.io/tcgplayer/sv4-95,https://images.pokemontcg.io/sv4/95_hires.png,2026/08/08,2026/01/16,0.15,0.029999999329447746,0.17000000178813934,1000.0,,0.21,,,,0.0577,0.0231,0.0346,0.1154,0.04610000178217888,0.0346,0.0461,0.0577,0.1615,0.1269,1.1535,2026-08-09
sv4-96,Mienfoo,normal,Paradox Rift,96,Common,Natsumi Yoshida,Basic,619,Pokémon,2023/11/03,"tcgplayer,cardmarket",https://prices.pokemontcg.io/tcgplayer/sv4-96,https://images.pokemontcg.io/sv4/96_hires.png,2026/08/08,2026/01/16,0.05,0.009999999776482582,0.15000000596046448,20.0,,0.12,,,,0.0346,0.0231,0.0346,0.0807,0.023099999874830246,0.0346,0.0346,0.0461,0.0577,0.0807,1.1535,2026-08-09
sv4-97,Mienshao,normal,Paradox Rift,97,Uncommon,Mousho,Stage 1,620,Pokémon,2023/11/03,"tcgplayer,cardmarket",https://prices.pokemontcg.io/tcgplayer/sv4-97,https://images.pokemontcg.io/sv4/97_hires.png,2026/08/08,2026/01/16,0.09,0.009999999776482582,0.15000000596046448,20.0,,0.14,,,,0.0346,0.0231,0.0346,0.1384,0.023099999874830246,0.0231,0.0346,0.2076,0.1269,0.1384,1.1535,2026-08-09
sv4-98,Hoopa ex,holofoil,Paradox Rift,98,Double Rare,5ban Graphics,Basic|Tera|ex,720,Pokémon,2023/11/03,"tcgplayer,cardmarket",https://prices.pokemontcg.io/tcgplayer/sv4-98,https://images.pokemontcg.io/sv4/98_hires.png,2026/08/08,2026/01/16,0.65,0.36000001430511475,0.9300000071525574,50.0,,,,,,1.1304,0.2192,1.0266,0.0,1.153499960899353,0.992,1.1189,0.0,0.0,0.0,1.1535,2026-08-09
sv4-99,Minior,normal,Paradox Rift,99,Uncommon,OKUBO,Basic,774,Pokémon,2023/11/03,"tcgplayer,cardmarket",https://prices.pokemontcg.io/tcgplayer/sv4-99,https://images.pokemontcg.io/sv4/99_hires.png,2026/08/08,2025/12/28,0.12,0.009999999776482582,0.15000000596046448,1000.0,,0.25,,,,0.0346,0.0231,0.0231,0.173,0.03460000082850456,0.0346,0.0346,0.2884,0.1846,0.173,1.1535,2026-08-09
sv4-100,Toxtricity ex,holofoil,Paradox Rift,100,Double Rare,5ban Graphics,Stage 1|Tera|ex,849,Pokémon,2023/11/03,"tcgplayer,cardmarket",https://prices.pokemontcg.io/tcgplayer/sv4-100,https://images.pokemontcg.io/sv4/100_hires.png,2026/08/08,2025/12/28,0.8,0.5,0.9900000095367432,18.639999389648438,,,,,,0.8651,0.2307,0.8651,0.0,0.7152000069618225,0.9459,0.8651,0.0,0.0,0.0,1.1535,2026-08-09
sv4-101,Nacli,normal,Paradox Rift,101,Common,Mizue,Basic,932,Pokémon,2023/11/03,"tcgplayer,cardmarket",https://prices.pokemontcg.io/tcgplayer/sv4-101,https://images.pokemontcg.io/sv4/101_hires.png,2026/08/08,2025/12/28,0.1,0.009999999776482582,0.15000000596046448,20.0,,0.11,,,,0.0346,0.0231,0.0346,0.1154,0.06920000165700912,0.0346,0.0346,0.0923,0.1038,0.1038,1.1535,2026-08-09
sv4-102,Nacli,normal,Paradox Rift,102,Common,Pani Kobayashi,Basic,932,Pokémon,2023/11/03,"tcgplayer,cardmarket",https://prices.pokemontcg.io/tcgplayer/sv4-102,https://images.pokemontcg.io/sv4/102_hires.png,2026/08/08,2025/12/21,0.02,0.009999999776482582,0.15000000596046448,19.979999542236328,,0.11,,,,0.0461,0.0231,0.0461,0.0923,0.023099999874830246,0.0461,0.0461,0.0231,0.1038,0.0923,1.1535,2026-08-09
sv4-103,Naclstack,normal,Paradox Rift,103,Common,KEIICHIRO ITO,Stage 1,933,Pokémon,2023/11/03,"tcgplayer,cardmarket",https://prices.pokemontcg.io/tcgplayer/sv4-103,https://images.pokemontcg.io/sv4/103_hires.png,2026/08/08,2025/12/07,0.05,0.009999999776482582,0.15000000596046448,20.0,,0.12,,,,0.0461,0.0231,0.0346,0.1038,0.03460000082850456,0.0346,0.0461,0.0231,0.0807,0.1038,1.1535,2026-08-09
sv4-104,Garganacl,holofoil,Paradox Rift,104,Rare,Souichirou Gunjima,Stage 2,934,Pokémon,2023/11/03,"tcgplayer,cardmarket",https://prices.pokemontcg.io/tcgplayer/sv4-104,https://images.pokemontcg.io/sv4/104_hires.png,2026/08/08,2025/12/07,0.14,0.009999999776482582,0.20000000298023224,20.0,,0.17,,,,0.0577,0.0231,0.1269,0.173,0.03460000082850456,0.0923,0.0692,0.5652,0.2307,0.1846,1.1535,2026-08-09
sv4-105,Klawf,normal,Paradox Rift,105,Uncommon,Yuya Oka,Basic,950,Pokémon,2023/11/03,"tcgplayer,cardmarket",https://prices.pokemontcg.io/tcgplayer/sv4-105,https://images.pokemontcg.io/sv4/105_hires.png,2026/08/08,2025/12/07,0.14,0.009999999776482582,0.1599999964237213,20.0,,0.25,,,,0.0461,0.0231,0.0346,0.1961,0.023099999874830246,0.0231,0.0461,0.2653,0.2307,0.1961,1.1535,2026-08-09
sv4-106,Flamigo,normal,Paradox Rift,106,Common,Anesaki Dynamic,Basic,973,Pokémon,2023/11/03,"tcgplayer,cardmarket",https://prices.pokemontcg.io/tcgplayer/sv4-106,https://images.pokemontcg.io/sv4/106_hires.png,2026/08/08,2025/12/07,0.09,0.009999999776482582,0.15000000596046448,20.0,,0.13,,,,0.0346,0.0231,0.0231,0.0923,0.023099999874830246,0.0231,0.0346,0.0231,0.1154,0.1038,1.1535,2026-08-09
sv4-107,Slither Wing,normal,Paradox Rift,107,Uncommon,Anesaki Dynamic,Basic|Ancient,988,Pokémon,2023/11/03,"tcgplayer,cardmarket",https://prices.pokemontcg.io/tcgplayer/sv4-107,https://images.pokemontcg.io/sv4/107_hires.png,2026/08/08,2025/12/07,0.08,0.009999999776482582,0.15000000596046448,1000.0,,0.3,,,,0.0346,0.0231,0.0346,0.2422,0.03460000082850456,0.0231,0.0346,0.4614,0.2307,0.2538,1.1535,2026-08-09
sv4-108,Sandy Shocks ex,holofoil,Paradox Rift,108,Double Rare,PLANETA Mochizuki,Basic|ex|Ancient,989,Pokémon,2023/11/03,"tcgplayer,cardmarket",https://prices.pokemontcg.io/tcgplayer/sv4-108,https://images.pokemontcg.io/sv4/108_hires.png,2026/08/08,2025/12/07,0.57,0.25,0.9900000095367432,69.0,,,,,,0.7267,0.0577,0.646,0.0,0.5536999702453613,0.646,0.669,0.0,0.0,0.0,1.1535,2026-08-09
sv4-109,Ting-Lu,holofoil,Paradox Rift,109,Rare,AKIRA EGAWA,Basic,1003,Pokémon,2023/11/03,"tcgplayer,cardmarket",https://prices.pokemontcg.io/tcgplayer/sv4-109,https://images.pokemontcg.io/sv4/109_hires.png,2026/08/08,2025/12/07,0.2,0.009999999776482582,0.20999999344348907,40.0,,0.23,,,,0.0923,0.0231,0.0692,0.2422,0.03460000082850456,0.0923,0.0923,0.0231,0.1961,0.2422,1.1535,2026-08-09
sv4-110,Zubat,normal,Paradox Rift,110,Common,Sumiyoshi Kizuki,Basic,41,Pokémon,2023/11/03,"tcgplayer,cardmarket",https://prices.pokemontcg.io/tcgplayer/sv4-110,https://images.pokemontcg.io/sv4/110_hires.png,2026/08/08,2025/11/25,0.05,0.009999999776482582,0.15000000596046448,20.0,,0.11,,,,0.0461,0.0231,0.0346,0.0923,0.023099999874830246,0.0231,0.0461,0.173,0.0692,0.0923,1.1535,2026-08-09
sv4-111,Golbat,normal,Paradox Rift,111,Common,Eri Yamaki,Stage 1,42,Pokémon,2023/11/03,"tcgplayer,cardmarket",https://prices.pokemontcg.io/tcgplayer/sv4-111,https://images.pokemontcg.io/sv4/111_hires.png,2026/08/08,2025/11/25,0.04,0.009999999776482582,0.15000000596046448,20.0,,0.26,,,,0.0461,0.0231,0.0346,0.1038,0.023099999874830246,0.0231,0.0461,0.0577,0.0923,0.1038,1.1535,2026-08-09
sv4-112,Crobat,normal,Paradox Rift,112,Uncommon,Uta,Stage 2,169,Pokémon,2023/11/03,"tcgplayer,cardmarket",https://prices.pokemontcg.io/tcgplayer/sv4-112,https://images.pokemontcg.io/sv4/112_hires.png,2026/08/08,2025/11/21,0.12,0.009999999776482582,0.15000000596046448,20.0,,0.25,,,,0.0461,0.0231,0.0577,0.1846,0.04610000178217888,0.0461,0.0461,0.1154,0.3114,0.2076,1.1535,2026-08-09
sv4-113,Absol,normal,Paradox Rift,113,Uncommon,Shinji Kanda,Basic,359,Pokémon,2023/11/03,"tcgplayer,cardmarket",https://prices.pokemontcg.io/tcgplayer/sv4-113,https://images.pokemontcg.io/sv4/113_hires.png,2026/08/08,2025/11/21,0.22,0.009999999776482582,0.2199999988079071,20.0,,0.46,,,,0.0577,0.0231,0.0807,0.2307,0.06920000165700912,0.0461,0.0577,0.0231,0.2307,0.2192,1.1535,2026-08-09
sv4-114,Purrloin,normal,Paradox Rift,114,Common,0313,Basic,509,Pokémon,2023/11/03,"tcgplayer,cardmarket",https://prices.pokemontcg.io/tcgplayer/sv4-114,https://images.pokemontcg.io/sv4/114_hires.png,2026/08/08,2025/11/21,0.11,0.009999999776482582,0.15000000596046448,20.0,,0.21,,,,0.0346,0.0231,0.0461,0.0807,0.04610000178217888,0.0461,0.0346,0.0923,0.0807,0.0807,1.1535,2026-08-09
sv4-115,Liepard,normal,Paradox Rift,115,Common,Yoshioka,Stage 1,510,Pokémon,2023/11/03,"tcgplayer,cardmarket",https://prices.pokemontcg.io/tcgplayer/sv4-115,https://images.pokemontcg.io/sv4/115_hires.png,2026/08/08,2025/11/21,0.1,0.009999999776482582,0.15000000596046448,19.979999542236328,,0.18,,,,0.0461,0.0231,0.0461,0.1038,0.04610000178217888,0.0577,0.0461,0.1961,0.15,0.1154,1.1535,2026-08-09
sv4-116,Trubbish,normal,Paradox Rift,116,Common,Miki Tanaka,Basic,568,Pokémon,2023/11/03,"tcgplayer,cardmarket",https://prices.pokemontcg.io/tcgplayer/sv4-116,https://images.pokemontcg.io/sv4/116_hires.png,2026/08/08,2025/11/21,0.1,0.009999999776482582,0.15000000596046448,20.0,,0.2,,,,0.0346,0.0231,0.0346,0.0923,0.04610000178217888,0.0346,0.0346,0.0577,0.0807,0.0807,1.1535,2026-08-09
sv4-117,Garbodor,normal,Paradox Rift,117,Uncommon,Aya Kusube,Stage 1,569,Pokémon,2023/11/03,"tcgplayer,cardmarket",https://prices.pokemontcg.io/tcgplayer/sv4-117,https://images.pokemontcg.io/sv4/117_hires.png,2026/08/08,2025/11/21,0.11,0.009999999776482582,0.15000000596046448,20.0,,0.28,,,,0.0461,0.0231,0.0692,0.1615,0.04610000178217888,0.0461,0.0461,0.2884,0.1269,0.173,1.1535,2026-08-09
sv4-118,Yveltal,holofoil,Paradox Rift,118,Rare,kawayoo,Basic,717,Pokémon,2023/11/03,"tcgplayer,cardmarket",https://prices.pokemontcg.io/tcgplayer/sv4-118,https://images.pokemontcg.io/sv4/118_hires.png,2026/08/08,2025/11/21,0.14,0.009999999776482582,0.20000000298023224,2.990000009536743,,0.25,,,,0.1038,0.0231,0.0923,0.2307,0.08070000261068344,0.0923,0.1038,0.1038,0.1384,0.2076,1.1535,2026-08-09
sv4-119,Nickit,normal,Paradox Rift,119,Common,Yuu Nishida,Basic,827,Pokémon,2023/11/03,"tcgplayer,cardmarket",https://prices.pokemontcg.io/tcgplayer/sv4-119,https://images.pokemontcg.io/sv4/119_hires.png,2026/08/08,2025/11/21,0.07,0.009999999776482582,0.15000000596046448,20.0,,0.17,,,,0.0346,0.0231,0.0346,0.0807,0.06920000165700912,0.0461,0.0346,0.0692,0.1154,0.0923,1.1535,2026-08-09
sv4-120,Thievul,holofoil,Paradox Rift,120,Rare,SIE NANAHARA,Stage 1,828,Pokémon,2023/11/03,"tcgplayer,cardmarket",https://prices.pokemontcg.io/tcgplayer/sv4-120,https://images.pokemontcg.io/sv4/120_hires.png,2026/08/08,2025/11/21,0.12,0.009999999776482582,0.20000000298023224,40.0,,0.19,,,,0.0923,0.0231,0.1154,0.1961,0.11540000140666962,0.1038,0.1038,0.0923,0.1961,0.1846,1.1535,2026-08-09
sv4-121,Morpeko,holofoil,Paradox Rift,121,Rare,Cona Nitanda,Basic,877,Pokémon,2023/11/03,"tcgplayer,cardmarket",https://prices.pokemontcg.io/tcgplayer/sv4-121,https://images.pokemontcg.io/sv4/121_hires.png,2026/08/08,2025/11/21,0.26,0.009999999776482582,0.25,35.0,,0.3,,,,0.0807,0.0231,0.0923,0.2307,0.08070000261068344,0.1038,0.0807,0.1384,0.2307,0.2422,1.1535,2026-08-09
sv4-122,Lokix,holofoil,Paradox Rift,122,Rare,Souichirou Gunjima,Stage 1,920,Pokémon,2023/11/03,"tcgplayer,cardmarket",https://prices.pokemontcg.io/tcgplayer/sv4-122,https://images.pokemontcg.io/sv4/122_hires.png,2026/08/08,2025/11/21,0.08,0.009999999776482582,0.20000000298023224,20.0,,0.18,,,,0.0807,0.0231,0.1269,0.2307,0.09229999780654907,0.1038,0.0807,0.0923,0.2076,0.2076,1.1535,2026-08-09
sv4-123,Brute Bonnet,holofoil,Paradox Rift,123,Rare,Anesaki Dynamic,Basic|Ancient,986,Pokémon,2023/11/03,"tcgplayer,cardmarket",https://prices.pokemontcg.io/tcgplayer/sv4-123,https://images.pokemontcg.io/sv4/123_hires.png,2026/08/08,2025/11/21,0.18,0.03999999910593033,0.25,50.0,,0.32,,,,0.2192,0.0231,0.1961,0.2884,0.06920000165700912,0.2192,0.1961,0.323,0.3345,0.2653,1.1535,2026-08-09
sv4-124,Roaring Moon ex,holofoil,Paradox Rift,124,Double Rare,takuyoa,Basic|ex|Ancient,1005,Pokémon,2023/11/03,"tcgplayer,cardmarket",https://prices.pokemontcg.io/tcgplayer/sv4-124,https://images.pokemontcg.io/sv4/124_hires.png,2026/08/08,2025/11/21,0.73,0.49000000953674316,1.0,40.0,,,,,,1.4073,0.4037,1.2112,0.0,1.0958000421524048,1.2919,1.3381,0.0,0.0,0.0,1.1535,2026-08-09
sv4-125,Steelix,holofoil,Paradox Rift,125,Rare,Po-Suzuki,Stage 1,208,Pokémon,2023/11/03,"tcgplayer,cardmarket",https://prices.pokemontcg.io/tcgplayer/sv4-125,https://images.pokemontcg.io/sv4/125_hires.png,2026/08/08,2025/11/21,0.18,0.019999999552965164,0.20999999344348907,65.0,,0.25,,,,0.1038,0.0231,0.1154,0.2884,0.10379999876022339,0.1038,0.1154,0.2422,0.2999,0.2999,1.1535,2026-08-09
sv4-126,Jirachi,normal,Paradox Rift,126,Common,Naoyo Kimura,Basic,385,Pokémon,2023/11/03,"tcgplayer,cardmarket",https://prices.pokemontcg.io/tcgplayer/sv4-126,https://images.pokemontcg.io/sv4/126_hires.png,2026/08/08,2025/11/21,0.24,0.05000000074505806,0.23000000417232513,19.579999923706055,,0.32,,,,0.0692,0.0231,0.0346,0.1615,0.08070000261068344,0.0577,0.0577,0.2884,0.1384,0.1615,1.1535,2026-08-09
sv4-127,Ferroseed,normal,Paradox Rift,127,Common,Miki Tanaka,Basic,597,Pokémon,2023/11/03,"tcgplayer,cardmarket",https://prices.pokemontcg.io/tcgplayer/sv4-127,https://images.pokemontcg.io/sv4/127_hires.png,2026/08/08,2025/11/21,0.03,0.009999999776482582,0.15000000596046448,19.979999542236328,,0.12,,,,0.0346,0.0231,0.0461,0.0577,0.11540000140666962,0.0346,0.0346,0.0692,0.0923,0.0692,1.1535,2026-08-09
sv4-128,Ferrothorn,normal,Paradox Rift,128,Uncommon,SATOSHI NAKAI,Stage 1,598,Pokémon,2023/11/03,"tcgplayer,cardmarket",https://prices.pokemontcg.io/tcgplayer/sv4-128,https://images.pokemontcg.io/sv4/128_hires.png,2026/08/08,2025/11/21,0.07,0.009999999776482582,0.15000000596046448,20.0,,0.17,,,,0.0346,0.0231,0.0577,0.1384,0.11540000140666962,0.0461,0.0461,0.0807,0.1615,0.15,1.1535,2026-08-09
sv4-129,Durant,normal,Paradox Rift,129,Uncommon,Kyoko Umemoto,Basic,632,Pokémon,2023/11/03,"tcgplayer,cardmarket",https://prices.pokemontcg.io/tcgplayer/sv4-129,https://images.pokemontcg.io/sv4/129_hires.png,2026/08/08,2025/11/21,0.05,0.009999999776482582,0.15000000596046448,20.0,,0.17,,,,0.0346,0.0231,0.0461,0.1961,0.11540000140666962,0.0346,0.0346,0.3114,0.173,0.1961,1.1535,2026-08-09
sv4-130,Honedge,normal,Paradox Rift,130,Common,aoki,Basic,679,Pokémon,2023/11/03,"tcgplayer,cardmarket",https://prices.pokemontcg.io/tcgplayer/sv4-130,https://images.pokemontcg.io/sv4/130_hires.png,2026/08/08,2025/11/21,0.12,0.009999999776482582,0.15000000596046448,20.0,,0.17,,,,0.0461,0.0231,0.0577,0.0923,0.11540000140666962,0.0461,0.0461,0.1154,0.0807,0.0923,1.1535,2026-08-09
sv4-131,Honedge,normal,Paradox Rift,131,Common,Nagomi Nijo,Basic,679,Pokémon,2023/11/03,"tcgplayer,cardmarket",https://prices.pokemontcg.io/tcgplayer/sv4-131,https://images.pokemontcg.io/sv4/131_hires.png,2026/08/08,2025/11/21,0.14,0.009999999776482582,0.15000000596046448,20.0,,0.17,,,,0.0346,0.0231,0.0461,0.0807,0.11540000140666962,0.0461,0.0461,0.0346,0.0692,0.0807,1.1535,2026-08-09
sv4-132,Doublade,normal,Paradox Rift,132,Common,Bun Toujo,Stage 1,680,Pokémon,2023/11/03,"tcgplayer,cardmarket",https://prices.pokemontcg.io/tcgplayer/sv4-132,https://images.pokemontcg.io/sv4/132_hires.png,2026/08/08,2025/11/21,0.03,0.009999999776482582,0.15000000596046448,1000.0,,0.18,,,,0.0461,0.0231,0.0577,0.1154,0.03460000082850456,0.0461,0.0461,0.0807,0.0923,0.1038,1.1535,2026-08-09
sv4-133,Doublade,normal,Paradox Rift,133,Common,Shigenori Negishi,Stage 1,680,Pokémon,2023/11/03,"tcgplayer,cardmarket",https://prices.pokemontcg.io/tcgplayer/sv4-133,https://images.pokemontcg.io/sv4/133_hires.png,2026/08/08,2025/11/21,0.12,0.009999999776482582,0.15000000596046448,20.0,,0.19,,,,0.0346,0.0231,0.0461,0.1038,0.11540000140666962,0.0461,0.0461,0.0577,0.0923,0.0923,1.1535,2026-08-09
sv4-134,Aegislash,holofoil,Paradox Rift,134,Rare,Jiro Sasumo,Stage 2,681,Pokémon,2023/11/03,"tcgplayer,cardmarket",https://prices.pokemontcg.io/tcgplayer/sv4-134,https://images.pokemontcg.io/sv4/134_hires.png,2026/08/08,2025/11/21,0.18,0.009999999776482582,0.20000000298023224,18.899999618530273,,0.21,,,,0.3576,0.0231,0.3345,0.0,0.17299999296665192,0.3576,0.2653,0.0,0.0,0.0,1.1535,2026-08-09
sv4-135,Aegislash ex,holofoil,Paradox Rift,135,Double Rare,toriyufu,Stage 2|ex,681,Pokémon,2023/11/03,"tcgplayer,cardmarket",https://prices.pokemontcg.io/tcgplayer/sv4-135,https://images.pokemontcg.io/sv4/135_hires.png,2026/08/08,2025/11/21,0.72,0.44999998807907104,0.9800000190734863,5.489999771118164,,,,,,0.7613,0.0577,0.7036,0.0,0.6229000091552734,0.7152,0.7498,0.0,0.0,0.0,1.1535,2026-08-09
sv4-136,Zacian,holofoil,Paradox Rift,136,Rare,Tonji Matsuno,Basic,888,Pokémon,2023/11/03,"tcgplayer,cardmarket",https://prices.pokemontcg.io/tcgplayer/sv4-136,https://images.pokemontcg.io/sv4/136_hires.png,2026/08/08,2025/11/21,0.2,0.009999999776482582,0.23999999463558197,20.0,,0.25,,,,0.1038,0.0231,0.1269,0.1961,0.08070000261068344,0.15,0.1154,0.2422,0.2307,0.2076,1.1535,2026-08-09
sv4-137,Skeledirge ex,holofoil,Paradox Rift,137,Double Rare,5ban Graphics,Stage 2|Tera|ex,911,Pokémon,2023/11/03,"tcgplayer,cardmarket",https://prices.pokemontcg.io/tcgplayer/sv4-137,https://images.pokemontcg.io/sv4/137_hires.png,2026/08/08,2025/11/21,0.73,0.30000001192092896,0.9200000166893005,20.0,,,,,,0.7959,0.173,0.8421,0.0,0.6344000101089478,0.7728,0.7959,0.0,0.0,0.0,1.1535,2026-08-09
sv4-138,Orthworm,normal,Paradox Rift,138,Uncommon,Pani Kobayashi,Basic,968,Pokémon,2023/11/03,"tcgplayer,cardmarket",https://prices.pokemontcg.io/tcgplayer/sv4-138,https://images.pokemontcg.io/sv4/138_hires.png,2026/08/08,2025/11/21,0.08,0.009999999776482582,0.15000000596046448,20.0,,0.17,,,,0.0346,0.0231,0.0461,0.173,0.05770000070333481,0.0346,0.0346,0.15,0.173,0.173,1.1535,2026-08-09
sv4-139,Gholdengo ex,holofoil,Paradox Rift,139,Double Rare,takuyoa,Stage 1|ex,1000,Pokémon,2023/11/03,"tcgplayer,cardmarket",https://prices.pokemontcg.io/tcgplayer/sv4-139,https://images.pokemontcg.io/sv4/139_hires.png,2026/08/08,2025/11/21,1.28,0.49000000953674316,1.2999999523162842,96.94999694824219,,,,,,8.1783,5.1907,8.1668,0.0,9.135700225830078,8.2475,8.1091,0.0,0.0,0.0,1.1535,2026-08-09
sv4-140,Altaria ex,holofoil,Paradox Rift,140,Double Rare,Saki Hayashiro,Stage 1|ex,334,Pokémon,2023/11/03,"tcgplayer,cardmarket",https://prices.pokemontcg.io/tcgplayer/sv4-140,https://images.pokemontcg.io/sv4/140_hires.png,2026/08/08,2025/11/21,0.71,0.44999998807907104,0.9599999785423279,4.5,,,,,,0.8997,0.173,1.0266,0.0,0.7613000273704529,0.9228,0.9343,0.0,0.0,0.0,1.1535,2026-08-09
sv4-141,Tatsugiri,normal,Paradox Rift,141,Uncommon,Shibuzoh.,Basic,978,Pokémon,2023/11/03,"tcgplayer,cardmarket",https://prices.pokemontcg.io/tcgplayer/sv4-141,https://images.pokemontcg.io/sv4/141_hires.png,2026/08/08,2025/11/21,0.18,0.009999999776482582,0.20000000298023224,19.979999542236328,,0.28,,,,0.0461,0.0231,0.0461,0.173,0.023099999874830246,0.0346,0.0461,0.1384,0.1961,0.1846,1.1535,2026-08-09
sv4-142,Porygon,normal,Paradox Rift,142,Common,Taiga Kayama,Basic,137,Pokémon,2023/11/03,"tcgplayer,cardmarket",https://prices.pokemontcg.io/tcgplayer/sv4-142,https://images.pokemontcg.io/sv4/142_hires.png,2026/08/08,2025/11/21,0.15,0.009999999776482582,0.1599999964237213,20.0,,0.22,,,,0.0346,0.0231,0.0461,0.1154,0.05770000070333481,0.0346,0.0346,0.0346,0.1038,0.1154,1.1535,2026-08-09
sv4-143,Porygon2,normal,Paradox Rift,143,Common,kurumitsu,Stage 1,233,Pokémon,2023/11/03,"tcgplayer,cardmarket",https://prices.pokemontcg.io/tcgplayer/sv4-143,https://images.pokemontcg.io/sv4/143_hires.png,2026/08/08,2025/11/21,0.15,0.009999999776482582,0.1599999964237213,19.979999542236328,,0.23,,,,0.0461,0.0231,0.0692,0.1038,0.023099999874830246,0.0692,0.0461,0.0577,0.1154,0.1038,1.1535,2026-08-09
sv4-144,Porygon-Z,holofoil,Paradox Rift,144,Rare,hatachu,Stage 2,474,Pokémon,2023/11/03,"tcgplayer,cardmarket",https://prices.pokemontcg.io/tcgplayer/sv4-144,https://images.pokemontcg.io/sv4/144_hires.png,2026/08/08,2025/11/21,0.21,0.019999999552965164,0.23000000417232513,40.0,,0.26,,,,0.0923,0.0231,0.0923,0.173,0.09229999780654907,0.0807,0.0923,0.0807,0.2307,0.1961,1.1535,2026-08-09
sv4-145,Aipom,normal,Paradox Rift,145,Common,aspara,Basic,190,Pokémon,2023/11/03,"tcgplayer,cardmarket",https://prices.pokemontcg.io/tcgplayer/sv4-145,https://images.pokemontcg.io/sv4/145_hires.png,2026/08/08,2025/11/21,0.16,0.009999999776482582,0.17000000178813934,20.0,,0.21,,,,0.0346,0.0231,0.0461,0.0807,0.11540000140666962,0.0346,0.0346,0.0923,0.0923,0.0807,1.1535,2026-08-09
sv4-146,Ambipom,normal,Paradox Rift,146,Uncommon,Hitoshi Ariga,Stage 1,424,Pokémon,2023/11/03,"tcgplayer,cardmarket",https://prices.pokemontcg.io/tcgplayer/sv4-146,https://images.pokemontcg.io/sv4/146_hires.png,2026/08/08,2025/11/21,0.12,0.009999999776482582,0.15000000596046448,20.0,,0.19,,,,0.0461,0.0231,0.0346,0.2076,0.05770000070333481,0.0346,0.0461,0.2884,0.2307,0.1846,1.1535,2026-08-09
sv4-147,Miltank,normal,Paradox Rift,147,Common,sowsow,Basic,241,Pokémon,2023/11/03,"tcgplayer,cardmarket",https://prices.pokemontcg.io/tcgplayer/sv4-147,https://images.pokemontcg.io/sv4/147_hires.png,2026/08/08,2025/11/21,0.14,0.019999999552965164,0.18000000715255737,1000.0,,0.19,,,,0.0346,0.0231,0.0692,0.1038,0.05770000070333481,0.0461,0.0461,0.0692,0.1269,0.1038,1.1535,2026-08-09
sv4-148,Whismur,normal,Paradox Rift,148,Common,sui,Basic,293,Pokémon,2023/11/03,"tcgplayer,cardmarket",https://prices.pokemontcg.io/tcgplayer/sv4-148,https://images.pokemontcg.io/sv4/148_hires.png,2026/08/08,2025/11/21,0.11,0.009999999776482582,0.15000000596046448,20.0,,0.17,,,,0.0346,0.0231,0.0346,0.0923,0.06920000165700912,0.0346,0.0346,0.0577,0.1154,0.0923,1.1535,2026-08-09
sv4-149,Loudred,normal,Paradox Rift,149,Common,Yukiko Baba,Stage 1,294,Pokémon,2023/11/03,"tcgplayer,cardmarket",https://prices.pokemontcg.io/tcgplayer/sv4-149,https://images.pokemontcg.io/sv4/149_hires.png,2026/08/08,2025/11/21,0.08,0.009999999776482582,0.15000000596046448,1000.0,,0.15,,,,0.0461,0.0231,0.0577,0.1038,0.023099999874830246,0.0807,0.0461,0.1154,0.1269,0.1038,1.1535,2026-08-09
sv4-150,Exploud,normal,Paradox Rift,150,Uncommon,LINNE,Stage 2,295,Pokémon,2023/11/03,"tcgplayer,cardmarket",https://prices.pokemontcg.io/tcgplayer/sv4-150,https://images.pokemontcg.io/sv4/150_hires.png,2026/08/08,2025/11/21,0.14,0.009999999776482582,0.15000000596046448,20.0,,0.21,,,,0.0577,0.0231,0.0577,0.1961,0.05770000070333481,0.0577,0.0577,0.4499,0.1846,0.1961,1.1535,2026-08-09
sv4-151,Spinda,normal,Paradox Rift,151,Common,Masakazu Fukuda,Basic,327,Pokémon,2023/11/03,"tcgplayer,cardmarket",https://prices.pokemontcg.io/tcgplayer/sv4-151,https://images.pokemontcg.io/sv4/151_hires.png,2026/08/08,2025/11/21,0.1,0.009999999776482582,0.15000000596046448,20.0,,0.2,,,,0.0346,0.0231,0.0577,0.0923,0.05770000070333481,0.0346,0.0346,0.0692,0.0923,0.0807,1.1535,2026-08-09
sv4-152,Swablu,normal,Paradox Rift,152,Common,HYOGONOSUKE,Basic,333,Pokémon,2023/11/03,"tcgplayer,cardmarket",https://prices.pokemontcg.io/tcgplayer/sv4-152,https://images.pokemontcg.io/sv4/152_hires.png,2026/08/08,2025/11/21,0.09,0.009999999776482582,0.15000000596046448,20.0,,0.19,,,,0.0461,0.0231,0.0346,0.1154,0.06920000165700912,0.0346,0.0461,0.0692,0.0807,0.1038,1.1535,2026-08-09
sv4-153,Tandemaus,normal,Paradox Rift,153,Common,Shibuzoh.,Basic,924,Pokémon,2023/11/03,"tcgplayer,cardmarket",https://prices.pokemontcg.io/tcgplayer/sv4-153,https://images.pokemontcg.io/sv4/153_hires.png,2026/08/08,2025/11/21,0.24,0.05000000074505806,0.25,20.0,,0.33,,,,0.0461,0.0231,0.0692,0.1038,0.03460000082850456,0.0692,0.0577,0.0577,0.15,0.1154,1.1535,2026-08-09
sv4-154,Tandemaus,normal,Paradox Rift,154,Common,Akira Komayama,Basic,924,Pokémon,2023/11/03,"tcgplayer,cardmarket",https://prices.pokemontcg.io/tcgplayer/sv4-154,https://images.pokemontcg.io/sv4/154_hires.png,2026/08/08,2025/11/21,0.17,0.029999999329447746,0.25,45.0,,0.3,,,,0.0461,0.0231,0.0461,0.1154,0.08070000261068344,0.0461,0.0461,0.0692,0.1269,0.1154,1.1535,2026-08-09
sv4-155,Maushold ex,holofoil,Paradox Rift,155,Double Rare,5ban Graphics,Stage 1|ex,925,Pokémon,2023/11/03,"tcgplayer,cardmarket",https://prices.pokemontcg.io/tcgplayer/sv4-155,https://images.pokemontcg.io/sv4/155_hires.png,2026/08/08,2025/11/21,1.14,0.4699999988079071,1.2899999618530273,18.15999984741211,,,,,,0.819,0.1038,0.8536,0.0,0.8651000261306763,0.8882,0.819,0.0,0.0,0.0,1.1535,2026-08-09
sv4-156,Bombirdier ex,holofoil,Paradox Rift,156,Double Rare,PLANETA Mochizuki,Basic|ex,962,Pokémon,2023/11/03,"tcgplayer,cardmarket",https://prices.pokemontcg.io/tcgplayer/sv4-156,https://images.pokemontcg.io/sv4/156_hires.png,2026/08/08,2025/11/21,0.6,0.25,0.9900000095367432,50.0,,,,,,0.7844,0.1154,0.7152,0.0,0.57669997215271,0.7498,0.7728,0.0,0.0,0.0,1.1535,2026-08-09
sv4-157,Cyclizar,normal,Paradox Rift,157,Uncommon,kawayoo,Basic,967,Pokémon,2023/11/03,"tcgplayer,cardmarket",https://prices.pokemontcg.io/tcgplayer/sv4-157,https://images.pokemontcg.io/sv4/157_hires.png,2026/08/08,2025/11/21,0.08,0.009999999776482582,0.15000000596046448,20.0,,0.15,,,,0.0346,0.0231,0.0346,0.15,0.05770000070333481,0.0346,0.0346,0.1384,0.2422,0.15,1.1535,2026-08-09
sv4-158,Iron Jugulis,holofoil,Paradox Rift,158,Rare,Souichirou Gunjima,Basic|Future,993,Pokémon,2023/11/03,"tcgplayer,cardmarket",https://prices.pokemontcg.io/tcgplayer/sv4-158,https://images.pokemontcg.io/sv4/158_hires.png,2026/08/08,2025/11/21,0.14,0.009999999776482582,0.20999999344348907,50.0,,0.18,,,,0.1154,0.0231,0.1038,0.2307,0.04610000178217888,0.0577,0.1038,0.2076,0.346,0.2422,1.1535,2026-08-09
sv4-159,Ancient Booster Energy Capsule,normal,Paradox Rift,159,Uncommon,5ban Graphics,Pokémon Tool|Ancient,,Trainer,2023/11/03,"tcgplayer,cardmarket",https://prices.pokemontcg.io/tcgplayer/sv4-159,https://images.pokemontcg.io/sv4/159_hires.png,2026/08/08,2025/11/18,0.2,0.009999999776482582,0.20000000298023224,19.979999542236328,,0.19,,,,0.3576,0.0231,0.346,0.0,0.03460000082850456,0.3691,0.4383,0.0,0.0,0.0,1.1535,2026-08-09
sv4-160,Counter Catcher,normal,Paradox Rift,160,Uncommon,Toyste Beach,Item,,Trainer,2023/11/03,"tcgplayer,cardmarket",https://prices.pokemontcg.io/tcgplayer/sv4-160,https://images.pokemontcg.io/sv4/160_hires.png,2026/08/08,2025/11/18,0.24,0.05000000074505806,0.33000001311302185,96.94999694824219,,0.4,,,,1.3381,0.0577,1.3035,1.9263,1.1073999404907227,1.2573,1.3265,2.0302,2.0071,1.9609,1.1535,2026-08-09
sv4-161,Cursed Duster,normal,Paradox Rift,161,Uncommon,AYUMI ODASHIMA,Pokémon Tool,,Trainer,2023/11/03,"tcgplayer,cardmarket",https://prices.pokemontcg.io/tcgplayer/sv4-161,https://images.pokemontcg.io/sv4/161_hires.png,2026/08/08,2025/11/18,0.04,0.009999999776482582,0.15000000596046448,19.979999542236328,,0.2,,,,0.0461,0.0231,0.0577,0.1384,0.05770000070333481,0.0461,0.0461,0.346,0.15,0.15,1.1535,2026-08-09
sv4-162,Defiance Vest,normal,Paradox Rift,162,Uncommon,Ayaka Yoshida,Pokémon Tool,,Trainer,2023/11/03,"tcgplayer,cardmarket",https://prices.pokemontcg.io/tcgplayer/sv4-162,https://images.pokemontcg.io/sv4/162_hires.png,2026/08/08,2025/11/18,0.04,0.009999999776482582,0.15000000596046448,17.8799991607666,,0.22,,,,0.0577,0.0231,0.0577,0.15,0.05770000070333481,0.0692,0.0577,0.0577,0.1615,0.15,1.1535,2026-08-09
sv4-163,Earthen Vessel,normal,Paradox Rift,163,Uncommon,AYUMI ODASHIMA,Item|Ancient,,Trainer,2023/11/03,"tcgplayer,cardmarket",https://prices.pokemontcg.io/tcgplayer/sv4-163,https://images.pokemontcg.io/sv4/163_hires.png,2026/08/08,2025/11/18,0.25,0.009999999776482582,0.25,1000.0,,0.32,,,,0.1961,0.0231,0.2768,0.669,0.219200000166893,0.2538,0.1846,0.6921,0.4614,0.669,1.1535,2026-08-09
sv4-164,Future Booster Energy Capsule,normal,Paradox Rift,164,Uncommon,5ban Graphics,Pokémon Tool|Future,,Trainer,2023/11/03,"tcgplayer,cardmarket",https://prices.pokemontcg.io/tcgplayer/sv4-164,https://images.pokemontcg.io/sv4/164_hires.png,2026/08/08,2025/11/18,0.1,0.009999999776482582,0.1599999964237213,2.990000009536743,,0.21,,,,0.0807,0.0231,0.1038,0.2422,0.12690000236034393,0.1269,0.0807,0.9228,0.2538,0.2307,1.1535,2026-08-09
sv4-165,Larry,normal,Paradox Rift,165,Common,Akira Komayama,Supporter,,Trainer,2023/11/03,"tcgplayer,cardmarket",https://prices.pokemontcg.io/tcgplayer/sv4-165,https://images.pokemontcg.io/sv4/165_hires.png,2026/08/08,2025/11/18,0.14,0.009999999776482582,0.15000000596046448,18.100000381469727,,0.24,,,,0.0577,0.0231,0.0692,0.173,0.15000000596046448,0.0577,0.0577,0.346,0.1615,0.173,1.1535,2026-08-09
sv4-166,Luxurious Cape,normal,Paradox Rift,166,Uncommon,Toyste Beach,Pokémon Tool,,Trainer,2023/11/03,"tcgplayer,cardmarket",https://prices.pokemontcg.io/tcgplayer/sv4-166,https://images.pokemontcg.io/sv4/166_hires.png,2026/08/08,2025/11/18,0.19,0.009999999776482582,0.23000000417232513,1000.0,,0.3,,,,0.1384,0.0231,0.1615,0.2653,0.11540000140666962,0.1269,0.1269,0.3114,0.323,0.2538,1.1535,2026-08-09
sv4-167,Mela,normal,Paradox Rift,167,Uncommon,kirisAki,Supporter,,Trainer,2023/11/03,"tcgplayer,cardmarket",https://prices.pokemontcg.io/tcgplayer/sv4-167,https://images.pokemontcg.io/sv4/167_hires.png,2026/08/08,2025/11/18,0.11,0.009999999776482582,0.15000000596046448,1000.0,,0.25,,,,0.0577,0.0231,0.0577,0.1961,0.04610000178217888,0.0461,0.0577,0.0577,0.1846,0.1846,1.1535,2026-08-09
sv4-168,Norman,normal,Paradox Rift,168,Uncommon,Hideki Ishikawa,Supporter,,Trainer,2023/11/03,"tcgplayer,cardmarket",https://prices.pokemontcg.io/tcgplayer/sv4-168,https://images.pokemontcg.io/sv4/168_hires.png,2026/08/08,2025/11/18,0.11,0.009999999776482582,0.15000000596046448,19.979999542236328,,0.21,,,,0.0346,0.0231,0.0461,0.15,0.06920000165700912,0.0577,0.0461,0.5191,0.1384,0.15,1.1535,2026-08-09
sv4-169,Parasol Lady,normal,Paradox Rift,169,Common,Cona Nitanda,Supporter,,Trainer,2023/11/03,"tcgplayer,cardmarket",https://prices.pokemontcg.io/tcgplayer/sv4-169,https://images.pokemontcg.io/sv4/169_hires.png,2026/08/08,2025/11/18,0.11,0.009999999776482582,0.15000000596046448,19.979999542236328,,0.16,,,,0.0577,0.0231,0.0577,0.0923,0.023099999874830246,0.0461,0.0577,0.0577,0.0577,0.0923,1.1535,2026-08-09
sv4-170,Professor Sada's Vitality,normal,Paradox Rift,170,Uncommon,Megumi Mizutani,Supporter|Ancient,,Trainer,2023/11/03,"tcgplayer,cardmarket",https://prices.pokemontcg.io/tcgplayer/sv4-170,https://images.pokemontcg.io/sv4/170_hires.png,2026/08/08,2025/11/18,0.09,0.009999999776482582,0.1599999964237213,5.949999809265137,,0.28,,,,0.0692,0.0231,0.0231,0.3691,0.08070000261068344,0.0577,0.0807,1.7302,0.4845,0.346,1.1535,2026-08-09
sv4-171,Professor Turo's Scenario,normal,Paradox Rift,171,Uncommon,hncl,Supporter|Future,,Trainer,2023/11/03,"tcgplayer,cardmarket",https://prices.pokemontcg.io/tcgplayer/sv4-171,https://images.pokemontcg.io/sv4/171_hires.png,2026/08/08,2025/11/18,0.26,0.009999999776482582,0.25,19.979999542236328,,0.32,,,,0.0923,0.0231,0.173,0.2999,0.11540000140666962,0.15,0.1038,0.2307,0.3345,0.2999,1.1535,2026-08-09
sv4-172,Rika,normal,Paradox Rift,172,Uncommon,GIDORA,Supporter,,Trainer,2023/11/03,"tcgplayer,cardmarket",https://prices.pokemontcg.io/tcgplayer/sv4-172,https://images.pokemontcg.io/sv4/172_hires.png,2026/08/08,2025/11/18,0.12,0.009999999776482582,0.15000000596046448,19.979999542236328,,0.2,,,,0.0461,0.0231,0.0577,0.15,0.05770000070333481,0.0461,0.0577,0.0231,0.173,0.15,1.1535,2026-08-09
sv4-173,Roark,normal,Paradox Rift,173,Uncommon,Ryuta Fuse,Supporter,,Trainer,2023/11/03,"tcgplayer,cardmarket",https://prices.pokemontcg.io/tcgplayer/sv4-173,https://images.pokemontcg.io/sv4/173_hires.png,2026/08/08,2025/11/18,0.13,0.009999999776482582,0.15000000596046448,19.979999542236328,,0.22,,,,0.0461,0.0231,0.0577,0.1615,0.04610000178217888,0.0577,0.0461,0.173,0.15,0.1615,1.1535,2026-08-09
sv4-174,Shauntal,normal,Paradox Rift,174,Uncommon,yuu,Supporter,,Trainer,2023/11/03,"tcgplayer,cardmarket",https://prices.pokemontcg.io/tcgplayer/sv4-174,https://images.pokemontcg.io/sv4/174_hires.png,2026/08/08,2025/11/18,0.12,0.009999999776482582,0.15000000596046448,100.0,,0.21,,,,0.0577,0.0231,0.0807,0.1846,0.08070000261068344,0.1038,0.0577,0.346,0.2884,0.173,1.1535,2026-08-09
sv4-175,Snorlax Doll,normal,Paradox Rift,175,Uncommon,AYUMI ODASHIMA,Item,,Trainer,2023/11/03,"tcgplayer,cardmarket",https://prices.pokemontcg.io/tcgplayer/sv4-175,https://images.pokemontcg.io/sv4/175_hires.png,2026/08/08,2025/11/18,0.24,0.009999999776482582,0.25,100.0,,0.43,,,,0.0577,0.0231,0.0577,0.1961,0.04610000178217888,0.0692,0.0577,0.5767,0.2999,0.2192,1.1535,2026-08-09
sv4-176,Technical Machine: Blindside,normal,Paradox Rift,176,Uncommon,Studio Bora Inc.,Pokémon Tool,,Trainer,2023/11/03,"tcgplayer,cardmarket",https://prices.pokemontcg.io/tcgplayer/sv4-176,https://images.pokemontcg.io/sv4/176_hires.png,2026/08/08,2025/11/18,0.16,0.009999999776482582,0.17000000178813934,19.979999542236328,,0.21,,,,0.0461,0.0231,0.0692,0.173,0.023099999874830246,0.0692,0.0461,0.3345,0.173,0.1615,1.1535,2026-08-09
sv4-177,Technical Machine: Devolution,normal,Paradox Rift,177,Uncommon,Studio Bora Inc.,Pokémon Tool,,Trainer,2023/11/03,"tcgplayer,cardmarket",https://prices.pokemontcg.io/tcgplayer/sv4-177,https://images.pokemontcg.io/sv4/177_hires.png,2026/08/08,2025/11/18,0.25,0.009999999776482582,0.23999999463558197,1000.0,,0.33,,,,0.1846,0.0231,0.1961,0.3807,0.18459999561309814,0.1961,0.1846,0.6344,0.4153,0.4153,1.1535,2026-08-09
sv4-178,Technical Machine: Evolution,normal,Paradox Rift,178,Uncommon,Studio Bora Inc.,Pokémon Tool,,Trainer,2023/11/03,"tcgplayer,cardmarket",https://prices.pokemontcg.io/tcgplayer/sv4-178,https://images.pokemontcg.io/sv4/178_hires.png,2026/08/08,2025/11/18,0.27,0.03999999910593033,0.2800000011920929,19.219999313354492,,0.45,,,,0.2192,0.0231,0.2999,0.5883,0.3230000138282776,0.2768,0.2307,0.4614,0.496,0.6229,1.1535,2026-08-09
sv4-179,Technical Machine: Turbo Energize,normal,Paradox Rift,179,Uncommon,Studio Bora Inc.,Pokémon Tool,,Trainer,2023/11/03,"tcgplayer,cardmarket",https://prices.pokemontcg.io/tcgplayer/sv4-179,https://images.pokemontcg.io/sv4/179_hires.png,2026/08/08,2025/11/18,0.21,0.009999999776482582,0.2199999988079071,19.979999542236328,,0.3,,,,0.1384,0.0231,0.1615,0.3807,0.13840000331401825,0.1615,0.15,1.142,0.5537,0.4153,1.1535,2026-08-09
sv4-180,Techno Radar,normal,Paradox Rift,180,Uncommon,inose yukie,Item|Future,,Trainer,2023/11/03,"tcgplayer,cardmarket",https://prices.pokemontcg.io/tcgplayer/sv4-180,https://images.pokemontcg.io/sv4/180_hires.png,2026/08/08,2025/11/18,0.08,0.009999999776482582,0.15000000596046448,19.979999542236328,,0.22,,,,0.0577,0.0231,0.0692,0.1615,0.04610000178217888,0.0807,0.0577,0.9228,0.2538,0.1615,1.1535,2026-08-09
sv4-181,Tulip,normal,Paradox Rift,181,Uncommon,Naoki Saito,Supporter,,Trainer,2023/11/03,"tcgplayer,cardmarket",https://prices.pokemontcg.io/tcgplayer/sv4-181,https://images.pokemontcg.io/sv4/181_hires.png,2026/08/08,2025/11/18,0.19,0.019999999552965164,0.20000000298023224,19.979999542236328,,0.32,,,,0.1038,0.0231,0.0923,0.2653,0.13840000331401825,0.1038,0.1038,0.0692,0.1615,0.2422,1.1535,2026-08-09
sv4-182,Medical Energy,normal,Paradox Rift,182,Uncommon,,Special,,Energy,2023/11/03,"tcgplayer,cardmarket",https://prices.pokemontcg.io/tcgplayer/sv4-182,https://images.pokemontcg.io/sv4/182_hires.png,2026/08/08,2025/11/18,0.13,0.009999999776482582,0.17000000178813934,1000.0,,0.28,,,,0.0692,0.0231,0.0461,0.15,0.03460000082850456,0.0461,0.0692,0.8074,0.2884,0.1846,1.1535,2026-08-09
sv4-183,Crustle,holofoil,Paradox Rift,183,Illustration Rare,OKUBO,Stage 1,558,Pokémon,2023/11/03,"tcgplayer,cardmarket",https://prices.pokemontcg.io/tcgplayer/sv4-183,https://images.pokemontcg.io/sv4/183_hires.png,2026/08/08,2025/11/18,5.42,4.0,5.809999942779541,48.7400016784668,,,,,,3.9796,2.307,3.7604,0.0,4.152599811553955,3.7719,4.0142,0.0,0.0,0.0,1.1535,2026-08-09
sv4-184,Dottler,holofoil,Paradox Rift,184,Illustration Rare,Tetsu Kayama,Stage 1,825,Pokémon,2023/11/03,"tcgplayer,cardmarket",https://prices.pokemontcg.io/tcgplayer/sv4-184,https://images.pokemontcg.io/sv4/184_hires.png,2026/08/08,2025/11/18,6.08,4.5,6.070000171661377,75.0,,,,,,3.6797,1.4419,3.7258,0.0,4.037300109863281,3.7604,3.6566,0.0,0.0,0.0,1.1535,2026-08-09
sv4-185,Toedscruel,holofoil,Paradox Rift,185,Illustration Rare,KEIICHIRO ITO,Stage 1,949,Pokémon,2023/11/03,"tcgplayer,cardmarket",https://prices.pokemontcg.io/tcgplayer/sv4-185,https://images.pokemontcg.io/sv4/185_hires.png,2026/08/08,2025/11/18,7.04,5.5,7.909999847412109,75.0,,,,,,6.3442,4.3833,5.9867,0.0,5.813600063323975,5.9059,6.1712,0.0,0.0,0.0,1.1535,2026-08-09
sv4-186,Magby,holofoil,Paradox Rift,186,Illustration Rare,Mina Nakai,Basic,240,Pokémon,2023/11/03,"tcgplayer,cardmarket",https://prices.pokemontcg.io/tcgplayer/sv4-186,https://images.pokemontcg.io/sv4/186_hires.png,2026/08/08,2025/11/18,23.96,22.649999618530273,26.489999771118164,176.47000122070312,,,,,,15.3069,5.7675,16.6796,0.0,11.292799949645996,13.6113,15.1339,0.0,0.0,0.0,1.1535,2026-08-09
sv4-187,Iron Moth,holofoil,Paradox Rift,187,Illustration Rare,Takeshi Nakamura,Basic|Future,994,Pokémon,2023/11/03,"tcgplayer,cardmarket",https://prices.pokemontcg.io/tcgplayer/sv4-187,https://images.pokemontcg.io/sv4/187_hires.png,2026/08/08,2025/11/18,8.64,6.809999942779541,9.100000381469727,108.4000015258789,,,,,,5.1561,3.4028,5.26,0.0,4.59089994430542,5.1331,5.2023,0.0,0.0,0.0,1.1535,2026-08-09
sv4-188,Snorunt,holofoil,Paradox Rift,188,Illustration Rare,Narumi Sato,Basic,361,Pokémon,2023/11/03,"tcgplayer,cardmarket",https://prices.pokemontcg.io/tcgplayer/sv4-188,https://images.pokemontcg.io/sv4/188_hires.png,2026/08/08,2025/11/18,12.14,8.260000228881836,12.0,28.0,,,,,,9.2511,5.4215,8.2937,0.0,8.651200294494629,8.1668,9.1703,0.0,0.0,0.0,1.1535,2026-08-09
sv4-189,Mantyke,holofoil,Paradox Rift,189,Illustration Rare,rika,Basic,458,Pokémon,2023/11/03,"tcgplayer,cardmarket",https://prices.pokemontcg.io/tcgplayer/sv4-189,https://images.pokemontcg.io/sv4/189_hires.png,2026/08/08,2025/11/18,34.24,29.0,39.220001220703125,279.2300109863281,,,,,,13.7843,6.921,15.4915,0.0,13.645899772644043,15.0301,13.9112,0.0,0.0,0.0,1.1535,2026-08-09
sv4-190,Vanillish,holofoil,Paradox Rift,190,Illustration Rare,Taiga Kayama,Stage 1,583,Pokémon,2023/11/03,"tcgplayer,cardmarket",https://prices.pokemontcg.io/tcgplayer/sv4-190,https://images.pokemontcg.io/sv4/190_hires.png,2026/08/08,2025/11/18,11.48,9.0,12.710000038146973,163.05999755859375,,,,,,9.1934,4.614,8.5474,0.0,7.67080020904541,8.3398,9.0319,0.0,0.0,0.0,1.1535,2026-08-09
sv4-191,Wimpod,holofoil,Paradox Rift,191,Illustration Rare,Oku,Basic,767,Pokémon,2023/11/03,"tcgplayer,cardmarket",https://prices.pokemontcg.io/tcgplayer/sv4-191,https://images.pokemontcg.io/sv4/191_hires.png,2026/08/08,2025/11/18,14.8,11.789999961853027,14.960000038146973,96.94999694824219,,,,,,7.0248,2.803,6.4711,0.0,5.836699962615967,6.2635,7.0017,0.0,0.0,0.0,1.1535,2026-08-09
sv4-192,Veluza,holofoil,Paradox Rift,192,Illustration Rare,Shibuzoh.,Basic,976,Pokémon,2023/11/03,"tcgplayer,cardmarket",https://prices.pokemontcg.io/tcgplayer/sv4-192,https://images.pokemontcg.io/sv4/192_hires.png,2026/08/08,2025/11/18,12.23,9.75,13.010000228881836,110.06999969482422,,,,,,5.4676,2.307,4.9139,0.0,3.979599952697754,5.0177,5.3984,0.0,0.0,0.0,1.1535,2026-08-09
sv4-193,Plusle,holofoil,Paradox Rift,193,Illustration Rare,OKACHEKE,Basic,311,Pokémon,2023/11/03,"tcgplayer,cardmarket",https://prices.pokemontcg.io/tcgplayer/sv4-193,https://images.pokemontcg.io/sv4/193_hires.png,2026/08/08,2025/11/18,46.91,40.9900016784668,50.75,341.6099853515625,,,,,,21.2244,16.1375,22.3087,0.0,28.837499618530273,21.9626,21.2821,0.0,0.0,0.0,1.1535,2026-08-09
sv4-194,Minun,holofoil,Paradox Rift,194,Illustration Rare,OKACHEKE,Basic,312,Pokémon,2023/11/03,"tcgplayer,cardmarket",https://prices.pokemontcg.io/tcgplayer/sv4-194,https://images.pokemontcg.io/sv4/194_hires.png,2026/08/08,2025/11/18,45.46,39.0099983215332,47.86000061035156,150.0,,,,,,22.0434,12.6885,21.3744,0.0,23.346799850463867,21.1783,22.0665,0.0,0.0,0.0,1.1535,2026-08-09
sv4-195,Blitzle,holofoil,Paradox Rift,195,Illustration Rare,matazo,Basic,522,Pokémon,2023/11/03,"tcgplayer,cardmarket",https://prices.pokemontcg.io/tcgplayer/sv4-195,https://images.pokemontcg.io/sv4/195_hires.png,2026/08/08,2025/11/18,10.95,6.949999809265137,11.989999771118164,98.37000274658203,,,,,,6.8287,3.4605,7.094,0.0,7.832300186157227,6.9902,6.9556,0.0,0.0,0.0,1.1535,2026-08-09
sv4-196,Joltik,holofoil,Paradox Rift,196,Illustration Rare,Atsushi Furusawa,Basic,595,Pokémon,2023/11/03,"tcgplayer,cardmarket",https://prices.pokemontcg.io/tcgplayer/sv4-196,https://images.pokemontcg.io/sv4/196_hires.png,2026/08/08,2025/11/18,27.53,24.90999984741211,29.440000534057617,149.6999969482422,,,,,,8.3975,4.3833,8.2821,0.0,8.4552001953125,7.6823,8.409,0.0,0.0,0.0,1.1535,2026-08-09
sv4-197,Espathra,holofoil,Paradox Rift,197,Illustration Rare,AKIRA EGAWA,Stage 1,956,Pokémon,2023/11/03,"tcgplayer,cardmarket",https://prices.pokemontcg.io/tcgplayer/sv4-197,https://images.pokemontcg.io/sv4/197_hires.png,2026/08/08,2025/11/18,8.64,7.0,9.199999809265137,62.36000061035156,,,,,,7.0363,4.614,6.7018,0.0,6.11359977722168,6.4365,6.9095,0.0,0.0,0.0,1.1535,2026-08-09
sv4-198,Gimmighoul,holofoil,Paradox Rift,198,Illustration Rare,Akira Komayama,Basic,999,Pokémon,2023/11/03,"tcgplayer,cardmarket",https://prices.pokemontcg.io/tcgplayer/sv4-198,https://images.pokemontcg.io/sv4/198_hires.png,2026/08/08,2025/11/18,14.84,11.130000114440918,15.550000190734863,91.31999969482422,,,,,,9.2972,3.3451,9.3203,0.0,6.574999809265137,8.2706,9.2165,0.0,0.0,0.0,1.1535,2026-08-09
sv4-199,Groudon,holofoil,Paradox Rift,199,Illustration Rare,Nurikabe,Basic,383,Pokémon,2023/11/03,"tcgplayer,cardmarket",https://prices.pokemontcg.io/tcgplayer/sv4-199,https://images.pokemontcg.io/sv4/199_hires.png,2026/08/08,2025/11/18,126.7,123.98999786376953,145.49000549316406,897.9400024414062,,,,,,95.7751,46.14,91.0112,0.0,46.13999938964844,89.7654,98.9588,0.0,0.0,0.0,1.1535,2026-08-09
sv4-200,Mienshao,holofoil,Paradox Rift,200,Illustration Rare,Taira Akitsu,Stage 1,620,Pokémon,2023/11/03,"tcgplayer,cardmarket",https://prices.pokemontcg.io/tcgplayer/sv4-200,https://images.pokemontcg.io/sv4/200_hires.png,2026/08/08,2025/11/18,9.79,7.21999979019165,10.140000343322754,64.43000030517578,,,,,,8.409,4.3602,7.8784,0.0,10.75059986114502,8.3398,8.3398,0.0,0.0,0.0,1.1535,2026-08-09
sv4-201,Minior,holofoil,Paradox Rift,201,Illustration Rare,0313,Basic,774,Pokémon,2023/11/03,"tcgplayer,cardmarket",https://prices.pokemontcg.io/tcgplayer/sv4-201,https://images.pokemontcg.io/sv4/201_hires.png,2026/08/08,2025/11/18,26.05,24.489999771118164,27.8700008392334,38.91999816894531,,,,,,9.5164,5.756,8.6166,0.0,6.563399791717529,8.6051,9.4241,0.0,0.0,0.0,1.1535,2026-08-09
sv4-202,Garganacl,holofoil,Paradox Rift,202,Illustration Rare,kodama,Stage 2,934,Pokémon,2023/11/03,"tcgplayer,cardmarket",https://prices.pokemontcg.io/tcgplayer/sv4-202,https://images.pokemontcg.io/sv4/202_hires.png,2026/08/08,2025/11/18,6.7,4.0,7.0,100.0,,,,,,3.7719,2.2839,3.7719,0.0,3.518199920654297,3.4951,3.795,0.0,0.0,0.0,1.1535,2026-08-09
sv4-203,Slither Wing,holofoil,Paradox Rift,203,Illustration Rare,Takeshi Nakamura,Basic|Ancient,988,Pokémon,2023/11/03,"tcgplayer,cardmarket",https://prices.pokemontcg.io/tcgplayer/sv4-203,https://images.pokemontcg.io/sv4/203_hires.png,2026/08/08,2025/11/18,5.9,4.429999828338623,6.710000038146973,52.02000045776367,,,,,,4.6601,2.2955,3.9334,0.0,2.306999921798706,4.0488,4.6486,0.0,0.0,0.0,1.1535,2026-08-09
sv4-204,Garbodor,holofoil,Paradox Rift,204,Illustration Rare,Shinya Komatsu,Stage 1,569,Pokémon,2023/11/03,"tcgplayer,cardmarket",https://prices.pokemontcg.io/tcgplayer/sv4-204,https://images.pokemontcg.io/sv4/204_hires.png,2026/08/08,2025/11/18,19.8,18.68000030517578,21.399999618530273,154.7100067138672,,,,,,8.5936,5.6406,7.3017,0.0,5.767499923706055,7.5324,8.559,0.0,0.0,0.0,1.1535,2026-08-09
sv4-205,Yveltal,holofoil,Paradox Rift,205,Illustration Rare,Masako Tomii,Basic,717,Pokémon,2023/11/03,"tcgplayer,cardmarket",https://prices.pokemontcg.io/tcgplayer/sv4-205,https://images.pokemontcg.io/sv4/205_hires.png,2026/08/08,2025/11/18,29.66,25.200000762939453,32.439998626708984,54.9900016784668,,,,,,18.306,8.6512,17.7985,0.0,14.822500228881836,18.0292,18.0638,0.0,0.0,0.0,1.1535,2026-08-09
sv4-206,Morpeko,holofoil,Paradox Rift,206,Illustration Rare,Yuu Nishida,Basic,877,Pokémon,2023/11/03,"tcgplayer,cardmarket",https://prices.pokemontcg.io/tcgplayer/sv4-206,https://images.pokemontcg.io/sv4/206_hires.png,2026/08/08,2025/11/18,51.62,49.9900016784668,57.79999923706055,262.4700012207031,,,,,,21.3397,3.4605,19.4365,0.0,20.76300048828125,20.7515,21.6051,0.0,0.0,0.0,1.1535,2026-08-09
sv4-207,Brute Bonnet,holofoil,Paradox Rift,207,Illustration Rare,Tomokazu Komiya,Basic|Ancient,986,Pokémon,2023/11/03,"tcgplayer,cardmarket",https://prices.pokemontcg.io/tcgplayer/sv4-207,https://images.pokemontcg.io/sv4/207_hires.png,2026/08/08,2025/11/18,17.98,15.0,19.8799991607666,241.14999389648438,,,,,,10.2315,6.3442,9.5394,0.0,9.216500282287598,9.8509,10.1623,0.0,0.0,0.0,1.1535,2026-08-09
sv4-208,Steelix,holofoil,Paradox Rift,208,Illustration Rare,nisimono,Stage 1,208,Pokémon,2023/11/03,"tcgplayer,cardmarket",https://prices.pokemontcg.io/tcgplayer/sv4-208,https://images.pokemontcg.io/sv4/208_hires.png,2026/08/08,2025/11/18,40.15,36.47999954223633,42.15999984741211,332.7300109863281,,,,,,29.4835,20.763,30.5447,0.0,25.953699111938477,25.3078,29.6334,0.0,0.0,0.0,1.1535,2026-08-09
sv4-209,Ferrothorn,holofoil,Paradox Rift,209,Illustration Rare,Kurata So,Stage 1,598,Pokémon,2023/11/03,"tcgplayer,cardmarket",https://prices.pokemontcg.io/tcgplayer/sv4-209,https://images.pokemontcg.io/sv4/209_hires.png,2026/08/08,2025/11/18,5.99,4.0,6.599999904632568,100.0,,,,,,5.7329,3.2298,5.0293,0.0,5.052299976348877,4.937,5.5599,0.0,0.0,0.0,1.1535,2026-08-09
sv4-210,Aegislash,holofoil,Paradox Rift,210,Illustration Rare,Takumi Wada,Stage 2,681,Pokémon,2023/11/03,"tcgplayer,cardmarket",https://prices.pokemontcg.io/tcgplayer/sv4-210,https://images.pokemontcg.io/sv4/210_hires.png,2026/08/08,2025/11/18,11.15,8.229999542236328,11.8100004196167,197.60000610351562,,,,,,5.4561,3.2298,4.9947,0.0,5.190700054168701,5.0985,5.3522,0.0,0.0,0.0,1.1535,2026-08-09
sv4-211,Aipom,holofoil,Paradox Rift,211,Illustration Rare,Yuka Morii,Basic,190,Pokémon,2023/11/03,"tcgplayer,cardmarket",https://prices.pokemontcg.io/tcgplayer/sv4-211,https://images.pokemontcg.io/sv4/211_hires.png,2026/08/08,2025/11/18,29.75,26.0,31.309999465942383,89.48999786376953,,,,,,7.6938,3.449,7.0825,0.0,8.339799880981445,7.0594,7.6016,0.0,0.0,0.0,1.1535,2026-08-09
sv4-212,Loudred,holofoil,Paradox Rift,212,Illustration Rare,NC Empire,Stage 1,294,Pokémon,2023/11/03,"tcgplayer,cardmarket",https://prices.pokemontcg.io/tcgplayer/sv4-212,https://images.pokemontcg.io/sv4/212_hires.png,2026/08/08,2025/11/18,16.66,13.5,18.0,123.12000274658203,,,,,,10.4738,6.8056,10.4968,0.0,7.497700214385986,9.7355,10.3815,0.0,0.0,0.0,1.1535,2026-08-09
sv4-213,Swablu,holofoil,Paradox Rift,213,Illustration Rare,Jiro Sasumo,Basic,333,Pokémon,2023/11/03,"tcgplayer,cardmarket",https://prices.pokemontcg.io/tcgplayer/sv4-213,https://images.pokemontcg.io/sv4/213_hires.png,2026/08/08,2025/11/18,26.45,22.0,29.5,192.25999450683594,,,,,,12.6654,6.921,12.2271,0.0,11.15429973602295,12.4924,12.6424,0.0,0.0,0.0,1.1535,2026-08-09
sv4-214,Porygon-Z,holofoil,Paradox Rift,214,Illustration Rare,GOSSAN,Stage 2,474,Pokémon,2023/11/03,"tcgplayer,cardmarket",https://prices.pokemontcg.io/tcgplayer/sv4-214,https://images.pokemontcg.io/sv4/214_hires.png,2026/08/08,2025/11/18,15.3,12.34000015258789,16.0,99.80000305175781,,,,,,7.2555,2.5954,6.6211,0.0,6.021299839019775,6.9325,7.1632,0.0,0.0,0.0,1.1535,2026-08-09
sv4-215,Cyclizar,holofoil,Paradox Rift,215,Illustration Rare,Mina Nakai,Basic,967,Pokémon,2023/11/03,"tcgplayer,cardmarket",https://prices.pokemontcg.io/tcgplayer/sv4-215,https://images.pokemontcg.io/sv4/215_hires.png,2026/08/08,2025/11/18,7.67,6.03000020980835,8.010000228881836,55.06999969482422,,,,,,5.0639,3.449,4.1641,0.0,4.59089994430542,4.5679,4.9831,0.0,0.0,0.0,1.1535,2026-08-09
sv4-216,Iron Jugulis,holofoil,Paradox Rift,216,Illustration Rare,GIDORA,Basic|Future,993,Pokémon,2023/11/03,"tcgplayer,cardmarket",https://prices.pokemontcg.io/tcgplayer/sv4-216,https://images.pokemontcg.io/sv4/216_hires.png,2026/08/08,2025/11/18,11.35,9.970000267028809,11.989999771118164,109.05000305175781,,,,,,6.0905,3.3451,5.4215,0.0,7.174799919128418,5.3638,6.1597,0.0,0.0,0.0,1.1535,2026-08-09
sv4-217,Froslass ex,holofoil,Paradox Rift,217,Ultra Rare,5ban Graphics,Stage 1|Tera|ex,478,Pokémon,2023/11/03,"tcgplayer,cardmarket",https://prices.pokemontcg.io/tcgplayer/sv4-217,https://images.pokemontcg.io/sv4/217_hires.png,2026/08/08,2025/11/18,2.65,1.4900000095367432,2.6500000953674316,20.0,,,,,,2.3877,1.0381,2.5492,0.0,3.7142999172210693,2.6646,2.4108,0.0,0.0,0.0,1.1535,2026-08-09
sv4-218,Armarouge ex,holofoil,Paradox Rift,218,Ultra Rare,takuyoa,Stage 1|ex,936,Pokémon,2023/11/03,"tcgplayer,cardmarket",https://prices.pokemontcg.io/tcgplayer/sv4-218,https://images.pokemontcg.io/sv4/218_hires.png,2026/08/08,2025/11/18,2.2,1.4800000190734863,2.440000057220459,25.100000381469727,,,,,,2.7684,1.1304,2.307,0.0,2.3647000789642334,2.4685,2.6761,0.0,0.0,0.0,1.1535,2026-08-09
sv4-219,Garchomp ex,holofoil,Paradox Rift,219,Ultra Rare,5ban Graphics,Stage 2|Tera|ex,445,Pokémon,2023/11/03,"tcgplayer,cardmarket",https://prices.pokemontcg.io/tcgplayer/sv4-219,https://images.pokemontcg.io/sv4/219_hires.png,2026/08/08,2025/11/18,7.14,5.900000095367432,7.699999809265137,58.810001373291016,,,,,,5.4907,3.8065,5.26,0.0,4.902400016784668,5.1215,5.4791,0.0,0.0,0.0,1.1535,2026-08-09
sv4-220,Tsareena ex,holofoil,Paradox Rift,220,Ultra Rare,5ban Graphics,Stage 2|Tera|ex,763,Pokémon,2023/11/03,"tcgplayer,cardmarket",https://prices.pokemontcg.io/tcgplayer/sv4-220,https://images.pokemontcg.io/sv4/220_hires.png,2026/08/08,2025/11/18,2.92,1.9299999475479126,2.990000009536743,24.989999771118164,,,,,,2.6184,1.6034,2.7223,0.0,4.59089994430542,2.6877,2.6415,0.0,0.0,0.0,1.1535,2026-08-09
sv4-221,Golisopod ex,holofoil,Paradox Rift,221,Ultra Rare,N-DESIGN Inc.,Stage 1|ex,768,Pokémon,2023/11/03,"tcgplayer,cardmarket",https://prices.pokemontcg.io/tcgplayer/sv4-221,https://images.pokemontcg.io/sv4/221_hires.png,2026/08/08,2025/11/18,1.99,1.0,2.0899999141693115,16.84000015258789,,,,,,2.3647,1.1535,2.2263,0.0,2.306999921798706,2.1916,2.3531,0.0,0.0,0.0,1.1535,2026-08-09
sv4-222,Tapu Koko ex,holofoil,Paradox Rift,222,Ultra Rare,PLANETA Igarashi,Basic|ex,785,Pokémon,2023/11/03,"tcgplayer,cardmarket",https://prices.pokemontcg.io/tcgplayer/sv4-222,https://images.pokemontcg.io/sv4/222_hires.png,2026/08/08,2025/11/18,2.45,1.2300000190734863,2.450000047683716,27.5,,,,,,2.5838,1.3611,2.6415,0.0,2.306999921798706,2.6646,2.653,0.0,0.0,0.0,1.1535,2026-08-09
sv4-223,Iron Hands ex,holofoil,Paradox Rift,223,Ultra Rare,PLANETA Mochizuki,Basic|ex|Future,992,Pokémon,2023/11/03,"tcgplayer,cardmarket",https://prices.pokemontcg.io/tcgplayer/sv4-223,https://images.pokemontcg.io/sv4/223_hires.png,2026/08/08,2025/11/18,2.1,1.399999976158142,2.4600000381469727,27.329999923706055,,,,,,5.3176,1.142,5.2254,0.0,4.037300109863281,5.5137,5.3061,0.0,0.0,0.0,1.1535,2026-08-09
sv4-224,Cofagrigus ex,holofoil,Paradox Rift,224,Ultra Rare,Eske Yoshinob,Stage 1|ex,563,Pokémon,2023/11/03,"tcgplayer,cardmarket",https://prices.pokemontcg.io/tcgplayer/sv4-224,https://images.pokemontcg.io/sv4/224_hires.png,2026/08/08,2025/11/18,1.92,1.25,2.0,26.540000915527344,,,,,,2.2839,1.0381,2.307,0.0,1.153499960899353,2.48,2.2839,0.0,0.0,0.0,1.1535,2026-08-09
sv4-225,Iron Valiant ex,holofoil,Paradox Rift,225,Ultra Rare,aky CG Works,Basic|ex|Future,1006,Pokémon,2023/11/03,"tcgplayer,cardmarket",https://prices.pokemontcg.io/tcgplayer/sv4-225,https://images.pokemontcg.io/sv4/225_hires.png,2026/08/08,2025/11/18,2.62,1.4900000095367432,2.75,40.0,,,,,,3.0914,1.1535,3.299,0.0,3.241300106048584,3.2413,3.1029,0.0,0.0,0.0,1.1535,2026-08-09
sv4-226,Hoopa ex,holofoil,Paradox Rift,226,Ultra Rare,5ban Graphics,Basic|Tera|ex,720,Pokémon,2023/11/03,"tcgplayer,cardmarket",https://prices.pokemontcg.io/tcgplayer/sv4-226,https://images.pokemontcg.io/sv4/226_hires.png,2026/08/08,2025/11/18,3.88,2.0,4.0,96.93000030517578,,,,,,3.5643,1.7302,3.6451,0.0,3.1837000846862793,3.472,3.5528,0.0,0.0,0.0,1.1535,2026-08-09
sv4-227,Toxtricity ex,holofoil,Paradox Rift,227,Ultra Rare,5ban Graphics,Stage 1|Tera|ex,849,Pokémon,2023/11/03,"tcgplayer,cardmarket",https://prices.pokemontcg.io/tcgplayer/sv4-227,https://images.pokemontcg.io/sv4/227_hires.png,2026/08/08,2025/11/18,3.08,1.5,3.5,33.099998474121094,,,,,,2.7569,1.3842,2.5723,0.0,2.353100061416626,2.4224,2.7107,0.0,0.0,0.0,1.1535,2026-08-09
sv4-228,Sandy Shocks ex,holofoil,Paradox Rift,228,Ultra Rare,PLANETA Mochizuki,Basic|ex|Ancient,989,Pokémon,2023/11/03,"tcgplayer,cardmarket",https://prices.pokemontcg.io/tcgplayer/sv4-228,https://images.pokemontcg.io/sv4/228_hires.png,2026/08/08,2025/11/18,2.36,1.4800000190734863,2.3399999141693115,26.899999618530273,,,,,,2.4916,0.6344,2.0302,0.0,1.8687000274658203,2.157,2.48,0.0,0.0,0.0,1.1535,2026-08-09
sv4-229,Roaring Moon ex,holofoil,Paradox Rift,229,Ultra Rare,takuyoa,Basic|ex|Ancient,1005,Pokémon,2023/11/03,"tcgplayer,cardmarket",https://prices.pokemontcg.io/tcgplayer/sv4-229,https://images.pokemontcg.io/sv4/229_hires.png,2026/08/08,2025/11/18,3.64,2.990000009536743,4.0,35.0,,,,,,4.8332,2.2493,5.2138,0.0,3.7950000762939453,5.6752,4.8678,0.0,0.0,0.0,1.1535,2026-08-09
sv4-230,Aegislash ex,holofoil,Paradox Rift,230,Ultra Rare,Satoshi Shirai,Stage 2|ex,681,Pokémon,2023/11/03,"tcgplayer,cardmarket",https://prices.pokemontcg.io/tcgplayer/sv4-230,https://images.pokemontcg.io/sv4/230_hires.png,2026/08/08,2025/11/18,2.08,1.25,2.180000066757202,96.94999694824219,,,,,,2.2147,0.5767,1.9263,0.0,1.9955999851226807,2.134,2.1916,0.0,0.0,0.0,1.1535,2026-08-09
sv4-231,Gholdengo ex,holofoil,Paradox Rift,231,Ultra Rare,takuyoa,Stage 1|ex,1000,Pokémon,2023/11/03,"tcgplayer,cardmarket",https://prices.pokemontcg.io/tcgplayer/sv4-231,https://images.pokemontcg.io/sv4/231_hires.png,2026/08/08,2025/11/18,3.58,2.990000009536743,3.990000009536743,29.989999771118164,,,,,,10.9467,5.7675,9.8278,0.0,5.75600004196167,9.7471,10.9698,0.0,0.0,0.0,1.1535,2026-08-09
sv4-232,Altaria ex,holofoil,Paradox Rift,232,Ultra Rare,Saki Hayashiro,Stage 1|ex,334,Pokémon,2023/11/03,"tcgplayer,cardmarket",https://prices.pokemontcg.io/tcgplayer/sv4-232,https://images.pokemontcg.io/sv4/232_hires.png,2026/08/08,2025/11/18,3.6,2.619999885559082,3.990000009536743,32.400001525878906,,,,,,3.126,1.8456,2.653,0.0,2.6068999767303467,2.7569,3.126,0.0,0.0,0.0,1.1535,2026-08-09
sv4-233,Maushold ex,holofoil,Paradox Rift,233,Ultra Rare,5ban Graphics,Stage 1|ex,925,Pokémon,2023/11/03,"tcgplayer,cardmarket",https://prices.pokemontcg.io/tcgplayer/sv4-233,https://images.pokemontcg.io/sv4/233_hires.png,2026/08/08,2025/11/18,14.19,11.729999542236328,17.0,119.9000015258789,,,,,,5.3407,1.1535,5.1792,0.0,6.344200134277344,5.7906,5.4791,0.0,0.0,0.0,1.1535,2026-08-09
sv4-234,Bombirdier ex,holofoil,Paradox Rift,234,Ultra Rare,PLANETA Mochizuki,Basic|ex,962,Pokémon,2023/11/03,"tcgplayer,cardmarket",https://prices.pokemontcg.io/tcgplayer/sv4-234,https://images.pokemontcg.io/sv4/234_hires.png,2026/08/08,2025/11/18,1.83,1.0,1.9900000095367432,8.0,,,,,,2.3416,0.9228,2.3185,0.0,4.037300109863281,2.1916,2.3647,0.0,0.0,0.0,1.1535,2026-08-09
sv4-235,Larry,holofoil,Paradox Rift,235,Ultra Rare,Akira Komayama,Supporter,,Trainer,2023/11/03,"tcgplayer,cardmarket",https://prices.pokemontcg.io/tcgplayer/sv4-235,https://images.pokemontcg.io/sv4/235_hires.png,2026/08/08,2025/11/18,1.82,0.9700000286102295,2.0,20.0,,,,,,1.7879,1.0381,1.5226,0.0,1.6956000328063965,1.5226,1.7764,0.0,0.0,0.0,1.1535,2026-08-09
sv4-236,Mela,holofoil,Paradox Rift,236,Ultra Rare,kirisAki,Supporter,,Trainer,2023/11/03,"tcgplayer,cardmarket",https://prices.pokemontcg.io/tcgplayer/sv4-236,https://images.pokemontcg.io/sv4/236_hires.png,2026/08/08,2025/11/18,2.42,1.0,2.9000000953674316,20.0,,,,,,2.953,1.6149,2.7223,0.0,2.8722000122070312,3.0106,2.8838,0.0,0.0,0.0,1.1535,2026-08-09
sv4-237,Norman,holofoil,Paradox Rift,237,Ultra Rare,Hideki Ishikawa,Supporter,,Trainer,2023/11/03,"tcgplayer,cardmarket",https://prices.pokemontcg.io/tcgplayer/sv4-237,https://images.pokemontcg.io/sv4/237_hires.png,2026/08/08,2025/11/18,1.47,0.8899999856948853,1.5,12.420000076293945,,,,,,1.8802,0.5767,1.7879,0.0,1.499500036239624,1.8225,1.9263,0.0,0.0,0.0,1.1535,2026-08-09
sv4-238,Parasol Lady,holofoil,Paradox Rift,238,Ultra Rare,Cona Nitanda,Supporter,,Trainer,2023/11/03,"tcgplayer,cardmarket",https://prices.pokemontcg.io/tcgplayer/sv4-238,https://images.pokemontcg.io/sv4/238_hires.png,2026/08/08,2025/11/18,4.05,3.450000047683716,5.0,52.619998931884766,,,,,,4.2679,1.7302,3.8065,0.0,2.4570000171661377,3.3798,4.2218,0.0,0.0,0.0,1.1535,2026-08-09
sv4-239,Professor Sada's Vitality,holofoil,Paradox Rift,239,Ultra Rare,Megumi Mizutani,Supporter|Ancient,,Trainer,2023/11/03,"tcgplayer,cardmarket",https://prices.pokemontcg.io/tcgplayer/sv4-239,https://images.pokemontcg.io/sv4/239_hires.png,2026/08/08,2025/11/18,1.7,1.0,2.200000047683716,20.0,,,,,,4.764,2.2955,4.5909,0.0,4.740900039672852,4.3948,4.7178,0.0,0.0,0.0,1.1535,2026-08-09
sv4-240,Professor Turo's Scenario,holofoil,Paradox Rift,240,Ultra Rare,hncl,Supporter|Future,,Trainer,2023/11/03,"tcgplayer,cardmarket",https://prices.pokemontcg.io/tcgplayer/sv4-240,https://images.pokemontcg.io/sv4/240_hires.png,2026/08/08,2025/11/18,1.55,0.949999988079071,2.0,96.94999694824219,,,,,,5.0408,3.4605,4.8678,0.0,4.7754998207092285,4.8447,5.0985,0.0,0.0,0.0,1.1535,2026-08-09
sv4-241,Rika,holofoil,Paradox Rift,241,Ultra Rare,GIDORA,Supporter,,Trainer,2023/11/03,"tcgplayer,cardmarket",https://prices.pokemontcg.io/tcgplayer/sv4-241,https://images.pokemontcg.io/sv4/241_hires.png,2026/08/08,2025/11/18,2.66,1.5,2.740000009536743,17.389999389648438,,,,,,2.8491,1.0266,2.6761,0.0,3.4028000831604004,2.7915,2.8722,0.0,0.0,0.0,1.1535,2026-08-09
sv4-242,Roark,holofoil,Paradox Rift,242,Ultra Rare,Ryuta Fuse,Supporter,,Trainer,2023/11/03,"tcgplayer,cardmarket",https://prices.pokemontcg.io/tcgplayer/sv4-242,https://images.pokemontcg.io/sv4/242_hires.png,2026/08/08,2025/11/18,1.44,0.7900000214576721,1.5,20.0,,,,,,1.7187,0.9228,1.4765,0.0,1.9839999675750732,1.5457,1.6956,0.0,0.0,0.0,1.1535,2026-08-09
sv4-243,Shauntal,holofoil,Paradox Rift,243,Ultra Rare,En Morikura,Supporter,,Trainer,2023/11/03,"tcgplayer,cardmarket",https://prices.pokemontcg.io/tcgplayer/sv4-243,https://images.pokemontcg.io/sv4/243_hires.png,2026/08/08,2025/11/18,1.78,1.1699999570846558,2.0,20.0,,,,,,2.0994,0.5767,2.2147,0.0,1.7532999515533447,2.0878,2.0648,0.0,0.0,0.0,1.1535,2026-08-09
sv4-244,Tulip,holofoil,Paradox Rift,244,Ultra Rare,Naoki Saito,Supporter,,Trainer,2023/11/03,"tcgplayer,cardmarket",https://prices.pokemontcg.io/tcgplayer/sv4-244,https://images.pokemontcg.io/sv4/244_hires.png,2026/08/08,2025/11/18,4.45,2.8499999046325684,4.449999809265137,44.15999984741211,,,,,,3.6912,1.4995,3.7604,0.0,4.498600006103516,3.6566,3.5874,0.0,0.0,0.0,1.1535,2026-08-09
sv4-245,Garchomp ex,holofoil,Paradox Rift,245,Special Illustration Rare,Oswaldo KATO,Stage 2|Tera|ex,445,Pokémon,2023/11/03,"tcgplayer,cardmarket",https://prices.pokemontcg.io/tcgplayer/sv4-245,https://images.pokemontcg.io/sv4/245_hires.png,2026/08/08,2025/11/18,37.72,34.220001220703125,40.63999938964844,100.0,,,,,,29.3104,16.149,29.1951,0.0,28.826000213623047,29.3912,29.8987,0.0,0.0,0.0,1.1535,2026-08-09
sv4-246,Golisopod ex,holofoil,Paradox Rift,246,Special Illustration Rare,Oku,Stage 1|ex,768,Pokémon,2023/11/03,"tcgplayer,cardmarket",https://prices.pokemontcg.io/tcgplayer/sv4-246,https://images.pokemontcg.io/sv4/246_hires.png,2026/08/08,2025/11/18,27.86,23.5,27.8799991607666,181.22000122070312,,,,,,18.3637,16.0337,19.944,0.0,16.14900016784668,19.2981,18.2599,0.0,0.0,0.0,1.1535,2026-08-09
sv4-247,Tapu Koko ex,holofoil,Paradox Rift,247,Special Illustration Rare,Jerky,Basic|ex,785,Pokémon,2023/11/03,"tcgplayer,cardmarket",https://prices.pokemontcg.io/tcgplayer/sv4-247,https://images.pokemontcg.io/sv4/247_hires.png,2026/08/08,2025/11/18,18.82,16.809999465942383,20.989999771118164,74.98999786376953,,,,,,17.7178,12.677,16.645,0.0,19.574899673461914,17.1987,17.6716,0.0,0.0,0.0,1.1535,2026-08-09
sv4-248,Iron Hands ex,holofoil,Paradox Rift,248,Special Illustration Rare,Toshinao Aoki,Basic|ex|Future,992,Pokémon,2023/11/03,"tcgplayer,cardmarket",https://prices.pokemontcg.io/tcgplayer/sv4-248,https://images.pokemontcg.io/sv4/248_hires.png,2026/08/08,2025/11/18,12.81,10.4399995803833,13.470000267028809,210.1999969482422,,,,,,15.5723,10.3815,15.5261,0.0,14.880200386047363,15.4223,15.5838,0.0,0.0,0.0,1.1535,2026-08-09
sv4-249,Iron Valiant ex,holofoil,Paradox Rift,249,Special Illustration Rare,kantaro,Basic|ex|Future,1006,Pokémon,2023/11/03,"tcgplayer,cardmarket",https://prices.pokemontcg.io/tcgplayer/sv4-249,https://images.pokemontcg.io/sv4/249_hires.png,2026/08/08,2025/11/18,22.13,19.0,23.829999923706055,184.47000122070312,,,,,,24.8233,11.535,24.6503,0.0,39.21900177001953,24.6618,25.4347,0.0,0.0,0.0,1.1535,2026-08-09
sv4-250,Sandy Shocks ex,holofoil,Paradox Rift,250,Special Illustration Rare,Toshinao Aoki,Basic|ex|Ancient,989,Pokémon,2023/11/03,"tcgplayer,cardmarket",https://prices.pokemontcg.io/tcgplayer/sv4-250,https://images.pokemontcg.io/sv4/250_hires.png,2026/08/08,2025/11/18,8.63,7.0,9.260000228881836,26.989999771118164,,,,,,7.3132,5.7675,7.3709,0.0,7.9475998878479,7.1056,7.3363,0.0,0.0,0.0,1.1535,2026-08-09
sv4-251,Roaring Moon ex,holofoil,Paradox Rift,251,Special Illustration Rare,Ryota Murayama,Basic|ex|Ancient,1005,Pokémon,2023/11/03,"tcgplayer,cardmarket",https://prices.pokemontcg.io/tcgplayer/sv4-251,https://images.pokemontcg.io/sv4/251_hires.png,2026/08/08,2025/11/18,39.53,38.0,42.72999954223633,117.58000183105469,,,,,,48.3893,31.1445,54.5836,0.0,57.67499923706055,52.0459,49.6351,0.0,0.0,0.0,1.1535,2026-08-09
sv4-252,Gholdengo ex,holofoil,Paradox Rift,252,Special Illustration Rare,Akira Komayama,Stage 1|ex,1000,Pokémon,2023/11/03,"tcgplayer,cardmarket",https://prices.pokemontcg.io/tcgplayer/sv4-252,https://images.pokemontcg.io/sv4/252_hires.png,2026/08/08,2025/11/18,34.58,30.889999389648438,37.83000183105469,287.6400146484375,,,,,,28.7568,23.0123,28.2492,0.0,25.792299270629883,27.6955,28.9182,0.0,0.0,0.0,1.1535,2026-08-09
sv4-253,Altaria ex,holofoil,Paradox Rift,253,Special Illustration Rare,Jiro Sasumo,Stage 1|ex,334,Pokémon,2023/11/03,"tcgplayer,cardmarket",https://prices.pokemontcg.io/tcgplayer/sv4-253,https://images.pokemontcg.io/sv4/253_hires.png,2026/08/08,2025/11/18,57.31,45.45000076293945,61.58000183105469,999.0,,,,,,51.6307,39.219,55.0681,0.0,54.214500427246094,48.597,51.9767,0.0,0.0,0.0,1.1535,2026-08-09
sv4-254,Mela,holofoil,Paradox Rift,254,Special Illustration Rare,rika,Supporter,,Trainer,2023/11/03,"tcgplayer,cardmarket",https://prices.pokemontcg.io/tcgplayer/sv4-254,https://images.pokemontcg.io/sv4/254_hires.png,2026/08/08,2025/11/18,8.73,7.420000076293945,9.199999809265137,76.22000122070312,,,,,,7.2094,5.7675,7.5208,0.0,5.767499923706055,7.4055,7.2094,0.0,0.0,0.0,1.1535,2026-08-09
sv4-255,Parasol Lady,holofoil,Paradox Rift,255,Special Illustration Rare,En Morikura,Supporter,,Trainer,2023/11/03,"tcgplayer,cardmarket",https://prices.pokemontcg.io/tcgplayer/sv4-255,https://images.pokemontcg.io/sv4/255_hires.png,2026/08/08,2025/11/18,16.4,14.0,17.09000015258789,114.68000030517578,,,,,,13.3575,9.2165,13.4498,0.0,16.71419906616211,12.7,13.4037,0.0,0.0,0.0,1.1535,2026-08-09
sv4-256,Professor Sada's Vitality,holofoil,Paradox Rift,256,Special Illustration Rare,Ryota Murayama,Supporter|Ancient,,Trainer,2023/11/03,"tcgplayer,cardmarket",https://prices.pokemontcg.io/tcgplayer/sv4-256,https://images.pokemontcg.io/sv4/256_hires.png,2026/08/08,2025/11/18,8.59,7.0,9.0,68.80000305175781,,,,,,11.1774,6.3442,11.4312,0.0,9.597100257873535,11.1082,11.1659,0.0,0.0,0.0,1.1535,2026-08-09
sv4-257,Professor Turo's Scenario,holofoil,Paradox Rift,257,Special Illustration Rare,Atsushi Furusawa,Supporter|Future,,Trainer,2023/11/03,"tcgplayer,cardmarket",https://prices.pokemontcg.io/tcgplayer/sv4-257,https://images.pokemontcg.io/sv4/257_hires.png,2026/08/08,2025/11/18,5.41,4.0,6.139999866485596,29.989999771118164,,,,,,9.5164,8.0745,9.551,0.0,9.435600280761719,9.4241,9.5971,0.0,0.0,0.0,1.1535,2026-08-09
sv4-258,Rika,holofoil,Paradox Rift,258,Special Illustration Rare,kantaro,Supporter,,Trainer,2023/11/03,"tcgplayer,cardmarket",https://prices.pokemontcg.io/tcgplayer/sv4-258,https://images.pokemontcg.io/sv4/258_hires.png,2026/08/08,2025/11/18,8.57,7.340000152587891,9.460000038146973,49.880001068115234,,,,,,6.8172,5.1907,8.6974,0.0,10.023900032043457,8.5705,7.0133,0.0,0.0,0.0,1.1535,2026-08-09
sv4-259,Tulip,holofoil,Paradox Rift,259,Special Illustration Rare,AKIRA EGAWA,Supporter,,Trainer,2023/11/03,"tcgplayer,cardmarket",https://prices.pokemontcg.io/tcgplayer/sv4-259,https://images.pokemontcg.io/sv4/259_hires.png,2026/08/08,2025/11/18,8.87,6.900000095367432,9.210000038146973,79.83000183105469,,,,,,7.6823,6.102,8.0053,0.0,7.636199951171875,7.9476,7.7284,0.0,0.0,0.0,1.1535,2026-08-09
sv4-260,Garchomp ex,holofoil,Paradox Rift,260,Hyper Rare,5ban Graphics,Stage 2|Tera|ex,445,Pokémon,2023/11/03,"tcgplayer,cardmarket",https://prices.pokemontcg.io/tcgplayer/sv4-260,https://images.pokemontcg.io/sv4/260_hires.png,2026/08/08,2025/11/18,15.78,11.930000305175781,18.0,106.55999755859375,,,,,,10.6353,6.3442,10.1162,0.0,5.75600004196167,11.4773,10.6237,0.0,0.0,0.0,1.1535,2026-08-09
sv4-261,Iron Valiant ex,holofoil,Paradox Rift,261,Hyper Rare,aky CG Works,Basic|ex|Future,1006,Pokémon,2023/11/03,"tcgplayer,cardmarket",https://prices.pokemontcg.io/tcgplayer/sv4-261,https://images.pokemontcg.io/sv4/261_hires.png,2026/08/08,2025/11/18,5.03,3.890000104904175,5.78000020980835,19.950000762939453,,,,,,4.4064,2.8838,4.8332,0.0,4.740900039672852,4.7063,4.4294,0.0,0.0,0.0,1.1535,2026-08-09
sv4-262,Roaring Moon ex,holofoil,Paradox Rift,262,Hyper Rare,takuyoa,Basic|ex|Ancient,1005,Pokémon,2023/11/03,"tcgplayer,cardmarket",https://prices.pokemontcg.io/tcgplayer/sv4-262,https://images.pokemontcg.io/sv4/262_hires.png,2026/08/08,2025/11/18,6.7,4.989999771118164,7.820000171661377,61.040000915527344,,,,,,5.9059,3.4605,5.7906,0.0,5.698299884796143,5.7329,5.8828,0.0,0.0,0.0,1.1535,2026-08-09
sv4-263,Beach Court,holofoil,Paradox Rift,263,Hyper Rare,Oswaldo KATO,Stadium,,Trainer,2023/11/03,"tcgplayer,cardmarket",https://prices.pokemontcg.io/tcgplayer/sv4-263,https://images.pokemontcg.io/sv4/263_hires.png,2026/08/08,2025/11/18,2.57,1.7000000476837158,2.950000047683716,18.0,,,,,,3.3913,2.307,3.3913,0.0,3.7604000568389893,3.6566,3.4028,0.0,0.0,0.0,1.1535,2026-08-09
sv4-264,Counter Catcher,holofoil,Paradox Rift,264,Hyper Rare,Toyste Beach,Item,,Trainer,2023/11/03,"tcgplayer,cardmarket",https://prices.pokemontcg.io/tcgplayer/sv4-264,https://images.pokemontcg.io/sv4/264_hires.png,2026/08/08,2025/11/18,2.19,0.9900000095367432,3.0199999809265137,96.94999694824219,,,,,,7.3017,2.8838,6.8518,0.0,6.332699775695801,6.4596,7.1863,0.0,0.0,0.0,1.1535,2026-08-09
sv4-265,Luxurious Cape,holofoil,Paradox Rift,265,Hyper Rare,Toyste Beach,Pokémon Tool,,Trainer,2023/11/03,"tcgplayer,cardmarket",https://prices.pokemontcg.io/tcgplayer/sv4-265,https://images.pokemontcg.io/sv4/265_hires.png,2026/08/08,2025/11/18,2.61,1.9900000095367432,3.0,35.900001525878906,,,,,,3.4951,2.307,3.4951,0.0,3.4605000019073486,3.3451,3.4605,0.0,0.0,0.0,1.1535,2026-08-09
sv4-266,Reversal Energy,holofoil,Paradox Rift,266,Hyper Rare,,Special,,Energy,2023/11/03,"tcgplayer,cardmarket",https://prices.pokemontcg.io/tcgplayer/sv4-266,https://images.pokemontcg.io/sv4/266_hires.png,2026/08/08,2025/11/18,2.08,1.3700000047683716,3.0,42.900001525878906,,,,,,3.7143,2.2955,4.0257,0.0,5.767499923706055,3.472,3.7489,0.0,0.0,0.0,1.1535,2026-08-09
sv4pt5-1,Pineco,normal,Paldean Fates,1,Common,Kouki Saitou,Basic,204,Pokémon,2024/01/26,"tcgplayer,cardmarket",https://prices.pokemontcg.io/tcgplayer/sv4pt5-1,https://images.pokemontcg.io/sv4pt5/1_hires.png,2026/08/08,2026/07/01,0.05,0.009999999776482582,0.15000000596046448,20.0,,0.13,,,,0.0231,0.0231,0.0346,0.0807,0.023099999874830246,0.0231,0.0231,0.1038,0.0807,0.0923,1.1535,2026-08-09
sv4pt5-2,Forretress ex,holofoil,Paldean Fates,2,Double Rare,5ban Graphics,Stage 1|Tera|ex,205,Pokémon,2024/01/26,"tcgplayer,cardmarket",https://prices.pokemontcg.io/tcgplayer/sv4pt5-2,https://images.pokemontcg.io/sv4pt5/2_hires.png,2026/08/08,2026/07/01,0.61,0.28999999165534973,0.9800000190734863,40.0,,,,,,0.669,0.0346,0.6921,0.0,1.3380999565124512,0.7036,0.669,0.0,0.0,0.0,1.1535,2026-08-09
sv4pt5-9,Magmar,normal,Paldean Fates,9,Common,miki kudo,Basic,126,Pokémon,2024/01/26,"tcgplayer,cardmarket",https://prices.pokemontcg.io/tcgplayer/sv4pt5-9,https://images.pokemontcg.io/sv4pt5/9_hires.png,2026/08/08,2026/07/01,0.03,0.009999999776482582,0.15000000596046448,20.0,,0.24,,,,0.0346,0.0231,0.0346,0.1384,0.023099999874830246,0.0346,0.0346,0.15,0.1038,0.1384,1.1535,2026-08-09
sv4pt5-3,Maractus,normal,Paldean Fates,3,Common,Masako Tomii,Basic,556,Pokémon,2024/01/26,"tcgplayer,cardmarket",https://prices.pokemontcg.io/tcgplayer/sv4pt5-3,https://images.pokemontcg.io/sv4pt5/3_hires.png,2026/08/08,2026/07/01,0.03,0.009999999776482582,0.15000000596046448,1000.0,,0.18,,,,0.0346,0.0231,0.0346,0.0923,0.023099999874830246,0.0231,0.0346,0.0577,0.0577,0.0807,1.1535,2026-08-09
sv4pt5-10,Magmortar,holofoil,Paldean Fates,10,Rare,Hasuno,Stage 1,467,Pokémon,2024/01/26,"tcgplayer,cardmarket",https://prices.pokemontcg.io/tcgplayer/sv4pt5-10,https://images.pokemontcg.io/sv4pt5/10_hires.png,2026/08/08,2026/07/01,0.17,0.009999999776482582,0.20000000298023224,99.0,,0.19,,,,0.0692,0.0231,0.0923,0.1615,0.03460000082850456,0.0692,0.0692,0.1038,0.1384,0.15,1.1535,2026-08-09
sv4pt5-13,Heat Rotom,holofoil,Paldean Fates,13,Rare,Scav,Basic,479,Pokémon,2024/01/26,"tcgplayer,cardmarket",https://prices.pokemontcg.io/tcgplayer/sv4pt5-13,https://images.pokemontcg.io/sv4pt5/13_hires.png,2026/08/08,2026/07/01,0.1,0.009999999776482582,0.20000000298023224,99.0,,0.19,,,,0.0692,0.0231,0.0577,0.1846,0.06920000165700912,0.0692,0.0807,0.2192,0.2076,0.1846,1.1535,2026-08-09
sv4pt5-16,Lapras,normal,Paldean Fates,16,Common,Gemi,Basic,131,Pokémon,2024/01/26,"tcgplayer,cardmarket",https://prices.pokemontcg.io/tcgplayer/sv4pt5-16,https://images.pokemontcg.io/sv4pt5/16_hires.png,2026/08/08,2026/06/30,0.08,0.009999999776482582,0.15000000596046448,20.0,,0.21,,,,0.0346,0.0231,0.0461,0.15,0.023099999874830246,0.0461,0.0461,0.1269,0.1154,0.15,1.1535,2026-08-09
sv4pt5-18,Pikachu,normal,Paldean Fates,18,Common,OKACHEKE,Basic,25,Pokémon,2024/01/26,"tcgplayer,cardmarket",https://prices.pokemontcg.io/tcgplayer/sv4pt5-18,https://images.pokemontcg.io/sv4pt5/18_hires.png,2026/08/08,2026/06/30,0.23,0.029999999329447746,0.25,20.0,,0.3,,,,0.1038,0.0231,0.1038,0.2538,0.12690000236034393,0.1154,0.1154,0.4845,0.2538,0.2538,1.1535,2026-08-09
sv4pt5-12,Camerupt,normal,Paldean Fates,12,Uncommon,satoma,Stage 1,323,Pokémon,2024/01/26,"tcgplayer,cardmarket",https://prices.pokemontcg.io/tcgplayer/sv4pt5-12,https://images.pokemontcg.io/sv4pt5/12_hires.png,2026/08/08,2026/06/30,0.04,0.009999999776482582,0.15000000596046448,20.0,,0.2,,,,0.0346,0.0231,0.0577,0.1154,0.023099999874830246,0.0346,0.0346,0.0346,0.1269,0.1154,1.1535,2026-08-09
sv4pt5-14,Charcadet,normal,Paldean Fates,14,Common,nagimiso,Basic,935,Pokémon,2024/01/26,"tcgplayer,cardmarket",https://prices.pokemontcg.io/tcgplayer/sv4pt5-14,https://images.pokemontcg.io/sv4pt5/14_hires.png,2026/08/08,2026/06/30,0.05,0.009999999776482582,0.15000000596046448,19.979999542236328,,0.12,,,,0.0346,0.0231,0.0346,0.0923,0.023099999874830246,0.0461,0.0346,0.0461,0.0692,0.0923,1.1535,2026-08-09
sv4pt5-22,Kilowattrel,normal,Paldean Fates,22,Uncommon,AKIRA EGAWA,Stage 1,941,Pokémon,2024/01/26,"tcgplayer,cardmarket",https://prices.pokemontcg.io/tcgplayer/sv4pt5-22,https://images.pokemontcg.io/sv4pt5/22_hires.png,2026/08/08,2026/06/30,0.04,0.009999999776482582,0.15000000596046448,20.0,,0.19,,,,0.0346,0.0231,0.0461,0.1269,0.023099999874830246,0.0346,0.0346,0.0577,0.1154,0.1154,1.1535,2026-08-09
sv4pt5-23,Exeggcute,normal,Paldean Fates,23,Common,Kariya,Basic,102,Pokémon,2024/01/26,"tcgplayer,cardmarket",https://prices.pokemontcg.io/tcgplayer/sv4pt5-23,https://images.pokemontcg.io/sv4pt5/23_hires.png,2026/08/08,2026/06/30,0.03,0.009999999776482582,0.15000000596046448,20.0,,0.17,,,,0.0346,0.0231,0.0346,0.1038,0.023099999874830246,0.0231,0.0346,0.1154,0.0923,0.1038,1.1535,2026-08-09
sv4pt5-25,Natu,normal,Paldean Fates,25,Common,Teeziro,Basic,177,Pokémon,2024/01/26,"tcgplayer,cardmarket",https://prices.pokemontcg.io/tcgplayer/sv4pt5-25,https://images.pokemontcg.io/sv4pt5/25_hires.png,2026/08/08,2026/06/30,0.1,0.009999999776482582,0.15000000596046448,19.979999542236328,,0.22,,,,0.0346,0.0231,0.0461,0.0923,0.023099999874830246,0.0231,0.0346,0.173,0.0807,0.0923,1.1535,2026-08-09
sv4pt5-4,Toedscool,normal,Paldean Fates,4,Common,Shin Nagasawa,Basic,948,Pokémon,2024/01/26,"tcgplayer,cardmarket",https://prices.pokemontcg.io/tcgplayer/sv4pt5-4,https://images.pokemontcg.io/sv4pt5/4_hires.png,2026/08/08,2026/06/30,0.03,0.009999999776482582,0.15000000596046448,19.979999542236328,,0.12,,,,0.0346,0.0231,0.0346,0.0807,0.03460000082850456,0.0231,0.0346,0.0692,0.0923,0.0923,1.1535,2026-08-09
sv4pt5-5,Toedscruel ex,holofoil,Paldean Fates,5,Double Rare,5ban Graphics,Stage 1|ex,949,Pokémon,2024/01/26,"tcgplayer,cardmarket",https://prices.pokemontcg.io/tcgplayer/sv4pt5-5,https://images.pokemontcg.io/sv4pt5/5_hires.png,2026/08/08,2026/06/30,0.62,0.23999999463558197,0.949999988079071,30.0,,,,,,0.6344,0.0231,0.5652,0.0,0.46140000224113464,0.6114,0.6229,0.0,0.0,0.0,1.1535,2026-08-09
sv4pt5-6,Espathra ex,holofoil,Paldean Fates,6,Double Rare,takuyoa,Stage 1|Tera|ex,956,Pokémon,2024/01/26,"tcgplayer,cardmarket",https://prices.pokemontcg.io/tcgplayer/sv4pt5-6,https://images.pokemontcg.io/sv4pt5/6_hires.png,2026/08/08,2026/06/20,0.58,0.10000000149011612,0.8999999761581421,19.420000076293945,,,,,,0.6806,0.0346,0.5537,0.0,0.911300003528595,0.669,0.7267,0.0,0.0,0.0,1.1535,2026-08-09
sv4pt5-7,Charmander,normal,Paldean Fates,7,Common,GIDORA,Basic,4,Pokémon,2024/01/26,"tcgplayer,cardmarket",https://prices.pokemontcg.io/tcgplayer/sv4pt5-7,https://images.pokemontcg.io/sv4pt5/7_hires.png,2026/08/08,2026/06/20,0.16,0.05000000074505806,0.20000000298023224,20.0,,0.31,,,,0.1038,0.0231,0.1038,0.2422,0.023099999874830246,0.0577,0.1038,0.0231,0.2307,0.2422,1.1535,2026-08-09
sv4pt5-17,Frigibax,normal,Paldean Fates,17,Common,rika,Basic,996,Pokémon,2024/01/26,"tcgplayer,cardmarket",https://prices.pokemontcg.io/tcgplayer/sv4pt5-17,https://images.pokemontcg.io/sv4pt5/17_hires.png,2026/08/08,2026/06/20,0.08,0.009999999776482582,0.15000000596046448,19.979999542236328,,0.2,,,,0.0346,0.0231,0.0461,0.1038,0.023099999874830246,0.0461,0.0346,0.173,0.1384,0.1154,1.1535,2026-08-09
sv4pt5-19,Raichu,holofoil,Paldean Fates,19,Rare,Naoyo Kimura,Stage 1,26,Pokémon,2024/01/26,"tcgplayer,cardmarket",https://prices.pokemontcg.io/tcgplayer/sv4pt5-19,https://images.pokemontcg.io/sv4pt5/19_hires.png,2026/08/08,2026/06/20,0.22,0.009999999776482582,0.25,99.0,,0.29,,,,0.1384,0.0231,0.1269,0.2422,0.06920000165700912,0.1269,0.1269,0.1615,0.2076,0.2422,1.1535,2026-08-09
sv4pt5-20,Chinchou,normal,Paldean Fates,20,Common,yuu,Basic,170,Pokémon,2024/01/26,"tcgplayer,cardmarket",https://prices.pokemontcg.io/tcgplayer/sv4pt5-20,https://images.pokemontcg.io/sv4pt5/20_hires.png,2026/08/08,2026/06/20,0.03,0.009999999776482582,0.15000000596046448,20.0,,0.09,,,,0.0346,0.0231,0.0346,0.0923,0.023099999874830246,0.0346,0.0346,0.2884,0.1384,0.0923,1.1535,2026-08-09
sv4pt5-8,Charmeleon,normal,Paldean Fates,8,Uncommon,Tonji Matsuno,Stage 1,5,Pokémon,2024/01/26,"tcgplayer,cardmarket",https://prices.pokemontcg.io/tcgplayer/sv4pt5-8,https://images.pokemontcg.io/sv4pt5/8_hires.png,2026/08/08,2026/06/20,0.13,0.009999999776482582,0.17000000178813934,1000.0,,0.29,,,,0.0807,0.0231,0.0692,0.2538,0.023099999874830246,0.0692,0.0692,0.2422,0.1961,0.2653,1.1535,2026-08-09
sv4pt5-11,Numel,normal,Paldean Fates,11,Common,Mina Nakai,Basic,322,Pokémon,2024/01/26,"tcgplayer,cardmarket",https://prices.pokemontcg.io/tcgplayer/sv4pt5-11,https://images.pokemontcg.io/sv4pt5/11_hires.png,2026/08/08,2026/06/20,0.03,0.009999999776482582,0.15000000596046448,20.0,,0.14,,,,0.0346,0.0231,0.0346,0.0807,0.023099999874830246,0.0231,0.0346,0.0923,0.0807,0.0807,1.1535,2026-08-09
sv4pt5-15,Armarouge,holofoil,Paldean Fates,15,Rare,AKIRA EGAWA,Stage 1,936,Pokémon,2024/01/26,"tcgplayer,cardmarket",https://prices.pokemontcg.io/tcgplayer/sv4pt5-15,https://images.pokemontcg.io/sv4pt5/15_hires.png,2026/08/08,2026/06/08,0.24,0.009999999776482582,0.23000000417232513,99.0,,0.22,,,,0.0807,0.0231,0.0807,0.2192,0.11540000140666962,0.0923,0.0807,0.2076,0.15,0.2192,1.1535,2026-08-09
sv4pt5-21,Lanturn,normal,Paldean Fates,21,Uncommon,aspara,Stage 1,171,Pokémon,2024/01/26,"tcgplayer,cardmarket",https://prices.pokemontcg.io/tcgplayer/sv4pt5-21,https://images.pokemontcg.io/sv4pt5/21_hires.png,2026/08/08,2026/05/11,0.04,0.009999999776482582,0.15000000596046448,20.0,,0.19,,,,0.0346,0.0231,0.0346,0.15,0.03460000082850456,0.0346,0.0346,0.1154,0.1038,0.1384,1.1535,2026-08-09
sv4pt5-24,Exeggutor,holofoil,Paldean Fates,24,Rare,Yoriyuki Ikegami,Stage 1,103,Pokémon,2024/01/26,"tcgplayer,cardmarket",https://prices.pokemontcg.io/tcgplayer/sv4pt5-24,https://images.pokemontcg.io/sv4pt5/24_hires.png,2026/08/08,2026/05/07,0.21,0.009999999776482582,0.20999999344348907,20.0,,0.2,,,,0.0692,0.0231,0.1038,0.173,0.08070000261068344,0.1154,0.0807,0.173,0.1615,0.173,1.1535,2026-08-09
sv4pt5-26,Xatu,holofoil,Paldean Fates,26,Rare,DOM,Stage 1,178,Pokémon,2024/01/26,"tcgplayer,cardmarket",https://prices.pokemontcg.io/tcgplayer/sv4pt5-26,https://images.pokemontcg.io/sv4pt5/26_hires.png,2026/08/08,2026/05/07,0.2,0.009999999776482582,0.2199999988079071,99.0,,0.3,,,,0.0923,0.0231,0.0923,0.1961,0.09229999780654907,0.1154,0.0807,0.1154,0.1384,0.1961,1.1535,2026-08-09
sv4pt5-29,Gardevoir ex,holofoil,Paldean Fates,29,Double Rare,N-DESIGN Inc.,Stage 2|ex,282,Pokémon,2024/01/26,"tcgplayer,cardmarket",https://prices.pokemontcg.io/tcgplayer/sv4pt5-29,https://images.pokemontcg.io/sv4pt5/29_hires.png,2026/08/08,2026/03/11,0.74,0.30000001192092896,0.9100000262260437,18.239999771118164,,,,,,0.7152,0.0577,0.7959,0.0,1.2111999988555908,0.7959,0.7382,0.0,0.0,0.0,1.1535,2026-08-09
sv4pt5-30,Chimecho,normal,Paldean Fates,30,Common,sui,Basic,358,Pokémon,2024/01/26,"tcgplayer,cardmarket",https://prices.pokemontcg.io/tcgplayer/sv4pt5-30,https://images.pokemontcg.io/sv4pt5/30_hires.png,2026/08/08,2026/03/11,0.04,0.009999999776482582,0.15000000596046448,20.0,,0.11,,,,0.0231,0.0231,0.0346,0.0923,0.023099999874830246,0.0346,0.0231,0.1154,0.0807,0.0923,1.1535,2026-08-09
sv4pt5-43,Houndstone,holofoil,Paldean Fates,43,Rare,Kouki Saitou,Stage 1,972,Pokémon,2024/01/26,"tcgplayer,cardmarket",https://prices.pokemontcg.io/tcgplayer/sv4pt5-43,https://images.pokemontcg.io/sv4pt5/43_hires.png,2026/08/08,2026/03/11,0.14,0.009999999776482582,0.20000000298023224,99.0,,0.18,,,,0.0923,0.0231,0.1038,0.1154,0.04610000178217888,0.0692,0.0807,0.0577,0.1154,0.1269,1.1535,2026-08-09
sv4pt5-47,Annihilape,holofoil,Paldean Fates,47,Rare,Anesaki Dynamic,Stage 2,979,Pokémon,2024/01/26,"tcgplayer,cardmarket",https://prices.pokemontcg.io/tcgplayer/sv4pt5-47,https://images.pokemontcg.io/sv4pt5/47_hires.png,2026/08/08,2026/03/11,0.19,0.009999999776482582,0.20000000298023224,99.0,,0.21,,,,0.1038,0.0231,0.0923,0.1615,0.08070000261068344,0.0807,0.0923,0.0346,0.1846,0.173,1.1535,2026-08-09
sv4pt5-60,Scraggy,normal,Paldean Fates,60,Common,sowsow,Basic,559,Pokémon,2024/01/26,"tcgplayer,cardmarket",https://prices.pokemontcg.io/tcgplayer/sv4pt5-60,https://images.pokemontcg.io/sv4pt5/60_hires.png,2026/08/08,2026/03/11,0.03,0.009999999776482582,0.15000000596046448,19.979999542236328,,0.14,,,,0.0346,0.0231,0.0231,0.0807,0.023099999874830246,0.0231,0.0346,0.0346,0.0692,0.0807,1.1535,2026-08-09
sv4pt5-32,Woobat,normal,Paldean Fates,32,Common,Kagemaru Himeno,Basic,527,Pokémon,2024/01/26,"tcgplayer,cardmarket",https://prices.pokemontcg.io/tcgplayer/sv4pt5-32,https://images.pokemontcg.io/sv4pt5/32_hires.png,2026/08/08,2026/03/11,0.03,0.009999999776482582,0.15000000596046448,20.0,,0.15,,,,0.0231,0.0231,0.0231,0.0692,0.023099999874830246,0.0231,0.0231,0.0346,0.0692,0.0692,1.1535,2026-08-09
sv4pt5-71,Lechonk,normal,Paldean Fates,71,Common,Mina Nakai,Basic,915,Pokémon,2024/01/26,"tcgplayer,cardmarket",https://prices.pokemontcg.io/tcgplayer/sv4pt5-71,https://images.pokemontcg.io/sv4pt5/71_hires.png,2026/08/08,2026/03/11,0.04,0.009999999776482582,0.15000000596046448,20.0,,0.17,,,,0.0231,0.0231,0.0346,0.0807,0.023099999874830246,0.0346,0.0231,0.0231,0.0807,0.0807,1.1535,2026-08-09
sv4pt5-79,Electric Generator,normal,Paldean Fates,79,Uncommon,Toyste Beach,Item,,Trainer,2024/01/26,"tcgplayer,cardmarket",https://prices.pokemontcg.io/tcgplayer/sv4pt5-79,https://images.pokemontcg.io/sv4pt5/79_hires.png,2026/08/08,2026/03/11,0.18,0.009999999776482582,0.1899999976158142,19.979999542236328,,0.23,,,,0.0346,0.0231,0.0346,0.173,0.023099999874830246,0.0577,0.0461,0.0577,0.1615,0.15,1.1535,2026-08-09
sv4pt5-33,Swoobat,normal,Paldean Fates,33,Uncommon,Narumi Sato,Stage 1,528,Pokémon,2024/01/26,"tcgplayer,cardmarket",https://prices.pokemontcg.io/tcgplayer/sv4pt5-33,https://images.pokemontcg.io/sv4pt5/33_hires.png,2026/08/08,2026/03/11,0.03,0.009999999776482582,0.15000000596046448,20.0,,0.17,,,,0.0231,0.0231,0.0231,0.1154,0.023099999874830246,0.0346,0.0231,0.0461,0.1038,0.1154,1.1535,2026-08-09
sv4pt5-84,Nest Ball,normal,Paldean Fates,84,Uncommon,Toyste Beach,Item,,Trainer,2024/01/26,"tcgplayer,cardmarket",https://prices.pokemontcg.io/tcgplayer/sv4pt5-84,https://images.pokemontcg.io/sv4pt5/84_hires.png,2026/08/08,2026/03/11,0.24,0.009999999776482582,0.25,19.18000030517578,,0.48,,,,0.173,0.0231,0.1615,0.3114,0.219200000166893,0.1846,0.1846,0.3114,0.2768,0.2999,1.1535,2026-08-09
sv4pt5-36,Dedenne,normal,Paldean Fates,36,Common,Tika Matsuno,Basic,702,Pokémon,2024/01/26,"tcgplayer,cardmarket",https://prices.pokemontcg.io/tcgplayer/sv4pt5-36,https://images.pokemontcg.io/sv4pt5/36_hires.png,2026/08/08,2026/03/11,0.15,0.009999999776482582,0.17000000178813934,1000.0,,0.24,,,,0.0346,0.0231,0.0346,0.1038,0.023099999874830246,0.0346,0.0346,0.0461,0.0923,0.1038,1.1535,2026-08-09
sv4pt5-85,Paldean Student,normal,Paldean Fates,85,Common,Cona Nitanda,Supporter,,Trainer,2024/01/26,"tcgplayer,cardmarket",https://prices.pokemontcg.io/tcgplayer/sv4pt5-85,https://images.pokemontcg.io/sv4pt5/85_hires.png,2026/08/08,2026/03/11,0.03,0.009999999776482582,0.15000000596046448,20.09000015258789,,0.12,,,,0.0346,0.0231,0.0346,0.0923,0.023099999874830246,0.0461,0.0346,0.0346,0.1154,0.0923,1.1535,2026-08-09
sv4pt5-38,Fidough,normal,Paldean Fates,38,Common,Mizue,Basic,926,Pokémon,2024/01/26,"tcgplayer,cardmarket",https://prices.pokemontcg.io/tcgplayer/sv4pt5-38,https://images.pokemontcg.io/sv4pt5/38_hires.png,2026/08/08,2026/03/11,0.09,0.009999999776482582,0.15000000596046448,20.0,,0.19,,,,0.0346,0.0231,0.0346,0.1038,0.03460000082850456,0.0346,0.0346,0.0346,0.15,0.1154,1.1535,2026-08-09
sv4pt5-86,Paldean Student,normal,Paldean Fates,86,Common,Naoki Saito,Supporter,,Trainer,2024/01/26,"tcgplayer,cardmarket",https://prices.pokemontcg.io/tcgplayer/sv4pt5-86,https://images.pokemontcg.io/sv4pt5/86_hires.png,2026/08/08,2026/03/11,0.03,0.009999999776482582,0.15000000596046448,19.979999542236328,,0.12,,,,0.0461,0.0231,0.0346,0.0923,0.023099999874830246,0.0231,0.0577,0.0346,0.0923,0.0923,1.1535,2026-08-09
sv4pt5-39,Dachsbun,normal,Paldean Fates,39,Uncommon,You Iribi,Stage 1,927,Pokémon,2024/01/26,"tcgplayer,cardmarket",https://prices.pokemontcg.io/tcgplayer/sv4pt5-39,https://images.pokemontcg.io/sv4pt5/39_hires.png,2026/08/08,2026/03/11,0.11,0.009999999776482582,0.15000000596046448,20.0,,0.24,,,,0.0346,0.0231,0.0346,0.1269,0.03460000082850456,0.0231,0.0346,0.0231,0.1615,0.1384,1.1535,2026-08-09
sv4pt5-90,Technical Machine: Crisis Punch,normal,Paldean Fates,90,Uncommon,Studio Bora Inc.,Pokémon Tool,,Trainer,2024/01/26,"tcgplayer,cardmarket",https://prices.pokemontcg.io/tcgplayer/sv4pt5-90,https://images.pokemontcg.io/sv4pt5/90_hires.png,2026/08/08,2026/02/22,0.07,0.009999999776482582,0.15000000596046448,19.979999542236328,,0.2,,,,0.0461,0.0231,0.0577,0.2076,0.023099999874830246,0.0577,0.0461,0.0692,0.1154,0.1846,1.1535,2026-08-09
sv4pt5-41,Flittle,normal,Paldean Fates,41,Common,kawayoo,Basic,955,Pokémon,2024/01/26,"tcgplayer,cardmarket",https://prices.pokemontcg.io/tcgplayer/sv4pt5-41,https://images.pokemontcg.io/sv4pt5/41_hires.png,2026/08/08,2026/02/22,0.04,0.009999999776482582,0.15000000596046448,19.979999542236328,,0.16,,,,0.0346,0.0231,0.0231,0.0807,0.023099999874830246,0.0231,0.0346,0.1038,0.0692,0.0807,1.1535,2026-08-09
sv4pt5-91,Ultra Ball,normal,Paldean Fates,91,Uncommon,Ayaka Yoshida,Item,,Trainer,2024/01/26,"tcgplayer,cardmarket",https://prices.pokemontcg.io/tcgplayer/sv4pt5-91,https://images.pokemontcg.io/sv4pt5/91_hires.png,2026/08/08,2026/02/22,0.2,0.009999999776482582,0.23999999463558197,18.860000610351562,,0.87,,,,0.0923,0.0231,0.1269,0.2884,0.09229999780654907,0.1615,0.1154,0.4037,0.2307,0.2538,1.1535,2026-08-09
sv4pt5-44,Gimmighoul,normal,Paldean Fates,44,Common,OKUBO,Basic,999,Pokémon,2024/01/26,"tcgplayer,cardmarket",https://prices.pokemontcg.io/tcgplayer/sv4pt5-44,https://images.pokemontcg.io/sv4pt5/44_hires.png,2026/08/08,2026/02/19,0.13,0.009999999776482582,0.15000000596046448,25.0,,0.13,,,,0.0346,0.0231,0.0231,0.0923,0.023099999874830246,0.0231,0.0346,0.1154,0.1038,0.0923,1.1535,2026-08-09
sv4pt5-95,Scyther,holofoil,Paldean Fates,95,Shiny Rare,Hitoshi Ariga,Basic,123,Pokémon,2024/01/26,"tcgplayer,cardmarket",https://prices.pokemontcg.io/tcgplayer/sv4pt5-95,https://images.pokemontcg.io/sv4pt5/95_hires.png,2026/08/08,2026/02/19,10.86,9.819999694824219,11.489999771118164,80.0,,,,,,8.905,3.4605,10.2661,0.0,7.843800067901611,13.4152,8.7089,0.0,0.0,0.0,1.1535,2026-08-09
sv4pt5-50,Barboach,normal,Paldean Fates,50,Common,ryoma uratsuka,Basic,339,Pokémon,2024/01/26,"tcgplayer,cardmarket",https://prices.pokemontcg.io/tcgplayer/sv4pt5-50,https://images.pokemontcg.io/sv4pt5/50_hires.png,2026/08/08,2026/02/19,0.02,0.009999999776482582,0.15000000596046448,20.0,,0.18,,,,0.0346,0.0231,0.0231,0.0923,0.03460000082850456,0.0231,0.0346,0.0231,0.0692,0.0807,1.1535,2026-08-09
sv4pt5-99,Pineco,holofoil,Paldean Fates,99,Shiny Rare,Scav,Basic,204,Pokémon,2024/01/26,"tcgplayer,cardmarket",https://prices.pokemontcg.io/tcgplayer/sv4pt5-99,https://images.pokemontcg.io/sv4pt5/99_hires.png,2026/08/08,2026/02/19,2.26,2.0,2.5399999618530273,36.2599983215332,,,,,,3.1491,1.1535,2.9414,0.0,3.4028000831604004,3.1145,3.1721,0.0,0.0,0.0,1.1535,2026-08-09
sv4pt5-51,Clobbopus,normal,Paldean Fates,51,Common,Kedamahadaitai Yawarakai,Basic,852,Pokémon,2024/01/26,"tcgplayer,cardmarket",https://prices.pokemontcg.io/tcgplayer/sv4pt5-51,https://images.pokemontcg.io/sv4pt5/51_hires.png,2026/08/08,2026/02/04,0.05,0.009999999776482582,0.15000000596046448,19.979999542236328,,0.15,,,,0.0346,0.0231,0.0346,0.0807,0.023099999874830246,0.0577,0.0346,0.0346,0.0461,0.0807,1.1535,2026-08-09
sv4pt5-100,Snover,holofoil,Paldean Fates,100,Shiny Rare,Saya Tsuruta,Basic,459,Pokémon,2024/01/26,"tcgplayer,cardmarket",https://prices.pokemontcg.io/tcgplayer/sv4pt5-100,https://images.pokemontcg.io/sv4pt5/100_hires.png,2026/08/08,2026/02/04,2.98,1.8700000047683716,3.0299999713897705,27.799999237060547,,,,,,2.8376,1.7072,2.8722,0.0,3.4489998817443848,2.8722,2.8838,0.0,0.0,0.0,1.1535,2026-08-09
sv4pt5-52,Grapploct,normal,Paldean Fates,52,Uncommon,Sanosuke Sakuma,Stage 1,853,Pokémon,2024/01/26,"tcgplayer,cardmarket",https://prices.pokemontcg.io/tcgplayer/sv4pt5-52,https://images.pokemontcg.io/sv4pt5/52_hires.png,2026/08/08,2026/02/04,0.04,0.009999999776482582,0.15000000596046448,20.0,,0.19,,,,0.0231,0.0231,0.0346,0.1384,0.023099999874830246,0.0346,0.0231,0.1154,0.0807,0.1269,1.1535,2026-08-09
sv4pt5-101,Abomasnow,holofoil,Paldean Fates,101,Shiny Rare,Hitoshi Ariga,Stage 1,460,Pokémon,2024/01/26,"tcgplayer,cardmarket",https://prices.pokemontcg.io/tcgplayer/sv4pt5-101,https://images.pokemontcg.io/sv4pt5/101_hires.png,2026/08/08,2026/02/04,3.35,1.690000057220459,3.2300000190734863,28.100000381469727,,,,,,2.6069,1.0381,2.307,0.0,1.7302000522613525,2.0648,2.5723,0.0,0.0,0.0,1.1535,2026-08-09
sv4pt5-58,Paldean Wooper,normal,Paldean Fates,58,Common,Kouki Saitou,Basic,194,Pokémon,2024/01/26,"tcgplayer,cardmarket",https://prices.pokemontcg.io/tcgplayer/sv4pt5-58,https://images.pokemontcg.io/sv4pt5/58_hires.png,2026/08/08,2026/02/04,0.15,0.009999999776482582,0.18000000715255737,1000.0,,0.24,,,,0.0461,0.0231,0.0461,0.1154,0.023099999874830246,0.0461,0.0461,0.0231,0.1038,0.1154,1.1535,2026-08-09
sv4pt5-64,Varoom,normal,Paldean Fates,64,Common,Tetsu Kayama,Basic,965,Pokémon,2024/01/26,"tcgplayer,cardmarket",https://prices.pokemontcg.io/tcgplayer/sv4pt5-64,https://images.pokemontcg.io/sv4pt5/64_hires.png,2026/08/08,2026/02/04,0.03,0.009999999776482582,0.15000000596046448,20.0,,0.12,,,,0.0346,0.0231,0.0461,0.1038,0.05770000070333481,0.0461,0.0346,0.1154,0.0692,0.1038,1.1535,2026-08-09
sv4pt5-70,Cyclizar,holofoil,Paldean Fates,70,Rare,GIDORA,Basic,967,Pokémon,2024/01/26,"tcgplayer,cardmarket",https://prices.pokemontcg.io/tcgplayer/sv4pt5-70,https://images.pokemontcg.io/sv4pt5/70_hires.png,2026/08/08,2026/02/04,0.13,0.009999999776482582,0.20000000298023224,99.0,,0.23,,,,0.0692,0.0231,0.0577,0.1269,0.05770000070333481,0.0577,0.0692,0.1154,0.1269,0.1269,1.1535,2026-08-09
sv4pt5-72,Oinkologne,normal,Paldean Fates,72,Uncommon,Akira Komayama,Stage 1,916,Pokémon,2024/01/26,"tcgplayer,cardmarket",https://prices.pokemontcg.io/tcgplayer/sv4pt5-72,https://images.pokemontcg.io/sv4pt5/72_hires.png,2026/08/08,2026/02/04,0.06,0.009999999776482582,0.15000000596046448,20.0,,0.17,,,,0.0346,0.0231,0.0461,0.1154,0.023099999874830246,0.0461,0.0346,0.1154,0.1154,0.1154,1.1535,2026-08-09
sv4pt5-73,Tandemaus,normal,Paldean Fates,73,Common,Oswaldo KATO,Basic,924,Pokémon,2024/01/26,"tcgplayer,cardmarket",https://prices.pokemontcg.io/tcgplayer/sv4pt5-73,https://images.pokemontcg.io/sv4pt5/73_hires.png,2026/08/08,2026/02/01,0.21,0.009999999776482582,0.20000000298023224,19.979999542236328,,0.29,,,,0.0461,0.0231,0.0692,0.1038,0.03460000082850456,0.0692,0.0346,0.1154,0.0923,0.1038,1.1535,2026-08-09
sv4pt5-78,Clive,normal,Paldean Fates,78,Uncommon,GOSSAN,Supporter,,Trainer,2024/01/26,"tcgplayer,cardmarket",https://prices.pokemontcg.io/tcgplayer/sv4pt5-78,https://images.pokemontcg.io/sv4pt5/78_hires.png,2026/08/08,2026/02/01,0.07,0.009999999776482582,0.15000000596046448,2.0399999618530273,,0.18,,,,0.0346,0.0231,0.0577,0.1384,0.04610000178217888,0.0461,0.0346,0.0577,0.0923,0.1384,1.1535,2026-08-09
sv4pt5-82,Nemona,normal,Paldean Fates,82,Common,Sanosuke Sakuma,Supporter,,Trainer,2024/01/26,"tcgplayer,cardmarket",https://prices.pokemontcg.io/tcgplayer/sv4pt5-82,https://images.pokemontcg.io/sv4pt5/82_hires.png,2026/08/08,2026/02/01,0.09,0.009999999776482582,0.15000000596046448,1000.0,,0.11,,,,0.0577,0.0231,0.0577,0.1154,0.03460000082850456,0.0577,0.0577,0.0461,0.0807,0.1154,1.1535,2026-08-09
sv4pt5-87,Professor's Research,holofoil,Paldean Fates,87,Rare,kirisAki,Supporter,,Trainer,2024/01/26,"tcgplayer,cardmarket",https://prices.pokemontcg.io/tcgplayer/sv4pt5-87,https://images.pokemontcg.io/sv4pt5/87_hires.png,2026/08/08,2026/02/01,0.16,0.009999999776482582,0.20000000298023224,99.0,,0.19,,,,0.173,0.0231,0.1038,0.1846,0.10379999876022339,0.0923,0.1615,0.0807,0.1269,0.1846,1.1535,2026-08-09
sv4pt5-88,Professor's Research,holofoil,Paldean Fates,88,Rare,kirisAki,Supporter,,Trainer,2024/01/26,"tcgplayer,cardmarket",https://prices.pokemontcg.io/tcgplayer/sv4pt5-88,https://images.pokemontcg.io/sv4pt5/88_hires.png,2026/08/08,2026/02/01,0.17,0.009999999776482582,0.20000000298023224,99.0,,0.18,,,,0.0923,0.0231,0.0461,0.1846,0.05770000070333481,0.0346,0.0807,0.1384,0.1384,0.1846,1.1535,2026-08-09
sv4pt5-89,Rare Candy,normal,Paldean Fates,89,Common,Studio Bora Inc.,Item,,Trainer,2024/01/26,"tcgplayer,cardmarket",https://prices.pokemontcg.io/tcgplayer/sv4pt5-89,https://images.pokemontcg.io/sv4pt5/89_hires.png,2026/08/08,2026/01/21,0.19,0.009999999776482582,0.2199999988079071,19.579999923706055,,0.34,,,,0.1154,0.0231,0.0807,0.1961,0.09229999780654907,0.0807,0.1038,0.2884,0.15,0.1846,1.1535,2026-08-09
sv4pt5-93,Gloom,holofoil,Paldean Fates,93,Shiny Rare,OKACHEKE,Stage 1,44,Pokémon,2024/01/26,"tcgplayer,cardmarket",https://prices.pokemontcg.io/tcgplayer/sv4pt5-93,https://images.pokemontcg.io/sv4pt5/93_hires.png,2026/08/08,2026/01/19,5.3,4.0,5.909999847412109,49.9900016784668,,,,,,4.6947,3.3451,4.8908,0.0,5.767499923706055,5.1907,4.8101,0.0,0.0,0.0,1.1535,2026-08-09
sv4pt5-102,Smoliv,holofoil,Paldean Fates,102,Shiny Rare,otumami,Basic,928,Pokémon,2024/01/26,"tcgplayer,cardmarket",https://prices.pokemontcg.io/tcgplayer/sv4pt5-102,https://images.pokemontcg.io/sv4pt5/102_hires.png,2026/08/08,2026/01/19,4.85,3.0,5.0,37.459999084472656,,,,,,3.2183,1.488,3.3913,0.0,3.114500045776367,3.4144,3.2298,0.0,0.0,0.0,1.1535,2026-08-09
sv4pt5-27,Ralts,normal,Paldean Fates,27,Common,Tika Matsuno,Basic,280,Pokémon,2024/01/26,"tcgplayer,cardmarket",https://prices.pokemontcg.io/tcgplayer/sv4pt5-27,https://images.pokemontcg.io/sv4pt5/27_hires.png,2026/08/08,2026/01/19,0.13,0.009999999776482582,0.15000000596046448,20.0,,0.18,,,,0.0577,0.0231,0.0577,0.1038,0.023099999874830246,0.0692,0.0577,0.1846,0.1038,0.0923,1.1535,2026-08-09
sv4pt5-31,Mime Jr.,normal,Paldean Fates,31,Common,HYOGONOSUKE,Basic,439,Pokémon,2024/01/26,"tcgplayer,cardmarket",https://prices.pokemontcg.io/tcgplayer/sv4pt5-31,https://images.pokemontcg.io/sv4pt5/31_hires.png,2026/08/08,2026/01/19,0.09,0.009999999776482582,0.15000000596046448,1000.0,,0.21,,,,0.0461,0.0231,0.0577,0.1269,0.03460000082850456,0.0461,0.0461,0.1154,0.0923,0.1154,1.1535,2026-08-09
sv4pt5-34,Cottonee,normal,Paldean Fates,34,Common,kurumitsu,Basic,546,Pokémon,2024/01/26,"tcgplayer,cardmarket",https://prices.pokemontcg.io/tcgplayer/sv4pt5-34,https://images.pokemontcg.io/sv4pt5/34_hires.png,2026/08/08,2026/01/19,0.08,0.009999999776482582,0.15000000596046448,20.0,,0.13,,,,0.0346,0.0231,0.0461,0.0807,0.03460000082850456,0.0461,0.0346,0.0577,0.1269,0.1038,1.1535,2026-08-09
sv4pt5-40,Ceruledge,holofoil,Paldean Fates,40,Rare,Ryota Murayama,Stage 1,937,Pokémon,2024/01/26,"tcgplayer,cardmarket",https://prices.pokemontcg.io/tcgplayer/sv4pt5-40,https://images.pokemontcg.io/sv4pt5/40_hires.png,2026/08/08,2026/01/19,0.15,0.019999999552965164,0.20000000298023224,99.0,,0.25,,,,0.0923,0.0231,0.1384,0.1846,0.29989999532699585,0.1384,0.0923,0.2307,0.1615,0.173,1.1535,2026-08-09
sv4pt5-46,Primeape,normal,Paldean Fates,46,Uncommon,Ryuta Fuse,Stage 1,57,Pokémon,2024/01/26,"tcgplayer,cardmarket",https://prices.pokemontcg.io/tcgplayer/sv4pt5-46,https://images.pokemontcg.io/sv4pt5/46_hires.png,2026/08/08,2026/01/19,0.07,0.009999999776482582,0.15000000596046448,20.0,,0.21,,,,0.0346,0.0231,0.0231,0.1615,0.03460000082850456,0.0231,0.0346,0.4499,0.1615,0.1615,1.1535,2026-08-09
sv4pt5-49,Donphan,normal,Paldean Fates,49,Uncommon,Shin Nagasawa,Stage 1,232,Pokémon,2024/01/26,"tcgplayer,cardmarket",https://prices.pokemontcg.io/tcgplayer/sv4pt5-49,https://images.pokemontcg.io/sv4pt5/49_hires.png,2026/08/08,2026/01/19,0.04,0.009999999776482582,0.15000000596046448,20.0,,0.2,,,,0.0346,0.0231,0.0346,0.15,0.03460000082850456,0.0346,0.0346,0.3691,0.1384,0.15,1.1535,2026-08-09
sv4pt5-53,Great Tusk ex,holofoil,Paldean Fates,53,Double Rare,kawayoo,Basic|ex|Ancient,984,Pokémon,2024/01/26,"tcgplayer,cardmarket",https://prices.pokemontcg.io/tcgplayer/sv4pt5-53,https://images.pokemontcg.io/sv4pt5/53_hires.png,2026/08/08,2026/01/19,0.53,0.25,0.9100000262260437,50.0,,,,,,0.6229,0.0231,0.5075,0.0,0.47290000319480896,0.5537,0.646,0.0,0.0,0.0,1.1535,2026-08-09
sv4pt5-61,Scrafty,normal,Paldean Fates,61,Uncommon,Mousho,Stage 1,560,Pokémon,2024/01/26,"tcgplayer,cardmarket",https://prices.pokemontcg.io/tcgplayer/sv4pt5-61,https://images.pokemontcg.io/sv4pt5/61_hires.png,2026/08/08,2026/01/19,0.05,0.009999999776482582,0.15000000596046448,20.0,,0.2,,,,0.0346,0.0231,0.0346,0.173,0.03460000082850456,0.0346,0.0346,0.2076,0.1384,0.1615,1.1535,2026-08-09
sv4pt5-65,Revavroom,holofoil,Paldean Fates,65,Rare,Anesaki Dynamic,Stage 1,966,Pokémon,2024/01/26,"tcgplayer,cardmarket",https://prices.pokemontcg.io/tcgplayer/sv4pt5-65,https://images.pokemontcg.io/sv4pt5/65_hires.png,2026/08/08,2026/01/19,0.09,0.009999999776482582,0.20000000298023224,99.0,,0.15,,,,0.0923,0.0231,0.1154,0.2076,0.23070000112056732,0.1384,0.0923,0.1384,0.173,0.1846,1.1535,2026-08-09
sv4pt5-68,Noibat,normal,Paldean Fates,68,Common,chibi,Basic,714,Pokémon,2024/01/26,"tcgplayer,cardmarket",https://prices.pokemontcg.io/tcgplayer/sv4pt5-68,https://images.pokemontcg.io/sv4pt5/68_hires.png,2026/08/08,2026/01/19,0.03,0.009999999776482582,0.15000000596046448,19.979999542236328,,0.15,,,,0.0346,0.0231,0.0346,0.0807,0.05770000070333481,0.0346,0.0346,0.0923,0.15,0.1038,1.1535,2026-08-09
sv4pt5-69,Noivern ex,holofoil,Paldean Fates,69,Double Rare,Nisota Niso,Stage 1|ex,715,Pokémon,2024/01/26,"tcgplayer,cardmarket",https://prices.pokemontcg.io/tcgplayer/sv4pt5-69,https://images.pokemontcg.io/sv4pt5/69_hires.png,2026/08/08,2026/01/19,0.61,0.25,0.8999999761581421,42.0,,,,,,0.669,0.0923,0.5421,0.0,0.3345000147819519,0.4845,0.646,0.0,0.0,0.0,1.1535,2026-08-09
sv4pt5-76,Artazon,normal,Paldean Fates,76,Uncommon,Oswaldo KATO,Stadium,,Trainer,2024/01/26,"tcgplayer,cardmarket",https://prices.pokemontcg.io/tcgplayer/sv4pt5-76,https://images.pokemontcg.io/sv4pt5/76_hires.png,2026/08/08,2026/01/19,0.21,0.009999999776482582,0.23000000417232513,2.369999885559082,,0.32,,,,0.1038,0.0231,0.1154,0.2653,0.05770000070333481,0.0807,0.0923,0.2307,0.15,0.2653,1.1535,2026-08-09
sv4pt5-77,Atticus,normal,Paldean Fates,77,Uncommon,kantaro,Supporter,,Trainer,2024/01/26,"tcgplayer,cardmarket",https://prices.pokemontcg.io/tcgplayer/sv4pt5-77,https://images.pokemontcg.io/sv4pt5/77_hires.png,2026/08/08,2026/01/19,0.06,0.009999999776482582,0.15000000596046448,19.979999542236328,,0.19,,,,0.0346,0.0231,0.0231,0.1961,0.023099999874830246,0.0231,0.0461,0.2076,0.1846,0.1615,1.1535,2026-08-09
sv4pt5-92,Oddish,holofoil,Paldean Fates,92,Shiny Rare,otumami,Basic,43,Pokémon,2024/01/26,"tcgplayer,cardmarket",https://prices.pokemontcg.io/tcgplayer/sv4pt5-92,https://images.pokemontcg.io/sv4pt5/92_hires.png,2026/08/08,2026/01/16,13.91,9.369999885559082,14.75,68.87999725341797,,,,,,5.1215,2.307,5.0985,0.0,3.9333999156951904,5.0985,5.0869,0.0,0.0,0.0,1.1535,2026-08-09
sv4pt5-96,Hoppip,holofoil,Paldean Fates,96,Shiny Rare,Saya Tsuruta,Basic,187,Pokémon,2024/01/26,"tcgplayer,cardmarket",https://prices.pokemontcg.io/tcgplayer/sv4pt5-96,https://images.pokemontcg.io/sv4pt5/96_hires.png,2026/08/08,2026/01/16,4.54,2.930000066757202,4.5,39.9900016784668,,,,,,3.4374,1.6149,3.0683,0.0,3.172100067138672,3.299,3.472,0.0,0.0,0.0,1.1535,2026-08-09
sv4pt5-97,Skiploom,holofoil,Paldean Fates,97,Shiny Rare,Mizue,Stage 1,188,Pokémon,2024/01/26,"tcgplayer,cardmarket",https://prices.pokemontcg.io/tcgplayer/sv4pt5-97,https://images.pokemontcg.io/sv4pt5/97_hires.png,2026/08/08,2026/01/16,3.3,2.0,3.25,36.380001068115234,,,,,,3.1029,1.7302,3.0568,0.0,2.8722000122070312,2.976,3.1721,0.0,0.0,0.0,1.1535,2026-08-09
sv4pt5-98,Jumpluff,holofoil,Paldean Fates,98,Shiny Rare,Lee HyunJung,Stage 2,189,Pokémon,2024/01/26,"tcgplayer,cardmarket",https://prices.pokemontcg.io/tcgplayer/sv4pt5-98,https://images.pokemontcg.io/sv4pt5/98_hires.png,2026/08/08,2026/01/16,5.52,3.450000047683716,5.539999961853027,42.720001220703125,,,,,,3.3336,1.1535,3.3798,0.0,2.6530001163482666,3.4951,3.3682,0.0,0.0,0.0,1.1535,2026-08-09
sv4pt5-103,Dolliv,holofoil,Paldean Fates,103,Shiny Rare,saino misaki,Stage 1,929,Pokémon,2024/01/26,"tcgplayer,cardmarket",https://prices.pokemontcg.io/tcgplayer/sv4pt5-103,https://images.pokemontcg.io/sv4pt5/103_hires.png,2026/08/08,2026/01/16,2.71,2.0,2.9700000286102295,29.200000762939453,,,,,,2.457,1.3842,2.2955,0.0,2.6184000968933105,2.5031,2.5492,0.0,0.0,0.0,1.1535,2026-08-09
sv4pt5-104,Arboliva,holofoil,Paldean Fates,104,Shiny Rare,Hideki Ishikawa,Stage 2,930,Pokémon,2024/01/26,"tcgplayer,cardmarket",https://prices.pokemontcg.io/tcgplayer/sv4pt5-104,https://images.pokemontcg.io/sv4pt5/104_hires.png,2026/08/08,2026/01/16,2.63,1.4500000476837158,2.7699999809265137,30.600000381469727,,,,,,2.1801,1.1535,2.0071,0.0,1.9955999851226807,2.2609,2.2955,0.0,0.0,0.0,1.1535,2026-08-09
sv4pt5-28,Kirlia,normal,Paldean Fates,28,Uncommon,kawayoo,Stage 1,281,Pokémon,2024/01/26,"tcgplayer,cardmarket",https://prices.pokemontcg.io/tcgplayer/sv4pt5-28,https://images.pokemontcg.io/sv4pt5/28_hires.png,2026/08/08,2026/01/16,0.17,0.009999999776482582,0.1899999976158142,20.0,,0.22,,,,0.0461,0.0231,0.0461,0.173,0.05770000070333481,0.0461,0.0461,0.0692,0.1615,0.173,1.1535,2026-08-09
sv4pt5-35,Whimsicott,normal,Paldean Fates,35,Uncommon,KYUPIYAMA,Stage 1,547,Pokémon,2024/01/26,"tcgplayer,cardmarket",https://prices.pokemontcg.io/tcgplayer/sv4pt5-35,https://images.pokemontcg.io/sv4pt5/35_hires.png,2026/08/08,2026/01/16,0.08,0.009999999776482582,0.15000000596046448,20.0,,0.23,,,,0.0346,0.0231,0.0231,0.1615,0.04610000178217888,0.0346,0.0346,0.0692,0.1038,0.1384,1.1535,2026-08-09
sv4pt5-37,Mimikyu,holofoil,Paldean Fates,37,Rare,Kagemaru Himeno,Basic,778,Pokémon,2024/01/26,"tcgplayer,cardmarket",https://prices.pokemontcg.io/tcgplayer/sv4pt5-37,https://images.pokemontcg.io/sv4pt5/37_hires.png,2026/08/08,2026/01/16,0.28,0.05000000074505806,0.27000001072883606,99.0,,0.3,,,,0.173,0.0231,0.1384,0.2538,0.09229999780654907,0.1154,0.1615,0.0692,0.2422,0.2538,1.1535,2026-08-09
sv4pt5-42,Greavard,normal,Paldean Fates,42,Common,yuu,Basic,971,Pokémon,2024/01/26,"tcgplayer,cardmarket",https://prices.pokemontcg.io/tcgplayer/sv4pt5-42,https://images.pokemontcg.io/sv4pt5/42_hires.png,2026/08/08,2026/01/16,0.04,0.009999999776482582,0.15000000596046448,20.0,,0.15,,,,0.0231,0.0231,0.0346,0.0692,0.023099999874830246,0.0231,0.0346,0.0807,0.0692,0.0807,1.1535,2026-08-09
sv4pt5-45,Mankey,normal,Paldean Fates,45,Common,nagimiso,Basic,56,Pokémon,2024/01/26,"tcgplayer,cardmarket",https://prices.pokemontcg.io/tcgplayer/sv4pt5-45,https://images.pokemontcg.io/sv4pt5/45_hires.png,2026/08/08,2026/01/16,0.04,0.009999999776482582,0.15000000596046448,20.0,,0.13,,,,0.0461,0.0231,0.0231,0.0807,0.023099999874830246,0.0231,0.0346,0.0461,0.0692,0.0807,1.1535,2026-08-09
sv4pt5-48,Phanpy,normal,Paldean Fates,48,Common,Atsuko Nishida,Basic,231,Pokémon,2024/01/26,"tcgplayer,cardmarket",https://prices.pokemontcg.io/tcgplayer/sv4pt5-48,https://images.pokemontcg.io/sv4pt5/48_hires.png,2026/08/08,2026/01/16,0.09,0.009999999776482582,0.15000000596046448,20.0,,0.25,,,,0.0461,0.0231,0.0346,0.1269,0.023099999874830246,0.0461,0.0346,0.0577,0.0923,0.1154,1.1535,2026-08-09
sv4pt5-54,Charizard ex,holofoil,Paldean Fates,54,Double Rare,5ban Graphics,Stage 2|Tera|ex,6,Pokémon,2024/01/26,"tcgplayer,cardmarket",https://prices.pokemontcg.io/tcgplayer/sv4pt5-54,https://images.pokemontcg.io/sv4pt5/54_hires.png,2026/08/08,2026/01/16,5.33,3.690000057220459,6.0,99.0,,,,,,3.8412,1.7187,4.2103,0.0,3.5065999031066895,4.2795,3.945,0.0,0.0,0.0,1.1535,2026-08-09
sv4pt5-55,Gastly,normal,Paldean Fates,55,Common,Nobuhiro Imagawa,Basic,92,Pokémon,2024/01/26,"tcgplayer,cardmarket",https://prices.pokemontcg.io/tcgplayer/sv4pt5-55,https://images.pokemontcg.io/sv4pt5/55_hires.png,2026/08/08,2026/01/16,0.11,0.009999999776482582,0.15000000596046448,20.0,,0.18,,,,0.0461,0.0231,0.0692,0.1384,0.03460000082850456,0.0577,0.0461,0.0807,0.1038,0.1384,1.1535,2026-08-09
sv4pt5-56,Haunter,normal,Paldean Fates,56,Common,DOM,Stage 1,93,Pokémon,2024/01/26,"tcgplayer,cardmarket",https://prices.pokemontcg.io/tcgplayer/sv4pt5-56,https://images.pokemontcg.io/sv4pt5/56_hires.png,2026/08/08,2026/01/16,0.14,0.009999999776482582,0.17000000178813934,20.0,,0.3,,,,0.0577,0.0231,0.0577,0.1384,0.03460000082850456,0.0577,0.0577,0.2538,0.1961,0.1615,1.1535,2026-08-09
sv4pt5-57,Gengar,normal,Paldean Fates,57,Uncommon,Nelnal,Stage 2,94,Pokémon,2024/01/26,"tcgplayer,cardmarket",https://prices.pokemontcg.io/tcgplayer/sv4pt5-57,https://images.pokemontcg.io/sv4pt5/57_hires.png,2026/08/08,2026/01/16,0.41,0.09000000357627869,0.3799999952316284,20.0,,1.62,,,,0.1154,0.0231,0.0807,0.3922,0.11540000140666962,0.0807,0.1154,0.346,0.4499,0.3922,1.1535,2026-08-09
sv4pt5-59,Paldean Clodsire ex,holofoil,Paldean Fates,59,Double Rare,PLANETA Mochizuki,Stage 1|ex,980,Pokémon,2024/01/26,"tcgplayer,cardmarket",https://prices.pokemontcg.io/tcgplayer/sv4pt5-59,https://images.pokemontcg.io/sv4pt5/59_hires.png,2026/08/08,2026/01/16,0.67,0.4000000059604645,0.8799999952316284,7.550000190734863,,,,,,0.6344,0.0231,0.5652,0.0,0.8305000066757202,0.5652,0.6575,0.0,0.0,0.0,1.1535,2026-08-09
sv4pt5-62,Maschiff,normal,Paldean Fates,62,Common,DOM,Basic,942,Pokémon,2024/01/26,"tcgplayer,cardmarket",https://prices.pokemontcg.io/tcgplayer/sv4pt5-62,https://images.pokemontcg.io/sv4pt5/62_hires.png,2026/08/08,2026/01/16,0.02,0.009999999776482582,0.15000000596046448,20.0,,0.15,,,,0.0231,0.0231,0.0346,0.0807,0.023099999874830246,0.0231,0.0231,0.0807,0.0923,0.0923,1.1535,2026-08-09
sv4pt5-63,Mabosstiff,holofoil,Paldean Fates,63,Rare,KIYOTAKA OSHIYAMA,Stage 1,943,Pokémon,2024/01/26,"tcgplayer,cardmarket",https://prices.pokemontcg.io/tcgplayer/sv4pt5-63,https://images.pokemontcg.io/sv4pt5/63_hires.png,2026/08/08,2026/01/16,0.07,0.009999999776482582,0.20000000298023224,19.979999542236328,,0.19,,,,0.0692,0.0231,0.0692,0.1384,0.08070000261068344,0.0807,0.0692,0.1154,0.1384,0.15,1.1535,2026-08-09
sv4pt5-66,Iron Treads ex,holofoil,Paldean Fates,66,Double Rare,toriyufu,Basic|ex|Future,990,Pokémon,2024/01/26,"tcgplayer,cardmarket",https://prices.pokemontcg.io/tcgplayer/sv4pt5-66,https://images.pokemontcg.io/sv4pt5/66_hires.png,2026/08/08,2026/01/16,0.66,0.30000001192092896,0.949999988079071,4.989999771118164,,,,,,0.5998,0.0231,0.5883,0.0,0.7498000264167786,0.4268,0.6229,0.0,0.0,0.0,1.1535,2026-08-09
sv4pt5-67,Gholdengo,holofoil,Paldean Fates,67,Rare,Mitsuhiro Arita,Stage 1,1000,Pokémon,2024/01/26,"tcgplayer,cardmarket",https://prices.pokemontcg.io/tcgplayer/sv4pt5-67,https://images.pokemontcg.io/sv4pt5/67_hires.png,2026/08/08,2026/01/16,0.16,0.009999999776482582,0.20000000298023224,99.0,,0.16,,,,0.0807,0.0231,0.1038,0.173,0.09229999780654907,0.1038,0.0807,0.173,0.2192,0.1846,1.1535,2026-08-09
sv4pt5-74,Maushold,normal,Paldean Fates,74,Uncommon,KIYOTAKA OSHIYAMA,Stage 1,925,Pokémon,2024/01/26,"tcgplayer,cardmarket",https://prices.pokemontcg.io/tcgplayer/sv4pt5-74,https://images.pokemontcg.io/sv4pt5/74_hires.png,2026/08/08,2026/01/16,0.17,0.009999999776482582,0.20000000298023224,1000.0,,0.29,,,,0.0346,0.0231,0.0346,0.1846,0.023099999874830246,0.0346,0.0346,0.2192,0.1615,0.1846,1.1535,2026-08-09
sv4pt5-75,Squawkabilly ex,holofoil,Paldean Fates,75,Double Rare,PLANETA Mochizuki,Basic|ex,931,Pokémon,2024/01/26,"tcgplayer,cardmarket",https://prices.pokemontcg.io/tcgplayer/sv4pt5-75,https://images.pokemontcg.io/sv4pt5/75_hires.png,2026/08/08,2026/01/16,0.6,0.10000000149011612,0.8100000023841858,10.0,,,,,,0.8536,0.0461,0.7728,0.0,0.5306000113487244,0.6806,0.8305,0.0,0.0,0.0,1.1535,2026-08-09
sv4pt5-80,Iono,normal,Paldean Fates,80,Uncommon,Sanosuke Sakuma,Supporter,,Trainer,2024/01/26,"tcgplayer,cardmarket",https://prices.pokemontcg.io/tcgplayer/sv4pt5-80,https://images.pokemontcg.io/sv4pt5/80_hires.png,2026/08/08,2025/12/28,0.27,0.009999999776482582,0.28999999165534973,1000.0,,0.4,,,,0.1961,0.0231,0.1846,0.4499,0.2653000056743622,0.173,0.1846,0.1384,0.3922,0.3691,1.1535,2026-08-09
sv4pt5-81,Moonlit Hill,normal,Paldean Fates,81,Uncommon,AYUMI ODASHIMA,Stadium,,Trainer,2024/01/26,"tcgplayer,cardmarket",https://prices.pokemontcg.io/tcgplayer/sv4pt5-81,https://images.pokemontcg.io/sv4pt5/81_hires.png,2026/08/08,2025/12/07,0.06,0.009999999776482582,0.15000000596046448,19.979999542236328,,0.24,,,,0.0346,0.0231,0.0346,0.1269,0.03460000082850456,0.0346,0.0346,0.2884,0.1269,0.1384,1.1535,2026-08-09
sv4pt5-83,Nemona's Backpack,normal,Paldean Fates,83,Uncommon,AYUMI ODASHIMA,Item,,Trainer,2024/01/26,"tcgplayer,cardmarket",https://prices.pokemontcg.io/tcgplayer/sv4pt5-83,https://images.pokemontcg.io/sv4pt5/83_hires.png,2026/08/08,2025/12/07,0.06,0.009999999776482582,0.15000000596046448,8.0,,0.24,,,,0.0346,0.0231,0.0346,0.173,0.10379999876022339,0.0231,0.0346,0.3345,0.1269,0.1615,1.1535,2026-08-09
sv4pt5-94,Vileplume,holofoil,Paldean Fates,94,Shiny Rare,0313,Stage 2,45,Pokémon,2024/01/26,"tcgplayer,cardmarket",https://prices.pokemontcg.io/tcgplayer/sv4pt5-94,https://images.pokemontcg.io/sv4pt5/94_hires.png,2026/08/08,2025/12/07,8.89,5.71999979019165,9.029999732971191,39.95000076293945,,,,,,4.5333,2.653,5.0408,0.0,4.037300109863281,5.1561,4.5679,0.0,0.0,0.0,1.1535,2026-08-09
sv4pt5-109,Charmander,holofoil,Paldean Fates,109,Shiny Rare,sowsow,Basic,4,Pokémon,2024/01/26,"tcgplayer,cardmarket",https://prices.pokemontcg.io/tcgplayer/sv4pt5-109,https://images.pokemontcg.io/sv4pt5/109_hires.png,2026/08/08,2025/12/07,54.1,43.5099983215332,57.0,82.0,,,,,,19.7825,14.984,19.8056,0.0,20.174699783325195,19.2981,19.5403,0.0,0.0,0.0,1.1535,2026-08-09
sv4pt5-112,Entei,holofoil,Paldean Fates,112,Shiny Rare,Ryuta Fuse,Basic,244,Pokémon,2024/01/26,"tcgplayer,cardmarket",https://prices.pokemontcg.io/tcgplayer/sv4pt5-112,https://images.pokemontcg.io/sv4pt5/112_hires.png,2026/08/08,2025/12/07,11.62,10.460000038146973,16.049999237060547,98.4800033569336,,,,,,10.4507,5.1907,10.7852,0.0,7.843800067901611,10.4392,10.1047,0.0,0.0,0.0,1.1535,2026-08-09
sv4pt5-113,Oricorio,holofoil,Paldean Fates,113,Shiny Rare,Akira Komayama,Basic,741,Pokémon,2024/01/26,"tcgplayer,cardmarket",https://prices.pokemontcg.io/tcgplayer/sv4pt5-113,https://images.pokemontcg.io/sv4pt5/113_hires.png,2026/08/08,2025/12/07,2.66,1.7400000095367432,3.049999952316284,50.0,,,,,,2.6646,1.0958,2.803,0.0,2.768399953842163,2.9645,2.6877,0.0,0.0,0.0,1.1535,2026-08-09
sv4pt5-108,Rellor,holofoil,Paldean Fates,108,Shiny Rare,Misa Tsutsui,Basic,953,Pokémon,2024/01/26,"tcgplayer,cardmarket",https://prices.pokemontcg.io/tcgplayer/sv4pt5-108,https://images.pokemontcg.io/sv4pt5/108_hires.png,2026/08/08,2025/12/07,2.13,1.5,2.190000057220459,27.600000381469727,,,,,,2.1109,1.142,2.2032,0.0,2.8722000122070312,2.2493,2.1109,0.0,0.0,0.0,1.1535,2026-08-09
sv4pt5-114,Charcadet,holofoil,Paldean Fates,114,Shiny Rare,Masakazu Fukuda,Basic,935,Pokémon,2024/01/26,"tcgplayer,cardmarket",https://prices.pokemontcg.io/tcgplayer/sv4pt5-114,https://images.pokemontcg.io/sv4pt5/114_hires.png,2026/08/08,2025/12/07,7.02,4.960000038146973,7.0,999.0,,,,,,3.8988,2.7684,4.2449,0.0,3.9565000534057617,4.1987,3.8527,0.0,0.0,0.0,1.1535,2026-08-09
sv4pt5-115,Armarouge,holofoil,Paldean Fates,115,Shiny Rare,Atsushi Furusawa,Stage 1,936,Pokémon,2024/01/26,"tcgplayer,cardmarket",https://prices.pokemontcg.io/tcgplayer/sv4pt5-115,https://images.pokemontcg.io/sv4pt5/115_hires.png,2026/08/08,2025/12/07,5.03,3.0399999618530273,5.610000133514404,999.0,,,,,,3.795,1.9609,4.0719,0.0,3.8987998962402344,4.0026,3.8065,0.0,0.0,0.0,1.1535,2026-08-09
sv4pt5-116,Slowpoke,holofoil,Paldean Fates,116,Shiny Rare,Taira Akitsu,Basic,79,Pokémon,2024/01/26,"tcgplayer,cardmarket",https://prices.pokemontcg.io/tcgplayer/sv4pt5-116,https://images.pokemontcg.io/sv4pt5/116_hires.png,2026/08/08,2025/12/07,20.07,14.84000015258789,22.549999237060547,86.33999633789062,,,,,,6.0789,2.307,5.5945,0.0,7.716899871826172,6.3673,6.1366,0.0,0.0,0.0,1.1535,2026-08-09
sv4pt5-117,Slowbro,holofoil,Paldean Fates,117,Shiny Rare,Souichirou Gunjima,Stage 1,80,Pokémon,2024/01/26,"tcgplayer,cardmarket",https://prices.pokemontcg.io/tcgplayer/sv4pt5-117,https://images.pokemontcg.io/sv4pt5/117_hires.png,2026/08/08,2025/12/07,17.25,15.819999694824219,19.670000076293945,49.900001525878906,,,,,,5.3061,3.6912,5.7098,0.0,4.498600006103516,5.2138,5.0754,0.0,0.0,0.0,1.1535,2026-08-09
sv4pt5-105,Toedscool,holofoil,Paldean Fates,105,Shiny Rare,Ryuta Fuse,Basic,948,Pokémon,2024/01/26,"tcgplayer,cardmarket",https://prices.pokemontcg.io/tcgplayer/sv4pt5-105,https://images.pokemontcg.io/sv4pt5/105_hires.png,2026/08/08,2025/12/07,2.76,1.75,2.990000009536743,32.099998474121094,,,,,,2.5262,1.6149,2.7223,0.0,3.125999927520752,2.976,2.6184,0.0,0.0,0.0,1.1535,2026-08-09
sv4pt5-110,Charmeleon,holofoil,Paldean Fates,110,Shiny Rare,Kouki Saitou,Stage 1,5,Pokémon,2024/01/26,"tcgplayer,cardmarket",https://prices.pokemontcg.io/tcgplayer/sv4pt5-110,https://images.pokemontcg.io/sv4pt5/110_hires.png,2026/08/08,2025/12/07,17.91,12.0,20.0,152.39999389648438,,,,,,15.0878,4.614,11.6273,0.0,11.53499984741211,12.3194,14.834,0.0,0.0,0.0,1.1535,2026-08-09
sv4pt5-111,Paldean Tauros,holofoil,Paldean Fates,111,Shiny Rare,Hitoshi Ariga,Basic,128,Pokémon,2024/01/26,"tcgplayer,cardmarket",https://prices.pokemontcg.io/tcgplayer/sv4pt5-111,https://images.pokemontcg.io/sv4pt5/111_hires.png,2026/08/08,2025/11/21,3.62,2.009999990463257,3.9100000858306885,50.0,,,,,,3.3105,1.7302,3.5412,0.0,3.4719998836517334,3.9104,3.4259,0.0,0.0,0.0,1.1535,2026-08-09
sv4pt5-118,Staryu,holofoil,Paldean Fates,118,Shiny Rare,Nisota Niso,Basic,120,Pokémon,2024/01/26,"tcgplayer,cardmarket",https://prices.pokemontcg.io/tcgplayer/sv4pt5-118,https://images.pokemontcg.io/sv4pt5/118_hires.png,2026/08/08,2025/11/21,7.14,5.539999961853027,7.170000076293945,48.439998626708984,,,,,,4.2564,2.307,4.0373,0.0,3.3798000812530518,4.3256,4.2795,0.0,0.0,0.0,1.1535,2026-08-09
sv4pt5-106,Capsakid,holofoil,Paldean Fates,106,Shiny Rare,OKACHEKE,Basic,951,Pokémon,2024/01/26,"tcgplayer,cardmarket",https://prices.pokemontcg.io/tcgplayer/sv4pt5-106,https://images.pokemontcg.io/sv4pt5/106_hires.png,2026/08/08,2025/11/21,2.65,1.75,2.7799999713897705,8.979999542236328,,,,,,2.5723,1.0381,2.5723,0.0,3.737299919128418,2.9068,2.653,0.0,0.0,0.0,1.1535,2026-08-09
sv4pt5-107,Scovillain,holofoil,Paldean Fates,107,Shiny Rare,Kouki Saitou,Stage 1,952,Pokémon,2024/01/26,"tcgplayer,cardmarket",https://prices.pokemontcg.io/tcgplayer/sv4pt5-107,https://images.pokemontcg.io/sv4pt5/107_hires.png,2026/08/08,2025/11/21,2.3,1.590000033378601,2.4700000286102295,12.989999771118164,,,,,,2.2839,0.8536,2.1686,0.0,1.8109999895095825,2.1455,2.2378,0.0,0.0,0.0,1.1535,2026-08-09
sv4pt5-119,Starmie,holofoil,Paldean Fates,119,Shiny Rare,Shigenori Negishi,Stage 1,121,Pokémon,2024/01/26,"tcgplayer,cardmarket",https://prices.pokemontcg.io/tcgplayer/sv4pt5-119,https://images.pokemontcg.io/sv4pt5/119_hires.png,2026/08/08,2025/11/21,7.92,6.5,9.829999923706055,56.22999954223633,,,,,,4.6486,2.307,4.8678,0.0,3.691200017929077,5.0408,4.5563,0.0,0.0,0.0,1.1535,2026-08-09
sv4pt5-122,Wugtrio,holofoil,Paldean Fates,122,Shiny Rare,Kyoko Umemoto,Stage 1,961,Pokémon,2024/01/26,"tcgplayer,cardmarket",https://prices.pokemontcg.io/tcgplayer/sv4pt5-122,https://images.pokemontcg.io/sv4pt5/122_hires.png,2026/08/08,2025/11/21,3.61,1.9900000095367432,3.5,19.709999084472656,,,,,,2.8838,1.1535,2.653,0.0,2.2955000400543213,2.9184,2.8953,0.0,0.0,0.0,1.1535,2026-08-09
sv4pt5-124,Palafin,holofoil,Paldean Fates,124,Shiny Rare,Shin Nagasawa,Stage 1,964,Pokémon,2024/01/26,"tcgplayer,cardmarket",https://prices.pokemontcg.io/tcgplayer/sv4pt5-124,https://images.pokemontcg.io/sv4pt5/124_hires.png,2026/08/08,2025/11/21,3.44,2.490000009536743,3.5299999713897705,38.099998474121094,,,,,,2.5492,1.7302,2.5031,0.0,2.2146999835968018,2.5608,2.5262,0.0,0.0,0.0,1.1535,2026-08-09
sv4pt5-128,Frigibax,,Paldean Fates,128,Shiny Rare,Taira Akitsu,Basic,996,Pokémon,2024/01/26,cardmarket,https://prices.pokemontcg.io/cardmarket/sv4pt5-128,https://images.pokemontcg.io/sv4pt5/128_hires.png,,2025/11/21,,,,,,,,,,3.3682,1.7302,3.1491,0.0,2.5722999572753906,2.9991,3.3682,0.0,0.0,0.0,1.1535,2026-08-09
sv4pt5-134,Electrode,holofoil,Paldean Fates,134,Shiny Rare,Masakazu Fukuda,Stage 1,101,Pokémon,2024/01/26,"tcgplayer,cardmarket",https://prices.pokemontcg.io/tcgplayer/sv4pt5-134,https://images.pokemontcg.io/sv4pt5/134_hires.png,2026/08/08,2025/11/21,4.33,2.9100000858306885,4.349999904632568,39.869998931884766,,,,,,3.3798,2.307,3.1952,0.0,3.0106000900268555,3.2183,3.3682,0.0,0.0,0.0,1.1535,2026-08-09
sv4pt5-136,Luxio,holofoil,Paldean Fates,136,Shiny Rare,Souichirou Gunjima,Stage 1,404,Pokémon,2024/01/26,"tcgplayer,cardmarket",https://prices.pokemontcg.io/tcgplayer/sv4pt5-136,https://images.pokemontcg.io/sv4pt5/136_hires.png,2026/08/08,2025/11/21,5.92,4.230000019073486,7.019999980926514,100.0,,,,,,4.0949,2.2839,3.6335,0.0,4.660099983215332,4.1641,4.3256,0.0,0.0,0.0,1.1535,2026-08-09
sv4pt5-139,Thundurus,holofoil,Paldean Fates,139,Shiny Rare,Shin Nagasawa,Basic,642,Pokémon,2024/01/26,"tcgplayer,cardmarket",https://prices.pokemontcg.io/tcgplayer/sv4pt5-139,https://images.pokemontcg.io/sv4pt5/139_hires.png,2026/08/08,2025/11/21,2.6,1.5,2.859999895095825,31.899999618530273,,,,,,3.1375,1.1535,2.7799,0.0,3.4028000831604004,2.803,3.1952,0.0,0.0,0.0,1.1535,2026-08-09
sv4pt5-127,Tatsugiri,holofoil,Paldean Fates,127,Shiny Rare,Kagemaru Himeno,Basic,978,Pokémon,2024/01/26,"tcgplayer,cardmarket",https://prices.pokemontcg.io/tcgplayer/sv4pt5-127,https://images.pokemontcg.io/sv4pt5/127_hires.png,2026/08/08,2025/11/21,6.99,5.0,7.46999979019165,53.0,,,,,,3.0452,1.7302,2.5723,0.0,2.5838000774383545,3.0337,3.0798,0.0,0.0,0.0,1.1535,2026-08-09
sv4pt5-129,Arctibax,holofoil,Paldean Fates,129,Shiny Rare,Kouki Saitou,Stage 1,997,Pokémon,2024/01/26,"tcgplayer,cardmarket",https://prices.pokemontcg.io/tcgplayer/sv4pt5-129,https://images.pokemontcg.io/sv4pt5/129_hires.png,2026/08/08,2025/11/21,3.83,2.9200000762939453,3.990000009536743,39.75,,,,,,2.9645,1.4995,2.8145,0.0,2.0648000240325928,2.7107,2.8607,0.0,0.0,0.0,1.1535,2026-08-09
sv4pt5-130,Baxcalibur,holofoil,Paldean Fates,130,Shiny Rare,GOSSAN,Stage 2,998,Pokémon,2024/01/26,"tcgplayer,cardmarket",https://prices.pokemontcg.io/tcgplayer/sv4pt5-130,https://images.pokemontcg.io/sv4pt5/130_hires.png,2026/08/08,2025/11/21,4.59,2.75,4.659999847412109,99.0,,,,,,3.5528,2.1801,3.0914,0.0,3.587399959564209,3.3336,3.5297,0.0,0.0,0.0,1.1535,2026-08-09
sv4pt5-133,Voltorb,holofoil,Paldean Fates,133,Shiny Rare,Misa Tsutsui,Basic,100,Pokémon,2024/01/26,"tcgplayer,cardmarket",https://prices.pokemontcg.io/tcgplayer/sv4pt5-133,https://images.pokemontcg.io/sv4pt5/133_hires.png,2026/08/08,2025/11/21,4.81,2.990000009536743,5.239999771118164,34.220001220703125,,,,,,3.4836,2.307,3.7027,0.0,3.702699899673462,3.7258,3.4374,0.0,0.0,0.0,1.1535,2026-08-09
sv4pt5-120,Paldean Tauros,holofoil,Paldean Fates,120,Shiny Rare,GOSSAN,Basic,128,Pokémon,2024/01/26,"tcgplayer,cardmarket",https://prices.pokemontcg.io/tcgplayer/sv4pt5-120,https://images.pokemontcg.io/sv4pt5/120_hires.png,2026/08/08,2025/11/21,3.78,2.890000104904175,4.010000228881836,29.170000076293945,,,,,,3.1491,1.7187,3.5297,0.0,3.564300060272217,3.5758,3.1375,0.0,0.0,0.0,1.1535,2026-08-09
sv4pt5-125,Veluza,holofoil,Paldean Fates,125,Shiny Rare,Nelnal,Basic,976,Pokémon,2024/01/26,"tcgplayer,cardmarket",https://prices.pokemontcg.io/tcgplayer/sv4pt5-125,https://images.pokemontcg.io/sv4pt5/125_hires.png,2026/08/08,2025/11/21,2.58,1.5,2.700000047683716,15.0,,,,,,2.2263,1.3842,1.9725,0.0,2.0878000259399414,2.2609,2.2724,0.0,0.0,0.0,1.1535,2026-08-09
sv4pt5-126,Dondozo,holofoil,Paldean Fates,126,Shiny Rare,Shigenori Negishi,Basic,977,Pokémon,2024/01/26,"tcgplayer,cardmarket",https://prices.pokemontcg.io/tcgplayer/sv4pt5-126,https://images.pokemontcg.io/sv4pt5/126_hires.png,2026/08/08,2025/11/21,3.36,1.9900000095367432,3.5,60.0,,,,,,2.4454,1.6956,2.157,0.0,2.2609000205993652,2.3301,2.4454,0.0,0.0,0.0,1.1535,2026-08-09
sv4pt5-131,Pikachu,holofoil,Paldean Fates,131,Shiny Rare,Yuu Nishida,Basic,25,Pokémon,2024/01/26,"tcgplayer,cardmarket",https://prices.pokemontcg.io/tcgplayer/sv4pt5-131,https://images.pokemontcg.io/sv4pt5/131_hires.png,2026/08/08,2025/11/21,81.26,72.51000213623047,88.0,505.3999938964844,,,,,,34.0629,17.3025,34.1551,0.0,32.2864990234375,34.2705,35.3894,0.0,0.0,0.0,1.1535,2026-08-09
sv4pt5-138,Pachirisu,holofoil,Paldean Fates,138,Shiny Rare,saino misaki,Basic,417,Pokémon,2024/01/26,"tcgplayer,cardmarket",https://prices.pokemontcg.io/tcgplayer/sv4pt5-138,https://images.pokemontcg.io/sv4pt5/138_hires.png,2026/08/08,2025/11/21,10.21,9.0,11.520000457763672,57.810001373291016,,,,,,4.7409,2.2378,4.1526,0.0,3.737299919128418,4.3372,4.6717,0.0,0.0,0.0,1.1535,2026-08-09
sv4pt5-121,Wiglett,holofoil,Paldean Fates,121,Shiny Rare,Misa Tsutsui,Basic,960,Pokémon,2024/01/26,"tcgplayer,cardmarket",https://prices.pokemontcg.io/tcgplayer/sv4pt5-121,https://images.pokemontcg.io/sv4pt5/121_hires.png,2026/08/08,2025/11/21,3.31,2.4800000190734863,3.3499999046325684,15.0,,,,,,2.5838,1.0381,2.5492,0.0,1.5917999744415283,2.5377,2.5838,0.0,0.0,0.0,1.1535,2026-08-09
sv4pt5-123,Finizen,holofoil,Paldean Fates,123,Shiny Rare,kurumitsu,Basic,963,Pokémon,2024/01/26,"tcgplayer,cardmarket",https://prices.pokemontcg.io/tcgplayer/sv4pt5-123,https://images.pokemontcg.io/sv4pt5/123_hires.png,2026/08/08,2025/11/21,4.68,3.5,5.0,49.9900016784668,,,,,,3.3221,2.0648,3.126,0.0,3.4028000831604004,3.1491,3.2875,0.0,0.0,0.0,1.1535,2026-08-09
sv4pt5-132,Raichu,holofoil,Paldean Fates,132,Shiny Rare,Sanosuke Sakuma,Stage 1,26,Pokémon,2024/01/26,"tcgplayer,cardmarket",https://prices.pokemontcg.io/tcgplayer/sv4pt5-132,https://images.pokemontcg.io/sv4pt5/132_hires.png,2026/08/08,2025/11/21,20.03,17.489999771118164,23.959999084472656,136.24000549316406,,,,,,8.9858,6.8979,9.055,0.0,7.313199996948242,8.7205,9.055,0.0,0.0,0.0,1.1535,2026-08-09
sv4pt5-135,Shinx,holofoil,Paldean Fates,135,Shiny Rare,Saya Tsuruta,Basic,403,Pokémon,2024/01/26,"tcgplayer,cardmarket",https://prices.pokemontcg.io/tcgplayer/sv4pt5-135,https://images.pokemontcg.io/sv4pt5/135_hires.png,2026/08/08,2025/11/21,19.92,16.889999389648438,20.920000076293945,179.27999877929688,,,,,,4.937,2.8838,4.7063,0.0,4.6717000007629395,4.7178,4.8908,0.0,0.0,0.0,1.1535,2026-08-09
sv4pt5-137,Luxray,holofoil,Paldean Fates,137,Shiny Rare,kantaro,Stage 2,405,Pokémon,2024/01/26,"tcgplayer,cardmarket",https://prices.pokemontcg.io/tcgplayer/sv4pt5-137,https://images.pokemontcg.io/sv4pt5/137_hires.png,2026/08/08,2025/11/21,11.25,8.989999771118164,11.6899995803833,101.25,,,,,,6.7018,0.7613,6.4365,0.0,4.383299827575684,6.0789,6.6903,0.0,0.0,0.0,1.1535,2026-08-09
sv4pt5-142,Pawmi,holofoil,Paldean Fates,142,Shiny Rare,kurumitsu,Basic,921,Pokémon,2024/01/26,"tcgplayer,cardmarket",https://prices.pokemontcg.io/tcgplayer/sv4pt5-142,https://images.pokemontcg.io/sv4pt5/142_hires.png,2026/08/08,2025/11/21,5.36,3.5,5.630000114440918,32.77000045776367,,,,,,3.126,1.1535,3.2644,0.0,3.4605000019073486,3.2067,3.0452,0.0,0.0,0.0,1.1535,2026-08-09
sv4pt5-144,Pawmot,holofoil,Paldean Fates,144,Shiny Rare,Atsushi Furusawa,Stage 2,923,Pokémon,2024/01/26,"tcgplayer,cardmarket",https://prices.pokemontcg.io/tcgplayer/sv4pt5-144,https://images.pokemontcg.io/sv4pt5/144_hires.png,2026/08/08,2025/11/21,3.62,2.7300000190734863,3.869999885559082,32.58000183105469,,,,,,3.1375,0.5767,3.5182,0.0,3.656599998474121,3.4951,3.1029,0.0,0.0,0.0,1.1535,2026-08-09
sv4pt5-145,Wattrel,holofoil,Paldean Fates,145,Shiny Rare,Scav,Basic,940,Pokémon,2024/01/26,"tcgplayer,cardmarket",https://prices.pokemontcg.io/tcgplayer/sv4pt5-145,https://images.pokemontcg.io/sv4pt5/145_hires.png,2026/08/08,2025/11/21,2.79,2.0,3.140000104904175,33.779998779296875,,,,,,2.4224,1.3727,1.8917,0.0,1.7187000513076782,2.0648,2.4224,0.0,0.0,0.0,1.1535,2026-08-09
sv4pt5-141,Toxtricity,holofoil,Paldean Fates,141,Shiny Rare,GIDORA,Stage 1,849,Pokémon,2024/01/26,"tcgplayer,cardmarket",https://prices.pokemontcg.io/tcgplayer/sv4pt5-141,https://images.pokemontcg.io/sv4pt5/141_hires.png,2026/08/08,2025/11/21,3.83,1.840000033378601,3.9800000190734863,30.0,,,,,,2.7684,1.1535,2.6646,0.0,2.6184000968933105,2.6184,2.7223,0.0,0.0,0.0,1.1535,2026-08-09
sv4pt5-146,Kilowattrel,holofoil,Paldean Fates,146,Shiny Rare,Nisota Niso,Stage 1,941,Pokémon,2024/01/26,"tcgplayer,cardmarket",https://prices.pokemontcg.io/tcgplayer/sv4pt5-146,https://images.pokemontcg.io/sv4pt5/146_hires.png,2026/08/08,2025/11/21,2.42,1.5,2.509999990463257,20.0,,,,,,2.457,1.4995,2.6069,0.0,2.353100061416626,2.4685,2.4339,0.0,0.0,0.0,1.1535,2026-08-09
sv4pt5-140,Toxel,holofoil,Paldean Fates,140,Shiny Rare,Lee HyunJung,Basic,848,Pokémon,2024/01/26,"tcgplayer,cardmarket",https://prices.pokemontcg.io/tcgplayer/sv4pt5-140,https://images.pokemontcg.io/sv4pt5/140_hires.png,2026/08/08,2025/11/21,3.84,3.0,3.869999885559082,96.94999694824219,,,,,,2.7338,1.3727,2.7107,0.0,3.1029000282287598,2.7799,2.7684,0.0,0.0,0.0,1.1535,2026-08-09
sv4pt5-143,Pawmo,holofoil,Paldean Fates,143,Shiny Rare,Mizue,Stage 1,922,Pokémon,2024/01/26,"tcgplayer,cardmarket",https://prices.pokemontcg.io/tcgplayer/sv4pt5-143,https://images.pokemontcg.io/sv4pt5/143_hires.png,2026/08/08,2025/11/21,4.28,3.190000057220459,4.619999885559082,50.0,,,,,,2.8953,1.9609,3.449,0.0,2.2609000205993652,3.5874,2.8953,0.0,0.0,0.0,1.1535,2026-08-09
sv4pt5-147,Wigglytuff,holofoil,Paldean Fates,147,Shiny Rare,Kagemaru Himeno,Stage 1,40,Pokémon,2024/01/26,"tcgplayer,cardmarket",https://prices.pokemontcg.io/tcgplayer/sv4pt5-147,https://images.pokemontcg.io/sv4pt5/147_hires.png,2026/08/08,2025/11/21,5.85,4.400000095367432,6.96999979019165,44.18000030517578,,,,,,3.3798,1.1535,3.2413,0.0,4.129499912261963,3.5758,3.4374,0.0,0.0,0.0,1.1535,2026-08-09
sv4pt5-148,Abra,holofoil,Paldean Fates,148,Shiny Rare,Kouki Saitou,Basic,63,Pokémon,2024/01/26,"tcgplayer,cardmarket",https://prices.pokemontcg.io/tcgplayer/sv4pt5-148,https://images.pokemontcg.io/sv4pt5/148_hires.png,2026/08/08,2025/11/21,14.68,14.0,15.819999694824219,105.19000244140625,,,,,,5.9405,1.1535,6.2404,0.0,4.994699954986572,6.0559,6.0443,0.0,0.0,0.0,1.1535,2026-08-09
sv4pt5-151,Natu,holofoil,Paldean Fates,151,Shiny Rare,sowsow,Basic,177,Pokémon,2024/01/26,"tcgplayer,cardmarket",https://prices.pokemontcg.io/tcgplayer/sv4pt5-151,https://images.pokemontcg.io/sv4pt5/151_hires.png,2026/08/08,2025/11/21,2.95,2.0,3.130000114440918,96.0199966430664,,,,,,3.0798,1.7302,2.803,0.0,2.8606998920440674,2.9645,3.0337,0.0,0.0,0.0,1.1535,2026-08-09
sv4pt5-152,Xatu,holofoil,Paldean Fates,152,Shiny Rare,nagimiso,Stage 1,178,Pokémon,2024/01/26,"tcgplayer,cardmarket",https://prices.pokemontcg.io/tcgplayer/sv4pt5-152,https://images.pokemontcg.io/sv4pt5/152_hires.png,2026/08/08,2025/11/21,2.71,1.75,3.0399999618530273,99.0,,,,,,3.5643,1.1535,3.3798,0.0,3.172100067138672,3.3567,3.4951,0.0,0.0,0.0,1.1535,2026-08-09
sv4pt5-153,Ralts,holofoil,Paldean Fates,153,Shiny Rare,yuu,Basic,280,Pokémon,2024/01/26,"tcgplayer,cardmarket",https://prices.pokemontcg.io/tcgplayer/sv4pt5-153,https://images.pokemontcg.io/sv4pt5/153_hires.png,2026/08/08,2025/11/21,9.62,9.0,11.6899995803833,57.02000045776367,,,,,,9.6202,5.6291,9.8163,0.0,9.15880012512207,9.897,9.6779,0.0,0.0,0.0,1.1535,2026-08-09
sv4pt5-154,Kirlia,holofoil,Paldean Fates,154,Shiny Rare,Ryuta Fuse,Stage 1,281,Pokémon,2024/01/26,"tcgplayer,cardmarket",https://prices.pokemontcg.io/tcgplayer/sv4pt5-154,https://images.pokemontcg.io/sv4pt5/154_hires.png,2026/08/08,2025/11/21,7.65,5.0,7.989999771118164,49.9900016784668,,,,,,7.2094,2.8838,6.2981,0.0,9.216500282287598,6.5634,7.3709,0.0,0.0,0.0,1.1535,2026-08-09
sv4pt5-155,Drifloon,holofoil,Paldean Fates,155,Shiny Rare,Kyoko Umemoto,Basic,425,Pokémon,2024/01/26,"tcgplayer,cardmarket",https://prices.pokemontcg.io/tcgplayer/sv4pt5-155,https://images.pokemontcg.io/sv4pt5/155_hires.png,2026/08/08,2025/11/21,5.82,4.090000152587891,6.0,51.099998474121094,,,,,,5.6406,3.8065,6.2635,0.0,7.497700214385986,6.3673,5.5599,0.0,0.0,0.0,1.1535,2026-08-09
sv4pt5-156,Drifblim,holofoil,Paldean Fates,156,Shiny Rare,otumami,Stage 1,426,Pokémon,2024/01/26,"tcgplayer,cardmarket",https://prices.pokemontcg.io/tcgplayer/sv4pt5-156,https://images.pokemontcg.io/sv4pt5/156_hires.png,2026/08/08,2025/11/21,3.66,2.450000047683716,3.930000066757202,40.5,,,,,,2.6877,1.2689,3.0798,0.0,4.302599906921387,3.0798,2.7107,0.0,0.0,0.0,1.1535,2026-08-09
sv4pt5-158,Spiritomb,holofoil,Paldean Fates,158,Shiny Rare,MAHOU,Basic,442,Pokémon,2024/01/26,"tcgplayer,cardmarket",https://prices.pokemontcg.io/tcgplayer/sv4pt5-158,https://images.pokemontcg.io/sv4pt5/158_hires.png,2026/08/08,2025/11/21,6.01,4.400000095367432,6.010000228881836,50.0,,,,,,3.5874,2.2955,3.622,0.0,3.275899887084961,3.5758,3.622,0.0,0.0,0.0,1.1535,2026-08-09
sv4pt5-165,Tinkatink,holofoil,Paldean Fates,165,Shiny Rare,yuu,Basic,957,Pokémon,2024/01/26,"tcgplayer,cardmarket",https://prices.pokemontcg.io/tcgplayer/sv4pt5-165,https://images.pokemontcg.io/sv4pt5/165_hires.png,2026/08/08,2025/11/21,8.07,5.0,8.569999694824219,96.94999694824219,,,,,,3.3913,1.7302,3.1145,0.0,3.114500045776367,2.8722,3.3221,0.0,0.0,0.0,1.1535,2026-08-09
sv4pt5-171,Annihilape,holofoil,Paldean Fates,171,Shiny Rare,Hitoshi Ariga,Stage 2,979,Pokémon,2024/01/26,"tcgplayer,cardmarket",https://prices.pokemontcg.io/tcgplayer/sv4pt5-171,https://images.pokemontcg.io/sv4pt5/171_hires.png,2026/08/08,2025/11/21,3.93,2.4800000190734863,4.0,39.150001525878906,,,,,,2.953,2.0648,2.7684,0.0,2.4684998989105225,2.9299,2.976,0.0,0.0,0.0,1.1535,2026-08-09
sv4pt5-176,Nacli,holofoil,Paldean Fates,176,Shiny Rare,Yuu Nishida,Basic,932,Pokémon,2024/01/26,"tcgplayer,cardmarket",https://prices.pokemontcg.io/tcgplayer/sv4pt5-176,https://images.pokemontcg.io/sv4pt5/176_hires.png,2026/08/08,2025/11/18,2.15,1.4900000095367432,2.3499999046325684,30.0,,,,,,2.2955,1.1535,2.157,0.0,1.499500036239624,2.0763,2.134,0.0,0.0,0.0,1.1535,2026-08-09
sv4pt5-178,Garganacl,holofoil,Paldean Fates,178,Shiny Rare,Kouki Saitou,Stage 2,934,Pokémon,2024/01/26,"tcgplayer,cardmarket",https://prices.pokemontcg.io/tcgplayer/sv4pt5-178,https://images.pokemontcg.io/sv4pt5/178_hires.png,2026/08/08,2025/11/18,2.08,1.0,2.2899999618530273,24.559999465942383,,,,,,2.5031,1.1535,2.1801,0.0,3.7142999172210693,2.5377,2.48,0.0,0.0,0.0,1.1535,2026-08-09
sv4pt5-180,Paldean Wooper,holofoil,Paldean Fates,180,Shiny Rare,Nisota Niso,Basic,194,Pokémon,2024/01/26,"tcgplayer,cardmarket",https://prices.pokemontcg.io/tcgplayer/sv4pt5-180,https://images.pokemontcg.io/sv4pt5/180_hires.png,2026/08/08,2025/11/18,11.65,10.0,12.0,99.0,,,,,,3.9565,2.2955,3.2413,0.0,2.8838000297546387,3.4144,3.6797,0.0,0.0,0.0,1.1535,2026-08-09
sv4pt5-185,Pawniard,holofoil,Paldean Fates,185,Shiny Rare,Misa Tsutsui,Basic,624,Pokémon,2024/01/26,"tcgplayer,cardmarket",https://prices.pokemontcg.io/tcgplayer/sv4pt5-185,https://images.pokemontcg.io/sv4pt5/185_hires.png,2026/08/08,2025/11/18,2.63,1.7999999523162842,2.7699999809265137,50.0,,,,,,2.5146,1.7302,2.3416,0.0,2.1108999252319336,2.6877,2.5146,0.0,0.0,0.0,1.1535,2026-08-09
sv4pt5-186,Bisharp,holofoil,Paldean Fates,186,Shiny Rare,Souichirou Gunjima,Stage 1,625,Pokémon,2024/01/26,"tcgplayer,cardmarket",https://prices.pokemontcg.io/tcgplayer/sv4pt5-186,https://images.pokemontcg.io/sv4pt5/186_hires.png,2026/08/08,2025/11/18,2.73,2.0,2.859999895095825,30.530000686645508,,,,,,2.953,1.6726,2.457,0.0,3.2528998851776123,2.803,2.6992,0.0,0.0,0.0,1.1535,2026-08-09
sv4pt5-188,Mabosstiff,holofoil,Paldean Fates,188,Shiny Rare,Hitoshi Ariga,Stage 1,943,Pokémon,2024/01/26,"tcgplayer,cardmarket",https://prices.pokemontcg.io/tcgplayer/sv4pt5-188,https://images.pokemontcg.io/sv4pt5/188_hires.png,2026/08/08,2025/11/18,2.2,1.4500000476837158,2.359999895095825,18.670000076293945,,,,,,2.4454,1.3842,2.2609,0.0,1.8456000089645386,2.1916,2.2955,0.0,0.0,0.0,1.1535,2026-08-09
sv4pt5-189,Shroodle,holofoil,Paldean Fates,189,Shiny Rare,otumami,Basic,944,Pokémon,2024/01/26,"tcgplayer,cardmarket",https://prices.pokemontcg.io/tcgplayer/sv4pt5-189,https://images.pokemontcg.io/sv4pt5/189_hires.png,2026/08/08,2025/11/18,2.36,1.690000057220459,2.430000066757202,96.94999694824219,,,,,,2.3877,1.1535,2.4454,0.0,2.8838000297546387,2.3993,2.2032,0.0,0.0,0.0,1.1535,2026-08-09
sv4pt5-190,Grafaiai,holofoil,Paldean Fates,190,Shiny Rare,Scav,Stage 1,945,Pokémon,2024/01/26,"tcgplayer,cardmarket",https://prices.pokemontcg.io/tcgplayer/sv4pt5-190,https://images.pokemontcg.io/sv4pt5/190_hires.png,2026/08/08,2025/11/18,1.99,1.0,2.25,40.0,,,,,,2.7684,1.1535,2.8145,0.0,2.2955000400543213,2.803,2.7338,0.0,0.0,0.0,1.1535,2026-08-09
sv4pt5-164,Flittle,holofoil,Paldean Fates,164,Shiny Rare,Kyoko Umemoto,Basic,955,Pokémon,2024/01/26,"tcgplayer,cardmarket",https://prices.pokemontcg.io/tcgplayer/sv4pt5-164,https://images.pokemontcg.io/sv4pt5/164_hires.png,2026/08/08,2025/11/18,2.83,1.25,2.799999952316284,4318.93017578125,,,,,,2.457,1.1535,2.1109,0.0,2.2955000400543213,2.5031,2.2955,0.0,0.0,0.0,1.1535,2026-08-09
sv4pt5-167,Tinkaton,holofoil,Paldean Fates,167,Shiny Rare,Kagemaru Himeno,Stage 2,959,Pokémon,2024/01/26,"tcgplayer,cardmarket",https://prices.pokemontcg.io/tcgplayer/sv4pt5-167,https://images.pokemontcg.io/sv4pt5/167_hires.png,2026/08/08,2025/11/18,10.02,8.020000457763672,10.010000228881836,69.9000015258789,,,,,,4.0719,2.1801,3.795,0.0,6.86329984664917,3.7373,4.0488,0.0,0.0,0.0,1.1535,2026-08-09
sv4pt5-183,Weavile,holofoil,Paldean Fates,183,Shiny Rare,Shin Nagasawa,Stage 1,461,Pokémon,2024/01/26,"tcgplayer,cardmarket",https://prices.pokemontcg.io/tcgplayer/sv4pt5-183,https://images.pokemontcg.io/sv4pt5/183_hires.png,2026/08/08,2025/11/18,2.98,1.9900000095367432,3.2300000190734863,100.0,,,,,,3.4605,1.7302,3.1837,0.0,2.768399953842163,3.1837,3.2183,0.0,0.0,0.0,1.1535,2026-08-09
sv4pt5-191,Scizor,holofoil,Paldean Fates,191,Shiny Rare,GOSSAN,Stage 1,212,Pokémon,2024/01/26,"tcgplayer,cardmarket",https://prices.pokemontcg.io/tcgplayer/sv4pt5-191,https://images.pokemontcg.io/sv4pt5/191_hires.png,2026/08/08,2025/11/18,10.54,7.0,10.670000076293945,73.18000030517578,,,,,,6.252,4.0257,8.8243,0.0,8.07450008392334,11.1543,6.8518,0.0,0.0,0.0,1.1535,2026-08-09
sv4pt5-157,Mime Jr.,holofoil,Paldean Fates,157,Shiny Rare,Saya Tsuruta,Basic,439,Pokémon,2024/01/26,"tcgplayer,cardmarket",https://prices.pokemontcg.io/tcgplayer/sv4pt5-157,https://images.pokemontcg.io/sv4pt5/157_hires.png,2026/08/08,2025/11/18,5.09,3.0,5.760000228881836,40.060001373291016,,,,,,3.0452,1.7302,2.6069,0.0,2.5376999378204346,2.803,2.8838,0.0,0.0,0.0,1.1535,2026-08-09
sv4pt5-160,Mimikyu,holofoil,Paldean Fates,160,Shiny Rare,Nelnal,Basic,778,Pokémon,2024/01/26,"tcgplayer,cardmarket",https://prices.pokemontcg.io/tcgplayer/sv4pt5-160,https://images.pokemontcg.io/sv4pt5/160_hires.png,2026/08/08,2025/11/18,52.31,48.0,57.83000183105469,199.99000549316406,,,,,,10.9121,5.7675,11.0851,0.0,9.920100212097168,12.3194,10.8429,0.0,0.0,0.0,1.1535,2026-08-09
sv4pt5-161,Dachsbun,holofoil,Paldean Fates,161,Shiny Rare,Sanosuke Sakuma,Stage 1,927,Pokémon,2024/01/26,"tcgplayer,cardmarket",https://prices.pokemontcg.io/tcgplayer/sv4pt5-161,https://images.pokemontcg.io/sv4pt5/161_hires.png,2026/08/08,2025/11/18,10.45,8.0,11.600000381469727,99.98999786376953,,,,,,3.3567,1.6149,3.3221,0.0,3.4489998817443848,3.1029,3.3567,0.0,0.0,0.0,1.1535,2026-08-09
sv4pt5-162,Ceruledge,holofoil,Paldean Fates,162,Shiny Rare,Kouki Saitou,Stage 1,937,Pokémon,2024/01/26,"tcgplayer,cardmarket",https://prices.pokemontcg.io/tcgplayer/sv4pt5-162,https://images.pokemontcg.io/sv4pt5/162_hires.png,2026/08/08,2025/11/18,11.21,8.859999656677246,12.0,999.0,,,,,,5.1561,3.2183,4.9831,0.0,3.3220999240875244,5.2023,5.0985,0.0,0.0,0.0,1.1535,2026-08-09
sv4pt5-168,Houndstone,holofoil,Paldean Fates,168,Shiny Rare,Shin Nagasawa,Stage 1,972,Pokémon,2024/01/26,"tcgplayer,cardmarket",https://prices.pokemontcg.io/tcgplayer/sv4pt5-168,https://images.pokemontcg.io/sv4pt5/168_hires.png,2026/08/08,2025/11/18,2.38,1.0,2.5799999237060547,25.0,,,,,,2.803,1.488,2.63,0.0,3.137500047683716,2.8145,2.7338,0.0,0.0,0.0,1.1535,2026-08-09
sv4pt5-170,Primeape,holofoil,Paldean Fates,170,Shiny Rare,Scav,Stage 1,57,Pokémon,2024/01/26,"tcgplayer,cardmarket",https://prices.pokemontcg.io/tcgplayer/sv4pt5-170,https://images.pokemontcg.io/sv4pt5/170_hires.png,2026/08/08,2025/11/18,4.25,2.7699999809265137,4.400000095367432,96.94999694824219,,,,,,3.6681,1.1535,4.1411,0.0,3.4028000831604004,4.4294,3.945,0.0,0.0,0.0,1.1535,2026-08-09
sv4pt5-175,Hawlucha,holofoil,Paldean Fates,175,Shiny Rare,Souichirou Gunjima,Basic,701,Pokémon,2024/01/26,"tcgplayer,cardmarket",https://prices.pokemontcg.io/tcgplayer/sv4pt5-175,https://images.pokemontcg.io/sv4pt5/175_hires.png,2026/08/08,2025/11/18,7.23,6.0,7.989999771118164,96.94999694824219,,,,,,5.6291,3.3451,4.8447,0.0,5.7444000244140625,5.2023,5.3407,0.0,0.0,0.0,1.1535,2026-08-09
sv4pt5-177,Naclstack,holofoil,Paldean Fates,177,Shiny Rare,otumami,Stage 1,933,Pokémon,2024/01/26,"tcgplayer,cardmarket",https://prices.pokemontcg.io/tcgplayer/sv4pt5-177,https://images.pokemontcg.io/sv4pt5/177_hires.png,2026/08/08,2025/11/18,2.43,1.75,2.5399999618530273,7.690000057220459,,,,,,2.2955,1.1535,2.7453,0.0,2.987600088119507,2.5146,2.3531,0.0,0.0,0.0,1.1535,2026-08-09
sv4pt5-181,Murkrow,holofoil,Paldean Fates,181,Shiny Rare,Hitoshi Ariga,Basic,198,Pokémon,2024/01/26,"tcgplayer,cardmarket",https://prices.pokemontcg.io/tcgplayer/sv4pt5-181,https://images.pokemontcg.io/sv4pt5/181_hires.png,2026/08/08,2025/11/18,3.9,2.4800000190734863,3.9000000953674316,41.099998474121094,,,,,,2.7915,1.7302,2.4224,0.0,3.0683000087738037,2.5954,2.6761,0.0,0.0,0.0,1.1535,2026-08-09
sv4pt5-182,Sneasel,holofoil,Paldean Fates,182,Shiny Rare,Kagemaru Himeno,Basic,215,Pokémon,2024/01/26,"tcgplayer,cardmarket",https://prices.pokemontcg.io/tcgplayer/sv4pt5-182,https://images.pokemontcg.io/sv4pt5/182_hires.png,2026/08/08,2025/11/18,3.74,2.299999952316284,3.9600000381469727,35.20000076293945,,,,,,2.8953,1.7302,2.5492,0.0,3.172100067138672,2.4224,2.6761,0.0,0.0,0.0,1.1535,2026-08-09
sv4pt5-184,Sableye,holofoil,Paldean Fates,184,Shiny Rare,nagimiso,Basic,302,Pokémon,2024/01/26,"tcgplayer,cardmarket",https://prices.pokemontcg.io/tcgplayer/sv4pt5-184,https://images.pokemontcg.io/sv4pt5/184_hires.png,2026/08/08,2025/11/18,8.54,7.329999923706055,9.229999542236328,76.86000061035156,,,,,,3.968,2.653,3.7143,0.0,2.8838000297546387,4.0373,3.9104,0.0,0.0,0.0,1.1535,2026-08-09
sv4pt5-149,Kadabra,holofoil,Paldean Fates,149,Shiny Rare,Souichirou Gunjima,Stage 1,64,Pokémon,2024/01/26,"tcgplayer,cardmarket",https://prices.pokemontcg.io/tcgplayer/sv4pt5-149,https://images.pokemontcg.io/sv4pt5/149_hires.png,2026/08/08,2025/11/18,7.89,5.5,8.329999923706055,99.0,,,,,,6.2404,3.4605,5.9751,0.0,6.0904998779296875,5.5945,5.6406,0.0,0.0,0.0,1.1535,2026-08-09
sv4pt5-150,Cleffa,holofoil,Paldean Fates,150,Shiny Rare,Mizue,Basic,173,Pokémon,2024/01/26,"tcgplayer,cardmarket",https://prices.pokemontcg.io/tcgplayer/sv4pt5-150,https://images.pokemontcg.io/sv4pt5/150_hires.png,2026/08/08,2025/11/18,9.31,7.0,10.0,36.439998626708984,,,,,,2.3531,1.0381,2.2609,0.0,2.0185999870300293,2.1455,2.3531,0.0,0.0,0.0,1.1535,2026-08-09
sv4pt5-159,Klefki,holofoil,Paldean Fates,159,Shiny Rare,yuu,Basic,707,Pokémon,2024/01/26,"tcgplayer,cardmarket",https://prices.pokemontcg.io/tcgplayer/sv4pt5-159,https://images.pokemontcg.io/sv4pt5/159_hires.png,2026/08/08,2025/11/18,3.95,1.9900000095367432,4.28000020980835,45.599998474121094,,,,,,3.9911,2.134,4.0142,0.0,3.345099925994873,4.3372,3.945,0.0,0.0,0.0,1.1535,2026-08-09
sv4pt5-163,Rabsca,holofoil,Paldean Fates,163,Shiny Rare,Nelnal,Stage 1,954,Pokémon,2024/01/26,"tcgplayer,cardmarket",https://prices.pokemontcg.io/tcgplayer/sv4pt5-163,https://images.pokemontcg.io/sv4pt5/163_hires.png,2026/08/08,2025/11/18,2.12,1.2400000095367432,2.25,99.0,,,,,,2.5954,1.7187,2.6184,0.0,3.7488999366760254,2.6069,2.3877,0.0,0.0,0.0,1.1535,2026-08-09
sv4pt5-166,Tinkatuff,holofoil,Paldean Fates,166,Shiny Rare,Yuu Nishida,Stage 1,958,Pokémon,2024/01/26,"tcgplayer,cardmarket",https://prices.pokemontcg.io/tcgplayer/sv4pt5-166,https://images.pokemontcg.io/sv4pt5/166_hires.png,2026/08/08,2025/11/18,6.46,3.8399999141693115,7.0,56.79999923706055,,,,,,3.5297,1.7302,3.1837,0.0,2.306999921798706,3.0222,3.299,0.0,0.0,0.0,1.1535,2026-08-09
sv4pt5-169,Mankey,holofoil,Paldean Fates,169,Shiny Rare,nagimiso,Basic,56,Pokémon,2024/01/26,"tcgplayer,cardmarket",https://prices.pokemontcg.io/tcgplayer/sv4pt5-169,https://images.pokemontcg.io/sv4pt5/169_hires.png,2026/08/08,2025/11/18,4.59,3.490000009536743,5.139999866485596,96.94999694824219,,,,,,3.7143,1.7187,3.2413,0.0,4.3256001472473145,3.6566,3.6681,0.0,0.0,0.0,1.1535,2026-08-09
sv4pt5-172,Paldean Tauros,holofoil,Paldean Fates,172,Shiny Rare,nagimiso,Basic,128,Pokémon,2024/01/26,"tcgplayer,cardmarket",https://prices.pokemontcg.io/tcgplayer/sv4pt5-172,https://images.pokemontcg.io/sv4pt5/172_hires.png,2026/08/08,2025/11/18,3.82,2.200000047683716,3.7699999809265137,31.040000915527344,,,,,,2.7338,1.9609,2.6992,0.0,2.306999921798706,2.7107,2.6646,0.0,0.0,0.0,1.1535,2026-08-09
sv4pt5-173,Riolu,holofoil,Paldean Fates,173,Shiny Rare,sowsow,Basic,447,Pokémon,2024/01/26,"tcgplayer,cardmarket",https://prices.pokemontcg.io/tcgplayer/sv4pt5-173,https://images.pokemontcg.io/sv4pt5/173_hires.png,2026/08/08,2025/11/18,14.63,12.699999809265137,15.859999656677246,132.7899932861328,,,,,,6.252,4.5909,6.4019,0.0,6.644199848175049,6.6096,6.425,0.0,0.0,0.0,1.1535,2026-08-09
sv4pt5-174,Lucario,holofoil,Paldean Fates,174,Shiny Rare,Shin Nagasawa,Stage 1,448,Pokémon,2024/01/26,"tcgplayer,cardmarket",https://prices.pokemontcg.io/tcgplayer/sv4pt5-174,https://images.pokemontcg.io/sv4pt5/174_hires.png,2026/08/08,2025/11/18,28.48,18.290000915527344,32.22999954223633,169.9199981689453,,,,,,9.1819,5.7444,9.8048,0.0,10.958200454711914,9.6202,9.1127,0.0,0.0,0.0,1.1535,2026-08-09
sv4pt5-179,Glimmet,holofoil,Paldean Fates,179,Shiny Rare,nagimiso,Basic,969,Pokémon,2024/01/26,"tcgplayer,cardmarket",https://prices.pokemontcg.io/tcgplayer/sv4pt5-179,https://images.pokemontcg.io/sv4pt5/179_hires.png,2026/08/08,2025/11/18,2.26,1.5,2.309999942779541,11.539999961853027,,,,,,2.5723,1.1535,2.5146,0.0,2.52620005607605,2.5723,2.48,0.0,0.0,0.0,1.1535,2026-08-09
sv4pt5-187,Kingambit,holofoil,Paldean Fates,187,Shiny Rare,Shin Nagasawa,Stage 2,983,Pokémon,2024/01/26,"tcgplayer,cardmarket",https://prices.pokemontcg.io/tcgplayer/sv4pt5-187,https://images.pokemontcg.io/sv4pt5/187_hires.png,2026/08/08,2025/11/18,2.96,2.0,3.25,96.94999694824219,,,,,,2.9414,1.1535,2.7338,0.0,3.3220999240875244,2.8491,2.8491,0.0,0.0,0.0,1.1535,2026-08-09
sv4pt5-192,Varoom,holofoil,Paldean Fates,192,Shiny Rare,Masakazu Fukuda,Basic,965,Pokémon,2024/01/26,"tcgplayer,cardmarket",https://prices.pokemontcg.io/tcgplayer/sv4pt5-192,https://images.pokemontcg.io/sv4pt5/192_hires.png,2026/08/08,2025/11/18,1.82,1.25,2.0,16.600000381469727,,,,,,2.5262,0.8651,2.1455,0.0,2.237799882888794,2.0417,2.307,0.0,0.0,0.0,1.1535,2026-08-09
sv4pt5-193,Revavroom,holofoil,Paldean Fates,193,Shiny Rare,GOSSAN,Stage 1,966,Pokémon,2024/01/26,"tcgplayer,cardmarket",https://prices.pokemontcg.io/tcgplayer/sv4pt5-193,https://images.pokemontcg.io/sv4pt5/193_hires.png,2026/08/08,2025/11/18,2.12,1.090000033378601,2.299999952316284,30.5,,,,,,2.5377,1.2804,2.2955,0.0,1.9493999481201172,2.2032,2.4454,0.0,0.0,0.0,1.1535,2026-08-09
sv4pt5-196,Pidgey,holofoil,Paldean Fates,196,Shiny Rare,sowsow,Basic,16,Pokémon,2024/01/26,"tcgplayer,cardmarket",https://prices.pokemontcg.io/tcgplayer/sv4pt5-196,https://images.pokemontcg.io/sv4pt5/196_hires.png,2026/08/08,2025/11/18,6.84,5.260000228881836,7.989999771118164,75.0,,,,,,7.3824,4.96,7.6708,0.0,6.8403000831604,7.6823,7.6016,0.0,0.0,0.0,1.1535,2026-08-09
sv4pt5-198,Jigglypuff,holofoil,Paldean Fates,198,Shiny Rare,Misa Tsutsui,Basic,39,Pokémon,2024/01/26,"tcgplayer,cardmarket",https://prices.pokemontcg.io/tcgplayer/sv4pt5-198,https://images.pokemontcg.io/sv4pt5/198_hires.png,2026/08/08,2025/11/18,29.61,21.549999237060547,31.690000534057617,996.530029296875,,,,,,6.921,3.4605,6.0674,0.0,5.975100040435791,5.7329,6.748,0.0,0.0,0.0,1.1535,2026-08-09
sv4pt5-199,Doduo,holofoil,Paldean Fates,199,Shiny Rare,Saya Tsuruta,Basic,84,Pokémon,2024/01/26,"tcgplayer,cardmarket",https://prices.pokemontcg.io/tcgplayer/sv4pt5-199,https://images.pokemontcg.io/sv4pt5/199_hires.png,2026/08/08,2025/11/18,4.68,3.3499999046325684,4.699999809265137,36.099998474121094,,,,,,3.2644,1.7302,3.6335,0.0,3.7142999172210693,3.6105,3.4374,0.0,0.0,0.0,1.1535,2026-08-09
sv4pt5-194,Noibat,holofoil,Paldean Fates,194,Shiny Rare,Nelnal,Basic,714,Pokémon,2024/01/26,"tcgplayer,cardmarket",https://prices.pokemontcg.io/tcgplayer/sv4pt5-194,https://images.pokemontcg.io/sv4pt5/194_hires.png,2026/08/08,2025/11/18,5.06,3.0,5.289999961853027,43.099998474121094,,,,,,3.5643,2.1801,3.1606,0.0,3.0797998905181885,3.1606,3.3336,0.0,0.0,0.0,1.1535,2026-08-09
sv4pt5-195,Cyclizar,holofoil,Paldean Fates,195,Shiny Rare,Souichirou Gunjima,Basic,967,Pokémon,2024/01/26,"tcgplayer,cardmarket",https://prices.pokemontcg.io/tcgplayer/sv4pt5-195,https://images.pokemontcg.io/sv4pt5/195_hires.png,2026/08/08,2025/11/18,2.49,1.5,2.490000009536743,24.940000534057617,,,,,,2.6761,1.7302,3.0337,0.0,2.8606998920440674,3.0683,2.7107,0.0,0.0,0.0,1.1535,2026-08-09
sv4pt5-197,Pidgeotto,holofoil,Paldean Fates,197,Shiny Rare,Kouki Saitou,Stage 1,17,Pokémon,2024/01/26,"tcgplayer,cardmarket",https://prices.pokemontcg.io/tcgplayer/sv4pt5-197,https://images.pokemontcg.io/sv4pt5/197_hires.png,2026/08/08,2025/11/18,5.4,3.75,5.960000038146973,59.599998474121094,,,,,,6.5288,4.4986,6.4596,0.0,4.613999843597412,6.5173,6.4711,0.0,0.0,0.0,1.1535,2026-08-09
sv4pt5-200,Dodrio,holofoil,Paldean Fates,200,Shiny Rare,nagimiso,Stage 1,85,Pokémon,2024/01/26,"tcgplayer,cardmarket",https://prices.pokemontcg.io/tcgplayer/sv4pt5-200,https://images.pokemontcg.io/sv4pt5/200_hires.png,2026/08/08,2025/11/18,4.57,2.559999942779541,4.730000019073486,100.0,,,,,,3.2067,1.7302,3.1491,0.0,2.664599895477295,3.1145,3.2183,0.0,0.0,0.0,1.1535,2026-08-09
sv4pt5-201,Ditto,holofoil,Paldean Fates,201,Shiny Rare,0313,Basic,132,Pokémon,2024/01/26,"tcgplayer,cardmarket",https://prices.pokemontcg.io/tcgplayer/sv4pt5-201,https://images.pokemontcg.io/sv4pt5/201_hires.png,2026/08/08,2025/11/18,44.86,41.5,51.880001068115234,404.8800048828125,,,,,,14.3495,8.5936,13.2768,0.0,14.18809986114502,13.0115,14.2803,0.0,0.0,0.0,1.1535,2026-08-09
sv4pt5-202,Snorlax,holofoil,Paldean Fates,202,Shiny Rare,Shigenori Negishi,Basic,143,Pokémon,2024/01/26,"tcgplayer,cardmarket",https://prices.pokemontcg.io/tcgplayer/sv4pt5-202,https://images.pokemontcg.io/sv4pt5/202_hires.png,2026/08/08,2025/11/18,56.44,54.0,64.91000366210938,370.489990234375,,,,,,15.5838,9.1127,15.3992,0.0,11.419699668884277,15.7568,15.48,0.0,0.0,0.0,1.1535,2026-08-09
sv4pt5-203,Wingull,holofoil,Paldean Fates,203,Shiny Rare,kurumitsu,Basic,278,Pokémon,2024/01/26,"tcgplayer,cardmarket",https://prices.pokemontcg.io/tcgplayer/sv4pt5-203,https://images.pokemontcg.io/sv4pt5/203_hires.png,2026/08/08,2025/11/18,3.2,2.490000009536743,3.369999885559082,27.100000381469727,,,,,,2.9184,2.1801,2.5031,0.0,2.283900022506714,2.7684,2.8722,0.0,0.0,0.0,1.1535,2026-08-09
sv4pt5-204,Pelipper,holofoil,Paldean Fates,204,Shiny Rare,Masakazu Fukuda,Stage 1,279,Pokémon,2024/01/26,"tcgplayer,cardmarket",https://prices.pokemontcg.io/tcgplayer/sv4pt5-204,https://images.pokemontcg.io/sv4pt5/204_hires.png,2026/08/08,2025/11/18,3.06,1.7400000095367432,3.309999942779541,99.0,,,,,,2.976,1.7187,2.4224,0.0,2.1800999641418457,2.8145,2.7684,0.0,0.0,0.0,1.1535,2026-08-09
sv4pt5-210,Maushold,holofoil,Paldean Fates,210,Shiny Rare,Shigenori Negishi,Stage 1,925,Pokémon,2024/01/26,"tcgplayer,cardmarket",https://prices.pokemontcg.io/tcgplayer/sv4pt5-210,https://images.pokemontcg.io/sv4pt5/210_hires.png,2026/08/08,2025/11/18,30.94,27.799999237060547,34.619998931884766,278.4599914550781,,,,,,5.8367,2.5377,5.4907,0.0,5.409900188446045,5.5945,5.7675,0.0,0.0,0.0,1.1535,2026-08-09
sv4pt5-208,Oinkologne,holofoil,Paldean Fates,208,Shiny Rare,Misa Tsutsui,Stage 1,916,Pokémon,2024/01/26,"tcgplayer,cardmarket",https://prices.pokemontcg.io/tcgplayer/sv4pt5-208,https://images.pokemontcg.io/sv4pt5/208_hires.png,2026/08/08,2025/11/18,4.98,2.990000009536743,5.0,42.599998474121094,,,,,,3.1375,1.4995,2.4224,0.0,4.025700092315674,2.5377,2.7799,0.0,0.0,0.0,1.1535,2026-08-09
sv4pt5-209,Tandemaus,holofoil,Paldean Fates,209,Shiny Rare,Lee HyunJung,Basic,924,Pokémon,2024/01/26,"tcgplayer,cardmarket",https://prices.pokemontcg.io/tcgplayer/sv4pt5-209,https://images.pokemontcg.io/sv4pt5/209_hires.png,2026/08/08,2025/11/18,27.9,24.0,32.18000030517578,368.92999267578125,,,,,,5.3176,2.8838,5.1331,0.0,5.652200222015381,5.1792,5.3638,0.0,0.0,0.0,1.1535,2026-08-09
sv4pt5-213,Toedscruel ex,holofoil,Paldean Fates,213,Shiny Ultra Rare,5ban Graphics,Stage 1|ex,949,Pokémon,2024/01/26,"tcgplayer,cardmarket",https://prices.pokemontcg.io/tcgplayer/sv4pt5-213,https://images.pokemontcg.io/sv4pt5/213_hires.png,2026/08/08,2025/11/18,1.58,0.8899999856948853,1.5800000429153442,45.0,,,,,,1.3957,0.4614,1.3496,0.0,1.1073999404907227,1.3842,1.4073,0.0,0.0,0.0,1.1535,2026-08-09
sv4pt5-225,Palafin,holofoil,Paldean Fates,225,Illustration Rare,akagi,Stage 1,964,Pokémon,2024/01/26,"tcgplayer,cardmarket",https://prices.pokemontcg.io/tcgplayer/sv4pt5-225,https://images.pokemontcg.io/sv4pt5/225_hires.png,2026/08/08,2025/11/18,2.08,1.2200000286102295,2.359999895095825,858.739990234375,,,,,,1.0151,0.2307,0.9343,0.0,1.003499984741211,0.9689,1.0151,0.0,0.0,0.0,1.1535,2026-08-09
sv4pt5-232,Mew ex,holofoil,Paldean Fates,232,Special Illustration Rare,USGMEN,Basic|ex,151,Pokémon,2024/01/26,"tcgplayer,cardmarket",https://prices.pokemontcg.io/tcgplayer/sv4pt5-232,https://images.pokemontcg.io/sv4pt5/232_hires.png,2026/08/08,2025/11/18,1020.79,791.0399780273438,1034.300048828125,10000.0,,,,,,531.7981,230.6885,584.7784,0.0,484.4468994140625,539.7919,523.0546,0.0,0.0,0.0,1.1535,2026-08-09
sv4pt5-238,Nemona,holofoil,Paldean Fates,238,Special Illustration Rare,aspara,Supporter,,Trainer,2024/01/26,"tcgplayer,cardmarket",https://prices.pokemontcg.io/tcgplayer/sv4pt5-238,https://images.pokemontcg.io/sv4pt5/238_hires.png,2026/08/08,2025/11/18,7.47,5.679999828338623,7.989999771118164,75.0,,,,,,6.1366,2.8722,5.8598,0.0,5.1331000328063965,5.1215,5.8828,0.0,0.0,0.0,1.1535,2026-08-09
sv4pt5-212,Forretress ex,holofoil,Paldean Fates,212,Shiny Ultra Rare,5ban Graphics,Stage 1|Tera|ex,205,Pokémon,2024/01/26,"tcgplayer,cardmarket",https://prices.pokemontcg.io/tcgplayer/sv4pt5-212,https://images.pokemontcg.io/sv4pt5/212_hires.png,2026/08/08,2025/11/18,1.0,0.25,1.2100000381469727,50.0,,,,,,1.1766,0.2307,0.9805,0.0,0.6920999884605408,1.0381,1.142,0.0,0.0,0.0,1.1535,2026-08-09
sv4pt5-214,Espathra ex,holofoil,Paldean Fates,214,Shiny Ultra Rare,takuyoa,Stage 1|Tera|ex,956,Pokémon,2024/01/26,"tcgplayer,cardmarket",https://prices.pokemontcg.io/tcgplayer/sv4pt5-214,https://images.pokemontcg.io/sv4pt5/214_hires.png,2026/08/08,2025/11/18,1.09,0.5799999833106995,1.2999999523162842,60.0,,,,,,1.0958,0.3345,1.1881,0.0,1.1073999404907227,1.142,1.1189,0.0,0.0,0.0,1.1535,2026-08-09
sv4pt5-226,Pawmi,holofoil,Paldean Fates,226,Illustration Rare,REND,Basic,921,Pokémon,2024/01/26,"tcgplayer,cardmarket",https://prices.pokemontcg.io/tcgplayer/sv4pt5-226,https://images.pokemontcg.io/sv4pt5/226_hires.png,2026/08/08,2025/11/18,3.4,2.0,3.5299999713897705,927.4199829101562,,,,,,1.2804,0.173,1.2342,0.0,1.1073999404907227,1.2573,1.2342,0.0,0.0,0.0,1.1535,2026-08-09
sv4pt5-227,Clive,holofoil,Paldean Fates,227,Ultra Rare,GOSSAN,Supporter,,Trainer,2024/01/26,"tcgplayer,cardmarket",https://prices.pokemontcg.io/tcgplayer/sv4pt5-227,https://images.pokemontcg.io/sv4pt5/227_hires.png,2026/08/08,2025/11/18,0.56,0.18000000715255737,0.800000011920929,983.5999755859375,,,,,,0.6114,0.0231,0.4383,0.0,0.4383000135421753,0.4153,0.5306,0.0,0.0,0.0,1.1535,2026-08-09
sv4pt5-228,Judge,holofoil,Paldean Fates,228,Ultra Rare,Hideki Ishikawa,Supporter,,Trainer,2024/01/26,"tcgplayer,cardmarket",https://prices.pokemontcg.io/tcgplayer/sv4pt5-228,https://images.pokemontcg.io/sv4pt5/228_hires.png,2026/08/08,2025/11/18,1.01,0.550000011920929,1.340000033378601,35.0,,,,,,0.8536,0.0346,0.5998,0.0,0.426800012588501,0.5998,0.646,0.0,0.0,0.0,1.1535,2026-08-09
sv4pt5-230,Paldean Student,holofoil,Paldean Fates,230,Ultra Rare,Cona Nitanda,Supporter,,Trainer,2024/01/26,"tcgplayer,cardmarket",https://prices.pokemontcg.io/tcgplayer/sv4pt5-230,https://images.pokemontcg.io/sv4pt5/230_hires.png,2026/08/08,2025/11/18,0.69,0.28999999165534973,0.9900000095367432,1084.3399658203125,,,,,,1.0381,0.1154,0.5998,0.0,0.46140000224113464,0.5421,0.6344,0.0,0.0,0.0,1.1535,2026-08-09
sv4pt5-231,Paldean Student,holofoil,Paldean Fates,231,Ultra Rare,Naoki Saito,Supporter,,Trainer,2024/01/26,"tcgplayer,cardmarket",https://prices.pokemontcg.io/tcgplayer/sv4pt5-231,https://images.pokemontcg.io/sv4pt5/231_hires.png,2026/08/08,2025/11/18,0.66,0.27000001072883606,0.9900000095367432,25.0,,,,,,1.0266,0.0577,0.3922,0.0,0.3806999921798706,0.4845,0.7036,0.0,0.0,0.0,1.1535,2026-08-09
sv4pt5-235,Arven,holofoil,Paldean Fates,235,Special Illustration Rare,aspara,Supporter,,Trainer,2024/01/26,"tcgplayer,cardmarket",https://prices.pokemontcg.io/tcgplayer/sv4pt5-235,https://images.pokemontcg.io/sv4pt5/235_hires.png,2026/08/08,2025/11/18,10.18,6.0,10.770000457763672,91.62000274658203,,,,,,13.7382,8.0745,11.9387,0.0,12.284799575805664,12.3194,13.1499,0.0,0.0,0.0,1.1535,2026-08-09
sv4pt5-243,Miraidon ex,holofoil,Paldean Fates,243,Hyper Rare,5ban Graphics,Basic|ex,1008,Pokémon,2024/01/26,"tcgplayer,cardmarket",https://prices.pokemontcg.io/tcgplayer/sv4pt5-243,https://images.pokemontcg.io/sv4pt5/243_hires.png,2026/08/08,2025/11/18,15.79,11.550000190734863,17.0,103.5,,,,,,11.8234,5.1907,11.6734,0.0,10.912099838256836,10.9121,11.2928,0.0,0.0,0.0,1.1535,2026-08-09
sv4pt5-211,Flamigo,holofoil,Paldean Fates,211,Shiny Rare,Akira Komayama,Basic,973,Pokémon,2024/01/26,"tcgplayer,cardmarket",https://prices.pokemontcg.io/tcgplayer/sv4pt5-211,https://images.pokemontcg.io/sv4pt5/211_hires.png,2026/08/08,2025/11/18,3.42,2.6500000953674316,3.640000104904175,9.989999771118164,,,,,,2.7569,1.1535,2.803,0.0,2.733799934387207,2.7684,2.7453,0.0,0.0,0.0,1.1535,2026-08-09
sv4pt5-215,Alakazam ex,holofoil,Paldean Fates,215,Shiny Ultra Rare,PLANETA Tsuji,Stage 2|ex,65,Pokémon,2024/01/26,"tcgplayer,cardmarket",https://prices.pokemontcg.io/tcgplayer/sv4pt5-215,https://images.pokemontcg.io/sv4pt5/215_hires.png,2026/08/08,2025/11/18,6.06,4.840000152587891,7.389999866485596,99.0,,,,,,3.3105,1.142,2.803,0.0,1.7302000522613525,2.7107,2.7684,0.0,0.0,0.0,1.1535,2026-08-09
sv4pt5-216,Mew ex,holofoil,Paldean Fates,216,Shiny Ultra Rare,aky CG Works,Basic|ex,151,Pokémon,2024/01/26,"tcgplayer,cardmarket",https://prices.pokemontcg.io/tcgplayer/sv4pt5-216,https://images.pokemontcg.io/sv4pt5/216_hires.png,2026/08/08,2025/11/18,31.99,19.700000762939453,40.0,999.0,,,,,,20.0017,9.1934,19.3096,0.0,15.018600463867188,17.7178,17.9485,0.0,0.0,0.0,1.1535,2026-08-09
sv4pt5-217,Gardevoir ex,holofoil,Paldean Fates,217,Shiny Ultra Rare,N-DESIGN Inc.,Stage 2|ex,282,Pokémon,2024/01/26,"tcgplayer,cardmarket",https://prices.pokemontcg.io/tcgplayer/sv4pt5-217,https://images.pokemontcg.io/sv4pt5/217_hires.png,2026/08/08,2025/11/18,7.9,6.889999866485596,9.5,79.98999786376953,,,,,,4.8793,1.661,4.764,0.0,3.4028000831604004,4.7755,4.9139,0.0,0.0,0.0,1.1535,2026-08-09
sv4pt5-218,Glimmora ex,holofoil,Paldean Fates,218,Shiny Ultra Rare,5ban Graphics,Stage 1|ex,970,Pokémon,2024/01/26,"tcgplayer,cardmarket",https://prices.pokemontcg.io/tcgplayer/sv4pt5-218,https://images.pokemontcg.io/sv4pt5/218_hires.png,2026/08/08,2025/11/18,1.02,0.6000000238418579,1.1699999570846558,99.0,,,,,,1.0958,0.2192,1.1535,0.0,1.1073999404907227,1.0728,1.1189,0.0,0.0,0.0,1.1535,2026-08-09
sv4pt5-219,Paldean Clodsire ex,holofoil,Paldean Fates,219,Shiny Ultra Rare,PLANETA Mochizuki,Stage 1|ex,980,Pokémon,2024/01/26,"tcgplayer,cardmarket",https://prices.pokemontcg.io/tcgplayer/sv4pt5-219,https://images.pokemontcg.io/sv4pt5/219_hires.png,2026/08/08,2025/11/18,2.31,1.5,2.5,50.0,,,,,,1.2458,0.346,1.2804,0.0,0.8996999859809875,1.1189,1.2573,0.0,0.0,0.0,1.1535,2026-08-09
sv4pt5-220,Noivern ex,holofoil,Paldean Fates,220,Shiny Ultra Rare,Eske Yoshinob,Stage 1|ex,715,Pokémon,2024/01/26,"tcgplayer,cardmarket",https://prices.pokemontcg.io/tcgplayer/sv4pt5-220,https://images.pokemontcg.io/sv4pt5/220_hires.png,2026/08/08,2025/11/18,1.92,1.0,2.0,25.399999618530273,,,,,,1.4995,0.4614,1.4073,0.0,1.6380000114440918,1.2112,1.4419,0.0,0.0,0.0,1.1535,2026-08-09
sv4pt5-224,Wugtrio,holofoil,Paldean Fates,224,Illustration Rare,Tetsu Kayama,Stage 1,961,Pokémon,2024/01/26,"tcgplayer,cardmarket",https://prices.pokemontcg.io/tcgplayer/sv4pt5-224,https://images.pokemontcg.io/sv4pt5/224_hires.png,2026/08/08,2025/11/18,3.02,1.7000000476837158,3.009999990463257,150.0,,,,,,1.0728,0.346,0.9805,0.0,0.8881999850273132,0.9689,1.0497,0.0,0.0,0.0,1.1535,2026-08-09
sv4pt5-233,Gardevoir ex,holofoil,Paldean Fates,233,Special Illustration Rare,Kuroimori,Stage 2|ex,282,Pokémon,2024/01/26,"tcgplayer,cardmarket",https://prices.pokemontcg.io/tcgplayer/sv4pt5-233,https://images.pokemontcg.io/sv4pt5/233_hires.png,2026/08/08,2025/11/18,180.62,169.72000122070312,198.0,1527.47998046875,,,,,,125.6277,91.0573,124.6703,0.0,97.470703125,115.177,124.0935,0.0,0.0,0.0,1.1535,2026-08-09
sv4pt5-236,Clive,holofoil,Paldean Fates,236,Special Illustration Rare,Taiga Kayama,Supporter,,Trainer,2024/01/26,"tcgplayer,cardmarket",https://prices.pokemontcg.io/tcgplayer/sv4pt5-236,https://images.pokemontcg.io/sv4pt5/236_hires.png,2026/08/08,2025/11/18,27.2,22.0,29.799999237060547,165.9600067138672,,,,,,11.1543,5.6522,14.2227,0.0,12.296299934387207,16.9795,13.1268,0.0,0.0,0.0,1.1535,2026-08-09
sv4pt5-242,Chien-Pao ex,holofoil,Paldean Fates,242,Hyper Rare,aky CG Works,Basic|ex,1002,Pokémon,2024/01/26,"tcgplayer,cardmarket",https://prices.pokemontcg.io/tcgplayer/sv4pt5-242,https://images.pokemontcg.io/sv4pt5/242_hires.png,2026/08/08,2025/11/18,11.75,8.0,12.0,72.44000244140625,,,,,,8.8358,5.7675,8.8243,0.0,6.897900104522705,8.559,8.6512,0.0,0.0,0.0,1.1535,2026-08-09
sv4pt5-244,Ting-Lu ex,holofoil,Paldean Fates,244,Hyper Rare,5ban Graphics,Basic|ex,1003,Pokémon,2024/01/26,"tcgplayer,cardmarket",https://prices.pokemontcg.io/tcgplayer/sv4pt5-244,https://images.pokemontcg.io/sv4pt5/244_hires.png,2026/08/08,2025/11/18,6.43,4.5,6.71999979019165,49.439998626708984,,,,,,6.2174,4.0257,6.2981,0.0,6.828700065612793,6.3558,6.3442,0.0,0.0,0.0,1.1535,2026-08-09
sv4pt5-205,Skwovet,holofoil,Paldean Fates,205,Shiny Rare,Sanosuke Sakuma,Basic,819,Pokémon,2024/01/26,"tcgplayer,cardmarket",https://prices.pokemontcg.io/tcgplayer/sv4pt5-205,https://images.pokemontcg.io/sv4pt5/205_hires.png,2026/08/08,2025/11/18,3.11,1.9900000095367432,3.200000047683716,100.0,,,,,,3.2529,2.2839,3.4951,0.0,4.244900226593018,3.5412,3.2529,0.0,0.0,0.0,1.1535,2026-08-09
sv4pt5-206,Greedent,holofoil,Paldean Fates,206,Shiny Rare,Kagemaru Himeno,Stage 1,820,Pokémon,2024/01/26,"tcgplayer,cardmarket",https://prices.pokemontcg.io/tcgplayer/sv4pt5-206,https://images.pokemontcg.io/sv4pt5/206_hires.png,2026/08/08,2025/11/18,2.65,1.690000057220459,2.8299999237060547,26.559999465942383,,,,,,2.7453,1.6149,2.5608,0.0,3.3682000637054443,2.7338,2.7107,0.0,0.0,0.0,1.1535,2026-08-09
sv4pt5-207,Lechonk,holofoil,Paldean Fates,207,Shiny Rare,Akira Komayama,Basic,915,Pokémon,2024/01/26,"tcgplayer,cardmarket",https://prices.pokemontcg.io/tcgplayer/sv4pt5-207,https://images.pokemontcg.io/sv4pt5/207_hires.png,2026/08/08,2025/11/18,16.86,14.0,17.989999771118164,71.9000015258789,,,,,,4.9254,1.7187,4.4871,0.0,4.613999843597412,4.7409,4.7755,0.0,0.0,0.0,1.1535,2026-08-09
sv4pt5-221,Pidgeot ex,holofoil,Paldean Fates,221,Shiny Ultra Rare,takuyoa,Stage 2|ex,18,Pokémon,2024/01/26,"tcgplayer,cardmarket",https://prices.pokemontcg.io/tcgplayer/sv4pt5-221,https://images.pokemontcg.io/sv4pt5/221_hires.png,2026/08/08,2025/11/18,3.1,1.4900000095367432,3.390000104904175,99.0,,,,,,3.5182,1.1535,3.4028,0.0,3.195199966430664,3.3682,3.5297,0.0,0.0,0.0,1.1535,2026-08-09
sv4pt5-222,Wigglytuff ex,holofoil,Paldean Fates,222,Shiny Ultra Rare,Saki Hayashiro,Stage 1|ex,40,Pokémon,2024/01/26,"tcgplayer,cardmarket",https://prices.pokemontcg.io/tcgplayer/sv4pt5-222,https://images.pokemontcg.io/sv4pt5/222_hires.png,2026/08/08,2025/11/18,2.96,1.149999976158142,3.0,99.0,,,,,,1.5457,0.5767,1.5226,0.0,1.3495999574661255,1.4073,1.5111,0.0,0.0,0.0,1.1535,2026-08-09
sv4pt5-223,Squawkabilly ex,holofoil,Paldean Fates,223,Shiny Ultra Rare,PLANETA Mochizuki,Basic|ex,931,Pokémon,2024/01/26,"tcgplayer,cardmarket",https://prices.pokemontcg.io/tcgplayer/sv4pt5-223,https://images.pokemontcg.io/sv4pt5/223_hires.png,2026/08/08,2025/11/18,1.19,0.699999988079071,1.3300000429153442,99.0,,,,,,1.6034,0.4614,1.5457,0.0,1.499500036239624,1.6034,1.6149,0.0,0.0,0.0,1.1535,2026-08-09
sv4pt5-229,Nemona,holofoil,Paldean Fates,229,Ultra Rare,Sanosuke Sakuma,Supporter,,Trainer,2024/01/26,"tcgplayer,cardmarket",https://prices.pokemontcg.io/tcgplayer/sv4pt5-229,https://images.pokemontcg.io/sv4pt5/229_hires.png,2026/08/08,2025/11/18,0.81,0.44999998807907104,1.0,35.0,,,,,,0.8536,0.1154,0.7267,0.0,0.7958999872207642,0.7844,0.819,0.0,0.0,0.0,1.1535,2026-08-09
sv4pt5-234,Charizard ex,holofoil,Paldean Fates,234,Special Illustration Rare,AKIRA EGAWA,Stage 2|Tera|ex,6,Pokémon,2024/01/26,"tcgplayer,cardmarket",https://prices.pokemontcg.io/tcgplayer/sv4pt5-234,https://images.pokemontcg.io/sv4pt5/234_hires.png,2026/08/08,2025/11/18,282.7,259.9700012207031,320.0,2546.639892578125,,,,,,262.6635,161.49,240.7008,0.0,161.49000549316406,240.6778,254.093,0.0,0.0,0.0,1.1535,2026-08-09
sv4pt5-237,Iono,holofoil,Paldean Fates,237,Special Illustration Rare,hanabushi,Supporter,,Trainer,2024/01/26,"tcgplayer,cardmarket",https://prices.pokemontcg.io/tcgplayer/sv4pt5-237,https://images.pokemontcg.io/sv4pt5/237_hires.png,2026/08/08,2025/11/18,28.74,26.3799991607666,30.829999923706055,92.94999694824219,,,,,,26.023,17.3025,24.0505,0.0,22.400999069213867,23.0931,24.6618,0.0,0.0,0.0,1.1535,2026-08-09
sv4pt5-239,Penny,holofoil,Paldean Fates,239,Special Illustration Rare,aspara,Supporter,,Trainer,2024/01/26,"tcgplayer,cardmarket",https://prices.pokemontcg.io/tcgplayer/sv4pt5-239,https://images.pokemontcg.io/sv4pt5/239_hires.png,2026/08/08,2025/11/18,16.7,14.670000076293945,18.93000030517578,96.94999694824219,,,,,,13.4498,6.9095,15.7337,0.0,13.945799827575684,14.5456,14.1534,0.0,0.0,0.0,1.1535,2026-08-09
sv4pt5-240,Wo-Chien ex,holofoil,Paldean Fates,240,Hyper Rare,5ban Graphics,Basic|ex,1001,Pokémon,2024/01/26,"tcgplayer,cardmarket",https://prices.pokemontcg.io/tcgplayer/sv4pt5-240,https://images.pokemontcg.io/sv4pt5/240_hires.png,2026/08/08,2025/11/18,7.09,5.989999771118164,7.639999866485596,54.59000015258789,,,,,,7.2786,5.6522,7.2324,0.0,7.936100006103516,7.6131,7.4055,0.0,0.0,0.0,1.1535,2026-08-09
sv4pt5-241,Chi-Yu ex,holofoil,Paldean Fates,241,Hyper Rare,PLANETA Yamashita,Basic|ex,1004,Pokémon,2024/01/26,"tcgplayer,cardmarket",https://prices.pokemontcg.io/tcgplayer/sv4pt5-241,https://images.pokemontcg.io/sv4pt5/241_hires.png,2026/08/08,2025/11/18,11.6,9.0,12.210000038146973,94.80000305175781,,,,,,8.7205,5.7675,7.7746,0.0,9.366399765014648,7.9822,8.1322,0.0,0.0,0.0,1.1535,2026-08-09
sv4pt5-245,Koraidon ex,holofoil,Paldean Fates,245,Hyper Rare,aky CG Works,Basic|ex,1007,Pokémon,2024/01/26,"tcgplayer,cardmarket",https://prices.pokemontcg.io/tcgplayer/sv4pt5-245,https://images.pokemontcg.io/sv4pt5/245_hires.png,2026/08/08,2025/11/18,12.47,10.600000381469727,13.0,115.36000061035156,,,,,,12.7346,6.921,12.8038,0.0,13.265199661254883,12.5501,12.8731,0.0,0.0,0.0,1.1535,2026-08-09
svp-57,Chi-Yu,holofoil,Scarlet & Violet Black Star Promos,57,Promo,Dsuke,Basic,1004,Pokémon,2023/01/01,"tcgplayer,cardmarket",https://prices.pokemontcg.io/tcgplayer/svp-57,https://images.pokemontcg.io/svp/57_hires.png,2026/08/08,2026/02/01,2.95,1.0,2.990000009536743,30.0,,,,,,4.8101,2.307,5.2715,0.0,4.602499961853027,4.5563,4.7063,0.0,0.0,0.0,1.1535,2026-08-09
svp-61,Pineco,holofoil,Scarlet & Violet Black Star Promos,61,Promo,Nobuhiro Imagawa,Basic,204,Pokémon,2023/01/01,"tcgplayer,cardmarket",https://prices.pokemontcg.io/tcgplayer/svp-61,https://images.pokemontcg.io/svp/61_hires.png,2026/08/08,2026/01/26,0.33,0.05000000074505806,0.3499999940395355,19.979999542236328,,,,,,0.496,0.0577,0.5421,0.0,0.35760000348091125,0.4037,0.4614,0.0,0.0,0.0,1.1535,2026-08-09
svp-59,Xatu,holofoil,Scarlet & Violet Black Star Promos,59,Promo,GOSSAN,Stage 1,178,Pokémon,2023/01/01,"tcgplayer,cardmarket",https://prices.pokemontcg.io/tcgplayer/svp-59,https://images.pokemontcg.io/svp/59_hires.png,2026/08/08,2026/01/26,1.91,1.0,2.1700000762939453,9999.0,,,,,,3.2067,2.1916,3.1491,0.0,3.310499906539917,3.5066,3.2759,0.0,0.0,0.0,1.1535,2026-08-09
svp-62,Sinistea,holofoil,Scarlet & Violet Black Star Promos,62,Promo,kurumitsu,Basic,854,Pokémon,2023/01/01,"tcgplayer,cardmarket",https://prices.pokemontcg.io/tcgplayer/svp-62,https://images.pokemontcg.io/svp/62_hires.png,2026/08/08,2026/01/26,0.47,0.1899999976158142,0.49000000953674316,50.0,,,,,,0.4845,0.1154,0.6921,0.0,0.28839999437332153,0.4845,0.5075,0.0,0.0,0.0,1.1535,2026-08-09
svp-56,Charizard ex,holofoil,Scarlet & Violet Black Star Promos,56,Promo,takuyoa,Stage 2|Tera|ex,6,Pokémon,2023/01/01,"tcgplayer,cardmarket",https://prices.pokemontcg.io/tcgplayer/svp-56,https://images.pokemontcg.io/svp/56_hires.png,2026/08/08,2026/01/26,15.58,10.0,17.940000534057617,400.0,,,,,,11.4197,5.2946,10.6353,0.0,9.920100212097168,10.3815,11.2697,0.0,0.0,0.0,1.1535,2026-08-09
svp-58,Iron Bundle,holofoil,Scarlet & Violet Black Star Promos,58,Promo,Lee HyunJung,Basic|Future,991,Pokémon,2023/01/01,"tcgplayer,cardmarket",https://prices.pokemontcg.io/tcgplayer/svp-58,https://images.pokemontcg.io/svp/58_hires.png,2026/08/08,2026/01/26,1.98,1.3200000524520874,2.0,17.81999969482422,,,,,,4.4525,2.2955,5.1792,0.0,5.167699813842773,5.3292,4.3256,0.0,0.0,0.0,1.1535,2026-08-09
svp-60,Aegislash,holofoil,Scarlet & Violet Black Star Promos,60,Promo,Takeshi Nakamura,Stage 2,681,Pokémon,2023/01/01,"tcgplayer,cardmarket",https://prices.pokemontcg.io/tcgplayer/svp-60,https://images.pokemontcg.io/svp/60_hires.png,2026/08/08,2026/01/26,1.01,0.699999988079071,1.2000000476837158,25.0,,,,,,3.1029,1.2689,3.0222,0.0,3.737299919128418,3.4259,3.1721,0.0,0.0,0.0,1.1535,2026-08-09
svp-63,Cetitan,holofoil,Scarlet & Violet Black Star Promos,63,Promo,GOSSAN,Stage 1,975,Pokémon,2023/01/01,"tcgplayer,cardmarket",https://prices.pokemontcg.io/tcgplayer/svp-63,https://images.pokemontcg.io/svp/63_hires.png,2026/08/08,2026/01/21,1.04,0.15000000596046448,1.0099999904632568,9999.0,,,,,,0.2768,0.0231,0.2999,0.0,0.11540000140666962,0.2884,0.2538,0.0,0.0,0.0,1.1535,2026-08-09
svp-70,Greavard,holofoil,Scarlet & Violet Black Star Promos,70,Promo,Nisota Niso,Basic,971,Pokémon,2023/01/01,"tcgplayer,cardmarket",https://prices.pokemontcg.io/tcgplayer/svp-70,https://images.pokemontcg.io/svp/70_hires.png,2026/08/08,2026/01/21,0.6,0.30000001192092896,0.7699999809265137,39.0,,,,,,0.3576,0.0231,0.323,0.0,0.10379999876022339,0.3691,0.3691,0.0,0.0,0.0,1.1535,2026-08-09
svp-65,Scream Tail,holofoil,Scarlet & Violet Black Star Promos,65,Promo,GIDORA,Basic|Ancient,985,Pokémon,2023/01/01,"tcgplayer,cardmarket",https://prices.pokemontcg.io/tcgplayer/svp-65,https://images.pokemontcg.io/svp/65_hires.png,2026/08/08,2026/01/21,7.04,5.260000228881836,7.730000019073486,9999.0,,,,,,53.4301,57.2136,74.0893,0.0,80.7334976196289,62.7273,58.2287,0.0,0.0,0.0,1.1535,2026-08-09
svp-75,Mimikyu,holofoil,Scarlet & Violet Black Star Promos,75,Promo,Mitsuhiro Arita,Basic,778,Pokémon,2023/01/01,"tcgplayer,cardmarket",https://prices.pokemontcg.io/tcgplayer/svp-75,https://images.pokemontcg.io/svp/75_hires.png,2026/08/08,2026/01/21,12.88,10.0,15.180000305175781,500.0,,,,,,7.3247,1.7072,7.7169,0.0,7.566999912261963,8.2014,7.7284,0.0,0.0,0.0,1.1535,2026-08-09
svp-67,Roaring Moon ex,holofoil,Scarlet & Violet Black Star Promos,67,Promo,takuyoa,Basic|ex|Ancient,1005,Pokémon,2023/01/01,"tcgplayer,cardmarket",https://prices.pokemontcg.io/tcgplayer/svp-67,https://images.pokemontcg.io/svp/67_hires.png,2026/08/08,2026/01/19,0.89,0.4399999976158142,1.059999942779541,8.989999771118164,,,,,,2.0071,0.2192,1.9263,0.0,1.6033999919891357,1.6495,1.5688,0.0,0.0,0.0,1.1535,2026-08-09
svp-64,Arctibax,holofoil,Scarlet & Violet Black Star Promos,64,Promo,Teeziro,Stage 1,997,Pokémon,2023/01/01,"tcgplayer,cardmarket",https://prices.pokemontcg.io/tcgplayer/svp-64,https://images.pokemontcg.io/svp/64_hires.png,2026/08/08,2026/01/19,1.07,0.3799999952316284,1.1299999952316284,25.0,,,,,,0.3345,0.0231,0.346,0.0,0.3345000147819519,0.2999,0.323,0.0,0.0,0.0,1.1535,2026-08-09
svp-68,Iron Valiant ex,holofoil,Scarlet & Violet Black Star Promos,68,Promo,aky CG Works,Basic|ex|Future,1006,Pokémon,2023/01/01,"tcgplayer,cardmarket",https://prices.pokemontcg.io/tcgplayer/svp-68,https://images.pokemontcg.io/svp/68_hires.png,2026/08/08,2026/01/19,0.76,0.4000000059604645,0.9300000071525574,9.989999771118164,,,,,,1.1881,0.2768,1.1304,0.0,0.6920999884605408,0.9228,1.2112,0.0,0.0,0.0,1.1535,2026-08-09
svp-66,Iron Bundle,holofoil,Scarlet & Violet Black Star Promos,66,Promo,Teeziro,Basic|Future,991,Pokémon,2023/01/01,"tcgplayer,cardmarket",https://prices.pokemontcg.io/tcgplayer/svp-66,https://images.pokemontcg.io/svp/66_hires.png,2026/08/08,2026/01/19,2.5,1.649999976158142,2.75,29.989999771118164,,,,,,2.7338,0.5767,2.457,0.0,2.52620005607605,2.6184,2.7569,0.0,0.0,0.0,1.1535,2026-08-09
svp-69,Fidough,holofoil,Scarlet & Violet Black Star Promos,69,Promo,sowsow,Basic,926,Pokémon,2023/01/01,"tcgplayer,cardmarket",https://prices.pokemontcg.io/tcgplayer/svp-69,https://images.pokemontcg.io/svp/69_hires.png,2026/08/08,2026/01/19,0.89,0.5,1.0099999904632568,50.0,,,,,,0.3691,0.0231,0.346,0.0,0.426800012588501,0.3114,0.346,0.0,0.0,0.0,1.1535,2026-08-09
svp-71,Maschiff,holofoil,Scarlet & Violet Black Star Promos,71,Promo,Kagemaru Himeno,Basic,942,Pokémon,2023/01/01,"tcgplayer,cardmarket",https://prices.pokemontcg.io/tcgplayer/svp-71,https://images.pokemontcg.io/svp/71_hires.png,2026/08/08,2026/01/19,0.48,0.10000000149011612,0.5799999833106995,45.0,,,,,,0.3114,0.0231,0.3114,0.0,0.31139999628067017,0.346,0.2768,0.0,0.0,0.0,1.1535,2026-08-09
svp-85,Pikachu with Grey Felt Hat,normal,Scarlet & Violet Black Star Promos,85,Promo,Naoyo Kimura,Basic,25,Pokémon,2023/01/01,"tcgplayer,cardmarket",https://prices.pokemontcg.io/tcgplayer/svp-85,https://images.pokemontcg.io/svp/85_hires.png,2026/08/08,2026/01/19,1112.63,999.989990234375,1240.0,6996.77001953125,,,,,,551.1423,346.05,646.0523,0.0,542.791015625,647.0904,599.3817,0.0,0.0,0.0,1.1535,2026-08-09
svp-102,Oddish,normal,Scarlet & Violet Black Star Promos,102,Promo,Miranda Branley,Basic,43,Pokémon,2023/01/01,"tcgplayer,cardmarket",https://prices.pokemontcg.io/tcgplayer/svp-102,https://images.pokemontcg.io/svp/102_hires.png,2026/08/08,2026/01/19,7.52,6.0,9.029999732971191,53.65999984741211,,,,,,10.047,9.7932,10.3584,0.0,9.79319953918457,10.3469,10.0008,0.0,0.0,0.0,1.1535,2026-08-09
sv5-1,Scyther,normal,Temporal Forces,1,Common,Dsuke,Basic,123,Pokémon,2024/03/22,"tcgplayer,cardmarket",https://prices.pokemontcg.io/tcgplayer/sv5-1,https://images.pokemontcg.io/sv5/1_hires.png,2026/08/08,2026/07/01,0.16,0.009999999776482582,0.17000000178813934,20.0,,0.27,,,,0.0692,0.0231,0.0461,0.1615,0.023099999874830246,0.0346,0.0692,0.2076,0.2422,0.173,1.1535,2026-08-09
sv5-2,Pineco,normal,Temporal Forces,2,Common,Midori Harada,Basic,204,Pokémon,2024/03/22,"tcgplayer,cardmarket",https://prices.pokemontcg.io/tcgplayer/sv5-2,https://images.pokemontcg.io/sv5/2_hires.png,2026/08/08,2026/07/01,0.11,0.009999999776482582,0.15000000596046448,19.979999542236328,,0.2,,,,0.0346,0.0231,0.0346,0.1038,0.023099999874830246,0.0231,0.0346,0.0231,0.1038,0.1154,1.1535,2026-08-09
sv5-3,Seedot,normal,Temporal Forces,3,Common,Asako Ito,Basic,273,Pokémon,2024/03/22,"tcgplayer,cardmarket",https://prices.pokemontcg.io/tcgplayer/sv5-3,https://images.pokemontcg.io/sv5/3_hires.png,2026/08/08,2026/07/01,0.21,0.029999999329447746,0.23999999463558197,19.979999542236328,,0.31,,,,0.0692,0.0231,0.0577,0.173,0.06920000165700912,0.0577,0.0692,0.2999,0.2538,0.2076,1.1535,2026-08-09
sv5-4,Nuzleaf,normal,Temporal Forces,4,Common,Lee HyunJung,Stage 1,274,Pokémon,2024/03/22,"tcgplayer,cardmarket",https://prices.pokemontcg.io/tcgplayer/sv5-4,https://images.pokemontcg.io/sv5/4_hires.png,2026/08/08,2026/07/01,0.14,0.009999999776482582,0.15000000596046448,20.0,,0.16,,,,0.0346,0.0231,0.0461,0.0807,0.023099999874830246,0.0346,0.0461,0.173,0.0923,0.0923,1.1535,2026-08-09
sv5-5,Shiftry,normal,Temporal Forces,5,Uncommon,Souichirou Gunjima,Stage 2,275,Pokémon,2024/03/22,"tcgplayer,cardmarket",https://prices.pokemontcg.io/tcgplayer/sv5-5,https://images.pokemontcg.io/sv5/5_hires.png,2026/08/08,2026/07/01,0.04,0.009999999776482582,0.15000000596046448,20.0,,0.13,,,,0.0461,0.0231,0.0461,0.1269,0.023099999874830246,0.0461,0.0461,0.0231,0.0692,0.1154,1.1535,2026-08-09
sv5-6,Shroomish,normal,Temporal Forces,6,Common,Yoriyuki Ikegami,Basic,285,Pokémon,2024/03/22,"tcgplayer,cardmarket",https://prices.pokemontcg.io/tcgplayer/sv5-6,https://images.pokemontcg.io/sv5/6_hires.png,2026/08/08,2026/07/01,0.07,0.009999999776482582,0.15000000596046448,20.0,,0.27,,,,0.0346,0.0231,0.0346,0.1269,0.023099999874830246,0.0346,0.0346,0.0807,0.15,0.1384,1.1535,2026-08-09
sv5-7,Breloom,normal,Temporal Forces,7,Common,Taiga Kasai,Stage 1,286,Pokémon,2024/03/22,"tcgplayer,cardmarket",https://prices.pokemontcg.io/tcgplayer/sv5-7,https://images.pokemontcg.io/sv5/7_hires.png,2026/08/08,2026/07/01,0.06,0.009999999776482582,0.15000000596046448,1.690000057220459,,0.3,,,,0.0461,0.0231,0.0692,0.1154,0.023099999874830246,0.0692,0.0461,0.1154,0.1384,0.1269,1.1535,2026-08-09
sv5-8,Roselia,normal,Temporal Forces,8,Common,Tomomi Kaneko,Basic,315,Pokémon,2024/03/22,"tcgplayer,cardmarket",https://prices.pokemontcg.io/tcgplayer/sv5-8,https://images.pokemontcg.io/sv5/8_hires.png,2026/08/08,2026/07/01,0.11,0.009999999776482582,0.15000000596046448,1000.0,,0.2,,,,0.0346,0.0231,0.0346,0.1269,0.10379999876022339,0.0461,0.0461,0.1154,0.1154,0.1269,1.1535,2026-08-09
sv5-9,Roserade,normal,Temporal Forces,9,Uncommon,matazo,Stage 1,407,Pokémon,2024/03/22,"tcgplayer,cardmarket",https://prices.pokemontcg.io/tcgplayer/sv5-9,https://images.pokemontcg.io/sv5/9_hires.png,2026/08/08,2026/07/01,0.14,0.009999999776482582,0.1599999964237213,20.0,,0.24,,,,0.0577,0.0231,0.0692,0.1038,0.023099999874830246,0.0346,0.0577,0.2307,0.1269,0.1154,1.1535,2026-08-09
sv5-10,Turtwig,normal,Temporal Forces,10,Common,OKACHEKE,Basic,387,Pokémon,2024/03/22,"tcgplayer,cardmarket",https://prices.pokemontcg.io/tcgplayer/sv5-10,https://images.pokemontcg.io/sv5/10_hires.png,2026/08/08,2026/07/01,0.16,0.009999999776482582,0.20000000298023224,1000.0,,0.27,,,,0.0577,0.0231,0.0461,0.173,0.04610000178217888,0.0461,0.0692,0.1269,0.1384,0.1846,1.1535,2026-08-09
sv5-11,Grotle,normal,Temporal Forces,11,Common,Uninori,Stage 1,388,Pokémon,2024/03/22,"tcgplayer,cardmarket",https://prices.pokemontcg.io/tcgplayer/sv5-11,https://images.pokemontcg.io/sv5/11_hires.png,2026/08/08,2026/07/01,0.22,0.009999999776482582,0.23999999463558197,20.0,,0.26,,,,0.0577,0.0231,0.0461,0.173,0.03460000082850456,0.0461,0.0577,0.1384,0.1269,0.173,1.1535,2026-08-09
sv5-12,Torterra ex,holofoil,Temporal Forces,12,Double Rare,PLANETA Tsuji,Stage 2|ex,389,Pokémon,2024/03/22,"tcgplayer,cardmarket",https://prices.pokemontcg.io/tcgplayer/sv5-12,https://images.pokemontcg.io/sv5/12_hires.png,2026/08/08,2026/07/01,0.7,0.4000000059604645,0.9700000286102295,7.0,,,,,,1.0151,0.1038,1.1189,0.0,1.4880000352859497,0.992,1.0612,0.0,0.0,0.0,1.1535,2026-08-09
sv5-13,Shaymin,normal,Temporal Forces,13,Uncommon,Atsushi Furusawa,Basic,492,Pokémon,2024/03/22,"tcgplayer,cardmarket",https://prices.pokemontcg.io/tcgplayer/sv5-13,https://images.pokemontcg.io/sv5/13_hires.png,2026/08/08,2026/06/21,0.19,0.009999999776482582,0.1899999976158142,20.0,,0.26,,,,0.0461,0.0231,0.0461,0.1269,0.023099999874830246,0.0346,0.0461,0.2307,0.173,0.1384,1.1535,2026-08-09
sv5-15,Whimsicott,holofoil,Temporal Forces,15,Rare,Mizue,Stage 1,547,Pokémon,2024/03/22,"tcgplayer,cardmarket",https://prices.pokemontcg.io/tcgplayer/sv5-15,https://images.pokemontcg.io/sv5/15_hires.png,2026/08/08,2026/06/20,0.13,0.009999999776482582,0.20000000298023224,19.979999542236328,,0.26,,,,0.0577,0.0231,0.0692,0.2422,0.03460000082850456,0.0692,0.0577,0.0923,0.1846,0.2307,1.1535,2026-08-09
sv5-14,Cottonee,normal,Temporal Forces,14,Common,Kyoko Umemoto,Basic,546,Pokémon,2024/03/22,"tcgplayer,cardmarket",https://prices.pokemontcg.io/tcgplayer/sv5-14,https://images.pokemontcg.io/sv5/14_hires.png,2026/08/08,2026/06/08,0.1,0.009999999776482582,0.15000000596046448,10.0,,0.2,,,,0.0346,0.0231,0.0346,0.0923,0.023099999874830246,0.0346,0.0346,0.0692,0.0577,0.1038,1.1535,2026-08-09
sv5-16,Deerling,normal,Temporal Forces,16,Common,Rond,Basic,585,Pokémon,2024/03/22,"tcgplayer,cardmarket",https://prices.pokemontcg.io/tcgplayer/sv5-16,https://images.pokemontcg.io/sv5/16_hires.png,2026/08/08,2026/06/08,0.12,0.009999999776482582,0.15000000596046448,19.979999542236328,,0.27,,,,0.0461,0.0231,0.0346,0.1154,0.023099999874830246,0.0346,0.0461,0.1154,0.1038,0.1154,1.1535,2026-08-09
sv5-17,Sawsbuck,normal,Temporal Forces,17,Uncommon,Akira Komayama,Stage 1,586,Pokémon,2024/03/22,"tcgplayer,cardmarket",https://prices.pokemontcg.io/tcgplayer/sv5-17,https://images.pokemontcg.io/sv5/17_hires.png,2026/08/08,2026/06/08,0.19,0.009999999776482582,0.20000000298023224,20.0,,0.25,,,,0.0461,0.0231,0.0346,0.1269,0.04610000178217888,0.0346,0.0577,0.1384,0.1384,0.1269,1.1535,2026-08-09
sv5-18,Grubbin,normal,Temporal Forces,18,Common,Kagemaru Himeno,Basic,736,Pokémon,2024/03/22,"tcgplayer,cardmarket",https://prices.pokemontcg.io/tcgplayer/sv5-18,https://images.pokemontcg.io/sv5/18_hires.png,2026/08/08,2026/05/11,0.06,0.009999999776482582,0.15000000596046448,1.690000057220459,,0.19,,,,0.0231,0.0231,0.0461,0.1038,0.03460000082850456,0.0692,0.0461,0.1154,0.1269,0.1154,1.1535,2026-08-09
sv5-20,Bramblin,normal,Temporal Forces,20,Common,Tetsu Kayama,Basic,946,Pokémon,2024/03/22,"tcgplayer,cardmarket",https://prices.pokemontcg.io/tcgplayer/sv5-20,https://images.pokemontcg.io/sv5/20_hires.png,2026/08/08,2026/05/11,0.11,0.009999999776482582,0.15000000596046448,25.0,,0.21,,,,0.0346,0.0231,0.0346,0.1154,0.023099999874830246,0.0231,0.0346,0.1154,0.0807,0.1038,1.1535,2026-08-09
sv5-21,Brambleghast,holofoil,Temporal Forces,21,Rare,otumami,Stage 1,947,Pokémon,2024/03/22,"tcgplayer,cardmarket",https://prices.pokemontcg.io/tcgplayer/sv5-21,https://images.pokemontcg.io/sv5/21_hires.png,2026/08/08,2026/05/11,0.17,0.009999999776482582,0.20000000298023224,2.990000009536743,,0.24,,,,0.0577,0.0231,0.0692,0.1961,0.13840000331401825,0.0577,0.0577,0.0807,0.2538,0.1961,1.1535,2026-08-09
sv5-24,Rabsca,normal,Temporal Forces,24,Uncommon,mingo,Stage 1,954,Pokémon,2024/03/22,"tcgplayer,cardmarket",https://prices.pokemontcg.io/tcgplayer/sv5-24,https://images.pokemontcg.io/sv5/24_hires.png,2026/08/08,2026/05/11,0.15,0.05000000074505806,0.20000000298023224,2.990000009536743,,0.27,,,,0.0692,0.0231,0.0923,0.1615,0.05770000070333481,0.0692,0.0807,0.0577,0.173,0.173,1.1535,2026-08-09
sv5-19,Dhelmise,normal,Temporal Forces,19,Uncommon,Saya Tsuruta,Basic,781,Pokémon,2024/03/22,"tcgplayer,cardmarket",https://prices.pokemontcg.io/tcgplayer/sv5-19,https://images.pokemontcg.io/sv5/19_hires.png,2026/08/08,2026/05/11,0.15,0.009999999776482582,0.18000000715255737,20.0,,0.19,,,,0.0346,0.0231,0.0231,0.1154,0.023099999874830246,0.0231,0.0346,0.3345,0.1615,0.1154,1.1535,2026-08-09
sv5-23,Rellor,normal,Temporal Forces,23,Common,Saboteri,Basic,953,Pokémon,2024/03/22,"tcgplayer,cardmarket",https://prices.pokemontcg.io/tcgplayer/sv5-23,https://images.pokemontcg.io/sv5/23_hires.png,2026/08/08,2026/05/11,0.13,0.029999999329447746,0.18000000715255737,19.979999542236328,,0.27,,,,0.0577,0.0231,0.0807,0.173,0.04610000178217888,0.0692,0.0692,0.15,0.1846,0.1846,1.1535,2026-08-09
sv5-22,Scovillain ex,holofoil,Temporal Forces,22,Double Rare,PLANETA Mochizuki,Stage 1|ex,952,Pokémon,2024/03/22,"tcgplayer,cardmarket",https://prices.pokemontcg.io/tcgplayer/sv5-22,https://images.pokemontcg.io/sv5/22_hires.png,2026/08/08,2026/05/11,0.66,0.4000000059604645,0.9900000095367432,9.989999771118164,,,,,,0.6344,0.0577,0.7267,0.0,0.6344000101089478,0.7152,0.6575,0.0,0.0,0.0,1.1535,2026-08-09
sv5-25,Iron Leaves ex,holofoil,Temporal Forces,25,Double Rare,5ban Graphics,Basic|ex|Future,1010,Pokémon,2024/03/22,"tcgplayer,cardmarket",https://prices.pokemontcg.io/tcgplayer/sv5-25,https://images.pokemontcg.io/sv5/25_hires.png,2026/08/08,2026/05/11,0.8,0.38999998569488525,0.9300000071525574,13.0,,,,,,0.9228,0.173,0.9343,0.0,1.0612000226974487,0.8767,0.9113,0.0,0.0,0.0,1.1535,2026-08-09
sv5-26,Ponyta,normal,Temporal Forces,26,Common,takashi shiraishi,Basic,77,Pokémon,2024/03/22,"tcgplayer,cardmarket",https://prices.pokemontcg.io/tcgplayer/sv5-26,https://images.pokemontcg.io/sv5/26_hires.png,2026/08/08,2026/03/12,0.15,0.009999999776482582,0.17000000178813934,20.0,,0.36,,,,0.0461,0.0231,0.0231,0.1154,0.03460000082850456,0.0346,0.0461,0.173,0.173,0.1269,1.1535,2026-08-09
sv5-27,Rapidash,normal,Temporal Forces,27,Uncommon,Ryota Murayama,Stage 1,78,Pokémon,2024/03/22,"tcgplayer,cardmarket",https://prices.pokemontcg.io/tcgplayer/sv5-27,https://images.pokemontcg.io/sv5/27_hires.png,2026/08/08,2026/03/11,0.16,0.009999999776482582,0.1899999976158142,1000.0,,0.25,,,,0.0577,0.0231,0.0577,0.1154,0.023099999874830246,0.0461,0.0577,0.1154,0.1615,0.1154,1.1535,2026-08-09
sv5-28,Slugma,normal,Temporal Forces,28,Common,Haru Akasaka,Basic,218,Pokémon,2024/03/22,"tcgplayer,cardmarket",https://prices.pokemontcg.io/tcgplayer/sv5-28,https://images.pokemontcg.io/sv5/28_hires.png,2026/08/08,2026/03/11,0.06,0.009999999776482582,0.15000000596046448,19.979999542236328,,0.15,,,,0.0346,0.0231,0.0346,0.1038,0.023099999874830246,0.0346,0.0346,0.2076,0.173,0.1154,1.1535,2026-08-09
sv5-29,Magcargo,holofoil,Temporal Forces,29,Rare,Mitsuhiro Arita,Stage 1,219,Pokémon,2024/03/22,"tcgplayer,cardmarket",https://prices.pokemontcg.io/tcgplayer/sv5-29,https://images.pokemontcg.io/sv5/29_hires.png,2026/08/08,2026/03/11,0.16,0.009999999776482582,0.20000000298023224,20.0,,0.3,,,,0.0807,0.0231,0.0692,0.1615,0.05770000070333481,0.0692,0.0807,0.2422,0.2076,0.1615,1.1535,2026-08-09
sv5-30,Victini,normal,Temporal Forces,30,Common,Shibuzoh.,Basic,494,Pokémon,2024/03/22,"tcgplayer,cardmarket",https://prices.pokemontcg.io/tcgplayer/sv5-30,https://images.pokemontcg.io/sv5/30_hires.png,2026/08/08,2026/03/11,0.2,0.029999999329447746,0.20999999344348907,1000.0,,0.25,,,,0.0577,0.0231,0.0577,0.15,0.03460000082850456,0.0346,0.0461,0.1615,0.1154,0.1384,1.1535,2026-08-09
sv5-31,Heatmor,normal,Temporal Forces,31,Common,Masakazu Fukuda,Basic,631,Pokémon,2024/03/22,"tcgplayer,cardmarket",https://prices.pokemontcg.io/tcgplayer/sv5-31,https://images.pokemontcg.io/sv5/31_hires.png,2026/08/08,2026/03/11,0.03,0.009999999776482582,0.15000000596046448,1.9900000095367432,,0.19,,,,0.0346,0.0231,0.0346,0.1038,0.04610000178217888,0.0346,0.0346,0.0346,0.173,0.1038,1.1535,2026-08-09
sv5-32,Litten,normal,Temporal Forces,32,Common,REND,Basic,725,Pokémon,2024/03/22,"tcgplayer,cardmarket",https://prices.pokemontcg.io/tcgplayer/sv5-32,https://images.pokemontcg.io/sv5/32_hires.png,2026/08/08,2026/03/11,0.1,0.009999999776482582,0.15000000596046448,20.0,,0.28,,,,0.0346,0.0231,0.0346,0.1384,0.023099999874830246,0.0346,0.0346,0.2422,0.2076,0.1384,1.1535,2026-08-09
sv5-33,Torracat,normal,Temporal Forces,33,Common,Saya Tsuruta,Stage 1,726,Pokémon,2024/03/22,"tcgplayer,cardmarket",https://prices.pokemontcg.io/tcgplayer/sv5-33,https://images.pokemontcg.io/sv5/33_hires.png,2026/08/08,2026/03/11,0.22,0.009999999776482582,0.20999999344348907,1000.0,,0.24,,,,0.0461,0.0231,0.0577,0.173,0.18459999561309814,0.0807,0.0577,0.1961,0.2192,0.173,1.1535,2026-08-09
sv5-34,Incineroar ex,holofoil,Temporal Forces,34,Double Rare,N-DESIGN Inc.,Stage 2|ex,727,Pokémon,2024/03/22,"tcgplayer,cardmarket",https://prices.pokemontcg.io/tcgplayer/sv5-34,https://images.pokemontcg.io/sv5/34_hires.png,2026/08/08,2026/03/11,0.77,0.550000011920929,0.9900000095367432,99.0,,,,,,0.7728,0.1154,0.7498,0.0,0.8305000066757202,0.6806,0.7728,0.0,0.0,0.0,1.1535,2026-08-09
sv5-35,Turtonator,normal,Temporal Forces,35,Common,Shigenori Negishi,Basic,776,Pokémon,2024/03/22,"tcgplayer,cardmarket",https://prices.pokemontcg.io/tcgplayer/sv5-35,https://images.pokemontcg.io/sv5/35_hires.png,2026/08/08,2026/03/11,0.1,0.009999999776482582,0.15000000596046448,20.0,,0.24,,,,0.0346,0.0231,0.0346,0.0923,0.023099999874830246,0.0231,0.0346,0.1384,0.1615,0.1154,1.1535,2026-08-09
sv5-36,Sizzlipede,normal,Temporal Forces,36,Common,Yukiko Baba,Basic,850,Pokémon,2024/03/22,"tcgplayer,cardmarket",https://prices.pokemontcg.io/tcgplayer/sv5-36,https://images.pokemontcg.io/sv5/36_hires.png,2026/08/08,2026/03/11,0.02,0.009999999776482582,0.15000000596046448,19.979999542236328,,0.22,,,,0.0346,0.0231,0.0231,0.0807,0.023099999874830246,0.0231,0.0346,0.2192,0.1615,0.1038,1.1535,2026-08-09
sv5-37,Centiskorch,normal,Temporal Forces,37,Uncommon,Krgc,Stage 1,851,Pokémon,2024/03/22,"tcgplayer,cardmarket",https://prices.pokemontcg.io/tcgplayer/sv5-37,https://images.pokemontcg.io/sv5/37_hires.png,2026/08/08,2026/03/11,0.05,0.009999999776482582,0.15000000596046448,19.979999542236328,,0.22,,,,0.0346,0.0231,0.0346,0.0923,0.03460000082850456,0.0346,0.0346,0.1846,0.1384,0.1038,1.1535,2026-08-09
sv5-38,Gouging Fire ex,holofoil,Temporal Forces,38,Double Rare,5ban Graphics,Basic|ex|Ancient,,Pokémon,2024/03/22,"tcgplayer,cardmarket",https://prices.pokemontcg.io/tcgplayer/sv5-38,https://images.pokemontcg.io/sv5/38_hires.png,2026/08/08,2026/03/11,0.75,0.47999998927116394,0.9900000095367432,6.0,,,,,,0.6921,0.1154,0.6921,0.0,0.57669997215271,0.7152,0.7152,0.0,0.0,0.0,1.1535,2026-08-09
sv5-39,Totodile,normal,Temporal Forces,39,Common,MINAMINAMI Take,Basic,158,Pokémon,2024/03/22,"tcgplayer,cardmarket",https://prices.pokemontcg.io/tcgplayer/sv5-39,https://images.pokemontcg.io/sv5/39_hires.png,2026/08/08,2026/03/11,0.27,0.019999999552965164,0.25,19.979999542236328,,0.37,,,,0.0692,0.0231,0.0807,0.2076,0.03460000082850456,0.0923,0.0692,0.1154,0.2538,0.2076,1.1535,2026-08-09
sv5-40,Croconaw,normal,Temporal Forces,40,Common,Jerky,Stage 1,159,Pokémon,2024/03/22,"tcgplayer,cardmarket",https://prices.pokemontcg.io/tcgplayer/sv5-40,https://images.pokemontcg.io/sv5/40_hires.png,2026/08/08,2026/03/11,0.25,0.03999999910593033,0.27000001072883606,19.979999542236328,,0.34,,,,0.1038,0.0231,0.1384,0.2076,0.05770000070333481,0.15,0.1038,0.346,0.2653,0.2076,1.1535,2026-08-09
sv5-41,Feraligatr,holofoil,Temporal Forces,41,Rare,GOSSAN,Stage 2,160,Pokémon,2024/03/22,"tcgplayer,cardmarket",https://prices.pokemontcg.io/tcgplayer/sv5-41,https://images.pokemontcg.io/sv5/41_hires.png,2026/08/08,2026/03/11,0.33,0.029999999329447746,0.3199999928474426,50.0,,0.43,,,,0.2884,0.0231,0.2884,0.0,0.5074999928474426,0.3922,0.3114,0.0,0.0,0.0,1.1535,2026-08-09
sv5-42,Carvanha,normal,Temporal Forces,42,Common,Souichirou Gunjima,Basic,318,Pokémon,2024/03/22,"tcgplayer,cardmarket",https://prices.pokemontcg.io/tcgplayer/sv5-42,https://images.pokemontcg.io/sv5/42_hires.png,2026/08/08,2026/02/21,0.13,0.009999999776482582,0.15000000596046448,2.0899999141693115,,0.24,,,,0.0346,0.0231,0.0346,0.1269,0.04610000178217888,0.0346,0.0346,0.1038,0.1154,0.1269,1.1535,2026-08-09
sv5-43,Sharpedo,normal,Temporal Forces,43,Uncommon,Shinji Kanda,Stage 1,319,Pokémon,2024/03/22,"tcgplayer,cardmarket",https://prices.pokemontcg.io/tcgplayer/sv5-43,https://images.pokemontcg.io/sv5/43_hires.png,2026/08/08,2026/02/21,0.15,0.019999999552965164,0.20000000298023224,25.0,,0.28,,,,0.0577,0.0231,0.0692,0.1846,0.04610000178217888,0.0923,0.0577,0.1615,0.1038,0.173,1.1535,2026-08-09
sv5-44,Keldeo,normal,Temporal Forces,44,Uncommon,satoma,Basic,647,Pokémon,2024/03/22,"tcgplayer,cardmarket",https://prices.pokemontcg.io/tcgplayer/sv5-44,https://images.pokemontcg.io/sv5/44_hires.png,2026/08/08,2026/02/21,0.13,0.009999999776482582,0.17000000178813934,20.0,,0.25,,,,0.0577,0.0231,0.0231,0.1384,0.023099999874830246,0.0346,0.0461,0.1154,0.15,0.1384,1.1535,2026-08-09
sv5-45,Snom,normal,Temporal Forces,45,Common,Orca,Basic,872,Pokémon,2024/03/22,"tcgplayer,cardmarket",https://prices.pokemontcg.io/tcgplayer/sv5-45,https://images.pokemontcg.io/sv5/45_hires.png,2026/08/08,2026/02/19,0.2,0.009999999776482582,0.20000000298023224,20.0,,0.28,,,,0.0461,0.0231,0.0577,0.15,0.023099999874830246,0.0577,0.0461,0.15,0.1269,0.1384,1.1535,2026-08-09
sv5-46,Frosmoth,normal,Temporal Forces,46,Common,rika,Stage 1,873,Pokémon,2024/03/22,"tcgplayer,cardmarket",https://prices.pokemontcg.io/tcgplayer/sv5-46,https://images.pokemontcg.io/sv5/46_hires.png,2026/08/08,2026/02/19,0.15,0.009999999776482582,0.15000000596046448,2.990000009536743,,0.25,,,,0.0807,0.0231,0.1154,0.1269,0.023099999874830246,0.0923,0.0807,0.0692,0.1154,0.1154,1.1535,2026-08-09
sv5-47,Wiglett,normal,Temporal Forces,47,Common,OKUBO,Basic,960,Pokémon,2024/03/22,"tcgplayer,cardmarket",https://prices.pokemontcg.io/tcgplayer/sv5-47,https://images.pokemontcg.io/sv5/47_hires.png,2026/08/08,2026/02/04,0.14,0.009999999776482582,0.15000000596046448,2.990000009536743,,0.17,,,,0.0231,0.0231,0.0231,0.0923,0.023099999874830246,0.0346,0.0231,0.0461,0.1384,0.1269,1.1535,2026-08-09
sv5-48,Finizen,normal,Temporal Forces,48,Common,HYOGONOSUKE,Basic,963,Pokémon,2024/03/22,"tcgplayer,cardmarket",https://prices.pokemontcg.io/tcgplayer/sv5-48,https://images.pokemontcg.io/sv5/48_hires.png,2026/08/08,2026/02/04,0.13,0.009999999776482582,0.15000000596046448,20.0,,0.23,,,,0.0346,0.0231,0.0346,0.0923,0.023099999874830246,0.0346,0.0346,0.1154,0.1038,0.1038,1.1535,2026-08-09
sv5-49,Palafin,normal,Temporal Forces,49,Uncommon,DOM,Stage 1,964,Pokémon,2024/03/22,"tcgplayer,cardmarket",https://prices.pokemontcg.io/tcgplayer/sv5-49,https://images.pokemontcg.io/sv5/49_hires.png,2026/08/08,2026/02/04,0.08,0.009999999776482582,0.15000000596046448,19.979999542236328,,0.19,,,,0.0461,0.0231,0.0461,0.1154,0.023099999874830246,0.0346,0.0461,0.0346,0.1154,0.1154,1.1535,2026-08-09
sv5-50,Walking Wake ex,holofoil,Temporal Forces,50,Double Rare,takuyoa,Basic|ex|Ancient,1009,Pokémon,2024/03/22,"tcgplayer,cardmarket",https://prices.pokemontcg.io/tcgplayer/sv5-50,https://images.pokemontcg.io/sv5/50_hires.png,2026/08/08,2026/02/04,0.69,0.25,0.9300000071525574,10.0,,,,,,0.7152,0.1154,0.8651,0.0,1.153499960899353,0.8651,0.7498,0.0,0.0,0.0,1.1535,2026-08-09
sv5-51,Pikachu,normal,Temporal Forces,51,Common,kodama,Basic,25,Pokémon,2024/03/22,"tcgplayer,cardmarket",https://prices.pokemontcg.io/tcgplayer/sv5-51,https://images.pokemontcg.io/sv5/51_hires.png,2026/08/08,2026/02/04,0.29,0.019999999552965164,0.30000001192092896,25.0,,0.74,,,,0.323,0.0231,0.3807,0.2307,0.10379999876022339,0.0923,0.2999,0.1615,0.173,0.4383,1.1535,2026-08-09
sv5-52,Raichu,normal,Temporal Forces,52,Common,cochi8i,Stage 1,26,Pokémon,2024/03/22,"tcgplayer,cardmarket",https://prices.pokemontcg.io/tcgplayer/sv5-52,https://images.pokemontcg.io/sv5/52_hires.png,2026/08/08,2026/02/01,0.22,0.05000000074505806,0.23999999463558197,19.979999542236328,,0.34,,,,0.0807,0.0231,0.0461,0.2307,0.03460000082850456,0.0692,0.0807,0.1384,0.1846,0.2192,1.1535,2026-08-09
sv5-53,Electabuzz,normal,Temporal Forces,53,Common,Uta,Basic,125,Pokémon,2024/03/22,"tcgplayer,cardmarket",https://prices.pokemontcg.io/tcgplayer/sv5-53,https://images.pokemontcg.io/sv5/53_hires.png,2026/08/08,2026/02/01,0.14,0.009999999776482582,0.15000000596046448,20.0,,0.21,,,,0.0346,0.0231,0.0346,0.1154,0.03460000082850456,0.0346,0.0346,0.1269,0.1615,0.1269,1.1535,2026-08-09
sv5-54,Electivire,normal,Temporal Forces,54,Uncommon,Yuya Oka,Stage 1,466,Pokémon,2024/03/22,"tcgplayer,cardmarket",https://prices.pokemontcg.io/tcgplayer/sv5-54,https://images.pokemontcg.io/sv5/54_hires.png,2026/08/08,2026/02/01,0.16,0.009999999776482582,0.17000000178813934,20.0,,0.2,,,,0.0346,0.0231,0.0346,0.1154,0.023099999874830246,0.0346,0.0346,0.15,0.1154,0.1269,1.1535,2026-08-09
sv5-55,Charjabug,normal,Temporal Forces,55,Common,Misa Tsutsui,Stage 1,737,Pokémon,2024/03/22,"tcgplayer,cardmarket",https://prices.pokemontcg.io/tcgplayer/sv5-55,https://images.pokemontcg.io/sv5/55_hires.png,2026/08/08,2026/02/01,0.06,0.009999999776482582,0.15000000596046448,2.0,,0.15,,,,0.0692,0.0231,0.0692,0.1269,0.05770000070333481,0.0923,0.0692,0.0807,0.1269,0.1154,1.1535,2026-08-09
sv5-56,Vikavolt,normal,Temporal Forces,56,Uncommon,Hitoshi Ariga,Stage 2,738,Pokémon,2024/03/22,"tcgplayer,cardmarket",https://prices.pokemontcg.io/tcgplayer/sv5-56,https://images.pokemontcg.io/sv5/56_hires.png,2026/08/08,2026/02/01,0.13,0.009999999776482582,0.15000000596046448,19.979999542236328,,0.19,,,,0.0346,0.0231,0.0346,0.1269,0.03460000082850456,0.0461,0.0461,0.0346,0.1154,0.1269,1.1535,2026-08-09
sv5-57,Zeraora,normal,Temporal Forces,57,Uncommon,kantaro,Basic,807,Pokémon,2024/03/22,"tcgplayer,cardmarket",https://prices.pokemontcg.io/tcgplayer/sv5-57,https://images.pokemontcg.io/sv5/57_hires.png,2026/08/08,2026/02/01,0.15,0.009999999776482582,0.17000000178813934,19.979999542236328,,0.2,,,,0.0577,0.0231,0.0692,0.1384,0.04610000178217888,0.0461,0.0577,0.2192,0.15,0.1384,1.1535,2026-08-09
sv5-58,Yamper,normal,Temporal Forces,58,Common,kurumitsu,Basic,835,Pokémon,2024/03/22,"tcgplayer,cardmarket",https://prices.pokemontcg.io/tcgplayer/sv5-58,https://images.pokemontcg.io/sv5/58_hires.png,2026/08/08,2026/02/01,0.16,0.009999999776482582,0.17000000178813934,1000.0,,0.26,,,,0.0461,0.0231,0.0692,0.1384,0.03460000082850456,0.0461,0.0461,0.346,0.2076,0.1269,1.1535,2026-08-09
sv5-59,Boltund,normal,Temporal Forces,59,Uncommon,Oswaldo KATO,Stage 1,836,Pokémon,2024/03/22,"tcgplayer,cardmarket",https://prices.pokemontcg.io/tcgplayer/sv5-59,https://images.pokemontcg.io/sv5/59_hires.png,2026/08/08,2026/02/01,0.14,0.009999999776482582,0.15000000596046448,20.0,,0.22,,,,0.0577,0.0231,0.0577,0.1038,0.03460000082850456,0.0692,0.0461,0.0692,0.1038,0.1154,1.1535,2026-08-09
sv5-60,Wugtrio ex,holofoil,Temporal Forces,60,Double Rare,5ban Graphics,Stage 1|Tera|ex,961,Pokémon,2024/03/22,"tcgplayer,cardmarket",https://prices.pokemontcg.io/tcgplayer/sv5-60,https://images.pokemontcg.io/sv5/60_hires.png,2026/08/08,2026/02/01,0.66,0.3499999940395355,0.9900000095367432,19.979999542236328,,,,,,0.7036,0.1154,0.8074,0.0,0.6460000276565552,0.7382,0.7036,0.0,0.0,0.0,1.1535,2026-08-09
sv5-61,Iron Hands,normal,Temporal Forces,61,Uncommon,Souichirou Gunjima,Basic|Future,992,Pokémon,2024/03/22,"tcgplayer,cardmarket",https://prices.pokemontcg.io/tcgplayer/sv5-61,https://images.pokemontcg.io/sv5/61_hires.png,2026/08/08,2026/02/01,0.11,0.009999999776482582,0.15000000596046448,1000.0,,0.26,,,,0.0461,0.0231,0.0346,0.1269,0.03460000082850456,0.0461,0.0461,0.1384,0.1269,0.1154,1.1535,2026-08-09
sv5-62,Iron Thorns,holofoil,Temporal Forces,62,Rare,Takeshi Nakamura,Basic|Future,995,Pokémon,2024/03/22,"tcgplayer,cardmarket",https://prices.pokemontcg.io/tcgplayer/sv5-62,https://images.pokemontcg.io/sv5/62_hires.png,2026/08/08,2026/02/01,0.21,0.009999999776482582,0.23000000417232513,20.0,,0.29,,,,0.0923,0.0231,0.1269,0.2307,0.15000000596046448,0.0923,0.0923,0.2076,0.1961,0.2307,1.1535,2026-08-09
sv5-63,Mr. Mime,normal,Temporal Forces,63,Common,Nelnal,Basic,122,Pokémon,2024/03/22,"tcgplayer,cardmarket",https://prices.pokemontcg.io/tcgplayer/sv5-63,https://images.pokemontcg.io/sv5/63_hires.png,2026/08/08,2026/01/21,0.24,0.009999999776482582,0.2199999988079071,19.979999542236328,,0.3,,,,0.0461,0.0231,0.0577,0.1269,0.08070000261068344,0.0461,0.0461,0.3345,0.1615,0.1384,1.1535,2026-08-09
sv5-64,Marill,normal,Temporal Forces,64,Common,yuu,Basic,183,Pokémon,2024/03/22,"tcgplayer,cardmarket",https://prices.pokemontcg.io/tcgplayer/sv5-64,https://images.pokemontcg.io/sv5/64_hires.png,2026/08/08,2026/01/21,0.12,0.009999999776482582,0.1599999964237213,20.0,,0.26,,,,0.0346,0.0231,0.0461,0.1154,0.023099999874830246,0.0461,0.0461,0.1615,0.1269,0.1038,1.1535,2026-08-09
sv5-65,Azumarill,normal,Temporal Forces,65,Common,Makura Tami,Stage 1,184,Pokémon,2024/03/22,"tcgplayer,cardmarket",https://prices.pokemontcg.io/tcgplayer/sv5-65,https://images.pokemontcg.io/sv5/65_hires.png,2026/08/08,2026/01/21,0.16,0.009999999776482582,0.20000000298023224,5.239999771118164,,0.24,,,,0.0461,0.0231,0.0346,0.1269,0.04610000178217888,0.0461,0.0461,0.2884,0.1038,0.1154,1.1535,2026-08-09
sv5-66,Girafarig,normal,Temporal Forces,66,Common,matazo,Basic,203,Pokémon,2024/03/22,"tcgplayer,cardmarket",https://prices.pokemontcg.io/tcgplayer/sv5-66,https://images.pokemontcg.io/sv5/66_hires.png,2026/08/08,2026/01/19,0.11,0.009999999776482582,0.15000000596046448,2.990000009536743,,0.25,,,,0.0231,0.0231,0.0461,0.1154,0.13840000331401825,0.0577,0.0346,0.1154,0.1154,0.1038,1.1535,2026-08-09
sv5-67,Latias,normal,Temporal Forces,67,Uncommon,Takumi Wada,Basic,380,Pokémon,2024/03/22,"tcgplayer,cardmarket",https://prices.pokemontcg.io/tcgplayer/sv5-67,https://images.pokemontcg.io/sv5/67_hires.png,2026/08/08,2026/01/19,0.16,0.009999999776482582,0.1899999976158142,20.0,,0.28,,,,0.0692,0.0231,0.0807,0.1961,0.09229999780654907,0.0692,0.0692,0.2076,0.15,0.1961,1.1535,2026-08-09
sv5-68,Bronzor,normal,Temporal Forces,68,Common,Kedamahadaitai Yawarakai,Basic,436,Pokémon,2024/03/22,"tcgplayer,cardmarket",https://prices.pokemontcg.io/tcgplayer/sv5-68,https://images.pokemontcg.io/sv5/68_hires.png,2026/08/08,2026/01/19,0.08,0.009999999776482582,0.15000000596046448,20.0,,0.17,,,,0.0231,0.0231,0.0231,0.0923,0.023099999874830246,0.0231,0.0231,0.1154,0.1154,0.0923,1.1535,2026-08-09
sv5-69,Bronzong,normal,Temporal Forces,69,Uncommon,Katsunori Sato,Stage 1,437,Pokémon,2024/03/22,"tcgplayer,cardmarket",https://prices.pokemontcg.io/tcgplayer/sv5-69,https://images.pokemontcg.io/sv5/69_hires.png,2026/08/08,2026/01/19,0.09,0.009999999776482582,0.15000000596046448,19.979999542236328,,0.24,,,,0.0346,0.0231,0.0346,0.1154,0.04610000178217888,0.0346,0.0346,0.1154,0.0923,0.1154,1.1535,2026-08-09
sv5-70,Solosis,normal,Temporal Forces,70,Common,Cona Nitanda,Basic,577,Pokémon,2024/03/22,"tcgplayer,cardmarket",https://prices.pokemontcg.io/tcgplayer/sv5-70,https://images.pokemontcg.io/sv5/70_hires.png,2026/08/08,2026/01/19,0.04,0.009999999776482582,0.15000000596046448,20.0,,0.27,,,,0.0346,0.0231,0.0461,0.1269,0.023099999874830246,0.0346,0.0346,0.1961,0.1269,0.1154,1.1535,2026-08-09
sv5-71,Duosion,normal,Temporal Forces,71,Common,mele,Stage 1,578,Pokémon,2024/03/22,"tcgplayer,cardmarket",https://prices.pokemontcg.io/tcgplayer/sv5-71,https://images.pokemontcg.io/sv5/71_hires.png,2026/08/08,2026/01/19,0.13,0.009999999776482582,0.15000000596046448,19.979999542236328,,0.25,,,,0.0461,0.0231,0.0461,0.1384,0.05770000070333481,0.0346,0.0461,0.1154,0.1154,0.1154,1.1535,2026-08-09
sv5-72,Reuniclus,normal,Temporal Forces,72,Uncommon,Gemi,Stage 2,579,Pokémon,2024/03/22,"tcgplayer,cardmarket",https://prices.pokemontcg.io/tcgplayer/sv5-72,https://images.pokemontcg.io/sv5/72_hires.png,2026/08/08,2026/01/19,0.04,0.009999999776482582,0.15000000596046448,20.0,,0.2,,,,0.0461,0.0231,0.0461,0.1384,0.023099999874830246,0.0346,0.0461,0.0231,0.0807,0.1269,1.1535,2026-08-09
sv5-73,Elgyem,normal,Temporal Forces,73,Common,Tomokazu Komiya,Basic,605,Pokémon,2024/03/22,"tcgplayer,cardmarket",https://prices.pokemontcg.io/tcgplayer/sv5-73,https://images.pokemontcg.io/sv5/73_hires.png,2026/08/08,2026/01/19,0.11,0.009999999776482582,0.15000000596046448,20.0,,0.28,,,,0.0346,0.0231,0.0346,0.1384,0.03460000082850456,0.0461,0.0461,0.1154,0.1961,0.1615,1.1535,2026-08-09
sv5-74,Beheeyem,normal,Temporal Forces,74,Uncommon,Shinya Komatsu,Stage 1,606,Pokémon,2024/03/22,"tcgplayer,cardmarket",https://prices.pokemontcg.io/tcgplayer/sv5-74,https://images.pokemontcg.io/sv5/74_hires.png,2026/08/08,2026/01/19,0.12,0.009999999776482582,0.15000000596046448,19.979999542236328,,0.23,,,,0.0461,0.0231,0.0461,0.1384,0.03460000082850456,0.0461,0.0461,0.1154,0.0807,0.1154,1.1535,2026-08-09
sv5-75,Cutiefly,normal,Temporal Forces,75,Common,Sekio,Basic,742,Pokémon,2024/03/22,"tcgplayer,cardmarket",https://prices.pokemontcg.io/tcgplayer/sv5-75,https://images.pokemontcg.io/sv5/75_hires.png,2026/08/08,2026/01/19,0.12,0.009999999776482582,0.15000000596046448,1000.0,,0.22,,,,0.0346,0.0231,0.0461,0.1038,0.05770000070333481,0.0461,0.0346,0.15,0.15,0.1038,1.1535,2026-08-09
sv5-76,Ribombee,normal,Temporal Forces,76,Uncommon,Tika Matsuno,Stage 1,743,Pokémon,2024/03/22,"tcgplayer,cardmarket",https://prices.pokemontcg.io/tcgplayer/sv5-76,https://images.pokemontcg.io/sv5/76_hires.png,2026/08/08,2026/01/19,0.14,0.009999999776482582,0.15000000596046448,19.979999542236328,,0.24,,,,0.0461,0.0231,0.0461,0.1615,0.04610000178217888,0.0346,0.0461,0.0807,0.1154,0.1384,1.1535,2026-08-09
sv5-77,Scream Tail,normal,Temporal Forces,77,Uncommon,kawayoo,Basic|Ancient,985,Pokémon,2024/03/22,"tcgplayer,cardmarket",https://prices.pokemontcg.io/tcgplayer/sv5-77,https://images.pokemontcg.io/sv5/77_hires.png,2026/08/08,2026/01/19,0.12,0.009999999776482582,0.15000000596046448,19.979999542236328,,0.22,,,,0.0346,0.0231,0.0346,0.1384,0.03460000082850456,0.0346,0.0346,0.1154,0.1154,0.1384,1.1535,2026-08-09
sv5-78,Flutter Mane,holofoil,Temporal Forces,78,Rare,kodama,Basic|Ancient,987,Pokémon,2024/03/22,"tcgplayer,cardmarket",https://prices.pokemontcg.io/tcgplayer/sv5-78,https://images.pokemontcg.io/sv5/78_hires.png,2026/08/08,2026/01/16,0.18,0.009999999776482582,0.20999999344348907,13.0,,0.3,,,,0.0923,0.0231,0.0692,0.2768,0.04610000178217888,0.1154,0.0923,0.0461,0.2192,0.2768,1.1535,2026-08-09
sv5-80,Iron Valiant,holofoil,Temporal Forces,80,Rare,chibi,Basic|Future,1006,Pokémon,2024/03/22,"tcgplayer,cardmarket",https://prices.pokemontcg.io/tcgplayer/sv5-80,https://images.pokemontcg.io/sv5/80_hires.png,2026/08/08,2026/01/16,0.16,0.009999999776482582,0.20000000298023224,30.0,,0.28,,,,0.0807,0.0231,0.1269,0.2307,0.08070000261068344,0.0923,0.0807,0.2884,0.2653,0.2422,1.1535,2026-08-09
sv5-79,Iron Valiant,normal,Temporal Forces,79,Uncommon,takuyoa,Basic|Future,1006,Pokémon,2024/03/22,"tcgplayer,cardmarket",https://prices.pokemontcg.io/tcgplayer/sv5-79,https://images.pokemontcg.io/sv5/79_hires.png,2026/08/08,2026/01/16,0.12,0.009999999776482582,0.15000000596046448,20.0,,0.23,,,,0.0231,0.0231,0.0346,0.1846,0.03460000082850456,0.0346,0.0231,0.0346,0.15,0.1615,1.1535,2026-08-09
sv5-81,Iron Crown ex,holofoil,Temporal Forces,81,Double Rare,5ban Graphics,Basic|ex|Future,,Pokémon,2024/03/22,"tcgplayer,cardmarket",https://prices.pokemontcg.io/tcgplayer/sv5-81,https://images.pokemontcg.io/sv5/81_hires.png,2026/08/08,2026/01/16,0.64,0.25,0.9800000190734863,30.0,,,,,,0.7498,0.2192,0.646,0.0,0.8881999850273132,0.5767,0.7267,0.0,0.0,0.0,1.1535,2026-08-09
sv5-82,Meditite,normal,Temporal Forces,82,Common,Natsumi Miyanose,Basic,307,Pokémon,2024/03/22,"tcgplayer,cardmarket",https://prices.pokemontcg.io/tcgplayer/sv5-82,https://images.pokemontcg.io/sv5/82_hires.png,2026/08/08,2026/01/16,0.07,0.009999999776482582,0.15000000596046448,19.979999542236328,,0.17,,,,0.0346,0.0231,0.0231,0.0807,0.023099999874830246,0.0231,0.0231,0.1154,0.1038,0.1038,1.1535,2026-08-09
sv5-83,Medicham,normal,Temporal Forces,83,Common,Masako Tomii,Stage 1,308,Pokémon,2024/03/22,"tcgplayer,cardmarket",https://prices.pokemontcg.io/tcgplayer/sv5-83,https://images.pokemontcg.io/sv5/83_hires.png,2026/08/08,2026/01/16,0.06,0.009999999776482582,0.15000000596046448,19.979999542236328,,0.22,,,,0.0346,0.0231,0.0346,0.0923,0.023099999874830246,0.0346,0.0346,0.0923,0.15,0.1038,1.1535,2026-08-09
sv5-84,Relicanth,holofoil,Temporal Forces,84,Rare,Mina Nakai,Basic,369,Pokémon,2024/03/22,"tcgplayer,cardmarket",https://prices.pokemontcg.io/tcgplayer/sv5-84,https://images.pokemontcg.io/sv5/84_hires.png,2026/08/08,2026/01/16,0.26,0.05000000074505806,0.27000001072883606,2.990000009536743,,0.32,,,,0.3691,0.0231,0.4614,0.0,0.3230000138282776,0.3114,0.4268,0.0,0.0,0.0,1.1535,2026-08-09
sv5-85,Drilbur,normal,Temporal Forces,85,Common,Kariya,Basic,529,Pokémon,2024/03/22,"tcgplayer,cardmarket",https://prices.pokemontcg.io/tcgplayer/sv5-85,https://images.pokemontcg.io/sv5/85_hires.png,2026/08/08,2026/01/16,0.14,0.009999999776482582,0.1599999964237213,1000.0,,0.2,,,,0.0577,0.0231,0.0461,0.1615,0.03460000082850456,0.0692,0.0577,0.0692,0.0923,0.15,1.1535,2026-08-09
sv5-86,Excadrill,normal,Temporal Forces,86,Uncommon,Bun Toujo,Stage 1,530,Pokémon,2024/03/22,"tcgplayer,cardmarket",https://prices.pokemontcg.io/tcgplayer/sv5-86,https://images.pokemontcg.io/sv5/86_hires.png,2026/08/08,2026/01/16,0.08,0.009999999776482582,0.15000000596046448,20.0,,0.2,,,,0.0461,0.0231,0.0346,0.1269,0.05770000070333481,0.0346,0.0461,0.0346,0.0692,0.1154,1.1535,2026-08-09
sv5-87,Golett,normal,Temporal Forces,87,Common,miki kudo,Basic,622,Pokémon,2024/03/22,"tcgplayer,cardmarket",https://prices.pokemontcg.io/tcgplayer/sv5-87,https://images.pokemontcg.io/sv5/87_hires.png,2026/08/08,2026/01/16,0.03,0.009999999776482582,0.15000000596046448,20.0,,0.24,,,,0.0231,0.0231,0.0231,0.1038,0.023099999874830246,0.0231,0.0346,0.0346,0.1038,0.0923,1.1535,2026-08-09
sv5-88,Golurk,normal,Temporal Forces,88,Uncommon,Oku,Stage 1,623,Pokémon,2024/03/22,"tcgplayer,cardmarket",https://prices.pokemontcg.io/tcgplayer/sv5-88,https://images.pokemontcg.io/sv5/88_hires.png,2026/08/08,2026/01/16,0.08,0.009999999776482582,0.15000000596046448,20.0,,0.21,,,,0.0346,0.0231,0.0346,0.1154,0.023099999874830246,0.0346,0.0346,0.0231,0.1154,0.1154,1.1535,2026-08-09
sv5-89,Rockruff,normal,Temporal Forces,89,Common,sui,Basic,744,Pokémon,2024/03/22,"tcgplayer,cardmarket",https://prices.pokemontcg.io/tcgplayer/sv5-89,https://images.pokemontcg.io/sv5/89_hires.png,2026/08/08,2026/01/16,0.11,0.009999999776482582,0.15000000596046448,20.0,,0.23,,,,0.0346,0.0231,0.0346,0.1154,0.06920000165700912,0.0231,0.0346,0.2192,0.1846,0.1154,1.1535,2026-08-09
sv5-90,Lycanroc,normal,Temporal Forces,90,Uncommon,Yoshioka,Stage 1,745,Pokémon,2024/03/22,"tcgplayer,cardmarket",https://prices.pokemontcg.io/tcgplayer/sv5-90,https://images.pokemontcg.io/sv5/90_hires.png,2026/08/08,2026/01/16,0.18,0.009999999776482582,0.18000000715255737,19.979999542236328,,0.21,,,,0.0346,0.0231,0.0231,0.1038,0.023099999874830246,0.0346,0.0346,0.1154,0.1384,0.1154,1.1535,2026-08-09
sv5-91,Mudbray,normal,Temporal Forces,91,Common,Narumi Sato,Basic,749,Pokémon,2024/03/22,"tcgplayer,cardmarket",https://prices.pokemontcg.io/tcgplayer/sv5-91,https://images.pokemontcg.io/sv5/91_hires.png,2026/08/08,2026/01/16,0.04,0.009999999776482582,0.15000000596046448,20.0,,0.19,,,,0.0346,0.0231,0.0461,0.0807,0.023099999874830246,0.0346,0.0346,0.0346,0.0807,0.0923,1.1535,2026-08-09
sv5-92,Mudsdale,normal,Temporal Forces,92,Uncommon,Naoyo Kimura,Stage 1,750,Pokémon,2024/03/22,"tcgplayer,cardmarket",https://prices.pokemontcg.io/tcgplayer/sv5-92,https://images.pokemontcg.io/sv5/92_hires.png,2026/08/08,2026/01/16,0.04,0.009999999776482582,0.15000000596046448,20.0,,0.2,,,,0.0461,0.0231,0.0461,0.1038,0.023099999874830246,0.0346,0.0461,0.1038,0.1615,0.1154,1.1535,2026-08-09
sv5-93,Rolycoly,normal,Temporal Forces,93,Common,Aya Kusube,Basic,837,Pokémon,2024/03/22,"tcgplayer,cardmarket",https://prices.pokemontcg.io/tcgplayer/sv5-93,https://images.pokemontcg.io/sv5/93_hires.png,2026/08/08,2026/01/16,0.05,0.009999999776482582,0.15000000596046448,19.979999542236328,,0.18,,,,0.0346,0.0231,0.0346,0.1038,0.023099999874830246,0.0346,0.0346,0.0461,0.1269,0.0923,1.1535,2026-08-09
sv5-94,Carkol,normal,Temporal Forces,94,Common,Anesaki Dynamic,Stage 1,838,Pokémon,2024/03/22,"tcgplayer,cardmarket",https://prices.pokemontcg.io/tcgplayer/sv5-94,https://images.pokemontcg.io/sv5/94_hires.png,2026/08/08,2026/01/16,0.11,0.019999999552965164,0.15000000596046448,19.979999542236328,,0.2,,,,0.0346,0.0231,0.0346,0.1154,0.06920000165700912,0.0461,0.0461,0.0692,0.0923,0.1154,1.1535,2026-08-09
sv5-95,Coalossal,normal,Temporal Forces,95,Uncommon,Shiburingaru,Stage 2,839,Pokémon,2024/03/22,"tcgplayer,cardmarket",https://prices.pokemontcg.io/tcgplayer/sv5-95,https://images.pokemontcg.io/sv5/95_hires.png,2026/08/08,2026/01/16,0.16,0.009999999776482582,0.1599999964237213,1000.0,,0.19,,,,0.0461,0.0231,0.0461,0.1384,0.023099999874830246,0.0461,0.0461,0.0461,0.1154,0.1384,1.1535,2026-08-09
sv5-96,Great Tusk,normal,Temporal Forces,96,Uncommon,Mitsuhiro Arita,Basic|Ancient,984,Pokémon,2024/03/22,"tcgplayer,cardmarket",https://prices.pokemontcg.io/tcgplayer/sv5-96,https://images.pokemontcg.io/sv5/96_hires.png,2026/08/08,2026/01/16,0.08,0.009999999776482582,0.15000000596046448,1000.0,,0.28,,,,0.0461,0.0231,0.0461,0.1961,0.023099999874830246,0.0346,0.0461,0.1154,0.1846,0.173,1.1535,2026-08-09
sv5-97,Great Tusk,normal,Temporal Forces,97,Uncommon,GIDORA,Basic|Ancient,984,Pokémon,2024/03/22,"tcgplayer,cardmarket",https://prices.pokemontcg.io/tcgplayer/sv5-97,https://images.pokemontcg.io/sv5/97_hires.png,2026/08/08,2026/01/16,0.05,0.009999999776482582,0.15000000596046448,20.0,,0.29,,,,0.0346,0.0231,0.0461,0.323,0.03460000082850456,0.0346,0.0461,0.2422,0.1961,0.2999,1.1535,2026-08-09
sv5-98,Sandy Shocks,normal,Temporal Forces,98,Uncommon,DOM,Basic|Ancient,989,Pokémon,2024/03/22,"tcgplayer,cardmarket",https://prices.pokemontcg.io/tcgplayer/sv5-98,https://images.pokemontcg.io/sv5/98_hires.png,2026/08/08,2026/01/16,0.17,0.009999999776482582,0.18000000715255737,1000.0,,0.28,,,,0.0461,0.0231,0.0461,0.2076,0.023099999874830246,0.0231,0.0461,0.2884,0.2422,0.2076,1.1535,2026-08-09
sv5-99,Iron Boulder ex,holofoil,Temporal Forces,99,Double Rare,5ban Graphics,Basic|ex|Future,,Pokémon,2024/03/22,"tcgplayer,cardmarket",https://prices.pokemontcg.io/tcgplayer/sv5-99,https://images.pokemontcg.io/sv5/99_hires.png,2026/08/08,2026/01/16,0.61,0.3700000047683716,0.9900000095367432,40.0,,,,,,0.6575,0.1038,0.6806,0.0,0.6114000082015991,0.7036,0.6806,0.0,0.0,0.0,1.1535,2026-08-09
sv5-100,Ekans,normal,Temporal Forces,100,Common,Shimaris Yukichi,Basic,23,Pokémon,2024/03/22,"tcgplayer,cardmarket",https://prices.pokemontcg.io/tcgplayer/sv5-100,https://images.pokemontcg.io/sv5/100_hires.png,2026/08/08,2026/01/16,0.13,0.009999999776482582,0.1599999964237213,19.979999542236328,,0.27,,,,0.0807,0.0231,0.0807,0.1384,0.04610000178217888,0.15,0.0807,0.0231,0.1038,0.1154,1.1535,2026-08-09
sv5-101,Arbok,normal,Temporal Forces,101,Common,Minato,Stage 1,24,Pokémon,2024/03/22,"tcgplayer,cardmarket",https://prices.pokemontcg.io/tcgplayer/sv5-101,https://images.pokemontcg.io/sv5/101_hires.png,2026/08/08,2026/01/16,0.22,0.009999999776482582,0.23000000417232513,1000.0,,0.28,,,,0.1038,0.0231,0.1154,0.1269,0.03460000082850456,0.2076,0.0923,0.1269,0.15,0.1269,1.1535,2026-08-09
sv5-102,Gastly,normal,Temporal Forces,102,Common,Fujimoto Gold,Basic,92,Pokémon,2024/03/22,"tcgplayer,cardmarket",https://prices.pokemontcg.io/tcgplayer/sv5-102,https://images.pokemontcg.io/sv5/102_hires.png,2026/08/08,2025/12/07,0.16,0.009999999776482582,0.17000000178813934,20.0,,0.24,,,,0.0346,0.0231,0.0346,0.1269,0.023099999874830246,0.0346,0.0346,0.0692,0.15,0.15,1.1535,2026-08-09
sv5-103,Haunter,normal,Temporal Forces,103,Common,MAHOU,Stage 1,93,Pokémon,2024/03/22,"tcgplayer,cardmarket",https://prices.pokemontcg.io/tcgplayer/sv5-103,https://images.pokemontcg.io/sv5/103_hires.png,2026/08/08,2025/12/07,0.23,0.009999999776482582,0.25,20.0,,0.31,,,,0.0577,0.0231,0.0461,0.15,0.05770000070333481,0.0692,0.0692,0.1384,0.15,0.1615,1.1535,2026-08-09
sv5-104,Gengar ex,holofoil,Temporal Forces,104,Double Rare,Nisota Niso,Stage 2|ex,94,Pokémon,2024/03/22,"tcgplayer,cardmarket",https://prices.pokemontcg.io/tcgplayer/sv5-104,https://images.pokemontcg.io/sv5/104_hires.png,2026/08/08,2025/12/07,5.53,3.990000009536743,7.079999923706055,50.0,,,,,,3.8527,1.1535,3.449,0.0,4.106500148773193,3.7489,3.8181,0.0,0.0,0.0,1.1535,2026-08-09
sv5-106,Mightyena,normal,Temporal Forces,106,Common,akagi,Stage 1,262,Pokémon,2024/03/22,"tcgplayer,cardmarket",https://prices.pokemontcg.io/tcgplayer/sv5-106,https://images.pokemontcg.io/sv5/106_hires.png,2026/08/08,2025/12/07,0.16,0.009999999776482582,0.18000000715255737,19.979999542236328,,0.25,,,,0.0461,0.0231,0.0461,0.1154,0.04610000178217888,0.0346,0.0461,0.0346,0.0807,0.1154,1.1535,2026-08-09
sv5-105,Poochyena,normal,Temporal Forces,105,Common,Miki Tanaka,Basic,261,Pokémon,2024/03/22,"tcgplayer,cardmarket",https://prices.pokemontcg.io/tcgplayer/sv5-105,https://images.pokemontcg.io/sv5/105_hires.png,2026/08/08,2025/12/07,0.14,0.009999999776482582,0.15000000596046448,19.979999542236328,,0.24,,,,0.0346,0.0231,0.0231,0.15,0.04610000178217888,0.0231,0.0346,0.1269,0.1615,0.15,1.1535,2026-08-09
sv5-107,Sableye,normal,Temporal Forces,107,Uncommon,0313,Basic,302,Pokémon,2024/03/22,"tcgplayer,cardmarket",https://prices.pokemontcg.io/tcgplayer/sv5-107,https://images.pokemontcg.io/sv5/107_hires.png,2026/08/08,2025/11/25,0.13,0.009999999776482582,0.1599999964237213,1000.0,,0.25,,,,0.0461,0.0231,0.0461,0.1038,0.04610000178217888,0.0461,0.0461,0.0346,0.1038,0.1154,1.1535,2026-08-09
sv5-108,Farigiraf ex,holofoil,Temporal Forces,108,Double Rare,5ban Graphics,Stage 1|Tera|ex,981,Pokémon,2024/03/22,"tcgplayer,cardmarket",https://prices.pokemontcg.io/tcgplayer/sv5-108,https://images.pokemontcg.io/sv5/108_hires.png,2026/08/08,2025/11/25,0.74,0.15000000596046448,0.949999988079071,10.0,,,,,,0.9459,0.346,0.8305,0.0,1.0497000217437744,0.8074,0.9574,0.0,0.0,0.0,1.1535,2026-08-09
sv5-109,Roaring Moon,holofoil,Temporal Forces,109,Rare,hncl,Basic|Ancient,1005,Pokémon,2024/03/22,"tcgplayer,cardmarket",https://prices.pokemontcg.io/tcgplayer/sv5-109,https://images.pokemontcg.io/sv5/109_hires.png,2026/08/08,2025/11/25,0.18,0.009999999776482582,0.2199999988079071,50.0,,0.34,,,,0.1038,0.0231,0.15,0.3576,0.023099999874830246,0.0923,0.0923,1.1304,0.4153,0.3691,1.1535,2026-08-09
sv5-110,Forretress,normal,Temporal Forces,110,Uncommon,osare,Stage 1,205,Pokémon,2024/03/22,"tcgplayer,cardmarket",https://prices.pokemontcg.io/tcgplayer/sv5-110,https://images.pokemontcg.io/sv5/110_hires.png,2026/08/08,2025/11/25,0.13,0.009999999776482582,0.15000000596046448,19.979999542236328,,0.26,,,,0.0346,0.0231,0.0461,0.1269,0.04610000178217888,0.0461,0.0346,0.1154,0.1269,0.1269,1.1535,2026-08-09
sv5-111,Scizor ex,holofoil,Temporal Forces,111,Double Rare,toriyufu,Stage 1|ex,212,Pokémon,2024/03/22,"tcgplayer,cardmarket",https://prices.pokemontcg.io/tcgplayer/sv5-111,https://images.pokemontcg.io/sv5/111_hires.png,2026/08/08,2025/11/25,0.76,0.44999998807907104,0.9700000286102295,7.5,,,,,,0.8882,0.1154,0.9113,0.0,0.6460000276565552,0.8536,0.8882,0.0,0.0,0.0,1.1535,2026-08-09
sv5-112,Mawile,normal,Temporal Forces,112,Common,aspara,Basic,303,Pokémon,2024/03/22,"tcgplayer,cardmarket",https://prices.pokemontcg.io/tcgplayer/sv5-112,https://images.pokemontcg.io/sv5/112_hires.png,2026/08/08,2025/11/25,0.11,0.009999999776482582,0.15000000596046448,20.0,,0.23,,,,0.0346,0.0231,0.0346,0.1038,0.03460000082850456,0.0461,0.0346,0.0807,0.0923,0.1038,1.1535,2026-08-09
sv5-114,Metang,normal,Temporal Forces,114,Common,Nobuhiro Imagawa,Stage 1,375,Pokémon,2024/03/22,"tcgplayer,cardmarket",https://prices.pokemontcg.io/tcgplayer/sv5-114,https://images.pokemontcg.io/sv5/114_hires.png,2026/08/08,2025/11/25,3.2,2.4800000190734863,3.75,19.979999542236328,,3.47,,,,0.1038,0.0231,0.0923,0.173,0.11540000140666962,0.1384,0.1038,0.346,0.2192,0.1846,1.1535,2026-08-09
sv5-116,Meltan,normal,Temporal Forces,116,Common,Taiga Kayama,Basic,808,Pokémon,2024/03/22,"tcgplayer,cardmarket",https://prices.pokemontcg.io/tcgplayer/sv5-116,https://images.pokemontcg.io/sv5/116_hires.png,2026/08/08,2025/11/25,0.15,0.009999999776482582,0.1599999964237213,20.0,,0.23,,,,0.0461,0.0231,0.0346,0.0923,0.04610000178217888,0.0461,0.0461,0.1269,0.1154,0.0923,1.1535,2026-08-09
sv5-113,Beldum,normal,Temporal Forces,113,Common,hatachu,Basic,374,Pokémon,2024/03/22,"tcgplayer,cardmarket",https://prices.pokemontcg.io/tcgplayer/sv5-113,https://images.pokemontcg.io/sv5/113_hires.png,2026/08/08,2025/11/25,0.2,0.03999999910593033,0.20000000298023224,1000.0,,0.29,,,,0.0577,0.0231,0.0231,0.15,0.023099999874830246,0.0577,0.0577,0.346,0.2192,0.173,1.1535,2026-08-09
sv5-115,Metagross,normal,Temporal Forces,115,Uncommon,Nurikabe,Stage 2,376,Pokémon,2024/03/22,"tcgplayer,cardmarket",https://prices.pokemontcg.io/tcgplayer/sv5-115,https://images.pokemontcg.io/sv5/115_hires.png,2026/08/08,2025/11/25,0.2,0.009999999776482582,0.20000000298023224,19.979999542236328,,0.23,,,,0.0577,0.0231,0.0807,0.1038,0.219200000166893,0.0807,0.0577,0.0461,0.0577,0.1038,1.1535,2026-08-09
sv5-117,Melmetal,holofoil,Temporal Forces,117,Rare,Oswaldo KATO,Stage 1,809,Pokémon,2024/03/22,"tcgplayer,cardmarket",https://prices.pokemontcg.io/tcgplayer/sv5-117,https://images.pokemontcg.io/sv5/117_hires.png,2026/08/08,2025/11/25,0.17,0.009999999776482582,0.20000000298023224,19.979999542236328,,0.3,,,,0.0577,0.0231,0.0577,0.2076,0.03460000082850456,0.0577,0.0577,0.173,0.2192,0.2076,1.1535,2026-08-09
sv5-118,Iron Treads,normal,Temporal Forces,118,Uncommon,Tonji Matsuno,Basic|Future,990,Pokémon,2024/03/22,"tcgplayer,cardmarket",https://prices.pokemontcg.io/tcgplayer/sv5-118,https://images.pokemontcg.io/sv5/118_hires.png,2026/08/08,2025/11/25,0.14,0.009999999776482582,0.15000000596046448,20.0,,0.31,,,,0.0461,0.0231,0.0461,0.1961,0.11540000140666962,0.0461,0.0461,0.1154,0.2192,0.2076,1.1535,2026-08-09
sv5-123,Raging Bolt ex,holofoil,Temporal Forces,123,Double Rare,aky CG Works,Basic|ex|Ancient,,Pokémon,2024/03/22,"tcgplayer,cardmarket",https://prices.pokemontcg.io/tcgplayer/sv5-123,https://images.pokemontcg.io/sv5/123_hires.png,2026/08/08,2025/11/25,1.36,0.49000000953674316,1.6299999952316284,17.440000534057617,,,,,,2.2263,0.5767,1.8571,0.0,1.7878999710083008,1.7533,2.1224,0.0,0.0,0.0,1.1535,2026-08-09
sv5-119,Koraidon,holofoil,Temporal Forces,119,Rare,Teeziro,Basic|Ancient,1007,Pokémon,2024/03/22,"tcgplayer,cardmarket",https://prices.pokemontcg.io/tcgplayer/sv5-119,https://images.pokemontcg.io/sv5/119_hires.png,2026/08/08,2025/11/25,0.19,0.009999999776482582,0.20000000298023224,3.700000047683716,,0.28,,,,0.1961,0.0231,0.2422,0.0,0.11540000140666962,0.2884,0.2076,0.0,0.0,0.0,1.1535,2026-08-09
sv5-124,Lickitung,normal,Temporal Forces,124,Common,nisimono,Basic,108,Pokémon,2024/03/22,"tcgplayer,cardmarket",https://prices.pokemontcg.io/tcgplayer/sv5-124,https://images.pokemontcg.io/sv5/124_hires.png,2026/08/08,2025/11/25,0.14,0.009999999776482582,0.15000000596046448,19.979999542236328,,0.22,,,,0.0346,0.0231,0.0461,0.1269,0.04610000178217888,0.0346,0.0346,0.0461,0.1038,0.1269,1.1535,2026-08-09
sv5-120,Koraidon ex,holofoil,Temporal Forces,120,Double Rare,PLANETA Igarashi,Basic|ex|Ancient,1007,Pokémon,2024/03/22,"tcgplayer,cardmarket",https://prices.pokemontcg.io/tcgplayer/sv5-120,https://images.pokemontcg.io/sv5/120_hires.png,2026/08/08,2025/11/21,0.67,0.4000000059604645,0.9900000095367432,5.53000020980835,,,,,,0.7613,0.1154,0.7152,0.0,0.5421000123023987,0.7498,0.7728,0.0,0.0,0.0,1.1535,2026-08-09
sv5-121,Miraidon,holofoil,Temporal Forces,121,Rare,GOSSAN,Basic|Future,1008,Pokémon,2024/03/22,"tcgplayer,cardmarket",https://prices.pokemontcg.io/tcgplayer/sv5-121,https://images.pokemontcg.io/sv5/121_hires.png,2026/08/08,2025/11/21,0.17,0.009999999776482582,0.20999999344348907,2.990000009536743,,0.31,,,,2.7453,0.1154,3.0106,0.0,1.4187999963760376,2.8145,2.8953,0.0,0.0,0.0,1.1535,2026-08-09
sv5-122,Miraidon ex,holofoil,Temporal Forces,122,Double Rare,PLANETA Mochizuki,Basic|ex|Future,1008,Pokémon,2024/03/22,"tcgplayer,cardmarket",https://prices.pokemontcg.io/tcgplayer/sv5-122,https://images.pokemontcg.io/sv5/122_hires.png,2026/08/08,2025/11/21,0.6,0.25,0.9900000095367432,5.949999809265137,,,,,,0.7613,0.0231,0.7036,0.0,0.6460000276565552,0.7498,0.7613,0.0,0.0,0.0,1.1535,2026-08-09
sv5-125,Lickilicky,normal,Temporal Forces,125,Common,kirisAki,Stage 1,463,Pokémon,2024/03/22,"tcgplayer,cardmarket",https://prices.pokemontcg.io/tcgplayer/sv5-125,https://images.pokemontcg.io/sv5/125_hires.png,2026/08/08,2025/11/21,0.17,0.009999999776482582,0.20000000298023224,19.979999542236328,,0.25,,,,0.0461,0.0231,0.0461,0.0923,0.03460000082850456,0.0346,0.0461,0.0692,0.1038,0.1038,1.1535,2026-08-09
sv5-126,Hoothoot,normal,Temporal Forces,126,Common,ryoma uratsuka,Basic,163,Pokémon,2024/03/22,"tcgplayer,cardmarket",https://prices.pokemontcg.io/tcgplayer/sv5-126,https://images.pokemontcg.io/sv5/126_hires.png,2026/08/08,2025/11/21,0.15,0.009999999776482582,0.20000000298023224,1000.0,,0.25,,,,0.0461,0.0231,0.0346,0.1269,0.03460000082850456,0.0346,0.0461,0.0807,0.1269,0.1154,1.1535,2026-08-09
sv5-127,Noctowl,normal,Temporal Forces,127,Common,toi8,Stage 1,164,Pokémon,2024/03/22,"tcgplayer,cardmarket",https://prices.pokemontcg.io/tcgplayer/sv5-127,https://images.pokemontcg.io/sv5/127_hires.png,2026/08/08,2025/11/21,0.16,0.009999999776482582,0.17000000178813934,2.990000009536743,,0.26,,,,0.0577,0.0231,0.0461,0.1154,0.023099999874830246,0.0346,0.0461,0.1154,0.1038,0.1269,1.1535,2026-08-09
sv5-129,Dudunsparce,holofoil,Temporal Forces,129,Rare,Teeziro,Stage 1,982,Pokémon,2024/03/22,"tcgplayer,cardmarket",https://prices.pokemontcg.io/tcgplayer/sv5-129,https://images.pokemontcg.io/sv5/129_hires.png,2026/08/08,2025/11/21,1.09,0.20999999344348907,1.5,89.98999786376953,,0.88,,,,0.2538,0.0231,0.2653,0.4499,0.18459999561309814,0.2307,0.2538,0.2538,0.4845,0.4268,1.1535,2026-08-09
sv5-128,Dunsparce,normal,Temporal Forces,128,Common,Sanosuke Sakuma,Basic,206,Pokémon,2024/03/22,"tcgplayer,cardmarket",https://prices.pokemontcg.io/tcgplayer/sv5-128,https://images.pokemontcg.io/sv5/128_hires.png,2026/08/08,2025/11/21,0.17,0.009999999776482582,0.20000000298023224,19.979999542236328,,0.33,,,,0.0461,0.0231,0.0461,0.1615,0.05770000070333481,0.0461,0.0461,0.0923,0.1269,0.1384,1.1535,2026-08-09
sv5-130,Skitty,normal,Temporal Forces,130,Common,Atsuko Nishida,Basic,300,Pokémon,2024/03/22,"tcgplayer,cardmarket",https://prices.pokemontcg.io/tcgplayer/sv5-130,https://images.pokemontcg.io/sv5/130_hires.png,2026/08/08,2025/11/21,0.15,0.009999999776482582,0.18000000715255737,19.979999542236328,,0.22,,,,0.0346,0.0231,0.0461,0.1038,0.03460000082850456,0.0461,0.0346,0.1615,0.1154,0.1038,1.1535,2026-08-09
sv5-131,Delcatty,normal,Temporal Forces,131,Uncommon,Keisin,Stage 1,301,Pokémon,2024/03/22,"tcgplayer,cardmarket",https://prices.pokemontcg.io/tcgplayer/sv5-131,https://images.pokemontcg.io/sv5/131_hires.png,2026/08/08,2025/11/21,0.21,0.009999999776482582,0.2199999988079071,1000.0,,0.29,,,,0.0577,0.0231,0.0577,0.2076,0.03460000082850456,0.0461,0.0577,0.0461,0.2192,0.2076,1.1535,2026-08-09
sv5-132,Chatot,normal,Temporal Forces,132,Common,GOTO minori,Basic,441,Pokémon,2024/03/22,"tcgplayer,cardmarket",https://prices.pokemontcg.io/tcgplayer/sv5-132,https://images.pokemontcg.io/sv5/132_hires.png,2026/08/08,2025/11/21,0.03,0.009999999776482582,0.15000000596046448,19.979999542236328,,0.13,,,,0.0346,0.0231,0.0346,0.0807,0.023099999874830246,0.0231,0.0231,0.0461,0.0807,0.0807,1.1535,2026-08-09
sv5-133,Pidove,normal,Temporal Forces,133,Common,Mékayu,Basic,519,Pokémon,2024/03/22,"tcgplayer,cardmarket",https://prices.pokemontcg.io/tcgplayer/sv5-133,https://images.pokemontcg.io/sv5/133_hires.png,2026/08/08,2025/11/21,0.12,0.009999999776482582,0.1599999964237213,1000.0,,0.2,,,,0.0346,0.0231,0.0461,0.0923,0.023099999874830246,0.0461,0.0346,0.0692,0.0807,0.0923,1.1535,2026-08-09
sv5-134,Tranquill,normal,Temporal Forces,134,Common,Pani Kobayashi,Stage 1,520,Pokémon,2024/03/22,"tcgplayer,cardmarket",https://prices.pokemontcg.io/tcgplayer/sv5-134,https://images.pokemontcg.io/sv5/134_hires.png,2026/08/08,2025/11/21,0.07,0.009999999776482582,0.15000000596046448,19.979999542236328,,0.18,,,,0.0461,0.0231,0.0577,0.1038,0.023099999874830246,0.0577,0.0461,0.0577,0.0692,0.1154,1.1535,2026-08-09
sv5-135,Unfezant,normal,Temporal Forces,135,Uncommon,Anesaki Dynamic,Stage 2,521,Pokémon,2024/03/22,"tcgplayer,cardmarket",https://prices.pokemontcg.io/tcgplayer/sv5-135,https://images.pokemontcg.io/sv5/135_hires.png,2026/08/08,2025/11/21,0.03,0.009999999776482582,0.15000000596046448,19.979999542236328,,0.25,,,,0.0346,0.0231,0.0461,0.1615,0.03460000082850456,0.0346,0.0346,0.0461,0.2076,0.173,1.1535,2026-08-09
sv5-136,Minccino,normal,Temporal Forces,136,Common,Yuka Morii,Basic,572,Pokémon,2024/03/22,"tcgplayer,cardmarket",https://prices.pokemontcg.io/tcgplayer/sv5-136,https://images.pokemontcg.io/sv5/136_hires.png,2026/08/08,2025/11/21,0.22,0.009999999776482582,0.2199999988079071,19.979999542236328,,0.31,,,,0.0461,0.0231,0.0231,0.1154,0.03460000082850456,0.0346,0.0346,0.1154,0.15,0.1154,1.1535,2026-08-09
sv5-138,Drampa,holofoil,Temporal Forces,138,Rare,Toshinao Aoki,Basic,780,Pokémon,2024/03/22,"tcgplayer,cardmarket",https://prices.pokemontcg.io/tcgplayer/sv5-138,https://images.pokemontcg.io/sv5/138_hires.png,2026/08/08,2025/11/21,0.16,0.009999999776482582,0.20000000298023224,40.0,,0.29,,,,0.0577,0.0231,0.0923,0.1615,0.03460000082850456,0.0461,0.0577,0.1961,0.173,0.1846,1.1535,2026-08-09
sv5-137,Cinccino,normal,Temporal Forces,137,Uncommon,Yuu Nishida,Stage 1,573,Pokémon,2024/03/22,"tcgplayer,cardmarket",https://prices.pokemontcg.io/tcgplayer/sv5-137,https://images.pokemontcg.io/sv5/137_hires.png,2026/08/08,2025/11/21,0.18,0.009999999776482582,0.20000000298023224,5.0,,0.32,,,,0.0577,0.0231,0.0231,0.2768,0.05770000070333481,0.0461,0.0461,0.0577,0.2884,0.2538,1.1535,2026-08-09
sv5-139,Iron Jugulis,normal,Temporal Forces,139,Uncommon,KEIICHIRO ITO,Basic|Future,993,Pokémon,2024/03/22,"tcgplayer,cardmarket",https://prices.pokemontcg.io/tcgplayer/sv5-139,https://images.pokemontcg.io/sv5/139_hires.png,2026/08/08,2025/11/21,0.08,0.009999999776482582,0.15000000596046448,20.0,,0.33,,,,0.0346,0.0231,0.0461,0.2768,0.023099999874830246,0.0346,0.0346,0.0461,0.2768,0.2538,1.1535,2026-08-09
sv5-140,Ancient Booster Energy Capsule,normal,Temporal Forces,140,Uncommon,5ban Graphics,Pokémon Tool|Ancient,,Trainer,2024/03/22,"tcgplayer,cardmarket",https://prices.pokemontcg.io/tcgplayer/sv5-140,https://images.pokemontcg.io/sv5/140_hires.png,2026/08/08,2025/11/21,0.1,0.009999999776482582,0.17000000178813934,19.979999542236328,,0.27,,,,0.0807,0.0231,0.0807,0.2307,0.03460000082850456,0.0692,0.0807,0.4729,0.2307,0.2307,1.1535,2026-08-09
sv5-141,Awakening Drum,holofoil,Temporal Forces,141,ACE SPEC Rare,Toyste Beach,Item|Ancient|ACE SPEC,,Trainer,2024/03/22,"tcgplayer,cardmarket",https://prices.pokemontcg.io/tcgplayer/sv5-141,https://images.pokemontcg.io/sv5/141_hires.png,2026/08/08,2025/11/21,0.31,0.10000000149011612,0.4699999988079071,15.5,,,,,,0.6575,0.1038,0.5537,0.0,0.57669997215271,0.3922,0.669,0.0,0.0,0.0,1.1535,2026-08-09
sv5-142,Bianca's Devotion,normal,Temporal Forces,142,Uncommon,En Morikura,Supporter,,Trainer,2024/03/22,"tcgplayer,cardmarket",https://prices.pokemontcg.io/tcgplayer/sv5-142,https://images.pokemontcg.io/sv5/142_hires.png,2026/08/08,2025/11/21,0.15,0.009999999776482582,0.20000000298023224,19.979999542236328,,0.3,,,,0.0577,0.0231,0.0461,0.2307,0.03460000082850456,0.0807,0.0577,0.2884,0.2538,0.2192,1.1535,2026-08-09
sv5-143,Boxed Order,normal,Temporal Forces,143,Uncommon,Studio Bora Inc.,Item,,Trainer,2024/03/22,"tcgplayer,cardmarket",https://prices.pokemontcg.io/tcgplayer/sv5-143,https://images.pokemontcg.io/sv5/143_hires.png,2026/08/08,2025/11/21,0.17,0.009999999776482582,0.20000000298023224,1000.0,,0.28,,,,0.0577,0.0231,0.0461,0.2884,0.023099999874830246,0.0577,0.0692,0.5767,0.2653,0.2653,1.1535,2026-08-09
sv5-144,Buddy-Buddy Poffin,normal,Temporal Forces,144,Uncommon,AYUMI ODASHIMA,Item,,Trainer,2024/03/22,"tcgplayer,cardmarket",https://prices.pokemontcg.io/tcgplayer/sv5-144,https://images.pokemontcg.io/sv5/144_hires.png,2026/08/08,2025/11/21,0.27,0.009999999776482582,0.25999999046325684,6.989999771118164,,0.58,,,,0.1846,0.0231,0.2192,0.5998,0.19609999656677246,0.2538,0.1961,0.6344,0.5652,0.6229,1.1535,2026-08-09
sv5-146,Eri,normal,Temporal Forces,146,Uncommon,GOSSAN,Supporter,,Trainer,2024/03/22,"tcgplayer,cardmarket",https://prices.pokemontcg.io/tcgplayer/sv5-146,https://images.pokemontcg.io/sv5/146_hires.png,2026/08/08,2025/11/21,0.18,0.009999999776482582,0.20000000298023224,5.0,,0.29,,,,0.1154,0.0231,0.1384,0.3114,0.05770000070333481,0.1269,0.1154,0.2884,0.2307,0.3114,1.1535,2026-08-09
sv5-145,Ciphermaniac's Codebreaking,normal,Temporal Forces,145,Uncommon,Taira Akitsu,Supporter|Future,,Trainer,2024/03/22,"tcgplayer,cardmarket",https://prices.pokemontcg.io/tcgplayer/sv5-145,https://images.pokemontcg.io/sv5/145_hires.png,2026/08/08,2025/11/21,0.13,0.009999999776482582,0.20000000298023224,1000.0,,0.31,,,,0.1269,0.0231,0.1038,0.3807,0.23070000112056732,0.1615,0.1269,0.0577,0.3691,0.3922,1.1535,2026-08-09
sv5-147,Explorer's Guidance,normal,Temporal Forces,147,Uncommon,Hideki Ishikawa,Supporter|Ancient,,Trainer,2024/03/22,"tcgplayer,cardmarket",https://prices.pokemontcg.io/tcgplayer/sv5-147,https://images.pokemontcg.io/sv5/147_hires.png,2026/08/08,2025/11/21,0.16,0.009999999776482582,0.18000000715255737,1000.0,,0.3,,,,0.0577,0.0231,0.0692,0.1961,0.03460000082850456,0.0577,0.0577,0.1384,0.1615,0.2192,1.1535,2026-08-09
sv5-148,Full Metal Lab,normal,Temporal Forces,148,Uncommon,AYUMI ODASHIMA,Stadium,,Trainer,2024/03/22,"tcgplayer,cardmarket",https://prices.pokemontcg.io/tcgplayer/sv5-148,https://images.pokemontcg.io/sv5/148_hires.png,2026/08/08,2025/11/21,0.23,0.009999999776482582,0.23000000417232513,19.979999542236328,,0.28,,,,0.0692,0.0231,0.0577,0.2538,0.05770000070333481,0.0923,0.0807,0.2422,0.2538,0.2538,1.1535,2026-08-09
sv5-149,Future Booster Energy Capsule,normal,Temporal Forces,149,Uncommon,5ban Graphics,Pokémon Tool|Future,,Trainer,2024/03/22,"tcgplayer,cardmarket",https://prices.pokemontcg.io/tcgplayer/sv5-149,https://images.pokemontcg.io/sv5/149_hires.png,2026/08/08,2025/11/21,0.08,0.009999999776482582,0.15000000596046448,19.979999542236328,,0.31,,,,0.0461,0.0231,0.0461,0.2538,0.03460000082850456,0.0346,0.0461,0.2307,0.3691,0.2653,1.1535,2026-08-09
sv5-150,Hand Trimmer,normal,Temporal Forces,150,Uncommon,Ayaka Yoshida,Item,,Trainer,2024/03/22,"tcgplayer,cardmarket",https://prices.pokemontcg.io/tcgplayer/sv5-150,https://images.pokemontcg.io/sv5/150_hires.png,2026/08/08,2025/11/21,0.12,0.009999999776482582,0.18000000715255737,19.979999542236328,,0.31,,,,0.0461,0.0231,0.0461,0.1961,0.023099999874830246,0.0461,0.0461,0.0461,0.1615,0.1961,1.1535,2026-08-09
sv5-151,Heavy Baton,normal,Temporal Forces,151,Uncommon,Ayaka Yoshida,Pokémon Tool,,Trainer,2024/03/22,"tcgplayer,cardmarket",https://prices.pokemontcg.io/tcgplayer/sv5-151,https://images.pokemontcg.io/sv5/151_hires.png,2026/08/08,2025/11/21,0.13,0.009999999776482582,0.20000000298023224,1000.0,,0.32,,,,0.0577,0.0231,0.0807,0.2999,0.04610000178217888,0.0807,0.0577,0.0461,0.2538,0.3114,1.1535,2026-08-09
sv5-152,Hero's Cape,holofoil,Temporal Forces,152,ACE SPEC Rare,Toyste Beach,Pokémon Tool|ACE SPEC,,Trainer,2024/03/22,"tcgplayer,cardmarket",https://prices.pokemontcg.io/tcgplayer/sv5-152,https://images.pokemontcg.io/sv5/152_hires.png,2026/08/08,2025/11/21,22.86,17.149999618530273,23.3700008392334,124.76000213623047,,,,,,5.2369,2.8838,6.2981,0.0,6.678800106048584,6.4135,5.2946,0.0,0.0,0.0,1.1535,2026-08-09
sv5-153,Master Ball,holofoil,Temporal Forces,153,ACE SPEC Rare,Studio Bora Inc.,Item|ACE SPEC,,Trainer,2024/03/22,"tcgplayer,cardmarket",https://prices.pokemontcg.io/tcgplayer/sv5-153,https://images.pokemontcg.io/sv5/153_hires.png,2026/08/08,2025/11/21,1.58,0.75,1.8200000524520874,95.87999725341797,,,,,,1.4419,0.4614,1.3496,0.0,1.5571999549865723,1.488,1.4419,0.0,0.0,0.0,1.1535,2026-08-09
sv5-154,Maximum Belt,holofoil,Temporal Forces,154,ACE SPEC Rare,inose yukie,Pokémon Tool|ACE SPEC,,Trainer,2024/03/22,"tcgplayer,cardmarket",https://prices.pokemontcg.io/tcgplayer/sv5-154,https://images.pokemontcg.io/sv5/154_hires.png,2026/08/08,2025/11/21,0.65,0.30000001192092896,0.8899999856948853,34.9900016784668,,,,,,1.4188,0.3345,1.4303,0.0,1.280400037765503,1.4303,1.4303,0.0,0.0,0.0,1.1535,2026-08-09
sv5-155,Morty's Conviction,normal,Temporal Forces,155,Uncommon,GIDORA,Supporter,,Trainer,2024/03/22,"tcgplayer,cardmarket",https://prices.pokemontcg.io/tcgplayer/sv5-155,https://images.pokemontcg.io/sv5/155_hires.png,2026/08/08,2025/11/21,0.11,0.05000000074505806,0.20000000298023224,19.979999542236328,,0.34,,,,0.0923,0.0231,0.0807,0.2653,0.05770000070333481,0.0692,0.0923,0.323,0.2538,0.2422,1.1535,2026-08-09
sv5-156,Perilous Jungle,normal,Temporal Forces,156,Uncommon,AYUMI ODASHIMA,Stadium,,Trainer,2024/03/22,"tcgplayer,cardmarket",https://prices.pokemontcg.io/tcgplayer/sv5-156,https://images.pokemontcg.io/sv5/156_hires.png,2026/08/08,2025/11/21,0.24,0.019999999552965164,0.23999999463558197,1000.0,,0.31,,,,0.1038,0.0231,0.0692,0.3345,0.10379999876022339,0.0577,0.1038,0.1846,0.3345,0.323,1.1535,2026-08-09
sv5-157,Prime Catcher,holofoil,Temporal Forces,157,ACE SPEC Rare,Toyste Beach,Item|ACE SPEC,,Trainer,2024/03/22,"tcgplayer,cardmarket",https://prices.pokemontcg.io/tcgplayer/sv5-157,https://images.pokemontcg.io/sv5/157_hires.png,2026/08/08,2025/11/18,0.75,0.30000001192092896,1.0,30.0,,,,,,1.3842,0.4499,1.2689,0.0,1.2226999998092651,1.2573,1.3265,0.0,0.0,0.0,1.1535,2026-08-09
sv5-158,Reboot Pod,holofoil,Temporal Forces,158,ACE SPEC Rare,inose yukie,Item|Future|ACE SPEC,,Trainer,2024/03/22,"tcgplayer,cardmarket",https://prices.pokemontcg.io/tcgplayer/sv5-158,https://images.pokemontcg.io/sv5/158_hires.png,2026/08/08,2025/11/18,0.33,0.09000000357627869,0.44999998807907104,14.5,,,,,,0.5767,0.0577,0.7959,0.0,0.6229000091552734,0.7844,0.646,0.0,0.0,0.0,1.1535,2026-08-09
sv5-159,Rescue Board,normal,Temporal Forces,159,Uncommon,Toyste Beach,Pokémon Tool,,Trainer,2024/03/22,"tcgplayer,cardmarket",https://prices.pokemontcg.io/tcgplayer/sv5-159,https://images.pokemontcg.io/sv5/159_hires.png,2026/08/08,2025/11/18,0.2,0.009999999776482582,0.20000000298023224,30.0,,0.3,,,,0.0461,0.0231,0.0461,0.3807,0.03460000082850456,0.0577,0.0577,0.2884,0.3807,0.3922,1.1535,2026-08-09
sv5-160,Salvatore,normal,Temporal Forces,160,Uncommon,Ryuta Fuse,Supporter,,Trainer,2024/03/22,"tcgplayer,cardmarket",https://prices.pokemontcg.io/tcgplayer/sv5-160,https://images.pokemontcg.io/sv5/160_hires.png,2026/08/08,2025/11/18,0.17,0.019999999552965164,0.20999999344348907,19.979999542236328,,0.31,,,,0.0461,0.0231,0.0692,0.2076,0.023099999874830246,0.0692,0.0577,0.0577,0.1846,0.1961,1.1535,2026-08-09
sv5-161,Mist Energy,normal,Temporal Forces,161,Uncommon,,Special,,Energy,2024/03/22,"tcgplayer,cardmarket",https://prices.pokemontcg.io/tcgplayer/sv5-161,https://images.pokemontcg.io/sv5/161_hires.png,2026/08/08,2025/11/18,1.44,0.8999999761581421,1.8899999856948853,50.0,,1.77,,,,0.2307,0.0231,0.2192,0.5191,0.23070000112056732,0.2307,0.2422,0.4153,0.7036,0.7382,1.1535,2026-08-09
sv5-162,Neo Upper Energy,holofoil,Temporal Forces,162,ACE SPEC Rare,,Special|ACE SPEC,,Energy,2024/03/22,"tcgplayer,cardmarket",https://prices.pokemontcg.io/tcgplayer/sv5-162,https://images.pokemontcg.io/sv5/162_hires.png,2026/08/08,2025/11/18,16.26,13.5,19.299999237060547,175.89999389648438,,,,,,13.1845,10.3815,14.1073,0.0,15.376199722290039,13.992,13.2191,0.0,0.0,0.0,1.1535,2026-08-09
sv5-163,Shiftry,holofoil,Temporal Forces,163,Illustration Rare,SIE NANAHARA,Stage 2,275,Pokémon,2024/03/22,"tcgplayer,cardmarket",https://prices.pokemontcg.io/tcgplayer/sv5-163,https://images.pokemontcg.io/sv5/163_hires.png,2026/08/08,2025/11/18,13.38,7.0,13.390000343322754,73.98999786376953,,,,,,9.4126,6.9095,9.4933,0.0,7.832300186157227,9.0896,9.1127,0.0,0.0,0.0,1.1535,2026-08-09
sv5-164,Grotle,holofoil,Temporal Forces,164,Illustration Rare,Oswaldo KATO,Stage 1,388,Pokémon,2024/03/22,"tcgplayer,cardmarket",https://prices.pokemontcg.io/tcgplayer/sv5-164,https://images.pokemontcg.io/sv5/164_hires.png,2026/08/08,2025/11/18,16.17,9.0,20.989999771118164,160.02000427246094,,,,,,8.582,3.4605,16.2528,0.0,6.748000144958496,17.5909,11.0621,0.0,0.0,0.0,1.1535,2026-08-09
sv5-165,Deerling,holofoil,Temporal Forces,165,Illustration Rare,Susumu Maeya,Basic,585,Pokémon,2024/03/22,"tcgplayer,cardmarket",https://prices.pokemontcg.io/tcgplayer/sv5-165,https://images.pokemontcg.io/sv5/165_hires.png,2026/08/08,2025/11/18,42.96,37.9900016784668,46.0099983215332,2000.0,,,,,,17.2679,10.7276,14.1534,0.0,11.419699668884277,14.9148,16.5297,0.0,0.0,0.0,1.1535,2026-08-09
sv5-166,Sawsbuck,holofoil,Temporal Forces,166,Illustration Rare,Susumu Maeya,Stage 1,586,Pokémon,2024/03/22,"tcgplayer,cardmarket",https://prices.pokemontcg.io/tcgplayer/sv5-166,https://images.pokemontcg.io/sv5/166_hires.png,2026/08/08,2025/11/18,58.74,57.0,63.25,128.5,,,,,,23.7621,14.4187,22.0319,0.0,18.986600875854492,21.5128,23.2776,0.0,0.0,0.0,1.1535,2026-08-09
sv5-167,Litten,holofoil,Temporal Forces,167,Illustration Rare,Makura Tami,Basic,725,Pokémon,2024/03/22,"tcgplayer,cardmarket",https://prices.pokemontcg.io/tcgplayer/sv5-167,https://images.pokemontcg.io/sv5/167_hires.png,2026/08/08,2025/11/18,40.93,36.0,44.75,96.94000244140625,,,,,,11.0621,7.4401,10.8775,0.0,10.958200454711914,10.5084,11.1659,0.0,0.0,0.0,1.1535,2026-08-09
sv5-168,Snom,holofoil,Temporal Forces,168,Illustration Rare,N-DESIGN Inc.,Basic,872,Pokémon,2024/03/22,"tcgplayer,cardmarket",https://prices.pokemontcg.io/tcgplayer/sv5-168,https://images.pokemontcg.io/sv5/168_hires.png,2026/08/08,2025/11/18,18.29,14.449999809265137,18.479999542236328,145.38999938964844,,,,,,5.4791,1.7302,5.0523,0.0,7.774600028991699,4.5679,5.3753,0.0,0.0,0.0,1.1535,2026-08-09
sv5-169,Charjabug,holofoil,Temporal Forces,169,Illustration Rare,Mina Nakai,Stage 1,737,Pokémon,2024/03/22,"tcgplayer,cardmarket",https://prices.pokemontcg.io/tcgplayer/sv5-169,https://images.pokemontcg.io/sv5/169_hires.png,2026/08/08,2025/11/18,9.2,7.570000171661377,10.170000076293945,55.400001525878906,,,,,,4.0257,1.7302,4.2679,0.0,5.571400165557861,3.9334,3.968,0.0,0.0,0.0,1.1535,2026-08-09
sv5-170,Bronzor,holofoil,Temporal Forces,170,Illustration Rare,sowsow,Basic,436,Pokémon,2024/03/22,"tcgplayer,cardmarket",https://prices.pokemontcg.io/tcgplayer/sv5-170,https://images.pokemontcg.io/sv5/170_hires.png,2026/08/08,2025/11/18,8.94,6.389999866485596,9.0,96.94999694824219,,,,,,5.3638,4.0373,5.4791,0.0,5.167699813842773,5.3522,5.3176,0.0,0.0,0.0,1.1535,2026-08-09
sv5-171,Reuniclus,holofoil,Temporal Forces,171,Illustration Rare,Atsushi Furusawa,Stage 2,579,Pokémon,2024/03/22,"tcgplayer,cardmarket",https://prices.pokemontcg.io/tcgplayer/sv5-171,https://images.pokemontcg.io/sv5/171_hires.png,2026/08/08,2025/11/18,13.05,8.5,16.530000686645508,49.869998931884766,,,,,,8.063,4.614,7.4977,0.0,5.7444000244140625,7.8323,7.7054,0.0,0.0,0.0,1.1535,2026-08-09
sv5-172,Cutiefly,holofoil,Temporal Forces,172,Illustration Rare,REND,Basic,742,Pokémon,2024/03/22,"tcgplayer,cardmarket",https://prices.pokemontcg.io/tcgplayer/sv5-172,https://images.pokemontcg.io/sv5/172_hires.png,2026/08/08,2025/11/18,9.23,7.0,9.670000076293945,52.36000061035156,,,,,,4.5909,2.307,4.6717,0.0,6.148200035095215,4.5563,4.6601,0.0,0.0,0.0,1.1535,2026-08-09
sv5-173,Relicanth,holofoil,Temporal Forces,173,Illustration Rare,Mitsuhiro Arita,Basic,369,Pokémon,2024/03/22,"tcgplayer,cardmarket",https://prices.pokemontcg.io/tcgplayer/sv5-173,https://images.pokemontcg.io/sv5/173_hires.png,2026/08/08,2025/11/18,11.8,9.989999771118164,12.710000038146973,45.0,,,,,,5.9405,3.4028,5.5945,0.0,5.525300025939941,5.756,5.7098,0.0,0.0,0.0,1.1535,2026-08-09
sv5-174,Excadrill,holofoil,Temporal Forces,174,Illustration Rare,Saboteri,Stage 1,530,Pokémon,2024/03/22,"tcgplayer,cardmarket",https://prices.pokemontcg.io/tcgplayer/sv5-174,https://images.pokemontcg.io/sv5/174_hires.png,2026/08/08,2025/11/18,12.04,6.03000020980835,12.010000228881836,86.04000091552734,,,,,,7.1056,2.307,6.7134,0.0,4.037300109863281,6.1597,6.4942,0.0,0.0,0.0,1.1535,2026-08-09
sv5-175,Mudsdale,holofoil,Temporal Forces,175,Illustration Rare,MINAMINAMI Take,Stage 1,750,Pokémon,2024/03/22,"tcgplayer,cardmarket",https://prices.pokemontcg.io/tcgplayer/sv5-175,https://images.pokemontcg.io/sv5/175_hires.png,2026/08/08,2025/11/18,10.61,8.9399995803833,10.489999771118164,60.20000076293945,,,,,,4.937,2.7107,5.0985,0.0,5.179200172424316,5.0523,4.9254,0.0,0.0,0.0,1.1535,2026-08-09
sv5-176,Arbok,holofoil,Temporal Forces,176,Illustration Rare,OKUBO,Stage 1,24,Pokémon,2024/03/22,"tcgplayer,cardmarket",https://prices.pokemontcg.io/tcgplayer/sv5-176,https://images.pokemontcg.io/sv5/176_hires.png,2026/08/08,2025/11/18,30.61,28.299999237060547,33.0099983215332,180.08999633789062,,,,,,16.4604,8.063,16.7257,0.0,13.680500030517578,15.653,16.0337,0.0,0.0,0.0,1.1535,2026-08-09
sv5-177,Gastly,holofoil,Temporal Forces,177,Illustration Rare,Mousho,Basic,92,Pokémon,2024/03/22,"tcgplayer,cardmarket",https://prices.pokemontcg.io/tcgplayer/sv5-177,https://images.pokemontcg.io/sv5/177_hires.png,2026/08/08,2025/11/18,97.7,90.98999786376953,107.66999816894531,498.1600036621094,,,,,,46.7744,28.8375,39.0921,0.0,39.54199981689453,39.8073,44.4213,0.0,0.0,0.0,1.1535,2026-08-09
sv5-178,Metagross,holofoil,Temporal Forces,178,Illustration Rare,Katsunori Sato,Stage 2,376,Pokémon,2024/03/22,"tcgplayer,cardmarket",https://prices.pokemontcg.io/tcgplayer/sv5-178,https://images.pokemontcg.io/sv5/178_hires.png,2026/08/08,2025/11/18,36.31,31.0,40.20000076293945,74.98999786376953,,,,,,18.6406,12.677,17.4755,0.0,16.425800323486328,17.4755,18.0292,0.0,0.0,0.0,1.1535,2026-08-09
sv5-179,Meltan,holofoil,Temporal Forces,179,Illustration Rare,Masa,Basic,808,Pokémon,2024/03/22,"tcgplayer,cardmarket",https://prices.pokemontcg.io/tcgplayer/sv5-179,https://images.pokemontcg.io/sv5/179_hires.png,2026/08/08,2025/11/18,6.65,4.300000190734863,6.929999828338623,75.0,,,,,,4.5909,1.1535,4.3833,0.0,4.602499961853027,4.2564,4.614,0.0,0.0,0.0,1.1535,2026-08-09
sv5-180,Lickitung,holofoil,Temporal Forces,180,Illustration Rare,Orca,Basic,108,Pokémon,2024/03/22,"tcgplayer,cardmarket",https://prices.pokemontcg.io/tcgplayer/sv5-180,https://images.pokemontcg.io/sv5/180_hires.png,2026/08/08,2025/11/18,30.7,23.969999313354492,33.470001220703125,999.0,,,,,,10.2315,4.4986,10.0124,0.0,9.227999687194824,9.9547,9.9201,0.0,0.0,0.0,1.1535,2026-08-09
sv5-181,Chatot,holofoil,Temporal Forces,181,Illustration Rare,Scav,Basic,441,Pokémon,2024/03/22,"tcgplayer,cardmarket",https://prices.pokemontcg.io/tcgplayer/sv5-181,https://images.pokemontcg.io/sv5/181_hires.png,2026/08/08,2025/11/18,10.99,9.930000305175781,12.920000076293945,95.66999816894531,,,,,,8.2129,6.8633,8.2937,0.0,8.270600318908691,8.1668,8.3859,0.0,0.0,0.0,1.1535,2026-08-09
sv5-182,Minccino,holofoil,Temporal Forces,182,Illustration Rare,Shibuzoh.,Basic,572,Pokémon,2024/03/22,"tcgplayer,cardmarket",https://prices.pokemontcg.io/tcgplayer/sv5-182,https://images.pokemontcg.io/sv5/182_hires.png,2026/08/08,2025/11/18,25.87,22.90999984741211,27.889999389648438,1000.0,,,,,,6.8749,3.2298,7.3132,0.0,6.828700065612793,7.1863,6.7826,0.0,0.0,0.0,1.1535,2026-08-09
sv5-183,Cinccino,holofoil,Temporal Forces,183,Illustration Rare,Shibuzoh.,Stage 1,573,Pokémon,2024/03/22,"tcgplayer,cardmarket",https://prices.pokemontcg.io/tcgplayer/sv5-183,https://images.pokemontcg.io/sv5/183_hires.png,2026/08/08,2025/11/18,43.54,39.119998931884766,47.91999816894531,1000.0,,,,,,9.4356,3.449,9.3203,0.0,8.259099960327148,9.2511,9.1934,0.0,0.0,0.0,1.1535,2026-08-09
sv5-184,Drampa,holofoil,Temporal Forces,184,Illustration Rare,Mékayu,Basic,780,Pokémon,2024/03/22,"tcgplayer,cardmarket",https://prices.pokemontcg.io/tcgplayer/sv5-184,https://images.pokemontcg.io/sv5/184_hires.png,2026/08/08,2025/11/18,27.34,25.0,31.979999542236328,344.989990234375,,,,,,8.3859,6.4596,8.3859,0.0,6.921000003814697,8.9973,8.8358,0.0,0.0,0.0,1.1535,2026-08-09
sv5-185,Torterra ex,holofoil,Temporal Forces,185,Ultra Rare,PLANETA Tsuji,Stage 2|ex,389,Pokémon,2024/03/22,"tcgplayer,cardmarket",https://prices.pokemontcg.io/tcgplayer/sv5-185,https://images.pokemontcg.io/sv5/185_hires.png,2026/08/08,2025/11/18,4.08,2.990000009536743,4.329999923706055,38.099998474121094,,,,,,2.8953,0.9228,2.5838,0.0,2.6068999767303467,2.9068,2.8376,0.0,0.0,0.0,1.1535,2026-08-09
sv5-186,Iron Leaves ex,holofoil,Temporal Forces,186,Ultra Rare,5ban Graphics,Basic|ex|Future,1010,Pokémon,2024/03/22,"tcgplayer,cardmarket",https://prices.pokemontcg.io/tcgplayer/sv5-186,https://images.pokemontcg.io/sv5/186_hires.png,2026/08/08,2025/11/18,2.35,0.9800000190734863,2.369999885559082,28.100000381469727,,,,,,2.3647,0.9805,2.307,0.0,3.137500047683716,2.2839,2.3185,0.0,0.0,0.0,1.1535,2026-08-09
sv5-187,Incineroar ex,holofoil,Temporal Forces,187,Ultra Rare,N-DESIGN Inc.,Stage 2|ex,727,Pokémon,2024/03/22,"tcgplayer,cardmarket",https://prices.pokemontcg.io/tcgplayer/sv5-187,https://images.pokemontcg.io/sv5/187_hires.png,2026/08/08,2025/11/18,3.0,1.600000023841858,3.0199999809265137,26.489999771118164,,,,,,2.63,1.142,2.457,0.0,4.498600006103516,2.457,2.3993,0.0,0.0,0.0,1.1535,2026-08-09
sv5-188,Gouging Fire ex,holofoil,Temporal Forces,188,Ultra Rare,5ban Graphics,Basic|ex|Ancient,,Pokémon,2024/03/22,"tcgplayer,cardmarket",https://prices.pokemontcg.io/tcgplayer/sv5-188,https://images.pokemontcg.io/sv5/188_hires.png,2026/08/08,2025/11/18,2.71,2.0,3.0,28.600000381469727,,,,,,2.7684,1.0381,2.5838,0.0,2.237799882888794,2.7799,2.6761,0.0,0.0,0.0,1.1535,2026-08-09
sv5-189,Walking Wake ex,holofoil,Temporal Forces,189,Ultra Rare,takuyoa,Basic|ex|Ancient,1009,Pokémon,2024/03/22,"tcgplayer,cardmarket",https://prices.pokemontcg.io/tcgplayer/sv5-189,https://images.pokemontcg.io/sv5/189_hires.png,2026/08/08,2025/11/18,2.07,1.350000023841858,2.190000057220459,20.0,,,,,,1.9609,0.5767,1.7995,0.0,2.1570000648498535,1.8571,1.984,0.0,0.0,0.0,1.1535,2026-08-09
sv5-190,Wugtrio ex,holofoil,Temporal Forces,190,Ultra Rare,5ban Graphics,Stage 1|Tera|ex,961,Pokémon,2024/03/22,"tcgplayer,cardmarket",https://prices.pokemontcg.io/tcgplayer/sv5-190,https://images.pokemontcg.io/sv5/190_hires.png,2026/08/08,2025/11/18,1.58,1.0,1.899999976158142,25.5,,,,,,1.8687,0.5767,2.0648,0.0,2.4453999996185303,2.1455,1.9148,0.0,0.0,0.0,1.1535,2026-08-09
sv5-191,Iron Crown ex,holofoil,Temporal Forces,191,Ultra Rare,5ban Graphics,Basic|ex|Future,,Pokémon,2024/03/22,"tcgplayer,cardmarket",https://prices.pokemontcg.io/tcgplayer/sv5-191,https://images.pokemontcg.io/sv5/191_hires.png,2026/08/08,2025/11/18,1.71,0.8500000238418579,2.0,19.0,,,,,,2.0071,0.9228,2.7223,0.0,2.4223999977111816,2.8953,2.2955,0.0,0.0,0.0,1.1535,2026-08-09
sv5-192,Iron Boulder ex,holofoil,Temporal Forces,192,Ultra Rare,5ban Graphics,Basic|ex|Future,,Pokémon,2024/03/22,"tcgplayer,cardmarket",https://prices.pokemontcg.io/tcgplayer/sv5-192,https://images.pokemontcg.io/sv5/192_hires.png,2026/08/08,2025/11/18,1.44,1.0,1.649999976158142,18.0,,,,,,1.7418,1.0843,1.811,0.0,1.6610000133514404,1.8571,1.7879,0.0,0.0,0.0,1.1535,2026-08-09
sv5-195,Scizor ex,holofoil,Temporal Forces,195,Ultra Rare,Eske Yoshinob,Stage 1|ex,212,Pokémon,2024/03/22,"tcgplayer,cardmarket",https://prices.pokemontcg.io/tcgplayer/sv5-195,https://images.pokemontcg.io/sv5/195_hires.png,2026/08/08,2025/11/18,3.63,2.690000057220459,3.9100000858306885,37.779998779296875,,,,,,2.8953,1.1535,2.9299,0.0,2.8838000297546387,3.126,2.8953,0.0,0.0,0.0,1.1535,2026-08-09
sv5-194,Farigiraf ex,holofoil,Temporal Forces,194,Ultra Rare,5ban Graphics,Stage 1|Tera|ex,981,Pokémon,2024/03/22,"tcgplayer,cardmarket",https://prices.pokemontcg.io/tcgplayer/sv5-194,https://images.pokemontcg.io/sv5/194_hires.png,2026/08/08,2025/11/18,2.4,1.2000000476837158,2.430000066757202,25.989999771118164,,,,,,2.1455,1.0381,2.157,0.0,2.1800999641418457,2.3301,2.157,0.0,0.0,0.0,1.1535,2026-08-09
sv5-193,Gengar ex,holofoil,Temporal Forces,193,Ultra Rare,Satoshi Shirai,Stage 2|ex,94,Pokémon,2024/03/22,"tcgplayer,cardmarket",https://prices.pokemontcg.io/tcgplayer/sv5-193,https://images.pokemontcg.io/sv5/193_hires.png,2026/08/08,2025/11/18,62.13,56.79999923706055,67.68000030517578,559.1699829101562,,,,,,28.9875,16.6681,24.0505,0.0,23.819799423217773,27.3726,29.668,0.0,0.0,0.0,1.1535,2026-08-09
sv5-196,Raging Bolt ex,holofoil,Temporal Forces,196,Ultra Rare,aky CG Works,Basic|ex|Ancient,,Pokémon,2024/03/22,"tcgplayer,cardmarket",https://prices.pokemontcg.io/tcgplayer/sv5-196,https://images.pokemontcg.io/sv5/196_hires.png,2026/08/08,2025/11/18,3.28,2.190000057220459,4.0,42.279998779296875,,,,,,5.2369,1.1535,4.9716,0.0,4.729300022125244,4.5909,4.9947,0.0,0.0,0.0,1.1535,2026-08-09
sv5-197,Bianca's Devotion,holofoil,Temporal Forces,197,Ultra Rare,En Morikura,Supporter,,Trainer,2024/03/22,"tcgplayer,cardmarket",https://prices.pokemontcg.io/tcgplayer/sv5-197,https://images.pokemontcg.io/sv5/197_hires.png,2026/08/08,2025/11/18,3.02,2.0,3.0299999713897705,4320.509765625,,,,,,2.7453,1.4995,2.5838,0.0,2.0878000259399414,2.5377,2.6992,0.0,0.0,0.0,1.1535,2026-08-09
sv5-199,Eri,holofoil,Temporal Forces,199,Ultra Rare,GOSSAN,Supporter,,Trainer,2024/03/22,"tcgplayer,cardmarket",https://prices.pokemontcg.io/tcgplayer/sv5-199,https://images.pokemontcg.io/sv5/199_hires.png,2026/08/08,2025/11/18,2.65,1.9800000190734863,2.9000000953674316,96.80999755859375,,,,,,2.457,1.1535,2.6646,0.0,2.376199960708618,2.5377,2.5146,0.0,0.0,0.0,1.1535,2026-08-09
sv5-200,Explorer's Guidance,holofoil,Temporal Forces,200,Ultra Rare,Hideki Ishikawa,Supporter|Ancient,,Trainer,2024/03/22,"tcgplayer,cardmarket",https://prices.pokemontcg.io/tcgplayer/sv5-200,https://images.pokemontcg.io/sv5/200_hires.png,2026/08/08,2025/11/18,2.39,0.5,2.430000066757202,25.799999237060547,,,,,,2.0532,0.2307,2.2147,0.0,2.0185999870300293,2.48,2.0532,0.0,0.0,0.0,1.1535,2026-08-09
sv5-202,Salvatore,holofoil,Temporal Forces,202,Ultra Rare,Ryuta Fuse,Supporter,,Trainer,2024/03/22,"tcgplayer,cardmarket",https://prices.pokemontcg.io/tcgplayer/sv5-202,https://images.pokemontcg.io/sv5/202_hires.png,2026/08/08,2025/11/18,4.58,2.75,4.679999828338623,19.75,,,,,,1.7187,0.5767,1.7072,0.0,1.1649999618530273,1.6264,1.5918,0.0,0.0,0.0,1.1535,2026-08-09
sv5-198,Ciphermaniac's Codebreaking,holofoil,Temporal Forces,198,Ultra Rare,Taira Akitsu,Supporter|Future,,Trainer,2024/03/22,"tcgplayer,cardmarket",https://prices.pokemontcg.io/tcgplayer/sv5-198,https://images.pokemontcg.io/sv5/198_hires.png,2026/08/08,2025/11/18,7.9,6.010000228881836,8.3100004196167,61.20000076293945,,,,,,4.7755,1.1535,4.5333,0.0,3.4605000019073486,4.5563,4.6717,0.0,0.0,0.0,1.1535,2026-08-09
sv5-201,Morty's Conviction,holofoil,Temporal Forces,201,Ultra Rare,GIDORA,Supporter,,Trainer,2024/03/22,"tcgplayer,cardmarket",https://prices.pokemontcg.io/tcgplayer/sv5-201,https://images.pokemontcg.io/sv5/201_hires.png,2026/08/08,2025/11/18,3.66,2.5,4.239999771118164,19.8799991607666,,,,,,2.8491,1.4995,2.7338,0.0,2.9298999309539795,2.6877,2.7915,0.0,0.0,0.0,1.1535,2026-08-09
sv5-203,Iron Leaves ex,holofoil,Temporal Forces,203,Special Illustration Rare,nagimiso,Basic|ex|Future,1010,Pokémon,2024/03/22,"tcgplayer,cardmarket",https://prices.pokemontcg.io/tcgplayer/sv5-203,https://images.pokemontcg.io/sv5/203_hires.png,2026/08/08,2025/11/18,35.66,32.5,38.0,100.0,,,,,,34.5819,28.2492,36.6467,0.0,32.00960159301758,38.2039,33.0593,0.0,0.0,0.0,1.1535,2026-08-09
sv5-204,Gouging Fire ex,holofoil,Temporal Forces,204,Special Illustration Rare,Teeziro,Basic|ex|Ancient,,Pokémon,2024/03/22,"tcgplayer,cardmarket",https://prices.pokemontcg.io/tcgplayer/sv5-204,https://images.pokemontcg.io/sv5/204_hires.png,2026/08/08,2025/11/18,57.24,53.25,59.04999923706055,515.1599731445312,,,,,,45.8055,32.8747,41.6067,0.0,34.60499954223633,46.0477,43.5216,0.0,0.0,0.0,1.1535,2026-08-09
sv5-205,Walking Wake ex,holofoil,Temporal Forces,205,Special Illustration Rare,Teeziro,Basic|ex|Ancient,1009,Pokémon,2024/03/22,"tcgplayer,cardmarket",https://prices.pokemontcg.io/tcgplayer/sv5-205,https://images.pokemontcg.io/sv5/205_hires.png,2026/08/08,2025/11/18,52.74,45.06999969482422,58.400001525878906,335.0,,,,,,48.3778,33.4515,50.8117,0.0,40.25709915161133,52.6111,48.8161,0.0,0.0,0.0,1.1535,2026-08-09
sv5-207,Iron Boulder ex,holofoil,Temporal Forces,207,Special Illustration Rare,nagimiso,Basic|ex|Future,,Pokémon,2024/03/22,"tcgplayer,cardmarket",https://prices.pokemontcg.io/tcgplayer/sv5-207,https://images.pokemontcg.io/sv5/207_hires.png,2026/08/08,2025/11/18,25.47,19.170000076293945,27.0,162.1999969482422,,,,,,23.716,19.2634,22.6893,0.0,20.474599838256836,23.4853,23.4737,0.0,0.0,0.0,1.1535,2026-08-09
sv5-206,Iron Crown ex,holofoil,Temporal Forces,206,Special Illustration Rare,nagimiso,Basic|ex|Future,,Pokémon,2024/03/22,"tcgplayer,cardmarket",https://prices.pokemontcg.io/tcgplayer/sv5-206,https://images.pokemontcg.io/sv5/206_hires.png,2026/08/08,2025/11/18,56.61,41.869998931884766,60.470001220703125,500.0,,,,,,51.6191,34.605,51.1577,0.0,45.33250045776367,51.1577,52.1036,0.0,0.0,0.0,1.1535,2026-08-09
sv5-208,Raging Bolt ex,holofoil,Temporal Forces,208,Special Illustration Rare,Teeziro,Basic|ex|Ancient,,Pokémon,2024/03/22,"tcgplayer,cardmarket",https://prices.pokemontcg.io/tcgplayer/sv5-208,https://images.pokemontcg.io/sv5/208_hires.png,2026/08/08,2025/11/18,67.77,61.29999923706055,73.26000213623047,606.5999755859375,,,,,,74.7583,57.675,71.4247,0.0,62.27750015258789,76.1541,77.9651,0.0,0.0,0.0,1.1535,2026-08-09
sv5-209,Bianca's Devotion,holofoil,Temporal Forces,209,Special Illustration Rare,Cona Nitanda,Supporter,,Trainer,2024/03/22,"tcgplayer,cardmarket",https://prices.pokemontcg.io/tcgplayer/sv5-209,https://images.pokemontcg.io/sv5/209_hires.png,2026/08/08,2025/11/18,28.82,26.969999313354492,31.0,259.55999755859375,,,,,,25.5039,19.6095,26.1383,0.0,23.06999969482422,30.6716,26.4151,0.0,0.0,0.0,1.1535,2026-08-09
sv5-210,Eri,holofoil,Temporal Forces,210,Special Illustration Rare,DOM,Supporter,,Trainer,2024/03/22,"tcgplayer,cardmarket",https://prices.pokemontcg.io/tcgplayer/sv5-210,https://images.pokemontcg.io/sv5/210_hires.png,2026/08/08,2025/11/18,18.5,14.0,19.989999771118164,139.5,,,,,,17.6486,11.535,15.7683,0.0,15.422300338745117,16.3451,16.2874,0.0,0.0,0.0,1.1535,2026-08-09
sv5-211,Morty's Conviction,holofoil,Temporal Forces,211,Special Illustration Rare,Megumi Mizutani,Supporter,,Trainer,2024/03/22,"tcgplayer,cardmarket",https://prices.pokemontcg.io/tcgplayer/sv5-211,https://images.pokemontcg.io/sv5/211_hires.png,2026/08/08,2025/11/18,71.54,65.38999938964844,76.52999877929688,643.8599853515625,,,,,,47.7664,40.3148,48.2278,0.0,40.372501373291016,48.9776,47.5934,0.0,0.0,0.0,1.1535,2026-08-09
sv5-212,Salvatore,holofoil,Temporal Forces,212,Special Illustration Rare,Tetsu Kayama,Supporter,,Trainer,2024/03/22,"tcgplayer,cardmarket",https://prices.pokemontcg.io/tcgplayer/sv5-212,https://images.pokemontcg.io/sv5/212_hires.png,2026/08/08,2025/11/18,18.17,15.390000343322754,18.989999771118164,117.80000305175781,,,,,,12.4001,8.0745,12.3655,0.0,17.302499771118164,12.85,12.2617,0.0,0.0,0.0,1.1535,2026-08-09
sv5-213,Iron Leaves ex,holofoil,Temporal Forces,213,Hyper Rare,5ban Graphics,Basic|ex|Future,1010,Pokémon,2024/03/22,"tcgplayer,cardmarket",https://prices.pokemontcg.io/tcgplayer/sv5-213,https://images.pokemontcg.io/sv5/213_hires.png,2026/08/08,2025/11/18,8.54,5.5,9.0,80.0999984741211,,,,,,11.8926,7.4977,10.4276,0.0,10.035400390625,10.6699,11.8349,0.0,0.0,0.0,1.1535,2026-08-09
sv5-214,Gouging Fire ex,holofoil,Temporal Forces,214,Hyper Rare,5ban Graphics,Basic|ex|Ancient,,Pokémon,2024/03/22,"tcgplayer,cardmarket",https://prices.pokemontcg.io/tcgplayer/sv5-214,https://images.pokemontcg.io/sv5/214_hires.png,2026/08/08,2025/11/18,15.88,14.399999618530273,15.890000343322754,118.4000015258789,,,,,,15.5607,9.1127,13.7959,0.0,13.77280044555664,14.5341,15.0878,0.0,0.0,0.0,1.1535,2026-08-09
sv5-215,Walking Wake ex,holofoil,Temporal Forces,215,Hyper Rare,takuyoa,Basic|ex|Ancient,1009,Pokémon,2024/03/22,"tcgplayer,cardmarket",https://prices.pokemontcg.io/tcgplayer/sv5-215,https://images.pokemontcg.io/sv5/215_hires.png,2026/08/08,2025/11/18,12.06,8.989999771118164,12.489999771118164,93.5,,,,,,13.0922,7.4977,12.181,0.0,11.53499984741211,13.6113,12.7923,0.0,0.0,0.0,1.1535,2026-08-09
sv5-216,Iron Crown ex,holofoil,Temporal Forces,216,Hyper Rare,5ban Graphics,Basic|ex|Future,,Pokémon,2024/03/22,"tcgplayer,cardmarket",https://prices.pokemontcg.io/tcgplayer/sv5-216,https://images.pokemontcg.io/sv5/216_hires.png,2026/08/08,2025/11/18,8.47,6.0,9.529999732971191,75.31999969482422,,,,,,13.196,7.8438,11.6388,0.0,14.937800407409668,11.7196,12.8846,0.0,0.0,0.0,1.1535,2026-08-09
sv5-217,Iron Boulder ex,holofoil,Temporal Forces,217,Hyper Rare,5ban Graphics,Basic|ex|Future,,Pokémon,2024/03/22,"tcgplayer,cardmarket",https://prices.pokemontcg.io/tcgplayer/sv5-217,https://images.pokemontcg.io/sv5/217_hires.png,2026/08/08,2025/11/18,8.63,7.0,9.09000015258789,78.19999694824219,,,,,,11.8811,8.6512,9.5625,0.0,10.612199783325195,10.8544,11.4889,0.0,0.0,0.0,1.1535,2026-08-09
sv5-218,Raging Bolt ex,holofoil,Temporal Forces,218,Hyper Rare,aky CG Works,Basic|ex|Ancient,,Pokémon,2024/03/22,"tcgplayer,cardmarket",https://prices.pokemontcg.io/tcgplayer/sv5-218,https://images.pokemontcg.io/sv5/218_hires.png,2026/08/08,2025/11/18,12.78,11.630000114440918,14.270000457763672,99.98999786376953,,,,,,16.3682,10.2661,12.3194,0.0,14.984000205993652,13.346,15.6184,0.0,0.0,0.0,1.1535,2026-08-09
svp-76,Sprigatito,holofoil,Scarlet & Violet Black Star Promos,76,Promo,kurumitsu,Basic,906,Pokémon,2023/01/01,"tcgplayer,cardmarket",https://prices.pokemontcg.io/tcgplayer/svp-76,https://images.pokemontcg.io/svp/76_hires.png,2026/08/08,2026/01/19,8.27,5.989999771118164,10.930000305175781,54.22999954223633,,,,,,1.2342,0.5767,1.1304,0.0,0.9804999828338623,1.142,1.2342,0.0,0.0,0.0,1.1535,2026-08-09
svp-77,Floragato,holofoil,Scarlet & Violet Black Star Promos,77,Promo,GIDORA,Stage 1,907,Pokémon,2023/01/01,"tcgplayer,cardmarket",https://prices.pokemontcg.io/tcgplayer/svp-77,https://images.pokemontcg.io/svp/77_hires.png,2026/08/08,2026/01/19,2.54,1.6399999856948853,2.7300000190734863,25.600000381469727,,,,,,0.9228,0.346,0.8997,0.0,1.4419000148773193,0.9113,0.9228,0.0,0.0,0.0,1.1535,2026-08-09
svp-78,Meowscarada ex,holofoil,Scarlet & Violet Black Star Promos,78,Promo,5ban Graphics,Stage 2|ex,908,Pokémon,2023/01/01,"tcgplayer,cardmarket",https://prices.pokemontcg.io/tcgplayer/svp-78,https://images.pokemontcg.io/svp/78_hires.png,2026/08/08,2026/01/19,6.0,2.4700000286102295,6.849999904632568,52.91999816894531,,,,,,1.6726,1.1189,1.6495,0.0,1.926300048828125,1.6956,1.6726,0.0,0.0,0.0,1.1535,2026-08-09
svp-79,Fuecoco,holofoil,Scarlet & Violet Black Star Promos,79,Promo,OKACHEKE,Basic,909,Pokémon,2023/01/01,"tcgplayer,cardmarket",https://prices.pokemontcg.io/tcgplayer/svp-79,https://images.pokemontcg.io/svp/79_hires.png,2026/08/08,2026/01/19,5.13,3.0,5.21999979019165,9999.0,,,,,,1.0958,0.2884,1.0266,0.0,0.6920999884605408,1.1189,1.1074,0.0,0.0,0.0,1.1535,2026-08-09
svp-80,Crocalor,holofoil,Scarlet & Violet Black Star Promos,80,Promo,Hideki Ishikawa,Stage 1,910,Pokémon,2023/01/01,"tcgplayer,cardmarket",https://prices.pokemontcg.io/tcgplayer/svp-80,https://images.pokemontcg.io/svp/80_hires.png,2026/08/08,2026/01/19,1.74,1.2000000476837158,1.9900000095367432,19.979999542236328,,,,,,0.9343,0.4499,0.9228,0.0,0.8421000242233276,0.9574,0.9574,0.0,0.0,0.0,1.1535,2026-08-09
svp-81,Skeledirge ex,holofoil,Scarlet & Violet Black Star Promos,81,Promo,5ban Graphics,Stage 2|ex,911,Pokémon,2023/01/01,"tcgplayer,cardmarket",https://prices.pokemontcg.io/tcgplayer/svp-81,https://images.pokemontcg.io/svp/81_hires.png,2026/08/08,2026/01/16,2.7,2.0999999046325684,3.2200000286102295,96.94999694824219,,,,,,1.4765,1.0381,1.488,0.0,1.430299997329712,1.5572,1.4995,0.0,0.0,0.0,1.1535,2026-08-09
svp-82,Quaxly,holofoil,Scarlet & Violet Black Star Promos,82,Promo,GIDORA,Basic,912,Pokémon,2023/01/01,"tcgplayer,cardmarket",https://prices.pokemontcg.io/tcgplayer/svp-82,https://images.pokemontcg.io/svp/82_hires.png,2026/08/08,2026/01/16,1.97,1.600000023841858,2.25,96.94999694824219,,,,,,0.9574,0.2307,1.0266,0.0,0.8996999859809875,0.9228,0.9343,0.0,0.0,0.0,1.1535,2026-08-09
svp-83,Quaxwell,holofoil,Scarlet & Violet Black Star Promos,83,Promo,Atsushi Furusawa,Stage 1,913,Pokémon,2023/01/01,"tcgplayer,cardmarket",https://prices.pokemontcg.io/tcgplayer/svp-83,https://images.pokemontcg.io/svp/83_hires.png,2026/08/08,2026/01/16,1.4,0.8999999761581421,1.5499999523162842,19.979999542236328,,,,,,0.8305,0.2307,0.8421,0.0,0.7843999862670898,0.7613,0.819,0.0,0.0,0.0,1.1535,2026-08-09
svp-84,Quaquaval ex,holofoil,Scarlet & Violet Black Star Promos,84,Promo,5ban Graphics,Stage 2|ex,914,Pokémon,2023/01/01,"tcgplayer,cardmarket",https://prices.pokemontcg.io/tcgplayer/svp-84,https://images.pokemontcg.io/svp/84_hires.png,2026/08/08,2026/01/16,1.9,1.399999976158142,2.2300000190734863,27.059999465942383,,,,,,1.4188,0.5767,1.315,0.0,1.3610999584197998,1.4073,1.4073,0.0,0.0,0.0,1.1535,2026-08-09
svp-86,Mabosstiff ex,holofoil,Scarlet & Violet Black Star Promos,86,Promo,PLANETA Mochizuki,Stage 1|ex,943,Pokémon,2023/01/01,"tcgplayer,cardmarket",https://prices.pokemontcg.io/tcgplayer/svp-86,https://images.pokemontcg.io/svp/86_hires.png,2026/08/08,2026/01/16,0.46,0.009999999776482582,0.5899999737739563,1239.1300048828125,,,,,,1.1881,0.0923,0.7959,0.0,0.8651000261306763,0.992,0.9574,0.0,0.0,0.0,1.1535,2026-08-09
svp-87,Sprigatito ex,holofoil,Scarlet & Violet Black Star Promos,87,Promo,takuyoa,Basic|ex,906,Pokémon,2023/01/01,"tcgplayer,cardmarket",https://prices.pokemontcg.io/tcgplayer/svp-87,https://images.pokemontcg.io/svp/87_hires.png,2026/08/08,2026/01/16,1.24,0.7400000095367432,1.340000033378601,19.979999542236328,,,,,,1.1304,0.2192,1.1074,0.0,0.9228000044822693,1.1074,1.1304,0.0,0.0,0.0,1.1535,2026-08-09
svp-88,Pikachu,holofoil,Scarlet & Violet Black Star Promos,88,Promo,saino misaki,Basic,25,Pokémon,2023/01/01,"tcgplayer,cardmarket",https://prices.pokemontcg.io/tcgplayer/svp-88,https://images.pokemontcg.io/svp/88_hires.png,2026/08/08,2026/01/16,25.92,21.899999618530273,29.68000030517578,206.5500030517578,,,,,,21.6512,8.0745,22.2741,0.0,19.551799774169922,20.0363,21.4782,0.0,0.0,0.0,1.1535,2026-08-09
svp-89,Feraligatr,holofoil,Scarlet & Violet Black Star Promos,89,Promo,Kurata So,Stage 2,160,Pokémon,2023/01/01,"tcgplayer,cardmarket",https://prices.pokemontcg.io/tcgplayer/svp-89,https://images.pokemontcg.io/svp/89_hires.png,2026/08/08,2026/01/16,6.91,4.25,9.0,70.0,,,,,,15.8376,5.756,15.8029,0.0,14.072699546813965,15.8722,16.0106,0.0,0.0,0.0,1.1535,2026-08-09
svp-90,Metang,holofoil,Scarlet & Violet Black Star Promos,90,Promo,Uta,Stage 1,375,Pokémon,2023/01/01,"tcgplayer,cardmarket",https://prices.pokemontcg.io/tcgplayer/svp-90,https://images.pokemontcg.io/svp/90_hires.png,2026/08/08,2026/01/16,12.1,9.350000381469727,13.800000190734863,9999.0,,,,,,14.3265,6.921,12.8269,0.0,14.995499610900879,13.346,13.023,0.0,0.0,0.0,1.1535,2026-08-09
svp-91,Koraidon,holofoil,Scarlet & Violet Black Star Promos,91,Promo,Anesaki Dynamic,Basic|Ancient,1007,Pokémon,2023/01/01,"tcgplayer,cardmarket",https://prices.pokemontcg.io/tcgplayer/svp-91,https://images.pokemontcg.io/svp/91_hires.png,2026/08/08,2026/01/16,2.73,1.899999976158142,2.990000009536743,33.79999923706055,,,,,,14.5802,4.614,15.2954,0.0,17.291000366210938,14.9263,14.015,0.0,0.0,0.0,1.1535,2026-08-09
svp-92,Miraidon,holofoil,Scarlet & Violet Black Star Promos,92,Promo,akagi,Basic|Future,1008,Pokémon,2023/01/01,"tcgplayer,cardmarket",https://prices.pokemontcg.io/tcgplayer/svp-92,https://images.pokemontcg.io/svp/92_hires.png,2026/08/08,2026/01/16,2.68,2.0,3.25,35.599998474121094,,,,,,10.6468,2.8838,11.5465,0.0,4.613999843597412,7.6131,9.897,0.0,0.0,0.0,1.1535,2026-08-09
svp-96,Cyclizar,holofoil,Scarlet & Violet Black Star Promos,96,Promo,Hasuno,Basic,967,Pokémon,2023/01/01,"tcgplayer,cardmarket",https://prices.pokemontcg.io/tcgplayer/svp-96,https://images.pokemontcg.io/svp/96_hires.png,2026/08/08,2026/01/16,0.4,0.12999999523162842,0.4399999976158142,19.979999542236328,,,,,,0.2076,0.0231,0.2999,0.0,0.6920999884605408,0.2538,0.2422,0.0,0.0,0.0,1.1535,2026-08-09
svp-95,Cleffa,holofoil,Scarlet & Violet Black Star Promos,95,Promo,Tika Matsuno,Basic,173,Pokémon,2023/01/01,"tcgplayer,cardmarket",https://prices.pokemontcg.io/tcgplayer/svp-95,https://images.pokemontcg.io/svp/95_hires.png,2026/08/08,2026/01/16,1.61,1.0,2.0,5.0,,,,,,0.3691,0.0231,0.3576,0.0,0.23070000112056732,0.4153,0.3922,0.0,0.0,0.0,1.1535,2026-08-09
svp-93,Carvanha,holofoil,Scarlet & Violet Black Star Promos,93,Promo,Tonji Matsuno,Basic,318,Pokémon,2023/01/01,"tcgplayer,cardmarket",https://prices.pokemontcg.io/tcgplayer/svp-93,https://images.pokemontcg.io/svp/93_hires.png,2026/08/08,2026/01/16,0.32,0.009999999776482582,0.3700000047683716,19.979999542236328,,,,,,0.8421,0.2307,0.8421,0.0,1.7187000513076782,0.669,0.669,0.0,0.0,0.0,1.1535,2026-08-09
svp-94,Bellibolt,holofoil,Scarlet & Violet Black Star Promos,94,Promo,Mizue,Stage 1,939,Pokémon,2023/01/01,"tcgplayer,cardmarket",https://prices.pokemontcg.io/tcgplayer/svp-94,https://images.pokemontcg.io/svp/94_hires.png,2026/08/08,2026/01/16,0.44,0.10000000149011612,0.44999998807907104,19.979999542236328,,,,,,0.6575,0.4499,1.4188,0.0,1.2919000387191772,1.142,0.5767,0.0,0.0,0.0,1.1535,2026-08-09
svp-97,Flutter Mane,holofoil,Scarlet & Violet Black Star Promos,97,Promo,Takumi Wada,Basic|Ancient,987,Pokémon,2023/01/01,"tcgplayer,cardmarket",https://prices.pokemontcg.io/tcgplayer/svp-97,https://images.pokemontcg.io/svp/97_hires.png,2026/08/08,2026/01/16,3.22,2.4000000953674316,3.509999990463257,30.520000457763672,,,,,,46.14,51.9075,46.4745,0.0,46.13999938964844,45.9324,38.1001,0.0,0.0,0.0,1.1535,2026-08-09
svp-98,Iron Thorns,holofoil,Scarlet & Violet Black Star Promos,98,Promo,Tonji Matsuno,Basic|Future,995,Pokémon,2023/01/01,"tcgplayer,cardmarket",https://prices.pokemontcg.io/tcgplayer/svp-98,https://images.pokemontcg.io/svp/98_hires.png,2026/08/08,2025/12/28,2.69,1.9900000095367432,3.0,9999.0,,,,,,31.7212,51.9075,50.4772,0.0,31.721200942993164,50.1657,36.589,0.0,0.0,0.0,1.1535,2026-08-09
svp-124,Iono,holofoil,Scarlet & Violet Black Star Promos,124,Promo,yuu,Supporter,,Trainer,2023/01/01,"tcgplayer,cardmarket",https://prices.pokemontcg.io/tcgplayer/svp-124,https://images.pokemontcg.io/svp/124_hires.png,2026/08/08,2025/12/28,12.96,10.989999771118164,14.0,139.1999969482422,,,,,,11.9964,8.0399,11.8464,0.0,15.629899978637695,12.4924,12.181,0.0,0.0,0.0,1.1535,2026-08-09
sv6-1,Tangela,normal,Twilight Masquerade,1,Common,Yoriyuki Ikegami,Basic,114,Pokémon,2024/05/24,"tcgplayer,cardmarket",https://prices.pokemontcg.io/tcgplayer/sv6-1,https://images.pokemontcg.io/sv6/1_hires.png,2026/08/08,2026/07/01,0.08,0.009999999776482582,0.15000000596046448,999.0,,0.22,,,,0.0346,0.0231,0.0346,0.15,0.023099999874830246,0.0231,0.0346,0.1154,0.173,0.1615,1.1535,2026-08-09
sv6-2,Tangrowth,normal,Twilight Masquerade,2,Common,LINNE,Stage 1,465,Pokémon,2024/05/24,"tcgplayer,cardmarket",https://prices.pokemontcg.io/tcgplayer/sv6-2,https://images.pokemontcg.io/sv6/2_hires.png,2026/08/08,2026/07/01,0.12,0.009999999776482582,0.15000000596046448,999.0,,0.2,,,,0.0461,0.0231,0.0231,0.1154,0.023099999874830246,0.0461,0.0461,0.1154,0.0807,0.1154,1.1535,2026-08-09
sv6-3,Pinsir,normal,Twilight Masquerade,3,Common,HYOGONOSUKE,Basic,127,Pokémon,2024/05/24,"tcgplayer,cardmarket",https://prices.pokemontcg.io/tcgplayer/sv6-3,https://images.pokemontcg.io/sv6/3_hires.png,2026/08/08,2026/06/30,0.19,0.009999999776482582,0.20000000298023224,999.0,,0.2,,,,0.0577,0.0231,0.0346,0.1269,0.023099999874830246,0.0231,0.0577,0.1038,0.1154,0.1269,1.1535,2026-08-09
sv6-4,Spinarak,normal,Twilight Masquerade,4,Common,Saya Tsuruta,Basic,167,Pokémon,2024/05/24,"tcgplayer,cardmarket",https://prices.pokemontcg.io/tcgplayer/sv6-4,https://images.pokemontcg.io/sv6/4_hires.png,2026/08/08,2026/06/30,0.13,0.009999999776482582,0.15000000596046448,999.0,,0.22,,,,0.0346,0.0231,0.0346,0.1154,0.023099999874830246,0.0231,0.0346,0.0577,0.0807,0.1038,1.1535,2026-08-09
sv6-7,Sunflora,normal,Twilight Masquerade,7,Uncommon,Ounishi,Stage 1,192,Pokémon,2024/05/24,"tcgplayer,cardmarket",https://prices.pokemontcg.io/tcgplayer/sv6-7,https://images.pokemontcg.io/sv6/7_hires.png,2026/08/08,2026/06/30,0.06,0.009999999776482582,0.15000000596046448,999.0,,0.21,,,,0.0461,0.0231,0.0461,0.1384,0.023099999874830246,0.0346,0.0461,0.0923,0.1269,0.1384,1.1535,2026-08-09
sv6-6,Sunkern,normal,Twilight Masquerade,6,Common,Naoyo Kimura,Basic,191,Pokémon,2024/05/24,"tcgplayer,cardmarket",https://prices.pokemontcg.io/tcgplayer/sv6-6,https://images.pokemontcg.io/sv6/6_hires.png,2026/08/08,2026/06/30,0.04,0.009999999776482582,0.15000000596046448,999.0,,0.18,,,,0.0461,0.0231,0.0461,0.1154,0.023099999874830246,0.0231,0.0346,0.1154,0.0923,0.1154,1.1535,2026-08-09
sv6-5,Ariados,normal,Twilight Masquerade,5,Uncommon,Anesaki Dynamic,Stage 1,168,Pokémon,2024/05/24,"tcgplayer,cardmarket",https://prices.pokemontcg.io/tcgplayer/sv6-5,https://images.pokemontcg.io/sv6/5_hires.png,2026/08/08,2026/06/30,0.14,0.009999999776482582,0.15000000596046448,999.0,,0.22,,,,0.0461,0.0231,0.0577,0.1269,0.15000000596046448,0.0461,0.0577,0.1154,0.0923,0.1269,1.1535,2026-08-09
sv6-8,Heracross,normal,Twilight Masquerade,8,Uncommon,Toshinao Aoki,Basic,214,Pokémon,2024/05/24,"tcgplayer,cardmarket",https://prices.pokemontcg.io/tcgplayer/sv6-8,https://images.pokemontcg.io/sv6/8_hires.png,2026/08/08,2026/06/30,0.14,0.009999999776482582,0.15000000596046448,1000.0,,0.27,,,,0.0346,0.0231,0.0346,0.1038,0.023099999874830246,0.0346,0.0346,0.0231,0.1154,0.1154,1.1535,2026-08-09
sv6-9,Volbeat,normal,Twilight Masquerade,9,Common,Orca,Basic,313,Pokémon,2024/05/24,"tcgplayer,cardmarket",https://prices.pokemontcg.io/tcgplayer/sv6-9,https://images.pokemontcg.io/sv6/9_hires.png,2026/08/08,2026/06/30,0.1,0.009999999776482582,0.15000000596046448,1000.0,,0.24,,,,0.0461,0.0231,0.0461,0.1615,0.04610000178217888,0.0346,0.0461,0.3691,0.1961,0.173,1.1535,2026-08-09
sv6-10,Illumise,normal,Twilight Masquerade,10,Common,Orca,Basic,314,Pokémon,2024/05/24,"tcgplayer,cardmarket",https://prices.pokemontcg.io/tcgplayer/sv6-10,https://images.pokemontcg.io/sv6/10_hires.png,2026/08/08,2026/06/30,0.17,0.009999999776482582,0.20000000298023224,1000.0,,0.25,,,,0.0577,0.0231,0.0577,0.1961,0.04610000178217888,0.0461,0.0577,0.2538,0.15,0.173,1.1535,2026-08-09
sv6-11,Leafeon,normal,Twilight Masquerade,11,Uncommon,Kuroimori,Stage 1,470,Pokémon,2024/05/24,"tcgplayer,cardmarket",https://prices.pokemontcg.io/tcgplayer/sv6-11,https://images.pokemontcg.io/sv6/11_hires.png,2026/08/08,2026/06/30,0.19,0.009999999776482582,0.2199999988079071,1000.0,,0.33,,,,0.1269,0.0231,0.0577,0.2422,0.06920000165700912,0.0692,0.1269,0.3114,0.2422,0.2538,1.1535,2026-08-09
sv6-12,Phantump,normal,Twilight Masquerade,12,Common,Katsunori Sato,Basic,708,Pokémon,2024/05/24,"tcgplayer,cardmarket",https://prices.pokemontcg.io/tcgplayer/sv6-12,https://images.pokemontcg.io/sv6/12_hires.png,2026/08/08,2026/06/30,0.09,0.009999999776482582,0.15000000596046448,1000.0,,0.24,,,,0.0346,0.0231,0.0346,0.1154,0.023099999874830246,0.0346,0.0346,0.0807,0.1269,0.1269,1.1535,2026-08-09
sv6-13,Trevenant,normal,Twilight Masquerade,13,Common,Oswaldo KATO,Stage 1,709,Pokémon,2024/05/24,"tcgplayer,cardmarket",https://prices.pokemontcg.io/tcgplayer/sv6-13,https://images.pokemontcg.io/sv6/13_hires.png,2026/08/08,2026/06/30,0.16,0.009999999776482582,0.17000000178813934,999.0,,0.22,,,,0.0461,0.0231,0.0461,0.1384,0.04610000178217888,0.0807,0.0577,0.0692,0.1846,0.15,1.1535,2026-08-09
sv6-16,Rillaboom,normal,Twilight Masquerade,16,Uncommon,toriyufu,Stage 2,812,Pokémon,2024/05/24,"tcgplayer,cardmarket",https://prices.pokemontcg.io/tcgplayer/sv6-16,https://images.pokemontcg.io/sv6/16_hires.png,2026/08/08,2026/06/08,0.18,0.009999999776482582,0.1899999976158142,999.0,,0.2,,,,0.0692,0.0231,0.0461,0.1384,0.03460000082850456,0.0577,0.0692,0.0923,0.1384,0.15,1.1535,2026-08-09
sv6-18,Dipplin,normal,Twilight Masquerade,18,Uncommon,Saboteri,Stage 1,,Pokémon,2024/05/24,"tcgplayer,cardmarket",https://prices.pokemontcg.io/tcgplayer/sv6-18,https://images.pokemontcg.io/sv6/18_hires.png,2026/08/08,2026/06/02,0.16,0.009999999776482582,0.18000000715255737,1000.0,,0.28,,,,0.0923,0.0231,0.1038,0.1961,0.219200000166893,0.1269,0.0923,0.3114,0.2538,0.2076,1.1535,2026-08-09
sv6-23,Sinistcha ex,holofoil,Twilight Masquerade,23,Double Rare,aky CG Works,Stage 1|ex,,Pokémon,2024/05/24,"tcgplayer,cardmarket",https://prices.pokemontcg.io/tcgplayer/sv6-23,https://images.pokemontcg.io/sv6/23_hires.png,2026/08/08,2026/06/02,0.77,0.30000001192092896,0.9599999785423279,999.0,,,,,,0.646,0.0231,0.6921,0.0,0.6460000276565552,0.7036,0.6806,0.0,0.0,0.0,1.1535,2026-08-09
sv6-14,Grookey,normal,Twilight Masquerade,14,Common,Tomomi Ozaki,Basic,810,Pokémon,2024/05/24,"tcgplayer,cardmarket",https://prices.pokemontcg.io/tcgplayer/sv6-14,https://images.pokemontcg.io/sv6/14_hires.png,2026/08/08,2026/06/02,0.27,0.05000000074505806,0.25,1000.0,,0.41,,,,0.1154,0.0231,0.1038,0.2768,0.12690000236034393,0.1384,0.1154,0.173,0.2076,0.2768,1.1535,2026-08-09
sv6-15,Thwackey,normal,Twilight Masquerade,15,Common,GOSSAN,Stage 1,811,Pokémon,2024/05/24,"tcgplayer,cardmarket",https://prices.pokemontcg.io/tcgplayer/sv6-15,https://images.pokemontcg.io/sv6/15_hires.png,2026/08/08,2026/06/02,0.98,0.17000000178813934,0.9900000095367432,999.0,,1.02,,,,0.2307,0.0231,0.2076,0.3345,0.219200000166893,0.1384,0.2653,0.5998,0.4845,0.3807,1.1535,2026-08-09
sv6-17,Applin,normal,Twilight Masquerade,17,Common,OKUBO,Basic,840,Pokémon,2024/05/24,"tcgplayer,cardmarket",https://prices.pokemontcg.io/tcgplayer/sv6-17,https://images.pokemontcg.io/sv6/17_hires.png,2026/08/08,2026/05/14,0.2,0.009999999776482582,0.20000000298023224,999.0,,0.29,,,,0.0692,0.0231,0.0692,0.1961,0.09229999780654907,0.0692,0.0692,0.15,0.1615,0.1961,1.1535,2026-08-09
sv6-19,Iron Leaves,holofoil,Twilight Masquerade,19,Rare,Mitsuhiro Arita,Basic|Future,1010,Pokémon,2024/05/24,"tcgplayer,cardmarket",https://prices.pokemontcg.io/tcgplayer/sv6-19,https://images.pokemontcg.io/sv6/19_hires.png,2026/08/08,2026/05/14,0.19,0.009999999776482582,0.20999999344348907,999.0,,0.32,,,,0.1154,0.0231,0.0692,0.2768,0.10379999876022339,0.0807,0.1038,0.173,0.2768,0.2884,1.1535,2026-08-09
sv6-20,Poltchageist,normal,Twilight Masquerade,20,Common,MINAMINAMI Take,Basic,,Pokémon,2024/05/24,"tcgplayer,cardmarket",https://prices.pokemontcg.io/tcgplayer/sv6-20,https://images.pokemontcg.io/sv6/20_hires.png,2026/08/08,2026/05/12,0.2,0.009999999776482582,0.1899999976158142,1000.0,,0.22,,,,0.0461,0.0231,0.0923,0.1038,0.03460000082850456,0.0461,0.0461,0.0231,0.0807,0.1038,1.1535,2026-08-09
sv6-21,Poltchageist,normal,Twilight Masquerade,21,Common,Souichirou Gunjima,Basic,,Pokémon,2024/05/24,"tcgplayer,cardmarket",https://prices.pokemontcg.io/tcgplayer/sv6-21,https://images.pokemontcg.io/sv6/21_hires.png,2026/08/08,2026/05/12,0.18,0.009999999776482582,0.17000000178813934,1000.0,,0.18,,,,0.0577,0.0231,0.0461,0.1384,0.023099999874830246,0.0346,0.0577,0.0346,0.0923,0.1269,1.1535,2026-08-09
sv6-22,Sinistcha,holofoil,Twilight Masquerade,22,Rare,Kouki Saitou,Stage 1,,Pokémon,2024/05/24,"tcgplayer,cardmarket",https://prices.pokemontcg.io/tcgplayer/sv6-22,https://images.pokemontcg.io/sv6/22_hires.png,2026/08/08,2026/05/11,0.25,0.009999999776482582,0.25,999.0,,0.3,,,,15.3531,12.1117,19.0674,0.0,14.418700218200684,16.2759,15.0301,0.0,0.0,0.0,1.1535,2026-08-09
sv6-24,Teal Mask Ogerpon,holofoil,Twilight Masquerade,24,Rare,Sanosuke Sakuma,Basic,,Pokémon,2024/05/24,"tcgplayer,cardmarket",https://prices.pokemontcg.io/tcgplayer/sv6-24,https://images.pokemontcg.io/sv6/24_hires.png,2026/08/08,2026/05/11,0.17,0.009999999776482582,0.20000000298023224,999.0,,0.27,,,,0.173,46.14,50.1196,0.0,0.17299999296665192,47.5703,48.3086,0.0,0.0,0.0,1.1535,2026-08-09
sv6-25,Teal Mask Ogerpon ex,holofoil,Twilight Masquerade,25,Double Rare,5ban Graphics,Basic|Tera|ex,,Pokémon,2024/05/24,"tcgplayer,cardmarket",https://prices.pokemontcg.io/tcgplayer/sv6-25,https://images.pokemontcg.io/sv6/25_hires.png,2026/08/08,2026/03/09,2.79,1.5,3.450000047683716,999.0,,,,,,2.5954,1.1535,2.6992,0.0,2.745300054550171,2.7223,2.5492,0.0,0.0,0.0,1.1535,2026-08-09
sv6-26,Vulpix,normal,Twilight Masquerade,26,Common,sowsow,Basic,37,Pokémon,2024/05/24,"tcgplayer,cardmarket",https://prices.pokemontcg.io/tcgplayer/sv6-26,https://images.pokemontcg.io/sv6/26_hires.png,2026/08/08,2026/03/08,0.17,0.009999999776482582,0.20000000298023224,1000.0,,0.33,,,,0.0461,0.0231,0.0461,0.15,0.023099999874830246,0.0461,0.0461,0.2307,0.173,0.15,1.1535,2026-08-09
sv6-27,Ninetales,normal,Twilight Masquerade,27,Common,KEIICHIRO ITO,Stage 1,38,Pokémon,2024/05/24,"tcgplayer,cardmarket",https://prices.pokemontcg.io/tcgplayer/sv6-27,https://images.pokemontcg.io/sv6/27_hires.png,2026/08/08,2026/03/08,0.2,0.019999999552965164,0.20000000298023224,1000.0,,0.26,,,,0.0461,0.0231,0.0461,0.1615,0.05770000070333481,0.0346,0.0461,0.1384,0.15,0.15,1.1535,2026-08-09
sv6-28,Slugma,normal,Twilight Masquerade,28,Common,Gapao,Basic,218,Pokémon,2024/05/24,"tcgplayer,cardmarket",https://prices.pokemontcg.io/tcgplayer/sv6-28,https://images.pokemontcg.io/sv6/28_hires.png,2026/08/08,2026/03/08,0.04,0.009999999776482582,0.15000000596046448,999.0,,0.28,,,,0.0346,0.0231,0.0346,0.1154,0.023099999874830246,0.0231,0.0461,0.1269,0.0923,0.1154,1.1535,2026-08-09
sv6-29,Magcargo ex,holofoil,Twilight Masquerade,29,Double Rare,PLANETA Mochizuki,Stage 1|Tera|ex,219,Pokémon,2024/05/24,"tcgplayer,cardmarket",https://prices.pokemontcg.io/tcgplayer/sv6-29,https://images.pokemontcg.io/sv6/29_hires.png,2026/08/08,2026/03/07,0.7,0.10000000149011612,0.8999999761581421,999.0,,,,,,0.5998,0.0461,0.5883,0.0,0.3806999921798706,0.6344,0.5998,0.0,0.0,0.0,1.1535,2026-08-09
sv6-30,Torkoal,normal,Twilight Masquerade,30,Common,Teeziro,Basic,324,Pokémon,2024/05/24,"tcgplayer,cardmarket",https://prices.pokemontcg.io/tcgplayer/sv6-30,https://images.pokemontcg.io/sv6/30_hires.png,2026/08/08,2026/03/07,0.19,0.009999999776482582,0.20000000298023224,1000.0,,0.22,,,,0.0461,0.0231,0.0692,0.1846,0.04610000178217888,0.0461,0.0461,0.3922,0.1615,0.173,1.1535,2026-08-09
sv6-31,Chimchar,normal,Twilight Masquerade,31,Common,Jerky,Basic,390,Pokémon,2024/05/24,"tcgplayer,cardmarket",https://prices.pokemontcg.io/tcgplayer/sv6-31,https://images.pokemontcg.io/sv6/31_hires.png,2026/08/08,2026/03/01,0.11,0.009999999776482582,0.15000000596046448,1000.0,,0.26,,,,0.0461,0.0231,0.0461,0.1269,0.08070000261068344,0.0346,0.0461,0.2307,0.1038,0.1154,1.1535,2026-08-09
sv6-32,Monferno,normal,Twilight Masquerade,32,Common,Scav,Stage 1,391,Pokémon,2024/05/24,"tcgplayer,cardmarket",https://prices.pokemontcg.io/tcgplayer/sv6-32,https://images.pokemontcg.io/sv6/32_hires.png,2026/08/08,2026/03/01,0.17,0.009999999776482582,0.18000000715255737,1000.0,,0.21,,,,0.0577,0.0231,0.0577,0.1269,0.09229999780654907,0.0577,0.0577,0.1384,0.0923,0.1154,1.1535,2026-08-09
sv6-33,Infernape,holofoil,Twilight Masquerade,33,Rare,Takumi Wada,Stage 2,392,Pokémon,2024/05/24,"tcgplayer,cardmarket",https://prices.pokemontcg.io/tcgplayer/sv6-33,https://images.pokemontcg.io/sv6/33_hires.png,2026/08/08,2026/03/01,0.21,0.009999999776482582,0.20999999344348907,999.0,,0.27,,,,0.0923,0.0231,0.0807,0.2422,0.05770000070333481,0.0807,0.0807,0.2884,0.2307,0.2076,1.1535,2026-08-09
sv6-34,Darumaka,normal,Twilight Masquerade,34,Common,osare,Basic,554,Pokémon,2024/05/24,"tcgplayer,cardmarket",https://prices.pokemontcg.io/tcgplayer/sv6-34,https://images.pokemontcg.io/sv6/34_hires.png,2026/08/08,2026/03/01,0.11,0.009999999776482582,0.15000000596046448,999.0,,0.23,,,,0.0231,0.0231,0.0461,0.1038,0.023099999874830246,0.0346,0.0346,0.0923,0.0923,0.1038,1.1535,2026-08-09
sv6-35,Darmanitan,normal,Twilight Masquerade,35,Uncommon,OKUBO,Stage 1,555,Pokémon,2024/05/24,"tcgplayer,cardmarket",https://prices.pokemontcg.io/tcgplayer/sv6-35,https://images.pokemontcg.io/sv6/35_hires.png,2026/08/08,2026/03/01,0.05,0.009999999776482582,0.15000000596046448,999.0,,0.23,,,,0.0346,0.0231,0.0346,0.1038,0.023099999874830246,0.0346,0.0346,0.0346,0.1038,0.1154,1.1535,2026-08-09
sv6-36,Litwick,normal,Twilight Masquerade,36,Common,Saya Tsuruta,Basic,607,Pokémon,2024/05/24,"tcgplayer,cardmarket",https://prices.pokemontcg.io/tcgplayer/sv6-36,https://images.pokemontcg.io/sv6/36_hires.png,2026/08/08,2026/03/01,0.1,0.009999999776482582,0.15000000596046448,999.0,,0.16,,,,0.0577,0.0231,0.0346,0.1154,0.05770000070333481,0.0346,0.0577,0.0807,0.0807,0.1154,1.1535,2026-08-09
sv6-37,Lampent,normal,Twilight Masquerade,37,Common,Rond,Stage 1,608,Pokémon,2024/05/24,"tcgplayer,cardmarket",https://prices.pokemontcg.io/tcgplayer/sv6-37,https://images.pokemontcg.io/sv6/37_hires.png,2026/08/08,2026/03/01,0.17,0.009999999776482582,0.1899999976158142,1000.0,,0.19,,,,0.0577,0.0231,0.0461,0.0923,0.05770000070333481,0.0346,0.0577,0.0692,0.0923,0.0923,1.1535,2026-08-09
sv6-38,Chandelure,holofoil,Twilight Masquerade,38,Rare,saino misaki,Stage 2,609,Pokémon,2024/05/24,"tcgplayer,cardmarket",https://prices.pokemontcg.io/tcgplayer/sv6-38,https://images.pokemontcg.io/sv6/38_hires.png,2026/08/08,2026/02/22,0.22,0.009999999776482582,0.20000000298023224,999.0,,0.28,,,,0.0692,0.0231,0.1038,0.1961,0.11540000140666962,0.1154,0.0807,0.5537,0.2653,0.2192,1.1535,2026-08-09
sv6-39,Chi-Yu,normal,Twilight Masquerade,39,Uncommon,Oku,Basic,1004,Pokémon,2024/05/24,"tcgplayer,cardmarket",https://prices.pokemontcg.io/tcgplayer/sv6-39,https://images.pokemontcg.io/sv6/39_hires.png,2026/08/08,2026/02/22,0.14,0.009999999776482582,0.1899999976158142,999.0,,0.38,,,,0.0461,0.0231,0.0461,0.2192,0.03460000082850456,0.0461,0.0461,0.173,0.173,0.2076,1.1535,2026-08-09
sv6-40,Hearthflame Mask Ogerpon ex,holofoil,Twilight Masquerade,40,Double Rare,5ban Graphics,Basic|Tera|ex,,Pokémon,2024/05/24,"tcgplayer,cardmarket",https://prices.pokemontcg.io/tcgplayer/sv6-40,https://images.pokemontcg.io/sv6/40_hires.png,2026/08/08,2026/02/22,0.69,0.25,0.8999999761581421,1000.0,,,,,,0.669,0.0461,0.7267,0.0,0.7843999862670898,0.7613,0.7152,0.0,0.0,0.0,1.1535,2026-08-09
sv6-41,Poliwag,normal,Twilight Masquerade,41,Common,Kedamahadaitai Yawarakai,Basic,60,Pokémon,2024/05/24,"tcgplayer,cardmarket",https://prices.pokemontcg.io/tcgplayer/sv6-41,https://images.pokemontcg.io/sv6/41_hires.png,2026/08/08,2026/02/22,0.16,0.009999999776482582,0.17000000178813934,999.0,,0.28,,,,0.0346,0.0231,0.0577,0.1615,0.03460000082850456,0.0461,0.0346,0.2192,0.1154,0.1384,1.1535,2026-08-09
sv6-42,Poliwhirl,normal,Twilight Masquerade,42,Common,OKACHEKE,Stage 1,61,Pokémon,2024/05/24,"tcgplayer,cardmarket",https://prices.pokemontcg.io/tcgplayer/sv6-42,https://images.pokemontcg.io/sv6/42_hires.png,2026/08/08,2026/02/22,0.15,0.009999999776482582,0.1899999976158142,999.0,,0.24,,,,0.0461,0.0231,0.0461,0.1384,0.03460000082850456,0.0577,0.0577,0.1961,0.1961,0.1384,1.1535,2026-08-09
sv6-43,Poliwrath,normal,Twilight Masquerade,43,Uncommon,Nisota Niso,Stage 2,62,Pokémon,2024/05/24,"tcgplayer,cardmarket",https://prices.pokemontcg.io/tcgplayer/sv6-43,https://images.pokemontcg.io/sv6/43_hires.png,2026/08/08,2026/02/22,0.14,0.009999999776482582,0.18000000715255737,999.0,,0.24,,,,0.0461,0.0231,0.0577,0.1384,0.03460000082850456,0.0461,0.0461,0.0923,0.15,0.15,1.1535,2026-08-09
sv6-44,Goldeen,normal,Twilight Masquerade,44,Common,saino misaki,Basic,118,Pokémon,2024/05/24,"tcgplayer,cardmarket",https://prices.pokemontcg.io/tcgplayer/sv6-44,https://images.pokemontcg.io/sv6/44_hires.png,2026/08/08,2026/02/22,0.13,0.009999999776482582,0.18000000715255737,999.0,,0.19,,,,0.0577,0.0231,0.0461,0.1269,0.03460000082850456,0.0346,0.0577,0.0692,0.1038,0.1269,1.1535,2026-08-09
sv6-45,Seaking,normal,Twilight Masquerade,45,Common,Gemi,Stage 1,119,Pokémon,2024/05/24,"tcgplayer,cardmarket",https://prices.pokemontcg.io/tcgplayer/sv6-45,https://images.pokemontcg.io/sv6/45_hires.png,2026/08/08,2026/02/22,0.16,0.009999999776482582,0.1599999964237213,999.0,,0.24,,,,0.0461,0.0231,0.0461,0.1038,0.03460000082850456,0.0461,0.0461,0.1384,0.0923,0.1154,1.1535,2026-08-09
sv6-46,Jynx,normal,Twilight Masquerade,46,Common,Gapao,Basic,124,Pokémon,2024/05/24,"tcgplayer,cardmarket",https://prices.pokemontcg.io/tcgplayer/sv6-46,https://images.pokemontcg.io/sv6/46_hires.png,2026/08/08,2026/02/04,0.2,0.009999999776482582,0.20000000298023224,999.0,,0.21,,,,0.0346,0.0231,0.0346,0.1154,0.023099999874830246,0.0346,0.0346,0.2884,0.1269,0.1269,1.1535,2026-08-09
sv6-47,Corphish,normal,Twilight Masquerade,47,Common,Kouki Saitou,Basic,341,Pokémon,2024/05/24,"tcgplayer,cardmarket",https://prices.pokemontcg.io/tcgplayer/sv6-47,https://images.pokemontcg.io/sv6/47_hires.png,2026/08/08,2026/02/04,0.08,0.009999999776482582,0.15000000596046448,999.0,,0.21,,,,0.0346,0.0231,0.0346,0.1038,0.023099999874830246,0.0346,0.0346,0.0461,0.0807,0.0923,1.1535,2026-08-09
sv6-48,Crawdaunt,normal,Twilight Masquerade,48,Common,Kurata So,Stage 1,342,Pokémon,2024/05/24,"tcgplayer,cardmarket",https://prices.pokemontcg.io/tcgplayer/sv6-48,https://images.pokemontcg.io/sv6/48_hires.png,2026/08/08,2026/02/04,0.12,0.009999999776482582,0.15000000596046448,999.0,,0.23,,,,0.0461,0.0231,0.0461,0.1384,0.03460000082850456,0.0346,0.0461,0.2884,0.1154,0.1384,1.1535,2026-08-09
sv6-49,Feebas,normal,Twilight Masquerade,49,Common,Scav,Basic,349,Pokémon,2024/05/24,"tcgplayer,cardmarket",https://prices.pokemontcg.io/tcgplayer/sv6-49,https://images.pokemontcg.io/sv6/49_hires.png,2026/08/08,2026/02/04,0.1,0.009999999776482582,0.15000000596046448,1000.0,,0.24,,,,0.0346,0.0231,0.0346,0.1038,0.023099999874830246,0.0577,0.0346,0.1846,0.1154,0.1038,1.1535,2026-08-09
sv6-50,Milotic,normal,Twilight Masquerade,50,Uncommon,Taira Akitsu,Stage 1,350,Pokémon,2024/05/24,"tcgplayer,cardmarket",https://prices.pokemontcg.io/tcgplayer/sv6-50,https://images.pokemontcg.io/sv6/50_hires.png,2026/08/08,2026/02/04,0.13,0.009999999776482582,0.1599999964237213,1000.0,,0.28,,,,0.0461,0.0231,0.0461,0.2307,0.023099999874830246,0.0346,0.0461,0.4037,0.2192,0.2307,1.1535,2026-08-09
sv6-51,Snorunt,normal,Twilight Masquerade,51,Common,Mékayu,Basic,361,Pokémon,2024/05/24,"tcgplayer,cardmarket",https://prices.pokemontcg.io/tcgplayer/sv6-51,https://images.pokemontcg.io/sv6/51_hires.png,2026/08/08,2026/02/04,0.15,0.009999999776482582,0.1899999976158142,1000.0,,0.29,,,,0.1038,0.0231,0.0577,0.1846,0.20759999752044678,0.0923,0.1154,0.1154,0.2192,0.1846,1.1535,2026-08-09
sv6-52,Glalie,normal,Twilight Masquerade,52,Uncommon,Oku,Stage 1,362,Pokémon,2024/05/24,"tcgplayer,cardmarket",https://prices.pokemontcg.io/tcgplayer/sv6-52,https://images.pokemontcg.io/sv6/52_hires.png,2026/08/08,2026/02/04,0.16,0.009999999776482582,0.17000000178813934,999.0,,0.31,,,,0.0577,0.0231,0.0346,0.1846,0.023099999874830246,0.0461,0.0577,0.1154,0.2307,0.1846,1.1535,2026-08-09
sv6-53,Froslass,holofoil,Twilight Masquerade,53,Rare,Makura Tami,Stage 1,478,Pokémon,2024/05/24,"tcgplayer,cardmarket",https://prices.pokemontcg.io/tcgplayer/sv6-53,https://images.pokemontcg.io/sv6/53_hires.png,2026/08/08,2026/02/01,0.29,0.05000000074505806,0.30000001192092896,999.0,,0.45,,,,0.1615,0.0231,0.1615,0.323,0.23070000112056732,0.1846,0.1615,0.0577,0.3691,0.3114,1.1535,2026-08-09
sv6-56,Froakie,normal,Twilight Masquerade,56,Common,Yuka Morii,Basic,656,Pokémon,2024/05/24,"tcgplayer,cardmarket",https://prices.pokemontcg.io/tcgplayer/sv6-56,https://images.pokemontcg.io/sv6/56_hires.png,2026/08/08,2026/02/01,0.22,0.029999999329447746,0.23000000417232513,1000.0,,0.38,,,,0.0461,0.0231,0.0346,0.1154,0.03460000082850456,0.0461,0.0461,0.15,0.1038,0.1269,1.1535,2026-08-09
sv6-57,Frogadier,normal,Twilight Masquerade,57,Common,Hitoshi Ariga,Stage 1,657,Pokémon,2024/05/24,"tcgplayer,cardmarket",https://prices.pokemontcg.io/tcgplayer/sv6-57,https://images.pokemontcg.io/sv6/57_hires.png,2026/08/08,2026/02/01,0.19,0.03999999910593033,0.20999999344348907,1000.0,,0.25,,,,0.0807,0.0231,0.0807,0.1846,0.03460000082850456,0.1154,0.0807,0.0577,0.1384,0.173,1.1535,2026-08-09
sv6-54,Glaceon,normal,Twilight Masquerade,54,Uncommon,rika,Stage 1,471,Pokémon,2024/05/24,"tcgplayer,cardmarket",https://prices.pokemontcg.io/tcgplayer/sv6-54,https://images.pokemontcg.io/sv6/54_hires.png,2026/08/08,2026/02/01,0.26,0.009999999776482582,0.25,1000.0,,0.41,,,,0.0807,0.0231,0.0807,0.323,0.03460000082850456,0.0807,0.0692,0.6344,0.4614,0.323,1.1535,2026-08-09
sv6-55,Phione,normal,Twilight Masquerade,55,Common,aspara,Basic,489,Pokémon,2024/05/24,"tcgplayer,cardmarket",https://prices.pokemontcg.io/tcgplayer/sv6-55,https://images.pokemontcg.io/sv6/55_hires.png,2026/08/08,2026/02/01,0.14,0.009999999776482582,0.17000000178813934,999.0,,0.24,,,,0.0461,0.0231,0.0461,0.1154,0.03460000082850456,0.0461,0.0461,0.1384,0.1269,0.1154,1.1535,2026-08-09
sv6-58,Cramorant,normal,Twilight Masquerade,58,Uncommon,OKACHEKE,Basic,845,Pokémon,2024/05/24,"tcgplayer,cardmarket",https://prices.pokemontcg.io/tcgplayer/sv6-58,https://images.pokemontcg.io/sv6/58_hires.png,2026/08/08,2026/02/01,0.12,0.009999999776482582,0.17000000178813934,1000.0,,0.23,,,,0.0577,0.0231,0.0346,0.1846,0.03460000082850456,0.0346,0.0577,0.173,0.173,0.173,1.1535,2026-08-09
sv6-62,Iron Bundle,normal,Twilight Masquerade,62,Uncommon,nagimiso,Basic|Future,991,Pokémon,2024/05/24,"tcgplayer,cardmarket",https://prices.pokemontcg.io/tcgplayer/sv6-62,https://images.pokemontcg.io/sv6/62_hires.png,2026/08/08,2026/02/01,0.02,0.009999999776482582,0.15000000596046448,999.0,,0.26,,,,0.0346,0.0231,0.0346,0.2076,0.023099999874830246,0.0346,0.0346,0.173,0.1846,0.1961,1.1535,2026-08-09
sv6-59,Finizen,normal,Twilight Masquerade,59,Common,Narumi Sato,Basic,963,Pokémon,2024/05/24,"tcgplayer,cardmarket",https://prices.pokemontcg.io/tcgplayer/sv6-59,https://images.pokemontcg.io/sv6/59_hires.png,2026/08/08,2026/01/21,0.13,0.009999999776482582,0.15000000596046448,999.0,,0.23,,,,0.0346,0.0231,0.0577,0.0923,0.03460000082850456,0.0577,0.0461,0.173,0.1038,0.1038,1.1535,2026-08-09
sv6-60,Palafin,normal,Twilight Masquerade,60,Uncommon,Ligton,Stage 1,964,Pokémon,2024/05/24,"tcgplayer,cardmarket",https://prices.pokemontcg.io/tcgplayer/sv6-60,https://images.pokemontcg.io/sv6/60_hires.png,2026/08/08,2026/01/21,0.13,0.009999999776482582,0.1599999964237213,1000.0,,0.23,,,,0.0461,0.0231,0.0923,0.1269,0.04610000178217888,0.0577,0.0461,0.0692,0.15,0.1384,1.1535,2026-08-09
sv6-61,Palafin ex,holofoil,Twilight Masquerade,61,Double Rare,PLANETA Mochizuki,Stage 1|ex,964,Pokémon,2024/05/24,"tcgplayer,cardmarket",https://prices.pokemontcg.io/tcgplayer/sv6-61,https://images.pokemontcg.io/sv6/61_hires.png,2026/08/08,2026/01/21,0.69,0.25,0.8899999856948853,999.0,,,,,,0.7844,0.1038,0.646,0.0,0.4959999918937683,0.6575,0.7613,0.0,0.0,0.0,1.1535,2026-08-09
sv6-63,Walking Wake,holofoil,Twilight Masquerade,63,Rare,kawayoo,Basic|Ancient,1009,Pokémon,2024/05/24,"tcgplayer,cardmarket",https://prices.pokemontcg.io/tcgplayer/sv6-63,https://images.pokemontcg.io/sv6/63_hires.png,2026/08/08,2026/01/21,0.24,0.009999999776482582,0.25,999.0,,0.38,,,,0.0923,0.0231,0.0692,0.2192,0.09229999780654907,0.0923,0.0923,0.1961,0.1961,0.2076,1.1535,2026-08-09
sv6-64,Wellspring Mask Ogerpon ex,holofoil,Twilight Masquerade,64,Double Rare,5ban Graphics,Basic|Tera|ex,,Pokémon,2024/05/24,"tcgplayer,cardmarket",https://prices.pokemontcg.io/tcgplayer/sv6-64,https://images.pokemontcg.io/sv6/64_hires.png,2026/08/08,2026/01/21,0.92,0.4000000059604645,0.9700000286102295,999.0,,,,,,1.142,0.173,1.0266,0.0,0.945900022983551,1.0151,1.1304,0.0,0.0,0.0,1.1535,2026-08-09
sv6-65,Zapdos,holofoil,Twilight Masquerade,65,Rare,GOSSAN,Basic,145,Pokémon,2024/05/24,"tcgplayer,cardmarket",https://prices.pokemontcg.io/tcgplayer/sv6-65,https://images.pokemontcg.io/sv6/65_hires.png,2026/08/08,2026/01/21,0.21,0.009999999776482582,0.25,999.0,,0.34,,,,0.1384,0.0231,0.1038,0.2884,0.023099999874830246,0.1038,0.1154,0.2768,0.4153,0.323,1.1535,2026-08-09
sv6-66,Shinx,normal,Twilight Masquerade,66,Common,Yuu Nishida,Basic,403,Pokémon,2024/05/24,"tcgplayer,cardmarket",https://prices.pokemontcg.io/tcgplayer/sv6-66,https://images.pokemontcg.io/sv6/66_hires.png,2026/08/08,2026/01/21,0.11,0.009999999776482582,0.15000000596046448,1000.0,,0.22,,,,0.0346,0.0231,0.0346,0.1269,0.023099999874830246,0.0231,0.0346,0.0346,0.0807,0.1154,1.1535,2026-08-09
sv6-67,Luxio,normal,Twilight Masquerade,67,Common,Takumi Wada,Stage 1,404,Pokémon,2024/05/24,"tcgplayer,cardmarket",https://prices.pokemontcg.io/tcgplayer/sv6-67,https://images.pokemontcg.io/sv6/67_hires.png,2026/08/08,2026/01/21,0.12,0.009999999776482582,0.15000000596046448,1000.0,,0.2,,,,0.0346,0.0231,0.0577,0.0923,0.03460000082850456,0.0346,0.0461,0.0346,0.0923,0.0923,1.1535,2026-08-09
sv6-69,Emolga,normal,Twilight Masquerade,69,Common,Shimaris Yukichi,Basic,587,Pokémon,2024/05/24,"tcgplayer,cardmarket",https://prices.pokemontcg.io/tcgplayer/sv6-69,https://images.pokemontcg.io/sv6/69_hires.png,2026/08/08,2026/01/21,0.06,0.009999999776482582,0.15000000596046448,999.0,,0.21,,,,0.0346,0.0231,0.0346,0.1269,0.023099999874830246,0.0346,0.0346,0.0461,0.15,0.1269,1.1535,2026-08-09
sv6-68,Luxray ex,holofoil,Twilight Masquerade,68,Double Rare,PLANETA Yamashita,Stage 2|ex,405,Pokémon,2024/05/24,"tcgplayer,cardmarket",https://prices.pokemontcg.io/tcgplayer/sv6-68,https://images.pokemontcg.io/sv6/68_hires.png,2026/08/08,2026/01/21,0.78,0.3499999940395355,0.9300000071525574,999.0,,,,,,0.7152,0.1154,0.646,0.0,0.7843999862670898,0.7152,0.7267,0.0,0.0,0.0,1.1535,2026-08-09
sv6-70,Helioptile,normal,Twilight Masquerade,70,Common,Taiga Kayama,Basic,694,Pokémon,2024/05/24,"tcgplayer,cardmarket",https://prices.pokemontcg.io/tcgplayer/sv6-70,https://images.pokemontcg.io/sv6/70_hires.png,2026/08/08,2026/01/21,0.11,0.009999999776482582,0.15000000596046448,999.0,,0.21,,,,0.0231,0.0231,0.0346,0.0923,0.023099999874830246,0.0346,0.0346,0.2076,0.1269,0.1038,1.1535,2026-08-09
sv6-71,Heliolisk,normal,Twilight Masquerade,71,Common,Atsuya Uki,Stage 1,695,Pokémon,2024/05/24,"tcgplayer,cardmarket",https://prices.pokemontcg.io/tcgplayer/sv6-71,https://images.pokemontcg.io/sv6/71_hires.png,2026/08/08,2026/01/21,0.18,0.009999999776482582,0.18000000715255737,999.0,,0.22,,,,0.0461,0.0231,0.0346,0.0807,0.023099999874830246,0.0461,0.0461,0.15,0.1154,0.0923,1.1535,2026-08-09
sv6-72,Morpeko,normal,Twilight Masquerade,72,Uncommon,kodama,Basic,877,Pokémon,2024/05/24,"tcgplayer,cardmarket",https://prices.pokemontcg.io/tcgplayer/sv6-72,https://images.pokemontcg.io/sv6/72_hires.png,2026/08/08,2026/01/21,0.22,0.009999999776482582,0.2199999988079071,1000.0,,0.28,,,,0.0461,0.0231,0.0461,0.1154,0.04610000178217888,0.0461,0.0461,0.2538,0.173,0.1269,1.1535,2026-08-09
sv6-73,Tadbulb,normal,Twilight Masquerade,73,Common,nisimono,Basic,938,Pokémon,2024/05/24,"tcgplayer,cardmarket",https://prices.pokemontcg.io/tcgplayer/sv6-73,https://images.pokemontcg.io/sv6/73_hires.png,2026/08/08,2026/01/21,0.02,0.009999999776482582,0.15000000596046448,999.0,,0.2,,,,0.0231,0.0231,0.0346,0.0807,0.03460000082850456,0.0461,0.0346,0.0807,0.0807,0.0923,1.1535,2026-08-09
sv6-74,Bellibolt,normal,Twilight Masquerade,74,Uncommon,Mina Nakai,Stage 1,939,Pokémon,2024/05/24,"tcgplayer,cardmarket",https://prices.pokemontcg.io/tcgplayer/sv6-74,https://images.pokemontcg.io/sv6/74_hires.png,2026/08/08,2026/01/19,0.15,0.009999999776482582,0.17000000178813934,1000.0,,0.22,,,,0.0346,0.0231,0.0231,0.1154,0.03460000082850456,0.0346,0.0346,0.1154,0.1269,0.1154,1.1535,2026-08-09
sv6-75,Wattrel,normal,Twilight Masquerade,75,Common,Teeziro,Basic,940,Pokémon,2024/05/24,"tcgplayer,cardmarket",https://prices.pokemontcg.io/tcgplayer/sv6-75,https://images.pokemontcg.io/sv6/75_hires.png,2026/08/08,2026/01/19,0.18,0.009999999776482582,0.18000000715255737,999.0,,0.22,,,,0.0461,0.0231,0.0346,0.1154,0.06920000165700912,0.0461,0.0461,0.0923,0.1038,0.1154,1.1535,2026-08-09
sv6-76,Kilowattrel,normal,Twilight Masquerade,76,Uncommon,Anesaki Dynamic,Stage 1,941,Pokémon,2024/05/24,"tcgplayer,cardmarket",https://prices.pokemontcg.io/tcgplayer/sv6-76,https://images.pokemontcg.io/sv6/76_hires.png,2026/08/08,2026/01/16,0.04,0.009999999776482582,0.15000000596046448,999.0,,0.14,,,,0.0346,0.0231,0.0231,0.1038,0.023099999874830246,0.0231,0.0346,0.1038,0.1154,0.1038,1.1535,2026-08-09
sv6-77,Iron Thorns ex,holofoil,Twilight Masquerade,77,Double Rare,PLANETA Mochizuki,Basic|ex|Future,995,Pokémon,2024/05/24,"tcgplayer,cardmarket",https://prices.pokemontcg.io/tcgplayer/sv6-77,https://images.pokemontcg.io/sv6/77_hires.png,2026/08/08,2026/01/16,0.71,0.07000000029802322,0.8899999856948853,999.0,,,,,,0.7844,0.1154,0.7267,0.0,0.6114000082015991,0.7728,0.7844,0.0,0.0,0.0,1.1535,2026-08-09
sv6-78,Clefairy,normal,Twilight Masquerade,78,Common,Sanosuke Sakuma,Basic,35,Pokémon,2024/05/24,"tcgplayer,cardmarket",https://prices.pokemontcg.io/tcgplayer/sv6-78,https://images.pokemontcg.io/sv6/78_hires.png,2026/08/08,2026/01/16,0.12,0.009999999776482582,0.17000000178813934,1000.0,,0.26,,,,0.0346,0.0231,0.0231,0.1269,0.023099999874830246,0.0346,0.0346,0.1269,0.1038,0.1384,1.1535,2026-08-09
sv6-79,Clefable,normal,Twilight Masquerade,79,Uncommon,satoma,Stage 1,36,Pokémon,2024/05/24,"tcgplayer,cardmarket",https://prices.pokemontcg.io/tcgplayer/sv6-79,https://images.pokemontcg.io/sv6/79_hires.png,2026/08/08,2026/01/16,0.15,0.009999999776482582,0.18000000715255737,1000.0,,0.24,,,,0.0461,0.0231,0.0577,0.1384,0.04610000178217888,0.0461,0.0461,0.15,0.1154,0.1384,1.1535,2026-08-09
sv6-80,Abra,normal,Twilight Masquerade,80,Common,Kariya,Basic,63,Pokémon,2024/05/24,"tcgplayer,cardmarket",https://prices.pokemontcg.io/tcgplayer/sv6-80,https://images.pokemontcg.io/sv6/80_hires.png,2026/08/08,2026/01/16,0.22,0.009999999776482582,0.20999999344348907,1000.0,,0.31,,,,0.0807,0.0231,0.0461,0.15,0.04610000178217888,0.0807,0.0807,0.0807,0.1269,0.15,1.1535,2026-08-09
sv6-81,Kadabra,normal,Twilight Masquerade,81,Common,Uninori,Stage 1,64,Pokémon,2024/05/24,"tcgplayer,cardmarket",https://prices.pokemontcg.io/tcgplayer/sv6-81,https://images.pokemontcg.io/sv6/81_hires.png,2026/08/08,2026/01/16,0.25,0.03999999910593033,0.23000000417232513,1000.0,,0.28,,,,0.0461,0.0231,0.0577,0.1154,0.04610000178217888,0.0692,0.0461,0.0923,0.1269,0.1154,1.1535,2026-08-09
sv6-82,Alakazam,holofoil,Twilight Masquerade,82,Rare,Masako Tomii,Stage 2,65,Pokémon,2024/05/24,"tcgplayer,cardmarket",https://prices.pokemontcg.io/tcgplayer/sv6-82,https://images.pokemontcg.io/sv6/82_hires.png,2026/08/08,2026/01/16,0.29,0.019999999552965164,0.28999999165534973,999.0,,0.37,,,,0.1154,0.0231,0.1154,0.2768,0.13840000331401825,0.1269,0.1154,0.2192,0.2653,0.2768,1.1535,2026-08-09
sv6-83,Girafarig,normal,Twilight Masquerade,83,Common,Shinji Kanda,Basic,203,Pokémon,2024/05/24,"tcgplayer,cardmarket",https://prices.pokemontcg.io/tcgplayer/sv6-83,https://images.pokemontcg.io/sv6/83_hires.png,2026/08/08,2026/01/16,0.17,0.009999999776482582,0.1899999976158142,1000.0,,0.3,,,,0.0577,0.0231,0.0577,0.1615,0.023099999874830246,0.0346,0.0577,0.1384,0.1269,0.1615,1.1535,2026-08-09
sv6-84,Farigiraf,normal,Twilight Masquerade,84,Uncommon,Dsuke,Stage 1,981,Pokémon,2024/05/24,"tcgplayer,cardmarket",https://prices.pokemontcg.io/tcgplayer/sv6-84,https://images.pokemontcg.io/sv6/84_hires.png,2026/08/08,2026/01/16,0.11,0.009999999776482582,0.15000000596046448,999.0,,0.28,,,,0.0346,0.0231,0.0461,0.2192,0.023099999874830246,0.0346,0.0346,0.15,0.1384,0.2076,1.1535,2026-08-09
sv6-87,Floette,normal,Twilight Masquerade,87,Common,mingo,Stage 1,670,Pokémon,2024/05/24,"tcgplayer,cardmarket",https://prices.pokemontcg.io/tcgplayer/sv6-87,https://images.pokemontcg.io/sv6/87_hires.png,2026/08/08,2026/01/16,0.16,0.009999999776482582,0.17000000178813934,1000.0,,0.19,,,,0.0461,0.0231,0.0461,0.1154,0.023099999874830246,0.0346,0.0461,0.1269,0.0923,0.1154,1.1535,2026-08-09
sv6-85,Chimecho,normal,Twilight Masquerade,85,Common,Mousho,Basic,358,Pokémon,2024/05/24,"tcgplayer,cardmarket",https://prices.pokemontcg.io/tcgplayer/sv6-85,https://images.pokemontcg.io/sv6/85_hires.png,2026/08/08,2026/01/16,0.16,0.009999999776482582,0.17000000178813934,1000.0,,0.21,,,,0.0461,0.0231,0.0692,0.1154,0.03460000082850456,0.0577,0.0346,0.0577,0.0923,0.1038,1.1535,2026-08-09
sv6-86,Flabébé,normal,Twilight Masquerade,86,Common,Yukiko Baba,Basic,669,Pokémon,2024/05/24,"tcgplayer,cardmarket",https://prices.pokemontcg.io/tcgplayer/sv6-86,https://images.pokemontcg.io/sv6/86_hires.png,2026/08/08,2026/01/16,0.11,0.009999999776482582,0.15000000596046448,999.0,,0.2,,,,0.0346,0.0231,0.0346,0.1154,0.023099999874830246,0.0231,0.0346,0.0923,0.1154,0.1038,1.1535,2026-08-09
sv6-89,Swirlix,normal,Twilight Masquerade,89,Common,Akira Komayama,Basic,684,Pokémon,2024/05/24,"tcgplayer,cardmarket",https://prices.pokemontcg.io/tcgplayer/sv6-89,https://images.pokemontcg.io/sv6/89_hires.png,2026/08/08,2026/01/16,0.13,0.009999999776482582,0.15000000596046448,1000.0,,0.25,,,,0.0346,0.0231,0.0346,0.0923,0.03460000082850456,0.0346,0.0346,0.1384,0.0807,0.1154,1.1535,2026-08-09
sv6-88,Florges,normal,Twilight Masquerade,88,Uncommon,Ligton,Stage 2,671,Pokémon,2024/05/24,"tcgplayer,cardmarket",https://prices.pokemontcg.io/tcgplayer/sv6-88,https://images.pokemontcg.io/sv6/88_hires.png,2026/08/08,2026/01/16,0.15,0.009999999776482582,0.15000000596046448,1000.0,,0.28,,,,0.0461,0.0231,0.0461,0.1961,0.023099999874830246,0.0346,0.0346,0.2884,0.15,0.1846,1.1535,2026-08-09
sv6-90,Slurpuff,normal,Twilight Masquerade,90,Uncommon,mingo,Stage 1,685,Pokémon,2024/05/24,"tcgplayer,cardmarket",https://prices.pokemontcg.io/tcgplayer/sv6-90,https://images.pokemontcg.io/sv6/90_hires.png,2026/08/08,2026/01/16,0.17,0.009999999776482582,0.1899999976158142,1000.0,,0.31,,,,0.0346,0.0231,0.0346,0.173,0.03460000082850456,0.0461,0.0461,0.1269,0.1384,0.173,1.1535,2026-08-09
sv6-91,Sandygast,normal,Twilight Masquerade,91,Common,Asako Ito,Basic,769,Pokémon,2024/05/24,"tcgplayer,cardmarket",https://prices.pokemontcg.io/tcgplayer/sv6-91,https://images.pokemontcg.io/sv6/91_hires.png,2026/08/08,2026/01/16,0.21,0.009999999776482582,0.20999999344348907,1000.0,,0.34,,,,0.0346,0.0231,0.0346,0.1154,0.023099999874830246,0.0346,0.0346,0.0923,0.1154,0.1154,1.1535,2026-08-09
sv6-92,Palossand,normal,Twilight Masquerade,92,Common,Uta,Stage 1,770,Pokémon,2024/05/24,"tcgplayer,cardmarket",https://prices.pokemontcg.io/tcgplayer/sv6-92,https://images.pokemontcg.io/sv6/92_hires.png,2026/08/08,2026/01/16,0.13,0.009999999776482582,0.15000000596046448,999.0,,0.19,,,,0.0346,0.0231,0.0346,0.1038,0.023099999874830246,0.0231,0.0346,0.173,0.1269,0.1154,1.1535,2026-08-09
sv6-93,Enamorus,holofoil,Twilight Masquerade,93,Rare,DOM,Basic,905,Pokémon,2024/05/24,"tcgplayer,cardmarket",https://prices.pokemontcg.io/tcgplayer/sv6-93,https://images.pokemontcg.io/sv6/93_hires.png,2026/08/08,2026/01/16,0.09,0.009999999776482582,0.20000000298023224,999.0,,0.28,,,,0.0923,0.0231,0.1038,0.1961,0.06920000165700912,0.1269,0.1038,0.1384,0.1615,0.1846,1.1535,2026-08-09
sv6-94,Scream Tail ex,holofoil,Twilight Masquerade,94,Double Rare,akagi,Basic|ex|Ancient,985,Pokémon,2024/05/24,"tcgplayer,cardmarket",https://prices.pokemontcg.io/tcgplayer/sv6-94,https://images.pokemontcg.io/sv6/94_hires.png,2026/08/08,2026/01/16,0.59,0.20000000298023224,0.8500000238418579,999.0,,,,,,0.6806,0.0231,0.6344,0.0,0.426800012588501,0.5998,0.6575,0.0,0.0,0.0,1.1535,2026-08-09
sv6-95,Munkidori,holofoil,Twilight Masquerade,95,Rare,kodama,Basic,,Pokémon,2024/05/24,"tcgplayer,cardmarket",https://prices.pokemontcg.io/tcgplayer/sv6-95,https://images.pokemontcg.io/sv6/95_hires.png,2026/08/08,2026/01/15,0.33,0.07999999821186066,0.3400000035762787,999.0,,0.69,,,,0.7267,0.0231,0.669,0.8536,0.6920999884605408,0.7036,0.7152,0.4499,1.6149,0.8421,1.1535,2026-08-09
sv6-96,Fezandipiti,holofoil,Twilight Masquerade,96,Rare,Kouki Saitou,Basic,,Pokémon,2024/05/24,"tcgplayer,cardmarket",https://prices.pokemontcg.io/tcgplayer/sv6-96,https://images.pokemontcg.io/sv6/96_hires.png,2026/08/08,2026/01/15,0.16,0.009999999776482582,0.1899999976158142,999.0,,0.28,,,,0.0807,0.0231,0.0577,0.2307,0.08070000261068344,0.0577,0.0807,0.0923,0.2768,0.2192,1.1535,2026-08-09
sv6-97,Sandshrew,normal,Twilight Masquerade,97,Common,Tetsu Kayama,Basic,27,Pokémon,2024/05/24,"tcgplayer,cardmarket",https://prices.pokemontcg.io/tcgplayer/sv6-97,https://images.pokemontcg.io/sv6/97_hires.png,2026/08/08,2026/01/15,0.04,0.009999999776482582,0.15000000596046448,1000.0,,0.28,,,,0.0346,0.0231,0.0461,0.1038,0.023099999874830246,0.0807,0.0346,0.1615,0.1154,0.1038,1.1535,2026-08-09
sv6-99,Hisuian Growlithe,normal,Twilight Masquerade,99,Common,Whisker,Basic,58,Pokémon,2024/05/24,"tcgplayer,cardmarket",https://prices.pokemontcg.io/tcgplayer/sv6-99,https://images.pokemontcg.io/sv6/99_hires.png,2026/08/08,2025/12/28,0.08,0.009999999776482582,0.15000000596046448,1000.0,,0.25,,,,0.0346,0.0231,0.0346,0.1154,0.05770000070333481,0.0346,0.0346,0.1269,0.1384,0.1154,1.1535,2026-08-09
sv6-98,Sandslash,normal,Twilight Masquerade,98,Uncommon,Nisota Niso,Stage 1,28,Pokémon,2024/05/24,"tcgplayer,cardmarket",https://prices.pokemontcg.io/tcgplayer/sv6-98,https://images.pokemontcg.io/sv6/98_hires.png,2026/08/08,2025/12/28,0.12,0.009999999776482582,0.15000000596046448,1000.0,,0.33,,,,0.0461,0.0231,0.0461,0.15,0.023099999874830246,0.0461,0.0346,0.2192,0.173,0.1615,1.1535,2026-08-09
sv6-100,Hisuian Arcanine,holofoil,Twilight Masquerade,100,Rare,SIE NANAHARA,Stage 1,59,Pokémon,2024/05/24,"tcgplayer,cardmarket",https://prices.pokemontcg.io/tcgplayer/sv6-100,https://images.pokemontcg.io/sv6/100_hires.png,2026/08/08,2025/12/28,0.19,0.009999999776482582,0.20000000298023224,999.0,,0.32,,,,0.0923,0.0231,0.1154,0.2192,0.10379999876022339,0.1038,0.1038,0.15,0.323,0.2422,1.1535,2026-08-09
sv6-101,Nosepass,normal,Twilight Masquerade,101,Common,AKIRA EGAWA,Basic,299,Pokémon,2024/05/24,"tcgplayer,cardmarket",https://prices.pokemontcg.io/tcgplayer/sv6-101,https://images.pokemontcg.io/sv6/101_hires.png,2026/08/08,2025/12/28,0.06,0.009999999776482582,0.15000000596046448,999.0,,0.18,,,,0.0346,0.0231,0.0346,0.1269,0.023099999874830246,0.0231,0.0346,0.0692,0.0807,0.1154,1.1535,2026-08-09
sv6-102,Probopass,normal,Twilight Masquerade,102,Uncommon,OKUBO,Stage 1,476,Pokémon,2024/05/24,"tcgplayer,cardmarket",https://prices.pokemontcg.io/tcgplayer/sv6-102,https://images.pokemontcg.io/sv6/102_hires.png,2026/08/08,2025/12/12,0.09,0.009999999776482582,0.15000000596046448,999.0,,0.23,,,,0.0346,0.0231,0.0461,0.15,0.023099999874830246,0.0346,0.0346,0.1154,0.15,0.1615,1.1535,2026-08-09
sv6-103,Timburr,normal,Twilight Masquerade,103,Common,Kouki Saitou,Basic,532,Pokémon,2024/05/24,"tcgplayer,cardmarket",https://prices.pokemontcg.io/tcgplayer/sv6-103,https://images.pokemontcg.io/sv6/103_hires.png,2026/08/08,2025/12/12,0.05,0.009999999776482582,0.15000000596046448,999.0,,0.2,,,,0.0231,0.0231,0.0346,0.0923,0.05770000070333481,0.0231,0.0231,0.0346,0.0807,0.1038,1.1535,2026-08-09
sv6-104,Gurdurr,normal,Twilight Masquerade,104,Common,Aya Kusube,Stage 1,533,Pokémon,2024/05/24,"tcgplayer,cardmarket",https://prices.pokemontcg.io/tcgplayer/sv6-104,https://images.pokemontcg.io/sv6/104_hires.png,2026/08/08,2025/12/12,0.13,0.009999999776482582,0.15000000596046448,1000.0,,0.19,,,,0.0346,0.0231,0.0461,0.1154,0.11540000140666962,0.0577,0.0346,0.0923,0.0807,0.1154,1.1535,2026-08-09
sv6-105,Conkeldurr,normal,Twilight Masquerade,105,Uncommon,Takeshi Nakamura,Stage 2,534,Pokémon,2024/05/24,"tcgplayer,cardmarket",https://prices.pokemontcg.io/tcgplayer/sv6-105,https://images.pokemontcg.io/sv6/105_hires.png,2026/08/08,2025/12/12,0.12,0.009999999776482582,0.1599999964237213,1000.0,,0.28,,,,0.0923,0.0231,0.0577,0.1961,0.04610000178217888,0.0577,0.0807,0.3345,0.2768,0.2076,1.1535,2026-08-09
sv6-106,Greninja ex,holofoil,Twilight Masquerade,106,Double Rare,5ban Graphics,Stage 2|Tera|ex,658,Pokémon,2024/05/24,"tcgplayer,cardmarket",https://prices.pokemontcg.io/tcgplayer/sv6-106,https://images.pokemontcg.io/sv6/106_hires.png,2026/08/08,2025/12/12,2.71,1.600000023841858,3.819999933242798,999.0,,,,,,1.1189,0.4614,1.0612,0.0,1.280400037765503,1.0612,1.0612,0.0,0.0,0.0,1.1535,2026-08-09
sv6-107,Hawlucha,normal,Twilight Masquerade,107,Common,Shigenori Negishi,Basic,701,Pokémon,2024/05/24,"tcgplayer,cardmarket",https://prices.pokemontcg.io/tcgplayer/sv6-107,https://images.pokemontcg.io/sv6/107_hires.png,2026/08/08,2025/12/12,0.13,0.009999999776482582,0.15000000596046448,999.0,,0.24,,,,0.0346,0.0231,0.0231,0.1154,0.04610000178217888,0.0346,0.0346,0.0231,0.1038,0.1154,1.1535,2026-08-09
sv6-108,Glimmet,normal,Twilight Masquerade,108,Common,Miki Tanaka,Basic,969,Pokémon,2024/05/24,"tcgplayer,cardmarket",https://prices.pokemontcg.io/tcgplayer/sv6-108,https://images.pokemontcg.io/sv6/108_hires.png,2026/08/08,2025/12/12,0.07,0.009999999776482582,0.15000000596046448,999.0,,0.15,,,,0.0231,0.0231,0.0231,0.0807,0.03460000082850456,0.0231,0.0231,0.0231,0.0692,0.0807,1.1535,2026-08-09
sv6-109,Glimmora,normal,Twilight Masquerade,109,Uncommon,Kazumasa Yasukuni,Stage 1,970,Pokémon,2024/05/24,"tcgplayer,cardmarket",https://prices.pokemontcg.io/tcgplayer/sv6-109,https://images.pokemontcg.io/sv6/109_hires.png,2026/08/08,2025/12/12,0.09,0.009999999776482582,0.15000000596046448,999.0,,0.25,,,,0.0231,0.0231,0.0577,0.1384,0.03460000082850456,0.0346,0.0346,0.173,0.15,0.1384,1.1535,2026-08-09
sv6-110,Ting-Lu,holofoil,Twilight Masquerade,110,Rare,Anesaki Dynamic,Basic,1003,Pokémon,2024/05/24,"tcgplayer,cardmarket",https://prices.pokemontcg.io/tcgplayer/sv6-110,https://images.pokemontcg.io/sv6/110_hires.png,2026/08/08,2025/11/21,0.18,0.009999999776482582,0.20000000298023224,999.0,,0.26,,,,0.0807,0.0231,0.0807,0.2768,0.04610000178217888,0.0577,0.0807,0.1846,0.173,0.2653,1.1535,2026-08-09
sv6-111,Okidogi,holofoil,Twilight Masquerade,111,Rare,Souichirou Gunjima,Basic,,Pokémon,2024/05/24,"tcgplayer,cardmarket",https://prices.pokemontcg.io/tcgplayer/sv6-111,https://images.pokemontcg.io/sv6/111_hires.png,2026/08/08,2025/11/21,0.2,0.009999999776482582,0.20000000298023224,999.0,,0.25,,,,0.0692,0.0231,0.0692,0.1961,0.023099999874830246,0.0692,0.0692,0.173,0.1269,0.1846,1.1535,2026-08-09
sv6-112,Cornerstone Mask Ogerpon ex,holofoil,Twilight Masquerade,112,Double Rare,5ban Graphics,Basic|Tera|ex,,Pokémon,2024/05/24,"tcgplayer,cardmarket",https://prices.pokemontcg.io/tcgplayer/sv6-112,https://images.pokemontcg.io/sv6/112_hires.png,2026/08/08,2025/11/21,0.74,0.4000000059604645,0.9900000095367432,999.0,,,,,,1.5457,0.4499,1.5457,0.0,1.5341999530792236,1.5918,1.5226,0.0,0.0,0.0,1.1535,2026-08-09
sv6-113,Poochyena,normal,Twilight Masquerade,113,Common,Shibuzoh.,Basic,261,Pokémon,2024/05/24,"tcgplayer,cardmarket",https://prices.pokemontcg.io/tcgplayer/sv6-113,https://images.pokemontcg.io/sv6/113_hires.png,2026/08/08,2025/11/21,0.09,0.009999999776482582,0.15000000596046448,1000.0,,0.24,,,,0.0346,0.0231,0.0461,0.0923,0.023099999874830246,0.0346,0.0346,0.1154,0.0807,0.0923,1.1535,2026-08-09
sv6-114,Mightyena,normal,Twilight Masquerade,114,Uncommon,kawayoo,Stage 1,262,Pokémon,2024/05/24,"tcgplayer,cardmarket",https://prices.pokemontcg.io/tcgplayer/sv6-114,https://images.pokemontcg.io/sv6/114_hires.png,2026/08/08,2025/11/21,0.12,0.009999999776482582,0.15000000596046448,999.0,,0.29,,,,0.0346,0.0231,0.0461,0.1154,0.05770000070333481,0.0461,0.0346,0.323,0.1615,0.1154,1.1535,2026-08-09
sv6-115,Venipede,normal,Twilight Masquerade,115,Common,Tomokazu Komiya,Basic,543,Pokémon,2024/05/24,"tcgplayer,cardmarket",https://prices.pokemontcg.io/tcgplayer/sv6-115,https://images.pokemontcg.io/sv6/115_hires.png,2026/08/08,2025/11/21,0.14,0.009999999776482582,0.1599999964237213,1000.0,,0.26,,,,0.0346,0.0231,0.0231,0.1154,0.03460000082850456,0.0231,0.0346,0.2076,0.1384,0.1038,1.1535,2026-08-09
sv6-116,Whirlipede,normal,Twilight Masquerade,116,Common,Krgc,Stage 1,544,Pokémon,2024/05/24,"tcgplayer,cardmarket",https://prices.pokemontcg.io/tcgplayer/sv6-116,https://images.pokemontcg.io/sv6/116_hires.png,2026/08/08,2025/11/21,0.15,0.009999999776482582,0.1599999964237213,999.0,,0.16,,,,0.0461,0.0231,0.0346,0.1154,0.023099999874830246,0.0346,0.0461,0.2307,0.1269,0.1038,1.1535,2026-08-09
sv6-117,Scolipede,normal,Twilight Masquerade,117,Uncommon,Shiburingaru,Stage 2,545,Pokémon,2024/05/24,"tcgplayer,cardmarket",https://prices.pokemontcg.io/tcgplayer/sv6-117,https://images.pokemontcg.io/sv6/117_hires.png,2026/08/08,2025/11/21,0.11,0.009999999776482582,0.15000000596046448,999.0,,0.23,,,,0.0346,0.0231,0.0346,0.1269,0.023099999874830246,0.0346,0.0346,0.2192,0.1269,0.1269,1.1535,2026-08-09
sv6-118,Brute Bonnet,normal,Twilight Masquerade,118,Uncommon,danciao,Basic|Ancient,986,Pokémon,2024/05/24,"tcgplayer,cardmarket",https://prices.pokemontcg.io/tcgplayer/sv6-118,https://images.pokemontcg.io/sv6/118_hires.png,2026/08/08,2025/11/21,0.21,0.009999999776482582,0.20000000298023224,999.0,,0.29,,,,0.0692,0.0231,0.0577,0.1615,0.03460000082850456,0.0577,0.0692,0.1846,0.1846,0.15,1.1535,2026-08-09
sv6-119,Skarmory,normal,Twilight Masquerade,119,Common,toi8,Basic,227,Pokémon,2024/05/24,"tcgplayer,cardmarket",https://prices.pokemontcg.io/tcgplayer/sv6-119,https://images.pokemontcg.io/sv6/119_hires.png,2026/08/08,2025/11/21,0.13,0.009999999776482582,0.15000000596046448,999.0,,0.19,,,,0.0346,0.0231,0.0231,0.1038,0.023099999874830246,0.0231,0.0346,0.0692,0.0923,0.0923,1.1535,2026-08-09
sv6-120,Aron,normal,Twilight Masquerade,120,Common,Gapao,Basic,304,Pokémon,2024/05/24,"tcgplayer,cardmarket",https://prices.pokemontcg.io/tcgplayer/sv6-120,https://images.pokemontcg.io/sv6/120_hires.png,2026/08/08,2025/11/21,0.13,0.009999999776482582,0.15000000596046448,1000.0,,0.23,,,,0.0231,0.0231,0.0231,0.1038,0.023099999874830246,0.0346,0.0231,0.2307,0.1154,0.1038,1.1535,2026-08-09
sv6-121,Lairon,normal,Twilight Masquerade,121,Common,takashi shiraishi,Stage 1,305,Pokémon,2024/05/24,"tcgplayer,cardmarket",https://prices.pokemontcg.io/tcgplayer/sv6-121,https://images.pokemontcg.io/sv6/121_hires.png,2026/08/08,2025/11/21,0.09,0.009999999776482582,0.15000000596046448,1000.0,,0.23,,,,0.0346,0.0231,0.0346,0.0807,0.023099999874830246,0.0461,0.0346,0.0923,0.0923,0.0807,1.1535,2026-08-09
sv6-122,Aggron,normal,Twilight Masquerade,122,Uncommon,Dsuke,Stage 2,306,Pokémon,2024/05/24,"tcgplayer,cardmarket",https://prices.pokemontcg.io/tcgplayer/sv6-122,https://images.pokemontcg.io/sv6/122_hires.png,2026/08/08,2025/11/21,0.17,0.009999999776482582,0.17000000178813934,1000.0,,0.34,,,,0.0577,0.0231,0.0577,0.15,0.04610000178217888,0.0461,0.0577,0.2884,0.1615,0.1615,1.1535,2026-08-09
sv6-123,Heatran,holofoil,Twilight Masquerade,123,Rare,AKIRA EGAWA,Basic,485,Pokémon,2024/05/24,"tcgplayer,cardmarket",https://prices.pokemontcg.io/tcgplayer/sv6-123,https://images.pokemontcg.io/sv6/123_hires.png,2026/08/08,2025/11/21,0.2,0.009999999776482582,0.20000000298023224,999.0,,0.26,,,,0.0807,0.0231,0.1038,0.1615,0.04610000178217888,0.0923,0.0807,0.0923,0.2076,0.173,1.1535,2026-08-09
sv6-124,Varoom,normal,Twilight Masquerade,124,Common,Shigenori Negishi,Basic,965,Pokémon,2024/05/24,"tcgplayer,cardmarket",https://prices.pokemontcg.io/tcgplayer/sv6-124,https://images.pokemontcg.io/sv6/124_hires.png,2026/08/08,2025/11/21,0.03,0.009999999776482582,0.15000000596046448,999.0,,0.15,,,,0.0346,0.0231,0.0461,0.1154,0.023099999874830246,0.0346,0.0231,0.5767,0.1038,0.1269,1.1535,2026-08-09
sv6-125,Revavroom,normal,Twilight Masquerade,125,Uncommon,Hasuno,Stage 1,966,Pokémon,2024/05/24,"tcgplayer,cardmarket",https://prices.pokemontcg.io/tcgplayer/sv6-125,https://images.pokemontcg.io/sv6/125_hires.png,2026/08/08,2025/11/21,0.03,0.009999999776482582,0.15000000596046448,999.0,,0.27,,,,0.0346,0.0231,0.0231,0.1846,0.023099999874830246,0.0231,0.0346,0.2884,0.1615,0.1615,1.1535,2026-08-09
sv6-126,Applin,normal,Twilight Masquerade,126,Common,Teeziro,Basic,840,Pokémon,2024/05/24,"tcgplayer,cardmarket",https://prices.pokemontcg.io/tcgplayer/sv6-126,https://images.pokemontcg.io/sv6/126_hires.png,2026/08/08,2025/11/21,0.16,0.009999999776482582,0.17000000178813934,1000.0,,0.18,,,,0.0346,0.0231,0.0461,0.0807,0.04610000178217888,0.0461,0.0346,0.0231,0.0807,0.0923,1.1535,2026-08-09
sv6-127,Dipplin,normal,Twilight Masquerade,127,Uncommon,OKACHEKE,Stage 1,,Pokémon,2024/05/24,"tcgplayer,cardmarket",https://prices.pokemontcg.io/tcgplayer/sv6-127,https://images.pokemontcg.io/sv6/127_hires.png,2026/08/08,2025/11/21,0.15,0.009999999776482582,0.15000000596046448,1000.0,,0.18,,,,0.0231,0.0231,0.0231,0.1038,0.023099999874830246,0.0346,0.0231,0.1384,0.1269,0.1038,1.1535,2026-08-09
sv6-128,Dreepy,normal,Twilight Masquerade,128,Common,Scav,Basic,885,Pokémon,2024/05/24,"tcgplayer,cardmarket",https://prices.pokemontcg.io/tcgplayer/sv6-128,https://images.pokemontcg.io/sv6/128_hires.png,2026/08/08,2025/11/21,0.17,0.019999999552965164,0.20999999344348907,1000.0,,0.41,,,,0.0807,0.0231,0.0461,0.2192,0.04610000178217888,0.0577,0.0807,0.1384,0.2422,0.2192,1.1535,2026-08-09
sv6-129,Drakloak,normal,Twilight Masquerade,129,Common,cochi8i,Stage 1,886,Pokémon,2024/05/24,"tcgplayer,cardmarket",https://prices.pokemontcg.io/tcgplayer/sv6-129,https://images.pokemontcg.io/sv6/129_hires.png,2026/08/08,2025/11/21,0.26,0.14000000059604645,0.25999999046325684,999.0,,0.92,,,,0.173,0.0231,0.1384,0.2653,0.06920000165700912,0.1846,0.1615,0.2076,0.1961,0.2538,1.1535,2026-08-09
sv6-130,Dragapult ex,holofoil,Twilight Masquerade,130,Double Rare,5ban Graphics,Stage 2|Tera|ex,887,Pokémon,2024/05/24,"tcgplayer,cardmarket",https://prices.pokemontcg.io/tcgplayer/sv6-130,https://images.pokemontcg.io/sv6/130_hires.png,2026/08/08,2025/11/21,2.09,0.9900000095367432,2.0,999.0,,,,,,1.4995,0.1154,1.4995,0.0,1.5687999725341797,1.5226,1.4995,0.0,0.0,0.0,1.1535,2026-08-09
sv6-131,Tatsugiri,normal,Twilight Masquerade,131,Uncommon,Jerky,Basic,978,Pokémon,2024/05/24,"tcgplayer,cardmarket",https://prices.pokemontcg.io/tcgplayer/sv6-131,https://images.pokemontcg.io/sv6/131_hires.png,2026/08/08,2025/11/21,0.24,0.019999999552965164,0.23999999463558197,1000.0,,0.3,,,,0.0692,0.0231,0.0692,0.173,0.09229999780654907,0.0807,0.0807,0.0577,0.173,0.173,1.1535,2026-08-09
sv6-132,Farfetch'd,normal,Twilight Masquerade,132,Common,miki kudo,Basic,83,Pokémon,2024/05/24,"tcgplayer,cardmarket",https://prices.pokemontcg.io/tcgplayer/sv6-132,https://images.pokemontcg.io/sv6/132_hires.png,2026/08/08,2025/11/21,0.18,0.009999999776482582,0.20000000298023224,1000.0,,0.25,,,,0.0461,0.0231,0.0692,0.1269,0.023099999874830246,0.0461,0.0461,0.1038,0.1154,0.1269,1.1535,2026-08-09
sv6-133,Chansey,normal,Twilight Masquerade,133,Common,HYOGONOSUKE,Basic,113,Pokémon,2024/05/24,"tcgplayer,cardmarket",https://prices.pokemontcg.io/tcgplayer/sv6-133,https://images.pokemontcg.io/sv6/133_hires.png,2026/08/08,2025/11/21,0.14,0.009999999776482582,0.17000000178813934,999.0,,0.26,,,,0.0461,0.0231,0.0346,0.1384,0.023099999874830246,0.0346,0.0461,0.2768,0.2192,0.1269,1.1535,2026-08-09
sv6-134,Blissey ex,holofoil,Twilight Masquerade,134,Double Rare,Iwamoto05,Stage 1|ex,242,Pokémon,2024/05/24,"tcgplayer,cardmarket",https://prices.pokemontcg.io/tcgplayer/sv6-134,https://images.pokemontcg.io/sv6/134_hires.png,2026/08/08,2025/11/21,0.72,0.44999998807907104,0.8999999761581421,999.0,,,,,,0.7844,0.1038,0.6575,0.0,0.4499000012874603,0.646,0.7728,0.0,0.0,0.0,1.1535,2026-08-09
sv6-135,Eevee,normal,Twilight Masquerade,135,Common,satoma,Basic,133,Pokémon,2024/05/24,"tcgplayer,cardmarket",https://prices.pokemontcg.io/tcgplayer/sv6-135,https://images.pokemontcg.io/sv6/135_hires.png,2026/08/08,2025/11/21,0.24,0.029999999329447746,0.25,999.0,,0.37,,,,0.0577,0.0231,0.0577,0.1615,0.03460000082850456,0.0461,0.0577,0.2884,0.173,0.1615,1.1535,2026-08-09
sv6-136,Snorlax,normal,Twilight Masquerade,136,Uncommon,Souichirou Gunjima,Basic,143,Pokémon,2024/05/24,"tcgplayer,cardmarket",https://prices.pokemontcg.io/tcgplayer/sv6-136,https://images.pokemontcg.io/sv6/136_hires.png,2026/08/08,2025/11/21,0.23,0.009999999776482582,0.25,1000.0,,0.3,,,,0.0577,0.0231,0.0692,0.15,0.03460000082850456,0.0577,0.0577,0.1961,0.2076,0.15,1.1535,2026-08-09
sv6-137,Aipom,normal,Twilight Masquerade,137,Common,Mugi Hamada,Basic,190,Pokémon,2024/05/24,"tcgplayer,cardmarket",https://prices.pokemontcg.io/tcgplayer/sv6-137,https://images.pokemontcg.io/sv6/137_hires.png,2026/08/08,2025/11/21,0.13,0.009999999776482582,0.15000000596046448,999.0,,0.13,,,,0.0346,0.0231,0.0346,0.0923,0.023099999874830246,0.0461,0.0346,0.1384,0.1269,0.0923,1.1535,2026-08-09
sv6-138,Ambipom,normal,Twilight Masquerade,138,Uncommon,KEIICHIRO ITO,Stage 1,424,Pokémon,2024/05/24,"tcgplayer,cardmarket",https://prices.pokemontcg.io/tcgplayer/sv6-138,https://images.pokemontcg.io/sv6/138_hires.png,2026/08/08,2025/11/21,0.04,0.009999999776482582,0.15000000596046448,999.0,,0.25,,,,0.0346,0.0231,0.0346,0.15,0.023099999874830246,0.0231,0.0346,0.173,0.1269,0.1615,1.1535,2026-08-09
sv6-139,Ducklett,normal,Twilight Masquerade,139,Common,Shibuzoh.,Basic,580,Pokémon,2024/05/24,"tcgplayer,cardmarket",https://prices.pokemontcg.io/tcgplayer/sv6-139,https://images.pokemontcg.io/sv6/139_hires.png,2026/08/08,2025/11/21,0.1,0.009999999776482582,0.15000000596046448,999.0,,0.21,,,,0.0346,0.0231,0.0346,0.0923,0.023099999874830246,0.0346,0.0346,0.173,0.1038,0.0923,1.1535,2026-08-09
sv6-140,Swanna,normal,Twilight Masquerade,140,Uncommon,Susumu Maeya,Stage 1,581,Pokémon,2024/05/24,"tcgplayer,cardmarket",https://prices.pokemontcg.io/tcgplayer/sv6-140,https://images.pokemontcg.io/sv6/140_hires.png,2026/08/08,2025/11/21,0.15,0.009999999776482582,0.15000000596046448,999.0,,0.25,,,,0.0346,0.0231,0.0346,0.15,0.023099999874830246,0.0346,0.0346,0.3807,0.1269,0.15,1.1535,2026-08-09
sv6-141,Bloodmoon Ursaluna ex,holofoil,Twilight Masquerade,141,Double Rare,aky CG Works,Basic|ex,901,Pokémon,2024/05/24,"tcgplayer,cardmarket",https://prices.pokemontcg.io/tcgplayer/sv6-141,https://images.pokemontcg.io/sv6/141_hires.png,2026/08/08,2025/11/21,1.07,0.3499999940395355,1.1200000047683716,999.0,,,,,,1.9033,0.8651,1.8687,0.0,1.5687999725341797,1.8687,1.9033,0.0,0.0,0.0,1.1535,2026-08-09
sv6-142,Accompanying Flute,normal,Twilight Masquerade,142,Uncommon,AYUMI ODASHIMA,Item,,Trainer,2024/05/24,"tcgplayer,cardmarket",https://prices.pokemontcg.io/tcgplayer/sv6-142,https://images.pokemontcg.io/sv6/142_hires.png,2026/08/08,2025/11/21,0.1,0.009999999776482582,0.15000000596046448,999.0,,0.27,,,,0.0923,0.0231,0.0923,0.2307,0.219200000166893,0.1384,0.0923,0.2192,0.1615,0.2307,1.1535,2026-08-09
sv6-143,Bug Catching Set,normal,Twilight Masquerade,143,Uncommon,AYUMI ODASHIMA,Item,,Trainer,2024/05/24,"tcgplayer,cardmarket",https://prices.pokemontcg.io/tcgplayer/sv6-143,https://images.pokemontcg.io/sv6/143_hires.png,2026/08/08,2025/11/21,0.23,0.10000000149011612,0.23999999463558197,1000.0,,0.41,,,,0.1038,0.0231,0.1038,0.3576,0.3230000138282776,0.1038,0.1038,0.346,0.6921,0.346,1.1535,2026-08-09
sv6-144,Caretaker,normal,Twilight Masquerade,144,Common,Akira Komayama,Supporter,,Trainer,2024/05/24,"tcgplayer,cardmarket",https://prices.pokemontcg.io/tcgplayer/sv6-144,https://images.pokemontcg.io/sv6/144_hires.png,2026/08/08,2025/11/21,0.11,0.009999999776482582,0.15000000596046448,999.0,,0.19,,,,0.0577,0.0231,0.0692,0.0807,0.023099999874830246,0.0461,0.0577,0.0807,0.0923,0.0807,1.1535,2026-08-09
sv6-145,Carmine,normal,Twilight Masquerade,145,Uncommon,kantaro,Supporter,,Trainer,2024/05/24,"tcgplayer,cardmarket",https://prices.pokemontcg.io/tcgplayer/sv6-145,https://images.pokemontcg.io/sv6/145_hires.png,2026/08/08,2025/11/21,0.16,0.009999999776482582,0.1899999976158142,1000.0,,0.35,,,,0.1269,0.0231,0.1615,0.346,0.13840000331401825,0.1961,0.1269,0.2538,0.4153,0.346,1.1535,2026-08-09
sv6-146,Community Center,normal,Twilight Masquerade,146,Uncommon,MARINA Chikazawa,Stadium,,Trainer,2024/05/24,"tcgplayer,cardmarket",https://prices.pokemontcg.io/tcgplayer/sv6-146,https://images.pokemontcg.io/sv6/146_hires.png,2026/08/08,2025/11/21,0.09,0.009999999776482582,0.1599999964237213,1000.0,,0.27,,,,0.0346,0.0231,0.0231,0.1615,0.023099999874830246,0.0346,0.0346,0.1384,0.1269,0.1615,1.1535,2026-08-09
sv6-147,Cook,normal,Twilight Masquerade,147,Uncommon,Hideki Ishikawa,Supporter,,Trainer,2024/05/24,"tcgplayer,cardmarket",https://prices.pokemontcg.io/tcgplayer/sv6-147,https://images.pokemontcg.io/sv6/147_hires.png,2026/08/08,2025/11/21,0.17,0.009999999776482582,0.1599999964237213,1000.0,,0.25,,,,0.0461,0.0231,0.0346,0.15,0.023099999874830246,0.0461,0.0461,0.2307,0.1615,0.1615,1.1535,2026-08-09
sv6-148,Enhanced Hammer,normal,Twilight Masquerade,148,Uncommon,Eske Yoshinob,Item,,Trainer,2024/05/24,"tcgplayer,cardmarket",https://prices.pokemontcg.io/tcgplayer/sv6-148,https://images.pokemontcg.io/sv6/148_hires.png,2026/08/08,2025/11/21,0.23,0.019999999552965164,0.20000000298023224,1000.0,,0.54,,,,0.0923,0.0231,0.1269,0.2538,0.24220000207424164,0.1384,0.1269,0.346,0.2422,0.2422,1.1535,2026-08-09
sv6-149,Festival Grounds,normal,Twilight Masquerade,149,Uncommon,MARINA Chikazawa,Stadium,,Trainer,2024/05/24,"tcgplayer,cardmarket",https://prices.pokemontcg.io/tcgplayer/sv6-149,https://images.pokemontcg.io/sv6/149_hires.png,2026/08/08,2025/11/21,0.16,0.009999999776482582,0.20000000298023224,1000.0,,0.79,,,,0.0807,0.0231,0.0807,0.2076,0.03460000082850456,0.0923,0.0807,0.173,0.1846,0.1961,1.1535,2026-08-09
sv6-151,Hassel,normal,Twilight Masquerade,151,Uncommon,GOSSAN,Supporter,,Trainer,2024/05/24,"tcgplayer,cardmarket",https://prices.pokemontcg.io/tcgplayer/sv6-151,https://images.pokemontcg.io/sv6/151_hires.png,2026/08/08,2025/11/21,0.27,0.009999999776482582,0.23999999463558197,1000.0,,0.33,,,,0.0577,0.0231,0.0577,0.15,0.023099999874830246,0.0577,0.0577,0.1615,0.1384,0.15,1.1535,2026-08-09
sv6-150,Handheld Fan,normal,Twilight Masquerade,150,Uncommon,Toyste Beach,Pokémon Tool,,Trainer,2024/05/24,"tcgplayer,cardmarket",https://prices.pokemontcg.io/tcgplayer/sv6-150,https://images.pokemontcg.io/sv6/150_hires.png,2026/08/08,2025/11/21,0.19,0.009999999776482582,0.25,1000.0,,0.49,,,,0.0807,0.0231,0.0461,0.2307,0.023099999874830246,0.0692,0.0807,0.1961,0.15,0.2422,1.1535,2026-08-09
sv6-152,Hyper Aroma,holofoil,Twilight Masquerade,152,ACE SPEC Rare,Toyste Beach,Item|ACE SPEC,,Trainer,2024/05/24,"tcgplayer,cardmarket",https://prices.pokemontcg.io/tcgplayer/sv6-152,https://images.pokemontcg.io/sv6/152_hires.png,2026/08/08,2025/11/21,0.39,0.009999999776482582,0.4399999976158142,999.0,,,,,,0.6114,0.1154,0.5421,0.0,0.5074999928474426,0.5075,0.6114,0.0,0.0,0.0,1.1535,2026-08-09
sv6-153,Jamming Tower,normal,Twilight Masquerade,153,Uncommon,AYUMI ODASHIMA,Stadium,,Trainer,2024/05/24,"tcgplayer,cardmarket",https://prices.pokemontcg.io/tcgplayer/sv6-153,https://images.pokemontcg.io/sv6/153_hires.png,2026/08/08,2025/11/21,0.19,0.009999999776482582,0.2199999988079071,1000.0,,0.39,,,,0.1846,0.0231,0.2192,0.3922,0.29989999532699585,0.2307,0.1846,0.2192,0.4383,0.3922,1.1535,2026-08-09
sv6-154,Kieran,normal,Twilight Masquerade,154,Uncommon,GIDORA,Supporter,,Trainer,2024/05/24,"tcgplayer,cardmarket",https://prices.pokemontcg.io/tcgplayer/sv6-154,https://images.pokemontcg.io/sv6/154_hires.png,2026/08/08,2025/11/18,0.11,0.009999999776482582,0.1899999976158142,1000.0,,0.28,,,,0.0807,0.0231,0.1269,0.2307,0.04610000178217888,0.15,0.0807,0.5767,0.2768,0.2422,1.1535,2026-08-09
sv6-155,Lana's Aid,normal,Twilight Masquerade,155,Uncommon,Atsushi Furusawa,Supporter,,Trainer,2024/05/24,"tcgplayer,cardmarket",https://prices.pokemontcg.io/tcgplayer/sv6-155,https://images.pokemontcg.io/sv6/155_hires.png,2026/08/08,2025/11/18,0.32,0.05000000074505806,0.3199999928474426,999.0,,2.4,,,,0.1154,0.0231,0.1269,0.2192,0.04610000178217888,0.1269,0.1154,0.1961,0.3345,0.2768,1.1535,2026-08-09
sv6-156,Love Ball,normal,Twilight Masquerade,156,Uncommon,Studio Bora Inc.,Item,,Trainer,2024/05/24,"tcgplayer,cardmarket",https://prices.pokemontcg.io/tcgplayer/sv6-156,https://images.pokemontcg.io/sv6/156_hires.png,2026/08/08,2025/11/18,0.18,0.009999999776482582,0.20000000298023224,1000.0,,0.35,,,,0.0461,0.0231,0.0577,0.1384,0.023099999874830246,0.0692,0.0461,0.1154,0.2192,0.15,1.1535,2026-08-09
sv6-157,Lucian,normal,Twilight Masquerade,157,Uncommon,hncl,Supporter,,Trainer,2024/05/24,"tcgplayer,cardmarket",https://prices.pokemontcg.io/tcgplayer/sv6-157,https://images.pokemontcg.io/sv6/157_hires.png,2026/08/08,2025/11/18,0.13,0.009999999776482582,0.15000000596046448,999.0,,0.29,,,,0.0346,0.0231,0.0577,0.173,0.023099999874830246,0.0577,0.0346,0.2307,0.1846,0.1846,1.1535,2026-08-09
sv6-158,Lucky Helmet,normal,Twilight Masquerade,158,Uncommon,Studio Bora Inc.,Pokémon Tool,,Trainer,2024/05/24,"tcgplayer,cardmarket",https://prices.pokemontcg.io/tcgplayer/sv6-158,https://images.pokemontcg.io/sv6/158_hires.png,2026/08/08,2025/11/18,0.2,0.05999999865889549,0.25,1000.0,,0.54,,,,0.0692,0.0231,0.0577,0.2076,0.03460000082850456,0.0461,0.0577,0.346,0.2307,0.2076,1.1535,2026-08-09
sv6-159,Ogre's Mask,normal,Twilight Masquerade,159,Uncommon,5ban Graphics,Item,,Trainer,2024/05/24,"tcgplayer,cardmarket",https://prices.pokemontcg.io/tcgplayer/sv6-159,https://images.pokemontcg.io/sv6/159_hires.png,2026/08/08,2025/11/18,0.08,0.009999999776482582,0.15000000596046448,999.0,,0.24,,,,0.0346,0.0231,0.0692,0.1846,0.023099999874830246,0.0577,0.0346,0.0577,0.15,0.173,1.1535,2026-08-09
sv6-160,Perrin,normal,Twilight Masquerade,160,Uncommon,Naoki Saito,Supporter,,Trainer,2024/05/24,"tcgplayer,cardmarket",https://prices.pokemontcg.io/tcgplayer/sv6-160,https://images.pokemontcg.io/sv6/160_hires.png,2026/08/08,2025/11/18,0.1,0.009999999776482582,0.15000000596046448,1000.0,,0.29,,,,0.0577,0.0231,0.0807,0.1961,0.023099999874830246,0.0692,0.0577,0.0577,0.1846,0.2076,1.1535,2026-08-09
sv6-161,Raifort,normal,Twilight Masquerade,161,Uncommon,hncl,Supporter,,Trainer,2024/05/24,"tcgplayer,cardmarket",https://prices.pokemontcg.io/tcgplayer/sv6-161,https://images.pokemontcg.io/sv6/161_hires.png,2026/08/08,2025/11/18,0.03,0.009999999776482582,0.15000000596046448,1000.0,,0.23,,,,0.0461,0.0231,0.0461,0.173,0.023099999874830246,0.0461,0.0346,0.0577,0.0923,0.1615,1.1535,2026-08-09
sv6-162,Scoop Up Cyclone,holofoil,Twilight Masquerade,162,ACE SPEC Rare,Toyste Beach,Item|ACE SPEC,,Trainer,2024/05/24,"tcgplayer,cardmarket",https://prices.pokemontcg.io/tcgplayer/sv6-162,https://images.pokemontcg.io/sv6/162_hires.png,2026/08/08,2025/11/18,0.38,0.009999999776482582,0.5,999.0,,,,,,0.5191,0.0231,0.669,0.0,0.2768000066280365,0.7152,0.5767,0.0,0.0,0.0,1.1535,2026-08-09
sv6-163,Secret Box,holofoil,Twilight Masquerade,163,ACE SPEC Rare,Toyste Beach,Item|ACE SPEC,,Trainer,2024/05/24,"tcgplayer,cardmarket",https://prices.pokemontcg.io/tcgplayer/sv6-163,https://images.pokemontcg.io/sv6/163_hires.png,2026/08/08,2025/11/18,6.18,4.5,8.0,999.0,,,,,,14.3265,12.5732,16.7027,0.0,17.636999130249023,16.472,15.2031,0.0,0.0,0.0,1.1535,2026-08-09
sv6-164,Survival Brace,holofoil,Twilight Masquerade,164,ACE SPEC Rare,inose yukie,Pokémon Tool|ACE SPEC,,Trainer,2024/05/24,"tcgplayer,cardmarket",https://prices.pokemontcg.io/tcgplayer/sv6-164,https://images.pokemontcg.io/sv6/164_hires.png,2026/08/08,2025/11/18,0.4,0.10000000149011612,0.5,999.0,,,,,,0.4729,0.0577,0.669,0.0,0.35760000348091125,0.6114,0.5306,0.0,0.0,0.0,1.1535,2026-08-09
sv6-165,Unfair Stamp,holofoil,Twilight Masquerade,165,ACE SPEC Rare,Toyste Beach,Item|ACE SPEC,,Trainer,2024/05/24,"tcgplayer,cardmarket",https://prices.pokemontcg.io/tcgplayer/sv6-165,https://images.pokemontcg.io/sv6/165_hires.png,2026/08/08,2025/11/18,13.75,10.0,13.850000381469727,999.0,,,,,,1.6726,0.4499,1.2804,0.0,1.5111000537872314,1.3381,1.5226,0.0,0.0,0.0,1.1535,2026-08-09
sv6-166,Boomerang Energy,normal,Twilight Masquerade,166,Uncommon,,Special,,Energy,2024/05/24,"tcgplayer,cardmarket",https://prices.pokemontcg.io/tcgplayer/sv6-166,https://images.pokemontcg.io/sv6/166_hires.png,2026/08/08,2025/11/18,0.14,0.029999999329447746,0.20000000298023224,1000.0,,0.32,,,,0.0692,0.0231,0.173,0.2422,0.04610000178217888,0.1038,0.0692,0.173,0.1269,0.2538,1.1535,2026-08-09
sv6-167,Legacy Energy,holofoil,Twilight Masquerade,167,ACE SPEC Rare,,Special|ACE SPEC,,Energy,2024/05/24,"tcgplayer,cardmarket",https://prices.pokemontcg.io/tcgplayer/sv6-167,https://images.pokemontcg.io/sv6/167_hires.png,2026/08/08,2025/11/18,5.85,2.680000066757202,5.039999961853027,1000.0,,,,,,1.5572,0.4037,1.6034,0.0,1.499500036239624,1.6034,1.5688,0.0,0.0,0.0,1.1535,2026-08-09
sv6-168,Pinsir,holofoil,Twilight Masquerade,168,Illustration Rare,Yukihiro Tada,Basic,127,Pokémon,2024/05/24,"tcgplayer,cardmarket",https://prices.pokemontcg.io/tcgplayer/sv6-168,https://images.pokemontcg.io/sv6/168_hires.png,2026/08/08,2025/11/18,16.04,13.989999771118164,16.989999771118164,999.0,,,,,,10.1047,5.756,9.874,0.0,9.770099639892578,8.6974,9.8163,0.0,0.0,0.0,1.1535,2026-08-09
sv6-169,Sunflora,holofoil,Twilight Masquerade,169,Illustration Rare,Shinya Komatsu,Stage 1,192,Pokémon,2024/05/24,"tcgplayer,cardmarket",https://prices.pokemontcg.io/tcgplayer/sv6-169,https://images.pokemontcg.io/sv6/169_hires.png,2026/08/08,2025/11/18,9.09,6.480000019073486,9.130000114440918,999.0,,,,,,4.9254,2.8838,4.7524,0.0,6.11359977722168,4.6486,4.6255,0.0,0.0,0.0,1.1535,2026-08-09
sv6-170,Dipplin,holofoil,Twilight Masquerade,170,Illustration Rare,Akira Komayama,Stage 1,,Pokémon,2024/05/24,"tcgplayer,cardmarket",https://prices.pokemontcg.io/tcgplayer/sv6-170,https://images.pokemontcg.io/sv6/170_hires.png,2026/08/08,2025/11/18,12.83,11.0,13.800000190734863,999.0,,,,,,5.2715,2.5377,4.614,0.0,3.656599998474121,4.787,4.8332,0.0,0.0,0.0,1.1535,2026-08-09
sv6-171,Poltchageist,holofoil,Twilight Masquerade,171,Illustration Rare,Saboteri,Basic,,Pokémon,2024/05/24,"tcgplayer,cardmarket",https://prices.pokemontcg.io/tcgplayer/sv6-171,https://images.pokemontcg.io/sv6/171_hires.png,2026/08/08,2025/11/18,6.02,2.0,6.309999942779541,999.0,,,,,,3.0337,1.3842,3.0452,0.0,3.0106000900268555,3.0222,3.0337,0.0,0.0,0.0,1.1535,2026-08-09
sv6-172,Torkoal,holofoil,Twilight Masquerade,172,Illustration Rare,Masa,Basic,324,Pokémon,2024/05/24,"tcgplayer,cardmarket",https://prices.pokemontcg.io/tcgplayer/sv6-172,https://images.pokemontcg.io/sv6/172_hires.png,2026/08/08,2025/11/18,6.22,3.990000009536743,7.0,999.0,,,,,,4.2218,2.0648,3.8181,0.0,3.114500045776367,3.8642,3.9796,0.0,0.0,0.0,1.1535,2026-08-09
sv6-173,Infernape,holofoil,Twilight Masquerade,173,Illustration Rare,Krgc,Stage 2,392,Pokémon,2024/05/24,"tcgplayer,cardmarket",https://prices.pokemontcg.io/tcgplayer/sv6-173,https://images.pokemontcg.io/sv6/173_hires.png,2026/08/08,2025/11/18,14.79,11.989999771118164,15.609999656677246,999.0,,,,,,15.7914,6.6903,17.6486,0.0,15.283900260925293,20.267,14.9955,0.0,0.0,0.0,1.1535,2026-08-09
sv6-174,Froslass,holofoil,Twilight Masquerade,174,Illustration Rare,matazo,Stage 1,478,Pokémon,2024/05/24,"tcgplayer,cardmarket",https://prices.pokemontcg.io/tcgplayer/sv6-174,https://images.pokemontcg.io/sv6/174_hires.png,2026/08/08,2025/11/18,8.37,6.599999904632568,9.039999961853027,999.0,,,,,,7.59,3.4028,7.1286,0.0,8.07450008392334,6.8633,7.5208,0.0,0.0,0.0,1.1535,2026-08-09
sv6-175,Phione,holofoil,Twilight Masquerade,175,Illustration Rare,takashi shiraishi,Basic,489,Pokémon,2024/05/24,"tcgplayer,cardmarket",https://prices.pokemontcg.io/tcgplayer/sv6-175,https://images.pokemontcg.io/sv6/175_hires.png,2026/08/08,2025/11/18,13.25,7.0,14.0,999.0,,,,,,7.2901,3.4374,6.598,0.0,6.4481000900268555,6.8979,7.1056,0.0,0.0,0.0,1.1535,2026-08-09
sv6-176,Cramorant,holofoil,Twilight Masquerade,176,Illustration Rare,Fujimoto Gold,Basic,845,Pokémon,2024/05/24,"tcgplayer,cardmarket",https://prices.pokemontcg.io/tcgplayer/sv6-176,https://images.pokemontcg.io/sv6/176_hires.png,2026/08/08,2025/11/18,5.22,2.0,5.389999866485596,999.0,,,,,,2.9299,1.7302,3.0337,0.0,2.8838000297546387,3.0337,2.9299,0.0,0.0,0.0,1.1535,2026-08-09
sv6-178,Wattrel,holofoil,Twilight Masquerade,178,Illustration Rare,Mitsuhiro Arita,Basic,940,Pokémon,2024/05/24,"tcgplayer,cardmarket",https://prices.pokemontcg.io/tcgplayer/sv6-178,https://images.pokemontcg.io/sv6/178_hires.png,2026/08/08,2025/11/18,6.04,2.0,5.840000152587891,999.0,,,,,,4.0603,1.7302,3.5874,0.0,2.306999921798706,3.8988,3.8988,0.0,0.0,0.0,1.1535,2026-08-09
sv6-179,Chimecho,holofoil,Twilight Masquerade,179,Illustration Rare,REND,Basic,358,Pokémon,2024/05/24,"tcgplayer,cardmarket",https://prices.pokemontcg.io/tcgplayer/sv6-179,https://images.pokemontcg.io/sv6/179_hires.png,2026/08/08,2025/11/18,6.02,3.509999990463257,6.03000020980835,999.0,,,,,,3.5874,1.1535,3.3567,0.0,3.944999933242798,3.3221,3.5643,0.0,0.0,0.0,1.1535,2026-08-09
sv6-177,Heliolisk,holofoil,Twilight Masquerade,177,Illustration Rare,Tonji Matsuno,Stage 1,695,Pokémon,2024/05/24,"tcgplayer,cardmarket",https://prices.pokemontcg.io/tcgplayer/sv6-177,https://images.pokemontcg.io/sv6/177_hires.png,2026/08/08,2025/11/18,5.16,2.0,5.449999809265137,999.0,,,,,,3.7373,2.1916,3.6335,0.0,3.841200113296509,3.5758,3.7604,0.0,0.0,0.0,1.1535,2026-08-09
sv6-180,Enamorus,holofoil,Twilight Masquerade,180,Illustration Rare,GOTO minori,Basic,905,Pokémon,2024/05/24,"tcgplayer,cardmarket",https://prices.pokemontcg.io/tcgplayer/sv6-180,https://images.pokemontcg.io/sv6/180_hires.png,2026/08/08,2025/11/18,6.56,4.989999771118164,7.0,999.0,,,,,,4.3372,2.7569,3.6105,0.0,2.4800000190734863,3.4374,4.2795,0.0,0.0,0.0,1.1535,2026-08-09
sv6-181,Hisuian Growlithe,holofoil,Twilight Masquerade,181,Illustration Rare,GIDORA,Basic,58,Pokémon,2024/05/24,"tcgplayer,cardmarket",https://prices.pokemontcg.io/tcgplayer/sv6-181,https://images.pokemontcg.io/sv6/181_hires.png,2026/08/08,2025/11/18,30.71,26.0,32.4900016784668,999.0,,,,,,11.6619,3.449,11.5696,0.0,9.412599563598633,11.1197,12.0887,0.0,0.0,0.0,1.1535,2026-08-09
sv6-182,Probopass,holofoil,Twilight Masquerade,182,Illustration Rare,Kariya,Stage 1,476,Pokémon,2024/05/24,"tcgplayer,cardmarket",https://prices.pokemontcg.io/tcgplayer/sv6-182,https://images.pokemontcg.io/sv6/182_hires.png,2026/08/08,2025/11/18,4.83,2.8399999141693115,5.0,999.0,,,,,,3.0914,1.6034,2.7569,0.0,2.9644999504089355,2.8607,2.9068,0.0,0.0,0.0,1.1535,2026-08-09
sv6-183,Timburr,holofoil,Twilight Masquerade,183,Illustration Rare,Yuriko Akase,Basic,532,Pokémon,2024/05/24,"tcgplayer,cardmarket",https://prices.pokemontcg.io/tcgplayer/sv6-183,https://images.pokemontcg.io/sv6/183_hires.png,2026/08/08,2025/11/18,6.65,4.909999847412109,7.03000020980835,999.0,,,,,,4.3487,2.307,3.7604,0.0,3.8296000957489014,3.9104,3.968,0.0,0.0,0.0,1.1535,2026-08-09
sv6-184,Lairon,holofoil,Twilight Masquerade,184,Illustration Rare,Dsuke,Stage 1,305,Pokémon,2024/05/24,"tcgplayer,cardmarket",https://prices.pokemontcg.io/tcgplayer/sv6-184,https://images.pokemontcg.io/sv6/184_hires.png,2026/08/08,2025/11/18,5.76,3.0,6.239999771118164,999.0,,,,,,4.4871,1.661,3.8642,0.0,4.014200210571289,3.795,3.9104,0.0,0.0,0.0,1.1535,2026-08-09
sv6-185,Applin,holofoil,Twilight Masquerade,185,Illustration Rare,Katsunori Sato,Basic,840,Pokémon,2024/05/24,"tcgplayer,cardmarket",https://prices.pokemontcg.io/tcgplayer/sv6-185,https://images.pokemontcg.io/sv6/185_hires.png,2026/08/08,2025/11/18,12.07,7.960000038146973,13.199999809265137,999.0,,,,,,4.7178,2.134,4.4294,0.0,2.814500093460083,4.291,4.5679,0.0,0.0,0.0,1.1535,2026-08-09
sv6-186,Tatsugiri,holofoil,Twilight Masquerade,186,Illustration Rare,osare,Basic,978,Pokémon,2024/05/24,"tcgplayer,cardmarket",https://prices.pokemontcg.io/tcgplayer/sv6-186,https://images.pokemontcg.io/sv6/186_hires.png,2026/08/08,2025/11/18,21.95,18.0,23.989999771118164,999.0,,,,,,11.6503,7.1517,10.7622,0.0,7.486199855804443,10.7391,11.8234,0.0,0.0,0.0,1.1535,2026-08-09
sv6-187,Chansey,holofoil,Twilight Masquerade,187,Illustration Rare,Toshinao Aoki,Basic,113,Pokémon,2024/05/24,"tcgplayer,cardmarket",https://prices.pokemontcg.io/tcgplayer/sv6-187,https://images.pokemontcg.io/sv6/187_hires.png,2026/08/08,2025/11/18,56.4,48.9900016784668,60.16999816894531,999.0,,,,,,29.668,9.1934,29.5065,0.0,22.539400100708008,31.2483,26.3344,0.0,0.0,0.0,1.1535,2026-08-09
sv6-188,Eevee,holofoil,Twilight Masquerade,188,Illustration Rare,Narumi Sato,Basic,133,Pokémon,2024/05/24,"tcgplayer,cardmarket",https://prices.pokemontcg.io/tcgplayer/sv6-188,https://images.pokemontcg.io/sv6/188_hires.png,2026/08/08,2025/11/18,100.29,79.0,100.56999969482422,999.0,,,,,,72.7858,28.8375,51.1462,0.0,55.0796012878418,63.9616,66.8799,0.0,0.0,0.0,1.1535,2026-08-09
sv6-189,Sinistcha ex,holofoil,Twilight Masquerade,189,Ultra Rare,aky CG Works,Stage 1|ex,,Pokémon,2024/05/24,"tcgplayer,cardmarket",https://prices.pokemontcg.io/tcgplayer/sv6-189,https://images.pokemontcg.io/sv6/189_hires.png,2026/08/08,2025/11/18,1.5,0.75,1.659999966621399,999.0,,,,,,1.5342,0.5767,1.3727,0.0,0.7843999862670898,1.315,1.4995,0.0,0.0,0.0,1.1535,2026-08-09
sv6-190,Teal Mask Ogerpon ex,holofoil,Twilight Masquerade,190,Ultra Rare,5ban Graphics,Basic|Tera|ex,,Pokémon,2024/05/24,"tcgplayer,cardmarket",https://prices.pokemontcg.io/tcgplayer/sv6-190,https://images.pokemontcg.io/sv6/190_hires.png,2026/08/08,2025/11/18,5.31,3.549999952316284,6.03000020980835,999.0,,,,,,4.5794,2.2955,3.5412,0.0,3.668100118637085,3.8642,4.5333,0.0,0.0,0.0,1.1535,2026-08-09
sv6-191,Magcargo ex,holofoil,Twilight Masquerade,191,Ultra Rare,PLANETA Yamashita,Stage 1|Tera|ex,219,Pokémon,2024/05/24,"tcgplayer,cardmarket",https://prices.pokemontcg.io/tcgplayer/sv6-191,https://images.pokemontcg.io/sv6/191_hires.png,2026/08/08,2025/11/18,1.73,0.7200000286102295,1.8200000524520874,999.0,,,,,,1.6495,0.8651,1.5688,0.0,1.464900016784668,1.6264,1.6034,0.0,0.0,0.0,1.1535,2026-08-09
sv6-194,Wellspring Mask Ogerpon ex,holofoil,Twilight Masquerade,194,Ultra Rare,5ban Graphics,Basic|Tera|ex,,Pokémon,2024/05/24,"tcgplayer,cardmarket",https://prices.pokemontcg.io/tcgplayer/sv6-194,https://images.pokemontcg.io/sv6/194_hires.png,2026/08/08,2025/11/18,3.68,2.0,3.859999895095825,999.0,,,,,,3.6797,1.6149,3.6335,0.0,3.6796998977661133,3.8527,3.7258,0.0,0.0,0.0,1.1535,2026-08-09
sv6-192,Hearthflame Mask Ogerpon ex,holofoil,Twilight Masquerade,192,Ultra Rare,5ban Graphics,Basic|Tera|ex,,Pokémon,2024/05/24,"tcgplayer,cardmarket",https://prices.pokemontcg.io/tcgplayer/sv6-192,https://images.pokemontcg.io/sv6/192_hires.png,2026/08/08,2025/11/18,2.21,1.4800000190734863,2.359999895095825,999.0,,,,,,2.2147,1.0381,2.2263,0.0,1.5341999530792236,2.1801,2.1224,0.0,0.0,0.0,1.1535,2026-08-09
sv6-193,Palafin ex,holofoil,Twilight Masquerade,193,Ultra Rare,PLANETA Mochizuki,Stage 1|ex,964,Pokémon,2024/05/24,"tcgplayer,cardmarket",https://prices.pokemontcg.io/tcgplayer/sv6-193,https://images.pokemontcg.io/sv6/193_hires.png,2026/08/08,2025/11/18,1.74,0.9100000262260437,1.909999966621399,999.0,,,,,,1.7072,1.0381,1.4649,0.0,1.5917999744415283,1.4188,1.6034,0.0,0.0,0.0,1.1535,2026-08-09
sv6-195,Luxray ex,holofoil,Twilight Masquerade,195,Ultra Rare,PLANETA Yamashita,Stage 2|ex,405,Pokémon,2024/05/24,"tcgplayer,cardmarket",https://prices.pokemontcg.io/tcgplayer/sv6-195,https://images.pokemontcg.io/sv6/195_hires.png,2026/08/08,2025/11/18,2.84,1.9900000095367432,3.299999952316284,999.0,,,,,,2.457,1.1304,2.3762,0.0,3.4489998817443848,2.1224,2.4224,0.0,0.0,0.0,1.1535,2026-08-09
sv6-196,Iron Thorns ex,holofoil,Twilight Masquerade,196,Ultra Rare,PLANETA Mochizuki,Basic|ex|Future,995,Pokémon,2024/05/24,"tcgplayer,cardmarket",https://prices.pokemontcg.io/tcgplayer/sv6-196,https://images.pokemontcg.io/sv6/196_hires.png,2026/08/08,2025/11/18,2.06,1.75,2.990000009536743,999.0,,,,,,2.4916,1.1535,2.2378,0.0,1.8224999904632568,1.9263,2.3416,0.0,0.0,0.0,1.1535,2026-08-09
sv6-197,Scream Tail ex,holofoil,Twilight Masquerade,197,Ultra Rare,PLANETA Hiiragi,Basic|ex|Ancient,985,Pokémon,2024/05/24,"tcgplayer,cardmarket",https://prices.pokemontcg.io/tcgplayer/sv6-197,https://images.pokemontcg.io/sv6/197_hires.png,2026/08/08,2025/11/18,2.53,1.7300000190734863,2.7699999809265137,999.0,,,,,,1.8456,0.8074,1.7072,0.0,1.3841999769210815,1.638,1.7533,0.0,0.0,0.0,1.1535,2026-08-09
sv6-198,Greninja ex,holofoil,Twilight Masquerade,198,Ultra Rare,5ban Graphics,Stage 2|Tera|ex,658,Pokémon,2024/05/24,"tcgplayer,cardmarket",https://prices.pokemontcg.io/tcgplayer/sv6-198,https://images.pokemontcg.io/sv6/198_hires.png,2026/08/08,2025/11/18,15.13,12.25,17.700000762939453,999.0,,,,,,5.8252,3.9219,4.4756,0.0,4.856200218200684,5.11,5.8136,0.0,0.0,0.0,1.1535,2026-08-09
sv6-199,Cornerstone Mask Ogerpon ex,holofoil,Twilight Masquerade,199,Ultra Rare,5ban Graphics,Basic|Tera|ex,,Pokémon,2024/05/24,"tcgplayer,cardmarket",https://prices.pokemontcg.io/tcgplayer/sv6-199,https://images.pokemontcg.io/sv6/199_hires.png,2026/08/08,2025/11/18,3.41,1.9900000095367432,4.0,999.0,,,,,,4.291,1.7302,4.6601,0.0,4.556300163269043,4.8101,4.4871,0.0,0.0,0.0,1.1535,2026-08-09
sv6-200,Dragapult ex,holofoil,Twilight Masquerade,200,Ultra Rare,5ban Graphics,Stage 2|Tera|ex,887,Pokémon,2024/05/24,"tcgplayer,cardmarket",https://prices.pokemontcg.io/tcgplayer/sv6-200,https://images.pokemontcg.io/sv6/200_hires.png,2026/08/08,2025/11/18,13.71,11.0,15.0,999.0,,,,,,8.1206,4.614,8.5705,0.0,6.724899768829346,8.1668,8.0053,0.0,0.0,0.0,1.1535,2026-08-09
sv6-201,Blissey ex,holofoil,Twilight Masquerade,201,Ultra Rare,PLANETA Tsuji,Stage 1|ex,242,Pokémon,2024/05/24,"tcgplayer,cardmarket",https://prices.pokemontcg.io/tcgplayer/sv6-201,https://images.pokemontcg.io/sv6/201_hires.png,2026/08/08,2025/11/18,4.5,3.0,4.800000190734863,999.0,,,,,,3.2298,1.3842,3.0914,0.0,2.6414999961853027,2.976,3.1606,0.0,0.0,0.0,1.1535,2026-08-09
sv6-202,Bloodmoon Ursaluna ex,holofoil,Twilight Masquerade,202,Ultra Rare,aky CG Works,Basic|ex,901,Pokémon,2024/05/24,"tcgplayer,cardmarket",https://prices.pokemontcg.io/tcgplayer/sv6-202,https://images.pokemontcg.io/sv6/202_hires.png,2026/08/08,2025/11/18,2.02,1.5,2.890000104904175,999.0,,,,,,3.5297,1.7302,3.449,0.0,4.2795000076293945,3.4144,3.3567,0.0,0.0,0.0,1.1535,2026-08-09
sv6-203,Caretaker,holofoil,Twilight Masquerade,203,Ultra Rare,Akira Komayama,Supporter,,Trainer,2024/05/24,"tcgplayer,cardmarket",https://prices.pokemontcg.io/tcgplayer/sv6-203,https://images.pokemontcg.io/sv6/203_hires.png,2026/08/08,2025/11/18,0.85,0.41999998688697815,0.9900000095367432,999.0,,,,,,1.7302,0.5767,0.1038,0.0,1.61489999294281,1.3381,1.6264,0.0,0.0,0.0,1.1535,2026-08-09
sv6-204,Carmine,holofoil,Twilight Masquerade,204,Ultra Rare,kantaro,Supporter,,Trainer,2024/05/24,"tcgplayer,cardmarket",https://prices.pokemontcg.io/tcgplayer/sv6-204,https://images.pokemontcg.io/sv6/204_hires.png,2026/08/08,2025/11/18,4.61,2.880000114440918,5.389999866485596,999.0,,,,,,5.9867,2.2493,5.1792,0.0,4.983099937438965,5.6637,5.8482,0.0,0.0,0.0,1.1535,2026-08-09
sv6-205,Hassel,holofoil,Twilight Masquerade,205,Ultra Rare,GOSSAN,Supporter,,Trainer,2024/05/24,"tcgplayer,cardmarket",https://prices.pokemontcg.io/tcgplayer/sv6-205,https://images.pokemontcg.io/sv6/205_hires.png,2026/08/08,2025/11/18,1.62,0.6700000166893005,1.7300000190734863,999.0,,,,,,1.5803,0.4614,1.3381,0.0,1.1303999423980713,1.4995,1.4534,0.0,0.0,0.0,1.1535,2026-08-09
sv6-206,Kieran,holofoil,Twilight Masquerade,206,Ultra Rare,GIDORA,Supporter,,Trainer,2024/05/24,"tcgplayer,cardmarket",https://prices.pokemontcg.io/tcgplayer/sv6-206,https://images.pokemontcg.io/sv6/206_hires.png,2026/08/08,2025/11/18,3.76,2.5,4.03000020980835,999.0,,,,,,2.7338,1.0381,2.2839,0.0,2.5492000579833984,2.3647,2.6069,0.0,0.0,0.0,1.1535,2026-08-09
sv6-207,Lana's Aid,holofoil,Twilight Masquerade,207,Ultra Rare,Atsushi Furusawa,Supporter,,Trainer,2024/05/24,"tcgplayer,cardmarket",https://prices.pokemontcg.io/tcgplayer/sv6-207,https://images.pokemontcg.io/sv6/207_hires.png,2026/08/08,2025/11/18,6.94,4.989999771118164,6.920000076293945,999.0,,,,,,3.449,1.7302,3.5643,0.0,3.6796998977661133,3.7027,3.5758,0.0,0.0,0.0,1.1535,2026-08-09
sv6-208,Lucian,holofoil,Twilight Masquerade,208,Ultra Rare,hncl,Supporter,,Trainer,2024/05/24,"tcgplayer,cardmarket",https://prices.pokemontcg.io/tcgplayer/sv6-208,https://images.pokemontcg.io/sv6/208_hires.png,2026/08/08,2025/11/18,1.21,0.75,1.4800000190734863,999.0,,,,,,1.7187,0.5767,1.2227,0.0,1.0843000411987305,1.2227,1.3727,0.0,0.0,0.0,1.1535,2026-08-09
sv6-209,Perrin,holofoil,Twilight Masquerade,209,Ultra Rare,Naoki Saito,Supporter,,Trainer,2024/05/24,"tcgplayer,cardmarket",https://prices.pokemontcg.io/tcgplayer/sv6-209,https://images.pokemontcg.io/sv6/209_hires.png,2026/08/08,2025/11/18,5.46,3.9800000190734863,5.599999904632568,999.0,,,,,,3.4259,1.7302,2.9991,0.0,3.4489998817443848,2.9184,3.2529,0.0,0.0,0.0,1.1535,2026-08-09
sv6-211,Teal Mask Ogerpon ex,holofoil,Twilight Masquerade,211,Special Illustration Rare,Yano Keiji,Basic|Tera|ex,,Pokémon,2024/05/24,"tcgplayer,cardmarket",https://prices.pokemontcg.io/tcgplayer/sv6-211,https://images.pokemontcg.io/sv6/211_hires.png,2026/08/08,2025/11/18,21.24,19.0,24.43000030517578,999.0,,,,,,23.0931,17.3025,21.3167,0.0,18.45599937438965,21.0052,22.8624,0.0,0.0,0.0,1.1535,2026-08-09
sv6-210,Sinistcha ex,holofoil,Twilight Masquerade,210,Special Illustration Rare,Saboteri,Stage 1|ex,,Pokémon,2024/05/24,"tcgplayer,cardmarket",https://prices.pokemontcg.io/tcgplayer/sv6-210,https://images.pokemontcg.io/sv6/210_hires.png,2026/08/08,2025/11/18,34.2,31.1299991607666,36.0,999.0,,,,,,20.8207,9.228,19.1481,0.0,18.398300170898438,20.3708,20.3016,0.0,0.0,0.0,1.1535,2026-08-09
sv6-214,Greninja ex,holofoil,Twilight Masquerade,214,Special Illustration Rare,akagi,Stage 2|Tera|ex,658,Pokémon,2024/05/24,"tcgplayer,cardmarket",https://prices.pokemontcg.io/tcgplayer/sv6-214,https://images.pokemontcg.io/sv6/214_hires.png,2026/08/08,2025/11/18,381.11,321.0,396.94000244140625,3429.989990234375,,,,,,260.4488,149.955,258.3033,0.0,177.63900756835938,264.2322,276.0672,0.0,0.0,0.0,1.1535,2026-08-09
sv6-212,Hearthflame Mask Ogerpon ex,holofoil,Twilight Masquerade,212,Special Illustration Rare,Yano Keiji,Basic|Tera|ex,,Pokémon,2024/05/24,"tcgplayer,cardmarket",https://prices.pokemontcg.io/tcgplayer/sv6-212,https://images.pokemontcg.io/sv6/212_hires.png,2026/08/08,2025/11/18,12.67,9.989999771118164,13.619999885559082,999.0,,,,,,12.7,8.6512,13.8651,0.0,11.511899948120117,12.3886,12.3886,0.0,0.0,0.0,1.1535,2026-08-09
sv6-213,Wellspring Mask Ogerpon ex,holofoil,Twilight Masquerade,213,Special Illustration Rare,Yano Keiji,Basic|Tera|ex,,Pokémon,2024/05/24,"tcgplayer,cardmarket",https://prices.pokemontcg.io/tcgplayer/sv6-213,https://images.pokemontcg.io/sv6/213_hires.png,2026/08/08,2025/11/18,15.69,13.5,17.8700008392334,999.0,,,,,,17.1525,11.5235,17.1756,0.0,17.590900421142578,17.4178,17.2218,0.0,0.0,0.0,1.1535,2026-08-09
sv6-215,Cornerstone Mask Ogerpon ex,holofoil,Twilight Masquerade,215,Special Illustration Rare,Yano Keiji,Basic|Tera|ex,,Pokémon,2024/05/24,"tcgplayer,cardmarket",https://prices.pokemontcg.io/tcgplayer/sv6-215,https://images.pokemontcg.io/sv6/215_hires.png,2026/08/08,2025/11/18,15.01,13.0,16.1200008392334,999.0,,,,,,16.3797,12.6308,15.48,0.0,14.995499610900879,16.322,16.6335,0.0,0.0,0.0,1.1535,2026-08-09
sv6-216,Bloodmoon Ursaluna ex,holofoil,Twilight Masquerade,216,Special Illustration Rare,MINAMINAMI Take,Basic|ex,901,Pokémon,2024/05/24,"tcgplayer,cardmarket",https://prices.pokemontcg.io/tcgplayer/sv6-216,https://images.pokemontcg.io/sv6/216_hires.png,2026/08/08,2025/11/18,48.22,40.0,49.9900016784668,999.0,,,,,,33.6937,26.5305,30.8561,0.0,27.1072998046875,32.9555,33.2323,0.0,0.0,0.0,1.1535,2026-08-09
sv6-218,Kieran,holofoil,Twilight Masquerade,218,Special Illustration Rare,Teeziro,Supporter,,Trainer,2024/05/24,"tcgplayer,cardmarket",https://prices.pokemontcg.io/tcgplayer/sv6-218,https://images.pokemontcg.io/sv6/218_hires.png,2026/08/08,2025/11/18,28.68,24.68000030517578,31.489999771118164,999.0,,,,,,24.7541,17.8792,25.9884,0.0,23.912099838256836,26.4844,24.8925,0.0,0.0,0.0,1.1535,2026-08-09
sv6-219,Lana's Aid,holofoil,Twilight Masquerade,219,Special Illustration Rare,Toshinao Aoki,Supporter,,Trainer,2024/05/24,"tcgplayer,cardmarket",https://prices.pokemontcg.io/tcgplayer/sv6-219,https://images.pokemontcg.io/sv6/219_hires.png,2026/08/08,2025/11/18,41.3,34.310001373291016,44.02000045776367,999.0,,,,,,22.5163,17.1871,21.9396,0.0,22.20490074157715,22.8047,22.0549,0.0,0.0,0.0,1.1535,2026-08-09
sv6-217,Carmine,holofoil,Twilight Masquerade,217,Special Illustration Rare,En Morikura,Supporter,,Trainer,2024/05/24,"tcgplayer,cardmarket",https://prices.pokemontcg.io/tcgplayer/sv6-217,https://images.pokemontcg.io/sv6/217_hires.png,2026/08/08,2025/11/18,55.06,50.0,64.91999816894531,999.0,,,,,,50.8232,34.605,50.0965,0.0,59.070701599121094,52.8995,51.3077,0.0,0.0,0.0,1.1535,2026-08-09
sv6-220,Perrin,holofoil,Twilight Masquerade,220,Special Illustration Rare,GIDORA,Supporter,,Trainer,2024/05/24,"tcgplayer,cardmarket",https://prices.pokemontcg.io/tcgplayer/sv6-220,https://images.pokemontcg.io/sv6/220_hires.png,2026/08/08,2025/11/18,176.3,161.02000427246094,184.9199981689453,1212.699951171875,,,,,,69.9021,46.14,64.1577,0.0,63.430999755859375,68.5294,67.8604,0.0,0.0,0.0,1.1535,2026-08-09
sv6-221,Teal Mask Ogerpon ex,holofoil,Twilight Masquerade,221,Hyper Rare,5ban Graphics,Basic|Tera|ex,,Pokémon,2024/05/24,"tcgplayer,cardmarket",https://prices.pokemontcg.io/tcgplayer/sv6-221,https://images.pokemontcg.io/sv6/221_hires.png,2026/08/08,2025/11/18,9.79,7.0,10.989999771118164,999.0,,,,,,12.2156,8.8819,12.4809,0.0,11.846400260925293,13.3345,12.1002,0.0,0.0,0.0,1.1535,2026-08-09
sv6-222,Bloodmoon Ursaluna ex,holofoil,Twilight Masquerade,222,Hyper Rare,aky CG Works,Basic|ex,901,Pokémon,2024/05/24,"tcgplayer,cardmarket",https://prices.pokemontcg.io/tcgplayer/sv6-222,https://images.pokemontcg.io/sv6/222_hires.png,2026/08/08,2025/11/18,8.9,7.5,9.859999656677246,999.0,,,,,,10.9929,9.228,10.4738,0.0,9.804800033569336,10.6353,10.9929,0.0,0.0,0.0,1.1535,2026-08-09
sv6-223,Buddy-Buddy Poffin,holofoil,Twilight Masquerade,223,Hyper Rare,AYUMI ODASHIMA,Item,,Trainer,2024/05/24,"tcgplayer,cardmarket",https://prices.pokemontcg.io/tcgplayer/sv6-223,https://images.pokemontcg.io/sv6/223_hires.png,2026/08/08,2025/11/18,11.51,8.0,13.920000076293945,999.0,,,,,,17.7293,13.2652,16.5873,0.0,16.14900016784668,16.7027,17.3256,0.0,0.0,0.0,1.1535,2026-08-09
sv6-224,Enhanced Hammer,holofoil,Twilight Masquerade,224,Hyper Rare,Eske Yoshinob,Item,,Trainer,2024/05/24,"tcgplayer,cardmarket",https://prices.pokemontcg.io/tcgplayer/sv6-224,https://images.pokemontcg.io/sv6/224_hires.png,2026/08/08,2025/11/18,5.67,3.799999952316284,6.25,999.0,,,,,,5.7675,4.3833,6.2635,0.0,5.663700103759766,6.1597,5.8136,0.0,0.0,0.0,1.1535,2026-08-09
sv6-225,Rescue Board,holofoil,Twilight Masquerade,225,Hyper Rare,Toyste Beach,Pokémon Tool,,Trainer,2024/05/24,"tcgplayer,cardmarket",https://prices.pokemontcg.io/tcgplayer/sv6-225,https://images.pokemontcg.io/sv6/225_hires.png,2026/08/08,2025/11/18,2.69,1.9800000190734863,3.1600000858306885,999.0,,,,,,5.9982,4.3256,5.4445,0.0,4.706299781799316,6.6903,6.1136,0.0,0.0,0.0,1.1535,2026-08-09
sv6-226,Luminous Energy,holofoil,Twilight Masquerade,226,Hyper Rare,,Special,,Energy,2024/05/24,"tcgplayer,cardmarket",https://prices.pokemontcg.io/tcgplayer/sv6-226,https://images.pokemontcg.io/sv6/226_hires.png,2026/08/08,2025/11/18,5.35,3.8299999237060547,5.480000019073486,999.0,,,,,,10.7622,8.0745,9.4818,0.0,10.26609992980957,9.4587,10.1277,0.0,0.0,0.0,1.1535,2026-08-09
svp-72,Great Tusk ex,holofoil,Scarlet & Violet Black Star Promos,72,Promo,5ban Graphics,Basic|ex|Ancient,984,Pokémon,2023/01/01,"tcgplayer,cardmarket",https://prices.pokemontcg.io/tcgplayer/svp-72,https://images.pokemontcg.io/svp/72_hires.png,2026/08/08,2025/12/28,0.92,0.699999988079071,1.1100000143051147,19.059999465942383,,,,,,0.7152,0.0923,0.8536,0.0,1.6956000328063965,0.9113,0.7498,0.0,0.0,0.0,1.1535,2026-08-09
svp-73,Iron Treads ex,holofoil,Scarlet & Violet Black Star Promos,73,Promo,5ban Graphics,Basic|ex|Future,990,Pokémon,2023/01/01,"tcgplayer,cardmarket",https://prices.pokemontcg.io/tcgplayer/svp-73,https://images.pokemontcg.io/svp/73_hires.png,2026/08/08,2025/12/28,0.85,0.5,1.0,19.979999542236328,,,,,,0.7613,0.1154,0.7267,0.0,0.6690000295639038,0.7382,0.7728,0.0,0.0,0.0,1.1535,2026-08-09
svp-74,Charizard ex,holofoil,Scarlet & Violet Black Star Promos,74,Promo,5ban Graphics,Stage 2|Tera|ex,6,Pokémon,2023/01/01,"tcgplayer,cardmarket",https://prices.pokemontcg.io/tcgplayer/svp-74,https://images.pokemontcg.io/svp/74_hires.png,2026/08/08,2025/12/28,22.36,19.0,25.200000762939453,207.0800018310547,,,,,,11.9272,5.1907,16.8642,0.0,12.377099990844727,15.6299,12.6078,0.0,0.0,0.0,1.1535,2026-08-09
svp-99,Shroodle,holofoil,Scarlet & Violet Black Star Promos,99,Promo,Hitoshi Ariga,Basic,944,Pokémon,2023/01/01,"tcgplayer,cardmarket",https://prices.pokemontcg.io/tcgplayer/svp-99,https://images.pokemontcg.io/svp/99_hires.png,2026/08/08,2025/12/07,0.41,0.17000000178813934,0.44999998807907104,19.979999542236328,,,,,,0.3576,0.0461,0.2884,0.0,0.23070000112056732,0.3576,0.3691,0.0,0.0,0.0,1.1535,2026-08-09
svp-100,Grafaiai ex,holofoil,Scarlet & Violet Black Star Promos,100,Promo,aky CG Works,Stage 1|ex,945,Pokémon,2023/01/01,"tcgplayer,cardmarket",https://prices.pokemontcg.io/tcgplayer/svp-100,https://images.pokemontcg.io/svp/100_hires.png,2026/08/08,2025/12/07,0.78,0.5,0.8999999761581421,5.0,,,,,,0.5883,0.1154,0.5652,0.0,0.6114000082015991,0.5537,0.9113,0.0,0.0,0.0,1.1535,2026-08-09
svp-103,Houndoom ex,holofoil,Scarlet & Violet Black Star Promos,103,Promo,PLANETA Tsuji,Stage 1|ex,229,Pokémon,2023/01/01,"tcgplayer,cardmarket",https://prices.pokemontcg.io/tcgplayer/svp-103,https://images.pokemontcg.io/svp/103_hires.png,2026/08/08,2025/12/07,3.35,2.390000104904175,3.4700000286102295,9999.0,,,,,,7.5554,4.0373,7.7054,0.0,7.993800163269043,8.1668,8.0284,0.0,0.0,0.0,1.1535,2026-08-09
svp-104,Melmetal ex,holofoil,Scarlet & Violet Black Star Promos,104,Promo,PLANETA Igarashi,Stage 1|ex,809,Pokémon,2023/01/01,"tcgplayer,cardmarket",https://prices.pokemontcg.io/tcgplayer/svp-104,https://images.pokemontcg.io/svp/104_hires.png,2026/08/08,2025/12/07,1.75,1.5399999618530273,1.9900000095367432,9999.0,,,,,,10.1739,2.8838,9.9662,0.0,10.381500244140625,10.0816,9.8394,0.0,0.0,0.0,1.1535,2026-08-09
svp-105,Armarouge ex,,Scarlet & Violet Black Star Promos,105,Promo,PLANETA Tsuji,Stage 1|ex,936,Pokémon,2023/01/01,cardmarket,https://prices.pokemontcg.io/cardmarket/svp-105,https://images.pokemontcg.io/svp/105_hires.png,,2025/12/07,,,,,,,,,,6.4711,4.614,6.575,0.0,6.921000003814697,6.8287,6.8172,0.0,0.0,0.0,1.1535,2026-08-09
svp-106,Pikachu ex,,Scarlet & Violet Black Star Promos,106,Promo,takuyoa,Basic|ex,25,Pokémon,2023/01/01,cardmarket,https://prices.pokemontcg.io/cardmarket/svp-106,https://images.pokemontcg.io/svp/106_hires.png,,2025/12/07,,,,,,,,,,15.9644,17.2448,15.5261,0.0,12.68850040435791,16.0452,18.1907,0.0,0.0,0.0,1.1535,2026-08-09
svp-107,Mareep,,Scarlet & Violet Black Star Promos,107,Promo,Orca,Basic,179,Pokémon,2023/01/01,cardmarket,https://prices.pokemontcg.io/cardmarket/svp-107,https://images.pokemontcg.io/svp/107_hires.png,,2025/12/07,,,,,,,,,,0.7844,0.2076,0.7382,0.0,0.9343000054359436,0.7382,0.7844,0.0,0.0,0.0,1.1535,2026-08-09
svp-108,Flaaffy,,Scarlet & Violet Black Star Promos,108,Promo,Akira Komayama,Stage 1,180,Pokémon,2023/01/01,cardmarket,https://prices.pokemontcg.io/cardmarket/svp-108,https://images.pokemontcg.io/svp/108_hires.png,,2025/12/07,,,,,,,,,,1.0843,0.5767,1.0843,0.0,1.4072999954223633,1.2112,1.142,0.0,0.0,0.0,1.1535,2026-08-09
svp-109,Ampharos,,Scarlet & Violet Black Star Promos,109,Promo,GIDORA,Stage 2,181,Pokémon,2023/01/01,cardmarket,https://prices.pokemontcg.io/cardmarket/svp-109,https://images.pokemontcg.io/svp/109_hires.png,,2025/12/07,,,,,,,,,,1.7649,0.8651,1.8571,0.0,1.6956000328063965,1.7072,1.6726,0.0,0.0,0.0,1.1535,2026-08-09
svp-110,Darkrai ex,,Scarlet & Violet Black Star Promos,110,Promo,5ban Graphics,Basic|ex,491,Pokémon,2023/01/01,cardmarket,https://prices.pokemontcg.io/cardmarket/svp-110,https://images.pokemontcg.io/svp/110_hires.png,,2025/12/07,,,,,,,,,,11.3043,9.228,11.3043,0.0,8.47819995880127,11.5696,12.1694,0.0,0.0,0.0,1.1535,2026-08-09
svp-111,Pawniard,,Scarlet & Violet Black Star Promos,111,Promo,matazo,Basic,624,Pokémon,2023/01/01,cardmarket,https://prices.pokemontcg.io/cardmarket/svp-111,https://images.pokemontcg.io/svp/111_hires.png,,2025/11/25,,,,,,,,,,0.5883,0.173,0.7498,0.0,0.3345000147819519,0.4845,0.5767,0.0,0.0,0.0,1.1535,2026-08-09
svp-112,Bisharp,,Scarlet & Violet Black Star Promos,112,Promo,AKIRA EGAWA,Stage 1,625,Pokémon,2023/01/01,cardmarket,https://prices.pokemontcg.io/cardmarket/svp-112,https://images.pokemontcg.io/svp/112_hires.png,,2025/11/25,,,,,,,,,,0.8651,0.1154,1.0958,0.0,0.51910001039505,0.9805,0.8074,0.0,0.0,0.0,1.1535,2026-08-09
svp-113,Kingambit,,Scarlet & Violet Black Star Promos,113,Promo,nagimiso,Stage 2,983,Pokémon,2023/01/01,cardmarket,https://prices.pokemontcg.io/cardmarket/svp-113,https://images.pokemontcg.io/svp/113_hires.png,,2025/11/25,,,,,,,,,,1.8341,0.2422,1.8917,0.0,0.9228000044822693,1.3842,1.5688,0.0,0.0,0.0,1.1535,2026-08-09
svp-114,Picnicker,normal,Scarlet & Violet Black Star Promos,114,Promo,Susumu Maeya,Supporter,,Trainer,2023/01/01,"tcgplayer,cardmarket",https://prices.pokemontcg.io/tcgplayer/svp-114,https://images.pokemontcg.io/svp/114_hires.png,2026/08/08,2025/11/21,0.46,0.25,0.46000000834465027,19.979999542236328,,,,,,0.3691,0.0231,0.4037,0.0,0.57669997215271,0.3922,0.3345,0.0,0.0,0.0,1.1535,2026-08-09
svp-115,Thwackey,holofoil,Scarlet & Violet Black Star Promos,115,Promo,Uninori,Stage 1,811,Pokémon,2023/01/01,"tcgplayer,cardmarket",https://prices.pokemontcg.io/tcgplayer/svp-115,https://images.pokemontcg.io/svp/115_hires.png,2026/08/08,2025/11/21,10.22,9.020000457763672,11.220000267028809,9999.0,,,,,,4.1872,1.6149,4.3833,0.0,4.3140997886657715,4.4525,4.291,0.0,0.0,0.0,1.1535,2026-08-09
svp-116,Infernape,holofoil,Scarlet & Violet Black Star Promos,116,Promo,Kazumasa Yasukuni,Stage 2,392,Pokémon,2023/01/01,"tcgplayer,cardmarket",https://prices.pokemontcg.io/tcgplayer/svp-116,https://images.pokemontcg.io/svp/116_hires.png,2026/08/08,2025/11/21,4.15,2.990000009536743,4.849999904632568,38.099998474121094,,,,,,8.9512,3.2183,9.8509,0.0,8.07450008392334,9.0434,8.0514,0.0,0.0,0.0,1.1535,2026-08-09
svp-117,Froslass,holofoil,Scarlet & Violet Black Star Promos,117,Promo,mingo,Stage 1,478,Pokémon,2023/01/01,"tcgplayer,cardmarket",https://prices.pokemontcg.io/tcgplayer/svp-117,https://images.pokemontcg.io/svp/117_hires.png,2026/08/08,2025/11/21,6.29,4.989999771118164,7.659999847412109,4318.81005859375,,,,,,6.5519,2.8838,6.3096,0.0,8.062999725341797,6.2866,6.2404,0.0,0.0,0.0,1.1535,2026-08-09
svp-118,Tatsugiri,holofoil,Scarlet & Violet Black Star Promos,118,Promo,Shimaris Yukichi,Basic,978,Pokémon,2023/01/01,"tcgplayer,cardmarket",https://prices.pokemontcg.io/tcgplayer/svp-118,https://images.pokemontcg.io/svp/118_hires.png,2026/08/08,2025/11/21,6.61,4.980000019073486,7.210000038146973,64.4000015258789,,,,,,14.5802,7.4862,17.1871,0.0,10.958200454711914,17.4294,15.3069,0.0,0.0,0.0,1.1535,2026-08-09
svp-119,Toxel,holofoil,Scarlet & Violet Black Star Promos,119,Promo,Natsumi Yoshida,Basic,848,Pokémon,2023/01/01,"tcgplayer,cardmarket",https://prices.pokemontcg.io/tcgplayer/svp-119,https://images.pokemontcg.io/svp/119_hires.png,2026/08/08,2025/11/21,0.63,0.25,0.6399999856948853,19.979999542236328,,,,,,2.0302,0.9228,2.134,0.0,1.9955999851226807,2.1686,2.0417,0.0,0.0,0.0,1.1535,2026-08-09
svp-120,Pupitar,holofoil,Scarlet & Violet Black Star Promos,120,Promo,Shiburingaru,Stage 1,247,Pokémon,2023/01/01,"tcgplayer,cardmarket",https://prices.pokemontcg.io/tcgplayer/svp-120,https://images.pokemontcg.io/svp/120_hires.png,2026/08/08,2025/11/21,0.33,0.10000000149011612,0.3700000047683716,29.0,,,,,,2.4339,0.5767,2.134,0.0,2.249300003051758,2.0878,2.1916,0.0,0.0,0.0,1.1535,2026-08-09
svp-121,Revavroom,holofoil,Scarlet & Violet Black Star Promos,121,Promo,Nisota Niso,Stage 1,966,Pokémon,2023/01/01,"tcgplayer,cardmarket",https://prices.pokemontcg.io/tcgplayer/svp-121,https://images.pokemontcg.io/svp/121_hires.png,2026/08/08,2025/11/21,0.67,0.3799999952316284,0.7200000286102295,19.979999542236328,,,,,,0.2307,0.0231,0.2653,0.0,0.28839999437332153,0.2768,0.2307,0.0,0.0,0.0,1.1535,2026-08-09
svp-122,Snorlax,holofoil,Scarlet & Violet Black Star Promos,122,Promo,Po-Suzuki,Basic,143,Pokémon,2023/01/01,"tcgplayer,cardmarket",https://prices.pokemontcg.io/tcgplayer/svp-122,https://images.pokemontcg.io/svp/122_hires.png,2026/08/08,2025/11/21,10.96,7.0,11.829999923706055,199.99000549316406,,,,,,2.2609,0.1154,2.0878,0.0,0.6690000295639038,1.8225,2.1916,0.0,0.0,0.0,1.1535,2026-08-09
svp-123,Teal Mask Ogerpon,holofoil,Scarlet & Violet Black Star Promos,123,Promo,kodama,Basic,1017,Pokémon,2023/01/01,"tcgplayer,cardmarket",https://prices.pokemontcg.io/tcgplayer/svp-123,https://images.pokemontcg.io/svp/123_hires.png,2025/06/24,2025/11/21,0.58,0.15000000596046448,0.5799999833106995,4.949999809265137,,,,,,31.7212,41.526,45.0788,0.0,46.13999938964844,44.7212,30.6024,0.0,0.0,0.0,1.1535,2026-08-09
svp-125,Armarouge ex,holofoil,Scarlet & Violet Black Star Promos,125,Promo,5ban Graphics,Stage 1|ex,936,Pokémon,2023/01/01,"tcgplayer,cardmarket",https://prices.pokemontcg.io/tcgplayer/svp-125,https://images.pokemontcg.io/svp/125_hires.png,2026/08/08,2025/11/21,1.12,0.699999988079071,1.2300000190734863,35.0,,,,,,1.6841,0.5767,1.5457,0.0,1.4534000158309937,1.6956,1.661,0.0,0.0,0.0,1.1535,2026-08-09
svp-126,Palafin ex,holofoil,Scarlet & Violet Black Star Promos,126,Promo,PLANETA Mochizuki,Stage 1|ex,964,Pokémon,2023/01/01,"tcgplayer,cardmarket",https://prices.pokemontcg.io/tcgplayer/svp-126,https://images.pokemontcg.io/svp/126_hires.png,2026/08/08,2025/11/21,0.74,0.47999998927116394,0.8500000238418579,5.0,,,,,,0.7844,0.0807,0.8536,0.0,0.8651000261306763,0.8997,0.7844,0.0,0.0,0.0,1.1535,2026-08-09
svp-127,Walking Wake ex,holofoil,Scarlet & Violet Black Star Promos,127,Promo,takuyoa,Basic|ex|Ancient,1009,Pokémon,2023/01/01,"tcgplayer,cardmarket",https://prices.pokemontcg.io/tcgplayer/svp-127,https://images.pokemontcg.io/svp/127_hires.png,2026/08/08,2025/11/21,0.68,0.10000000149011612,0.8500000238418579,9999.0,,,,,,0.5883,0.0577,0.3922,0.0,0.5997999906539917,0.4845,0.5191,0.0,0.0,0.0,1.1535,2026-08-09
svp-128,Iron Leaves ex,holofoil,Scarlet & Violet Black Star Promos,128,Promo,5ban Graphics,Basic|ex|Future,1010,Pokémon,2023/01/01,"tcgplayer,cardmarket",https://prices.pokemontcg.io/tcgplayer/svp-128,https://images.pokemontcg.io/svp/128_hires.png,2026/08/08,2025/11/21,0.6,0.4000000059604645,0.7900000214576721,9999.0,,,,,,0.7844,0.0577,0.496,0.0,0.7613000273704529,0.5537,0.5998,0.0,0.0,0.0,1.1535,2026-08-09
svp-148,Miraidon,holofoil,Scarlet & Violet Black Star Promos,148,Promo,hncl,Basic,1008,Pokémon,2023/01/01,"tcgplayer,cardmarket",https://prices.pokemontcg.io/tcgplayer/svp-148,https://images.pokemontcg.io/svp/148_hires.png,2026/07/14,2025/11/21,8.12,40.0,40.0,40.0,,,,,,6.3327,4.3256,6.0789,0.0,8.362899780273438,7.071,6.1597,0.0,0.0,0.0,1.1535,2026-08-09
sv6pt5-1,Joltik,normal,Shrouded Fable,1,Common,,Basic,595,Pokémon,2024/08/02,"tcgplayer,cardmarket",https://prices.pokemontcg.io/tcgplayer/sv6pt5-1,https://images.pokemontcg.io/sv6pt5/1_hires.png,2026/08/08,2026/07/01,0.05,0.009999999776482582,0.15000000596046448,999.0,,0.22,,,,0.0461,0.0231,0.0577,0.1038,0.09229999780654907,0.0346,0.0461,0.1154,0.1615,0.1038,1.1535,2026-08-09
sv6pt5-2,Galvantula,normal,Shrouded Fable,2,Uncommon,,Stage 1,596,Pokémon,2024/08/02,"tcgplayer,cardmarket",https://prices.pokemontcg.io/tcgplayer/sv6pt5-2,https://images.pokemontcg.io/sv6pt5/2_hires.png,2026/08/08,2026/07/01,0.18,0.009999999776482582,0.1899999976158142,999.0,,0.19,,,,0.0461,0.0231,0.0461,0.0923,0.04610000178217888,0.0346,0.0461,0.0577,0.1269,0.0923,1.1535,2026-08-09
sv6pt5-3,Rowlet,normal,Shrouded Fable,3,Common,,Basic,722,Pokémon,2024/08/02,"tcgplayer,cardmarket",https://prices.pokemontcg.io/tcgplayer/sv6pt5-3,https://images.pokemontcg.io/sv6pt5/3_hires.png,2026/08/08,2026/07/01,0.15,0.009999999776482582,0.1899999976158142,999.0,,0.28,,,,0.0346,0.0231,0.0461,0.1269,0.04610000178217888,0.0346,0.0346,0.323,0.1846,0.1269,1.1535,2026-08-09
sv6pt5-4,Dartrix,normal,Shrouded Fable,4,Common,,Stage 1,723,Pokémon,2024/08/02,"tcgplayer,cardmarket",https://prices.pokemontcg.io/tcgplayer/sv6pt5-4,https://images.pokemontcg.io/sv6pt5/4_hires.png,2026/08/08,2026/07/01,0.16,0.009999999776482582,0.1599999964237213,999.0,,0.23,,,,0.0461,0.0231,0.0231,0.1269,0.03460000082850456,0.0231,0.0461,0.1615,0.1615,0.1269,1.1535,2026-08-09
sv6pt5-5,Decidueye,normal,Shrouded Fable,5,Uncommon,,Stage 2,724,Pokémon,2024/08/02,"tcgplayer,cardmarket",https://prices.pokemontcg.io/tcgplayer/sv6pt5-5,https://images.pokemontcg.io/sv6pt5/5_hires.png,2026/08/08,2026/07/01,0.13,0.009999999776482582,0.15000000596046448,999.0,,0.21,,,,0.0346,0.0231,0.0577,0.1038,0.08070000261068344,0.0346,0.0346,0.1038,0.1154,0.1154,1.1535,2026-08-09
sv6pt5-6,Tapu Bulu,holofoil,Shrouded Fable,6,Rare,,Basic,,Pokémon,2024/08/02,"tcgplayer,cardmarket",https://prices.pokemontcg.io/tcgplayer/sv6pt5-6,https://images.pokemontcg.io/sv6pt5/6_hires.png,2026/08/08,2026/07/01,0.17,0.029999999329447746,0.20000000298023224,999.0,,0.27,,,,0.1154,0.0231,0.1384,0.173,0.09229999780654907,0.0807,0.0923,0.1038,0.1846,0.173,1.1535,2026-08-09
sv6pt5-7,Houndour,normal,Shrouded Fable,7,Common,,Basic,228,Pokémon,2024/08/02,"tcgplayer,cardmarket",https://prices.pokemontcg.io/tcgplayer/sv6pt5-7,https://images.pokemontcg.io/sv6pt5/7_hires.png,2026/08/08,2026/07/01,0.05,0.009999999776482582,0.15000000596046448,999.0,,0.18,,,,0.0346,0.0231,0.0461,0.1038,0.023099999874830246,0.0346,0.0346,0.1269,0.1154,0.1269,1.1535,2026-08-09
sv6pt5-8,Houndoom,normal,Shrouded Fable,8,Common,,Stage 1,229,Pokémon,2024/08/02,"tcgplayer,cardmarket",https://prices.pokemontcg.io/tcgplayer/sv6pt5-8,https://images.pokemontcg.io/sv6pt5/8_hires.png,2026/08/08,2026/07/01,0.06,0.009999999776482582,0.15000000596046448,999.0,,0.22,,,,0.0577,0.0231,0.0231,0.15,0.023099999874830246,0.0346,0.0577,0.0692,0.1269,0.1384,1.1535,2026-08-09
sv6pt5-9,Iron Moth,normal,Shrouded Fable,9,Uncommon,,Basic|Future,,Pokémon,2024/08/02,"tcgplayer,cardmarket",https://prices.pokemontcg.io/tcgplayer/sv6pt5-9,https://images.pokemontcg.io/sv6pt5/9_hires.png,2026/08/08,2026/07/01,0.16,0.009999999776482582,0.18000000715255737,999.0,,0.31,,,,0.0577,0.0231,0.0577,0.173,0.11540000140666962,0.0461,0.0577,0.1615,0.2422,0.1846,1.1535,2026-08-09
sv6pt5-10,Horsea,normal,Shrouded Fable,10,Common,,Basic,116,Pokémon,2024/08/02,"tcgplayer,cardmarket",https://prices.pokemontcg.io/tcgplayer/sv6pt5-10,https://images.pokemontcg.io/sv6pt5/10_hires.png,2026/08/08,2026/07/01,0.03,0.009999999776482582,0.15000000596046448,999.0,,0.17,,,,0.0346,0.0231,0.0461,0.1154,0.08070000261068344,0.0461,0.0346,0.0461,0.1038,0.1269,1.1535,2026-08-09
sv6pt5-11,Seadra,normal,Shrouded Fable,11,Common,,Stage 1,117,Pokémon,2024/08/02,"tcgplayer,cardmarket",https://prices.pokemontcg.io/tcgplayer/sv6pt5-11,https://images.pokemontcg.io/sv6pt5/11_hires.png,2026/08/08,2026/07/01,0.13,0.009999999776482582,0.15000000596046448,999.0,,0.22,,,,0.0577,0.0231,0.0231,0.1269,0.03460000082850456,0.0692,0.0577,0.1846,0.15,0.1269,1.1535,2026-08-09
sv6pt5-12,Kingdra ex,holofoil,Shrouded Fable,12,Double Rare,,Stage 2|ex,230,Pokémon,2024/08/02,"tcgplayer,cardmarket",https://prices.pokemontcg.io/tcgplayer/sv6pt5-12,https://images.pokemontcg.io/sv6pt5/12_hires.png,2026/08/08,2026/06/26,0.78,0.3499999940395355,0.9399999976158142,999.0,,,,,,0.7613,0.1154,0.6575,0.0,0.7382000088691711,0.8651,0.7728,0.0,0.0,0.0,1.1535,2026-08-09
sv6pt5-13,Sneasel,normal,Shrouded Fable,13,Common,,Basic,215,Pokémon,2024/08/02,"tcgplayer,cardmarket",https://prices.pokemontcg.io/tcgplayer/sv6pt5-13,https://images.pokemontcg.io/sv6pt5/13_hires.png,2026/08/08,2026/06/26,0.03,0.009999999776482582,0.15000000596046448,999.0,,0.11,,,,0.0346,0.0231,0.0231,0.0923,0.023099999874830246,0.0346,0.0346,0.0692,0.0923,0.0923,1.1535,2026-08-09
sv6pt5-14,Weavile,normal,Shrouded Fable,14,Uncommon,,Stage 1,461,Pokémon,2024/08/02,"tcgplayer,cardmarket",https://prices.pokemontcg.io/tcgplayer/sv6pt5-14,https://images.pokemontcg.io/sv6pt5/14_hires.png,2026/08/08,2026/06/22,0.05,0.009999999776482582,0.15000000596046448,999.0,,0.14,,,,0.0346,0.0231,0.0346,0.0923,0.023099999874830246,0.0346,0.0346,0.0346,0.1154,0.0923,1.1535,2026-08-09
sv6pt5-15,Revavroom ex,holofoil,Shrouded Fable,15,Double Rare,,Stage 1|Tera|ex,966,Pokémon,2024/08/02,"tcgplayer,cardmarket",https://prices.pokemontcg.io/tcgplayer/sv6pt5-15,https://images.pokemontcg.io/sv6pt5/15_hires.png,2026/08/08,2026/06/22,0.63,0.10000000149011612,0.9900000095367432,999.0,,,,,,0.6921,0.0231,0.5767,0.0,0.7267000079154968,0.5537,0.6575,0.0,0.0,0.0,1.1535,2026-08-09
sv6pt5-16,Drowzee,normal,Shrouded Fable,16,Common,,Basic,96,Pokémon,2024/08/02,"tcgplayer,cardmarket",https://prices.pokemontcg.io/tcgplayer/sv6pt5-16,https://images.pokemontcg.io/sv6pt5/16_hires.png,2026/08/08,2026/06/22,0.12,0.009999999776482582,0.15000000596046448,999.0,,0.23,,,,0.0346,0.0231,0.0346,0.1269,0.023099999874830246,0.0346,0.0346,0.1384,0.1154,0.1154,1.1535,2026-08-09
sv6pt5-17,Hypno,normal,Shrouded Fable,17,Uncommon,,Stage 1,97,Pokémon,2024/08/02,"tcgplayer,cardmarket",https://prices.pokemontcg.io/tcgplayer/sv6pt5-17,https://images.pokemontcg.io/sv6pt5/17_hires.png,2026/08/08,2026/06/17,0.08,0.009999999776482582,0.15000000596046448,999.0,,0.18,,,,0.0346,0.0231,0.0461,0.15,0.023099999874830246,0.0346,0.0346,0.1384,0.1384,0.15,1.1535,2026-08-09
sv6pt5-18,Duskull,normal,Shrouded Fable,18,Common,,Basic,355,Pokémon,2024/08/02,"tcgplayer,cardmarket",https://prices.pokemontcg.io/tcgplayer/sv6pt5-18,https://images.pokemontcg.io/sv6pt5/18_hires.png,2026/08/08,2026/06/17,0.24,0.009999999776482582,0.23999999463558197,999.0,,0.31,,,,0.0923,0.0231,0.1038,0.1846,0.06920000165700912,0.0807,0.0807,0.1615,0.15,0.1846,1.1535,2026-08-09
sv6pt5-19,Dusclops,normal,Shrouded Fable,19,Common,,Stage 1,356,Pokémon,2024/08/02,"tcgplayer,cardmarket",https://prices.pokemontcg.io/tcgplayer/sv6pt5-19,https://images.pokemontcg.io/sv6pt5/19_hires.png,2026/08/08,2026/06/17,0.18,0.009999999776482582,0.20000000298023224,999.0,,0.32,,,,0.0923,0.0231,0.1269,0.2307,0.23070000112056732,0.1038,0.0923,0.173,0.1615,0.2192,1.1535,2026-08-09
sv6pt5-20,Dusknoir,holofoil,Shrouded Fable,20,Rare,,Stage 2,477,Pokémon,2024/08/02,"tcgplayer,cardmarket",https://prices.pokemontcg.io/tcgplayer/sv6pt5-20,https://images.pokemontcg.io/sv6pt5/20_hires.png,2026/08/08,2026/06/17,0.23,0.009999999776482582,0.25,999.0,,0.32,,,,0.1615,0.0231,0.173,0.1961,0.1615000069141388,0.1154,0.1269,0.2768,0.2076,0.2076,1.1535,2026-08-09
sv6pt5-21,Cresselia,holofoil,Shrouded Fable,21,Rare,,Basic,488,Pokémon,2024/08/02,"tcgplayer,cardmarket",https://prices.pokemontcg.io/tcgplayer/sv6pt5-21,https://images.pokemontcg.io/sv6pt5/21_hires.png,2026/08/08,2026/05/12,0.16,0.009999999776482582,0.20000000298023224,999.0,,0.2,,,,0.0692,0.0231,0.0692,0.15,0.03460000082850456,0.0692,0.0692,0.0577,0.15,0.15,1.1535,2026-08-09
sv6pt5-22,Sylveon,normal,Shrouded Fable,22,Uncommon,,Stage 1,700,Pokémon,2024/08/02,"tcgplayer,cardmarket",https://prices.pokemontcg.io/tcgplayer/sv6pt5-22,https://images.pokemontcg.io/sv6pt5/22_hires.png,2026/08/08,2026/05/12,0.32,0.029999999329447746,0.30000001192092896,999.0,,0.98,,,,0.0692,0.0231,0.0923,0.2422,0.06920000165700912,0.0923,0.0692,0.2076,0.2768,0.2538,1.1535,2026-08-09
sv6pt5-23,Croagunk,normal,Shrouded Fable,23,Common,,Basic,453,Pokémon,2024/08/02,"tcgplayer,cardmarket",https://prices.pokemontcg.io/tcgplayer/sv6pt5-23,https://images.pokemontcg.io/sv6pt5/23_hires.png,2026/08/08,2026/05/12,0.02,0.009999999776482582,0.15000000596046448,999.0,,0.15,,,,0.0231,0.0231,0.0231,0.0923,0.023099999874830246,0.0231,0.0231,0.0692,0.0807,0.0923,1.1535,2026-08-09
sv6pt5-24,Toxicroak,normal,Shrouded Fable,24,Common,,Stage 1,454,Pokémon,2024/08/02,"tcgplayer,cardmarket",https://prices.pokemontcg.io/tcgplayer/sv6pt5-24,https://images.pokemontcg.io/sv6pt5/24_hires.png,2026/08/08,2026/05/07,0.04,0.009999999776482582,0.15000000596046448,999.0,,0.15,,,,0.0231,0.0231,0.0231,0.1154,0.023099999874830246,0.0231,0.0231,0.0923,0.1384,0.1269,1.1535,2026-08-09
sv6pt5-25,Bloodmoon Ursaluna,holofoil,Shrouded Fable,25,Rare,,Basic,901,Pokémon,2024/08/02,"tcgplayer,cardmarket",https://prices.pokemontcg.io/tcgplayer/sv6pt5-25,https://images.pokemontcg.io/sv6pt5/25_hires.png,2026/08/08,2026/04/26,0.21,0.009999999776482582,0.20999999344348907,999.0,,0.2,,,,0.1038,0.0231,0.1154,0.1846,0.03460000082850456,0.1384,0.1154,0.0807,0.15,0.173,1.1535,2026-08-09
sv6pt5-26,Slither Wing,normal,Shrouded Fable,26,Uncommon,,Basic|Ancient,,Pokémon,2024/08/02,"tcgplayer,cardmarket",https://prices.pokemontcg.io/tcgplayer/sv6pt5-26,https://images.pokemontcg.io/sv6pt5/26_hires.png,2026/08/08,2026/04/26,0.18,0.009999999776482582,0.20000000298023224,999.0,,0.27,,,,0.0461,0.0231,0.0461,0.1615,0.023099999874830246,0.0346,0.0461,0.0231,0.1269,0.1615,1.1535,2026-08-09
sv6pt5-27,Zubat,normal,Shrouded Fable,27,Common,,Basic,41,Pokémon,2024/08/02,"tcgplayer,cardmarket",https://prices.pokemontcg.io/tcgplayer/sv6pt5-27,https://images.pokemontcg.io/sv6pt5/27_hires.png,2026/08/08,2026/04/26,0.06,0.009999999776482582,0.15000000596046448,999.0,,0.23,,,,0.0346,0.0231,0.0461,0.15,0.023099999874830246,0.0577,0.0346,0.0692,0.1154,0.15,1.1535,2026-08-09
sv6pt5-28,Golbat,normal,Shrouded Fable,28,Common,,Stage 1,42,Pokémon,2024/08/02,"tcgplayer,cardmarket",https://prices.pokemontcg.io/tcgplayer/sv6pt5-28,https://images.pokemontcg.io/sv6pt5/28_hires.png,2026/08/08,2026/04/26,0.14,0.009999999776482582,0.15000000596046448,999.0,,0.28,,,,0.0346,0.0231,0.0461,0.1384,0.04610000178217888,0.0461,0.0461,0.0807,0.173,0.1384,1.1535,2026-08-09
sv6pt5-29,Crobat,normal,Shrouded Fable,29,Uncommon,,Stage 2,169,Pokémon,2024/08/02,"tcgplayer,cardmarket",https://prices.pokemontcg.io/tcgplayer/sv6pt5-29,https://images.pokemontcg.io/sv6pt5/29_hires.png,2026/08/08,2026/04/26,0.04,0.009999999776482582,0.15000000596046448,999.0,,0.23,,,,0.0346,0.0231,0.0461,0.1154,0.023099999874830246,0.0346,0.0346,0.0692,0.1154,0.1154,1.1535,2026-08-09
sv6pt5-30,Absol,normal,Shrouded Fable,30,Common,,Basic,359,Pokémon,2024/08/02,"tcgplayer,cardmarket",https://prices.pokemontcg.io/tcgplayer/sv6pt5-30,https://images.pokemontcg.io/sv6pt5/30_hires.png,2026/08/08,2026/04/26,0.19,0.009999999776482582,0.1899999976158142,999.0,,0.29,,,,0.0346,0.0231,0.0461,0.1384,0.023099999874830246,0.0346,0.0346,0.0807,0.1269,0.1384,1.1535,2026-08-09
sv6pt5-31,Zorua,normal,Shrouded Fable,31,Common,,Basic,570,Pokémon,2024/08/02,"tcgplayer,cardmarket",https://prices.pokemontcg.io/tcgplayer/sv6pt5-31,https://images.pokemontcg.io/sv6pt5/31_hires.png,2026/08/08,2026/04/26,0.08,0.009999999776482582,0.15000000596046448,999.0,,0.2,,,,0.0346,0.0231,0.0461,0.1269,0.023099999874830246,0.0461,0.0461,0.1154,0.0807,0.1154,1.1535,2026-08-09
sv6pt5-32,Zoroark,holofoil,Shrouded Fable,32,Rare,,Stage 1,571,Pokémon,2024/08/02,"tcgplayer,cardmarket",https://prices.pokemontcg.io/tcgplayer/sv6pt5-32,https://images.pokemontcg.io/sv6pt5/32_hires.png,2026/08/08,2026/03/11,0.19,0.009999999776482582,0.20000000298023224,999.0,,0.12,,,,0.0692,0.0231,0.0807,0.1269,0.06920000165700912,0.0692,0.0692,0.1154,0.1038,0.1038,1.1535,2026-08-09
sv6pt5-33,Inkay,normal,Shrouded Fable,33,Common,,Basic,686,Pokémon,2024/08/02,"tcgplayer,cardmarket",https://prices.pokemontcg.io/tcgplayer/sv6pt5-33,https://images.pokemontcg.io/sv6pt5/33_hires.png,2026/08/08,2026/03/11,0.06,0.009999999776482582,0.15000000596046448,999.0,,0.25,,,,0.0461,0.0231,0.0692,0.0923,0.023099999874830246,0.0231,0.0461,0.0231,0.1038,0.1038,1.1535,2026-08-09
sv6pt5-34,Malamar,normal,Shrouded Fable,34,Uncommon,,Stage 1,687,Pokémon,2024/08/02,"tcgplayer,cardmarket",https://prices.pokemontcg.io/tcgplayer/sv6pt5-34,https://images.pokemontcg.io/sv6pt5/34_hires.png,2026/08/08,2026/03/11,0.03,0.009999999776482582,0.15000000596046448,999.0,,0.17,,,,0.0461,0.0231,0.0577,0.1269,0.023099999874830246,0.0231,0.0346,0.0346,0.1269,0.1154,1.1535,2026-08-09
sv6pt5-35,Yveltal,normal,Shrouded Fable,35,Uncommon,,Basic,717,Pokémon,2024/08/02,"tcgplayer,cardmarket",https://prices.pokemontcg.io/tcgplayer/sv6pt5-35,https://images.pokemontcg.io/sv6pt5/35_hires.png,2026/08/08,2026/02/24,0.05,0.009999999776482582,0.15000000596046448,999.0,,0.25,,,,0.0346,0.0231,0.0231,0.1154,0.023099999874830246,0.0231,0.0461,0.1038,0.1154,0.1269,1.1535,2026-08-09
sv6pt5-36,Okidogi ex,holofoil,Shrouded Fable,36,Double Rare,,Basic|ex,,Pokémon,2024/08/02,"tcgplayer,cardmarket",https://prices.pokemontcg.io/tcgplayer/sv6pt5-36,https://images.pokemontcg.io/sv6pt5/36_hires.png,2026/08/08,2026/02/24,0.79,0.20000000298023224,0.9399999976158142,999.0,,,,,,0.7728,0.0231,0.7728,0.0,0.5074999928474426,0.7844,0.7498,0.0,0.0,0.0,1.1535,2026-08-09
sv6pt5-37,Munkidori ex,holofoil,Shrouded Fable,37,Double Rare,,Basic|ex,,Pokémon,2024/08/02,"tcgplayer,cardmarket",https://prices.pokemontcg.io/tcgplayer/sv6pt5-37,https://images.pokemontcg.io/sv6pt5/37_hires.png,2026/08/08,2026/02/24,0.71,0.4300000071525574,0.9399999976158142,999.0,,,,,,0.5652,0.0231,0.4845,0.0,0.7498000264167786,0.5537,0.5191,0.0,0.0,0.0,1.1535,2026-08-09
sv6pt5-38,Fezandipiti ex,holofoil,Shrouded Fable,38,Double Rare,,Basic|ex,,Pokémon,2024/08/02,"tcgplayer,cardmarket",https://prices.pokemontcg.io/tcgplayer/sv6pt5-38,https://images.pokemontcg.io/sv6pt5/38_hires.png,2026/08/08,2026/02/24,3.14,2.5,4.289999961853027,999.0,,,,,,6.6211,1.3842,4.937,0.0,5.456099987030029,5.283,5.7906,0.0,0.0,0.0,1.1535,2026-08-09
sv6pt5-39,Pecharunt ex,holofoil,Shrouded Fable,39,Double Rare,,Basic|ex,,Pokémon,2024/08/02,"tcgplayer,cardmarket",https://prices.pokemontcg.io/tcgplayer/sv6pt5-39,https://images.pokemontcg.io/sv6pt5/39_hires.png,2026/08/08,2026/02/24,6.34,3.5999999046325684,5.610000133514404,999.0,,,,,,1.6841,0.2884,1.5918,0.0,1.4419000148773193,1.6956,1.6264,0.0,0.0,0.0,1.1535,2026-08-09
sv6pt5-40,Genesect,normal,Shrouded Fable,40,Uncommon,,Basic,649,Pokémon,2024/08/02,"tcgplayer,cardmarket",https://prices.pokemontcg.io/tcgplayer/sv6pt5-40,https://images.pokemontcg.io/sv6pt5/40_hires.png,2026/08/08,2026/02/24,0.17,0.009999999776482582,0.20000000298023224,999.0,,0.25,,,,0.0461,0.0231,0.0231,0.1615,0.03460000082850456,0.0346,0.0577,0.0692,0.1384,0.1615,1.1535,2026-08-09
sv6pt5-41,Cufant,normal,Shrouded Fable,41,Common,,Basic,878,Pokémon,2024/08/02,"tcgplayer,cardmarket",https://prices.pokemontcg.io/tcgplayer/sv6pt5-41,https://images.pokemontcg.io/sv6pt5/41_hires.png,2026/08/08,2026/02/22,0.07,0.009999999776482582,0.15000000596046448,999.0,,0.18,,,,0.0346,0.0231,0.0346,0.1269,0.023099999874830246,0.0231,0.0346,0.0231,0.0923,0.1038,1.1535,2026-08-09
sv6pt5-42,Copperajah,holofoil,Shrouded Fable,42,Rare,,Stage 1,879,Pokémon,2024/08/02,"tcgplayer,cardmarket",https://prices.pokemontcg.io/tcgplayer/sv6pt5-42,https://images.pokemontcg.io/sv6pt5/42_hires.png,2026/08/08,2026/02/22,0.06,0.009999999776482582,0.20000000298023224,999.0,,0.16,,,,0.0461,0.0231,0.0461,0.173,0.023099999874830246,0.0692,0.0461,0.0807,0.0923,0.1269,1.1535,2026-08-09
sv6pt5-43,Varoom,normal,Shrouded Fable,43,Common,,Basic,965,Pokémon,2024/08/02,"tcgplayer,cardmarket",https://prices.pokemontcg.io/tcgplayer/sv6pt5-43,https://images.pokemontcg.io/sv6pt5/43_hires.png,2026/08/08,2026/02/22,0.1,0.009999999776482582,0.15000000596046448,999.0,,0.11,,,,0.0346,0.0231,0.0461,0.1038,0.023099999874830246,0.0346,0.0346,0.0231,0.0923,0.0807,1.1535,2026-08-09
sv6pt5-44,Axew,normal,Shrouded Fable,44,Common,,Basic,610,Pokémon,2024/08/02,"tcgplayer,cardmarket",https://prices.pokemontcg.io/tcgplayer/sv6pt5-44,https://images.pokemontcg.io/sv6pt5/44_hires.png,2026/08/08,2026/02/22,0.12,0.009999999776482582,0.15000000596046448,999.0,,0.17,,,,0.0346,0.0231,0.0231,0.1154,0.023099999874830246,0.0231,0.0346,0.0461,0.1154,0.1038,1.1535,2026-08-09
sv6pt5-45,Fraxure,normal,Shrouded Fable,45,Common,,Stage 1,611,Pokémon,2024/08/02,"tcgplayer,cardmarket",https://prices.pokemontcg.io/tcgplayer/sv6pt5-45,https://images.pokemontcg.io/sv6pt5/45_hires.png,2026/08/08,2026/02/22,0.16,0.009999999776482582,0.1599999964237213,999.0,,0.22,,,,0.0346,0.0231,0.0231,0.1384,0.023099999874830246,0.0231,0.0231,0.0461,0.0692,0.0923,1.1535,2026-08-09
sv6pt5-46,Haxorus,holofoil,Shrouded Fable,46,Rare,,Stage 2,612,Pokémon,2024/08/02,"tcgplayer,cardmarket",https://prices.pokemontcg.io/tcgplayer/sv6pt5-46,https://images.pokemontcg.io/sv6pt5/46_hires.png,2026/08/08,2026/02/22,0.18,0.009999999776482582,0.20999999344348907,999.0,,0.26,,,,0.0577,0.0231,0.0807,0.173,0.03460000082850456,0.1038,0.0692,0.1615,0.1615,0.1615,1.1535,2026-08-09
sv6pt5-47,Kyurem,normal,Shrouded Fable,47,Uncommon,,Basic,646,Pokémon,2024/08/02,"tcgplayer,cardmarket",https://prices.pokemontcg.io/tcgplayer/sv6pt5-47,https://images.pokemontcg.io/sv6pt5/47_hires.png,2026/08/08,2026/02/22,0.13,0.009999999776482582,0.20000000298023224,1000.0,,0.27,,,,0.0577,0.0231,0.0461,0.173,0.03460000082850456,0.0577,0.0577,0.15,0.1961,0.1615,1.1535,2026-08-09
sv6pt5-48,Meowth,normal,Shrouded Fable,48,Common,,Basic,52,Pokémon,2024/08/02,"tcgplayer,cardmarket",https://prices.pokemontcg.io/tcgplayer/sv6pt5-48,https://images.pokemontcg.io/sv6pt5/48_hires.png,2026/08/08,2026/02/22,0.18,0.009999999776482582,0.20000000298023224,999.0,,0.24,,,,0.0346,0.0231,0.0346,0.15,0.04610000178217888,0.0346,0.0461,0.0807,0.15,0.15,1.1535,2026-08-09
sv6pt5-49,Persian,normal,Shrouded Fable,49,Common,,Stage 1,53,Pokémon,2024/08/02,"tcgplayer,cardmarket",https://prices.pokemontcg.io/tcgplayer/sv6pt5-49,https://images.pokemontcg.io/sv6pt5/49_hires.png,2026/08/08,2026/02/22,0.05,0.009999999776482582,0.15000000596046448,999.0,,0.25,,,,0.0346,0.0231,0.0346,0.15,0.023099999874830246,0.0231,0.0346,0.0461,0.0923,0.1154,1.1535,2026-08-09
sv6pt5-50,Eevee,normal,Shrouded Fable,50,Common,,Basic,133,Pokémon,2024/08/02,"tcgplayer,cardmarket",https://prices.pokemontcg.io/tcgplayer/sv6pt5-50,https://images.pokemontcg.io/sv6pt5/50_hires.png,2026/08/08,2026/02/22,0.29,0.05000000074505806,0.28999999165534973,999.0,,0.69,,,,0.0577,0.0231,0.0461,0.2192,0.05770000070333481,0.0692,0.0577,0.1038,0.1961,0.2192,1.1535,2026-08-09
sv6pt5-51,Furfrou,normal,Shrouded Fable,51,Common,,Basic,676,Pokémon,2024/08/02,"tcgplayer,cardmarket",https://prices.pokemontcg.io/tcgplayer/sv6pt5-51,https://images.pokemontcg.io/sv6pt5/51_hires.png,2026/08/08,2026/02/22,0.05,0.009999999776482582,0.15000000596046448,999.0,,0.13,,,,0.0346,0.0231,0.0346,0.1154,0.023099999874830246,0.0346,0.0346,0.0807,0.1038,0.1154,1.1535,2026-08-09
sv6pt5-52,Stufful,normal,Shrouded Fable,52,Common,,Basic,759,Pokémon,2024/08/02,"tcgplayer,cardmarket",https://prices.pokemontcg.io/tcgplayer/sv6pt5-52,https://images.pokemontcg.io/sv6pt5/52_hires.png,2026/08/08,2026/02/22,0.06,0.009999999776482582,0.15000000596046448,999.0,,0.27,,,,0.0346,0.0231,0.0461,0.1154,0.023099999874830246,0.0577,0.0461,0.0807,0.0923,0.1038,1.1535,2026-08-09
sv6pt5-53,Bewear,normal,Shrouded Fable,53,Common,,Stage 1,760,Pokémon,2024/08/02,"tcgplayer,cardmarket",https://prices.pokemontcg.io/tcgplayer/sv6pt5-53,https://images.pokemontcg.io/sv6pt5/53_hires.png,2026/08/08,2026/02/04,0.04,0.009999999776482582,0.15000000596046448,999.0,,0.18,,,,0.0346,0.0231,0.0346,0.1038,0.023099999874830246,0.0231,0.0346,0.1154,0.1154,0.1038,1.1535,2026-08-09
sv6pt5-54,Academy at Night,normal,Shrouded Fable,54,Uncommon,,Stadium,,Trainer,2024/08/02,"tcgplayer,cardmarket",https://prices.pokemontcg.io/tcgplayer/sv6pt5-54,https://images.pokemontcg.io/sv6pt5/54_hires.png,2026/08/08,2026/02/04,0.23,0.05000000074505806,0.25,1000.0,,0.27,,,,0.0692,0.0231,0.0461,0.1384,0.11540000140666962,0.0577,0.0692,0.0807,0.1384,0.173,1.1535,2026-08-09
sv6pt5-55,Binding Mochi,normal,Shrouded Fable,55,Uncommon,,Pokémon Tool,,Trainer,2024/08/02,"tcgplayer,cardmarket",https://prices.pokemontcg.io/tcgplayer/sv6pt5-55,https://images.pokemontcg.io/sv6pt5/55_hires.png,2026/08/08,2026/02/01,0.23,0.009999999776482582,0.2199999988079071,999.0,,0.2,,,,0.0577,0.0231,0.0461,0.1615,0.05770000070333481,0.0346,0.0577,0.0692,0.1615,0.1615,1.1535,2026-08-09
sv6pt5-56,Cassiopeia,normal,Shrouded Fable,56,Uncommon,,Supporter,,Trainer,2024/08/02,"tcgplayer,cardmarket",https://prices.pokemontcg.io/tcgplayer/sv6pt5-56,https://images.pokemontcg.io/sv6pt5/56_hires.png,2026/08/08,2026/02/01,0.09,0.009999999776482582,0.15000000596046448,999.0,,0.19,,,,0.0346,0.0231,0.0346,0.1154,0.04610000178217888,0.0231,0.0346,0.0577,0.1154,0.1154,1.1535,2026-08-09
sv6pt5-57,Colress's Tenacity,normal,Shrouded Fable,57,Uncommon,,Supporter,,Trainer,2024/08/02,"tcgplayer,cardmarket",https://prices.pokemontcg.io/tcgplayer/sv6pt5-57,https://images.pokemontcg.io/sv6pt5/57_hires.png,2026/08/08,2026/02/01,0.28,0.009999999776482582,0.2800000011920929,999.0,,0.48,,,,0.0923,0.0231,0.0692,0.1961,0.03460000082850456,0.0577,0.0807,0.0692,0.3345,0.2422,1.1535,2026-08-09
sv6pt5-58,Dangerous Laser,holofoil,Shrouded Fable,58,ACE SPEC Rare,,Item|ACE SPEC,,Trainer,2024/08/02,"tcgplayer,cardmarket",https://prices.pokemontcg.io/tcgplayer/sv6pt5-58,https://images.pokemontcg.io/sv6pt5/58_hires.png,2026/08/08,2026/02/01,0.68,0.10000000149011612,0.6800000071525574,999.0,,,,,,0.5883,0.0577,0.6114,0.0,0.5997999906539917,0.6575,0.6114,0.0,0.0,0.0,1.1535,2026-08-09
sv6pt5-59,Janine's Secret Art,normal,Shrouded Fable,59,Uncommon,,Supporter,,Trainer,2024/08/02,"tcgplayer,cardmarket",https://prices.pokemontcg.io/tcgplayer/sv6pt5-59,https://images.pokemontcg.io/sv6pt5/59_hires.png,2026/08/08,2026/02/01,0.2,0.009999999776482582,0.1899999976158142,999.0,,0.24,,,,0.0461,0.0231,0.1154,0.1384,0.023099999874830246,0.0461,0.0577,0.0692,0.15,0.15,1.1535,2026-08-09
sv6pt5-60,Neutralization Zone,holofoil,Shrouded Fable,60,ACE SPEC Rare,,Stadium|ACE SPEC,,Trainer,2024/08/02,"tcgplayer,cardmarket",https://prices.pokemontcg.io/tcgplayer/sv6pt5-60,https://images.pokemontcg.io/sv6pt5/60_hires.png,2026/08/08,2026/02/01,1.27,0.09000000357627869,1.190000057220459,999.0,,,,,,0.8882,0.1154,0.8074,0.0,0.51910001039505,0.8074,0.8421,0.0,0.0,0.0,1.1535,2026-08-09
sv6pt5-61,Night Stretcher,normal,Shrouded Fable,61,Uncommon,,Item,,Trainer,2024/08/02,"tcgplayer,cardmarket",https://prices.pokemontcg.io/tcgplayer/sv6pt5-61,https://images.pokemontcg.io/sv6pt5/61_hires.png,2026/08/08,2026/02/01,0.36,0.009999999776482582,0.38999998569488525,999.0,,4.21,,,,0.7498,0.0231,0.646,1.0843,0.5536999702453613,0.6344,0.7152,1.8802,1.5226,1.1074,1.1535,2026-08-09
sv6pt5-62,Poké Vital A,holofoil,Shrouded Fable,62,ACE SPEC Rare,,Item|ACE SPEC,,Trainer,2024/08/02,"tcgplayer,cardmarket",https://prices.pokemontcg.io/tcgplayer/sv6pt5-62,https://images.pokemontcg.io/sv6pt5/62_hires.png,2026/08/08,2026/02/01,0.5,0.20999999344348907,0.6000000238418579,999.0,,,,,,0.6575,0.1615,0.8767,0.0,1.1765999794006348,0.9689,0.7267,0.0,0.0,0.0,1.1535,2026-08-09
sv6pt5-63,Powerglass,normal,Shrouded Fable,63,Uncommon,,Pokémon Tool,,Trainer,2024/08/02,"tcgplayer,cardmarket",https://prices.pokemontcg.io/tcgplayer/sv6pt5-63,https://images.pokemontcg.io/sv6pt5/63_hires.png,2026/08/08,2026/02/01,0.2,0.009999999776482582,0.20999999344348907,999.0,,0.3,,,,0.0692,0.0231,0.0692,0.1846,0.03460000082850456,0.0577,0.0577,0.2768,0.1269,0.1846,1.1535,2026-08-09
sv6pt5-64,Xerosic's Machinations,normal,Shrouded Fable,64,Uncommon,,Supporter,,Trainer,2024/08/02,"tcgplayer,cardmarket",https://prices.pokemontcg.io/tcgplayer/sv6pt5-64,https://images.pokemontcg.io/sv6pt5/64_hires.png,2026/08/08,2026/01/21,0.21,0.05000000074505806,0.25,999.0,,0.32,,,,0.0807,0.0231,0.0807,0.1961,0.08070000261068344,0.0807,0.0807,0.2076,0.15,0.1615,1.1535,2026-08-09
sv6pt5-65,Tapu Bulu,holofoil,Shrouded Fable,65,Illustration Rare,,Basic,,Pokémon,2024/08/02,"tcgplayer,cardmarket",https://prices.pokemontcg.io/tcgplayer/sv6pt5-65,https://images.pokemontcg.io/sv6pt5/65_hires.png,2026/08/08,2026/01/21,13.35,11.0,13.979999542236328,999.0,,,,,,5.6637,1.1535,5.8713,0.0,4.613999843597412,5.9521,5.6522,0.0,0.0,0.0,1.1535,2026-08-09
sv6pt5-66,Houndoom,holofoil,Shrouded Fable,66,Illustration Rare,,Stage 1,229,Pokémon,2024/08/02,"tcgplayer,cardmarket",https://prices.pokemontcg.io/tcgplayer/sv6pt5-66,https://images.pokemontcg.io/sv6pt5/66_hires.png,2026/08/08,2026/01/21,57.89,53.4900016784668,62.29999923706055,999.0,,,,,,23.566,16.149,25.3539,0.0,31.144500732421875,25.5731,23.6006,0.0,0.0,0.0,1.1535,2026-08-09
sv6pt5-67,Horsea,holofoil,Shrouded Fable,67,Illustration Rare,,Basic,116,Pokémon,2024/08/02,"tcgplayer,cardmarket",https://prices.pokemontcg.io/tcgplayer/sv6pt5-67,https://images.pokemontcg.io/sv6pt5/67_hires.png,2026/08/08,2026/01/19,47.79,43.0,51.150001525878906,999.0,,,,,,18.4675,9.228,19.102,0.0,20.370800018310547,19.6095,19.6326,0.0,0.0,0.0,1.1535,2026-08-09
sv6pt5-68,Duskull,holofoil,Shrouded Fable,68,Illustration Rare,,Basic,355,Pokémon,2024/08/02,"tcgplayer,cardmarket",https://prices.pokemontcg.io/tcgplayer/sv6pt5-68,https://images.pokemontcg.io/sv6pt5/68_hires.png,2026/08/08,2026/01/19,55.74,51.0,61.689998626708984,999.0,,,,,,22.9431,19.0328,22.4471,0.0,21.05139923095703,22.3548,23.0815,0.0,0.0,0.0,1.1535,2026-08-09
sv6pt5-69,Dusclops,holofoil,Shrouded Fable,69,Illustration Rare,,Stage 1,356,Pokémon,2024/08/02,"tcgplayer,cardmarket",https://prices.pokemontcg.io/tcgplayer/sv6pt5-69,https://images.pokemontcg.io/sv6pt5/69_hires.png,2026/08/08,2026/01/19,40.24,23.1200008392334,46.58000183105469,999.0,,,,,,16.5989,13.842,15.999,0.0,16.71419906616211,16.1029,16.7027,0.0,0.0,0.0,1.1535,2026-08-09
sv6pt5-70,Dusknoir,holofoil,Shrouded Fable,70,Illustration Rare,,Stage 2,477,Pokémon,2024/08/02,"tcgplayer,cardmarket",https://prices.pokemontcg.io/tcgplayer/sv6pt5-70,https://images.pokemontcg.io/sv6pt5/70_hires.png,2026/08/08,2026/01/19,30.42,28.0,35.0,999.0,,,,,,18.0638,14.4187,18.2599,0.0,18.744400024414062,17.8792,18.3637,0.0,0.0,0.0,1.1535,2026-08-09
sv6pt5-71,Cresselia,holofoil,Shrouded Fable,71,Illustration Rare,,Basic,488,Pokémon,2024/08/02,"tcgplayer,cardmarket",https://prices.pokemontcg.io/tcgplayer/sv6pt5-71,https://images.pokemontcg.io/sv6pt5/71_hires.png,2026/08/08,2026/01/19,28.31,24.989999771118164,31.299999237060547,999.0,,,,,,15.2723,10.0931,16.4374,0.0,16.875699996948242,16.0337,16.0683,0.0,0.0,0.0,1.1535,2026-08-09
sv6pt5-72,Munkidori,holofoil,Shrouded Fable,72,Illustration Rare,,Basic,,Pokémon,2024/08/02,"tcgplayer,cardmarket",https://prices.pokemontcg.io/tcgplayer/sv6pt5-72,https://images.pokemontcg.io/sv6pt5/72_hires.png,2026/08/08,2026/01/19,35.65,32.0,40.959999084472656,999.0,,,,,,22.5509,16.149,20.9591,0.0,21.916500091552734,20.7861,22.0319,0.0,0.0,0.0,1.1535,2026-08-09
sv6pt5-73,Fezandipiti,holofoil,Shrouded Fable,73,Illustration Rare,,Basic,,Pokémon,2024/08/02,"tcgplayer,cardmarket",https://prices.pokemontcg.io/tcgplayer/sv6pt5-73,https://images.pokemontcg.io/sv6pt5/73_hires.png,2026/08/08,2026/01/19,13.57,10.800000190734863,15.25,999.0,,,,,,8.2706,4.614,7.8899,0.0,8.07450008392334,7.8207,8.0745,0.0,0.0,0.0,1.1535,2026-08-09
sv6pt5-74,Okidogi,holofoil,Shrouded Fable,74,Illustration Rare,,Basic,,Pokémon,2024/08/02,"tcgplayer,cardmarket",https://prices.pokemontcg.io/tcgplayer/sv6pt5-74,https://images.pokemontcg.io/sv6pt5/74_hires.png,2026/08/08,2026/01/19,17.18,14.0,18.0,999.0,,,,,,7.4977,4.614,7.3593,0.0,6.978700160980225,7.4516,7.6477,0.0,0.0,0.0,1.1535,2026-08-09
sv6pt5-75,Zorua,holofoil,Shrouded Fable,75,Illustration Rare,,Basic,570,Pokémon,2024/08/02,"tcgplayer,cardmarket",https://prices.pokemontcg.io/tcgplayer/sv6pt5-75,https://images.pokemontcg.io/sv6pt5/75_hires.png,2026/08/08,2026/01/19,27.69,22.5,30.489999771118164,999.0,,,,,,11.8464,7.4977,11.4658,0.0,11.396599769592285,11.7657,11.8003,0.0,0.0,0.0,1.1535,2026-08-09
sv6pt5-76,Cufant,holofoil,Shrouded Fable,76,Illustration Rare,,Basic,878,Pokémon,2024/08/02,"tcgplayer,cardmarket",https://prices.pokemontcg.io/tcgplayer/sv6pt5-76,https://images.pokemontcg.io/sv6pt5/76_hires.png,2026/08/08,2026/01/19,14.59,12.0,16.149999618530273,999.0,,,,,,8.3629,3.449,10.2546,0.0,9.089599609375,10.0354,8.905,0.0,0.0,0.0,1.1535,2026-08-09
sv6pt5-77,Fraxure,holofoil,Shrouded Fable,77,Illustration Rare,,Stage 1,611,Pokémon,2024/08/02,"tcgplayer,cardmarket",https://prices.pokemontcg.io/tcgplayer/sv6pt5-77,https://images.pokemontcg.io/sv6pt5/77_hires.png,2026/08/08,2026/01/19,18.54,13.25,19.93000030517578,999.0,,,,,,7.1863,4.3833,8.6282,0.0,6.9095001220703125,7.7284,7.6246,0.0,0.0,0.0,1.1535,2026-08-09
sv6pt5-78,Persian,holofoil,Shrouded Fable,78,Illustration Rare,,Stage 1,53,Pokémon,2024/08/02,"tcgplayer,cardmarket",https://prices.pokemontcg.io/tcgplayer/sv6pt5-78,https://images.pokemontcg.io/sv6pt5/78_hires.png,2026/08/08,2026/01/19,72.35,69.69999694824219,80.0,999.0,,,,,,45.3556,28.8375,53.7992,0.0,89.36160278320312,56.1985,46.9705,0.0,0.0,0.0,1.1535,2026-08-09
sv6pt5-79,Bewear,holofoil,Shrouded Fable,79,Illustration Rare,,Stage 1,760,Pokémon,2024/08/02,"tcgplayer,cardmarket",https://prices.pokemontcg.io/tcgplayer/sv6pt5-79,https://images.pokemontcg.io/sv6pt5/79_hires.png,2026/08/08,2026/01/19,27.73,24.899999618530273,30.0,999.0,,,,,,7.8207,2.8722,7.7284,0.0,10.381500244140625,7.6938,8.1668,0.0,0.0,0.0,1.1535,2026-08-09
sv6pt5-80,Kingdra ex,holofoil,Shrouded Fable,80,Ultra Rare,,Stage 2|ex,230,Pokémon,2024/08/02,"tcgplayer,cardmarket",https://prices.pokemontcg.io/tcgplayer/sv6pt5-80,https://images.pokemontcg.io/sv6pt5/80_hires.png,2026/08/08,2026/01/16,3.62,1.75,3.990000009536743,999.0,,,,,,2.9414,1.142,2.7684,0.0,2.8261001110076904,2.8607,2.8722,0.0,0.0,0.0,1.1535,2026-08-09
sv6pt5-81,Revavroom ex,holofoil,Shrouded Fable,81,Ultra Rare,,Stage 1|Tera|ex,966,Pokémon,2024/08/02,"tcgplayer,cardmarket",https://prices.pokemontcg.io/tcgplayer/sv6pt5-81,https://images.pokemontcg.io/sv6pt5/81_hires.png,2026/08/08,2026/01/16,1.91,1.1799999475479126,2.0,999.0,,,,,,1.7649,0.6921,1.8917,0.0,2.5146000385284424,1.9033,1.7995,0.0,0.0,0.0,1.1535,2026-08-09
sv6pt5-82,Okidogi ex,holofoil,Shrouded Fable,82,Ultra Rare,,Basic|ex,,Pokémon,2024/08/02,"tcgplayer,cardmarket",https://prices.pokemontcg.io/tcgplayer/sv6pt5-82,https://images.pokemontcg.io/sv6pt5/82_hires.png,2026/08/08,2026/01/16,2.36,1.4299999475479126,2.950000047683716,999.0,,,,,,2.307,1.142,2.63,0.0,2.8838000297546387,2.4224,2.3416,0.0,0.0,0.0,1.1535,2026-08-09
sv6pt5-83,Munkidori ex,holofoil,Shrouded Fable,83,Ultra Rare,,Basic|ex,,Pokémon,2024/08/02,"tcgplayer,cardmarket",https://prices.pokemontcg.io/tcgplayer/sv6pt5-83,https://images.pokemontcg.io/sv6pt5/83_hires.png,2026/08/08,2026/01/16,2.45,1.0,2.7200000286102295,999.0,,,,,,2.0763,0.2192,2.0763,0.0,1.7302000522613525,2.0994,1.984,0.0,0.0,0.0,1.1535,2026-08-09
sv6pt5-84,Fezandipiti ex,holofoil,Shrouded Fable,84,Ultra Rare,,Basic|ex,,Pokémon,2024/08/02,"tcgplayer,cardmarket",https://prices.pokemontcg.io/tcgplayer/sv6pt5-84,https://images.pokemontcg.io/sv6pt5/84_hires.png,2026/08/08,2026/01/16,12.06,9.789999961853027,13.220000267028809,999.0,,,,,,10.1508,6.8633,9.6779,0.0,10.808300018310547,10.1854,9.9547,0.0,0.0,0.0,1.1535,2026-08-09
sv6pt5-85,Pecharunt ex,holofoil,Shrouded Fable,85,Ultra Rare,,Basic|ex,,Pokémon,2024/08/02,"tcgplayer,cardmarket",https://prices.pokemontcg.io/tcgplayer/sv6pt5-85,https://images.pokemontcg.io/sv6pt5/85_hires.png,2026/08/08,2026/01/16,8.43,5.809999942779541,8.0,999.0,,,,,,3.126,2.0763,3.7835,0.0,3.8180999755859375,3.6566,3.3798,0.0,0.0,0.0,1.1535,2026-08-09
sv6pt5-86,Cassiopeia,holofoil,Shrouded Fable,86,Ultra Rare,,Supporter,,Trainer,2024/08/02,"tcgplayer,cardmarket",https://prices.pokemontcg.io/tcgplayer/sv6pt5-86,https://images.pokemontcg.io/sv6pt5/86_hires.png,2026/08/08,2026/01/16,3.78,2.0,3.8499999046325684,999.0,,,,,,2.5838,0.8651,2.5492,0.0,2.699199914932251,2.6069,2.5608,0.0,0.0,0.0,1.1535,2026-08-09
sv6pt5-87,Colress's Tenacity,holofoil,Shrouded Fable,87,Ultra Rare,,Supporter,,Trainer,2024/08/02,"tcgplayer,cardmarket",https://prices.pokemontcg.io/tcgplayer/sv6pt5-87,https://images.pokemontcg.io/sv6pt5/87_hires.png,2026/08/08,2026/01/16,7.19,4.5,7.440000057220459,999.0,,,,,,3.4144,1.1535,3.2183,0.0,3.725800037384033,3.299,3.2183,0.0,0.0,0.0,1.1535,2026-08-09
sv6pt5-88,Janine's Secret Art,holofoil,Shrouded Fable,88,Ultra Rare,,Supporter,,Trainer,2024/08/02,"tcgplayer,cardmarket",https://prices.pokemontcg.io/tcgplayer/sv6pt5-88,https://images.pokemontcg.io/sv6pt5/88_hires.png,2026/08/08,2026/01/16,6.31,3.0,6.659999847412109,999.0,,,,,,3.7143,1.9609,3.5643,0.0,3.8757998943328857,3.6335,3.6105,0.0,0.0,0.0,1.1535,2026-08-09
sv6pt5-89,Xerosic's Machinations,holofoil,Shrouded Fable,89,Ultra Rare,,Supporter,,Trainer,2024/08/02,"tcgplayer,cardmarket",https://prices.pokemontcg.io/tcgplayer/sv6pt5-89,https://images.pokemontcg.io/sv6pt5/89_hires.png,2026/08/08,2026/01/16,7.68,5.849999904632568,8.75,999.0,,,,,,2.63,1.0381,2.9299,0.0,3.4374001026153564,2.953,2.6877,0.0,0.0,0.0,1.1535,2026-08-09
sv6pt5-90,Okidogi ex,holofoil,Shrouded Fable,90,Special Illustration Rare,,Basic|ex,,Pokémon,2024/08/02,"tcgplayer,cardmarket",https://prices.pokemontcg.io/tcgplayer/sv6pt5-90,https://images.pokemontcg.io/sv6pt5/90_hires.png,2026/08/08,2026/01/16,22.33,17.049999237060547,23.969999313354492,999.0,,,,,,21.755,17.0718,20.9706,0.0,21.132099151611328,20.4516,21.2936,0.0,0.0,0.0,1.1535,2026-08-09
sv6pt5-91,Munkidori ex,holofoil,Shrouded Fable,91,Special Illustration Rare,,Basic|ex,,Pokémon,2024/08/02,"tcgplayer,cardmarket",https://prices.pokemontcg.io/tcgplayer/sv6pt5-91,https://images.pokemontcg.io/sv6pt5/91_hires.png,2026/08/08,2026/01/16,19.38,16.719999313354492,21.799999237060547,999.0,,,,,,17.6486,12.6885,17.81,0.0,21.489700317382812,17.0949,17.3256,0.0,0.0,0.0,1.1535,2026-08-09
sv6pt5-92,Fezandipiti ex,holofoil,Shrouded Fable,92,Special Illustration Rare,,Basic|ex,,Pokémon,2024/08/02,"tcgplayer,cardmarket",https://prices.pokemontcg.io/tcgplayer/sv6pt5-92,https://images.pokemontcg.io/sv6pt5/92_hires.png,2026/08/08,2026/01/16,41.05,37.290000915527344,44.97999954223633,999.0,,,,,,34.778,28.8375,34.8242,0.0,39.79570007324219,34.9395,34.6742,0.0,0.0,0.0,1.1535,2026-08-09
sv6pt5-93,Pecharunt ex,holofoil,Shrouded Fable,93,Special Illustration Rare,,Basic|ex,,Pokémon,2024/08/02,"tcgplayer,cardmarket",https://prices.pokemontcg.io/tcgplayer/sv6pt5-93,https://images.pokemontcg.io/sv6pt5/93_hires.png,2026/08/08,2026/01/16,24.74,22.0,26.0,999.0,,,,,,20.4169,16.0337,22.7816,0.0,17.302499771118164,21.9396,21.0398,0.0,0.0,0.0,1.1535,2026-08-09
sv6pt5-94,Cassiopeia,holofoil,Shrouded Fable,94,Special Illustration Rare,,Supporter,,Trainer,2024/08/02,"tcgplayer,cardmarket",https://prices.pokemontcg.io/tcgplayer/sv6pt5-94,https://images.pokemontcg.io/sv6pt5/94_hires.png,2026/08/08,2026/01/16,42.97,37.18000030517578,45.0,999.0,,,,,,32.148,22.9546,33.5553,0.0,29.840999603271484,34.3051,32.2288,0.0,0.0,0.0,1.1535,2026-08-09
sv6pt5-95,Pecharunt ex,holofoil,Shrouded Fable,95,Hyper Rare,,Basic|ex,,Pokémon,2024/08/02,"tcgplayer,cardmarket",https://prices.pokemontcg.io/tcgplayer/sv6pt5-95,https://images.pokemontcg.io/sv6pt5/95_hires.png,2026/08/08,2026/01/16,21.72,18.5,22.989999771118164,999.0,,,,,,32.7825,19.8287,33.8091,0.0,43.25630187988281,31.7443,32.9786,0.0,0.0,0.0,1.1535,2026-08-09
sv6pt5-96,Earthen Vessel,holofoil,Shrouded Fable,96,Hyper Rare,,Item|Ancient,,Trainer,2024/08/02,"tcgplayer,cardmarket",https://prices.pokemontcg.io/tcgplayer/sv6pt5-96,https://images.pokemontcg.io/sv6pt5/96_hires.png,2026/08/08,2026/01/16,18.89,16.0,20.559999465942383,999.0,,,,,,36.7851,26.4151,35.3086,0.0,46.13999938964844,36.9812,37.1081,0.0,0.0,0.0,1.1535,2026-08-09
sv6pt5-97,Powerglass,holofoil,Shrouded Fable,97,Hyper Rare,,Pokémon Tool,,Trainer,2024/08/02,"tcgplayer,cardmarket",https://prices.pokemontcg.io/tcgplayer/sv6pt5-97,https://images.pokemontcg.io/sv6pt5/97_hires.png,2026/08/08,2026/01/16,20.67,17.799999237060547,22.639999389648438,999.0,,,,,,30.4985,17.3025,23.3584,0.0,23.358400344848633,22.9316,27.857,0.0,0.0,0.0,1.1535,2026-08-09
sv6pt5-98,Basic Darkness Energy,holofoil,Shrouded Fable,98,Hyper Rare,,Basic,,Energy,2024/08/02,"tcgplayer,cardmarket",https://prices.pokemontcg.io/tcgplayer/sv6pt5-98,https://images.pokemontcg.io/sv6pt5/98_hires.png,2026/08/08,2026/01/16,62.94,49.939998626708984,65.66999816894531,999.0,,,,,,40.9377,32.2865,41.9182,0.0,57.66350173950195,44.5136,41.18,0.0,0.0,0.0,1.1535,2026-08-09
sv6pt5-99,Basic Metal Energy,holofoil,Shrouded Fable,99,Hyper Rare,,Basic,,Energy,2024/08/02,"tcgplayer,cardmarket",https://prices.pokemontcg.io/tcgplayer/sv6pt5-99,https://images.pokemontcg.io/sv6pt5/99_hires.png,2026/08/08,2026/01/16,33.72,30.0,37.47999954223633,999.0,,,,,,43.8791,28.8375,40.361,0.0,40.14179992675781,39.0344,42.5641,0.0,0.0,0.0,1.1535,2026-08-09
sv7-1,Venusaur ex,holofoil,Stellar Crown,1,Double Rare,,Stage 2|ex,3,Pokémon,2024/09/13,"tcgplayer,cardmarket",https://prices.pokemontcg.io/tcgplayer/sv7-1,https://images.pokemontcg.io/sv7/1_hires.png,2026/08/08,2026/07/01,1.52,0.8399999737739563,1.409999966621399,50.0,,,,,,1.8802,0.5767,1.9148,0.0,1.9493999481201172,1.7879,1.8917,0.0,0.0,0.0,1.1535,2026-08-09
sv7-2,Ledyba,normal,Stellar Crown,2,Common,,Basic,165,Pokémon,2024/09/13,"tcgplayer,cardmarket",https://prices.pokemontcg.io/tcgplayer/sv7-2,https://images.pokemontcg.io/sv7/2_hires.png,2026/08/08,2026/07/01,0.06,0.009999999776482582,0.15000000596046448,19.979999542236328,,0.28,,,,0.0346,0.0231,0.0577,0.1384,0.03460000082850456,0.0346,0.0346,0.1384,0.15,0.1269,1.1535,2026-08-09
sv7-3,Ledian,holofoil,Stellar Crown,3,Rare,,Stage 1,166,Pokémon,2024/09/13,"tcgplayer,cardmarket",https://prices.pokemontcg.io/tcgplayer/sv7-3,https://images.pokemontcg.io/sv7/3_hires.png,2026/08/08,2026/07/01,0.16,0.009999999776482582,0.20000000298023224,25.0,,0.28,,,,0.0807,0.0231,0.1269,0.15,0.10379999876022339,0.1154,0.0807,0.173,0.1384,0.15,1.1535,2026-08-09
sv7-5,Lileep,normal,Stellar Crown,5,Common,,Stage 1,345,Pokémon,2024/09/13,"tcgplayer,cardmarket",https://prices.pokemontcg.io/tcgplayer/sv7-5,https://images.pokemontcg.io/sv7/5_hires.png,2026/08/08,2026/07/01,0.15,0.009999999776482582,0.18000000715255737,19.979999542236328,,0.34,,,,0.0461,0.0231,0.0461,0.15,0.023099999874830246,0.0461,0.0461,0.0923,0.15,0.15,1.1535,2026-08-09
sv7-4,Celebi,normal,Stellar Crown,4,Uncommon,,Basic,251,Pokémon,2024/09/13,"tcgplayer,cardmarket",https://prices.pokemontcg.io/tcgplayer/sv7-4,https://images.pokemontcg.io/sv7/4_hires.png,2026/08/08,2026/07/01,0.05,0.009999999776482582,0.15000000596046448,19.979999542236328,,0.31,,,,0.0577,0.0231,0.0577,0.2192,0.023099999874830246,0.0577,0.0692,0.173,0.2076,0.2192,1.1535,2026-08-09
sv7-6,Cradily,holofoil,Stellar Crown,6,Rare,,Stage 2,346,Pokémon,2024/09/13,"tcgplayer,cardmarket",https://prices.pokemontcg.io/tcgplayer/sv7-6,https://images.pokemontcg.io/sv7/6_hires.png,2026/08/08,2026/07/01,0.21,0.009999999776482582,0.23000000417232513,19.979999542236328,,0.29,,,,0.0807,0.0231,0.0923,0.1961,0.10379999876022339,0.1038,0.0807,0.15,0.1154,0.1846,1.1535,2026-08-09
sv7-7,Carnivine,normal,Stellar Crown,7,Common,,Basic,455,Pokémon,2024/09/13,"tcgplayer,cardmarket",https://prices.pokemontcg.io/tcgplayer/sv7-7,https://images.pokemontcg.io/sv7/7_hires.png,2026/08/08,2026/07/01,0.06,0.009999999776482582,0.15000000596046448,19.979999542236328,,0.25,,,,0.0346,0.0231,0.0346,0.1269,0.023099999874830246,0.0346,0.0346,0.15,0.173,0.1269,1.1535,2026-08-09
sv7-9,Grubbin,normal,Stellar Crown,9,Common,,Basic,736,Pokémon,2024/09/13,"tcgplayer,cardmarket",https://prices.pokemontcg.io/tcgplayer/sv7-9,https://images.pokemontcg.io/sv7/9_hires.png,2026/08/08,2026/07/01,0.05,0.009999999776482582,0.15000000596046448,19.979999542236328,,0.23,,,,0.0346,0.0231,0.0346,0.1154,0.023099999874830246,0.0346,0.0346,0.1154,0.0923,0.1038,1.1535,2026-08-09
sv7-8,Mow Rotom,normal,Stellar Crown,8,Common,,Basic,479,Pokémon,2024/09/13,"tcgplayer,cardmarket",https://prices.pokemontcg.io/tcgplayer/sv7-8,https://images.pokemontcg.io/sv7/8_hires.png,2026/08/08,2026/07/01,0.14,0.009999999776482582,0.15000000596046448,19.979999542236328,,0.27,,,,0.0461,0.0231,0.0577,0.1154,0.023099999874830246,0.0346,0.0461,0.0807,0.1038,0.1038,1.1535,2026-08-09
sv7-10,Gossifleur,normal,Stellar Crown,10,Common,,Basic,829,Pokémon,2024/09/13,"tcgplayer,cardmarket",https://prices.pokemontcg.io/tcgplayer/sv7-10,https://images.pokemontcg.io/sv7/10_hires.png,2026/08/08,2026/07/01,0.04,0.009999999776482582,0.15000000596046448,1000.0,,0.21,,,,0.0346,0.0231,0.0461,0.1269,0.03460000082850456,0.0346,0.0346,0.1038,0.1154,0.1154,1.1535,2026-08-09
sv7-11,Eldegoss,normal,Stellar Crown,11,Uncommon,,Stage 1,830,Pokémon,2024/09/13,"tcgplayer,cardmarket",https://prices.pokemontcg.io/tcgplayer/sv7-11,https://images.pokemontcg.io/sv7/11_hires.png,2026/08/08,2026/07/01,0.04,0.009999999776482582,0.15000000596046448,19.979999542236328,,0.25,,,,0.0346,0.0231,0.0577,0.1615,0.11540000140666962,0.0461,0.0346,0.1154,0.173,0.15,1.1535,2026-08-09
sv7-12,Applin,normal,Stellar Crown,12,Common,,Basic,840,Pokémon,2024/09/13,"tcgplayer,cardmarket",https://prices.pokemontcg.io/tcgplayer/sv7-12,https://images.pokemontcg.io/sv7/12_hires.png,2026/08/08,2026/07/01,0.17,0.019999999552965164,0.20000000298023224,19.979999542236328,,0.27,,,,0.0807,0.0231,0.0577,0.1615,0.023099999874830246,0.0577,0.0807,0.1846,0.1961,0.1615,1.1535,2026-08-09
sv7-13,Dipplin,normal,Stellar Crown,13,Common,,Stage 1,,Pokémon,2024/09/13,"tcgplayer,cardmarket",https://prices.pokemontcg.io/tcgplayer/sv7-13,https://images.pokemontcg.io/sv7/13_hires.png,2026/08/08,2026/07/01,0.21,0.009999999776482582,0.20999999344348907,2.990000009536743,,0.26,,,,0.0461,0.0231,0.0346,0.1615,0.03460000082850456,0.0346,0.0577,0.173,0.173,0.15,1.1535,2026-08-09
sv7-14,Hydrapple ex,holofoil,Stellar Crown,14,Double Rare,,Stage 2|ex,,Pokémon,2024/09/13,"tcgplayer,cardmarket",https://prices.pokemontcg.io/tcgplayer/sv7-14,https://images.pokemontcg.io/sv7/14_hires.png,2026/08/08,2026/07/01,1.53,0.5,1.5,19.989999771118164,,,,,,1.2342,0.173,1.0612,0.0,1.0266000032424927,1.2112,1.2227,0.0,0.0,0.0,1.1535,2026-08-09
sv7-15,Nymble,normal,Stellar Crown,15,Common,,Basic,919,Pokémon,2024/09/13,"tcgplayer,cardmarket",https://prices.pokemontcg.io/tcgplayer/sv7-15,https://images.pokemontcg.io/sv7/15_hires.png,2026/08/08,2026/07/01,0.15,0.009999999776482582,0.1599999964237213,19.979999542236328,,0.19,,,,0.0461,0.0231,0.0692,0.1269,0.03460000082850456,0.0692,0.0577,0.0807,0.1154,0.1154,1.1535,2026-08-09
sv7-16,Lokix,normal,Stellar Crown,16,Common,,Stage 1,920,Pokémon,2024/09/13,"tcgplayer,cardmarket",https://prices.pokemontcg.io/tcgplayer/sv7-16,https://images.pokemontcg.io/sv7/16_hires.png,2025/08/08,2026/07/01,0.03,0.009999999776482582,0.05000000074505806,4.949999809265137,0.15,,,,,0.0461,0.0231,0.0461,0.1154,0.04610000178217888,0.0577,0.0461,0.1154,0.1615,0.1154,1.1535,2026-08-09
sv7-17,Toedscool,normal,Stellar Crown,17,Common,,Basic,948,Pokémon,2024/09/13,"tcgplayer,cardmarket",https://prices.pokemontcg.io/tcgplayer/sv7-17,https://images.pokemontcg.io/sv7/17_hires.png,2026/08/08,2026/07/01,0.11,0.009999999776482582,0.15000000596046448,19.979999542236328,,0.26,,,,0.0346,0.0231,0.0461,0.1154,0.03460000082850456,0.0346,0.0346,0.0346,0.15,0.1384,1.1535,2026-08-09
sv7-18,Toedscruel,normal,Stellar Crown,18,Uncommon,,Stage 1,949,Pokémon,2024/09/13,"tcgplayer,cardmarket",https://prices.pokemontcg.io/tcgplayer/sv7-18,https://images.pokemontcg.io/sv7/18_hires.png,2026/08/08,2026/07/01,0.06,0.009999999776482582,0.15000000596046448,19.979999542236328,,0.15,,,,0.0346,0.0231,0.0461,0.15,0.03460000082850456,0.0461,0.0346,0.173,0.15,0.1384,1.1535,2026-08-09
sv7-19,Ponyta,normal,Stellar Crown,19,Common,,Basic,77,Pokémon,2024/09/13,"tcgplayer,cardmarket",https://prices.pokemontcg.io/tcgplayer/sv7-19,https://images.pokemontcg.io/sv7/19_hires.png,2026/08/08,2026/07/01,0.14,0.009999999776482582,0.15000000596046448,2.990000009536743,,0.28,,,,0.0461,0.0231,0.0461,0.15,0.023099999874830246,0.0346,0.0461,0.1038,0.1154,0.1384,1.1535,2026-08-09
sv7-20,Rapidash,normal,Stellar Crown,20,Uncommon,,Stage 1,78,Pokémon,2024/09/13,"tcgplayer,cardmarket",https://prices.pokemontcg.io/tcgplayer/sv7-20,https://images.pokemontcg.io/sv7/20_hires.png,2026/08/08,2026/06/19,0.16,0.009999999776482582,0.15000000596046448,20.0,,0.24,,,,0.0346,0.0231,0.0461,0.1384,0.03460000082850456,0.0461,0.0346,0.1038,0.15,0.1384,1.1535,2026-08-09
sv7-21,Pansear,normal,Stellar Crown,21,Common,,Basic,513,Pokémon,2024/09/13,"tcgplayer,cardmarket",https://prices.pokemontcg.io/tcgplayer/sv7-21,https://images.pokemontcg.io/sv7/21_hires.png,2026/08/08,2026/06/19,0.07,0.009999999776482582,0.15000000596046448,19.979999542236328,,0.19,,,,0.0346,0.0231,0.0461,0.1038,0.023099999874830246,0.0461,0.0346,0.2307,0.1038,0.1154,1.1535,2026-08-09
sv7-22,Reshiram,normal,Stellar Crown,22,Uncommon,,Basic,643,Pokémon,2024/09/13,"tcgplayer,cardmarket",https://prices.pokemontcg.io/tcgplayer/sv7-22,https://images.pokemontcg.io/sv7/22_hires.png,2026/08/08,2026/06/19,0.04,0.009999999776482582,0.15000000596046448,1000.0,,0.26,,,,0.0346,0.0231,0.0346,0.1615,0.023099999874830246,0.0346,0.0346,0.0577,0.1846,0.1615,1.1535,2026-08-09
sv7-24,Salazzle,normal,Stellar Crown,24,Uncommon,,Stage 1,758,Pokémon,2024/09/13,"tcgplayer,cardmarket",https://prices.pokemontcg.io/tcgplayer/sv7-24,https://images.pokemontcg.io/sv7/24_hires.png,2026/08/08,2026/06/19,0.06,0.009999999776482582,0.15000000596046448,19.979999542236328,,0.12,,,,0.0346,0.0231,0.0231,0.1154,0.023099999874830246,0.0231,0.0346,0.0461,0.1154,0.1384,1.1535,2026-08-09
sv7-23,Salandit,normal,Stellar Crown,23,Common,,Basic,757,Pokémon,2024/09/13,"tcgplayer,cardmarket",https://prices.pokemontcg.io/tcgplayer/sv7-23,https://images.pokemontcg.io/sv7/23_hires.png,2026/08/08,2026/05/14,0.04,0.009999999776482582,0.15000000596046448,19.979999542236328,,0.25,,,,0.0231,0.0231,0.0346,0.1384,0.04610000178217888,0.0346,0.0346,0.0577,0.1154,0.1384,1.1535,2026-08-09
sv7-25,Turtonator,normal,Stellar Crown,25,Common,,Basic,776,Pokémon,2024/09/13,"tcgplayer,cardmarket",https://prices.pokemontcg.io/tcgplayer/sv7-25,https://images.pokemontcg.io/sv7/25_hires.png,2026/08/08,2026/05/11,0.05,0.009999999776482582,0.15000000596046448,20.0,,0.21,,,,0.0346,0.0231,0.0346,0.1269,0.04610000178217888,0.0346,0.0346,0.1154,0.1615,0.1269,1.1535,2026-08-09
sv7-26,Scorbunny,normal,Stellar Crown,26,Common,,Basic,813,Pokémon,2024/09/13,"tcgplayer,cardmarket",https://prices.pokemontcg.io/tcgplayer/sv7-26,https://images.pokemontcg.io/sv7/26_hires.png,2026/08/08,2026/05/11,0.18,0.009999999776482582,0.18000000715255737,19.979999542236328,,0.26,,,,0.0346,0.0231,0.0231,0.1615,0.023099999874830246,0.0346,0.0346,0.1038,0.1269,0.1846,1.1535,2026-08-09
sv7-27,Raboot,normal,Stellar Crown,27,Common,,Stage 1,814,Pokémon,2024/09/13,"tcgplayer,cardmarket",https://prices.pokemontcg.io/tcgplayer/sv7-27,https://images.pokemontcg.io/sv7/27_hires.png,2026/08/08,2026/05/11,0.26,0.019999999552965164,0.23999999463558197,1000.0,,0.26,,,,0.0577,0.0231,0.0577,0.1384,0.023099999874830246,0.0923,0.0577,0.0577,0.1384,0.15,1.1535,2026-08-09
sv7-28,Cinderace ex,holofoil,Stellar Crown,28,Double Rare,,Stage 2|Tera|ex,815,Pokémon,2024/09/13,"tcgplayer,cardmarket",https://prices.pokemontcg.io/tcgplayer/sv7-28,https://images.pokemontcg.io/sv7/28_hires.png,2026/08/08,2026/05/11,0.75,0.44999998807907104,0.9900000095367432,50.0,,,,,,1.1535,0.2307,1.2342,0.0,1.464900016784668,1.2573,1.165,0.0,0.0,0.0,1.1535,2026-08-09
sv7-30,Blastoise ex,holofoil,Stellar Crown,30,Double Rare,,Stage 2|ex,9,Pokémon,2024/09/13,"tcgplayer,cardmarket",https://prices.pokemontcg.io/tcgplayer/sv7-30,https://images.pokemontcg.io/sv7/30_hires.png,2026/08/08,2026/05/11,2.96,0.8899999856948853,3.0,1040.0,,,,,,2.7569,1.0381,3.3105,0.0,3.8296000957489014,3.1837,2.8722,0.0,0.0,0.0,1.1535,2026-08-09
sv7-31,Lapras,normal,Stellar Crown,31,Uncommon,,Basic,131,Pokémon,2024/09/13,"tcgplayer,cardmarket",https://prices.pokemontcg.io/tcgplayer/sv7-31,https://images.pokemontcg.io/sv7/31_hires.png,2026/08/08,2026/05/11,0.19,0.009999999776482582,0.20000000298023224,19.979999542236328,,0.36,,,,0.0461,0.0231,0.0577,0.1846,0.05770000070333481,0.0692,0.0577,0.3691,0.173,0.1961,1.1535,2026-08-09
sv7-29,Charcadet,normal,Stellar Crown,29,Common,,Basic,935,Pokémon,2024/09/13,"tcgplayer,cardmarket",https://prices.pokemontcg.io/tcgplayer/sv7-29,https://images.pokemontcg.io/sv7/29_hires.png,2026/08/08,2026/03/11,0.08,0.009999999776482582,0.15000000596046448,19.979999542236328,,0.17,,,,0.0346,0.0231,0.0231,0.1384,0.023099999874830246,0.0231,0.0346,0.2653,0.15,0.1384,1.1535,2026-08-09
sv7-32,Lapras ex,holofoil,Stellar Crown,32,Double Rare,,Basic|Tera|ex,131,Pokémon,2024/09/13,"tcgplayer,cardmarket",https://prices.pokemontcg.io/tcgplayer/sv7-32,https://images.pokemontcg.io/sv7/32_hires.png,2026/08/08,2026/03/11,1.88,0.8999999761581421,1.850000023841858,14.989999771118164,,,,,,1.4534,0.2307,1.4188,0.0,1.857100009918213,1.4649,1.3842,0.0,0.0,0.0,1.1535,2026-08-09
sv7-33,Marill,normal,Stellar Crown,33,Common,,Basic,183,Pokémon,2024/09/13,"tcgplayer,cardmarket",https://prices.pokemontcg.io/tcgplayer/sv7-33,https://images.pokemontcg.io/sv7/33_hires.png,2026/08/08,2026/03/11,0.15,0.009999999776482582,0.18000000715255737,19.979999542236328,,0.22,,,,0.0461,0.0231,0.0346,0.1384,0.023099999874830246,0.0346,0.0346,0.2538,0.15,0.1615,1.1535,2026-08-09
sv7-34,Azumarill,normal,Stellar Crown,34,Uncommon,,Stage 1,184,Pokémon,2024/09/13,"tcgplayer,cardmarket",https://prices.pokemontcg.io/tcgplayer/sv7-34,https://images.pokemontcg.io/sv7/34_hires.png,2026/08/08,2026/03/11,0.07,0.009999999776482582,0.15000000596046448,2.990000009536743,,0.12,,,,0.0346,0.0231,0.0346,0.15,0.023099999874830246,0.0346,0.0346,0.1154,0.1269,0.15,1.1535,2026-08-09
sv7-35,Finneon,normal,Stellar Crown,35,Common,,Basic,456,Pokémon,2024/09/13,"tcgplayer,cardmarket",https://prices.pokemontcg.io/tcgplayer/sv7-35,https://images.pokemontcg.io/sv7/35_hires.png,2026/08/08,2026/03/11,0.1,0.009999999776482582,0.15000000596046448,19.979999542236328,,0.24,,,,0.0346,0.0231,0.0346,0.1154,0.023099999874830246,0.0231,0.0231,0.323,0.15,0.1269,1.1535,2026-08-09
sv7-36,Lumineon,normal,Stellar Crown,36,Uncommon,,Stage 1,457,Pokémon,2024/09/13,"tcgplayer,cardmarket",https://prices.pokemontcg.io/tcgplayer/sv7-36,https://images.pokemontcg.io/sv7/36_hires.png,2026/08/08,2026/03/01,0.04,0.009999999776482582,0.15000000596046448,19.979999542236328,,0.28,,,,0.0346,0.0231,0.0346,0.15,0.04610000178217888,0.0346,0.0346,0.0577,0.1154,0.1615,1.1535,2026-08-09
sv7-37,Tirtouga,normal,Stellar Crown,37,Common,,Stage 1,564,Pokémon,2024/09/13,"tcgplayer,cardmarket",https://prices.pokemontcg.io/tcgplayer/sv7-37,https://images.pokemontcg.io/sv7/37_hires.png,2026/08/08,2026/03/01,0.14,0.009999999776482582,0.15000000596046448,19.979999542236328,,0.25,,,,0.0461,0.0231,0.0346,0.1269,0.023099999874830246,0.0231,0.0346,0.173,0.1154,0.1269,1.1535,2026-08-09
sv7-38,Carracosta,holofoil,Stellar Crown,38,Rare,,Stage 2,565,Pokémon,2024/09/13,"tcgplayer,cardmarket",https://prices.pokemontcg.io/tcgplayer/sv7-38,https://images.pokemontcg.io/sv7/38_hires.png,2026/08/08,2026/03/01,0.18,0.009999999776482582,0.20000000298023224,2.990000009536743,,0.22,,,,0.0692,0.0231,0.0692,0.1615,0.06920000165700912,0.0692,0.0692,0.8074,0.1846,0.1615,1.1535,2026-08-09
sv7-39,Froakie,normal,Stellar Crown,39,Common,,Basic,656,Pokémon,2024/09/13,"tcgplayer,cardmarket",https://prices.pokemontcg.io/tcgplayer/sv7-39,https://images.pokemontcg.io/sv7/39_hires.png,2026/08/08,2026/02/24,0.19,0.009999999776482582,0.20000000298023224,19.979999542236328,,0.27,,,,0.0346,0.0231,0.0461,0.15,0.023099999874830246,0.0461,0.0346,0.0923,0.1269,0.1384,1.1535,2026-08-09
sv7-40,Frogadier,normal,Stellar Crown,40,Uncommon,,Stage 1,657,Pokémon,2024/09/13,"tcgplayer,cardmarket",https://prices.pokemontcg.io/tcgplayer/sv7-40,https://images.pokemontcg.io/sv7/40_hires.png,2026/08/08,2026/02/21,0.14,0.009999999776482582,0.15000000596046448,19.979999542236328,,0.24,,,,0.0461,0.0231,0.0231,0.1269,0.023099999874830246,0.0346,0.0346,0.1269,0.1154,0.1269,1.1535,2026-08-09
sv7-41,Greninja ex,holofoil,Stellar Crown,41,Double Rare,,Stage 2|ex,658,Pokémon,2024/09/13,"tcgplayer,cardmarket",https://prices.pokemontcg.io/tcgplayer/sv7-41,https://images.pokemontcg.io/sv7/41_hires.png,2026/08/08,2026/02/21,1.24,0.550000011920929,1.4199999570846558,10.0,,,,,,0.9689,0.0577,1.0843,0.0,0.8305000066757202,0.9805,1.0035,0.0,0.0,0.0,1.1535,2026-08-09
sv7-42,Crabominable,normal,Stellar Crown,42,Uncommon,,Stage 1,740,Pokémon,2024/09/13,"tcgplayer,cardmarket",https://prices.pokemontcg.io/tcgplayer/sv7-42,https://images.pokemontcg.io/sv7/42_hires.png,2026/08/08,2026/02/21,0.02,0.009999999776482582,0.15000000596046448,19.979999542236328,,0.18,,,,0.0461,0.0231,0.0346,0.1384,0.10379999876022339,0.0461,0.0461,0.173,0.173,0.1384,1.1535,2026-08-09
sv7-44,Drednaw,holofoil,Stellar Crown,44,Rare,,Stage 1,834,Pokémon,2024/09/13,"tcgplayer,cardmarket",https://prices.pokemontcg.io/tcgplayer/sv7-44,https://images.pokemontcg.io/sv7/44_hires.png,2026/08/08,2026/02/21,0.05,0.009999999776482582,0.20000000298023224,40.0,,0.23,,,,0.0807,0.0231,0.0692,0.1615,0.03460000082850456,0.0692,0.0692,0.1384,0.1846,0.1615,1.1535,2026-08-09
sv7-43,Chewtle,normal,Stellar Crown,43,Common,,Basic,833,Pokémon,2024/09/13,"tcgplayer,cardmarket",https://prices.pokemontcg.io/tcgplayer/sv7-43,https://images.pokemontcg.io/sv7/43_hires.png,2026/08/08,2026/02/21,0.26,0.009999999776482582,0.25,24.0,,0.32,,,,0.0461,0.0231,0.0461,0.1269,0.023099999874830246,0.0461,0.0461,0.1154,0.1269,0.1269,1.1535,2026-08-09
sv7-45,Veluza,normal,Stellar Crown,45,Uncommon,,Basic,976,Pokémon,2024/09/13,"tcgplayer,cardmarket",https://prices.pokemontcg.io/tcgplayer/sv7-45,https://images.pokemontcg.io/sv7/45_hires.png,2026/08/08,2026/02/21,0.05,0.009999999776482582,0.15000000596046448,19.979999542236328,,0.13,,,,0.0346,0.0231,0.0231,0.1154,0.023099999874830246,0.0231,0.0346,0.1269,0.1038,0.1154,1.1535,2026-08-09
sv7-46,Electabuzz,normal,Stellar Crown,46,Common,,Basic,125,Pokémon,2024/09/13,"tcgplayer,cardmarket",https://prices.pokemontcg.io/tcgplayer/sv7-46,https://images.pokemontcg.io/sv7/46_hires.png,2026/08/08,2026/02/21,0.05,0.009999999776482582,0.15000000596046448,19.979999542236328,,0.26,,,,0.0346,0.0231,0.0231,0.1038,0.023099999874830246,0.0231,0.0346,0.1038,0.1154,0.1154,1.1535,2026-08-09
sv7-47,Electivire,normal,Stellar Crown,47,Uncommon,,Stage 1,466,Pokémon,2024/09/13,"tcgplayer,cardmarket",https://prices.pokemontcg.io/tcgplayer/sv7-47,https://images.pokemontcg.io/sv7/47_hires.png,2026/08/08,2026/02/19,0.12,0.009999999776482582,0.15000000596046448,19.979999542236328,,0.25,,,,0.0346,0.0231,0.0461,0.1154,0.023099999874830246,0.0346,0.0461,0.0461,0.1038,0.1154,1.1535,2026-08-09
sv7-48,Chinchou,normal,Stellar Crown,48,Common,,Basic,170,Pokémon,2024/09/13,"tcgplayer,cardmarket",https://prices.pokemontcg.io/tcgplayer/sv7-48,https://images.pokemontcg.io/sv7/48_hires.png,2026/08/08,2026/02/19,0.06,0.009999999776482582,0.15000000596046448,19.979999542236328,,0.11,,,,0.0346,0.0231,0.0231,0.1384,0.023099999874830246,0.0231,0.0346,0.0577,0.1038,0.1384,1.1535,2026-08-09
sv7-49,Lanturn,normal,Stellar Crown,49,Uncommon,,Stage 1,171,Pokémon,2024/09/13,"tcgplayer,cardmarket",https://prices.pokemontcg.io/tcgplayer/sv7-49,https://images.pokemontcg.io/sv7/49_hires.png,2026/08/08,2026/02/19,0.03,0.009999999776482582,0.15000000596046448,19.979999542236328,,0.12,,,,0.0346,0.0231,0.0231,0.1269,0.023099999874830246,0.0231,0.0231,0.1038,0.1269,0.1269,1.1535,2026-08-09
sv7-50,Joltik,normal,Stellar Crown,50,Common,,Basic,595,Pokémon,2024/09/13,"tcgplayer,cardmarket",https://prices.pokemontcg.io/tcgplayer/sv7-50,https://images.pokemontcg.io/sv7/50_hires.png,2026/08/08,2026/02/19,0.23,0.009999999776482582,0.25,20.0,,0.27,,,,0.0807,0.0231,0.0577,0.2192,0.04610000178217888,0.0461,0.0692,0.1154,0.1846,0.1846,1.1535,2026-08-09
sv7-51,Galvantula ex,holofoil,Stellar Crown,51,Double Rare,,Stage 1|Tera|ex,596,Pokémon,2024/09/13,"tcgplayer,cardmarket",https://prices.pokemontcg.io/tcgplayer/sv7-51,https://images.pokemontcg.io/sv7/51_hires.png,2026/08/08,2026/02/19,0.83,0.5,0.9900000095367432,65.0,,,,,,0.9343,0.2307,0.9228,0.0,1.0612000226974487,1.0151,0.9343,0.0,0.0,0.0,1.1535,2026-08-09
sv7-52,Charjabug,normal,Stellar Crown,52,Common,,Stage 1,737,Pokémon,2024/09/13,"tcgplayer,cardmarket",https://prices.pokemontcg.io/tcgplayer/sv7-52,https://images.pokemontcg.io/sv7/52_hires.png,2026/08/08,2026/02/19,0.17,0.009999999776482582,0.1899999976158142,19.979999542236328,,0.24,,,,0.0461,0.0231,0.0231,0.1384,0.023099999874830246,0.0231,0.0461,0.1154,0.1615,0.1384,1.1535,2026-08-09
sv7-53,Vikavolt,normal,Stellar Crown,53,Uncommon,,Stage 2,738,Pokémon,2024/09/13,"tcgplayer,cardmarket",https://prices.pokemontcg.io/tcgplayer/sv7-53,https://images.pokemontcg.io/sv7/53_hires.png,2026/08/08,2026/02/01,0.04,0.009999999776482582,0.15000000596046448,19.979999542236328,,0.24,,,,0.0346,0.0231,0.0461,0.1384,0.05770000070333481,0.0346,0.0346,0.15,0.1269,0.1154,1.1535,2026-08-09
sv7-55,Zeraora,holofoil,Stellar Crown,55,Rare,,Basic,807,Pokémon,2024/09/13,"tcgplayer,cardmarket",https://prices.pokemontcg.io/tcgplayer/sv7-55,https://images.pokemontcg.io/sv7/55_hires.png,2026/08/08,2026/02/01,0.22,0.009999999776482582,0.20999999344348907,3.0,,0.25,,,,0.0807,0.0231,0.0692,0.1961,0.06920000165700912,0.0577,0.0807,0.0577,0.1846,0.1961,1.1535,2026-08-09
sv7-54,Togedemaru,normal,Stellar Crown,54,Uncommon,,Basic,777,Pokémon,2024/09/13,"tcgplayer,cardmarket",https://prices.pokemontcg.io/tcgplayer/sv7-54,https://images.pokemontcg.io/sv7/54_hires.png,2026/08/08,2026/02/01,0.04,0.009999999776482582,0.15000000596046448,19.979999542236328,,0.25,,,,0.0346,0.0231,0.0346,0.173,0.023099999874830246,0.0346,0.0346,0.0577,0.1038,0.1269,1.1535,2026-08-09
sv7-56,Pawmi,normal,Stellar Crown,56,Common,,Basic,921,Pokémon,2024/09/13,"tcgplayer,cardmarket",https://prices.pokemontcg.io/tcgplayer/sv7-56,https://images.pokemontcg.io/sv7/56_hires.png,2026/08/08,2026/02/01,0.09,0.009999999776482582,0.15000000596046448,19.979999542236328,,0.25,,,,0.0346,0.0231,0.0346,0.15,0.03460000082850456,0.0346,0.0346,0.173,0.0807,0.1154,1.1535,2026-08-09
sv7-57,Slowpoke,normal,Stellar Crown,57,Common,,Basic,79,Pokémon,2024/09/13,"tcgplayer,cardmarket",https://prices.pokemontcg.io/tcgplayer/sv7-57,https://images.pokemontcg.io/sv7/57_hires.png,2026/08/08,2026/02/01,2.6,1.649999976158142,3.2799999713897705,19.989999771118164,,4.51,,,,0.0577,0.0231,0.0923,0.1961,0.03460000082850456,0.0923,0.0692,0.2192,0.2076,0.2076,1.1535,2026-08-09
sv7-58,Slowking,normal,Stellar Crown,58,Uncommon,,Stage 1,199,Pokémon,2024/09/13,"tcgplayer,cardmarket",https://prices.pokemontcg.io/tcgplayer/sv7-58,https://images.pokemontcg.io/sv7/58_hires.png,2026/08/08,2026/02/01,0.19,0.03999999910593033,0.25,19.979999542236328,,0.56,,,,0.0577,0.0231,0.0692,0.1961,0.04610000178217888,0.0577,0.0577,0.0692,0.1615,0.1961,1.1535,2026-08-09
sv7-59,Mewtwo,normal,Stellar Crown,59,Uncommon,,Basic,150,Pokémon,2024/09/13,"tcgplayer,cardmarket",https://prices.pokemontcg.io/tcgplayer/sv7-59,https://images.pokemontcg.io/sv7/59_hires.png,2026/08/08,2026/02/01,0.42,0.05000000074505806,0.4399999976158142,20.0,,0.9,,,,0.0692,0.0231,0.0577,0.2307,0.04610000178217888,0.0577,0.0577,0.2076,0.2307,0.2192,1.1535,2026-08-09
sv7-60,Drifloon,normal,Stellar Crown,60,Common,,Basic,425,Pokémon,2024/09/13,"tcgplayer,cardmarket",https://prices.pokemontcg.io/tcgplayer/sv7-60,https://images.pokemontcg.io/sv7/60_hires.png,2026/08/08,2026/02/01,0.09,0.009999999776482582,0.15000000596046448,19.979999542236328,,0.26,,,,0.0346,0.0231,0.0231,0.1615,0.023099999874830246,0.0231,0.0346,0.1961,0.1269,0.1384,1.1535,2026-08-09
sv7-61,Drifblim,normal,Stellar Crown,61,Uncommon,,Stage 1,426,Pokémon,2024/09/13,"tcgplayer,cardmarket",https://prices.pokemontcg.io/tcgplayer/sv7-61,https://images.pokemontcg.io/sv7/61_hires.png,2026/08/08,2026/02/01,0.11,0.009999999776482582,0.15000000596046448,20.239999771118164,,0.24,,,,0.0346,0.0231,0.0461,0.1384,0.03460000082850456,0.0461,0.0461,0.2307,0.1615,0.1384,1.1535,2026-08-09
sv7-62,Yamask,normal,Stellar Crown,62,Common,,Basic,562,Pokémon,2024/09/13,"tcgplayer,cardmarket",https://prices.pokemontcg.io/tcgplayer/sv7-62,https://images.pokemontcg.io/sv7/62_hires.png,2026/08/08,2026/02/01,0.12,0.009999999776482582,0.15000000596046448,19.979999542236328,,0.3,,,,0.0346,0.0231,0.0346,0.669,0.023099999874830246,0.0231,0.0346,0.4614,0.323,0.6114,1.1535,2026-08-09
sv7-63,Comfey,normal,Stellar Crown,63,Common,,Basic,764,Pokémon,2024/09/13,"tcgplayer,cardmarket",https://prices.pokemontcg.io/tcgplayer/sv7-63,https://images.pokemontcg.io/sv7/63_hires.png,2026/08/08,2026/02/01,0.1,0.009999999776482582,0.1599999964237213,19.979999542236328,,0.27,,,,0.0461,0.0231,0.0346,0.1154,0.023099999874830246,0.0231,0.0346,0.1038,0.1154,0.1154,1.1535,2026-08-09
sv7-64,Milcery,normal,Stellar Crown,64,Common,,Basic,868,Pokémon,2024/09/13,"tcgplayer,cardmarket",https://prices.pokemontcg.io/tcgplayer/sv7-64,https://images.pokemontcg.io/sv7/64_hires.png,2026/08/08,2026/02/01,0.06,0.009999999776482582,0.15000000596046448,19.979999542236328,,0.32,,,,0.0346,0.0231,0.0346,0.9805,0.05770000070333481,0.0346,0.0346,0.4037,1.1074,0.9689,1.1535,2026-08-09
sv7-65,Alcremie,holofoil,Stellar Crown,65,Rare,,Stage 1,869,Pokémon,2024/09/13,"tcgplayer,cardmarket",https://prices.pokemontcg.io/tcgplayer/sv7-65,https://images.pokemontcg.io/sv7/65_hires.png,2026/08/08,2026/02/01,0.25,0.029999999329447746,0.25,5.949999809265137,,0.27,,,,0.0692,0.0231,0.0923,0.15,0.05770000070333481,0.0692,0.0692,0.4614,0.1846,0.1615,1.1535,2026-08-09
sv7-66,Fidough,normal,Stellar Crown,66,Common,,Basic,926,Pokémon,2024/09/13,"tcgplayer,cardmarket",https://prices.pokemontcg.io/tcgplayer/sv7-66,https://images.pokemontcg.io/sv7/66_hires.png,2026/08/08,2026/02/01,0.13,0.009999999776482582,0.20000000298023224,5.0,,0.29,,,,0.0461,0.0231,0.0346,0.15,0.023099999874830246,0.0346,0.0346,0.1384,0.1384,0.1154,1.1535,2026-08-09
sv7-67,Dachsbun ex,holofoil,Stellar Crown,67,Double Rare,,Stage 1|ex,927,Pokémon,2024/09/13,"tcgplayer,cardmarket",https://prices.pokemontcg.io/tcgplayer/sv7-67,https://images.pokemontcg.io/sv7/67_hires.png,2026/08/08,2026/02/01,1.46,0.6200000047683716,1.3799999952316284,6.0,,,,,,0.8074,0.1154,0.8997,0.0,1.1073999404907227,0.8536,0.8305,0.0,0.0,0.0,1.1535,2026-08-09
sv7-68,Flittle,normal,Stellar Crown,68,Common,,Basic,955,Pokémon,2024/09/13,"tcgplayer,cardmarket",https://prices.pokemontcg.io/tcgplayer/sv7-68,https://images.pokemontcg.io/sv7/68_hires.png,2026/08/08,2026/02/01,0.1,0.009999999776482582,0.15000000596046448,19.979999542236328,,0.2,,,,0.0461,0.0231,0.0461,0.1154,0.05770000070333481,0.0461,0.0461,0.173,0.1269,0.1154,1.1535,2026-08-09
sv7-69,Espathra,normal,Stellar Crown,69,Common,,Stage 1,956,Pokémon,2024/09/13,"tcgplayer,cardmarket",https://prices.pokemontcg.io/tcgplayer/sv7-69,https://images.pokemontcg.io/sv7/69_hires.png,2026/08/08,2026/01/19,0.09,0.009999999776482582,0.15000000596046448,1000.0,,0.34,,,,0.0461,0.0231,0.0461,1.0612,0.03460000082850456,0.0692,0.0461,0.0231,1.9725,1.2689,1.1535,2026-08-09
sv7-70,Greavard,normal,Stellar Crown,70,Common,,Basic,971,Pokémon,2024/09/13,"tcgplayer,cardmarket",https://prices.pokemontcg.io/tcgplayer/sv7-70,https://images.pokemontcg.io/sv7/70_hires.png,2026/08/08,2026/01/19,0.07,0.009999999776482582,0.15000000596046448,19.979999542236328,,0.18,,,,0.0346,0.0231,0.0461,0.1269,0.023099999874830246,0.0231,0.0346,0.0231,0.1154,0.1269,1.1535,2026-08-09
sv7-71,Iron Boulder,holofoil,Stellar Crown,71,Rare,,Basic|Future,,Pokémon,2024/09/13,"tcgplayer,cardmarket",https://prices.pokemontcg.io/tcgplayer/sv7-71,https://images.pokemontcg.io/sv7/71_hires.png,2026/08/08,2026/01/19,0.18,0.009999999776482582,0.20000000298023224,19.979999542236328,,0.25,,,,0.0923,0.0231,0.0346,0.1615,0.11540000140666962,0.0577,0.0923,0.2307,0.2307,0.1846,1.1535,2026-08-09
sv7-72,Cubone,normal,Stellar Crown,72,Common,,Basic,104,Pokémon,2024/09/13,"tcgplayer,cardmarket",https://prices.pokemontcg.io/tcgplayer/sv7-72,https://images.pokemontcg.io/sv7/72_hires.png,2026/08/08,2026/01/19,0.17,0.009999999776482582,0.20000000298023224,2.990000009536743,,0.31,,,,0.0577,0.0231,0.0461,0.1961,0.05770000070333481,0.0461,0.0807,0.1038,0.173,0.2076,1.1535,2026-08-09
sv7-73,Marowak,normal,Stellar Crown,73,Uncommon,,Stage 1,105,Pokémon,2024/09/13,"tcgplayer,cardmarket",https://prices.pokemontcg.io/tcgplayer/sv7-73,https://images.pokemontcg.io/sv7/73_hires.png,2026/08/08,2026/01/19,0.16,0.009999999776482582,0.1899999976158142,20.0,,0.23,,,,0.0461,0.0231,0.0346,0.15,0.023099999874830246,0.0346,0.0577,0.0577,0.1269,0.1615,1.1535,2026-08-09
sv7-74,Rhyhorn,normal,Stellar Crown,74,Common,,Basic,111,Pokémon,2024/09/13,"tcgplayer,cardmarket",https://prices.pokemontcg.io/tcgplayer/sv7-74,https://images.pokemontcg.io/sv7/74_hires.png,2026/08/08,2026/01/19,0.03,0.009999999776482582,0.15000000596046448,19.979999542236328,,0.18,,,,0.0346,0.0231,0.0346,0.1269,0.023099999874830246,0.0346,0.0346,0.1269,0.1154,0.1269,1.1535,2026-08-09
sv7-75,Rhydon,normal,Stellar Crown,75,Common,,Stage 1,112,Pokémon,2024/09/13,"tcgplayer,cardmarket",https://prices.pokemontcg.io/tcgplayer/sv7-75,https://images.pokemontcg.io/sv7/75_hires.png,2026/08/08,2026/01/19,0.17,0.009999999776482582,0.17000000178813934,19.979999542236328,,0.19,,,,0.0692,0.0231,0.0461,0.1154,0.05770000070333481,0.0461,0.0577,0.15,0.1269,0.1269,1.1535,2026-08-09
sv7-76,Rhyperior,holofoil,Stellar Crown,76,Rare,,Stage 2,464,Pokémon,2024/09/13,"tcgplayer,cardmarket",https://prices.pokemontcg.io/tcgplayer/sv7-76,https://images.pokemontcg.io/sv7/76_hires.png,2026/08/08,2026/01/19,0.19,0.009999999776482582,0.20999999344348907,19.979999542236328,,0.22,,,,0.0923,0.0231,0.0577,0.1615,0.05770000070333481,0.0923,0.0807,0.0461,0.1154,0.1846,1.1535,2026-08-09
sv7-77,Meditite,normal,Stellar Crown,77,Common,,Basic,307,Pokémon,2024/09/13,"tcgplayer,cardmarket",https://prices.pokemontcg.io/tcgplayer/sv7-77,https://images.pokemontcg.io/sv7/77_hires.png,2026/08/08,2026/01/19,0.15,0.009999999776482582,0.15000000596046448,1000.0,,0.36,,,,0.0692,0.0231,0.1038,0.7152,0.04610000178217888,0.0807,0.0692,0.1154,0.8651,0.6114,1.1535,2026-08-09
sv7-78,Meditite,normal,Stellar Crown,78,Common,,Basic,307,Pokémon,2024/09/13,"tcgplayer,cardmarket",https://prices.pokemontcg.io/tcgplayer/sv7-78,https://images.pokemontcg.io/sv7/78_hires.png,2026/08/08,2026/01/19,0.14,0.009999999776482582,0.1599999964237213,19.979999542236328,,0.32,,,,0.0461,0.0231,0.0346,1.2227,0.04610000178217888,0.0346,0.0461,0.1038,1.0151,1.2112,1.1535,2026-08-09
sv7-79,Medicham,normal,Stellar Crown,79,Common,,Stage 1,308,Pokémon,2024/09/13,"tcgplayer,cardmarket",https://prices.pokemontcg.io/tcgplayer/sv7-79,https://images.pokemontcg.io/sv7/79_hires.png,2026/08/08,2026/01/16,0.05,0.009999999776482582,0.15000000596046448,19.979999542236328,,0.23,,,,0.0461,0.0231,0.0577,0.1615,0.023099999874830246,0.0461,0.0461,0.1961,0.1384,0.15,1.1535,2026-08-09
sv7-80,Medicham ex,holofoil,Stellar Crown,80,Double Rare,,Stage 1|ex,308,Pokémon,2024/09/13,"tcgplayer,cardmarket",https://prices.pokemontcg.io/tcgplayer/sv7-80,https://images.pokemontcg.io/sv7/80_hires.png,2026/08/08,2026/01/16,0.69,0.25,0.9900000095367432,50.0,,,,,,0.7498,0.0577,0.7267,0.0,0.6229000091552734,0.6575,0.7267,0.0,0.0,0.0,1.1535,2026-08-09
sv7-81,Riolu,normal,Stellar Crown,81,Common,,Basic,447,Pokémon,2024/09/13,"tcgplayer,cardmarket",https://prices.pokemontcg.io/tcgplayer/sv7-81,https://images.pokemontcg.io/sv7/81_hires.png,2026/08/08,2026/01/16,0.06,0.009999999776482582,0.15000000596046448,1000.0,,0.23,,,,0.0346,0.0231,0.0346,0.1384,0.04610000178217888,0.0346,0.0346,0.1615,0.173,0.1384,1.1535,2026-08-09
sv7-82,Lucario ex,holofoil,Stellar Crown,82,Double Rare,,Stage 1|ex,448,Pokémon,2024/09/13,"tcgplayer,cardmarket",https://prices.pokemontcg.io/tcgplayer/sv7-82,https://images.pokemontcg.io/sv7/82_hires.png,2026/08/08,2026/01/16,0.78,0.4000000059604645,1.0,9.989999771118164,,,,,,0.8882,0.1154,0.8767,0.0,0.9804999828338623,0.9113,0.9343,0.0,0.0,0.0,1.1535,2026-08-09
sv7-83,Mienfoo,normal,Stellar Crown,83,Common,,Basic,619,Pokémon,2024/09/13,"tcgplayer,cardmarket",https://prices.pokemontcg.io/tcgplayer/sv7-83,https://images.pokemontcg.io/sv7/83_hires.png,2026/08/08,2026/01/16,0.03,0.009999999776482582,0.15000000596046448,19.979999542236328,,0.13,,,,0.0346,0.0231,0.0346,0.1615,0.023099999874830246,0.0231,0.0346,0.1615,0.1269,0.15,1.1535,2026-08-09
sv7-84,Mienshao,normal,Stellar Crown,84,Uncommon,,Stage 1,620,Pokémon,2024/09/13,"tcgplayer,cardmarket",https://prices.pokemontcg.io/tcgplayer/sv7-84,https://images.pokemontcg.io/sv7/84_hires.png,2026/08/08,2026/01/16,0.03,0.009999999776482582,0.15000000596046448,20.0,,0.23,,,,0.0346,0.0231,0.0346,0.15,0.023099999874830246,0.0346,0.0346,0.3345,0.1846,0.15,1.1535,2026-08-09
sv7-85,Pancham,normal,Stellar Crown,85,Common,,Basic,674,Pokémon,2024/09/13,"tcgplayer,cardmarket",https://prices.pokemontcg.io/tcgplayer/sv7-85,https://images.pokemontcg.io/sv7/85_hires.png,2026/08/08,2026/01/16,0.05,0.009999999776482582,0.15000000596046448,19.979999542236328,,0.24,,,,0.0231,0.0231,0.0346,0.1615,0.03460000082850456,0.0346,0.0346,0.0692,0.0807,0.1384,1.1535,2026-08-09
sv7-86,Diancie,normal,Stellar Crown,86,Uncommon,,Basic,719,Pokémon,2024/09/13,"tcgplayer,cardmarket",https://prices.pokemontcg.io/tcgplayer/sv7-86,https://images.pokemontcg.io/sv7/86_hires.png,2026/08/08,2026/01/16,0.12,0.009999999776482582,0.1599999964237213,19.979999542236328,,0.26,,,,0.2192,0.0231,0.0461,0.1384,0.03460000082850456,0.0577,0.0461,0.0923,0.1615,0.15,1.1535,2026-08-09
sv7-87,Crabrawler,normal,Stellar Crown,87,Common,,Basic,739,Pokémon,2024/09/13,"tcgplayer,cardmarket",https://prices.pokemontcg.io/tcgplayer/sv7-87,https://images.pokemontcg.io/sv7/87_hires.png,2026/08/08,2026/01/16,0.1,0.009999999776482582,0.15000000596046448,19.979999542236328,,0.21,,,,0.0346,0.0231,0.0231,0.1154,0.03460000082850456,0.0231,0.0346,0.1038,0.1038,0.1269,1.1535,2026-08-09
sv7-88,Falinks,normal,Stellar Crown,88,Common,,Basic,870,Pokémon,2024/09/13,"tcgplayer,cardmarket",https://prices.pokemontcg.io/tcgplayer/sv7-88,https://images.pokemontcg.io/sv7/88_hires.png,2026/08/08,2026/01/16,0.14,0.009999999776482582,0.1599999964237213,1000.0,,0.21,,,,0.0461,0.0231,0.0346,0.1384,0.03460000082850456,0.0346,0.0461,0.1384,0.1154,0.1269,1.1535,2026-08-09
sv7-89,Garganacl ex,holofoil,Stellar Crown,89,Double Rare,,Stage 2|ex,934,Pokémon,2024/09/13,"tcgplayer,cardmarket",https://prices.pokemontcg.io/tcgplayer/sv7-89,https://images.pokemontcg.io/sv7/89_hires.png,2026/08/08,2026/01/16,0.63,0.38999998569488525,0.9200000166893005,4.989999771118164,,,,,,0.7613,0.0577,0.7152,0.0,0.9689000248908997,0.669,0.7728,0.0,0.0,0.0,1.1535,2026-08-09
sv7-90,Koraidon,normal,Stellar Crown,90,Uncommon,,Basic,1007,Pokémon,2024/09/13,"tcgplayer,cardmarket",https://prices.pokemontcg.io/tcgplayer/sv7-90,https://images.pokemontcg.io/sv7/90_hires.png,2026/08/08,2026/01/16,0.02,0.009999999776482582,0.15000000596046448,1.9900000095367432,,0.23,,,,0.0346,0.0231,0.0346,0.1384,0.023099999874830246,0.0346,0.0346,0.2884,0.1384,0.1384,1.1535,2026-08-09
sv7-91,Gulpin,normal,Stellar Crown,91,Common,,Basic,316,Pokémon,2024/09/13,"tcgplayer,cardmarket",https://prices.pokemontcg.io/tcgplayer/sv7-91,https://images.pokemontcg.io/sv7/91_hires.png,2026/08/08,2026/01/16,0.21,0.029999999329447746,0.20999999344348907,19.979999542236328,,0.3,,,,0.0577,0.0231,0.0577,0.15,0.023099999874830246,0.0923,0.0577,0.1846,0.1384,0.15,1.1535,2026-08-09
sv7-92,Swalot,normal,Stellar Crown,92,Uncommon,,Stage 1,317,Pokémon,2024/09/13,"tcgplayer,cardmarket",https://prices.pokemontcg.io/tcgplayer/sv7-92,https://images.pokemontcg.io/sv7/92_hires.png,2026/08/08,2026/01/16,0.12,0.009999999776482582,0.15000000596046448,1000.0,,0.25,,,,0.0346,0.0231,0.0346,0.1846,0.023099999874830246,0.0346,0.0346,0.1961,0.15,0.173,1.1535,2026-08-09
sv7-93,Pangoro,normal,Stellar Crown,93,Uncommon,,Stage 1,675,Pokémon,2024/09/13,"tcgplayer,cardmarket",https://prices.pokemontcg.io/tcgplayer/sv7-93,https://images.pokemontcg.io/sv7/93_hires.png,2026/08/08,2026/01/16,0.04,0.009999999776482582,0.15000000596046448,19.979999542236328,,0.17,,,,0.0346,0.0231,0.0231,0.1384,0.023099999874830246,0.0231,0.0346,0.2768,0.1038,0.1384,1.1535,2026-08-09
sv7-94,Impidimp,normal,Stellar Crown,94,Common,,Basic,859,Pokémon,2024/09/13,"tcgplayer,cardmarket",https://prices.pokemontcg.io/tcgplayer/sv7-94,https://images.pokemontcg.io/sv7/94_hires.png,2026/08/08,2026/01/16,0.14,0.009999999776482582,0.1599999964237213,2.990000009536743,,0.29,,,,0.0461,0.0231,0.0692,0.1615,0.03460000082850456,0.0577,0.0461,0.1846,0.15,0.1615,1.1535,2026-08-09
sv7-95,Morgrem,normal,Stellar Crown,95,Common,,Stage 1,860,Pokémon,2024/09/13,"tcgplayer,cardmarket",https://prices.pokemontcg.io/tcgplayer/sv7-95,https://images.pokemontcg.io/sv7/95_hires.png,2026/08/08,2026/01/16,0.15,0.009999999776482582,0.1599999964237213,19.979999542236328,,0.26,,,,0.0346,0.0231,0.0346,0.1269,0.023099999874830246,0.0346,0.0346,0.0923,0.0692,0.1154,1.1535,2026-08-09
sv7-96,Grimmsnarl,holofoil,Stellar Crown,96,Rare,,Stage 2,861,Pokémon,2024/09/13,"tcgplayer,cardmarket",https://prices.pokemontcg.io/tcgplayer/sv7-96,https://images.pokemontcg.io/sv7/96_hires.png,2026/08/08,2026/01/16,0.17,0.009999999776482582,0.20000000298023224,20.0,,0.19,,,,0.0577,0.0231,0.0461,0.1615,0.05770000070333481,0.0346,0.0577,0.4383,0.1961,0.173,1.1535,2026-08-09
sv7-97,Bombirdier,normal,Stellar Crown,97,Common,,Basic,962,Pokémon,2024/09/13,"tcgplayer,cardmarket",https://prices.pokemontcg.io/tcgplayer/sv7-97,https://images.pokemontcg.io/sv7/97_hires.png,2026/08/08,2026/01/16,0.04,0.009999999776482582,0.15000000596046448,19.979999542236328,,0.2,,,,0.0346,0.0231,0.0346,0.1384,0.04610000178217888,0.0461,0.0346,0.0923,0.1038,0.1269,1.1535,2026-08-09
sv7-98,Jirachi,normal,Stellar Crown,98,Uncommon,,Basic,385,Pokémon,2024/09/13,"tcgplayer,cardmarket",https://prices.pokemontcg.io/tcgplayer/sv7-98,https://images.pokemontcg.io/sv7/98_hires.png,2026/08/08,2026/01/16,0.29,0.019999999552965164,0.25,19.979999542236328,,0.34,,,,0.0346,0.0231,0.0461,0.15,0.023099999874830246,0.0461,0.0346,0.0807,0.1615,0.1615,1.1535,2026-08-09
sv7-99,Klink,normal,Stellar Crown,99,Common,,Basic,599,Pokémon,2024/09/13,"tcgplayer,cardmarket",https://prices.pokemontcg.io/tcgplayer/sv7-99,https://images.pokemontcg.io/sv7/99_hires.png,2026/08/08,2026/01/16,0.15,0.009999999776482582,0.15000000596046448,19.979999542236328,,0.26,,,,0.0231,0.0231,0.0346,0.15,0.023099999874830246,0.0231,0.0231,0.1154,0.0807,0.15,1.1535,2026-08-09
sv7-100,Klang,normal,Stellar Crown,100,Common,,Stage 1,600,Pokémon,2024/09/13,"tcgplayer,cardmarket",https://prices.pokemontcg.io/tcgplayer/sv7-100,https://images.pokemontcg.io/sv7/100_hires.png,2026/08/08,2026/01/16,0.09,0.009999999776482582,0.15000000596046448,19.979999542236328,,0.2,,,,0.0346,0.0231,0.0461,0.1384,0.023099999874830246,0.0461,0.0461,0.0231,0.1154,0.1384,1.1535,2026-08-09
sv7-101,Klinklang,holofoil,Stellar Crown,101,Rare,,Stage 2,601,Pokémon,2024/09/13,"tcgplayer,cardmarket",https://prices.pokemontcg.io/tcgplayer/sv7-101,https://images.pokemontcg.io/sv7/101_hires.png,2026/08/08,2026/01/16,0.16,0.009999999776482582,0.20000000298023224,19.979999542236328,,0.22,,,,0.0577,0.0231,0.0461,0.1038,0.05770000070333481,0.0461,0.0577,0.1961,0.1615,0.1384,1.1535,2026-08-09
sv7-102,Meltan,normal,Stellar Crown,102,Common,,Basic,808,Pokémon,2024/09/13,"tcgplayer,cardmarket",https://prices.pokemontcg.io/tcgplayer/sv7-102,https://images.pokemontcg.io/sv7/102_hires.png,2026/08/08,2026/01/16,0.29,0.07000000029802322,0.27000001072883606,19.979999542236328,,0.31,,,,0.0577,0.0231,0.0577,0.15,0.05770000070333481,0.0577,0.0692,0.1961,0.1384,0.15,1.1535,2026-08-09
sv7-103,Meltan,normal,Stellar Crown,103,Common,,Basic,808,Pokémon,2024/09/13,"tcgplayer,cardmarket",https://prices.pokemontcg.io/tcgplayer/sv7-103,https://images.pokemontcg.io/sv7/103_hires.png,2026/08/08,2025/12/07,0.14,0.009999999776482582,0.15000000596046448,19.979999542236328,,0.19,,,,0.0577,0.0231,0.0461,0.1038,0.03460000082850456,0.0346,0.0577,0.0346,0.1384,0.1038,1.1535,2026-08-09
sv7-104,Melmetal,holofoil,Stellar Crown,104,Rare,,Stage 1,809,Pokémon,2024/09/13,"tcgplayer,cardmarket",https://prices.pokemontcg.io/tcgplayer/sv7-104,https://images.pokemontcg.io/sv7/104_hires.png,2026/08/08,2025/12/07,0.05,0.009999999776482582,0.18000000715255737,35.0,,0.2,,,,0.0461,0.0231,0.0692,0.1615,0.023099999874830246,0.0577,0.0577,0.0692,0.1154,0.1615,1.1535,2026-08-09
sv7-105,Melmetal ex,holofoil,Stellar Crown,105,Double Rare,,Stage 1|ex,809,Pokémon,2024/09/13,"tcgplayer,cardmarket",https://prices.pokemontcg.io/tcgplayer/sv7-105,https://images.pokemontcg.io/sv7/105_hires.png,2026/08/08,2025/12/07,0.66,0.25,0.8999999761581421,19.399999618530273,,,,,,0.6229,0.0923,0.6229,0.0,0.6344000101089478,0.5537,0.5998,0.0,0.0,0.0,1.1535,2026-08-09
sv7-106,Duraludon,normal,Stellar Crown,106,Common,,Basic,884,Pokémon,2024/09/13,"tcgplayer,cardmarket",https://prices.pokemontcg.io/tcgplayer/sv7-106,https://images.pokemontcg.io/sv7/106_hires.png,2026/08/08,2025/12/07,0.12,0.009999999776482582,0.15000000596046448,20.0,,0.2,,,,0.0577,0.0231,0.0461,0.1615,0.05770000070333481,0.0346,0.0577,0.0231,0.15,0.15,1.1535,2026-08-09
sv7-107,Archaludon,holofoil,Stellar Crown,107,Rare,,Stage 1,,Pokémon,2024/09/13,"tcgplayer,cardmarket",https://prices.pokemontcg.io/tcgplayer/sv7-107,https://images.pokemontcg.io/sv7/107_hires.png,2026/08/08,2025/12/07,0.06,0.009999999776482582,0.18000000715255737,20.0,,0.19,,,,36.5313,17.3025,31.3637,0.0,34.60499954223633,27.0726,31.5598,0.0,0.0,0.0,1.1535,2026-08-09
sv7-108,Varoom,normal,Stellar Crown,108,Common,,Basic,965,Pokémon,2024/09/13,"tcgplayer,cardmarket",https://prices.pokemontcg.io/tcgplayer/sv7-108,https://images.pokemontcg.io/sv7/108_hires.png,2026/08/08,2025/12/07,0.05,0.009999999776482582,0.15000000596046448,19.979999542236328,,0.14,,,,0.0346,0.0231,0.0346,0.1038,0.05770000070333481,0.0231,0.0346,0.0346,0.1038,0.1154,1.1535,2026-08-09
sv7-109,Revavroom,normal,Stellar Crown,109,Uncommon,,Stage 1,966,Pokémon,2024/09/13,"tcgplayer,cardmarket",https://prices.pokemontcg.io/tcgplayer/sv7-109,https://images.pokemontcg.io/sv7/109_hires.png,2026/08/08,2025/12/07,0.03,0.009999999776482582,0.15000000596046448,19.979999542236328,,0.2,,,,0.0346,0.0231,0.0346,0.15,0.05770000070333481,0.0231,0.0346,0.173,0.1269,0.1384,1.1535,2026-08-09
sv7-110,Orthworm ex,holofoil,Stellar Crown,110,Double Rare,,Basic|ex,968,Pokémon,2024/09/13,"tcgplayer,cardmarket",https://prices.pokemontcg.io/tcgplayer/sv7-110,https://images.pokemontcg.io/sv7/110_hires.png,2026/08/08,2025/12/07,0.68,0.4000000059604645,0.8299999833106995,19.979999542236328,,,,,,0.646,0.0346,0.7267,0.0,0.3921999931335449,0.7959,0.7036,0.0,0.0,0.0,1.1535,2026-08-09
sv7-111,Raging Bolt,holofoil,Stellar Crown,111,Rare,,Basic|Ancient,,Pokémon,2024/09/13,"tcgplayer,cardmarket",https://prices.pokemontcg.io/tcgplayer/sv7-111,https://images.pokemontcg.io/sv7/111_hires.png,2026/08/08,2025/12/07,0.22,0.019999999552965164,0.25,8.890000343322754,,0.24,,,,43.833,38.054,48.8853,0.0,43.83300018310547,40.0957,22.0434,0.0,0.0,0.0,1.1535,2026-08-09
sv7-112,Tauros,normal,Stellar Crown,112,Common,,Basic,128,Pokémon,2024/09/13,"tcgplayer,cardmarket",https://prices.pokemontcg.io/tcgplayer/sv7-112,https://images.pokemontcg.io/sv7/112_hires.png,2026/08/08,2025/12/07,0.14,0.009999999776482582,0.17000000178813934,19.979999542236328,,0.26,,,,0.0461,0.0231,0.0346,0.1269,0.04610000178217888,0.0346,0.0461,0.0692,0.1038,0.1154,1.1535,2026-08-09
sv7-113,Eevee,normal,Stellar Crown,113,Common,,Basic,133,Pokémon,2024/09/13,"tcgplayer,cardmarket",https://prices.pokemontcg.io/tcgplayer/sv7-113,https://images.pokemontcg.io/sv7/113_hires.png,2026/08/08,2025/12/07,0.26,0.009999999776482582,0.25,19.979999542236328,,0.4,,,,0.0692,0.0231,0.0461,0.2538,0.05770000070333481,0.0346,0.0461,0.1154,0.2076,0.2192,1.1535,2026-08-09
sv7-114,Hoothoot,normal,Stellar Crown,114,Common,,Basic,163,Pokémon,2024/09/13,"tcgplayer,cardmarket",https://prices.pokemontcg.io/tcgplayer/sv7-114,https://images.pokemontcg.io/sv7/114_hires.png,2026/08/08,2025/12/07,0.29,0.019999999552965164,0.30000001192092896,15.920000076293945,,0.41,,,,0.173,0.0231,0.1384,0.3807,0.09229999780654907,0.1615,0.173,0.2076,0.3807,0.3922,1.1535,2026-08-09
sv7-115,Noctowl,holofoil,Stellar Crown,115,Rare,,Stage 1,164,Pokémon,2024/09/13,"tcgplayer,cardmarket",https://prices.pokemontcg.io/tcgplayer/sv7-115,https://images.pokemontcg.io/sv7/115_hires.png,2026/08/08,2025/12/07,0.26,0.05000000074505806,0.2800000011920929,18.219999313354492,,0.22,,,,0.1615,0.0231,0.173,0.2538,0.06920000165700912,0.1154,0.173,0.2076,0.4037,0.2884,1.1535,2026-08-09
sv7-116,Glameow,normal,Stellar Crown,116,Common,,Basic,431,Pokémon,2024/09/13,"tcgplayer,cardmarket",https://prices.pokemontcg.io/tcgplayer/sv7-116,https://images.pokemontcg.io/sv7/116_hires.png,2026/08/08,2025/12/07,0.05,0.009999999776482582,0.15000000596046448,19.979999542236328,,0.32,,,,0.0461,0.0231,0.0692,0.1269,0.3230000138282776,0.0461,0.0461,0.0577,0.1154,0.1154,1.1535,2026-08-09
sv7-117,Purugly,normal,Stellar Crown,117,Common,,Stage 1,432,Pokémon,2024/09/13,"tcgplayer,cardmarket",https://prices.pokemontcg.io/tcgplayer/sv7-117,https://images.pokemontcg.io/sv7/117_hires.png,2026/08/08,2025/11/25,0.08,0.009999999776482582,0.15000000596046448,19.979999542236328,,0.26,,,,0.0346,0.0231,0.0461,0.1269,0.023099999874830246,0.0461,0.0346,0.1154,0.1038,0.1269,1.1535,2026-08-09
sv7-118,Fan Rotom,normal,Stellar Crown,118,Common,,Basic,479,Pokémon,2024/09/13,"tcgplayer,cardmarket",https://prices.pokemontcg.io/tcgplayer/sv7-118,https://images.pokemontcg.io/sv7/118_hires.png,2026/08/08,2025/11/21,0.24,0.019999999552965164,0.23999999463558197,19.979999542236328,,0.3,,,,0.0807,0.0231,0.0807,0.173,0.05770000070333481,0.0692,0.0807,0.0923,0.173,0.1615,1.1535,2026-08-09
sv7-119,Bouffalant,holofoil,Stellar Crown,119,Rare,,Basic,626,Pokémon,2024/09/13,"tcgplayer,cardmarket",https://prices.pokemontcg.io/tcgplayer/sv7-119,https://images.pokemontcg.io/sv7/119_hires.png,2026/08/08,2025/11/21,0.27,0.009999999776482582,0.25,19.979999542236328,,0.17,,,,0.1154,0.0231,0.0923,0.1961,0.08070000261068344,0.1038,0.1038,0.1038,0.1269,0.1846,1.1535,2026-08-09
sv7-120,Tornadus,normal,Stellar Crown,120,Uncommon,,Basic,641,Pokémon,2024/09/13,"tcgplayer,cardmarket",https://prices.pokemontcg.io/tcgplayer/sv7-120,https://images.pokemontcg.io/sv7/120_hires.png,2026/08/08,2025/11/21,0.04,0.009999999776482582,0.15000000596046448,20.0,,0.21,,,,0.0231,0.0231,0.0346,0.15,0.023099999874830246,0.0346,0.0231,0.1384,0.173,0.1384,1.1535,2026-08-09
sv7-121,Fletchling,normal,Stellar Crown,121,Common,,Basic,661,Pokémon,2024/09/13,"tcgplayer,cardmarket",https://prices.pokemontcg.io/tcgplayer/sv7-121,https://images.pokemontcg.io/sv7/121_hires.png,2026/08/08,2025/11/21,0.05,0.009999999776482582,0.15000000596046448,19.979999542236328,,0.14,,,,0.0346,0.0231,0.0346,0.1154,0.023099999874830246,0.0346,0.0346,0.1384,0.1154,0.1038,1.1535,2026-08-09
sv7-122,Fletchinder,normal,Stellar Crown,122,Common,,Stage 1,662,Pokémon,2024/09/13,"tcgplayer,cardmarket",https://prices.pokemontcg.io/tcgplayer/sv7-122,https://images.pokemontcg.io/sv7/122_hires.png,2026/08/08,2025/11/21,0.18,0.009999999776482582,0.20000000298023224,19.979999542236328,,0.27,,,,0.0461,0.0231,0.0346,0.1154,0.05770000070333481,0.0461,0.0577,0.0577,0.0692,0.1038,1.1535,2026-08-09
sv7-123,Talonflame,normal,Stellar Crown,123,Uncommon,,Stage 2,663,Pokémon,2024/09/13,"tcgplayer,cardmarket",https://prices.pokemontcg.io/tcgplayer/sv7-123,https://images.pokemontcg.io/sv7/123_hires.png,2026/08/08,2025/11/21,0.05,0.009999999776482582,0.15000000596046448,19.979999542236328,,0.19,,,,0.0346,0.0231,0.0461,0.1269,0.023099999874830246,0.0461,0.0346,0.0577,0.1269,0.1269,1.1535,2026-08-09
sv7-124,Wooloo,normal,Stellar Crown,124,Common,,Basic,831,Pokémon,2024/09/13,"tcgplayer,cardmarket",https://prices.pokemontcg.io/tcgplayer/sv7-124,https://images.pokemontcg.io/sv7/124_hires.png,2026/08/08,2025/11/21,0.16,0.009999999776482582,0.18000000715255737,2.990000009536743,,0.24,,,,0.0346,0.0231,0.0346,0.1384,0.023099999874830246,0.0346,0.0346,0.1154,0.1615,0.1384,1.1535,2026-08-09
sv7-125,Dubwool,normal,Stellar Crown,125,Uncommon,,Stage 1,832,Pokémon,2024/09/13,"tcgplayer,cardmarket",https://prices.pokemontcg.io/tcgplayer/sv7-125,https://images.pokemontcg.io/sv7/125_hires.png,2026/08/08,2025/11/21,0.05,0.009999999776482582,0.15000000596046448,19.979999542236328,,0.19,,,,0.0346,0.0231,0.0461,0.1384,0.023099999874830246,0.0346,0.0346,0.1384,0.1384,0.1384,1.1535,2026-08-09
sv7-126,Lechonk,normal,Stellar Crown,126,Common,,Basic,915,Pokémon,2024/09/13,"tcgplayer,cardmarket",https://prices.pokemontcg.io/tcgplayer/sv7-126,https://images.pokemontcg.io/sv7/126_hires.png,2026/08/08,2025/11/21,0.12,0.009999999776482582,0.15000000596046448,19.979999542236328,,0.21,,,,0.0231,0.0231,0.0346,0.1615,0.03460000082850456,0.0461,0.0346,0.173,0.1038,0.1384,1.1535,2026-08-09
sv7-127,Cyclizar,normal,Stellar Crown,127,Common,,Basic,967,Pokémon,2024/09/13,"tcgplayer,cardmarket",https://prices.pokemontcg.io/tcgplayer/sv7-127,https://images.pokemontcg.io/sv7/127_hires.png,2026/08/08,2025/11/21,0.04,0.009999999776482582,0.15000000596046448,19.979999542236328,,0.15,,,,0.0346,0.0231,0.0346,0.1269,0.023099999874830246,0.0346,0.0346,0.0692,0.0923,0.1154,1.1535,2026-08-09
sv7-128,Terapagos ex,holofoil,Stellar Crown,128,Double Rare,,Basic|Tera|ex,,Pokémon,2024/09/13,"tcgplayer,cardmarket",https://prices.pokemontcg.io/tcgplayer/sv7-128,https://images.pokemontcg.io/sv7/128_hires.png,2026/08/08,2025/11/21,0.79,0.25,1.0,50.0,,,,,,1.5918,0.5767,1.4188,0.0,1.0728000402450562,1.4419,1.5688,0.0,0.0,0.0,1.1535,2026-08-09
sv7-129,Antique Cover Fossil,normal,Stellar Crown,129,Common,,Item,,Trainer,2024/09/13,"tcgplayer,cardmarket",https://prices.pokemontcg.io/tcgplayer/sv7-129,https://images.pokemontcg.io/sv7/129_hires.png,2026/08/08,2025/11/21,0.18,0.009999999776482582,0.1899999976158142,2.990000009536743,,0.32,,,,0.0577,0.0231,0.0461,1.3381,0.04610000178217888,0.0577,0.0577,0.5075,1.2689,1.2227,1.1535,2026-08-09
sv7-130,Antique Root Fossil,normal,Stellar Crown,130,Common,,Item,,Trainer,2024/09/13,"tcgplayer,cardmarket",https://prices.pokemontcg.io/tcgplayer/sv7-130,https://images.pokemontcg.io/sv7/130_hires.png,2026/08/08,2025/11/21,0.17,0.009999999776482582,0.20000000298023224,2.990000009536743,,0.34,,,,0.0577,0.0231,0.0692,0.7152,0.03460000082850456,0.0461,0.0577,0.346,0.669,0.7152,1.1535,2026-08-09
sv7-131,Area Zero Underdepths,normal,Stellar Crown,131,Uncommon,,Stadium,,Trainer,2024/09/13,"tcgplayer,cardmarket",https://prices.pokemontcg.io/tcgplayer/sv7-131,https://images.pokemontcg.io/sv7/131_hires.png,2026/08/08,2025/11/21,0.19,0.009999999776482582,0.20000000298023224,21.0,,0.29,,,,0.0692,0.0231,0.1038,0.2538,0.10379999876022339,0.1269,0.0807,0.173,0.1269,0.2192,1.1535,2026-08-09
sv7-132,Briar,normal,Stellar Crown,132,Uncommon,,Supporter,,Trainer,2024/09/13,"tcgplayer,cardmarket",https://prices.pokemontcg.io/tcgplayer/sv7-132,https://images.pokemontcg.io/sv7/132_hires.png,2026/08/08,2025/11/21,0.08,0.009999999776482582,0.1599999964237213,2.2300000190734863,,0.24,,,,0.0692,0.0231,0.0577,0.1615,0.05770000070333481,0.0577,0.0692,0.1846,0.2768,0.1961,1.1535,2026-08-09
sv7-133,Crispin,normal,Stellar Crown,133,Uncommon,,Supporter,,Trainer,2024/09/13,"tcgplayer,cardmarket",https://prices.pokemontcg.io/tcgplayer/sv7-133,https://images.pokemontcg.io/sv7/133_hires.png,2026/08/08,2025/11/21,0.26,0.05000000074505806,0.25999999046325684,19.799999237060547,,1.92,,,,0.15,0.0231,0.15,0.2999,0.10379999876022339,0.1384,0.15,0.0692,0.2884,0.2884,1.1535,2026-08-09
sv7-134,Deluxe Bomb,holofoil,Stellar Crown,134,ACE SPEC Rare,,Pokémon Tool|ACE SPEC,,Trainer,2024/09/13,"tcgplayer,cardmarket",https://prices.pokemontcg.io/tcgplayer/sv7-134,https://images.pokemontcg.io/sv7/134_hires.png,2026/08/08,2025/11/21,0.31,0.05000000074505806,0.4699999988079071,20.0,,,,,,0.3807,0.0231,0.2192,0.0,0.20759999752044678,0.2422,0.3807,0.0,0.0,0.0,1.1535,2026-08-09
sv7-135,Glass Trumpet,normal,Stellar Crown,135,Uncommon,,Item,,Trainer,2024/09/13,"tcgplayer,cardmarket",https://prices.pokemontcg.io/tcgplayer/sv7-135,https://images.pokemontcg.io/sv7/135_hires.png,2026/08/08,2025/11/21,0.07,0.009999999776482582,0.15000000596046448,25.0,,0.21,,,,0.0461,0.0231,0.0807,0.1384,0.03460000082850456,0.0923,0.0577,0.1038,0.1961,0.15,1.1535,2026-08-09
sv7-136,Grand Tree,holofoil,Stellar Crown,136,ACE SPEC Rare,,Stadium|ACE SPEC,,Trainer,2024/09/13,"tcgplayer,cardmarket",https://prices.pokemontcg.io/tcgplayer/sv7-136,https://images.pokemontcg.io/sv7/136_hires.png,2026/08/08,2025/11/21,0.45,0.07000000029802322,0.5899999737739563,19.860000610351562,,,,,,0.5767,0.0577,0.346,0.0,0.34599998593330383,0.4153,0.5421,0.0,0.0,0.0,1.1535,2026-08-09
sv7-137,Gravity Gemstone,normal,Stellar Crown,137,Uncommon,,Pokémon Tool,,Trainer,2024/09/13,"tcgplayer,cardmarket",https://prices.pokemontcg.io/tcgplayer/sv7-137,https://images.pokemontcg.io/sv7/137_hires.png,2026/08/08,2025/11/21,0.16,0.009999999776482582,0.1899999976158142,19.979999542236328,,0.24,,,,0.0692,0.0231,0.0807,0.173,0.04610000178217888,0.1269,0.0807,0.1269,0.0923,0.15,1.1535,2026-08-09
sv7-138,Kofu,normal,Stellar Crown,138,Uncommon,,Supporter,,Trainer,2024/09/13,"tcgplayer,cardmarket",https://prices.pokemontcg.io/tcgplayer/sv7-138,https://images.pokemontcg.io/sv7/138_hires.png,2026/08/08,2025/11/21,0.13,0.009999999776482582,0.15000000596046448,19.979999542236328,,0.24,,,,0.0461,0.0231,0.0461,0.15,0.12690000236034393,0.0577,0.0461,0.0807,0.1154,0.15,1.1535,2026-08-09
sv7-139,Lacey,normal,Stellar Crown,139,Uncommon,,Supporter,,Trainer,2024/09/13,"tcgplayer,cardmarket",https://prices.pokemontcg.io/tcgplayer/sv7-139,https://images.pokemontcg.io/sv7/139_hires.png,2026/08/08,2025/11/21,0.08,0.009999999776482582,0.15000000596046448,19.979999542236328,,0.21,,,,0.0461,0.0231,0.0231,0.15,0.023099999874830246,0.0461,0.0461,0.0807,0.0923,0.1384,1.1535,2026-08-09
sv7-140,Occa Berry,normal,Stellar Crown,140,Uncommon,,Pokémon Tool,,Trainer,2024/09/13,"tcgplayer,cardmarket",https://prices.pokemontcg.io/tcgplayer/sv7-140,https://images.pokemontcg.io/sv7/140_hires.png,2026/08/08,2025/11/21,0.05,0.009999999776482582,0.15000000596046448,19.979999542236328,,0.22,,,,0.0231,0.0231,0.0346,0.1154,0.023099999874830246,0.0461,0.0346,0.0923,0.0923,0.1154,1.1535,2026-08-09
sv7-141,Payapa Berry,normal,Stellar Crown,141,Uncommon,,Pokémon Tool,,Trainer,2024/09/13,"tcgplayer,cardmarket",https://prices.pokemontcg.io/tcgplayer/sv7-141,https://images.pokemontcg.io/sv7/141_hires.png,2026/08/08,2025/11/21,0.13,0.009999999776482582,0.15000000596046448,1000.0,,0.32,,,,0.0231,0.0231,0.0346,0.5537,0.023099999874830246,0.0346,0.0231,1.1535,0.3807,0.6806,1.1535,2026-08-09
sv7-142,Sparkling Crystal,holofoil,Stellar Crown,142,ACE SPEC Rare,,Pokémon Tool|ACE SPEC,,Trainer,2024/09/13,"tcgplayer,cardmarket",https://prices.pokemontcg.io/tcgplayer/sv7-142,https://images.pokemontcg.io/sv7/142_hires.png,2026/08/08,2025/11/21,0.35,0.10000000149011612,0.49000000953674316,21.770000457763672,,,,,,0.5191,0.0577,0.4268,0.0,0.24220000207424164,0.323,0.4845,0.0,0.0,0.0,1.1535,2026-08-09
sv7-143,Bulbasaur,holofoil,Stellar Crown,143,Illustration Rare,,Basic,1,Pokémon,2024/09/13,"tcgplayer,cardmarket",https://prices.pokemontcg.io/tcgplayer/sv7-143,https://images.pokemontcg.io/sv7/143_hires.png,2026/08/08,2025/11/21,106.44,103.0,120.43000030517578,997.2899780273438,,,,,,62.5197,35.7008,58.6324,0.0,63.442501068115234,63.6847,62.2659,0.0,0.0,0.0,1.1535,2026-08-09
sv7-144,Ledian,holofoil,Stellar Crown,144,Illustration Rare,,Stage 1,166,Pokémon,2024/09/13,"tcgplayer,cardmarket",https://prices.pokemontcg.io/tcgplayer/sv7-144,https://images.pokemontcg.io/sv7/144_hires.png,2026/08/08,2025/11/21,5.91,3.690000057220459,6.760000228881836,50.439998626708984,,,,,,4.0142,2.307,3.7258,0.0,3.587399959564209,3.7719,3.9104,0.0,0.0,0.0,1.1535,2026-08-09
sv7-145,Lileep,holofoil,Stellar Crown,145,Illustration Rare,,Stage 1,345,Pokémon,2024/09/13,"tcgplayer,cardmarket",https://prices.pokemontcg.io/tcgplayer/sv7-145,https://images.pokemontcg.io/sv7/145_hires.png,2026/08/08,2025/11/21,8.9,7.0,9.489999771118164,25.0,,,,,,3.9104,2.2955,3.6451,0.0,3.587399959564209,3.4605,3.8065,0.0,0.0,0.0,1.1535,2026-08-09
sv7-146,Turtonator,holofoil,Stellar Crown,146,Illustration Rare,,Basic,776,Pokémon,2024/09/13,"tcgplayer,cardmarket",https://prices.pokemontcg.io/tcgplayer/sv7-146,https://images.pokemontcg.io/sv7/146_hires.png,2026/08/08,2025/11/21,4.59,3.180000066757202,5.0,39.68000030517578,,,,,,3.1375,1.6149,3.0452,0.0,3.0797998905181885,3.0452,2.9991,0.0,0.0,0.0,1.1535,2026-08-09
sv7-147,Raboot,holofoil,Stellar Crown,147,Illustration Rare,,Stage 1,814,Pokémon,2024/09/13,"tcgplayer,cardmarket",https://prices.pokemontcg.io/tcgplayer/sv7-147,https://images.pokemontcg.io/sv7/147_hires.png,2026/08/08,2025/11/21,7.94,5.590000152587891,8.5,71.45999908447266,,,,,,5.2023,2.0763,4.764,0.0,5.409900188446045,4.9139,4.9831,0.0,0.0,0.0,1.1535,2026-08-09
sv7-148,Squirtle,holofoil,Stellar Crown,148,Illustration Rare,,Basic,7,Pokémon,2024/09/13,"tcgplayer,cardmarket",https://prices.pokemontcg.io/tcgplayer/sv7-148,https://images.pokemontcg.io/sv7/148_hires.png,2026/08/08,2025/11/21,119.27,104.98999786376953,125.0,1043.18994140625,,,,,,70.848,28.8375,69.1985,0.0,54.6067008972168,67.6297,69.3715,0.0,0.0,0.0,1.1535,2026-08-09
sv7-150,Joltik,holofoil,Stellar Crown,150,Illustration Rare,,Basic,595,Pokémon,2024/09/13,"tcgplayer,cardmarket",https://prices.pokemontcg.io/tcgplayer/sv7-150,https://images.pokemontcg.io/sv7/150_hires.png,2026/08/08,2025/11/21,8.18,5.460000038146973,9.0,55.0,,,,,,5.1331,1.7187,4.4525,0.0,3.9565000534057617,4.5448,5.0523,0.0,0.0,0.0,1.1535,2026-08-09
sv7-149,Crabominable,holofoil,Stellar Crown,149,Illustration Rare,,Stage 1,740,Pokémon,2024/09/13,"tcgplayer,cardmarket",https://prices.pokemontcg.io/tcgplayer/sv7-149,https://images.pokemontcg.io/sv7/149_hires.png,2026/08/08,2025/11/21,2.88,1.9900000095367432,3.2699999809265137,50.0,,,,,,3.0337,1.142,2.8722,0.0,2.699199914932251,2.9414,2.9414,0.0,0.0,0.0,1.1535,2026-08-09
sv7-151,Zeraora,holofoil,Stellar Crown,151,Illustration Rare,,Basic,807,Pokémon,2024/09/13,"tcgplayer,cardmarket",https://prices.pokemontcg.io/tcgplayer/sv7-151,https://images.pokemontcg.io/sv7/151_hires.png,2026/08/08,2025/11/21,14.08,11.0,15.0,94.5,,,,,,8.7666,2.307,11.5927,0.0,32.15959930419922,11.5927,8.8473,0.0,0.0,0.0,1.1535,2026-08-09
sv7-152,Milcery,holofoil,Stellar Crown,152,Illustration Rare,,Basic,868,Pokémon,2024/09/13,"tcgplayer,cardmarket",https://prices.pokemontcg.io/tcgplayer/sv7-152,https://images.pokemontcg.io/sv7/152_hires.png,2026/08/08,2025/11/21,20.09,17.0,20.329999923706055,117.23999786376953,,,,,,5.1215,0.5767,4.7293,0.0,5.306099891662598,4.9716,5.0523,0.0,0.0,0.0,1.1535,2026-08-09
sv7-154,Gulpin,holofoil,Stellar Crown,154,Illustration Rare,,Basic,316,Pokémon,2024/09/13,"tcgplayer,cardmarket",https://prices.pokemontcg.io/tcgplayer/sv7-154,https://images.pokemontcg.io/sv7/154_hires.png,2026/08/08,2025/11/21,13.96,11.829999923706055,14.640000343322754,99.0999984741211,,,,,,4.96,1.7187,4.9716,0.0,3.8873000144958496,5.8828,4.8216,0.0,0.0,0.0,1.1535,2026-08-09
sv7-155,Archaludon,holofoil,Stellar Crown,155,Illustration Rare,,Stage 1,,Pokémon,2024/09/13,"tcgplayer,cardmarket",https://prices.pokemontcg.io/tcgplayer/sv7-155,https://images.pokemontcg.io/sv7/155_hires.png,2026/08/08,2025/11/21,3.26,2.700000047683716,4.099999904632568,34.31999969482422,,,,,,2.8722,1.0958,2.4916,0.0,2.283900022506714,2.4685,2.5723,0.0,0.0,0.0,1.1535,2026-08-09
sv7-153,Meditite,holofoil,Stellar Crown,153,Illustration Rare,,Basic,307,Pokémon,2024/09/13,"tcgplayer,cardmarket",https://prices.pokemontcg.io/tcgplayer/sv7-153,https://images.pokemontcg.io/sv7/153_hires.png,2026/08/08,2025/11/21,7.73,5.5,8.319999694824219,60.689998626708984,,,,,,4.3141,1.1535,4.0026,0.0,3.3798000812530518,4.291,4.2564,0.0,0.0,0.0,1.1535,2026-08-09
sv7-156,Hydrapple ex,holofoil,Stellar Crown,156,Ultra Rare,,Stage 2|ex,,Pokémon,2024/09/13,"tcgplayer,cardmarket",https://prices.pokemontcg.io/tcgplayer/sv7-156,https://images.pokemontcg.io/sv7/156_hires.png,2026/08/08,2025/11/21,3.19,1.940000057220459,3.609999895095825,30.0,,,,,,1.9148,0.8074,1.8571,0.0,1.6380000114440918,1.9148,1.8802,0.0,0.0,0.0,1.1535,2026-08-09
sv7-158,Lapras ex,holofoil,Stellar Crown,158,Ultra Rare,,Basic|Tera|ex,131,Pokémon,2024/09/13,"tcgplayer,cardmarket",https://prices.pokemontcg.io/tcgplayer/sv7-158,https://images.pokemontcg.io/sv7/158_hires.png,2026/08/08,2025/11/21,6.5,4.769999980926514,7.340000152587891,49.9900016784668,,,,,,3.3913,1.7302,3.3913,0.0,3.564300060272217,3.4259,3.4605,0.0,0.0,0.0,1.1535,2026-08-09
sv7-157,Cinderace ex,holofoil,Stellar Crown,157,Ultra Rare,,Stage 2|Tera|ex,815,Pokémon,2024/09/13,"tcgplayer,cardmarket",https://prices.pokemontcg.io/tcgplayer/sv7-157,https://images.pokemontcg.io/sv7/157_hires.png,2026/08/08,2025/11/21,3.31,2.240000009536743,3.990000009536743,37.900001525878906,,,,,,2.3416,1.2689,2.6415,0.0,2.3301000595092773,2.3877,2.3647,0.0,0.0,0.0,1.1535,2026-08-09
sv7-159,Galvantula ex,holofoil,Stellar Crown,159,Ultra Rare,,Stage 1|Tera|ex,596,Pokémon,2024/09/13,"tcgplayer,cardmarket",https://prices.pokemontcg.io/tcgplayer/sv7-159,https://images.pokemontcg.io/sv7/159_hires.png,2026/08/08,2025/11/21,2.03,1.0099999904632568,2.3299999237060547,25.600000381469727,,,,,,2.0186,0.9228,1.5457,0.0,1.545699954032898,1.8225,2.0302,0.0,0.0,0.0,1.1535,2026-08-09
sv7-160,Dachsbun ex,holofoil,Stellar Crown,160,Ultra Rare,,Stage 1|ex,927,Pokémon,2024/09/13,"tcgplayer,cardmarket",https://prices.pokemontcg.io/tcgplayer/sv7-160,https://images.pokemontcg.io/sv7/160_hires.png,2026/08/08,2025/11/21,4.39,3.0,4.820000171661377,49.9900016784668,,,,,,1.8687,0.4845,1.9725,0.0,1.4419000148773193,1.7649,1.8687,0.0,0.0,0.0,1.1535,2026-08-09
sv7-161,Medicham ex,holofoil,Stellar Crown,161,Ultra Rare,,Stage 1|ex,308,Pokémon,2024/09/13,"tcgplayer,cardmarket",https://prices.pokemontcg.io/tcgplayer/sv7-161,https://images.pokemontcg.io/sv7/161_hires.png,2026/08/08,2025/11/21,1.1,0.550000011920929,1.2999999523162842,19.989999771118164,,,,,,1.3381,0.4614,1.0497,0.0,0.7958999872207642,1.0266,1.2919,0.0,0.0,0.0,1.1535,2026-08-09
sv7-162,Orthworm ex,holofoil,Stellar Crown,162,Ultra Rare,,Basic|ex,968,Pokémon,2024/09/13,"tcgplayer,cardmarket",https://prices.pokemontcg.io/tcgplayer/sv7-162,https://images.pokemontcg.io/sv7/162_hires.png,2026/08/08,2025/11/21,1.03,0.6499999761581421,1.2000000476837158,19.979999542236328,,,,,,1.3265,0.346,1.4995,0.0,0.9228000044822693,1.3957,1.3265,0.0,0.0,0.0,1.1535,2026-08-09
sv7-163,Briar,holofoil,Stellar Crown,163,Ultra Rare,,Supporter,,Trainer,2024/09/13,"tcgplayer,cardmarket",https://prices.pokemontcg.io/tcgplayer/sv7-163,https://images.pokemontcg.io/sv7/163_hires.png,2026/08/08,2025/11/21,2.05,1.1799999475479126,2.190000057220459,32.5,,,,,,2.5838,1.3842,2.3993,0.0,1.9955999851226807,2.2724,2.5723,0.0,0.0,0.0,1.1535,2026-08-09
sv7-164,Crispin,holofoil,Stellar Crown,164,Ultra Rare,,Supporter,,Trainer,2024/09/13,"tcgplayer,cardmarket",https://prices.pokemontcg.io/tcgplayer/sv7-164,https://images.pokemontcg.io/sv7/164_hires.png,2026/08/08,2025/11/18,8.17,6.489999771118164,10.0,157.5,,,,,,5.6637,2.7684,5.5368,0.0,4.417900085449219,6.4365,5.8252,0.0,0.0,0.0,1.1535,2026-08-09
sv7-165,Kofu,holofoil,Stellar Crown,165,Ultra Rare,,Supporter,,Trainer,2024/09/13,"tcgplayer,cardmarket",https://prices.pokemontcg.io/tcgplayer/sv7-165,https://images.pokemontcg.io/sv7/165_hires.png,2026/08/08,2025/11/18,1.04,0.5,1.1200000047683716,19.989999771118164,,,,,,1.3381,0.2307,1.4188,0.0,1.3380999565124512,1.3957,1.3611,0.0,0.0,0.0,1.1535,2026-08-09
sv7-166,Lacey,holofoil,Stellar Crown,166,Ultra Rare,,Supporter,,Trainer,2024/09/13,"tcgplayer,cardmarket",https://prices.pokemontcg.io/tcgplayer/sv7-166,https://images.pokemontcg.io/sv7/166_hires.png,2026/08/08,2025/11/18,2.46,1.75,2.75,32.65999984741211,,,,,,2.4685,0.8536,2.2609,0.0,2.376199960708618,2.2609,2.3993,0.0,0.0,0.0,1.1535,2026-08-09
sv7-167,Hydrapple ex,holofoil,Stellar Crown,167,Special Illustration Rare,,Stage 2|ex,,Pokémon,2024/09/13,"tcgplayer,cardmarket",https://prices.pokemontcg.io/tcgplayer/sv7-167,https://images.pokemontcg.io/sv7/167_hires.png,2026/08/08,2025/11/18,39.38,36.02000045776367,40.9900016784668,3830.0,,,,,,26.8419,22.7816,26.4844,0.0,23.992799758911133,25.5154,26.542,0.0,0.0,0.0,1.1535,2026-08-09
sv7-168,Galvantula ex,holofoil,Stellar Crown,168,Special Illustration Rare,,Stage 1|Tera|ex,596,Pokémon,2024/09/13,"tcgplayer,cardmarket",https://prices.pokemontcg.io/tcgplayer/sv7-168,https://images.pokemontcg.io/sv7/168_hires.png,2026/08/08,2025/11/18,20.17,14.0,21.420000076293945,143.3000030517578,,,,,,25.0309,17.3025,26.865,0.0,17.302499771118164,26.3344,24.7195,0.0,0.0,0.0,1.1535,2026-08-09
sv7-169,Dachsbun ex,holofoil,Stellar Crown,169,Special Illustration Rare,,Stage 1|ex,927,Pokémon,2024/09/13,"tcgplayer,cardmarket",https://prices.pokemontcg.io/tcgplayer/sv7-169,https://images.pokemontcg.io/sv7/169_hires.png,2026/08/08,2025/11/18,66.25,60.0,74.4800033569336,450.0,,,,,,31.8251,21.3397,28.8952,0.0,28.11079978942871,28.9759,30.9599,0.0,0.0,0.0,1.1535,2026-08-09
sv7-170,Terapagos ex,holofoil,Stellar Crown,170,Special Illustration Rare,,Basic|Tera|ex,,Pokémon,2024/09/13,"tcgplayer,cardmarket",https://prices.pokemontcg.io/tcgplayer/sv7-170,https://images.pokemontcg.io/sv7/170_hires.png,2026/08/08,2025/11/18,38.6,36.36000061035156,44.4900016784668,315.6000061035156,,,,,,50.3041,34.5935,46.8321,0.0,39.138301849365234,48.6085,49.7735,0.0,0.0,0.0,1.1535,2026-08-09
sv7-171,Briar,holofoil,Stellar Crown,171,Special Illustration Rare,,Supporter,,Trainer,2024/09/13,"tcgplayer,cardmarket",https://prices.pokemontcg.io/tcgplayer/sv7-171,https://images.pokemontcg.io/sv7/171_hires.png,2026/08/08,2025/11/18,11.97,10.65999984741211,13.170000076293945,124.0,,,,,,21.3744,14.9955,20.0132,0.0,19.32110023498535,19.2634,20.4862,0.0,0.0,0.0,1.1535,2026-08-09
sv7-172,Lacey,holofoil,Stellar Crown,172,Special Illustration Rare,,Supporter,,Trainer,2024/09/13,"tcgplayer,cardmarket",https://prices.pokemontcg.io/tcgplayer/sv7-172,https://images.pokemontcg.io/sv7/172_hires.png,2026/08/08,2025/11/18,17.93,15.489999771118164,19.149999618530273,167.60000610351562,,,,,,23.3699,11.5235,20.9591,0.0,15.57229995727539,22.6663,23.5775,0.0,0.0,0.0,1.1535,2026-08-09
sv7-173,Terapagos ex,holofoil,Stellar Crown,173,Hyper Rare,,Basic|Tera|ex,,Pokémon,2024/09/13,"tcgplayer,cardmarket",https://prices.pokemontcg.io/tcgplayer/sv7-173,https://images.pokemontcg.io/sv7/173_hires.png,2026/08/08,2025/11/18,11.48,9.949999809265137,12.079999923706055,100.86000061035156,,,,,,15.7222,9.228,15.4569,0.0,14.833999633789062,14.7648,15.6991,0.0,0.0,0.0,1.1535,2026-08-09
sv7-174,Area Zero Underdepths,holofoil,Stellar Crown,174,Hyper Rare,,Stadium,,Trainer,2024/09/13,"tcgplayer,cardmarket",https://prices.pokemontcg.io/tcgplayer/sv7-174,https://images.pokemontcg.io/sv7/174_hires.png,2026/08/08,2025/11/18,10.2,7.989999771118164,11.010000228881836,103.0,,,,,,12.6308,7.4977,12.7116,0.0,8.07450008392334,13.5767,12.2617,0.0,0.0,0.0,1.1535,2026-08-09
sv7-175,Bravery Charm,holofoil,Stellar Crown,175,Hyper Rare,,Pokémon Tool,,Trainer,2024/09/13,"tcgplayer,cardmarket",https://prices.pokemontcg.io/tcgplayer/sv7-175,https://images.pokemontcg.io/sv7/175_hires.png,2026/08/08,2025/11/18,4.1,3.490000009536743,4.989999771118164,64.69999694824219,,,,,,12.8961,7.1517,12.7462,0.0,12.884599685668945,12.8615,12.9538,0.0,0.0,0.0,1.1535,2026-08-09
sve-10,Basic Fire Energy,,Scarlet & Violet Energies,10,,,Basic,,Energy,2023/03/31,,https://prices.pokemontcg.io/tcgplayer/sve-10,https://images.pokemontcg.io/sve/10_hires.png,2024/09/19,2024/09/19,,,,,,,,,,,,,,,,,,,,,2026-08-09
sve-11,Basic Water Energy,,Scarlet & Violet Energies,11,,,Basic,,Energy,2023/03/31,,https://prices.pokemontcg.io/tcgplayer/sve-11,https://images.pokemontcg.io/sve/11_hires.png,2024/09/19,2024/09/19,,,,,,,,,,,,,,,,,,,,,2026-08-09
sve-12,Basic Lightning Energy,,Scarlet & Violet Energies,12,,,Basic,,Energy,2023/03/31,,https://prices.pokemontcg.io/tcgplayer/sve-12,https://images.pokemontcg.io/sve/12_hires.png,2024/09/19,2024/09/19,,,,,,,,,,,,,,,,,,,,,2026-08-09
sve-16,Basic Metal Energy,,Scarlet & Violet Energies,16,,,Basic,,Energy,2023/03/31,,https://prices.pokemontcg.io/tcgplayer/sve-16,https://images.pokemontcg.io/sve/16_hires.png,2024/09/19,2024/09/19,,,,,,,,,,,,,,,,,,,,,2026-08-09
sve-9,Basic Grass Energy,,Scarlet & Violet Energies,9,,,Basic,,Energy,2023/03/31,,https://prices.pokemontcg.io/tcgplayer/sve-9,https://images.pokemontcg.io/sve/9_hires.png,2024/09/19,2024/09/19,,,,,,,,,,,,,,,,,,,,,2026-08-09
sve-14,Basic Fighting Energy,,Scarlet & Violet Energies,14,,,Basic,,Energy,2023/03/31,,https://prices.pokemontcg.io/tcgplayer/sve-14,https://images.pokemontcg.io/sve/14_hires.png,2024/09/19,2024/09/19,,,,,,,,,,,,,,,,,,,,,2026-08-09
sve-13,Basic Psychic Energy,,Scarlet & Violet Energies,13,,,Basic,,Energy,2023/03/31,,https://prices.pokemontcg.io/tcgplayer/sve-13,https://images.pokemontcg.io/sve/13_hires.png,2024/09/19,2024/09/19,,,,,,,,,,,,,,,,,,,,,2026-08-09
sve-15,Basic Darkness Energy,,Scarlet & Violet Energies,15,,,Basic,,Energy,2023/03/31,,https://prices.pokemontcg.io/tcgplayer/sve-15,https://images.pokemontcg.io/sve/15_hires.png,2024/09/19,2024/09/19,,,,,,,,,,,,,,,,,,,,,2026-08-09
svp-130,Kingambit,holofoil,Scarlet & Violet Black Star Promos,130,Promo,Oku,Stage 2,983,Pokémon,2023/01/01,"tcgplayer,cardmarket",https://prices.pokemontcg.io/tcgplayer/svp-130,https://images.pokemontcg.io/svp/130_hires.png,2026/08/08,2025/11/21,4.33,3.490000009536743,5.0,99.93000030517578,,,,,,2.4108,0.5767,2.2724,0.0,2.249300003051758,2.2839,2.4108,0.0,0.0,0.0,1.1535,2026-08-09
svp-131,Kingdra ex,holofoil,Scarlet & Violet Black Star Promos,131,Promo,akagi,Stage 2|ex,230,Pokémon,2023/01/01,"tcgplayer,cardmarket",https://prices.pokemontcg.io/tcgplayer/svp-131,https://images.pokemontcg.io/svp/131_hires.png,2026/08/08,2025/11/21,83.46,71.98999786376953,98.27999877929688,769.7999877929688,,,,,,45.0788,20.763,47.4781,0.0,42.02199935913086,52.4266,45.2633,0.0,0.0,0.0,1.1535,2026-08-09
svp-132,Greninja ex,holofoil,Scarlet & Violet Black Star Promos,132,Promo,SIE NANAHARA,Stage 2|ex,658,Pokémon,2023/01/01,"tcgplayer,cardmarket",https://prices.pokemontcg.io/tcgplayer/svp-132,https://images.pokemontcg.io/svp/132_hires.png,2026/08/08,2025/11/21,96.15,88.0,107.9000015258789,890.010009765625,,,,,,42.3911,19.6095,31.1791,0.0,31.08679962158203,29.4489,36.3583,0.0,0.0,0.0,1.1535,2026-08-09
svp-129,Pecharunt,holofoil,Scarlet & Violet Black Star Promos,129,Promo,nagimiso,Basic,1025,Pokémon,2023/01/01,"tcgplayer,cardmarket",https://prices.pokemontcg.io/tcgplayer/svp-129,https://images.pokemontcg.io/svp/129_hires.png,2026/08/08,2025/11/21,1.82,0.6499999761581421,2.0,30.0,,,,,,51.3308,42.6795,51.3308,0.0,46.13999938964844,57.352,41.9528,0.0,0.0,0.0,1.1535,2026-08-09
svp-135,Drifblim,holofoil,Scarlet & Violet Black Star Promos,135,Promo,Keisin,Stage 1,426,Pokémon,2023/01/01,"tcgplayer,cardmarket",https://prices.pokemontcg.io/tcgplayer/svp-135,https://images.pokemontcg.io/svp/135_hires.png,2026/08/08,2025/11/21,3.32,2.180000066757202,3.390000104904175,35.400001525878906,,,,,,4.6601,0.4614,4.6601,0.0,5.3867998123168945,5.283,4.6371,0.0,0.0,0.0,1.1535,2026-08-09
svp-134,Crabominable,holofoil,Scarlet & Violet Black Star Promos,134,Promo,KEIICHIRO ITO,Stage 1,740,Pokémon,2023/01/01,"tcgplayer,cardmarket",https://prices.pokemontcg.io/tcgplayer/svp-134,https://images.pokemontcg.io/svp/134_hires.png,2026/08/08,2025/11/21,2.57,1.4900000095367432,2.569999933242798,9999.0,,,,,,5.4215,1.1304,5.7906,0.0,5.179200172424316,6.425,5.283,0.0,0.0,0.0,1.1535,2026-08-09
svp-136,Bouffalant,holofoil,Scarlet & Violet Black Star Promos,136,Promo,Tonji Matsuno,Basic,626,Pokémon,2023/01/01,"tcgplayer,cardmarket",https://prices.pokemontcg.io/tcgplayer/svp-136,https://images.pokemontcg.io/svp/136_hires.png,2026/08/08,2025/11/21,5.17,4.099999904632568,5.559999942779541,25.0,,,,,,8.1783,2.307,8.063,0.0,8.07450008392334,8.3744,8.2475,0.0,0.0,0.0,1.1535,2026-08-09
svp-133,Ledian,holofoil,Scarlet & Violet Black Star Promos,133,Promo,Natsumi Yoshida,Stage 1,166,Pokémon,2023/01/01,"tcgplayer,cardmarket",https://prices.pokemontcg.io/tcgplayer/svp-133,https://images.pokemontcg.io/svp/133_hires.png,2026/08/08,2025/11/21,3.24,1.9900000095367432,3.4000000953674316,38.099998474121094,,,,,,7.6823,1.1535,7.1863,0.0,13.784299850463867,9.4356,8.0745,0.0,0.0,0.0,1.1535,2026-08-09
svp-137,Horsea,holofoil,Scarlet & Violet Black Star Promos,137,Promo,MAHOU,Basic,116,Pokémon,2023/01/01,"tcgplayer,cardmarket",https://prices.pokemontcg.io/tcgplayer/svp-137,https://images.pokemontcg.io/svp/137_hires.png,2026/08/08,2025/11/21,1.87,0.8500000238418579,2.009999990463257,19.979999542236328,,,,,,2.0071,0.5767,2.134,0.0,2.0185999870300293,1.7995,1.811,0.0,0.0,0.0,1.1535,2026-08-09
svp-139,Latias,holofoil,Scarlet & Violet Black Star Promos,139,Promo,hncl,Basic,380,Pokémon,2023/01/01,"tcgplayer,cardmarket",https://prices.pokemontcg.io/tcgplayer/svp-139,https://images.pokemontcg.io/svp/139_hires.png,2026/08/08,2025/11/21,3.07,1.9500000476837158,3.390000104904175,99.98999786376953,,,,,,0.5652,0.0231,0.646,0.0,0.8881999850273132,0.6921,0.5883,0.0,0.0,0.0,1.1535,2026-08-09
svp-142,Victini ex,holofoil,Scarlet & Violet Black Star Promos,142,Promo,Saki Hayashiro,Basic|ex,494,Pokémon,2023/01/01,"tcgplayer,cardmarket",https://prices.pokemontcg.io/tcgplayer/svp-142,https://images.pokemontcg.io/svp/142_hires.png,2026/08/08,2025/11/21,4.49,3.4200000762939453,4.75,9999.0,,,,,,11.9041,6.921,12.6078,0.0,6.921000003814697,12.4463,11.039,0.0,0.0,0.0,1.1535,2026-08-09
svp-140,Tinkaton,holofoil,Scarlet & Violet Black Star Promos,140,Promo,DOM,Stage 2,959,Pokémon,2023/01/01,"tcgplayer,cardmarket",https://prices.pokemontcg.io/tcgplayer/svp-140,https://images.pokemontcg.io/svp/140_hires.png,2026/08/08,2025/11/21,1.38,0.6399999856948853,1.409999966621399,1000.0,,,,,,0.3807,0.0231,0.1846,0.0,0.18459999561309814,0.2076,0.323,0.0,0.0,0.0,1.1535,2026-08-09
svp-138,Porygon2,normal,Scarlet & Violet Black Star Promos,138,Promo,GOSSAN,Stage 1,233,Pokémon,2023/01/01,"tcgplayer,cardmarket",https://prices.pokemontcg.io/tcgplayer/svp-138,https://images.pokemontcg.io/svp/138_hires.png,2026/08/08,2025/11/21,1.42,0.8500000238418579,1.5,19.979999542236328,,,,,,1.5457,0.5652,1.4419,0.0,1.9493999481201172,1.4765,1.7072,0.0,0.0,0.0,1.1535,2026-08-09
svp-141,Noctowl,holofoil,Scarlet & Violet Black Star Promos,141,Promo,Tetsu Kayama,Stage 1,164,Pokémon,2023/01/01,"tcgplayer,cardmarket",https://prices.pokemontcg.io/tcgplayer/svp-141,https://images.pokemontcg.io/svp/141_hires.png,2026/08/08,2025/11/21,3.6,2.5,4.099999904632568,44.66999816894531,,,,,,59.982,57.6173,106.3181,0.0,51.907501220703125,85.7281,63.1772,0.0,0.0,0.0,1.1535,2026-08-09
svp-143,Miraidon ex,holofoil,Scarlet & Violet Black Star Promos,143,Promo,5ban Graphics,Basic|ex,1008,Pokémon,2023/01/01,"tcgplayer,cardmarket",https://prices.pokemontcg.io/tcgplayer/svp-143,https://images.pokemontcg.io/svp/143_hires.png,2026/08/08,2025/11/21,4.66,1.4900000095367432,5.809999942779541,70.9000015258789,,,,,,11.5811,8.0745,11.6388,0.0,15.272299766540527,11.7772,11.7888,0.0,0.0,0.0,1.1535,2026-08-09
svp-144,Gouging Fire ex,holofoil,Scarlet & Violet Black Star Promos,144,Promo,PLANETA Mochizuki,Basic|ex|Ancient,,Pokémon,2023/01/01,"tcgplayer,cardmarket",https://prices.pokemontcg.io/tcgplayer/svp-144,https://images.pokemontcg.io/svp/144_hires.png,2026/08/08,2025/11/21,0.77,0.30000001192092896,0.8999999761581421,9999.0,,,,,,1.2458,0.4037,1.3727,0.0,1.545699954032898,1.4419,1.2919,0.0,0.0,0.0,1.1535,2026-08-09
svp-145,Raging Bolt ex,holofoil,Scarlet & Violet Black Star Promos,145,Promo,PLANETA Mochizuki,Basic|ex|Ancient,,Pokémon,2023/01/01,"tcgplayer,cardmarket",https://prices.pokemontcg.io/tcgplayer/svp-145,https://images.pokemontcg.io/svp/145_hires.png,2026/08/08,2025/11/21,1.13,0.6000000238418579,1.3600000143051147,180.0,,,,,,2.5838,1.0381,2.4339,0.0,1.7302000522613525,2.1801,2.2493,0.0,0.0,0.0,1.1535,2026-08-09
svp-146,Iron Crown ex,holofoil,Scarlet & Violet Black Star Promos,146,Promo,5ban Graphics,Basic|ex|Future,,Pokémon,2023/01/01,"tcgplayer,cardmarket",https://prices.pokemontcg.io/tcgplayer/svp-146,https://images.pokemontcg.io/svp/146_hires.png,2026/08/08,2025/11/21,0.83,0.20000000298023224,0.9300000071525574,50.0,,,,,,0.9459,0.4499,1.2112,0.0,1.038100004196167,1.0958,1.0381,0.0,0.0,0.0,1.1535,2026-08-09
svp-147,Iron Boulder ex,holofoil,Scarlet & Violet Black Star Promos,147,Promo,5ban Graphics,Basic|ex|Future,,Pokémon,2023/01/01,"tcgplayer,cardmarket",https://prices.pokemontcg.io/tcgplayer/svp-147,https://images.pokemontcg.io/svp/147_hires.png,2026/08/08,2025/11/21,0.6,0.20000000298023224,0.800000011920929,9999.0,,,,,,0.8882,0.4383,0.8421,0.0,0.8996999859809875,0.9689,0.9459,0.0,0.0,0.0,1.1535,2026-08-09
svp-149,Pecharunt,holofoil,Scarlet & Violet Black Star Promos,149,Promo,Souichirou Gunjima,Basic,,Pokémon,2023/01/01,"tcgplayer,cardmarket",https://prices.pokemontcg.io/tcgplayer/svp-149,https://images.pokemontcg.io/svp/149_hires.png,2026/08/08,2025/11/21,0.62,0.28999999165534973,0.75,19.979999542236328,,,,,,0.3691,0.0231,0.3691,0.0,0.7035999894142151,0.4153,0.3691,0.0,0.0,0.0,1.1535,2026-08-09
svp-150,Paradise Resort,normal,Scarlet & Violet Black Star Promos,150,Promo,Naoki Saito,Stadium,,Trainer,2023/01/01,"tcgplayer,cardmarket",https://prices.pokemontcg.io/tcgplayer/svp-150,https://images.pokemontcg.io/svp/150_hires.png,2026/08/08,2025/11/21,597.5,601.97998046875,601.97998046875,601.97998046875,,,,,,403.725,402.5715,546.1707,0.0,403.7250061035156,576.1732,576.1732,0.0,0.0,0.0,1.1535,2026-08-09
sv8-1,Exeggcute,normal,Surging Sparks,1,Common,,Basic,102,Pokémon,2024/11/08,"tcgplayer,cardmarket",https://prices.pokemontcg.io/tcgplayer/sv8-1,https://images.pokemontcg.io/sv8/1_hires.png,2026/08/08,2026/07/01,0.12,0.009999999776482582,0.17000000178813934,19.979999542236328,,0.27,,,,0.0461,0.0231,0.0461,0.1961,0.03460000082850456,0.0577,0.0461,0.1038,0.1615,0.1846,1.1535,2026-08-09
sv8-2,Exeggcute,normal,Surging Sparks,2,Common,,Basic,102,Pokémon,2024/11/08,"tcgplayer,cardmarket",https://prices.pokemontcg.io/tcgplayer/sv8-2,https://images.pokemontcg.io/sv8/2_hires.png,2026/08/08,2026/07/01,0.08,0.009999999776482582,0.15000000596046448,19.979999542236328,,0.27,,,,0.0461,0.0231,0.0577,0.173,0.04610000178217888,0.0461,0.0461,0.0231,0.1615,0.173,1.1535,2026-08-09
sv8-3,Exeggutor,normal,Surging Sparks,3,Uncommon,,Stage 1,103,Pokémon,2024/11/08,"tcgplayer,cardmarket",https://prices.pokemontcg.io/tcgplayer/sv8-3,https://images.pokemontcg.io/sv8/3_hires.png,2026/08/08,2026/07/01,0.05,0.009999999776482582,0.15000000596046448,20.0,,0.27,,,,0.0346,0.0231,0.0461,0.2076,0.09229999780654907,0.0461,0.0461,0.1038,0.1615,0.1961,1.1535,2026-08-09
sv8-4,Durant ex,holofoil,Surging Sparks,4,Double Rare,,Basic|ex,632,Pokémon,2024/11/08,"tcgplayer,cardmarket",https://prices.pokemontcg.io/tcgplayer/sv8-4,https://images.pokemontcg.io/sv8/4_hires.png,2026/08/08,2026/07/01,0.59,0.25,0.800000011920929,40.0,,,,,,0.6344,0.0231,0.7152,0.0,0.6344000101089478,0.9459,0.6575,0.0,0.0,0.0,1.1535,2026-08-09
sv8-5,Scatterbug,normal,Surging Sparks,5,Common,,Basic,664,Pokémon,2024/11/08,"tcgplayer,cardmarket",https://prices.pokemontcg.io/tcgplayer/sv8-5,https://images.pokemontcg.io/sv8/5_hires.png,2026/08/08,2026/07/01,0.13,0.009999999776482582,0.15000000596046448,19.979999542236328,,0.2,,,,0.0461,0.0231,0.0461,0.0923,0.023099999874830246,0.0231,0.0461,0.0346,0.0807,0.0923,1.1535,2026-08-09
sv8-6,Spewpa,normal,Surging Sparks,6,Common,,Stage 1,665,Pokémon,2024/11/08,"tcgplayer,cardmarket",https://prices.pokemontcg.io/tcgplayer/sv8-6,https://images.pokemontcg.io/sv8/6_hires.png,2026/08/08,2026/07/01,0.04,0.009999999776482582,0.15000000596046448,5.0,,0.2,,,,0.0577,0.0231,0.0577,0.1154,0.03460000082850456,0.0346,0.0461,0.0231,0.1038,0.1038,1.1535,2026-08-09
sv8-7,Vivillon,normal,Surging Sparks,7,Uncommon,,Stage 2,666,Pokémon,2024/11/08,"tcgplayer,cardmarket",https://prices.pokemontcg.io/tcgplayer/sv8-7,https://images.pokemontcg.io/sv8/7_hires.png,2026/08/08,2026/07/01,0.15,0.009999999776482582,0.1599999964237213,1000.0,,0.31,,,,0.0346,0.0231,0.0346,0.1961,0.023099999874830246,0.0346,0.0346,0.0923,0.15,0.173,1.1535,2026-08-09
sv8-8,Morelull,normal,Surging Sparks,8,Common,,Basic,755,Pokémon,2024/11/08,"tcgplayer,cardmarket",https://prices.pokemontcg.io/tcgplayer/sv8-8,https://images.pokemontcg.io/sv8/8_hires.png,2026/08/08,2026/06/29,0.09,0.009999999776482582,0.15000000596046448,1000.0,,0.23,,,,0.0346,0.0231,0.0461,0.1384,0.10379999876022339,0.0346,0.0346,0.0692,0.1269,0.1384,1.1535,2026-08-09
sv8-9,Shiinotic,normal,Surging Sparks,9,Uncommon,,Stage 1,756,Pokémon,2024/11/08,"tcgplayer,cardmarket",https://prices.pokemontcg.io/tcgplayer/sv8-9,https://images.pokemontcg.io/sv8/9_hires.png,2026/08/08,2026/06/29,0.07,0.009999999776482582,0.15000000596046448,19.979999542236328,,0.26,,,,0.0461,0.0231,0.0461,0.1846,0.04610000178217888,0.0346,0.0461,0.1384,0.15,0.1846,1.1535,2026-08-09
sv8-10,Dhelmise,normal,Surging Sparks,10,Common,,Basic,781,Pokémon,2024/11/08,"tcgplayer,cardmarket",https://prices.pokemontcg.io/tcgplayer/sv8-10,https://images.pokemontcg.io/sv8/10_hires.png,2026/08/08,2026/06/29,0.04,0.009999999776482582,0.15000000596046448,20.0,,0.21,,,,0.0346,0.0231,0.0231,0.0807,0.023099999874830246,0.0231,0.0346,0.1038,0.1269,0.1038,1.1535,2026-08-09
sv8-11,Zarude,holofoil,Surging Sparks,11,Rare,,Basic,893,Pokémon,2024/11/08,"tcgplayer,cardmarket",https://prices.pokemontcg.io/tcgplayer/sv8-11,https://images.pokemontcg.io/sv8/11_hires.png,2026/08/08,2026/06/29,0.15,0.009999999776482582,0.1899999976158142,20.0,,0.28,,,,0.0692,0.0231,0.0577,0.1615,0.1615000069141388,0.0577,0.0577,0.0807,0.1384,0.173,1.1535,2026-08-09
sv8-12,Capsakid,normal,Surging Sparks,12,Common,,Basic,951,Pokémon,2024/11/08,"tcgplayer,cardmarket",https://prices.pokemontcg.io/tcgplayer/sv8-12,https://images.pokemontcg.io/sv8/12_hires.png,2026/08/08,2026/06/28,0.03,0.009999999776482582,0.15000000596046448,19.979999542236328,,0.18,,,,0.0346,0.0231,0.0346,0.1038,0.023099999874830246,0.0231,0.0346,0.0461,0.0923,0.1038,1.1535,2026-08-09
sv8-13,Rellor,normal,Surging Sparks,13,Common,,Basic,953,Pokémon,2024/11/08,"tcgplayer,cardmarket",https://prices.pokemontcg.io/tcgplayer/sv8-13,https://images.pokemontcg.io/sv8/13_hires.png,2026/08/08,2026/06/28,0.04,0.009999999776482582,0.15000000596046448,19.979999542236328,,0.12,,,,0.0346,0.0231,0.0231,0.1269,0.023099999874830246,0.0346,0.0346,0.0692,0.0923,0.1154,1.1535,2026-08-09
sv8-14,Rabsca,holofoil,Surging Sparks,14,Rare,,Stage 1,954,Pokémon,2024/11/08,"tcgplayer,cardmarket",https://prices.pokemontcg.io/tcgplayer/sv8-14,https://images.pokemontcg.io/sv8/14_hires.png,2026/08/08,2026/06/28,0.16,0.009999999776482582,0.1599999964237213,35.0,,0.26,,,,0.0461,0.0231,0.0461,0.173,0.04610000178217888,0.0461,0.0461,0.0461,0.173,0.173,1.1535,2026-08-09
sv8-15,Wo-Chien,normal,Surging Sparks,15,Uncommon,,Basic,1001,Pokémon,2024/11/08,"tcgplayer,cardmarket",https://prices.pokemontcg.io/tcgplayer/sv8-15,https://images.pokemontcg.io/sv8/15_hires.png,2026/08/08,2026/06/28,0.05,0.009999999776482582,0.15000000596046448,20.0,,0.29,,,,0.0346,0.0231,0.0346,0.2192,0.023099999874830246,0.0231,0.0346,0.5767,0.2307,0.2192,1.1535,2026-08-09
sv8-16,Vulpix,normal,Surging Sparks,16,Common,,Basic,37,Pokémon,2024/11/08,"tcgplayer,cardmarket",https://prices.pokemontcg.io/tcgplayer/sv8-16,https://images.pokemontcg.io/sv8/16_hires.png,2026/08/08,2026/06/22,0.15,0.009999999776482582,0.18000000715255737,1000.0,,0.26,,,,0.0577,0.0231,0.0692,0.15,0.03460000082850456,0.0577,0.0577,0.1269,0.1846,0.1615,1.1535,2026-08-09
sv8-17,Ninetales,normal,Surging Sparks,17,Uncommon,,Stage 1,38,Pokémon,2024/11/08,"tcgplayer,cardmarket",https://prices.pokemontcg.io/tcgplayer/sv8-17,https://images.pokemontcg.io/sv8/17_hires.png,2026/08/08,2026/06/22,0.16,0.009999999776482582,0.1899999976158142,1000.0,,0.35,,,,0.0577,0.0231,0.0692,0.2884,0.15000000596046448,0.0692,0.0577,0.1154,0.2538,0.2884,1.1535,2026-08-09
sv8-18,Paldean Tauros,normal,Surging Sparks,18,Uncommon,,Basic,128,Pokémon,2024/11/08,"tcgplayer,cardmarket",https://prices.pokemontcg.io/tcgplayer/sv8-18,https://images.pokemontcg.io/sv8/18_hires.png,2026/08/08,2026/06/22,0.13,0.009999999776482582,0.15000000596046448,20.0,,0.31,,,,0.0461,0.0231,0.0231,0.1846,0.023099999874830246,0.0231,0.0346,0.4037,0.2307,0.2076,1.1535,2026-08-09
sv8-19,Ho-Oh,normal,Surging Sparks,19,Uncommon,,Basic,250,Pokémon,2024/11/08,"tcgplayer,cardmarket",https://prices.pokemontcg.io/tcgplayer/sv8-19,https://images.pokemontcg.io/sv8/19_hires.png,2026/08/08,2026/06/22,0.15,0.009999999776482582,0.1599999964237213,1000.0,,0.28,,,,0.0577,0.0231,0.0461,0.2307,0.03460000082850456,0.0461,0.0577,0.0577,0.2538,0.2422,1.1535,2026-08-09
sv8-20,Castform Sunny Form,normal,Surging Sparks,20,Common,,Basic,351,Pokémon,2024/11/08,"tcgplayer,cardmarket",https://prices.pokemontcg.io/tcgplayer/sv8-20,https://images.pokemontcg.io/sv8/20_hires.png,2026/08/08,2026/06/22,0.09,0.009999999776482582,0.15000000596046448,1000.0,,0.21,,,,0.0346,0.0231,0.0461,0.1038,0.023099999874830246,0.0346,0.0461,0.0346,0.0923,0.0923,1.1535,2026-08-09
sv8-21,Victini,normal,Surging Sparks,21,Uncommon,,Basic,494,Pokémon,2024/11/08,"tcgplayer,cardmarket",https://prices.pokemontcg.io/tcgplayer/sv8-21,https://images.pokemontcg.io/sv8/21_hires.png,2026/08/08,2026/06/22,0.26,0.009999999776482582,0.23999999463558197,1000.0,,0.3,,,,0.0692,0.0231,0.0692,0.2422,0.04610000178217888,0.0692,0.0692,0.1269,0.2422,0.2422,1.1535,2026-08-09
sv8-22,Pansear,normal,Surging Sparks,22,Common,,Basic,513,Pokémon,2024/11/08,"tcgplayer,cardmarket",https://prices.pokemontcg.io/tcgplayer/sv8-22,https://images.pokemontcg.io/sv8/22_hires.png,2026/08/08,2026/05/14,0.03,0.009999999776482582,0.15000000596046448,19.979999542236328,,0.14,,,,0.0346,0.0231,0.0346,0.0807,0.023099999874830246,0.0231,0.0346,0.0692,0.0923,0.0807,1.1535,2026-08-09
sv8-23,Simisear,normal,Surging Sparks,23,Common,,Stage 1,514,Pokémon,2024/11/08,"tcgplayer,cardmarket",https://prices.pokemontcg.io/tcgplayer/sv8-23,https://images.pokemontcg.io/sv8/23_hires.png,2026/08/08,2026/05/14,0.07,0.009999999776482582,0.15000000596046448,19.979999542236328,,0.2,,,,0.0346,0.0231,0.0346,0.0923,0.023099999874830246,0.0346,0.0346,0.0577,0.0807,0.0807,1.1535,2026-08-09
sv8-24,Larvesta,normal,Surging Sparks,24,Common,,Basic,636,Pokémon,2024/11/08,"tcgplayer,cardmarket",https://prices.pokemontcg.io/tcgplayer/sv8-24,https://images.pokemontcg.io/sv8/24_hires.png,2026/08/08,2026/05/14,0.05,0.009999999776482582,0.15000000596046448,19.979999542236328,,0.22,,,,0.0346,0.0231,0.0346,0.1154,0.023099999874830246,0.0346,0.0346,0.0461,0.0923,0.1038,1.1535,2026-08-09
sv8-25,Volcarona,normal,Surging Sparks,25,Common,,Stage 1,637,Pokémon,2024/11/08,"tcgplayer,cardmarket",https://prices.pokemontcg.io/tcgplayer/sv8-25,https://images.pokemontcg.io/sv8/25_hires.png,2026/08/08,2026/05/07,0.08,0.009999999776482582,0.15000000596046448,19.979999542236328,,0.19,,,,0.0346,0.0231,0.0461,0.1154,0.023099999874830246,0.0346,0.0346,0.1038,0.1154,0.1038,1.1535,2026-08-09
sv8-26,Oricorio,normal,Surging Sparks,26,Common,,Basic,741,Pokémon,2024/11/08,"tcgplayer,cardmarket",https://prices.pokemontcg.io/tcgplayer/sv8-26,https://images.pokemontcg.io/sv8/26_hires.png,2026/08/08,2026/05/07,0.09,0.009999999776482582,0.15000000596046448,25.0,,0.12,,,,0.0461,0.0231,0.0346,0.0807,0.023099999874830246,0.0346,0.0461,0.15,0.1038,0.0923,1.1535,2026-08-09
sv8-27,Sizzlipede,normal,Surging Sparks,27,Common,,Basic,850,Pokémon,2024/11/08,"tcgplayer,cardmarket",https://prices.pokemontcg.io/tcgplayer/sv8-27,https://images.pokemontcg.io/sv8/27_hires.png,2026/08/08,2026/05/07,0.05,0.009999999776482582,0.15000000596046448,19.979999542236328,,0.12,,,,0.0231,0.0231,0.0231,0.0807,0.023099999874830246,0.0231,0.0231,0.173,0.0807,0.0923,1.1535,2026-08-09
sv8-28,Centiskorch,normal,Surging Sparks,28,Common,,Stage 1,851,Pokémon,2024/11/08,"tcgplayer,cardmarket",https://prices.pokemontcg.io/tcgplayer/sv8-28,https://images.pokemontcg.io/sv8/28_hires.png,2026/08/08,2026/05/07,0.08,0.009999999776482582,0.15000000596046448,19.979999542236328,,0.2,,,,0.0346,0.0231,0.0346,0.0923,0.023099999874830246,0.0231,0.0461,0.2192,0.1269,0.1038,1.1535,2026-08-09
sv8-29,Fuecoco,normal,Surging Sparks,29,Common,,Basic,909,Pokémon,2024/11/08,"tcgplayer,cardmarket",https://prices.pokemontcg.io/tcgplayer/sv8-29,https://images.pokemontcg.io/sv8/29_hires.png,2026/08/08,2026/04/30,0.1,0.009999999776482582,0.15000000596046448,1000.0,,0.22,,,,7.567,10.37,8.5013,0.0,10.369999885559082,7.567,9.3549,0.0807,1.9725,1.9725,1.1535,2026-08-09
sv8-30,Crocalor,normal,Surging Sparks,30,Common,,Stage 1,910,Pokémon,2024/11/08,"tcgplayer,cardmarket",https://prices.pokemontcg.io/tcgplayer/sv8-30,https://images.pokemontcg.io/sv8/30_hires.png,2026/08/08,2026/03/11,0.12,0.009999999776482582,0.15000000596046448,19.979999542236328,,0.18,,,,0.0346,0.0231,0.0346,0.0923,0.023099999874830246,0.0346,0.0346,0.1154,0.0923,0.0923,1.1535,2026-08-09
sv8-31,Skeledirge,holofoil,Surging Sparks,31,Rare,,Stage 2,911,Pokémon,2024/11/08,"tcgplayer,cardmarket",https://prices.pokemontcg.io/tcgplayer/sv8-31,https://images.pokemontcg.io/sv8/31_hires.png,2026/08/08,2026/03/11,0.16,0.009999999776482582,0.1899999976158142,19.979999542236328,,0.29,,,,0.0807,0.0231,0.0807,0.173,0.04610000178217888,0.0807,0.0807,0.0577,0.1615,0.173,1.1535,2026-08-09
sv8-32,Charcadet,normal,Surging Sparks,32,Common,,Basic,935,Pokémon,2024/11/08,"tcgplayer,cardmarket",https://prices.pokemontcg.io/tcgplayer/sv8-32,https://images.pokemontcg.io/sv8/32_hires.png,2026/08/08,2026/03/11,0.21,0.009999999776482582,0.2199999988079071,1000.0,,0.24,,,,0.0923,0.0231,0.0346,0.1846,0.03460000082850456,0.0461,0.0923,0.0577,0.1038,0.15,1.1535,2026-08-09
sv8-33,Charcadet,normal,Surging Sparks,33,Common,,Basic,935,Pokémon,2024/11/08,"tcgplayer,cardmarket",https://prices.pokemontcg.io/tcgplayer/sv8-33,https://images.pokemontcg.io/sv8/33_hires.png,2026/08/08,2026/03/11,0.18,0.009999999776482582,0.18000000715255737,1000.0,,0.23,,,,0.0577,0.0231,0.0461,0.1038,0.04610000178217888,0.0577,0.0461,0.1154,0.1038,0.1038,1.1535,2026-08-09
sv8-34,Armarouge,normal,Surging Sparks,34,Uncommon,,Stage 1,936,Pokémon,2024/11/08,"tcgplayer,cardmarket",https://prices.pokemontcg.io/tcgplayer/sv8-34,https://images.pokemontcg.io/sv8/34_hires.png,2026/08/08,2026/03/11,0.12,0.009999999776482582,0.15000000596046448,1000.0,,0.29,,,,0.0346,0.0231,0.0461,0.1961,0.04610000178217888,0.0346,0.0461,0.0923,0.173,0.1961,1.1535,2026-08-09
sv8-35,Ceruledge,normal,Surging Sparks,35,Uncommon,,Stage 1,937,Pokémon,2024/11/08,"tcgplayer,cardmarket",https://prices.pokemontcg.io/tcgplayer/sv8-35,https://images.pokemontcg.io/sv8/35_hires.png,2026/08/08,2026/03/08,0.19,0.009999999776482582,0.1899999976158142,20.0,,0.3,,,,0.0346,0.0231,0.0346,0.1961,0.06920000165700912,0.0346,0.0346,0.2999,0.2076,0.2076,1.1535,2026-08-09
sv8-36,Ceruledge ex,holofoil,Surging Sparks,36,Double Rare,,Stage 1|Tera|ex,937,Pokémon,2024/11/08,"tcgplayer,cardmarket",https://prices.pokemontcg.io/tcgplayer/sv8-36,https://images.pokemontcg.io/sv8/36_hires.png,2026/08/08,2026/03/08,1.3,0.75,1.3899999856948853,17.239999771118164,,,,,,3.3105,0.9689,2.2147,0.0,2.203200101852417,2.6415,2.976,0.0,0.0,0.0,1.1535,2026-08-09
sv8-37,Scovillain ex,holofoil,Surging Sparks,37,Double Rare,,Stage 1|ex,952,Pokémon,2024/11/08,"tcgplayer,cardmarket",https://prices.pokemontcg.io/tcgplayer/sv8-37,https://images.pokemontcg.io/sv8/37_hires.png,2026/08/08,2026/02/24,0.5,0.20000000298023224,0.75,18.899999618530273,,,,,,0.5537,0.0231,0.5767,0.0,0.7613000273704529,0.496,0.5075,0.0,0.0,0.0,1.1535,2026-08-09
sv8-38,Gouging Fire,holofoil,Surging Sparks,38,Rare,,Basic|Ancient,1020,Pokémon,2024/11/08,"tcgplayer,cardmarket",https://prices.pokemontcg.io/tcgplayer/sv8-38,https://images.pokemontcg.io/sv8/38_hires.png,2026/08/08,2026/02/24,0.14,0.009999999776482582,0.20000000298023224,5.0,,0.33,,,,0.0807,0.0231,0.0923,0.2307,0.10379999876022339,0.0923,0.0807,0.2422,0.173,0.2192,1.1535,2026-08-09
sv8-39,Paldean Tauros,normal,Surging Sparks,39,Uncommon,,Basic,128,Pokémon,2024/11/08,"tcgplayer,cardmarket",https://prices.pokemontcg.io/tcgplayer/sv8-39,https://images.pokemontcg.io/sv8/39_hires.png,2026/08/08,2026/02/24,0.12,0.009999999776482582,0.15000000596046448,19.979999542236328,,0.29,,,,0.0461,0.0231,0.0346,0.1846,0.023099999874830246,0.0346,0.0346,0.173,0.2076,0.173,1.1535,2026-08-09
sv8-40,Mantine,normal,Surging Sparks,40,Common,,Basic,226,Pokémon,2024/11/08,"tcgplayer,cardmarket",https://prices.pokemontcg.io/tcgplayer/sv8-40,https://images.pokemontcg.io/sv8/40_hires.png,2026/08/08,2026/02/24,0.04,0.009999999776482582,0.15000000596046448,19.979999542236328,,0.32,,,,0.0577,0.0231,0.0346,0.173,0.023099999874830246,0.0346,0.0346,0.2884,0.1384,0.15,1.1535,2026-08-09
sv8-41,Feebas,normal,Surging Sparks,41,Common,,Basic,349,Pokémon,2024/11/08,"tcgplayer,cardmarket",https://prices.pokemontcg.io/tcgplayer/sv8-41,https://images.pokemontcg.io/sv8/41_hires.png,2026/08/08,2026/02/24,0.06,0.009999999776482582,0.15000000596046448,19.979999542236328,,0.21,,,,0.0692,0.0231,0.0346,0.1038,0.05770000070333481,0.0461,0.0692,0.0461,0.0923,0.0923,1.1535,2026-08-09
sv8-42,Milotic ex,holofoil,Surging Sparks,42,Double Rare,,Stage 1|ex,350,Pokémon,2024/11/08,"tcgplayer,cardmarket",https://prices.pokemontcg.io/tcgplayer/sv8-42,https://images.pokemontcg.io/sv8/42_hires.png,2026/08/08,2026/02/24,0.65,0.20000000298023224,0.800000011920929,14.989999771118164,,,,,,0.8074,0.1615,0.6575,0.0,0.5536999702453613,0.7613,0.7613,0.0,0.0,0.0,1.1535,2026-08-09
sv8-43,Spheal,normal,Surging Sparks,43,Common,,Basic,363,Pokémon,2024/11/08,"tcgplayer,cardmarket",https://prices.pokemontcg.io/tcgplayer/sv8-43,https://images.pokemontcg.io/sv8/43_hires.png,2026/08/08,2026/02/22,0.09,0.009999999776482582,0.15000000596046448,1000.0,,0.22,,,,0.0461,0.0231,0.0461,0.1154,0.023099999874830246,0.0346,0.0346,0.1615,0.1269,0.1384,1.1535,2026-08-09
sv8-44,Sealeo,normal,Surging Sparks,44,Common,,Stage 1,364,Pokémon,2024/11/08,"tcgplayer,cardmarket",https://prices.pokemontcg.io/tcgplayer/sv8-44,https://images.pokemontcg.io/sv8/44_hires.png,2026/08/08,2026/02/22,0.03,0.009999999776482582,0.15000000596046448,2.990000009536743,,0.22,,,,0.0346,0.0231,0.0461,0.0923,0.023099999874830246,0.0577,0.0461,0.0231,0.0923,0.1038,1.1535,2026-08-09
sv8-45,Walrein,normal,Surging Sparks,45,Uncommon,,Stage 2,365,Pokémon,2024/11/08,"tcgplayer,cardmarket",https://prices.pokemontcg.io/tcgplayer/sv8-45,https://images.pokemontcg.io/sv8/45_hires.png,2026/08/08,2026/02/22,0.13,0.009999999776482582,0.1599999964237213,23.0,,0.29,,,,0.0461,0.0231,0.0577,0.173,0.06920000165700912,0.0577,0.0461,0.0807,0.15,0.15,1.1535,2026-08-09
sv8-46,Shellos,normal,Surging Sparks,46,Common,,Basic,422,Pokémon,2024/11/08,"tcgplayer,cardmarket",https://prices.pokemontcg.io/tcgplayer/sv8-46,https://images.pokemontcg.io/sv8/46_hires.png,2026/08/08,2026/02/22,0.09,0.009999999776482582,0.15000000596046448,1000.0,,0.14,,,,0.0461,0.0231,0.0346,0.0923,0.03460000082850456,0.0461,0.0346,0.0577,0.0923,0.1038,1.1535,2026-08-09
sv8-47,Cryogonal,normal,Surging Sparks,47,Common,,Basic,615,Pokémon,2024/11/08,"tcgplayer,cardmarket",https://prices.pokemontcg.io/tcgplayer/sv8-47,https://images.pokemontcg.io/sv8/47_hires.png,2026/08/08,2026/02/22,0.04,0.009999999776482582,0.15000000596046448,19.979999542236328,,0.16,,,,0.0461,0.0231,0.0346,0.0923,0.023099999874830246,0.0346,0.0461,0.0692,0.0807,0.0807,1.1535,2026-08-09
sv8-48,Black Kyurem ex,holofoil,Surging Sparks,48,Double Rare,,Basic|ex,646,Pokémon,2024/11/08,"tcgplayer,cardmarket",https://prices.pokemontcg.io/tcgplayer/sv8-48,https://images.pokemontcg.io/sv8/48_hires.png,2026/08/08,2026/02/22,0.67,0.3400000035762787,0.8199999928474426,19.0,,,,,,0.6806,0.0346,0.669,0.0,0.3921999931335449,0.669,0.646,0.0,0.0,0.0,1.1535,2026-08-09
sv8-49,Bruxish,normal,Surging Sparks,49,Uncommon,,Basic,779,Pokémon,2024/11/08,"tcgplayer,cardmarket",https://prices.pokemontcg.io/tcgplayer/sv8-49,https://images.pokemontcg.io/sv8/49_hires.png,2026/08/08,2026/02/19,0.04,0.009999999776482582,0.15000000596046448,19.979999542236328,,0.27,,,,0.0461,0.0231,0.0346,0.15,0.05770000070333481,0.0577,0.0461,0.1846,0.1846,0.1615,1.1535,2026-08-09
sv8-50,Quaxly,normal,Surging Sparks,50,Common,,Basic,912,Pokémon,2024/11/08,"tcgplayer,cardmarket",https://prices.pokemontcg.io/tcgplayer/sv8-50,https://images.pokemontcg.io/sv8/50_hires.png,2026/08/08,2026/02/19,0.06,0.009999999776482582,0.15000000596046448,19.979999542236328,,0.21,,,,0.0346,0.0231,0.0346,0.1269,0.023099999874830246,0.0346,0.0346,0.0807,0.0923,0.1154,1.1535,2026-08-09
sv8-51,Quaxwell,normal,Surging Sparks,51,Common,,Stage 1,913,Pokémon,2024/11/08,"tcgplayer,cardmarket",https://prices.pokemontcg.io/tcgplayer/sv8-51,https://images.pokemontcg.io/sv8/51_hires.png,2026/08/08,2026/02/19,0.08,0.009999999776482582,0.15000000596046448,19.979999542236328,,0.25,,,,0.0346,0.0231,0.0461,0.1038,0.023099999874830246,0.0346,0.0346,0.0692,0.0807,0.1038,1.1535,2026-08-09
sv8-52,Quaquaval,normal,Surging Sparks,52,Uncommon,,Stage 2,914,Pokémon,2024/11/08,"tcgplayer,cardmarket",https://prices.pokemontcg.io/tcgplayer/sv8-52,https://images.pokemontcg.io/sv8/52_hires.png,2026/08/08,2026/02/01,0.03,0.009999999776482582,0.15000000596046448,1000.0,,0.25,,,,0.0461,0.0231,0.0346,0.173,0.03460000082850456,0.0346,0.0461,0.2307,0.1384,0.173,1.1535,2026-08-09
sv8-53,Cetoddle,normal,Surging Sparks,53,Common,,Basic,974,Pokémon,2024/11/08,"tcgplayer,cardmarket",https://prices.pokemontcg.io/tcgplayer/sv8-53,https://images.pokemontcg.io/sv8/53_hires.png,2026/08/08,2026/02/01,0.09,0.009999999776482582,0.15000000596046448,19.979999542236328,,0.22,,,,0.0346,0.0231,0.0346,0.1269,0.023099999874830246,0.0346,0.0346,0.0923,0.0692,0.1154,1.1535,2026-08-09
sv8-54,Cetitan,normal,Surging Sparks,54,Common,,Stage 1,975,Pokémon,2024/11/08,"tcgplayer,cardmarket",https://prices.pokemontcg.io/tcgplayer/sv8-54,https://images.pokemontcg.io/sv8/54_hires.png,2026/08/08,2026/02/01,0.06,0.009999999776482582,0.15000000596046448,20.0,,0.16,,,,0.0346,0.0231,0.0461,0.0923,0.06920000165700912,0.0346,0.0346,0.0923,0.0923,0.1038,1.1535,2026-08-09
sv8-55,Iron Bundle,normal,Surging Sparks,55,Uncommon,,Basic|Future,991,Pokémon,2024/11/08,"tcgplayer,cardmarket",https://prices.pokemontcg.io/tcgplayer/sv8-55,https://images.pokemontcg.io/sv8/55_hires.png,2026/08/08,2026/01/21,0.04,0.009999999776482582,0.15000000596046448,19.979999542236328,,0.31,,,,0.0346,0.0231,0.0231,0.2076,0.023099999874830246,0.0346,0.0346,0.1269,0.1846,0.2192,1.1535,2026-08-09
sv8-56,Chien-Pao,holofoil,Surging Sparks,56,Rare,,Basic,1002,Pokémon,2024/11/08,"tcgplayer,cardmarket",https://prices.pokemontcg.io/tcgplayer/sv8-56,https://images.pokemontcg.io/sv8/56_hires.png,2026/08/08,2026/01/21,0.22,0.009999999776482582,0.23999999463558197,19.979999542236328,,0.32,,,,0.0692,0.0231,0.0807,0.2076,0.023099999874830246,0.0692,0.0692,0.0692,0.1846,0.2076,1.1535,2026-08-09
sv8-57,Pikachu ex,holofoil,Surging Sparks,57,Double Rare,,Basic|Tera|ex,25,Pokémon,2024/11/08,"tcgplayer,cardmarket",https://prices.pokemontcg.io/tcgplayer/sv8-57,https://images.pokemontcg.io/sv8/57_hires.png,2026/08/08,2026/01/21,3.76,1.2999999523162842,4.5,96.94999694824219,,,,,,4.8332,2.307,5.2484,0.0,4.164100170135498,5.11,4.8332,0.0,0.0,0.0,1.1535,2026-08-09
sv8-58,Magnemite,normal,Surging Sparks,58,Common,,Basic,81,Pokémon,2024/11/08,"tcgplayer,cardmarket",https://prices.pokemontcg.io/tcgplayer/sv8-58,https://images.pokemontcg.io/sv8/58_hires.png,2026/08/08,2026/01/21,0.12,0.009999999776482582,0.15000000596046448,36.0,,0.21,,,,0.0346,0.0231,0.0346,0.1269,0.023099999874830246,0.0231,0.0346,0.1269,0.1269,0.1154,1.1535,2026-08-09
sv8-59,Magneton,normal,Surging Sparks,59,Uncommon,,Stage 1,82,Pokémon,2024/11/08,"tcgplayer,cardmarket",https://prices.pokemontcg.io/tcgplayer/sv8-59,https://images.pokemontcg.io/sv8/59_hires.png,2026/08/08,2026/01/21,0.21,0.009999999776482582,0.20000000298023224,1000.0,,0.32,,,,0.0692,0.0231,0.0461,0.1961,0.023099999874830246,0.0577,0.0577,0.2076,0.2307,0.1961,1.1535,2026-08-09
sv8-60,Magnezone,normal,Surging Sparks,60,Uncommon,,Stage 2,462,Pokémon,2024/11/08,"tcgplayer,cardmarket",https://prices.pokemontcg.io/tcgplayer/sv8-60,https://images.pokemontcg.io/sv8/60_hires.png,2026/08/08,2026/01/21,0.09,0.009999999776482582,0.15000000596046448,19.979999542236328,,0.27,,,,0.0346,0.0231,0.0346,0.1615,0.023099999874830246,0.0346,0.0346,0.0923,0.1961,0.1615,1.1535,2026-08-09
sv8-61,Rotom,normal,Surging Sparks,61,Common,,Basic,479,Pokémon,2024/11/08,"tcgplayer,cardmarket",https://prices.pokemontcg.io/tcgplayer/sv8-61,https://images.pokemontcg.io/sv8/61_hires.png,2026/08/08,2026/01/21,0.08,0.009999999776482582,0.15000000596046448,19.979999542236328,,0.23,,,,0.0346,0.0231,0.0461,0.1038,0.023099999874830246,0.0577,0.0346,0.15,0.0923,0.1038,1.1535,2026-08-09
sv8-62,Blitzle,normal,Surging Sparks,62,Common,,Basic,522,Pokémon,2024/11/08,"tcgplayer,cardmarket",https://prices.pokemontcg.io/tcgplayer/sv8-62,https://images.pokemontcg.io/sv8/62_hires.png,2026/08/08,2026/01/21,0.05,0.009999999776482582,0.15000000596046448,19.979999542236328,,0.18,,,,0.0346,0.0231,0.0346,0.1038,0.023099999874830246,0.0346,0.0346,0.173,0.1384,0.1038,1.1535,2026-08-09
sv8-63,Zebstrika,normal,Surging Sparks,63,Common,,Stage 1,523,Pokémon,2024/11/08,"tcgplayer,cardmarket",https://prices.pokemontcg.io/tcgplayer/sv8-63,https://images.pokemontcg.io/sv8/63_hires.png,2026/08/08,2026/01/19,0.1,0.009999999776482582,0.15000000596046448,20.0,,0.2,,,,0.0346,0.0231,0.0461,0.0807,0.03460000082850456,0.0346,0.0346,0.1269,0.1269,0.1038,1.1535,2026-08-09
sv8-64,Stunfisk,normal,Surging Sparks,64,Common,,Basic,618,Pokémon,2024/11/08,"tcgplayer,cardmarket",https://prices.pokemontcg.io/tcgplayer/sv8-64,https://images.pokemontcg.io/sv8/64_hires.png,2026/08/08,2026/01/19,0.06,0.009999999776482582,0.15000000596046448,19.979999542236328,,0.08,,,,0.0346,0.0231,0.0346,0.0807,0.023099999874830246,0.0231,0.0346,0.1615,0.0923,0.1038,1.1535,2026-08-09
sv8-65,Tapu Koko,holofoil,Surging Sparks,65,Rare,,Basic,785,Pokémon,2024/11/08,"tcgplayer,cardmarket",https://prices.pokemontcg.io/tcgplayer/sv8-65,https://images.pokemontcg.io/sv8/65_hires.png,2026/08/08,2026/01/19,0.18,0.009999999776482582,0.20000000298023224,18.600000381469727,,0.3,,,,0.0692,0.0231,0.0807,0.1961,0.15000000596046448,0.0692,0.0807,0.15,0.1615,0.1961,1.1535,2026-08-09
sv8-66,Wattrel,normal,Surging Sparks,66,Common,,Basic,940,Pokémon,2024/11/08,"tcgplayer,cardmarket",https://prices.pokemontcg.io/tcgplayer/sv8-66,https://images.pokemontcg.io/sv8/66_hires.png,2026/08/08,2026/01/19,0.03,0.009999999776482582,0.15000000596046448,20.0,,0.19,,,,0.0231,0.0231,0.0346,0.0807,0.023099999874830246,0.0346,0.0231,0.3114,0.1154,0.0923,1.1535,2026-08-09
sv8-67,Kilowattrel,normal,Surging Sparks,67,Uncommon,,Stage 1,941,Pokémon,2024/11/08,"tcgplayer,cardmarket",https://prices.pokemontcg.io/tcgplayer/sv8-67,https://images.pokemontcg.io/sv8/67_hires.png,2026/08/08,2026/01/19,0.03,0.009999999776482582,0.15000000596046448,19.979999542236328,,0.26,,,,0.0346,0.0231,0.0346,0.15,0.023099999874830246,0.0231,0.0346,0.15,0.173,0.1615,1.1535,2026-08-09
sv8-68,Kilowattrel ex,holofoil,Surging Sparks,68,Double Rare,,Stage 1|ex,941,Pokémon,2024/11/08,"tcgplayer,cardmarket",https://prices.pokemontcg.io/tcgplayer/sv8-68,https://images.pokemontcg.io/sv8/68_hires.png,2026/08/08,2026/01/19,0.54,0.23999999463558197,0.7900000214576721,40.0,,,,,,0.5998,0.0231,0.6229,0.0,0.6114000082015991,0.5767,0.646,0.0,0.0,0.0,1.1535,2026-08-09
sv8-69,Miraidon,normal,Surging Sparks,69,Uncommon,,Basic|Future,1008,Pokémon,2024/11/08,"tcgplayer,cardmarket",https://prices.pokemontcg.io/tcgplayer/sv8-69,https://images.pokemontcg.io/sv8/69_hires.png,2026/08/08,2026/01/19,0.14,0.009999999776482582,0.17000000178813934,20.0,,0.28,,,,0.0346,0.0231,0.0461,0.1961,0.023099999874830246,0.0692,0.0346,0.1961,0.2307,0.1961,1.1535,2026-08-09
sv8-70,Togepi,normal,Surging Sparks,70,Common,,Basic,175,Pokémon,2024/11/08,"tcgplayer,cardmarket",https://prices.pokemontcg.io/tcgplayer/sv8-70,https://images.pokemontcg.io/sv8/70_hires.png,2026/08/08,2026/01/19,0.13,0.009999999776482582,0.15000000596046448,1000.0,,0.26,,,,0.0346,0.0231,0.0461,0.1154,0.03460000082850456,0.0346,0.0346,0.173,0.0923,0.1154,1.1535,2026-08-09
sv8-71,Togetic,normal,Surging Sparks,71,Common,,Stage 1,176,Pokémon,2024/11/08,"tcgplayer,cardmarket",https://prices.pokemontcg.io/tcgplayer/sv8-71,https://images.pokemontcg.io/sv8/71_hires.png,2026/08/08,2026/01/19,0.12,0.009999999776482582,0.15000000596046448,20.0,,0.22,,,,0.0692,0.0231,0.0461,0.1154,0.03460000082850456,0.0577,0.0577,0.1269,0.1615,0.1269,1.1535,2026-08-09
sv8-72,Togekiss,holofoil,Surging Sparks,72,Rare,,Stage 2,468,Pokémon,2024/11/08,"tcgplayer,cardmarket",https://prices.pokemontcg.io/tcgplayer/sv8-72,https://images.pokemontcg.io/sv8/72_hires.png,2026/08/08,2026/01/19,0.18,0.009999999776482582,0.20000000298023224,19.979999542236328,,0.32,,,,0.0807,0.0231,0.1384,0.173,0.06920000165700912,0.1269,0.0923,0.3807,0.2192,0.173,1.1535,2026-08-09
sv8-73,Marill,normal,Surging Sparks,73,Common,,Basic,183,Pokémon,2024/11/08,"tcgplayer,cardmarket",https://prices.pokemontcg.io/tcgplayer/sv8-73,https://images.pokemontcg.io/sv8/73_hires.png,2026/08/08,2026/01/19,0.1,0.009999999776482582,0.15000000596046448,1000.0,,0.24,,,,0.0346,0.0231,0.0461,0.0923,0.023099999874830246,0.0346,0.0461,0.2538,0.1269,0.1154,1.1535,2026-08-09
sv8-74,Azumarill,normal,Surging Sparks,74,Uncommon,,Stage 1,184,Pokémon,2024/11/08,"tcgplayer,cardmarket",https://prices.pokemontcg.io/tcgplayer/sv8-74,https://images.pokemontcg.io/sv8/74_hires.png,2026/08/08,2026/01/19,0.07,0.009999999776482582,0.15000000596046448,1000.0,,0.3,,,,0.0807,0.0231,0.0692,0.2538,0.023099999874830246,0.0461,0.0807,0.1154,0.1615,0.2307,1.1535,2026-08-09
sv8-75,Smoochum,normal,Surging Sparks,75,Common,,Basic,238,Pokémon,2024/11/08,"tcgplayer,cardmarket",https://prices.pokemontcg.io/tcgplayer/sv8-75,https://images.pokemontcg.io/sv8/75_hires.png,2026/08/08,2026/01/19,0.26,0.009999999776482582,0.25,19.979999542236328,,0.45,,,,0.0577,0.0231,0.0461,0.173,0.06920000165700912,0.0461,0.0577,0.2076,0.2422,0.2192,1.1535,2026-08-09
sv8-76,Latias ex,holofoil,Surging Sparks,76,Double Rare,,Basic|ex,380,Pokémon,2024/11/08,"tcgplayer,cardmarket",https://prices.pokemontcg.io/tcgplayer/sv8-76,https://images.pokemontcg.io/sv8/76_hires.png,2026/08/08,2026/01/19,5.61,4.449999809265137,5.989999771118164,44.27000045776367,,,,,,6.2174,2.8722,5.5483,0.0,5.421500205993652,5.3984,5.9521,0.0,0.0,0.0,1.1535,2026-08-09
sv8-77,Latios,normal,Surging Sparks,77,Uncommon,,Basic,381,Pokémon,2024/11/08,"tcgplayer,cardmarket",https://prices.pokemontcg.io/tcgplayer/sv8-77,https://images.pokemontcg.io/sv8/77_hires.png,2026/08/08,2026/01/19,0.13,0.009999999776482582,0.15000000596046448,19.979999542236328,,0.28,,,,0.0461,0.0231,0.0577,0.2422,0.03460000082850456,0.0461,0.0577,0.2538,0.2538,0.2422,1.1535,2026-08-09
sv8-78,Uxie,normal,Surging Sparks,78,Common,,Basic,480,Pokémon,2024/11/08,"tcgplayer,cardmarket",https://prices.pokemontcg.io/tcgplayer/sv8-78,https://images.pokemontcg.io/sv8/78_hires.png,2026/08/08,2026/01/16,0.19,0.019999999552965164,0.20000000298023224,1000.0,,0.29,,,,0.0461,0.0231,0.0461,0.2076,0.04610000178217888,0.0461,0.0461,0.0692,0.2422,0.2307,1.1535,2026-08-09
sv8-79,Mesprit,normal,Surging Sparks,79,Common,,Basic,481,Pokémon,2024/11/08,"tcgplayer,cardmarket",https://prices.pokemontcg.io/tcgplayer/sv8-79,https://images.pokemontcg.io/sv8/79_hires.png,2026/08/08,2026/01/16,0.15,0.009999999776482582,0.18000000715255737,1000.0,,0.32,,,,0.0461,0.0231,0.0692,0.2192,0.04610000178217888,0.0692,0.0461,0.173,0.1961,0.2076,1.1535,2026-08-09
sv8-80,Azelf,normal,Surging Sparks,80,Common,,Basic,482,Pokémon,2024/11/08,"tcgplayer,cardmarket",https://prices.pokemontcg.io/tcgplayer/sv8-80,https://images.pokemontcg.io/sv8/80_hires.png,2026/08/08,2026/01/16,0.11,0.009999999776482582,0.15000000596046448,1000.0,,0.31,,,,0.0461,0.0231,0.0577,0.1961,0.08070000261068344,0.0692,0.0577,0.2422,0.2422,0.2076,1.1535,2026-08-09
sv8-81,Sigilyph,normal,Surging Sparks,81,Common,,Basic,561,Pokémon,2024/11/08,"tcgplayer,cardmarket",https://prices.pokemontcg.io/tcgplayer/sv8-81,https://images.pokemontcg.io/sv8/81_hires.png,2026/08/08,2026/01/16,0.02,0.009999999776482582,0.15000000596046448,20.0,,0.15,,,,0.0231,0.0231,0.0461,0.1615,0.023099999874830246,0.0461,0.0346,0.173,0.1846,0.173,1.1535,2026-08-09
sv8-82,Yamask,normal,Surging Sparks,82,Common,,Basic,562,Pokémon,2024/11/08,"tcgplayer,cardmarket",https://prices.pokemontcg.io/tcgplayer/sv8-82,https://images.pokemontcg.io/sv8/82_hires.png,2026/08/08,2026/01/16,0.05,0.009999999776482582,0.15000000596046448,19.979999542236328,,0.22,,,,0.0231,0.0231,0.0346,0.0807,0.023099999874830246,0.0461,0.0346,0.1038,0.0807,0.0807,1.1535,2026-08-09
sv8-83,Cofagrigus,holofoil,Surging Sparks,83,Rare,,Stage 1,563,Pokémon,2024/11/08,"tcgplayer,cardmarket",https://prices.pokemontcg.io/tcgplayer/sv8-83,https://images.pokemontcg.io/sv8/83_hires.png,2026/08/08,2026/01/16,0.15,0.009999999776482582,0.20000000298023224,15.130000114440918,,0.24,,,,0.0692,0.0231,0.1038,0.173,0.04610000178217888,0.0923,0.0807,0.2422,0.2422,0.1846,1.1535,2026-08-09
sv8-84,Espurr,normal,Surging Sparks,84,Common,,Basic,677,Pokémon,2024/11/08,"tcgplayer,cardmarket",https://prices.pokemontcg.io/tcgplayer/sv8-84,https://images.pokemontcg.io/sv8/84_hires.png,2026/08/08,2026/01/16,0.12,0.009999999776482582,0.15000000596046448,1000.0,,0.24,,,,0.0346,0.0231,0.0231,0.0923,0.09229999780654907,0.0577,0.0461,0.1384,0.1384,0.1038,1.1535,2026-08-09
sv8-85,Meowstic,normal,Surging Sparks,85,Uncommon,,Stage 1,678,Pokémon,2024/11/08,"tcgplayer,cardmarket",https://prices.pokemontcg.io/tcgplayer/sv8-85,https://images.pokemontcg.io/sv8/85_hires.png,2026/08/08,2026/01/16,0.07,0.009999999776482582,0.15000000596046448,19.979999542236328,,0.27,,,,0.0346,0.0231,0.0577,0.2076,0.04610000178217888,0.0461,0.0346,0.2076,0.2076,0.2076,1.1535,2026-08-09
sv8-86,Sylveon ex,holofoil,Surging Sparks,86,Double Rare,,Stage 1|Tera|ex,700,Pokémon,2024/11/08,"tcgplayer,cardmarket",https://prices.pokemontcg.io/tcgplayer/sv8-86,https://images.pokemontcg.io/sv8/86_hires.png,2026/08/08,2026/01/16,2.38,1.399999976158142,2.5,35.0,,,,,,1.7072,0.4614,1.638,0.0,1.464900016784668,1.6149,1.661,0.0,0.0,0.0,1.1535,2026-08-09
sv8-87,Dedenne,normal,Surging Sparks,87,Common,,Basic,702,Pokémon,2024/11/08,"tcgplayer,cardmarket",https://prices.pokemontcg.io/tcgplayer/sv8-87,https://images.pokemontcg.io/sv8/87_hires.png,2026/08/08,2026/01/16,0.14,0.009999999776482582,0.20000000298023224,1000.0,,0.26,,,,0.0346,0.0231,0.0692,0.1038,0.06920000165700912,0.0692,0.0461,0.1038,0.1269,0.1269,1.1535,2026-08-09
sv8-88,Xerneas,normal,Surging Sparks,88,Uncommon,,Basic,716,Pokémon,2024/11/08,"tcgplayer,cardmarket",https://prices.pokemontcg.io/tcgplayer/sv8-88,https://images.pokemontcg.io/sv8/88_hires.png,2026/08/08,2026/01/16,0.13,0.009999999776482582,0.1599999964237213,20.0,,0.28,,,,0.0346,0.0231,0.0346,0.2192,0.03460000082850456,0.0346,0.0346,0.3691,0.2422,0.2192,1.1535,2026-08-09
sv8-89,Oricorio,normal,Surging Sparks,89,Common,,Basic,741,Pokémon,2024/11/08,"tcgplayer,cardmarket",https://prices.pokemontcg.io/tcgplayer/sv8-89,https://images.pokemontcg.io/sv8/89_hires.png,2026/08/08,2026/01/16,0.11,0.009999999776482582,0.15000000596046448,25.0,,0.19,,,,0.0346,0.0231,0.0461,0.1038,0.04610000178217888,0.0461,0.0346,0.0807,0.1269,0.1038,1.1535,2026-08-09
sv8-90,Sandygast,normal,Surging Sparks,90,Common,,Basic,769,Pokémon,2024/11/08,"tcgplayer,cardmarket",https://prices.pokemontcg.io/tcgplayer/sv8-90,https://images.pokemontcg.io/sv8/90_hires.png,2026/08/08,2026/01/16,0.05,0.009999999776482582,0.15000000596046448,19.979999542236328,,0.24,,,,0.0231,0.0231,0.0231,0.0807,0.023099999874830246,0.0231,0.0231,0.1384,0.1154,0.1038,1.1535,2026-08-09
sv8-91,Palossand ex,holofoil,Surging Sparks,91,Double Rare,,Stage 1|Tera|ex,770,Pokémon,2024/11/08,"tcgplayer,cardmarket",https://prices.pokemontcg.io/tcgplayer/sv8-91,https://images.pokemontcg.io/sv8/91_hires.png,2026/08/08,2026/01/16,0.6,0.25,0.7900000214576721,35.0,,,,,,0.7267,0.0231,0.7382,0.0,0.911300003528595,0.7498,0.7613,0.0,0.0,0.0,1.1535,2026-08-09
sv8-92,Tapu Lele,holofoil,Surging Sparks,92,Rare,,Basic,786,Pokémon,2024/11/08,"tcgplayer,cardmarket",https://prices.pokemontcg.io/tcgplayer/sv8-92,https://images.pokemontcg.io/sv8/92_hires.png,2026/08/08,2026/01/16,0.15,0.009999999776482582,0.1899999976158142,19.979999542236328,,0.27,,,,0.0692,0.0231,0.0692,0.2076,0.05770000070333481,0.0577,0.0692,0.2076,0.2192,0.2076,1.1535,2026-08-09
sv8-93,Indeedee,normal,Surging Sparks,93,Uncommon,,Basic,876,Pokémon,2024/11/08,"tcgplayer,cardmarket",https://prices.pokemontcg.io/tcgplayer/sv8-93,https://images.pokemontcg.io/sv8/93_hires.png,2026/08/08,2026/01/16,0.12,0.009999999776482582,0.15000000596046448,19.979999542236328,,0.29,,,,0.0346,0.0231,0.0461,0.1615,0.023099999874830246,0.0346,0.0346,0.0692,0.1961,0.1615,1.1535,2026-08-09
sv8-94,Flittle,normal,Surging Sparks,94,Common,,Basic,955,Pokémon,2024/11/08,"tcgplayer,cardmarket",https://prices.pokemontcg.io/tcgplayer/sv8-94,https://images.pokemontcg.io/sv8/94_hires.png,2026/08/08,2026/01/16,0.04,0.009999999776482582,0.15000000596046448,19.979999542236328,,0.15,,,,0.0346,0.0231,0.0346,0.0807,0.023099999874830246,0.0231,0.0346,0.0923,0.0923,0.0923,1.1535,2026-08-09
sv8-95,Espathra,normal,Surging Sparks,95,Uncommon,,Stage 1,956,Pokémon,2024/11/08,"tcgplayer,cardmarket",https://prices.pokemontcg.io/tcgplayer/sv8-95,https://images.pokemontcg.io/sv8/95_hires.png,2026/08/08,2026/01/16,0.03,0.009999999776482582,0.15000000596046448,19.979999542236328,,0.28,,,,0.0346,0.0231,0.0692,0.15,0.023099999874830246,0.0461,0.0346,0.1846,0.1846,0.173,1.1535,2026-08-09
sv8-96,Flutter Mane,normal,Surging Sparks,96,Uncommon,,Basic|Ancient,987,Pokémon,2024/11/08,"tcgplayer,cardmarket",https://prices.pokemontcg.io/tcgplayer/sv8-96,https://images.pokemontcg.io/sv8/96_hires.png,2026/08/08,2026/01/16,0.03,0.009999999776482582,0.15000000596046448,2.990000009536743,,0.28,,,,0.0461,0.0231,0.0346,0.2538,0.023099999874830246,0.0346,0.0461,0.2307,0.1846,0.2422,1.1535,2026-08-09
sv8-97,Gimmighoul,normal,Surging Sparks,97,Common,,Basic,999,Pokémon,2024/11/08,"tcgplayer,cardmarket",https://prices.pokemontcg.io/tcgplayer/sv8-97,https://images.pokemontcg.io/sv8/97_hires.png,2026/08/08,2026/01/16,0.16,0.009999999776482582,0.20000000298023224,1000.0,,0.24,,,,0.15,0.0231,0.173,0.2192,0.06920000165700912,0.1269,0.1384,0.173,0.15,0.1961,1.1535,2026-08-09
sv8-98,Mankey,normal,Surging Sparks,98,Common,,Basic,56,Pokémon,2024/11/08,"tcgplayer,cardmarket",https://prices.pokemontcg.io/tcgplayer/sv8-98,https://images.pokemontcg.io/sv8/98_hires.png,2026/08/08,2026/01/16,0.05,0.009999999776482582,0.15000000596046448,20.0,,0.24,,,,0.0346,0.0231,0.0346,0.0923,0.03460000082850456,0.0346,0.0346,0.0923,0.0923,0.0923,1.1535,2026-08-09
sv8-99,Primeape,normal,Surging Sparks,99,Common,,Stage 1,57,Pokémon,2024/11/08,"tcgplayer,cardmarket",https://prices.pokemontcg.io/tcgplayer/sv8-99,https://images.pokemontcg.io/sv8/99_hires.png,2026/08/08,2025/12/28,0.11,0.009999999776482582,0.15000000596046448,19.979999542236328,,0.24,,,,0.0346,0.0231,0.0346,0.0923,0.023099999874830246,0.0346,0.0346,0.15,0.0923,0.0923,1.1535,2026-08-09
sv8-100,Annihilape,normal,Surging Sparks,100,Uncommon,,Stage 2,979,Pokémon,2024/11/08,"tcgplayer,cardmarket",https://prices.pokemontcg.io/tcgplayer/sv8-100,https://images.pokemontcg.io/sv8/100_hires.png,2026/08/08,2025/12/28,0.14,0.009999999776482582,0.1599999964237213,1000.0,,0.28,,,,0.0346,0.0231,0.0461,0.1961,0.023099999874830246,0.0346,0.0346,0.2307,0.2768,0.1846,1.1535,2026-08-09
sv8-101,Paldean Tauros,normal,Surging Sparks,101,Uncommon,,Basic,128,Pokémon,2024/11/08,"tcgplayer,cardmarket",https://prices.pokemontcg.io/tcgplayer/sv8-101,https://images.pokemontcg.io/sv8/101_hires.png,2026/08/08,2025/12/28,0.09,0.009999999776482582,0.15000000596046448,19.979999542236328,,0.28,,,,0.0346,0.0231,0.0231,0.1615,0.04610000178217888,0.0346,0.0346,0.5767,0.173,0.1615,1.1535,2026-08-09
sv8-102,Phanpy,normal,Surging Sparks,102,Common,,Basic,231,Pokémon,2024/11/08,"tcgplayer,cardmarket",https://prices.pokemontcg.io/tcgplayer/sv8-102,https://images.pokemontcg.io/sv8/102_hires.png,2026/08/08,2025/12/07,0.12,0.009999999776482582,0.15000000596046448,1000.0,,0.17,,,,0.0346,0.0231,0.0461,0.1038,0.03460000082850456,0.0461,0.0346,0.0577,0.1038,0.1038,1.1535,2026-08-09
sv8-103,Donphan,normal,Surging Sparks,103,Common,,Stage 1,232,Pokémon,2024/11/08,"tcgplayer,cardmarket",https://prices.pokemontcg.io/tcgplayer/sv8-103,https://images.pokemontcg.io/sv8/103_hires.png,2026/08/08,2025/12/07,0.04,0.009999999776482582,0.15000000596046448,19.979999542236328,,0.23,,,,0.0346,0.0231,0.0461,0.0807,0.03460000082850456,0.0461,0.0461,0.0577,0.0577,0.0807,1.1535,2026-08-09
sv8-104,Trapinch,normal,Surging Sparks,104,Common,,Basic,328,Pokémon,2024/11/08,"tcgplayer,cardmarket",https://prices.pokemontcg.io/tcgplayer/sv8-104,https://images.pokemontcg.io/sv8/104_hires.png,2026/08/08,2025/12/07,0.11,0.009999999776482582,0.15000000596046448,2.990000009536743,,0.23,,,,0.0461,0.0231,0.0461,0.0923,0.023099999874830246,0.0346,0.0461,0.173,0.0807,0.0923,1.1535,2026-08-09
sv8-105,Vibrava,normal,Surging Sparks,105,Common,,Stage 1,329,Pokémon,2024/11/08,"tcgplayer,cardmarket",https://prices.pokemontcg.io/tcgplayer/sv8-105,https://images.pokemontcg.io/sv8/105_hires.png,2026/08/08,2025/12/07,0.14,0.009999999776482582,0.18000000715255737,1000.0,,0.24,,,,0.0577,0.0231,0.0577,0.0923,0.05770000070333481,0.0577,0.0577,0.1269,0.1269,0.0923,1.1535,2026-08-09
sv8-106,Flygon ex,holofoil,Surging Sparks,106,Double Rare,,Stage 2|Tera|ex,330,Pokémon,2024/11/08,"tcgplayer,cardmarket",https://prices.pokemontcg.io/tcgplayer/sv8-106,https://images.pokemontcg.io/sv8/106_hires.png,2026/08/08,2025/12/07,0.71,0.23000000417232513,0.8500000238418579,100.0,,,,,,0.8074,0.173,0.9228,0.0,0.9689000248908997,0.9459,0.8536,0.0,0.0,0.0,1.1535,2026-08-09
sv8-107,Gastrodon,holofoil,Surging Sparks,107,Rare,,Stage 1,423,Pokémon,2024/11/08,"tcgplayer,cardmarket",https://prices.pokemontcg.io/tcgplayer/sv8-107,https://images.pokemontcg.io/sv8/107_hires.png,2026/08/08,2025/12/07,0.12,0.009999999776482582,0.18000000715255737,20.0,,0.28,,,,0.0577,0.0231,0.0461,0.1615,0.04610000178217888,0.0461,0.0461,0.3114,0.2307,0.173,1.1535,2026-08-09
sv8-108,Drilbur,normal,Surging Sparks,108,Common,,Basic,529,Pokémon,2024/11/08,"tcgplayer,cardmarket",https://prices.pokemontcg.io/tcgplayer/sv8-108,https://images.pokemontcg.io/sv8/108_hires.png,2026/08/08,2025/12/07,0.03,0.009999999776482582,0.15000000596046448,19.979999542236328,,0.18,,,,0.0231,0.0231,0.0231,0.0807,0.023099999874830246,0.0231,0.0231,0.0461,0.0692,0.0807,1.1535,2026-08-09
sv8-109,Excadrill,normal,Surging Sparks,109,Common,,Stage 1,530,Pokémon,2024/11/08,"tcgplayer,cardmarket",https://prices.pokemontcg.io/tcgplayer/sv8-109,https://images.pokemontcg.io/sv8/109_hires.png,2026/08/08,2025/12/07,0.06,0.009999999776482582,0.15000000596046448,19.979999542236328,,0.08,,,,0.0346,0.0231,0.0461,0.0807,0.03460000082850456,0.0461,0.0461,0.0923,0.0807,0.0692,1.1535,2026-08-09
sv8-110,Landorus,holofoil,Surging Sparks,110,Rare,,Basic,645,Pokémon,2024/11/08,"tcgplayer,cardmarket",https://prices.pokemontcg.io/tcgplayer/sv8-110,https://images.pokemontcg.io/sv8/110_hires.png,2026/08/08,2025/11/25,0.1,0.009999999776482582,0.1599999964237213,222.0,,0.31,,,,0.0577,0.0231,0.0461,0.1846,0.023099999874830246,0.0577,0.0577,0.3345,0.2076,0.1961,1.1535,2026-08-09
sv8-111,Passimian,normal,Surging Sparks,111,Uncommon,,Basic,766,Pokémon,2024/11/08,"tcgplayer,cardmarket",https://prices.pokemontcg.io/tcgplayer/sv8-111,https://images.pokemontcg.io/sv8/111_hires.png,2026/08/08,2025/11/25,0.18,0.009999999776482582,0.18000000715255737,20.0,,0.3,,,,0.0461,0.0231,0.0461,0.1615,0.05770000070333481,0.0461,0.0346,0.2884,0.1384,0.1615,1.1535,2026-08-09
sv8-112,Clobbopus,normal,Surging Sparks,112,Common,,Basic,852,Pokémon,2024/11/08,"tcgplayer,cardmarket",https://prices.pokemontcg.io/tcgplayer/sv8-112,https://images.pokemontcg.io/sv8/112_hires.png,2026/08/08,2025/11/25,0.11,0.009999999776482582,0.15000000596046448,19.979999542236328,,0.11,,,,0.0346,0.0231,0.0231,0.0807,0.03460000082850456,0.0231,0.0346,0.1154,0.0692,0.0807,1.1535,2026-08-09
sv8-113,Grapploct,normal,Surging Sparks,113,Common,,Stage 1,853,Pokémon,2024/11/08,"tcgplayer,cardmarket",https://prices.pokemontcg.io/tcgplayer/sv8-113,https://images.pokemontcg.io/sv8/113_hires.png,2026/08/08,2025/11/21,0.04,0.009999999776482582,0.15000000596046448,19.979999542236328,,0.18,,,,0.0346,0.0231,0.0346,0.0692,0.04610000178217888,0.0346,0.0346,0.1038,0.0807,0.0692,1.1535,2026-08-09
sv8-114,Glimmet,normal,Surging Sparks,114,Common,,Basic,969,Pokémon,2024/11/08,"tcgplayer,cardmarket",https://prices.pokemontcg.io/tcgplayer/sv8-114,https://images.pokemontcg.io/sv8/114_hires.png,2026/08/08,2025/11/21,0.02,0.009999999776482582,0.15000000596046448,2.990000009536743,,0.09,,,,0.0231,0.0231,0.0231,0.0807,0.023099999874830246,0.0231,0.0231,0.0807,0.0807,0.0807,1.1535,2026-08-09
sv8-115,Glimmora,normal,Surging Sparks,115,Common,,Stage 1,970,Pokémon,2024/11/08,"tcgplayer,cardmarket",https://prices.pokemontcg.io/tcgplayer/sv8-115,https://images.pokemontcg.io/sv8/115_hires.png,2026/08/08,2025/11/21,0.1,0.009999999776482582,0.15000000596046448,19.979999542236328,,0.21,,,,0.0346,0.0231,0.0346,0.0923,0.023099999874830246,0.0346,0.0346,0.0923,0.0923,0.0923,1.1535,2026-08-09
sv8-116,Koraidon,normal,Surging Sparks,116,Uncommon,,Basic|Ancient,1007,Pokémon,2024/11/08,"tcgplayer,cardmarket",https://prices.pokemontcg.io/tcgplayer/sv8-116,https://images.pokemontcg.io/sv8/116_hires.png,2026/08/08,2025/11/21,0.11,0.009999999776482582,0.15000000596046448,2.990000009536743,,0.3,,,,0.0461,0.0231,0.0461,0.2538,0.023099999874830246,0.0461,0.0461,0.3345,0.323,0.2653,1.1535,2026-08-09
sv8-117,Deino,normal,Surging Sparks,117,Common,,Basic,633,Pokémon,2024/11/08,"tcgplayer,cardmarket",https://prices.pokemontcg.io/tcgplayer/sv8-117,https://images.pokemontcg.io/sv8/117_hires.png,2026/08/08,2025/11/21,0.14,0.009999999776482582,0.15000000596046448,20.0,,0.25,,,,0.0346,0.0231,0.0346,0.1154,0.023099999874830246,0.0692,0.0346,0.0231,0.1615,0.1384,1.1535,2026-08-09
sv8-118,Zweilous,normal,Surging Sparks,118,Common,,Stage 1,634,Pokémon,2024/11/08,"tcgplayer,cardmarket",https://prices.pokemontcg.io/tcgplayer/sv8-118,https://images.pokemontcg.io/sv8/118_hires.png,2026/08/08,2025/11/21,0.16,0.009999999776482582,0.18000000715255737,19.979999542236328,,0.23,,,,0.0577,0.0231,0.0461,0.1154,0.04610000178217888,0.0461,0.0577,0.0807,0.1269,0.1154,1.1535,2026-08-09
sv8-119,Hydreigon ex,holofoil,Surging Sparks,119,Double Rare,,Stage 2|Tera|ex,635,Pokémon,2024/11/08,"tcgplayer,cardmarket",https://prices.pokemontcg.io/tcgplayer/sv8-119,https://images.pokemontcg.io/sv8/119_hires.png,2026/08/08,2025/11/21,0.97,0.3499999940395355,0.9900000095367432,51.0,,,,,,1.165,0.3345,1.0958,0.0,1.1073999404907227,1.1189,1.165,0.0,0.0,0.0,1.1535,2026-08-09
sv8-120,Shroodle,normal,Surging Sparks,120,Common,,Basic,944,Pokémon,2024/11/08,"tcgplayer,cardmarket",https://prices.pokemontcg.io/tcgplayer/sv8-120,https://images.pokemontcg.io/sv8/120_hires.png,2026/08/08,2025/11/21,0.06,0.009999999776482582,0.15000000596046448,20.0,,0.07,,,,0.0231,0.0231,0.0231,0.0807,0.023099999874830246,0.0231,0.0231,0.0461,0.0577,0.0692,1.1535,2026-08-09
sv8-121,Grafaiai,normal,Surging Sparks,121,Uncommon,,Stage 1,945,Pokémon,2024/11/08,"tcgplayer,cardmarket",https://prices.pokemontcg.io/tcgplayer/sv8-121,https://images.pokemontcg.io/sv8/121_hires.png,2026/08/08,2025/11/21,0.11,0.009999999776482582,0.15000000596046448,19.979999542236328,,0.29,,,,0.0346,0.0231,0.0346,0.1846,0.023099999874830246,0.0346,0.0346,0.2307,0.1269,0.173,1.1535,2026-08-09
sv8-122,Alolan Diglett,normal,Surging Sparks,122,Common,,Basic,50,Pokémon,2024/11/08,"tcgplayer,cardmarket",https://prices.pokemontcg.io/tcgplayer/sv8-122,https://images.pokemontcg.io/sv8/122_hires.png,2026/08/08,2025/11/21,0.1,0.009999999776482582,0.15000000596046448,2.990000009536743,,0.24,,,,0.0346,0.0231,0.0461,0.0923,0.023099999874830246,0.0231,0.0346,0.0577,0.0577,0.0923,1.1535,2026-08-09
sv8-123,Alolan Dugtrio,normal,Surging Sparks,123,Uncommon,,Stage 1,51,Pokémon,2024/11/08,"tcgplayer,cardmarket",https://prices.pokemontcg.io/tcgplayer/sv8-123,https://images.pokemontcg.io/sv8/123_hires.png,2026/08/08,2025/11/21,0.08,0.009999999776482582,0.15000000596046448,19.979999542236328,,0.25,,,,0.0461,0.0231,0.0577,0.1384,0.03460000082850456,0.0807,0.0461,0.1615,0.2307,0.1615,1.1535,2026-08-09
sv8-124,Skarmory,normal,Surging Sparks,124,Common,,Basic,227,Pokémon,2024/11/08,"tcgplayer,cardmarket",https://prices.pokemontcg.io/tcgplayer/sv8-124,https://images.pokemontcg.io/sv8/124_hires.png,2026/08/08,2025/11/21,0.11,0.009999999776482582,0.15000000596046448,19.979999542236328,,0.09,,,,0.0346,0.0231,0.0692,0.0807,0.023099999874830246,0.0692,0.0461,0.0231,0.0923,0.0807,1.1535,2026-08-09
sv8-125,Registeel,normal,Surging Sparks,125,Uncommon,,Basic,379,Pokémon,2024/11/08,"tcgplayer,cardmarket",https://prices.pokemontcg.io/tcgplayer/sv8-125,https://images.pokemontcg.io/sv8/125_hires.png,2026/08/08,2025/11/21,0.14,0.009999999776482582,0.15000000596046448,1000.0,,0.29,,,,0.0346,0.0231,0.0461,0.2076,0.05770000070333481,0.0461,0.0346,0.0692,0.2076,0.2076,1.1535,2026-08-09
sv8-126,Bronzor,normal,Surging Sparks,126,Common,,Basic,436,Pokémon,2024/11/08,"tcgplayer,cardmarket",https://prices.pokemontcg.io/tcgplayer/sv8-126,https://images.pokemontcg.io/sv8/126_hires.png,2026/08/08,2025/11/21,0.03,0.009999999776482582,0.15000000596046448,19.979999542236328,,0.08,,,,0.0231,0.0231,0.0231,0.0807,0.023099999874830246,0.0231,0.0231,0.0692,0.0692,0.0807,1.1535,2026-08-09
sv8-127,Bronzong,normal,Surging Sparks,127,Common,,Stage 1,437,Pokémon,2024/11/08,"tcgplayer,cardmarket",https://prices.pokemontcg.io/tcgplayer/sv8-127,https://images.pokemontcg.io/sv8/127_hires.png,2026/08/08,2025/11/21,0.05,0.009999999776482582,0.15000000596046448,19.979999542236328,,0.1,,,,0.0346,0.0231,0.0231,0.0807,0.023099999874830246,0.0231,0.0346,0.0461,0.0807,0.0923,1.1535,2026-08-09
sv8-128,Klefki,normal,Surging Sparks,128,Common,,Basic,707,Pokémon,2024/11/08,"tcgplayer,cardmarket",https://prices.pokemontcg.io/tcgplayer/sv8-128,https://images.pokemontcg.io/sv8/128_hires.png,2026/08/08,2025/11/21,0.14,0.009999999776482582,0.15000000596046448,19.979999542236328,,0.19,,,,0.0346,0.0231,0.0346,0.0807,0.04610000178217888,0.0346,0.0346,0.0807,0.0692,0.0807,1.1535,2026-08-09
sv8-129,Duraludon,normal,Surging Sparks,129,Common,,Basic,884,Pokémon,2024/11/08,"tcgplayer,cardmarket",https://prices.pokemontcg.io/tcgplayer/sv8-129,https://images.pokemontcg.io/sv8/129_hires.png,2026/08/08,2025/11/21,0.02,0.009999999776482582,0.15000000596046448,20.0,,0.23,,,,0.0346,0.0231,0.0231,0.0807,0.023099999874830246,0.0231,0.0346,0.0231,0.0692,0.0807,1.1535,2026-08-09
sv8-130,Archaludon ex,holofoil,Surging Sparks,130,Double Rare,,Stage 1|ex,1018,Pokémon,2024/11/08,"tcgplayer,cardmarket",https://prices.pokemontcg.io/tcgplayer/sv8-130,https://images.pokemontcg.io/sv8/130_hires.png,2026/08/08,2025/11/21,0.69,0.009999999776482582,0.8299999833106995,15.229999542236328,,,,,,0.992,0.2307,0.7382,0.0,0.5997999906539917,0.7728,0.9113,0.0,0.0,0.0,1.1535,2026-08-09
sv8-131,Gholdengo,normal,Surging Sparks,131,Uncommon,,Stage 1,1000,Pokémon,2024/11/08,"tcgplayer,cardmarket",https://prices.pokemontcg.io/tcgplayer/sv8-131,https://images.pokemontcg.io/sv8/131_hires.png,2026/08/08,2025/11/21,0.06,0.009999999776482582,0.15000000596046448,19.979999542236328,,0.26,,,,0.0346,0.0231,0.0346,0.1961,0.023099999874830246,0.0346,0.0346,0.1038,0.2422,0.1961,1.1535,2026-08-09
sv8-132,Iron Crown,holofoil,Surging Sparks,132,Rare,,Basic|Future,1023,Pokémon,2024/11/08,"tcgplayer,cardmarket",https://prices.pokemontcg.io/tcgplayer/sv8-132,https://images.pokemontcg.io/sv8/132_hires.png,2026/08/08,2025/11/21,0.4,0.009999999776482582,0.25,40.0,,0.31,,,,0.0692,0.0231,0.0577,0.1846,0.04610000178217888,0.0577,0.0692,0.2307,0.15,0.1615,1.1535,2026-08-09
sv8-133,Alolan Exeggutor ex,holofoil,Surging Sparks,133,Double Rare,,Stage 1|Tera|ex,103,Pokémon,2024/11/08,"tcgplayer,cardmarket",https://prices.pokemontcg.io/tcgplayer/sv8-133,https://images.pokemontcg.io/sv8/133_hires.png,2026/08/08,2025/11/21,0.67,0.38999998569488525,0.8299999833106995,35.0,,,,,,0.8421,0.173,0.7382,0.0,0.7035999894142151,0.7613,0.8421,0.0,0.0,0.0,1.1535,2026-08-09
sv8-134,Altaria,normal,Surging Sparks,134,Uncommon,,Stage 1,334,Pokémon,2024/11/08,"tcgplayer,cardmarket",https://prices.pokemontcg.io/tcgplayer/sv8-134,https://images.pokemontcg.io/sv8/134_hires.png,2026/08/08,2025/11/21,0.07,0.009999999776482582,0.15000000596046448,1000.0,,0.27,,,,0.0461,0.0231,0.0346,0.1846,0.023099999874830246,0.0461,0.0461,0.1038,0.15,0.1846,1.1535,2026-08-09
sv8-135,Dialga,holofoil,Surging Sparks,135,Rare,,Basic,483,Pokémon,2024/11/08,"tcgplayer,cardmarket",https://prices.pokemontcg.io/tcgplayer/sv8-135,https://images.pokemontcg.io/sv8/135_hires.png,2026/08/08,2025/11/21,0.04,0.009999999776482582,0.18000000715255737,19.979999542236328,,0.3,,,,0.0692,0.0231,0.0692,0.1961,0.06920000165700912,0.0577,0.0692,0.2422,0.2192,0.2192,1.1535,2026-08-09
sv8-136,Palkia,holofoil,Surging Sparks,136,Rare,,Basic,484,Pokémon,2024/11/08,"tcgplayer,cardmarket",https://prices.pokemontcg.io/tcgplayer/sv8-136,https://images.pokemontcg.io/sv8/136_hires.png,2026/08/08,2025/11/21,0.17,0.009999999776482582,0.1899999976158142,15.100000381469727,,0.27,,,,0.0692,0.0231,0.0577,0.1615,0.06920000165700912,0.0461,0.0692,0.1615,0.173,0.173,1.1535,2026-08-09
sv8-137,Turtonator,normal,Surging Sparks,137,Uncommon,,Basic,776,Pokémon,2024/11/08,"tcgplayer,cardmarket",https://prices.pokemontcg.io/tcgplayer/sv8-137,https://images.pokemontcg.io/sv8/137_hires.png,2026/08/08,2025/11/21,0.02,0.009999999776482582,0.15000000596046448,20.0,,0.2,,,,0.0346,0.0231,0.0461,0.1384,0.023099999874830246,0.0577,0.0461,0.0231,0.1615,0.1384,1.1535,2026-08-09
sv8-138,Applin,normal,Surging Sparks,138,Common,,Basic,840,Pokémon,2024/11/08,"tcgplayer,cardmarket",https://prices.pokemontcg.io/tcgplayer/sv8-138,https://images.pokemontcg.io/sv8/138_hires.png,2026/08/08,2025/11/21,0.2,0.009999999776482582,0.20000000298023224,1000.0,,0.25,,,,0.0346,0.0231,0.0346,0.0923,0.023099999874830246,0.0346,0.0346,0.1038,0.1038,0.0923,1.1535,2026-08-09
sv8-139,Flapple,normal,Surging Sparks,139,Uncommon,,Stage 1,841,Pokémon,2024/11/08,"tcgplayer,cardmarket",https://prices.pokemontcg.io/tcgplayer/sv8-139,https://images.pokemontcg.io/sv8/139_hires.png,2026/08/08,2025/11/21,0.08,0.009999999776482582,0.15000000596046448,19.979999542236328,,0.25,,,,0.0346,0.0231,0.0346,0.173,0.023099999874830246,0.0346,0.0346,0.2307,0.1269,0.173,1.1535,2026-08-09
sv8-140,Appletun,normal,Surging Sparks,140,Uncommon,,Stage 1,842,Pokémon,2024/11/08,"tcgplayer,cardmarket",https://prices.pokemontcg.io/tcgplayer/sv8-140,https://images.pokemontcg.io/sv8/140_hires.png,2026/08/08,2025/11/21,0.07,0.009999999776482582,0.15000000596046448,1000.0,,0.29,,,,0.0346,0.0231,0.0461,0.1615,0.03460000082850456,0.0346,0.0346,0.1384,0.1846,0.173,1.1535,2026-08-09
sv8-141,Eternatus,holofoil,Surging Sparks,141,Rare,,Basic,890,Pokémon,2024/11/08,"tcgplayer,cardmarket",https://prices.pokemontcg.io/tcgplayer/sv8-141,https://images.pokemontcg.io/sv8/141_hires.png,2026/08/08,2025/11/21,0.17,0.009999999776482582,0.1899999976158142,15.1899995803833,,0.25,,,,0.0807,0.0231,0.0692,0.1846,0.11540000140666962,0.0577,0.0692,0.2307,0.2076,0.1961,1.1535,2026-08-09
sv8-142,Tatsugiri ex,holofoil,Surging Sparks,142,Double Rare,,Basic|Tera|ex,978,Pokémon,2024/11/08,"tcgplayer,cardmarket",https://prices.pokemontcg.io/tcgplayer/sv8-142,https://images.pokemontcg.io/sv8/142_hires.png,2026/08/08,2025/11/21,0.77,0.20000000298023224,0.8700000047683716,89.0,,,,,,0.6806,0.0461,0.6575,0.0,0.7613000273704529,0.6921,0.669,0.0,0.0,0.0,1.1535,2026-08-09
sv8-143,Eevee,normal,Surging Sparks,143,Common,,Basic,133,Pokémon,2024/11/08,"tcgplayer,cardmarket",https://prices.pokemontcg.io/tcgplayer/sv8-143,https://images.pokemontcg.io/sv8/143_hires.png,2026/08/08,2025/11/21,0.21,0.009999999776482582,0.2199999988079071,19.979999542236328,,0.36,,,,0.0807,0.0231,0.0692,0.2884,0.06920000165700912,0.0461,0.0692,0.2076,0.2538,0.2884,1.1535,2026-08-09
sv8-144,Snorlax,normal,Surging Sparks,144,Common,,Basic,143,Pokémon,2024/11/08,"tcgplayer,cardmarket",https://prices.pokemontcg.io/tcgplayer/sv8-144,https://images.pokemontcg.io/sv8/144_hires.png,2026/08/08,2025/11/21,0.24,0.03999999910593033,0.25,1000.0,,0.5,,,,0.0461,0.0231,0.0577,0.2076,0.023099999874830246,0.0346,0.0461,0.0923,0.1846,0.2076,1.1535,2026-08-09
sv8-145,Slakoth,normal,Surging Sparks,145,Common,,Basic,287,Pokémon,2024/11/08,"tcgplayer,cardmarket",https://prices.pokemontcg.io/tcgplayer/sv8-145,https://images.pokemontcg.io/sv8/145_hires.png,2026/08/08,2025/11/21,0.07,0.009999999776482582,0.15000000596046448,10.079999923706055,,0.23,,,,0.0346,0.0231,0.0346,0.0923,0.023099999874830246,0.0461,0.0346,0.1269,0.0692,0.0923,1.1535,2026-08-09
sv8-146,Vigoroth,normal,Surging Sparks,146,Common,,Stage 1,288,Pokémon,2024/11/08,"tcgplayer,cardmarket",https://prices.pokemontcg.io/tcgplayer/sv8-146,https://images.pokemontcg.io/sv8/146_hires.png,2026/08/08,2025/11/21,0.09,0.009999999776482582,0.15000000596046448,19.979999542236328,,0.31,,,,0.0346,0.0231,0.0461,0.15,0.03460000082850456,0.0346,0.0346,0.0692,0.1384,0.1384,1.1535,2026-08-09
sv8-147,Slaking ex,holofoil,Surging Sparks,147,Double Rare,,Stage 2|ex,289,Pokémon,2024/11/08,"tcgplayer,cardmarket",https://prices.pokemontcg.io/tcgplayer/sv8-147,https://images.pokemontcg.io/sv8/147_hires.png,2026/08/08,2025/11/21,0.49,0.14000000059604645,0.800000011920929,1000.0,,,,,,0.6344,0.1154,0.5998,0.0,0.51910001039505,0.646,0.6344,0.0,0.0,0.0,1.1535,2026-08-09
sv8-148,Swablu,normal,Surging Sparks,148,Common,,Basic,333,Pokémon,2024/11/08,"tcgplayer,cardmarket",https://prices.pokemontcg.io/tcgplayer/sv8-148,https://images.pokemontcg.io/sv8/148_hires.png,2026/08/08,2025/11/21,0.05,0.009999999776482582,0.15000000596046448,1000.0,,0.14,,,,0.0346,0.0231,0.0346,0.0923,0.023099999874830246,0.0346,0.0346,0.1154,0.0807,0.0923,1.1535,2026-08-09
sv8-149,Zangoose,normal,Surging Sparks,149,Common,,Basic,335,Pokémon,2024/11/08,"tcgplayer,cardmarket",https://prices.pokemontcg.io/tcgplayer/sv8-149,https://images.pokemontcg.io/sv8/149_hires.png,2026/08/08,2025/11/21,0.05,0.009999999776482582,0.15000000596046448,19.979999542236328,,0.16,,,,0.0346,0.0231,0.0577,0.0692,0.06920000165700912,0.0577,0.0346,0.0807,0.0807,0.0692,1.1535,2026-08-09
sv8-150,Kecleon,normal,Surging Sparks,150,Common,,Basic,352,Pokémon,2024/11/08,"tcgplayer,cardmarket",https://prices.pokemontcg.io/tcgplayer/sv8-150,https://images.pokemontcg.io/sv8/150_hires.png,2026/08/08,2025/11/21,0.15,0.009999999776482582,0.17000000178813934,35.0,,0.24,,,,0.0577,0.0231,0.0461,0.1384,0.03460000082850456,0.0346,0.0577,0.1384,0.1384,0.1384,1.1535,2026-08-09
sv8-151,Bouffalant,normal,Surging Sparks,151,Common,,Basic,626,Pokémon,2024/11/08,"tcgplayer,cardmarket",https://prices.pokemontcg.io/tcgplayer/sv8-151,https://images.pokemontcg.io/sv8/151_hires.png,2026/08/08,2025/11/21,0.13,0.009999999776482582,0.15000000596046448,19.979999542236328,,0.24,,,,0.0346,0.0231,0.0231,0.15,0.03460000082850456,0.0231,0.0346,0.1269,0.1269,0.15,1.1535,2026-08-09
sv8-152,Rufflet,normal,Surging Sparks,152,Common,,Basic,627,Pokémon,2024/11/08,"tcgplayer,cardmarket",https://prices.pokemontcg.io/tcgplayer/sv8-152,https://images.pokemontcg.io/sv8/152_hires.png,2026/08/08,2025/11/21,0.03,0.009999999776482582,0.15000000596046448,10.069999694824219,,0.18,,,,0.0231,0.0231,0.0231,0.0923,0.023099999874830246,0.0231,0.0231,0.1269,0.0923,0.0923,1.1535,2026-08-09
sv8-153,Braviary,normal,Surging Sparks,153,Uncommon,,Stage 1,628,Pokémon,2024/11/08,"tcgplayer,cardmarket",https://prices.pokemontcg.io/tcgplayer/sv8-153,https://images.pokemontcg.io/sv8/153_hires.png,2026/08/08,2025/11/21,0.05,0.009999999776482582,0.15000000596046448,19.979999542236328,,0.25,,,,0.0346,0.0231,0.0346,0.15,0.023099999874830246,0.0231,0.0346,0.1384,0.1846,0.1615,1.1535,2026-08-09
sv8-154,Helioptile,normal,Surging Sparks,154,Common,,Basic,694,Pokémon,2024/11/08,"tcgplayer,cardmarket",https://prices.pokemontcg.io/tcgplayer/sv8-154,https://images.pokemontcg.io/sv8/154_hires.png,2026/08/08,2025/11/21,0.02,0.009999999776482582,0.15000000596046448,19.979999542236328,,0.2,,,,0.0231,0.0231,0.0231,0.0807,0.023099999874830246,0.0231,0.0231,0.0231,0.0807,0.0807,1.1535,2026-08-09
sv8-155,Heliolisk,normal,Surging Sparks,155,Common,,Stage 1,695,Pokémon,2024/11/08,"tcgplayer,cardmarket",https://prices.pokemontcg.io/tcgplayer/sv8-155,https://images.pokemontcg.io/sv8/155_hires.png,2026/08/08,2025/11/21,0.07,0.009999999776482582,0.15000000596046448,19.979999542236328,,0.29,,,,0.0346,0.0231,0.0231,0.15,0.023099999874830246,0.0231,0.0346,0.15,0.15,0.15,1.1535,2026-08-09
sv8-156,Oranguru,normal,Surging Sparks,156,Common,,Basic,765,Pokémon,2024/11/08,"tcgplayer,cardmarket",https://prices.pokemontcg.io/tcgplayer/sv8-156,https://images.pokemontcg.io/sv8/156_hires.png,2026/08/08,2025/11/21,0.04,0.009999999776482582,0.15000000596046448,25.0,,0.2,,,,0.0346,0.0231,0.0346,0.0807,0.023099999874830246,0.0346,0.0346,0.0461,0.0807,0.0807,1.1535,2026-08-09
sv8-157,Tandemaus,normal,Surging Sparks,157,Common,,Basic,924,Pokémon,2024/11/08,"tcgplayer,cardmarket",https://prices.pokemontcg.io/tcgplayer/sv8-157,https://images.pokemontcg.io/sv8/157_hires.png,2026/08/08,2025/11/21,0.2,0.009999999776482582,0.1899999976158142,1000.0,,0.3,,,,0.0692,0.0231,0.0346,0.0923,0.04610000178217888,0.0231,0.0692,0.15,0.1154,0.1038,1.1535,2026-08-09
sv8-158,Maushold,normal,Surging Sparks,158,Uncommon,,Stage 1,925,Pokémon,2024/11/08,"tcgplayer,cardmarket",https://prices.pokemontcg.io/tcgplayer/sv8-158,https://images.pokemontcg.io/sv8/158_hires.png,2026/08/08,2025/11/21,0.22,0.009999999776482582,0.20999999344348907,1000.0,,0.39,,,,0.0461,0.0231,0.0577,0.1846,0.04610000178217888,0.0461,0.0346,0.1384,0.2422,0.1961,1.1535,2026-08-09
sv8-159,Cyclizar ex,holofoil,Surging Sparks,159,Double Rare,,Basic|Tera|ex,967,Pokémon,2024/11/08,"tcgplayer,cardmarket",https://prices.pokemontcg.io/tcgplayer/sv8-159,https://images.pokemontcg.io/sv8/159_hires.png,2026/08/08,2025/11/21,0.67,0.38999998569488525,0.800000011920929,19.979999542236328,,,,,,0.6806,0.0577,0.646,0.0,0.5997999906539917,0.6575,0.6806,0.0,0.0,0.0,1.1535,2026-08-09
sv8-160,Flamigo ex,holofoil,Surging Sparks,160,Double Rare,,Basic|ex,973,Pokémon,2024/11/08,"tcgplayer,cardmarket",https://prices.pokemontcg.io/tcgplayer/sv8-160,https://images.pokemontcg.io/sv8/160_hires.png,2026/08/08,2025/11/18,0.62,0.2199999988079071,0.800000011920929,17.459999084472656,,,,,,0.5767,0.0231,0.5191,0.0,0.6229000091552734,0.496,0.5652,0.0,0.0,0.0,1.1535,2026-08-09
sv8-161,Terapagos,holofoil,Surging Sparks,161,Rare,,Basic,1024,Pokémon,2024/11/08,"tcgplayer,cardmarket",https://prices.pokemontcg.io/tcgplayer/sv8-161,https://images.pokemontcg.io/sv8/161_hires.png,2026/08/08,2025/11/18,0.12,0.009999999776482582,0.1899999976158142,19.979999542236328,,0.27,,,,0.0807,0.0231,0.0692,0.1846,0.08070000261068344,0.0692,0.0807,0.1154,0.1846,0.1846,1.1535,2026-08-09
sv8-162,Amulet of Hope,holofoil,Surging Sparks,162,ACE SPEC Rare,,Pokémon Tool|ACE SPEC,,Trainer,2024/11/08,"tcgplayer,cardmarket",https://prices.pokemontcg.io/tcgplayer/sv8-162,https://images.pokemontcg.io/sv8/162_hires.png,2026/08/08,2025/11/18,0.48,0.05000000074505806,0.5,19.420000076293945,,,,,,0.6344,0.0577,0.6114,0.0,0.6920999884605408,0.5652,0.6229,0.0,0.0,0.0,1.1535,2026-08-09
sv8-163,Babiri Berry,normal,Surging Sparks,163,Uncommon,,Pokémon Tool,,Trainer,2024/11/08,"tcgplayer,cardmarket",https://prices.pokemontcg.io/tcgplayer/sv8-163,https://images.pokemontcg.io/sv8/163_hires.png,2026/08/08,2025/11/18,0.06,0.009999999776482582,0.15000000596046448,10.050000190734863,,0.21,,,,0.0346,0.0231,0.0231,0.15,0.023099999874830246,0.0346,0.0346,0.346,0.1615,0.15,1.1535,2026-08-09
sv8-164,Brilliant Blender,holofoil,Surging Sparks,164,ACE SPEC Rare,,Item|ACE SPEC,,Trainer,2024/11/08,"tcgplayer,cardmarket",https://prices.pokemontcg.io/tcgplayer/sv8-164,https://images.pokemontcg.io/sv8/164_hires.png,2026/08/08,2025/11/18,0.74,0.3700000047683716,0.8700000047683716,20.0,,,,,,1.3842,0.346,1.3611,0.0,1.0958000421524048,1.0958,1.315,0.0,0.0,0.0,1.1535,2026-08-09
sv8-165,Call Bell,normal,Surging Sparks,165,Uncommon,,Item,,Trainer,2024/11/08,"tcgplayer,cardmarket",https://prices.pokemontcg.io/tcgplayer/sv8-165,https://images.pokemontcg.io/sv8/165_hires.png,2026/08/08,2025/11/18,0.17,0.009999999776482582,0.15000000596046448,19.979999542236328,,0.28,,,,0.0461,0.0231,0.0461,0.1384,0.04610000178217888,0.0461,0.0346,0.0461,0.1615,0.15,1.1535,2026-08-09
sv8-166,Chill Teaser Toy,normal,Surging Sparks,166,Uncommon,,Item,,Trainer,2024/11/08,"tcgplayer,cardmarket",https://prices.pokemontcg.io/tcgplayer/sv8-166,https://images.pokemontcg.io/sv8/166_hires.png,2026/08/08,2025/11/18,0.05,0.009999999776482582,0.15000000596046448,1000.0,,0.29,,,,0.0346,0.0231,0.0346,0.1615,0.023099999874830246,0.0231,0.0231,0.2538,0.1384,0.1615,1.1535,2026-08-09
sv8-167,Clemont's Quick Wit,normal,Surging Sparks,167,Uncommon,,Supporter,,Trainer,2024/11/08,"tcgplayer,cardmarket",https://prices.pokemontcg.io/tcgplayer/sv8-167,https://images.pokemontcg.io/sv8/167_hires.png,2026/08/08,2025/11/18,0.07,0.009999999776482582,0.15000000596046448,19.979999542236328,,0.29,,,,0.0346,0.0231,0.0231,0.1615,0.023099999874830246,0.0346,0.0346,0.15,0.1269,0.1615,1.1535,2026-08-09
sv8-168,Colbur Berry,normal,Surging Sparks,168,Uncommon,,Pokémon Tool,,Trainer,2024/11/08,"tcgplayer,cardmarket",https://prices.pokemontcg.io/tcgplayer/sv8-168,https://images.pokemontcg.io/sv8/168_hires.png,2026/08/08,2025/11/18,0.07,0.009999999776482582,0.15000000596046448,19.979999542236328,,0.29,,,,0.0346,0.0231,0.0231,0.1384,0.023099999874830246,0.0346,0.0346,0.173,0.1384,0.1384,1.1535,2026-08-09
sv8-169,Counter Gain,normal,Surging Sparks,169,Uncommon,,Pokémon Tool,,Trainer,2024/11/08,"tcgplayer,cardmarket",https://prices.pokemontcg.io/tcgplayer/sv8-169,https://images.pokemontcg.io/sv8/169_hires.png,2026/08/08,2025/11/18,0.16,0.009999999776482582,0.1599999964237213,1000.0,,0.27,,,,0.1615,0.0231,0.0923,0.2768,0.03460000082850456,0.0923,0.1615,0.173,0.2538,0.2768,1.1535,2026-08-09
sv8-170,Cyrano,normal,Surging Sparks,170,Uncommon,,Supporter,,Trainer,2024/11/08,"tcgplayer,cardmarket",https://prices.pokemontcg.io/tcgplayer/sv8-170,https://images.pokemontcg.io/sv8/170_hires.png,2026/08/08,2025/11/18,0.25,0.10000000149011612,0.25,19.979999542236328,,0.61,,,,0.0923,0.0231,0.1038,0.2538,0.13840000331401825,0.0923,0.0923,0.2538,0.173,0.2422,1.1535,2026-08-09
sv8-171,Deduction Kit,normal,Surging Sparks,171,Uncommon,,Item,,Trainer,2024/11/08,"tcgplayer,cardmarket",https://prices.pokemontcg.io/tcgplayer/sv8-171,https://images.pokemontcg.io/sv8/171_hires.png,2026/08/08,2025/11/18,0.06,0.009999999776482582,0.15000000596046448,19.979999542236328,,0.28,,,,0.0461,0.0231,0.0231,0.15,0.03460000082850456,0.0231,0.0461,0.1961,0.1154,0.1615,1.1535,2026-08-09
sv8-172,Dragon Elixir,normal,Surging Sparks,172,Uncommon,,Item,,Trainer,2024/11/08,"tcgplayer,cardmarket",https://prices.pokemontcg.io/tcgplayer/sv8-172,https://images.pokemontcg.io/sv8/172_hires.png,2026/08/08,2025/11/18,0.16,0.009999999776482582,0.15000000596046448,18.059999465942383,,0.3,,,,0.0346,0.0231,0.0346,0.1269,0.03460000082850456,0.0346,0.0346,0.1384,0.15,0.1384,1.1535,2026-08-09
sv8-173,Drasna,normal,Surging Sparks,173,Common,,Supporter,,Trainer,2024/11/08,"tcgplayer,cardmarket",https://prices.pokemontcg.io/tcgplayer/sv8-173,https://images.pokemontcg.io/sv8/173_hires.png,2026/08/08,2025/11/18,0.06,0.009999999776482582,0.15000000596046448,1000.0,,0.26,,,,0.0346,0.0231,0.0346,0.15,0.06920000165700912,0.0346,0.0346,0.0923,0.1038,0.15,1.1535,2026-08-09
sv8-174,Drayton,normal,Surging Sparks,174,Uncommon,,Supporter,,Trainer,2024/11/08,"tcgplayer,cardmarket",https://prices.pokemontcg.io/tcgplayer/sv8-174,https://images.pokemontcg.io/sv8/174_hires.png,2026/08/08,2025/11/18,0.13,0.009999999776482582,0.1599999964237213,1000.0,,0.3,,,,0.0461,0.0231,0.0346,0.173,0.03460000082850456,0.0461,0.0346,0.1961,0.1615,0.173,1.1535,2026-08-09
sv8-175,Dusk Ball,normal,Surging Sparks,175,Uncommon,,Item,,Trainer,2024/11/08,"tcgplayer,cardmarket",https://prices.pokemontcg.io/tcgplayer/sv8-175,https://images.pokemontcg.io/sv8/175_hires.png,2026/08/08,2025/11/18,0.25,0.009999999776482582,0.20000000298023224,1000.0,,0.3,,,,0.0692,0.0231,0.1038,0.173,0.08070000261068344,0.0923,0.0807,0.2307,0.173,0.173,1.1535,2026-08-09
sv8-176,Energy Search Pro,holofoil,Surging Sparks,176,ACE SPEC Rare,,Item|ACE SPEC,,Trainer,2024/11/08,"tcgplayer,cardmarket",https://prices.pokemontcg.io/tcgplayer/sv8-176,https://images.pokemontcg.io/sv8/176_hires.png,2026/08/08,2025/11/18,0.65,0.20000000298023224,0.75,19.68000030517578,,,,,,1.488,0.2884,1.3842,0.0,1.2111999988555908,1.4188,1.4995,0.0,0.0,0.0,1.1535,2026-08-09
sv8-177,Gravity Mountain,normal,Surging Sparks,177,Uncommon,,Stadium,,Trainer,2024/11/08,"tcgplayer,cardmarket",https://prices.pokemontcg.io/tcgplayer/sv8-177,https://images.pokemontcg.io/sv8/177_hires.png,2026/08/08,2025/11/18,0.21,0.009999999776482582,0.2199999988079071,1000.0,,0.34,,,,0.1269,0.0231,0.1154,0.2884,0.05770000070333481,0.1038,0.1269,0.2653,0.3114,0.2999,1.1535,2026-08-09
sv8-178,Jasmine's Gaze,normal,Surging Sparks,178,Uncommon,,Supporter,,Trainer,2024/11/08,"tcgplayer,cardmarket",https://prices.pokemontcg.io/tcgplayer/sv8-178,https://images.pokemontcg.io/sv8/178_hires.png,2026/08/08,2025/11/18,0.06,0.009999999776482582,0.15000000596046448,1000.0,,0.3,,,,0.0346,0.0231,0.0346,0.1846,0.03460000082850456,0.0346,0.0346,0.0692,0.1154,0.1615,1.1535,2026-08-09
sv8-179,Lisia's Appeal,normal,Surging Sparks,179,Uncommon,,Supporter,,Trainer,2024/11/08,"tcgplayer,cardmarket",https://prices.pokemontcg.io/tcgplayer/sv8-179,https://images.pokemontcg.io/sv8/179_hires.png,2026/08/08,2025/11/18,0.21,0.009999999776482582,0.20000000298023224,1000.0,,0.34,,,,0.0577,0.0231,0.0577,0.2307,0.03460000082850456,0.0577,0.0577,0.0923,0.1846,0.2192,1.1535,2026-08-09
sv8-180,Lively Stadium,normal,Surging Sparks,180,Uncommon,,Stadium,,Trainer,2024/11/08,"tcgplayer,cardmarket",https://prices.pokemontcg.io/tcgplayer/sv8-180,https://images.pokemontcg.io/sv8/180_hires.png,2026/08/08,2025/11/18,0.18,0.009999999776482582,0.20000000298023224,1000.0,,0.35,,,,0.1154,0.0231,0.1038,0.323,0.11540000140666962,0.1038,0.1154,0.2192,0.4383,0.323,1.1535,2026-08-09
sv8-181,Meddling Memo,normal,Surging Sparks,181,Uncommon,,Item,,Trainer,2024/11/08,"tcgplayer,cardmarket",https://prices.pokemontcg.io/tcgplayer/sv8-181,https://images.pokemontcg.io/sv8/181_hires.png,2026/08/08,2025/11/18,0.05,0.009999999776482582,0.15000000596046448,19.979999542236328,,0.27,,,,0.0461,0.0231,0.0346,0.1384,0.023099999874830246,0.0346,0.0346,0.0923,0.1384,0.1384,1.1535,2026-08-09
sv8-182,Megaton Blower,holofoil,Surging Sparks,182,ACE SPEC Rare,,Item|ACE SPEC,,Trainer,2024/11/08,"tcgplayer,cardmarket",https://prices.pokemontcg.io/tcgplayer/sv8-182,https://images.pokemontcg.io/sv8/182_hires.png,2026/08/08,2025/11/18,0.38,0.10000000149011612,0.49000000953674316,19.979999542236328,,,,,,0.6229,0.1038,0.7267,0.0,0.853600025177002,0.5767,0.6114,0.0,0.0,0.0,1.1535,2026-08-09
sv8-183,Miracle Headset,holofoil,Surging Sparks,183,ACE SPEC Rare,,Item|ACE SPEC,,Trainer,2024/11/08,"tcgplayer,cardmarket",https://prices.pokemontcg.io/tcgplayer/sv8-183,https://images.pokemontcg.io/sv8/183_hires.png,2026/08/08,2025/11/18,0.63,0.23999999463558197,0.8700000047683716,852.6300048828125,,,,,,0.5767,0.0577,0.7036,0.0,0.5997999906539917,0.646,0.5883,0.0,0.0,0.0,1.1535,2026-08-09
sv8-184,Passho Berry,normal,Surging Sparks,184,Uncommon,,Pokémon Tool,,Trainer,2024/11/08,"tcgplayer,cardmarket",https://prices.pokemontcg.io/tcgplayer/sv8-184,https://images.pokemontcg.io/sv8/184_hires.png,2026/08/08,2025/11/18,0.07,0.009999999776482582,0.15000000596046448,10.069999694824219,,0.19,,,,0.0346,0.0231,0.0231,0.1384,0.023099999874830246,0.0231,0.0346,0.2538,0.1154,0.15,1.1535,2026-08-09
sv8-185,Precious Trolley,holofoil,Surging Sparks,185,ACE SPEC Rare,,Item|ACE SPEC,,Trainer,2024/11/08,"tcgplayer,cardmarket",https://prices.pokemontcg.io/tcgplayer/sv8-185,https://images.pokemontcg.io/sv8/185_hires.png,2026/08/08,2025/11/18,3.02,1.75,3.1600000858306885,44.720001220703125,,,,,,3.8642,2.307,5.0985,0.0,4.648600101470947,4.6947,4.2564,0.0,0.0,0.0,1.1535,2026-08-09
sv8-186,Scramble Switch,holofoil,Surging Sparks,186,ACE SPEC Rare,,Item|ACE SPEC,,Trainer,2024/11/08,"tcgplayer,cardmarket",https://prices.pokemontcg.io/tcgplayer/sv8-186,https://images.pokemontcg.io/sv8/186_hires.png,2026/08/08,2025/11/18,0.41,0.009999999776482582,0.49000000953674316,99.0,,,,,,0.6114,0.0461,0.6806,0.0,0.7382000088691711,0.6575,0.6229,0.0,0.0,0.0,1.1535,2026-08-09
sv8-187,Surfer,normal,Surging Sparks,187,Uncommon,,Supporter,,Trainer,2024/11/08,"tcgplayer,cardmarket",https://prices.pokemontcg.io/tcgplayer/sv8-187,https://images.pokemontcg.io/sv8/187_hires.png,2026/08/08,2025/11/18,0.11,0.009999999776482582,0.1599999964237213,1000.0,,0.28,,,,0.0461,0.0231,0.0346,0.1269,0.03460000082850456,0.0461,0.0461,0.0692,0.0923,0.1154,1.1535,2026-08-09
sv8-188,Technical Machine: Fluorite,normal,Surging Sparks,188,Uncommon,,Pokémon Tool,,Trainer,2024/11/08,"tcgplayer,cardmarket",https://prices.pokemontcg.io/tcgplayer/sv8-188,https://images.pokemontcg.io/sv8/188_hires.png,2026/08/08,2025/11/18,0.07,0.009999999776482582,0.15000000596046448,19.979999542236328,,0.28,,,,0.0346,0.0231,0.0461,0.1846,0.03460000082850456,0.0461,0.0346,0.173,0.1154,0.1615,1.1535,2026-08-09
sv8-189,Tera Orb,normal,Surging Sparks,189,Uncommon,,Item,,Trainer,2024/11/08,"tcgplayer,cardmarket",https://prices.pokemontcg.io/tcgplayer/sv8-189,https://images.pokemontcg.io/sv8/189_hires.png,2026/08/08,2025/11/18,0.17,0.009999999776482582,0.20000000298023224,1000.0,,0.27,,,,0.0807,0.0231,0.1384,0.173,0.04610000178217888,0.0923,0.0923,0.1154,0.15,0.173,1.1535,2026-08-09
sv8-190,Tyme,normal,Surging Sparks,190,Uncommon,,Supporter,,Trainer,2024/11/08,"tcgplayer,cardmarket",https://prices.pokemontcg.io/tcgplayer/sv8-190,https://images.pokemontcg.io/sv8/190_hires.png,2026/08/08,2025/11/18,0.14,0.009999999776482582,0.15000000596046448,19.979999542236328,,0.26,,,,0.0807,0.0231,0.0807,0.173,0.023099999874830246,0.1038,0.0692,0.0231,0.2192,0.1846,1.1535,2026-08-09
sv8-191,Enriching Energy,holofoil,Surging Sparks,191,ACE SPEC Rare,,Special|ACE SPEC,,Energy,2024/11/08,"tcgplayer,cardmarket",https://prices.pokemontcg.io/tcgplayer/sv8-191,https://images.pokemontcg.io/sv8/191_hires.png,2026/08/08,2025/11/18,2.96,1.5,3.4700000286102295,50.0,,,,,,1.6956,0.5767,2.157,0.0,1.926300048828125,2.0878,1.7764,0.0,0.0,0.0,1.1535,2026-08-09
sv8-192,Exeggcute,holofoil,Surging Sparks,192,Illustration Rare,,Basic,102,Pokémon,2024/11/08,"tcgplayer,cardmarket",https://prices.pokemontcg.io/tcgplayer/sv8-192,https://images.pokemontcg.io/sv8/192_hires.png,2026/08/08,2025/11/18,7.95,7.0,8.930000305175781,55.40999984741211,,,,,,5.8713,3.3336,5.0639,0.0,3.9565000534057617,5.1331,5.433,0.0,0.0,0.0,1.1535,2026-08-09
sv8-193,Vivillon,holofoil,Surging Sparks,193,Illustration Rare,,Stage 2,666,Pokémon,2024/11/08,"tcgplayer,cardmarket",https://prices.pokemontcg.io/tcgplayer/sv8-193,https://images.pokemontcg.io/sv8/193_hires.png,2026/08/08,2025/11/18,5.57,3.5,6.0,39.2599983215332,,,,,,3.8758,2.1916,3.795,0.0,4.244900226593018,3.8181,3.9565,0.0,0.0,0.0,1.1535,2026-08-09
sv8-194,Shiinotic,holofoil,Surging Sparks,194,Illustration Rare,,Stage 1,756,Pokémon,2024/11/08,"tcgplayer,cardmarket",https://prices.pokemontcg.io/tcgplayer/sv8-194,https://images.pokemontcg.io/sv8/194_hires.png,2026/08/08,2025/11/18,3.74,3.0,4.099999904632568,36.099998474121094,,,,,,3.1606,1.6726,3.1721,0.0,2.283900022506714,2.9414,3.2067,0.0,0.0,0.0,1.1535,2026-08-09
sv8-195,Castform Sunny Form,holofoil,Surging Sparks,195,Illustration Rare,,Basic,351,Pokémon,2024/11/08,"tcgplayer,cardmarket",https://prices.pokemontcg.io/tcgplayer/sv8-195,https://images.pokemontcg.io/sv8/195_hires.png,2026/08/08,2025/11/18,8.6,7.25,9.670000076293945,67.66999816894531,,,,,,6.275,3.4605,5.8021,0.0,6.321199893951416,6.3789,6.3212,0.0,0.0,0.0,1.1535,2026-08-09
sv8-196,Larvesta,holofoil,Surging Sparks,196,Illustration Rare,,Basic,636,Pokémon,2024/11/08,"tcgplayer,cardmarket",https://prices.pokemontcg.io/tcgplayer/sv8-196,https://images.pokemontcg.io/sv8/196_hires.png,2026/08/08,2025/11/18,2.7,1.899999976158142,3.119999885559082,27.719999313354492,,,,,,2.7569,1.1535,2.5492,0.0,3.3798000812530518,2.4108,2.7569,0.0,0.0,0.0,1.1535,2026-08-09
sv8-197,Ceruledge,holofoil,Surging Sparks,197,Illustration Rare,,Stage 1,937,Pokémon,2024/11/08,"tcgplayer,cardmarket",https://prices.pokemontcg.io/tcgplayer/sv8-197,https://images.pokemontcg.io/sv8/197_hires.png,2026/08/08,2025/11/18,24.13,21.989999771118164,26.0,164.6699981689453,,,,,,14.9148,8.9973,14.6725,0.0,10.888999938964844,12.7923,14.6033,0.0,0.0,0.0,1.1535,2026-08-09
sv8-198,Feebas,holofoil,Surging Sparks,198,Illustration Rare,,Basic,349,Pokémon,2024/11/08,"tcgplayer,cardmarket",https://prices.pokemontcg.io/tcgplayer/sv8-198,https://images.pokemontcg.io/sv8/198_hires.png,2026/08/08,2025/11/18,9.87,6.989999771118164,10.970000267028809,78.20999908447266,,,,,,8.3744,4.0373,8.3859,0.0,9.285699844360352,8.5359,8.2821,0.0,0.0,0.0,1.1535,2026-08-09
sv8-199,Spheal,holofoil,Surging Sparks,199,Illustration Rare,,Basic,363,Pokémon,2024/11/08,"tcgplayer,cardmarket",https://prices.pokemontcg.io/tcgplayer/sv8-199,https://images.pokemontcg.io/sv8/199_hires.png,2026/08/08,2025/11/18,10.69,8.319999694824219,11.170000076293945,35.0,,,,,,6.3212,2.8838,5.5714,0.0,5.317599773406982,5.3753,6.2635,0.0,0.0,0.0,1.1535,2026-08-09
sv8-200,Bruxish,holofoil,Surging Sparks,200,Illustration Rare,,Basic,779,Pokémon,2024/11/08,"tcgplayer,cardmarket",https://prices.pokemontcg.io/tcgplayer/sv8-200,https://images.pokemontcg.io/sv8/200_hires.png,2026/08/08,2025/11/18,2.33,1.5099999904632568,2.950000047683716,31.399999618530273,,,,,,2.4339,1.0958,3.1952,0.0,2.8838000297546387,2.6646,2.5492,0.0,0.0,0.0,1.1535,2026-08-09
sv8-201,Cetitan,holofoil,Surging Sparks,201,Illustration Rare,,Stage 1,975,Pokémon,2024/11/08,"tcgplayer,cardmarket",https://prices.pokemontcg.io/tcgplayer/sv8-201,https://images.pokemontcg.io/sv8/201_hires.png,2026/08/08,2025/11/18,2.83,2.0,3.190000057220459,37.560001373291016,,,,,,2.7223,1.142,2.5723,0.0,2.987600088119507,2.3531,2.7223,0.0,0.0,0.0,1.1535,2026-08-09
sv8-202,Stunfisk,holofoil,Surging Sparks,202,Illustration Rare,,Basic,618,Pokémon,2024/11/08,"tcgplayer,cardmarket",https://prices.pokemontcg.io/tcgplayer/sv8-202,https://images.pokemontcg.io/sv8/202_hires.png,2026/08/08,2025/11/18,2.21,1.4900000095367432,2.4600000381469727,26.399999618530273,,,,,,1.9956,1.0381,1.8917,0.0,1.9608999490737915,1.7072,1.9725,0.0,0.0,0.0,1.1535,2026-08-09
sv8-203,Latios,holofoil,Surging Sparks,203,Illustration Rare,,Basic,381,Pokémon,2024/11/08,"tcgplayer,cardmarket",https://prices.pokemontcg.io/tcgplayer/sv8-203,https://images.pokemontcg.io/sv8/203_hires.png,2026/08/08,2025/11/18,34.27,29.0,38.5,272.1600036621094,,,,,,34.8703,20.6361,26.8535,0.0,28.44529914855957,27.3956,35.2164,0.0,0.0,0.0,1.1535,2026-08-09
sv8-204,Mesprit,holofoil,Surging Sparks,204,Illustration Rare,,Basic,481,Pokémon,2024/11/08,"tcgplayer,cardmarket",https://prices.pokemontcg.io/tcgplayer/sv8-204,https://images.pokemontcg.io/sv8/204_hires.png,2026/08/08,2025/11/18,13.4,10.0,14.390000343322754,999.0,,,,,,13.7843,7.4977,10.9929,0.0,10.335399627685547,11.7657,13.9458,0.0,0.0,0.0,1.1535,2026-08-09
sv8-205,Phanpy,holofoil,Surging Sparks,205,Illustration Rare,,Basic,231,Pokémon,2024/11/08,"tcgplayer,cardmarket",https://prices.pokemontcg.io/tcgplayer/sv8-205,https://images.pokemontcg.io/sv8/205_hires.png,2026/08/08,2025/11/18,8.93,7.0,9.9399995803833,100.0,,,,,,6.8056,2.8261,6.8056,0.0,6.136600017547607,6.7364,6.8518,0.0,0.0,0.0,1.1535,2026-08-09
sv8-206,Vibrava,holofoil,Surging Sparks,206,Illustration Rare,,Stage 1,329,Pokémon,2024/11/08,"tcgplayer,cardmarket",https://prices.pokemontcg.io/tcgplayer/sv8-206,https://images.pokemontcg.io/sv8/206_hires.png,2026/08/08,2025/11/18,3.69,2.440000057220459,3.990000009536743,35.040000915527344,,,,,,2.8491,1.142,2.7107,0.0,2.8952999114990234,2.8722,2.8491,0.0,0.0,0.0,1.1535,2026-08-09
sv8-207,Clobbopus,holofoil,Surging Sparks,207,Illustration Rare,,Basic,852,Pokémon,2024/11/08,"tcgplayer,cardmarket",https://prices.pokemontcg.io/tcgplayer/sv8-207,https://images.pokemontcg.io/sv8/207_hires.png,2026/08/08,2025/11/18,7.16,5.989999771118164,8.0,999.0,,,,,,7.8669,2.1916,6.4019,0.0,7.071000099182129,8.2706,7.8784,0.0,0.0,0.0,1.1535,2026-08-09
sv8-208,Alolan Dugtrio,holofoil,Surging Sparks,208,Illustration Rare,,Stage 1,51,Pokémon,2024/11/08,"tcgplayer,cardmarket",https://prices.pokemontcg.io/tcgplayer/sv8-208,https://images.pokemontcg.io/sv8/208_hires.png,2026/08/08,2025/11/18,9.53,6.989999771118164,10.170000076293945,55.2599983215332,,,,,,5.779,2.7338,5.5829,0.0,6.2403998374938965,5.1792,5.7444,0.0,0.0,0.0,1.1535,2026-08-09
sv8-209,Skarmory,holofoil,Surging Sparks,209,Illustration Rare,,Basic,227,Pokémon,2024/11/08,"tcgplayer,cardmarket",https://prices.pokemontcg.io/tcgplayer/sv8-209,https://images.pokemontcg.io/sv8/209_hires.png,2026/08/08,2025/11/18,9.43,7.980000019073486,10.770000457763672,85.5,,,,,,9.7355,4.614,9.9893,0.0,7.913000106811523,9.5394,9.6317,0.0,0.0,0.0,1.1535,2026-08-09
sv8-210,Flapple,holofoil,Surging Sparks,210,Illustration Rare,,Stage 1,841,Pokémon,2024/11/08,"tcgplayer,cardmarket",https://prices.pokemontcg.io/tcgplayer/sv8-210,https://images.pokemontcg.io/sv8/210_hires.png,2026/08/08,2025/11/18,5.08,3.0,4.989999771118164,45.720001220703125,,,,,,3.3105,1.7302,3.2183,0.0,3.160599946975708,3.1952,3.2875,0.0,0.0,0.0,1.1535,2026-08-09
sv8-211,Appletun,holofoil,Surging Sparks,211,Illustration Rare,,Stage 1,842,Pokémon,2024/11/08,"tcgplayer,cardmarket",https://prices.pokemontcg.io/tcgplayer/sv8-211,https://images.pokemontcg.io/sv8/211_hires.png,2026/08/08,2025/11/18,7.79,5.760000228881836,8.260000228881836,61.70000076293945,,,,,,4.0142,1.1535,4.1757,0.0,4.1757001876831055,4.2564,4.1757,0.0,0.0,0.0,1.1535,2026-08-09
sv8-212,Slakoth,holofoil,Surging Sparks,212,Illustration Rare,,Basic,287,Pokémon,2024/11/08,"tcgplayer,cardmarket",https://prices.pokemontcg.io/tcgplayer/sv8-212,https://images.pokemontcg.io/sv8/212_hires.png,2026/08/08,2025/11/18,12.73,10.5,13.930000305175781,89.56999969482422,,,,,,6.7018,2.5262,7.0479,0.0,7.382400035858154,6.2404,6.7364,0.0,0.0,0.0,1.1535,2026-08-09
sv8-213,Kecleon,holofoil,Surging Sparks,213,Illustration Rare,,Basic,352,Pokémon,2024/11/08,"tcgplayer,cardmarket",https://prices.pokemontcg.io/tcgplayer/sv8-213,https://images.pokemontcg.io/sv8/213_hires.png,2026/08/08,2025/11/18,8.59,4.940000057220459,9.0,52.060001373291016,,,,,,4.8101,2.8722,4.8332,0.0,6.125100135803223,4.7986,4.8101,0.0,0.0,0.0,1.1535,2026-08-09
sv8-214,Braviary,holofoil,Surging Sparks,214,Illustration Rare,,Stage 1,628,Pokémon,2024/11/08,"tcgplayer,cardmarket",https://prices.pokemontcg.io/tcgplayer/sv8-214,https://images.pokemontcg.io/sv8/214_hires.png,2026/08/08,2025/11/18,5.88,4.0,6.199999809265137,10000.0,,,,,,6.1251,1.7302,6.6096,0.0,6.0559000968933105,5.4561,6.1136,0.0,0.0,0.0,1.1535,2026-08-09
sv8-215,Durant ex,holofoil,Surging Sparks,215,Ultra Rare,,Basic|ex,632,Pokémon,2024/11/08,"tcgplayer,cardmarket",https://prices.pokemontcg.io/tcgplayer/sv8-215,https://images.pokemontcg.io/sv8/215_hires.png,2026/08/08,2025/11/18,1.1,0.6299999952316284,1.159999966621399,19.979999542236328,,,,,,1.4995,0.5767,1.5572,0.0,1.3495999574661255,1.6149,1.4765,0.0,0.0,0.0,1.1535,2026-08-09
sv8-216,Scovillain ex,holofoil,Surging Sparks,216,Ultra Rare,,Stage 1|ex,952,Pokémon,2024/11/08,"tcgplayer,cardmarket",https://prices.pokemontcg.io/tcgplayer/sv8-216,https://images.pokemontcg.io/sv8/216_hires.png,2026/08/08,2025/11/18,0.97,0.6499999761581421,1.149999976158142,40.0,,,,,,1.4419,0.4499,1.3957,0.0,1.280400037765503,1.3381,1.4188,0.0,0.0,0.0,1.1535,2026-08-09
sv8-217,Milotic ex,holofoil,Surging Sparks,217,Ultra Rare,,Stage 1|ex,350,Pokémon,2024/11/08,"tcgplayer,cardmarket",https://prices.pokemontcg.io/tcgplayer/sv8-217,https://images.pokemontcg.io/sv8/217_hires.png,2026/08/08,2025/11/18,1.88,1.0,2.5,40.0,,,,,,3.0683,1.1535,3.0452,0.0,3.8642001152038574,3.1029,3.0798,0.0,0.0,0.0,1.1535,2026-08-09
sv8-218,Black Kyurem ex,holofoil,Surging Sparks,218,Ultra Rare,,Basic|ex,646,Pokémon,2024/11/08,"tcgplayer,cardmarket",https://prices.pokemontcg.io/tcgplayer/sv8-218,https://images.pokemontcg.io/sv8/218_hires.png,2026/08/08,2025/11/18,2.03,1.5,2.5,99.0,,,,,,3.126,1.7302,3.6797,0.0,3.910399913787842,3.2183,3.1606,0.0,0.0,0.0,1.1535,2026-08-09
sv8-219,Pikachu ex,holofoil,Surging Sparks,219,Ultra Rare,,Basic|Tera|ex,25,Pokémon,2024/11/08,"tcgplayer,cardmarket",https://prices.pokemontcg.io/tcgplayer/sv8-219,https://images.pokemontcg.io/sv8/219_hires.png,2026/08/08,2025/11/18,29.88,23.989999771118164,31.829999923706055,202.39999389648438,,,,,,20.6592,12.677,22.0088,0.0,16.668100357055664,17.6832,20.4169,0.0,0.0,0.0,1.1535,2026-08-09
sv8-220,Latias ex,holofoil,Surging Sparks,220,Ultra Rare,,Basic|ex,380,Pokémon,2024/11/08,"tcgplayer,cardmarket",https://prices.pokemontcg.io/tcgplayer/sv8-220,https://images.pokemontcg.io/sv8/220_hires.png,2026/08/08,2025/11/18,8.04,5.889999866485596,8.0600004196167,75.4000015258789,,,,,,8.1668,4.614,7.8669,0.0,7.64769983291626,8.0399,8.1783,0.0,0.0,0.0,1.1535,2026-08-09
sv8-221,Palossand ex,holofoil,Surging Sparks,221,Ultra Rare,,Stage 1|Tera|ex,770,Pokémon,2024/11/08,"tcgplayer,cardmarket",https://prices.pokemontcg.io/tcgplayer/sv8-221,https://images.pokemontcg.io/sv8/221_hires.png,2026/08/08,2025/11/18,1.69,1.0,1.9199999570846558,24.959999084472656,,,,,,1.9033,0.6921,1.9148,0.0,1.6380000114440918,1.9033,1.8917,0.0,0.0,0.0,1.1535,2026-08-09
sv8-222,Flygon ex,holofoil,Surging Sparks,222,Ultra Rare,,Stage 2|Tera|ex,330,Pokémon,2024/11/08,"tcgplayer,cardmarket",https://prices.pokemontcg.io/tcgplayer/sv8-222,https://images.pokemontcg.io/sv8/222_hires.png,2026/08/08,2025/11/18,2.65,1.2599999904632568,3.0999999046325684,99.0,,,,,,2.8838,1.3842,3.3221,0.0,3.725800037384033,3.2529,2.9414,0.0,0.0,0.0,1.1535,2026-08-09
sv8-223,Hydreigon ex,holofoil,Surging Sparks,223,Ultra Rare,,Stage 2|Tera|ex,635,Pokémon,2024/11/08,"tcgplayer,cardmarket",https://prices.pokemontcg.io/tcgplayer/sv8-223,https://images.pokemontcg.io/sv8/223_hires.png,2026/08/08,2025/11/18,4.72,3.0,5.320000171661377,999.0,,,,,,3.5643,1.7302,3.8758,0.0,4.071899890899658,4.0257,3.5989,0.0,0.0,0.0,1.1535,2026-08-09
sv8-224,Archaludon ex,holofoil,Surging Sparks,224,Ultra Rare,,Stage 1|ex,1018,Pokémon,2024/11/08,"tcgplayer,cardmarket",https://prices.pokemontcg.io/tcgplayer/sv8-224,https://images.pokemontcg.io/sv8/224_hires.png,2026/08/08,2025/11/18,1.11,0.5,1.2999999523162842,50.0,,,,,,2.0532,0.8074,1.7187,0.0,2.0416998863220215,1.811,2.0186,0.0,0.0,0.0,1.1535,2026-08-09
sv8-225,Alolan Exeggutor ex,holofoil,Surging Sparks,225,Ultra Rare,,Stage 1|Tera|ex,103,Pokémon,2024/11/08,"tcgplayer,cardmarket",https://prices.pokemontcg.io/tcgplayer/sv8-225,https://images.pokemontcg.io/sv8/225_hires.png,2026/08/08,2025/11/18,2.11,1.0,2.490000009536743,31.799999237060547,,,,,,2.8376,1.6149,3.1145,0.0,3.125999927520752,2.9068,2.8607,0.0,0.0,0.0,1.1535,2026-08-09
sv8-226,Tatsugiri ex,holofoil,Surging Sparks,226,Ultra Rare,,Basic|Tera|ex,978,Pokémon,2024/11/08,"tcgplayer,cardmarket",https://prices.pokemontcg.io/tcgplayer/sv8-226,https://images.pokemontcg.io/sv8/226_hires.png,2026/08/08,2025/11/18,1.93,1.25,2.2100000381469727,26.100000381469727,,,,,,2.157,1.0958,2.1224,0.0,2.376199960708618,2.1686,2.1224,0.0,0.0,0.0,1.1535,2026-08-09
sv8-227,Slaking ex,holofoil,Surging Sparks,227,Ultra Rare,,Stage 2|ex,289,Pokémon,2024/11/08,"tcgplayer,cardmarket",https://prices.pokemontcg.io/tcgplayer/sv8-227,https://images.pokemontcg.io/sv8/227_hires.png,2026/08/08,2025/11/18,1.07,0.75,1.1799999475479126,19.979999542236328,,,,,,1.6495,0.4614,1.6495,0.0,1.6841000318527222,1.8917,1.6495,0.0,0.0,0.0,1.1535,2026-08-09
sv8-228,Cyclizar ex,holofoil,Surging Sparks,228,Ultra Rare,,Basic|Tera|ex,967,Pokémon,2024/11/08,"tcgplayer,cardmarket",https://prices.pokemontcg.io/tcgplayer/sv8-228,https://images.pokemontcg.io/sv8/228_hires.png,2026/08/08,2025/11/18,1.61,0.9900000095367432,1.850000023841858,27.200000762939453,,,,,,1.8456,0.6921,1.6956,0.0,2.099400043487549,1.9148,1.8456,0.0,0.0,0.0,1.1535,2026-08-09
sv8-229,Clemont's Quick Wit,holofoil,Surging Sparks,229,Ultra Rare,,Supporter,,Trainer,2024/11/08,"tcgplayer,cardmarket",https://prices.pokemontcg.io/tcgplayer/sv8-229,https://images.pokemontcg.io/sv8/229_hires.png,2026/08/08,2025/11/18,1.29,0.7900000214576721,1.3799999952316284,19.979999542236328,,,,,,1.8225,0.4614,1.5111,0.0,1.6380000114440918,1.4534,1.6956,0.0,0.0,0.0,1.1535,2026-08-09
sv8-230,Cyrano,holofoil,Surging Sparks,230,Ultra Rare,,Supporter,,Trainer,2024/11/08,"tcgplayer,cardmarket",https://prices.pokemontcg.io/tcgplayer/sv8-230,https://images.pokemontcg.io/sv8/230_hires.png,2026/08/08,2025/11/18,2.67,1.0,3.190000057220459,67.22000122070312,,,,,,2.4339,1.142,2.6646,0.0,2.353100061416626,2.5146,2.5723,0.0,0.0,0.0,1.1535,2026-08-09
sv8-231,Drasna,holofoil,Surging Sparks,231,Ultra Rare,,Supporter,,Trainer,2024/11/08,"tcgplayer,cardmarket",https://prices.pokemontcg.io/tcgplayer/sv8-231,https://images.pokemontcg.io/sv8/231_hires.png,2026/08/08,2025/11/18,0.93,0.30000001192092896,1.1200000047683716,40.0,,,,,,1.5918,0.4153,1.5342,0.0,1.545699954032898,1.488,1.4534,0.0,0.0,0.0,1.1535,2026-08-09
sv8-232,Drayton,holofoil,Surging Sparks,232,Ultra Rare,,Supporter,,Trainer,2024/11/08,"tcgplayer,cardmarket",https://prices.pokemontcg.io/tcgplayer/sv8-232,https://images.pokemontcg.io/sv8/232_hires.png,2026/08/08,2025/11/18,1.02,0.75,1.1399999856948853,19.979999542236328,,,,,,1.8802,0.7728,1.7649,0.0,2.8838000297546387,1.7418,1.7072,0.0,0.0,0.0,1.1535,2026-08-09
sv8-233,Jasmine's Gaze,holofoil,Surging Sparks,233,Ultra Rare,,Supporter,,Trainer,2024/11/08,"tcgplayer,cardmarket",https://prices.pokemontcg.io/tcgplayer/sv8-233,https://images.pokemontcg.io/sv8/233_hires.png,2026/08/08,2025/11/18,1.6,0.8700000047683716,1.9900000095367432,25.700000762939453,,,,,,2.63,0.9228,2.7915,0.0,3.195199966430664,2.8261,2.6761,0.0,0.0,0.0,1.1535,2026-08-09
sv8-234,Lisia's Appeal,holofoil,Surging Sparks,234,Ultra Rare,,Supporter,,Trainer,2024/11/08,"tcgplayer,cardmarket",https://prices.pokemontcg.io/tcgplayer/sv8-234,https://images.pokemontcg.io/sv8/234_hires.png,2026/08/08,2025/11/18,3.74,2.9600000381469727,4.340000152587891,49.7400016784668,,,,,,4.118,1.8917,4.2679,0.0,5.167699813842773,4.2103,4.1526,0.0,0.0,0.0,1.1535,2026-08-09
sv8-235,Surfer,holofoil,Surging Sparks,235,Ultra Rare,,Supporter,,Trainer,2024/11/08,"tcgplayer,cardmarket",https://prices.pokemontcg.io/tcgplayer/sv8-235,https://images.pokemontcg.io/sv8/235_hires.png,2026/08/08,2025/11/18,1.12,0.699999988079071,1.340000033378601,19.979999542236328,,,,,,1.4073,0.4614,1.2689,0.0,1.2689000368118286,1.2573,1.315,0.0,0.0,0.0,1.1535,2026-08-09
sv8-236,Durant ex,holofoil,Surging Sparks,236,Special Illustration Rare,,Basic|ex,632,Pokémon,2024/11/08,"tcgplayer,cardmarket",https://prices.pokemontcg.io/tcgplayer/sv8-236,https://images.pokemontcg.io/sv8/236_hires.png,2026/08/08,2025/11/18,36.71,34.279998779296875,40.099998474121094,269.8999938964844,,,,,,26.1844,13.842,22.0319,0.0,19.02120018005371,22.3087,24.4773,0.0,0.0,0.0,1.1535,2026-08-09
sv8-237,Milotic ex,holofoil,Surging Sparks,237,Special Illustration Rare,,Stage 1|ex,350,Pokémon,2024/11/08,"tcgplayer,cardmarket",https://prices.pokemontcg.io/tcgplayer/sv8-237,https://images.pokemontcg.io/sv8/237_hires.png,2026/08/08,2025/11/18,126.95,124.76000213623047,137.6300048828125,1142.550048828125,,,,,,135.1556,76.8923,129.1113,0.0,173.02499389648438,129.7457,139.9657,0.0,0.0,0.0,1.1535,2026-08-09
sv8-238,Pikachu ex,holofoil,Surging Sparks,238,Special Illustration Rare,,Basic|Tera|ex,25,Pokémon,2024/11/08,"tcgplayer,cardmarket",https://prices.pokemontcg.io/tcgplayer/sv8-238,https://images.pokemontcg.io/sv8/238_hires.png,2026/08/08,2025/11/18,303.03,279.989990234375,349.989990234375,2727.27001953125,,,,,,297.1185,190.3275,314.9747,0.0,282.6075134277344,315.2746,288.7441,0.0,0.0,0.0,1.1535,2026-08-09
sv8-239,Latias ex,holofoil,Surging Sparks,239,Special Illustration Rare,,Basic|ex,380,Pokémon,2024/11/08,"tcgplayer,cardmarket",https://prices.pokemontcg.io/tcgplayer/sv8-239,https://images.pokemontcg.io/sv8/239_hires.png,2026/08/08,2025/11/18,176.21,170.0,195.36000061035156,1754.02001953125,,,,,,160.5672,129.1805,156.4492,0.0,154.47669982910156,161.5131,165.5734,0.0,0.0,0.0,1.1535,2026-08-09
sv8-240,Hydreigon ex,holofoil,Surging Sparks,240,Special Illustration Rare,,Stage 2|Tera|ex,635,Pokémon,2024/11/08,"tcgplayer,cardmarket",https://prices.pokemontcg.io/tcgplayer/sv8-240,https://images.pokemontcg.io/sv8/240_hires.png,2026/08/08,2025/11/18,35.55,32.869998931884766,41.689998626708984,394.0,,,,,,49.0699,34.4781,48.1932,0.0,68.05650329589844,50.3733,49.7966,0.0,0.0,0.0,1.1535,2026-08-09
sv8-241,Archaludon ex,holofoil,Surging Sparks,241,Special Illustration Rare,,Stage 1|ex,1018,Pokémon,2024/11/08,"tcgplayer,cardmarket",https://prices.pokemontcg.io/tcgplayer/sv8-241,https://images.pokemontcg.io/sv8/241_hires.png,2026/08/08,2025/11/18,11.55,10.0,13.609999656677246,119.9000015258789,,,,,,19.6902,12.6885,16.1605,0.0,15.226200103759766,17.464,19.6095,0.0,0.0,0.0,1.1535,2026-08-09
sv8-242,Alolan Exeggutor ex,holofoil,Surging Sparks,242,Special Illustration Rare,,Stage 1|Tera|ex,103,Pokémon,2024/11/08,"tcgplayer,cardmarket",https://prices.pokemontcg.io/tcgplayer/sv8-242,https://images.pokemontcg.io/sv8/242_hires.png,2026/08/08,2025/11/18,32.69,27.989999771118164,35.0,294.2099914550781,,,,,,41.1569,27.684,38.8153,0.0,34.59349822998047,45.2864,41.6644,0.0,0.0,0.0,1.1535,2026-08-09
sv8-243,Clemont's Quick Wit,holofoil,Surging Sparks,243,Special Illustration Rare,,Supporter,,Trainer,2024/11/08,"tcgplayer,cardmarket",https://prices.pokemontcg.io/tcgplayer/sv8-243,https://images.pokemontcg.io/sv8/243_hires.png,2026/08/08,2025/11/18,8.37,7.25,9.180000305175781,92.0999984741211,,,,,,15.48,10.3354,14.2688,0.0,12.98840045928955,13.5767,15.1339,0.0,0.0,0.0,1.1535,2026-08-09
sv8-244,Drayton,holofoil,Surging Sparks,244,Special Illustration Rare,,Supporter,,Trainer,2024/11/08,"tcgplayer,cardmarket",https://prices.pokemontcg.io/tcgplayer/sv8-244,https://images.pokemontcg.io/sv8/244_hires.png,2026/08/08,2025/11/18,8.34,6.78000020980835,8.829999923706055,94.5,,,,,,14.5456,10.0354,13.8535,0.0,15.57229995727539,14.6148,14.2919,0.0,0.0,0.0,1.1535,2026-08-09
sv8-245,Jasmine's Gaze,holofoil,Surging Sparks,245,Special Illustration Rare,,Supporter,,Trainer,2024/11/08,"tcgplayer,cardmarket",https://prices.pokemontcg.io/tcgplayer/sv8-245,https://images.pokemontcg.io/sv8/245_hires.png,2026/08/08,2025/11/18,22.44,19.5,24.0,201.9600067138672,,,,,,25.0079,18.456,24.4542,0.0,23.046899795532227,26.2537,25.0886,0.0,0.0,0.0,1.1535,2026-08-09
sv8-246,Lisia's Appeal,holofoil,Surging Sparks,246,Special Illustration Rare,,Supporter,,Trainer,2024/11/08,"tcgplayer,cardmarket",https://prices.pokemontcg.io/tcgplayer/sv8-246,https://images.pokemontcg.io/sv8/246_hires.png,2026/08/08,2025/11/18,27.55,23.0,30.0,269.8999938964844,,,,,,36.0353,21.8588,34.0052,0.0,34.60499954223633,35.4817,35.8623,0.0,0.0,0.0,1.1535,2026-08-09
sv8-247,Pikachu ex,holofoil,Surging Sparks,247,Hyper Rare,,Basic|Tera|ex,25,Pokémon,2024/11/08,"tcgplayer,cardmarket",https://prices.pokemontcg.io/tcgplayer/sv8-247,https://images.pokemontcg.io/sv8/247_hires.png,2026/08/08,2025/11/18,96.09,88.0,97.98999786376953,751.4099731445312,,,,,,59.1169,34.605,63.6271,0.0,95.7405014038086,61.5969,61.793,0.0,0.0,0.0,1.1535,2026-08-09
sv8-248,Alolan Exeggutor ex,holofoil,Surging Sparks,248,Hyper Rare,,Stage 1|Tera|ex,103,Pokémon,2024/11/08,"tcgplayer,cardmarket",https://prices.pokemontcg.io/tcgplayer/sv8-248,https://images.pokemontcg.io/sv8/248_hires.png,2026/08/08,2025/11/18,11.58,9.779999732971191,11.989999771118164,109.9000015258789,,,,,,16.8872,10.9582,16.1836,0.0,23.589099884033203,17.7639,17.2448,0.0,0.0,0.0,1.1535,2026-08-09
sv8-249,Counter Gain,holofoil,Surging Sparks,249,Hyper Rare,,Pokémon Tool,,Trainer,2024/11/08,"tcgplayer,cardmarket",https://prices.pokemontcg.io/tcgplayer/sv8-249,https://images.pokemontcg.io/sv8/249_hires.png,2026/08/08,2025/11/18,3.28,1.9900000095367432,3.7899999618530273,99.0,,,,,,9.2395,4.4986,8.3398,0.0,6.11359977722168,7.2209,9.2857,0.0,0.0,0.0,1.1535,2026-08-09
sv8-250,Gravity Mountain,holofoil,Surging Sparks,250,Hyper Rare,,Stadium,,Trainer,2024/11/08,"tcgplayer,cardmarket",https://prices.pokemontcg.io/tcgplayer/sv8-250,https://images.pokemontcg.io/sv8/250_hires.png,2026/08/08,2025/11/18,10.81,9.0,11.010000228881836,109.9000015258789,,,,,,12.4001,5.756,11.2005,0.0,14.372599601745605,12.0425,12.5501,0.0,0.0,0.0,1.1535,2026-08-09
sv8-251,Night Stretcher,holofoil,Surging Sparks,251,Hyper Rare,,Item,,Trainer,2024/11/08,"tcgplayer,cardmarket",https://prices.pokemontcg.io/tcgplayer/sv8-251,https://images.pokemontcg.io/sv8/251_hires.png,2026/08/08,2025/11/18,9.82,8.350000381469727,10.640000343322754,113.69999694824219,,,,,,16.6911,11.5235,15.976,0.0,13.668999671936035,16.6335,16.8411,0.0,0.0,0.0,1.1535,2026-08-09
sv8-252,Jet Energy,holofoil,Surging Sparks,252,Hyper Rare,,Special,,Energy,2024/11/08,"tcgplayer,cardmarket",https://prices.pokemontcg.io/tcgplayer/sv8-252,https://images.pokemontcg.io/sv8/252_hires.png,2026/08/08,2025/11/18,5.0,3.509999990463257,5.489999771118164,70.0,,,,,,10.4507,8.0745,10.2431,0.0,10.369999885559082,10.0931,10.0816,0.0,0.0,0.0,1.1535,2026-08-09
svp-151,Gouging Fire,holofoil,Scarlet & Violet Black Star Promos,151,Promo,,Basic|Ancient,,Pokémon,2023/01/01,"tcgplayer,cardmarket",https://prices.pokemontcg.io/tcgplayer/svp-151,https://images.pokemontcg.io/svp/151_hires.png,2026/08/08,2025/11/21,5.27,2.9800000190734863,5.630000114440918,12.5,,,,,,8.8358,2.307,11.8464,0.0,34.60499954223633,9.9547,8.7089,0.0,0.0,0.0,1.1535,2026-08-09
svp-152,Chien-Pao,holofoil,Scarlet & Violet Black Star Promos,152,Promo,,Basic,1002,Pokémon,2023/01/01,"tcgplayer,cardmarket",https://prices.pokemontcg.io/tcgplayer/svp-152,https://images.pokemontcg.io/svp/152_hires.png,2026/08/08,2025/11/21,10.51,8.989999771118164,11.1899995803833,135.3000030517578,,,,,,14.6148,5.7098,14.3265,0.0,8.07450008392334,12.8038,15.1455,0.0,0.0,0.0,1.1535,2026-08-09
svp-153,Magneton,holofoil,Scarlet & Violet Black Star Promos,153,Promo,,Stage 1,82,Pokémon,2023/01/01,"tcgplayer,cardmarket",https://prices.pokemontcg.io/tcgplayer/svp-153,https://images.pokemontcg.io/svp/153_hires.png,2026/08/08,2025/11/21,6.41,3.75,6.5,99.91999816894531,,,,,,11.6388,3.4374,10.4968,0.0,8.07450008392334,9.4472,10.9121,0.0,0.0,0.0,1.1535,2026-08-09
svp-154,Indeedee,holofoil,Scarlet & Violet Black Star Promos,154,Promo,,Basic,876,Pokémon,2023/01/01,"tcgplayer,cardmarket",https://prices.pokemontcg.io/tcgplayer/svp-154,https://images.pokemontcg.io/svp/154_hires.png,2026/08/08,2025/11/21,3.88,2.190000057220459,3.990000009536743,37.0,,,,,,5.9636,1.8456,6.0443,0.0,8.328300476074219,5.4676,5.8136,0.0,0.0,0.0,1.1535,2026-08-09
svp-155,Wooper,holofoil,Scarlet & Violet Black Star Promos,155,Promo,,Basic,194,Pokémon,2023/01/01,"tcgplayer,cardmarket",https://prices.pokemontcg.io/tcgplayer/svp-155,https://images.pokemontcg.io/svp/155_hires.png,2026/08/08,2025/11/21,2.76,1.7000000476837158,2.950000047683716,96.94999694824219,,,,,,0.7613,0.5652,1.5803,0.0,1.2226999998092651,1.4188,0.7613,0.0,0.0,0.0,1.1535,2026-08-09
svp-156,Quagsire,holofoil,Scarlet & Violet Black Star Promos,156,Promo,,Stage 1,195,Pokémon,2023/01/01,"tcgplayer,cardmarket",https://prices.pokemontcg.io/tcgplayer/svp-156,https://images.pokemontcg.io/svp/156_hires.png,2026/08/08,2025/11/21,1.77,1.0,1.840000033378601,19.979999542236328,,,,,,0.3807,0.0231,0.4153,0.0,0.23070000112056732,0.4499,0.3576,0.0,0.0,0.0,1.1535,2026-08-09
svp-157,Zapdos,holofoil,Scarlet & Violet Black Star Promos,157,Promo,,Basic,145,Pokémon,2023/01/01,"tcgplayer,cardmarket",https://prices.pokemontcg.io/tcgplayer/svp-157,https://images.pokemontcg.io/svp/157_hires.png,2026/08/08,2025/11/18,2.04,0.699999988079071,2.069999933242798,65.0,,,,,,0.5421,0.0461,0.7382,0.0,0.36910000443458557,0.5421,0.5306,0.0,0.0,0.0,1.1535,2026-08-09
svp-158,Pachirisu,holofoil,Scarlet & Violet Black Star Promos,158,Promo,,Basic,417,Pokémon,2023/01/01,"tcgplayer,cardmarket",https://prices.pokemontcg.io/tcgplayer/svp-158,https://images.pokemontcg.io/svp/158_hires.png,2026/08/08,2025/11/18,0.82,0.44999998807907104,0.9800000190734863,19.979999542236328,,,,,,0.7613,0.2307,0.992,0.0,1.9608999490737915,1.142,0.7728,0.0,0.0,0.0,1.1535,2026-08-09
svp-159,Magneton,holofoil,Scarlet & Violet Black Star Promos,159,Promo,,Stage 1,82,Pokémon,2023/01/01,"tcgplayer,cardmarket",https://prices.pokemontcg.io/tcgplayer/svp-159,https://images.pokemontcg.io/svp/159_hires.png,2026/08/08,2025/11/18,7.56,6.0,9.0,68.05999755859375,,,,,,116.0421,80.3874,132.9985,0.0,88.81950378417969,195.9335,146.7137,0.0,0.0,0.0,1.1535,2026-08-09
svp-160,Squawkabilly ex,holofoil,Scarlet & Violet Black Star Promos,160,Promo,,Basic|ex,931,Pokémon,2023/01/01,"tcgplayer,cardmarket",https://prices.pokemontcg.io/tcgplayer/svp-160,https://images.pokemontcg.io/svp/160_hires.png,2026/08/08,2025/11/18,0.88,0.5899999737739563,1.0,19.979999542236328,,,,,,1.3035,0.5191,1.3957,0.0,0.51910001039505,1.2919,1.3381,0.0,0.0,0.0,1.1535,2026-08-09
svp-161,Charizard ex,holofoil,Scarlet & Violet Black Star Promos,161,Promo,,Stage 2|ex,6,Pokémon,2023/01/01,"tcgplayer,cardmarket",https://prices.pokemontcg.io/tcgplayer/svp-161,https://images.pokemontcg.io/svp/161_hires.png,2026/08/08,2025/11/18,7.11,6.0,8.0,61.86000061035156,,,,,,4.7524,2.8838,4.4064,0.0,3.80649995803833,4.6255,4.7986,0.0,0.0,0.0,1.1535,2026-08-09
svp-162,Houndstone ex,holofoil,Scarlet & Violet Black Star Promos,162,Promo,,Stage 1|ex,972,Pokémon,2023/01/01,"tcgplayer,cardmarket",https://prices.pokemontcg.io/tcgplayer/svp-162,https://images.pokemontcg.io/svp/162_hires.png,2026/08/08,2025/11/18,0.85,0.44999998807907104,0.9900000095367432,19.979999542236328,,,,,,0.5767,0.173,0.5652,0.0,0.3806999921798706,0.646,0.5767,0.0,0.0,0.0,1.1535,2026-08-09
svp-163,Cinderace ex,holofoil,Scarlet & Violet Black Star Promos,163,Promo,,Stage 2|Tera|ex,815,Pokémon,2023/01/01,"tcgplayer,cardmarket",https://prices.pokemontcg.io/tcgplayer/svp-163,https://images.pokemontcg.io/svp/163_hires.png,2026/08/08,2025/11/18,5.41,4.329999923706055,6.0,58.099998474121094,,,,,,3.5874,1.6149,4.4986,0.0,3.633500099182129,3.968,3.6105,0.0,0.0,0.0,1.1535,2026-08-09
svp-164,Lapras ex,holofoil,Scarlet & Violet Black Star Promos,164,Promo,,Basic|Tera|ex,131,Pokémon,2023/01/01,"tcgplayer,cardmarket",https://prices.pokemontcg.io/tcgplayer/svp-164,https://images.pokemontcg.io/svp/164_hires.png,2026/08/08,2025/11/18,10.39,7.730000019073486,11.260000228881836,96.94999694824219,,,,,,5.1907,2.307,5.2484,0.0,5.052299976348877,5.0523,5.1446,0.0,0.0,0.0,1.1535,2026-08-09
svp-165,Terapagos ex,holofoil,Scarlet & Violet Black Star Promos,165,Promo,,Basic|Tera|ex,1024,Pokémon,2023/01/01,"tcgplayer,cardmarket",https://prices.pokemontcg.io/tcgplayer/svp-165,https://images.pokemontcg.io/svp/165_hires.png,2026/08/08,2025/11/18,4.2,2.7899999618530273,4.849999904632568,46.599998474121094,,,,,,3.8296,1.8456,3.968,0.0,3.841200113296509,3.9104,3.8758,0.0,0.0,0.0,1.1535,2026-08-09
sv8pt5-3,Pinsir,normal,Prismatic Evolutions,3,Common,,Basic,127,Pokémon,2025/01/17,tcgplayer,https://prices.pokemontcg.io/tcgplayer/sv8pt5-3,https://images.pokemontcg.io/sv8pt5/3_hires.png,2026/08/08,,0.04,0.009999999776482582,0.15000000596046448,999.0,,0.06,,,,,,,,,,,,,,,2026-08-09
sv8pt5-2,Exeggutor,normal,Prismatic Evolutions,2,Uncommon,,Stage 1,103,Pokémon,2025/01/17,tcgplayer,https://prices.pokemontcg.io/tcgplayer/sv8pt5-2,https://images.pokemontcg.io/sv8pt5/2_hires.png,2026/08/08,,0.06,0.009999999776482582,0.15000000596046448,999.0,,0.23,,,,,,,,,,,,,,,2026-08-09
sv8pt5-1,Exeggcute,normal,Prismatic Evolutions,1,Common,,Basic,102,Pokémon,2025/01/17,tcgplayer,https://prices.pokemontcg.io/tcgplayer/sv8pt5-1,https://images.pokemontcg.io/sv8pt5/1_hires.png,2026/08/08,,0.05,0.009999999776482582,0.15000000596046448,999.0,,0.12,,,,,,,,,,,,,,,2026-08-09
sv8pt5-6,Leafeon ex,holofoil,Prismatic Evolutions,6,Double Rare,,Stage 1|Tera|ex,470,Pokémon,2025/01/17,tcgplayer,https://prices.pokemontcg.io/tcgplayer/sv8pt5-6,https://images.pokemontcg.io/sv8pt5/6_hires.png,2026/08/08,,5.57,2.5,4.949999809265137,999.0,,,,,,,,,,,,,,,,,2026-08-09
sv8pt5-8,Whimsicott,holofoil,Prismatic Evolutions,8,Rare,,Stage 1,547,Pokémon,2025/01/17,tcgplayer,https://prices.pokemontcg.io/tcgplayer/sv8pt5-8,https://images.pokemontcg.io/sv8pt5/8_hires.png,2026/08/08,,0.11,0.009999999776482582,0.17000000178813934,999.0,,0.2,,,,,,,,,,,,,,,2026-08-09
sv8pt5-9,Applin,normal,Prismatic Evolutions,9,Common,,Basic,840,Pokémon,2025/01/17,tcgplayer,https://prices.pokemontcg.io/tcgplayer/sv8pt5-9,https://images.pokemontcg.io/sv8pt5/9_hires.png,2026/08/08,,0.07,0.009999999776482582,0.15000000596046448,999.0,,0.21,,,,,,,,,,,,,,,2026-08-09
sv8pt5-4,Budew,normal,Prismatic Evolutions,4,Common,,Basic,406,Pokémon,2025/01/17,tcgplayer,https://prices.pokemontcg.io/tcgplayer/sv8pt5-4,https://images.pokemontcg.io/sv8pt5/4_hires.png,2026/08/08,,0.18,0.009999999776482582,0.23999999463558197,999.0,,0.24,,,,,,,,,,,,,,,2026-08-09
sv8pt5-5,Leafeon,holofoil,Prismatic Evolutions,5,Rare,,Stage 1,470,Pokémon,2025/01/17,tcgplayer,https://prices.pokemontcg.io/tcgplayer/sv8pt5-5,https://images.pokemontcg.io/sv8pt5/5_hires.png,2026/08/08,,0.33,0.009999999776482582,0.33000001311302185,999.0,,0.33,,,,,,,,,,,,,,,2026-08-09
sv8pt5-7,Cottonee,normal,Prismatic Evolutions,7,Common,,Basic,546,Pokémon,2025/01/17,tcgplayer,https://prices.pokemontcg.io/tcgplayer/sv8pt5-7,https://images.pokemontcg.io/sv8pt5/7_hires.png,2026/08/08,,0.08,0.009999999776482582,0.15000000596046448,999.0,,0.22,,,,,,,,,,,,,,,2026-08-09
sv8pt5-13,Flareon,holofoil,Prismatic Evolutions,13,Rare,,Stage 1,136,Pokémon,2025/01/17,tcgplayer,https://prices.pokemontcg.io/tcgplayer/sv8pt5-13,https://images.pokemontcg.io/sv8pt5/13_hires.png,2026/08/08,,0.33,0.009999999776482582,0.3199999928474426,999.0,,0.38,,,,,,,,,,,,,,,2026-08-09
sv8pt5-11,Hydrapple ex,holofoil,Prismatic Evolutions,11,Double Rare,,Stage 2|ex,1019,Pokémon,2025/01/17,tcgplayer,https://prices.pokemontcg.io/tcgplayer/sv8pt5-11,https://images.pokemontcg.io/sv8pt5/11_hires.png,2026/08/08,,0.84,0.4000000059604645,1.0,999.0,,,,,,,,,,,,,,,,,2026-08-09
sv8pt5-14,Flareon ex,holofoil,Prismatic Evolutions,14,Double Rare,,Stage 1|Tera|ex,136,Pokémon,2025/01/17,tcgplayer,https://prices.pokemontcg.io/tcgplayer/sv8pt5-14,https://images.pokemontcg.io/sv8pt5/14_hires.png,2026/08/08,,5.18,2.990000009536743,5.300000190734863,999.0,,,,,,,,,,,,,,,,,2026-08-09
sv8pt5-10,Dipplin,normal,Prismatic Evolutions,10,Uncommon,,Stage 1,1011,Pokémon,2025/01/17,tcgplayer,https://prices.pokemontcg.io/tcgplayer/sv8pt5-10,https://images.pokemontcg.io/sv8pt5/10_hires.png,2026/08/08,,0.17,0.009999999776482582,0.1899999976158142,999.0,,0.21,,,,,,,,,,,,,,,2026-08-09
sv8pt5-12,Teal Mask Ogerpon ex,holofoil,Prismatic Evolutions,12,Double Rare,,Basic|Tera|ex,1017,Pokémon,2025/01/17,tcgplayer,https://prices.pokemontcg.io/tcgplayer/sv8pt5-12,https://images.pokemontcg.io/sv8pt5/12_hires.png,2026/08/08,,2.38,1.1200000047683716,2.990000009536743,9992.2197265625,,,,,,,,,,,,,,,,,2026-08-09
sv8pt5-22,Vaporeon,holofoil,Prismatic Evolutions,22,Rare,,Stage 1,134,Pokémon,2025/01/17,tcgplayer,https://prices.pokemontcg.io/tcgplayer/sv8pt5-22,https://images.pokemontcg.io/sv8pt5/22_hires.png,2026/08/08,,0.35,0.03999999910593033,0.3199999928474426,999.0,,0.44,,,,,,,,,,,,,,,2026-08-09
sv8pt5-23,Vaporeon ex,holofoil,Prismatic Evolutions,23,Double Rare,,Stage 1|Tera|ex,134,Pokémon,2025/01/17,tcgplayer,https://prices.pokemontcg.io/tcgplayer/sv8pt5-23,https://images.pokemontcg.io/sv8pt5/23_hires.png,2026/08/08,,4.0,2.0,3.7699999809265137,999.0,,,,,,,,,,,,,,,,,2026-08-09
sv8pt5-25,Glaceon,holofoil,Prismatic Evolutions,25,Rare,,Stage 1,471,Pokémon,2025/01/17,tcgplayer,https://prices.pokemontcg.io/tcgplayer/sv8pt5-25,https://images.pokemontcg.io/sv8pt5/25_hires.png,2026/08/08,,0.4,0.009999999776482582,0.3499999940395355,999.0,,0.5,,,,,,,,,,,,,,,2026-08-09
sv8pt5-31,Iron Hands ex,holofoil,Prismatic Evolutions,31,Double Rare,,Basic|ex|Future,,Pokémon,2025/01/17,tcgplayer,https://prices.pokemontcg.io/tcgplayer/sv8pt5-31,https://images.pokemontcg.io/sv8pt5/31_hires.png,2026/08/08,,0.72,0.3199999928474426,0.8399999737739563,999.0,,,,,,,,,,,,,,,,,2026-08-09
sv8pt5-32,Iron Thorns ex,holofoil,Prismatic Evolutions,32,Double Rare,,Basic|ex|Future,,Pokémon,2025/01/17,tcgplayer,https://prices.pokemontcg.io/tcgplayer/sv8pt5-32,https://images.pokemontcg.io/sv8pt5/32_hires.png,2026/08/08,,0.72,0.38999998569488525,0.8600000143051147,999.0,,,,,,,,,,,,,,,,,2026-08-09
sv8pt5-33,Espeon,holofoil,Prismatic Evolutions,33,Rare,,Stage 1,196,Pokémon,2025/01/17,tcgplayer,https://prices.pokemontcg.io/tcgplayer/sv8pt5-33,https://images.pokemontcg.io/sv8pt5/33_hires.png,2026/08/08,,0.45,0.09000000357627869,0.44999998807907104,999.0,,0.48,,,,,,,,,,,,,,,2026-08-09
sv8pt5-35,Duskull,normal,Prismatic Evolutions,35,Common,,Basic,355,Pokémon,2025/01/17,tcgplayer,https://prices.pokemontcg.io/tcgplayer/sv8pt5-35,https://images.pokemontcg.io/sv8pt5/35_hires.png,2026/08/08,,0.14,0.009999999776482582,0.20000000298023224,999.0,,0.27,,,,,,,,,,,,,,,2026-08-09
sv8pt5-15,Litleo,normal,Prismatic Evolutions,15,Common,,Basic,667,Pokémon,2025/01/17,tcgplayer,https://prices.pokemontcg.io/tcgplayer/sv8pt5-15,https://images.pokemontcg.io/sv8pt5/15_hires.png,2026/08/08,,0.1,0.009999999776482582,0.15000000596046448,999.0,,0.11,,,,,,,,,,,,,,,2026-08-09
sv8pt5-21,Seaking,normal,Prismatic Evolutions,21,Uncommon,,Stage 1,119,Pokémon,2025/01/17,tcgplayer,https://prices.pokemontcg.io/tcgplayer/sv8pt5-21,https://images.pokemontcg.io/sv8pt5/21_hires.png,2026/08/08,,0.15,0.009999999776482582,0.18000000715255737,999.0,,0.24,,,,,,,,,,,,,,,2026-08-09
sv8pt5-30,Jolteon ex,holofoil,Prismatic Evolutions,30,Double Rare,,Stage 1|Tera|ex,135,Pokémon,2025/01/17,tcgplayer,https://prices.pokemontcg.io/tcgplayer/sv8pt5-30,https://images.pokemontcg.io/sv8pt5/30_hires.png,2026/08/08,,3.93,2.0,4.489999771118164,999.0,,,,,,,,,,,,,,,,,2026-08-09
sv8pt5-18,Slowpoke,normal,Prismatic Evolutions,18,Common,,Basic,79,Pokémon,2025/01/17,tcgplayer,https://prices.pokemontcg.io/tcgplayer/sv8pt5-18,https://images.pokemontcg.io/sv8pt5/18_hires.png,2026/08/08,,0.1,0.009999999776482582,0.15000000596046448,999.0,,0.17,,,,,,,,,,,,,,,2026-08-09
sv8pt5-24,Suicune,normal,Prismatic Evolutions,24,Uncommon,,Basic,245,Pokémon,2025/01/17,tcgplayer,https://prices.pokemontcg.io/tcgplayer/sv8pt5-24,https://images.pokemontcg.io/sv8pt5/24_hires.png,2026/08/08,,0.1,0.009999999776482582,0.15000000596046448,999.0,,0.28,,,,,,,,,,,,,,,2026-08-09
sv8pt5-26,Glaceon ex,holofoil,Prismatic Evolutions,26,Double Rare,,Stage 1|Tera|ex,471,Pokémon,2025/01/17,tcgplayer,https://prices.pokemontcg.io/tcgplayer/sv8pt5-26,https://images.pokemontcg.io/sv8pt5/26_hires.png,2026/08/08,,3.06,1.5,2.950000047683716,9999.0,,,,,,,,,,,,,,,,,2026-08-09
sv8pt5-28,Pikachu ex,holofoil,Prismatic Evolutions,28,Double Rare,,Basic|Tera|ex,25,Pokémon,2025/01/17,tcgplayer,https://prices.pokemontcg.io/tcgplayer/sv8pt5-28,https://images.pokemontcg.io/sv8pt5/28_hires.png,2026/08/08,,2.88,1.4900000095367432,2.8499999046325684,999.0,,,,,,,,,,,,,,,,,2026-08-09
sv8pt5-16,Pyroar,normal,Prismatic Evolutions,16,Uncommon,,Stage 1,668,Pokémon,2025/01/17,tcgplayer,https://prices.pokemontcg.io/tcgplayer/sv8pt5-16,https://images.pokemontcg.io/sv8pt5/16_hires.png,2026/08/08,,0.04,0.009999999776482582,0.15000000596046448,999.0,,0.19,,,,,,,,,,,,,,,2026-08-09
sv8pt5-17,Hearthflame Mask Ogerpon ex,holofoil,Prismatic Evolutions,17,Double Rare,,Basic|Tera|ex,1017,Pokémon,2025/01/17,tcgplayer,https://prices.pokemontcg.io/tcgplayer/sv8pt5-17,https://images.pokemontcg.io/sv8pt5/17_hires.png,2026/08/08,,0.67,0.47999998927116394,0.8500000238418579,9999.0,,,,,,,,,,,,,,,,,2026-08-09
sv8pt5-19,Slowking,normal,Prismatic Evolutions,19,Uncommon,,Stage 1,199,Pokémon,2025/01/17,tcgplayer,https://prices.pokemontcg.io/tcgplayer/sv8pt5-19,https://images.pokemontcg.io/sv8pt5/19_hires.png,2026/08/08,,0.14,0.009999999776482582,0.1599999964237213,999.0,,0.24,,,,,,,,,,,,,,,2026-08-09
sv8pt5-20,Goldeen,normal,Prismatic Evolutions,20,Common,,Basic,118,Pokémon,2025/01/17,tcgplayer,https://prices.pokemontcg.io/tcgplayer/sv8pt5-20,https://images.pokemontcg.io/sv8pt5/20_hires.png,2026/08/08,,0.12,0.009999999776482582,0.15000000596046448,999.0,,0.18,,,,,,,,,,,,,,,2026-08-09
sv8pt5-27,Wellspring Mask Ogerpon ex,holofoil,Prismatic Evolutions,27,Double Rare,,Basic|Tera|ex,1017,Pokémon,2025/01/17,tcgplayer,https://prices.pokemontcg.io/tcgplayer/sv8pt5-27,https://images.pokemontcg.io/sv8pt5/27_hires.png,2026/08/08,,0.87,0.4399999976158142,0.9399999976158142,999.0,,,,,,,,,,,,,,,,,2026-08-09
sv8pt5-29,Jolteon,holofoil,Prismatic Evolutions,29,Rare,,Stage 1,135,Pokémon,2025/01/17,tcgplayer,https://prices.pokemontcg.io/tcgplayer/sv8pt5-29,https://images.pokemontcg.io/sv8pt5/29_hires.png,2026/08/08,,0.3,0.07999999821186066,0.3199999928474426,999.0,,0.36,,,,,,,,,,,,,,,2026-08-09
sv8pt5-34,Espeon ex,holofoil,Prismatic Evolutions,34,Double Rare,,Stage 1|Tera|ex,196,Pokémon,2025/01/17,tcgplayer,https://prices.pokemontcg.io/tcgplayer/sv8pt5-34,https://images.pokemontcg.io/sv8pt5/34_hires.png,2026/08/08,,4.51,2.0399999618530273,4.420000076293945,999.0,,,,,,,,,,,,,,,,,2026-08-09
sv8pt5-36,Dusclops,normal,Prismatic Evolutions,36,Common,,Stage 1,356,Pokémon,2025/01/17,tcgplayer,https://prices.pokemontcg.io/tcgplayer/sv8pt5-36,https://images.pokemontcg.io/sv8pt5/36_hires.png,2026/08/08,,0.15,0.009999999776482582,0.20999999344348907,999.0,,0.21,,,,,,,,,,,,,,,2026-08-09
sv8pt5-38,Spritzee,normal,Prismatic Evolutions,38,Common,,Basic,682,Pokémon,2025/01/17,tcgplayer,https://prices.pokemontcg.io/tcgplayer/sv8pt5-38,https://images.pokemontcg.io/sv8pt5/38_hires.png,2026/08/08,,0.03,0.009999999776482582,0.15000000596046448,999.0,,0.15,,,,,,,,,,,,,,,2026-08-09
sv8pt5-45,Fezandipiti,holofoil,Prismatic Evolutions,45,Rare,,Basic,1016,Pokémon,2025/01/17,tcgplayer,https://prices.pokemontcg.io/tcgplayer/sv8pt5-45,https://images.pokemontcg.io/sv8pt5/45_hires.png,2026/08/08,,0.18,0.009999999776482582,0.20000000298023224,999.0,,0.2,,,,,,,,,,,,,,,2026-08-09
sv8pt5-46,Iron Boulder,holofoil,Prismatic Evolutions,46,Rare,,Basic|Future,,Pokémon,2025/01/17,tcgplayer,https://prices.pokemontcg.io/tcgplayer/sv8pt5-46,https://images.pokemontcg.io/sv8pt5/46_hires.png,2026/08/08,,0.11,0.009999999776482582,0.18000000715255737,999.0,,0.21,,,,,,,,,,,,,,,2026-08-09
sv8pt5-39,Aromatisse,normal,Prismatic Evolutions,39,Common,,Stage 1,683,Pokémon,2025/01/17,tcgplayer,https://prices.pokemontcg.io/tcgplayer/sv8pt5-39,https://images.pokemontcg.io/sv8pt5/39_hires.png,2026/08/08,,0.04,0.009999999776482582,0.15000000596046448,999.0,,0.16,,,,,,,,,,,,,,,2026-08-09
sv8pt5-42,Scream Tail,normal,Prismatic Evolutions,42,Uncommon,,Basic|Ancient,,Pokémon,2025/01/17,tcgplayer,https://prices.pokemontcg.io/tcgplayer/sv8pt5-42,https://images.pokemontcg.io/sv8pt5/42_hires.png,2026/08/08,,0.08,0.009999999776482582,0.15000000596046448,999.0,,0.3,,,,,,,,,,,,,,,2026-08-09
sv8pt5-43,Flutter Mane,holofoil,Prismatic Evolutions,43,Rare,,Basic|Ancient,,Pokémon,2025/01/17,tcgplayer,https://prices.pokemontcg.io/tcgplayer/sv8pt5-43,https://images.pokemontcg.io/sv8pt5/43_hires.png,2026/08/08,,0.2,0.009999999776482582,0.20000000298023224,999.0,,0.16,,,,,,,,,,,,,,,2026-08-09
sv8pt5-41,Sylveon ex,holofoil,Prismatic Evolutions,41,Double Rare,,Stage 1|Tera|ex,700,Pokémon,2025/01/17,tcgplayer,https://prices.pokemontcg.io/tcgplayer/sv8pt5-41,https://images.pokemontcg.io/sv8pt5/41_hires.png,2026/08/08,,2.99,1.9500000476837158,3.0,9999.0,,,,,,,,,,,,,,,,,2026-08-09
sv8pt5-37,Dusknoir,holofoil,Prismatic Evolutions,37,Rare,,Stage 2,477,Pokémon,2025/01/17,tcgplayer,https://prices.pokemontcg.io/tcgplayer/sv8pt5-37,https://images.pokemontcg.io/sv8pt5/37_hires.png,2026/08/08,,0.28,0.029999999329447746,0.2800000011920929,999.0,,0.27,,,,,,,,,,,,,,,2026-08-09
sv8pt5-40,Sylveon,holofoil,Prismatic Evolutions,40,Rare,,Stage 1,700,Pokémon,2025/01/17,tcgplayer,https://prices.pokemontcg.io/tcgplayer/sv8pt5-40,https://images.pokemontcg.io/sv8pt5/40_hires.png,2026/08/08,,0.37,0.10000000149011612,0.3700000047683716,999.0,,0.39,,,,,,,,,,,,,,,2026-08-09
sv8pt5-44,Munkidori,holofoil,Prismatic Evolutions,44,Rare,,Basic,1015,Pokémon,2025/01/17,tcgplayer,https://prices.pokemontcg.io/tcgplayer/sv8pt5-44,https://images.pokemontcg.io/sv8pt5/44_hires.png,2026/08/08,,0.27,0.05000000074505806,0.30000001192092896,999.0,,0.28,,,,,,,,,,,,,,,2026-08-09
sv8pt5-49,Groudon,holofoil,Prismatic Evolutions,49,Rare,,Basic,383,Pokémon,2025/01/17,tcgplayer,https://prices.pokemontcg.io/tcgplayer/sv8pt5-49,https://images.pokemontcg.io/sv8pt5/49_hires.png,2026/08/08,,0.09,0.009999999776482582,0.17000000178813934,999.0,,0.16,,,,,,,,,,,,,,,2026-08-09
sv8pt5-50,Riolu,normal,Prismatic Evolutions,50,Common,,Basic,447,Pokémon,2025/01/17,tcgplayer,https://prices.pokemontcg.io/tcgplayer/sv8pt5-50,https://images.pokemontcg.io/sv8pt5/50_hires.png,2026/08/08,,0.18,0.009999999776482582,0.18000000715255737,999.0,,0.23,,,,,,,,,,,,,,,2026-08-09
sv8pt5-47,Larvitar,normal,Prismatic Evolutions,47,Common,,Basic,246,Pokémon,2025/01/17,tcgplayer,https://prices.pokemontcg.io/tcgplayer/sv8pt5-47,https://images.pokemontcg.io/sv8pt5/47_hires.png,2026/08/08,,0.07,0.009999999776482582,0.15000000596046448,999.0,,0.19,,,,,,,,,,,,,,,2026-08-09
sv8pt5-48,Pupitar,normal,Prismatic Evolutions,48,Common,,Stage 1,247,Pokémon,2025/01/17,tcgplayer,https://prices.pokemontcg.io/tcgplayer/sv8pt5-48,https://images.pokemontcg.io/sv8pt5/48_hires.png,2026/08/08,,0.04,0.009999999776482582,0.15000000596046448,999.0,,0.13,,,,,,,,,,,,,,,2026-08-09
sv8pt5-56,Sandy Shocks ex,holofoil,Prismatic Evolutions,56,Double Rare,,Basic|ex|Ancient,,Pokémon,2025/01/17,tcgplayer,https://prices.pokemontcg.io/tcgplayer/sv8pt5-56,https://images.pokemontcg.io/sv8pt5/56_hires.png,2026/08/08,,0.6,0.25,0.8299999833106995,999.0,,,,,,,,,,,,,,,,,2026-08-09
sv8pt5-59,Umbreon,holofoil,Prismatic Evolutions,59,Rare,,Stage 1,197,Pokémon,2025/01/17,tcgplayer,https://prices.pokemontcg.io/tcgplayer/sv8pt5-59,https://images.pokemontcg.io/sv8pt5/59_hires.png,2026/08/08,,0.43,0.09000000357627869,0.44999998807907104,999.0,,0.55,,,,,,,,,,,,,,,2026-08-09
sv8pt5-51,Lucario ex,holofoil,Prismatic Evolutions,51,Double Rare,,Stage 1|ex,448,Pokémon,2025/01/17,tcgplayer,https://prices.pokemontcg.io/tcgplayer/sv8pt5-51,https://images.pokemontcg.io/sv8pt5/51_hires.png,2026/08/08,,0.76,0.4000000059604645,0.9200000166893005,999.0,,,,,,,,,,,,,,,,,2026-08-09
sv8pt5-52,Hippopotas,normal,Prismatic Evolutions,52,Common,,Basic,449,Pokémon,2025/01/17,tcgplayer,https://prices.pokemontcg.io/tcgplayer/sv8pt5-52,https://images.pokemontcg.io/sv8pt5/52_hires.png,2026/08/08,,0.06,0.009999999776482582,0.15000000596046448,999.0,,0.07,,,,,,,,,,,,,,,2026-08-09
sv8pt5-57,Okidogi,holofoil,Prismatic Evolutions,57,Rare,,Basic,,Pokémon,2025/01/17,tcgplayer,https://prices.pokemontcg.io/tcgplayer/sv8pt5-57,https://images.pokemontcg.io/sv8pt5/57_hires.png,2026/08/08,,0.05,0.009999999776482582,0.17000000178813934,999.0,,0.21,,,,,,,,,,,,,,,2026-08-09
sv8pt5-54,Bloodmoon Ursaluna,holofoil,Prismatic Evolutions,54,Rare,,Basic,901,Pokémon,2025/01/17,tcgplayer,https://prices.pokemontcg.io/tcgplayer/sv8pt5-54,https://images.pokemontcg.io/sv8pt5/54_hires.png,2026/08/08,,0.14,0.009999999776482582,0.20000000298023224,999.0,,0.22,,,,,,,,,,,,,,,2026-08-09
sv8pt5-60,Umbreon ex,holofoil,Prismatic Evolutions,60,Double Rare,,Stage 1|Tera|ex,197,Pokémon,2025/01/17,tcgplayer,https://prices.pokemontcg.io/tcgplayer/sv8pt5-60,https://images.pokemontcg.io/sv8pt5/60_hires.png,2026/08/08,,7.1,6.0,8.260000228881836,5000.0,,,,,,,,,,,,,,,,,2026-08-09
sv8pt5-61,Sneasel,normal,Prismatic Evolutions,61,Common,,Basic,215,Pokémon,2025/01/17,tcgplayer,https://prices.pokemontcg.io/tcgplayer/sv8pt5-61,https://images.pokemontcg.io/sv8pt5/61_hires.png,2026/08/08,,0.02,0.009999999776482582,0.15000000596046448,999.0,,0.17,,,,,,,,,,,,,,,2026-08-09
sv8pt5-53,Hippowdon,normal,Prismatic Evolutions,53,Common,,Stage 1,450,Pokémon,2025/01/17,tcgplayer,https://prices.pokemontcg.io/tcgplayer/sv8pt5-53,https://images.pokemontcg.io/sv8pt5/53_hires.png,2026/08/08,,0.05,0.009999999776482582,0.15000000596046448,999.0,,0.19,,,,,,,,,,,,,,,2026-08-09
sv8pt5-55,Great Tusk,normal,Prismatic Evolutions,55,Uncommon,,Basic|Ancient,,Pokémon,2025/01/17,tcgplayer,https://prices.pokemontcg.io/tcgplayer/sv8pt5-55,https://images.pokemontcg.io/sv8pt5/55_hires.png,2026/08/08,,0.03,0.009999999776482582,0.15000000596046448,999.0,,0.13,,,,,,,,,,,,,,,2026-08-09
sv8pt5-58,Cornerstone Mask Ogerpon ex,holofoil,Prismatic Evolutions,58,Double Rare,,Basic|Tera|ex,1017,Pokémon,2025/01/17,tcgplayer,https://prices.pokemontcg.io/tcgplayer/sv8pt5-58,https://images.pokemontcg.io/sv8pt5/58_hires.png,2026/08/08,,1.52,0.5,1.0,999.0,,,,,,,,,,,,,,,,,2026-08-09
sv8pt5-62,Houndour,normal,Prismatic Evolutions,62,Common,,Basic,228,Pokémon,2025/01/17,tcgplayer,https://prices.pokemontcg.io/tcgplayer/sv8pt5-62,https://images.pokemontcg.io/sv8pt5/62_hires.png,2026/08/08,,0.14,0.009999999776482582,0.15000000596046448,999.0,,0.18,,,,,,,,,,,,,,,2026-08-09
sv8pt5-64,Tyranitar ex,holofoil,Prismatic Evolutions,64,Double Rare,,Stage 2|ex,248,Pokémon,2025/01/17,tcgplayer,https://prices.pokemontcg.io/tcgplayer/sv8pt5-64,https://images.pokemontcg.io/sv8pt5/64_hires.png,2026/08/08,,0.7,0.3499999940395355,0.8500000238418579,999.0,,,,,,,,,,,,,,,,,2026-08-09
sv8pt5-63,Houndoom,normal,Prismatic Evolutions,63,Common,,Stage 1,229,Pokémon,2025/01/17,tcgplayer,https://prices.pokemontcg.io/tcgplayer/sv8pt5-63,https://images.pokemontcg.io/sv8pt5/63_hires.png,2026/08/08,,0.08,0.009999999776482582,0.15000000596046448,999.0,,0.24,,,,,,,,,,,,,,,2026-08-09
sv8pt5-65,Roaring Moon,holofoil,Prismatic Evolutions,65,Rare,,Basic|Ancient,,Pokémon,2025/01/17,tcgplayer,https://prices.pokemontcg.io/tcgplayer/sv8pt5-65,https://images.pokemontcg.io/sv8pt5/65_hires.png,2026/08/08,,0.15,0.009999999776482582,0.20000000298023224,999.0,,0.22,,,,,,,,,,,,,,,2026-08-09
sv8pt5-66,Bronzor,normal,Prismatic Evolutions,66,Common,,Basic,436,Pokémon,2025/01/17,tcgplayer,https://prices.pokemontcg.io/tcgplayer/sv8pt5-66,https://images.pokemontcg.io/sv8pt5/66_hires.png,2026/08/08,,0.04,0.009999999776482582,0.15000000596046448,999.0,,0.11,,,,,,,,,,,,,,,2026-08-09
sv8pt5-67,Bronzong,normal,Prismatic Evolutions,67,Uncommon,,Stage 1,437,Pokémon,2025/01/17,tcgplayer,https://prices.pokemontcg.io/tcgplayer/sv8pt5-67,https://images.pokemontcg.io/sv8pt5/67_hires.png,2026/08/08,,0.02,0.009999999776482582,0.15000000596046448,999.0,,0.18,,,,,,,,,,,,,,,2026-08-09
sv8pt5-68,Heatran,normal,Prismatic Evolutions,68,Uncommon,,Basic,485,Pokémon,2025/01/17,tcgplayer,https://prices.pokemontcg.io/tcgplayer/sv8pt5-68,https://images.pokemontcg.io/sv8pt5/68_hires.png,2026/08/08,,0.08,0.009999999776482582,0.15000000596046448,999.0,,0.13,,,,,,,,,,,,,,,2026-08-09
sv8pt5-69,Duraludon,normal,Prismatic Evolutions,69,Common,,Basic,884,Pokémon,2025/01/17,tcgplayer,https://prices.pokemontcg.io/tcgplayer/sv8pt5-69,https://images.pokemontcg.io/sv8pt5/69_hires.png,2026/08/08,,0.07,0.009999999776482582,0.15000000596046448,999.0,,0.17,,,,,,,,,,,,,,,2026-08-09
sv8pt5-70,Archaludon,holofoil,Prismatic Evolutions,70,Rare,,Stage 1,1018,Pokémon,2025/01/17,tcgplayer,https://prices.pokemontcg.io/tcgplayer/sv8pt5-70,https://images.pokemontcg.io/sv8pt5/70_hires.png,2026/08/08,,0.04,0.009999999776482582,0.15000000596046448,999.0,,0.11,,,,,,,,,,,,,,,2026-08-09
sv8pt5-71,Dreepy,normal,Prismatic Evolutions,71,Common,,Basic,885,Pokémon,2025/01/17,tcgplayer,https://prices.pokemontcg.io/tcgplayer/sv8pt5-71,https://images.pokemontcg.io/sv8pt5/71_hires.png,2026/08/08,,0.14,0.009999999776482582,0.20000000298023224,999.0,,0.19,,,,,,,,,,,,,,,2026-08-09
sv8pt5-72,Drakloak,normal,Prismatic Evolutions,72,Common,,Stage 1,886,Pokémon,2025/01/17,tcgplayer,https://prices.pokemontcg.io/tcgplayer/sv8pt5-72,https://images.pokemontcg.io/sv8pt5/72_hires.png,2026/08/08,,0.14,0.009999999776482582,0.20000000298023224,999.0,,0.21,,,,,,,,,,,,,,,2026-08-09
sv8pt5-73,Dragapult ex,holofoil,Prismatic Evolutions,73,Double Rare,,Stage 2|Tera|ex,887,Pokémon,2025/01/17,tcgplayer,https://prices.pokemontcg.io/tcgplayer/sv8pt5-73,https://images.pokemontcg.io/sv8pt5/73_hires.png,2026/08/08,,1.94,0.36000001430511475,1.440000057220459,9999.0,,,,,,,,,,,,,,,,,2026-08-09
sv8pt5-74,Eevee,normal,Prismatic Evolutions,74,Common,,Basic,133,Pokémon,2025/01/17,tcgplayer,https://prices.pokemontcg.io/tcgplayer/sv8pt5-74,https://images.pokemontcg.io/sv8pt5/74_hires.png,2026/08/08,,0.27,0.009999999776482582,0.25,999.0,,0.32,,,,,,,,,,,,,,,2026-08-09
sv8pt5-75,Eevee ex,holofoil,Prismatic Evolutions,75,Double Rare,,Basic|Tera|ex,133,Pokémon,2025/01/17,tcgplayer,https://prices.pokemontcg.io/tcgplayer/sv8pt5-75,https://images.pokemontcg.io/sv8pt5/75_hires.png,2026/08/08,,5.22,3.5999999046325684,6.25,999.0,,,,,,,,,,,,,,,,,2026-08-09
sv8pt5-76,Snorlax ex,holofoil,Prismatic Evolutions,76,Double Rare,,Basic|ex,143,Pokémon,2025/01/17,tcgplayer,https://prices.pokemontcg.io/tcgplayer/sv8pt5-76,https://images.pokemontcg.io/sv8pt5/76_hires.png,2026/08/08,,1.33,0.800000011920929,1.6100000143051147,999.0,,,,,,,,,,,,,,,,,2026-08-09
sv8pt5-78,Noctowl,holofoil,Prismatic Evolutions,78,Rare,,Stage 1,164,Pokémon,2025/01/17,tcgplayer,https://prices.pokemontcg.io/tcgplayer/sv8pt5-78,https://images.pokemontcg.io/sv8pt5/78_hires.png,2026/08/08,,0.18,0.009999999776482582,0.2199999988079071,999.0,,0.23,,,,,,,,,,,,,,,2026-08-09
sv8pt5-79,Dunsparce,normal,Prismatic Evolutions,79,Common,,Basic,206,Pokémon,2025/01/17,tcgplayer,https://prices.pokemontcg.io/tcgplayer/sv8pt5-79,https://images.pokemontcg.io/sv8pt5/79_hires.png,2026/08/08,,0.19,0.009999999776482582,0.2199999988079071,999.0,,0.19,,,,,,,,,,,,,,,2026-08-09
sv8pt5-77,Hoothoot,normal,Prismatic Evolutions,77,Common,,Basic,163,Pokémon,2025/01/17,tcgplayer,https://prices.pokemontcg.io/tcgplayer/sv8pt5-77,https://images.pokemontcg.io/sv8pt5/77_hires.png,2026/08/08,,0.05,0.009999999776482582,0.15000000596046448,999.0,,0.19,,,,,,,,,,,,,,,2026-08-09
sv8pt5-81,Miltank,normal,Prismatic Evolutions,81,Common,,Basic,241,Pokémon,2025/01/17,tcgplayer,https://prices.pokemontcg.io/tcgplayer/sv8pt5-81,https://images.pokemontcg.io/sv8pt5/81_hires.png,2026/08/08,,0.08,0.009999999776482582,0.15000000596046448,999.0,,0.18,,,,,,,,,,,,,,,2026-08-09
sv8pt5-83,Buneary,normal,Prismatic Evolutions,83,Common,,Basic,427,Pokémon,2025/01/17,tcgplayer,https://prices.pokemontcg.io/tcgplayer/sv8pt5-83,https://images.pokemontcg.io/sv8pt5/83_hires.png,2026/08/08,,0.08,0.009999999776482582,0.15000000596046448,999.0,,0.2,,,,,,,,,,,,,,,2026-08-09
sv8pt5-80,Dudunsparce,holofoil,Prismatic Evolutions,80,Rare,,Stage 1,982,Pokémon,2025/01/17,tcgplayer,https://prices.pokemontcg.io/tcgplayer/sv8pt5-80,https://images.pokemontcg.io/sv8pt5/80_hires.png,2026/08/08,,0.53,0.1599999964237213,0.6000000238418579,999.0,,0.47,,,,,,,,,,,,,,,2026-08-09
sv8pt5-82,Lugia ex,holofoil,Prismatic Evolutions,82,Double Rare,,Basic|ex,249,Pokémon,2025/01/17,tcgplayer,https://prices.pokemontcg.io/tcgplayer/sv8pt5-82,https://images.pokemontcg.io/sv8pt5/82_hires.png,2026/08/08,,1.46,0.9800000190734863,1.5199999809265137,999.0,,,,,,,,,,,,,,,,,2026-08-09
sv8pt5-84,Lopunny,normal,Prismatic Evolutions,84,Common,,Stage 1,428,Pokémon,2025/01/17,tcgplayer,https://prices.pokemontcg.io/tcgplayer/sv8pt5-84,https://images.pokemontcg.io/sv8pt5/84_hires.png,2026/08/08,,0.03,0.009999999776482582,0.15000000596046448,999.0,,0.22,,,,,,,,,,,,,,,2026-08-09
sv8pt5-85,Fan Rotom,normal,Prismatic Evolutions,85,Common,,Basic,479,Pokémon,2025/01/17,tcgplayer,https://prices.pokemontcg.io/tcgplayer/sv8pt5-85,https://images.pokemontcg.io/sv8pt5/85_hires.png,2026/08/08,,0.18,0.009999999776482582,0.20000000298023224,999.0,,0.24,,,,,,,,,,,,,,,2026-08-09
sv8pt5-86,Regigigas,normal,Prismatic Evolutions,86,Uncommon,,Basic,486,Pokémon,2025/01/17,tcgplayer,https://prices.pokemontcg.io/tcgplayer/sv8pt5-86,https://images.pokemontcg.io/sv8pt5/86_hires.png,2026/08/08,,0.14,0.009999999776482582,0.17000000178813934,999.0,,0.28,,,,,,,,,,,,,,,2026-08-09
sv8pt5-87,Shaymin,normal,Prismatic Evolutions,87,Uncommon,,Basic,492,Pokémon,2025/01/17,tcgplayer,https://prices.pokemontcg.io/tcgplayer/sv8pt5-87,https://images.pokemontcg.io/sv8pt5/87_hires.png,2026/08/08,,0.04,0.009999999776482582,0.15000000596046448,999.0,,0.2,,,,,,,,,,,,,,,2026-08-09
sv8pt5-89,Hawlucha,normal,Prismatic Evolutions,89,Uncommon,,Basic,701,Pokémon,2025/01/17,tcgplayer,https://prices.pokemontcg.io/tcgplayer/sv8pt5-89,https://images.pokemontcg.io/sv8pt5/89_hires.png,2026/08/08,,0.11,0.009999999776482582,0.15000000596046448,999.0,,0.15,,,,,,,,,,,,,,,2026-08-09
sv8pt5-88,Furfrou,normal,Prismatic Evolutions,88,Common,,Basic,676,Pokémon,2025/01/17,tcgplayer,https://prices.pokemontcg.io/tcgplayer/sv8pt5-88,https://images.pokemontcg.io/sv8pt5/88_hires.png,2026/08/08,,0.05,0.009999999776482582,0.15000000596046448,999.0,,0.12,,,,,,,,,,,,,,,2026-08-09
sv8pt5-90,Noibat,normal,Prismatic Evolutions,90,Common,,Basic,714,Pokémon,2025/01/17,tcgplayer,https://prices.pokemontcg.io/tcgplayer/sv8pt5-90,https://images.pokemontcg.io/sv8pt5/90_hires.png,2026/08/08,,0.04,0.009999999776482582,0.15000000596046448,999.0,,0.17,,,,,,,,,,,,,,,2026-08-09
sv8pt5-91,Noivern ex,holofoil,Prismatic Evolutions,91,Double Rare,,Stage 1|ex,715,Pokémon,2025/01/17,tcgplayer,https://prices.pokemontcg.io/tcgplayer/sv8pt5-91,https://images.pokemontcg.io/sv8pt5/91_hires.png,2026/08/08,,0.66,0.30000001192092896,0.8299999833106995,999.0,,,,,,,,,,,,,,,,,2026-08-09
sv8pt5-92,Terapagos ex,holofoil,Prismatic Evolutions,92,Double Rare,,Basic|ex,1024,Pokémon,2025/01/17,tcgplayer,https://prices.pokemontcg.io/tcgplayer/sv8pt5-92,https://images.pokemontcg.io/sv8pt5/92_hires.png,2026/08/08,,0.67,0.4399999976158142,0.8600000143051147,999.0,,,,,,,,,,,,,,,,,2026-08-09
sv8pt5-93,Amarys,normal,Prismatic Evolutions,93,Common,,Supporter,,Trainer,2025/01/17,tcgplayer,https://prices.pokemontcg.io/tcgplayer/sv8pt5-93,https://images.pokemontcg.io/sv8pt5/93_hires.png,2026/08/08,,0.02,0.009999999776482582,0.15000000596046448,999.0,,0.13,,,,,,,,,,,,,,,2026-08-09
sv8pt5-94,Area Zero Underdepths,normal,Prismatic Evolutions,94,Uncommon,,Stadium,,Trainer,2025/01/17,tcgplayer,https://prices.pokemontcg.io/tcgplayer/sv8pt5-94,https://images.pokemontcg.io/sv8pt5/94_hires.png,2026/08/08,,0.15,0.009999999776482582,0.20000000298023224,999.0,,0.22,,,,,,,,,,,,,,,2026-08-09
sv8pt5-97,Black Belt's Training,normal,Prismatic Evolutions,97,Common,,Supporter,,Trainer,2025/01/17,tcgplayer,https://prices.pokemontcg.io/tcgplayer/sv8pt5-97,https://images.pokemontcg.io/sv8pt5/97_hires.png,2026/08/08,,0.06,0.009999999776482582,0.15000000596046448,999.0,,0.16,,,,,,,,,,,,,,,2026-08-09
sv8pt5-101,Buddy-Buddy Poffin,normal,Prismatic Evolutions,101,Uncommon,,Item,,Trainer,2025/01/17,tcgplayer,https://prices.pokemontcg.io/tcgplayer/sv8pt5-101,https://images.pokemontcg.io/sv8pt5/101_hires.png,2026/08/08,,0.21,0.009999999776482582,0.25,999.0,,0.26,,,,,,,,,,,,,,,2026-08-09
sv8pt5-98,Black Belt's Training,normal,Prismatic Evolutions,98,Common,,Supporter,,Trainer,2025/01/17,tcgplayer,https://prices.pokemontcg.io/tcgplayer/sv8pt5-98,https://images.pokemontcg.io/sv8pt5/98_hires.png,2026/08/08,,0.05,0.009999999776482582,0.15000000596046448,999.0,,0.17,,,,,,,,,,,,,,,2026-08-09
sv8pt5-95,Binding Mochi,normal,Prismatic Evolutions,95,Uncommon,,Pokémon Tool,,Trainer,2025/01/17,tcgplayer,https://prices.pokemontcg.io/tcgplayer/sv8pt5-95,https://images.pokemontcg.io/sv8pt5/95_hires.png,2026/08/08,,0.21,0.009999999776482582,0.20000000298023224,999.0,,0.24,,,,,,,,,,,,,,,2026-08-09
sv8pt5-96,Black Belt's Training,normal,Prismatic Evolutions,96,Common,,Supporter,,Trainer,2025/01/17,tcgplayer,https://prices.pokemontcg.io/tcgplayer/sv8pt5-96,https://images.pokemontcg.io/sv8pt5/96_hires.png,2026/08/08,,0.1,0.009999999776482582,0.15000000596046448,999.0,,0.18,,,,,,,,,,,,,,,2026-08-09
sv8pt5-100,Briar,normal,Prismatic Evolutions,100,Uncommon,,Supporter,,Trainer,2025/01/17,tcgplayer,https://prices.pokemontcg.io/tcgplayer/sv8pt5-100,https://images.pokemontcg.io/sv8pt5/100_hires.png,2026/08/08,,0.15,0.009999999776482582,0.17000000178813934,999.0,,0.17,,,,,,,,,,,,,,,2026-08-09
sv8pt5-99,Black Belt's Training,normal,Prismatic Evolutions,99,Common,,Supporter,,Trainer,2025/01/17,tcgplayer,https://prices.pokemontcg.io/tcgplayer/sv8pt5-99,https://images.pokemontcg.io/sv8pt5/99_hires.png,2026/08/08,,0.04,0.009999999776482582,0.15000000596046448,999.0,,0.14,,,,,,,,,,,,,,,2026-08-09
sv8pt5-102,Bug Catching Set,normal,Prismatic Evolutions,102,Uncommon,,Item,,Trainer,2025/01/17,tcgplayer,https://prices.pokemontcg.io/tcgplayer/sv8pt5-102,https://images.pokemontcg.io/sv8pt5/102_hires.png,2026/08/08,,0.23,0.009999999776482582,0.2199999988079071,999.0,,0.23,,,,,,,,,,,,,,,2026-08-09
sv8pt5-103,Carmine,normal,Prismatic Evolutions,103,Uncommon,,Supporter,,Trainer,2025/01/17,tcgplayer,https://prices.pokemontcg.io/tcgplayer/sv8pt5-103,https://images.pokemontcg.io/sv8pt5/103_hires.png,2026/08/08,,0.15,0.009999999776482582,0.1899999976158142,999.0,,0.19,,,,,,,,,,,,,,,2026-08-09
sv8pt5-106,Earthen Vessel,normal,Prismatic Evolutions,106,Uncommon,,Item|Ancient,,Trainer,2025/01/17,tcgplayer,https://prices.pokemontcg.io/tcgplayer/sv8pt5-106,https://images.pokemontcg.io/sv8pt5/106_hires.png,2026/08/08,,0.21,0.009999999776482582,0.20999999344348907,999.0,,0.21,,,,,,,,,,,,,,,2026-08-09
sv8pt5-105,Crispin,normal,Prismatic Evolutions,105,Uncommon,,Supporter,,Trainer,2025/01/17,tcgplayer,https://prices.pokemontcg.io/tcgplayer/sv8pt5-105,https://images.pokemontcg.io/sv8pt5/105_hires.png,2026/08/08,,0.16,0.009999999776482582,0.2199999988079071,999.0,,0.28,,,,,,,,,,,,,,,2026-08-09
sv8pt5-108,Festival Grounds,normal,Prismatic Evolutions,108,Uncommon,,Stadium,,Trainer,2025/01/17,tcgplayer,https://prices.pokemontcg.io/tcgplayer/sv8pt5-108,https://images.pokemontcg.io/sv8pt5/108_hires.png,2026/08/08,,0.15,0.009999999776482582,0.18000000715255737,999.0,,0.22,,,,,,,,,,,,,,,2026-08-09
sv8pt5-112,Janine's Secret Art,normal,Prismatic Evolutions,112,Uncommon,,Supporter,,Trainer,2025/01/17,tcgplayer,https://prices.pokemontcg.io/tcgplayer/sv8pt5-112,https://images.pokemontcg.io/sv8pt5/112_hires.png,2026/08/08,,0.17,0.009999999776482582,0.20000000298023224,999.0,,0.22,,,,,,,,,,,,,,,2026-08-09
sv8pt5-110,Glass Trumpet,normal,Prismatic Evolutions,110,Uncommon,,Item,,Trainer,2025/01/17,tcgplayer,https://prices.pokemontcg.io/tcgplayer/sv8pt5-110,https://images.pokemontcg.io/sv8pt5/110_hires.png,2026/08/08,,0.1,0.009999999776482582,0.15000000596046448,999.0,,0.23,,,,,,,,,,,,,,,2026-08-09
sv8pt5-111,Haban Berry,normal,Prismatic Evolutions,111,Common,,Pokémon Tool,,Trainer,2025/01/17,tcgplayer,https://prices.pokemontcg.io/tcgplayer/sv8pt5-111,https://images.pokemontcg.io/sv8pt5/111_hires.png,2026/08/08,,0.09,0.009999999776482582,0.15000000596046448,999.0,,0.19,,,,,,,,,,,,,,,2026-08-09
sv8pt5-104,Ciphermaniac's Codebreaking,normal,Prismatic Evolutions,104,Uncommon,,Supporter|Future,,Trainer,2025/01/17,tcgplayer,https://prices.pokemontcg.io/tcgplayer/sv8pt5-104,https://images.pokemontcg.io/sv8pt5/104_hires.png,2026/08/08,,0.17,0.009999999776482582,0.20000000298023224,999.0,,0.27,,,,,,,,,,,,,,,2026-08-09
sv8pt5-107,Explorer's Guidance,normal,Prismatic Evolutions,107,Uncommon,,Supporter|Ancient,,Trainer,2025/01/17,tcgplayer,https://prices.pokemontcg.io/tcgplayer/sv8pt5-107,https://images.pokemontcg.io/sv8pt5/107_hires.png,2026/08/08,,0.15,0.009999999776482582,0.1599999964237213,999.0,,0.24,,,,,,,,,,,,,,,2026-08-09
sv8pt5-109,Friends in Paldea,normal,Prismatic Evolutions,109,Common,,Supporter,,Trainer,2025/01/17,tcgplayer,https://prices.pokemontcg.io/tcgplayer/sv8pt5-109,https://images.pokemontcg.io/sv8pt5/109_hires.png,2026/08/08,,0.1,0.009999999776482582,0.15000000596046448,999.0,,0.19,,,,,,,,,,,,,,,2026-08-09
sv8pt5-113,Kieran,normal,Prismatic Evolutions,113,Uncommon,,Supporter,,Trainer,2025/01/17,tcgplayer,https://prices.pokemontcg.io/tcgplayer/sv8pt5-113,https://images.pokemontcg.io/sv8pt5/113_hires.png,2026/08/08,,0.19,0.009999999776482582,0.1899999976158142,999.0,,0.21,,,,,,,,,,,,,,,2026-08-09
sv8pt5-114,Lacey,normal,Prismatic Evolutions,114,Uncommon,,Supporter,,Trainer,2025/01/17,tcgplayer,https://prices.pokemontcg.io/tcgplayer/sv8pt5-114,https://images.pokemontcg.io/sv8pt5/114_hires.png,2026/08/08,,0.08,0.009999999776482582,0.15000000596046448,999.0,,0.17,,,,,,,,,,,,,,,2026-08-09
sv8pt5-115,Larry's Skill,normal,Prismatic Evolutions,115,Common,,Supporter,,Trainer,2025/01/17,tcgplayer,https://prices.pokemontcg.io/tcgplayer/sv8pt5-115,https://images.pokemontcg.io/sv8pt5/115_hires.png,2026/08/08,,0.14,0.009999999776482582,0.18000000715255737,999.0,,0.25,,,,,,,,,,,,,,,2026-08-09
sv8pt5-119,Prime Catcher,holofoil,Prismatic Evolutions,119,ACE SPEC Rare,,Item|ACE SPEC,,Trainer,2025/01/17,tcgplayer,https://prices.pokemontcg.io/tcgplayer/sv8pt5-119,https://images.pokemontcg.io/sv8pt5/119_hires.png,2026/08/08,,0.51,0.23999999463558197,0.6800000071525574,999.0,,,,,,,,,,,,,,,,,2026-08-09
sv8pt5-116,Max Rod,holofoil,Prismatic Evolutions,116,ACE SPEC Rare,,Item|ACE SPEC,,Trainer,2025/01/17,tcgplayer,https://prices.pokemontcg.io/tcgplayer/sv8pt5-116,https://images.pokemontcg.io/sv8pt5/116_hires.png,2026/08/08,,0.84,0.15000000596046448,0.8500000238418579,999.0,,,,,,,,,,,,,,,,,2026-08-09
sv8pt5-117,Maximum Belt,holofoil,Prismatic Evolutions,117,ACE SPEC Rare,,Pokémon Tool|ACE SPEC,,Trainer,2025/01/17,tcgplayer,https://prices.pokemontcg.io/tcgplayer/sv8pt5-117,https://images.pokemontcg.io/sv8pt5/117_hires.png,2026/08/08,,0.55,0.25,0.6700000166893005,999.0,,,,,,,,,,,,,,,,,2026-08-09
sv8pt5-118,Ogre's Mask,normal,Prismatic Evolutions,118,Uncommon,,Item,,Trainer,2025/01/17,tcgplayer,https://prices.pokemontcg.io/tcgplayer/sv8pt5-118,https://images.pokemontcg.io/sv8pt5/118_hires.png,2026/08/08,,0.04,0.009999999776482582,0.15000000596046448,999.0,,0.19,,,,,,,,,,,,,,,2026-08-09
sv8pt5-120,Professor Sada's Vitality,normal,Prismatic Evolutions,120,Uncommon,,Supporter|Ancient,,Trainer,2025/01/17,tcgplayer,https://prices.pokemontcg.io/tcgplayer/sv8pt5-120,https://images.pokemontcg.io/sv8pt5/120_hires.png,2026/08/08,,0.06,0.009999999776482582,0.15000000596046448,999.0,,0.19,,,,,,,,,,,,,,,2026-08-09
sv8pt5-121,Professor Turo's Scenario,normal,Prismatic Evolutions,121,Uncommon,,Supporter|Future,,Trainer,2025/01/17,tcgplayer,https://prices.pokemontcg.io/tcgplayer/sv8pt5-121,https://images.pokemontcg.io/sv8pt5/121_hires.png,2026/08/08,,0.08,0.009999999776482582,0.15000000596046448,999.0,,0.21,,,,,,,,,,,,,,,2026-08-09
sv8pt5-122,Professor's Research,normal,Prismatic Evolutions,122,Common,,Supporter,,Trainer,2025/01/17,tcgplayer,https://prices.pokemontcg.io/tcgplayer/sv8pt5-122,https://images.pokemontcg.io/sv8pt5/122_hires.png,2026/08/08,,0.09,0.009999999776482582,0.15000000596046448,999.0,,0.18,,,,,,,,,,,,,,,2026-08-09
sv8pt5-123,Professor's Research,normal,Prismatic Evolutions,123,Common,,Supporter,,Trainer,2025/01/17,tcgplayer,https://prices.pokemontcg.io/tcgplayer/sv8pt5-123,https://images.pokemontcg.io/sv8pt5/123_hires.png,2026/08/08,,0.1,0.009999999776482582,0.15000000596046448,999.0,,0.16,,,,,,,,,,,,,,,2026-08-09
sv8pt5-124,Professor's Research,normal,Prismatic Evolutions,124,Common,,Supporter,,Trainer,2025/01/17,tcgplayer,https://prices.pokemontcg.io/tcgplayer/sv8pt5-124,https://images.pokemontcg.io/sv8pt5/124_hires.png,2026/08/08,,0.12,0.009999999776482582,0.15000000596046448,999.0,,0.19,,,,,,,,,,,,,,,2026-08-09
sv8pt5-125,Professor's Research,normal,Prismatic Evolutions,125,Common,,Supporter,,Trainer,2025/01/17,tcgplayer,https://prices.pokemontcg.io/tcgplayer/sv8pt5-125,https://images.pokemontcg.io/sv8pt5/125_hires.png,2026/08/08,,0.1,0.009999999776482582,0.15000000596046448,999.0,,0.16,,,,,,,,,,,,,,,2026-08-09
sv8pt5-126,Rescue Board,normal,Prismatic Evolutions,126,Uncommon,,Pokémon Tool,,Trainer,2025/01/17,tcgplayer,https://prices.pokemontcg.io/tcgplayer/sv8pt5-126,https://images.pokemontcg.io/sv8pt5/126_hires.png,2026/08/08,,0.06,0.009999999776482582,0.15000000596046448,999.0,,0.14,,,,,,,,,,,,,,,2026-08-09
sv8pt5-127,Roto-Stick,normal,Prismatic Evolutions,127,Common,,Item,,Trainer,2025/01/17,tcgplayer,https://prices.pokemontcg.io/tcgplayer/sv8pt5-127,https://images.pokemontcg.io/sv8pt5/127_hires.png,2026/08/08,,0.22,0.009999999776482582,0.23000000417232513,999.0,,0.23,,,,,,,,,,,,,,,2026-08-09
sv8pt5-128,Scoop Up Cyclone,holofoil,Prismatic Evolutions,128,ACE SPEC Rare,,Item|ACE SPEC,,Trainer,2025/01/17,tcgplayer,https://prices.pokemontcg.io/tcgplayer/sv8pt5-128,https://images.pokemontcg.io/sv8pt5/128_hires.png,2026/08/08,,0.34,0.05000000074505806,0.46000000834465027,999.0,,,,,,,,,,,,,,,,,2026-08-09
sv8pt5-129,Sparkling Crystal,holofoil,Prismatic Evolutions,129,ACE SPEC Rare,,Pokémon Tool|ACE SPEC,,Trainer,2025/01/17,tcgplayer,https://prices.pokemontcg.io/tcgplayer/sv8pt5-129,https://images.pokemontcg.io/sv8pt5/129_hires.png,2026/08/08,,0.35,0.10000000149011612,0.46000000834465027,999.0,,,,,,,,,,,,,,,,,2026-08-09
sv8pt5-131,Treasure Tracker,holofoil,Prismatic Evolutions,131,ACE SPEC Rare,,Item|ACE SPEC,,Trainer,2025/01/17,tcgplayer,https://prices.pokemontcg.io/tcgplayer/sv8pt5-131,https://images.pokemontcg.io/sv8pt5/131_hires.png,2026/08/08,,0.4,0.03999999910593033,0.4399999976158142,999.0,,,,,,,,,,,,,,,,,2026-08-09
sv8pt5-130,Techno Radar,normal,Prismatic Evolutions,130,Uncommon,,Item|Future,,Trainer,2025/01/17,tcgplayer,https://prices.pokemontcg.io/tcgplayer/sv8pt5-130,https://images.pokemontcg.io/sv8pt5/130_hires.png,2026/08/08,,0.04,0.009999999776482582,0.15000000596046448,999.0,,0.17,,,,,,,,,,,,,,,2026-08-09
sv8pt5-135,Brassius,holofoil,Prismatic Evolutions,135,Ultra Rare,,Supporter,,Trainer,2025/01/17,tcgplayer,https://prices.pokemontcg.io/tcgplayer/sv8pt5-135,https://images.pokemontcg.io/sv8pt5/135_hires.png,2026/08/08,,0.56,0.25,0.7799999713897705,999.0,,,,,,,,,,,,,,,,,2026-08-09
sv8pt5-133,Atticus,holofoil,Prismatic Evolutions,133,Ultra Rare,,Supporter,,Trainer,2025/01/17,tcgplayer,https://prices.pokemontcg.io/tcgplayer/sv8pt5-133,https://images.pokemontcg.io/sv8pt5/133_hires.png,2026/08/08,,0.6,0.20000000298023224,0.8500000238418579,999.0,,,,,,,,,,,,,,,,,2026-08-09
sv8pt5-134,Atticus,holofoil,Prismatic Evolutions,134,Ultra Rare,,Supporter,,Trainer,2025/01/17,tcgplayer,https://prices.pokemontcg.io/tcgplayer/sv8pt5-134,https://images.pokemontcg.io/sv8pt5/134_hires.png,2026/08/08,,0.68,0.10000000149011612,0.7599999904632568,999.0,,,,,,,,,,,,,,,,,2026-08-09
sv8pt5-132,Amarys,holofoil,Prismatic Evolutions,132,Ultra Rare,,Supporter,,Trainer,2025/01/17,tcgplayer,https://prices.pokemontcg.io/tcgplayer/sv8pt5-132,https://images.pokemontcg.io/sv8pt5/132_hires.png,2026/08/08,,0.72,0.25,0.8799999952316284,999.0,,,,,,,,,,,,,,,,,2026-08-09
sv8pt5-137,Friends in Paldea,holofoil,Prismatic Evolutions,137,Ultra Rare,,Supporter,,Trainer,2025/01/17,tcgplayer,https://prices.pokemontcg.io/tcgplayer/sv8pt5-137,https://images.pokemontcg.io/sv8pt5/137_hires.png,2026/08/08,,1.04,0.28999999165534973,1.1100000143051147,999.0,,,,,,,,,,,,,,,,,2026-08-09
sv8pt5-136,Eri,holofoil,Prismatic Evolutions,136,Ultra Rare,,Supporter,,Trainer,2025/01/17,tcgplayer,https://prices.pokemontcg.io/tcgplayer/sv8pt5-136,https://images.pokemontcg.io/sv8pt5/136_hires.png,2026/08/08,,1.15,0.49000000953674316,1.190000057220459,9999.0,,,,,,,,,,,,,,,,,2026-08-09
sv8pt5-138,Giacomo,holofoil,Prismatic Evolutions,138,Ultra Rare,,Supporter,,Trainer,2025/01/17,tcgplayer,https://prices.pokemontcg.io/tcgplayer/sv8pt5-138,https://images.pokemontcg.io/sv8pt5/138_hires.png,2026/08/08,,0.61,0.10000000149011612,0.75,999.0,,,,,,,,,,,,,,,,,2026-08-09
sv8pt5-139,Larry's Skill,holofoil,Prismatic Evolutions,139,Ultra Rare,,Supporter,,Trainer,2025/01/17,tcgplayer,https://prices.pokemontcg.io/tcgplayer/sv8pt5-139,https://images.pokemontcg.io/sv8pt5/139_hires.png,2026/08/08,,0.69,0.25,0.9900000095367432,999.0,,,,,,,,,,,,,,,,,2026-08-09
sv8pt5-140,Mela,holofoil,Prismatic Evolutions,140,Ultra Rare,,Supporter,,Trainer,2025/01/17,tcgplayer,https://prices.pokemontcg.io/tcgplayer/sv8pt5-140,https://images.pokemontcg.io/sv8pt5/140_hires.png,2026/08/08,,0.65,0.25,0.9599999785423279,999.0,,,,,,,,,,,,,,,,,2026-08-09
sv8pt5-141,Ortega,holofoil,Prismatic Evolutions,141,Ultra Rare,,Supporter,,Trainer,2025/01/17,tcgplayer,https://prices.pokemontcg.io/tcgplayer/sv8pt5-141,https://images.pokemontcg.io/sv8pt5/141_hires.png,2026/08/08,,0.73,0.1899999976158142,0.800000011920929,999.0,,,,,,,,,,,,,,,,,2026-08-09
sv8pt5-142,Raifort,holofoil,Prismatic Evolutions,142,Ultra Rare,,Supporter,,Trainer,2025/01/17,tcgplayer,https://prices.pokemontcg.io/tcgplayer/sv8pt5-142,https://images.pokemontcg.io/sv8pt5/142_hires.png,2026/08/08,,0.79,0.30000001192092896,0.9599999785423279,999.0,,,,,,,,,,,,,,,,,2026-08-09
sv8pt5-143,Tyme,holofoil,Prismatic Evolutions,143,Ultra Rare,,Supporter,,Trainer,2025/01/17,tcgplayer,https://prices.pokemontcg.io/tcgplayer/sv8pt5-143,https://images.pokemontcg.io/sv8pt5/143_hires.png,2026/08/08,,0.55,0.10000000149011612,0.7200000286102295,999.0,,,,,,,,,,,,,,,,,2026-08-09
sv8pt5-144,Leafeon ex,holofoil,Prismatic Evolutions,144,Special Illustration Rare,,Stage 1|Tera|ex,470,Pokémon,2025/01/17,tcgplayer,https://prices.pokemontcg.io/tcgplayer/sv8pt5-144,https://images.pokemontcg.io/sv8pt5/144_hires.png,2026/08/08,,337.2,250.0,342.7699890136719,2269.169921875,,,,,,,,,,,,,,,,,2026-08-09
sv8pt5-145,Teal Mask Ogerpon ex,holofoil,Prismatic Evolutions,145,Special Illustration Rare,,Basic|Tera|ex,1017,Pokémon,2025/01/17,tcgplayer,https://prices.pokemontcg.io/tcgplayer/sv8pt5-145,https://images.pokemontcg.io/sv8pt5/145_hires.png,2026/08/08,,22.12,18.43000030517578,24.290000915527344,9999.0,,,,,,,,,,,,,,,,,2026-08-09
sv8pt5-147,Ceruledge ex,holofoil,Prismatic Evolutions,147,Special Illustration Rare,,Stage 1|Tera|ex,937,Pokémon,2025/01/17,tcgplayer,https://prices.pokemontcg.io/tcgplayer/sv8pt5-147,https://images.pokemontcg.io/sv8pt5/147_hires.png,2026/08/08,,102.75,98.25,115.0,999.0,,,,,,,,,,,,,,,,,2026-08-09
sv8pt5-146,Flareon ex,holofoil,Prismatic Evolutions,146,Special Illustration Rare,,Stage 1|Tera|ex,136,Pokémon,2025/01/17,tcgplayer,https://prices.pokemontcg.io/tcgplayer/sv8pt5-146,https://images.pokemontcg.io/sv8pt5/146_hires.png,2026/08/08,,225.79,174.25,245.4499969482422,1595.0999755859375,,,,,,,,,,,,,,,,,2026-08-09
sv8pt5-151,Palafin ex,holofoil,Prismatic Evolutions,151,Special Illustration Rare,,Stage 1|ex,964,Pokémon,2025/01/17,tcgplayer,https://prices.pokemontcg.io/tcgplayer/sv8pt5-151,https://images.pokemontcg.io/sv8pt5/151_hires.png,2026/08/08,,43.99,40.0,48.970001220703125,9999.0,,,,,,,,,,,,,,,,,2026-08-09
sv8pt5-153,Jolteon ex,holofoil,Prismatic Evolutions,153,Special Illustration Rare,,Stage 1|Tera|ex,135,Pokémon,2025/01/17,tcgplayer,https://prices.pokemontcg.io/tcgplayer/sv8pt5-153,https://images.pokemontcg.io/sv8pt5/153_hires.png,2026/08/08,,203.5,182.99000549316406,210.0,1463.0999755859375,,,,,,,,,,,,,,,,,2026-08-09
sv8pt5-148,Hearthflame Mask Ogerpon ex,holofoil,Prismatic Evolutions,148,Special Illustration Rare,,Basic|Tera|ex,1017,Pokémon,2025/01/17,tcgplayer,https://prices.pokemontcg.io/tcgplayer/sv8pt5-148,https://images.pokemontcg.io/sv8pt5/148_hires.png,2026/08/08,,18.93,17.0,20.329999923706055,999.0,,,,,,,,,,,,,,,,,2026-08-09
sv8pt5-150,Glaceon ex,holofoil,Prismatic Evolutions,150,Special Illustration Rare,,Stage 1|Tera|ex,471,Pokémon,2025/01/17,tcgplayer,https://prices.pokemontcg.io/tcgplayer/sv8pt5-150,https://images.pokemontcg.io/sv8pt5/150_hires.png,2026/08/08,,280.84,179.99000549316406,305.0,1965.6400146484375,,,,,,,,,,,,,,,,,2026-08-09
sv8pt5-152,Wellspring Mask Ogerpon ex,holofoil,Prismatic Evolutions,152,Special Illustration Rare,,Basic|Tera|ex,1017,Pokémon,2025/01/17,tcgplayer,https://prices.pokemontcg.io/tcgplayer/sv8pt5-152,https://images.pokemontcg.io/sv8pt5/152_hires.png,2026/08/08,,17.36,14.5,18.68000030517578,999.0,,,,,,,,,,,,,,,,,2026-08-09
sv8pt5-149,Vaporeon ex,holofoil,Prismatic Evolutions,149,Special Illustration Rare,,Stage 1|Tera|ex,134,Pokémon,2025/01/17,tcgplayer,https://prices.pokemontcg.io/tcgplayer/sv8pt5-149,https://images.pokemontcg.io/sv8pt5/149_hires.png,2026/08/08,,300.2,239.99000549316406,318.5,2000.0,,,,,,,,,,,,,,,,,2026-08-09
sv8pt5-154,Iron Hands ex,holofoil,Prismatic Evolutions,154,Special Illustration Rare,,Basic|ex|Future,,Pokémon,2025/01/17,tcgplayer,https://prices.pokemontcg.io/tcgplayer/sv8pt5-154,https://images.pokemontcg.io/sv8pt5/154_hires.png,2026/08/08,,33.57,29.860000610351562,38.439998626708984,999.0,,,,,,,,,,,,,,,,,2026-08-09
sv8pt5-155,Espeon ex,holofoil,Prismatic Evolutions,155,Special Illustration Rare,,Stage 1|Tera|ex,196,Pokémon,2025/01/17,tcgplayer,https://prices.pokemontcg.io/tcgplayer/sv8pt5-155,https://images.pokemontcg.io/sv8pt5/155_hires.png,2026/08/08,,315.59,263.25,336.95001220703125,999.0,,,,,,,,,,,,,,,,,2026-08-09
sv8pt5-157,Iron Valiant ex,holofoil,Prismatic Evolutions,157,Special Illustration Rare,,Basic|ex|Future,,Pokémon,2025/01/17,tcgplayer,https://prices.pokemontcg.io/tcgplayer/sv8pt5-157,https://images.pokemontcg.io/sv8pt5/157_hires.png,2026/08/08,,51.3,43.0,56.08000183105469,999.0,,,,,,,,,,,,,,,,,2026-08-09
sv8pt5-156,Sylveon ex,holofoil,Prismatic Evolutions,156,Special Illustration Rare,,Stage 1|Tera|ex,700,Pokémon,2025/01/17,tcgplayer,https://prices.pokemontcg.io/tcgplayer/sv8pt5-156,https://images.pokemontcg.io/sv8pt5/156_hires.png,2026/08/08,,550.79,400.0,576.8900146484375,3378.239990234375,,,,,,,,,,,,,,,,,2026-08-09
sv8pt5-158,Iron Crown ex,holofoil,Prismatic Evolutions,158,Special Illustration Rare,,Basic|ex|Future,,Pokémon,2025/01/17,tcgplayer,https://prices.pokemontcg.io/tcgplayer/sv8pt5-158,https://images.pokemontcg.io/sv8pt5/158_hires.png,2026/08/08,,37.33,30.0,39.380001068115234,999.0,,,,,,,,,,,,,,,,,2026-08-09
sv8pt5-159,Sandy Shocks ex,holofoil,Prismatic Evolutions,159,Special Illustration Rare,,Basic|ex|Ancient,,Pokémon,2025/01/17,tcgplayer,https://prices.pokemontcg.io/tcgplayer/sv8pt5-159,https://images.pokemontcg.io/sv8pt5/159_hires.png,2026/08/08,,26.66,24.0,28.709999084472656,999.0,,,,,,,,,,,,,,,,,2026-08-09
sv8pt5-160,Cornerstone Mask Ogerpon ex,holofoil,Prismatic Evolutions,160,Special Illustration Rare,,Basic|Tera|ex,1017,Pokémon,2025/01/17,tcgplayer,https://prices.pokemontcg.io/tcgplayer/sv8pt5-160,https://images.pokemontcg.io/sv8pt5/160_hires.png,2026/08/08,,14.31,12.680000305175781,16.389999389648438,999.0,,,,,,,,,,,,,,,,,2026-08-09
sv8pt5-162,Roaring Moon ex,holofoil,Prismatic Evolutions,162,Special Illustration Rare,,Basic|ex|Ancient,,Pokémon,2025/01/17,tcgplayer,https://prices.pokemontcg.io/tcgplayer/sv8pt5-162,https://images.pokemontcg.io/sv8pt5/162_hires.png,2026/08/08,,173.8,153.0399932861328,184.0800018310547,1569.8699951171875,,,,,,,,,,,,,,,,,2026-08-09
sv8pt5-161,Umbreon ex,holofoil,Prismatic Evolutions,161,Special Illustration Rare,,Stage 1|Tera|ex,197,Pokémon,2025/01/17,tcgplayer,https://prices.pokemontcg.io/tcgplayer/sv8pt5-161,https://images.pokemontcg.io/sv8pt5/161_hires.png,2026/08/08,,1480.32,1245.0,1596.780029296875,3996.9599609375,,,,,,,,,,,,,,,,,2026-08-09
sv8pt5-163,Pecharunt ex,holofoil,Prismatic Evolutions,163,Special Illustration Rare,,Basic|ex,1025,Pokémon,2025/01/17,tcgplayer,https://prices.pokemontcg.io/tcgplayer/sv8pt5-163,https://images.pokemontcg.io/sv8pt5/163_hires.png,2026/08/08,,30.78,27.989999771118164,31.799999237060547,999.0,,,,,,,,,,,,,,,,,2026-08-09
sv8pt5-164,Gholdengo ex,holofoil,Prismatic Evolutions,164,Special Illustration Rare,,Stage 1|ex,1000,Pokémon,2025/01/17,tcgplayer,https://prices.pokemontcg.io/tcgplayer/sv8pt5-164,https://images.pokemontcg.io/sv8pt5/164_hires.png,2026/08/08,,51.66,49.29999923706055,56.83000183105469,999.0,,,,,,,,,,,,,,,,,2026-08-09
sv8pt5-165,Dragapult ex,holofoil,Prismatic Evolutions,165,Special Illustration Rare,,Stage 2|Tera|ex,887,Pokémon,2025/01/17,tcgplayer,https://prices.pokemontcg.io/tcgplayer/sv8pt5-165,https://images.pokemontcg.io/sv8pt5/165_hires.png,2026/08/08,,112.96,105.0,122.4000015258789,1609.9000244140625,,,,,,,,,,,,,,,,,2026-08-09
sv8pt5-166,Raging Bolt ex,holofoil,Prismatic Evolutions,166,Special Illustration Rare,,Basic|ex|Ancient,,Pokémon,2025/01/17,tcgplayer,https://prices.pokemontcg.io/tcgplayer/sv8pt5-166,https://images.pokemontcg.io/sv8pt5/166_hires.png,2026/08/08,,68.83,65.0,74.91000366210938,999.0,,,,,,,,,,,,,,,,,2026-08-09
sv8pt5-167,Eevee ex,holofoil,Prismatic Evolutions,167,Special Illustration Rare,,Basic|Tera|ex,133,Pokémon,2025/01/17,tcgplayer,https://prices.pokemontcg.io/tcgplayer/sv8pt5-167,https://images.pokemontcg.io/sv8pt5/167_hires.png,2026/08/08,,187.19,179.41000366210938,205.3800048828125,3009.800048828125,,,,,,,,,,,,,,,,,2026-08-09
sv8pt5-168,Bloodmoon Ursaluna ex,holofoil,Prismatic Evolutions,168,Special Illustration Rare,,Basic|ex,901,Pokémon,2025/01/17,tcgplayer,https://prices.pokemontcg.io/tcgplayer/sv8pt5-168,https://images.pokemontcg.io/sv8pt5/168_hires.png,2026/08/08,,66.35,60.0,73.18000030517578,999.0,,,,,,,,,,,,,,,,,2026-08-09
sv8pt5-169,Terapagos ex,holofoil,Prismatic Evolutions,169,Special Illustration Rare,,Basic|Tera|ex,1024,Pokémon,2025/01/17,tcgplayer,https://prices.pokemontcg.io/tcgplayer/sv8pt5-169,https://images.pokemontcg.io/sv8pt5/169_hires.png,2026/08/08,,33.01,31.18000030517578,39.0,999.0,,,,,,,,,,,,,,,,,2026-08-09
sv8pt5-170,Amarys,holofoil,Prismatic Evolutions,170,Special Illustration Rare,,Supporter,,Trainer,2025/01/17,tcgplayer,https://prices.pokemontcg.io/tcgplayer/sv8pt5-170,https://images.pokemontcg.io/sv8pt5/170_hires.png,2026/08/08,,13.9,11.829999923706055,15.920000076293945,999.0,,,,,,,,,,,,,,,,,2026-08-09
sv8pt5-171,Crispin,holofoil,Prismatic Evolutions,171,Special Illustration Rare,,Supporter,,Trainer,2025/01/17,tcgplayer,https://prices.pokemontcg.io/tcgplayer/sv8pt5-171,https://images.pokemontcg.io/sv8pt5/171_hires.png,2026/08/08,,35.25,31.229999542236328,39.470001220703125,999.0,,,,,,,,,,,,,,,,,2026-08-09
sv8pt5-176,Iron Leaves ex,holofoil,Prismatic Evolutions,176,Hyper Rare,,Basic|ex|Future,,Pokémon,2025/01/17,tcgplayer,https://prices.pokemontcg.io/tcgplayer/sv8pt5-176,https://images.pokemontcg.io/sv8pt5/176_hires.png,2026/08/08,,5.68,4.25,6.210000038146973,999.0,,,,,,,,,,,,,,,,,2026-08-09
sv8pt5-174,Kieran,holofoil,Prismatic Evolutions,174,Special Illustration Rare,,Supporter,,Trainer,2025/01/17,tcgplayer,https://prices.pokemontcg.io/tcgplayer/sv8pt5-174,https://images.pokemontcg.io/sv8pt5/174_hires.png,2026/08/08,,19.07,16.25,21.0,999.0,,,,,,,,,,,,,,,,,2026-08-09
sv8pt5-177,Teal Mask Ogerpon ex,holofoil,Prismatic Evolutions,177,Hyper Rare,,Basic|Tera|ex,1017,Pokémon,2025/01/17,tcgplayer,https://prices.pokemontcg.io/tcgplayer/sv8pt5-177,https://images.pokemontcg.io/sv8pt5/177_hires.png,2026/08/08,,8.48,6.630000114440918,10.109999656677246,999.0,,,,,,,,,,,,,,,,,2026-08-09
sv8pt5-178,Walking Wake ex,holofoil,Prismatic Evolutions,178,Hyper Rare,,Basic|ex|Ancient,,Pokémon,2025/01/17,tcgplayer,https://prices.pokemontcg.io/tcgplayer/sv8pt5-178,https://images.pokemontcg.io/sv8pt5/178_hires.png,2026/08/08,,6.1,4.340000152587891,7.260000228881836,999.0,,,,,,,,,,,,,,,,,2026-08-09
sv8pt5-180,Terapagos ex,holofoil,Prismatic Evolutions,180,Hyper Rare,,Basic|Tera|ex,1024,Pokémon,2025/01/17,tcgplayer,https://prices.pokemontcg.io/tcgplayer/sv8pt5-180,https://images.pokemontcg.io/sv8pt5/180_hires.png,2026/08/08,,10.3,8.0,11.329999923706055,999.0,,,,,,,,,,,,,,,,,2026-08-09
sv8pt5-172,Drayton,holofoil,Prismatic Evolutions,172,Special Illustration Rare,,Supporter,,Trainer,2025/01/17,tcgplayer,https://prices.pokemontcg.io/tcgplayer/sv8pt5-172,https://images.pokemontcg.io/sv8pt5/172_hires.png,2026/08/08,,15.48,14.989999771118164,17.84000015258789,999.0,,,,,,,,,,,,,,,,,2026-08-09
sv8pt5-173,Janine's Secret Art,holofoil,Prismatic Evolutions,173,Special Illustration Rare,,Supporter,,Trainer,2025/01/17,tcgplayer,https://prices.pokemontcg.io/tcgplayer/sv8pt5-173,https://images.pokemontcg.io/sv8pt5/173_hires.png,2026/08/08,,26.27,22.350000381469727,29.579999923706055,9999.0,,,,,,,,,,,,,,,,,2026-08-09
sv8pt5-175,Lacey,holofoil,Prismatic Evolutions,175,Special Illustration Rare,,Supporter,,Trainer,2025/01/17,tcgplayer,https://prices.pokemontcg.io/tcgplayer/sv8pt5-175,https://images.pokemontcg.io/sv8pt5/175_hires.png,2026/08/08,,27.69,25.0,29.989999771118164,999.0,,,,,,,,,,,,,,,,,2026-08-09
sv8pt5-179,Pikachu ex,holofoil,Prismatic Evolutions,179,Hyper Rare,,Basic|Tera|ex,25,Pokémon,2025/01/17,tcgplayer,https://prices.pokemontcg.io/tcgplayer/sv8pt5-179,https://images.pokemontcg.io/sv8pt5/179_hires.png,2026/08/08,,61.04,57.0,69.69000244140625,999.0,,,,,,,,,,,,,,,,,2026-08-09
sv9-1,Caterpie,normal,Journey Together,1,Common,Shimaris Yukichi,Basic,10,Pokémon,2025/03/28,"tcgplayer,cardmarket",https://prices.pokemontcg.io/tcgplayer/sv9-1,https://images.pokemontcg.io/sv9/1_hires.png,2026/08/08,2026/07/01,0.07,0.009999999776482582,0.15000000596046448,19.979999542236328,,0.25,,,,0.0346,0.0231,0.0346,0.1384,0.09229999780654907,0.0692,0.0461,0.1038,0.1384,0.1384,1.1535,2026-08-09
sv9-2,Metapod,normal,Journey Together,2,Common,OKUBO,Stage 1,11,Pokémon,2025/03/28,"tcgplayer,cardmarket",https://prices.pokemontcg.io/tcgplayer/sv9-2,https://images.pokemontcg.io/sv9/2_hires.png,2026/08/08,2026/07/01,0.14,0.009999999776482582,0.18000000715255737,19.979999542236328,,0.23,,,,0.0577,0.0231,0.0461,0.15,0.023099999874830246,0.0577,0.0577,0.2653,0.173,0.15,1.1535,2026-08-09
sv9-3,Butterfree,holofoil,Journey Together,3,Rare,satoma,Stage 2,12,Pokémon,2025/03/28,"tcgplayer,cardmarket",https://prices.pokemontcg.io/tcgplayer/sv9-3,https://images.pokemontcg.io/sv9/3_hires.png,2026/08/08,2026/07/01,0.21,0.009999999776482582,0.23999999463558197,40.0,,0.48,,,,0.0807,0.0231,0.1038,0.3807,0.05770000070333481,0.1269,0.1154,0.15,0.2768,0.3345,1.1535,2026-08-09
sv9-4,Paras,normal,Journey Together,4,Common,Ayako Ozaki,Basic,46,Pokémon,2025/03/28,"tcgplayer,cardmarket",https://prices.pokemontcg.io/tcgplayer/sv9-4,https://images.pokemontcg.io/sv9/4_hires.png,2026/08/08,2026/07/01,0.13,0.009999999776482582,0.15000000596046448,19.979999542236328,,0.26,,,,0.0461,0.0231,0.0461,0.1384,0.023099999874830246,0.0461,0.0461,0.0346,0.1269,0.1384,1.1535,2026-08-09
sv9-5,Parasect,normal,Journey Together,5,Common,Tetsu Kayama,Stage 1,47,Pokémon,2025/03/28,"tcgplayer,cardmarket",https://prices.pokemontcg.io/tcgplayer/sv9-5,https://images.pokemontcg.io/sv9/5_hires.png,2026/08/08,2026/07/01,0.08,0.009999999776482582,0.17000000178813934,1000.0,,0.22,,,,0.0461,0.0231,0.0346,0.1269,0.09229999780654907,0.0461,0.0461,0.1154,0.1154,0.1269,1.1535,2026-08-09
sv9-6,Petilil,normal,Journey Together,6,Common,Shibuzoh.,Basic,548,Pokémon,2025/03/28,"tcgplayer,cardmarket",https://prices.pokemontcg.io/tcgplayer/sv9-6,https://images.pokemontcg.io/sv9/6_hires.png,2026/08/08,2026/07/01,0.03,0.009999999776482582,0.15000000596046448,19.979999542236328,,0.21,,,,0.0346,0.0231,0.0346,0.1154,0.04610000178217888,0.0231,0.0231,0.346,0.1038,0.1154,1.1535,2026-08-09
sv9-7,Lilligant,normal,Journey Together,7,Common,Jiro Sasumo,Stage 1,549,Pokémon,2025/03/28,"tcgplayer,cardmarket",https://prices.pokemontcg.io/tcgplayer/sv9-7,https://images.pokemontcg.io/sv9/7_hires.png,2026/08/08,2026/07/01,0.17,0.009999999776482582,0.20000000298023224,19.979999542236328,,0.3,,,,0.0577,0.0231,0.0577,0.1384,0.09229999780654907,0.0461,0.0577,0.0577,0.0923,0.1269,1.1535,2026-08-09
sv9-8,Maractus,normal,Journey Together,8,Uncommon,Dsuke,Basic,556,Pokémon,2025/03/28,"tcgplayer,cardmarket",https://prices.pokemontcg.io/tcgplayer/sv9-8,https://images.pokemontcg.io/sv9/8_hires.png,2026/08/08,2026/07/01,0.14,0.009999999776482582,0.15000000596046448,19.979999542236328,,0.24,,,,0.0346,0.0231,0.0346,0.1154,0.05770000070333481,0.0346,0.0346,0.0461,0.0692,0.1154,1.1535,2026-08-09
sv9-9,Karrablast,normal,Journey Together,9,Common,Yuka Morii,Basic,588,Pokémon,2025/03/28,"tcgplayer,cardmarket",https://prices.pokemontcg.io/tcgplayer/sv9-9,https://images.pokemontcg.io/sv9/9_hires.png,2026/08/08,2026/07/01,0.17,0.009999999776482582,0.18000000715255737,19.979999542236328,,0.21,,,,0.0346,0.0231,0.0346,0.1269,0.05770000070333481,0.0346,0.0346,0.0807,0.1384,0.1269,1.1535,2026-08-09
sv9-10,Foongus,normal,Journey Together,10,Common,Saboteri,Basic,590,Pokémon,2025/03/28,"tcgplayer,cardmarket",https://prices.pokemontcg.io/tcgplayer/sv9-10,https://images.pokemontcg.io/sv9/10_hires.png,2026/08/08,2026/07/01,0.03,0.009999999776482582,0.15000000596046448,19.979999542236328,,0.17,,,,0.0346,0.0231,0.0346,0.1038,0.08070000261068344,0.0346,0.0346,0.0231,0.0807,0.0923,1.1535,2026-08-09
sv9-11,Amoonguss ex,holofoil,Journey Together,11,Double Rare,PLANETA Mochizuki,Stage 1|ex,591,Pokémon,2025/03/28,"tcgplayer,cardmarket",https://prices.pokemontcg.io/tcgplayer/sv9-11,https://images.pokemontcg.io/sv9/11_hires.png,2026/08/08,2026/07/01,0.64,0.30000001192092896,0.75,9999.0,,,,,,0.5998,0.0231,0.496,0.0,0.41530001163482666,0.5421,0.5767,0.0,0.0,0.0,1.1535,2026-08-09
sv9-12,Shelmet,normal,Journey Together,12,Common,Toshinao Aoki,Basic,616,Pokémon,2025/03/28,"tcgplayer,cardmarket",https://prices.pokemontcg.io/tcgplayer/sv9-12,https://images.pokemontcg.io/sv9/12_hires.png,2026/08/08,2026/07/01,0.03,0.009999999776482582,0.15000000596046448,19.979999542236328,,0.26,,,,0.0231,0.0231,0.0346,0.1038,0.05770000070333481,0.0346,0.0231,0.0923,0.0923,0.1154,1.1535,2026-08-09
sv9-13,Accelgor,normal,Journey Together,13,Uncommon,Kazumasa Yasukuni,Stage 1,617,Pokémon,2025/03/28,"tcgplayer,cardmarket",https://prices.pokemontcg.io/tcgplayer/sv9-13,https://images.pokemontcg.io/sv9/13_hires.png,2026/08/08,2026/06/22,0.03,0.009999999776482582,0.15000000596046448,6.989999771118164,,0.24,,,,0.0346,0.0231,0.0231,0.1384,0.023099999874830246,0.0231,0.0346,0.0577,0.1384,0.1384,1.1535,2026-08-09
sv9-14,Durant,normal,Journey Together,14,Common,KEIICHIRO ITO,Basic,632,Pokémon,2025/03/28,"tcgplayer,cardmarket",https://prices.pokemontcg.io/tcgplayer/sv9-14,https://images.pokemontcg.io/sv9/14_hires.png,2026/08/08,2026/06/22,0.07,0.009999999776482582,0.15000000596046448,19.979999542236328,,0.22,,,,0.0346,0.0231,0.0346,0.1154,0.03460000082850456,0.0346,0.0346,0.0577,0.0923,0.1038,1.1535,2026-08-09
sv9-15,Virizion,normal,Journey Together,15,Uncommon,Anesaki Dynamic,Basic,640,Pokémon,2025/03/28,"tcgplayer,cardmarket",https://prices.pokemontcg.io/tcgplayer/sv9-15,https://images.pokemontcg.io/sv9/15_hires.png,2026/08/08,2026/06/22,0.02,0.009999999776482582,0.15000000596046448,19.979999542236328,,0.36,,,,0.0346,0.0231,0.0231,0.5191,0.023099999874830246,0.0231,0.0346,0.2884,0.4729,0.5191,1.1535,2026-08-09
sv9-16,Sprigatito,normal,Journey Together,16,Common,Mina Nakai,Basic,906,Pokémon,2025/03/28,"tcgplayer,cardmarket",https://prices.pokemontcg.io/tcgplayer/sv9-16,https://images.pokemontcg.io/sv9/16_hires.png,2026/08/08,2026/06/22,0.07,0.009999999776482582,0.15000000596046448,1000.0,,0.27,,,,0.0346,0.0231,0.0346,0.15,0.023099999874830246,0.0346,0.0346,0.0461,0.1038,0.15,1.1535,2026-08-09
sv9-17,Floragato,normal,Journey Together,17,Common,Felicia Chen,Stage 1,907,Pokémon,2025/03/28,"tcgplayer,cardmarket",https://prices.pokemontcg.io/tcgplayer/sv9-17,https://images.pokemontcg.io/sv9/17_hires.png,2026/08/08,2026/06/22,0.17,0.009999999776482582,0.20000000298023224,19.979999542236328,,0.28,,,,0.0577,0.0231,0.0461,0.15,0.03460000082850456,0.0346,0.0577,0.15,0.1384,0.1384,1.1535,2026-08-09
sv9-18,Meowscarada,holofoil,Journey Together,18,Rare,kodama,Stage 2,908,Pokémon,2025/03/28,"tcgplayer,cardmarket",https://prices.pokemontcg.io/tcgplayer/sv9-18,https://images.pokemontcg.io/sv9/18_hires.png,2026/08/08,2026/06/22,0.18,0.009999999776482582,0.20999999344348907,19.979999542236328,,0.49,,,,0.0807,0.0231,0.0577,0.2884,0.05770000070333481,0.0692,0.0807,0.2076,0.346,0.2999,1.1535,2026-08-09
sv9-19,Nymble,normal,Journey Together,19,Common,Ayako Ozaki,Basic,919,Pokémon,2025/03/28,"tcgplayer,cardmarket",https://prices.pokemontcg.io/tcgplayer/sv9-19,https://images.pokemontcg.io/sv9/19_hires.png,2026/08/08,2026/06/02,0.03,0.009999999776482582,0.15000000596046448,19.979999542236328,,0.26,,,,0.0346,0.0231,0.0461,0.1154,0.03460000082850456,0.0461,0.0346,0.15,0.15,0.1154,1.1535,2026-08-09
sv9-20,Magmar,normal,Journey Together,20,Common,Naoyo Kimura,Basic,126,Pokémon,2025/03/28,"tcgplayer,cardmarket",https://prices.pokemontcg.io/tcgplayer/sv9-20,https://images.pokemontcg.io/sv9/20_hires.png,2026/08/08,2026/05/14,0.09,0.009999999776482582,0.15000000596046448,19.979999542236328,,0.25,,,,0.0346,0.0231,0.0346,0.1269,0.03460000082850456,0.0346,0.0346,0.2192,0.1615,0.1384,1.1535,2026-08-09
sv9-21,Magmortar,holofoil,Journey Together,21,Rare,Tonji Matsuno,Stage 1,467,Pokémon,2025/03/28,"tcgplayer,cardmarket",https://prices.pokemontcg.io/tcgplayer/sv9-21,https://images.pokemontcg.io/sv9/21_hires.png,2026/08/08,2026/05/14,0.17,0.009999999776482582,0.20000000298023224,19.979999542236328,,0.34,,,,0.0807,0.0231,0.0577,0.3922,0.06920000165700912,0.0577,0.0692,0.3691,0.6344,0.4037,1.1535,2026-08-09
sv9-22,Torchic,normal,Journey Together,22,Common,OKACHEKE,Basic,255,Pokémon,2025/03/28,"tcgplayer,cardmarket",https://prices.pokemontcg.io/tcgplayer/sv9-22,https://images.pokemontcg.io/sv9/22_hires.png,2026/08/08,2026/05/14,0.12,0.009999999776482582,0.15000000596046448,6.989999771118164,,0.26,,,,0.0346,0.0231,0.0692,0.1846,0.03460000082850456,0.0692,0.0461,0.1269,0.1154,0.1846,1.1535,2026-08-09
sv9-23,Combusken,normal,Journey Together,23,Uncommon,Fujimoto Gold,Stage 1,256,Pokémon,2025/03/28,"tcgplayer,cardmarket",https://prices.pokemontcg.io/tcgplayer/sv9-23,https://images.pokemontcg.io/sv9/23_hires.png,2026/08/08,2026/05/14,0.04,0.009999999776482582,0.15000000596046448,19.979999542236328,,0.25,,,,0.0346,0.0231,0.0461,0.15,0.04610000178217888,0.0461,0.0346,0.1154,0.1269,0.15,1.1535,2026-08-09
sv9-24,Blaziken ex,holofoil,Journey Together,24,Double Rare,takuyoa,Stage 2|ex,257,Pokémon,2025/03/28,"tcgplayer,cardmarket",https://prices.pokemontcg.io/tcgplayer/sv9-24,https://images.pokemontcg.io/sv9/24_hires.png,2026/08/08,2026/04/19,1.38,0.800000011920929,1.659999966621399,199.99000549316406,,,,,,1.8225,0.9228,2.7338,0.0,2.4570000171661377,2.5377,1.9725,0.0,0.0,0.0,1.1535,2026-08-09
sv9-25,Torkoal,normal,Journey Together,25,Common,kodama,Basic,324,Pokémon,2025/03/28,"tcgplayer,cardmarket",https://prices.pokemontcg.io/tcgplayer/sv9-25,https://images.pokemontcg.io/sv9/25_hires.png,2026/08/08,2026/04/19,0.17,0.009999999776482582,0.20000000298023224,19.979999542236328,,0.21,,,,0.0461,0.0231,0.0692,0.0923,0.03460000082850456,0.0692,0.0461,0.3114,0.15,0.1154,1.1535,2026-08-09
sv9-26,N's Darumaka,normal,Journey Together,26,Common,Gemi,Basic,554,Pokémon,2025/03/28,"tcgplayer,cardmarket",https://prices.pokemontcg.io/tcgplayer/sv9-26,https://images.pokemontcg.io/sv9/26_hires.png,2026/08/08,2026/04/19,0.09,0.009999999776482582,0.20000000298023224,1000.0,,0.24,,,,0.0577,0.0231,0.0461,0.173,0.03460000082850456,0.0577,0.0692,0.173,0.2538,0.173,1.1535,2026-08-09
sv9-27,N's Darmanitan,normal,Journey Together,27,Uncommon,nagimiso,Stage 1,555,Pokémon,2025/03/28,"tcgplayer,cardmarket",https://prices.pokemontcg.io/tcgplayer/sv9-27,https://images.pokemontcg.io/sv9/27_hires.png,2026/08/08,2026/04/19,0.08,0.009999999776482582,0.1899999976158142,19.979999542236328,,0.39,,,,0.0692,0.0231,0.0692,0.4383,0.17299999296665192,0.0692,0.0692,1.9956,0.6114,0.4729,1.1535,2026-08-09
sv9-28,Larvesta,normal,Journey Together,28,Common,Kyoko Umemoto,Basic,636,Pokémon,2025/03/28,"tcgplayer,cardmarket",https://prices.pokemontcg.io/tcgplayer/sv9-28,https://images.pokemontcg.io/sv9/28_hires.png,2026/08/08,2026/04/19,0.03,0.009999999776482582,0.15000000596046448,19.979999542236328,,0.21,,,,0.0346,0.0231,0.0346,0.1038,0.023099999874830246,0.0231,0.0231,0.2422,0.1384,0.1154,1.1535,2026-08-09
sv9-29,Volcarona,normal,Journey Together,29,Uncommon,Mitsuhiro Arita,Stage 1,637,Pokémon,2025/03/28,"tcgplayer,cardmarket",https://prices.pokemontcg.io/tcgplayer/sv9-29,https://images.pokemontcg.io/sv9/29_hires.png,2026/08/08,2026/03/13,0.05,0.009999999776482582,0.15000000596046448,19.979999542236328,,0.22,,,,0.0346,0.0231,0.0346,0.1154,0.023099999874830246,0.0346,0.0346,0.0923,0.1269,0.1384,1.1535,2026-08-09
sv9-30,Reshiram ex,holofoil,Journey Together,30,Double Rare,PLANETA Mochizuki,Basic|ex,643,Pokémon,2025/03/28,"tcgplayer,cardmarket",https://prices.pokemontcg.io/tcgplayer/sv9-30,https://images.pokemontcg.io/sv9/30_hires.png,2026/08/08,2026/03/08,0.71,0.23999999463558197,0.800000011920929,9999.0,,,,,,0.6806,0.0923,0.6575,0.0,0.5421000123023987,0.669,0.6806,0.0,0.0,0.0,1.1535,2026-08-09
sv9-31,Volcanion ex,holofoil,Journey Together,31,Double Rare,5ban Graphics,Basic|ex,721,Pokémon,2025/03/28,"tcgplayer,cardmarket",https://prices.pokemontcg.io/tcgplayer/sv9-31,https://images.pokemontcg.io/sv9/31_hires.png,2026/08/08,2026/03/08,0.77,0.3499999940395355,0.8500000238418579,19.780000686645508,,,,,,0.7152,0.0231,0.6229,0.0,0.41530001163482666,0.646,0.669,0.0,0.0,0.0,1.1535,2026-08-09
sv9-32,Articuno,normal,Journey Together,32,Uncommon,Takumi Wada,Basic,144,Pokémon,2025/03/28,"tcgplayer,cardmarket",https://prices.pokemontcg.io/tcgplayer/sv9-32,https://images.pokemontcg.io/sv9/32_hires.png,2026/08/08,2026/02/24,0.13,0.009999999776482582,0.17000000178813934,1000.0,,0.38,,,,0.0461,0.0231,0.0346,0.5652,0.06920000165700912,0.0461,0.0461,0.7267,0.669,0.5191,1.1535,2026-08-09
sv9-33,Remoraid,normal,Journey Together,33,Common,Minahamu,Basic,223,Pokémon,2025/03/28,"tcgplayer,cardmarket",https://prices.pokemontcg.io/tcgplayer/sv9-33,https://images.pokemontcg.io/sv9/33_hires.png,2026/08/08,2026/02/24,0.02,0.009999999776482582,0.15000000596046448,19.979999542236328,,0.27,,,,0.0346,0.0231,0.0231,0.1269,0.023099999874830246,0.0346,0.0346,0.2307,0.1038,0.1154,1.1535,2026-08-09
sv9-34,Octillery,normal,Journey Together,34,Uncommon,Toshinao Aoki,Stage 1,224,Pokémon,2025/03/28,"tcgplayer,cardmarket",https://prices.pokemontcg.io/tcgplayer/sv9-34,https://images.pokemontcg.io/sv9/34_hires.png,2026/08/08,2026/02/24,0.03,0.009999999776482582,0.15000000596046448,1000.0,,0.36,,,,0.0346,0.0231,0.0231,0.4268,0.023099999874830246,0.0346,0.0346,0.0692,0.4614,0.4729,1.1535,2026-08-09
sv9-35,Lotad,normal,Journey Together,35,Common,Ayako Ozaki,Basic,270,Pokémon,2025/03/28,"tcgplayer,cardmarket",https://prices.pokemontcg.io/tcgplayer/sv9-35,https://images.pokemontcg.io/sv9/35_hires.png,2026/08/08,2026/02/24,0.11,0.009999999776482582,0.15000000596046448,1000.0,,0.24,,,,0.0461,0.0231,0.0577,0.1154,0.1615000069141388,0.0461,0.0461,0.1615,0.1269,0.1384,1.1535,2026-08-09
sv9-36,Lombre,normal,Journey Together,36,Common,Mousho,Stage 1,271,Pokémon,2025/03/28,"tcgplayer,cardmarket",https://prices.pokemontcg.io/tcgplayer/sv9-36,https://images.pokemontcg.io/sv9/36_hires.png,2026/08/08,2026/02/24,0.09,0.009999999776482582,0.1599999964237213,19.979999542236328,,0.25,,,,0.0461,0.0231,0.0692,0.1154,0.03460000082850456,0.0461,0.0461,0.0692,0.15,0.1154,1.1535,2026-08-09
sv9-37,Ludicolo,holofoil,Journey Together,37,Rare,Jerky,Stage 2,272,Pokémon,2025/03/28,"tcgplayer,cardmarket",https://prices.pokemontcg.io/tcgplayer/sv9-37,https://images.pokemontcg.io/sv9/37_hires.png,2026/08/08,2026/02/24,0.2,0.009999999776482582,0.20000000298023224,19.959999084472656,,0.56,,,,0.0807,0.0231,0.0807,0.346,0.09229999780654907,0.0692,0.0692,0.1038,0.2076,0.2999,1.1535,2026-08-09
sv9-38,Wingull,normal,Journey Together,38,Common,Mékayu,Basic,278,Pokémon,2025/03/28,"tcgplayer,cardmarket",https://prices.pokemontcg.io/tcgplayer/sv9-38,https://images.pokemontcg.io/sv9/38_hires.png,2026/08/08,2026/02/24,0.05,0.009999999776482582,0.15000000596046448,19.979999542236328,,0.24,,,,0.0346,0.0231,0.0346,0.1038,0.03460000082850456,0.0346,0.0346,0.0577,0.1038,0.1038,1.1535,2026-08-09
sv9-39,Pelipper,normal,Journey Together,39,Uncommon,Nelnal,Stage 1,279,Pokémon,2025/03/28,"tcgplayer,cardmarket",https://prices.pokemontcg.io/tcgplayer/sv9-39,https://images.pokemontcg.io/sv9/39_hires.png,2026/08/08,2026/02/24,0.02,0.009999999776482582,0.15000000596046448,19.979999542236328,,0.2,,,,0.0346,0.0231,0.0346,0.1154,0.023099999874830246,0.0346,0.0346,0.0807,0.1269,0.1269,1.1535,2026-08-09
sv9-40,Wailmer,normal,Journey Together,40,Common,Shinya Mizuno,Basic,320,Pokémon,2025/03/28,"tcgplayer,cardmarket",https://prices.pokemontcg.io/tcgplayer/sv9-40,https://images.pokemontcg.io/sv9/40_hires.png,2026/08/08,2026/02/21,0.06,0.009999999776482582,0.15000000596046448,19.979999542236328,,0.26,,,,0.0346,0.0231,0.0231,0.1154,0.023099999874830246,0.0346,0.0461,0.2422,0.1154,0.1269,1.1535,2026-08-09
sv9-41,Wailord,holofoil,Journey Together,41,Rare,Takeshi Nakamura,Stage 1,321,Pokémon,2025/03/28,"tcgplayer,cardmarket",https://prices.pokemontcg.io/tcgplayer/sv9-41,https://images.pokemontcg.io/sv9/41_hires.png,2026/08/08,2026/02/21,0.17,0.009999999776482582,0.20000000298023224,17.540000915527344,,0.58,,,,0.0807,0.0231,0.0692,0.323,0.04610000178217888,0.0577,0.0807,0.2884,0.2768,0.323,1.1535,2026-08-09
sv9-42,Regice,normal,Journey Together,42,Uncommon,Takumi Wada,Basic,378,Pokémon,2025/03/28,"tcgplayer,cardmarket",https://prices.pokemontcg.io/tcgplayer/sv9-42,https://images.pokemontcg.io/sv9/42_hires.png,2026/08/08,2026/02/21,0.05,0.009999999776482582,0.15000000596046448,19.979999542236328,,0.41,,,,0.0346,0.0231,0.0461,0.5191,0.05770000070333481,0.0461,0.0346,0.6575,0.7036,0.5075,1.1535,2026-08-09
sv9-43,Veluza ex,holofoil,Journey Together,43,Double Rare,5ban Graphics,Basic|ex,976,Pokémon,2025/03/28,"tcgplayer,cardmarket",https://prices.pokemontcg.io/tcgplayer/sv9-43,https://images.pokemontcg.io/sv9/43_hires.png,2026/08/08,2026/02/19,0.57,0.20999999344348907,0.75,50.0,,,,,,0.5537,0.0346,0.5767,0.0,0.5074999928474426,0.5537,0.5537,0.0,0.0,0.0,1.1535,2026-08-09
sv9-44,Alolan Geodude,normal,Journey Together,44,Common,svlt,Basic,74,Pokémon,2025/03/28,"tcgplayer,cardmarket",https://prices.pokemontcg.io/tcgplayer/sv9-44,https://images.pokemontcg.io/sv9/44_hires.png,2026/08/08,2026/02/19,0.09,0.009999999776482582,0.15000000596046448,19.979999542236328,,0.2,,,,0.0346,0.0231,0.0231,0.1154,0.03460000082850456,0.0231,0.0231,0.1269,0.1038,0.1154,1.1535,2026-08-09
sv9-45,Alolan Graveler,normal,Journey Together,45,Common,HYOGONOSUKE,Stage 1,75,Pokémon,2025/03/28,"tcgplayer,cardmarket",https://prices.pokemontcg.io/tcgplayer/sv9-45,https://images.pokemontcg.io/sv9/45_hires.png,2026/08/08,2026/02/19,0.06,0.009999999776482582,0.15000000596046448,6.989999771118164,,0.18,,,,0.0461,0.0231,0.0346,0.1269,0.03460000082850456,0.0346,0.0461,0.0923,0.1038,0.1154,1.1535,2026-08-09
sv9-46,Alolan Golem,normal,Journey Together,46,Uncommon,Takeshi Nakamura,Stage 2,76,Pokémon,2025/03/28,"tcgplayer,cardmarket",https://prices.pokemontcg.io/tcgplayer/sv9-46,https://images.pokemontcg.io/sv9/46_hires.png,2026/08/08,2026/02/19,0.07,0.009999999776482582,0.15000000596046448,19.979999542236328,,0.32,,,,0.0461,0.0231,0.0346,0.2999,0.023099999874830246,0.0346,0.0346,0.1961,0.3345,0.3114,1.1535,2026-08-09
sv9-47,Iono's Voltorb,normal,Journey Together,47,Common,Kazumasa Yasukuni,Basic,100,Pokémon,2025/03/28,"tcgplayer,cardmarket",https://prices.pokemontcg.io/tcgplayer/sv9-47,https://images.pokemontcg.io/sv9/47_hires.png,2026/08/08,2026/02/19,0.2,0.009999999776482582,0.20000000298023224,19.979999542236328,,0.27,,,,0.0692,0.0231,0.0692,0.1384,0.11540000140666962,0.0923,0.0577,0.1038,0.173,0.1384,1.1535,2026-08-09
sv9-48,Iono's Electrode,normal,Journey Together,48,Uncommon,GOTO minori,Stage 1,101,Pokémon,2025/03/28,"tcgplayer,cardmarket",https://prices.pokemontcg.io/tcgplayer/sv9-48,https://images.pokemontcg.io/sv9/48_hires.png,2026/08/08,2026/02/19,0.09,0.009999999776482582,0.15000000596046448,1000.0,,0.43,,,,0.0346,0.0231,0.0346,0.5537,0.023099999874830246,0.0346,0.0346,0.3345,0.4268,0.5767,1.1535,2026-08-09
sv9-49,N's Joltik,normal,Journey Together,49,Common,Iori Suzuki,Basic,595,Pokémon,2025/03/28,"tcgplayer,cardmarket",https://prices.pokemontcg.io/tcgplayer/sv9-49,https://images.pokemontcg.io/sv9/49_hires.png,2026/08/08,2026/02/19,0.13,0.009999999776482582,0.15000000596046448,19.979999542236328,,0.24,,,,0.0346,0.0231,0.0346,0.1154,0.03460000082850456,0.0346,0.0346,0.0923,0.1269,0.1269,1.1535,2026-08-09
sv9-50,Togedemaru,normal,Journey Together,50,Common,Susumu Maeya,Basic,777,Pokémon,2025/03/28,"tcgplayer,cardmarket",https://prices.pokemontcg.io/tcgplayer/sv9-50,https://images.pokemontcg.io/sv9/50_hires.png,2026/08/08,2026/02/01,0.11,0.009999999776482582,0.1599999964237213,19.979999542236328,,0.22,,,,0.0346,0.0231,0.0346,0.1038,0.06920000165700912,0.0346,0.0346,0.1269,0.1154,0.1038,1.1535,2026-08-09
sv9-51,Tapu Koko ex,holofoil,Journey Together,51,Double Rare,PLANETA Igarashi,Basic|ex,785,Pokémon,2025/03/28,"tcgplayer,cardmarket",https://prices.pokemontcg.io/tcgplayer/sv9-51,https://images.pokemontcg.io/sv9/51_hires.png,2026/08/08,2026/02/01,0.65,0.14000000059604645,0.75,50.0,,,,,,0.5767,0.0231,0.5767,0.0,0.5536999702453613,0.5652,0.5652,0.0,0.0,0.0,1.1535,2026-08-09
sv9-52,Iono's Tadbulb,normal,Journey Together,52,Common,kurumitsu,Basic,938,Pokémon,2025/03/28,"tcgplayer,cardmarket",https://prices.pokemontcg.io/tcgplayer/sv9-52,https://images.pokemontcg.io/sv9/52_hires.png,2026/08/08,2026/02/01,0.2,0.009999999776482582,0.20999999344348907,19.979999542236328,,0.27,,,,0.0692,0.0231,0.0692,0.1269,0.04610000178217888,0.0692,0.0692,0.1384,0.1384,0.1269,1.1535,2026-08-09
sv9-53,Iono's Bellibolt ex,holofoil,Journey Together,53,Double Rare,5ban Graphics,Stage 1|ex,939,Pokémon,2025/03/28,"tcgplayer,cardmarket",https://prices.pokemontcg.io/tcgplayer/sv9-53,https://images.pokemontcg.io/sv9/53_hires.png,2026/08/08,2026/02/01,0.64,0.14000000059604645,0.75,70.0,,,,,,0.6344,0.1154,0.669,0.0,0.5882999897003174,0.669,0.6344,0.0,0.0,0.0,1.1535,2026-08-09
sv9-54,Iono's Wattrel,normal,Journey Together,54,Common,Akira Komayama,Basic,940,Pokémon,2025/03/28,"tcgplayer,cardmarket",https://prices.pokemontcg.io/tcgplayer/sv9-54,https://images.pokemontcg.io/sv9/54_hires.png,2026/08/08,2026/02/01,0.16,0.009999999776482582,0.20000000298023224,1000.0,,0.27,,,,0.0807,0.0231,0.0577,0.1269,0.04610000178217888,0.0346,0.0807,0.0923,0.1384,0.1384,1.1535,2026-08-09
sv9-55,Iono's Kilowattrel,holofoil,Journey Together,55,Rare,chibi,Stage 1,941,Pokémon,2025/03/28,"tcgplayer,cardmarket",https://prices.pokemontcg.io/tcgplayer/sv9-55,https://images.pokemontcg.io/sv9/55_hires.png,2026/08/08,2026/02/01,0.14,0.009999999776482582,0.20000000298023224,19.979999542236328,,0.54,,,,0.0807,0.0231,0.0692,0.3691,0.04610000178217888,0.0692,0.0807,0.0577,0.3691,0.3576,1.1535,2026-08-09
sv9-56,Lillie's Clefairy ex,holofoil,Journey Together,56,Double Rare,5ban Graphics,Basic|ex,35,Pokémon,2025/03/28,"tcgplayer,cardmarket",https://prices.pokemontcg.io/tcgplayer/sv9-56,https://images.pokemontcg.io/sv9/56_hires.png,2026/08/08,2026/02/01,3.42,1.0,2.2200000286102295,500.0,,,,,,1.2458,0.4614,1.1189,0.0,1.1649999618530273,1.0728,1.2342,0.0,0.0,0.0,1.1535,2026-08-09
sv9-57,Alolan Marowak,normal,Journey Together,57,Uncommon,Uta,Stage 1,105,Pokémon,2025/03/28,"tcgplayer,cardmarket",https://prices.pokemontcg.io/tcgplayer/sv9-57,https://images.pokemontcg.io/sv9/57_hires.png,2026/08/08,2026/02/01,0.07,0.009999999776482582,0.1599999964237213,19.979999542236328,,0.2,,,,0.0346,0.0231,0.0346,0.1269,0.04610000178217888,0.0346,0.0346,0.0692,0.1154,0.1384,1.1535,2026-08-09
sv9-58,Mr. Mime,normal,Journey Together,58,Common,GOTO minori,Basic,122,Pokémon,2025/03/28,"tcgplayer,cardmarket",https://prices.pokemontcg.io/tcgplayer/sv9-58,https://images.pokemontcg.io/sv9/58_hires.png,2026/08/08,2026/02/01,0.09,0.009999999776482582,0.1599999964237213,1000.0,,0.2,,,,0.0461,0.0231,0.0692,0.1154,0.08070000261068344,0.0461,0.0461,0.0577,0.1038,0.1154,1.1535,2026-08-09
sv9-59,Shuppet,normal,Journey Together,59,Common,miki kudo,Basic,353,Pokémon,2025/03/28,"tcgplayer,cardmarket",https://prices.pokemontcg.io/tcgplayer/sv9-59,https://images.pokemontcg.io/sv9/59_hires.png,2026/08/08,2026/02/01,0.15,0.009999999776482582,0.18000000715255737,19.979999542236328,,0.29,,,,0.0346,0.0231,0.0346,0.1154,0.03460000082850456,0.0346,0.0346,0.1615,0.1038,0.1154,1.1535,2026-08-09
sv9-60,Banette,normal,Journey Together,60,Uncommon,Anesaki Dynamic,Stage 1,354,Pokémon,2025/03/28,"tcgplayer,cardmarket",https://prices.pokemontcg.io/tcgplayer/sv9-60,https://images.pokemontcg.io/sv9/60_hires.png,2026/08/08,2026/02/01,0.07,0.009999999776482582,0.15000000596046448,1000.0,,0.53,,,,0.0461,0.0231,0.0346,0.3345,0.023099999874830246,0.0461,0.0461,0.1961,0.2999,0.323,1.1535,2026-08-09
sv9-61,Beldum,normal,Journey Together,61,Common,Izucch,Basic,374,Pokémon,2025/03/28,"tcgplayer,cardmarket",https://prices.pokemontcg.io/tcgplayer/sv9-61,https://images.pokemontcg.io/sv9/61_hires.png,2026/08/08,2026/01/21,0.09,0.009999999776482582,0.15000000596046448,19.979999542236328,,0.24,,,,0.0346,0.0231,0.0461,0.1154,0.023099999874830246,0.0577,0.0346,0.0807,0.1154,0.1154,1.1535,2026-08-09
sv9-62,Metang,normal,Journey Together,62,Common,Oswaldo KATO,Stage 1,375,Pokémon,2025/03/28,"tcgplayer,cardmarket",https://prices.pokemontcg.io/tcgplayer/sv9-62,https://images.pokemontcg.io/sv9/62_hires.png,2026/08/08,2026/01/19,0.2,0.009999999776482582,0.20000000298023224,19.979999542236328,,0.24,,,,0.0461,0.0231,0.0461,0.1038,0.023099999874830246,0.0346,0.0461,0.1038,0.0923,0.1038,1.1535,2026-08-09
sv9-63,Metagross,holofoil,Journey Together,63,Rare,Mitsuhiro Arita,Stage 2,376,Pokémon,2025/03/28,"tcgplayer,cardmarket",https://prices.pokemontcg.io/tcgplayer/sv9-63,https://images.pokemontcg.io/sv9/63_hires.png,2026/08/08,2026/01/19,0.2,0.009999999776482582,0.20000000298023224,19.979999542236328,,0.69,,,,0.0577,0.0231,0.0692,0.2999,0.04610000178217888,0.0577,0.0577,0.1038,0.2884,0.3114,1.1535,2026-08-09
sv9-64,N's Sigilyph,normal,Journey Together,64,Common,Shiburingaru,Basic,561,Pokémon,2025/03/28,"tcgplayer,cardmarket",https://prices.pokemontcg.io/tcgplayer/sv9-64,https://images.pokemontcg.io/sv9/64_hires.png,2026/08/08,2026/01/19,0.2,0.009999999776482582,0.20000000298023224,19.979999542236328,,0.26,,,,0.0461,0.0231,0.0346,0.1038,0.05770000070333481,0.0461,0.0461,0.0807,0.1154,0.1038,1.1535,2026-08-09
sv9-65,Oricorio,normal,Journey Together,65,Common,aspara,Basic,741,Pokémon,2025/03/28,"tcgplayer,cardmarket",https://prices.pokemontcg.io/tcgplayer/sv9-65,https://images.pokemontcg.io/sv9/65_hires.png,2026/08/08,2026/01/19,0.1,0.009999999776482582,0.1599999964237213,19.979999542236328,,0.24,,,,0.0346,0.0231,0.0577,0.1154,0.03460000082850456,0.0461,0.0346,0.1038,0.1038,0.1154,1.1535,2026-08-09
sv9-66,Lillie's Cutiefly,normal,Journey Together,66,Common,Saya Tsuruta,Basic,742,Pokémon,2025/03/28,"tcgplayer,cardmarket",https://prices.pokemontcg.io/tcgplayer/sv9-66,https://images.pokemontcg.io/sv9/66_hires.png,2026/08/08,2026/01/19,0.09,0.009999999776482582,0.20000000298023224,19.979999542236328,,0.25,,,,0.0461,0.0231,0.0461,0.1269,0.023099999874830246,0.0346,0.0461,0.0807,0.1154,0.1269,1.1535,2026-08-09
sv9-67,Lillie's Ribombee,holofoil,Journey Together,67,Rare,mashu,Stage 1,743,Pokémon,2025/03/28,"tcgplayer,cardmarket",https://prices.pokemontcg.io/tcgplayer/sv9-67,https://images.pokemontcg.io/sv9/67_hires.png,2026/08/08,2026/01/19,0.17,0.009999999776482582,0.20000000298023224,19.979999542236328,,0.55,,,,0.0692,0.0231,0.0461,0.323,0.03460000082850456,0.0461,0.0577,0.4268,0.3691,0.2884,1.1535,2026-08-09
sv9-68,Lillie's Comfey,normal,Journey Together,68,Common,Narumi Sato,Basic,764,Pokémon,2025/03/28,"tcgplayer,cardmarket",https://prices.pokemontcg.io/tcgplayer/sv9-68,https://images.pokemontcg.io/sv9/68_hires.png,2026/08/08,2026/01/19,0.07,0.009999999776482582,0.1899999976158142,19.979999542236328,,0.25,,,,0.0346,0.0231,0.0461,0.1038,0.023099999874830246,0.0231,0.0346,0.1269,0.1038,0.1038,1.1535,2026-08-09
sv9-69,Mimikyu ex,holofoil,Journey Together,69,Double Rare,PLANETA Igarashi,Basic|ex,778,Pokémon,2025/03/28,"tcgplayer,cardmarket",https://prices.pokemontcg.io/tcgplayer/sv9-69,https://images.pokemontcg.io/sv9/69_hires.png,2026/08/08,2026/01/19,1.63,0.6899999976158142,1.600000023841858,19.979999542236328,,,,,,0.7382,0.0231,0.7382,0.0,0.7498000264167786,0.7498,0.7728,0.0,0.0,0.0,1.1535,2026-08-09
sv9-70,Dhelmise,normal,Journey Together,70,Common,Sanosuke Sakuma,Basic,781,Pokémon,2025/03/28,"tcgplayer,cardmarket",https://prices.pokemontcg.io/tcgplayer/sv9-70,https://images.pokemontcg.io/sv9/70_hires.png,2026/08/08,2026/01/19,0.13,0.009999999776482582,0.1599999964237213,19.979999542236328,,0.27,,,,0.0346,0.0231,0.0461,0.1038,0.04610000178217888,0.0346,0.0346,0.0692,0.0807,0.0923,1.1535,2026-08-09
sv9-71,Impidimp,normal,Journey Together,71,Common,Haru Akasaka,Basic,859,Pokémon,2025/03/28,"tcgplayer,cardmarket",https://prices.pokemontcg.io/tcgplayer/sv9-71,https://images.pokemontcg.io/sv9/71_hires.png,2026/08/08,2026/01/19,0.02,0.009999999776482582,0.15000000596046448,19.979999542236328,,0.22,,,,0.0346,0.0231,0.0346,0.1154,0.023099999874830246,0.0346,0.0346,0.0923,0.1154,0.1038,1.1535,2026-08-09
sv9-72,Morgrem,normal,Journey Together,72,Common,Lee HyunJung,Stage 1,860,Pokémon,2025/03/28,"tcgplayer,cardmarket",https://prices.pokemontcg.io/tcgplayer/sv9-72,https://images.pokemontcg.io/sv9/72_hires.png,2026/08/08,2026/01/19,0.05,0.009999999776482582,0.17000000178813934,19.979999542236328,,0.26,,,,0.0346,0.0231,0.0461,0.1038,0.03460000082850456,0.0461,0.0461,0.0577,0.0692,0.1038,1.1535,2026-08-09
sv9-73,Grimmsnarl,normal,Journey Together,73,Uncommon,Nisota Niso,Stage 2,861,Pokémon,2025/03/28,"tcgplayer,cardmarket",https://prices.pokemontcg.io/tcgplayer/sv9-73,https://images.pokemontcg.io/sv9/73_hires.png,2026/08/08,2026/01/19,0.09,0.009999999776482582,0.15000000596046448,19.979999542236328,,0.33,,,,0.0346,0.0231,0.0346,0.323,0.03460000082850456,0.0346,0.0346,0.1846,0.2538,0.323,1.1535,2026-08-09
sv9-74,Milcery,normal,Journey Together,74,Common,Shibuzoh.,Basic,868,Pokémon,2025/03/28,"tcgplayer,cardmarket",https://prices.pokemontcg.io/tcgplayer/sv9-74,https://images.pokemontcg.io/sv9/74_hires.png,2026/08/08,2026/01/19,0.04,0.009999999776482582,0.15000000596046448,19.979999542236328,,0.23,,,,0.0346,0.0231,0.0346,0.1038,0.023099999874830246,0.0346,0.0346,0.0923,0.0923,0.0923,1.1535,2026-08-09
sv9-75,Alcremie ex,holofoil,Journey Together,75,Double Rare,PLANETA Mochizuki,Stage 1|ex,869,Pokémon,2025/03/28,"tcgplayer,cardmarket",https://prices.pokemontcg.io/tcgplayer/sv9-75,https://images.pokemontcg.io/sv9/75_hires.png,2026/08/08,2026/01/19,0.95,0.38999998569488525,0.9399999976158142,500.0,,,,,,0.7498,0.1154,0.819,0.0,0.8421000242233276,0.7844,0.7613,0.0,0.0,0.0,1.1535,2026-08-09
sv9-76,Cubone,normal,Journey Together,76,Common,Mugi Hamada,Basic,104,Pokémon,2025/03/28,"tcgplayer,cardmarket",https://prices.pokemontcg.io/tcgplayer/sv9-76,https://images.pokemontcg.io/sv9/76_hires.png,2026/08/08,2026/01/19,0.13,0.009999999776482582,0.18000000715255737,6.989999771118164,,0.32,,,,0.0461,0.0231,0.0461,0.1384,0.023099999874830246,0.0346,0.0461,0.0461,0.0461,0.1154,1.1535,2026-08-09
sv9-77,Swinub,normal,Journey Together,77,Common,REND,Basic,220,Pokémon,2025/03/28,"tcgplayer,cardmarket",https://prices.pokemontcg.io/tcgplayer/sv9-77,https://images.pokemontcg.io/sv9/77_hires.png,2026/08/08,2026/01/19,0.03,0.009999999776482582,0.15000000596046448,19.979999542236328,,0.28,,,,0.0346,0.0231,0.0346,0.1269,0.03460000082850456,0.0231,0.0346,0.1154,0.1154,0.1269,1.1535,2026-08-09
sv9-78,Piloswine,normal,Journey Together,78,Common,Aliya Chen,Stage 1,221,Pokémon,2025/03/28,"tcgplayer,cardmarket",https://prices.pokemontcg.io/tcgplayer/sv9-78,https://images.pokemontcg.io/sv9/78_hires.png,2026/08/08,2026/01/19,0.1,0.019999999552965164,0.18000000715255737,19.979999542236328,,0.32,,,,0.0461,0.0231,0.0346,0.1269,0.03460000082850456,0.0346,0.0461,0.173,0.1384,0.1269,1.1535,2026-08-09
sv9-79,Mamoswine ex,holofoil,Journey Together,79,Double Rare,Nisota Niso,Stage 2|ex,473,Pokémon,2025/03/28,"tcgplayer,cardmarket",https://prices.pokemontcg.io/tcgplayer/sv9-79,https://images.pokemontcg.io/sv9/79_hires.png,2026/08/08,2026/01/19,0.66,0.20000000298023224,0.7699999809265137,50.0,,,,,,0.6575,0.1038,0.6229,0.0,0.7267000079154968,0.6229,0.6575,0.0,0.0,0.0,1.1535,2026-08-09
sv9-80,Larvitar,normal,Journey Together,80,Common,Dsuke,Basic,246,Pokémon,2025/03/28,"tcgplayer,cardmarket",https://prices.pokemontcg.io/tcgplayer/sv9-80,https://images.pokemontcg.io/sv9/80_hires.png,2026/08/08,2026/01/16,0.05,0.009999999776482582,0.15000000596046448,19.979999542236328,,0.27,,,,0.0346,0.0231,0.0346,0.1038,0.023099999874830246,0.0346,0.0346,0.0692,0.1269,0.1154,1.1535,2026-08-09
sv9-81,Pupitar,normal,Journey Together,81,Common,Scav,Stage 1,247,Pokémon,2025/03/28,"tcgplayer,cardmarket",https://prices.pokemontcg.io/tcgplayer/sv9-81,https://images.pokemontcg.io/sv9/81_hires.png,2026/08/08,2026/01/16,0.1,0.009999999776482582,0.1599999964237213,6.989999771118164,,0.26,,,,0.0461,0.0231,0.0461,0.1269,0.023099999874830246,0.0346,0.0461,0.0346,0.1038,0.1269,1.1535,2026-08-09
sv9-82,Regirock,holofoil,Journey Together,82,Rare,Uta,Basic,377,Pokémon,2025/03/28,"tcgplayer,cardmarket",https://prices.pokemontcg.io/tcgplayer/sv9-82,https://images.pokemontcg.io/sv9/82_hires.png,2026/08/08,2026/01/16,0.17,0.009999999776482582,0.20000000298023224,19.979999542236328,,0.37,,,,0.0692,0.0231,0.0807,0.2884,0.03460000082850456,0.1038,0.0807,0.1961,0.2768,0.2999,1.1535,2026-08-09
sv9-83,Pancham,normal,Journey Together,83,Common,Yuriko Akase,Basic,674,Pokémon,2025/03/28,"tcgplayer,cardmarket",https://prices.pokemontcg.io/tcgplayer/sv9-83,https://images.pokemontcg.io/sv9/83_hires.png,2026/08/08,2026/01/16,0.07,0.009999999776482582,0.1599999964237213,19.979999542236328,,0.21,,,,0.0346,0.0231,0.0346,0.1154,0.023099999874830246,0.0346,0.0346,0.0692,0.0807,0.1154,1.1535,2026-08-09
sv9-84,Rockruff,normal,Journey Together,84,Common,Yoshimi Miyoshi,Basic,744,Pokémon,2025/03/28,"tcgplayer,cardmarket",https://prices.pokemontcg.io/tcgplayer/sv9-84,https://images.pokemontcg.io/sv9/84_hires.png,2026/08/08,2026/01/16,0.09,0.009999999776482582,0.15000000596046448,19.979999542236328,,0.21,,,,0.0346,0.0231,0.0692,0.1154,0.023099999874830246,0.0346,0.0346,0.0577,0.1038,0.1154,1.1535,2026-08-09
sv9-85,Lycanroc,holofoil,Journey Together,85,Rare,Shiburingaru,Stage 1,745,Pokémon,2025/03/28,"tcgplayer,cardmarket",https://prices.pokemontcg.io/tcgplayer/sv9-85,https://images.pokemontcg.io/sv9/85_hires.png,2026/08/08,2026/01/16,0.18,0.009999999776482582,0.20000000298023224,19.979999542236328,,0.35,,,,0.0692,0.0231,0.0461,0.323,0.03460000082850456,0.0461,0.0692,0.1384,0.2307,0.2768,1.1535,2026-08-09
sv9-86,Hop's Silicobra,normal,Journey Together,86,Common,aspara,Basic,843,Pokémon,2025/03/28,"tcgplayer,cardmarket",https://prices.pokemontcg.io/tcgplayer/sv9-86,https://images.pokemontcg.io/sv9/86_hires.png,2026/08/08,2026/01/16,0.09,0.009999999776482582,0.1599999964237213,19.979999542236328,,0.22,,,,0.0346,0.0231,0.0577,0.1038,0.023099999874830246,0.0461,0.0461,0.0461,0.0692,0.0923,1.1535,2026-08-09
sv9-87,Hop's Sandaconda,normal,Journey Together,87,Uncommon,Sanosuke Sakuma,Stage 1,844,Pokémon,2025/03/28,"tcgplayer,cardmarket",https://prices.pokemontcg.io/tcgplayer/sv9-87,https://images.pokemontcg.io/sv9/87_hires.png,2026/08/08,2026/01/16,0.06,0.009999999776482582,0.15000000596046448,19.979999542236328,,0.38,,,,0.0346,0.0231,0.0346,0.3345,0.03460000082850456,0.0346,0.0346,0.2538,0.2999,0.323,1.1535,2026-08-09
sv9-88,Toedscool,normal,Journey Together,88,Common,osare,Basic,948,Pokémon,2025/03/28,"tcgplayer,cardmarket",https://prices.pokemontcg.io/tcgplayer/sv9-88,https://images.pokemontcg.io/sv9/88_hires.png,2026/08/08,2026/01/16,0.13,0.009999999776482582,0.15000000596046448,1000.0,,0.27,,,,0.0461,0.0231,0.0346,0.1269,0.03460000082850456,0.0346,0.0461,0.1154,0.0923,0.1154,1.1535,2026-08-09
sv9-89,Toedscruel,normal,Journey Together,89,Uncommon,Masako Tomii,Stage 1,949,Pokémon,2025/03/28,"tcgplayer,cardmarket",https://prices.pokemontcg.io/tcgplayer/sv9-89,https://images.pokemontcg.io/sv9/89_hires.png,2026/08/08,2026/01/16,0.06,0.009999999776482582,0.15000000596046448,1000.0,,0.35,,,,0.0346,0.0231,0.0577,0.3576,0.023099999874830246,0.0577,0.0346,0.3114,0.3114,0.346,1.1535,2026-08-09
sv9-90,Klawf,normal,Journey Together,90,Uncommon,Shinya Komatsu,Basic,950,Pokémon,2025/03/28,"tcgplayer,cardmarket",https://prices.pokemontcg.io/tcgplayer/sv9-90,https://images.pokemontcg.io/sv9/90_hires.png,2026/08/08,2026/01/16,0.03,0.009999999776482582,0.15000000596046448,19.979999542236328,,0.22,,,,0.0231,0.0231,0.0346,0.1038,0.023099999874830246,0.0231,0.0231,0.0231,0.0692,0.1038,1.1535,2026-08-09
sv9-91,Koffing,normal,Journey Together,91,Common,Rond,Basic,109,Pokémon,2025/03/28,"tcgplayer,cardmarket",https://prices.pokemontcg.io/tcgplayer/sv9-91,https://images.pokemontcg.io/sv9/91_hires.png,2026/08/08,2026/01/16,0.17,0.009999999776482582,0.1899999976158142,19.979999542236328,,0.24,,,,0.0461,0.0231,0.0346,0.1154,0.03460000082850456,0.0346,0.0346,0.1038,0.1269,0.1269,1.1535,2026-08-09
sv9-92,Weezing,normal,Journey Together,92,Uncommon,KEIICHIRO ITO,Stage 1,110,Pokémon,2025/03/28,"tcgplayer,cardmarket",https://prices.pokemontcg.io/tcgplayer/sv9-92,https://images.pokemontcg.io/sv9/92_hires.png,2026/08/08,2026/01/16,0.04,0.009999999776482582,0.15000000596046448,19.979999542236328,,0.42,,,,0.0461,0.0231,0.0461,0.496,0.023099999874830246,0.0346,0.0461,0.496,0.4037,0.496,1.1535,2026-08-09
sv9-93,Paldean Wooper,normal,Journey Together,93,Common,Lee HyunJung,Basic,194,Pokémon,2025/03/28,"tcgplayer,cardmarket",https://prices.pokemontcg.io/tcgplayer/sv9-93,https://images.pokemontcg.io/sv9/93_hires.png,2026/08/08,2026/01/16,0.15,0.009999999776482582,0.18000000715255737,1000.0,,0.26,,,,0.0231,0.0231,0.0346,0.1154,0.04610000178217888,0.0346,0.0346,0.0807,0.0923,0.1154,1.1535,2026-08-09
sv9-94,Paldean Clodsire ex,holofoil,Journey Together,94,Double Rare,PLANETA Tsuji,Stage 1|ex,980,Pokémon,2025/03/28,"tcgplayer,cardmarket",https://prices.pokemontcg.io/tcgplayer/sv9-94,https://images.pokemontcg.io/sv9/94_hires.png,2026/08/08,2026/01/16,0.63,0.15000000596046448,0.7799999713897705,9999.0,,,,,,0.6229,0.0231,0.6344,0.0,0.7152000069618225,0.6344,0.6344,0.0,0.0,0.0,1.1535,2026-08-09
sv9-95,Tyranitar,holofoil,Journey Together,95,Rare,AKIRA EGAWA,Stage 2,248,Pokémon,2025/03/28,"tcgplayer,cardmarket",https://prices.pokemontcg.io/tcgplayer/sv9-95,https://images.pokemontcg.io/sv9/95_hires.png,2026/08/08,2026/01/16,0.24,0.009999999776482582,0.25,19.979999542236328,,0.57,,,,0.1154,0.0231,0.1384,0.3691,0.08070000261068344,0.1269,0.1154,0.5652,0.3114,0.3576,1.1535,2026-08-09
sv9-96,N's Purrloin,normal,Journey Together,96,Common,Keisin,Basic,509,Pokémon,2025/03/28,"tcgplayer,cardmarket",https://prices.pokemontcg.io/tcgplayer/sv9-96,https://images.pokemontcg.io/sv9/96_hires.png,2026/08/08,2026/01/16,0.09,0.009999999776482582,0.15000000596046448,19.979999542236328,,0.25,,,,0.0346,0.0231,0.0577,0.1269,0.023099999874830246,0.0461,0.0461,0.0807,0.1154,0.1269,1.1535,2026-08-09
sv9-97,N's Zorua,normal,Journey Together,97,Common,Jiro Sasumo,Basic,570,Pokémon,2025/03/28,"tcgplayer,cardmarket",https://prices.pokemontcg.io/tcgplayer/sv9-97,https://images.pokemontcg.io/sv9/97_hires.png,2026/08/08,2026/01/16,0.26,0.009999999776482582,0.25,19.979999542236328,,0.29,,,,0.0807,0.0231,0.0923,0.1846,0.08070000261068344,0.0807,0.0807,0.2884,0.15,0.1846,1.1535,2026-08-09
sv9-98,N's Zoroark ex,holofoil,Journey Together,98,Double Rare,takuyoa,Stage 1|ex,571,Pokémon,2025/03/28,"tcgplayer,cardmarket",https://prices.pokemontcg.io/tcgplayer/sv9-98,https://images.pokemontcg.io/sv9/98_hires.png,2026/08/08,2026/01/16,1.72,0.699999988079071,1.690000057220459,100.0,,,,,,3.2644,1.7187,3.1606,0.0,3.4374001026153564,3.3798,3.2183,0.0,0.0,0.0,1.1535,2026-08-09
sv9-99,Pangoro,normal,Journey Together,99,Uncommon,nagimiso,Stage 1,675,Pokémon,2025/03/28,"tcgplayer,cardmarket",https://prices.pokemontcg.io/tcgplayer/sv9-99,https://images.pokemontcg.io/sv9/99_hires.png,2026/08/08,2026/01/16,0.03,0.009999999776482582,0.15000000596046448,19.979999542236328,,0.25,,,,0.0346,0.0231,0.0346,0.1038,0.05770000070333481,0.0346,0.0346,0.0692,0.1038,0.0923,1.1535,2026-08-09
sv9-100,Lokix,normal,Journey Together,100,Uncommon,AKIRA EGAWA,Stage 1,920,Pokémon,2025/03/28,"tcgplayer,cardmarket",https://prices.pokemontcg.io/tcgplayer/sv9-100,https://images.pokemontcg.io/sv9/100_hires.png,2026/08/08,2026/01/16,0.07,0.009999999776482582,0.15000000596046448,19.979999542236328,,0.37,,,,0.0346,0.0231,0.0461,0.4037,0.023099999874830246,0.0231,0.0346,0.3114,0.4845,0.4153,1.1535,2026-08-09
sv9-101,Bombirdier,normal,Journey Together,101,Common,Gemi,Basic,962,Pokémon,2025/03/28,"tcgplayer,cardmarket",https://prices.pokemontcg.io/tcgplayer/sv9-101,https://images.pokemontcg.io/sv9/101_hires.png,2026/08/08,2026/01/16,0.04,0.009999999776482582,0.1599999964237213,19.979999542236328,,0.25,,,,0.0461,0.0231,0.0461,0.1154,0.03460000082850456,0.0346,0.0461,0.0807,0.1038,0.1154,1.1535,2026-08-09
sv9-102,Escavalier,normal,Journey Together,102,Uncommon,Takumi Wada,Stage 1,589,Pokémon,2025/03/28,"tcgplayer,cardmarket",https://prices.pokemontcg.io/tcgplayer/sv9-102,https://images.pokemontcg.io/sv9/102_hires.png,2026/08/08,2025/12/28,0.03,0.009999999776482582,0.15000000596046448,19.979999542236328,,0.3,,,,0.0231,0.0231,0.0346,0.1038,0.04610000178217888,0.0461,0.0231,0.173,0.1038,0.1154,1.1535,2026-08-09
sv9-103,N's Klink,normal,Journey Together,103,Common,Saboteri,Basic,599,Pokémon,2025/03/28,"tcgplayer,cardmarket",https://prices.pokemontcg.io/tcgplayer/sv9-103,https://images.pokemontcg.io/sv9/103_hires.png,2026/08/08,2025/12/28,0.1,0.009999999776482582,0.15000000596046448,19.979999542236328,,0.22,,,,0.0346,0.0231,0.0346,0.0923,0.04610000178217888,0.0346,0.0346,0.0577,0.1038,0.1038,1.1535,2026-08-09
sv9-104,N's Klang,normal,Journey Together,104,Common,KEIICHIRO ITO,Stage 1,600,Pokémon,2025/03/28,"tcgplayer,cardmarket",https://prices.pokemontcg.io/tcgplayer/sv9-104,https://images.pokemontcg.io/sv9/104_hires.png,2026/08/08,2025/12/28,0.16,0.009999999776482582,0.20000000298023224,411.0,,0.27,,,,0.0346,0.0231,0.0346,0.1269,0.03460000082850456,0.0346,0.0346,0.1615,0.1384,0.1269,1.1535,2026-08-09
sv9-105,N's Klinklang,normal,Journey Together,105,Uncommon,matazo,Stage 2,601,Pokémon,2025/03/28,"tcgplayer,cardmarket",https://prices.pokemontcg.io/tcgplayer/sv9-105,https://images.pokemontcg.io/sv9/105_hires.png,2026/08/08,2025/12/28,0.06,0.009999999776482582,0.15000000596046448,1000.0,,0.37,,,,0.0346,0.0231,0.0231,0.4037,0.03460000082850456,0.0346,0.0346,0.0807,0.323,0.3922,1.1535,2026-08-09
sv9-106,Galarian Stunfisk,normal,Journey Together,106,Common,Aya Kusube,Basic,618,Pokémon,2025/03/28,"tcgplayer,cardmarket",https://prices.pokemontcg.io/tcgplayer/sv9-106,https://images.pokemontcg.io/sv9/106_hires.png,2026/08/08,2025/12/28,0.1,0.009999999776482582,0.15000000596046448,19.979999542236328,,0.29,,,,0.0461,0.0231,0.0461,0.1154,0.04610000178217888,0.0346,0.0461,0.0923,0.0923,0.1154,1.1535,2026-08-09
sv9-107,Magearna,holofoil,Journey Together,107,Rare,rika,Basic,801,Pokémon,2025/03/28,"tcgplayer,cardmarket",https://prices.pokemontcg.io/tcgplayer/sv9-107,https://images.pokemontcg.io/sv9/107_hires.png,2026/08/08,2025/12/28,0.23,0.009999999776482582,0.2199999988079071,19.979999542236328,,0.47,,,,0.0692,0.0231,0.1038,0.323,0.09229999780654907,0.0923,0.0577,0.1154,0.3576,0.323,1.1535,2026-08-09
sv9-108,Hop's Corviknight,normal,Journey Together,108,Uncommon,GIDORA,Stage 2,823,Pokémon,2025/03/28,"tcgplayer,cardmarket",https://prices.pokemontcg.io/tcgplayer/sv9-108,https://images.pokemontcg.io/sv9/108_hires.png,2026/08/08,2025/12/07,0.06,0.009999999776482582,0.15000000596046448,1000.0,,0.49,,,,0.0346,0.0231,0.0231,0.4499,0.023099999874830246,0.0231,0.0346,0.2307,0.3807,0.4037,1.1535,2026-08-09
sv9-109,Cufant,normal,Journey Together,109,Common,kodama,Basic,878,Pokémon,2025/03/28,"tcgplayer,cardmarket",https://prices.pokemontcg.io/tcgplayer/sv9-109,https://images.pokemontcg.io/sv9/109_hires.png,2026/08/08,2025/12/07,0.03,0.009999999776482582,0.15000000596046448,20.0,,0.22,,,,0.0231,0.0231,0.0231,0.0923,0.023099999874830246,0.0231,0.0231,0.1154,0.0807,0.0923,1.1535,2026-08-09
sv9-110,Copperajah,normal,Journey Together,110,Uncommon,Ryuta Fuse,Stage 1,879,Pokémon,2025/03/28,"tcgplayer,cardmarket",https://prices.pokemontcg.io/tcgplayer/sv9-110,https://images.pokemontcg.io/sv9/110_hires.png,2026/08/08,2025/12/07,0.06,0.009999999776482582,0.15000000596046448,19.979999542236328,,0.33,,,,0.0346,0.0231,0.0346,0.3922,0.023099999874830246,0.0231,0.0346,0.2076,0.2884,0.3576,1.1535,2026-08-09
sv9-111,Hop's Zacian ex,holofoil,Journey Together,111,Double Rare,aky CG Works,Basic|ex,888,Pokémon,2025/03/28,"tcgplayer,cardmarket",https://prices.pokemontcg.io/tcgplayer/sv9-111,https://images.pokemontcg.io/sv9/111_hires.png,2026/08/08,2025/12/07,0.69,0.18000000715255737,0.7799999713897705,9999.0,,,,,,0.6229,0.0231,0.5883,0.0,0.4959999918937683,0.6229,0.6229,0.0,0.0,0.0,1.1535,2026-08-09
sv9-112,Bagon,normal,Journey Together,112,Common,Miki Tanaka,Basic,371,Pokémon,2025/03/28,"tcgplayer,cardmarket",https://prices.pokemontcg.io/tcgplayer/sv9-112,https://images.pokemontcg.io/sv9/112_hires.png,2026/08/08,2025/12/07,0.1,0.009999999776482582,0.15000000596046448,19.979999542236328,,0.27,,,,0.0346,0.0231,0.0231,0.1038,0.04610000178217888,0.0346,0.0346,0.0807,0.1154,0.1038,1.1535,2026-08-09
sv9-113,Shelgon,normal,Journey Together,113,Common,Julie Hang,Stage 1,372,Pokémon,2025/03/28,"tcgplayer,cardmarket",https://prices.pokemontcg.io/tcgplayer/sv9-113,https://images.pokemontcg.io/sv9/113_hires.png,2026/08/08,2025/12/07,0.17,0.009999999776482582,0.1899999976158142,1000.0,,0.24,,,,0.0461,0.0231,0.0346,0.1269,0.023099999874830246,0.0346,0.0461,0.1154,0.1154,0.1154,1.1535,2026-08-09
sv9-114,Salamence ex,holofoil,Journey Together,114,Double Rare,toriyufu,Stage 2|ex,373,Pokémon,2025/03/28,"tcgplayer,cardmarket",https://prices.pokemontcg.io/tcgplayer/sv9-114,https://images.pokemontcg.io/sv9/114_hires.png,2026/08/08,2025/11/21,0.71,0.23999999463558197,0.8100000023841858,19.989999771118164,,,,,,0.7613,0.0231,0.6921,0.0,0.5882999897003174,0.646,0.7498,0.0,0.0,0.0,1.1535,2026-08-09
sv9-115,Druddigon,normal,Journey Together,115,Common,kawayoo,Basic,621,Pokémon,2025/03/28,"tcgplayer,cardmarket",https://prices.pokemontcg.io/tcgplayer/sv9-115,https://images.pokemontcg.io/sv9/115_hires.png,2026/08/08,2025/11/21,0.15,0.009999999776482582,0.18000000715255737,1000.0,,0.24,,,,0.0461,0.0231,0.0461,0.1269,0.04610000178217888,0.0461,0.0461,0.1154,0.1038,0.1269,1.1535,2026-08-09
sv9-116,N's Reshiram,holofoil,Journey Together,116,Rare,rika,Basic,643,Pokémon,2025/03/28,"tcgplayer,cardmarket",https://prices.pokemontcg.io/tcgplayer/sv9-116,https://images.pokemontcg.io/sv9/116_hires.png,2026/08/08,2025/11/21,0.19,0.009999999776482582,0.23000000417232513,18.979999542236328,,0.55,,,,0.1615,0.0231,0.173,0.5537,0.24220000207424164,0.15,0.1615,0.9689,0.7036,0.5537,1.1535,2026-08-09
sv9-117,Hop's Snorlax,holofoil,Journey Together,117,Rare,GOSSAN,Basic,143,Pokémon,2025/03/28,"tcgplayer,cardmarket",https://prices.pokemontcg.io/tcgplayer/sv9-117,https://images.pokemontcg.io/sv9/117_hires.png,2026/08/08,2025/11/21,0.3,0.009999999776482582,0.3199999928474426,19.989999771118164,,0.87,,,,0.1154,0.0231,0.1038,0.669,0.15000000596046448,0.1038,0.1038,0.8074,0.6806,0.669,1.1535,2026-08-09
sv9-118,Sentret,normal,Journey Together,118,Common,Taiga Kayama,Basic,161,Pokémon,2025/03/28,"tcgplayer,cardmarket",https://prices.pokemontcg.io/tcgplayer/sv9-118,https://images.pokemontcg.io/sv9/118_hires.png,2026/08/08,2025/11/21,0.08,0.009999999776482582,0.15000000596046448,19.979999542236328,,0.25,,,,0.0346,0.0231,0.0346,0.1038,0.06920000165700912,0.0346,0.0346,0.1154,0.1038,0.1154,1.1535,2026-08-09
sv9-119,Furret,normal,Journey Together,119,Common,Tomomi Ozaki,Stage 1,162,Pokémon,2025/03/28,"tcgplayer,cardmarket",https://prices.pokemontcg.io/tcgplayer/sv9-119,https://images.pokemontcg.io/sv9/119_hires.png,2026/08/08,2025/11/21,0.16,0.009999999776482582,0.1899999976158142,1000.0,,0.31,,,,0.0461,0.0231,0.0346,0.1154,0.023099999874830246,0.0346,0.0461,0.1269,0.1154,0.1154,1.1535,2026-08-09
sv9-120,Dunsparce,normal,Journey Together,120,Common,Asako Ito,Basic,206,Pokémon,2025/03/28,"tcgplayer,cardmarket",https://prices.pokemontcg.io/tcgplayer/sv9-120,https://images.pokemontcg.io/sv9/120_hires.png,2026/08/08,2025/11/21,2.27,1.2400000095367432,2.369999885559082,19.979999542236328,,2.22,,,,0.0577,0.0231,0.0692,0.1154,0.06920000165700912,0.0807,0.0577,0.1154,0.1038,0.1038,1.1535,2026-08-09
sv9-121,Dudunsparce ex,holofoil,Journey Together,121,Double Rare,5ban Graphics,Stage 1|ex,982,Pokémon,2025/03/28,"tcgplayer,cardmarket",https://prices.pokemontcg.io/tcgplayer/sv9-121,https://images.pokemontcg.io/sv9/121_hires.png,2026/08/08,2025/11/21,0.73,0.4000000059604645,0.9599999785423279,9999.0,,,,,,0.6806,0.0231,0.6344,0.0,0.3921999931335449,0.6344,0.6806,0.0,0.0,0.0,1.1535,2026-08-09
sv9-122,Kecleon,normal,Journey Together,122,Common,0313,Basic,352,Pokémon,2025/03/28,"tcgplayer,cardmarket",https://prices.pokemontcg.io/tcgplayer/sv9-122,https://images.pokemontcg.io/sv9/122_hires.png,2026/08/08,2025/11/21,0.17,0.009999999776482582,0.1899999976158142,19.979999542236328,,0.24,,,,0.0346,0.0231,0.0461,0.1269,0.04610000178217888,0.0346,0.0346,0.1384,0.1269,0.1154,1.1535,2026-08-09
sv9-123,Tropius,normal,Journey Together,123,Common,Atsuya Uki,Basic,357,Pokémon,2025/03/28,"tcgplayer,cardmarket",https://prices.pokemontcg.io/tcgplayer/sv9-123,https://images.pokemontcg.io/sv9/123_hires.png,2026/08/08,2025/11/21,0.07,0.009999999776482582,0.15000000596046448,19.979999542236328,,0.26,,,,0.0346,0.0231,0.0461,0.0923,0.04610000178217888,0.0346,0.0346,0.0923,0.1038,0.1038,1.1535,2026-08-09
sv9-124,Audino,normal,Journey Together,124,Common,Minahamu,Basic,531,Pokémon,2025/03/28,"tcgplayer,cardmarket",https://prices.pokemontcg.io/tcgplayer/sv9-124,https://images.pokemontcg.io/sv9/124_hires.png,2026/08/08,2025/11/21,0.04,0.009999999776482582,0.15000000596046448,19.979999542236328,,0.25,,,,0.0461,0.0231,0.0461,0.1269,0.023099999874830246,0.0346,0.0461,0.1615,0.1154,0.1154,1.1535,2026-08-09
sv9-125,Minccino,normal,Journey Together,125,Common,Oswaldo KATO,Basic,572,Pokémon,2025/03/28,"tcgplayer,cardmarket",https://prices.pokemontcg.io/tcgplayer/sv9-125,https://images.pokemontcg.io/sv9/125_hires.png,2026/08/08,2025/11/21,0.07,0.009999999776482582,0.15000000596046448,19.979999542236328,,0.22,,,,0.0346,0.0231,0.0231,0.1038,0.023099999874830246,0.0231,0.0346,0.1038,0.1154,0.1038,1.1535,2026-08-09
sv9-126,Cinccino,normal,Journey Together,126,Uncommon,En Morikura,Stage 1,573,Pokémon,2025/03/28,"tcgplayer,cardmarket",https://prices.pokemontcg.io/tcgplayer/sv9-126,https://images.pokemontcg.io/sv9/126_hires.png,2026/08/08,2025/11/21,0.04,0.009999999776482582,0.15000000596046448,19.979999542236328,,0.42,,,,0.0346,0.0231,0.0346,0.3922,0.05770000070333481,0.0346,0.0346,0.4153,0.3691,0.3807,1.1535,2026-08-09
sv9-127,Noibat,normal,Journey Together,127,Common,Tomokazu Komiya,Basic,714,Pokémon,2025/03/28,"tcgplayer,cardmarket",https://prices.pokemontcg.io/tcgplayer/sv9-127,https://images.pokemontcg.io/sv9/127_hires.png,2026/08/08,2025/11/21,0.08,0.009999999776482582,0.15000000596046448,19.979999542236328,,0.26,,,,0.0346,0.0231,0.0346,0.1269,0.03460000082850456,0.0346,0.0346,0.1269,0.0807,0.1154,1.1535,2026-08-09
sv9-128,Noivern,holofoil,Journey Together,128,Rare,Anesaki Dynamic,Stage 1,715,Pokémon,2025/03/28,"tcgplayer,cardmarket",https://prices.pokemontcg.io/tcgplayer/sv9-128,https://images.pokemontcg.io/sv9/128_hires.png,2026/08/08,2025/11/21,0.17,0.009999999776482582,0.20000000298023224,19.979999542236328,,0.4,,,,0.0807,0.0231,0.0692,0.3807,0.05770000070333481,0.0692,0.0807,0.5883,0.4037,0.3807,1.1535,2026-08-09
sv9-129,Komala,normal,Journey Together,129,Common,Natsumi Yoshida,Basic,775,Pokémon,2025/03/28,"tcgplayer,cardmarket",https://prices.pokemontcg.io/tcgplayer/sv9-129,https://images.pokemontcg.io/sv9/129_hires.png,2026/08/08,2025/11/21,0.14,0.009999999776482582,0.1599999964237213,1000.0,,0.29,,,,0.0461,0.0231,0.0461,0.1038,0.04610000178217888,0.0346,0.0461,0.1961,0.0807,0.1038,1.1535,2026-08-09
sv9-130,Drampa,normal,Journey Together,130,Common,Tetsu Kayama,Basic,780,Pokémon,2025/03/28,"tcgplayer,cardmarket",https://prices.pokemontcg.io/tcgplayer/sv9-130,https://images.pokemontcg.io/sv9/130_hires.png,2026/08/08,2025/11/21,0.06,0.009999999776482582,0.15000000596046448,19.979999542236328,,0.26,,,,0.0346,0.0231,0.0346,0.1038,0.05770000070333481,0.0346,0.0346,0.0923,0.1038,0.1038,1.1535,2026-08-09
sv9-131,Skwovet,normal,Journey Together,131,Common,sowsow,Basic,819,Pokémon,2025/03/28,"tcgplayer,cardmarket",https://prices.pokemontcg.io/tcgplayer/sv9-131,https://images.pokemontcg.io/sv9/131_hires.png,2026/08/08,2025/11/21,0.05,0.009999999776482582,0.15000000596046448,20.0,,0.24,,,,0.0346,0.0231,0.0231,0.0923,0.03460000082850456,0.0231,0.0231,0.0346,0.0577,0.0923,1.1535,2026-08-09
sv9-132,Greedent,normal,Journey Together,132,Uncommon,Jerky,Stage 1,820,Pokémon,2025/03/28,"tcgplayer,cardmarket",https://prices.pokemontcg.io/tcgplayer/sv9-132,https://images.pokemontcg.io/sv9/132_hires.png,2026/08/08,2025/11/21,0.07,0.009999999776482582,0.15000000596046448,19.979999542236328,,0.32,,,,0.0231,0.0231,0.0346,0.3576,0.04610000178217888,0.0346,0.0231,0.3807,0.2884,0.3691,1.1535,2026-08-09
sv9-133,Hop's Rookidee,normal,Journey Together,133,Common,Shinya Mizuno,Basic,821,Pokémon,2025/03/28,"tcgplayer,cardmarket",https://prices.pokemontcg.io/tcgplayer/sv9-133,https://images.pokemontcg.io/sv9/133_hires.png,2026/08/08,2025/11/21,0.16,0.019999999552965164,0.1899999976158142,1000.0,,0.22,,,,0.0461,0.0231,0.0461,0.1038,0.06920000165700912,0.0346,0.0461,0.1038,0.0807,0.1038,1.1535,2026-08-09
sv9-134,Hop's Corvisquire,normal,Journey Together,134,Common,Souichirou Gunjima,Stage 1,822,Pokémon,2025/03/28,"tcgplayer,cardmarket",https://prices.pokemontcg.io/tcgplayer/sv9-134,https://images.pokemontcg.io/sv9/134_hires.png,2026/08/08,2025/11/21,0.09,0.009999999776482582,0.15000000596046448,19.979999542236328,,0.25,,,,0.0461,0.0231,0.0346,0.1154,0.03460000082850456,0.0346,0.0461,0.1615,0.1038,0.1154,1.1535,2026-08-09
sv9-135,Hop's Wooloo,normal,Journey Together,135,Common,Tomomi Ozaki,Basic,831,Pokémon,2025/03/28,"tcgplayer,cardmarket",https://prices.pokemontcg.io/tcgplayer/sv9-135,https://images.pokemontcg.io/sv9/135_hires.png,2026/08/08,2025/11/21,0.09,0.009999999776482582,0.15000000596046448,19.979999542236328,,0.26,,,,0.0346,0.0231,0.0346,0.1154,0.023099999874830246,0.0346,0.0346,0.1846,0.1038,0.1154,1.1535,2026-08-09
sv9-136,Hop's Dubwool,holofoil,Journey Together,136,Rare,Ryota Murayama,Stage 1,832,Pokémon,2025/03/28,"tcgplayer,cardmarket",https://prices.pokemontcg.io/tcgplayer/sv9-136,https://images.pokemontcg.io/sv9/136_hires.png,2026/08/08,2025/11/21,0.14,0.009999999776482582,0.20000000298023224,19.579999923706055,,0.34,,,,0.0692,0.0231,0.0577,0.4383,0.08070000261068344,0.0577,0.0577,0.3345,0.3345,0.4499,1.1535,2026-08-09
sv9-137,Cramorant,normal,Journey Together,137,Common,Tomomi Ozaki,Basic,845,Pokémon,2025/03/28,"tcgplayer,cardmarket",https://prices.pokemontcg.io/tcgplayer/sv9-137,https://images.pokemontcg.io/sv9/137_hires.png,2026/08/08,2025/11/21,0.17,0.009999999776482582,0.18000000715255737,19.979999542236328,,0.27,,,,0.0346,0.0231,0.0461,0.1038,0.06920000165700912,0.0346,0.0346,0.1384,0.1038,0.1038,1.1535,2026-08-09
sv9-138,Hop's Cramorant,normal,Journey Together,138,Uncommon,Saboteri,Basic,845,Pokémon,2025/03/28,"tcgplayer,cardmarket",https://prices.pokemontcg.io/tcgplayer/sv9-138,https://images.pokemontcg.io/sv9/138_hires.png,2026/08/08,2025/11/21,0.03,0.009999999776482582,0.17000000178813934,19.979999542236328,,0.28,,,,0.0461,0.0231,0.0461,0.15,0.03460000082850456,0.0577,0.0577,0.1154,0.1384,0.15,1.1535,2026-08-09
sv9-139,Lechonk,normal,Journey Together,139,Common,OKACHEKE,Basic,915,Pokémon,2025/03/28,"tcgplayer,cardmarket",https://prices.pokemontcg.io/tcgplayer/sv9-139,https://images.pokemontcg.io/sv9/139_hires.png,2026/08/08,2025/11/21,0.06,0.009999999776482582,0.15000000596046448,1000.0,,0.31,,,,0.0346,0.0231,0.0346,0.1154,0.04610000178217888,0.0346,0.0346,0.2076,0.15,0.1269,1.1535,2026-08-09
sv9-140,Oinkologne,normal,Journey Together,140,Uncommon,Mina Nakai,Stage 1,916,Pokémon,2025/03/28,"tcgplayer,cardmarket",https://prices.pokemontcg.io/tcgplayer/sv9-140,https://images.pokemontcg.io/sv9/140_hires.png,2026/08/08,2025/11/21,0.06,0.009999999776482582,0.15000000596046448,1000.0,,0.47,,,,0.0346,0.0231,0.0346,0.3922,0.023099999874830246,0.0231,0.0346,0.8997,0.4383,0.4037,1.1535,2026-08-09
sv9-141,Squawkabilly,normal,Journey Together,141,Common,sowsow,Basic,931,Pokémon,2025/03/28,"tcgplayer,cardmarket",https://prices.pokemontcg.io/tcgplayer/sv9-141,https://images.pokemontcg.io/sv9/141_hires.png,2026/08/08,2025/11/21,0.16,0.009999999776482582,0.18000000715255737,1000.0,,0.29,,,,0.0461,0.0231,0.0346,0.1154,0.023099999874830246,0.0461,0.0461,0.0577,0.0923,0.1038,1.1535,2026-08-09
sv9-142,Billy & O'Nare,normal,Journey Together,142,Common,Sanosuke Sakuma,Supporter,,Trainer,2025/03/28,"tcgplayer,cardmarket",https://prices.pokemontcg.io/tcgplayer/sv9-142,https://images.pokemontcg.io/sv9/142_hires.png,2026/08/08,2025/11/21,0.13,0.009999999776482582,0.15000000596046448,19.979999542236328,,0.26,,,,0.0577,0.0231,0.0346,0.0923,0.023099999874830246,0.0346,0.0461,0.0231,0.0923,0.0923,1.1535,2026-08-09
sv9-143,Black Belt's Training,normal,Journey Together,143,Common,GOSSAN,Supporter,,Trainer,2025/03/28,"tcgplayer,cardmarket",https://prices.pokemontcg.io/tcgplayer/sv9-143,https://images.pokemontcg.io/sv9/143_hires.png,2026/08/08,2025/11/21,0.27,0.009999999776482582,0.2199999988079071,1000.0,,0.31,,,,0.0577,0.0231,0.0461,0.496,0.05770000070333481,0.0461,0.0461,0.4729,0.2884,0.4383,1.1535,2026-08-09
sv9-144,Black Belt's Training,normal,Journey Together,144,Common,GOSSAN,Supporter,,Trainer,2025/03/28,"tcgplayer,cardmarket",https://prices.pokemontcg.io/tcgplayer/sv9-144,https://images.pokemontcg.io/sv9/144_hires.png,2026/08/08,2025/11/21,0.13,0.009999999776482582,0.18000000715255737,1000.0,,0.46,,,,0.0577,0.0231,0.0577,0.2768,0.04610000178217888,0.0461,0.0577,0.2538,0.2653,0.2768,1.1535,2026-08-09
sv9-145,Black Belt's Training,normal,Journey Together,145,Common,GOSSAN,Supporter,,Trainer,2025/03/28,"tcgplayer,cardmarket",https://prices.pokemontcg.io/tcgplayer/sv9-145,https://images.pokemontcg.io/sv9/145_hires.png,2026/08/08,2025/11/21,0.09,0.009999999776482582,0.1899999976158142,19.979999542236328,,0.32,,,,0.0461,0.0231,0.0346,0.323,0.04610000178217888,0.0577,0.0577,0.346,0.3691,0.3576,1.1535,2026-08-09
sv9-146,Brock's Scouting,normal,Journey Together,146,Uncommon,Teeziro,Supporter,,Trainer,2025/03/28,"tcgplayer,cardmarket",https://prices.pokemontcg.io/tcgplayer/sv9-146,https://images.pokemontcg.io/sv9/146_hires.png,2026/08/08,2025/11/21,0.2,0.009999999776482582,0.2199999988079071,1000.0,,0.49,,,,0.1154,0.0231,0.1269,0.7036,0.15000000596046448,0.1154,0.1154,0.5652,0.6344,0.7036,1.1535,2026-08-09
sv9-147,Hop's Bag,normal,Journey Together,147,Uncommon,AYUMI ODASHIMA,Item,,Trainer,2025/03/28,"tcgplayer,cardmarket",https://prices.pokemontcg.io/tcgplayer/sv9-147,https://images.pokemontcg.io/sv9/147_hires.png,2026/08/08,2025/11/21,0.08,0.009999999776482582,0.15000000596046448,19.979999542236328,,0.29,,,,0.0346,0.0231,0.0231,0.1038,0.04610000178217888,0.0346,0.0346,0.173,0.1154,0.1038,1.1535,2026-08-09
sv9-148,Hop's Choice Band,normal,Journey Together,148,Uncommon,Toyste Beach,Pokémon Tool,,Trainer,2025/03/28,"tcgplayer,cardmarket",https://prices.pokemontcg.io/tcgplayer/sv9-148,https://images.pokemontcg.io/sv9/148_hires.png,2026/08/08,2025/11/21,0.09,0.009999999776482582,0.17000000178813934,19.979999542236328,,0.23,,,,0.0461,0.0231,0.0346,0.1038,0.05770000070333481,0.0346,0.0346,0.1269,0.1038,0.1038,1.1535,2026-08-09
sv9-149,Iris's Fighting Spirit,normal,Journey Together,149,Uncommon,yuu,Supporter,,Trainer,2025/03/28,"tcgplayer,cardmarket",https://prices.pokemontcg.io/tcgplayer/sv9-149,https://images.pokemontcg.io/sv9/149_hires.png,2026/08/08,2025/11/21,0.08,0.009999999776482582,0.15000000596046448,1000.0,,0.24,,,,0.0346,0.0231,0.0346,0.1038,0.03460000082850456,0.0346,0.0346,0.173,0.1384,0.1038,1.1535,2026-08-09
sv9-150,Levincia,normal,Journey Together,150,Uncommon,MARINA Chikazawa,Stadium,,Trainer,2025/03/28,"tcgplayer,cardmarket",https://prices.pokemontcg.io/tcgplayer/sv9-150,https://images.pokemontcg.io/sv9/150_hires.png,2026/08/08,2025/11/21,0.11,0.009999999776482582,0.1599999964237213,1000.0,,0.22,,,,0.0692,0.0231,0.0577,0.15,0.08070000261068344,0.0692,0.0692,0.2192,0.1154,0.1384,1.1535,2026-08-09
sv9-151,Lillie's Pearl,normal,Journey Together,151,Uncommon,AYUMI ODASHIMA,Pokémon Tool,,Trainer,2025/03/28,"tcgplayer,cardmarket",https://prices.pokemontcg.io/tcgplayer/sv9-151,https://images.pokemontcg.io/sv9/151_hires.png,2026/08/08,2025/11/21,0.12,0.009999999776482582,0.18000000715255737,1000.0,,0.26,,,,0.0461,0.0231,0.0577,0.1154,0.023099999874830246,0.0692,0.0461,0.1961,0.1154,0.1038,1.1535,2026-08-09
sv9-152,N's Castle,normal,Journey Together,152,Uncommon,AYUMI ODASHIMA,Stadium,,Trainer,2025/03/28,"tcgplayer,cardmarket",https://prices.pokemontcg.io/tcgplayer/sv9-152,https://images.pokemontcg.io/sv9/152_hires.png,2026/08/08,2025/11/21,0.16,0.009999999776482582,0.20000000298023224,19.979999542236328,,0.24,,,,0.0577,0.0231,0.0577,0.1384,0.09229999780654907,0.0692,0.0461,0.173,0.1038,0.1384,1.1535,2026-08-09
sv9-153,N's PP Up,normal,Journey Together,153,Uncommon,Toyste Beach,Item,,Trainer,2025/03/28,"tcgplayer,cardmarket",https://prices.pokemontcg.io/tcgplayer/sv9-153,https://images.pokemontcg.io/sv9/153_hires.png,2026/08/08,2025/11/21,0.15,0.009999999776482582,0.20000000298023224,1000.0,,0.3,,,,0.0692,0.0231,0.0346,0.2192,0.03460000082850456,0.0461,0.0692,0.1154,0.2538,0.2192,1.1535,2026-08-09
sv9-154,Postwick,normal,Journey Together,154,Uncommon,AYUMI ODASHIMA,Stadium,,Trainer,2025/03/28,"tcgplayer,cardmarket",https://prices.pokemontcg.io/tcgplayer/sv9-154,https://images.pokemontcg.io/sv9/154_hires.png,2026/08/08,2025/11/21,0.05,0.009999999776482582,0.1599999964237213,19.979999542236328,,0.27,,,,0.0346,0.0231,0.0231,0.1269,0.023099999874830246,0.0346,0.0461,0.173,0.1038,0.1154,1.1535,2026-08-09
sv9-155,Professor's Research,normal,Journey Together,155,Common,Taira Akitsu,Supporter,,Trainer,2025/03/28,"tcgplayer,cardmarket",https://prices.pokemontcg.io/tcgplayer/sv9-155,https://images.pokemontcg.io/sv9/155_hires.png,2026/08/08,2025/11/21,0.13,0.009999999776482582,0.20999999344348907,19.0,,0.51,,,,0.0807,0.0231,0.0807,0.4614,0.04610000178217888,0.1038,0.0807,0.323,0.346,0.4499,1.1535,2026-08-09
sv9-156,Redeemable Ticket,normal,Journey Together,156,Uncommon,Studio Bora Inc.,Item,,Trainer,2025/03/28,"tcgplayer,cardmarket",https://prices.pokemontcg.io/tcgplayer/sv9-156,https://images.pokemontcg.io/sv9/156_hires.png,2026/08/08,2025/11/21,0.2,0.009999999776482582,0.20000000298023224,19.979999542236328,,0.49,,,,0.0692,0.0231,0.0577,0.646,0.05770000070333481,0.0577,0.0577,0.8651,0.4268,0.5998,1.1535,2026-08-09
sv9-157,Ruffian,normal,Journey Together,157,Uncommon,Hideki Ishikawa,Supporter,,Trainer,2025/03/28,"tcgplayer,cardmarket",https://prices.pokemontcg.io/tcgplayer/sv9-157,https://images.pokemontcg.io/sv9/157_hires.png,2026/08/08,2025/11/21,0.19,0.009999999776482582,0.1899999976158142,19.979999542236328,,0.44,,,,0.0461,0.0231,0.0577,0.4614,0.03460000082850456,0.0577,0.0461,0.5767,0.3576,0.4153,1.1535,2026-08-09
sv9-158,Super Potion,normal,Journey Together,158,Uncommon,Studio Bora Inc.,Item,,Trainer,2025/03/28,"tcgplayer,cardmarket",https://prices.pokemontcg.io/tcgplayer/sv9-158,https://images.pokemontcg.io/sv9/158_hires.png,2026/08/08,2025/11/21,0.12,0.009999999776482582,0.18000000715255737,1000.0,,0.52,,,,0.0461,0.0231,0.0461,0.4383,0.03460000082850456,0.0461,0.0461,0.5537,0.2538,0.3807,1.1535,2026-08-09
sv9-159,Spiky Energy,normal,Journey Together,159,Uncommon,,Special,,Energy,2025/03/28,"tcgplayer,cardmarket",https://prices.pokemontcg.io/tcgplayer/sv9-159,https://images.pokemontcg.io/sv9/159_hires.png,2026/08/08,2025/11/18,0.24,0.009999999776482582,0.25,19.979999542236328,,0.73,,,,0.0807,0.0231,0.0461,0.7152,0.06920000165700912,0.0461,0.0577,0.2307,0.7844,0.7959,1.1535,2026-08-09
sv9-160,Maractus,holofoil,Journey Together,160,Illustration Rare,Ounishi,Basic,556,Pokémon,2025/03/28,"tcgplayer,cardmarket",https://prices.pokemontcg.io/tcgplayer/sv9-160,https://images.pokemontcg.io/sv9/160_hires.png,2026/08/08,2025/11/18,2.26,1.0,2.5,949.219970703125,,,,,,2.4685,1.142,2.1109,0.0,2.099400043487549,2.0417,2.307,0.0,0.0,0.0,1.1535,2026-08-09
sv9-161,Articuno,holofoil,Journey Together,161,Illustration Rare,Kuroimori,Basic,144,Pokémon,2025/03/28,"tcgplayer,cardmarket",https://prices.pokemontcg.io/tcgplayer/sv9-161,https://images.pokemontcg.io/sv9/161_hires.png,2026/08/08,2025/11/18,21.49,19.989999771118164,25.0,399.989990234375,,,,,,28.1108,11.535,17.9485,0.0,17.68320083618164,20.0478,22.6893,0.0,0.0,0.0,1.1535,2026-08-09
sv9-162,Wailord,holofoil,Journey Together,162,Illustration Rare,Katsunori Sato,Stage 1,321,Pokémon,2025/03/28,"tcgplayer,cardmarket",https://prices.pokemontcg.io/tcgplayer/sv9-162,https://images.pokemontcg.io/sv9/162_hires.png,2026/08/08,2025/11/18,16.18,14.0,18.020000457763672,139.67999267578125,,,,,,12.0541,5.7675,12.1233,0.0,8.893500328063965,11.5119,12.2502,0.0,0.0,0.0,1.1535,2026-08-09
sv9-163,Iono's Kilowattrel,holofoil,Journey Together,163,Illustration Rare,Terada Tera,Stage 1,941,Pokémon,2025/03/28,"tcgplayer,cardmarket",https://prices.pokemontcg.io/tcgplayer/sv9-163,https://images.pokemontcg.io/sv9/163_hires.png,2026/08/08,2025/11/18,5.03,3.950000047683716,5.949999809265137,75.0,,,,,,4.4294,1.1535,4.1872,0.0,2.710700035095215,4.118,4.4179,0.0,0.0,0.0,1.1535,2026-08-09
sv9-164,Lillie's Ribombee,holofoil,Journey Together,164,Illustration Rare,saino misaki,Stage 1,743,Pokémon,2025/03/28,"tcgplayer,cardmarket",https://prices.pokemontcg.io/tcgplayer/sv9-164,https://images.pokemontcg.io/sv9/164_hires.png,2026/08/08,2025/11/18,5.47,3.75,6.119999885559082,500.0,,,,,,6.0213,2.1916,5.4215,0.0,4.475599765777588,4.96,5.8828,0.0,0.0,0.0,1.1535,2026-08-09
sv9-165,Swinub,holofoil,Journey Together,165,Illustration Rare,Nakamura Ippan,Basic,220,Pokémon,2025/03/28,"tcgplayer,cardmarket",https://prices.pokemontcg.io/tcgplayer/sv9-165,https://images.pokemontcg.io/sv9/165_hires.png,2026/08/08,2025/11/18,3.41,1.75,3.509999990463257,99.98999786376953,,,,,,2.5838,1.0958,2.48,0.0,2.283900022506714,2.3416,2.5608,0.0,0.0,0.0,1.1535,2026-08-09
sv9-166,Lycanroc,holofoil,Journey Together,166,Illustration Rare,GIDORA,Stage 1,745,Pokémon,2025/03/28,"tcgplayer,cardmarket",https://prices.pokemontcg.io/tcgplayer/sv9-166,https://images.pokemontcg.io/sv9/166_hires.png,2026/08/08,2025/11/18,3.32,2.0,3.490000009536743,35.0,,,,,,3.0452,1.3842,3.2875,0.0,2.687700033187866,3.126,3.0683,0.0,0.0,0.0,1.1535,2026-08-09
sv9-167,N's Reshiram,holofoil,Journey Together,167,Illustration Rare,Bun Toujo,Basic,643,Pokémon,2025/03/28,"tcgplayer,cardmarket",https://prices.pokemontcg.io/tcgplayer/sv9-167,https://images.pokemontcg.io/sv9/167_hires.png,2025/07/18,2025/11/18,20.69,18.100000381469727,26.969999313354492,149.99000549316406,,,,,,20.6246,15.5723,22.3318,0.0,21.2012996673584,21.2359,21.2705,0.0,0.0,0.0,1.1535,2026-08-09
sv9-168,Furret,holofoil,Journey Together,168,Illustration Rare,REND,Stage 1,162,Pokémon,2025/03/28,"tcgplayer,cardmarket",https://prices.pokemontcg.io/tcgplayer/sv9-168,https://images.pokemontcg.io/sv9/168_hires.png,2026/08/08,2025/11/18,8.99,7.0,9.5,1000.0,,,,,,5.6868,2.1916,5.26,0.0,4.5447998046875,5.26,5.3522,0.0,0.0,0.0,1.1535,2026-08-09
sv9-169,Noibat,holofoil,Journey Together,169,Illustration Rare,sowsow,Basic,714,Pokémon,2025/03/28,"tcgplayer,cardmarket",https://prices.pokemontcg.io/tcgplayer/sv9-169,https://images.pokemontcg.io/sv9/169_hires.png,2026/08/08,2025/11/18,6.09,4.489999771118164,6.510000228881836,9999.0,,,,,,5.3292,2.2955,4.5448,0.0,3.3336000442504883,4.1757,4.8562,0.0,0.0,0.0,1.1535,2026-08-09
sv9-170,Hop's Wooloo,holofoil,Journey Together,170,Illustration Rare,MINAMINAMI Take,Basic,831,Pokémon,2025/03/28,"tcgplayer,cardmarket",https://prices.pokemontcg.io/tcgplayer/sv9-170,https://images.pokemontcg.io/sv9/170_hires.png,2026/08/08,2025/11/18,4.84,3.5,5.0,85.0,,,,,,4.1526,2.0763,3.8181,0.0,3.2528998851776123,3.8412,4.118,0.0,0.0,0.0,1.1535,2026-08-09
sv9-171,Volcanion ex,holofoil,Journey Together,171,Ultra Rare,5ban Graphics,Basic|ex,721,Pokémon,2025/03/28,"tcgplayer,cardmarket",https://prices.pokemontcg.io/tcgplayer/sv9-171,https://images.pokemontcg.io/sv9/171_hires.png,2026/08/08,2025/11/18,1.19,0.75,1.25,9999.0,,,,,,1.6034,0.6921,1.811,0.0,1.9033000469207764,1.6264,1.5803,0.0,0.0,0.0,1.1535,2026-08-09
sv9-172,Iono's Bellibolt ex,holofoil,Journey Together,172,Ultra Rare,5ban Graphics,Stage 1|ex,939,Pokémon,2025/03/28,"tcgplayer,cardmarket",https://prices.pokemontcg.io/tcgplayer/sv9-172,https://images.pokemontcg.io/sv9/172_hires.png,2026/08/08,2025/11/18,1.96,0.9900000095367432,2.25,9999.0,,,,,,2.48,0.5767,2.2032,0.0,1.9955999851226807,2.3993,2.3877,0.0,0.0,0.0,1.1535,2026-08-09
sv9-173,Lillie's Clefairy ex,holofoil,Journey Together,173,Ultra Rare,5ban Graphics,Basic|ex,35,Pokémon,2025/03/28,"tcgplayer,cardmarket",https://prices.pokemontcg.io/tcgplayer/sv9-173,https://images.pokemontcg.io/sv9/173_hires.png,2026/08/08,2025/11/18,8.28,6.0,8.970000267028809,89.95999908447266,,,,,,6.1597,2.7684,5.7444,0.0,5.063899993896484,5.283,5.8944,0.0,0.0,0.0,1.1535,2026-08-09
sv9-174,Mamoswine ex,holofoil,Journey Together,174,Ultra Rare,N-DESIGN Inc.,Stage 2|ex,473,Pokémon,2025/03/28,"tcgplayer,cardmarket",https://prices.pokemontcg.io/tcgplayer/sv9-174,https://images.pokemontcg.io/sv9/174_hires.png,2026/08/08,2025/11/18,0.96,0.30000001192092896,1.0,19.979999542236328,,,,,,1.488,0.5767,1.3611,0.0,1.7648999691009521,1.3496,1.4534,0.0,0.0,0.0,1.1535,2026-08-09
sv9-175,N's Zoroark ex,holofoil,Journey Together,175,Ultra Rare,takuyoa,Stage 1|ex,571,Pokémon,2025/03/28,"tcgplayer,cardmarket",https://prices.pokemontcg.io/tcgplayer/sv9-175,https://images.pokemontcg.io/sv9/175_hires.png,2026/08/08,2025/11/18,4.03,3.0,5.0,59.900001525878906,,,,,,5.1792,4.0257,5.6752,0.0,5.709799766540527,5.7098,5.3638,0.0,0.0,0.0,1.1535,2026-08-09
sv9-176,Hop's Zacian ex,holofoil,Journey Together,176,Ultra Rare,aky CG Works,Basic|ex,888,Pokémon,2025/03/28,"tcgplayer,cardmarket",https://prices.pokemontcg.io/tcgplayer/sv9-176,https://images.pokemontcg.io/sv9/176_hires.png,2026/08/08,2025/11/18,1.74,0.9900000095367432,2.1500000953674316,29.989999771118164,,,,,,2.8722,0.9228,2.7107,0.0,3.0106000900268555,2.6992,2.7684,0.0,0.0,0.0,1.1535,2026-08-09
sv9-177,Salamence ex,holofoil,Journey Together,177,Ultra Rare,5ban Graphics,Stage 2|ex,373,Pokémon,2025/03/28,"tcgplayer,cardmarket",https://prices.pokemontcg.io/tcgplayer/sv9-177,https://images.pokemontcg.io/sv9/177_hires.png,2026/08/08,2025/11/18,2.03,0.75,2.390000104904175,199.99000549316406,,,,,,2.4339,1.0381,2.3531,0.0,2.3301000595092773,2.3185,2.307,0.0,0.0,0.0,1.1535,2026-08-09
sv9-178,Dudunsparce ex,holofoil,Journey Together,178,Ultra Rare,5ban Graphics,Stage 1|ex,982,Pokémon,2025/03/28,"tcgplayer,cardmarket",https://prices.pokemontcg.io/tcgplayer/sv9-178,https://images.pokemontcg.io/sv9/178_hires.png,2026/08/08,2025/11/18,1.16,0.5,1.5199999809265137,19.979999542236328,,,,,,1.3611,0.6921,1.315,0.0,1.61489999294281,1.3496,1.3727,0.0,0.0,0.0,1.1535,2026-08-09
sv9-179,Brock's Scouting,holofoil,Journey Together,179,Ultra Rare,Teeziro,Supporter,,Trainer,2025/03/28,"tcgplayer,cardmarket",https://prices.pokemontcg.io/tcgplayer/sv9-179,https://images.pokemontcg.io/sv9/179_hires.png,2026/08/08,2025/11/18,1.98,1.0,2.5999999046325684,9999.0,,,,,,4.4294,2.0186,3.6797,0.0,3.1491000652313232,3.7143,4.1065,0.0,0.0,0.0,1.1535,2026-08-09
sv9-180,Iris's Fighting Spirit,holofoil,Journey Together,180,Ultra Rare,yuu,Supporter,,Trainer,2025/03/28,"tcgplayer,cardmarket",https://prices.pokemontcg.io/tcgplayer/sv9-180,https://images.pokemontcg.io/sv9/180_hires.png,2026/08/08,2025/11/18,1.47,0.9900000095367432,1.7799999713897705,9999.0,,,,,,2.3416,0.7959,2.0763,0.0,1.7417999505996704,2.0532,2.2378,0.0,0.0,0.0,1.1535,2026-08-09
sv9-181,Ruffian,holofoil,Journey Together,181,Ultra Rare,Hideki Ishikawa,Supporter,,Trainer,2025/03/28,"tcgplayer,cardmarket",https://prices.pokemontcg.io/tcgplayer/sv9-181,https://images.pokemontcg.io/sv9/181_hires.png,2026/08/08,2025/11/18,0.89,0.4000000059604645,0.9900000095367432,9999.0,,,,,,1.165,0.2307,1.0381,0.0,0.9343000054359436,1.0266,1.165,0.0,0.0,0.0,1.1535,2026-08-09
sv9-182,Volcanion ex,holofoil,Journey Together,182,Special Illustration Rare,akagi,Basic|ex,721,Pokémon,2025/03/28,"tcgplayer,cardmarket",https://prices.pokemontcg.io/tcgplayer/sv9-182,https://images.pokemontcg.io/sv9/182_hires.png,2026/08/08,2025/11/18,20.53,18.989999771118164,22.59000015258789,203.89999389648438,,,,,,37.258,24.2235,31.8712,0.0,41.09920120239258,31.9404,34.2013,0.0,0.0,0.0,1.1535,2026-08-09
sv9-183,Iono's Bellibolt ex,holofoil,Journey Together,183,Special Illustration Rare,Yuu Nishida,Stage 1|ex,939,Pokémon,2025/03/28,"tcgplayer,cardmarket",https://prices.pokemontcg.io/tcgplayer/sv9-183,https://images.pokemontcg.io/sv9/183_hires.png,2026/08/08,2025/11/18,40.92,38.0,43.88999938964844,9999.0,,,,,,50.1196,34.0282,44.1329,0.0,41.906700134277344,45.8978,45.6094,0.0,0.0,0.0,1.1535,2026-08-09
sv9-184,Lillie's Clefairy ex,holofoil,Journey Together,184,Special Illustration Rare,Susumu Maeya,Basic|ex,35,Pokémon,2025/03/28,"tcgplayer,cardmarket",https://prices.pokemontcg.io/tcgplayer/sv9-184,https://images.pokemontcg.io/sv9/184_hires.png,2026/08/08,2025/11/18,113.08,99.0,125.0,9999.0,,,,,,121.1636,103.815,113.1353,0.0,144.17599487304688,126.0314,122.9285,0.0,0.0,0.0,1.1535,2026-08-09
sv9-185,N's Zoroark ex,holofoil,Journey Together,185,Special Illustration Rare,Megumi Mizutani,Stage 1|ex,571,Pokémon,2025/03/28,"tcgplayer,cardmarket",https://prices.pokemontcg.io/tcgplayer/sv9-185,https://images.pokemontcg.io/sv9/185_hires.png,2026/08/08,2025/11/18,47.61,45.0,53.060001373291016,531.2000122070312,,,,,,63.431,48.447,56.9714,0.0,71.51699829101562,62.9465,62.3121,0.0,0.0,0.0,1.1535,2026-08-09
sv9-186,Hop's Zacian ex,holofoil,Journey Together,186,Special Illustration Rare,DOM,Basic|ex,888,Pokémon,2025/03/28,"tcgplayer,cardmarket",https://prices.pokemontcg.io/tcgplayer/sv9-186,https://images.pokemontcg.io/sv9/186_hires.png,2026/08/08,2025/11/18,33.93,31.989999771118164,38.0,9999.0,,,,,,51.746,34.605,41.526,0.0,49.20830154418945,41.3414,46.8782,0.0,0.0,0.0,1.1535,2026-08-09
sv9-187,Salamence ex,holofoil,Journey Together,187,Special Illustration Rare,Tsuyoshi Nagano,Stage 2|ex,373,Pokémon,2025/03/28,"tcgplayer,cardmarket",https://prices.pokemontcg.io/tcgplayer/sv9-187,https://images.pokemontcg.io/sv9/187_hires.png,2026/08/08,2025/11/18,57.33,54.66999816894531,65.8499984741211,9999.0,,,,,,80.6989,50.6963,69.4868,0.0,82.47530364990234,70.1559,75.1275,0.0,0.0,0.0,1.1535,2026-08-09
sv9-188,Iono's Bellibolt ex,holofoil,Journey Together,188,Hyper Rare,5ban Graphics,Stage 1|ex,939,Pokémon,2025/03/28,"tcgplayer,cardmarket",https://prices.pokemontcg.io/tcgplayer/sv9-188,https://images.pokemontcg.io/sv9/188_hires.png,2026/08/08,2025/11/18,16.79,14.0,17.950000762939453,121.0999984741211,,,,,,22.747,16.0337,20.5323,0.0,20.76300048828125,20.2209,21.582,0.0,0.0,0.0,1.1535,2026-08-09
sv9-189,N's Zoroark ex,holofoil,Journey Together,189,Hyper Rare,takuyoa,Stage 1|ex,571,Pokémon,2025/03/28,"tcgplayer,cardmarket",https://prices.pokemontcg.io/tcgplayer/sv9-189,https://images.pokemontcg.io/sv9/189_hires.png,2026/08/08,2025/11/18,14.97,13.25,17.190000534057617,154.6999969482422,,,,,,24.7656,19.6095,25.2155,0.0,32.5172004699707,24.0043,24.5119,0.0,0.0,0.0,1.1535,2026-08-09
sv9-190,Spiky Energy,holofoil,Journey Together,190,Hyper Rare,,Special,,Energy,2025/03/28,"tcgplayer,cardmarket",https://prices.pokemontcg.io/tcgplayer/sv9-190,https://images.pokemontcg.io/sv9/190_hires.png,2026/08/08,2025/11/18,4.1,2.4700000286102295,4.789999961853027,9999.0,,,,,,9.7125,6.9095,9.6433,0.0,11.419699668884277,9.2972,9.6894,0.0,0.0,0.0,1.1535,2026-08-09
sv10-1,Ethan's Pinsir,normal,Destined Rivals,1,Uncommon,GIDORA,Basic,127,Pokémon,2025/05/30,"tcgplayer,cardmarket",https://prices.pokemontcg.io/tcgplayer/sv10-1,https://images.pokemontcg.io/sv10/1_hires.png,2026/08/08,2026/07/01,0.09,0.009999999776482582,0.15000000596046448,1000.0,,0.31,,,,0.0461,0.0231,0.0346,0.2076,0.03460000082850456,0.0346,0.0461,0.4499,0.1615,0.2076,1.1535,2026-08-09
sv10-2,Yanma,normal,Destined Rivals,2,Common,svlt,Basic,193,Pokémon,2025/05/30,"tcgplayer,cardmarket",https://prices.pokemontcg.io/tcgplayer/sv10-2,https://images.pokemontcg.io/sv10/2_hires.png,2026/08/08,2026/07/01,0.06,0.009999999776482582,0.15000000596046448,1000.0,,0.2,,,,0.0461,0.0231,0.0461,0.0923,0.06920000165700912,0.0577,0.0461,0.1269,0.1038,0.0923,1.1535,2026-08-09
sv10-3,Yanmega ex,holofoil,Destined Rivals,3,Double Rare,takuyoa,Stage 1|ex,469,Pokémon,2025/05/30,"tcgplayer,cardmarket",https://prices.pokemontcg.io/tcgplayer/sv10-3,https://images.pokemontcg.io/sv10/3_hires.png,2026/08/08,2026/07/01,0.54,0.1899999976158142,0.75,19.979999542236328,,,,,,0.5652,0.0231,0.496,0.0,0.6920999884605408,0.5998,0.5537,0.0,0.0,0.0,1.1535,2026-08-09
sv10-4,Pineco,normal,Destined Rivals,4,Common,YASHIRO Nanaco,Basic,204,Pokémon,2025/05/30,"tcgplayer,cardmarket",https://prices.pokemontcg.io/tcgplayer/sv10-4,https://images.pokemontcg.io/sv10/4_hires.png,2026/08/08,2026/07/01,0.04,0.009999999776482582,0.15000000596046448,1000.0,,0.2,,,,0.0461,0.0231,0.0692,0.0923,0.05770000070333481,0.0692,0.0577,0.0577,0.1269,0.1038,1.1535,2026-08-09
sv10-5,Shroomish,normal,Destined Rivals,5,Common,IKEDA Saki,Basic,285,Pokémon,2025/05/30,"tcgplayer,cardmarket",https://prices.pokemontcg.io/tcgplayer/sv10-5,https://images.pokemontcg.io/sv10/5_hires.png,2026/08/08,2026/07/01,0.15,0.009999999776482582,0.17000000178813934,19.979999542236328,,0.24,,,,0.0346,0.0231,0.0461,0.0807,0.04610000178217888,0.0461,0.0346,0.0577,0.1038,0.0923,1.1535,2026-08-09
sv10-6,Breloom,normal,Destined Rivals,6,Common,nisimono,Stage 1,286,Pokémon,2025/05/30,"tcgplayer,cardmarket",https://prices.pokemontcg.io/tcgplayer/sv10-6,https://images.pokemontcg.io/sv10/6_hires.png,2026/08/08,2026/07/01,0.07,0.009999999776482582,0.15000000596046448,19.979999542236328,,0.24,,,,0.0346,0.0231,0.0461,0.0923,0.04610000178217888,0.0461,0.0346,0.0807,0.1038,0.1038,1.1535,2026-08-09
sv10-7,Cynthia's Roselia,normal,Destined Rivals,7,Common,nisimono,Basic,315,Pokémon,2025/05/30,"tcgplayer,cardmarket",https://prices.pokemontcg.io/tcgplayer/sv10-7,https://images.pokemontcg.io/sv10/7_hires.png,2026/08/08,2026/07/01,0.22,0.009999999776482582,0.2199999988079071,20.0,,0.46,,,,0.0807,0.0231,0.0807,0.3807,0.08070000261068344,0.0923,0.0807,0.3691,0.2768,0.3576,1.1535,2026-08-09
sv10-8,Cynthia's Roserade,holofoil,Destined Rivals,8,Rare,En Morikura,Stage 1,407,Pokémon,2025/05/30,"tcgplayer,cardmarket",https://prices.pokemontcg.io/tcgplayer/sv10-8,https://images.pokemontcg.io/sv10/8_hires.png,2026/08/08,2026/07/01,0.23,0.029999999329447746,0.25,20.0,,0.32,,,,0.1615,0.0231,0.0807,0.323,0.10379999876022339,0.1038,0.1615,0.15,0.2076,0.3114,1.1535,2026-08-09
sv10-9,Mow Rotom,normal,Destined Rivals,9,Common,Rianti Hidayat,Basic,479,Pokémon,2025/05/30,"tcgplayer,cardmarket",https://prices.pokemontcg.io/tcgplayer/sv10-9,https://images.pokemontcg.io/sv10/9_hires.png,2026/08/08,2026/07/01,0.1,0.009999999776482582,0.15000000596046448,19.979999542236328,,0.23,,,,0.0346,0.0231,0.0577,0.1038,0.04610000178217888,0.0577,0.0461,0.0461,0.1038,0.1038,1.1535,2026-08-09
sv10-10,Shaymin,normal,Destined Rivals,10,Uncommon,tono,Basic,492,Pokémon,2025/05/30,"tcgplayer,cardmarket",https://prices.pokemontcg.io/tcgplayer/sv10-10,https://images.pokemontcg.io/sv10/10_hires.png,2026/08/08,2026/07/01,0.27,0.009999999776482582,0.30000001192092896,30.0,,0.83,,,,0.173,0.0231,0.1846,0.4383,0.13840000331401825,0.1269,0.173,0.0807,0.5767,0.4268,1.1535,2026-08-09
sv10-11,Dwebble,normal,Destined Rivals,11,Common,Kanami Ogata,Basic,557,Pokémon,2025/05/30,"tcgplayer,cardmarket",https://prices.pokemontcg.io/tcgplayer/sv10-11,https://images.pokemontcg.io/sv10/11_hires.png,2026/08/08,2026/06/30,0.19,0.009999999776482582,0.20999999344348907,19.979999542236328,,0.29,,,,0.1154,0.0231,0.15,0.1961,0.12690000236034393,0.1961,0.1154,0.1038,0.1615,0.2192,1.1535,2026-08-09
sv10-12,Crustle,holofoil,Destined Rivals,12,Rare,Po-Suzuki,Stage 1,558,Pokémon,2025/05/30,"tcgplayer,cardmarket",https://prices.pokemontcg.io/tcgplayer/sv10-12,https://images.pokemontcg.io/sv10/12_hires.png,2026/08/08,2026/06/18,0.25,0.009999999776482582,0.23999999463558197,20.0,,0.32,,,,0.1615,0.0231,0.1615,0.2653,0.12690000236034393,0.15,0.1615,0.2422,0.2422,0.2653,1.1535,2026-08-09
sv10-13,Fomantis,normal,Destined Rivals,13,Common,mashu,Basic,753,Pokémon,2025/05/30,"tcgplayer,cardmarket",https://prices.pokemontcg.io/tcgplayer/sv10-13,https://images.pokemontcg.io/sv10/13_hires.png,2026/08/08,2026/06/18,0.05,0.009999999776482582,0.15000000596046448,19.979999542236328,,0.15,,,,0.0346,0.0231,0.0461,0.1154,0.03460000082850456,0.0461,0.0461,0.0692,0.1038,0.1038,1.1535,2026-08-09
sv10-14,Lurantis,normal,Destined Rivals,14,Uncommon,Masako Tomii,Stage 1,754,Pokémon,2025/05/30,"tcgplayer,cardmarket",https://prices.pokemontcg.io/tcgplayer/sv10-14,https://images.pokemontcg.io/sv10/14_hires.png,2026/08/08,2026/06/18,0.06,0.009999999776482582,0.15000000596046448,19.979999542236328,,0.4,,,,0.0461,0.0231,0.0346,0.2076,0.04610000178217888,0.0461,0.0461,0.1615,0.2307,0.2076,1.1535,2026-08-09
sv10-15,Team Rocket's Blipbug,normal,Destined Rivals,15,Common,buchi,Basic,824,Pokémon,2025/05/30,"tcgplayer,cardmarket",https://prices.pokemontcg.io/tcgplayer/sv10-15,https://images.pokemontcg.io/sv10/15_hires.png,2026/08/08,2026/06/18,0.02,0.009999999776482582,0.15000000596046448,19.979999542236328,,0.22,,,,0.0346,0.0231,0.0346,0.0923,0.03460000082850456,0.0346,0.0231,0.0807,0.1038,0.0923,1.1535,2026-08-09
sv10-16,Applin,normal,Destined Rivals,16,Common,Tetsu Kayama,Basic,840,Pokémon,2025/05/30,"tcgplayer,cardmarket",https://prices.pokemontcg.io/tcgplayer/sv10-16,https://images.pokemontcg.io/sv10/16_hires.png,2026/08/08,2026/06/18,0.11,0.009999999776482582,0.1599999964237213,19.979999542236328,,0.25,,,,0.0461,0.0231,0.0577,0.1269,0.04610000178217888,0.0346,0.0577,0.0807,0.1154,0.1269,1.1535,2026-08-09
sv10-17,Dipplin,normal,Destined Rivals,17,Common,Shigenori Negishi,Stage 1,1011,Pokémon,2025/05/30,"tcgplayer,cardmarket",https://prices.pokemontcg.io/tcgplayer/sv10-17,https://images.pokemontcg.io/sv10/17_hires.png,2026/08/08,2026/06/11,0.09,0.009999999776482582,0.18000000715255737,19.979999542236328,,0.31,,,,0.0346,0.0231,0.0577,0.1154,0.023099999874830246,0.0346,0.0346,0.0923,0.0807,0.1154,1.1535,2026-08-09
sv10-18,Hydrapple,holofoil,Destined Rivals,18,Rare,Anesaki Dynamic,Stage 2,1019,Pokémon,2025/05/30,"tcgplayer,cardmarket",https://prices.pokemontcg.io/tcgplayer/sv10-18,https://images.pokemontcg.io/sv10/18_hires.png,2026/08/08,2026/05/15,0.16,0.009999999776482582,0.20000000298023224,19.979999542236328,,0.35,,,,0.0692,0.0231,0.0923,0.2192,0.05770000070333481,0.0807,0.0807,0.1154,0.2768,0.2538,1.1535,2026-08-09
sv10-19,Team Rocket's Tarountula,normal,Destined Rivals,19,Common,Saboteri,Basic,917,Pokémon,2025/05/30,"tcgplayer,cardmarket",https://prices.pokemontcg.io/tcgplayer/sv10-19,https://images.pokemontcg.io/sv10/19_hires.png,2026/08/08,2026/05/15,0.17,0.009999999776482582,0.20000000298023224,1000.0,,0.25,,,,0.0807,0.0231,0.0577,0.1615,0.09229999780654907,0.0692,0.0692,0.1846,0.1615,0.173,1.1535,2026-08-09
sv10-20,Team Rocket's Spidops,holofoil,Destined Rivals,20,Rare,Taiga Kasai,Stage 1,918,Pokémon,2025/05/30,"tcgplayer,cardmarket",https://prices.pokemontcg.io/tcgplayer/sv10-20,https://images.pokemontcg.io/sv10/20_hires.png,2026/08/08,2026/05/12,0.18,0.009999999776482582,0.23999999463558197,19.979999542236328,,0.34,,,,0.1615,0.0231,0.1384,0.3114,0.09229999780654907,0.15,0.15,0.0692,0.346,0.2999,1.1535,2026-08-09
sv10-21,Smoliv,normal,Destined Rivals,21,Common,Yuka Morii,Basic,928,Pokémon,2025/05/30,"tcgplayer,cardmarket",https://prices.pokemontcg.io/tcgplayer/sv10-21,https://images.pokemontcg.io/sv10/21_hires.png,2026/08/08,2026/05/11,0.2,0.009999999776482582,0.20999999344348907,1000.0,,0.3,,,,0.0577,0.0231,0.0692,0.15,0.13840000331401825,0.0692,0.0577,0.3691,0.173,0.15,1.1535,2026-08-09
sv10-22,Dolliv,normal,Destined Rivals,22,Common,Felicia Chen,Stage 1,929,Pokémon,2025/05/30,"tcgplayer,cardmarket",https://prices.pokemontcg.io/tcgplayer/sv10-22,https://images.pokemontcg.io/sv10/22_hires.png,2026/08/08,2026/05/11,0.21,0.009999999776482582,0.2199999988079071,19.979999542236328,,0.22,,,,0.0692,0.0231,0.0923,0.15,0.2653000056743622,0.0923,0.0692,0.2307,0.1961,0.15,1.1535,2026-08-09
sv10-23,Arboliva ex,holofoil,Destined Rivals,23,Double Rare,PLANETA Tsuji,Stage 2|ex,930,Pokémon,2025/05/30,"tcgplayer,cardmarket",https://prices.pokemontcg.io/tcgplayer/sv10-23,https://images.pokemontcg.io/sv10/23_hires.png,2026/08/08,2026/05/11,0.68,0.2199999988079071,0.8999999761581421,19.979999542236328,,,,,,1.1074,0.0231,0.992,0.0,1.2342000007629395,1.0843,1.0958,0.0,0.0,0.0,1.1535,2026-08-09
sv10-24,Rellor,normal,Destined Rivals,24,Common,Toshinao Aoki,Basic,953,Pokémon,2025/05/30,"tcgplayer,cardmarket",https://prices.pokemontcg.io/tcgplayer/sv10-24,https://images.pokemontcg.io/sv10/24_hires.png,2026/08/08,2026/05/11,0.13,0.009999999776482582,0.15000000596046448,19.979999542236328,,0.2,,,,0.0346,0.0231,0.0346,0.0923,0.023099999874830246,0.0346,0.0346,0.0692,0.0923,0.0923,1.1535,2026-08-09
sv10-25,Rabsca ex,holofoil,Destined Rivals,25,Double Rare,N-DESIGN Inc.,Stage 1|ex,954,Pokémon,2025/05/30,"tcgplayer,cardmarket",https://prices.pokemontcg.io/tcgplayer/sv10-25,https://images.pokemontcg.io/sv10/25_hires.png,2026/08/08,2026/03/11,0.58,0.25,0.75,19.979999542236328,,,,,,0.5191,0.0231,0.5306,0.0,0.3806999921798706,0.5191,0.5306,0.0,0.0,0.0,1.1535,2026-08-09
sv10-26,Teal Mask Ogerpon,normal,Destined Rivals,26,Uncommon,Tomomi Ozaki,Basic,1017,Pokémon,2025/05/30,"tcgplayer,cardmarket",https://prices.pokemontcg.io/tcgplayer/sv10-26,https://images.pokemontcg.io/sv10/26_hires.png,2026/08/08,2026/03/11,0.09,0.009999999776482582,0.15000000596046448,1000.0,,0.32,,,,0.0577,0.0231,0.0577,0.2653,0.03460000082850456,0.0231,0.0461,0.4037,0.2653,0.2653,1.1535,2026-08-09
sv10-27,Growlithe,normal,Destined Rivals,27,Common,ryoma uratsuka,Basic,58,Pokémon,2025/05/30,"tcgplayer,cardmarket",https://prices.pokemontcg.io/tcgplayer/sv10-27,https://images.pokemontcg.io/sv10/27_hires.png,2026/08/08,2026/03/11,0.15,0.009999999776482582,0.1899999976158142,19.979999542236328,,0.24,,,,0.0461,0.0231,0.0577,0.1269,0.03460000082850456,0.0461,0.0461,0.1038,0.173,0.1384,1.1535,2026-08-09
sv10-28,Arcanine,normal,Destined Rivals,28,Uncommon,Nisota Niso,Stage 1,59,Pokémon,2025/05/30,"tcgplayer,cardmarket",https://prices.pokemontcg.io/tcgplayer/sv10-28,https://images.pokemontcg.io/sv10/28_hires.png,2026/08/08,2026/03/11,0.12,0.009999999776482582,0.17000000178813934,1000.0,,0.3,,,,0.0577,0.0231,0.0692,0.3345,0.023099999874830246,0.0692,0.0577,0.1615,0.2422,0.2768,1.1535,2026-08-09
sv10-29,Ponyta,normal,Destined Rivals,29,Common,Ayako Ozaki,Basic,77,Pokémon,2025/05/30,"tcgplayer,cardmarket",https://prices.pokemontcg.io/tcgplayer/sv10-29,https://images.pokemontcg.io/sv10/29_hires.png,2026/08/08,2026/03/11,0.14,0.009999999776482582,0.18000000715255737,19.979999542236328,,0.24,,,,0.0577,0.0231,0.0461,0.1269,0.09229999780654907,0.0461,0.0577,0.0692,0.1615,0.1384,1.1535,2026-08-09
sv10-30,Rapidash,normal,Destined Rivals,30,Uncommon,SIE NANAHARA,Stage 1,78,Pokémon,2025/05/30,"tcgplayer,cardmarket",https://prices.pokemontcg.io/tcgplayer/sv10-30,https://images.pokemontcg.io/sv10/30_hires.png,2026/08/08,2026/03/11,0.12,0.009999999776482582,0.15000000596046448,19.979999542236328,,0.36,,,,0.0461,0.0231,0.0346,0.2768,0.023099999874830246,0.0346,0.0461,0.0577,0.2422,0.2653,1.1535,2026-08-09
sv10-31,Team Rocket's Moltres ex,holofoil,Destined Rivals,31,Double Rare,5ban Graphics,Basic|ex,146,Pokémon,2025/05/30,"tcgplayer,cardmarket",https://prices.pokemontcg.io/tcgplayer/sv10-31,https://images.pokemontcg.io/sv10/31_hires.png,2026/08/08,2026/03/11,0.89,0.33000001311302185,0.8999999761581421,50.0,,,,,,0.7613,0.15,0.7267,0.8767,0.9574000239372253,0.7152,0.7498,0.2884,0.8767,0.8421,1.1535,2026-08-09
sv10-32,Ethan's Cyndaquil,normal,Destined Rivals,32,Common,Susumu Maeya,Basic,155,Pokémon,2025/05/30,"tcgplayer,cardmarket",https://prices.pokemontcg.io/tcgplayer/sv10-32,https://images.pokemontcg.io/sv10/32_hires.png,2026/08/08,2026/03/01,0.21,0.009999999776482582,0.20999999344348907,1000.0,,0.27,,,,0.0692,0.0231,0.0577,0.1615,0.06920000165700912,0.0692,0.0692,0.1038,0.2653,0.2076,1.1535,2026-08-09
sv10-33,Ethan's Quilava,normal,Destined Rivals,33,Common,Souichirou Gunjima,Stage 1,156,Pokémon,2025/05/30,"tcgplayer,cardmarket",https://prices.pokemontcg.io/tcgplayer/sv10-33,https://images.pokemontcg.io/sv10/33_hires.png,2026/08/08,2026/03/01,0.28,0.009999999776482582,0.25999999046325684,19.979999542236328,,0.3,,,,0.1038,0.0231,0.0807,0.2307,0.10379999876022339,0.0807,0.1038,0.1384,0.2538,0.2422,1.1535,2026-08-09
sv10-34,Ethan's Typhlosion,holofoil,Destined Rivals,34,Rare,danciao,Stage 2,157,Pokémon,2025/05/30,"tcgplayer,cardmarket",https://prices.pokemontcg.io/tcgplayer/sv10-34,https://images.pokemontcg.io/sv10/34_hires.png,2026/08/08,2026/03/01,0.33,0.03999999910593033,0.3400000035762787,45.0,,0.42,,,,0.2076,0.0231,0.1961,0.4845,0.08070000261068344,0.2076,0.2076,0.1269,0.346,0.4383,1.1535,2026-08-09
sv10-35,Ethan's Slugma,normal,Destined Rivals,35,Common,Sanosuke Sakuma,Basic,218,Pokémon,2025/05/30,"tcgplayer,cardmarket",https://prices.pokemontcg.io/tcgplayer/sv10-35,https://images.pokemontcg.io/sv10/35_hires.png,2026/08/08,2026/02/24,0.1,0.009999999776482582,0.15000000596046448,19.979999542236328,,0.27,,,,0.0692,0.0231,0.0346,0.1154,0.05770000070333481,0.0692,0.0807,0.0923,0.1154,0.1269,1.1535,2026-08-09
sv10-36,Ethan's Magcargo,holofoil,Destined Rivals,36,Rare,kodama,Stage 1,219,Pokémon,2025/05/30,"tcgplayer,cardmarket",https://prices.pokemontcg.io/tcgplayer/sv10-36,https://images.pokemontcg.io/sv10/36_hires.png,2026/08/08,2026/02/22,0.21,0.009999999776482582,0.20000000298023224,19.979999542236328,,0.28,,,,0.0923,0.0231,0.0692,0.2768,0.04610000178217888,0.0807,0.0807,0.3345,0.2192,0.2538,1.1535,2026-08-09
sv10-37,Team Rocket's Houndour,normal,Destined Rivals,37,Common,Krgc,Basic,228,Pokémon,2025/05/30,"tcgplayer,cardmarket",https://prices.pokemontcg.io/tcgplayer/sv10-37,https://images.pokemontcg.io/sv10/37_hires.png,2026/08/08,2026/02/21,0.07,0.009999999776482582,0.15000000596046448,19.979999542236328,,0.23,,,,0.0346,0.0231,0.0461,0.1154,0.09229999780654907,0.0461,0.0461,0.1269,0.1269,0.1154,1.1535,2026-08-09
sv10-38,Team Rocket's Houndoom,normal,Destined Rivals,38,Uncommon,Anesaki Dynamic,Stage 1,229,Pokémon,2025/05/30,"tcgplayer,cardmarket",https://prices.pokemontcg.io/tcgplayer/sv10-38,https://images.pokemontcg.io/sv10/38_hires.png,2026/08/08,2026/02/21,0.11,0.009999999776482582,0.15000000596046448,1000.0,,0.32,,,,0.0461,0.0231,0.0346,0.2768,0.09229999780654907,0.0461,0.0461,0.173,0.1961,0.2538,1.1535,2026-08-09
sv10-39,Ethan's Ho-Oh ex,holofoil,Destined Rivals,39,Double Rare,aky CG Works,Basic|ex,250,Pokémon,2025/05/30,"tcgplayer,cardmarket",https://prices.pokemontcg.io/tcgplayer/sv10-39,https://images.pokemontcg.io/sv10/39_hires.png,2026/08/08,2026/02/21,0.69,0.2800000011920929,0.8500000238418579,916.6699829101562,,,,,,0.8536,0.2076,0.8882,0.0,0.7843999862670898,0.9228,0.8421,0.0,0.0,0.0,1.1535,2026-08-09
sv10-40,Torchic,normal,Destined Rivals,40,Common,Tika Matsuno,Basic,255,Pokémon,2025/05/30,"tcgplayer,cardmarket",https://prices.pokemontcg.io/tcgplayer/sv10-40,https://images.pokemontcg.io/sv10/40_hires.png,2026/08/08,2026/02/21,0.19,0.009999999776482582,0.20000000298023224,1000.0,,0.26,,,,0.0461,0.0231,0.0346,0.15,0.03460000082850456,0.0346,0.0461,0.1154,0.1615,0.15,1.1535,2026-08-09
sv10-41,Combusken,normal,Destined Rivals,41,Common,yuu,Stage 1,256,Pokémon,2025/05/30,"tcgplayer,cardmarket",https://prices.pokemontcg.io/tcgplayer/sv10-41,https://images.pokemontcg.io/sv10/41_hires.png,2026/08/08,2026/02/21,0.2,0.009999999776482582,0.25,20.0,,0.28,,,,0.0461,0.0231,0.0577,0.1384,0.023099999874830246,0.0461,0.0461,0.1154,0.1269,0.1269,1.1535,2026-08-09
sv10-42,Blaziken,holofoil,Destined Rivals,42,Rare,Kazumasa Yasukuni,Stage 2,257,Pokémon,2025/05/30,"tcgplayer,cardmarket",https://prices.pokemontcg.io/tcgplayer/sv10-42,https://images.pokemontcg.io/sv10/42_hires.png,2026/08/08,2026/02/21,0.19,0.009999999776482582,0.23999999463558197,20.0,,0.36,,,,0.1038,0.0231,0.1038,0.346,0.06920000165700912,0.1154,0.1038,0.2307,0.2422,0.3345,1.1535,2026-08-09
sv10-43,Heat Rotom,normal,Destined Rivals,43,Common,Dsuke,Basic,479,Pokémon,2025/05/30,"tcgplayer,cardmarket",https://prices.pokemontcg.io/tcgplayer/sv10-43,https://images.pokemontcg.io/sv10/43_hires.png,2026/08/08,2026/02/21,0.19,0.009999999776482582,0.20000000298023224,19.979999542236328,,0.21,,,,0.0461,0.0231,0.0461,0.1038,0.04610000178217888,0.0461,0.0461,0.0692,0.1154,0.1154,1.1535,2026-08-09
sv10-44,Hearthflame Mask Ogerpon,normal,Destined Rivals,44,Uncommon,HYOGONOSUKE,Basic,1017,Pokémon,2025/05/30,"tcgplayer,cardmarket",https://prices.pokemontcg.io/tcgplayer/sv10-44,https://images.pokemontcg.io/sv10/44_hires.png,2026/08/08,2026/02/21,0.08,0.009999999776482582,0.15000000596046448,1000.0,,0.32,,,,0.0461,0.0231,0.0346,0.2768,0.06920000165700912,0.0461,0.0461,0.173,0.2653,0.2768,1.1535,2026-08-09
sv10-45,Misty's Psyduck,normal,Destined Rivals,45,Uncommon,Yuu Nishida,Basic,54,Pokémon,2025/05/30,"tcgplayer,cardmarket",https://prices.pokemontcg.io/tcgplayer/sv10-45,https://images.pokemontcg.io/sv10/45_hires.png,2026/08/08,2026/02/21,0.21,0.009999999776482582,0.25,19.979999542236328,,1.0,,,,0.0692,0.0231,0.0461,0.346,0.04610000178217888,0.0461,0.0692,0.1154,0.323,0.346,1.1535,2026-08-09
sv10-46,Misty's Staryu,normal,Destined Rivals,46,Common,Shinya Komatsu,Basic,120,Pokémon,2025/05/30,"tcgplayer,cardmarket",https://prices.pokemontcg.io/tcgplayer/sv10-46,https://images.pokemontcg.io/sv10/46_hires.png,2026/08/08,2026/02/21,0.11,0.009999999776482582,0.15000000596046448,1000.0,,0.34,,,,0.0346,0.0231,0.0346,0.2307,0.03460000082850456,0.0346,0.0346,0.0577,0.2307,0.2307,1.1535,2026-08-09
sv10-47,Misty's Starmie,normal,Destined Rivals,47,Uncommon,Natsumi Yoshida,Stage 1,121,Pokémon,2025/05/30,"tcgplayer,cardmarket",https://prices.pokemontcg.io/tcgplayer/sv10-47,https://images.pokemontcg.io/sv10/47_hires.png,2026/08/08,2026/02/19,0.13,0.009999999776482582,0.17000000178813934,25.0,,0.33,,,,0.0346,0.0231,0.0577,0.2999,0.04610000178217888,0.0461,0.0461,0.323,0.2422,0.2768,1.1535,2026-08-09
sv10-48,Misty's Magikarp,normal,Destined Rivals,48,Common,Shimaris Yukichi,Basic,129,Pokémon,2025/05/30,"tcgplayer,cardmarket",https://prices.pokemontcg.io/tcgplayer/sv10-48,https://images.pokemontcg.io/sv10/48_hires.png,2026/08/08,2026/02/19,0.12,0.009999999776482582,0.18000000715255737,1000.0,,0.47,,,,0.0346,0.0231,0.0461,0.2999,0.05770000070333481,0.0346,0.0461,0.2422,0.2768,0.2999,1.1535,2026-08-09
sv10-49,Misty's Gyarados,holofoil,Destined Rivals,49,Rare,GOSSAN,Stage 1,130,Pokémon,2025/05/30,"tcgplayer,cardmarket",https://prices.pokemontcg.io/tcgplayer/sv10-49,https://images.pokemontcg.io/sv10/49_hires.png,2026/08/08,2026/02/19,0.37,0.009999999776482582,0.3700000047683716,22.0,,0.48,,,,0.1615,0.0231,0.1384,0.4729,0.13840000331401825,0.1384,0.1384,0.2999,0.323,0.4268,1.1535,2026-08-09
sv10-50,Misty's Lapras,normal,Destined Rivals,50,Common,En Morikura,Basic,131,Pokémon,2025/05/30,"tcgplayer,cardmarket",https://prices.pokemontcg.io/tcgplayer/sv10-50,https://images.pokemontcg.io/sv10/50_hires.png,2026/08/08,2026/02/04,0.19,0.009999999776482582,0.20000000298023224,19.979999542236328,,0.35,,,,0.0461,0.0231,0.0461,0.2999,0.023099999874830246,0.0461,0.0461,0.1846,0.2422,0.3114,1.1535,2026-08-09
sv10-51,Team Rocket's Articuno,holofoil,Destined Rivals,51,Rare,Mitsuhiro Arita,Basic,144,Pokémon,2025/05/30,"tcgplayer,cardmarket",https://prices.pokemontcg.io/tcgplayer/sv10-51,https://images.pokemontcg.io/sv10/51_hires.png,2026/08/08,2026/02/04,0.29,0.05000000074505806,0.3400000035762787,19.979999542236328,,0.7,,,,0.1269,0.0231,0.1384,0.3922,0.15000000596046448,0.15,0.1269,0.173,0.4614,0.3922,1.1535,2026-08-09
sv10-52,Cynthia's Feebas,normal,Destined Rivals,52,Common,kamonabe,Basic,349,Pokémon,2025/05/30,"tcgplayer,cardmarket",https://prices.pokemontcg.io/tcgplayer/sv10-52,https://images.pokemontcg.io/sv10/52_hires.png,2026/08/08,2026/02/04,0.1,0.009999999776482582,0.1599999964237213,1000.0,,0.39,,,,0.0461,0.0231,0.0692,0.2422,0.03460000082850456,0.0692,0.0461,0.173,0.2422,0.2538,1.1535,2026-08-09
sv10-53,Cynthia's Milotic,normal,Destined Rivals,53,Uncommon,You Iribi,Stage 1,350,Pokémon,2025/05/30,"tcgplayer,cardmarket",https://prices.pokemontcg.io/tcgplayer/sv10-53,https://images.pokemontcg.io/sv10/53_hires.png,2026/08/08,2026/02/04,0.07,0.009999999776482582,0.15000000596046448,20.0,,0.32,,,,0.0692,0.0231,0.0346,0.3345,0.03460000082850456,0.0577,0.0692,0.2076,0.3345,0.3576,1.1535,2026-08-09
sv10-54,Clamperl,normal,Destined Rivals,54,Common,Miki Tanaka,Basic,366,Pokémon,2025/05/30,"tcgplayer,cardmarket",https://prices.pokemontcg.io/tcgplayer/sv10-54,https://images.pokemontcg.io/sv10/54_hires.png,2026/08/08,2026/02/04,0.04,0.009999999776482582,0.15000000596046448,20.0,,0.24,,,,0.0461,0.0231,0.0461,0.1154,0.04610000178217888,0.0461,0.0577,0.1269,0.1154,0.1154,1.1535,2026-08-09
sv10-55,Huntail,normal,Destined Rivals,55,Uncommon,Scav,Stage 1,367,Pokémon,2025/05/30,"tcgplayer,cardmarket",https://prices.pokemontcg.io/tcgplayer/sv10-55,https://images.pokemontcg.io/sv10/55_hires.png,2026/08/08,2026/02/04,0.08,0.009999999776482582,0.15000000596046448,1000.0,,0.3,,,,0.0461,0.0231,0.0577,0.2538,0.03460000082850456,0.0346,0.0461,0.1846,0.2192,0.2307,1.1535,2026-08-09
sv10-56,Gorebyss,holofoil,Destined Rivals,56,Rare,Naoyo Kimura,Stage 1,368,Pokémon,2025/05/30,"tcgplayer,cardmarket",https://prices.pokemontcg.io/tcgplayer/sv10-56,https://images.pokemontcg.io/sv10/56_hires.png,2026/08/08,2026/02/04,0.16,0.009999999776482582,0.20000000298023224,19.979999542236328,,0.31,,,,0.0807,0.0231,0.1038,0.2768,0.08070000261068344,0.1038,0.0807,0.1154,0.2768,0.2768,1.1535,2026-08-09
sv10-57,Buizel,normal,Destined Rivals,57,Common,Ayako Ozaki,Basic,418,Pokémon,2025/05/30,"tcgplayer,cardmarket",https://prices.pokemontcg.io/tcgplayer/sv10-57,https://images.pokemontcg.io/sv10/57_hires.png,2026/08/08,2026/02/01,0.16,0.009999999776482582,0.17000000178813934,19.979999542236328,,0.25,,,,0.0461,0.0231,0.0577,0.1154,0.09229999780654907,0.0461,0.0461,0.1384,0.1154,0.1154,1.1535,2026-08-09
sv10-58,Floatzel,normal,Destined Rivals,58,Uncommon,Shibuzoh.,Stage 1,419,Pokémon,2025/05/30,"tcgplayer,cardmarket",https://prices.pokemontcg.io/tcgplayer/sv10-58,https://images.pokemontcg.io/sv10/58_hires.png,2026/08/08,2026/02/01,0.07,0.009999999776482582,0.15000000596046448,1000.0,,0.31,,,,0.0346,0.0231,0.0346,0.2192,0.03460000082850456,0.0346,0.0346,0.15,0.2192,0.2192,1.1535,2026-08-09
sv10-59,Snover,normal,Destined Rivals,59,Common,Tomokazu Komiya,Basic,459,Pokémon,2025/05/30,"tcgplayer,cardmarket",https://prices.pokemontcg.io/tcgplayer/sv10-59,https://images.pokemontcg.io/sv10/59_hires.png,2026/08/08,2026/02/01,0.11,0.009999999776482582,0.17000000178813934,20.0,,0.29,,,,0.0346,0.0231,0.0577,0.1154,0.05770000070333481,0.0461,0.0461,0.1038,0.1154,0.1154,1.1535,2026-08-09
sv10-60,Abomasnow,normal,Destined Rivals,60,Uncommon,kamonabe,Stage 1,460,Pokémon,2025/05/30,"tcgplayer,cardmarket",https://prices.pokemontcg.io/tcgplayer/sv10-60,https://images.pokemontcg.io/sv10/60_hires.png,2026/08/08,2026/02/01,0.05,0.009999999776482582,0.15000000596046448,1000.0,,0.28,,,,0.0346,0.0231,0.0346,0.2538,0.03460000082850456,0.0346,0.0346,0.1154,0.2653,0.2768,1.1535,2026-08-09
sv10-61,Wash Rotom,normal,Destined Rivals,61,Common,miki kudo,Basic,479,Pokémon,2025/05/30,"tcgplayer,cardmarket",https://prices.pokemontcg.io/tcgplayer/sv10-61,https://images.pokemontcg.io/sv10/61_hires.png,2026/08/08,2026/02/01,0.12,0.009999999776482582,0.15000000596046448,1000.0,,0.25,,,,0.0577,0.0231,0.0577,0.1154,0.04610000178217888,0.0577,0.0577,0.0807,0.0923,0.1154,1.1535,2026-08-09
sv10-62,Arrokuda,normal,Destined Rivals,62,Common,OKUBO,Basic,846,Pokémon,2025/05/30,"tcgplayer,cardmarket",https://prices.pokemontcg.io/tcgplayer/sv10-62,https://images.pokemontcg.io/sv10/62_hires.png,2026/08/08,2026/02/01,0.08,0.009999999776482582,0.15000000596046448,19.979999542236328,,0.2,,,,0.0346,0.0231,0.0577,0.1154,0.023099999874830246,0.0461,0.0346,0.173,0.1038,0.1038,1.1535,2026-08-09
sv10-63,Barraskewda,normal,Destined Rivals,63,Uncommon,Kyoko Umemoto,Stage 1,847,Pokémon,2025/05/30,"tcgplayer,cardmarket",https://prices.pokemontcg.io/tcgplayer/sv10-63,https://images.pokemontcg.io/sv10/63_hires.png,2026/08/08,2026/01/21,0.03,0.009999999776482582,0.15000000596046448,20.0,,0.28,,,,0.0461,0.0231,0.0461,0.2192,0.03460000082850456,0.0346,0.0461,0.1615,0.2076,0.2422,1.1535,2026-08-09
sv10-64,Cetoddle,normal,Destined Rivals,64,Common,sui,Basic,974,Pokémon,2025/05/30,"tcgplayer,cardmarket",https://prices.pokemontcg.io/tcgplayer/sv10-64,https://images.pokemontcg.io/sv10/64_hires.png,2026/08/08,2026/01/21,0.04,0.009999999776482582,0.15000000596046448,20.0,,0.22,,,,0.0346,0.0231,0.0346,0.1154,0.04610000178217888,0.0346,0.0346,0.1154,0.1038,0.1038,1.1535,2026-08-09
sv10-65,Cetitan ex,holofoil,Destined Rivals,65,Double Rare,kawayoo,Stage 1|ex,975,Pokémon,2025/05/30,"tcgplayer,cardmarket",https://prices.pokemontcg.io/tcgplayer/sv10-65,https://images.pokemontcg.io/sv10/65_hires.png,2026/08/08,2026/01/21,0.66,0.18000000715255737,0.7900000214576721,19.979999542236328,,,,,,0.5652,0.0923,0.5883,0.0,0.4499000012874603,0.5421,0.5883,0.0,0.0,0.0,1.1535,2026-08-09
sv10-66,Dondozo ex,holofoil,Destined Rivals,66,Double Rare,N-DESIGN Inc.,Basic|ex,977,Pokémon,2025/05/30,"tcgplayer,cardmarket",https://prices.pokemontcg.io/tcgplayer/sv10-66,https://images.pokemontcg.io/sv10/66_hires.png,2026/08/08,2026/01/21,0.56,0.10000000149011612,0.75,1000.0,,,,,,0.5306,0.0231,0.4845,0.0,0.484499990940094,0.4845,0.5537,0.0,0.0,0.0,1.1535,2026-08-09
sv10-67,Wellspring Mask Ogerpon,normal,Destined Rivals,67,Uncommon,rika,Basic,1017,Pokémon,2025/05/30,"tcgplayer,cardmarket",https://prices.pokemontcg.io/tcgplayer/sv10-67,https://images.pokemontcg.io/sv10/67_hires.png,2026/08/08,2026/01/19,0.13,0.009999999776482582,0.15000000596046448,19.979999542236328,,0.34,,,,0.0346,0.0231,0.0346,0.2768,0.04610000178217888,0.0346,0.0346,0.15,0.2422,0.2884,1.1535,2026-08-09
sv10-68,Electabuzz,normal,Destined Rivals,68,Common,Amelicart,Basic,125,Pokémon,2025/05/30,"tcgplayer,cardmarket",https://prices.pokemontcg.io/tcgplayer/sv10-68,https://images.pokemontcg.io/sv10/68_hires.png,2026/08/08,2026/01/19,0.06,0.009999999776482582,0.15000000596046448,1000.0,,0.25,,,,0.0346,0.0231,0.0346,0.1038,0.03460000082850456,0.0231,0.0346,0.0807,0.1384,0.1154,1.1535,2026-08-09
sv10-69,Electivire ex,holofoil,Destined Rivals,69,Double Rare,PLANETA Mochizuki,Stage 1|ex,466,Pokémon,2025/05/30,"tcgplayer,cardmarket",https://prices.pokemontcg.io/tcgplayer/sv10-69,https://images.pokemontcg.io/sv10/69_hires.png,2026/08/08,2026/01/19,0.63,0.25,0.75,19.979999542236328,,,,,,0.6806,0.0577,0.6344,0.0,0.5306000113487244,0.5883,0.6921,0.0,0.0,0.0,1.1535,2026-08-09
sv10-70,Team Rocket's Zapdos,holofoil,Destined Rivals,70,Rare,Nurikabe,Basic,145,Pokémon,2025/05/30,"tcgplayer,cardmarket",https://prices.pokemontcg.io/tcgplayer/sv10-70,https://images.pokemontcg.io/sv10/70_hires.png,2026/08/08,2026/01/19,0.2,0.009999999776482582,0.23999999463558197,19.979999542236328,,0.35,,,,0.15,0.0231,0.0923,0.2884,0.18459999561309814,0.1038,0.1269,0.2884,0.2768,0.2884,1.1535,2026-08-09
sv10-71,Ethan's Pichu,normal,Destined Rivals,71,Common,Narumi Sato,Basic,172,Pokémon,2025/05/30,"tcgplayer,cardmarket",https://prices.pokemontcg.io/tcgplayer/sv10-71,https://images.pokemontcg.io/sv10/71_hires.png,2026/08/08,2026/01/19,0.2,0.009999999776482582,0.20000000298023224,1000.0,,0.29,,,,0.0577,0.0231,0.0577,0.1615,0.06920000165700912,0.0577,0.0577,0.1038,0.1038,0.173,1.1535,2026-08-09
sv10-72,Team Rocket's Mareep,normal,Destined Rivals,72,Common,Teeziro,Basic,179,Pokémon,2025/05/30,"tcgplayer,cardmarket",https://prices.pokemontcg.io/tcgplayer/sv10-72,https://images.pokemontcg.io/sv10/72_hires.png,2026/08/08,2026/01/19,0.08,0.009999999776482582,0.15000000596046448,1000.0,,0.23,,,,0.0346,0.0231,0.0346,0.0923,0.023099999874830246,0.0346,0.0346,0.1038,0.15,0.1154,1.1535,2026-08-09
sv10-73,Team Rocket's Flaaffy,normal,Destined Rivals,73,Common,Jerky,Stage 1,180,Pokémon,2025/05/30,"tcgplayer,cardmarket",https://prices.pokemontcg.io/tcgplayer/sv10-73,https://images.pokemontcg.io/sv10/73_hires.png,2026/08/08,2026/01/19,0.13,0.009999999776482582,0.17000000178813934,1000.0,,0.25,,,,0.0461,0.0231,0.0577,0.1269,0.04610000178217888,0.0461,0.0461,0.0692,0.1038,0.1269,1.1535,2026-08-09
sv10-74,Team Rocket's Ampharos,normal,Destined Rivals,74,Uncommon,Shiburingaru,Stage 2,181,Pokémon,2025/05/30,"tcgplayer,cardmarket",https://prices.pokemontcg.io/tcgplayer/sv10-74,https://images.pokemontcg.io/sv10/74_hires.png,2026/08/08,2026/01/19,0.2,0.009999999776482582,0.1899999976158142,1000.0,,0.33,,,,0.0461,0.0231,0.0346,0.2884,0.03460000082850456,0.0346,0.0461,0.15,0.2653,0.3114,1.1535,2026-08-09
sv10-75,Electrike,normal,Destined Rivals,75,Common,Narano,Basic,309,Pokémon,2025/05/30,"tcgplayer,cardmarket",https://prices.pokemontcg.io/tcgplayer/sv10-75,https://images.pokemontcg.io/sv10/75_hires.png,2026/08/08,2026/01/19,0.14,0.009999999776482582,0.15000000596046448,19.979999542236328,,0.21,,,,0.0461,0.0231,0.0692,0.1269,0.05770000070333481,0.0461,0.0461,0.1038,0.1038,0.1269,1.1535,2026-08-09
sv10-76,Manectric,normal,Destined Rivals,76,Uncommon,Izucch,Stage 1,310,Pokémon,2025/05/30,"tcgplayer,cardmarket",https://prices.pokemontcg.io/tcgplayer/sv10-76,https://images.pokemontcg.io/sv10/76_hires.png,2026/08/08,2026/01/19,0.05,0.009999999776482582,0.15000000596046448,19.979999542236328,,0.34,,,,0.0346,0.0231,0.0461,0.2422,0.023099999874830246,0.0231,0.0461,0.1038,0.3114,0.2538,1.1535,2026-08-09
sv10-77,Rotom,normal,Destined Rivals,77,Common,Yoshimi Miyoshi,Basic,479,Pokémon,2025/05/30,"tcgplayer,cardmarket",https://prices.pokemontcg.io/tcgplayer/sv10-77,https://images.pokemontcg.io/sv10/77_hires.png,2026/08/08,2026/01/19,0.06,0.009999999776482582,0.15000000596046448,19.979999542236328,,0.25,,,,0.0577,0.0231,0.0577,0.1269,0.04610000178217888,0.0577,0.0692,0.1038,0.1384,0.1269,1.1535,2026-08-09
sv10-78,Zeraora,holofoil,Destined Rivals,78,Rare,Ryuta Fuse,Basic,807,Pokémon,2025/05/30,"tcgplayer,cardmarket",https://prices.pokemontcg.io/tcgplayer/sv10-78,https://images.pokemontcg.io/sv10/78_hires.png,2026/08/08,2026/01/16,0.21,0.009999999776482582,0.20999999344348907,19.979999542236328,,0.31,,,,0.0692,0.0231,0.0923,0.2768,0.05770000070333481,0.0807,0.0807,0.3345,0.2768,0.2653,1.1535,2026-08-09
sv10-79,Team Rocket's Drowzee,normal,Destined Rivals,79,Common,matazo,Basic,96,Pokémon,2025/05/30,"tcgplayer,cardmarket",https://prices.pokemontcg.io/tcgplayer/sv10-79,https://images.pokemontcg.io/sv10/79_hires.png,2026/08/08,2026/01/16,0.08,0.009999999776482582,0.15000000596046448,20.0,,0.25,,,,0.0346,0.0231,0.0461,0.1038,0.04610000178217888,0.0346,0.0461,0.1269,0.0923,0.1038,1.1535,2026-08-09
sv10-80,Team Rocket's Hypno,normal,Destined Rivals,80,Uncommon,Yuya Oka,Stage 1,97,Pokémon,2025/05/30,"tcgplayer,cardmarket",https://prices.pokemontcg.io/tcgplayer/sv10-80,https://images.pokemontcg.io/sv10/80_hires.png,2026/08/08,2026/01/16,0.05,0.009999999776482582,0.15000000596046448,20.0,,0.32,,,,0.0346,0.0231,0.0461,0.3114,0.05770000070333481,0.0577,0.0346,0.5191,0.3807,0.2999,1.1535,2026-08-09
sv10-81,Team Rocket's Mewtwo ex,holofoil,Destined Rivals,81,Double Rare,aky CG Works,Basic|ex,150,Pokémon,2025/05/30,"tcgplayer,cardmarket",https://prices.pokemontcg.io/tcgplayer/sv10-81,https://images.pokemontcg.io/sv10/81_hires.png,2026/08/08,2026/01/16,1.47,0.6000000238418579,1.9800000190734863,100.0,,,,,,1.1766,0.2884,1.1304,0.0,1.4072999954223633,1.142,1.1881,0.0,0.0,0.0,1.1535,2026-08-09
sv10-82,Team Rocket's Wobbuffet,holofoil,Destined Rivals,82,Rare,Kazumasa Yasukuni,Basic,202,Pokémon,2025/05/30,"tcgplayer,cardmarket",https://prices.pokemontcg.io/tcgplayer/sv10-82,https://images.pokemontcg.io/sv10/82_hires.png,2026/08/08,2026/01/16,0.2,0.009999999776482582,0.20999999344348907,50.0,,0.34,,,,0.0807,0.0231,0.0923,0.2884,0.15000000596046448,0.0807,0.0923,0.4153,0.346,0.323,1.1535,2026-08-09
sv10-83,Steven's Baltoy,normal,Destined Rivals,83,Common,Tonji Matsuno,Basic,343,Pokémon,2025/05/30,"tcgplayer,cardmarket",https://prices.pokemontcg.io/tcgplayer/sv10-83,https://images.pokemontcg.io/sv10/83_hires.png,2026/08/08,2026/01/16,0.11,0.009999999776482582,0.15000000596046448,19.979999542236328,,0.24,,,,0.0346,0.0231,0.0461,0.1154,0.03460000082850456,0.0461,0.0461,0.0923,0.1038,0.1154,1.1535,2026-08-09
sv10-84,Steven's Claydol,normal,Destined Rivals,84,Uncommon,nagimiso,Stage 1,344,Pokémon,2025/05/30,"tcgplayer,cardmarket",https://prices.pokemontcg.io/tcgplayer/sv10-84,https://images.pokemontcg.io/sv10/84_hires.png,2026/08/08,2026/01/16,0.07,0.009999999776482582,0.15000000596046448,19.979999542236328,,0.33,,,,0.0461,0.0231,0.0346,0.2076,0.023099999874830246,0.0346,0.0461,0.2422,0.2422,0.2076,1.1535,2026-08-09
sv10-85,Team Rocket's Chingling,normal,Destined Rivals,85,Common,Mina Nakai,Basic,433,Pokémon,2025/05/30,"tcgplayer,cardmarket",https://prices.pokemontcg.io/tcgplayer/sv10-85,https://images.pokemontcg.io/sv10/85_hires.png,2026/08/08,2026/01/16,0.11,0.009999999776482582,0.17000000178813934,1000.0,,0.28,,,,0.0461,0.0231,0.0461,0.1038,0.023099999874830246,0.0461,0.0461,0.323,0.1846,0.1269,1.1535,2026-08-09
sv10-86,Steven's Carbink,normal,Destined Rivals,86,Common,Ligton,Basic,703,Pokémon,2025/05/30,"tcgplayer,cardmarket",https://prices.pokemontcg.io/tcgplayer/sv10-86,https://images.pokemontcg.io/sv10/86_hires.png,2026/08/08,2026/01/16,0.06,0.009999999776482582,0.15000000596046448,19.979999542236328,,0.22,,,,0.0346,0.0231,0.0461,0.1038,0.023099999874830246,0.0461,0.0461,0.0461,0.1615,0.1269,1.1535,2026-08-09
sv10-87,Team Rocket's Mimikyu,normal,Destined Rivals,87,Uncommon,DOM,Basic,778,Pokémon,2025/05/30,"tcgplayer,cardmarket",https://prices.pokemontcg.io/tcgplayer/sv10-87,https://images.pokemontcg.io/sv10/87_hires.png,2026/08/08,2026/01/16,0.25,0.009999999776482582,0.25999999046325684,19.979999542236328,,0.48,,,,0.0692,0.0231,0.0692,0.3576,0.05770000070333481,0.0692,0.0692,0.3576,0.3114,0.3576,1.1535,2026-08-09
sv10-88,Team Rocket's Dottler,normal,Destined Rivals,88,Common,Scav,Stage 1,825,Pokémon,2025/05/30,"tcgplayer,cardmarket",https://prices.pokemontcg.io/tcgplayer/sv10-88,https://images.pokemontcg.io/sv10/88_hires.png,2026/08/08,2026/01/16,0.06,0.009999999776482582,0.15000000596046448,20.0,,0.22,,,,0.0346,0.0231,0.0461,0.0923,0.04610000178217888,0.0461,0.0346,0.15,0.1269,0.1038,1.1535,2026-08-09
sv10-89,Team Rocket's Orbeetle,normal,Destined Rivals,89,Uncommon,Shin Nagasawa,Stage 2,826,Pokémon,2025/05/30,"tcgplayer,cardmarket",https://prices.pokemontcg.io/tcgplayer/sv10-89,https://images.pokemontcg.io/sv10/89_hires.png,2026/08/08,2026/01/16,0.03,0.009999999776482582,0.15000000596046448,20.0,,0.29,,,,0.0346,0.0231,0.0346,0.2422,0.023099999874830246,0.0346,0.0346,0.5306,0.2538,0.2538,1.1535,2026-08-09
sv10-90,Mankey,normal,Destined Rivals,90,Common,Ayako Ozaki,Basic,56,Pokémon,2025/05/30,"tcgplayer,cardmarket",https://prices.pokemontcg.io/tcgplayer/sv10-90,https://images.pokemontcg.io/sv10/90_hires.png,2026/08/08,2026/01/16,0.08,0.009999999776482582,0.15000000596046448,19.979999542236328,,0.24,,,,0.0346,0.0231,0.0461,0.1038,0.04610000178217888,0.0461,0.0346,0.1961,0.0923,0.1154,1.1535,2026-08-09
sv10-91,Primeape,normal,Destined Rivals,91,Common,GOTO minori,Stage 1,57,Pokémon,2025/05/30,"tcgplayer,cardmarket",https://prices.pokemontcg.io/tcgplayer/sv10-91,https://images.pokemontcg.io/sv10/91_hires.png,2026/08/08,2026/01/16,0.06,0.009999999776482582,0.15000000596046448,19.979999542236328,,0.21,,,,0.0461,0.0231,0.0461,0.1154,0.05770000070333481,0.0461,0.0461,0.0692,0.1269,0.1269,1.1535,2026-08-09
sv10-92,Annihilape,holofoil,Destined Rivals,92,Rare,Shiburingaru,Stage 2,979,Pokémon,2025/05/30,"tcgplayer,cardmarket",https://prices.pokemontcg.io/tcgplayer/sv10-92,https://images.pokemontcg.io/sv10/92_hires.png,2026/08/08,2026/01/16,0.18,0.009999999776482582,0.20000000298023224,19.979999542236328,,0.33,,,,0.0692,0.0231,0.0807,0.2653,0.08070000261068344,0.0692,0.0807,0.2768,0.3114,0.2768,1.1535,2026-08-09
sv10-93,Ethan's Sudowoodo,normal,Destined Rivals,93,Common,OKACHEKE,Basic,185,Pokémon,2025/05/30,"tcgplayer,cardmarket",https://prices.pokemontcg.io/tcgplayer/sv10-93,https://images.pokemontcg.io/sv10/93_hires.png,2026/08/08,2026/01/16,0.09,0.009999999776482582,0.15000000596046448,19.979999542236328,,0.27,,,,0.0577,0.0231,0.15,0.1269,0.04610000178217888,0.0577,0.0577,0.2076,0.1154,0.1154,1.1535,2026-08-09
sv10-94,Team Rocket's Larvitar,normal,Destined Rivals,94,Common,Kuroimori,Basic,246,Pokémon,2025/05/30,"tcgplayer,cardmarket",https://prices.pokemontcg.io/tcgplayer/sv10-94,https://images.pokemontcg.io/sv10/94_hires.png,2026/08/08,2026/01/16,0.04,0.009999999776482582,0.15000000596046448,1000.0,,0.25,,,,0.0346,0.0231,0.0461,0.1038,0.05770000070333481,0.0461,0.0346,0.1038,0.0923,0.1038,1.1535,2026-08-09
sv10-95,Team Rocket's Pupitar,normal,Destined Rivals,95,Common,Izucch,Stage 1,247,Pokémon,2025/05/30,"tcgplayer,cardmarket",https://prices.pokemontcg.io/tcgplayer/sv10-95,https://images.pokemontcg.io/sv10/95_hires.png,2026/08/08,2026/01/16,0.09,0.009999999776482582,0.1599999964237213,1000.0,,0.26,,,,0.0461,0.0231,0.0461,0.1384,0.05770000070333481,0.0461,0.0461,0.2307,0.0923,0.1269,1.1535,2026-08-09
sv10-96,Team Rocket's Tyranitar,holofoil,Destined Rivals,96,Rare,Ryuta Fuse,Stage 2,248,Pokémon,2025/05/30,"tcgplayer,cardmarket",https://prices.pokemontcg.io/tcgplayer/sv10-96,https://images.pokemontcg.io/sv10/96_hires.png,2026/08/08,2026/01/16,0.23,0.009999999776482582,0.25,19.979999542236328,,0.36,,,,0.15,0.0231,0.1269,0.3114,0.06920000165700912,0.0923,0.1154,0.4614,0.323,0.2999,1.1535,2026-08-09
sv10-97,Nosepass,normal,Destined Rivals,97,Common,Oku,Basic,299,Pokémon,2025/05/30,"tcgplayer,cardmarket",https://prices.pokemontcg.io/tcgplayer/sv10-97,https://images.pokemontcg.io/sv10/97_hires.png,2026/08/08,2026/01/16,0.06,0.009999999776482582,0.15000000596046448,19.979999542236328,,0.18,,,,0.0577,0.0231,0.0692,0.1038,0.04610000178217888,0.0692,0.0461,0.1038,0.0923,0.1038,1.1535,2026-08-09
sv10-98,Probopass,normal,Destined Rivals,98,Uncommon,sowsow,Stage 1,476,Pokémon,2025/05/30,"tcgplayer,cardmarket",https://prices.pokemontcg.io/tcgplayer/sv10-98,https://images.pokemontcg.io/sv10/98_hires.png,2026/08/08,2026/01/16,0.11,0.009999999776482582,0.15000000596046448,19.979999542236328,,0.31,,,,0.0346,0.0231,0.0461,0.2307,0.04610000178217888,0.0346,0.0346,0.5767,0.2538,0.2422,1.1535,2026-08-09
sv10-99,Meditite,normal,Destined Rivals,99,Common,MINAMINAMI Take,Basic,307,Pokémon,2025/05/30,"tcgplayer,cardmarket",https://prices.pokemontcg.io/tcgplayer/sv10-99,https://images.pokemontcg.io/sv10/99_hires.png,2026/08/08,2026/01/16,0.11,0.009999999776482582,0.15000000596046448,19.979999542236328,,0.25,,,,0.0346,0.0231,0.0346,0.1154,0.023099999874830246,0.0461,0.0346,0.3922,0.1269,0.1154,1.1535,2026-08-09
sv10-100,Medicham,normal,Destined Rivals,100,Uncommon,Whisker,Stage 1,308,Pokémon,2025/05/30,"tcgplayer,cardmarket",https://prices.pokemontcg.io/tcgplayer/sv10-100,https://images.pokemontcg.io/sv10/100_hires.png,2026/08/08,2026/01/16,0.07,0.009999999776482582,0.15000000596046448,19.979999542236328,,0.29,,,,0.0346,0.0231,0.0692,0.2422,0.03460000082850456,0.0577,0.0346,0.173,0.2768,0.2538,1.1535,2026-08-09
sv10-101,Regirock ex,holofoil,Destined Rivals,101,Double Rare,Nisota Niso,Basic|ex,377,Pokémon,2025/05/30,"tcgplayer,cardmarket",https://prices.pokemontcg.io/tcgplayer/sv10-101,https://images.pokemontcg.io/sv10/101_hires.png,2026/08/08,2025/12/28,0.69,0.20000000298023224,0.75,750.0,,,,,,0.5883,0.0807,0.5421,0.0,0.41530001163482666,0.5883,0.5537,0.0,0.0,0.0,1.1535,2026-08-09
sv10-102,Cynthia's Gible,normal,Destined Rivals,102,Common,Tomomi Ozaki,Basic,443,Pokémon,2025/05/30,"tcgplayer,cardmarket",https://prices.pokemontcg.io/tcgplayer/sv10-102,https://images.pokemontcg.io/sv10/102_hires.png,2026/08/08,2025/12/07,0.23,0.009999999776482582,0.23000000417232513,19.979999542236328,,0.39,,,,0.0807,0.0231,0.0692,0.2999,0.12690000236034393,0.0923,0.0807,0.2307,0.2307,0.3114,1.1535,2026-08-09
sv10-103,Cynthia's Gabite,normal,Destined Rivals,103,Common,Taira Akitsu,Stage 1,444,Pokémon,2025/05/30,"tcgplayer,cardmarket",https://prices.pokemontcg.io/tcgplayer/sv10-103,https://images.pokemontcg.io/sv10/103_hires.png,2026/08/08,2025/12/07,0.25,0.019999999552965164,0.27000001072883606,20.0,,0.38,,,,0.2076,0.0231,0.1038,0.4037,0.09229999780654907,0.1961,0.1846,0.346,0.4037,0.3922,1.1535,2026-08-09
sv10-104,Cynthia's Garchomp ex,holofoil,Destined Rivals,104,Double Rare,5ban Graphics,Stage 2|ex,445,Pokémon,2025/05/30,"tcgplayer,cardmarket",https://prices.pokemontcg.io/tcgplayer/sv10-104,https://images.pokemontcg.io/sv10/104_hires.png,2026/08/08,2025/12/07,0.88,0.49000000953674316,1.0,902.9099731445312,,,,,,1.0151,0.173,1.0381,0.0,0.945900022983551,1.0612,0.992,0.0,0.0,0.0,1.1535,2026-08-09
sv10-105,Hippopotas,normal,Destined Rivals,105,Common,Minahamu,Basic,449,Pokémon,2025/05/30,"tcgplayer,cardmarket",https://prices.pokemontcg.io/tcgplayer/sv10-105,https://images.pokemontcg.io/sv10/105_hires.png,2026/08/08,2025/12/07,0.07,0.009999999776482582,0.15000000596046448,19.979999542236328,,0.19,,,,0.0346,0.0231,0.0577,0.0923,0.023099999874830246,0.0461,0.0346,0.1384,0.1154,0.0923,1.1535,2026-08-09
sv10-106,Hippowdon,normal,Destined Rivals,106,Uncommon,Minahamu,Stage 1,450,Pokémon,2025/05/30,"tcgplayer,cardmarket",https://prices.pokemontcg.io/tcgplayer/sv10-106,https://images.pokemontcg.io/sv10/106_hires.png,2026/08/08,2025/12/07,0.05,0.009999999776482582,0.15000000596046448,1000.0,,0.31,,,,0.0346,0.0231,0.0231,0.1961,0.03460000082850456,0.0346,0.0346,0.9805,0.323,0.2192,1.1535,2026-08-09
sv10-107,Mudbray,normal,Destined Rivals,107,Common,Aliya Chen,Basic,749,Pokémon,2025/05/30,"tcgplayer,cardmarket",https://prices.pokemontcg.io/tcgplayer/sv10-107,https://images.pokemontcg.io/sv10/107_hires.png,2026/08/08,2025/12/07,0.1,0.009999999776482582,0.15000000596046448,19.979999542236328,,0.24,,,,0.0346,0.0231,0.0461,0.0923,0.023099999874830246,0.0346,0.0461,0.1038,0.1269,0.1038,1.1535,2026-08-09
sv10-108,Mudsdale,normal,Destined Rivals,108,Uncommon,Uta,Stage 1,750,Pokémon,2025/05/30,"tcgplayer,cardmarket",https://prices.pokemontcg.io/tcgplayer/sv10-108,https://images.pokemontcg.io/sv10/108_hires.png,2026/08/08,2025/11/25,0.06,0.009999999776482582,0.15000000596046448,19.979999542236328,,0.36,,,,0.0461,0.0231,0.0231,0.2192,0.03460000082850456,0.0346,0.0461,0.5998,0.2307,0.2192,1.1535,2026-08-09
sv10-109,Arven's Toedscool,normal,Destined Rivals,109,Common,Fujimoto Gold,Basic,948,Pokémon,2025/05/30,"tcgplayer,cardmarket",https://prices.pokemontcg.io/tcgplayer/sv10-109,https://images.pokemontcg.io/sv10/109_hires.png,2026/08/08,2025/11/25,0.07,0.009999999776482582,0.15000000596046448,19.979999542236328,,0.17,,,,0.0231,0.0231,0.0346,0.0923,0.023099999874830246,0.0231,0.0231,0.0807,0.0807,0.0923,1.1535,2026-08-09
sv10-110,Arven's Toedscruel,normal,Destined Rivals,110,Uncommon,Yuya Oka,Stage 1,949,Pokémon,2025/05/30,"tcgplayer,cardmarket",https://prices.pokemontcg.io/tcgplayer/sv10-110,https://images.pokemontcg.io/sv10/110_hires.png,2026/08/08,2025/11/25,0.03,0.009999999776482582,0.15000000596046448,1000.0,,0.32,,,,0.0346,0.0231,0.0577,0.2653,0.023099999874830246,0.0346,0.0346,0.1384,0.1846,0.2653,1.1535,2026-08-09
sv10-111,Cornerstone Mask Ogerpon,normal,Destined Rivals,111,Uncommon,Kazumasa Yasukuni,Basic,1017,Pokémon,2025/05/30,"tcgplayer,cardmarket",https://prices.pokemontcg.io/tcgplayer/sv10-111,https://images.pokemontcg.io/sv10/111_hires.png,2026/08/08,2025/11/25,0.08,0.009999999776482582,0.15000000596046448,19.979999542236328,,0.31,,,,0.0461,0.0231,0.0346,0.2076,0.023099999874830246,0.0346,0.0346,0.1846,0.173,0.2076,1.1535,2026-08-09
sv10-112,Team Rocket's Ekans,normal,Destined Rivals,112,Common,KEIICHIRO ITO,Basic,23,Pokémon,2025/05/30,"tcgplayer,cardmarket",https://prices.pokemontcg.io/tcgplayer/sv10-112,https://images.pokemontcg.io/sv10/112_hires.png,2026/08/08,2025/11/25,0.08,0.009999999776482582,0.15000000596046448,1000.0,,0.23,,,,0.0346,0.0231,0.0461,0.1269,0.05770000070333481,0.0577,0.0346,0.0231,0.0923,0.1154,1.1535,2026-08-09
sv10-113,Team Rocket's Arbok,normal,Destined Rivals,113,Uncommon,Teeziro,Stage 1,24,Pokémon,2025/05/30,"tcgplayer,cardmarket",https://prices.pokemontcg.io/tcgplayer/sv10-113,https://images.pokemontcg.io/sv10/113_hires.png,2026/08/08,2025/11/25,0.18,0.009999999776482582,0.1899999976158142,1000.0,,0.34,,,,0.0461,0.0231,0.0577,0.323,0.06920000165700912,0.0692,0.0461,0.5883,0.2999,0.2999,1.1535,2026-08-09
sv10-114,Team Rocket's Nidoran♀,normal,Destined Rivals,114,Common,REND,Basic,29,Pokémon,2025/05/30,"tcgplayer,cardmarket",https://prices.pokemontcg.io/tcgplayer/sv10-114,https://images.pokemontcg.io/sv10/114_hires.png,2026/08/08,2025/11/21,0.11,0.009999999776482582,0.15000000596046448,19.979999542236328,,0.33,,,,0.0346,0.0231,0.0461,0.2884,0.03460000082850456,0.0461,0.0346,0.2999,0.2653,0.2884,1.1535,2026-08-09
sv10-115,Team Rocket's Nidorina,normal,Destined Rivals,115,Common,Taiga Kasai,Stage 1,30,Pokémon,2025/05/30,"tcgplayer,cardmarket",https://prices.pokemontcg.io/tcgplayer/sv10-115,https://images.pokemontcg.io/sv10/115_hires.png,2026/08/08,2025/11/21,0.12,0.009999999776482582,0.20000000298023224,23.0,,0.34,,,,0.0577,0.0231,0.0461,0.2999,0.04610000178217888,0.0577,0.0461,0.15,0.1961,0.2653,1.1535,2026-08-09
sv10-116,Team Rocket's Nidoqueen,normal,Destined Rivals,116,Uncommon,hncl,Stage 2,31,Pokémon,2025/05/30,"tcgplayer,cardmarket",https://prices.pokemontcg.io/tcgplayer/sv10-116,https://images.pokemontcg.io/sv10/116_hires.png,2026/08/08,2025/11/21,0.08,0.009999999776482582,0.15000000596046448,1000.0,,0.34,,,,0.0461,0.0231,0.0461,0.4153,0.04610000178217888,0.0461,0.0461,0.5075,0.4153,0.4037,1.1535,2026-08-09
sv10-117,Team Rocket's Nidoran♂,normal,Destined Rivals,117,Common,buchi,Basic,32,Pokémon,2025/05/30,"tcgplayer,cardmarket",https://prices.pokemontcg.io/tcgplayer/sv10-117,https://images.pokemontcg.io/sv10/117_hires.png,2026/08/08,2025/11/21,0.2,0.009999999776482582,0.1899999976158142,1000.0,,0.3,,,,0.0346,0.0231,0.0346,0.2884,0.023099999874830246,0.0346,0.0346,0.4153,0.323,0.2884,1.1535,2026-08-09
sv10-118,Team Rocket's Nidorino,normal,Destined Rivals,118,Common,KEIICHIRO ITO,Stage 1,33,Pokémon,2025/05/30,"tcgplayer,cardmarket",https://prices.pokemontcg.io/tcgplayer/sv10-118,https://images.pokemontcg.io/sv10/118_hires.png,2026/08/08,2025/11/21,0.23,0.009999999776482582,0.2199999988079071,19.979999542236328,,0.32,,,,0.0461,0.0231,0.0461,0.323,0.04610000178217888,0.0461,0.0461,0.346,0.2884,0.3114,1.1535,2026-08-09
sv10-119,Team Rocket's Nidoking ex,holofoil,Destined Rivals,119,Double Rare,5ban Graphics,Stage 2|ex,34,Pokémon,2025/05/30,"tcgplayer,cardmarket",https://prices.pokemontcg.io/tcgplayer/sv10-119,https://images.pokemontcg.io/sv10/119_hires.png,2026/08/08,2025/11/21,0.71,0.23999999463558197,0.8700000047683716,19.979999542236328,,,,,,0.7152,0.0231,0.6229,0.0,0.6114000082015991,0.6921,0.6806,0.0,0.0,0.0,1.1535,2026-08-09
sv10-120,Team Rocket's Zubat,normal,Destined Rivals,120,Common,toi8,Basic,41,Pokémon,2025/05/30,"tcgplayer,cardmarket",https://prices.pokemontcg.io/tcgplayer/sv10-120,https://images.pokemontcg.io/sv10/120_hires.png,2026/08/08,2025/11/21,0.13,0.009999999776482582,0.15000000596046448,19.979999542236328,,0.26,,,,0.0346,0.0231,0.0346,0.1038,0.023099999874830246,0.0346,0.0346,0.0461,0.0692,0.0923,1.1535,2026-08-09
sv10-121,Team Rocket's Golbat,normal,Destined Rivals,121,Uncommon,AKIRA EGAWA,Stage 1,42,Pokémon,2025/05/30,"tcgplayer,cardmarket",https://prices.pokemontcg.io/tcgplayer/sv10-121,https://images.pokemontcg.io/sv10/121_hires.png,2026/08/08,2025/11/21,0.16,0.009999999776482582,0.1899999976158142,19.979999542236328,,0.36,,,,0.0461,0.0231,0.0346,0.3114,0.03460000082850456,0.0346,0.0461,0.1384,0.2192,0.2999,1.1535,2026-08-09
sv10-122,Team Rocket's Crobat ex,holofoil,Destined Rivals,122,Double Rare,5ban Graphics,Stage 2|ex,169,Pokémon,2025/05/30,"tcgplayer,cardmarket",https://prices.pokemontcg.io/tcgplayer/sv10-122,https://images.pokemontcg.io/sv10/122_hires.png,2026/08/08,2025/11/21,0.53,0.11999999731779099,0.75,44.0,,,,,,0.5998,0.0231,0.5652,0.0,0.6575000286102295,0.5306,0.5883,0.0,0.0,0.0,1.1535,2026-08-09
sv10-123,Team Rocket's Grimer,normal,Destined Rivals,123,Common,Mousho,Basic,88,Pokémon,2025/05/30,"tcgplayer,cardmarket",https://prices.pokemontcg.io/tcgplayer/sv10-123,https://images.pokemontcg.io/sv10/123_hires.png,2026/08/08,2025/11/21,0.04,0.009999999776482582,0.15000000596046448,19.979999542236328,,0.26,,,,0.0346,0.0231,0.0461,0.0923,0.023099999874830246,0.0231,0.0346,0.1384,0.0923,0.0923,1.1535,2026-08-09
sv10-124,Team Rocket's Muk,normal,Destined Rivals,124,Uncommon,Uta,Stage 1,89,Pokémon,2025/05/30,"tcgplayer,cardmarket",https://prices.pokemontcg.io/tcgplayer/sv10-124,https://images.pokemontcg.io/sv10/124_hires.png,2026/08/08,2025/11/21,0.06,0.009999999776482582,0.15000000596046448,1000.0,,0.37,,,,0.0346,0.0231,0.0577,0.2307,0.023099999874830246,0.0346,0.0346,0.323,0.2884,0.2307,1.1535,2026-08-09
sv10-125,Team Rocket's Koffing,normal,Destined Rivals,125,Common,kodama,Basic,109,Pokémon,2025/05/30,"tcgplayer,cardmarket",https://prices.pokemontcg.io/tcgplayer/sv10-125,https://images.pokemontcg.io/sv10/125_hires.png,2026/08/08,2025/11/21,0.04,0.009999999776482582,0.15000000596046448,1000.0,,0.3,,,,0.0346,0.0231,0.0461,0.1269,0.03460000082850456,0.0346,0.0346,0.0692,0.1154,0.1269,1.1535,2026-08-09
sv10-126,Team Rocket's Weezing,normal,Destined Rivals,126,Uncommon,matazo,Stage 1,110,Pokémon,2025/05/30,"tcgplayer,cardmarket",https://prices.pokemontcg.io/tcgplayer/sv10-126,https://images.pokemontcg.io/sv10/126_hires.png,2026/08/08,2025/11/21,0.1,0.009999999776482582,0.15000000596046448,20.0,,0.33,,,,0.0346,0.0231,0.0461,0.2653,0.03460000082850456,0.0346,0.0461,0.2538,0.2538,0.2538,1.1535,2026-08-09
sv10-127,Team Rocket's Murkrow,normal,Destined Rivals,127,Uncommon,Mugi Hamada,Basic,198,Pokémon,2025/05/30,"tcgplayer,cardmarket",https://prices.pokemontcg.io/tcgplayer/sv10-127,https://images.pokemontcg.io/sv10/127_hires.png,2026/08/08,2025/11/21,0.22,0.009999999776482582,0.23000000417232513,1000.0,,0.32,,,,0.0461,0.0231,0.0577,0.2653,0.03460000082850456,0.0346,0.0346,0.3922,0.2884,0.2768,1.1535,2026-08-09
sv10-128,Team Rocket's Sneasel,holofoil,Destined Rivals,128,Rare,GIDORA,Basic,215,Pokémon,2025/05/30,"tcgplayer,cardmarket",https://prices.pokemontcg.io/tcgplayer/sv10-128,https://images.pokemontcg.io/sv10/128_hires.png,2026/08/08,2025/11/21,0.21,0.009999999776482582,0.2199999988079071,19.979999542236328,,0.37,,,,0.0692,0.0231,0.1038,0.2538,0.08070000261068344,0.1038,0.0807,0.496,0.323,0.2538,1.1535,2026-08-09
sv10-129,Cynthia's Spiritomb,normal,Destined Rivals,129,Uncommon,satoma,Basic,442,Pokémon,2025/05/30,"tcgplayer,cardmarket",https://prices.pokemontcg.io/tcgplayer/sv10-129,https://images.pokemontcg.io/sv10/129_hires.png,2026/08/08,2025/11/21,0.17,0.009999999776482582,0.20000000298023224,1000.0,,0.35,,,,0.0577,0.0231,0.0577,0.2884,0.04610000178217888,0.0577,0.0577,0.2653,0.2422,0.2768,1.1535,2026-08-09
sv10-130,Marnie's Purrloin,normal,Destined Rivals,130,Common,REND,Basic,509,Pokémon,2025/05/30,"tcgplayer,cardmarket",https://prices.pokemontcg.io/tcgplayer/sv10-130,https://images.pokemontcg.io/sv10/130_hires.png,2026/08/08,2025/11/21,0.06,0.009999999776482582,0.15000000596046448,1000.0,,0.28,,,,0.0461,0.0231,0.0461,0.2538,0.023099999874830246,0.0346,0.0461,0.2653,0.2192,0.2307,1.1535,2026-08-09
sv10-131,Marnie's Liepard,normal,Destined Rivals,131,Uncommon,Hasuno,Stage 1,510,Pokémon,2025/05/30,"tcgplayer,cardmarket",https://prices.pokemontcg.io/tcgplayer/sv10-131,https://images.pokemontcg.io/sv10/131_hires.png,2026/08/08,2025/11/21,0.12,0.009999999776482582,0.15000000596046448,1000.0,,0.31,,,,0.0346,0.0231,0.0461,0.2422,0.03460000082850456,0.0346,0.0346,0.2884,0.2307,0.2422,1.1535,2026-08-09
sv10-132,Marnie's Scraggy,normal,Destined Rivals,132,Common,Teeziro,Basic,559,Pokémon,2025/05/30,"tcgplayer,cardmarket",https://prices.pokemontcg.io/tcgplayer/sv10-132,https://images.pokemontcg.io/sv10/132_hires.png,2026/08/08,2025/11/21,0.07,0.009999999776482582,0.15000000596046448,1000.0,,0.33,,,,0.0346,0.0231,0.0461,0.2307,0.03460000082850456,0.0577,0.0461,0.2076,0.2307,0.2422,1.1535,2026-08-09
sv10-133,Marnie's Scrafty,normal,Destined Rivals,133,Uncommon,Kazumasa Yasukuni,Stage 1,560,Pokémon,2025/05/30,"tcgplayer,cardmarket",https://prices.pokemontcg.io/tcgplayer/sv10-133,https://images.pokemontcg.io/sv10/133_hires.png,2026/08/08,2025/11/21,0.07,0.009999999776482582,0.15000000596046448,1000.0,,0.33,,,,0.0346,0.0231,0.0346,0.2538,0.03460000082850456,0.0461,0.0346,0.1384,0.2192,0.2653,1.1535,2026-08-09
sv10-134,Marnie's Impidimp,normal,Destined Rivals,134,Common,KEIICHIRO ITO,Basic,859,Pokémon,2025/05/30,"tcgplayer,cardmarket",https://prices.pokemontcg.io/tcgplayer/sv10-134,https://images.pokemontcg.io/sv10/134_hires.png,2026/08/08,2025/11/21,0.21,0.009999999776482582,0.20000000298023224,1000.0,,0.31,,,,0.0692,0.0231,0.0577,0.3345,0.10379999876022339,0.0692,0.0692,0.346,0.3691,0.3576,1.1535,2026-08-09
sv10-135,Marnie's Morgrem,normal,Destined Rivals,135,Uncommon,NC Empire,Stage 1,860,Pokémon,2025/05/30,"tcgplayer,cardmarket",https://prices.pokemontcg.io/tcgplayer/sv10-135,https://images.pokemontcg.io/sv10/135_hires.png,2026/08/08,2025/11/21,0.19,0.009999999776482582,0.20999999344348907,19.979999542236328,,0.33,,,,0.0807,0.0231,0.0692,0.3691,0.06920000165700912,0.0692,0.0807,0.2076,0.4268,0.3691,1.1535,2026-08-09
sv10-136,Marnie's Grimmsnarl ex,holofoil,Destined Rivals,136,Double Rare,PLANETA Mochizuki,Stage 2|ex,861,Pokémon,2025/05/30,"tcgplayer,cardmarket",https://prices.pokemontcg.io/tcgplayer/sv10-136,https://images.pokemontcg.io/sv10/136_hires.png,2026/08/08,2025/11/21,0.86,0.28999999165534973,1.0,50.0,,,,,,1.1881,0.346,0.9459,0.0,0.7958999872207642,0.9113,1.0728,0.0,0.0,0.0,1.1535,2026-08-09
sv10-137,Marnie's Morpeko,normal,Destined Rivals,137,Common,Mina Nakai,Basic,877,Pokémon,2025/05/30,"tcgplayer,cardmarket",https://prices.pokemontcg.io/tcgplayer/sv10-137,https://images.pokemontcg.io/sv10/137_hires.png,2026/08/08,2025/11/21,0.17,0.009999999776482582,0.20000000298023224,1000.0,,0.35,,,,0.0577,0.0231,0.0346,0.2999,0.023099999874830246,0.0346,0.0577,0.2653,0.2076,0.2768,1.1535,2026-08-09
sv10-138,Arven's Maschiff,normal,Destined Rivals,138,Common,Mina Nakai,Basic,942,Pokémon,2025/05/30,"tcgplayer,cardmarket",https://prices.pokemontcg.io/tcgplayer/sv10-138,https://images.pokemontcg.io/sv10/138_hires.png,2026/08/08,2025/11/21,0.06,0.009999999776482582,0.15000000596046448,19.979999542236328,,0.2,,,,0.0346,0.0231,0.0577,0.1038,0.023099999874830246,0.0231,0.0346,0.0923,0.0923,0.1038,1.1535,2026-08-09
sv10-139,Arven's Mabosstiff ex,holofoil,Destined Rivals,139,Double Rare,akagi,Stage 1|ex,943,Pokémon,2025/05/30,"tcgplayer,cardmarket",https://prices.pokemontcg.io/tcgplayer/sv10-139,https://images.pokemontcg.io/sv10/139_hires.png,2026/08/08,2025/11/21,0.61,0.10000000149011612,0.7900000214576721,857.1400146484375,,,,,,0.5421,0.0231,0.5075,0.0,0.41530001163482666,0.496,0.5306,0.0,0.0,0.0,1.1535,2026-08-09
sv10-140,Forretress,normal,Destined Rivals,140,Uncommon,Wintr Wandr,Stage 1,205,Pokémon,2025/05/30,"tcgplayer,cardmarket",https://prices.pokemontcg.io/tcgplayer/sv10-140,https://images.pokemontcg.io/sv10/140_hires.png,2026/08/08,2025/11/21,0.05,0.009999999776482582,0.15000000596046448,1000.0,,0.31,,,,0.0346,0.0231,0.0346,0.2307,0.023099999874830246,0.0231,0.0346,0.323,0.1846,0.2307,1.1535,2026-08-09
sv10-141,Skarmory,normal,Destined Rivals,141,Common,Shin Nagasawa,Basic,227,Pokémon,2025/05/30,"tcgplayer,cardmarket",https://prices.pokemontcg.io/tcgplayer/sv10-141,https://images.pokemontcg.io/sv10/141_hires.png,2026/08/08,2025/11/21,0.12,0.009999999776482582,0.15000000596046448,19.979999542236328,,0.22,,,,0.0346,0.0231,0.0346,0.1038,0.023099999874830246,0.0346,0.0346,0.0692,0.0692,0.0923,1.1535,2026-08-09
sv10-142,Steven's Skarmory,normal,Destined Rivals,142,Common,Nisota Niso,Basic,227,Pokémon,2025/05/30,"tcgplayer,cardmarket",https://prices.pokemontcg.io/tcgplayer/sv10-142,https://images.pokemontcg.io/sv10/142_hires.png,2026/08/08,2025/11/21,0.2,0.009999999776482582,0.17000000178813934,19.979999542236328,,0.22,,,,0.0346,0.0231,0.0461,0.1038,0.05770000070333481,0.0461,0.0346,0.0577,0.0807,0.1038,1.1535,2026-08-09
sv10-143,Steven's Beldum,normal,Destined Rivals,143,Common,Takeshi Nakamura,Basic,374,Pokémon,2025/05/30,"tcgplayer,cardmarket",https://prices.pokemontcg.io/tcgplayer/sv10-143,https://images.pokemontcg.io/sv10/143_hires.png,2026/08/08,2025/11/21,0.14,0.009999999776482582,0.18000000715255737,1000.0,,0.24,,,,0.0346,0.0231,0.0346,0.0923,0.03460000082850456,0.0346,0.0346,0.0923,0.1154,0.0923,1.1535,2026-08-09
sv10-144,Steven's Metang,normal,Destined Rivals,144,Uncommon,Anesaki Dynamic,Stage 1,375,Pokémon,2025/05/30,"tcgplayer,cardmarket",https://prices.pokemontcg.io/tcgplayer/sv10-144,https://images.pokemontcg.io/sv10/144_hires.png,2026/08/08,2025/11/21,0.17,0.009999999776482582,0.20000000298023224,19.979999542236328,,0.33,,,,0.0346,0.0231,0.0577,0.2076,0.03460000082850456,0.0461,0.0346,0.1961,0.2192,0.2076,1.1535,2026-08-09
sv10-145,Steven's Metagross ex,holofoil,Destined Rivals,145,Double Rare,PLANETA Mochizuki,Stage 2|ex,376,Pokémon,2025/05/30,"tcgplayer,cardmarket",https://prices.pokemontcg.io/tcgplayer/sv10-145,https://images.pokemontcg.io/sv10/145_hires.png,2026/08/08,2025/11/21,0.82,0.23999999463558197,0.9900000095367432,50.0,,,,,,0.6575,0.1154,0.6806,0.0,0.6805999875068665,0.7036,0.6575,0.0,0.0,0.0,1.1535,2026-08-09
sv10-146,Zamazenta,holofoil,Destined Rivals,146,Rare,Mitsuhiro Arita,Basic,889,Pokémon,2025/05/30,"tcgplayer,cardmarket",https://prices.pokemontcg.io/tcgplayer/sv10-146,https://images.pokemontcg.io/sv10/146_hires.png,2026/08/08,2025/11/21,0.16,0.009999999776482582,0.1899999976158142,19.979999542236328,,0.34,,,,0.0692,0.0231,0.0461,0.2192,0.08070000261068344,0.0577,0.0692,0.2192,0.1961,0.2076,1.1535,2026-08-09
sv10-147,Team Rocket's Rattata,normal,Destined Rivals,147,Common,Dsuke,Basic,19,Pokémon,2025/05/30,"tcgplayer,cardmarket",https://prices.pokemontcg.io/tcgplayer/sv10-147,https://images.pokemontcg.io/sv10/147_hires.png,2026/08/08,2025/11/21,0.05,0.009999999776482582,0.15000000596046448,19.979999542236328,,0.23,,,,0.0346,0.0231,0.0346,0.0923,0.023099999874830246,0.0231,0.0346,0.0923,0.0807,0.0807,1.1535,2026-08-09
sv10-148,Team Rocket's Raticate,normal,Destined Rivals,148,Common,Uninori,Stage 1,20,Pokémon,2025/05/30,"tcgplayer,cardmarket",https://prices.pokemontcg.io/tcgplayer/sv10-148,https://images.pokemontcg.io/sv10/148_hires.png,2026/08/08,2025/11/21,0.09,0.009999999776482582,0.15000000596046448,19.979999542236328,,0.23,,,,0.0461,0.0231,0.0461,0.0923,0.03460000082850456,0.0346,0.0461,0.0692,0.0923,0.0923,1.1535,2026-08-09
sv10-149,Team Rocket's Meowth,normal,Destined Rivals,149,Common,Megumi Mizutani,Basic,52,Pokémon,2025/05/30,"tcgplayer,cardmarket",https://prices.pokemontcg.io/tcgplayer/sv10-149,https://images.pokemontcg.io/sv10/149_hires.png,2026/08/08,2025/11/21,0.1,0.009999999776482582,0.15000000596046448,1000.0,,0.29,,,,0.0346,0.0231,0.0346,0.1154,0.03460000082850456,0.0231,0.0346,0.1154,0.1038,0.1154,1.1535,2026-08-09
sv10-150,Team Rocket's Persian ex,holofoil,Destined Rivals,150,Double Rare,5ban Graphics,Stage 1|ex,53,Pokémon,2025/05/30,"tcgplayer,cardmarket",https://prices.pokemontcg.io/tcgplayer/sv10-150,https://images.pokemontcg.io/sv10/150_hires.png,2026/08/08,2025/11/21,0.64,0.2800000011920929,0.800000011920929,1049.3800048828125,,,,,,0.7036,0.0461,0.6344,0.0,0.47290000319480896,0.5883,0.6806,0.0,0.0,0.0,1.1535,2026-08-09
sv10-151,Kangaskhan,normal,Destined Rivals,151,Common,Sanosuke Sakuma,Basic,115,Pokémon,2025/05/30,"tcgplayer,cardmarket",https://prices.pokemontcg.io/tcgplayer/sv10-151,https://images.pokemontcg.io/sv10/151_hires.png,2026/08/08,2025/11/21,0.06,0.009999999776482582,0.15000000596046448,20.0,,0.24,,,,0.0461,0.0231,0.0461,0.1154,0.03460000082850456,0.0346,0.0461,0.0692,0.1038,0.1154,1.1535,2026-08-09
sv10-152,Tauros,normal,Destined Rivals,152,Common,yuu,Basic,128,Pokémon,2025/05/30,"tcgplayer,cardmarket",https://prices.pokemontcg.io/tcgplayer/sv10-152,https://images.pokemontcg.io/sv10/152_hires.png,2026/08/08,2025/11/21,0.1,0.009999999776482582,0.15000000596046448,19.979999542236328,,0.27,,,,0.0461,0.0231,0.0346,0.1038,0.023099999874830246,0.0346,0.0461,0.1038,0.1038,0.1038,1.1535,2026-08-09
sv10-153,Team Rocket's Porygon,normal,Destined Rivals,153,Common,Oswaldo KATO,Basic,137,Pokémon,2025/05/30,"tcgplayer,cardmarket",https://prices.pokemontcg.io/tcgplayer/sv10-153,https://images.pokemontcg.io/sv10/153_hires.png,2026/08/08,2025/11/21,0.23,0.009999999776482582,0.23000000417232513,1000.0,,0.23,,,,0.0346,0.0231,0.0346,0.1038,0.05770000070333481,0.0346,0.0231,0.0577,0.1038,0.1038,1.1535,2026-08-09
sv10-154,Team Rocket's Porygon2,normal,Destined Rivals,154,Common,Takeshi Nakamura,Stage 1,233,Pokémon,2025/05/30,"tcgplayer,cardmarket",https://prices.pokemontcg.io/tcgplayer/sv10-154,https://images.pokemontcg.io/sv10/154_hires.png,2026/08/08,2025/11/21,0.28,0.03999999910593033,0.25999999046325684,20.0,,0.24,,,,0.0461,0.0231,0.0346,0.1154,0.05770000070333481,0.0346,0.0461,0.1384,0.0923,0.1154,1.1535,2026-08-09
sv10-155,Team Rocket's Porygon-Z,normal,Destined Rivals,155,Uncommon,Anesaki Dynamic,Stage 2,474,Pokémon,2025/05/30,"tcgplayer,cardmarket",https://prices.pokemontcg.io/tcgplayer/sv10-155,https://images.pokemontcg.io/sv10/155_hires.png,2026/08/08,2025/11/21,0.2,0.009999999776482582,0.20000000298023224,1000.0,,0.32,,,,0.0346,0.0231,0.0346,0.2653,0.06920000165700912,0.0346,0.0346,0.173,0.1846,0.2538,1.1535,2026-08-09
sv10-156,Taillow,normal,Destined Rivals,156,Common,Ayako Ozaki,Basic,276,Pokémon,2025/05/30,"tcgplayer,cardmarket",https://prices.pokemontcg.io/tcgplayer/sv10-156,https://images.pokemontcg.io/sv10/156_hires.png,2026/08/08,2025/11/21,0.19,0.009999999776482582,0.1899999976158142,19.979999542236328,,0.24,,,,0.0577,0.0231,0.0461,0.1038,0.03460000082850456,0.0346,0.0577,0.1154,0.1038,0.1038,1.1535,2026-08-09
sv10-157,Swellow,normal,Destined Rivals,157,Common,Souichirou Gunjima,Stage 1,277,Pokémon,2025/05/30,"tcgplayer,cardmarket",https://prices.pokemontcg.io/tcgplayer/sv10-157,https://images.pokemontcg.io/sv10/157_hires.png,2026/08/08,2025/11/21,0.05,0.009999999776482582,0.15000000596046448,19.979999542236328,,0.25,,,,0.0461,0.0231,0.0461,0.1038,0.04610000178217888,0.0461,0.0461,0.0577,0.0807,0.1038,1.1535,2026-08-09
sv10-158,Arven's Skwovet,normal,Destined Rivals,158,Common,Oswaldo KATO,Basic,819,Pokémon,2025/05/30,"tcgplayer,cardmarket",https://prices.pokemontcg.io/tcgplayer/sv10-158,https://images.pokemontcg.io/sv10/158_hires.png,2026/08/08,2025/11/21,0.03,0.009999999776482582,0.15000000596046448,19.979999542236328,,0.18,,,,0.0231,0.0231,0.0346,0.1038,0.03460000082850456,0.0346,0.0231,0.0692,0.0692,0.0923,1.1535,2026-08-09
sv10-159,Arven's Greedent,holofoil,Destined Rivals,159,Rare,Akira Komayama,Stage 1,820,Pokémon,2025/05/30,"tcgplayer,cardmarket",https://prices.pokemontcg.io/tcgplayer/sv10-159,https://images.pokemontcg.io/sv10/159_hires.png,2026/08/08,2025/11/18,0.1,0.009999999776482582,0.15000000596046448,40.0,,0.29,,,,0.0692,0.0231,0.0692,0.2192,0.03460000082850456,0.0461,0.0577,0.1384,0.2538,0.2192,1.1535,2026-08-09
sv10-160,Squawkabilly,normal,Destined Rivals,160,Common,Julie Hang,Basic,931,Pokémon,2025/05/30,"tcgplayer,cardmarket",https://prices.pokemontcg.io/tcgplayer/sv10-160,https://images.pokemontcg.io/sv10/160_hires.png,2026/08/08,2025/11/18,0.05,0.009999999776482582,0.15000000596046448,19.979999542236328,,0.22,,,,0.0346,0.0231,0.0692,0.0923,0.023099999874830246,0.0461,0.0346,0.1038,0.0692,0.0923,1.1535,2026-08-09
sv10-161,Arven's Sandwich,normal,Destined Rivals,161,Uncommon,AYUMI ODASHIMA,Item,,Trainer,2025/05/30,"tcgplayer,cardmarket",https://prices.pokemontcg.io/tcgplayer/sv10-161,https://images.pokemontcg.io/sv10/161_hires.png,2026/08/08,2025/11/18,0.16,0.009999999776482582,0.15000000596046448,1000.0,,0.11,,,,0.0346,0.0231,0.0346,0.0807,0.023099999874830246,0.0346,0.0346,0.1038,0.0692,0.0807,1.1535,2026-08-09
sv10-162,Cynthia's Power Weight,normal,Destined Rivals,162,Uncommon,Studio Bora Inc.,Pokémon Tool,,Trainer,2025/05/30,"tcgplayer,cardmarket",https://prices.pokemontcg.io/tcgplayer/sv10-162,https://images.pokemontcg.io/sv10/162_hires.png,2026/08/08,2025/11/18,0.2,0.009999999776482582,0.20000000298023224,1000.0,,0.21,,,,0.0807,0.0231,0.0923,0.15,0.05770000070333481,0.0923,0.0807,0.1269,0.1038,0.1384,1.1535,2026-08-09
sv10-163,Emcee's Hype,normal,Destined Rivals,163,Common,Cona Nitanda,Supporter,,Trainer,2025/05/30,"tcgplayer,cardmarket",https://prices.pokemontcg.io/tcgplayer/sv10-163,https://images.pokemontcg.io/sv10/163_hires.png,2026/08/08,2025/11/18,0.08,0.009999999776482582,0.15000000596046448,19.979999542236328,,0.18,,,,0.0461,0.0231,0.0461,0.0923,0.023099999874830246,0.0461,0.0346,0.0807,0.0807,0.0923,1.1535,2026-08-09
sv10-164,Energy Recycler,normal,Destined Rivals,164,Uncommon,Toyste Beach,Item,,Trainer,2025/05/30,"tcgplayer,cardmarket",https://prices.pokemontcg.io/tcgplayer/sv10-164,https://images.pokemontcg.io/sv10/164_hires.png,2026/08/08,2025/11/18,0.22,0.009999999776482582,0.23999999463558197,19.979999542236328,,0.28,,,,0.0692,0.0231,0.0692,0.1384,0.03460000082850456,0.0577,0.0692,0.1038,0.0923,0.1269,1.1535,2026-08-09
sv10-165,Ethan's Adventure,normal,Destined Rivals,165,Uncommon,Iori Suzuki,Supporter,,Trainer,2025/05/30,"tcgplayer,cardmarket",https://prices.pokemontcg.io/tcgplayer/sv10-165,https://images.pokemontcg.io/sv10/165_hires.png,2026/08/08,2025/11/18,0.2,0.009999999776482582,0.20000000298023224,1000.0,,0.25,,,,0.0807,0.0231,0.1384,0.1846,0.03460000082850456,0.1384,0.0807,0.1154,0.2076,0.1961,1.1535,2026-08-09
sv10-166,Granite Cave,normal,Destined Rivals,166,Uncommon,AYUMI ODASHIMA,Stadium,,Trainer,2025/05/30,"tcgplayer,cardmarket",https://prices.pokemontcg.io/tcgplayer/sv10-166,https://images.pokemontcg.io/sv10/166_hires.png,2026/08/08,2025/11/18,0.1,0.009999999776482582,0.15000000596046448,19.979999542236328,,0.19,,,,0.0346,0.0231,0.0346,0.0923,0.023099999874830246,0.0346,0.0346,0.0692,0.0807,0.0923,1.1535,2026-08-09
sv10-167,Judge,normal,Destined Rivals,167,Uncommon,kantaro,Supporter,,Trainer,2025/05/30,"tcgplayer,cardmarket",https://prices.pokemontcg.io/tcgplayer/sv10-167,https://images.pokemontcg.io/sv10/167_hires.png,2026/08/08,2025/11/18,0.14,0.009999999776482582,0.20000000298023224,19.979999542236328,,0.21,,,,0.0692,0.0231,0.0923,0.1038,0.03460000082850456,0.0692,0.0807,0.0923,0.1154,0.1038,1.1535,2026-08-09
sv10-168,Sacred Ash,normal,Destined Rivals,168,Uncommon,Eske Yoshinob,Item,,Trainer,2025/05/30,"tcgplayer,cardmarket",https://prices.pokemontcg.io/tcgplayer/sv10-168,https://images.pokemontcg.io/sv10/168_hires.png,2026/08/08,2025/11/18,0.21,0.009999999776482582,0.2199999988079071,1000.0,,0.28,,,,0.1038,0.0231,0.0807,0.1846,0.04610000178217888,0.0692,0.0807,0.0807,0.15,0.1846,1.1535,2026-08-09
sv10-169,Spikemuth Gym,normal,Destined Rivals,169,Uncommon,AYUMI ODASHIMA,Stadium,,Trainer,2025/05/30,"tcgplayer,cardmarket",https://prices.pokemontcg.io/tcgplayer/sv10-169,https://images.pokemontcg.io/sv10/169_hires.png,2026/08/08,2025/11/18,0.24,0.009999999776482582,0.20000000298023224,1000.0,,0.33,,,,0.0807,0.0231,0.0807,0.3345,0.05770000070333481,0.0692,0.0692,0.2538,0.2768,0.323,1.1535,2026-08-09
sv10-170,Team Rocket's Archer,normal,Destined Rivals,170,Uncommon,Hideki Ishikawa,Supporter,,Trainer,2025/05/30,"tcgplayer,cardmarket",https://prices.pokemontcg.io/tcgplayer/sv10-170,https://images.pokemontcg.io/sv10/170_hires.png,2026/08/08,2025/11/18,0.18,0.009999999776482582,0.20000000298023224,20.0,,0.31,,,,0.0577,0.0231,0.0692,0.3345,0.03460000082850456,0.0577,0.0461,0.3576,0.3345,0.3345,1.1535,2026-08-09
sv10-171,Team Rocket's Ariana,normal,Destined Rivals,171,Uncommon,hncl,Supporter,,Trainer,2025/05/30,"tcgplayer,cardmarket",https://prices.pokemontcg.io/tcgplayer/sv10-171,https://images.pokemontcg.io/sv10/171_hires.png,2026/08/08,2025/11/18,0.24,0.009999999776482582,0.2199999988079071,1000.0,,0.31,,,,0.0577,0.0231,0.0577,0.3807,0.023099999874830246,0.0692,0.0577,0.4037,0.4153,0.4037,1.1535,2026-08-09
sv10-172,Team Rocket's Bother-Bot,normal,Destined Rivals,172,Uncommon,Toyste Beach,Item,,Trainer,2025/05/30,"tcgplayer,cardmarket",https://prices.pokemontcg.io/tcgplayer/sv10-172,https://images.pokemontcg.io/sv10/172_hires.png,2026/08/08,2025/11/18,0.1,0.009999999776482582,0.15000000596046448,19.979999542236328,,0.33,,,,0.0346,0.0231,0.0346,0.2192,0.023099999874830246,0.0346,0.0346,0.1269,0.2076,0.2192,1.1535,2026-08-09
sv10-173,Team Rocket's Factory,normal,Destined Rivals,173,Uncommon,imoniii,Stadium,,Trainer,2025/05/30,"tcgplayer,cardmarket",https://prices.pokemontcg.io/tcgplayer/sv10-173,https://images.pokemontcg.io/sv10/173_hires.png,2026/08/08,2025/11/18,0.17,0.009999999776482582,0.23000000417232513,1000.0,,0.37,,,,0.0692,0.0231,0.0923,0.3922,0.023099999874830246,0.0923,0.0577,1.0151,0.4383,0.3691,1.1535,2026-08-09
sv10-174,Team Rocket's Giovanni,normal,Destined Rivals,174,Uncommon,akagi,Supporter,,Trainer,2025/05/30,"tcgplayer,cardmarket",https://prices.pokemontcg.io/tcgplayer/sv10-174,https://images.pokemontcg.io/sv10/174_hires.png,2026/08/08,2025/11/18,0.18,0.05000000074505806,0.23000000417232513,19.979999542236328,,0.31,,,,0.0692,0.0231,0.0461,0.3576,0.023099999874830246,0.0461,0.0577,0.6575,0.323,0.3576,1.1535,2026-08-09
sv10-175,Team Rocket's Great Ball,normal,Destined Rivals,175,Uncommon,Toyste Beach,Item,,Trainer,2025/05/30,"tcgplayer,cardmarket",https://prices.pokemontcg.io/tcgplayer/sv10-175,https://images.pokemontcg.io/sv10/175_hires.png,2026/08/08,2025/11/18,0.21,0.009999999776482582,0.20000000298023224,20.0,,0.32,,,,0.0577,0.0231,0.0577,0.2538,0.04610000178217888,0.0577,0.0461,0.3807,0.2884,0.2538,1.1535,2026-08-09
sv10-176,Team Rocket's Petrel,normal,Destined Rivals,176,Uncommon,GOSSAN,Supporter,,Trainer,2025/05/30,"tcgplayer,cardmarket",https://prices.pokemontcg.io/tcgplayer/sv10-176,https://images.pokemontcg.io/sv10/176_hires.png,2026/08/08,2025/11/18,0.29,0.009999999776482582,0.36000001430511475,19.979999542236328,,1.04,,,,0.1038,0.0231,0.0807,0.3807,0.023099999874830246,0.1038,0.0923,0.173,0.346,0.3807,1.1535,2026-08-09
sv10-177,Team Rocket's Proton,normal,Destined Rivals,177,Uncommon,Naoki Saito,Supporter,,Trainer,2025/05/30,"tcgplayer,cardmarket",https://prices.pokemontcg.io/tcgplayer/sv10-177,https://images.pokemontcg.io/sv10/177_hires.png,2026/08/08,2025/11/18,0.21,0.009999999776482582,0.20000000298023224,20.0,,0.31,,,,0.0577,0.0231,0.0692,0.3114,0.023099999874830246,0.0461,0.0461,0.3345,0.2422,0.2999,1.1535,2026-08-09
sv10-178,Team Rocket's Transceiver,normal,Destined Rivals,178,Uncommon,inose yukie,Item,,Trainer,2025/05/30,"tcgplayer,cardmarket",https://prices.pokemontcg.io/tcgplayer/sv10-178,https://images.pokemontcg.io/sv10/178_hires.png,2026/08/08,2025/11/18,0.26,0.009999999776482582,0.25,19.979999542236328,,0.43,,,,0.0577,0.0231,0.0923,0.3691,0.04610000178217888,0.0923,0.0692,0.3807,0.3576,0.3807,1.1535,2026-08-09
sv10-179,Team Rocket's Venture Bomb,normal,Destined Rivals,179,Uncommon,Toyste Beach,Item,,Trainer,2025/05/30,"tcgplayer,cardmarket",https://prices.pokemontcg.io/tcgplayer/sv10-179,https://images.pokemontcg.io/sv10/179_hires.png,2026/08/08,2025/11/18,0.1,0.009999999776482582,0.18000000715255737,1000.0,,0.33,,,,0.1038,0.0231,0.0461,0.2999,0.03460000082850456,0.0577,0.1038,0.15,0.15,0.2768,1.1535,2026-08-09
sv10-180,Team Rocket's Watchtower,normal,Destined Rivals,180,Uncommon,AYUMI ODASHIMA,Stadium,,Trainer,2025/05/30,"tcgplayer,cardmarket",https://prices.pokemontcg.io/tcgplayer/sv10-180,https://images.pokemontcg.io/sv10/180_hires.png,2026/08/08,2025/11/18,0.18,0.009999999776482582,0.25,19.979999542236328,,0.49,,,,0.1269,0.0231,0.1615,0.4383,0.06920000165700912,0.1615,0.1384,0.4153,0.5075,0.4383,1.1535,2026-08-09
sv10-181,TM Machine,normal,Destined Rivals,181,Uncommon,Studio Bora Inc.,Item|MEGA,,Trainer,2025/05/30,"tcgplayer,cardmarket",https://prices.pokemontcg.io/tcgplayer/sv10-181,https://images.pokemontcg.io/sv10/181_hires.png,2026/08/08,2025/11/18,0.16,0.009999999776482582,0.18000000715255737,19.979999542236328,,0.21,,,,0.0692,0.0231,0.0807,0.2538,0.023099999874830246,0.0692,0.0692,0.15,0.1961,0.2422,1.1535,2026-08-09
sv10-182,Team Rocket's Energy,normal,Destined Rivals,182,Uncommon,,Special,,Energy,2025/05/30,"tcgplayer,cardmarket",https://prices.pokemontcg.io/tcgplayer/sv10-182,https://images.pokemontcg.io/sv10/182_hires.png,2026/08/08,2025/11/18,0.3,0.009999999776482582,0.30000001192092896,20.0,,0.56,,,,0.323,0.0231,0.2884,0.7152,0.13840000331401825,0.2653,0.323,1.0035,0.8421,0.7728,1.1535,2026-08-09
sv10-183,Yanma,holofoil,Destined Rivals,183,Illustration Rare,Ayako Ozaki,Basic,193,Pokémon,2025/05/30,"tcgplayer,cardmarket",https://prices.pokemontcg.io/tcgplayer/sv10-183,https://images.pokemontcg.io/sv10/183_hires.png,2026/08/08,2025/11/18,4.61,2.799999952316284,5.0,53.939998626708984,,,,,,6.2635,3.4605,6.1712,0.0,5.421500205993652,5.8021,6.3327,0.0,0.0,0.0,1.1535,2026-08-09
sv10-184,Cynthia's Roserade,holofoil,Destined Rivals,184,Illustration Rare,rika,Stage 1,407,Pokémon,2025/05/30,"tcgplayer,cardmarket",https://prices.pokemontcg.io/tcgplayer/sv10-184,https://images.pokemontcg.io/sv10/184_hires.png,2026/08/08,2025/11/18,14.05,11.75,15.539999961853027,128.77999877929688,,,,,,15.4108,6.7941,14.5687,0.0,15.399200439453125,14.7763,15.3069,0.0,0.0,0.0,1.1535,2026-08-09
sv10-185,Shaymin,holofoil,Destined Rivals,185,Illustration Rare,Heisuke Kitazawa,Basic,492,Pokémon,2025/05/30,"tcgplayer,cardmarket",https://prices.pokemontcg.io/tcgplayer/sv10-185,https://images.pokemontcg.io/sv10/185_hires.png,2026/08/08,2025/11/18,13.35,10.0,13.710000038146973,97.30000305175781,,,,,,9.6317,4.614,8.582,0.0,9.366399765014648,9.055,9.4587,0.0,0.0,0.0,1.1535,2026-08-09
sv10-186,Crustle,holofoil,Destined Rivals,186,Illustration Rare,Takumi Wada,Stage 1,558,Pokémon,2025/05/30,"tcgplayer,cardmarket",https://prices.pokemontcg.io/tcgplayer/sv10-186,https://images.pokemontcg.io/sv10/186_hires.png,2026/08/08,2025/11/18,2.93,1.690000057220459,4.0,40.900001525878906,,,,,,4.2103,1.7187,3.5758,0.0,3.310499906539917,3.7027,4.118,0.0,0.0,0.0,1.1535,2026-08-09
sv10-187,Team Rocket's Spidops,holofoil,Destined Rivals,187,Illustration Rare,NC Empire,Stage 1,918,Pokémon,2025/05/30,"tcgplayer,cardmarket",https://prices.pokemontcg.io/tcgplayer/sv10-187,https://images.pokemontcg.io/sv10/187_hires.png,2026/08/08,2025/11/18,5.63,4.110000133514404,6.539999961853027,69.98999786376953,,,,,,5.6637,3.3105,5.1792,0.0,4.360199928283691,5.0754,5.6983,0.0,0.0,0.0,1.1535,2026-08-09
sv10-188,Hydrapple,holofoil,Destined Rivals,188,Illustration Rare,Jerky,Stage 2,1019,Pokémon,2025/05/30,"tcgplayer,cardmarket",https://prices.pokemontcg.io/tcgplayer/sv10-188,https://images.pokemontcg.io/sv10/188_hires.png,2026/08/08,2025/11/18,4.52,3.0,4.980000019073486,42.380001068115234,,,,,,4.1526,1.3842,4.1872,0.0,4.002600193023682,4.1065,4.0834,0.0,0.0,0.0,1.1535,2026-08-09
sv10-189,Rapidash,holofoil,Destined Rivals,189,Illustration Rare,Rond,Stage 1,78,Pokémon,2025/05/30,"tcgplayer,cardmarket",https://prices.pokemontcg.io/tcgplayer/sv10-189,https://images.pokemontcg.io/sv10/189_hires.png,2026/08/08,2025/11/18,9.67,7.75,10.489999771118164,87.02999877929688,,,,,,8.5474,1.7187,7.3363,0.0,6.367300033569336,7.3247,8.5474,0.0,0.0,0.0,1.1535,2026-08-09
sv10-190,Ethan's Typhlosion,holofoil,Destined Rivals,190,Illustration Rare,GIDORA,Stage 2,157,Pokémon,2025/05/30,"tcgplayer,cardmarket",https://prices.pokemontcg.io/tcgplayer/sv10-190,https://images.pokemontcg.io/sv10/190_hires.png,2026/08/08,2025/11/18,25.61,24.899999618530273,30.0,259.8999938964844,,,,,,30.3255,21.8934,30.8677,0.0,27.557100296020508,29.6449,30.0717,0.0,0.0,0.0,1.1535,2026-08-09
sv10-191,Team Rocket's Houndoom,holofoil,Destined Rivals,191,Illustration Rare,nagimiso,Stage 1,229,Pokémon,2025/05/30,"tcgplayer,cardmarket",https://prices.pokemontcg.io/tcgplayer/sv10-191,https://images.pokemontcg.io/sv10/191_hires.png,2026/08/08,2025/11/18,14.75,11.9399995803833,16.5,140.7100067138672,,,,,,18.779,10.9582,18.283,0.0,15.8951997756958,17.8792,18.7444,0.0,0.0,0.0,1.1535,2026-08-09
sv10-192,Blaziken,holofoil,Destined Rivals,192,Illustration Rare,kodama,Stage 2,257,Pokémon,2025/05/30,"tcgplayer,cardmarket",https://prices.pokemontcg.io/tcgplayer/sv10-192,https://images.pokemontcg.io/sv10/192_hires.png,2026/08/08,2025/11/18,10.39,8.5,12.0,99.9000015258789,,,,,,13.173,9.1127,12.2156,0.0,11.281200408935547,12.4693,13.1845,0.0,0.0,0.0,1.1535,2026-08-09
sv10-193,Misty's Psyduck,holofoil,Destined Rivals,193,Illustration Rare,OKACHEKE,Basic,54,Pokémon,2025/05/30,"tcgplayer,cardmarket",https://prices.pokemontcg.io/tcgplayer/sv10-193,https://images.pokemontcg.io/sv10/193_hires.png,2026/08/08,2025/11/18,63.79,58.0,72.69000244140625,588.6900024414062,,,,,,61.4931,31.7212,43.9599,0.0,49.55440139770508,48.7238,61.2278,0.0,0.0,0.0,1.1535,2026-08-09
sv10-194,Misty's Lapras,holofoil,Destined Rivals,194,Illustration Rare,Orca,Basic,131,Pokémon,2025/05/30,"tcgplayer,cardmarket",https://prices.pokemontcg.io/tcgplayer/sv10-194,https://images.pokemontcg.io/sv10/194_hires.png,2026/08/08,2025/11/18,38.44,31.489999771118164,40.959999084472656,345.6000061035156,,,,,,27.4533,12.6885,26.2191,0.0,22.470199584960938,25.8384,27.2803,0.0,0.0,0.0,1.1535,2026-08-09
sv10-195,Clamperl,holofoil,Destined Rivals,195,Illustration Rare,Mori Yuu,Basic,366,Pokémon,2025/05/30,"tcgplayer,cardmarket",https://prices.pokemontcg.io/tcgplayer/sv10-195,https://images.pokemontcg.io/sv10/195_hires.png,2026/08/08,2025/11/18,4.56,3.2899999618530273,5.159999847412109,4320.330078125,,,,,,4.1295,2.307,3.4374,0.0,2.8722000122070312,3.8412,4.1641,0.0,0.0,0.0,1.1535,2026-08-09
sv10-196,Electrike,holofoil,Destined Rivals,196,Illustration Rare,Nakamura Ippan,Basic,309,Pokémon,2025/05/30,"tcgplayer,cardmarket",https://prices.pokemontcg.io/tcgplayer/sv10-196,https://images.pokemontcg.io/sv10/196_hires.png,2026/08/08,2025/11/18,3.45,2.0,4.0,39.70000076293945,,,,,,4.3372,2.653,4.464,0.0,4.6717000007629395,4.3026,4.3372,0.0,0.0,0.0,1.1535,2026-08-09
sv10-197,Rotom,holofoil,Destined Rivals,197,Illustration Rare,Taiga Kayama,Basic,479,Pokémon,2025/05/30,"tcgplayer,cardmarket",https://prices.pokemontcg.io/tcgplayer/sv10-197,https://images.pokemontcg.io/sv10/197_hires.png,2026/08/08,2025/11/18,3.6,2.5,4.599999904632568,42.900001525878906,,,,,,3.6912,2.307,3.9565,0.0,3.668100118637085,3.7719,3.6681,0.0,0.0,0.0,1.1535,2026-08-09
sv10-198,Team Rocket's Orbeetle,holofoil,Destined Rivals,198,Illustration Rare,HYOGONOSUKE,Stage 2,826,Pokémon,2025/05/30,"tcgplayer,cardmarket",https://prices.pokemontcg.io/tcgplayer/sv10-198,https://images.pokemontcg.io/sv10/198_hires.png,2026/08/08,2025/11/18,3.49,2.5,4.21999979019165,42.2599983215332,,,,,,4.6025,2.48,4.6832,0.0,5.029300212860107,4.7409,4.614,0.0,0.0,0.0,1.1535,2026-08-09
sv10-199,Team Rocket's Weezing,holofoil,Destined Rivals,199,Illustration Rare,Yukihiro Tada,Stage 1,110,Pokémon,2025/05/30,"tcgplayer,cardmarket",https://prices.pokemontcg.io/tcgplayer/sv10-199,https://images.pokemontcg.io/sv10/199_hires.png,2026/08/08,2025/11/18,8.01,6.650000095367432,9.510000228881836,75.80000305175781,,,,,,11.5465,6.3442,11.0621,0.0,12.942299842834473,11.0621,11.5119,0.0,0.0,0.0,1.1535,2026-08-09
sv10-200,Team Rocket's Murkrow,holofoil,Destined Rivals,200,Illustration Rare,Akira Komayama,Basic,198,Pokémon,2025/05/30,"tcgplayer,cardmarket",https://prices.pokemontcg.io/tcgplayer/sv10-200,https://images.pokemontcg.io/sv10/200_hires.png,2026/08/08,2025/11/18,8.78,6.0,10.1899995803833,99.5,,,,,,9.1934,5.1907,8.3629,0.0,7.751500129699707,8.5244,9.2049,0.0,0.0,0.0,1.1535,2026-08-09
sv10-201,Zamazenta,holofoil,Destined Rivals,201,Illustration Rare,Takumi Wada,Basic,889,Pokémon,2025/05/30,"tcgplayer,cardmarket",https://prices.pokemontcg.io/tcgplayer/sv10-201,https://images.pokemontcg.io/sv10/201_hires.png,2026/08/08,2025/11/18,5.11,2.990000009536743,5.5,9999.0,,,,,,5.5714,1.7302,5.5253,0.0,5.1331000328063965,5.1907,5.5137,0.0,0.0,0.0,1.1535,2026-08-09
sv10-202,Team Rocket's Raticate,holofoil,Destined Rivals,202,Illustration Rare,Mékayu,Stage 1,20,Pokémon,2025/05/30,"tcgplayer,cardmarket",https://prices.pokemontcg.io/tcgplayer/sv10-202,https://images.pokemontcg.io/sv10/202_hires.png,2026/08/08,2025/11/18,6.05,4.0,7.0,9999.0,,,,,,8.9512,5.0754,8.732,0.0,6.228899955749512,8.3283,9.0088,0.0,0.0,0.0,1.1535,2026-08-09
sv10-203,Team Rocket's Meowth,holofoil,Destined Rivals,203,Illustration Rare,Shimaris Yukichi,Basic,52,Pokémon,2025/05/30,"tcgplayer,cardmarket",https://prices.pokemontcg.io/tcgplayer/sv10-203,https://images.pokemontcg.io/sv10/203_hires.png,2026/08/08,2025/11/18,27.53,24.989999771118164,30.100000381469727,240.3000030517578,,,,,,27.7763,16.149,25.7461,0.0,23.6697998046875,25.9307,27.6609,0.0,0.0,0.0,1.1535,2026-08-09
sv10-204,Kangaskhan,holofoil,Destined Rivals,204,Illustration Rare,Mékayu,Basic,115,Pokémon,2025/05/30,"tcgplayer,cardmarket",https://prices.pokemontcg.io/tcgplayer/sv10-204,https://images.pokemontcg.io/sv10/204_hires.png,2026/08/08,2025/11/18,12.6,10.0,13.0,111.33000183105469,,,,,,9.2972,4.5563,9.4587,0.0,8.939599990844727,9.4241,9.3087,0.0,0.0,0.0,1.1535,2026-08-09
sv10-205,Arven's Greedent,holofoil,Destined Rivals,205,Illustration Rare,Natsumi Yoshida,Stage 1,820,Pokémon,2025/05/30,"tcgplayer,cardmarket",https://prices.pokemontcg.io/tcgplayer/sv10-205,https://images.pokemontcg.io/sv10/205_hires.png,2026/08/08,2025/11/18,3.54,2.200000047683716,4.25,37.97999954223633,,,,,,4.4064,1.7302,4.4986,0.0,3.4605000019073486,4.291,4.2679,0.0,0.0,0.0,1.1535,2026-08-09
sv10-206,Yanmega ex,holofoil,Destined Rivals,206,Ultra Rare,takuyoa,Stage 1|ex,469,Pokémon,2025/05/30,"tcgplayer,cardmarket",https://prices.pokemontcg.io/tcgplayer/sv10-206,https://images.pokemontcg.io/sv10/206_hires.png,2026/08/08,2025/11/18,1.13,0.7300000190734863,1.4800000190734863,25.799999237060547,,,,,,2.9299,0.8074,2.8491,0.0,2.2955000400543213,2.803,2.8145,0.0,0.0,0.0,1.1535,2026-08-09
sv10-207,Arboliva ex,holofoil,Destined Rivals,207,Ultra Rare,PLANETA Tsuji,Stage 2|ex,930,Pokémon,2025/05/30,"tcgplayer,cardmarket",https://prices.pokemontcg.io/tcgplayer/sv10-207,https://images.pokemontcg.io/sv10/207_hires.png,2026/08/08,2025/11/18,2.02,1.0,2.5,96.94999694824219,,,,,,3.4259,1.7187,3.2413,0.0,2.779900074005127,3.0106,3.3798,0.0,0.0,0.0,1.1535,2026-08-09
sv10-208,Team Rocket's Moltres ex,holofoil,Destined Rivals,208,Ultra Rare,5ban Graphics,Basic|ex,146,Pokémon,2025/05/30,"tcgplayer,cardmarket",https://prices.pokemontcg.io/tcgplayer/sv10-208,https://images.pokemontcg.io/sv10/208_hires.png,2026/08/08,2025/11/18,5.76,3.549999952316284,6.0,60.0,,,,,,8.9742,3.6912,8.1783,0.0,9.401000022888184,7.6016,8.5936,0.0,0.0,0.0,1.1535,2026-08-09
sv10-209,Ethan's Ho-Oh ex,holofoil,Destined Rivals,209,Ultra Rare,aky CG Works,Basic|ex,250,Pokémon,2025/05/30,"tcgplayer,cardmarket",https://prices.pokemontcg.io/tcgplayer/sv10-209,https://images.pokemontcg.io/sv10/209_hires.png,2026/08/08,2025/11/18,4.9,3.990000009536743,5.670000076293945,85.0,,,,,,8.409,3.8065,7.1286,0.0,7.416999816894531,7.6477,8.1322,0.0,0.0,0.0,1.1535,2026-08-09
sv10-210,Cetitan ex,holofoil,Destined Rivals,210,Ultra Rare,PLANETA Tsuji,Stage 1|ex,975,Pokémon,2025/05/30,"tcgplayer,cardmarket",https://prices.pokemontcg.io/tcgplayer/sv10-210,https://images.pokemontcg.io/sv10/210_hires.png,2026/08/08,2025/11/18,1.12,0.7400000095367432,1.4500000476837158,25.600000381469727,,,,,,3.4836,1.6726,3.5528,0.0,2.9990999698638916,3.5528,3.4951,0.0,0.0,0.0,1.1535,2026-08-09
sv10-211,Dondozo ex,holofoil,Destined Rivals,211,Ultra Rare,N-DESIGN Inc.,Basic|ex,977,Pokémon,2025/05/30,"tcgplayer,cardmarket",https://prices.pokemontcg.io/tcgplayer/sv10-211,https://images.pokemontcg.io/sv10/211_hires.png,2026/08/08,2025/11/18,1.0,0.6499999761581421,1.2899999618530273,19.979999542236328,,,,,,2.1224,0.9228,2.2609,0.0,2.8838000297546387,2.0532,2.1455,0.0,0.0,0.0,1.1535,2026-08-09
sv10-212,Electivire ex,holofoil,Destined Rivals,212,Ultra Rare,PLANETA Mochizuki,Stage 1|ex,466,Pokémon,2025/05/30,"tcgplayer,cardmarket",https://prices.pokemontcg.io/tcgplayer/sv10-212,https://images.pokemontcg.io/sv10/212_hires.png,2026/08/08,2025/11/18,1.47,0.6499999761581421,1.5800000429153442,50.0,,,,,,2.9414,1.0381,2.6415,0.0,2.6184000968933105,2.5262,2.7799,0.0,0.0,0.0,1.1535,2026-08-09
sv10-213,Team Rocket's Mewtwo ex,holofoil,Destined Rivals,213,Ultra Rare,aky CG Works,Basic|ex,150,Pokémon,2025/05/30,"tcgplayer,cardmarket",https://prices.pokemontcg.io/tcgplayer/sv10-213,https://images.pokemontcg.io/sv10/213_hires.png,2026/08/08,2025/11/18,20.9,18.5,23.989999771118164,1000.0,,,,,,20.9937,11.3966,20.6476,0.0,16.806499481201172,20.0824,21.2705,0.0,0.0,0.0,1.1535,2026-08-09
sv10-214,Regirock ex,holofoil,Destined Rivals,214,Ultra Rare,PLANETA Mochizuki,Basic|ex,377,Pokémon,2025/05/30,"tcgplayer,cardmarket",https://prices.pokemontcg.io/tcgplayer/sv10-214,https://images.pokemontcg.io/sv10/214_hires.png,2026/08/08,2025/11/18,1.42,0.75,1.4900000095367432,37.97999954223633,,,,,,2.5838,1.0381,2.4224,0.0,2.306999921798706,2.3762,2.4454,0.0,0.0,0.0,1.1535,2026-08-09
sv10-215,Cynthia's Garchomp ex,holofoil,Destined Rivals,215,Ultra Rare,5ban Graphics,Stage 2|ex,445,Pokémon,2025/05/30,"tcgplayer,cardmarket",https://prices.pokemontcg.io/tcgplayer/sv10-215,https://images.pokemontcg.io/sv10/215_hires.png,2026/08/08,2025/11/18,4.26,3.0,5.25,61.20000076293945,,,,,,7.267,3.4605,6.8864,0.0,5.952099800109863,6.5173,7.3593,0.0,0.0,0.0,1.1535,2026-08-09
sv10-216,Team Rocket's Nidoking ex,holofoil,Destined Rivals,216,Ultra Rare,5ban Graphics,Stage 2|ex,34,Pokémon,2025/05/30,"tcgplayer,cardmarket",https://prices.pokemontcg.io/tcgplayer/sv10-216,https://images.pokemontcg.io/sv10/216_hires.png,2026/08/08,2025/11/18,4.46,2.450000047683716,4.5,49.400001525878906,,,,,,6.6672,3.4605,6.7941,0.0,5.456099987030029,6.6096,6.6672,0.0,0.0,0.0,1.1535,2026-08-09
sv10-217,Team Rocket's Crobat ex,holofoil,Destined Rivals,217,Ultra Rare,5ban Graphics,Stage 2|ex,169,Pokémon,2025/05/30,"tcgplayer,cardmarket",https://prices.pokemontcg.io/tcgplayer/sv10-217,https://images.pokemontcg.io/sv10/217_hires.png,2026/08/08,2025/11/18,2.57,1.7100000381469727,3.1500000953674316,45.0,,,,,,5.2369,2.7684,5.5137,0.0,4.879300117492676,5.0523,5.2138,0.0,0.0,0.0,1.1535,2026-08-09
sv10-218,Arven's Mabosstiff ex,holofoil,Destined Rivals,218,Ultra Rare,PLANETA Igarashi,Stage 1|ex,943,Pokémon,2025/05/30,"tcgplayer,cardmarket",https://prices.pokemontcg.io/tcgplayer/sv10-218,https://images.pokemontcg.io/sv10/218_hires.png,2026/08/08,2025/11/18,1.26,0.5,1.75,30.0,,,,,,2.6415,1.1535,2.1686,0.0,2.3301000595092773,2.307,2.4916,0.0,0.0,0.0,1.1535,2026-08-09
sv10-219,Team Rocket's Persian ex,holofoil,Destined Rivals,219,Ultra Rare,5ban Graphics,Stage 1|ex,53,Pokémon,2025/05/30,"tcgplayer,cardmarket",https://prices.pokemontcg.io/tcgplayer/sv10-219,https://images.pokemontcg.io/sv10/219_hires.png,2026/08/08,2025/11/18,4.31,2.990000009536743,4.699999809265137,9999.0,,,,,,6.1828,2.2839,6.7018,0.0,5.605999946594238,7.5554,6.4135,0.0,0.0,0.0,1.1535,2026-08-09
sv10-220,Emcee's Hype,holofoil,Destined Rivals,220,Ultra Rare,Cona Nitanda,Supporter,,Trainer,2025/05/30,"tcgplayer,cardmarket",https://prices.pokemontcg.io/tcgplayer/sv10-220,https://images.pokemontcg.io/sv10/220_hires.png,2026/08/08,2025/11/18,1.84,1.149999976158142,2.369999885559082,35.79999923706055,,,,,,4.4525,1.7187,3.968,0.0,4.660099983215332,3.8065,4.3487,0.0,0.0,0.0,1.1535,2026-08-09
sv10-221,Ethan's Adventure,holofoil,Destined Rivals,221,Ultra Rare,Iori Suzuki,Supporter,,Trainer,2025/05/30,"tcgplayer,cardmarket",https://prices.pokemontcg.io/tcgplayer/sv10-221,https://images.pokemontcg.io/sv10/221_hires.png,2026/08/08,2025/11/18,3.13,2.2300000190734863,3.75,50.0,,,,,,7.7746,4.4871,6.4135,0.0,6.309599876403809,6.6903,7.094,0.0,0.0,0.0,1.1535,2026-08-09
sv10-222,Judge,holofoil,Destined Rivals,222,Ultra Rare,kantaro,Supporter,,Trainer,2025/05/30,"tcgplayer,cardmarket",https://prices.pokemontcg.io/tcgplayer/sv10-222,https://images.pokemontcg.io/sv10/222_hires.png,2026/08/08,2025/11/18,2.18,1.340000033378601,2.7899999618530273,79.0,,,,,,3.795,1.6149,3.2067,0.0,2.8606998920440674,3.1375,3.5874,0.0,0.0,0.0,1.1535,2026-08-09
sv10-223,Team Rocket's Archer,holofoil,Destined Rivals,223,Ultra Rare,Hideki Ishikawa,Supporter,,Trainer,2025/05/30,"tcgplayer,cardmarket",https://prices.pokemontcg.io/tcgplayer/sv10-223,https://images.pokemontcg.io/sv10/223_hires.png,2026/08/08,2025/11/18,2.64,1.600000023841858,3.490000009536743,96.94999694824219,,,,,,5.3984,2.4224,5.6291,0.0,6.021299839019775,5.3984,5.4561,0.0,0.0,0.0,1.1535,2026-08-09
sv10-224,Team Rocket's Ariana,holofoil,Destined Rivals,224,Ultra Rare,hncl,Supporter,,Trainer,2025/05/30,"tcgplayer,cardmarket",https://prices.pokemontcg.io/tcgplayer/sv10-224,https://images.pokemontcg.io/sv10/224_hires.png,2026/08/08,2025/11/18,3.52,1.0,4.5,74.5999984741211,,,,,,5.3868,2.8722,5.4099,0.0,6.125100135803223,5.3984,5.4676,0.0,0.0,0.0,1.1535,2026-08-09
sv10-225,Team Rocket's Giovanni,holofoil,Destined Rivals,225,Ultra Rare,akagi,Supporter,,Trainer,2025/05/30,"tcgplayer,cardmarket",https://prices.pokemontcg.io/tcgplayer/sv10-225,https://images.pokemontcg.io/sv10/225_hires.png,2026/08/08,2025/11/18,6.21,3.990000009536743,7.150000095367432,9999.0,,,,,,10.889,5.6522,10.1047,0.0,9.401000022888184,8.8704,10.3584,0.0,0.0,0.0,1.1535,2026-08-09
sv10-226,Team Rocket's Petrel,holofoil,Destined Rivals,226,Ultra Rare,GOSSAN,Supporter,,Trainer,2025/05/30,"tcgplayer,cardmarket",https://prices.pokemontcg.io/tcgplayer/sv10-226,https://images.pokemontcg.io/sv10/226_hires.png,2026/08/08,2025/11/18,10.09,8.5,11.0,173.60000610351562,,,,,,6.0559,3.449,6.1597,0.0,8.639699935913086,5.8136,6.0789,0.0,0.0,0.0,1.1535,2026-08-09
sv10-227,Team Rocket's Proton,holofoil,Destined Rivals,227,Ultra Rare,Naoki Saito,Supporter,,Trainer,2025/05/30,"tcgplayer,cardmarket",https://prices.pokemontcg.io/tcgplayer/sv10-227,https://images.pokemontcg.io/sv10/227_hires.png,2026/08/08,2025/11/18,3.15,1.9199999570846558,4.289999961853027,91.5999984741211,,,,,,5.3868,3.4605,5.7098,0.0,7.117099761962891,5.5022,5.4215,0.0,0.0,0.0,1.1535,2026-08-09
sv10-228,Yanmega ex,holofoil,Destined Rivals,228,Special Illustration Rare,Tonji Matsuno,Stage 1|ex,469,Pokémon,2025/05/30,"tcgplayer,cardmarket",https://prices.pokemontcg.io/tcgplayer/sv10-228,https://images.pokemontcg.io/sv10/228_hires.png,2026/08/08,2025/11/18,20.54,18.5,24.899999618530273,9999.0,,,,,,43.7292,23.6468,45.2403,0.0,39.599700927734375,44.998,43.4754,0.0,0.0,0.0,1.1535,2026-08-09
sv10-229,Team Rocket's Moltres ex,holofoil,Destined Rivals,229,Special Illustration Rare,AKIRA EGAWA,Basic|ex,146,Pokémon,2025/05/30,"tcgplayer,cardmarket",https://prices.pokemontcg.io/tcgplayer/sv10-229,https://images.pokemontcg.io/sv10/229_hires.png,2026/08/08,2025/11/18,106.1,98.0,115.0,965.52001953125,,,,,,253.7469,115.35,317.3048,0.0,1036.9964599609375,302.6899,259.7221,0.0,0.0,0.0,1.1535,2026-08-09
sv10-230,Ethan's Ho-Oh ex,holofoil,Destined Rivals,230,Special Illustration Rare,Atsushi Furusawa,Basic|ex,250,Pokémon,2025/05/30,"tcgplayer,cardmarket",https://prices.pokemontcg.io/tcgplayer/sv10-230,https://images.pokemontcg.io/sv10/230_hires.png,2026/08/08,2025/11/18,169.35,159.88999938964844,180.88999938964844,9999.0,,,,,,301.2019,144.1875,327.9862,0.0,579.6337280273438,346.2,313.083,0.0,0.0,0.0,1.1535,2026-08-09
sv10-231,Team Rocket's Mewtwo ex,holofoil,Destined Rivals,231,Special Illustration Rare,Iwamoto05,Basic|ex,150,Pokémon,2025/05/30,"tcgplayer,cardmarket",https://prices.pokemontcg.io/tcgplayer/sv10-231,https://images.pokemontcg.io/sv10/231_hires.png,2026/08/08,2025/11/18,517.26,424.989990234375,537.989990234375,9999.0,,,,,,743.5461,230.7,658.5216,0.0,617.1224975585938,634.921,733.3261,0.0,0.0,0.0,1.1535,2026-08-09
sv10-232,Cynthia's Garchomp ex,holofoil,Destined Rivals,232,Special Illustration Rare,HICO KIM,Stage 2|ex,445,Pokémon,2025/05/30,"tcgplayer,cardmarket",https://prices.pokemontcg.io/tcgplayer/sv10-232,https://images.pokemontcg.io/sv10/232_hires.png,2026/08/08,2025/11/18,254.07,240.0,274.6499938964844,2311.919921875,,,,,,281.7539,126.885,292.6199,0.0,510.40069580078125,295.5728,286.7832,0.0,0.0,0.0,1.1535,2026-08-09
sv10-233,Team Rocket's Nidoking ex,holofoil,Destined Rivals,233,Special Illustration Rare,Uninori,Stage 2|ex,34,Pokémon,2025/05/30,"tcgplayer,cardmarket",https://prices.pokemontcg.io/tcgplayer/sv10-233,https://images.pokemontcg.io/sv10/233_hires.png,2026/08/08,2025/11/18,107.95,104.9800033569336,119.41000366210938,970.9199829101562,,,,,,200.9282,83.052,200.4783,0.0,159.18299865722656,159.9328,197.0755,0.0,0.0,0.0,1.1535,2026-08-09
sv10-234,Team Rocket's Crobat ex,holofoil,Destined Rivals,234,Special Illustration Rare,cochi8i,Stage 2|ex,169,Pokémon,2025/05/30,"tcgplayer,cardmarket",https://prices.pokemontcg.io/tcgplayer/sv10-234,https://images.pokemontcg.io/sv10/234_hires.png,2026/08/08,2025/11/18,68.54,64.98999786376953,74.9800033569336,643.0999755859375,,,,,,110.1939,83.0405,109.0519,0.0,84.20549774169922,116.5958,110.8513,0.0,0.0,0.0,1.1535,2026-08-09
sv10-235,Arven's Mabosstiff ex,holofoil,Destined Rivals,235,Special Illustration Rare,Yuriko Akase,Stage 1|ex,943,Pokémon,2025/05/30,"tcgplayer,cardmarket",https://prices.pokemontcg.io/tcgplayer/sv10-235,https://images.pokemontcg.io/sv10/235_hires.png,2026/08/08,2025/11/18,32.57,28.75,33.45000076293945,298.989990234375,,,,,,48.297,27.5686,54.5144,0.0,47.00510025024414,43.1524,47.6857,0.0,0.0,0.0,1.1535,2026-08-09
sv10-236,Ethan's Adventure,holofoil,Destined Rivals,236,Special Illustration Rare,Kariya,Supporter,,Trainer,2025/05/30,"tcgplayer,cardmarket",https://prices.pokemontcg.io/tcgplayer/sv10-236,https://images.pokemontcg.io/sv10/236_hires.png,2026/08/08,2025/11/18,39.5,36.9900016784668,43.290000915527344,399.5,,,,,,61.966,40.2571,61.8853,0.0,69.20999908447266,60.1089,64.3422,0.0,0.0,0.0,1.1535,2026-08-09
sv10-237,Team Rocket's Ariana,holofoil,Destined Rivals,237,Special Illustration Rare,Yoshioka,Supporter,,Trainer,2025/05/30,"tcgplayer,cardmarket",https://prices.pokemontcg.io/tcgplayer/sv10-237,https://images.pokemontcg.io/sv10/237_hires.png,2026/08/08,2025/11/18,22.05,20.0,24.530000686645508,292.5,,,,,,42.668,28.8375,41.4337,0.0,34.489601135253906,45.1249,43.7869,0.0,0.0,0.0,1.1535,2026-08-09
sv10-238,Team Rocket's Giovanni,holofoil,Destined Rivals,238,Special Illustration Rare,Krgc,Supporter,,Trainer,2025/05/30,"tcgplayer,cardmarket",https://prices.pokemontcg.io/tcgplayer/sv10-238,https://images.pokemontcg.io/sv10/238_hires.png,2026/08/08,2025/11/18,29.41,24.989999771118164,31.799999237060547,334.8999938964844,,,,,,52.7611,40.3725,55.518,0.0,46.13999938964844,52.242,52.5189,0.0,0.0,0.0,1.1535,2026-08-09
sv10-239,Ethan's Ho-Oh ex,holofoil,Destined Rivals,239,Hyper Rare,aky CG Works,Basic|ex,250,Pokémon,2025/05/30,"tcgplayer,cardmarket",https://prices.pokemontcg.io/tcgplayer/sv10-239,https://images.pokemontcg.io/sv10/239_hires.png,2026/08/08,2025/11/18,28.22,24.0,29.989999771118164,9999.0,,,,,,43.4177,28.3646,38.9191,0.0,36.012298583984375,37.5349,41.7106,0.0,0.0,0.0,1.1535,2026-08-09
sv10-240,Team Rocket's Mewtwo ex,holofoil,Destined Rivals,240,Hyper Rare,aky CG Works,Basic|ex,150,Pokémon,2025/05/30,"tcgplayer,cardmarket",https://prices.pokemontcg.io/tcgplayer/sv10-240,https://images.pokemontcg.io/sv10/240_hires.png,2026/08/08,2025/11/18,61.85,57.95000076293945,68.08999633789062,595.7000122070312,,,,,,85.9819,46.14,81.2525,0.0,94.01020050048828,74.6199,83.698,0.0,0.0,0.0,1.1535,2026-08-09
sv10-241,Cynthia's Garchomp ex,holofoil,Destined Rivals,241,Hyper Rare,5ban Graphics,Stage 2|ex,445,Pokémon,2025/05/30,"tcgplayer,cardmarket",https://prices.pokemontcg.io/tcgplayer/sv10-241,https://images.pokemontcg.io/sv10/241_hires.png,2026/08/08,2025/11/18,34.13,29.860000610351562,36.9900016784668,308.3399963378906,,,,,,41.0992,29.991,39.865,0.0,38.734500885009766,37.6848,40.2341,0.0,0.0,0.0,1.1535,2026-08-09
sv10-242,Team Rocket's Crobat ex,holofoil,Destined Rivals,242,Hyper Rare,5ban Graphics,Stage 2|ex,169,Pokémon,2025/05/30,"tcgplayer,cardmarket",https://prices.pokemontcg.io/tcgplayer/sv10-242,https://images.pokemontcg.io/sv10/242_hires.png,2026/08/08,2025/11/18,16.5,13.699999809265137,18.0,9999.0,,,,,,32.9901,23.6468,33.0593,0.0,43.83300018310547,32.7709,32.448,0.0,0.0,0.0,1.1535,2026-08-09
sv10-243,Jamming Tower,holofoil,Destined Rivals,243,Hyper Rare,AYUMI ODASHIMA,Stadium,,Trainer,2025/05/30,"tcgplayer,cardmarket",https://prices.pokemontcg.io/tcgplayer/sv10-243,https://images.pokemontcg.io/sv10/243_hires.png,2026/08/08,2025/11/18,8.19,6.0,9.460000038146973,123.5999984741211,,,,,,26.9458,11.535,24.8002,0.0,22.297199249267578,23.2776,25.7461,0.0,0.0,0.0,1.1535,2026-08-09
sv10-244,Levincia,holofoil,Destined Rivals,244,Hyper Rare,MARINA Chikazawa,Stadium,,Trainer,2025/05/30,"tcgplayer,cardmarket",https://prices.pokemontcg.io/tcgplayer/sv10-244,https://images.pokemontcg.io/sv10/244_hires.png,2026/08/08,2025/11/18,8.16,5.920000076293945,9.029999732971191,114.0,,,,,,25.5154,17.3025,23.9005,0.0,22.689300537109375,22.7701,24.4657,0.0,0.0,0.0,1.1535,2026-08-09
svp-166,Teal Mask Ogerpon ex,holofoil,Scarlet & Violet Promos,166,Promo,5ban Graphics,Basic|Tera|ex,1017,Pokémon,2022/11/01,"tcgplayer,cardmarket",https://prices.pokemontcg.io/tcgplayer/svp-166,https://images.pokemontcg.io/svp/166_hires.png,2026/08/08,2025/11/18,3.78,2.5,4.489999771118164,62.0,,,,,,3.1952,1.6149,2.9645,0.0,2.733799934387207,2.976,3.126,0.0,0.0,0.0,1.1535,2026-08-09
svp-167,Flareon,holofoil,Scarlet & Violet Promos,167,Promo,SIE NANAHARA,Stage 1,136,Pokémon,2022/11/01,"tcgplayer,cardmarket",https://prices.pokemontcg.io/tcgplayer/svp-167,https://images.pokemontcg.io/svp/167_hires.png,2026/08/08,2025/11/18,0.84,0.30000001192092896,1.0,999.0,,,,,,0.5767,0.0923,0.819,0.0,0.5651999711990356,0.8997,0.6921,0.0,0.0,0.0,1.1535,2026-08-09
svp-168,Vaporeon,holofoil,Scarlet & Violet Promos,168,Promo,Taira Akitsu,Stage 1,134,Pokémon,2022/11/01,"tcgplayer,cardmarket",https://prices.pokemontcg.io/tcgplayer/svp-168,https://images.pokemontcg.io/svp/168_hires.png,2026/08/08,2025/11/18,0.9,0.25,1.0,999.0,,,,,,0.5421,0.1038,0.5306,0.0,0.6344000101089478,0.5537,0.646,0.0,0.0,0.0,1.1535,2026-08-09
svp-169,Jolteon,holofoil,Scarlet & Violet Promos,169,Promo,Nisota Niso,Stage 1,135,Pokémon,2022/11/01,"tcgplayer,cardmarket",https://prices.pokemontcg.io/tcgplayer/svp-169,https://images.pokemontcg.io/svp/169_hires.png,2025/10/29,2025/11/18,0.84,0.28999999165534973,0.9900000095367432,999.0,,,,,,0.5075,0.1154,0.5883,0.0,0.6114000082015991,0.5537,0.5883,0.0,0.0,0.0,1.1535,2026-08-09
svp-170,Leafeon,holofoil,Scarlet & Violet Promos,170,Promo,Iori Suzuki,Stage 1,470,Pokémon,2022/11/01,"tcgplayer,cardmarket",https://prices.pokemontcg.io/tcgplayer/svp-170,https://images.pokemontcg.io/svp/170_hires.png,2026/08/08,2025/11/18,1.39,0.8899999856948853,1.6299999952316284,25.0,,,,,,0.7728,0.1154,0.7844,0.0,0.6805999875068665,0.7728,0.7959,0.0,0.0,0.0,1.1535,2026-08-09
svp-171,Glaceon,holofoil,Scarlet & Violet Promos,171,Promo,Keisin,Stage 1,471,Pokémon,2022/11/01,"tcgplayer,cardmarket",https://prices.pokemontcg.io/tcgplayer/svp-171,https://images.pokemontcg.io/svp/171_hires.png,2026/08/08,2025/11/18,1.18,0.5,1.2699999809265137,19.979999542236328,,,,,,0.8767,0.1154,0.7613,0.0,0.426800012588501,0.5652,0.6921,0.0,0.0,0.0,1.1535,2026-08-09
svp-172,Sylveon,holofoil,Scarlet & Violet Promos,172,Promo,Susumu Maeya,Stage 1,700,Pokémon,2022/11/01,"tcgplayer,cardmarket",https://prices.pokemontcg.io/tcgplayer/svp-172,https://images.pokemontcg.io/svp/172_hires.png,2026/08/08,2025/11/18,3.55,2.190000057220459,3.9100000858306885,50.0,,,,,,1.0381,0.2192,0.992,0.0,0.6690000295639038,1.0381,1.0035,0.0,0.0,0.0,1.1535,2026-08-09
svp-173,Eevee,holofoil,Scarlet & Violet Promos,173,Promo,Makura Tami,Basic,133,Pokémon,2022/11/01,"tcgplayer,cardmarket",https://prices.pokemontcg.io/tcgplayer/svp-173,https://images.pokemontcg.io/svp/173_hires.png,2026/08/08,2025/11/18,14.12,10.989999771118164,16.079999923706055,1000.0,,,,,,159.01,132.6525,180.4074,0.0,138.4199981689453,160.0481,150.3126,0.0,0.0,0.0,1.1535,2026-08-09
svp-174,Eevee ex,holofoil,Scarlet & Violet Promos,174,Promo,Natsuko Shoji été,Basic|Tera|ex,133,Pokémon,2022/11/01,"tcgplayer,cardmarket",https://prices.pokemontcg.io/tcgplayer/svp-174,https://images.pokemontcg.io/svp/174_hires.png,2026/08/08,2025/11/18,24.62,20.0,30.0,222.83999633789062,,,,,,25.0079,11.535,24.3504,0.0,21.858800888061523,24.1081,24.4081,0.0,0.0,0.0,1.1535,2026-08-09
svp-177,Bloodmoon Ursaluna ex,holofoil,Scarlet & Violet Promos,177,Promo,aky CG Works,Basic|ex,901,Pokémon,2022/11/01,"tcgplayer,cardmarket",https://prices.pokemontcg.io/tcgplayer/svp-177,https://images.pokemontcg.io/svp/177_hires.png,2026/08/08,2025/11/18,1.07,0.28999999165534973,1.2699999809265137,96.94999694824219,,,,,,0.7382,0.1154,0.7728,0.0,0.57669997215271,0.9574,0.8536,0.0,0.0,0.0,1.1535,2026-08-09
svp-178,Kyogre ex,holofoil,Scarlet & Violet Promos,178,Promo,takuyoa,Basic|ex,382,Pokémon,2022/11/01,"tcgplayer,cardmarket",https://prices.pokemontcg.io/tcgplayer/svp-178,https://images.pokemontcg.io/svp/178_hires.png,2026/08/08,2025/11/18,1.1,0.6399999856948853,1.3600000143051147,96.94999694824219,,,,,,1.0497,0.5191,1.1189,0.0,0.853600025177002,1.1881,1.0151,0.0,0.0,0.0,1.1535,2026-08-09
svp-179,Xerneas ex,holofoil,Scarlet & Violet Promos,179,Promo,PLANETA Igarashi,Basic|ex,716,Pokémon,2022/11/01,"tcgplayer,cardmarket",https://prices.pokemontcg.io/tcgplayer/svp-179,https://images.pokemontcg.io/svp/179_hires.png,2026/08/08,2025/11/18,0.6,0.4000000059604645,0.7599999904632568,19.979999542236328,,,,,,0.8536,0.2884,0.7152,0.0,0.34599998593330383,0.8305,0.819,0.0,0.0,0.0,1.1535,2026-08-09
svp-180,Dialga ex,holofoil,Scarlet & Violet Promos,180,Promo,PLANETA Tsuji,Basic|ex,483,Pokémon,2022/11/01,"tcgplayer,cardmarket",https://prices.pokemontcg.io/tcgplayer/svp-180,https://images.pokemontcg.io/svp/180_hires.png,2026/08/08,2025/11/18,0.65,0.3199999928474426,0.8299999833106995,19.979999542236328,,,,,,1.0035,0.4614,0.9689,0.0,0.40369999408721924,1.0266,0.992,0.0,0.0,0.0,1.1535,2026-08-09
svp-181,N's Darmanitan,holofoil,Scarlet & Violet Promos,181,Promo,Takeshi Nakamura,Stage 1,555,Pokémon,2022/11/01,"tcgplayer,cardmarket",https://prices.pokemontcg.io/tcgplayer/svp-181,https://images.pokemontcg.io/svp/181_hires.png,2026/08/08,2025/11/18,7.43,5.989999771118164,9.369999885559082,139.89999389648438,,,,,,37.3849,9.228,32.5402,0.0,13.842000007629395,37.4657,27.9608,0.0,0.0,0.0,1.1535,2026-08-09
svp-182,Iono's Kilowattrel,holofoil,Scarlet & Violet Promos,182,Promo,DOM,Stage 1,941,Pokémon,2022/11/01,"tcgplayer,cardmarket",https://prices.pokemontcg.io/tcgplayer/svp-182,https://images.pokemontcg.io/svp/182_hires.png,2026/08/08,2025/11/18,4.75,3.5999999046325684,5.5,50.0,,,,,,18.283,4.614,20.8207,0.0,22.93160057067871,20.1978,17.9254,0.0,0.0,0.0,1.1535,2026-08-09
svp-183,Lillie's Ribombee,holofoil,Scarlet & Violet Promos,183,Promo,tono,Stage 1,743,Pokémon,2022/11/01,"tcgplayer,cardmarket",https://prices.pokemontcg.io/tcgplayer/svp-183,https://images.pokemontcg.io/svp/183_hires.png,2026/08/08,2025/11/18,4.99,4.150000095367432,5.909999847412109,999.0,,,,,,17.291,6.3442,17.0603,0.0,11.53499984741211,18.9751,17.9254,0.0,0.0,0.0,1.1535,2026-08-09
svp-184,Hop's Snorlax,holofoil,Scarlet & Violet Promos,184,Promo,OKACHEKE,Basic,143,Pokémon,2022/11/01,"tcgplayer,cardmarket",https://prices.pokemontcg.io/tcgplayer/svp-184,https://images.pokemontcg.io/svp/184_hires.png,2026/08/08,2025/11/18,15.56,12.380000114440918,18.190000534057617,137.9600067138672,,,,,,32.8171,11.535,32.2403,0.0,31.340599060058594,30.6831,31.5252,0.0,0.0,0.0,1.1535,2026-08-09
svp-185,Yanma,holofoil,Scarlet & Violet Promos,185,Promo,Dsuke,Basic,193,Pokémon,2022/11/01,"tcgplayer,cardmarket",https://prices.pokemontcg.io/tcgplayer/svp-185,https://images.pokemontcg.io/svp/185_hires.png,2026/08/08,2025/11/18,0.33,0.10000000149011612,0.38999998569488525,19.979999542236328,,,,,,2.0763,0.5767,1.5342,0.0,1.4419000148773193,1.9725,2.2955,0.0,0.0,0.0,1.1535,2026-08-09
svp-186,Scraggy,holofoil,Scarlet & Violet Promos,186,Promo,OKUBO,Basic,559,Pokémon,2022/11/01,"tcgplayer,cardmarket",https://prices.pokemontcg.io/tcgplayer/svp-186,https://images.pokemontcg.io/svp/186_hires.png,2026/08/08,2025/11/18,0.35,0.15000000596046448,0.49000000953674316,19.979999542236328,,,,,,2.4685,1.1535,2.0763,0.0,1.7878999710083008,2.2147,2.4916,0.0,0.0,0.0,1.1535,2026-08-09
svp-187,Yanmega,holofoil,Scarlet & Violet Promos,187,Promo,Dsuke,Stage 1,469,Pokémon,2022/11/01,"tcgplayer,cardmarket",https://prices.pokemontcg.io/tcgplayer/svp-187,https://images.pokemontcg.io/svp/187_hires.png,2026/08/08,2025/11/18,0.3,0.10000000149011612,0.3700000047683716,25.0,,,,,,0.2884,0.0231,0.1961,0.0,0.05770000070333481,0.2768,0.3114,0.0,0.0,0.0,1.1535,2026-08-09
svp-188,Scrafty,holofoil,Scarlet & Violet Promos,188,Promo,OKUBO,Stage 1,560,Pokémon,2022/11/01,"tcgplayer,cardmarket",https://prices.pokemontcg.io/tcgplayer/svp-188,https://images.pokemontcg.io/svp/188_hires.png,2026/08/08,2025/11/18,0.35,0.1899999976158142,0.4099999964237213,19.979999542236328,,,,,,0.2653,0.0231,0.3807,0.0,0.04610000178217888,0.346,0.2999,0.0,0.0,0.0,1.1535,2026-08-09
svp-189,N's Zorua,holofoil,Scarlet & Violet Promos,189,Promo,Megumi Mizutani,Basic,570,Pokémon,2022/11/01,"tcgplayer,cardmarket",https://prices.pokemontcg.io/tcgplayer/svp-189,https://images.pokemontcg.io/svp/189_hires.png,2026/08/08,2025/11/18,9.16,7.769999980926514,10.9399995803833,145.35000610351562,,,,,,6.1712,4.614,6.4135,0.0,6.148200035095215,6.4135,6.1597,0.0,0.0,0.0,1.1535,2026-08-09
svp-193,Hop's Zacian ex,,Scarlet & Violet Promos,193,Promo,PLANETA Mochizuki,Basic|ex,888,Pokémon,2022/11/01,cardmarket,https://prices.pokemontcg.io/cardmarket/svp-193,https://images.pokemontcg.io/svp/193_hires.png,,2025/11/18,,,,,,,,,,0.8882,0.0577,0.7498,0.0,1.1419999599456787,1.0035,0.6921,0.0,0.0,0.0,1.1535,2026-08-09
svp-194,Iono's Bellibolt ex,holofoil,Scarlet & Violet Promos,194,Promo,PLANETA Mochizuki,Stage 1|ex,939,Pokémon,2022/11/01,"tcgplayer,cardmarket",https://prices.pokemontcg.io/tcgplayer/svp-194,https://images.pokemontcg.io/svp/194_hires.png,2026/08/08,2025/11/18,2.41,1.5,2.7200000286102295,9999.0,,,,,,2.1801,1.4419,2.0878,0.0,2.0416998863220215,2.0763,2.3993,0.0,0.0,0.0,1.1535,2026-08-09
svp-195,Lillie's Clefairy ex,holofoil,Scarlet & Violet Promos,195,Promo,PLANETA Tsuji,Basic|ex,35,Pokémon,2022/11/01,"tcgplayer,cardmarket",https://prices.pokemontcg.io/tcgplayer/svp-195,https://images.pokemontcg.io/svp/195_hires.png,2026/08/08,2025/11/18,14.76,12.979999542236328,16.25,9999.0,,,,,,13.0115,9.7932,12.5962,0.0,13.784299850463867,12.8615,12.9423,0.0,0.0,0.0,1.1535,2026-08-09
svp-196,Charizard ex,,Scarlet & Violet Promos,196,Promo,5ban Graphics,Stage 2|Tera|ex,6,Pokémon,2022/11/01,cardmarket,https://prices.pokemontcg.io/cardmarket/svp-196,https://images.pokemontcg.io/svp/196_hires.png,,2025/11/18,,,,,,,,,,3.472,1.3842,3.1721,0.0,3.2183001041412354,3.3913,3.4028,0.0,0.0,0.0,1.1535,2026-08-09
svp-197,Koraidon ex,holofoil,Scarlet & Violet Promos,197,Promo,PLANETA Tsuji,Basic|ex,1007,Pokémon,2022/11/01,"tcgplayer,cardmarket",https://prices.pokemontcg.io/tcgplayer/svp-197,https://images.pokemontcg.io/svp/197_hires.png,2026/08/08,2025/11/18,0.46,0.1899999976158142,0.699999988079071,40.0,,,,,,0.7152,0.2307,0.669,0.0,0.46140000224113464,0.669,0.7152,0.0,0.0,0.0,1.1535,2026-08-09
svp-198,Zacian ex,holofoil,Scarlet & Violet Promos,198,Promo,PLANETA Mochizuki,Basic|ex,888,Pokémon,2022/11/01,"tcgplayer,cardmarket",https://prices.pokemontcg.io/tcgplayer/svp-198,https://images.pokemontcg.io/svp/198_hires.png,2026/08/08,2025/11/18,0.6,0.4000000059604645,0.699999988079071,19.979999542236328,,,,,,0.7613,0.1154,0.8882,0.0,0.426800012588501,0.7613,0.7613,0.0,0.0,0.0,1.1535,2026-08-09
svp-199,Zarude,,Scarlet & Violet Promos,199,Promo,Uninori,Basic,893,Pokémon,2022/11/01,cardmarket,https://prices.pokemontcg.io/cardmarket/svp-199,https://images.pokemontcg.io/svp/199_hires.png,,2025/11/18,,,,,,,,,,1.0958,0.4614,0.8767,0.0,0.6690000295639038,0.8651,1.0151,0.0,0.0,0.0,1.1535,2026-08-09
svp-200,Eevee,,Scarlet & Violet Promos,200,Promo,Kariya,Basic,133,Pokémon,2022/11/01,cardmarket,https://prices.pokemontcg.io/cardmarket/svp-200,https://images.pokemontcg.io/svp/200_hires.png,,2025/11/18,,,,,,,,,,6.9325,4.0373,5.8021,0.0,5.040800094604492,5.3638,6.4711,0.0,0.0,0.0,1.1535,2026-08-09
svp-201,Zebstrika,,Scarlet & Violet Promos,201,Promo,Krgc,Stage 1,523,Pokémon,2022/11/01,cardmarket,https://prices.pokemontcg.io/cardmarket/svp-201,https://images.pokemontcg.io/svp/201_hires.png,,2025/11/18,,,,,,,,,,0.2768,0.0231,0.2307,0.0,0.023099999874830246,0.2999,0.2999,0.0,0.0,0.0,1.1535,2026-08-09
svp-202,Kangaskhan,,Scarlet & Violet Promos,202,Promo,Uta,Basic,115,Pokémon,2022/11/01,cardmarket,https://prices.pokemontcg.io/cardmarket/svp-202,https://images.pokemontcg.io/svp/202_hires.png,,2025/11/18,,,,,,,,,,0.3345,0.0231,0.2653,0.0,0.219200000166893,0.2884,0.346,0.0,0.0,0.0,1.1535,2026-08-09
svp-203,Team Rocket's Wobbuffet,,Scarlet & Violet Promos,203,Promo,Saboteri,Basic,202,Pokémon,2022/11/01,cardmarket,https://prices.pokemontcg.io/cardmarket/svp-203,https://images.pokemontcg.io/svp/203_hires.png,,2025/11/18,,,,,,,,,,10.3354,3.449,8.4436,0.0,7.855299949645996,9.1703,9.1127,0.0,0.0,0.0,1.1535,2026-08-09
svp-206,Marnie's Morpeko,holofoil,Scarlet & Violet Promos,206,Promo,Susumu Maeya,Basic,877,Pokémon,2022/11/01,"tcgplayer,cardmarket",https://prices.pokemontcg.io/tcgplayer/svp-206,https://images.pokemontcg.io/svp/206_hires.png,2026/08/08,2025/11/18,53.06,49.939998626708984,57.5,409.0,,,,,,23.6121,12.6885,22.0319,0.0,17.302499771118164,22.5625,22.9777,0.0,0.0,0.0,1.1535,2026-08-09
svp-207,Steven's Beldum,holofoil,Scarlet & Violet Promos,207,Promo,hncl,Basic,374,Pokémon,2022/11/01,"tcgplayer,cardmarket",https://prices.pokemontcg.io/tcgplayer/svp-207,https://images.pokemontcg.io/svp/207_hires.png,2026/08/08,2025/11/18,32.12,30.780000686645508,35.33000183105469,419.3999938964844,,,,,,19.5634,11.535,18.6867,0.0,16.172100067138672,17.1525,18.5021,0.0,0.0,0.0,1.1535,2026-08-09
rsv10pt5-1,Sewaddle,normal,White Flare,1,Common,Oswaldo KATO,Basic,540,Pokémon,2025/07/18,"tcgplayer,cardmarket",https://prices.pokemontcg.io/tcgplayer/rsv10pt5-1,https://images.pokemontcg.io/rsv10pt5/1_hires.png,2026/08/08,2026/07/01,0.03,0.009999999776482582,0.15000000596046448,99.0,,0.19,,,,0.0346,0.0231,0.0231,0.1154,0.03460000082850456,0.0231,0.0346,0.0577,0.1384,0.1038,1.1535,2026-08-09
rsv10pt5-2,Swadloon,normal,White Flare,2,Common,Oswaldo KATO,Stage 1,541,Pokémon,2025/07/18,"tcgplayer,cardmarket",https://prices.pokemontcg.io/tcgplayer/rsv10pt5-2,https://images.pokemontcg.io/rsv10pt5/2_hires.png,2026/08/08,2026/07/01,0.1,0.009999999776482582,0.15000000596046448,99.0,,0.19,,,,0.0346,0.0231,0.0346,0.1038,0.03460000082850456,0.0346,0.0346,0.0807,0.0807,0.0923,1.1535,2026-08-09
rsv10pt5-3,Leavanny,normal,White Flare,3,Uncommon,Oswaldo KATO,Stage 2,542,Pokémon,2025/07/18,"tcgplayer,cardmarket",https://prices.pokemontcg.io/tcgplayer/rsv10pt5-3,https://images.pokemontcg.io/rsv10pt5/3_hires.png,2026/08/08,2026/07/01,0.15,0.009999999776482582,0.18000000715255737,99.0,,0.21,,,,0.0346,0.0231,0.0461,0.1846,0.04610000178217888,0.0346,0.0346,0.1154,0.1154,0.1846,1.1535,2026-08-09
rsv10pt5-4,Cottonee,normal,White Flare,4,Common,sui,Basic,546,Pokémon,2025/07/18,"tcgplayer,cardmarket",https://prices.pokemontcg.io/tcgplayer/rsv10pt5-4,https://images.pokemontcg.io/rsv10pt5/4_hires.png,2026/08/08,2026/07/01,0.1,0.009999999776482582,0.15000000596046448,99.0,,0.23,,,,0.0461,0.0231,0.0231,0.1038,0.023099999874830246,0.0346,0.0461,0.1269,0.1384,0.1038,1.1535,2026-08-09
rsv10pt5-5,Whimsicott ex,holofoil,White Flare,5,Double Rare,5ban Graphics,Stage 1|ex,547,Pokémon,2025/07/18,"tcgplayer,cardmarket",https://prices.pokemontcg.io/tcgplayer/rsv10pt5-5,https://images.pokemontcg.io/rsv10pt5/5_hires.png,2026/08/08,2026/07/01,0.55,0.20000000298023224,0.8399999737739563,767.1199951171875,,,,,,0.4729,0.0231,0.3576,0.0,0.12690000236034393,0.4037,0.4614,0.0,0.0,0.0,1.1535,2026-08-09
rsv10pt5-6,Deerling,normal,White Flare,6,Common,Narano,Basic,585,Pokémon,2025/07/18,"tcgplayer,cardmarket",https://prices.pokemontcg.io/tcgplayer/rsv10pt5-6,https://images.pokemontcg.io/rsv10pt5/6_hires.png,2026/08/08,2026/07/01,0.08,0.009999999776482582,0.15000000596046448,99.0,,0.2,,,,0.0346,0.0231,0.0346,0.1384,0.023099999874830246,0.0231,0.0346,0.0923,0.1154,0.1269,1.1535,2026-08-09
rsv10pt5-7,Sawsbuck,normal,White Flare,7,Uncommon,Narano,Stage 1,586,Pokémon,2025/07/18,"tcgplayer,cardmarket",https://prices.pokemontcg.io/tcgplayer/rsv10pt5-7,https://images.pokemontcg.io/rsv10pt5/7_hires.png,2026/08/08,2026/07/01,0.16,0.009999999776482582,0.17000000178813934,99.0,,0.3,,,,0.0346,0.0231,0.0461,0.1846,0.04610000178217888,0.0346,0.0346,0.0923,0.1269,0.173,1.1535,2026-08-09
rsv10pt5-8,Shelmet,normal,White Flare,8,Common,Saboteri,Basic,616,Pokémon,2025/07/18,"tcgplayer,cardmarket",https://prices.pokemontcg.io/tcgplayer/rsv10pt5-8,https://images.pokemontcg.io/rsv10pt5/8_hires.png,2026/08/08,2026/07/01,0.04,0.009999999776482582,0.15000000596046448,99.0,,0.13,,,,0.4037,0.0231,0.0231,0.1154,0.023099999874830246,0.0231,0.4268,0.0577,0.0807,0.1038,1.1535,2026-08-09
rsv10pt5-9,Accelgor,normal,White Flare,9,Uncommon,Saboteri,Stage 1,617,Pokémon,2025/07/18,"tcgplayer,cardmarket",https://prices.pokemontcg.io/tcgplayer/rsv10pt5-9,https://images.pokemontcg.io/rsv10pt5/9_hires.png,2026/08/08,2026/07/01,0.11,0.009999999776482582,0.15000000596046448,99.0,,0.2,,,,0.0577,0.0231,0.0231,0.1846,0.023099999874830246,0.0346,0.0577,0.2307,0.1269,0.173,1.1535,2026-08-09
rsv10pt5-10,Virizion,holofoil,White Flare,10,Rare,Felicia Chen,Basic,640,Pokémon,2025/07/18,"tcgplayer,cardmarket",https://prices.pokemontcg.io/tcgplayer/rsv10pt5-10,https://images.pokemontcg.io/rsv10pt5/10_hires.png,2026/08/08,2026/07/01,0.16,0.009999999776482582,0.1899999976158142,19.979999542236328,,0.22,,,,0.0692,0.0231,0.0577,0.173,0.09229999780654907,0.0461,0.0692,0.2307,0.1154,0.1615,1.1535,2026-08-09
rsv10pt5-11,Tepig,normal,White Flare,11,Common,Teeziro,Basic,498,Pokémon,2025/07/18,"tcgplayer,cardmarket",https://prices.pokemontcg.io/tcgplayer/rsv10pt5-11,https://images.pokemontcg.io/rsv10pt5/11_hires.png,2026/08/08,2026/07/01,0.16,0.009999999776482582,0.17000000178813934,99.0,0.14,0.24,,,,0.0461,0.0231,0.0461,0.1154,0.03460000082850456,0.0346,0.0461,0.0577,0.1038,0.1154,1.1535,2026-08-09
rsv10pt5-12,Pignite,normal,White Flare,12,Common,Teeziro,Stage 1,499,Pokémon,2025/07/18,"tcgplayer,cardmarket",https://prices.pokemontcg.io/tcgplayer/rsv10pt5-12,https://images.pokemontcg.io/rsv10pt5/12_hires.png,2026/08/08,2026/06/30,0.17,0.009999999776482582,0.17000000178813934,19.979999542236328,,0.26,,,,0.0807,0.0231,0.0231,0.1269,0.03460000082850456,0.0461,0.0807,0.0346,0.15,0.1269,1.1535,2026-08-09
rsv10pt5-13,Emboar,holofoil,White Flare,13,Rare,Teeziro,Stage 2,500,Pokémon,2025/07/18,"tcgplayer,cardmarket",https://prices.pokemontcg.io/tcgplayer/rsv10pt5-13,https://images.pokemontcg.io/rsv10pt5/13_hires.png,2026/08/08,2026/06/30,0.22,0.019999999552965164,0.23000000417232513,19.979999542236328,,0.29,,,,0.1154,0.0231,0.1038,0.1846,0.06920000165700912,0.15,0.1038,0.1384,0.2192,0.173,1.1535,2026-08-09
rsv10pt5-14,Pansear,normal,White Flare,14,Common,Julie Hang,Basic,513,Pokémon,2025/07/18,"tcgplayer,cardmarket",https://prices.pokemontcg.io/tcgplayer/rsv10pt5-14,https://images.pokemontcg.io/rsv10pt5/14_hires.png,2026/08/08,2026/06/20,0.08,0.009999999776482582,0.15000000596046448,99.0,,0.14,,,,0.0346,0.0231,0.0231,0.1038,0.03460000082850456,0.0231,0.0346,0.0461,0.0807,0.0923,1.1535,2026-08-09
rsv10pt5-15,Simisear,normal,White Flare,15,Uncommon,Julie Hang,Stage 1,514,Pokémon,2025/07/18,"tcgplayer,cardmarket",https://prices.pokemontcg.io/tcgplayer/rsv10pt5-15,https://images.pokemontcg.io/rsv10pt5/15_hires.png,2026/08/08,2026/06/20,0.09,0.009999999776482582,0.15000000596046448,99.0,,0.27,,,,0.0346,0.0231,0.0346,0.2192,0.03460000082850456,0.0346,0.0346,0.173,0.2999,0.2192,1.1535,2026-08-09
rsv10pt5-16,Litwick,normal,White Flare,16,Common,satoma,Basic,607,Pokémon,2025/07/18,"tcgplayer,cardmarket",https://prices.pokemontcg.io/tcgplayer/rsv10pt5-16,https://images.pokemontcg.io/rsv10pt5/16_hires.png,2026/08/08,2026/06/17,0.1,0.009999999776482582,0.15000000596046448,99.0,,0.24,,,,0.0231,0.0231,0.0346,0.1038,0.05770000070333481,0.0346,0.0231,0.0692,0.1154,0.1038,1.1535,2026-08-09
rsv10pt5-17,Lampent,normal,White Flare,17,Common,satoma,Stage 1,608,Pokémon,2025/07/18,"tcgplayer,cardmarket",https://prices.pokemontcg.io/tcgplayer/rsv10pt5-17,https://images.pokemontcg.io/rsv10pt5/17_hires.png,2026/08/08,2026/06/17,0.11,0.009999999776482582,0.15000000596046448,99.0,,0.2,,,,0.0461,0.0231,0.0461,0.1038,0.05770000070333481,0.0346,0.0461,0.0807,0.1269,0.1154,1.1535,2026-08-09
rsv10pt5-18,Chandelure,holofoil,White Flare,18,Rare,satoma,Stage 2,609,Pokémon,2025/07/18,"tcgplayer,cardmarket",https://prices.pokemontcg.io/tcgplayer/rsv10pt5-18,https://images.pokemontcg.io/rsv10pt5/18_hires.png,2026/08/08,2026/06/17,0.2,0.009999999776482582,0.20000000298023224,19.979999542236328,,0.25,,,,0.1038,0.0231,0.1038,0.173,0.05770000070333481,0.0577,0.1038,0.0923,0.15,0.173,1.1535,2026-08-09
rsv10pt5-19,Heatmor,normal,White Flare,19,Uncommon,Minahamu,Basic,631,Pokémon,2025/07/18,"tcgplayer,cardmarket",https://prices.pokemontcg.io/tcgplayer/rsv10pt5-19,https://images.pokemontcg.io/rsv10pt5/19_hires.png,2026/08/08,2026/06/17,0.16,0.009999999776482582,0.17000000178813934,99.0,,0.23,,,,0.0346,0.0231,0.0346,0.1961,0.03460000082850456,0.0346,0.0346,0.1154,0.1269,0.1961,1.1535,2026-08-09
rsv10pt5-20,Reshiram ex,holofoil,White Flare,20,Double Rare,5ban Graphics,Basic|ex,643,Pokémon,2025/07/18,"tcgplayer,cardmarket",https://prices.pokemontcg.io/tcgplayer/rsv10pt5-20,https://images.pokemontcg.io/rsv10pt5/20_hires.png,2026/08/08,2026/06/17,0.65,0.4000000059604645,0.8500000238418579,21.479999542236328,,,,,,0.6114,0.0461,0.5767,0.0,0.8305000066757202,0.5421,0.6114,0.0,0.0,0.0,1.1535,2026-08-09
rsv10pt5-21,Oshawott,normal,White Flare,21,Common,rika,Basic,501,Pokémon,2025/07/18,"tcgplayer,cardmarket",https://prices.pokemontcg.io/tcgplayer/rsv10pt5-21,https://images.pokemontcg.io/rsv10pt5/21_hires.png,2026/08/08,2026/06/17,0.13,0.009999999776482582,0.20000000298023224,1000.0,0.24,0.26,,,,0.0461,0.0231,0.0577,0.15,0.05770000070333481,0.0461,0.0461,0.173,0.15,0.15,1.1535,2026-08-09
rsv10pt5-22,Dewott,normal,White Flare,22,Common,rika,Stage 1,502,Pokémon,2025/07/18,"tcgplayer,cardmarket",https://prices.pokemontcg.io/tcgplayer/rsv10pt5-22,https://images.pokemontcg.io/rsv10pt5/22_hires.png,2026/08/08,2026/06/17,0.11,0.009999999776482582,0.1599999964237213,1000.0,,0.22,,,,0.0577,0.0231,0.0577,0.1038,0.023099999874830246,0.0346,0.0577,0.15,0.1269,0.1154,1.1535,2026-08-09
rsv10pt5-23,Samurott,holofoil,White Flare,23,Rare,rika,Stage 2,503,Pokémon,2025/07/18,"tcgplayer,cardmarket",https://prices.pokemontcg.io/tcgplayer/rsv10pt5-23,https://images.pokemontcg.io/rsv10pt5/23_hires.png,2026/08/08,2026/06/17,0.19,0.009999999776482582,0.2199999988079071,19.979999542236328,,0.22,,,,0.0807,0.0231,0.1038,0.2422,0.09229999780654907,0.1154,0.0807,0.346,0.2653,0.2653,1.1535,2026-08-09
rsv10pt5-24,Basculin,normal,White Flare,24,Common,KEIICHIRO ITO,Basic,550,Pokémon,2025/07/18,"tcgplayer,cardmarket",https://prices.pokemontcg.io/tcgplayer/rsv10pt5-24,https://images.pokemontcg.io/rsv10pt5/24_hires.png,2026/08/08,2026/06/17,0.06,0.009999999776482582,0.15000000596046448,99.0,,0.22,,,,0.0346,0.0231,0.0461,0.1038,0.03460000082850456,0.0346,0.0346,0.1038,0.1038,0.1038,1.1535,2026-08-09
rsv10pt5-28,Vanillish,normal,White Flare,28,Common,cochi8i,Stage 1,583,Pokémon,2025/07/18,"tcgplayer,cardmarket",https://prices.pokemontcg.io/tcgplayer/rsv10pt5-28,https://images.pokemontcg.io/rsv10pt5/28_hires.png,2026/08/08,2026/05/12,0.09,0.009999999776482582,0.15000000596046448,99.0,,0.25,,,,0.0346,0.0231,0.0346,0.0923,0.023099999874830246,0.0231,0.0346,0.0231,0.1384,0.1038,1.1535,2026-08-09
rsv10pt5-27,Vanillite,normal,White Flare,27,Common,cochi8i,Basic,582,Pokémon,2025/07/18,"tcgplayer,cardmarket",https://prices.pokemontcg.io/tcgplayer/rsv10pt5-27,https://images.pokemontcg.io/rsv10pt5/27_hires.png,2026/08/08,2026/05/12,0.03,0.009999999776482582,0.15000000596046448,99.0,,0.22,,,,0.0231,0.0231,0.0231,0.0923,0.023099999874830246,0.0231,0.0231,0.0231,0.0807,0.0923,1.1535,2026-08-09
rsv10pt5-31,Blitzle,normal,White Flare,31,Common,Mugi Hamada,Basic,522,Pokémon,2025/07/18,"tcgplayer,cardmarket",https://prices.pokemontcg.io/tcgplayer/rsv10pt5-31,https://images.pokemontcg.io/rsv10pt5/31_hires.png,2026/08/08,2026/05/12,0.14,0.009999999776482582,0.15000000596046448,99.0,,0.19,,,,0.0346,0.0231,0.0346,0.1154,0.04610000178217888,0.0346,0.0346,0.0923,0.0923,0.1038,1.1535,2026-08-09
rsv10pt5-26,Swanna,normal,White Flare,26,Uncommon,Mizue,Stage 1,581,Pokémon,2025/07/18,"tcgplayer,cardmarket",https://prices.pokemontcg.io/tcgplayer/rsv10pt5-26,https://images.pokemontcg.io/rsv10pt5/26_hires.png,2026/08/08,2026/05/12,0.04,0.009999999776482582,0.15000000596046448,99.0,,0.23,,,,0.0346,0.0231,0.0346,0.1384,0.023099999874830246,0.0346,0.0346,0.1154,0.1615,0.15,1.1535,2026-08-09
rsv10pt5-25,Ducklett,normal,White Flare,25,Common,Mizue,Basic,580,Pokémon,2025/07/18,"tcgplayer,cardmarket",https://prices.pokemontcg.io/tcgplayer/rsv10pt5-25,https://images.pokemontcg.io/rsv10pt5/25_hires.png,2026/08/08,2026/03/11,0.06,0.009999999776482582,0.15000000596046448,99.0,,0.19,,,,0.0346,0.0231,0.0461,0.0807,0.03460000082850456,0.0346,0.0346,0.1038,0.0923,0.1269,1.1535,2026-08-09
rsv10pt5-29,Vanilluxe,normal,White Flare,29,Uncommon,cochi8i,Stage 2,584,Pokémon,2025/07/18,"tcgplayer,cardmarket",https://prices.pokemontcg.io/tcgplayer/rsv10pt5-29,https://images.pokemontcg.io/rsv10pt5/29_hires.png,2026/08/08,2026/03/09,0.04,0.009999999776482582,0.15000000596046448,99.0,,0.23,,,,0.0346,0.0231,0.0346,0.173,0.03460000082850456,0.0461,0.0346,0.346,0.2307,0.173,1.1535,2026-08-09
rsv10pt5-32,Zebstrika,normal,White Flare,32,Uncommon,Mugi Hamada,Stage 1,523,Pokémon,2025/07/18,"tcgplayer,cardmarket",https://prices.pokemontcg.io/tcgplayer/rsv10pt5-32,https://images.pokemontcg.io/rsv10pt5/32_hires.png,2026/08/08,2026/03/09,0.17,0.009999999776482582,0.17000000178813934,19.979999542236328,,0.3,,,,0.0346,0.0231,0.0346,0.173,0.03460000082850456,0.0461,0.0346,0.3114,0.2307,0.173,1.1535,2026-08-09
rsv10pt5-30,Keldeo ex,holofoil,White Flare,30,Double Rare,PLANETA Yamashita,Basic|ex,647,Pokémon,2025/07/18,"tcgplayer,cardmarket",https://prices.pokemontcg.io/tcgplayer/rsv10pt5-30,https://images.pokemontcg.io/rsv10pt5/30_hires.png,2026/08/08,2026/03/08,0.53,0.019999999552965164,0.800000011920929,19.979999542236328,,,,,,0.3807,0.0231,0.4153,0.0,0.29989999532699585,0.4268,0.3922,0.0,0.0,0.0,1.1535,2026-08-09
rsv10pt5-33,Joltik,normal,White Flare,33,Common,Shimaris Yukichi,Basic,595,Pokémon,2025/07/18,"tcgplayer,cardmarket",https://prices.pokemontcg.io/tcgplayer/rsv10pt5-33,https://images.pokemontcg.io/rsv10pt5/33_hires.png,2026/08/08,2026/03/07,0.09,0.009999999776482582,0.15000000596046448,99.0,,0.22,,,,0.0346,0.0231,0.0923,0.0923,0.03460000082850456,0.0692,0.0461,0.2768,0.0692,0.0807,1.1535,2026-08-09
rsv10pt5-34,Galvantula,normal,White Flare,34,Uncommon,Shimaris Yukichi,Stage 1,596,Pokémon,2025/07/18,"tcgplayer,cardmarket",https://prices.pokemontcg.io/tcgplayer/rsv10pt5-34,https://images.pokemontcg.io/rsv10pt5/34_hires.png,2026/08/08,2026/03/07,0.04,0.009999999776482582,0.15000000596046448,99.0,,0.21,,,,0.0346,0.0231,0.0461,0.3922,0.023099999874830246,0.0461,0.0461,0.2538,0.15,0.3576,1.1535,2026-08-09
rsv10pt5-35,Stunfisk,normal,White Flare,35,Uncommon,Yuya Oka,Basic,618,Pokémon,2025/07/18,"tcgplayer,cardmarket",https://prices.pokemontcg.io/tcgplayer/rsv10pt5-35,https://images.pokemontcg.io/rsv10pt5/35_hires.png,2026/08/08,2026/03/07,0.12,0.009999999776482582,0.15000000596046448,99.0,,0.2,,,,0.0461,0.0231,0.0231,0.1269,0.023099999874830246,0.0231,0.0346,0.1961,0.2653,0.2076,1.1535,2026-08-09
rsv10pt5-36,Woobat,normal,White Flare,36,Common,Wintr Wandr,Basic,527,Pokémon,2025/07/18,"tcgplayer,cardmarket",https://prices.pokemontcg.io/tcgplayer/rsv10pt5-36,https://images.pokemontcg.io/rsv10pt5/36_hires.png,2026/08/08,2026/03/07,0.09,0.009999999776482582,0.15000000596046448,99.0,,0.16,,,,0.0346,0.0231,0.0231,0.1846,0.023099999874830246,0.0346,0.0346,0.1269,0.0923,0.15,1.1535,2026-08-09
rsv10pt5-37,Swoobat,normal,White Flare,37,Uncommon,Wintr Wandr,Stage 1,528,Pokémon,2025/07/18,"tcgplayer,cardmarket",https://prices.pokemontcg.io/tcgplayer/rsv10pt5-37,https://images.pokemontcg.io/rsv10pt5/37_hires.png,2026/08/08,2026/02/24,0.08,0.009999999776482582,0.15000000596046448,99.0,,0.26,,,,0.0346,0.0231,0.0461,0.5191,0.023099999874830246,0.0346,0.0346,0.1615,0.9459,0.4729,1.1535,2026-08-09
rsv10pt5-38,Sigilyph,normal,White Flare,38,Uncommon,Krgc,Basic,561,Pokémon,2025/07/18,"tcgplayer,cardmarket",https://prices.pokemontcg.io/tcgplayer/rsv10pt5-38,https://images.pokemontcg.io/rsv10pt5/38_hires.png,2026/08/08,2026/02/21,0.04,0.009999999776482582,0.15000000596046448,99.0,,0.25,,,,0.0346,0.0231,0.0231,0.173,0.023099999874830246,0.0231,0.0346,0.0346,0.1269,0.1846,1.1535,2026-08-09
rsv10pt5-39,Yamask,normal,White Flare,39,Common,Bun Toujo,Basic,562,Pokémon,2025/07/18,"tcgplayer,cardmarket",https://prices.pokemontcg.io/tcgplayer/rsv10pt5-39,https://images.pokemontcg.io/rsv10pt5/39_hires.png,2026/08/08,2026/02/21,0.05,0.009999999776482582,0.15000000596046448,19.979999542236328,,0.16,,,,0.0346,0.0231,0.0346,0.0807,0.023099999874830246,0.0231,0.0346,0.0231,0.0692,0.0807,1.1535,2026-08-09
rsv10pt5-40,Cofagrigus,holofoil,White Flare,40,Rare,Bun Toujo,Stage 1,563,Pokémon,2025/07/18,"tcgplayer,cardmarket",https://prices.pokemontcg.io/tcgplayer/rsv10pt5-40,https://images.pokemontcg.io/rsv10pt5/40_hires.png,2026/08/08,2026/02/21,0.17,0.009999999776482582,0.20000000298023224,19.979999542236328,,0.23,,,,0.0692,0.0231,0.0577,0.323,0.04610000178217888,0.0461,0.0577,0.1038,0.1846,0.2192,1.1535,2026-08-09
rsv10pt5-41,Gothita,normal,White Flare,41,Common,Mousho,Basic,574,Pokémon,2025/07/18,"tcgplayer,cardmarket",https://prices.pokemontcg.io/tcgplayer/rsv10pt5-41,https://images.pokemontcg.io/rsv10pt5/41_hires.png,2026/08/08,2026/02/21,0.07,0.009999999776482582,0.15000000596046448,99.0,,0.26,,,,0.0346,0.0231,0.0346,0.0807,0.023099999874830246,0.0346,0.0346,0.0577,0.0807,0.0807,1.1535,2026-08-09
rsv10pt5-42,Gothorita,normal,White Flare,42,Common,Mousho,Stage 1,575,Pokémon,2025/07/18,"tcgplayer,cardmarket",https://prices.pokemontcg.io/tcgplayer/rsv10pt5-42,https://images.pokemontcg.io/rsv10pt5/42_hires.png,2026/08/08,2026/02/21,0.11,0.009999999776482582,0.15000000596046448,99.0,,0.28,,,,0.0346,0.0231,0.0346,0.0923,0.023099999874830246,0.0346,0.0346,0.1269,0.0807,0.0923,1.1535,2026-08-09
rsv10pt5-43,Gothitelle,holofoil,White Flare,43,Rare,Mousho,Stage 2,576,Pokémon,2025/07/18,"tcgplayer,cardmarket",https://prices.pokemontcg.io/tcgplayer/rsv10pt5-43,https://images.pokemontcg.io/rsv10pt5/43_hires.png,2026/08/08,2026/02/21,0.16,0.029999999329447746,0.20000000298023224,19.979999542236328,,0.26,,,,0.0577,0.0231,0.0577,0.1961,0.05770000070333481,0.0692,0.0577,0.4383,0.2192,0.2076,1.1535,2026-08-09
rsv10pt5-44,Frillish,normal,White Flare,44,Common,MARINA Chikazawa,Basic,592,Pokémon,2025/07/18,"tcgplayer,cardmarket",https://prices.pokemontcg.io/tcgplayer/rsv10pt5-44,https://images.pokemontcg.io/rsv10pt5/44_hires.png,2026/08/08,2026/02/21,0.23,0.009999999776482582,0.23999999463558197,1000.0,,0.27,,,,0.1038,0.0231,0.1038,0.2192,0.09229999780654907,0.0807,0.1038,0.1846,0.1846,0.1846,1.1535,2026-08-09
rsv10pt5-45,Jellicent ex,holofoil,White Flare,45,Double Rare,PLANETA Igarashi,Stage 1|ex,593,Pokémon,2025/07/18,"tcgplayer,cardmarket",https://prices.pokemontcg.io/tcgplayer/rsv10pt5-45,https://images.pokemontcg.io/rsv10pt5/45_hires.png,2026/08/08,2026/02/21,0.58,0.23999999463558197,0.8100000023841858,19.979999542236328,,,,,,0.5652,0.0577,0.5306,0.0,0.4499000012874603,0.5191,0.5537,0.0,0.0,0.0,1.1535,2026-08-09
rsv10pt5-46,Roggenrola,normal,White Flare,46,Common,Anesaki Dynamic,Basic,524,Pokémon,2025/07/18,"tcgplayer,cardmarket",https://prices.pokemontcg.io/tcgplayer/rsv10pt5-46,https://images.pokemontcg.io/rsv10pt5/46_hires.png,2026/08/08,2026/02/19,0.11,0.009999999776482582,0.15000000596046448,99.0,,0.19,,,,0.0346,0.0231,0.0346,0.1154,0.023099999874830246,0.0346,0.0346,0.0807,0.0577,0.0923,1.1535,2026-08-09
rsv10pt5-47,Boldore,normal,White Flare,47,Common,Anesaki Dynamic,Stage 1,525,Pokémon,2025/07/18,"tcgplayer,cardmarket",https://prices.pokemontcg.io/tcgplayer/rsv10pt5-47,https://images.pokemontcg.io/rsv10pt5/47_hires.png,2026/08/08,2026/02/19,0.08,0.009999999776482582,0.15000000596046448,99.0,,0.22,,,,0.0346,0.0231,0.0346,0.0807,0.023099999874830246,0.0346,0.0346,0.0692,0.0692,0.0923,1.1535,2026-08-09
rsv10pt5-48,Gigalith,normal,White Flare,48,Uncommon,Anesaki Dynamic,Stage 2,526,Pokémon,2025/07/18,"tcgplayer,cardmarket",https://prices.pokemontcg.io/tcgplayer/rsv10pt5-48,https://images.pokemontcg.io/rsv10pt5/48_hires.png,2026/08/08,2026/02/19,0.11,0.009999999776482582,0.15000000596046448,99.0,,0.23,,,,0.0461,0.0231,0.0692,0.2653,0.023099999874830246,0.0692,0.0577,0.1154,0.1038,0.173,1.1535,2026-08-09
rsv10pt5-49,Sawk,normal,White Flare,49,Uncommon,Dsuke,Basic,539,Pokémon,2025/07/18,"tcgplayer,cardmarket",https://prices.pokemontcg.io/tcgplayer/rsv10pt5-49,https://images.pokemontcg.io/rsv10pt5/49_hires.png,2026/08/08,2026/02/19,0.04,0.009999999776482582,0.15000000596046448,99.0,,0.17,,,,0.0346,0.0231,0.0346,0.1038,0.03460000082850456,0.0346,0.0346,0.0577,0.0692,0.0923,1.1535,2026-08-09
rsv10pt5-50,Archen,normal,White Flare,50,Uncommon,Haru Akasaka,Stage 1,566,Pokémon,2025/07/18,"tcgplayer,cardmarket",https://prices.pokemontcg.io/tcgplayer/rsv10pt5-50,https://images.pokemontcg.io/rsv10pt5/50_hires.png,2026/08/08,2026/02/19,0.16,0.009999999776482582,0.17000000178813934,99.0,,0.28,,,,0.0346,0.0231,0.0461,0.1961,0.023099999874830246,0.0346,0.0346,0.2422,0.1961,0.1846,1.1535,2026-08-09
rsv10pt5-51,Archeops,holofoil,White Flare,51,Rare,Haru Akasaka,Stage 2,567,Pokémon,2025/07/18,"tcgplayer,cardmarket",https://prices.pokemontcg.io/tcgplayer/rsv10pt5-51,https://images.pokemontcg.io/rsv10pt5/51_hires.png,2026/08/08,2026/02/19,0.21,0.009999999776482582,0.2199999988079071,19.979999542236328,,0.28,,,,0.0692,0.0231,0.0346,0.2768,0.06920000165700912,0.0577,0.0692,0.1038,0.1269,0.2307,1.1535,2026-08-09
rsv10pt5-56,Liepard,normal,White Flare,56,Uncommon,Yuu Nishida,Stage 1,510,Pokémon,2025/07/18,"tcgplayer,cardmarket",https://prices.pokemontcg.io/tcgplayer/rsv10pt5-56,https://images.pokemontcg.io/rsv10pt5/56_hires.png,2026/08/08,2026/02/19,0.16,0.009999999776482582,0.17000000178813934,99.0,,0.2,,,,0.0461,0.0231,0.0461,0.2653,0.023099999874830246,0.0346,0.0461,0.1038,0.1961,0.173,1.1535,2026-08-09
rsv10pt5-72,Patrat,normal,White Flare,72,Common,Ounishi,Basic,504,Pokémon,2025/07/18,"tcgplayer,cardmarket",https://prices.pokemontcg.io/tcgplayer/rsv10pt5-72,https://images.pokemontcg.io/rsv10pt5/72_hires.png,2026/08/08,2026/02/19,0.08,0.009999999776482582,0.15000000596046448,99.0,,0.18,,,,0.0346,0.0231,0.0231,0.1269,0.023099999874830246,0.0346,0.0346,0.0692,0.0807,0.1038,1.1535,2026-08-09
rsv10pt5-57,Scraggy,normal,White Flare,57,Common,osare,Basic,559,Pokémon,2025/07/18,"tcgplayer,cardmarket",https://prices.pokemontcg.io/tcgplayer/rsv10pt5-57,https://images.pokemontcg.io/rsv10pt5/57_hires.png,2026/08/08,2026/02/04,0.15,0.009999999776482582,0.1599999964237213,99.0,,0.24,,,,0.0461,0.0231,0.0346,0.15,0.04610000178217888,0.0346,0.0461,0.1154,0.1384,0.1615,1.1535,2026-08-09
rsv10pt5-54,Terrakion,holofoil,White Flare,54,Rare,Tonji Matsuno,Basic,639,Pokémon,2025/07/18,"tcgplayer,cardmarket",https://prices.pokemontcg.io/tcgplayer/rsv10pt5-54,https://images.pokemontcg.io/rsv10pt5/54_hires.png,2026/08/08,2026/02/04,0.14,0.009999999776482582,0.20000000298023224,19.979999542236328,,0.23,,,,0.0807,0.0231,0.0692,0.1846,0.05770000070333481,0.0807,0.0692,0.0577,0.1961,0.1846,1.1535,2026-08-09
rsv10pt5-61,Zorua,normal,White Flare,61,Common,akagi,Basic,570,Pokémon,2025/07/18,"tcgplayer,cardmarket",https://prices.pokemontcg.io/tcgplayer/rsv10pt5-61,https://images.pokemontcg.io/rsv10pt5/61_hires.png,2026/08/08,2026/02/04,0.13,0.009999999776482582,0.17000000178813934,99.0,,0.18,,,,0.0577,0.0231,0.0346,0.173,0.03460000082850456,0.0461,0.0577,0.1154,0.0807,0.173,1.1535,2026-08-09
rsv10pt5-63,Vullaby,normal,White Flare,63,Common,Pani Kobayashi,Basic,629,Pokémon,2025/07/18,"tcgplayer,cardmarket",https://prices.pokemontcg.io/tcgplayer/rsv10pt5-63,https://images.pokemontcg.io/rsv10pt5/63_hires.png,2026/08/08,2026/02/04,0.05,0.009999999776482582,0.15000000596046448,99.0,,0.15,,,,0.0346,0.0231,0.0461,0.1154,0.03460000082850456,0.0461,0.0461,0.15,0.0923,0.1154,1.1535,2026-08-09
rsv10pt5-64,Mandibuzz,normal,White Flare,64,Uncommon,Pani Kobayashi,Stage 1,630,Pokémon,2025/07/18,"tcgplayer,cardmarket",https://prices.pokemontcg.io/tcgplayer/rsv10pt5-64,https://images.pokemontcg.io/rsv10pt5/64_hires.png,2026/08/08,2026/02/04,0.05,0.009999999776482582,0.15000000596046448,99.0,,0.22,,,,0.0346,0.0231,0.0346,0.2192,0.03460000082850456,0.0346,0.0346,0.2422,0.1846,0.2192,1.1535,2026-08-09
rsv10pt5-67,Hydreigon ex,holofoil,White Flare,67,Double Rare,5ban Graphics,Stage 2|ex,635,Pokémon,2025/07/18,"tcgplayer,cardmarket",https://prices.pokemontcg.io/tcgplayer/rsv10pt5-67,https://images.pokemontcg.io/rsv10pt5/67_hires.png,2026/08/08,2026/02/04,0.65,0.18000000715255737,0.8700000047683716,19.979999542236328,,,,,,0.4845,0.0231,0.4037,0.0,0.41530001163482666,0.4268,0.4729,0.0,0.0,0.0,1.1535,2026-08-09
rsv10pt5-73,Watchog,normal,White Flare,73,Uncommon,Ounishi,Stage 1,505,Pokémon,2025/07/18,"tcgplayer,cardmarket",https://prices.pokemontcg.io/tcgplayer/rsv10pt5-73,https://images.pokemontcg.io/rsv10pt5/73_hires.png,2026/08/08,2026/02/04,0.07,0.009999999776482582,0.15000000596046448,99.0,,0.24,,,,0.0346,0.0231,0.0346,0.2768,0.023099999874830246,0.0346,0.0346,0.173,0.2768,0.2768,1.1535,2026-08-09
rsv10pt5-59,Trubbish,normal,White Flare,59,Common,OKUBO,Basic,568,Pokémon,2025/07/18,"tcgplayer,cardmarket",https://prices.pokemontcg.io/tcgplayer/rsv10pt5-59,https://images.pokemontcg.io/rsv10pt5/59_hires.png,2026/08/08,2026/02/04,0.12,0.009999999776482582,0.1599999964237213,99.0,,0.23,,,,0.0346,0.0231,0.0346,0.1154,0.03460000082850456,0.0231,0.0346,0.1038,0.1384,0.1154,1.1535,2026-08-09
rsv10pt5-60,Garbodor,normal,White Flare,60,Uncommon,OKUBO,Stage 1,569,Pokémon,2025/07/18,"tcgplayer,cardmarket",https://prices.pokemontcg.io/tcgplayer/rsv10pt5-60,https://images.pokemontcg.io/rsv10pt5/60_hires.png,2026/08/08,2026/02/04,0.12,0.009999999776482582,0.15000000596046448,99.0,,0.26,,,,0.0346,0.0231,0.0231,0.2307,0.023099999874830246,0.0231,0.0346,0.1961,0.173,0.2307,1.1535,2026-08-09
rsv10pt5-71,Druddigon,normal,White Flare,71,Uncommon,Nurikabe,Basic,621,Pokémon,2025/07/18,"tcgplayer,cardmarket",https://prices.pokemontcg.io/tcgplayer/rsv10pt5-71,https://images.pokemontcg.io/rsv10pt5/71_hires.png,2026/08/08,2026/02/04,0.15,0.009999999776482582,0.15000000596046448,99.0,,0.25,,,,0.0346,0.0231,0.0461,0.2076,0.04610000178217888,0.0346,0.0346,0.2307,0.2192,0.2192,1.1535,2026-08-09
rsv10pt5-68,Ferroseed,normal,White Flare,68,Common,Hasuno,Basic,597,Pokémon,2025/07/18,"tcgplayer,cardmarket",https://prices.pokemontcg.io/tcgplayer/rsv10pt5-68,https://images.pokemontcg.io/rsv10pt5/68_hires.png,2026/08/08,2026/02/04,0.03,0.009999999776482582,0.15000000596046448,99.0,,0.16,,,,0.0461,0.0231,0.0577,0.1038,0.023099999874830246,0.0577,0.0346,0.0577,0.1154,0.1038,1.1535,2026-08-09
rsv10pt5-70,Durant,normal,White Flare,70,Uncommon,Yuka Morii,Basic,632,Pokémon,2025/07/18,"tcgplayer,cardmarket",https://prices.pokemontcg.io/tcgplayer/rsv10pt5-70,https://images.pokemontcg.io/rsv10pt5/70_hires.png,2026/08/08,2026/02/04,0.2,0.009999999776482582,0.20999999344348907,1000.0,,0.26,,,,0.0461,0.0231,0.0346,0.1615,0.023099999874830246,0.0346,0.0461,0.0577,0.1384,0.173,1.1535,2026-08-09
rsv10pt5-58,Scrafty,normal,White Flare,58,Uncommon,osare,Stage 1,560,Pokémon,2025/07/18,"tcgplayer,cardmarket",https://prices.pokemontcg.io/tcgplayer/rsv10pt5-58,https://images.pokemontcg.io/rsv10pt5/58_hires.png,2026/08/08,2026/01/19,0.12,0.009999999776482582,0.15000000596046448,99.0,,0.32,,,,0.0346,0.0231,0.0461,0.2538,0.03460000082850456,0.0346,0.0346,0.2768,0.1615,0.2422,1.1535,2026-08-09
rsv10pt5-52,Mienfoo,normal,White Flare,52,Common,Keisin,Basic,619,Pokémon,2025/07/18,"tcgplayer,cardmarket",https://prices.pokemontcg.io/tcgplayer/rsv10pt5-52,https://images.pokemontcg.io/rsv10pt5/52_hires.png,2026/08/08,2026/01/19,0.03,0.009999999776482582,0.15000000596046448,99.0,,0.14,,,,0.0231,0.0231,0.0346,0.15,0.023099999874830246,0.0346,0.0231,0.1961,0.1269,0.15,1.1535,2026-08-09
rsv10pt5-53,Mienshao,normal,White Flare,53,Uncommon,Keisin,Stage 1,620,Pokémon,2025/07/18,"tcgplayer,cardmarket",https://prices.pokemontcg.io/tcgplayer/rsv10pt5-53,https://images.pokemontcg.io/rsv10pt5/53_hires.png,2026/08/08,2026/01/19,0.05,0.009999999776482582,0.15000000596046448,99.0,,0.23,,,,0.0346,0.0231,0.0346,0.1961,0.03460000082850456,0.0346,0.0346,0.1384,0.15,0.1846,1.1535,2026-08-09
rsv10pt5-69,Ferrothorn,normal,White Flare,69,Uncommon,Hasuno,Stage 1,598,Pokémon,2025/07/18,"tcgplayer,cardmarket",https://prices.pokemontcg.io/tcgplayer/rsv10pt5-69,https://images.pokemontcg.io/rsv10pt5/69_hires.png,2026/08/08,2026/01/19,0.06,0.009999999776482582,0.15000000596046448,99.0,,0.26,,,,0.0346,0.0231,0.0231,0.1961,0.023099999874830246,0.0231,0.0346,0.1154,0.1961,0.1961,1.1535,2026-08-09
rsv10pt5-55,Purrloin,normal,White Flare,55,Common,Yuu Nishida,Basic,509,Pokémon,2025/07/18,"tcgplayer,cardmarket",https://prices.pokemontcg.io/tcgplayer/rsv10pt5-55,https://images.pokemontcg.io/rsv10pt5/55_hires.png,2026/08/08,2026/01/19,0.14,0.009999999776482582,0.1899999976158142,99.0,,0.18,,,,0.0577,0.0231,0.0461,0.1384,0.023099999874830246,0.0461,0.0577,0.0923,0.0692,0.1269,1.1535,2026-08-09
rsv10pt5-62,Zoroark,holofoil,White Flare,62,Rare,akagi,Stage 1,571,Pokémon,2025/07/18,"tcgplayer,cardmarket",https://prices.pokemontcg.io/tcgplayer/rsv10pt5-62,https://images.pokemontcg.io/rsv10pt5/62_hires.png,2026/08/08,2026/01/19,0.16,0.009999999776482582,0.20999999344348907,19.979999542236328,,0.24,,,,0.1038,0.0231,0.173,0.2307,0.57669997215271,0.1615,0.1154,0.2307,0.2192,0.2192,1.1535,2026-08-09
rsv10pt5-65,Deino,normal,White Flare,65,Common,kodama,Basic,633,Pokémon,2025/07/18,"tcgplayer,cardmarket",https://prices.pokemontcg.io/tcgplayer/rsv10pt5-65,https://images.pokemontcg.io/rsv10pt5/65_hires.png,2026/08/08,2026/01/19,0.16,0.009999999776482582,0.1599999964237213,99.0,,0.12,,,,0.0346,0.0231,0.0346,0.1269,0.023099999874830246,0.0231,0.0346,0.173,0.1038,0.1269,1.1535,2026-08-09
rsv10pt5-66,Zweilous,normal,White Flare,66,Common,kodama,Stage 1,634,Pokémon,2025/07/18,"tcgplayer,cardmarket",https://prices.pokemontcg.io/tcgplayer/rsv10pt5-66,https://images.pokemontcg.io/rsv10pt5/66_hires.png,2026/08/08,2026/01/19,0.19,0.009999999776482582,0.1899999976158142,99.0,,0.17,,,,0.0346,0.0231,0.0346,0.173,0.04610000178217888,0.0346,0.0346,0.1038,0.0923,0.173,1.1535,2026-08-09
rsv10pt5-75,Herdier,normal,White Flare,75,Common,sowsow,Stage 1,507,Pokémon,2025/07/18,"tcgplayer,cardmarket",https://prices.pokemontcg.io/tcgplayer/rsv10pt5-75,https://images.pokemontcg.io/rsv10pt5/75_hires.png,2026/08/08,2026/01/19,0.1,0.009999999776482582,0.15000000596046448,99.0,,0.23,,,,0.0346,0.0231,0.0346,0.173,0.023099999874830246,0.0346,0.0346,0.1038,0.2422,0.2076,1.1535,2026-08-09
rsv10pt5-74,Lillipup,normal,White Flare,74,Common,sowsow,Basic,506,Pokémon,2025/07/18,"tcgplayer,cardmarket",https://prices.pokemontcg.io/tcgplayer/rsv10pt5-74,https://images.pokemontcg.io/rsv10pt5/74_hires.png,2026/08/08,2026/01/19,0.16,0.009999999776482582,0.1599999964237213,99.0,,0.22,,,,0.0346,0.0231,0.0461,0.1384,0.03460000082850456,0.0461,0.0346,0.0807,0.1269,0.1384,1.1535,2026-08-09
rsv10pt5-77,Bouffalant ex,holofoil,White Flare,77,Double Rare,PLANETA Tsuji,Basic|ex,626,Pokémon,2025/07/18,"tcgplayer,cardmarket",https://prices.pokemontcg.io/tcgplayer/rsv10pt5-77,https://images.pokemontcg.io/rsv10pt5/77_hires.png,2026/08/08,2026/01/19,0.65,0.15000000596046448,0.8899999856948853,19.979999542236328,,,,,,0.4153,0.0231,0.4153,0.0,0.35760000348091125,0.4153,0.4153,0.0,0.0,0.0,1.1535,2026-08-09
rsv10pt5-78,Tornadus,holofoil,White Flare,78,Rare,Nisota Niso,Basic,641,Pokémon,2025/07/18,"tcgplayer,cardmarket",https://prices.pokemontcg.io/tcgplayer/rsv10pt5-78,https://images.pokemontcg.io/rsv10pt5/78_hires.png,2026/08/08,2026/01/19,0.14,0.009999999776482582,0.20000000298023224,19.979999542236328,,0.23,,,,0.0692,0.0231,0.0923,0.2192,0.08070000261068344,0.0692,0.0692,0.173,0.1384,0.2192,1.1535,2026-08-09
rsv10pt5-82,Energy Retrieval,normal,White Flare,82,Uncommon,Studio Bora Inc.,Item,,Trainer,2025/07/18,"tcgplayer,cardmarket",https://prices.pokemontcg.io/tcgplayer/rsv10pt5-82,https://images.pokemontcg.io/rsv10pt5/82_hires.png,2026/08/08,2026/01/19,0.21,0.009999999776482582,0.2199999988079071,99.0,,0.27,,,,0.0923,0.0231,0.0923,0.2653,0.04610000178217888,0.0807,0.0923,0.2653,0.173,0.2422,1.1535,2026-08-09
rsv10pt5-83,Harlequin,normal,White Flare,83,Uncommon,Teeziro,Supporter,,Trainer,2025/07/18,"tcgplayer,cardmarket",https://prices.pokemontcg.io/tcgplayer/rsv10pt5-83,https://images.pokemontcg.io/rsv10pt5/83_hires.png,2026/08/08,2026/01/19,0.15,0.019999999552965164,0.20000000298023224,99.0,,0.22,,,,0.0461,0.0231,0.0461,0.2307,0.04610000178217888,0.0461,0.0461,0.323,0.3807,0.2076,1.1535,2026-08-09
rsv10pt5-98,Emboar,holofoil,White Flare,98,Illustration Rare,NC Empire,Stage 2,500,Pokémon,2025/07/18,"tcgplayer,cardmarket",https://prices.pokemontcg.io/tcgplayer/rsv10pt5-98,https://images.pokemontcg.io/rsv10pt5/98_hires.png,2026/08/08,2026/01/19,46.35,36.34000015258789,49.9900016784668,319.20001220703125,,,,,,28.2607,21.3397,27.9493,0.0,27.660900115966797,28.3876,28.1108,0.0,0.0,0.0,1.1535,2026-08-09
rsv10pt5-100,Simisear,holofoil,White Flare,100,Illustration Rare,sowsow,Stage 1,514,Pokémon,2025/07/18,"tcgplayer,cardmarket",https://prices.pokemontcg.io/tcgplayer/rsv10pt5-100,https://images.pokemontcg.io/rsv10pt5/100_hires.png,2026/08/08,2026/01/19,16.99,14.0,18.989999771118164,87.9000015258789,,,,,,8.0168,4.0373,8.582,0.0,7.278600215911865,8.2475,7.8207,0.0,0.0,0.0,1.1535,2026-08-09
rsv10pt5-102,Lampent,holofoil,White Flare,102,Illustration Rare,Ligton,Stage 1,608,Pokémon,2025/07/18,"tcgplayer,cardmarket",https://prices.pokemontcg.io/tcgplayer/rsv10pt5-102,https://images.pokemontcg.io/rsv10pt5/102_hires.png,2026/08/08,2026/01/16,17.64,16.760000228881836,19.469999313354492,109.9000015258789,,,,,,8.0284,4.614,7.9361,0.0,7.69379997253418,7.7746,7.9592,0.0,0.0,0.0,1.1535,2026-08-09
rsv10pt5-107,Samurott,holofoil,White Flare,107,Illustration Rare,DOM,Stage 2,503,Pokémon,2025/07/18,"tcgplayer,cardmarket",https://prices.pokemontcg.io/tcgplayer/rsv10pt5-107,https://images.pokemontcg.io/rsv10pt5/107_hires.png,2026/08/08,2026/01/16,53.29,49.0,57.849998474121094,421.79998779296875,,,,,,34.2013,27.684,34.3166,0.0,31.432899475097656,32.5633,33.7745,0.0,0.0,0.0,1.1535,2026-08-09
rsv10pt5-109,Ducklett,holofoil,White Flare,109,Illustration Rare,GIDORA,Basic,580,Pokémon,2025/07/18,"tcgplayer,cardmarket",https://prices.pokemontcg.io/tcgplayer/rsv10pt5-109,https://images.pokemontcg.io/rsv10pt5/109_hires.png,2026/08/08,2026/01/16,34.37,32.0,37.22999954223633,309.3299865722656,,,,,,9.5164,4.614,9.2511,0.0,8.30519962310791,10.0354,9.7471,0.0,0.0,0.0,1.1535,2026-08-09
rsv10pt5-113,Vanilluxe,holofoil,White Flare,113,Illustration Rare,aoki,Stage 2,584,Pokémon,2025/07/18,"tcgplayer,cardmarket",https://prices.pokemontcg.io/tcgplayer/rsv10pt5-113,https://images.pokemontcg.io/rsv10pt5/113_hires.png,2026/08/08,2026/01/16,43.23,40.9900016784668,45.2599983215332,321.6000061035156,,,,,,18.5252,11.535,18.3291,0.0,17.302499771118164,17.2218,18.8021,0.0,0.0,0.0,1.1535,2026-08-09
rsv10pt5-114,Blitzle,holofoil,White Flare,114,Illustration Rare,Natsumi Miyanose,Basic,522,Pokémon,2025/07/18,"tcgplayer,cardmarket",https://prices.pokemontcg.io/tcgplayer/rsv10pt5-114,https://images.pokemontcg.io/rsv10pt5/114_hires.png,2026/08/08,2026/01/16,10.98,9.989999771118164,12.390000343322754,76.69999694824219,,,,,,6.9902,4.0373,7.0017,0.0,8.570500373840332,7.1056,6.9671,0.0,0.0,0.0,1.1535,2026-08-09
rsv10pt5-115,Zebstrika,holofoil,White Flare,115,Illustration Rare,REND,Stage 1,523,Pokémon,2025/07/18,"tcgplayer,cardmarket",https://prices.pokemontcg.io/tcgplayer/rsv10pt5-115,https://images.pokemontcg.io/rsv10pt5/115_hires.png,2026/08/08,2026/01/16,29.54,25.0,31.989999771118164,264.9599914550781,,,,,,16.7257,8.0745,18.1676,0.0,17.936899185180664,17.7062,16.8065,0.0,0.0,0.0,1.1535,2026-08-09
rsv10pt5-87,Sewaddle,holofoil,White Flare,87,Illustration Rare,nisimono,Basic,540,Pokémon,2025/07/18,"tcgplayer,cardmarket",https://prices.pokemontcg.io/tcgplayer/rsv10pt5-87,https://images.pokemontcg.io/rsv10pt5/87_hires.png,2026/08/08,2026/01/16,20.27,17.0,21.8799991607666,133.10000610351562,,,,,,8.1437,4.3833,8.5244,0.0,7.301700115203857,8.6282,8.4206,0.0,0.0,0.0,1.1535,2026-08-09
rsv10pt5-89,Leavanny,holofoil,White Flare,89,Illustration Rare,mashu,Stage 2,542,Pokémon,2025/07/18,"tcgplayer,cardmarket",https://prices.pokemontcg.io/tcgplayer/rsv10pt5-89,https://images.pokemontcg.io/rsv10pt5/89_hires.png,2026/08/08,2026/01/16,41.53,37.0,43.47999954223633,223.39999389648438,,,,,,16.5297,9.0896,15.7568,0.0,16.137500762939453,16.4258,15.7683,0.0,0.0,0.0,1.1535,2026-08-09
rsv10pt5-90,Cottonee,holofoil,White Flare,90,Illustration Rare,Keisin,Basic,546,Pokémon,2025/07/18,"tcgplayer,cardmarket",https://prices.pokemontcg.io/tcgplayer/rsv10pt5-90,https://images.pokemontcg.io/rsv10pt5/90_hires.png,2026/08/08,2026/01/16,9.77,7.619999885559082,10.699999809265137,75.0,,,,,,5.3638,2.8722,6.0213,0.0,7.071000099182129,6.0905,5.8482,0.0,0.0,0.0,1.1535,2026-08-09
rsv10pt5-91,Deerling,holofoil,White Flare,91,Illustration Rare,takashi shiraishi,Basic,585,Pokémon,2025/07/18,"tcgplayer,cardmarket",https://prices.pokemontcg.io/tcgplayer/rsv10pt5-91,https://images.pokemontcg.io/rsv10pt5/91_hires.png,2026/08/08,2026/01/16,23.84,21.950000762939453,26.219999313354492,146.3000030517578,,,,,,10.5315,4.9024,10.6468,0.0,11.004400253295898,10.716,11.1082,0.0,0.0,0.0,1.1535,2026-08-09
rsv10pt5-99,Pansear,holofoil,White Flare,99,Illustration Rare,GOTO minori,Basic,513,Pokémon,2025/07/18,"tcgplayer,cardmarket",https://prices.pokemontcg.io/tcgplayer/rsv10pt5-99,https://images.pokemontcg.io/rsv10pt5/99_hires.png,2026/08/08,2026/01/16,15.27,10.850000381469727,17.0,88.0,,,,,,7.4285,3.4605,7.913,0.0,6.921000003814697,8.0168,7.4862,0.0,0.0,0.0,1.1535,2026-08-09
rsv10pt5-105,Oshawott,holofoil,White Flare,105,Illustration Rare,OKACHEKE,Basic,501,Pokémon,2025/07/18,"tcgplayer,cardmarket",https://prices.pokemontcg.io/tcgplayer/rsv10pt5-105,https://images.pokemontcg.io/rsv10pt5/105_hires.png,2026/08/08,2026/01/16,94.02,87.19999694824219,100.01000213623047,489.94000244140625,,,,,,29.0221,20.763,28.0762,0.0,34.60499954223633,27.3264,29.668,0.0,0.0,0.0,1.1535,2026-08-09
rsv10pt5-128,Boldore,holofoil,White Flare,128,Illustration Rare,Krgc,Stage 1,525,Pokémon,2025/07/18,"tcgplayer,cardmarket",https://prices.pokemontcg.io/tcgplayer/rsv10pt5-128,https://images.pokemontcg.io/rsv10pt5/128_hires.png,2026/08/08,2026/01/16,6.06,4.789999961853027,7.260000228881836,58.5,,,,,,5.1677,3.795,5.6406,0.0,6.724899768829346,5.5253,5.3753,0.0,0.0,0.0,1.1535,2026-08-09
rsv10pt5-130,Sawk,holofoil,White Flare,130,Illustration Rare,nagimiso,Basic,539,Pokémon,2025/07/18,"tcgplayer,cardmarket",https://prices.pokemontcg.io/tcgplayer/rsv10pt5-130,https://images.pokemontcg.io/rsv10pt5/130_hires.png,2026/08/08,2026/01/16,14.3,13.3100004196167,16.1200008392334,79.9000015258789,,,,,,6.575,4.614,6.8749,0.0,8.224499702453613,7.2555,6.7826,0.0,0.0,0.0,1.1535,2026-08-09
rsv10pt5-80,Brave Bangle,normal,White Flare,80,Uncommon,Toyste Beach,Pokémon Tool,,Trainer,2025/07/18,"tcgplayer,cardmarket",https://prices.pokemontcg.io/tcgplayer/rsv10pt5-80,https://images.pokemontcg.io/rsv10pt5/80_hires.png,2026/08/08,2026/01/16,0.38,0.10000000149011612,0.44999998807907104,20.0,,0.5,,,,0.2076,0.0231,0.1961,0.4037,0.19609999656677246,0.2307,0.2076,0.1384,0.2768,0.4037,1.1535,2026-08-09
rsv10pt5-81,Cheren,normal,White Flare,81,Uncommon,Atsushi Furusawa,Supporter,,Trainer,2025/07/18,"tcgplayer,cardmarket",https://prices.pokemontcg.io/tcgplayer/rsv10pt5-81,https://images.pokemontcg.io/rsv10pt5/81_hires.png,2026/08/08,2026/01/16,0.1,0.009999999776482582,0.17000000178813934,1000.0,,0.24,,,,0.0461,0.0231,0.0923,0.173,0.05770000070333481,0.0692,0.0577,0.1615,0.323,0.2076,1.1535,2026-08-09
rsv10pt5-86,Ignition Energy,normal,White Flare,86,Uncommon,,Special,,Energy,2025/07/18,"tcgplayer,cardmarket",https://prices.pokemontcg.io/tcgplayer/rsv10pt5-86,https://images.pokemontcg.io/rsv10pt5/86_hires.png,2026/08/08,2026/01/16,0.27,0.12999999523162842,0.3499999940395355,19.979999542236328,,0.43,,,,0.1846,0.0231,0.1961,0.346,0.219200000166893,0.1846,0.1846,0.4153,0.3345,0.346,1.1535,2026-08-09
rsv10pt5-95,Virizion,holofoil,White Flare,95,Illustration Rare,kodama,Basic,640,Pokémon,2025/07/18,"tcgplayer,cardmarket",https://prices.pokemontcg.io/tcgplayer/rsv10pt5-95,https://images.pokemontcg.io/rsv10pt5/95_hires.png,2026/08/08,2026/01/16,30.89,29.260000228881836,33.29999923706055,278.010009765625,,,,,,22.0434,11.535,20.59,0.0,29.391199111938477,20.094,21.7204,0.0,0.0,0.0,1.1535,2026-08-09
rsv10pt5-110,Swanna,holofoil,White Flare,110,Illustration Rare,Gemi,Stage 1,581,Pokémon,2025/07/18,"tcgplayer,cardmarket",https://prices.pokemontcg.io/tcgplayer/rsv10pt5-110,https://images.pokemontcg.io/rsv10pt5/110_hires.png,2026/08/08,2026/01/16,15.21,13.199999809265137,16.540000915527344,97.69999694824219,,,,,,8.2014,4.0373,8.2245,0.0,9.031900405883789,9.078,8.6166,0.0,0.0,0.0,1.1535,2026-08-09
rsv10pt5-116,Joltik,holofoil,White Flare,116,Illustration Rare,HYOGONOSUKE,Basic,595,Pokémon,2025/07/18,"tcgplayer,cardmarket",https://prices.pokemontcg.io/tcgplayer/rsv10pt5-116,https://images.pokemontcg.io/rsv10pt5/116_hires.png,2026/08/08,2025/12/28,32.57,27.959999084472656,35.11000061035156,219.0,,,,,,10.9352,5.1792,10.4161,0.0,11.857999801635742,10.716,11.039,0.0,0.0,0.0,1.1535,2026-08-09
rsv10pt5-129,Gigalith,holofoil,White Flare,129,Illustration Rare,toi8,Stage 2,526,Pokémon,2025/07/18,"tcgplayer,cardmarket",https://prices.pokemontcg.io/tcgplayer/rsv10pt5-129,https://images.pokemontcg.io/rsv10pt5/129_hires.png,2026/08/08,2025/12/28,18.8,14.989999771118164,21.049999237060547,167.5,,,,,,16.8526,10.9582,17.96,0.0,13.830499649047852,19.1135,16.795,0.0,0.0,0.0,1.1535,2026-08-09
rsv10pt5-84,Hilda,normal,White Flare,84,Uncommon,yuu,Supporter,,Trainer,2025/07/18,"tcgplayer,cardmarket",https://prices.pokemontcg.io/tcgplayer/rsv10pt5-84,https://images.pokemontcg.io/rsv10pt5/84_hires.png,2026/08/08,2025/12/28,1.23,0.550000011920929,1.4199999570846558,19.979999542236328,,2.38,,,,1.3611,0.0231,1.2227,1.8456,1.1419999599456787,1.2112,1.3265,1.4188,1.3381,1.8341,1.1535,2026-08-09
rsv10pt5-85,Tool Scrapper,normal,White Flare,85,Uncommon,Studio Bora Inc.,Item,,Trainer,2025/07/18,"tcgplayer,cardmarket",https://prices.pokemontcg.io/tcgplayer/rsv10pt5-85,https://images.pokemontcg.io/rsv10pt5/85_hires.png,2026/08/08,2025/12/28,0.16,0.009999999776482582,0.20000000298023224,1000.0,,0.27,,,,0.1384,0.0231,0.15,0.3345,0.04610000178217888,0.1615,0.1384,0.1154,0.5191,0.3807,1.1535,2026-08-09
rsv10pt5-93,Shelmet,holofoil,White Flare,93,Illustration Rare,Mékayu,Basic,616,Pokémon,2025/07/18,"tcgplayer,cardmarket",https://prices.pokemontcg.io/tcgplayer/rsv10pt5-93,https://images.pokemontcg.io/rsv10pt5/93_hires.png,2026/08/08,2025/12/12,8.13,6.989999771118164,9.579999923706055,58.0,,,,,,4.6255,3.3451,4.4871,0.0,4.844699859619141,4.3718,4.614,0.0,0.0,0.0,1.1535,2026-08-09
rsv10pt5-104,Heatmor,holofoil,White Flare,104,Illustration Rare,Kariya,Basic,631,Pokémon,2025/07/18,"tcgplayer,cardmarket",https://prices.pokemontcg.io/tcgplayer/rsv10pt5-104,https://images.pokemontcg.io/rsv10pt5/104_hires.png,2026/08/08,2025/12/12,8.22,6.989999771118164,9.069999694824219,62.70000076293945,,,,,,5.5137,3.4605,5.8136,0.0,6.45959997177124,5.7675,5.5253,0.0,0.0,0.0,1.1535,2026-08-09
rsv10pt5-108,Basculin,holofoil,White Flare,108,Illustration Rare,Nakamura Ippan,Basic,550,Pokémon,2025/07/18,"tcgplayer,cardmarket",https://prices.pokemontcg.io/tcgplayer/rsv10pt5-108,https://images.pokemontcg.io/rsv10pt5/108_hires.png,2026/08/08,2025/12/12,9.58,5.409999847412109,10.140000343322754,60.599998474121094,,,,,,5.1677,3.4028,5.0062,0.0,4.533299922943115,5.2023,5.1561,0.0,0.0,0.0,1.1535,2026-08-09
rsv10pt5-122,Yamask,holofoil,White Flare,122,Illustration Rare,YASHIRO Nanaco,Basic,562,Pokémon,2025/07/18,"tcgplayer,cardmarket",https://prices.pokemontcg.io/tcgplayer/rsv10pt5-122,https://images.pokemontcg.io/rsv10pt5/122_hires.png,2026/08/08,2025/12/12,11.33,10.279999732971191,12.84000015258789,104.0999984741211,,,,,,5.5137,3.4605,5.8713,0.0,6.41349983215332,5.2946,5.5599,0.0,0.0,0.0,1.1535,2026-08-09
rsv10pt5-125,Gothorita,holofoil,White Flare,125,Illustration Rare,Terada Tera,Stage 1,575,Pokémon,2025/07/18,"tcgplayer,cardmarket",https://prices.pokemontcg.io/tcgplayer/rsv10pt5-125,https://images.pokemontcg.io/rsv10pt5/125_hires.png,2026/08/08,2025/12/12,19.67,17.0,21.989999771118164,111.0,,,,,,7.6246,4.0257,7.567,0.0,8.236000061035156,7.7746,7.6362,0.0,0.0,0.0,1.1535,2026-08-09
rsv10pt5-79,Antique Plume Fossil,normal,White Flare,79,Common,AYUMI ODASHIMA,Item,,Trainer,2025/07/18,"tcgplayer,cardmarket",https://prices.pokemontcg.io/tcgplayer/rsv10pt5-79,https://images.pokemontcg.io/rsv10pt5/79_hires.png,2026/08/08,2025/12/12,0.15,0.009999999776482582,0.1599999964237213,99.0,,0.22,,,,0.0346,0.0231,0.0346,0.0692,0.05770000070333481,0.0231,0.0346,0.173,0.1615,0.0923,1.1535,2026-08-09
rsv10pt5-88,Swadloon,holofoil,White Flare,88,Illustration Rare,0313,Stage 1,541,Pokémon,2025/07/18,"tcgplayer,cardmarket",https://prices.pokemontcg.io/tcgplayer/rsv10pt5-88,https://images.pokemontcg.io/rsv10pt5/88_hires.png,2026/08/08,2025/12/12,12.05,11.0,13.289999961853027,79.23999786376953,,,,,,6.5173,4.0373,6.4596,0.0,5.917500019073486,6.1136,6.3789,0.0,0.0,0.0,1.1535,2026-08-09
rsv10pt5-94,Accelgor,holofoil,White Flare,94,Illustration Rare,Taiga Kasai,Stage 1,617,Pokémon,2025/07/18,"tcgplayer,cardmarket",https://prices.pokemontcg.io/tcgplayer/rsv10pt5-94,https://images.pokemontcg.io/rsv10pt5/94_hires.png,2026/08/08,2025/12/07,18.58,14.199999809265137,19.989999771118164,132.8000030517578,,,,,,10.4507,6.921,10.9698,0.0,11.66189956665039,11.2466,10.22,0.0,0.0,0.0,1.1535,2026-08-09
rsv10pt5-97,Pignite,holofoil,White Flare,97,Illustration Rare,Masa,Stage 1,499,Pokémon,2025/07/18,"tcgplayer,cardmarket",https://prices.pokemontcg.io/tcgplayer/rsv10pt5-97,https://images.pokemontcg.io/rsv10pt5/97_hires.png,2026/08/08,2025/12/07,13.53,12.25,14.729999542236328,101.69999694824219,,,,,,8.905,5.7675,7.59,0.0,6.344200134277344,7.7284,8.582,0.0,0.0,0.0,1.1535,2026-08-09
rsv10pt5-103,Chandelure,holofoil,White Flare,103,Illustration Rare,Kuroimori,Stage 2,609,Pokémon,2025/07/18,"tcgplayer,cardmarket",https://prices.pokemontcg.io/tcgplayer/rsv10pt5-103,https://images.pokemontcg.io/rsv10pt5/103_hires.png,2026/08/08,2025/12/07,72.6,69.0,76.2300033569336,653.4000244140625,,,,,,30.0948,17.3025,29.0567,0.0,30.45240020751953,30.7408,30.8677,0.0,0.0,0.0,1.1535,2026-08-09
rsv10pt5-106,Dewott,holofoil,White Flare,106,Illustration Rare,Taira Akitsu,Stage 1,502,Pokémon,2025/07/18,"tcgplayer,cardmarket",https://prices.pokemontcg.io/tcgplayer/rsv10pt5-106,https://images.pokemontcg.io/rsv10pt5/106_hires.png,2026/08/08,2025/12/07,25.24,18.040000915527344,25.190000534057617,151.3000030517578,,,,,,9.7817,8.0745,9.7701,0.0,9.804800033569336,9.7701,10.0354,0.0,0.0,0.0,1.1535,2026-08-09
rsv10pt5-126,Frillish,holofoil,White Flare,126,Illustration Rare,Shinya Komatsu,Basic,592,Pokémon,2025/07/18,"tcgplayer,cardmarket",https://prices.pokemontcg.io/tcgplayer/rsv10pt5-126,https://images.pokemontcg.io/rsv10pt5/126_hires.png,2026/08/08,2025/11/21,14.08,12.260000228881836,15.279999732971191,140.10000610351562,,,,,,9.574,5.7675,9.0896,0.0,9.216500282287598,9.0896,9.6087,0.0,0.0,0.0,1.1535,2026-08-09
rsv10pt5-101,Litwick,holofoil,White Flare,101,Illustration Rare,Naoyo Kimura,Basic,607,Pokémon,2025/07/18,"tcgplayer,cardmarket",https://prices.pokemontcg.io/tcgplayer/rsv10pt5-101,https://images.pokemontcg.io/rsv10pt5/101_hires.png,2026/08/08,2025/11/30,33.74,30.989999771118164,36.43000030517578,168.9199981689453,,,,,,8.4206,2.2839,8.1552,0.0,7.486199855804443,8.3398,8.4782,0.0,0.0,0.0,1.1535,2026-08-09
rsv10pt5-111,Vanillite,holofoil,White Flare,111,Illustration Rare,Mina Nakai,Basic,582,Pokémon,2025/07/18,"tcgplayer,cardmarket",https://prices.pokemontcg.io/tcgplayer/rsv10pt5-111,https://images.pokemontcg.io/rsv10pt5/111_hires.png,2026/08/08,2025/11/25,18.04,14.710000038146973,19.770000457763672,162.08999633789062,,,,,,7.5208,3.3451,7.6823,0.0,7.336299896240234,7.8207,7.6016,0.0,0.0,0.0,1.1535,2026-08-09
rsv10pt5-127,Roggenrola,holofoil,White Flare,127,Illustration Rare,Yuriko Akase,Basic,524,Pokémon,2025/07/18,"tcgplayer,cardmarket",https://prices.pokemontcg.io/tcgplayer/rsv10pt5-127,https://images.pokemontcg.io/rsv10pt5/127_hires.png,2026/08/08,2025/11/21,12.87,9.899999618530273,13.529999732971191,80.0,,,,,,6.1482,3.4605,5.9405,0.0,7.197800159454346,5.9636,6.1482,0.0,0.0,0.0,1.1535,2026-08-09
rsv10pt5-76,Stoutland,normal,White Flare,76,Uncommon,sowsow,Stage 2,508,Pokémon,2025/07/18,"tcgplayer,cardmarket",https://prices.pokemontcg.io/tcgplayer/rsv10pt5-76,https://images.pokemontcg.io/rsv10pt5/76_hires.png,2026/08/08,2025/12/02,0.11,0.009999999776482582,0.15000000596046448,19.979999542236328,,0.24,,,,0.0346,0.0231,0.0231,0.1846,0.023099999874830246,0.0231,0.0346,0.0577,0.0923,0.1846,1.1535,2026-08-09
rsv10pt5-92,Sawsbuck,holofoil,White Flare,92,Illustration Rare,Yano Keiji,Stage 1,586,Pokémon,2025/07/18,"tcgplayer,cardmarket",https://prices.pokemontcg.io/tcgplayer/rsv10pt5-92,https://images.pokemontcg.io/rsv10pt5/92_hires.png,2026/08/08,2025/11/30,41.97,38.25,42.810001373291016,4319.2099609375,,,,,,15.2608,10.3815,15.2377,0.0,14.995499610900879,15.3762,15.3185,0.0,0.0,0.0,1.1535,2026-08-09
rsv10pt5-112,Vanillish,holofoil,White Flare,112,Illustration Rare,Yoko Hishida,Stage 1,583,Pokémon,2025/07/18,"tcgplayer,cardmarket",https://prices.pokemontcg.io/tcgplayer/rsv10pt5-112,https://images.pokemontcg.io/rsv10pt5/112_hires.png,2026/08/08,2025/11/25,15.42,13.0,17.0,87.5,,,,,,6.5403,4.3833,6.5173,0.0,6.148200035095215,6.5865,6.5403,0.0,0.0,0.0,1.1535,2026-08-09
rsv10pt5-117,Galvantula,holofoil,White Flare,117,Illustration Rare,Akira Komayama,Stage 1,596,Pokémon,2025/07/18,"tcgplayer,cardmarket",https://prices.pokemontcg.io/tcgplayer/rsv10pt5-117,https://images.pokemontcg.io/rsv10pt5/117_hires.png,2026/08/08,2025/11/21,20.32,20.190000534057617,22.459999084472656,155.0,,,,,,12.7116,8.6512,12.8731,0.0,12.111700057983398,12.5039,12.7231,0.0,0.0,0.0,1.1535,2026-08-09
rsv10pt5-118,Stunfisk,holofoil,White Flare,118,Illustration Rare,Toshinao Aoki,Basic,618,Pokémon,2025/07/18,"tcgplayer,cardmarket",https://prices.pokemontcg.io/tcgplayer/rsv10pt5-118,https://images.pokemontcg.io/rsv10pt5/118_hires.png,2026/08/08,2025/11/21,7.1,5.46999979019165,7.460000038146973,50.599998474121094,,,,,,4.4179,1.1535,4.5217,0.0,3.9333999156951904,4.464,4.2564,0.0,0.0,0.0,1.1535,2026-08-09
rsv10pt5-120,Swoobat,holofoil,White Flare,120,Illustration Rare,Saboteri,Stage 1,528,Pokémon,2025/07/18,"tcgplayer,cardmarket",https://prices.pokemontcg.io/tcgplayer/rsv10pt5-120,https://images.pokemontcg.io/rsv10pt5/120_hires.png,2026/08/08,2025/11/21,15.06,14.520000457763672,17.450000762939453,108.19999694824219,,,,,,6.9671,4.4986,6.7018,0.0,7.324699878692627,6.748,6.8287,0.0,0.0,0.0,1.1535,2026-08-09
rsv10pt5-123,Cofagrigus,holofoil,White Flare,123,Illustration Rare,Haru Akasaka,Stage 1,563,Pokémon,2025/07/18,"tcgplayer,cardmarket",https://prices.pokemontcg.io/tcgplayer/rsv10pt5-123,https://images.pokemontcg.io/rsv10pt5/123_hires.png,2026/08/08,2025/11/21,28.58,25.0,30.959999084472656,197.39999389648438,,,,,,14.661,12.1117,14.0842,0.0,12.296299934387207,13.842,14.6033,0.0,0.0,0.0,1.1535,2026-08-09
rsv10pt5-96,Tepig,holofoil,White Flare,96,Illustration Rare,Orca,Basic,498,Pokémon,2025/07/18,"tcgplayer,cardmarket",https://prices.pokemontcg.io/tcgplayer/rsv10pt5-96,https://images.pokemontcg.io/rsv10pt5/96_hires.png,2026/08/08,2025/11/30,42.49,35.40999984741211,42.56999969482422,224.89999389648438,,,,,,17.0949,9.228,16.795,0.0,20.76300048828125,15.8952,17.0603,0.0,0.0,0.0,1.1535,2026-08-09
rsv10pt5-119,Woobat,holofoil,White Flare,119,Illustration Rare,Shibuzoh.,Basic,527,Pokémon,2025/07/18,"tcgplayer,cardmarket",https://prices.pokemontcg.io/tcgplayer/rsv10pt5-119,https://images.pokemontcg.io/rsv10pt5/119_hires.png,2026/08/08,2025/11/21,15.76,14.4399995803833,17.079999923706055,103.0999984741211,,,,,,6.8172,4.6025,7.0363,0.0,6.540299892425537,6.6557,6.8979,0.0,0.0,0.0,1.1535,2026-08-09
rsv10pt5-121,Sigilyph,holofoil,White Flare,121,Illustration Rare,mingo,Basic,561,Pokémon,2025/07/18,"tcgplayer,cardmarket",https://prices.pokemontcg.io/tcgplayer/rsv10pt5-121,https://images.pokemontcg.io/rsv10pt5/121_hires.png,2026/08/08,2025/11/21,12.05,10.5,13.970000267028809,72.0,,,,,,5.756,3.4028,5.1677,0.0,5.571400165557861,5.3522,5.6406,0.0,0.0,0.0,1.1535,2026-08-09
rsv10pt5-124,Gothita,holofoil,White Flare,124,Illustration Rare,Kanami Ogata,Basic,574,Pokémon,2025/07/18,"tcgplayer,cardmarket",https://prices.pokemontcg.io/tcgplayer/rsv10pt5-124,https://images.pokemontcg.io/rsv10pt5/124_hires.png,2026/08/08,2025/11/21,26.01,23.920000076293945,28.8799991607666,183.0,,,,,,8.9281,5.6522,9.5856,0.0,9.516400337219238,9.2626,9.2165,0.0,0.0,0.0,1.1535,2026-08-09
rsv10pt5-131,Archen,holofoil,White Flare,131,Uncommon,Ounishi,Stage 1,566,Pokémon,2025/07/18,"tcgplayer,cardmarket",https://prices.pokemontcg.io/tcgplayer/rsv10pt5-131,https://images.pokemontcg.io/rsv10pt5/131_hires.png,2026/08/08,2025/11/21,12.55,7.78000020980835,12.029999732971191,59.7400016784668,,,,,,6.252,2.8838,5.283,0.0,4.960000038146973,5.4099,6.1712,0.0,0.0,0.0,1.1535,2026-08-09
rsv10pt5-134,Mienshao,holofoil,White Flare,134,Illustration Rare,Atsuya Uki,Stage 1,620,Pokémon,2025/07/18,"tcgplayer,cardmarket",https://prices.pokemontcg.io/tcgplayer/rsv10pt5-134,https://images.pokemontcg.io/rsv10pt5/134_hires.png,2026/08/08,2025/11/21,10.28,7.71999979019165,10.989999771118164,57.61000061035156,,,,,,6.5519,4.2564,6.4481,0.0,6.782599925994873,6.3212,6.5403,0.0,0.0,0.0,1.1535,2026-08-09
rsv10pt5-132,Archeops,holofoil,White Flare,132,Illustration Rare,Jerky,Stage 2,567,Pokémon,2025/07/18,"tcgplayer,cardmarket",https://prices.pokemontcg.io/tcgplayer/rsv10pt5-132,https://images.pokemontcg.io/rsv10pt5/132_hires.png,2026/08/08,2025/11/21,14.19,13.0,15.5600004196167,109.9000015258789,,,,,,6.921,4.7293,6.8403,0.0,6.655700206756592,6.6557,6.8864,0.0,0.0,0.0,1.1535,2026-08-09
rsv10pt5-133,Mienfoo,holofoil,White Flare,133,Illustration Rare,Iori Suzuki,Basic,619,Pokémon,2025/07/18,"tcgplayer,cardmarket",https://prices.pokemontcg.io/tcgplayer/rsv10pt5-133,https://images.pokemontcg.io/rsv10pt5/133_hires.png,2026/08/08,2025/11/21,15.47,11.130000114440918,15.949999809265137,90.0,,,,,,7.6016,5.0754,7.4631,0.0,7.278600215911865,7.6592,7.7861,0.0,0.0,0.0,1.1535,2026-08-09
rsv10pt5-135,Terrakion,holofoil,White Flare,135,Illustration Rare,Shiburingaru,Basic,639,Pokémon,2025/07/18,"tcgplayer,cardmarket",https://prices.pokemontcg.io/tcgplayer/rsv10pt5-135,https://images.pokemontcg.io/rsv10pt5/135_hires.png,2026/08/08,2025/11/21,26.76,25.540000915527344,29.549999237060547,205.0,,,,,,17.7524,10.3815,16.6796,0.0,20.174699783325195,17.9831,17.5678,0.0,0.0,0.0,1.1535,2026-08-09
rsv10pt5-136,Purrloin,holofoil,White Flare,136,Illustration Rare,Mugi Hamada,Basic,509,Pokémon,2025/07/18,"tcgplayer,cardmarket",https://prices.pokemontcg.io/tcgplayer/rsv10pt5-136,https://images.pokemontcg.io/rsv10pt5/136_hires.png,2026/08/08,2025/11/21,19.99,19.5,22.389999389648438,139.8000030517578,,,,,,8.6743,5.6522,8.5244,0.0,9.354900360107422,8.7089,8.6512,0.0,0.0,0.0,1.1535,2026-08-09
rsv10pt5-137,Liepard,holofoil,White Flare,137,Illustration Rare,matazo,Stage 1,510,Pokémon,2025/07/18,"tcgplayer,cardmarket",https://prices.pokemontcg.io/tcgplayer/rsv10pt5-137,https://images.pokemontcg.io/rsv10pt5/137_hires.png,2026/08/08,2025/11/21,47.8,45.0,54.970001220703125,290.1000061035156,,,,,,24.1543,14.9955,25.1463,0.0,24.223499298095703,27.6955,25.3078,0.0,0.0,0.0,1.1535,2026-08-09
rsv10pt5-138,Scraggy,holofoil,White Flare,138,Illustration Rare,Nelnal,Basic,559,Pokémon,2025/07/18,"tcgplayer,cardmarket",https://prices.pokemontcg.io/tcgplayer/rsv10pt5-138,https://images.pokemontcg.io/rsv10pt5/138_hires.png,2026/08/08,2025/11/21,22.9,16.420000076293945,24.709999084472656,999.989990234375,,,,,,7.7631,3.9219,8.1552,0.0,7.67080020904541,7.59,7.7515,0.0,0.0,0.0,1.1535,2026-08-09
rsv10pt5-139,Scrafty,holofoil,White Flare,139,Illustration Rare,Tetsu Kayama,Stage 1,560,Pokémon,2025/07/18,"tcgplayer,cardmarket",https://prices.pokemontcg.io/tcgplayer/rsv10pt5-139,https://images.pokemontcg.io/rsv10pt5/139_hires.png,2026/08/08,2025/11/21,25.16,22.969999313354492,27.149999618530273,208.5,,,,,,10.5661,6.8056,10.5545,0.0,10.485300064086914,10.9121,10.6583,0.0,0.0,0.0,1.1535,2026-08-09
rsv10pt5-140,Trubbish,holofoil,White Flare,140,Illustration Rare,Oswaldo KATO,Basic,568,Pokémon,2025/07/18,"tcgplayer,cardmarket",https://prices.pokemontcg.io/tcgplayer/rsv10pt5-140,https://images.pokemontcg.io/rsv10pt5/140_hires.png,2026/08/08,2025/11/21,17.8,17.850000381469727,19.950000762939453,111.4000015258789,,,,,,6.0905,4.3833,5.9751,0.0,6.021299839019775,5.8828,6.2174,0.0,0.0,0.0,1.1535,2026-08-09
rsv10pt5-142,Zorua,holofoil,White Flare,142,Illustration Rare,Naoki Saito,Basic,570,Pokémon,2025/07/18,"tcgplayer,cardmarket",https://prices.pokemontcg.io/tcgplayer/rsv10pt5-142,https://images.pokemontcg.io/rsv10pt5/142_hires.png,2026/08/08,2025/11/21,47.68,35.0,51.189998626708984,349.1099853515625,,,,,,19.1596,11.4197,18.8136,0.0,17.01409912109375,18.1215,18.9751,0.0,0.0,0.0,1.1535,2026-08-09
rsv10pt5-151,Druddigon,holofoil,White Flare,151,Illustration Rare,Kamome Shirahama,Basic,621,Pokémon,2025/07/18,"tcgplayer,cardmarket",https://prices.pokemontcg.io/tcgplayer/rsv10pt5-151,https://images.pokemontcg.io/rsv10pt5/151_hires.png,2026/08/08,2025/11/21,26.76,22.25,29.170000076293945,227.6999969482422,,,,,,10.7276,6.8979,10.5661,0.0,10.185400009155273,10.5545,10.7737,0.0,0.0,0.0,1.1535,2026-08-09
rsv10pt5-143,Zoroark,holofoil,White Flare,143,Illustration Rare,Iwamoto05,Stage 1,571,Pokémon,2025/07/18,"tcgplayer,cardmarket",https://prices.pokemontcg.io/tcgplayer/rsv10pt5-143,https://images.pokemontcg.io/rsv10pt5/143_hires.png,2026/08/08,2025/11/21,80.88,78.9000015258789,82.98999786376953,501.20001220703125,,,,,,45.3441,32.298,46.8436,0.0,57.66350173950195,45.5748,45.7709,0.0,0.0,0.0,1.1535,2026-08-09
rsv10pt5-150,Durant,holofoil,White Flare,150,Illustration Rare,Scav,Basic,632,Pokémon,2025/07/18,"tcgplayer,cardmarket",https://prices.pokemontcg.io/tcgplayer/rsv10pt5-150,https://images.pokemontcg.io/rsv10pt5/150_hires.png,2026/08/08,2025/11/21,13.46,11.5600004196167,13.9399995803833,60.0,,,,,,6.3212,4.0373,6.1828,0.0,5.479100227355957,5.9636,6.2981,0.0,0.0,0.0,1.1535,2026-08-09
rsv10pt5-153,Watchog,holofoil,White Flare,153,Illustration Rare,Mousho,Stage 1,505,Pokémon,2025/07/18,"tcgplayer,cardmarket",https://prices.pokemontcg.io/tcgplayer/rsv10pt5-153,https://images.pokemontcg.io/rsv10pt5/153_hires.png,2026/08/08,2025/11/21,11.54,7.0,11.5,63.900001525878906,,,,,,6.1251,3.8065,5.4561,0.0,6.067399978637695,5.7444,5.8944,0.0,0.0,0.0,1.1535,2026-08-09
rsv10pt5-155,Herdier,holofoil,White Flare,155,Illustration Rare,Makura Tami,Stage 1,507,Pokémon,2025/07/18,"tcgplayer,cardmarket",https://prices.pokemontcg.io/tcgplayer/rsv10pt5-155,https://images.pokemontcg.io/rsv10pt5/155_hires.png,2026/08/08,2025/11/21,18.86,16.0,19.989999771118164,169.74000549316406,,,,,,7.1056,4.0373,7.1056,0.0,6.609600067138672,7.1978,7.2209,0.0,0.0,0.0,1.1535,2026-08-09
rsv10pt5-162,Bouffalant ex,holofoil,White Flare,162,Ultra Rare,N-DESIGN Inc.,Basic|ex,626,Pokémon,2025/07/18,"tcgplayer,cardmarket",https://prices.pokemontcg.io/tcgplayer/rsv10pt5-162,https://images.pokemontcg.io/rsv10pt5/162_hires.png,2026/08/08,2025/11/21,0.78,0.5,1.0,70.0,,,,,,1.0612,0.2307,1.0381,0.0,1.3726999759674072,1.0151,1.0497,0.0,0.0,0.0,1.1535,2026-08-09
rsv10pt5-145,Mandibuzz,holofoil,White Flare,145,Illustration Rare,Bun Toujo,Stage 1,630,Pokémon,2025/07/18,"tcgplayer,cardmarket",https://prices.pokemontcg.io/tcgplayer/rsv10pt5-145,https://images.pokemontcg.io/rsv10pt5/145_hires.png,2026/08/08,2025/11/21,10.93,9.0,11.9399995803833,59.5,,,,,,6.921,4.3833,6.7364,0.0,6.540299892425537,6.6211,6.6211,0.0,0.0,0.0,1.1535,2026-08-09
rsv10pt5-148,Ferroseed,holofoil,White Flare,148,Illustration Rare,Nurikabe,Basic,597,Pokémon,2025/07/18,"tcgplayer,cardmarket",https://prices.pokemontcg.io/tcgplayer/rsv10pt5-148,https://images.pokemontcg.io/rsv10pt5/148_hires.png,2026/08/08,2025/11/21,7.43,6.019999980926514,7.989999771118164,51.75,,,,,,5.2023,2.6415,4.764,0.0,5.790599822998047,4.8793,5.0869,0.0,0.0,0.0,1.1535,2026-08-09
rsv10pt5-154,Lillipup,holofoil,White Flare,154,Illustration Rare,Narumi Sato,Basic,506,Pokémon,2025/07/18,"tcgplayer,cardmarket",https://prices.pokemontcg.io/tcgplayer/rsv10pt5-154,https://images.pokemontcg.io/rsv10pt5/154_hires.png,2026/08/08,2025/11/21,39.2,34.0,40.77000045776367,213.0,,,,,,11.7311,5.5368,10.3469,0.0,10.381500244140625,10.3008,11.2236,0.0,0.0,0.0,1.1535,2026-08-09
rsv10pt5-156,Stoutland,holofoil,White Flare,156,Illustration Rare,Eri Kamei,Stage 2,508,Pokémon,2025/07/18,"tcgplayer,cardmarket",https://prices.pokemontcg.io/tcgplayer/rsv10pt5-156,https://images.pokemontcg.io/rsv10pt5/156_hires.png,2026/08/08,2025/11/21,26.32,20.989999771118164,37.0,209.89999389648438,,,,,,15.6991,6.921,18.779,0.0,16.0221004486084,17.3256,15.7453,0.0,0.0,0.0,1.1535,2026-08-09
rsv10pt5-159,Keldeo ex,holofoil,White Flare,159,Ultra Rare,N-DESIGN Inc.,Basic|ex,647,Pokémon,2025/07/18,"tcgplayer,cardmarket",https://prices.pokemontcg.io/tcgplayer/rsv10pt5-159,https://images.pokemontcg.io/rsv10pt5/159_hires.png,2026/08/08,2025/11/21,1.37,0.8999999761581421,1.5800000429153442,19.979999542236328,,,,,,1.4188,0.2307,1.4303,0.0,1.0958000421524048,1.4188,1.3842,0.0,0.0,0.0,1.1535,2026-08-09
rsv10pt5-144,Vullaby,holofoil,White Flare,144,Illustration Rare,Saya Tsuruta,Basic,629,Pokémon,2025/07/18,"tcgplayer,cardmarket",https://prices.pokemontcg.io/tcgplayer/rsv10pt5-144,https://images.pokemontcg.io/rsv10pt5/144_hires.png,2026/08/08,2025/11/21,10.04,8.65999984741211,11.270000457763672,110.0199966430664,,,,,,6.1597,4.441,5.8828,0.0,6.45959997177124,5.8944,5.9982,0.0,0.0,0.0,1.1535,2026-08-09
rsv10pt5-149,Ferrothorn,holofoil,White Flare,149,Illustration Rare,Minahamu,Stage 1,598,Pokémon,2025/07/18,"tcgplayer,cardmarket",https://prices.pokemontcg.io/tcgplayer/rsv10pt5-149,https://images.pokemontcg.io/rsv10pt5/149_hires.png,2026/08/08,2025/11/21,18.98,18.989999771118164,21.200000762939453,169.5,,,,,,11.3966,9.2165,13.2537,0.0,13.415200233459473,12.3309,12.204,0.0,0.0,0.0,1.1535,2026-08-09
rsv10pt5-158,Reshiram ex,holofoil,White Flare,158,Ultra Rare,5ban Graphics,Basic|ex,643,Pokémon,2025/07/18,"tcgplayer,cardmarket",https://prices.pokemontcg.io/tcgplayer/rsv10pt5-158,https://images.pokemontcg.io/rsv10pt5/158_hires.png,2026/08/08,2025/11/21,3.42,2.0,3.619999885559082,29.100000381469727,,,,,,2.976,0.8651,3.0798,0.0,3.241300106048584,3.0683,3.0106,0.0,0.0,0.0,1.1535,2026-08-09
rsv10pt5-161,Hydreigon ex,holofoil,White Flare,161,Ultra Rare,5ban Graphics,Stage 2|ex,635,Pokémon,2025/07/18,"tcgplayer,cardmarket",https://prices.pokemontcg.io/tcgplayer/rsv10pt5-161,https://images.pokemontcg.io/rsv10pt5/161_hires.png,2026/08/08,2025/11/21,1.37,0.6000000238418579,1.4900000095367432,31.709999084472656,,,,,,1.3035,0.2884,1.1996,0.0,1.2226999998092651,1.2919,1.2689,0.0,0.0,0.0,1.1535,2026-08-09
rsv10pt5-141,Garbodor,holofoil,White Flare,141,Illustration Rare,Gapao,Stage 1,569,Pokémon,2025/07/18,"tcgplayer,cardmarket",https://prices.pokemontcg.io/tcgplayer/rsv10pt5-141,https://images.pokemontcg.io/rsv10pt5/141_hires.png,2026/08/08,2025/11/21,21.53,18.09000015258789,23.950000762939453,150.0,,,,,,10.393,6.921,11.1197,0.0,10.104700088500977,10.8429,10.6237,0.0,0.0,0.0,1.1535,2026-08-09
rsv10pt5-146,Deino,holofoil,White Flare,146,Illustration Rare,Teeziro,Basic,633,Pokémon,2025/07/18,"tcgplayer,cardmarket",https://prices.pokemontcg.io/tcgplayer/rsv10pt5-146,https://images.pokemontcg.io/rsv10pt5/146_hires.png,2026/08/08,2025/11/21,18.9,17.5,20.790000915527344,121.5,,,,,,9.6663,5.1792,10.5084,0.0,8.385899543762207,9.0896,9.874,0.0,0.0,0.0,1.1535,2026-08-09
rsv10pt5-152,Patrat,holofoil,White Flare,152,Illustration Rare,Yukihiro Tada,Basic,504,Pokémon,2025/07/18,"tcgplayer,cardmarket",https://prices.pokemontcg.io/tcgplayer/rsv10pt5-152,https://images.pokemontcg.io/rsv10pt5/152_hires.png,2026/08/08,2025/11/21,11.69,8.5,14.979999542236328,105.02999877929688,,,,,,7.0017,4.4986,6.2866,0.0,6.45959997177124,6.425,6.8518,0.0,0.0,0.0,1.1535,2026-08-09
rsv10pt5-157,Whimsicott ex,holofoil,White Flare,157,Ultra Rare,5ban Graphics,Stage 1|ex,547,Pokémon,2025/07/18,"tcgplayer,cardmarket",https://prices.pokemontcg.io/tcgplayer/rsv10pt5-157,https://images.pokemontcg.io/rsv10pt5/157_hires.png,2026/08/08,2025/11/21,1.03,0.699999988079071,1.2999999523162842,50.0,,,,,,1.2227,0.2076,1.0381,0.0,0.8996999859809875,1.0497,1.165,0.0,0.0,0.0,1.1535,2026-08-09
rsv10pt5-160,Jellicent ex,holofoil,White Flare,160,Ultra Rare,N-DESIGN Inc.,Stage 1|ex,593,Pokémon,2025/07/18,"tcgplayer,cardmarket",https://prices.pokemontcg.io/tcgplayer/rsv10pt5-160,https://images.pokemontcg.io/rsv10pt5/160_hires.png,2026/08/08,2025/11/21,0.92,0.5,1.25,19.979999542236328,,,,,,1.4995,0.346,1.2342,0.0,1.3956999778747559,1.2458,1.3611,0.0,0.0,0.0,1.1535,2026-08-09
rsv10pt5-147,Zweilous,holofoil,White Flare,147,Illustration Rare,Kyoko Umemoto,Stage 1,634,Pokémon,2025/07/18,"tcgplayer,cardmarket",https://prices.pokemontcg.io/tcgplayer/rsv10pt5-147,https://images.pokemontcg.io/rsv10pt5/147_hires.png,2026/08/08,2025/11/21,13.05,11.670000076293945,14.0,83.4000015258789,,,,,,6.7134,3.4374,6.2289,0.0,6.021299839019775,6.0674,6.4827,0.0,0.0,0.0,1.1535,2026-08-09
rsv10pt5-165,Whimsicott ex,holofoil,White Flare,165,Special Illustration Rare,mele,Stage 1|ex,547,Pokémon,2025/07/18,"tcgplayer,cardmarket",https://prices.pokemontcg.io/tcgplayer/rsv10pt5-165,https://images.pokemontcg.io/rsv10pt5/165_hires.png,2026/08/08,2025/11/21,29.77,28.65999984741211,35.290000915527344,267.92999267578125,,,,,,25.1578,17.3025,21.4436,0.0,20.75149917602539,21.9626,24.385,0.0,0.0,0.0,1.1535,2026-08-09
rsv10pt5-163,Harlequin,holofoil,White Flare,163,Ultra Rare,Teeziro,Supporter,,Trainer,2025/07/18,"tcgplayer,cardmarket",https://prices.pokemontcg.io/tcgplayer/rsv10pt5-163,https://images.pokemontcg.io/rsv10pt5/163_hires.png,2026/08/08,2025/11/21,0.92,0.5,1.25,19.979999542236328,,,,,,1.1996,0.2884,1.0612,0.0,1.2226999998092651,1.1074,1.1766,0.0,0.0,0.0,1.1535,2026-08-09
rsv10pt5-164,Hilda,holofoil,White Flare,164,Ultra Rare,yuu,Supporter,,Trainer,2025/07/18,"tcgplayer,cardmarket",https://prices.pokemontcg.io/tcgplayer/rsv10pt5-164,https://images.pokemontcg.io/rsv10pt5/164_hires.png,2026/08/08,2025/11/21,11.66,9.3100004196167,13.0,129.89999389648438,,,,,,7.1286,3.1029,6.3904,0.0,7.220900058746338,6.7826,6.5173,0.0,0.0,0.0,1.1535,2026-08-09
rsv10pt5-167,Keldeo ex,holofoil,White Flare,167,Special Illustration Rare,Yuu Nishida,Basic|ex,647,Pokémon,2025/07/18,"tcgplayer,cardmarket",https://prices.pokemontcg.io/tcgplayer/rsv10pt5-167,https://images.pokemontcg.io/rsv10pt5/167_hires.png,2026/08/08,2025/11/18,75.82,74.0,81.73999786376953,556.9000244140625,,,,,,51.1577,34.605,48.3316,0.0,55.65639877319336,49.2544,50.4541,0.0,0.0,0.0,1.1535,2026-08-09
rsv10pt5-166,Reshiram ex,holofoil,White Flare,166,Special Illustration Rare,kawayoo,Basic|ex,643,Pokémon,2025/07/18,"tcgplayer,cardmarket",https://prices.pokemontcg.io/tcgplayer/rsv10pt5-166,https://images.pokemontcg.io/rsv10pt5/166_hires.png,2026/08/08,2025/11/21,214.17,185.0,222.63999938964844,1927.530029296875,,,,,,174.6976,103.815,168.6186,0.0,160.3365020751953,173.0711,173.9247,0.0,0.0,0.0,1.1535,2026-08-09
rsv10pt5-169,Hydreigon ex,holofoil,White Flare,169,Special Illustration Rare,Takumi Wada,Stage 2|ex,635,Pokémon,2025/07/18,"tcgplayer,cardmarket",https://prices.pokemontcg.io/tcgplayer/rsv10pt5-169,https://images.pokemontcg.io/rsv10pt5/169_hires.png,2026/08/08,2025/11/18,84.41,79.69000244140625,93.04000091552734,724.7999877929688,,,,,,69.9252,28.8375,71.0902,0.0,86.45480346679688,71.5401,69.7175,0.0,0.0,0.0,1.1535,2026-08-09
rsv10pt5-168,Jellicent ex,holofoil,White Flare,168,Special Illustration Rare,Narano,Stage 1|ex,593,Pokémon,2025/07/18,"tcgplayer,cardmarket",https://prices.pokemontcg.io/tcgplayer/rsv10pt5-168,https://images.pokemontcg.io/rsv10pt5/168_hires.png,2026/08/08,2025/11/18,29.54,28.889999389648438,32.52000045776367,271.0,,,,,,29.2066,23.07,26.0691,0.0,30.45240020751953,26.0576,27.9608,0.0,0.0,0.0,1.1535,2026-08-09
rsv10pt5-170,Bouffalant ex,holofoil,White Flare,170,Special Illustration Rare,Rianti Hidayat,Basic|ex,626,Pokémon,2025/07/18,"tcgplayer,cardmarket",https://prices.pokemontcg.io/tcgplayer/rsv10pt5-170,https://images.pokemontcg.io/rsv10pt5/170_hires.png,2026/08/08,2025/11/18,19.15,15.989999771118164,20.5,159.1999969482422,,,,,,17.9831,11.535,17.0603,0.0,15.226200103759766,17.5909,17.4178,0.0,0.0,0.0,1.1535,2026-08-09
rsv10pt5-171,Hilda,holofoil,White Flare,171,Special Illustration Rare,Naoki Saito,Supporter,,Trainer,2025/07/18,"tcgplayer,cardmarket",https://prices.pokemontcg.io/tcgplayer/rsv10pt5-171,https://images.pokemontcg.io/rsv10pt5/171_hires.png,2026/08/08,2025/11/18,55.2,52.0,59.97999954223633,510.1000061035156,,,,,,38.5038,27.1073,36.7159,0.0,34.60499954223633,36.9812,37.731,0.0,0.0,0.0,1.1535,2026-08-09
zsv10pt5-172,Zekrom ex,holofoil,Black Bolt,172,Black White Rare,takuyoa,Basic|ex,644,Pokémon,2025/07/18,"tcgplayer,cardmarket",https://prices.pokemontcg.io/tcgplayer/zsv10pt5-172,https://images.pokemontcg.io/zsv10pt5/172_hires.png,2026/08/08,2026/07/01,602.1,453.2799987792969,666.1900024414062,2000.0,,,,,,580.2451,271.0725,636.6166,0.0,418.143798828125,605.9682,579.0339,0.0,0.0,0.0,1.1535,2026-08-09
rsv10pt5-173,Reshiram ex,holofoil,White Flare,173,Black White Rare,5ban Graphics,Basic|ex,643,Pokémon,2025/07/18,"tcgplayer,cardmarket",https://prices.pokemontcg.io/tcgplayer/rsv10pt5-173,https://images.pokemontcg.io/rsv10pt5/173_hires.png,2026/08/08,2025/11/18,512.14,368.92999267578125,585.7000122070312,2500.0,,,,,,334.0997,206.4765,311.0413,0.0,339.1289978027344,300.9712,325.3677,0.0,0.0,0.0,1.1535,2026-08-09
zsv10pt5-1,Snivy,normal,Black Bolt,1,Common,Susumu Maeya,Basic,495,Pokémon,2025/07/18,"tcgplayer,cardmarket",https://prices.pokemontcg.io/tcgplayer/zsv10pt5-1,https://images.pokemontcg.io/zsv10pt5/1_hires.png,2026/08/08,2026/07/01,0.08,0.009999999776482582,0.15000000596046448,19.979999542236328,0.16,0.24,,,,0.0346,0.0231,0.0346,0.1038,0.03460000082850456,0.0346,0.0346,0.0692,0.0923,0.1038,1.1535,2026-08-09
zsv10pt5-2,Servine,normal,Black Bolt,2,Common,Susumu Maeya,Stage 1,496,Pokémon,2025/07/18,"tcgplayer,cardmarket",https://prices.pokemontcg.io/tcgplayer/zsv10pt5-2,https://images.pokemontcg.io/zsv10pt5/2_hires.png,2026/08/08,2026/07/01,0.12,0.009999999776482582,0.15000000596046448,19.979999542236328,,0.2,,,,0.0346,0.0231,0.0461,0.173,0.03460000082850456,0.0346,0.0346,0.0577,0.0923,0.1846,1.1535,2026-08-09
zsv10pt5-3,Serperior ex,holofoil,Black Bolt,3,Double Rare,PLANETA Igarashi,Stage 2|ex,497,Pokémon,2025/07/18,"tcgplayer,cardmarket",https://prices.pokemontcg.io/tcgplayer/zsv10pt5-3,https://images.pokemontcg.io/zsv10pt5/3_hires.png,2026/08/08,2026/07/01,0.58,0.20000000298023224,0.8299999833106995,19.979999542236328,,,,,,0.5306,0.0231,0.5075,0.0,0.5074999928474426,0.496,0.5537,0.0,0.0,0.0,1.1535,2026-08-09
zsv10pt5-4,Pansage,normal,Black Bolt,4,Common,kurumitsu,Basic,511,Pokémon,2025/07/18,"tcgplayer,cardmarket",https://prices.pokemontcg.io/tcgplayer/zsv10pt5-4,https://images.pokemontcg.io/zsv10pt5/4_hires.png,2026/08/08,2026/06/30,0.08,0.009999999776482582,0.15000000596046448,19.979999542236328,,0.21,,,,0.0346,0.0231,0.0346,0.1154,0.023099999874830246,0.0231,0.0346,0.0346,0.0577,0.1154,1.1535,2026-08-09
zsv10pt5-5,Simisage,normal,Black Bolt,5,Uncommon,kurumitsu,Stage 1,512,Pokémon,2025/07/18,"tcgplayer,cardmarket",https://prices.pokemontcg.io/tcgplayer/zsv10pt5-5,https://images.pokemontcg.io/zsv10pt5/5_hires.png,2026/08/08,2026/06/30,0.09,0.009999999776482582,0.15000000596046448,19.979999542236328,,0.23,,,,0.0346,0.0231,0.0346,0.2076,0.023099999874830246,0.0231,0.0346,0.0923,0.1269,0.1961,1.1535,2026-08-09
zsv10pt5-6,Petilil,normal,Black Bolt,6,Common,mele,Basic,548,Pokémon,2025/07/18,"tcgplayer,cardmarket",https://prices.pokemontcg.io/tcgplayer/zsv10pt5-6,https://images.pokemontcg.io/zsv10pt5/6_hires.png,2026/08/08,2026/06/30,0.12,0.009999999776482582,0.1599999964237213,19.979999542236328,,0.26,,,,0.0346,0.0231,0.0346,0.1154,0.03460000082850456,0.0461,0.0346,0.1154,0.1269,0.1154,1.1535,2026-08-09
zsv10pt5-7,Lilligant,normal,Black Bolt,7,Uncommon,mele,Stage 1,549,Pokémon,2025/07/18,"tcgplayer,cardmarket",https://prices.pokemontcg.io/tcgplayer/zsv10pt5-7,https://images.pokemontcg.io/zsv10pt5/7_hires.png,2026/08/08,2026/06/30,0.16,0.009999999776482582,0.1599999964237213,19.979999542236328,,0.25,,,,0.0346,0.0231,0.0346,0.173,0.023099999874830246,0.0346,0.0346,0.2653,0.1384,0.173,1.1535,2026-08-09
zsv10pt5-8,Maractus,normal,Black Bolt,8,Common,mingo,Basic,556,Pokémon,2025/07/18,"tcgplayer,cardmarket",https://prices.pokemontcg.io/tcgplayer/zsv10pt5-8,https://images.pokemontcg.io/zsv10pt5/8_hires.png,2026/08/08,2026/06/29,0.05,0.009999999776482582,0.15000000596046448,19.979999542236328,,0.18,,,,0.0577,0.0231,0.0231,0.0923,0.023099999874830246,0.0231,0.0577,0.173,0.0923,0.0923,1.1535,2026-08-09
zsv10pt5-9,Karrablast,normal,Black Bolt,9,Common,DOM,Basic,588,Pokémon,2025/07/18,"tcgplayer,cardmarket",https://prices.pokemontcg.io/tcgplayer/zsv10pt5-9,https://images.pokemontcg.io/zsv10pt5/9_hires.png,2026/08/08,2026/06/29,0.04,0.009999999776482582,0.15000000596046448,19.979999542236328,,0.11,,,,0.0346,0.0231,0.0231,0.0923,0.023099999874830246,0.0346,0.0346,0.346,0.0923,0.1038,1.1535,2026-08-09
zsv10pt5-10,Foongus,normal,Black Bolt,10,Common,Kurata So,Basic,590,Pokémon,2025/07/18,"tcgplayer,cardmarket",https://prices.pokemontcg.io/tcgplayer/zsv10pt5-10,https://images.pokemontcg.io/zsv10pt5/10_hires.png,2026/08/08,2026/06/29,0.08,0.009999999776482582,0.15000000596046448,19.979999542236328,,0.18,,,,0.0231,0.0231,0.0231,0.1154,0.023099999874830246,0.0346,0.0231,0.0461,0.0923,0.1154,1.1535,2026-08-09
zsv10pt5-12,Victini,holofoil,Black Bolt,12,Rare,Natsumi Yoshida,Basic,494,Pokémon,2025/07/18,"tcgplayer,cardmarket",https://prices.pokemontcg.io/tcgplayer/zsv10pt5-12,https://images.pokemontcg.io/zsv10pt5/12_hires.png,2026/08/08,2026/06/22,0.14,0.009999999776482582,0.20000000298023224,19.979999542236328,,0.26,,,,0.0807,0.0231,0.0923,0.1846,0.12690000236034393,0.0923,0.0692,0.0461,0.5767,0.2884,1.1535,2026-08-09
zsv10pt5-11,Amoonguss,normal,Black Bolt,11,Uncommon,Kurata So,Stage 1,591,Pokémon,2025/07/18,"tcgplayer,cardmarket",https://prices.pokemontcg.io/tcgplayer/zsv10pt5-11,https://images.pokemontcg.io/zsv10pt5/11_hires.png,2026/08/08,2026/06/22,0.11,0.009999999776482582,0.15000000596046448,19.979999542236328,,0.26,,,,0.0346,0.0231,0.0346,0.2076,0.023099999874830246,0.0231,0.0346,0.173,0.1384,0.15,1.1535,2026-08-09
zsv10pt5-13,Darumaka,normal,Black Bolt,13,Common,svlt,Basic,554,Pokémon,2025/07/18,"tcgplayer,cardmarket",https://prices.pokemontcg.io/tcgplayer/zsv10pt5-13,https://images.pokemontcg.io/zsv10pt5/13_hires.png,2026/08/08,2026/06/22,0.07,0.009999999776482582,0.15000000596046448,19.979999542236328,,0.19,,,,0.0231,0.0231,0.0346,0.1154,0.023099999874830246,0.0231,0.0231,0.0577,0.1154,0.0923,1.1535,2026-08-09
zsv10pt5-14,Darmanitan,normal,Black Bolt,14,Uncommon,svlt,Stage 1,555,Pokémon,2025/07/18,"tcgplayer,cardmarket",https://prices.pokemontcg.io/tcgplayer/zsv10pt5-14,https://images.pokemontcg.io/zsv10pt5/14_hires.png,2026/08/08,2026/06/22,0.12,0.009999999776482582,0.15000000596046448,19.979999542236328,,0.22,,,,0.0346,0.0231,0.0231,0.1846,0.023099999874830246,0.0231,0.0231,0.0461,0.0692,0.15,1.1535,2026-08-09
zsv10pt5-15,Larvesta,normal,Black Bolt,15,Common,mashu,Basic,636,Pokémon,2025/07/18,"tcgplayer,cardmarket",https://prices.pokemontcg.io/tcgplayer/zsv10pt5-15,https://images.pokemontcg.io/zsv10pt5/15_hires.png,2026/08/08,2026/06/22,0.07,0.009999999776482582,0.15000000596046448,19.979999542236328,,0.18,,,,0.0346,0.0231,0.0346,0.1154,0.023099999874830246,0.0346,0.0346,0.0461,0.0807,0.1038,1.1535,2026-08-09
zsv10pt5-16,Volcarona,holofoil,Black Bolt,16,Rare,mashu,Stage 1,637,Pokémon,2025/07/18,"tcgplayer,cardmarket",https://prices.pokemontcg.io/tcgplayer/zsv10pt5-16,https://images.pokemontcg.io/zsv10pt5/16_hires.png,2026/08/08,2026/06/08,0.15,0.009999999776482582,0.20000000298023224,19.979999542236328,,0.28,,,,0.0807,0.0231,0.0923,0.323,0.05770000070333481,0.0692,0.0807,0.2768,0.1846,0.1961,1.1535,2026-08-09
zsv10pt5-21,Seismitoad,normal,Black Bolt,21,Uncommon,Yukihiro Tada,Stage 2,537,Pokémon,2025/07/18,"tcgplayer,cardmarket",https://prices.pokemontcg.io/tcgplayer/zsv10pt5-21,https://images.pokemontcg.io/zsv10pt5/21_hires.png,2026/08/08,2026/06/08,0.13,0.009999999776482582,0.15000000596046448,19.979999542236328,,0.22,,,,0.0346,0.0231,0.0692,0.2076,0.023099999874830246,0.0231,0.0346,0.2076,0.2422,0.2076,1.1535,2026-08-09
zsv10pt5-22,Tirtouga,normal,Black Bolt,22,Uncommon,Gemi,Stage 1,564,Pokémon,2025/07/18,"tcgplayer,cardmarket",https://prices.pokemontcg.io/tcgplayer/zsv10pt5-22,https://images.pokemontcg.io/zsv10pt5/22_hires.png,2026/08/08,2026/05/16,0.1,0.009999999776482582,0.1599999964237213,19.979999542236328,,0.33,,,,0.0461,0.0231,0.0461,0.1961,0.03460000082850456,0.0346,0.0461,0.0807,0.1269,0.1846,1.1535,2026-08-09
zsv10pt5-27,Cryogonal,normal,Black Bolt,27,Uncommon,Kyoko Umemoto,Basic,615,Pokémon,2025/07/18,"tcgplayer,cardmarket",https://prices.pokemontcg.io/tcgplayer/zsv10pt5-27,https://images.pokemontcg.io/zsv10pt5/27_hires.png,2026/08/08,2026/05/16,0.06,0.009999999776482582,0.15000000596046448,19.979999542236328,,0.25,,,,0.0231,0.0231,0.0346,0.1615,0.023099999874830246,0.0231,0.0231,0.1269,0.173,0.173,1.1535,2026-08-09
zsv10pt5-19,Tympole,normal,Black Bolt,19,Common,Yukihiro Tada,Basic,535,Pokémon,2025/07/18,"tcgplayer,cardmarket",https://prices.pokemontcg.io/tcgplayer/zsv10pt5-19,https://images.pokemontcg.io/zsv10pt5/19_hires.png,2026/08/08,2026/05/12,0.07,0.009999999776482582,0.15000000596046448,19.979999542236328,,0.18,,,,0.0346,0.0231,0.0346,0.1154,0.023099999874830246,0.0231,0.0231,0.0461,0.1038,0.1154,1.1535,2026-08-09
zsv10pt5-25,Cubchoo,normal,Black Bolt,25,Common,OOYAMA,Basic,613,Pokémon,2025/07/18,"tcgplayer,cardmarket",https://prices.pokemontcg.io/tcgplayer/zsv10pt5-25,https://images.pokemontcg.io/zsv10pt5/25_hires.png,2026/08/08,2026/05/11,0.12,0.009999999776482582,0.15000000596046448,19.979999542236328,,0.19,,,,0.0346,0.0231,0.0346,0.1038,0.04610000178217888,0.0346,0.0346,0.0346,0.0923,0.0923,1.1535,2026-08-09
zsv10pt5-26,Beartic,holofoil,Black Bolt,26,Rare,OOYAMA,Stage 1,614,Pokémon,2025/07/18,"tcgplayer,cardmarket",https://prices.pokemontcg.io/tcgplayer/zsv10pt5-26,https://images.pokemontcg.io/zsv10pt5/26_hires.png,2026/08/08,2026/05/11,0.13,0.009999999776482582,0.18000000715255737,19.979999542236328,,0.22,,,,0.0692,0.0231,0.0692,0.2768,0.023099999874830246,0.0577,0.0692,0.173,0.1038,0.2422,1.1535,2026-08-09
zsv10pt5-17,Panpour,normal,Black Bolt,17,Common,Makura Tami,Basic,515,Pokémon,2025/07/18,"tcgplayer,cardmarket",https://prices.pokemontcg.io/tcgplayer/zsv10pt5-17,https://images.pokemontcg.io/zsv10pt5/17_hires.png,2026/08/08,2026/05/11,0.07,0.009999999776482582,0.15000000596046448,19.979999542236328,,0.22,,,,0.0346,0.0231,0.0346,0.0923,0.023099999874830246,0.0231,0.0346,0.0231,0.1038,0.0923,1.1535,2026-08-09
zsv10pt5-20,Palpitoad,normal,Black Bolt,20,Common,Yukihiro Tada,Stage 1,536,Pokémon,2025/07/18,"tcgplayer,cardmarket",https://prices.pokemontcg.io/tcgplayer/zsv10pt5-20,https://images.pokemontcg.io/zsv10pt5/20_hires.png,2026/08/08,2026/05/11,0.1,0.009999999776482582,0.15000000596046448,19.979999542236328,,0.14,,,,0.0346,0.0231,0.0346,0.1154,0.023099999874830246,0.0231,0.0346,0.0346,0.3345,0.1615,1.1535,2026-08-09
zsv10pt5-23,Carracosta,holofoil,Black Bolt,23,Rare,Gemi,Stage 2,565,Pokémon,2025/07/18,"tcgplayer,cardmarket",https://prices.pokemontcg.io/tcgplayer/zsv10pt5-23,https://images.pokemontcg.io/zsv10pt5/23_hires.png,2026/08/08,2026/04/19,0.2,0.009999999776482582,0.20000000298023224,19.979999542236328,,0.28,,,,0.0807,0.0231,0.0692,0.2422,0.06920000165700912,0.0807,0.0692,0.2076,0.2192,0.2307,1.1535,2026-08-09
zsv10pt5-18,Simipour,normal,Black Bolt,18,Uncommon,Makura Tami,Stage 1,516,Pokémon,2025/07/18,"tcgplayer,cardmarket",https://prices.pokemontcg.io/tcgplayer/zsv10pt5-18,https://images.pokemontcg.io/zsv10pt5/18_hires.png,2026/08/08,2026/04/04,0.14,0.009999999776482582,0.15000000596046448,19.979999542236328,,0.22,,,,0.0346,0.0231,0.0231,0.1615,0.023099999874830246,0.0231,0.0346,0.0692,0.1154,0.15,1.1535,2026-08-09
zsv10pt5-24,Alomomola,normal,Black Bolt,24,Uncommon,Tika Matsuno,Basic,594,Pokémon,2025/07/18,"tcgplayer,cardmarket",https://prices.pokemontcg.io/tcgplayer/zsv10pt5-24,https://images.pokemontcg.io/zsv10pt5/24_hires.png,2026/08/08,2026/04/04,0.13,0.009999999776482582,0.15000000596046448,19.979999542236328,,0.25,,,,0.0346,0.0231,0.0461,0.1846,0.03460000082850456,0.0346,0.0346,0.0807,0.1961,0.173,1.1535,2026-08-09
zsv10pt5-29,Emolga,normal,Black Bolt,29,Common,Tomowaka,Basic,587,Pokémon,2025/07/18,"tcgplayer,cardmarket",https://prices.pokemontcg.io/tcgplayer/zsv10pt5-29,https://images.pokemontcg.io/zsv10pt5/29_hires.png,2026/08/08,2026/03/13,0.12,0.009999999776482582,0.15000000596046448,1000.0,,0.18,,,,0.0346,0.0231,0.0231,0.173,0.03460000082850456,0.0231,0.0346,0.0346,0.1038,0.173,1.1535,2026-08-09
zsv10pt5-28,Kyurem ex,holofoil,Black Bolt,28,Double Rare,N-DESIGN Inc.,Basic|ex,646,Pokémon,2025/07/18,"tcgplayer,cardmarket",https://prices.pokemontcg.io/tcgplayer/zsv10pt5-28,https://images.pokemontcg.io/zsv10pt5/28_hires.png,2026/08/08,2026/03/11,3.46,2.700000047683716,4.150000095367432,37.0,,,,,,0.4383,0.0231,0.4499,0.0,0.7152000069618225,0.496,0.4499,0.0,0.0,0.0,1.1535,2026-08-09
zsv10pt5-32,Eelektross,normal,Black Bolt,32,Uncommon,Jerky,Stage 2,604,Pokémon,2025/07/18,"tcgplayer,cardmarket",https://prices.pokemontcg.io/tcgplayer/zsv10pt5-32,https://images.pokemontcg.io/zsv10pt5/32_hires.png,2026/08/08,2026/03/11,0.14,0.009999999776482582,0.15000000596046448,19.979999542236328,,0.26,,,,0.0461,0.0231,0.0231,0.2768,0.023099999874830246,0.0346,0.0346,0.2422,0.2076,0.2422,1.1535,2026-08-09
zsv10pt5-31,Eelektrik,normal,Black Bolt,31,Uncommon,Jerky,Stage 1,603,Pokémon,2025/07/18,"tcgplayer,cardmarket",https://prices.pokemontcg.io/tcgplayer/zsv10pt5-31,https://images.pokemontcg.io/zsv10pt5/31_hires.png,2026/08/08,2026/03/11,0.21,0.009999999776482582,0.2199999988079071,19.979999542236328,,0.28,,,,0.0807,0.0231,0.0577,0.2307,0.03460000082850456,0.0807,0.0807,0.2192,0.1961,0.2307,1.1535,2026-08-09
zsv10pt5-35,Munna,normal,Black Bolt,35,Common,Eri Kamei,Basic,517,Pokémon,2025/07/18,"tcgplayer,cardmarket",https://prices.pokemontcg.io/tcgplayer/zsv10pt5-35,https://images.pokemontcg.io/zsv10pt5/35_hires.png,2026/08/08,2026/03/08,0.16,0.009999999776482582,0.1599999964237213,19.979999542236328,,0.24,,,,0.0346,0.0231,0.0346,0.0923,0.03460000082850456,0.0346,0.0346,0.1384,0.2307,0.1384,1.1535,2026-08-09
zsv10pt5-36,Musharna,normal,Black Bolt,36,Uncommon,Eri Kamei,Stage 1,518,Pokémon,2025/07/18,"tcgplayer,cardmarket",https://prices.pokemontcg.io/tcgplayer/zsv10pt5-36,https://images.pokemontcg.io/zsv10pt5/36_hires.png,2026/08/08,2026/03/08,0.14,0.009999999776482582,0.1599999964237213,19.979999542236328,,0.25,,,,0.0346,0.0231,0.0461,0.1961,0.03460000082850456,0.0346,0.0346,0.2307,0.173,0.1846,1.1535,2026-08-09
zsv10pt5-39,Reuniclus,normal,Black Bolt,39,Uncommon,LINNE,Stage 2,579,Pokémon,2025/07/18,"tcgplayer,cardmarket",https://prices.pokemontcg.io/tcgplayer/zsv10pt5-39,https://images.pokemontcg.io/zsv10pt5/39_hires.png,2026/08/08,2026/03/08,0.16,0.009999999776482582,0.17000000178813934,19.979999542236328,,0.26,,,,0.0346,0.0231,0.0346,0.173,0.03460000082850456,0.0346,0.0346,0.346,0.2076,0.173,1.1535,2026-08-09
zsv10pt5-37,Solosis,normal,Black Bolt,37,Common,LINNE,Basic,577,Pokémon,2025/07/18,"tcgplayer,cardmarket",https://prices.pokemontcg.io/tcgplayer/zsv10pt5-37,https://images.pokemontcg.io/zsv10pt5/37_hires.png,2026/08/08,2026/03/08,0.09,0.009999999776482582,0.15000000596046448,19.979999542236328,,0.2,,,,0.0346,0.0231,0.0231,0.0807,0.03460000082850456,0.0231,0.0346,0.4499,0.2538,0.1269,1.1535,2026-08-09
zsv10pt5-38,Duosion,normal,Black Bolt,38,Common,LINNE,Stage 1,578,Pokémon,2025/07/18,"tcgplayer,cardmarket",https://prices.pokemontcg.io/tcgplayer/zsv10pt5-38,https://images.pokemontcg.io/zsv10pt5/38_hires.png,2026/08/08,2026/03/08,0.14,0.009999999776482582,0.1599999964237213,19.979999542236328,,0.19,,,,0.0346,0.0231,0.0346,0.0923,0.03460000082850456,0.0231,0.0346,0.1154,0.2653,0.1384,1.1535,2026-08-09
zsv10pt5-30,Tynamo,normal,Black Bolt,30,Common,Jerky,Basic,602,Pokémon,2025/07/18,"tcgplayer,cardmarket",https://prices.pokemontcg.io/tcgplayer/zsv10pt5-30,https://images.pokemontcg.io/zsv10pt5/30_hires.png,2026/08/08,2026/03/08,0.21,0.009999999776482582,0.20999999344348907,19.979999542236328,,0.25,,,,0.0692,0.0231,0.0461,0.2076,0.023099999874830246,0.0692,0.0692,0.15,0.1154,0.1961,1.1535,2026-08-09
zsv10pt5-33,Thundurus,holofoil,Black Bolt,33,Rare,hncl,Basic,642,Pokémon,2025/07/18,"tcgplayer,cardmarket",https://prices.pokemontcg.io/tcgplayer/zsv10pt5-33,https://images.pokemontcg.io/zsv10pt5/33_hires.png,2026/08/08,2026/03/08,0.14,0.009999999776482582,0.1899999976158142,19.979999542236328,,0.23,,,,0.0577,0.0231,0.0807,0.1846,0.03460000082850456,0.0807,0.0692,0.2192,0.173,0.1615,1.1535,2026-08-09
zsv10pt5-34,Zekrom ex,holofoil,Black Bolt,34,Double Rare,takuyoa,Basic|ex,644,Pokémon,2025/07/18,"tcgplayer,cardmarket",https://prices.pokemontcg.io/tcgplayer/zsv10pt5-34,https://images.pokemontcg.io/zsv10pt5/34_hires.png,2026/08/08,2026/02/21,0.64,0.3799999952316284,0.8100000023841858,59.0,,,,,,0.5998,0.0346,0.5767,0.0,0.57669997215271,0.5767,0.5883,0.0,0.0,0.0,1.1535,2026-08-09
zsv10pt5-48,Gurdurr,normal,Black Bolt,48,Common,Shinya Mizuno,Stage 1,533,Pokémon,2025/07/18,"tcgplayer,cardmarket",https://prices.pokemontcg.io/tcgplayer/zsv10pt5-48,https://images.pokemontcg.io/zsv10pt5/48_hires.png,2026/08/08,2026/02/21,0.07,0.009999999776482582,0.15000000596046448,19.979999542236328,,0.17,,,,0.0346,0.0231,0.0346,0.0923,0.023099999874830246,0.0346,0.0346,0.0346,0.0692,0.0923,1.1535,2026-08-09
zsv10pt5-40,Elgyem,normal,Black Bolt,40,Common,Apios,Basic,605,Pokémon,2025/07/18,"tcgplayer,cardmarket",https://prices.pokemontcg.io/tcgplayer/zsv10pt5-40,https://images.pokemontcg.io/zsv10pt5/40_hires.png,2026/08/08,2026/02/21,0.13,0.009999999776482582,0.20000000298023224,19.979999542236328,,0.17,,,,0.0461,0.0231,0.0346,0.1038,0.023099999874830246,0.0346,0.0461,0.1384,0.1154,0.1038,1.1535,2026-08-09
zsv10pt5-42,Golett,normal,Black Bolt,42,Common,Uta,Basic,622,Pokémon,2025/07/18,"tcgplayer,cardmarket",https://prices.pokemontcg.io/tcgplayer/zsv10pt5-42,https://images.pokemontcg.io/zsv10pt5/42_hires.png,2026/08/08,2026/02/21,0.07,0.009999999776482582,0.15000000596046448,19.979999542236328,,0.15,,,,0.0461,0.0231,0.0346,0.0807,0.023099999874830246,0.0346,0.0461,0.0923,0.1269,0.0923,1.1535,2026-08-09
zsv10pt5-43,Golurk,normal,Black Bolt,43,Uncommon,Uta,Stage 1,623,Pokémon,2025/07/18,"tcgplayer,cardmarket",https://prices.pokemontcg.io/tcgplayer/zsv10pt5-43,https://images.pokemontcg.io/zsv10pt5/43_hires.png,2026/08/08,2026/02/21,0.07,0.009999999776482582,0.15000000596046448,19.979999542236328,,0.26,,,,0.0346,0.0231,0.0346,0.3345,0.11540000140666962,0.0346,0.0346,0.1154,0.1846,0.1846,1.1535,2026-08-09
zsv10pt5-45,Drilbur,normal,Black Bolt,45,Common,OKACHEKE,Basic,529,Pokémon,2025/07/18,"tcgplayer,cardmarket",https://prices.pokemontcg.io/tcgplayer/zsv10pt5-45,https://images.pokemontcg.io/zsv10pt5/45_hires.png,2026/08/08,2026/02/04,0.06,0.009999999776482582,0.15000000596046448,19.979999542236328,,0.21,,,,0.0461,0.0231,0.0346,0.0807,0.04610000178217888,0.0346,0.0461,0.1038,0.0807,0.0807,1.1535,2026-08-09
zsv10pt5-41,Beheeyem,normal,Black Bolt,41,Uncommon,Apios,Stage 1,606,Pokémon,2025/07/18,"tcgplayer,cardmarket",https://prices.pokemontcg.io/tcgplayer/zsv10pt5-41,https://images.pokemontcg.io/zsv10pt5/41_hires.png,2026/08/08,2026/02/04,0.1,0.009999999776482582,0.15000000596046448,24.0,,0.22,,,,0.0346,0.0231,0.0346,0.1846,0.04610000178217888,0.0346,0.0346,0.1384,0.1846,0.1961,1.1535,2026-08-09
zsv10pt5-46,Excadrill ex,holofoil,Black Bolt,46,Double Rare,N-DESIGN Inc.,Stage 1|ex,530,Pokémon,2025/07/18,"tcgplayer,cardmarket",https://prices.pokemontcg.io/tcgplayer/zsv10pt5-46,https://images.pokemontcg.io/zsv10pt5/46_hires.png,2026/08/08,2026/02/04,0.64,0.20000000298023224,0.8500000238418579,19.979999542236328,,,,,,0.4499,0.0231,0.3576,0.0,0.34599998593330383,0.4037,0.4268,0.0,0.0,0.0,1.1535,2026-08-09
zsv10pt5-51,Dwebble,normal,Black Bolt,51,Common,Tetsu Kayama,Basic,557,Pokémon,2025/07/18,"tcgplayer,cardmarket",https://prices.pokemontcg.io/tcgplayer/zsv10pt5-51,https://images.pokemontcg.io/zsv10pt5/51_hires.png,2026/08/08,2026/02/04,0.14,0.009999999776482582,0.15000000596046448,19.979999542236328,,0.22,,,,0.0346,0.0231,0.0346,0.1384,0.04610000178217888,0.0346,0.0346,0.3345,0.173,0.1384,1.1535,2026-08-09
zsv10pt5-44,Meloetta ex,holofoil,Black Bolt,44,Double Rare,5ban Graphics,Basic|ex,648,Pokémon,2025/07/18,"tcgplayer,cardmarket",https://prices.pokemontcg.io/tcgplayer/zsv10pt5-44,https://images.pokemontcg.io/zsv10pt5/44_hires.png,2026/08/08,2026/02/04,0.69,0.25,0.8299999833106995,19.979999542236328,,,,,,0.4383,0.0231,0.3922,0.0,0.3345000147819519,0.4614,0.4383,0.0,0.0,0.0,1.1535,2026-08-09
zsv10pt5-47,Timburr,normal,Black Bolt,47,Common,Shinya Mizuno,Basic,532,Pokémon,2025/07/18,"tcgplayer,cardmarket",https://prices.pokemontcg.io/tcgplayer/zsv10pt5-47,https://images.pokemontcg.io/zsv10pt5/47_hires.png,2026/08/08,2026/02/04,0.08,0.009999999776482582,0.15000000596046448,19.979999542236328,,0.17,,,,0.0346,0.0231,0.0346,0.2307,0.023099999874830246,0.0231,0.0346,0.2768,0.1038,0.1154,1.1535,2026-08-09
zsv10pt5-52,Crustle,normal,Black Bolt,52,Uncommon,Tetsu Kayama,Stage 1,558,Pokémon,2025/07/18,"tcgplayer,cardmarket",https://prices.pokemontcg.io/tcgplayer/zsv10pt5-52,https://images.pokemontcg.io/zsv10pt5/52_hires.png,2026/08/08,2026/02/04,0.09,0.009999999776482582,0.15000000596046448,19.979999542236328,,0.23,,,,0.0346,0.0231,0.0346,0.173,0.04610000178217888,0.0346,0.0346,0.1038,0.2192,0.1615,1.1535,2026-08-09
zsv10pt5-49,Conkeldurr,holofoil,Black Bolt,49,Rare,Shinya Mizuno,Stage 2,534,Pokémon,2025/07/18,"tcgplayer,cardmarket",https://prices.pokemontcg.io/tcgplayer/zsv10pt5-49,https://images.pokemontcg.io/zsv10pt5/49_hires.png,2026/08/08,2026/02/04,0.15,0.009999999776482582,0.1899999976158142,19.979999542236328,,0.23,,,,0.0577,0.0231,0.0577,0.1961,0.09229999780654907,0.0577,0.0577,0.0807,0.1961,0.1961,1.1535,2026-08-09
zsv10pt5-50,Throh,normal,Black Bolt,50,Uncommon,Shin Nagasawa,Basic,538,Pokémon,2025/07/18,"tcgplayer,cardmarket",https://prices.pokemontcg.io/tcgplayer/zsv10pt5-50,https://images.pokemontcg.io/zsv10pt5/50_hires.png,2026/08/08,2026/02/04,0.09,0.009999999776482582,0.15000000596046448,19.979999542236328,,0.27,,,,0.0346,0.0231,0.0346,0.173,0.03460000082850456,0.0346,0.0346,0.173,0.173,0.173,1.1535,2026-08-09
zsv10pt5-53,Landorus,holofoil,Black Bolt,53,Rare,Kazumasa Yasukuni,Basic,645,Pokémon,2025/07/18,"tcgplayer,cardmarket",https://prices.pokemontcg.io/tcgplayer/zsv10pt5-53,https://images.pokemontcg.io/zsv10pt5/53_hires.png,2026/08/08,2026/02/04,0.12,0.009999999776482582,0.17000000178813934,19.979999542236328,,0.23,,,,0.0923,0.0231,0.0577,0.1615,0.05770000070333481,0.0577,0.0923,0.6229,0.2192,0.173,1.1535,2026-08-09
zsv10pt5-64,Pawniard,normal,Black Bolt,64,Common,Oku,Basic,624,Pokémon,2025/07/18,"tcgplayer,cardmarket",https://prices.pokemontcg.io/tcgplayer/zsv10pt5-64,https://images.pokemontcg.io/zsv10pt5/64_hires.png,2026/08/08,2026/02/04,0.03,0.009999999776482582,0.15000000596046448,19.979999542236328,,0.12,,,,0.0346,0.0231,0.0231,0.0923,0.023099999874830246,0.0346,0.0346,0.5537,0.1615,0.1038,1.1535,2026-08-09
zsv10pt5-55,Whirlipede,normal,Black Bolt,55,Common,okayamatakatoshi,Stage 1,544,Pokémon,2025/07/18,"tcgplayer,cardmarket",https://prices.pokemontcg.io/tcgplayer/zsv10pt5-55,https://images.pokemontcg.io/zsv10pt5/55_hires.png,2026/08/08,2026/02/04,0.11,0.009999999776482582,0.15000000596046448,19.979999542236328,,0.2,,,,0.0577,0.0231,0.0231,0.1384,0.04610000178217888,0.0346,0.0577,0.1038,0.1615,0.1384,1.1535,2026-08-09
zsv10pt5-54,Venipede,normal,Black Bolt,54,Common,okayamatakatoshi,Basic,543,Pokémon,2025/07/18,"tcgplayer,cardmarket",https://prices.pokemontcg.io/tcgplayer/zsv10pt5-54,https://images.pokemontcg.io/zsv10pt5/54_hires.png,2026/08/08,2026/02/04,0.11,0.009999999776482582,0.15000000596046448,19.979999542236328,,0.19,,,,0.0577,0.0231,0.0346,0.1154,0.04610000178217888,0.0346,0.0577,0.1038,0.1038,0.1154,1.1535,2026-08-09
zsv10pt5-58,Krokorok,normal,Black Bolt,58,Common,Gapao,Stage 1,552,Pokémon,2025/07/18,"tcgplayer,cardmarket",https://prices.pokemontcg.io/tcgplayer/zsv10pt5-58,https://images.pokemontcg.io/zsv10pt5/58_hires.png,2026/08/08,2026/02/04,0.12,0.009999999776482582,0.15000000596046448,19.979999542236328,,0.2,,,,0.0346,0.0231,0.0231,0.1154,0.04610000178217888,0.0346,0.0346,0.173,0.0923,0.1154,1.1535,2026-08-09
zsv10pt5-59,Krookodile,normal,Black Bolt,59,Uncommon,Gapao,Stage 2,553,Pokémon,2025/07/18,"tcgplayer,cardmarket",https://prices.pokemontcg.io/tcgplayer/zsv10pt5-59,https://images.pokemontcg.io/zsv10pt5/59_hires.png,2026/08/08,2026/02/04,0.13,0.009999999776482582,0.15000000596046448,19.979999542236328,,0.22,,,,0.0461,0.0231,0.0231,0.2307,0.023099999874830246,0.0231,0.0461,0.2653,0.2422,0.2192,1.1535,2026-08-09
zsv10pt5-60,Escavalier,normal,Black Bolt,60,Uncommon,DOM,Stage 1,589,Pokémon,2025/07/18,"tcgplayer,cardmarket",https://prices.pokemontcg.io/tcgplayer/zsv10pt5-60,https://images.pokemontcg.io/zsv10pt5/60_hires.png,2026/08/08,2026/02/04,0.13,0.009999999776482582,0.15000000596046448,19.979999542236328,,0.24,,,,0.0346,0.0231,0.0461,0.1846,0.04610000178217888,0.0346,0.0346,0.1615,0.1038,0.173,1.1535,2026-08-09
zsv10pt5-62,Klang,normal,Black Bolt,62,Common,Amelicart,Stage 1,600,Pokémon,2025/07/18,"tcgplayer,cardmarket",https://prices.pokemontcg.io/tcgplayer/zsv10pt5-62,https://images.pokemontcg.io/zsv10pt5/62_hires.png,2026/08/08,2026/02/04,0.13,0.009999999776482582,0.15000000596046448,19.979999542236328,,0.23,,,,0.0346,0.0231,0.0461,0.1038,0.023099999874830246,0.0346,0.0346,0.0577,0.0807,0.1038,1.1535,2026-08-09
zsv10pt5-61,Klink,normal,Black Bolt,61,Common,Amelicart,Basic,599,Pokémon,2025/07/18,"tcgplayer,cardmarket",https://prices.pokemontcg.io/tcgplayer/zsv10pt5-61,https://images.pokemontcg.io/zsv10pt5/61_hires.png,2026/08/08,2026/01/21,0.04,0.009999999776482582,0.15000000596046448,19.979999542236328,,0.19,,,,0.0346,0.0231,0.0461,0.173,0.05770000070333481,0.0346,0.0346,0.0807,0.173,0.1615,1.1535,2026-08-09
zsv10pt5-56,Scolipede,normal,Black Bolt,56,Uncommon,okayamatakatoshi,Stage 2,545,Pokémon,2025/07/18,"tcgplayer,cardmarket",https://prices.pokemontcg.io/tcgplayer/zsv10pt5-56,https://images.pokemontcg.io/zsv10pt5/56_hires.png,2026/08/08,2026/01/21,0.16,0.009999999776482582,0.1599999964237213,19.979999542236328,,0.26,,,,0.0577,0.0231,0.0692,0.173,0.023099999874830246,0.0346,0.0577,0.1384,0.173,0.173,1.1535,2026-08-09
zsv10pt5-57,Sandile,normal,Black Bolt,57,Common,Gapao,Basic,551,Pokémon,2025/07/18,"tcgplayer,cardmarket",https://prices.pokemontcg.io/tcgplayer/zsv10pt5-57,https://images.pokemontcg.io/zsv10pt5/57_hires.png,2026/08/08,2026/01/21,0.14,0.009999999776482582,0.15000000596046448,19.979999542236328,,0.2,,,,0.0346,0.0231,0.0461,0.1154,0.023099999874830246,0.0346,0.0346,0.0461,0.1269,0.1269,1.1535,2026-08-09
zsv10pt5-63,Klinklang,holofoil,Black Bolt,63,Rare,Amelicart,Stage 2,599,Pokémon,2025/07/18,"tcgplayer,cardmarket",https://prices.pokemontcg.io/tcgplayer/zsv10pt5-63,https://images.pokemontcg.io/zsv10pt5/63_hires.png,2026/08/08,2026/01/21,0.15,0.009999999776482582,0.18000000715255737,156.0,,0.24,,,,0.0807,0.0231,0.0692,0.1269,0.04610000178217888,0.0807,0.0807,0.2307,0.1154,0.1384,1.1535,2026-08-09
zsv10pt5-67,Genesect ex,holofoil,Black Bolt,67,Double Rare,5ban Graphics,Basic|ex,649,Pokémon,2025/07/18,"tcgplayer,cardmarket",https://prices.pokemontcg.io/tcgplayer/zsv10pt5-67,https://images.pokemontcg.io/zsv10pt5/67_hires.png,2026/08/08,2026/01/21,0.95,0.6499999761581421,1.0399999618530273,19.979999542236328,,,,,,0.6921,0.0231,0.669,0.0,0.5306000113487244,0.6229,0.6806,0.0,0.0,0.0,1.1535,2026-08-09
zsv10pt5-68,Axew,normal,Black Bolt,68,Common,Taiga Kasai,Basic,610,Pokémon,2025/07/18,"tcgplayer,cardmarket",https://prices.pokemontcg.io/tcgplayer/zsv10pt5-68,https://images.pokemontcg.io/zsv10pt5/68_hires.png,2026/08/08,2026/01/19,0.16,0.009999999776482582,0.1599999964237213,19.979999542236328,,0.18,,,,0.0577,0.0231,0.0692,0.1154,0.023099999874830246,0.0346,0.0577,0.1038,0.0923,0.1154,1.1535,2026-08-09
zsv10pt5-70,Haxorus,holofoil,Black Bolt,70,Rare,Taiga Kasai,Stage 2,612,Pokémon,2025/07/18,"tcgplayer,cardmarket",https://prices.pokemontcg.io/tcgplayer/zsv10pt5-70,https://images.pokemontcg.io/zsv10pt5/70_hires.png,2026/08/08,2026/01/19,0.15,0.009999999776482582,0.20000000298023224,19.979999542236328,,0.27,,,,0.0807,0.0231,0.1038,0.173,0.06920000165700912,0.0577,0.0807,0.0577,0.15,0.173,1.1535,2026-08-09
zsv10pt5-71,Pidove,normal,Black Bolt,71,Common,Tomomi Ozaki,Basic,519,Pokémon,2025/07/18,"tcgplayer,cardmarket",https://prices.pokemontcg.io/tcgplayer/zsv10pt5-71,https://images.pokemontcg.io/zsv10pt5/71_hires.png,2026/08/08,2026/01/19,0.06,0.009999999776482582,0.15000000596046448,19.979999542236328,,0.2,,,,0.0346,0.0231,0.0461,0.1269,0.023099999874830246,0.0346,0.0346,0.1615,0.2076,0.1269,1.1535,2026-08-09
zsv10pt5-65,Bisharp,normal,Black Bolt,65,Uncommon,Oku,Stage 1,625,Pokémon,2025/07/18,"tcgplayer,cardmarket",https://prices.pokemontcg.io/tcgplayer/zsv10pt5-65,https://images.pokemontcg.io/zsv10pt5/65_hires.png,2026/08/08,2026/01/19,0.09,0.009999999776482582,0.15000000596046448,19.979999542236328,,0.21,,,,0.0346,0.0231,0.0346,0.15,0.03460000082850456,0.0231,0.0346,0.2768,0.2422,0.173,1.1535,2026-08-09
zsv10pt5-72,Tranquill,normal,Black Bolt,72,Common,Tomomi Ozaki,Stage 1,520,Pokémon,2025/07/18,"tcgplayer,cardmarket",https://prices.pokemontcg.io/tcgplayer/zsv10pt5-72,https://images.pokemontcg.io/zsv10pt5/72_hires.png,2026/08/08,2026/01/19,0.08,0.009999999776482582,0.15000000596046448,19.979999542236328,,0.16,,,,0.0346,0.0231,0.0346,0.1038,0.023099999874830246,0.0231,0.0346,0.0807,0.0692,0.1038,1.1535,2026-08-09
zsv10pt5-69,Fraxure,normal,Black Bolt,69,Common,Taiga Kasai,Stage 1,611,Pokémon,2025/07/18,"tcgplayer,cardmarket",https://prices.pokemontcg.io/tcgplayer/zsv10pt5-69,https://images.pokemontcg.io/zsv10pt5/69_hires.png,2026/08/08,2026/01/19,0.08,0.009999999776482582,0.15000000596046448,19.979999542236328,,0.2,,,,0.0346,0.0231,0.0461,0.0923,0.023099999874830246,0.0231,0.0346,0.0807,0.0692,0.0923,1.1535,2026-08-09
zsv10pt5-73,Unfezant,normal,Black Bolt,73,Uncommon,Tomomi Ozaki,Stage 2,521,Pokémon,2025/07/18,"tcgplayer,cardmarket",https://prices.pokemontcg.io/tcgplayer/zsv10pt5-73,https://images.pokemontcg.io/zsv10pt5/73_hires.png,2026/08/08,2026/01/19,0.16,0.009999999776482582,0.17000000178813934,19.979999542236328,,0.22,,,,0.0346,0.0231,0.0461,0.1961,0.03460000082850456,0.0346,0.0346,0.1846,0.2307,0.1846,1.1535,2026-08-09
zsv10pt5-66,Cobalion,holofoil,Black Bolt,66,Rare,HICO KIM,Basic,638,Pokémon,2025/07/18,"tcgplayer,cardmarket",https://prices.pokemontcg.io/tcgplayer/zsv10pt5-66,https://images.pokemontcg.io/zsv10pt5/66_hires.png,2026/08/08,2026/01/19,0.12,0.009999999776482582,0.18000000715255737,19.979999542236328,,0.24,,,,0.0692,0.0231,0.0923,0.2076,0.09229999780654907,0.0692,0.0692,0.1154,0.1615,0.1961,1.1535,2026-08-09
zsv10pt5-82,Fennel,normal,Black Bolt,82,Uncommon,Yuu Nishida,Supporter,,Trainer,2025/07/18,"tcgplayer,cardmarket",https://prices.pokemontcg.io/tcgplayer/zsv10pt5-82,https://images.pokemontcg.io/zsv10pt5/82_hires.png,2026/08/08,2026/01/19,0.17,0.009999999776482582,0.18000000715255737,19.979999542236328,,0.2,,,,0.0461,0.0231,0.0577,0.1846,0.04610000178217888,0.0346,0.0461,0.1154,0.1961,0.1846,1.1535,2026-08-09
zsv10pt5-78,Braviary,normal,Black Bolt,78,Uncommon,Kedamahadaitai Yawarakai,Stage 1,628,Pokémon,2025/07/18,"tcgplayer,cardmarket",https://prices.pokemontcg.io/tcgplayer/zsv10pt5-78,https://images.pokemontcg.io/zsv10pt5/78_hires.png,2026/08/08,2026/01/19,0.1,0.009999999776482582,0.15000000596046448,19.979999542236328,,0.24,,,,0.0346,0.0231,0.0346,0.1615,0.04610000178217888,0.0346,0.0346,0.1961,0.15,0.1615,1.1535,2026-08-09
zsv10pt5-83,N's Plan,normal,Black Bolt,83,Uncommon,hncl,Supporter,,Trainer,2025/07/18,"tcgplayer,cardmarket",https://prices.pokemontcg.io/tcgplayer/zsv10pt5-83,https://images.pokemontcg.io/zsv10pt5/83_hires.png,2026/08/08,2026/01/19,0.19,0.009999999776482582,0.20000000298023224,19.979999542236328,,0.36,,,,0.0692,0.0231,0.0807,0.2999,0.05770000070333481,0.0577,0.0807,0.3345,0.4499,0.2999,1.1535,2026-08-09
zsv10pt5-81,Energy Coin,normal,Black Bolt,81,Uncommon,Toyste Beach,Item,,Trainer,2025/07/18,"tcgplayer,cardmarket",https://prices.pokemontcg.io/tcgplayer/zsv10pt5-81,https://images.pokemontcg.io/zsv10pt5/81_hires.png,2026/08/08,2026/01/19,0.13,0.009999999776482582,0.15000000596046448,19.979999542236328,,0.22,,,,0.0461,0.0231,0.0461,0.1961,0.023099999874830246,0.0346,0.0346,0.1961,0.2307,0.1961,1.1535,2026-08-09
zsv10pt5-75,Minccino,normal,Black Bolt,75,Common,Ayako Ozaki,Basic,572,Pokémon,2025/07/18,"tcgplayer,cardmarket",https://prices.pokemontcg.io/tcgplayer/zsv10pt5-75,https://images.pokemontcg.io/zsv10pt5/75_hires.png,2026/08/08,2026/01/19,0.19,0.009999999776482582,0.18000000715255737,19.979999542236328,,0.23,,,,0.0807,0.0231,0.0346,0.1038,0.03460000082850456,0.0346,0.0346,0.15,0.1154,0.1154,1.1535,2026-08-09
zsv10pt5-76,Cinccino,normal,Black Bolt,76,Uncommon,Ayako Ozaki,Stage 1,573,Pokémon,2025/07/18,"tcgplayer,cardmarket",https://prices.pokemontcg.io/tcgplayer/zsv10pt5-76,https://images.pokemontcg.io/zsv10pt5/76_hires.png,2026/08/08,2026/01/19,0.14,0.009999999776482582,0.17000000178813934,19.979999542236328,,0.26,,,,0.0346,0.0231,0.0461,0.1846,0.03460000082850456,0.0346,0.0346,0.0577,0.1846,0.1846,1.1535,2026-08-09
zsv10pt5-79,Air Balloon,normal,Black Bolt,79,Uncommon,Studio Bora Inc.,Pokémon Tool,,Trainer,2025/07/18,"tcgplayer,cardmarket",https://prices.pokemontcg.io/tcgplayer/zsv10pt5-79,https://images.pokemontcg.io/zsv10pt5/79_hires.png,2026/08/08,2026/01/16,0.17,0.019999999552965164,0.25,19.979999542236328,,0.4,,,,0.5998,0.0231,0.6229,0.8997,0.6229000091552734,0.5883,0.5998,1.9148,1.0151,0.9113,1.1535,2026-08-09
zsv10pt5-74,Audino,normal,Black Bolt,74,Common,Saya Tsuruta,Basic,531,Pokémon,2025/07/18,"tcgplayer,cardmarket",https://prices.pokemontcg.io/tcgplayer/zsv10pt5-74,https://images.pokemontcg.io/zsv10pt5/74_hires.png,2026/08/08,2026/01/16,0.04,0.009999999776482582,0.15000000596046448,19.979999542236328,,0.2,,,,0.0346,0.0231,0.0231,0.0923,0.03460000082850456,0.0346,0.0346,0.0461,0.1038,0.1038,1.1535,2026-08-09
zsv10pt5-77,Rufflet,normal,Black Bolt,77,Common,Kedamahadaitai Yawarakai,Basic,627,Pokémon,2025/07/18,"tcgplayer,cardmarket",https://prices.pokemontcg.io/tcgplayer/zsv10pt5-77,https://images.pokemontcg.io/zsv10pt5/77_hires.png,2026/08/08,2026/01/16,0.08,0.009999999776482582,0.15000000596046448,19.979999542236328,,0.2,,,,0.0346,0.0231,0.0346,0.1038,0.03460000082850456,0.0346,0.0346,0.0692,0.1038,0.1038,1.1535,2026-08-09
zsv10pt5-80,Antique Cover Fossil,normal,Black Bolt,60,Common,DOM,Item,,Trainer,2025/07/18,"tcgplayer,cardmarket",https://prices.pokemontcg.io/tcgplayer/zsv10pt5-80,https://images.pokemontcg.io/zsv10pt5/80_hires.png,2026/08/08,2026/01/16,0.14,0.009999999776482582,0.15000000596046448,19.979999542236328,,0.19,,,,0.0346,0.0231,0.0346,0.1269,0.023099999874830246,0.0346,0.0346,0.0692,0.0923,0.1269,1.1535,2026-08-09
zsv10pt5-84,Pokégear 3.0,normal,Black Bolt,84,Uncommon,Toyste Beach,Item,,Trainer,2025/07/18,"tcgplayer,cardmarket",https://prices.pokemontcg.io/tcgplayer/zsv10pt5-84,https://images.pokemontcg.io/zsv10pt5/84_hires.png,2026/08/08,2026/01/16,0.1,0.009999999776482582,0.1599999964237213,19.979999542236328,,0.24,,,,0.2884,0.0231,0.2538,0.5537,0.15000000596046448,0.2307,0.2653,0.5075,0.4153,0.4845,1.1535,2026-08-09
zsv10pt5-85,Professor's Research,normal,Black Bolt,85,Uncommon,Taira Akitsu,Supporter,,Trainer,2025/07/18,"tcgplayer,cardmarket",https://prices.pokemontcg.io/tcgplayer/zsv10pt5-85,https://images.pokemontcg.io/zsv10pt5/85_hires.png,2026/08/08,2026/01/16,0.17,0.009999999776482582,0.18000000715255737,19.979999542236328,,0.2,,,,0.0461,0.0231,0.0577,0.1269,0.08070000261068344,0.0807,0.0577,0.1384,0.0692,0.1269,1.1535,2026-08-09
zsv10pt5-86,Prism Energy,normal,Black Bolt,86,Uncommon,,Special,,Energy,2025/07/18,"tcgplayer,cardmarket",https://prices.pokemontcg.io/tcgplayer/zsv10pt5-86,https://images.pokemontcg.io/zsv10pt5/86_hires.png,2026/08/08,2026/01/16,0.2,0.009999999776482582,0.20999999344348907,1000.0,,0.26,,,,0.1384,0.0231,0.1615,0.2653,0.05770000070333481,0.1384,0.1269,0.2076,0.3345,0.2653,1.1535,2026-08-09
zsv10pt5-92,Lilligant,holofoil,Black Bolt,92,Illustration Rare,En Morikura,Stage 1,549,Pokémon,2025/07/18,"tcgplayer,cardmarket",https://prices.pokemontcg.io/tcgplayer/zsv10pt5-92,https://images.pokemontcg.io/zsv10pt5/92_hires.png,2026/08/08,2026/01/16,57.42,55.0,61.720001220703125,516.780029296875,,,,,,21.0398,11.535,17.3256,0.0,13.830499649047852,18.2022,20.1516,0.0,0.0,0.0,1.1535,2026-08-09
zsv10pt5-113,Tynamo,holofoil,Black Bolt,113,Illustration Rare,ryoma uratsuka,Basic,602,Pokémon,2025/07/18,"tcgplayer,cardmarket",https://prices.pokemontcg.io/tcgplayer/zsv10pt5-113,https://images.pokemontcg.io/zsv10pt5/113_hires.png,2026/08/08,2026/01/16,20.21,18.75,21.969999313354492,181.88999938964844,,,,,,12.0541,6.3442,14.7071,0.0,11.857999801635742,12.9884,12.6654,0.0,0.0,0.0,1.1535,2026-08-09
zsv10pt5-115,Eelektross,holofoil,Black Bolt,115,Illustration Rare,Yukiko Baba,Stage 2,604,Pokémon,2025/07/18,"tcgplayer,cardmarket",https://prices.pokemontcg.io/tcgplayer/zsv10pt5-115,https://images.pokemontcg.io/zsv10pt5/115_hires.png,2026/08/08,2026/01/16,28.6,26.0,31.920000076293945,181.89999389648438,,,,,,13.023,9.8048,14.6725,0.0,14.418700218200684,13.8074,13.2306,0.0,0.0,0.0,1.1535,2026-08-09
zsv10pt5-117,Musharna,holofoil,Black Bolt,117,Illustration Rare,Mizue,Stage 1,518,Pokémon,2025/07/18,"tcgplayer,cardmarket",https://prices.pokemontcg.io/tcgplayer/zsv10pt5-117,https://images.pokemontcg.io/zsv10pt5/117_hires.png,2026/08/08,2026/01/16,12.72,12.0,14.479999542236328,85.0,,,,,,7.1517,3.4374,6.9556,0.0,6.632599830627441,6.9325,7.3824,0.0,0.0,0.0,1.1535,2026-08-09
zsv10pt5-90,Simisage,holofoil,Black Bolt,90,Illustration Rare,Yuka Tanaka,Stage 1,512,Pokémon,2025/07/18,"tcgplayer,cardmarket",https://prices.pokemontcg.io/tcgplayer/zsv10pt5-90,https://images.pokemontcg.io/zsv10pt5/90_hires.png,2026/08/08,2026/01/16,11.87,8.380000114440918,12.989999771118164,74.98999786376953,,,,,,6.3904,4.0373,5.8713,0.0,5.894400119781494,6.1251,6.3442,0.0,0.0,0.0,1.1535,2026-08-09
zsv10pt5-93,Maractus,holofoil,Black Bolt,93,Illustration Rare,Heisuke Kitazawa,Basic,556,Pokémon,2025/07/18,"tcgplayer,cardmarket",https://prices.pokemontcg.io/tcgplayer/zsv10pt5-93,https://images.pokemontcg.io/zsv10pt5/93_hires.png,2026/08/08,2026/01/16,7.48,3.5899999141693115,8.289999961853027,43.099998474121094,,,,,,4.7063,2.307,4.5217,0.0,5.986700057983398,4.8562,4.6371,0.0,0.0,0.0,1.1535,2026-08-09
zsv10pt5-96,Amoonguss,holofoil,Black Bolt,96,Illustration Rare,OKUBO,Stage 1,591,Pokémon,2025/07/18,"tcgplayer,cardmarket",https://prices.pokemontcg.io/tcgplayer/zsv10pt5-96,https://images.pokemontcg.io/zsv10pt5/96_hires.png,2026/08/08,2026/01/16,46.56,42.0,48.02000045776367,77.13999938964844,,,,,,15.8722,13.8305,15.7914,0.0,16.437400817871094,16.1721,16.1605,0.0,0.0,0.0,1.1535,2026-08-09
zsv10pt5-102,Simipour,holofoil,Black Bolt,102,Illustration Rare,Yoriyuki Ikegami,Stage 1,516,Pokémon,2025/07/18,"tcgplayer,cardmarket",https://prices.pokemontcg.io/tcgplayer/zsv10pt5-102,https://images.pokemontcg.io/zsv10pt5/102_hires.png,2026/08/08,2026/01/16,14.87,10.0,16.0,81.69999694824219,,,,,,6.8172,4.4986,5.5483,0.0,6.563399791717529,5.8944,6.7134,0.0,0.0,0.0,1.1535,2026-08-09
zsv10pt5-105,Seismitoad,holofoil,Black Bolt,105,Illustration Rare,Shinji Kanda,Stage 2,537,Pokémon,2025/07/18,"tcgplayer,cardmarket",https://prices.pokemontcg.io/tcgplayer/zsv10pt5-105,https://images.pokemontcg.io/zsv10pt5/105_hires.png,2026/08/08,2026/01/16,238.78,225.0,254.5800018310547,1816.300048828125,,,,,,109.8593,46.14,110.2746,0.0,119.7218017578125,110.8167,112.3624,0.0,0.0,0.0,1.1535,2026-08-09
zsv10pt5-88,Servine,holofoil,Black Bolt,88,Illustration Rare,Jiro Sasumo,Stage 1,496,Pokémon,2025/07/18,"tcgplayer,cardmarket",https://prices.pokemontcg.io/tcgplayer/zsv10pt5-88,https://images.pokemontcg.io/zsv10pt5/88_hires.png,2026/08/08,2026/01/16,19.7,18.280000686645508,21.969999313354492,144.1999969482422,,,,,,10.9352,7.8438,11.9272,0.0,11.53499984741211,12.0425,11.3274,0.0,0.0,0.0,1.1535,2026-08-09
zsv10pt5-97,Darumaka,holofoil,Black Bolt,97,Illustration Rare,Tomowaka,Basic,554,Pokémon,2025/07/18,"tcgplayer,cardmarket",https://prices.pokemontcg.io/tcgplayer/zsv10pt5-97,https://images.pokemontcg.io/zsv10pt5/97_hires.png,2026/08/08,2026/01/16,16.64,13.5,17.0,104.0,,,,,,6.8287,5.0754,6.5057,0.0,6.58650016784668,6.8056,6.8633,0.0,0.0,0.0,1.1535,2026-08-09
zsv10pt5-99,Larvesta,holofoil,Black Bolt,99,Illustration Rare,Katsunori Sato,Basic,636,Pokémon,2025/07/18,"tcgplayer,cardmarket",https://prices.pokemontcg.io/tcgplayer/zsv10pt5-99,https://images.pokemontcg.io/zsv10pt5/99_hires.png,2026/08/08,2026/01/16,15.16,13.5,16.280000686645508,114.19999694824219,,,,,,7.6362,3.4605,7.3824,0.0,2.8838000297546387,7.4401,7.6823,0.0,0.0,0.0,1.1535,2026-08-09
zsv10pt5-101,Panpour,holofoil,Black Bolt,101,Illustration Rare,Hoshino KURO,Basic,515,Pokémon,2025/07/18,"tcgplayer,cardmarket",https://prices.pokemontcg.io/tcgplayer/zsv10pt5-101,https://images.pokemontcg.io/zsv10pt5/101_hires.png,2026/08/08,2025/12/28,15.84,13.479999542236328,17.25,93.33000183105469,,,,,,7.3132,5.0754,6.5865,0.0,5.767499923706055,6.5519,7.2786,0.0,0.0,0.0,1.1535,2026-08-09
zsv10pt5-108,Alomomola,holofoil,Black Bolt,108,Illustration Rare,Rond,Basic,594,Pokémon,2025/07/18,"tcgplayer,cardmarket",https://prices.pokemontcg.io/tcgplayer/zsv10pt5-108,https://images.pokemontcg.io/zsv10pt5/108_hires.png,2026/08/08,2025/12/28,25.48,24.209999084472656,27.489999771118164,133.0,,,,,,11.6388,6.921,12.4924,0.0,10.958200454711914,12.6424,11.4081,0.0,0.0,0.0,1.1535,2026-08-09
zsv10pt5-110,Beartic,holofoil,Black Bolt,110,Illustration Rare,Whisker,Stage 1,614,Pokémon,2025/07/18,"tcgplayer,cardmarket",https://prices.pokemontcg.io/tcgplayer/zsv10pt5-110,https://images.pokemontcg.io/zsv10pt5/110_hires.png,2026/08/08,2025/12/28,10.83,8.0,11.850000381469727,80.69999694824219,,,,,,5.433,3.9219,5.6291,0.0,2.8838000297546387,5.6868,5.4791,0.0,0.0,0.0,1.1535,2026-08-09
zsv10pt5-112,Emolga,holofoil,Black Bolt,112,Illustration Rare,Tomomi Ozaki,Basic,587,Pokémon,2025/07/18,"tcgplayer,cardmarket",https://prices.pokemontcg.io/tcgplayer/zsv10pt5-112,https://images.pokemontcg.io/zsv10pt5/112_hires.png,2026/08/08,2025/12/28,18.96,17.489999771118164,21.3700008392334,118.19999694824219,,,,,,8.0399,4.2103,7.7515,0.0,7.209400177001953,7.4401,7.8899,0.0,0.0,0.0,1.1535,2026-08-09
zsv10pt5-114,Eelektrik,holofoil,Black Bolt,114,Illustration Rare,Kurata So,Stage 1,603,Pokémon,2025/07/18,"tcgplayer,cardmarket",https://prices.pokemontcg.io/tcgplayer/zsv10pt5-114,https://images.pokemontcg.io/zsv10pt5/114_hires.png,2026/08/08,2025/12/28,23.77,21.989999771118164,25.84000015258789,185.0,,,,,,16.7488,13.842,18.133,0.0,23.06999969482422,17.7985,16.5066,0.0,0.0,0.0,1.1535,2026-08-09
zsv10pt5-87,Snivy,holofoil,Black Bolt,87,Illustration Rare,Yoshimi Miyoshi,Basic,495,Pokémon,2025/07/18,"tcgplayer,cardmarket",https://prices.pokemontcg.io/tcgplayer/zsv10pt5-87,https://images.pokemontcg.io/zsv10pt5/87_hires.png,2026/08/08,2025/12/28,34.04,30.0,37.0099983215332,306.3599853515625,,,,,,15.5492,13.7266,16.8411,0.0,19.609500885009766,16.3451,15.6415,0.0,0.0,0.0,1.1535,2026-08-09
zsv10pt5-94,Karrablast,holofoil,Black Bolt,94,Illustration Rare,Tomokazu Komiya,Basic,588,Pokémon,2025/07/18,"tcgplayer,cardmarket",https://prices.pokemontcg.io/tcgplayer/zsv10pt5-94,https://images.pokemontcg.io/zsv10pt5/94_hires.png,2026/08/08,2025/12/12,18.25,15.0,20.0,93.44999694824219,,,,,,10.4853,6.3327,10.4738,0.0,10.335399627685547,10.22,10.5661,0.0,0.0,0.0,1.1535,2026-08-09
zsv10pt5-98,Darmanitan,holofoil,Black Bolt,98,Illustration Rare,Nisota Niso,Stage 1,555,Pokémon,2025/07/18,"tcgplayer,cardmarket",https://prices.pokemontcg.io/tcgplayer/zsv10pt5-98,https://images.pokemontcg.io/zsv10pt5/98_hires.png,2026/08/08,2025/12/12,12.21,10.4399995803833,13.010000228881836,94.7699966430664,,,,,,7.0825,5.0754,6.9902,0.0,5.767499923706055,7.4285,7.0479,0.0,0.0,0.0,1.1535,2026-08-09
zsv10pt5-100,Volcarona,holofoil,Black Bolt,100,Illustration Rare,AKIRA EGAWA,Stage 1,637,Pokémon,2025/07/18,"tcgplayer,cardmarket",https://prices.pokemontcg.io/tcgplayer/zsv10pt5-100,https://images.pokemontcg.io/zsv10pt5/100_hires.png,2026/08/08,2025/12/12,61.94,51.959999084472656,64.73999786376953,474.4800109863281,,,,,,32.7594,18.4445,33.7168,0.0,31.36370086669922,32.4249,31.5136,0.0,0.0,0.0,1.1535,2026-08-09
zsv10pt5-109,Cubchoo,holofoil,Black Bolt,109,Illustration Rare,osare,Basic,613,Pokémon,2025/07/18,"tcgplayer,cardmarket",https://prices.pokemontcg.io/tcgplayer/zsv10pt5-109,https://images.pokemontcg.io/zsv10pt5/109_hires.png,2026/08/08,2025/12/12,19.86,18.0,20.989999771118164,122.5999984741211,,,,,,11.3389,5.756,11.6157,0.0,13.980400085449219,11.4889,11.385,0.0,0.0,0.0,1.1535,2026-08-09
zsv10pt5-91,Petilil,holofoil,Black Bolt,91,Illustration Rare,Tika Matsuno,Basic,548,Pokémon,2025/07/18,"tcgplayer,cardmarket",https://prices.pokemontcg.io/tcgplayer/zsv10pt5-91,https://images.pokemontcg.io/zsv10pt5/91_hires.png,2026/08/08,2025/12/12,27.94,26.0,32.119998931884766,141.0,,,,,,7.3132,2.2955,7.3363,0.0,7.901500225067139,7.6016,7.4055,0.0,0.0,0.0,1.1535,2026-08-09
zsv10pt5-104,Palpitoad,holofoil,Black Bolt,104,Illustration Rare,KEIICHIRO ITO,Stage 1,536,Pokémon,2025/07/18,"tcgplayer,cardmarket",https://prices.pokemontcg.io/tcgplayer/zsv10pt5-104,https://images.pokemontcg.io/zsv10pt5/104_hires.png,2026/08/08,2025/12/12,14.78,11.199999809265137,17.360000610351562,76.69999694824219,,,,,,11.2351,5.1792,9.3203,0.0,8.236000061035156,9.2741,10.6699,0.0,0.0,0.0,1.1535,2026-08-09
zsv10pt5-106,Tirtouga,holofoil,Black Bolt,106,Illustration Rare,Akino Fukuji,Stage 1,564,Pokémon,2025/07/18,"tcgplayer,cardmarket",https://prices.pokemontcg.io/tcgplayer/zsv10pt5-106,https://images.pokemontcg.io/zsv10pt5/106_hires.png,2026/08/08,2025/12/07,39.82,38.0,42.0,170.1999969482422,,,,,,12.6308,6.3442,12.2617,0.0,12.457799911499023,12.1579,12.4463,0.0,0.0,0.0,1.1535,2026-08-09
zsv10pt5-95,Foongus,holofoil,Black Bolt,95,Illustration Rare,buchi,Basic,590,Pokémon,2025/07/18,"tcgplayer,cardmarket",https://prices.pokemontcg.io/tcgplayer/zsv10pt5-95,https://images.pokemontcg.io/zsv10pt5/95_hires.png,2026/08/08,2025/12/07,18.79,16.610000610351562,20.149999618530273,123.19999694824219,,,,,,7.3478,4.614,7.7861,0.0,7.3709001541137695,7.74,7.4055,0.0,0.0,0.0,1.1535,2026-08-09
zsv10pt5-89,Pansage,holofoil,Black Bolt,89,Illustration Rare,saino misaki,Basic,511,Pokémon,2025/07/18,"tcgplayer,cardmarket",https://prices.pokemontcg.io/tcgplayer/zsv10pt5-89,https://images.pokemontcg.io/zsv10pt5/89_hires.png,2026/08/08,2025/12/07,25.19,20.040000915527344,27.75,115.0999984741211,,,,,,7.7054,4.6025,7.6246,0.0,8.420599937438965,7.9361,7.5439,0.0,0.0,0.0,1.1535,2026-08-09
zsv10pt5-107,Carracosta,holofoil,Black Bolt,107,Illustration Rare,Takeshi Nakamura,Stage 2,565,Pokémon,2025/07/18,"tcgplayer,cardmarket",https://prices.pokemontcg.io/tcgplayer/zsv10pt5-107,https://images.pokemontcg.io/zsv10pt5/107_hires.png,2026/08/08,2025/12/07,14.0,12.0,14.9399995803833,71.0,,,,,,7.2209,4.5909,7.3593,0.0,9.38949966430664,7.1632,7.244,0.0,0.0,0.0,1.1535,2026-08-09
zsv10pt5-116,Munna,holofoil,Black Bolt,116,Illustration Rare,miki kudo,Basic,517,Pokémon,2025/07/18,"tcgplayer,cardmarket",https://prices.pokemontcg.io/tcgplayer/zsv10pt5-116,https://images.pokemontcg.io/zsv10pt5/116_hires.png,2026/08/08,2025/11/25,19.98,18.579999923706055,21.3799991607666,113.30000305175781,,,,,,8.2937,3.7489,7.1632,0.0,8.651200294494629,8.0514,8.2129,0.0,0.0,0.0,1.1535,2026-08-09
zsv10pt5-103,Tympole,holofoil,Black Bolt,103,Illustration Rare,aspara,Basic,535,Pokémon,2025/07/18,"tcgplayer,cardmarket",https://prices.pokemontcg.io/tcgplayer/zsv10pt5-103,https://images.pokemontcg.io/zsv10pt5/103_hires.png,2026/08/08,2025/11/30,15.4,14.0,16.989999771118164,94.5999984741211,,,,,,6.7134,3.4605,6.6788,0.0,5.525300025939941,6.3558,6.6903,0.0,0.0,0.0,1.1535,2026-08-09
zsv10pt5-111,Cryogonal,holofoil,Black Bolt,111,Illustration Rare,rika,Basic,615,Pokémon,2025/07/18,"tcgplayer,cardmarket",https://prices.pokemontcg.io/tcgplayer/zsv10pt5-111,https://images.pokemontcg.io/zsv10pt5/111_hires.png,2026/08/08,2025/11/25,8.79,6.460000038146973,9.720000267028809,68.9000015258789,,,,,,6.5057,3.3451,7.2555,0.0,6.401899814605713,7.3247,6.5173,0.0,0.0,0.0,1.1535,2026-08-09
zsv10pt5-118,Solosis,holofoil,Black Bolt,118,Illustration Rare,USGMEN,Basic,577,Pokémon,2025/07/18,"tcgplayer,cardmarket",https://prices.pokemontcg.io/tcgplayer/zsv10pt5-118,https://images.pokemontcg.io/zsv10pt5/118_hires.png,2026/08/08,2025/11/25,32.89,28.0,35.2400016784668,215.3000030517578,,,,,,26.4728,13.842,24.8464,0.0,24.581100463867188,25.0079,24.8695,0.0,0.0,0.0,1.1535,2026-08-09
zsv10pt5-121,Beheeyem,holofoil,Black Bolt,121,Illustration Rare,Aya Kusube,Stage 1,606,Pokémon,2025/07/18,"tcgplayer,cardmarket",https://prices.pokemontcg.io/tcgplayer/zsv10pt5-121,https://images.pokemontcg.io/zsv10pt5/121_hires.png,2026/08/08,2025/11/21,7.95,5.940000057220459,9.029999732971191,55.29999923706055,,,,,,5.3638,3.2298,5.3176,0.0,5.075399875640869,5.0869,5.3984,0.0,0.0,0.0,1.1535,2026-08-09
zsv10pt5-122,Golett,holofoil,Black Bolt,122,Illustration Rare,Nabatame Kazutaka,Basic,622,Pokémon,2025/07/18,"tcgplayer,cardmarket",https://prices.pokemontcg.io/tcgplayer/zsv10pt5-122,https://images.pokemontcg.io/zsv10pt5/122_hires.png,2026/08/08,2025/11/21,11.53,10.300000190734863,13.0,58.86000061035156,,,,,,5.7098,2.307,5.2715,0.0,5.767499923706055,5.2484,5.5253,0.0,0.0,0.0,1.1535,2026-08-09
zsv10pt5-119,Duosion,holofoil,Black Bolt,119,Illustration Rare,Kedamahadaitai Yawarakai,Stage 1,578,Pokémon,2025/07/18,"tcgplayer,cardmarket",https://prices.pokemontcg.io/tcgplayer/zsv10pt5-119,https://images.pokemontcg.io/zsv10pt5/119_hires.png,2026/08/08,2025/11/21,15.56,14.0,18.0,113.0,,,,,,8.2245,5.0754,7.2786,0.0,7.601600170135498,7.9592,8.1091,0.0,0.0,0.0,1.1535,2026-08-09
zsv10pt5-120,Elgyem,holofoil,Black Bolt,120,Illustration Rare,Masako Tomii,Basic,605,Pokémon,2025/07/18,"tcgplayer,cardmarket",https://prices.pokemontcg.io/tcgplayer/zsv10pt5-120,https://images.pokemontcg.io/zsv10pt5/120_hires.png,2026/08/08,2025/11/21,14.64,13.100000381469727,15.739999771118164,83.4000015258789,,,,,,7.8207,5.1907,7.6708,0.0,7.624599933624268,7.6362,7.8323,0.0,0.0,0.0,1.1535,2026-08-09
zsv10pt5-124,Drilbur,holofoil,Black Bolt,124,Illustration Rare,Koji Nakata,Basic,529,Pokémon,2025/07/18,"tcgplayer,cardmarket",https://prices.pokemontcg.io/tcgplayer/zsv10pt5-124,https://images.pokemontcg.io/zsv10pt5/124_hires.png,2026/08/08,2025/11/21,8.32,6.980000019073486,9.619999885559082,60.0,,,,,,4.937,2.5377,4.7755,0.0,4.18720006942749,4.9024,4.9831,0.0,0.0,0.0,1.1535,2026-08-09
zsv10pt5-126,Gurdurr,holofoil,Black Bolt,126,Illustration Rare,Souichirou Gunjima,Stage 1,533,Pokémon,2025/07/18,"tcgplayer,cardmarket",https://prices.pokemontcg.io/tcgplayer/zsv10pt5-126,https://images.pokemontcg.io/zsv10pt5/126_hires.png,2026/08/08,2025/11/21,11.79,10.390000343322754,13.25,106.11000061035156,,,,,,6.5865,4.614,6.4365,0.0,5.536799907684326,6.3212,6.4711,0.0,0.0,0.0,1.1535,2026-08-09
zsv10pt5-123,Golurk,holofoil,Black Bolt,123,Illustration Rare,Shinya Mizuno,Stage 1,623,Pokémon,2025/07/18,"tcgplayer,cardmarket",https://prices.pokemontcg.io/tcgplayer/zsv10pt5-123,https://images.pokemontcg.io/zsv10pt5/123_hires.png,2026/08/08,2025/11/21,14.94,13.0,16.670000076293945,85.0,,,,,,7.1863,3.9219,6.6788,0.0,7.140200138092041,6.5057,6.9787,0.0,0.0,0.0,1.1535,2026-08-09
zsv10pt5-125,Timburr,holofoil,Black Bolt,125,Illustration Rare,Shigenori Negishi,Basic,532,Pokémon,2025/07/18,"tcgplayer,cardmarket",https://prices.pokemontcg.io/tcgplayer/zsv10pt5-125,https://images.pokemontcg.io/zsv10pt5/125_hires.png,2026/08/08,2025/11/21,19.84,18.450000762939453,21.649999618530273,999.0,,,,,,8.4782,4.614,8.4667,0.0,8.143699645996094,8.086,8.3629,0.0,0.0,0.0,1.1535,2026-08-09
zsv10pt5-127,Conkeldurr,holofoil,Black Bolt,127,Illustration Rare,Kazumasa Yasukuni,Stage 2,534,Pokémon,2025/07/18,"tcgplayer,cardmarket",https://prices.pokemontcg.io/tcgplayer/zsv10pt5-127,https://images.pokemontcg.io/zsv10pt5/127_hires.png,2026/08/08,2025/11/21,40.59,36.0,41.810001373291016,199.89999389648438,,,,,,16.7604,10.3815,16.8526,0.0,17.302499771118164,17.3948,16.8642,0.0,0.0,0.0,1.1535,2026-08-09
zsv10pt5-128,Throh,holofoil,Black Bolt,128,Illustration Rare,GOSSAN,Basic,538,Pokémon,2025/07/18,"tcgplayer,cardmarket",https://prices.pokemontcg.io/tcgplayer/zsv10pt5-128,https://images.pokemontcg.io/zsv10pt5/128_hires.png,2026/08/08,2025/11/21,10.21,6.909999847412109,10.829999923706055,63.20000076293945,,,,,,5.4676,1.7302,5.1561,0.0,5.179200172424316,5.0639,5.433,0.0,0.0,0.0,1.1535,2026-08-09
zsv10pt5-129,Dwebble,holofoil,Black Bolt,129,Illustration Rare,Shimaris Yukichi,Basic,557,Pokémon,2025/07/18,"tcgplayer,cardmarket",https://prices.pokemontcg.io/tcgplayer/zsv10pt5-129,https://images.pokemontcg.io/zsv10pt5/129_hires.png,2026/08/08,2025/11/21,56.24,49.0,63.11000061035156,509.760009765625,,,,,,14.8917,8.6512,15.6069,0.0,12.492400169372559,15.3992,15.5723,0.0,0.0,0.0,1.1535,2026-08-09
zsv10pt5-130,Crustle,holofoil,Black Bolt,130,Illustration Rare,MINAMINAMI Take,Stage 1,558,Pokémon,2025/07/18,"tcgplayer,cardmarket",https://prices.pokemontcg.io/tcgplayer/zsv10pt5-130,https://images.pokemontcg.io/zsv10pt5/130_hires.png,2026/08/08,2025/11/21,7.88,6.0,8.989999771118164,59.900001525878906,,,,,,5.2369,2.8838,5.1907,0.0,4.383299827575684,5.0869,5.2484,0.0,0.0,0.0,1.1535,2026-08-09
zsv10pt5-132,Venipede,holofoil,Black Bolt,132,Illustration Rare,Apios,Basic,543,Pokémon,2025/07/18,"tcgplayer,cardmarket",https://prices.pokemontcg.io/tcgplayer/zsv10pt5-132,https://images.pokemontcg.io/zsv10pt5/132_hires.png,2026/08/08,2025/11/21,7.9,8.619999885559082,12.5,73.18000030517578,,,,,,6.4019,4.4986,6.8172,0.0,6.2058000564575195,6.4711,6.4481,0.0,0.0,0.0,1.1535,2026-08-09
zsv10pt5-134,Scolipede,holofoil,Black Bolt,134,Illustration Rare,Oku,Stage 2,545,Pokémon,2025/07/18,"tcgplayer,cardmarket",https://prices.pokemontcg.io/tcgplayer/zsv10pt5-134,https://images.pokemontcg.io/zsv10pt5/134_hires.png,2026/08/08,2025/11/21,28.94,28.25,30.719999313354492,75.0,,,,,,15.3531,10.9582,15.8145,0.0,16.72570037841797,15.7799,15.6415,0.0,0.0,0.0,1.1535,2026-08-09
zsv10pt5-135,Sandile,holofoil,Black Bolt,135,Illustration Rare,Fujimoto Gold,Basic,551,Pokémon,2025/07/18,"tcgplayer,cardmarket",https://prices.pokemontcg.io/tcgplayer/zsv10pt5-135,https://images.pokemontcg.io/zsv10pt5/135_hires.png,2026/08/08,2025/11/21,16.58,13.0,18.479999542236328,94.25,,,,,,7.1863,4.2333,6.6557,0.0,7.301700115203857,6.921,7.1286,0.0,0.0,0.0,1.1535,2026-08-09
zsv10pt5-131,Landorus,holofoil,Black Bolt,131,Illustration Rare,SIE NANAHARA,Basic,645,Pokémon,2025/07/18,"tcgplayer,cardmarket",https://prices.pokemontcg.io/tcgplayer/zsv10pt5-131,https://images.pokemontcg.io/zsv10pt5/131_hires.png,2026/08/08,2025/11/21,32.99,27.950000762939453,35.0,219.5,,,,,,21.8473,14.9955,21.2129,0.0,20.497699737548828,21.2705,21.8819,0.0,0.0,0.0,1.1535,2026-08-09
zsv10pt5-133,Whirlipede,holofoil,Black Bolt,133,Illustration Rare,kurumitsu,Stage 1,544,Pokémon,2025/07/18,"tcgplayer,cardmarket",https://prices.pokemontcg.io/tcgplayer/zsv10pt5-133,https://images.pokemontcg.io/zsv10pt5/133_hires.png,2026/08/08,2025/11/21,8.2,6.940000057220459,9.039999961853027,69.9000015258789,,,,,,5.4561,2.976,5.0062,0.0,5.421500205993652,4.9254,5.3292,0.0,0.0,0.0,1.1535,2026-08-09
zsv10pt5-136,Krokorok,holofoil,Black Bolt,136,Illustration Rare,Tonji Matsuno,Stage 1,552,Pokémon,2025/07/18,"tcgplayer,cardmarket",https://prices.pokemontcg.io/tcgplayer/zsv10pt5-136,https://images.pokemontcg.io/zsv10pt5/136_hires.png,2026/08/08,2025/11/21,14.41,12.0,15.0,72.19999694824219,,,,,,7.071,4.614,6.5403,0.0,6.86329984664917,6.6326,6.9095,0.0,0.0,0.0,1.1535,2026-08-09
zsv10pt5-138,Escavalier,holofoil,Black Bolt,138,Illustration Rare,Uta,Stage 1,589,Pokémon,2025/07/18,"tcgplayer,cardmarket",https://prices.pokemontcg.io/tcgplayer/zsv10pt5-138,https://images.pokemontcg.io/zsv10pt5/138_hires.png,2026/08/08,2025/11/21,18.25,16.989999771118164,19.68000030517578,157.5,,,,,,12.0771,9.228,11.708,0.0,11.708000183105469,12.4347,12.3194,0.0,0.0,0.0,1.1535,2026-08-09
zsv10pt5-143,Bisharp,holofoil,Black Bolt,143,Illustration Rare,toriyufu,Stage 1,625,Pokémon,2025/07/18,"tcgplayer,cardmarket",https://prices.pokemontcg.io/tcgplayer/zsv10pt5-143,https://images.pokemontcg.io/zsv10pt5/143_hires.png,2026/08/08,2025/11/21,12.01,11.0,13.390000343322754,107.91000366210938,,,,,,7.244,4.3718,6.7364,0.0,5.709799766540527,6.3212,6.9787,0.0,0.0,0.0,1.1535,2026-08-09
zsv10pt5-148,Pidove,holofoil,Black Bolt,148,Illustration Rare,Mori Yuu,Basic,519,Pokémon,2025/07/18,"tcgplayer,cardmarket",https://prices.pokemontcg.io/tcgplayer/zsv10pt5-148,https://images.pokemontcg.io/zsv10pt5/148_hires.png,2026/08/08,2025/11/21,37.75,31.399999618530273,41.349998474121094,282.6000061035156,,,,,,10.7391,5.7675,10.7045,0.0,10.381500244140625,10.9236,10.5891,0.0,0.0,0.0,1.1535,2026-08-09
zsv10pt5-156,Serperior ex,holofoil,Black Bolt,156,Ultra Rare,N-DESIGN Inc.,Stage 2|ex,497,Pokémon,2025/07/18,"tcgplayer,cardmarket",https://prices.pokemontcg.io/tcgplayer/zsv10pt5-156,https://images.pokemontcg.io/zsv10pt5/156_hires.png,2026/08/08,2025/11/21,1.31,0.8500000238418579,1.5,19.979999542236328,,,,,,1.315,0.2192,1.4303,0.0,1.5341999530792236,1.2689,1.3496,0.0,0.0,0.0,1.1535,2026-08-09
zsv10pt5-137,Krookodile,holofoil,Black Bolt,137,Illustration Rare,Uninori,Stage 2,553,Pokémon,2025/07/18,"tcgplayer,cardmarket",https://prices.pokemontcg.io/tcgplayer/zsv10pt5-137,https://images.pokemontcg.io/zsv10pt5/137_hires.png,2026/08/08,2025/11/21,57.58,54.0,61.970001220703125,407.6099853515625,,,,,,22.1241,12.5732,22.8162,0.0,23.877399444580078,23.1738,22.4586,0.0,0.0,0.0,1.1535,2026-08-09
zsv10pt5-144,Cobalion,holofoil,Black Bolt,144,Illustration Rare,hncl,Basic,638,Pokémon,2025/07/18,"tcgplayer,cardmarket",https://prices.pokemontcg.io/tcgplayer/zsv10pt5-144,https://images.pokemontcg.io/zsv10pt5/144_hires.png,2026/08/08,2025/11/21,32.09,30.0,34.84000015258789,207.60000610351562,,,,,,19.3673,12.5732,21.0514,0.0,20.69379997253418,21.3744,20.0824,0.0,0.0,0.0,1.1535,2026-08-09
zsv10pt5-147,Haxorus,holofoil,Black Bolt,147,Illustration Rare,akagi,Stage 2,612,Pokémon,2025/07/18,"tcgplayer,cardmarket",https://prices.pokemontcg.io/tcgplayer/zsv10pt5-147,https://images.pokemontcg.io/zsv10pt5/147_hires.png,2026/08/08,2025/11/21,75.31,70.0,77.62000274658203,420.0,,,,,,30.5793,20.763,29.8756,0.0,33.451499938964844,29.9218,30.983,0.0,0.0,0.0,1.1535,2026-08-09
zsv10pt5-149,Tranquill,holofoil,Black Bolt,149,Illustration Rare,cochi8i,Stage 1,520,Pokémon,2025/07/18,"tcgplayer,cardmarket",https://prices.pokemontcg.io/tcgplayer/zsv10pt5-149,https://images.pokemontcg.io/zsv10pt5/149_hires.png,2026/08/08,2025/11/21,6.53,5.0,7.989999771118164,55.5,,,,,,5.5483,2.5954,4.8562,0.0,4.97160005569458,4.9831,5.3176,0.0,0.0,0.0,1.1535,2026-08-09
zsv10pt5-139,Klink,holofoil,Black Bolt,139,Illustration Rare,Nobuhiro Imagawa,Basic,599,Pokémon,2025/07/18,"tcgplayer,cardmarket",https://prices.pokemontcg.io/tcgplayer/zsv10pt5-139,https://images.pokemontcg.io/zsv10pt5/139_hires.png,2026/08/08,2025/11/21,9.37,6.989999771118164,10.0,65.61000061035156,,,,,,5.3061,3.2183,4.8793,0.0,4.613999843597412,5.0985,5.283,0.0,0.0,0.0,1.1535,2026-08-09
zsv10pt5-141,Klinklang,holofoil,Black Bolt,141,Illustration Rare,Yuka Morii,Stage 2,599,Pokémon,2025/07/18,"tcgplayer,cardmarket",https://prices.pokemontcg.io/tcgplayer/zsv10pt5-141,https://images.pokemontcg.io/zsv10pt5/141_hires.png,2026/08/08,2025/11/21,32.89,30.0,35.79999923706055,50.0,,,,,,10.7391,4.614,11.4889,0.0,9.689399719238281,11.2005,11.2351,0.0,0.0,0.0,1.1535,2026-08-09
zsv10pt5-145,Axew,holofoil,Black Bolt,145,Illustration Rare,Ayako Ozaki,Basic,610,Pokémon,2025/07/18,"tcgplayer,cardmarket",https://prices.pokemontcg.io/tcgplayer/zsv10pt5-145,https://images.pokemontcg.io/zsv10pt5/145_hires.png,2026/08/08,2025/11/21,20.65,19.0,22.709999084472656,137.8000030517578,,,,,,9.551,4.6025,9.5394,0.0,9.112700462341309,9.3087,9.5279,0.0,0.0,0.0,1.1535,2026-08-09
zsv10pt5-146,Fraxure,holofoil,Black Bolt,146,Illustration Rare,Yuya Oka,Stage 1,611,Pokémon,2025/07/18,"tcgplayer,cardmarket",https://prices.pokemontcg.io/tcgplayer/zsv10pt5-146,https://images.pokemontcg.io/zsv10pt5/146_hires.png,2026/08/08,2025/11/21,33.69,34.25,36.540000915527344,201.5,,,,,,17.5332,10.3815,16.7834,0.0,16.72570037841797,16.5066,17.4409,0.0,0.0,0.0,1.1535,2026-08-09
zsv10pt5-150,Unfezant,holofoil,Black Bolt,150,Illustration Rare,Yoshioka,Stage 2,521,Pokémon,2025/07/18,"tcgplayer,cardmarket",https://prices.pokemontcg.io/tcgplayer/zsv10pt5-150,https://images.pokemontcg.io/zsv10pt5/150_hires.png,2026/08/08,2025/11/21,34.62,31.75,36.91999816894531,200.07000732421875,,,,,,15.9298,11.535,16.4143,0.0,14.707099914550781,15.5146,16.2874,0.0,0.0,0.0,1.1535,2026-08-09
zsv10pt5-153,Cinccino,holofoil,Black Bolt,153,Illustration Rare,tono,Stage 1,573,Pokémon,2025/07/18,"tcgplayer,cardmarket",https://prices.pokemontcg.io/tcgplayer/zsv10pt5-153,https://images.pokemontcg.io/zsv10pt5/153_hires.png,2026/08/08,2025/11/21,30.76,28.959999084472656,32.119998931884766,143.5,,,,,,7.9361,4.0373,7.6362,0.0,8.4552001953125,7.9707,7.9361,0.0,0.0,0.0,1.1535,2026-08-09
zsv10pt5-152,Minccino,holofoil,Black Bolt,152,Illustration Rare,Natsumi Yoshida,Basic,572,Pokémon,2025/07/18,"tcgplayer,cardmarket",https://prices.pokemontcg.io/tcgplayer/zsv10pt5-152,https://images.pokemontcg.io/zsv10pt5/152_hires.png,2026/08/08,2025/11/21,26.05,24.399999618530273,28.030000686645508,144.7899932861328,,,,,,8.8819,4.4986,9.3203,0.0,10.300800323486328,9.2972,9.0665,0.0,0.0,0.0,1.1535,2026-08-09
zsv10pt5-154,Rufflet,holofoil,Black Bolt,154,Illustration Rare,Miki Tanaka,Basic,627,Pokémon,2025/07/18,"tcgplayer,cardmarket",https://prices.pokemontcg.io/tcgplayer/zsv10pt5-154,https://images.pokemontcg.io/zsv10pt5/154_hires.png,2026/08/08,2025/11/21,9.06,5.800000190734863,9.5,61.900001525878906,,,,,,5.8482,4.2679,5.5368,0.0,4.556300163269043,5.8713,5.929,0.0,0.0,0.0,1.1535,2026-08-09
zsv10pt5-155,Braviary,holofoil,Black Bolt,155,Illustration Rare,kamonabe,Stage 1,628,Pokémon,2025/07/18,"tcgplayer,cardmarket",https://prices.pokemontcg.io/tcgplayer/zsv10pt5-155,https://images.pokemontcg.io/zsv10pt5/155_hires.png,2026/08/08,2025/11/21,10.97,7.460000038146973,11.829999923706055,79.47000122070312,,,,,,7.8323,4.3833,7.1978,0.0,7.5553998947143555,7.3824,7.567,0.0,0.0,0.0,1.1535,2026-08-09
zsv10pt5-157,Kyurem ex,holofoil,Black Bolt,157,Ultra Rare,N-DESIGN Inc.,Basic|ex,646,Pokémon,2025/07/18,"tcgplayer,cardmarket",https://prices.pokemontcg.io/tcgplayer/zsv10pt5-157,https://images.pokemontcg.io/zsv10pt5/157_hires.png,2026/08/08,2025/11/21,1.42,0.75,1.7300000190734863,80.0,,,,,,1.5226,0.4499,1.3727,0.0,1.545699954032898,1.4534,1.488,0.0,0.0,0.0,1.1535,2026-08-09
zsv10pt5-140,Klang,holofoil,Black Bolt,140,Illustration Rare,okayamatakatoshi,Stage 1,600,Pokémon,2025/07/18,"tcgplayer,cardmarket",https://prices.pokemontcg.io/tcgplayer/zsv10pt5-140,https://images.pokemontcg.io/zsv10pt5/140_hires.png,2026/08/08,2025/11/21,6.37,5.0,7.789999961853027,53.0,,,,,,4.8793,2.307,4.5448,0.0,4.6717000007629395,4.7293,4.7986,0.0,0.0,0.0,1.1535,2026-08-09
zsv10pt5-142,Pawniard,holofoil,Black Bolt,142,Illustration Rare,Dsuke,Basic,624,Pokémon,2025/07/18,"tcgplayer,cardmarket",https://prices.pokemontcg.io/tcgplayer/zsv10pt5-142,https://images.pokemontcg.io/zsv10pt5/142_hires.png,2026/08/08,2025/11/21,8.7,7.5,10.0,65.5,,,,,,6.7826,2.1801,6.2981,0.0,7.174799919128418,6.6672,6.6672,0.0,0.0,0.0,1.1535,2026-08-09
zsv10pt5-151,Audino,holofoil,Black Bolt,151,Illustration Rare,Asako Ito,Basic,531,Pokémon,2025/07/18,"tcgplayer,cardmarket",https://prices.pokemontcg.io/tcgplayer/zsv10pt5-151,https://images.pokemontcg.io/zsv10pt5/151_hires.png,2026/08/08,2025/11/21,43.66,40.0,47.029998779296875,249.89999389648438,,,,,,7.8899,3.4605,8.1091,0.0,9.251099586486816,8.4206,8.0976,0.0,0.0,0.0,1.1535,2026-08-09
zsv10pt5-159,Meloetta ex,holofoil,Black Bolt,159,Ultra Rare,5ban Graphics,Basic|ex,648,Pokémon,2025/07/18,"tcgplayer,cardmarket",https://prices.pokemontcg.io/tcgplayer/zsv10pt5-159,https://images.pokemontcg.io/zsv10pt5/159_hires.png,2026/08/08,2025/11/21,1.38,1.0,1.7999999523162842,25.299999237060547,,,,,,1.3496,0.15,1.2689,0.0,1.5226000547409058,1.2573,1.315,0.0,0.0,0.0,1.1535,2026-08-09
zsv10pt5-158,Zekrom ex,holofoil,Black Bolt,158,Ultra Rare,takuyoa,Basic|ex,644,Pokémon,2025/07/18,"tcgplayer,cardmarket",https://prices.pokemontcg.io/tcgplayer/zsv10pt5-158,https://images.pokemontcg.io/zsv10pt5/158_hires.png,2026/08/08,2025/11/21,4.71,3.5,5.25,97.87999725341797,,,,,,4.1987,1.1535,3.1837,0.0,3.4258999824523926,3.4028,3.7604,0.0,0.0,0.0,1.1535,2026-08-09
zsv10pt5-162,Fennel,holofoil,Black Bolt,162,Ultra Rare,Yuu Nishida,Supporter,,Trainer,2025/07/18,"tcgplayer,cardmarket",https://prices.pokemontcg.io/tcgplayer/zsv10pt5-162,https://images.pokemontcg.io/zsv10pt5/162_hires.png,2026/08/08,2025/11/21,1.42,0.8999999761581421,1.5399999618530273,19.979999542236328,,,,,,1.315,0.346,1.3611,0.0,1.1765999794006348,1.3496,1.3611,0.0,0.0,0.0,1.1535,2026-08-09
zsv10pt5-161,Genesect ex,holofoil,Black Bolt,161,Ultra Rare,5ban Graphics,Basic|ex,649,Pokémon,2025/07/18,"tcgplayer,cardmarket",https://prices.pokemontcg.io/tcgplayer/zsv10pt5-161,https://images.pokemontcg.io/zsv10pt5/161_hires.png,2026/08/08,2025/11/21,2.2,1.350000023841858,2.25,29.989999771118164,,,,,,2.0302,0.5767,1.7879,0.0,1.7994999885559082,1.9494,1.9033,0.0,0.0,0.0,1.1535,2026-08-09
zsv10pt5-165,Kyurem ex,holofoil,Black Bolt,165,Special Illustration Rare,chibi,Basic|ex,646,Pokémon,2025/07/18,"tcgplayer,cardmarket",https://prices.pokemontcg.io/tcgplayer/zsv10pt5-165,https://images.pokemontcg.io/zsv10pt5/165_hires.png,2026/08/08,2025/11/18,80.7,73.4800033569336,85.37000274658203,703.7999877929688,,,,,,65.092,39.7957,66.6492,0.0,68.92160034179688,65.2304,65.3227,0.0,0.0,0.0,1.1535,2026-08-09
zsv10pt5-163,N's Plan,holofoil,Black Bolt,163,Ultra Rare,hncl,Supporter,,Trainer,2025/07/18,"tcgplayer,cardmarket",https://prices.pokemontcg.io/tcgplayer/zsv10pt5-163,https://images.pokemontcg.io/zsv10pt5/163_hires.png,2026/08/08,2025/11/18,4.99,3.5,5.130000114440918,48.099998474121094,,,,,,2.7453,1.0381,2.6877,0.0,3.310499906539917,2.7569,2.7107,0.0,0.0,0.0,1.1535,2026-08-09
zsv10pt5-164,Serperior ex,holofoil,Black Bolt,164,Special Illustration Rare,Ryota Murayama,Stage 2|ex,497,Pokémon,2025/07/18,"tcgplayer,cardmarket",https://prices.pokemontcg.io/tcgplayer/zsv10pt5-164,https://images.pokemontcg.io/zsv10pt5/164_hires.png,2026/08/08,2025/11/18,49.46,43.900001525878906,55.7599983215332,445.1400146484375,,,,,,40.4994,32.2865,38.054,0.0,34.0281982421875,38.3769,40.5109,0.0,0.0,0.0,1.1535,2026-08-09
zsv10pt5-160,Excadrill ex,holofoil,Black Bolt,160,Ultra Rare,N-DESIGN Inc.,Stage 1|ex,530,Pokémon,2025/07/18,"tcgplayer,cardmarket",https://prices.pokemontcg.io/tcgplayer/zsv10pt5-160,https://images.pokemontcg.io/zsv10pt5/160_hires.png,2026/08/08,2025/11/21,0.94,0.5,1.0,19.979999542236328,,,,,,1.0843,0.2307,1.0381,0.0,1.0843000411987305,1.0728,1.0266,0.0,0.0,0.0,1.1535,2026-08-09
zsv10pt5-166,Zekrom ex,holofoil,Black Bolt,166,Special Illustration Rare,danciao,Basic|ex,644,Pokémon,2025/07/18,"tcgplayer,cardmarket",https://prices.pokemontcg.io/tcgplayer/zsv10pt5-166,https://images.pokemontcg.io/zsv10pt5/166_hires.png,2026/08/08,2025/11/18,288.42,283.989990234375,304.04998779296875,1000.0,,,,,,187.7898,132.6525,208.3336,0.0,182.94509887695312,194.4455,191.2042,0.0,0.0,0.0,1.1535,2026-08-09
zsv10pt5-167,Meloetta ex,holofoil,Black Bolt,167,Special Illustration Rare,LINNE,Basic|ex,648,Pokémon,2025/07/18,"tcgplayer,cardmarket",https://prices.pokemontcg.io/tcgplayer/zsv10pt5-167,https://images.pokemontcg.io/zsv10pt5/167_hires.png,2026/08/08,2025/11/18,41.19,38.540000915527344,45.09000015258789,363.0,,,,,,34.1205,20.763,57.6981,0.0,38.930599212646484,46.6014,37.062,0.0,0.0,0.0,1.1535,2026-08-09
zsv10pt5-168,Excadrill ex,holofoil,Black Bolt,168,Special Illustration Rare,Mitsuhiro Arita,Stage 1|ex,530,Pokémon,2025/07/18,"tcgplayer,cardmarket",https://prices.pokemontcg.io/tcgplayer/zsv10pt5-168,https://images.pokemontcg.io/zsv10pt5/168_hires.png,2026/08/08,2025/11/18,24.07,22.0,27.030000686645508,216.6300048828125,,,,,,23.7044,16.149,22.2395,0.0,28.064699172973633,22.7816,23.3353,0.0,0.0,0.0,1.1535,2026-08-09
zsv10pt5-169,Genesect ex,holofoil,Black Bolt,169,Special Illustration Rare,kantaro,Basic|ex,649,Pokémon,2025/07/18,"tcgplayer,cardmarket",https://prices.pokemontcg.io/tcgplayer/zsv10pt5-169,https://images.pokemontcg.io/zsv10pt5/169_hires.png,2026/08/08,2025/11/18,47.47,43.56999969482422,51.869998931884766,427.2300109863281,,,,,,39.3113,30.5562,38.1808,0.0,51.907501220703125,38.8499,39.2075,0.0,0.0,0.0,1.1535,2026-08-09
zsv10pt5-170,N's Plan,holofoil,Black Bolt,170,Special Illustration Rare,REND,Supporter,,Trainer,2025/07/18,"tcgplayer,cardmarket",https://prices.pokemontcg.io/tcgplayer/zsv10pt5-170,https://images.pokemontcg.io/zsv10pt5/170_hires.png,2026/08/08,2025/11/18,72.16,70.48999786376953,79.87999725341797,612.4000244140625,,,,,,49.2891,41.526,45.9554,0.0,42.667999267578125,46.8898,49.2544,0.0,0.0,0.0,1.1535,2026-08-09
zsv10pt5-171,Victini,holofoil,Black Bolt,171,Rare,5ban Graphics,Basic,494,Pokémon,2025/07/18,"tcgplayer,cardmarket",https://prices.pokemontcg.io/tcgplayer/zsv10pt5-171,https://images.pokemontcg.io/zsv10pt5/171_hires.png,2026/08/08,2025/11/18,604.88,599.989990234375,699.97998046875,1999.989990234375,,,,,,452.7372,242.235,435.2848,0.0,288.375,391.2095,389.2601,0.0,0.0,0.0,1.1535,2026-08-09
rsv10pt5-172,Victini,holofoil,White Flare,172,Rare,5ban Graphics,Basic,494,Pokémon,2025/07/18,tcgplayer,https://prices.pokemontcg.io/tcgplayer/rsv10pt5-172,https://images.pokemontcg.io/rsv10pt5/172_hires.png,2026/08/08,,560.28,605.0,636.0,1198.989990234375,,,,,,,,,,,,,,,,,2026-08-09
me1-1,Bulbasaur,normal,Mega Evolution,1,Common,,Basic,1,Pokémon,2025/09/26,tcgplayer,https://prices.pokemontcg.io/tcgplayer/me1-1,https://images.pokemontcg.io/me1/1_hires.png,2026/08/08,,0.25,0.009999999776482582,0.23999999463558197,1000.0,,0.36,,,,,,,,,,,,,,,2026-08-09
me1-2,Ivysaur,normal,Mega Evolution,2,Common,,Stage 1,2,Pokémon,2025/09/26,tcgplayer,https://prices.pokemontcg.io/tcgplayer/me1-2,https://images.pokemontcg.io/me1/2_hires.png,2026/08/08,,0.31,0.009999999776482582,0.2800000011920929,999.0,,0.34,,,,,,,,,,,,,,,2026-08-09
me1-3,Mega Venusaur ex,holofoil,Mega Evolution,3,Double Rare,,Stage 2|MEGA|ex,3,Pokémon,2025/09/26,tcgplayer,https://prices.pokemontcg.io/tcgplayer/me1-3,https://images.pokemontcg.io/me1/3_hires.png,2026/08/08,,0.89,0.4399999976158142,1.0,999.0,,,,,,,,,,,,,,,,,2026-08-09
me1-5,Exeggutor,normal,Mega Evolution,5,Uncommon,,Stage 1,103,Pokémon,2025/09/26,tcgplayer,https://prices.pokemontcg.io/tcgplayer/me1-5,https://images.pokemontcg.io/me1/5_hires.png,2026/08/08,,0.04,0.009999999776482582,0.15000000596046448,1000.0,,0.25,,,,,,,,,,,,,,,2026-08-09
me1-4,Exeggcute,normal,Mega Evolution,4,Common,,Basic,102,Pokémon,2025/09/26,tcgplayer,https://prices.pokemontcg.io/tcgplayer/me1-4,https://images.pokemontcg.io/me1/4_hires.png,2026/08/08,,0.05,0.009999999776482582,0.15000000596046448,999.0,,0.26,,,,,,,,,,,,,,,2026-08-09
me1-6,Tangela,normal,Mega Evolution,6,Common,,Basic,114,Pokémon,2025/09/26,tcgplayer,https://prices.pokemontcg.io/tcgplayer/me1-6,https://images.pokemontcg.io/me1/6_hires.png,2026/08/08,,0.08,0.009999999776482582,0.15000000596046448,999.0,,0.25,,,,,,,,,,,,,,,2026-08-09
me1-7,Tangrowth,normal,Mega Evolution,7,Uncommon,,Stage 1,465,Pokémon,2025/09/26,tcgplayer,https://prices.pokemontcg.io/tcgplayer/me1-7,https://images.pokemontcg.io/me1/7_hires.png,2026/08/08,,0.04,0.009999999776482582,0.15000000596046448,999.0,,0.25,,,,,,,,,,,,,,,2026-08-09
me1-8,Chikorita,normal,Mega Evolution,8,Common,,Basic,152,Pokémon,2025/09/26,tcgplayer,https://prices.pokemontcg.io/tcgplayer/me1-8,https://images.pokemontcg.io/me1/8_hires.png,2026/08/08,,0.23,0.009999999776482582,0.2199999988079071,1000.0,,0.29,,,,,,,,,,,,,,,2026-08-09
me1-9,Bayleef,normal,Mega Evolution,9,Common,,Stage 1,153,Pokémon,2025/09/26,tcgplayer,https://prices.pokemontcg.io/tcgplayer/me1-9,https://images.pokemontcg.io/me1/9_hires.png,2026/08/08,,0.28,0.009999999776482582,0.25999999046325684,999.0,,0.31,,,,,,,,,,,,,,,2026-08-09
me1-10,Meganium,holofoil,Mega Evolution,10,Rare,,Stage 2,154,Pokémon,2025/09/26,tcgplayer,https://prices.pokemontcg.io/tcgplayer/me1-10,https://images.pokemontcg.io/me1/10_hires.png,2026/08/08,,0.26,0.009999999776482582,0.25,999.0,,0.28,,,,,,,,,,,,,,,2026-08-09
me1-11,Shuckle,normal,Mega Evolution,11,Uncommon,,Basic,213,Pokémon,2025/09/26,tcgplayer,https://prices.pokemontcg.io/tcgplayer/me1-11,https://images.pokemontcg.io/me1/11_hires.png,2026/08/08,,0.07,0.009999999776482582,0.15000000596046448,1000.0,,0.22,,,,,,,,,,,,,,,2026-08-09
me1-12,Celebi,normal,Mega Evolution,12,Uncommon,,Basic,251,Pokémon,2025/09/26,tcgplayer,https://prices.pokemontcg.io/tcgplayer/me1-12,https://images.pokemontcg.io/me1/12_hires.png,2026/08/08,,0.18,0.009999999776482582,0.20000000298023224,1000.0,,0.23,,,,,,,,,,,,,,,2026-08-09
me1-13,Seedot,normal,Mega Evolution,13,Common,,Basic,273,Pokémon,2025/09/26,tcgplayer,https://prices.pokemontcg.io/tcgplayer/me1-13,https://images.pokemontcg.io/me1/13_hires.png,2026/08/08,,0.05,0.009999999776482582,0.15000000596046448,999.0,,0.24,,,,,,,,,,,,,,,2026-08-09
me1-14,Nuzleaf,normal,Mega Evolution,14,Common,,Stage 1,274,Pokémon,2025/09/26,tcgplayer,https://prices.pokemontcg.io/tcgplayer/me1-14,https://images.pokemontcg.io/me1/14_hires.png,2026/08/08,,0.03,0.009999999776482582,0.15000000596046448,999.0,,0.22,,,,,,,,,,,,,,,2026-08-09
me1-15,Shiftry,normal,Mega Evolution,15,Uncommon,,Stage 2,275,Pokémon,2025/09/26,tcgplayer,https://prices.pokemontcg.io/tcgplayer/me1-15,https://images.pokemontcg.io/me1/15_hires.png,2026/08/08,,0.02,0.009999999776482582,0.15000000596046448,1000.0,,0.22,,,,,,,,,,,,,,,2026-08-09
me1-16,Nincada,normal,Mega Evolution,16,Common,,Basic,290,Pokémon,2025/09/26,tcgplayer,https://prices.pokemontcg.io/tcgplayer/me1-16,https://images.pokemontcg.io/me1/16_hires.png,2026/08/08,,0.04,0.009999999776482582,0.15000000596046448,1000.0,,0.23,,,,,,,,,,,,,,,2026-08-09
me1-18,Dhelmise,normal,Mega Evolution,18,Common,,Basic,781,Pokémon,2025/09/26,tcgplayer,https://prices.pokemontcg.io/tcgplayer/me1-18,https://images.pokemontcg.io/me1/18_hires.png,2026/08/08,,0.05,0.009999999776482582,0.15000000596046448,999.0,,0.21,,,,,,,,,,,,,,,2026-08-09
me1-24,Pyroar,normal,Mega Evolution,24,Uncommon,,Stage 1,668,Pokémon,2025/09/26,tcgplayer,https://prices.pokemontcg.io/tcgplayer/me1-24,https://images.pokemontcg.io/me1/24_hires.png,2026/08/08,,0.05,0.009999999776482582,0.15000000596046448,999.0,,0.22,,,,,,,,,,,,,,,2026-08-09
me1-26,Scorbunny,normal,Mega Evolution,26,Common,,Basic,813,Pokémon,2025/09/26,tcgplayer,https://prices.pokemontcg.io/tcgplayer/me1-26,https://images.pokemontcg.io/me1/26_hires.png,2026/08/08,,0.02,0.009999999776482582,0.15000000596046448,1000.0,,0.25,,,,,,,,,,,,,,,2026-08-09
me1-28,Cinderace,holofoil,Mega Evolution,28,Rare,,Stage 2,815,Pokémon,2025/09/26,tcgplayer,https://prices.pokemontcg.io/tcgplayer/me1-28,https://images.pokemontcg.io/me1/28_hires.png,2026/08/08,,0.22,0.009999999776482582,0.20000000298023224,999.0,,0.28,,,,,,,,,,,,,,,2026-08-09
me1-29,Sizzlipede,normal,Mega Evolution,29,Common,,Basic,850,Pokémon,2025/09/26,tcgplayer,https://prices.pokemontcg.io/tcgplayer/me1-29,https://images.pokemontcg.io/me1/29_hires.png,2026/08/08,,0.02,0.009999999776482582,0.15000000596046448,999.0,,0.24,,,,,,,,,,,,,,,2026-08-09
me1-19,Vulpix,normal,Mega Evolution,19,Common,,Basic,37,Pokémon,2025/09/26,tcgplayer,https://prices.pokemontcg.io/tcgplayer/me1-19,https://images.pokemontcg.io/me1/19_hires.png,2026/08/08,,0.06,0.009999999776482582,0.15000000596046448,1000.0,,0.25,,,,,,,,,,,,,,,2026-08-09
me1-21,Numel,normal,Mega Evolution,21,Common,,Basic,322,Pokémon,2025/09/26,tcgplayer,https://prices.pokemontcg.io/tcgplayer/me1-21,https://images.pokemontcg.io/me1/21_hires.png,2026/08/08,,0.08,0.009999999776482582,0.15000000596046448,1000.0,,0.27,,,,,,,,,,,,,,,2026-08-09
me1-22,Mega Camerupt ex,holofoil,Mega Evolution,22,Double Rare,,Stage 1|MEGA|ex,323,Pokémon,2025/09/26,tcgplayer,https://prices.pokemontcg.io/tcgplayer/me1-22,https://images.pokemontcg.io/me1/22_hires.png,2026/08/08,,0.59,0.07999999821186066,0.75,999.0,,,,,,,,,,,,,,,,,2026-08-09
me1-27,Raboot,normal,Mega Evolution,27,Common,,Stage 1,814,Pokémon,2025/09/26,tcgplayer,https://prices.pokemontcg.io/tcgplayer/me1-27,https://images.pokemontcg.io/me1/27_hires.png,2026/08/08,,0.17,0.009999999776482582,0.17000000178813934,1000.0,,0.24,,,,,,,,,,,,,,,2026-08-09
me1-23,Litleo,normal,Mega Evolution,23,Common,,Basic,667,Pokémon,2025/09/26,tcgplayer,https://prices.pokemontcg.io/tcgplayer/me1-23,https://images.pokemontcg.io/me1/23_hires.png,2026/08/08,,0.05,0.009999999776482582,0.15000000596046448,999.0,,0.15,,,,,,,,,,,,,,,2026-08-09
me1-17,Ninjask,normal,Mega Evolution,17,Uncommon,,Stage 1,291,Pokémon,2025/09/26,tcgplayer,https://prices.pokemontcg.io/tcgplayer/me1-17,https://images.pokemontcg.io/me1/17_hires.png,2026/08/08,,0.03,0.009999999776482582,0.15000000596046448,999.0,,0.31,,,,,,,,,,,,,,,2026-08-09
me1-20,Ninetales,normal,Mega Evolution,20,Uncommon,,Stage 1,38,Pokémon,2025/09/26,tcgplayer,https://prices.pokemontcg.io/tcgplayer/me1-20,https://images.pokemontcg.io/me1/20_hires.png,2026/08/08,,0.13,0.009999999776482582,0.15000000596046448,1000.0,,0.27,,,,,,,,,,,,,,,2026-08-09
me1-25,Volcanion,normal,Mega Evolution,25,Uncommon,,Basic,721,Pokémon,2025/09/26,tcgplayer,https://prices.pokemontcg.io/tcgplayer/me1-25,https://images.pokemontcg.io/me1/25_hires.png,2026/08/08,,0.04,0.009999999776482582,0.15000000596046448,999.0,,0.25,,,,,,,,,,,,,,,2026-08-09
me1-30,Centiskorch,normal,Mega Evolution,30,Uncommon,,Stage 1,851,Pokémon,2025/09/26,tcgplayer,https://prices.pokemontcg.io/tcgplayer/me1-30,https://images.pokemontcg.io/me1/30_hires.png,2026/08/08,,0.06,0.009999999776482582,0.15000000596046448,999.0,,0.27,,,,,,,,,,,,,,,2026-08-09
me1-33,Corphish,normal,Mega Evolution,33,Common,,Basic,341,Pokémon,2025/09/26,tcgplayer,https://prices.pokemontcg.io/tcgplayer/me1-33,https://images.pokemontcg.io/me1/33_hires.png,2026/08/08,,0.05,0.009999999776482582,0.15000000596046448,999.0,,0.22,,,,,,,,,,,,,,,2026-08-09
me1-34,Kyogre,holofoil,Mega Evolution,34,Rare,,Basic,382,Pokémon,2025/09/26,tcgplayer,https://prices.pokemontcg.io/tcgplayer/me1-34,https://images.pokemontcg.io/me1/34_hires.png,2026/08/08,,0.23,0.009999999776482582,0.23000000417232513,999.0,,0.24,,,,,,,,,,,,,,,2026-08-09
me1-31,Chi-Yu,normal,Mega Evolution,31,Uncommon,,Basic,1004,Pokémon,2025/09/26,tcgplayer,https://prices.pokemontcg.io/tcgplayer/me1-31,https://images.pokemontcg.io/me1/31_hires.png,2026/08/08,,0.08,0.009999999776482582,0.15000000596046448,999.0,,0.29,,,,,,,,,,,,,,,2026-08-09
me1-32,Mantine,normal,Mega Evolution,32,Common,,Basic,226,Pokémon,2025/09/26,tcgplayer,https://prices.pokemontcg.io/tcgplayer/me1-32,https://images.pokemontcg.io/me1/32_hires.png,2026/08/08,,0.05,0.009999999776482582,0.15000000596046448,1000.0,,0.23,,,,,,,,,,,,,,,2026-08-09
me1-35,Snover,normal,Mega Evolution,35,Common,,Basic,459,Pokémon,2025/09/26,tcgplayer,https://prices.pokemontcg.io/tcgplayer/me1-35,https://images.pokemontcg.io/me1/35_hires.png,2026/08/08,,0.08,0.009999999776482582,0.15000000596046448,1000.0,,0.26,,,,,,,,,,,,,,,2026-08-09
me1-37,Clauncher,normal,Mega Evolution,37,Common,,Basic,692,Pokémon,2025/09/26,tcgplayer,https://prices.pokemontcg.io/tcgplayer/me1-37,https://images.pokemontcg.io/me1/37_hires.png,2026/08/08,,0.12,0.009999999776482582,0.15000000596046448,1000.0,,0.27,,,,,,,,,,,,,,,2026-08-09
me1-36,Mega Abomasnow ex,holofoil,Mega Evolution,36,Double Rare,,Stage 1|MEGA|ex,460,Pokémon,2025/09/26,tcgplayer,https://prices.pokemontcg.io/tcgplayer/me1-36,https://images.pokemontcg.io/me1/36_hires.png,2026/08/08,,0.62,0.20000000298023224,0.75,999.0,,,,,,,,,,,,,,,,,2026-08-09
me1-38,Clawitzer,holofoil,Mega Evolution,38,Rare,,Stage 1,693,Pokémon,2025/09/26,tcgplayer,https://prices.pokemontcg.io/tcgplayer/me1-38,https://images.pokemontcg.io/me1/38_hires.png,2026/08/08,,0.14,0.009999999776482582,0.15000000596046448,999.0,,0.23,,,,,,,,,,,,,,,2026-08-09
me1-41,Inteleon,normal,Mega Evolution,41,Uncommon,,Stage 2,818,Pokémon,2025/09/26,tcgplayer,https://prices.pokemontcg.io/tcgplayer/me1-41,https://images.pokemontcg.io/me1/41_hires.png,2026/08/08,,0.04,0.009999999776482582,0.15000000596046448,999.0,,0.24,,,,,,,,,,,,,,,2026-08-09
me1-39,Sobble,normal,Mega Evolution,39,Common,,Basic,816,Pokémon,2025/09/26,tcgplayer,https://prices.pokemontcg.io/tcgplayer/me1-39,https://images.pokemontcg.io/me1/39_hires.png,2026/08/08,,0.11,0.009999999776482582,0.15000000596046448,1000.0,,0.22,,,,,,,,,,,,,,,2026-08-09
me1-40,Drizzile,normal,Mega Evolution,40,Common,,Stage 1,817,Pokémon,2025/09/26,tcgplayer,https://prices.pokemontcg.io/tcgplayer/me1-40,https://images.pokemontcg.io/me1/40_hires.png,2026/08/08,,0.07,0.009999999776482582,0.15000000596046448,1000.0,,0.23,,,,,,,,,,,,,,,2026-08-09
me1-43,Frosmoth,normal,Mega Evolution,43,Uncommon,,Stage 1,873,Pokémon,2025/09/26,tcgplayer,https://prices.pokemontcg.io/tcgplayer/me1-43,https://images.pokemontcg.io/me1/43_hires.png,2026/08/08,,0.13,0.009999999776482582,0.15000000596046448,1000.0,,0.25,,,,,,,,,,,,,,,2026-08-09
me1-44,Eiscue,normal,Mega Evolution,44,Common,,Basic,875,Pokémon,2025/09/26,tcgplayer,https://prices.pokemontcg.io/tcgplayer/me1-44,https://images.pokemontcg.io/me1/44_hires.png,2026/08/08,,0.05,0.009999999776482582,0.15000000596046448,999.0,,0.19,,,,,,,,,,,,,,,2026-08-09
me1-46,Magneton,normal,Mega Evolution,46,Common,,Stage 1,82,Pokémon,2025/09/26,tcgplayer,https://prices.pokemontcg.io/tcgplayer/me1-46,https://images.pokemontcg.io/me1/46_hires.png,2026/08/08,,0.08,0.009999999776482582,0.15000000596046448,999.0,,0.26,,,,,,,,,,,,,,,2026-08-09
me1-42,Snom,normal,Mega Evolution,42,Common,,Basic,872,Pokémon,2025/09/26,tcgplayer,https://prices.pokemontcg.io/tcgplayer/me1-42,https://images.pokemontcg.io/me1/42_hires.png,2026/08/08,,0.14,0.009999999776482582,0.18000000715255737,1000.0,,0.24,,,,,,,,,,,,,,,2026-08-09
me1-45,Magnemite,normal,Mega Evolution,45,Common,,Basic,81,Pokémon,2025/09/26,tcgplayer,https://prices.pokemontcg.io/tcgplayer/me1-45,https://images.pokemontcg.io/me1/45_hires.png,2026/08/08,,0.13,0.009999999776482582,0.15000000596046448,1000.0,,0.25,,,,,,,,,,,,,,,2026-08-09
me1-47,Magnezone,normal,Mega Evolution,47,Uncommon,,Stage 2,462,Pokémon,2025/09/26,tcgplayer,https://prices.pokemontcg.io/tcgplayer/me1-47,https://images.pokemontcg.io/me1/47_hires.png,2026/08/08,,0.02,0.009999999776482582,0.15000000596046448,999.0,,0.27,,,,,,,,,,,,,,,2026-08-09
me1-48,Raikou,holofoil,Mega Evolution,48,Rare,,Basic,243,Pokémon,2025/09/26,tcgplayer,https://prices.pokemontcg.io/tcgplayer/me1-48,https://images.pokemontcg.io/me1/48_hires.png,2026/08/08,,0.19,0.009999999776482582,0.20000000298023224,999.0,,0.25,,,,,,,,,,,,,,,2026-08-09
me1-50,Mega Manectric ex,holofoil,Mega Evolution,50,Double Rare,,Stage 1|MEGA|ex,310,Pokémon,2025/09/26,tcgplayer,https://prices.pokemontcg.io/tcgplayer/me1-50,https://images.pokemontcg.io/me1/50_hires.png,2026/08/08,,0.61,0.15000000596046448,0.8299999833106995,1300.0,,,,,,,,,,,,,,,,,2026-08-09
me1-53,Heliolisk,normal,Mega Evolution,53,Common,,Stage 1,695,Pokémon,2025/09/26,tcgplayer,https://prices.pokemontcg.io/tcgplayer/me1-53,https://images.pokemontcg.io/me1/53_hires.png,2026/08/08,,0.08,0.009999999776482582,0.15000000596046448,999.0,,0.25,,,,,,,,,,,,,,,2026-08-09
me1-55,Kadabra,normal,Mega Evolution,55,Uncommon,,Stage 1,64,Pokémon,2025/09/26,tcgplayer,https://prices.pokemontcg.io/tcgplayer/me1-55,https://images.pokemontcg.io/me1/55_hires.png,2026/08/08,,0.26,0.009999999776482582,0.23000000417232513,1000.0,,0.36,,,,,,,,,,,,,,,2026-08-09
me1-49,Electrike,normal,Mega Evolution,49,Common,,Basic,309,Pokémon,2025/09/26,tcgplayer,https://prices.pokemontcg.io/tcgplayer/me1-49,https://images.pokemontcg.io/me1/49_hires.png,2026/08/08,,0.15,0.009999999776482582,0.17000000178813934,1000.0,,0.28,,,,,,,,,,,,,,,2026-08-09
me1-52,Helioptile,normal,Mega Evolution,52,Common,,Basic,694,Pokémon,2025/09/26,tcgplayer,https://prices.pokemontcg.io/tcgplayer/me1-52,https://images.pokemontcg.io/me1/52_hires.png,2026/08/08,,0.17,0.009999999776482582,0.1899999976158142,1000.0,,0.3,,,,,,,,,,,,,,,2026-08-09
me1-51,Pachirisu,normal,Mega Evolution,51,Common,,Basic,417,Pokémon,2025/09/26,tcgplayer,https://prices.pokemontcg.io/tcgplayer/me1-51,https://images.pokemontcg.io/me1/51_hires.png,2026/08/08,,0.05,0.009999999776482582,0.15000000596046448,1000.0,,0.24,,,,,,,,,,,,,,,2026-08-09
me1-54,Abra,normal,Mega Evolution,54,Common,,Basic,63,Pokémon,2025/09/26,tcgplayer,https://prices.pokemontcg.io/tcgplayer/me1-54,https://images.pokemontcg.io/me1/54_hires.png,2026/08/08,,0.21,0.009999999776482582,0.20999999344348907,999.0,,0.27,,,,,,,,,,,,,,,2026-08-09
me1-56,Alakazam,holofoil,Mega Evolution,56,Rare,,Stage 2,65,Pokémon,2025/09/26,tcgplayer,https://prices.pokemontcg.io/tcgplayer/me1-56,https://images.pokemontcg.io/me1/56_hires.png,2026/08/08,,0.26,0.009999999776482582,0.2800000011920929,999.0,,0.3,,,,,,,,,,,,,,,2026-08-09
me1-57,Jynx,normal,Mega Evolution,57,Common,,Basic,124,Pokémon,2025/09/26,tcgplayer,https://prices.pokemontcg.io/tcgplayer/me1-57,https://images.pokemontcg.io/me1/57_hires.png,2026/08/08,,0.13,0.009999999776482582,0.15000000596046448,999.0,,0.25,,,,,,,,,,,,,,,2026-08-09
me1-58,Ralts,normal,Mega Evolution,58,Common,,Basic,280,Pokémon,2025/09/26,tcgplayer,https://prices.pokemontcg.io/tcgplayer/me1-58,https://images.pokemontcg.io/me1/58_hires.png,2026/08/08,,0.2,0.009999999776482582,0.20000000298023224,1000.0,,0.3,,,,,,,,,,,,,,,2026-08-09
me1-59,Kirlia,normal,Mega Evolution,59,Common,,Stage 1,281,Pokémon,2025/09/26,tcgplayer,https://prices.pokemontcg.io/tcgplayer/me1-59,https://images.pokemontcg.io/me1/59_hires.png,2026/08/08,,0.17,0.009999999776482582,0.20999999344348907,1000.0,,0.31,,,,,,,,,,,,,,,2026-08-09
me1-60,Mega Gardevoir ex,holofoil,Mega Evolution,60,Double Rare,,Stage 2|MEGA|ex,282,Pokémon,2025/09/26,tcgplayer,https://prices.pokemontcg.io/tcgplayer/me1-60,https://images.pokemontcg.io/me1/60_hires.png,2026/08/08,,0.64,0.20000000298023224,0.800000011920929,999.0,,,,,,,,,,,,,,,,,2026-08-09
me1-61,Shedinja,normal,Mega Evolution,61,Uncommon,,Stage 1,292,Pokémon,2025/09/26,tcgplayer,https://prices.pokemontcg.io/tcgplayer/me1-61,https://images.pokemontcg.io/me1/61_hires.png,2026/08/08,,0.06,0.009999999776482582,0.15000000596046448,1000.0,,0.26,,,,,,,,,,,,,,,2026-08-09
me1-62,Spoink,normal,Mega Evolution,62,Common,,Basic,325,Pokémon,2025/09/26,tcgplayer,https://prices.pokemontcg.io/tcgplayer/me1-62,https://images.pokemontcg.io/me1/62_hires.png,2026/08/08,,0.07,0.009999999776482582,0.15000000596046448,1000.0,,0.29,,,,,,,,,,,,,,,2026-08-09
me1-63,Grumpig,normal,Mega Evolution,63,Uncommon,,Stage 1,326,Pokémon,2025/09/26,tcgplayer,https://prices.pokemontcg.io/tcgplayer/me1-63,https://images.pokemontcg.io/me1/63_hires.png,2026/08/08,,0.08,0.009999999776482582,0.15000000596046448,999.0,,0.23,,,,,,,,,,,,,,,2026-08-09
me1-64,Xerneas,holofoil,Mega Evolution,64,Rare,,Basic,716,Pokémon,2025/09/26,tcgplayer,https://prices.pokemontcg.io/tcgplayer/me1-64,https://images.pokemontcg.io/me1/64_hires.png,2026/08/08,,0.18,0.009999999776482582,0.20000000298023224,999.0,,0.22,,,,,,,,,,,,,,,2026-08-09
me1-65,Greavard,normal,Mega Evolution,65,Common,,Basic,971,Pokémon,2025/09/26,tcgplayer,https://prices.pokemontcg.io/tcgplayer/me1-65,https://images.pokemontcg.io/me1/65_hires.png,2026/08/08,,0.07,0.009999999776482582,0.15000000596046448,1000.0,,0.22,,,,,,,,,,,,,,,2026-08-09
me1-67,Gimmighoul,normal,Mega Evolution,67,Common,,Basic,999,Pokémon,2025/09/26,tcgplayer,https://prices.pokemontcg.io/tcgplayer/me1-67,https://images.pokemontcg.io/me1/67_hires.png,2026/08/08,,0.04,0.009999999776482582,0.15000000596046448,999.0,,0.23,,,,,,,,,,,,,,,2026-08-09
me1-66,Houndstone,normal,Mega Evolution,66,Uncommon,,Stage 1,972,Pokémon,2025/09/26,tcgplayer,https://prices.pokemontcg.io/tcgplayer/me1-66,https://images.pokemontcg.io/me1/66_hires.png,2026/08/08,,0.04,0.009999999776482582,0.15000000596046448,999.0,,0.19,,,,,,,,,,,,,,,2026-08-09
me1-68,Sandshrew,normal,Mega Evolution,68,Common,,Basic,27,Pokémon,2025/09/26,tcgplayer,https://prices.pokemontcg.io/tcgplayer/me1-68,https://images.pokemontcg.io/me1/68_hires.png,2026/08/08,,0.14,0.009999999776482582,0.15000000596046448,1000.0,,0.28,,,,,,,,,,,,,,,2026-08-09
me1-72,Makuhita,normal,Mega Evolution,72,Common,,Basic,296,Pokémon,2025/09/26,tcgplayer,https://prices.pokemontcg.io/tcgplayer/me1-72,https://images.pokemontcg.io/me1/72_hires.png,2026/08/08,,0.1,0.009999999776482582,0.18000000715255737,1000.0,,0.3,,,,,,,,,,,,,,,2026-08-09
me1-69,Sandslash,normal,Mega Evolution,69,Common,,Stage 1,28,Pokémon,2025/09/26,tcgplayer,https://prices.pokemontcg.io/tcgplayer/me1-69,https://images.pokemontcg.io/me1/69_hires.png,2026/08/08,,0.09,0.009999999776482582,0.15000000596046448,1000.0,,0.29,,,,,,,,,,,,,,,2026-08-09
me1-70,Onix,normal,Mega Evolution,70,Common,,Basic,95,Pokémon,2025/09/26,tcgplayer,https://prices.pokemontcg.io/tcgplayer/me1-70,https://images.pokemontcg.io/me1/70_hires.png,2026/08/08,,0.1,0.009999999776482582,0.15000000596046448,999.0,,0.27,,,,,,,,,,,,,,,2026-08-09
me1-71,Tyrogue,normal,Mega Evolution,71,Common,,Basic,236,Pokémon,2025/09/26,tcgplayer,https://prices.pokemontcg.io/tcgplayer/me1-71,https://images.pokemontcg.io/me1/71_hires.png,2026/08/08,,0.15,0.009999999776482582,0.15000000596046448,999.0,,0.24,,,,,,,,,,,,,,,2026-08-09
me1-73,Hariyama,holofoil,Mega Evolution,73,Rare,,Stage 1,297,Pokémon,2025/09/26,tcgplayer,https://prices.pokemontcg.io/tcgplayer/me1-73,https://images.pokemontcg.io/me1/73_hires.png,2026/08/08,,0.24,0.009999999776482582,0.23999999463558197,999.0,,0.32,,,,,,,,,,,,,,,2026-08-09
me1-74,Lunatone,holofoil,Mega Evolution,74,Rare,,Basic,337,Pokémon,2025/09/26,tcgplayer,https://prices.pokemontcg.io/tcgplayer/me1-74,https://images.pokemontcg.io/me1/74_hires.png,2026/08/08,,0.22,0.009999999776482582,0.25,999.0,,0.28,,,,,,,,,,,,,,,2026-08-09
me1-76,Riolu,normal,Mega Evolution,76,Common,,Basic,447,Pokémon,2025/09/26,tcgplayer,https://prices.pokemontcg.io/tcgplayer/me1-76,https://images.pokemontcg.io/me1/76_hires.png,2026/08/08,,0.25,0.009999999776482582,0.23999999463558197,1000.0,,0.28,,,,,,,,,,,,,,,2026-08-09
me1-80,Marshadow,normal,Mega Evolution,80,Uncommon,,Basic,802,Pokémon,2025/09/26,tcgplayer,https://prices.pokemontcg.io/tcgplayer/me1-80,https://images.pokemontcg.io/me1/80_hires.png,2026/08/08,,0.06,0.009999999776482582,0.15000000596046448,1000.0,,0.21,,,,,,,,,,,,,,,2026-08-09
me1-78,Croagunk,normal,Mega Evolution,78,Common,,Basic,453,Pokémon,2025/09/26,tcgplayer,https://prices.pokemontcg.io/tcgplayer/me1-78,https://images.pokemontcg.io/me1/78_hires.png,2026/08/08,,0.07,0.009999999776482582,0.15000000596046448,999.0,,0.23,,,,,,,,,,,,,,,2026-08-09
me1-77,Mega Lucario ex,holofoil,Mega Evolution,77,Double Rare,,Stage 1|MEGA|ex,448,Pokémon,2025/09/26,tcgplayer,https://prices.pokemontcg.io/tcgplayer/me1-77,https://images.pokemontcg.io/me1/77_hires.png,2026/08/08,,0.73,0.25,1.0,999.0,,,,,,,,,,,,,,,,,2026-08-09
me1-75,Solrock,normal,Mega Evolution,75,Uncommon,,Basic,338,Pokémon,2025/09/26,tcgplayer,https://prices.pokemontcg.io/tcgplayer/me1-75,https://images.pokemontcg.io/me1/75_hires.png,2026/08/08,,0.17,0.009999999776482582,0.20000000298023224,1000.0,,0.28,,,,,,,,,,,,,,,2026-08-09
me1-79,Toxicroak,normal,Mega Evolution,79,Common,,Stage 1,454,Pokémon,2025/09/26,tcgplayer,https://prices.pokemontcg.io/tcgplayer/me1-79,https://images.pokemontcg.io/me1/79_hires.png,2026/08/08,,0.07,0.009999999776482582,0.15000000596046448,999.0,,0.25,,,,,,,,,,,,,,,2026-08-09
me1-81,Stonjourner,normal,Mega Evolution,81,Uncommon,,Basic,874,Pokémon,2025/09/26,tcgplayer,https://prices.pokemontcg.io/tcgplayer/me1-81,https://images.pokemontcg.io/me1/81_hires.png,2026/08/08,,0.04,0.009999999776482582,0.15000000596046448,1000.0,,0.23,,,,,,,,,,,,,,,2026-08-09
me1-82,Nacli,normal,Mega Evolution,82,Common,,Basic,932,Pokémon,2025/09/26,tcgplayer,https://prices.pokemontcg.io/tcgplayer/me1-82,https://images.pokemontcg.io/me1/82_hires.png,2026/08/08,,0.06,0.009999999776482582,0.15000000596046448,1000.0,,0.23,,,,,,,,,,,,,,,2026-08-09
me1-83,Naclstack,normal,Mega Evolution,83,Common,,Stage 1,933,Pokémon,2025/09/26,tcgplayer,https://prices.pokemontcg.io/tcgplayer/me1-83,https://images.pokemontcg.io/me1/83_hires.png,2026/08/08,,0.16,0.009999999776482582,0.17000000178813934,1000.0,,0.24,,,,,,,,,,,,,,,2026-08-09
me1-84,Garganacl,normal,Mega Evolution,84,Uncommon,,Stage 2,934,Pokémon,2025/09/26,tcgplayer,https://prices.pokemontcg.io/tcgplayer/me1-84,https://images.pokemontcg.io/me1/84_hires.png,2026/08/08,,0.05,0.009999999776482582,0.15000000596046448,999.0,,0.19,,,,,,,,,,,,,,,2026-08-09
me1-85,Crawdaunt,normal,Mega Evolution,85,Uncommon,,Stage 1,342,Pokémon,2025/09/26,tcgplayer,https://prices.pokemontcg.io/tcgplayer/me1-85,https://images.pokemontcg.io/me1/85_hires.png,2026/08/08,,0.08,0.009999999776482582,0.15000000596046448,999.0,,0.22,,,,,,,,,,,,,,,2026-08-09
me1-86,Mega Absol ex,holofoil,Mega Evolution,86,Double Rare,,Basic|MEGA|ex,359,Pokémon,2025/09/26,tcgplayer,https://prices.pokemontcg.io/tcgplayer/me1-86,https://images.pokemontcg.io/me1/86_hires.png,2026/08/08,,0.71,0.20000000298023224,0.8600000143051147,1000.0,,,,,,,,,,,,,,,,,2026-08-09
me1-87,Spiritomb,normal,Mega Evolution,87,Uncommon,,Basic,442,Pokémon,2025/09/26,tcgplayer,https://prices.pokemontcg.io/tcgplayer/me1-87,https://images.pokemontcg.io/me1/87_hires.png,2026/08/08,,0.09,0.009999999776482582,0.15000000596046448,1000.0,,0.23,,,,,,,,,,,,,,,2026-08-09
me1-88,Yveltal,holofoil,Mega Evolution,88,Rare,,Basic,717,Pokémon,2025/09/26,tcgplayer,https://prices.pokemontcg.io/tcgplayer/me1-88,https://images.pokemontcg.io/me1/88_hires.png,2026/08/08,,0.26,0.03999999910593033,0.25,999.0,,0.28,,,,,,,,,,,,,,,2026-08-09
me1-89,Nickit,normal,Mega Evolution,89,Common,,Basic,827,Pokémon,2025/09/26,tcgplayer,https://prices.pokemontcg.io/tcgplayer/me1-89,https://images.pokemontcg.io/me1/89_hires.png,2026/08/08,,0.04,0.009999999776482582,0.15000000596046448,999.0,,0.23,,,,,,,,,,,,,,,2026-08-09
me1-90,Thievul,normal,Mega Evolution,90,Common,,Stage 1,828,Pokémon,2025/09/26,tcgplayer,https://prices.pokemontcg.io/tcgplayer/me1-90,https://images.pokemontcg.io/me1/90_hires.png,2026/08/08,,0.06,0.009999999776482582,0.15000000596046448,999.0,,0.25,,,,,,,,,,,,,,,2026-08-09
me1-91,Shroodle,normal,Mega Evolution,91,Common,,Basic,944,Pokémon,2025/09/26,tcgplayer,https://prices.pokemontcg.io/tcgplayer/me1-91,https://images.pokemontcg.io/me1/91_hires.png,2026/08/08,,0.05,0.009999999776482582,0.15000000596046448,1000.0,,0.22,,,,,,,,,,,,,,,2026-08-09
me1-92,Grafaiai,normal,Mega Evolution,92,Common,,Stage 1,945,Pokémon,2025/09/26,tcgplayer,https://prices.pokemontcg.io/tcgplayer/me1-92,https://images.pokemontcg.io/me1/92_hires.png,2026/08/08,,0.09,0.009999999776482582,0.15000000596046448,999.0,,0.24,,,,,,,,,,,,,,,2026-08-09
me1-93,Steelix,holofoil,Mega Evolution,93,Rare,,Stage 1,208,Pokémon,2025/09/26,tcgplayer,https://prices.pokemontcg.io/tcgplayer/me1-93,https://images.pokemontcg.io/me1/93_hires.png,2026/08/08,,0.17,0.009999999776482582,0.20000000298023224,999.0,,0.24,,,,,,,,,,,,,,,2026-08-09
me1-94,Mega Mawile ex,holofoil,Mega Evolution,94,Double Rare,,Basic|MEGA|ex,303,Pokémon,2025/09/26,tcgplayer,https://prices.pokemontcg.io/tcgplayer/me1-94,https://images.pokemontcg.io/me1/94_hires.png,2026/08/08,,0.61,0.20000000298023224,0.7900000214576721,999.0,,,,,,,,,,,,,,,,,2026-08-09
me1-95,Dialga,holofoil,Mega Evolution,95,Rare,,Basic,483,Pokémon,2025/09/26,tcgplayer,https://prices.pokemontcg.io/tcgplayer/me1-95,https://images.pokemontcg.io/me1/95_hires.png,2026/08/08,,0.18,0.009999999776482582,0.20000000298023224,999.0,,0.23,,,,,,,,,,,,,,,2026-08-09
me1-96,Tinkatink,normal,Mega Evolution,96,Common,,Basic,957,Pokémon,2025/09/26,tcgplayer,https://prices.pokemontcg.io/tcgplayer/me1-96,https://images.pokemontcg.io/me1/96_hires.png,2026/08/08,,0.08,0.009999999776482582,0.15000000596046448,1000.0,,0.26,,,,,,,,,,,,,,,2026-08-09
me1-97,Tinkatuff,normal,Mega Evolution,97,Common,,Stage 1,958,Pokémon,2025/09/26,tcgplayer,https://prices.pokemontcg.io/tcgplayer/me1-97,https://images.pokemontcg.io/me1/97_hires.png,2026/08/08,,0.05,0.009999999776482582,0.15000000596046448,1000.0,,0.27,,,,,,,,,,,,,,,2026-08-09
me1-98,Tinkaton,normal,Mega Evolution,98,Uncommon,,Stage 2,959,Pokémon,2025/09/26,tcgplayer,https://prices.pokemontcg.io/tcgplayer/me1-98,https://images.pokemontcg.io/me1/98_hires.png,2026/08/08,,0.08,0.009999999776482582,0.15000000596046448,1000.0,,0.29,,,,,,,,,,,,,,,2026-08-09
me1-99,Gholdengo,normal,Mega Evolution,99,Uncommon,,Stage 1,1000,Pokémon,2025/09/26,tcgplayer,https://prices.pokemontcg.io/tcgplayer/me1-99,https://images.pokemontcg.io/me1/99_hires.png,2026/08/08,,0.06,0.009999999776482582,0.15000000596046448,999.0,,0.23,,,,,,,,,,,,,,,2026-08-09
me1-100,Mega Latias ex,holofoil,Mega Evolution,100,Double Rare,,Basic|MEGA|ex,380,Pokémon,2025/09/26,tcgplayer,https://prices.pokemontcg.io/tcgplayer/me1-100,https://images.pokemontcg.io/me1/100_hires.png,2026/08/08,,0.64,0.1899999976158142,0.7900000214576721,1000.0,,,,,,,,,,,,,,,,,2026-08-09
me1-101,Latios,normal,Mega Evolution,101,Uncommon,,Basic,381,Pokémon,2025/09/26,tcgplayer,https://prices.pokemontcg.io/tcgplayer/me1-101,https://images.pokemontcg.io/me1/101_hires.png,2026/08/08,,0.1,0.009999999776482582,0.15000000596046448,1000.0,,0.26,,,,,,,,,,,,,,,2026-08-09
me1-102,Spearow,normal,Mega Evolution,102,Common,,Basic,21,Pokémon,2025/09/26,tcgplayer,https://prices.pokemontcg.io/tcgplayer/me1-102,https://images.pokemontcg.io/me1/102_hires.png,2026/08/08,,0.05,0.009999999776482582,0.15000000596046448,999.0,,0.2,,,,,,,,,,,,,,,2026-08-09
me1-103,Fearow,normal,Mega Evolution,103,Common,,Stage 1,22,Pokémon,2025/09/26,tcgplayer,https://prices.pokemontcg.io/tcgplayer/me1-103,https://images.pokemontcg.io/me1/103_hires.png,2026/08/08,,0.04,0.009999999776482582,0.15000000596046448,1000.0,,0.24,,,,,,,,,,,,,,,2026-08-09
me1-104,Mega Kangaskhan ex,holofoil,Mega Evolution,104,Double Rare,,Basic|MEGA|ex,115,Pokémon,2025/09/26,tcgplayer,https://prices.pokemontcg.io/tcgplayer/me1-104,https://images.pokemontcg.io/me1/104_hires.png,2026/08/08,,0.99,0.6899999976158142,1.0700000524520874,999.0,,,,,,,,,,,,,,,,,2026-08-09
me1-105,Delibird,normal,Mega Evolution,105,Common,,Basic,225,Pokémon,2025/09/26,tcgplayer,https://prices.pokemontcg.io/tcgplayer/me1-105,https://images.pokemontcg.io/me1/105_hires.png,2026/08/08,,0.06,0.009999999776482582,0.15000000596046448,999.0,,0.25,,,,,,,,,,,,,,,2026-08-09
me1-106,Miltank,normal,Mega Evolution,106,Common,,Basic,241,Pokémon,2025/09/26,tcgplayer,https://prices.pokemontcg.io/tcgplayer/me1-106,https://images.pokemontcg.io/me1/106_hires.png,2026/08/08,,0.06,0.009999999776482582,0.15000000596046448,1000.0,,0.23,,,,,,,,,,,,,,,2026-08-09
me1-107,Buneary,normal,Mega Evolution,107,Common,,Basic,427,Pokémon,2025/09/26,tcgplayer,https://prices.pokemontcg.io/tcgplayer/me1-107,https://images.pokemontcg.io/me1/107_hires.png,2026/08/08,,0.08,0.009999999776482582,0.15000000596046448,1000.0,,0.28,,,,,,,,,,,,,,,2026-08-09
me1-108,Lopunny,normal,Mega Evolution,108,Common,,Stage 1,428,Pokémon,2025/09/26,tcgplayer,https://prices.pokemontcg.io/tcgplayer/me1-108,https://images.pokemontcg.io/me1/108_hires.png,2026/08/08,,0.04,0.009999999776482582,0.15000000596046448,1000.0,,0.25,,,,,,,,,,,,,,,2026-08-09
me1-109,Yungoos,normal,Mega Evolution,109,Common,,Basic,734,Pokémon,2025/09/26,tcgplayer,https://prices.pokemontcg.io/tcgplayer/me1-109,https://images.pokemontcg.io/me1/109_hires.png,2026/08/08,,0.05,0.009999999776482582,0.15000000596046448,999.0,,0.25,,,,,,,,,,,,,,,2026-08-09
me1-110,Gumshoos,normal,Mega Evolution,110,Uncommon,,Stage 1,735,Pokémon,2025/09/26,tcgplayer,https://prices.pokemontcg.io/tcgplayer/me1-110,https://images.pokemontcg.io/me1/110_hires.png,2026/08/08,,0.07,0.009999999776482582,0.15000000596046448,999.0,,0.28,,,,,,,,,,,,,,,2026-08-09
me1-111,Stufful,normal,Mega Evolution,111,Common,,Basic,759,Pokémon,2025/09/26,tcgplayer,https://prices.pokemontcg.io/tcgplayer/me1-111,https://images.pokemontcg.io/me1/111_hires.png,2026/08/08,,0.07,0.009999999776482582,0.15000000596046448,1000.0,,0.22,,,,,,,,,,,,,,,2026-08-09
me1-112,Bewear,normal,Mega Evolution,112,Common,,Stage 1,760,Pokémon,2025/09/26,tcgplayer,https://prices.pokemontcg.io/tcgplayer/me1-112,https://images.pokemontcg.io/me1/112_hires.png,2026/08/08,,0.11,0.009999999776482582,0.15000000596046448,999.0,,0.22,,,,,,,,,,,,,,,2026-08-09
me1-113,Acerola's Mischief,normal,Mega Evolution,113,Uncommon,,Supporter,,Trainer,2025/09/26,tcgplayer,https://prices.pokemontcg.io/tcgplayer/me1-113,https://images.pokemontcg.io/me1/113_hires.png,2026/08/08,,0.11,0.009999999776482582,0.15000000596046448,1000.0,,0.22,,,,,,,,,,,,,,,2026-08-09
me1-114,Boss's Orders,normal,Mega Evolution,114,Uncommon,,Supporter,,Trainer,2025/09/26,tcgplayer,https://prices.pokemontcg.io/tcgplayer/me1-114,https://images.pokemontcg.io/me1/114_hires.png,2026/08/08,,0.2,0.009999999776482582,0.25,999.0,,0.39,,,,,,,,,,,,,,,2026-08-09
me1-115,Energy Switch,normal,Mega Evolution,115,Common,,Item,,Trainer,2025/09/26,tcgplayer,https://prices.pokemontcg.io/tcgplayer/me1-115,https://images.pokemontcg.io/me1/115_hires.png,2026/08/08,,0.21,0.009999999776482582,0.25,999.0,,0.29,,,,,,,,,,,,,,,2026-08-09
me1-116,Fighting Gong,normal,Mega Evolution,116,Uncommon,,Item,,Trainer,2025/09/26,tcgplayer,https://prices.pokemontcg.io/tcgplayer/me1-116,https://images.pokemontcg.io/me1/116_hires.png,2026/08/08,,0.18,0.009999999776482582,0.20999999344348907,1000.0,,0.3,,,,,,,,,,,,,,,2026-08-09
me1-117,Forest of Vitality,normal,Mega Evolution,117,Uncommon,,Stadium,,Trainer,2025/09/26,tcgplayer,https://prices.pokemontcg.io/tcgplayer/me1-117,https://images.pokemontcg.io/me1/117_hires.png,2026/08/08,,0.25,0.009999999776482582,0.25999999046325684,999.0,,0.33,,,,,,,,,,,,,,,2026-08-09
me1-118,Iron Defender,normal,Mega Evolution,118,Uncommon,,Item,,Trainer,2025/09/26,tcgplayer,https://prices.pokemontcg.io/tcgplayer/me1-118,https://images.pokemontcg.io/me1/118_hires.png,2026/08/08,,0.1,0.009999999776482582,0.15000000596046448,1000.0,,0.24,,,,,,,,,,,,,,,2026-08-09
me1-119,Lillie's Determination,normal,Mega Evolution,119,Uncommon,,Supporter,,Trainer,2025/09/26,tcgplayer,https://prices.pokemontcg.io/tcgplayer/me1-119,https://images.pokemontcg.io/me1/119_hires.png,2026/08/08,,0.36,0.009999999776482582,0.4000000059604645,1000.0,,2.13,,,,,,,,,,,,,,,2026-08-09
me1-120,Lt. Surge's Bargain,normal,Mega Evolution,120,Uncommon,,Supporter,,Trainer,2025/09/26,tcgplayer,https://prices.pokemontcg.io/tcgplayer/me1-120,https://images.pokemontcg.io/me1/120_hires.png,2026/08/08,,0.17,0.009999999776482582,0.17000000178813934,1000.0,,0.22,,,,,,,,,,,,,,,2026-08-09
me1-121,Mega Signal,normal,Mega Evolution,121,Uncommon,,Item,,Trainer,2025/09/26,tcgplayer,https://prices.pokemontcg.io/tcgplayer/me1-121,https://images.pokemontcg.io/me1/121_hires.png,2026/08/08,,0.15,0.009999999776482582,0.17000000178813934,1000.0,,0.27,,,,,,,,,,,,,,,2026-08-09
me1-122,Mystery Garden,normal,Mega Evolution,122,Uncommon,,Stadium,,Trainer,2025/09/26,tcgplayer,https://prices.pokemontcg.io/tcgplayer/me1-122,https://images.pokemontcg.io/me1/122_hires.png,2026/08/08,,0.14,0.009999999776482582,0.1599999964237213,1000.0,,0.26,,,,,,,,,,,,,,,2026-08-09
me1-123,Pokémon Center Lady,normal,Mega Evolution,123,Common,,Supporter,,Trainer,2025/09/26,tcgplayer,https://prices.pokemontcg.io/tcgplayer/me1-123,https://images.pokemontcg.io/me1/123_hires.png,2026/08/08,,0.18,0.009999999776482582,0.20000000298023224,1000.0,,0.21,,,,,,,,,,,,,,,2026-08-09
me1-124,Premium Power Pro,normal,Mega Evolution,124,Uncommon,,Item,,Trainer,2025/09/26,tcgplayer,https://prices.pokemontcg.io/tcgplayer/me1-124,https://images.pokemontcg.io/me1/124_hires.png,2026/08/08,,0.18,0.009999999776482582,0.20000000298023224,1000.0,,0.29,,,,,,,,,,,,,,,2026-08-09
me1-125,Rare Candy,normal,Mega Evolution,125,Common,,Item,,Trainer,2025/09/26,tcgplayer,https://prices.pokemontcg.io/tcgplayer/me1-125,https://images.pokemontcg.io/me1/125_hires.png,2026/08/08,,0.15,0.009999999776482582,0.20999999344348907,999.0,,0.28,,,,,,,,,,,,,,,2026-08-09
me1-126,Repel,normal,Mega Evolution,126,Uncommon,,Item,,Trainer,2025/09/26,tcgplayer,https://prices.pokemontcg.io/tcgplayer/me1-126,https://images.pokemontcg.io/me1/126_hires.png,2026/08/08,,0.09,0.009999999776482582,0.15000000596046448,1000.0,,0.24,,,,,,,,,,,,,,,2026-08-09
me1-127,Risky Ruins,normal,Mega Evolution,127,Uncommon,,Stadium,,Trainer,2025/09/26,tcgplayer,https://prices.pokemontcg.io/tcgplayer/me1-127,https://images.pokemontcg.io/me1/127_hires.png,2026/08/08,,0.18,0.009999999776482582,0.23000000417232513,999.0,,0.29,,,,,,,,,,,,,,,2026-08-09
me1-128,Strange Timepiece,normal,Mega Evolution,128,Uncommon,,Item,,Trainer,2025/09/26,tcgplayer,https://prices.pokemontcg.io/tcgplayer/me1-128,https://images.pokemontcg.io/me1/128_hires.png,2026/08/08,,0.11,0.009999999776482582,0.15000000596046448,1000.0,,0.24,,,,,,,,,,,,,,,2026-08-09
me1-129,Surfing Beach,normal,Mega Evolution,129,Uncommon,,Stadium,,Trainer,2025/09/26,tcgplayer,https://prices.pokemontcg.io/tcgplayer/me1-129,https://images.pokemontcg.io/me1/129_hires.png,2026/08/08,,0.24,0.009999999776482582,0.2199999988079071,1000.0,,0.35,,,,,,,,,,,,,,,2026-08-09
me1-130,Switch,normal,Mega Evolution,130,Common,,Item,,Trainer,2025/09/26,tcgplayer,https://prices.pokemontcg.io/tcgplayer/me1-130,https://images.pokemontcg.io/me1/130_hires.png,2026/08/08,,0.21,0.009999999776482582,0.20000000298023224,999.0,,0.25,,,,,,,,,,,,,,,2026-08-09
me1-131,Ultra Ball,normal,Mega Evolution,131,Common,,Item,,Trainer,2025/09/26,tcgplayer,https://prices.pokemontcg.io/tcgplayer/me1-131,https://images.pokemontcg.io/me1/131_hires.png,2026/08/08,,0.21,0.009999999776482582,0.25,999.0,,0.8,,,,,,,,,,,,,,,2026-08-09
me1-132,Wally's Compassion,normal,Mega Evolution,132,Uncommon,,Supporter,,Trainer,2025/09/26,tcgplayer,https://prices.pokemontcg.io/tcgplayer/me1-132,https://images.pokemontcg.io/me1/132_hires.png,2026/08/08,,0.27,0.009999999776482582,0.25999999046325684,999.0,,0.31,,,,,,,,,,,,,,,2026-08-09
me1-133,Bulbasaur,holofoil,Mega Evolution,133,Illustration Rare,,Basic,1,Pokémon,2025/09/26,tcgplayer,https://prices.pokemontcg.io/tcgplayer/me1-133,https://images.pokemontcg.io/me1/133_hires.png,2026/08/08,,20.51,18.0,23.65999984741211,999.0,,,,,,,,,,,,,,,,,2026-08-09
me1-134,Ivysaur,holofoil,Mega Evolution,134,Illustration Rare,,Stage 1,2,Pokémon,2025/09/26,tcgplayer,https://prices.pokemontcg.io/tcgplayer/me1-134,https://images.pokemontcg.io/me1/134_hires.png,2026/08/08,,20.42,17.700000762939453,22.780000686645508,999.0,,,,,,,,,,,,,,,,,2026-08-09
me1-135,Exeggutor,holofoil,Mega Evolution,135,Illustration Rare,,Stage 1,103,Pokémon,2025/09/26,tcgplayer,https://prices.pokemontcg.io/tcgplayer/me1-135,https://images.pokemontcg.io/me1/135_hires.png,2026/08/08,,5.55,4.130000114440918,5.800000190734863,999.0,,,,,,,,,,,,,,,,,2026-08-09
me1-136,Shuckle,holofoil,Mega Evolution,136,Illustration Rare,,Basic,213,Pokémon,2025/09/26,tcgplayer,https://prices.pokemontcg.io/tcgplayer/me1-136,https://images.pokemontcg.io/me1/136_hires.png,2026/08/08,,7.24,5.309999942779541,7.929999828338623,999.0,,,,,,,,,,,,,,,,,2026-08-09
me1-137,Ninjask,holofoil,Mega Evolution,137,Illustration Rare,,Stage 1,291,Pokémon,2025/09/26,tcgplayer,https://prices.pokemontcg.io/tcgplayer/me1-137,https://images.pokemontcg.io/me1/137_hires.png,2026/08/08,,5.16,3.0,4.920000076293945,999.0,,,,,,,,,,,,,,,,,2026-08-09
me1-138,Vulpix,holofoil,Mega Evolution,138,Illustration Rare,,Basic,37,Pokémon,2025/09/26,tcgplayer,https://prices.pokemontcg.io/tcgplayer/me1-138,https://images.pokemontcg.io/me1/138_hires.png,2026/08/08,,20.91,18.0,21.700000762939453,999.0,,,,,,,,,,,,,,,,,2026-08-09
me1-139,Litleo,holofoil,Mega Evolution,139,Illustration Rare,,Basic,667,Pokémon,2025/09/26,tcgplayer,https://prices.pokemontcg.io/tcgplayer/me1-139,https://images.pokemontcg.io/me1/139_hires.png,2026/08/08,,5.01,3.25,5.170000076293945,999.0,,,,,,,,,,,,,,,,,2026-08-09
me1-140,Snover,holofoil,Mega Evolution,140,Illustration Rare,,Basic,459,Pokémon,2025/09/26,tcgplayer,https://prices.pokemontcg.io/tcgplayer/me1-140,https://images.pokemontcg.io/me1/140_hires.png,2026/08/08,,2.62,1.7999999523162842,2.619999885559082,999.0,,,,,,,,,,,,,,,,,2026-08-09
me1-141,Clawitzer,holofoil,Mega Evolution,141,Illustration Rare,,Stage 1,693,Pokémon,2025/09/26,tcgplayer,https://prices.pokemontcg.io/tcgplayer/me1-141,https://images.pokemontcg.io/me1/141_hires.png,2026/08/08,,2.14,1.3899999856948853,2.25,999.0,,,,,,,,,,,,,,,,,2026-08-09
me1-142,Inteleon,holofoil,Mega Evolution,142,Illustration Rare,,Stage 2,818,Pokémon,2025/09/26,tcgplayer,https://prices.pokemontcg.io/tcgplayer/me1-142,https://images.pokemontcg.io/me1/142_hires.png,2026/08/08,,2.87,1.850000023841858,3.0399999618530273,999.0,,,,,,,,,,,,,,,,,2026-08-09
me1-143,Helioptile,holofoil,Mega Evolution,143,Illustration Rare,,Basic,694,Pokémon,2025/09/26,tcgplayer,https://prices.pokemontcg.io/tcgplayer/me1-143,https://images.pokemontcg.io/me1/143_hires.png,2026/08/08,,3.87,2.5999999046325684,3.990000009536743,999.0,,,,,,,,,,,,,,,,,2026-08-09
me1-144,Shedinja,holofoil,Mega Evolution,144,Illustration Rare,,Stage 1,292,Pokémon,2025/09/26,tcgplayer,https://prices.pokemontcg.io/tcgplayer/me1-144,https://images.pokemontcg.io/me1/144_hires.png,2026/08/08,,3.48,1.9900000095367432,3.5199999809265137,1050.9000244140625,,,,,,,,,,,,,,,,,2026-08-09
me1-145,Houndstone,holofoil,Mega Evolution,145,Illustration Rare,,Stage 1,972,Pokémon,2025/09/26,tcgplayer,https://prices.pokemontcg.io/tcgplayer/me1-145,https://images.pokemontcg.io/me1/145_hires.png,2026/08/08,,3.05,2.0,3.0799999237060547,999.0,,,,,,,,,,,,,,,,,2026-08-09
me1-146,Marshadow,holofoil,Mega Evolution,146,Illustration Rare,,Basic,802,Pokémon,2025/09/26,tcgplayer,https://prices.pokemontcg.io/tcgplayer/me1-146,https://images.pokemontcg.io/me1/146_hires.png,2026/08/08,,14.75,13.0,17.049999237060547,999.0,,,,,,,,,,,,,,,,,2026-08-09
me1-147,Garganacl,holofoil,Mega Evolution,147,Illustration Rare,,Stage 2,934,Pokémon,2025/09/26,tcgplayer,https://prices.pokemontcg.io/tcgplayer/me1-147,https://images.pokemontcg.io/me1/147_hires.png,2026/08/08,,1.4,0.8899999856948853,1.7000000476837158,999.0,,,,,,,,,,,,,,,,,2026-08-09
me1-148,Spiritomb,holofoil,Mega Evolution,148,Illustration Rare,,Basic,442,Pokémon,2025/09/26,tcgplayer,https://prices.pokemontcg.io/tcgplayer/me1-148,https://images.pokemontcg.io/me1/148_hires.png,2026/08/08,,3.11,1.5099999904632568,3.190000057220459,999.0,,,,,,,,,,,,,,,,,2026-08-09
me1-149,Shroodle,holofoil,Mega Evolution,149,Illustration Rare,,Basic,944,Pokémon,2025/09/26,tcgplayer,https://prices.pokemontcg.io/tcgplayer/me1-149,https://images.pokemontcg.io/me1/149_hires.png,2026/08/08,,2.13,1.0,2.509999990463257,999.0,,,,,,,,,,,,,,,,,2026-08-09
me1-150,Steelix,holofoil,Mega Evolution,150,Illustration Rare,,Stage 1,208,Pokémon,2025/09/26,tcgplayer,https://prices.pokemontcg.io/tcgplayer/me1-150,https://images.pokemontcg.io/me1/150_hires.png,2026/08/08,,7.6,6.0,8.390000343322754,999.0,,,,,,,,,,,,,,,,,2026-08-09
me1-151,Spearow,holofoil,Mega Evolution,151,Illustration Rare,,Basic,21,Pokémon,2025/09/26,tcgplayer,https://prices.pokemontcg.io/tcgplayer/me1-151,https://images.pokemontcg.io/me1/151_hires.png,2026/08/08,,4.61,2.7100000381469727,4.599999904632568,999.0,,,,,,,,,,,,,,,,,2026-08-09
me1-152,Delibird,holofoil,Mega Evolution,152,Illustration Rare,,Basic,225,Pokémon,2025/09/26,tcgplayer,https://prices.pokemontcg.io/tcgplayer/me1-152,https://images.pokemontcg.io/me1/152_hires.png,2026/08/08,,2.83,1.8799999952316284,3.0,999.0,,,,,,,,,,,,,,,,,2026-08-09
me1-153,Gumshoos,holofoil,Mega Evolution,153,Illustration Rare,,Stage 1,735,Pokémon,2025/09/26,tcgplayer,https://prices.pokemontcg.io/tcgplayer/me1-153,https://images.pokemontcg.io/me1/153_hires.png,2026/08/08,,2.62,1.9900000095367432,3.740000009536743,999.0,,,,,,,,,,,,,,,,,2026-08-09
me1-154,Stufful,holofoil,Mega Evolution,154,Illustration Rare,,Basic,759,Pokémon,2025/09/26,tcgplayer,https://prices.pokemontcg.io/tcgplayer/me1-154,https://images.pokemontcg.io/me1/154_hires.png,2026/08/08,,7.86,5.699999809265137,8.0,999.0,,,,,,,,,,,,,,,,,2026-08-09
me1-155,Mega Venusaur ex,holofoil,Mega Evolution,155,Ultra Rare,,Stage 2|MEGA|ex,3,Pokémon,2025/09/26,tcgplayer,https://prices.pokemontcg.io/tcgplayer/me1-155,https://images.pokemontcg.io/me1/155_hires.png,2026/08/08,,12.08,8.989999771118164,13.489999771118164,999.0,,,,,,,,,,,,,,,,,2026-08-09
me1-156,Mega Camerupt ex,holofoil,Mega Evolution,156,Ultra Rare,,Stage 1|MEGA|ex,323,Pokémon,2025/09/26,tcgplayer,https://prices.pokemontcg.io/tcgplayer/me1-156,https://images.pokemontcg.io/me1/156_hires.png,2026/08/08,,1.75,0.9900000095367432,2.009999990463257,999.0,,,,,,,,,,,,,,,,,2026-08-09
me1-159,Mega Gardevoir ex,holofoil,Mega Evolution,159,Ultra Rare,,Stage 2|MEGA|ex,282,Pokémon,2025/09/26,tcgplayer,https://prices.pokemontcg.io/tcgplayer/me1-159,https://images.pokemontcg.io/me1/159_hires.png,2026/08/08,,5.19,4.0,5.75,999.0,,,,,,,,,,,,,,,,,2026-08-09
me1-160,Mega Lucario ex,holofoil,Mega Evolution,160,Ultra Rare,,Stage 1|MEGA|ex,448,Pokémon,2025/09/26,tcgplayer,https://prices.pokemontcg.io/tcgplayer/me1-160,https://images.pokemontcg.io/me1/160_hires.png,2026/08/08,,12.92,10.0,14.470000267028809,999.0,,,,,,,,,,,,,,,,,2026-08-09
me1-157,Mega Abomasnow ex,holofoil,Mega Evolution,157,Ultra Rare,,Stage 1|MEGA|ex,460,Pokémon,2025/09/26,tcgplayer,https://prices.pokemontcg.io/tcgplayer/me1-157,https://images.pokemontcg.io/me1/157_hires.png,2026/08/08,,1.73,1.0,2.299999952316284,999.0,,,,,,,,,,,,,,,,,2026-08-09
me1-161,Mega Absol ex,holofoil,Mega Evolution,161,Ultra Rare,,Basic|MEGA|ex,359,Pokémon,2025/09/26,tcgplayer,https://prices.pokemontcg.io/tcgplayer/me1-161,https://images.pokemontcg.io/me1/161_hires.png,2026/08/08,,5.34,1.75,5.460000038146973,999.0,,,,,,,,,,,,,,,,,2026-08-09
me1-158,Mega Manectric ex,holofoil,Mega Evolution,158,Ultra Rare,,Stage 1|MEGA|ex,310,Pokémon,2025/09/26,tcgplayer,https://prices.pokemontcg.io/tcgplayer/me1-158,https://images.pokemontcg.io/me1/158_hires.png,2026/08/08,,2.64,1.25,2.75,999.0,,,,,,,,,,,,,,,,,2026-08-09
me1-162,Mega Mawile ex,holofoil,Mega Evolution,162,Ultra Rare,,Basic|MEGA|ex,303,Pokémon,2025/09/26,tcgplayer,https://prices.pokemontcg.io/tcgplayer/me1-162,https://images.pokemontcg.io/me1/162_hires.png,2026/08/08,,2.49,1.25,2.9000000953674316,999.0,,,,,,,,,,,,,,,,,2026-08-09
me1-165,Acerola's Mischief,holofoil,Mega Evolution,165,Ultra Rare,,Supporter,,Trainer,2025/09/26,tcgplayer,https://prices.pokemontcg.io/tcgplayer/me1-165,https://images.pokemontcg.io/me1/165_hires.png,2026/08/08,,1.79,1.190000057220459,2.359999895095825,999.0,,,,,,,,,,,,,,,,,2026-08-09
me1-166,Air Balloon,holofoil,Mega Evolution,166,Ultra Rare,,Pokémon Tool,,Trainer,2025/09/26,tcgplayer,https://prices.pokemontcg.io/tcgplayer/me1-166,https://images.pokemontcg.io/me1/166_hires.png,2026/08/08,,2.39,1.4199999570846558,2.799999952316284,999.0,,,,,,,,,,,,,,,,,2026-08-09
me1-167,Buddy-Buddy Poffin,holofoil,Mega Evolution,167,Ultra Rare,,Item,,Trainer,2025/09/26,tcgplayer,https://prices.pokemontcg.io/tcgplayer/me1-167,https://images.pokemontcg.io/me1/167_hires.png,2026/08/08,,5.68,4.5,6.150000095367432,999.0,,,,,,,,,,,,,,,,,2026-08-09
me1-163,Mega Latias ex,holofoil,Mega Evolution,163,Ultra Rare,,Basic|MEGA|ex,380,Pokémon,2025/09/26,tcgplayer,https://prices.pokemontcg.io/tcgplayer/me1-163,https://images.pokemontcg.io/me1/163_hires.png,2026/08/08,,4.98,1.0,5.090000152587891,999.0,,,,,,,,,,,,,,,,,2026-08-09
me1-164,Mega Kangaskhan ex,holofoil,Mega Evolution,164,Ultra Rare,,Basic|MEGA|ex,115,Pokémon,2025/09/26,tcgplayer,https://prices.pokemontcg.io/tcgplayer/me1-164,https://images.pokemontcg.io/me1/164_hires.png,2026/08/08,,5.33,3.0,5.550000190734863,999.0,,,,,,,,,,,,,,,,,2026-08-09
me1-168,Fighting Gong,holofoil,Mega Evolution,168,Ultra Rare,,Item,,Trainer,2025/09/26,tcgplayer,https://prices.pokemontcg.io/tcgplayer/me1-168,https://images.pokemontcg.io/me1/168_hires.png,2026/08/08,,2.08,1.0,2.5999999046325684,999.0,,,,,,,,,,,,,,,,,2026-08-09
me1-169,Lillie's Determination,holofoil,Mega Evolution,169,Ultra Rare,,Supporter,,Trainer,2025/09/26,tcgplayer,https://prices.pokemontcg.io/tcgplayer/me1-169,https://images.pokemontcg.io/me1/169_hires.png,2026/08/08,,20.75,19.709999084472656,23.690000534057617,999.0,,,,,,,,,,,,,,,,,2026-08-09
me1-170,Lt. Surge's Bargain,holofoil,Mega Evolution,170,Ultra Rare,,Supporter,,Trainer,2025/09/26,tcgplayer,https://prices.pokemontcg.io/tcgplayer/me1-170,https://images.pokemontcg.io/me1/170_hires.png,2026/08/08,,1.1,0.49000000953674316,1.2899999618530273,999.0,,,,,,,,,,,,,,,,,2026-08-09
me1-171,Mega Signal,holofoil,Mega Evolution,171,Ultra Rare,,Item,,Trainer,2025/09/26,tcgplayer,https://prices.pokemontcg.io/tcgplayer/me1-171,https://images.pokemontcg.io/me1/171_hires.png,2026/08/08,,1.18,0.3499999940395355,1.3899999856948853,999.0,,,,,,,,,,,,,,,,,2026-08-09
me1-172,Mystery Garden,holofoil,Mega Evolution,172,Ultra Rare,,Stadium,,Trainer,2025/09/26,tcgplayer,https://prices.pokemontcg.io/tcgplayer/me1-172,https://images.pokemontcg.io/me1/172_hires.png,2026/08/08,,1.07,0.4000000059604645,1.2999999523162842,999.0,,,,,,,,,,,,,,,,,2026-08-09
me1-173,Night Stretcher,holofoil,Mega Evolution,173,Ultra Rare,,Item,,Trainer,2025/09/26,tcgplayer,https://prices.pokemontcg.io/tcgplayer/me1-173,https://images.pokemontcg.io/me1/173_hires.png,2026/08/08,,4.4,3.0,5.5,999.0,,,,,,,,,,,,,,,,,2026-08-09
me1-175,Rare Candy,holofoil,Mega Evolution,175,Ultra Rare,,Item,,Trainer,2025/09/26,tcgplayer,https://prices.pokemontcg.io/tcgplayer/me1-175,https://images.pokemontcg.io/me1/175_hires.png,2026/08/08,,4.14,2.25,4.0,999.0,,,,,,,,,,,,,,,,,2026-08-09
me1-180,Mega Absol ex,holofoil,Mega Evolution,180,Special Illustration Rare,,Basic|MEGA|ex,359,Pokémon,2025/09/26,tcgplayer,https://prices.pokemontcg.io/tcgplayer/me1-180,https://images.pokemontcg.io/me1/180_hires.png,2026/08/08,,59.74,55.0,69.9800033569336,999.0,,,,,,,,,,,,,,,,,2026-08-09
me1-184,Lillie's Determination,holofoil,Mega Evolution,184,Special Illustration Rare,,Supporter,,Trainer,2025/09/26,tcgplayer,https://prices.pokemontcg.io/tcgplayer/me1-184,https://images.pokemontcg.io/me1/184_hires.png,2026/08/08,,66.02,60.0,73.41999816894531,999.0,,,,,,,,,,,,,,,,,2026-08-09
me1-187,Mega Gardevoir ex,holofoil,Mega Evolution,187,Mega Hyper Rare,,Stage 2|MEGA|ex,282,Pokémon,2025/09/26,tcgplayer,https://prices.pokemontcg.io/tcgplayer/me1-187,https://images.pokemontcg.io/me1/187_hires.png,2026/08/08,,208.75,195.0,220.41000366210938,1908.449951171875,,,,,,,,,,,,,,,,,2026-08-09
me1-181,Mega Latias ex,holofoil,Mega Evolution,181,Special Illustration Rare,,Basic|MEGA|ex,380,Pokémon,2025/09/26,tcgplayer,https://prices.pokemontcg.io/tcgplayer/me1-181,https://images.pokemontcg.io/me1/181_hires.png,2026/08/08,,87.95,82.48999786376953,94.5,999.0,,,,,,,,,,,,,,,,,2026-08-09
me1-186,Wally's Compassion,holofoil,Mega Evolution,186,Special Illustration Rare,,Supporter,,Trainer,2025/09/26,tcgplayer,https://prices.pokemontcg.io/tcgplayer/me1-186,https://images.pokemontcg.io/me1/186_hires.png,2026/08/08,,19.63,15.0,22.440000534057617,999.0,,,,,,,,,,,,,,,,,2026-08-09
me1-174,Premium Power Pro,holofoil,Mega Evolution,174,Ultra Rare,,Item,,Trainer,2025/09/26,tcgplayer,https://prices.pokemontcg.io/tcgplayer/me1-174,https://images.pokemontcg.io/me1/174_hires.png,2026/08/08,,1.53,1.0,2.3299999237060547,999.0,,,,,,,,,,,,,,,,,2026-08-09
me1-176,Wally's Compassion,holofoil,Mega Evolution,176,Ultra Rare,,Supporter,,Trainer,2025/09/26,tcgplayer,https://prices.pokemontcg.io/tcgplayer/me1-176,https://images.pokemontcg.io/me1/176_hires.png,2026/08/08,,3.33,1.0,3.490000009536743,999.0,,,,,,,,,,,,,,,,,2026-08-09
me1-177,Mega Venusaur ex,holofoil,Mega Evolution,177,Special Illustration Rare,,Stage 2|MEGA|ex,3,Pokémon,2025/09/26,tcgplayer,https://prices.pokemontcg.io/tcgplayer/me1-177,https://images.pokemontcg.io/me1/177_hires.png,2026/08/08,,156.97,150.0,170.0,1399.8599853515625,,,,,,,,,,,,,,,,,2026-08-09
me1-178,Mega Gardevoir ex,holofoil,Mega Evolution,178,Special Illustration Rare,,Stage 2|MEGA|ex,282,Pokémon,2025/09/26,tcgplayer,https://prices.pokemontcg.io/tcgplayer/me1-178,https://images.pokemontcg.io/me1/178_hires.png,2026/08/08,,194.74,188.52000427246094,205.77999877929688,1752.6600341796875,,,,,,,,,,,,,,,,,2026-08-09
me1-182,Mega Kangaskhan ex,holofoil,Mega Evolution,182,Special Illustration Rare,,Basic|MEGA|ex,115,Pokémon,2025/09/26,tcgplayer,https://prices.pokemontcg.io/tcgplayer/me1-182,https://images.pokemontcg.io/me1/182_hires.png,2026/08/08,,60.23,58.0,66.05000305175781,999.0,,,,,,,,,,,,,,,,,2026-08-09
me1-179,Mega Lucario ex,holofoil,Mega Evolution,179,Special Illustration Rare,,Stage 1|MEGA|ex,448,Pokémon,2025/09/26,tcgplayer,https://prices.pokemontcg.io/tcgplayer/me1-179,https://images.pokemontcg.io/me1/179_hires.png,2026/08/08,,208.51,187.8800048828125,225.6999969482422,1876.5899658203125,,,,,,,,,,,,,,,,,2026-08-09
me1-183,Acerola's Mischief,holofoil,Mega Evolution,183,Special Illustration Rare,,Supporter,,Trainer,2025/09/26,tcgplayer,https://prices.pokemontcg.io/tcgplayer/me1-183,https://images.pokemontcg.io/me1/183_hires.png,2026/08/08,,33.28,30.0,36.5,999.0,,,,,,,,,,,,,,,,,2026-08-09
me1-185,Lt. Surge's Bargain,holofoil,Mega Evolution,185,Special Illustration Rare,,Supporter,,Trainer,2025/09/26,tcgplayer,https://prices.pokemontcg.io/tcgplayer/me1-185,https://images.pokemontcg.io/me1/185_hires.png,2026/08/08,,17.4,15.989999771118164,19.31999969482422,999.0,,,,,,,,,,,,,,,,,2026-08-09
me1-188,Mega Lucario ex,holofoil,Mega Evolution,188,Mega Hyper Rare,,Stage 1|MEGA|ex,448,Pokémon,2025/09/26,tcgplayer,https://prices.pokemontcg.io/tcgplayer/me1-188,https://images.pokemontcg.io/me1/188_hires.png,2026/08/08,,271.92,264.0,280.0,2605.659912109375,,,,,,,,,,,,,,,,,2026-08-09
me2-1,Oddish,normal,Phantasmal Flames,1,Common,MINAMINAMI Take,Basic,43,Pokémon,2025/11/14,tcgplayer,https://prices.pokemontcg.io/tcgplayer/me2-1,https://images.pokemontcg.io/me2/1_hires.png,2026/08/08,,0.17,0.009999999776482582,0.15000000596046448,1000.0,,0.25,,,,,,,,,,,,,,,2026-08-09
me2-2,Gloom,normal,Phantasmal Flames,2,Common,Yoriyuki Ikegami,Stage 1,44,Pokémon,2025/11/14,tcgplayer,https://prices.pokemontcg.io/tcgplayer/me2-2,https://images.pokemontcg.io/me2/2_hires.png,2026/08/08,,0.12,0.009999999776482582,0.15000000596046448,1000.0,,0.23,,,,,,,,,,,,,,,2026-08-09
me2-3,Vileplume,holofoil,Phantasmal Flames,3,Rare,Shibuzoh.,Stage 2,45,Pokémon,2025/11/14,tcgplayer,https://prices.pokemontcg.io/tcgplayer/me2-3,https://images.pokemontcg.io/me2/3_hires.png,2026/08/08,,0.19,0.009999999776482582,0.20000000298023224,999.0,,0.26,,,,,,,,,,,,,,,2026-08-09
me2-4,Mega Heracross ex,holofoil,Phantasmal Flames,4,Double Rare,5ban Graphics,Basic|MEGA|ex,214,Pokémon,2025/11/14,tcgplayer,https://prices.pokemontcg.io/tcgplayer/me2-4,https://images.pokemontcg.io/me2/4_hires.png,2026/08/08,,0.61,0.30000001192092896,0.75,999.0,,,,,,,,,,,,,,,,,2026-08-09
me2-5,Lotad,normal,Phantasmal Flames,5,Common,Wintr Wandr,Basic,270,Pokémon,2025/11/14,tcgplayer,https://prices.pokemontcg.io/tcgplayer/me2-5,https://images.pokemontcg.io/me2/5_hires.png,2026/08/08,,0.13,0.009999999776482582,0.15000000596046448,1000.0,,0.24,,,,,,,,,,,,,,,2026-08-09
me2-6,Lombre,normal,Phantasmal Flames,6,Common,Shigenori Negishi,Stage 1,271,Pokémon,2025/11/14,tcgplayer,https://prices.pokemontcg.io/tcgplayer/me2-6,https://images.pokemontcg.io/me2/6_hires.png,2026/08/08,,0.12,0.009999999776482582,0.15000000596046448,1000.0,,0.25,,,,,,,,,,,,,,,2026-08-09
me2-7,Ludicolo,normal,Phantasmal Flames,7,Uncommon,Anesaki Dynamic,Stage 2,272,Pokémon,2025/11/14,tcgplayer,https://prices.pokemontcg.io/tcgplayer/me2-7,https://images.pokemontcg.io/me2/7_hires.png,2026/08/08,,0.12,0.009999999776482582,0.15000000596046448,1000.0,,0.24,,,,,,,,,,,,,,,2026-08-09
me2-8,Genesect,holofoil,Phantasmal Flames,8,Rare,Mitsuhiro Arita,Basic,649,Pokémon,2025/11/14,tcgplayer,https://prices.pokemontcg.io/tcgplayer/me2-8,https://images.pokemontcg.io/me2/8_hires.png,2026/08/08,,0.19,0.009999999776482582,0.18000000715255737,999.0,,0.22,,,,,,,,,,,,,,,2026-08-09
me2-9,Nymble,normal,Phantasmal Flames,9,Common,Yuka Morii,Basic,919,Pokémon,2025/11/14,tcgplayer,https://prices.pokemontcg.io/tcgplayer/me2-9,https://images.pokemontcg.io/me2/9_hires.png,2026/08/08,,0.16,0.009999999776482582,0.1599999964237213,1000.0,,0.27,,,,,,,,,,,,,,,2026-08-09
me2-10,Lokix,normal,Phantasmal Flames,10,Uncommon,Taiga Kasai,Stage 1,920,Pokémon,2025/11/14,tcgplayer,https://prices.pokemontcg.io/tcgplayer/me2-10,https://images.pokemontcg.io/me2/10_hires.png,2026/08/08,,0.09,0.009999999776482582,0.15000000596046448,999.0,,0.24,,,,,,,,,,,,,,,2026-08-09
me2-11,Charmander,normal,Phantasmal Flames,11,Common,HYOGONOSUKE,Basic,4,Pokémon,2025/11/14,tcgplayer,https://prices.pokemontcg.io/tcgplayer/me2-11,https://images.pokemontcg.io/me2/11_hires.png,2026/08/08,,0.21,0.009999999776482582,0.2199999988079071,1000.0,,0.3,,,,,,,,,,,,,,,2026-08-09
me2-12,Charmeleon,normal,Phantasmal Flames,12,Common,Uninori,Stage 1,5,Pokémon,2025/11/14,tcgplayer,https://prices.pokemontcg.io/tcgplayer/me2-12,https://images.pokemontcg.io/me2/12_hires.png,2026/08/08,,0.2,0.009999999776482582,0.20000000298023224,1000.0,,0.27,,,,,,,,,,,,,,,2026-08-09
me2-13,Mega Charizard X ex,holofoil,Phantasmal Flames,13,Double Rare,takuyoa,Stage 2|MEGA|ex,6,Pokémon,2025/11/14,tcgplayer,https://prices.pokemontcg.io/tcgplayer/me2-13,https://images.pokemontcg.io/me2/13_hires.png,2026/08/08,,4.79,2.490000009536743,5.0,999.0,,,,,,,,,,,,,,,,,2026-08-09
me2-14,Moltres,holofoil,Phantasmal Flames,14,Rare,Kazumasa Yasukuni,Basic,146,Pokémon,2025/11/14,tcgplayer,https://prices.pokemontcg.io/tcgplayer/me2-14,https://images.pokemontcg.io/me2/14_hires.png,2026/08/08,,0.25,0.009999999776482582,0.23999999463558197,999.0,,0.32,,,,,,,,,,,,,,,2026-08-09
me2-15,Darumaka,normal,Phantasmal Flames,15,Common,NC Empire,Basic,554,Pokémon,2025/11/14,tcgplayer,https://prices.pokemontcg.io/tcgplayer/me2-15,https://images.pokemontcg.io/me2/15_hires.png,2026/08/08,,0.08,0.009999999776482582,0.15000000596046448,999.0,,0.24,,,,,,,,,,,,,,,2026-08-09
me2-16,Darmanitan,normal,Phantasmal Flames,16,Uncommon,Uta,Stage 1,555,Pokémon,2025/11/14,tcgplayer,https://prices.pokemontcg.io/tcgplayer/me2-16,https://images.pokemontcg.io/me2/16_hires.png,2026/08/08,,0.08,0.009999999776482582,0.15000000596046448,999.0,,0.19,,,,,,,,,,,,,,,2026-08-09
me2-17,Reshiram,holofoil,Phantasmal Flames,17,Rare,AKIRA EGAWA,Basic,643,Pokémon,2025/11/14,tcgplayer,https://prices.pokemontcg.io/tcgplayer/me2-17,https://images.pokemontcg.io/me2/17_hires.png,2026/08/08,,0.16,0.009999999776482582,0.1899999976158142,999.0,,0.28,,,,,,,,,,,,,,,2026-08-09
me2-18,Oricorio ex,holofoil,Phantasmal Flames,18,Double Rare,akagi,Basic|ex,741,Pokémon,2025/11/14,tcgplayer,https://prices.pokemontcg.io/tcgplayer/me2-18,https://images.pokemontcg.io/me2/18_hires.png,2026/08/08,,0.64,0.20000000298023224,0.7599999904632568,999.0,,,,,,,,,,,,,,,,,2026-08-09
me2-19,Charcadet,normal,Phantasmal Flames,19,Common,Tomokazu Komiya,Basic,935,Pokémon,2025/11/14,tcgplayer,https://prices.pokemontcg.io/tcgplayer/me2-19,https://images.pokemontcg.io/me2/19_hires.png,2026/08/08,,0.12,0.009999999776482582,0.17000000178813934,1000.0,,0.23,,,,,,,,,,,,,,,2026-08-09
me2-20,Ceruledge,normal,Phantasmal Flames,20,Uncommon,Gemi,Stage 1,937,Pokémon,2025/11/14,tcgplayer,https://prices.pokemontcg.io/tcgplayer/me2-20,https://images.pokemontcg.io/me2/20_hires.png,2026/08/08,,0.11,0.009999999776482582,0.15000000596046448,1000.0,,0.21,,,,,,,,,,,,,,,2026-08-09
me2-21,Seel,normal,Phantasmal Flames,21,Common,svlt,Basic,86,Pokémon,2025/11/14,tcgplayer,https://prices.pokemontcg.io/tcgplayer/me2-21,https://images.pokemontcg.io/me2/21_hires.png,2026/08/08,,0.07,0.009999999776482582,0.15000000596046448,1000.0,,0.21,,,,,,,,,,,,,,,2026-08-09
me2-22,Dewgong,normal,Phantasmal Flames,22,Common,Taira Akitsu,Stage 1,87,Pokémon,2025/11/14,tcgplayer,https://prices.pokemontcg.io/tcgplayer/me2-22,https://images.pokemontcg.io/me2/22_hires.png,2026/08/08,,0.1,0.009999999776482582,0.15000000596046448,1000.0,,0.27,,,,,,,,,,,,,,,2026-08-09
me2-23,Swinub,normal,Phantasmal Flames,23,Common,imoniii,Basic,220,Pokémon,2025/11/14,tcgplayer,https://prices.pokemontcg.io/tcgplayer/me2-23,https://images.pokemontcg.io/me2/23_hires.png,2026/08/08,,0.02,0.009999999776482582,0.15000000596046448,1000.0,,0.24,,,,,,,,,,,,,,,2026-08-09
me2-24,Piloswine,normal,Phantasmal Flames,24,Common,Shinya Komatsu,Stage 1,221,Pokémon,2025/11/14,tcgplayer,https://prices.pokemontcg.io/tcgplayer/me2-24,https://images.pokemontcg.io/me2/24_hires.png,2026/08/08,,0.05,0.009999999776482582,0.15000000596046448,999.0,,0.24,,,,,,,,,,,,,,,2026-08-09
me2-25,Mamoswine,normal,Phantasmal Flames,25,Uncommon,Takumi Wada,Stage 2,473,Pokémon,2025/11/14,tcgplayer,https://prices.pokemontcg.io/tcgplayer/me2-25,https://images.pokemontcg.io/me2/25_hires.png,2026/08/08,,0.05,0.009999999776482582,0.15000000596046448,1000.0,,0.23,,,,,,,,,,,,,,,2026-08-09
me2-26,Suicune,holofoil,Phantasmal Flames,26,Rare,Takeshi Nakamura,Basic,245,Pokémon,2025/11/14,tcgplayer,https://prices.pokemontcg.io/tcgplayer/me2-26,https://images.pokemontcg.io/me2/26_hires.png,2026/08/08,,0.18,0.009999999776482582,0.20000000298023224,999.0,,0.22,,,,,,,,,,,,,,,2026-08-09
me2-27,Piplup,normal,Phantasmal Flames,27,Common,Hideki Ishikawa,Basic,393,Pokémon,2025/11/14,tcgplayer,https://prices.pokemontcg.io/tcgplayer/me2-27,https://images.pokemontcg.io/me2/27_hires.png,2026/08/08,,0.14,0.009999999776482582,0.1899999976158142,1000.0,,0.28,,,,,,,,,,,,,,,2026-08-09
me2-28,Prinplup,normal,Phantasmal Flames,28,Common,Atsuya Uki,Stage 1,394,Pokémon,2025/11/14,tcgplayer,https://prices.pokemontcg.io/tcgplayer/me2-28,https://images.pokemontcg.io/me2/28_hires.png,2026/08/08,,0.14,0.009999999776482582,0.15000000596046448,1000.0,,0.24,,,,,,,,,,,,,,,2026-08-09
me2-29,Rotom ex,holofoil,Phantasmal Flames,29,Double Rare,5ban Graphics,Basic|ex,479,Pokémon,2025/11/14,tcgplayer,https://prices.pokemontcg.io/tcgplayer/me2-29,https://images.pokemontcg.io/me2/29_hires.png,2026/08/08,,0.63,0.23999999463558197,0.7200000286102295,999.0,,,,,,,,,,,,,,,,,2026-08-09
me2-30,Yamper,normal,Phantasmal Flames,30,Common,Ayako Ozaki,Basic,835,Pokémon,2025/11/14,tcgplayer,https://prices.pokemontcg.io/tcgplayer/me2-30,https://images.pokemontcg.io/me2/30_hires.png,2026/08/08,,0.12,0.009999999776482582,0.15000000596046448,1000.0,,0.22,,,,,,,,,,,,,,,2026-08-09
me2-31,Boltund,normal,Phantasmal Flames,31,Common,Orca,Stage 1,836,Pokémon,2025/11/14,tcgplayer,https://prices.pokemontcg.io/tcgplayer/me2-31,https://images.pokemontcg.io/me2/31_hires.png,2026/08/08,,0.07,0.009999999776482582,0.15000000596046448,1000.0,,0.17,,,,,,,,,,,,,,,2026-08-09
me2-32,Pawmi,normal,Phantasmal Flames,32,Common,Shimaris Yukichi,Basic,921,Pokémon,2025/11/14,tcgplayer,https://prices.pokemontcg.io/tcgplayer/me2-32,https://images.pokemontcg.io/me2/32_hires.png,2026/08/08,,0.05,0.009999999776482582,0.15000000596046448,999.0,,0.2,,,,,,,,,,,,,,,2026-08-09
me2-33,Pawmo,normal,Phantasmal Flames,33,Common,Taiga Kayama,Stage 1,922,Pokémon,2025/11/14,tcgplayer,https://prices.pokemontcg.io/tcgplayer/me2-33,https://images.pokemontcg.io/me2/33_hires.png,2026/08/08,,0.05,0.009999999776482582,0.12999999523162842,1000.0,,0.15,,,,,,,,,,,,,,,2026-08-09
me2-34,Pawmot,holofoil,Phantasmal Flames,34,Rare,satoma,Stage 2,923,Pokémon,2025/11/14,tcgplayer,https://prices.pokemontcg.io/tcgplayer/me2-34,https://images.pokemontcg.io/me2/34_hires.png,2026/08/08,,0.16,0.009999999776482582,0.17000000178813934,999.0,,0.22,,,,,,,,,,,,,,,2026-08-09
me2-35,Misdreavus,normal,Phantasmal Flames,35,Common,Mousho,Basic,200,Pokémon,2025/11/14,tcgplayer,https://prices.pokemontcg.io/tcgplayer/me2-35,https://images.pokemontcg.io/me2/35_hires.png,2026/08/08,,0.17,0.009999999776482582,0.1599999964237213,1000.0,,0.23,,,,,,,,,,,,,,,2026-08-09
me2-36,Mismagius ex,holofoil,Phantasmal Flames,36,Double Rare,5ban Graphics,Stage 1|ex,429,Pokémon,2025/11/14,tcgplayer,https://prices.pokemontcg.io/tcgplayer/me2-36,https://images.pokemontcg.io/me2/36_hires.png,2026/08/08,,0.6,0.18000000715255737,0.75,1450.97998046875,,,,,,,,,,,,,,,,,2026-08-09
me2-37,Snubbull,normal,Phantasmal Flames,37,Common,Gapao,Basic,209,Pokémon,2025/11/14,tcgplayer,https://prices.pokemontcg.io/tcgplayer/me2-37,https://images.pokemontcg.io/me2/37_hires.png,2026/08/08,,0.1,0.009999999776482582,0.15000000596046448,1000.0,,0.27,,,,,,,,,,,,,,,2026-08-09
me2-38,Granbull,normal,Phantasmal Flames,38,Uncommon,Ryuta Fuse,Stage 1,210,Pokémon,2025/11/14,tcgplayer,https://prices.pokemontcg.io/tcgplayer/me2-38,https://images.pokemontcg.io/me2/38_hires.png,2026/08/08,,0.05,0.009999999776482582,0.14000000059604645,999.0,,0.25,,,,,,,,,,,,,,,2026-08-09
me2-39,Cresselia,normal,Phantasmal Flames,39,Uncommon,Raita Kazama,Basic,488,Pokémon,2025/11/14,tcgplayer,https://prices.pokemontcg.io/tcgplayer/me2-39,https://images.pokemontcg.io/me2/39_hires.png,2026/08/08,,0.07,0.009999999776482582,0.15000000596046448,1000.0,,0.28,,,,,,,,,,,,,,,2026-08-09
me2-40,Meloetta,normal,Phantasmal Flames,40,Uncommon,MINAMINAMI Take,Basic,648,Pokémon,2025/11/14,tcgplayer,https://prices.pokemontcg.io/tcgplayer/me2-40,https://images.pokemontcg.io/me2/40_hires.png,2026/08/08,,0.05,0.009999999776482582,0.15000000596046448,1000.0,,0.24,,,,,,,,,,,,,,,2026-08-09
me2-41,Mega Diancie ex,holofoil,Phantasmal Flames,41,Double Rare,aky CG Works,Basic|MEGA|ex,719,Pokémon,2025/11/14,tcgplayer,https://prices.pokemontcg.io/tcgplayer/me2-41,https://images.pokemontcg.io/me2/41_hires.png,2026/08/08,,0.66,0.2199999988079071,0.75,999.0,,,,,,,,,,,,,,,,,2026-08-09
me2-42,Mimikyu,normal,Phantasmal Flames,42,Common,miki kudo,Basic,778,Pokémon,2025/11/14,tcgplayer,https://prices.pokemontcg.io/tcgplayer/me2-42,https://images.pokemontcg.io/me2/42_hires.png,2026/08/08,,0.21,0.009999999776482582,0.23999999463558197,1000.0,,0.36,,,,,,,,,,,,,,,2026-08-09
me2-43,Milcery,normal,Phantasmal Flames,43,Common,Taiga Kayama,Basic,868,Pokémon,2025/11/14,tcgplayer,https://prices.pokemontcg.io/tcgplayer/me2-43,https://images.pokemontcg.io/me2/43_hires.png,2026/08/08,,0.09,0.009999999776482582,0.15000000596046448,999.0,,0.29,,,,,,,,,,,,,,,2026-08-09
me2-44,Alcremie,normal,Phantasmal Flames,44,Uncommon,Narumi Sato,Stage 1,869,Pokémon,2025/11/14,tcgplayer,https://prices.pokemontcg.io/tcgplayer/me2-44,https://images.pokemontcg.io/me2/44_hires.png,2026/08/08,,0.12,0.009999999776482582,0.15000000596046448,1000.0,,0.25,,,,,,,,,,,,,,,2026-08-09
me2-45,Zacian,holofoil,Phantasmal Flames,45,Rare,kawayoo,Basic,888,Pokémon,2025/11/14,tcgplayer,https://prices.pokemontcg.io/tcgplayer/me2-45,https://images.pokemontcg.io/me2/45_hires.png,2026/08/08,,0.16,0.009999999776482582,0.1899999976158142,999.0,,0.28,,,,,,,,,,,,,,,2026-08-09
me2-46,Bramblin,normal,Phantasmal Flames,46,Common,Takeshi Nakamura,Basic,946,Pokémon,2025/11/14,tcgplayer,https://prices.pokemontcg.io/tcgplayer/me2-46,https://images.pokemontcg.io/me2/46_hires.png,2026/08/08,,0.13,0.009999999776482582,0.1599999964237213,1000.0,,0.23,,,,,,,,,,,,,,,2026-08-09
me2-47,Brambleghast,normal,Phantasmal Flames,47,Uncommon,Tetsu Kayama,Stage 1,947,Pokémon,2025/11/14,tcgplayer,https://prices.pokemontcg.io/tcgplayer/me2-47,https://images.pokemontcg.io/me2/47_hires.png,2026/08/08,,0.08,0.009999999776482582,0.15000000596046448,999.0,,0.24,,,,,,,,,,,,,,,2026-08-09
me2-48,Paldean Tauros,normal,Phantasmal Flames,48,Uncommon,Souichirou Gunjima,Basic,128,Pokémon,2025/11/14,tcgplayer,https://prices.pokemontcg.io/tcgplayer/me2-48,https://images.pokemontcg.io/me2/48_hires.png,2026/08/08,,0.12,0.009999999776482582,0.1599999964237213,1000.0,,0.23,,,,,,,,,,,,,,,2026-08-09
me2-49,Gligar,normal,Phantasmal Flames,49,Common,Kazumasa Yasukuni,Basic,207,Pokémon,2025/11/14,tcgplayer,https://prices.pokemontcg.io/tcgplayer/me2-49,https://images.pokemontcg.io/me2/49_hires.png,2026/08/08,,0.03,0.009999999776482582,0.15000000596046448,1000.0,,0.22,,,,,,,,,,,,,,,2026-08-09
me2-50,Gliscor,normal,Phantasmal Flames,50,Uncommon,Dsuke,Stage 1,472,Pokémon,2025/11/14,tcgplayer,https://prices.pokemontcg.io/tcgplayer/me2-50,https://images.pokemontcg.io/me2/50_hires.png,2026/08/08,,0.14,0.009999999776482582,0.15000000596046448,1000.0,,0.28,,,,,,,,,,,,,,,2026-08-09
me2-51,Trapinch,normal,Phantasmal Flames,51,Common,Uta,Basic,328,Pokémon,2025/11/14,tcgplayer,https://prices.pokemontcg.io/tcgplayer/me2-51,https://images.pokemontcg.io/me2/51_hires.png,2026/08/08,,0.06,0.009999999776482582,0.15000000596046448,1000.0,,0.2,,,,,,,,,,,,,,,2026-08-09
me2-52,Vibrava,normal,Phantasmal Flames,52,Common,Miki Tanaka,Stage 1,329,Pokémon,2025/11/14,tcgplayer,https://prices.pokemontcg.io/tcgplayer/me2-52,https://images.pokemontcg.io/me2/52_hires.png,2026/08/08,,0.11,0.009999999776482582,0.15000000596046448,1000.0,,0.24,,,,,,,,,,,,,,,2026-08-09
me2-53,Flygon,holofoil,Phantasmal Flames,53,Rare,Jerky,Stage 2,330,Pokémon,2025/11/14,tcgplayer,https://prices.pokemontcg.io/tcgplayer/me2-53,https://images.pokemontcg.io/me2/53_hires.png,2026/08/08,,0.22,0.009999999776482582,0.20000000298023224,999.0,,0.21,,,,,,,,,,,,,,,2026-08-09
me2-54,Gastly,normal,Phantasmal Flames,54,Common,Saboteri,Basic,92,Pokémon,2025/11/14,tcgplayer,https://prices.pokemontcg.io/tcgplayer/me2-54,https://images.pokemontcg.io/me2/54_hires.png,2026/08/08,,0.16,0.009999999776482582,0.17000000178813934,1000.0,,0.26,,,,,,,,,,,,,,,2026-08-09
me2-55,Haunter,normal,Phantasmal Flames,55,Uncommon,Rianti Hidayat,Stage 1,93,Pokémon,2025/11/14,tcgplayer,https://prices.pokemontcg.io/tcgplayer/me2-55,https://images.pokemontcg.io/me2/55_hires.png,2026/08/08,,0.14,0.009999999776482582,0.17000000178813934,1000.0,,0.26,,,,,,,,,,,,,,,2026-08-09
me2-56,Mega Gengar ex,holofoil,Phantasmal Flames,56,Double Rare,5ban Graphics,Stage 2|MEGA|ex,94,Pokémon,2025/11/14,tcgplayer,https://prices.pokemontcg.io/tcgplayer/me2-56,https://images.pokemontcg.io/me2/56_hires.png,2026/08/08,,2.72,1.5,3.0199999809265137,999.0,,,,,,,,,,,,,,,,,2026-08-09
me2-57,Murkrow,normal,Phantasmal Flames,57,Common,Tomokazu Komiya,Basic,198,Pokémon,2025/11/14,tcgplayer,https://prices.pokemontcg.io/tcgplayer/me2-57,https://images.pokemontcg.io/me2/57_hires.png,2026/08/08,,0.13,0.009999999776482582,0.1599999964237213,1000.0,,0.25,,,,,,,,,,,,,,,2026-08-09
me2-58,Honchkrow,normal,Phantasmal Flames,58,Uncommon,Anesaki Dynamic,Stage 1,430,Pokémon,2025/11/14,tcgplayer,https://prices.pokemontcg.io/tcgplayer/me2-58,https://images.pokemontcg.io/me2/58_hires.png,2026/08/08,,0.05,0.009999999776482582,0.14000000059604645,999.0,,0.21,,,,,,,,,,,,,,,2026-08-09
me2-59,Sableye,normal,Phantasmal Flames,59,Common,osare,Basic,302,Pokémon,2025/11/14,tcgplayer,https://prices.pokemontcg.io/tcgplayer/me2-59,https://images.pokemontcg.io/me2/59_hires.png,2026/08/08,,0.14,0.009999999776482582,0.15000000596046448,1000.0,,0.26,,,,,,,,,,,,,,,2026-08-09
me2-60,Carvanha,normal,Phantasmal Flames,60,Common,Shin Nagasawa,Basic,318,Pokémon,2025/11/14,tcgplayer,https://prices.pokemontcg.io/tcgplayer/me2-60,https://images.pokemontcg.io/me2/60_hires.png,2026/08/08,,0.16,0.009999999776482582,0.20000000298023224,1000.0,,0.25,,,,,,,,,,,,,,,2026-08-09
me2-61,Mega Sharpedo ex,holofoil,Phantasmal Flames,61,Double Rare,5ban Graphics,Stage 1|MEGA|ex,319,Pokémon,2025/11/14,tcgplayer,https://prices.pokemontcg.io/tcgplayer/me2-61,https://images.pokemontcg.io/me2/61_hires.png,2026/08/08,,0.67,0.15000000596046448,0.800000011920929,1000.0,,,,,,,,,,,,,,,,,2026-08-09
me2-62,Seviper,normal,Phantasmal Flames,62,Uncommon,hncl,Basic,336,Pokémon,2025/11/14,tcgplayer,https://prices.pokemontcg.io/tcgplayer/me2-62,https://images.pokemontcg.io/me2/62_hires.png,2026/08/08,,0.13,0.009999999776482582,0.1599999964237213,1000.0,,0.23,,,,,,,,,,,,,,,2026-08-09
me2-63,Absol,normal,Phantasmal Flames,63,Common,Takumi Wada,Basic,359,Pokémon,2025/11/14,tcgplayer,https://prices.pokemontcg.io/tcgplayer/me2-63,https://images.pokemontcg.io/me2/63_hires.png,2026/08/08,,0.14,0.009999999776482582,0.1599999964237213,1000.0,,0.22,,,,,,,,,,,,,,,2026-08-09
me2-64,Sandile,normal,Phantasmal Flames,64,Common,Taiga Kasai,Basic,551,Pokémon,2025/11/14,tcgplayer,https://prices.pokemontcg.io/tcgplayer/me2-64,https://images.pokemontcg.io/me2/64_hires.png,2026/08/08,,0.06,0.009999999776482582,0.15000000596046448,1000.0,,0.21,,,,,,,,,,,,,,,2026-08-09
me2-65,Krokorok,normal,Phantasmal Flames,65,Common,Uninori,Stage 1,552,Pokémon,2025/11/14,tcgplayer,https://prices.pokemontcg.io/tcgplayer/me2-65,https://images.pokemontcg.io/me2/65_hires.png,2026/08/08,,0.13,0.009999999776482582,0.15000000596046448,1000.0,,0.26,,,,,,,,,,,,,,,2026-08-09
me2-66,Krookodile,normal,Phantasmal Flames,66,Uncommon,Ryuta Fuse,Stage 2,553,Pokémon,2025/11/14,tcgplayer,https://prices.pokemontcg.io/tcgplayer/me2-66,https://images.pokemontcg.io/me2/66_hires.png,2026/08/08,,0.07,0.009999999776482582,0.15000000596046448,1000.0,,0.2,,,,,,,,,,,,,,,2026-08-09
me2-67,Toxel,normal,Phantasmal Flames,67,Common,OKACHEKE,Basic,848,Pokémon,2025/11/14,tcgplayer,https://prices.pokemontcg.io/tcgplayer/me2-67,https://images.pokemontcg.io/me2/67_hires.png,2026/08/08,,0.2,0.009999999776482582,0.2199999988079071,1000.0,,0.29,,,,,,,,,,,,,,,2026-08-09
me2-68,Toxtricity,holofoil,Phantasmal Flames,68,Rare,DOM,Stage 1,849,Pokémon,2025/11/14,tcgplayer,https://prices.pokemontcg.io/tcgplayer/me2-68,https://images.pokemontcg.io/me2/68_hires.png,2026/08/08,,0.2,0.009999999776482582,0.23000000417232513,999.0,,0.2,,,,,,,,,,,,,,,2026-08-09
me2-69,Eternatus,normal,Phantasmal Flames,69,Uncommon,akagi,Basic,890,Pokémon,2025/11/14,tcgplayer,https://prices.pokemontcg.io/tcgplayer/me2-69,https://images.pokemontcg.io/me2/69_hires.png,2026/08/08,,0.17,0.009999999776482582,0.17000000178813934,1000.0,,0.28,,,,,,,,,,,,,,,2026-08-09
me2-70,Empoleon ex,holofoil,Phantasmal Flames,70,Double Rare,5ban Graphics,Stage 2|ex,395,Pokémon,2025/11/14,tcgplayer,https://prices.pokemontcg.io/tcgplayer/me2-70,https://images.pokemontcg.io/me2/70_hires.png,2026/08/08,,0.66,0.20000000298023224,0.75,1000.0,,,,,,,,,,,,,,,,,2026-08-09
me2-71,Bronzor,normal,Phantasmal Flames,71,Common,OKUBO,Basic,436,Pokémon,2025/11/14,tcgplayer,https://prices.pokemontcg.io/tcgplayer/me2-71,https://images.pokemontcg.io/me2/71_hires.png,2026/08/08,,0.08,0.009999999776482582,0.15000000596046448,1000.0,,0.25,,,,,,,,,,,,,,,2026-08-09
me2-72,Bronzong,normal,Phantasmal Flames,72,Uncommon,Masako Tomii,Stage 1,437,Pokémon,2025/11/14,tcgplayer,https://prices.pokemontcg.io/tcgplayer/me2-72,https://images.pokemontcg.io/me2/72_hires.png,2026/08/08,,0.07,0.009999999776482582,0.15000000596046448,1000.0,,0.2,,,,,,,,,,,,,,,2026-08-09
me2-73,Togedemaru,normal,Phantasmal Flames,73,Common,Bun Toujo,Basic,777,Pokémon,2025/11/14,tcgplayer,https://prices.pokemontcg.io/tcgplayer/me2-73,https://images.pokemontcg.io/me2/73_hires.png,2026/08/08,,0.07,0.009999999776482582,0.15000000596046448,1000.0,,0.22,,,,,,,,,,,,,,,2026-08-09
me2-74,Duraludon,normal,Phantasmal Flames,74,Common,Shinji Kanda,Basic,884,Pokémon,2025/11/14,tcgplayer,https://prices.pokemontcg.io/tcgplayer/me2-74,https://images.pokemontcg.io/me2/74_hires.png,2026/08/08,,0.12,0.009999999776482582,0.15000000596046448,1000.0,,0.24,,,,,,,,,,,,,,,2026-08-09
me2-75,Archaludon,normal,Phantasmal Flames,75,Uncommon,toriyufu,Stage 1,1018,Pokémon,2025/11/14,tcgplayer,https://prices.pokemontcg.io/tcgplayer/me2-75,https://images.pokemontcg.io/me2/75_hires.png,2026/08/08,,0.07,0.009999999776482582,0.15000000596046448,1000.0,,0.24,,,,,,,,,,,,,,,2026-08-09
me2-76,Jigglypuff,normal,Phantasmal Flames,76,Common,Naoyo Kimura,Basic,39,Pokémon,2025/11/14,tcgplayer,https://prices.pokemontcg.io/tcgplayer/me2-76,https://images.pokemontcg.io/me2/76_hires.png,2026/08/08,,0.15,0.009999999776482582,0.18000000715255737,1000.0,,0.25,,,,,,,,,,,,,,,2026-08-09
me2-77,Wigglytuff,normal,Phantasmal Flames,77,Uncommon,En Morikura,Stage 1,40,Pokémon,2025/11/14,tcgplayer,https://prices.pokemontcg.io/tcgplayer/me2-77,https://images.pokemontcg.io/me2/77_hires.png,2026/08/08,,0.09,0.009999999776482582,0.15000000596046448,1000.0,,0.26,,,,,,,,,,,,,,,2026-08-09
me2-78,Aipom,normal,Phantasmal Flames,78,Common,Saboteri,Basic,190,Pokémon,2025/11/14,tcgplayer,https://prices.pokemontcg.io/tcgplayer/me2-78,https://images.pokemontcg.io/me2/78_hires.png,2026/08/08,,0.14,0.009999999776482582,0.15000000596046448,999.0,,0.26,,,,,,,,,,,,,,,2026-08-09
me2-79,Ambipom,holofoil,Phantasmal Flames,79,Rare,hncl,Stage 1,424,Pokémon,2025/11/14,tcgplayer,https://prices.pokemontcg.io/tcgplayer/me2-79,https://images.pokemontcg.io/me2/79_hires.png,2026/08/08,,0.22,0.009999999776482582,0.18000000715255737,999.0,,0.22,,,,,,,,,,,,,,,2026-08-09
me2-80,Smeargle,normal,Phantasmal Flames,80,Common,REND,Basic,235,Pokémon,2025/11/14,tcgplayer,https://prices.pokemontcg.io/tcgplayer/me2-80,https://images.pokemontcg.io/me2/80_hires.png,2026/08/08,,0.05,0.009999999776482582,0.15000000596046448,1000.0,,0.25,,,,,,,,,,,,,,,2026-08-09
me2-81,Zigzagoon,normal,Phantasmal Flames,81,Common,Dsuke,Basic,263,Pokémon,2025/11/14,tcgplayer,https://prices.pokemontcg.io/tcgplayer/me2-81,https://images.pokemontcg.io/me2/81_hires.png,2026/08/08,,0.1,0.009999999776482582,0.15000000596046448,1000.0,,0.22,,,,,,,,,,,,,,,2026-08-09
me2-82,Linoone,normal,Phantasmal Flames,82,Uncommon,nagimiso,Stage 1,264,Pokémon,2025/11/14,tcgplayer,https://prices.pokemontcg.io/tcgplayer/me2-82,https://images.pokemontcg.io/me2/82_hires.png,2026/08/08,,0.09,0.009999999776482582,0.15000000596046448,999.0,,0.24,,,,,,,,,,,,,,,2026-08-09
me2-83,Buneary,normal,Phantasmal Flames,83,Common,tono,Basic,427,Pokémon,2025/11/14,tcgplayer,https://prices.pokemontcg.io/tcgplayer/me2-83,https://images.pokemontcg.io/me2/83_hires.png,2026/08/08,,0.15,0.009999999776482582,0.1899999976158142,1000.0,,0.22,,,,,,,,,,,,,,,2026-08-09
me2-84,Mega Lopunny ex,holofoil,Phantasmal Flames,84,Double Rare,5ban Graphics,Stage 1|MEGA|ex,428,Pokémon,2025/11/14,tcgplayer,https://prices.pokemontcg.io/tcgplayer/me2-84,https://images.pokemontcg.io/me2/84_hires.png,2026/08/08,,0.66,0.25,0.8199999928474426,999.0,,,,,,,,,,,,,,,,,2026-08-09
me2-85,Battle Cage,normal,Phantasmal Flames,85,Uncommon,MARINA Chikazawa,Stadium,,Trainer,2025/11/14,tcgplayer,https://prices.pokemontcg.io/tcgplayer/me2-85,https://images.pokemontcg.io/me2/85_hires.png,2026/08/08,,0.21,0.009999999776482582,0.2199999988079071,1000.0,,0.22,,,,,,,,,,,,,,,2026-08-09
me2-86,Blowtorch,normal,Phantasmal Flames,86,Uncommon,Toyste Beach,Item,,Trainer,2025/11/14,tcgplayer,https://prices.pokemontcg.io/tcgplayer/me2-86,https://images.pokemontcg.io/me2/86_hires.png,2026/08/08,,0.1,0.009999999776482582,0.15000000596046448,1000.0,,0.25,,,,,,,,,,,,,,,2026-08-09
me2-87,Dawn,normal,Phantasmal Flames,87,Uncommon,Yuu Nishida,Supporter,,Trainer,2025/11/14,tcgplayer,https://prices.pokemontcg.io/tcgplayer/me2-87,https://images.pokemontcg.io/me2/87_hires.png,2026/08/08,,0.21,0.009999999776482582,0.25,1000.0,,0.3,,,,,,,,,,,,,,,2026-08-09
me2-88,Dizzying Valley,normal,Phantasmal Flames,88,Uncommon,AYUMI ODASHIMA,Stadium,,Trainer,2025/11/14,tcgplayer,https://prices.pokemontcg.io/tcgplayer/me2-88,https://images.pokemontcg.io/me2/88_hires.png,2026/08/08,,0.15,0.009999999776482582,0.15000000596046448,1000.0,,0.21,,,,,,,,,,,,,,,2026-08-09
me2-89,Firebreather,normal,Phantasmal Flames,89,Uncommon,Naoki Saito,Supporter,,Trainer,2025/11/14,tcgplayer,https://prices.pokemontcg.io/tcgplayer/me2-89,https://images.pokemontcg.io/me2/89_hires.png,2026/08/08,,0.16,0.009999999776482582,0.17000000178813934,1000.0,,0.23,,,,,,,,,,,,,,,2026-08-09
me2-90,Grimsley's Move,normal,Phantasmal Flames,90,Uncommon,GIDORA,Supporter,,Trainer,2025/11/14,tcgplayer,https://prices.pokemontcg.io/tcgplayer/me2-90,https://images.pokemontcg.io/me2/90_hires.png,2026/08/08,,0.13,0.009999999776482582,0.1599999964237213,1000.0,,0.23,,,,,,,,,,,,,,,2026-08-09
me2-91,Jumbo Ice Cream,normal,Phantasmal Flames,91,Uncommon,AYUMI ODASHIMA,Item,,Trainer,2025/11/14,tcgplayer,https://prices.pokemontcg.io/tcgplayer/me2-91,https://images.pokemontcg.io/me2/91_hires.png,2026/08/08,,0.19,0.009999999776482582,0.20000000298023224,1000.0,,0.29,,,,,,,,,,,,,,,2026-08-09
me2-92,Punk Helmet,normal,Phantasmal Flames,92,Uncommon,Studio Bora Inc.,Pokémon Tool,,Trainer,2025/11/14,tcgplayer,https://prices.pokemontcg.io/tcgplayer/me2-92,https://images.pokemontcg.io/me2/92_hires.png,2026/08/08,,0.13,0.009999999776482582,0.1599999964237213,1000.0,,0.21,,,,,,,,,,,,,,,2026-08-09
me2-93,Sacred Charm,normal,Phantasmal Flames,93,Uncommon,Toyste Beach,Pokémon Tool,,Trainer,2025/11/14,tcgplayer,https://prices.pokemontcg.io/tcgplayer/me2-93,https://images.pokemontcg.io/me2/93_hires.png,2026/08/08,,0.11,0.009999999776482582,0.15000000596046448,1000.0,,0.25,,,,,,,,,,,,,,,2026-08-09
me2-94,Wondrous Patch,normal,Phantasmal Flames,94,Uncommon,Studio Bora Inc.,Item,,Trainer,2025/11/14,tcgplayer,https://prices.pokemontcg.io/tcgplayer/me2-94,https://images.pokemontcg.io/me2/94_hires.png,2026/08/08,,0.16,0.009999999776482582,0.20000000298023224,1000.0,,0.28,,,,,,,,,,,,,,,2026-08-09
me2-95,Ludicolo,holofoil,Phantasmal Flames,95,Illustration Rare,Jerky,Stage 2,272,Pokémon,2025/11/14,tcgplayer,https://prices.pokemontcg.io/tcgplayer/me2-95,https://images.pokemontcg.io/me2/95_hires.png,2026/08/08,,2.69,1.25,2.799999952316284,999.0,,,,,,,,,,,,,,,,,2026-08-09
me2-96,Nymble,holofoil,Phantasmal Flames,96,Illustration Rare,Nakamura Ippan,Basic,919,Pokémon,2025/11/14,tcgplayer,https://prices.pokemontcg.io/tcgplayer/me2-96,https://images.pokemontcg.io/me2/96_hires.png,2026/08/08,,1.85,1.0,1.850000023841858,999.0,,,,,,,,,,,,,,,,,2026-08-09
me2-97,Dewgong,holofoil,Phantasmal Flames,97,Illustration Rare,satoma,Stage 1,87,Pokémon,2025/11/14,tcgplayer,https://prices.pokemontcg.io/tcgplayer/me2-97,https://images.pokemontcg.io/me2/97_hires.png,2026/08/08,,5.35,3.0,5.5,999.0,,,,,,,,,,,,,,,,,2026-08-09
me2-98,Piplup,holofoil,Phantasmal Flames,98,Illustration Rare,Jiro Sasumo,Basic,393,Pokémon,2025/11/14,tcgplayer,https://prices.pokemontcg.io/tcgplayer/me2-98,https://images.pokemontcg.io/me2/98_hires.png,2026/08/08,,14.99,13.319999694824219,16.90999984741211,999.0,,,,,,,,,,,,,,,,,2026-08-09
me2-99,Yamper,holofoil,Phantasmal Flames,99,Illustration Rare,tono,Basic,835,Pokémon,2025/11/14,tcgplayer,https://prices.pokemontcg.io/tcgplayer/me2-99,https://images.pokemontcg.io/me2/99_hires.png,2026/08/08,,3.66,2.0,4.0,999.0,,,,,,,,,,,,,,,,,2026-08-09
me2-100,Zacian,holofoil,Phantasmal Flames,100,Illustration Rare,Yoriyuki Ikegami,Basic,888,Pokémon,2025/11/14,tcgplayer,https://prices.pokemontcg.io/tcgplayer/me2-100,https://images.pokemontcg.io/me2/100_hires.png,2026/08/08,,4.55,3.25,4.75,999.0,,,,,,,,,,,,,,,,,2026-08-09
me2-101,Flygon,holofoil,Phantasmal Flames,101,Illustration Rare,Ryota Murayama,Stage 2,330,Pokémon,2025/11/14,tcgplayer,https://prices.pokemontcg.io/tcgplayer/me2-101,https://images.pokemontcg.io/me2/101_hires.png,2026/08/08,,5.96,4.0,6.0,999.0,,,,,,,,,,,,,,,,,2026-08-09
me2-102,Paldean Wooper,holofoil,Phantasmal Flames,102,Illustration Rare,OKACHEKE,Basic,194,Pokémon,2025/11/14,tcgplayer,https://prices.pokemontcg.io/tcgplayer/me2-102,https://images.pokemontcg.io/me2/102_hires.png,2026/08/08,,4.06,3.490000009536743,4.800000190734863,999.0,,,,,,,,,,,,,,,,,2026-08-09
me2-103,Toxtricity,holofoil,Phantasmal Flames,103,Illustration Rare,Terada Tera,Stage 1,849,Pokémon,2025/11/14,tcgplayer,https://prices.pokemontcg.io/tcgplayer/me2-103,https://images.pokemontcg.io/me2/103_hires.png,2026/08/08,,2.2,1.4800000190734863,2.4100000858306885,999.0,,,,,,,,,,,,,,,,,2026-08-09
me2-104,Togedemaru,holofoil,Phantasmal Flames,104,Illustration Rare,Orca,Basic,777,Pokémon,2025/11/14,tcgplayer,https://prices.pokemontcg.io/tcgplayer/me2-104,https://images.pokemontcg.io/me2/104_hires.png,2026/08/08,,2.83,1.5700000524520874,2.7799999713897705,999.0,,,,,,,,,,,,,,,,,2026-08-09
me2-105,Wigglytuff,holofoil,Phantasmal Flames,105,Illustration Rare,REND,Stage 1,40,Pokémon,2025/11/14,tcgplayer,https://prices.pokemontcg.io/tcgplayer/me2-105,https://images.pokemontcg.io/me2/105_hires.png,2026/08/08,,6.97,4.989999771118164,7.480000019073486,999.0,,,,,,,,,,,,,,,,,2026-08-09
me2-106,Meowth,holofoil,Phantasmal Flames,106,Illustration Rare,Uninori,Basic,52,Pokémon,2025/11/14,tcgplayer,https://prices.pokemontcg.io/tcgplayer/me2-106,https://images.pokemontcg.io/me2/106_hires.png,2026/08/08,,21.25,18.0,24.0,999.0,,,,,,,,,,,,,,,,,2026-08-09
me2-107,Ambipom,holofoil,Phantasmal Flames,107,Illustration Rare,Shigenori Negishi,Stage 1,424,Pokémon,2025/11/14,tcgplayer,https://prices.pokemontcg.io/tcgplayer/me2-107,https://images.pokemontcg.io/me2/107_hires.png,2026/08/08,,2.57,1.0,2.7100000381469727,999.0,,,,,,,,,,,,,,,,,2026-08-09
me2-108,Mega Heracross ex,holofoil,Phantasmal Flames,108,Ultra Rare,5ban Graphics,Basic|MEGA|ex,214,Pokémon,2025/11/14,tcgplayer,https://prices.pokemontcg.io/tcgplayer/me2-108,https://images.pokemontcg.io/me2/108_hires.png,2026/08/08,,2.06,0.9900000095367432,2.25,999.0,,,,,,,,,,,,,,,,,2026-08-09
me2-109,Mega Charizard X ex,holofoil,Phantasmal Flames,109,Ultra Rare,takuyoa,Stage 2|MEGA|ex,6,Pokémon,2025/11/14,tcgplayer,https://prices.pokemontcg.io/tcgplayer/me2-109,https://images.pokemontcg.io/me2/109_hires.png,2026/08/08,,29.58,25.0,34.400001525878906,999.0,,,,,,,,,,,,,,,,,2026-08-09
me2-110,Oricorio ex,holofoil,Phantasmal Flames,110,Ultra Rare,5ban Graphics,Basic|ex,741,Pokémon,2025/11/14,tcgplayer,https://prices.pokemontcg.io/tcgplayer/me2-110,https://images.pokemontcg.io/me2/110_hires.png,2026/08/08,,1.22,0.8500000238418579,1.5499999523162842,999.0,,,,,,,,,,,,,,,,,2026-08-09
me2-111,Rotom ex,holofoil,Phantasmal Flames,111,Ultra Rare,5ban Graphics,Basic|ex,479,Pokémon,2025/11/14,tcgplayer,https://prices.pokemontcg.io/tcgplayer/me2-111,https://images.pokemontcg.io/me2/111_hires.png,2026/08/08,,1.36,0.75,1.590000033378601,999.0,,,,,,,,,,,,,,,,,2026-08-09
me2-112,Mismagius ex,holofoil,Phantasmal Flames,112,Ultra Rare,5ban Graphics,Stage 1|ex,429,Pokémon,2025/11/14,tcgplayer,https://prices.pokemontcg.io/tcgplayer/me2-112,https://images.pokemontcg.io/me2/112_hires.png,2026/08/08,,1.79,1.0,1.909999966621399,999.0,,,,,,,,,,,,,,,,,2026-08-09
me2-113,Mega Sharpedo ex,holofoil,Phantasmal Flames,113,Ultra Rare,5ban Graphics,Stage 1|MEGA|ex,319,Pokémon,2025/11/14,tcgplayer,https://prices.pokemontcg.io/tcgplayer/me2-113,https://images.pokemontcg.io/me2/113_hires.png,2026/08/08,,2.33,1.350000023841858,2.5399999618530273,999.0,,,,,,,,,,,,,,,,,2026-08-09
me2-114,Empoleon ex,holofoil,Phantasmal Flames,114,Ultra Rare,5ban Graphics,Stage 2|ex,395,Pokémon,2025/11/14,tcgplayer,https://prices.pokemontcg.io/tcgplayer/me2-114,https://images.pokemontcg.io/me2/114_hires.png,2026/08/08,,1.4,0.9800000190734863,2.0,999.0,,,,,,,,,,,,,,,,,2026-08-09
me2-115,Mega Lopunny ex,holofoil,Phantasmal Flames,115,Ultra Rare,5ban Graphics,Stage 1|MEGA|ex,428,Pokémon,2025/11/14,tcgplayer,https://prices.pokemontcg.io/tcgplayer/me2-115,https://images.pokemontcg.io/me2/115_hires.png,2026/08/08,,2.37,1.75,2.990000009536743,999.0,,,,,,,,,,,,,,,,,2026-08-09
me2-116,Battle Cage,holofoil,Phantasmal Flames,116,Ultra Rare,MARINA Chikazawa,Stadium,,Trainer,2025/11/14,tcgplayer,https://prices.pokemontcg.io/tcgplayer/me2-116,https://images.pokemontcg.io/me2/116_hires.png,2026/08/08,,1.36,0.6000000238418579,1.840000033378601,999.0,,,,,,,,,,,,,,,,,2026-08-09
me2-117,Blowtorch,holofoil,Phantasmal Flames,117,Ultra Rare,Toyste Beach,Item,,Trainer,2025/11/14,tcgplayer,https://prices.pokemontcg.io/tcgplayer/me2-117,https://images.pokemontcg.io/me2/117_hires.png,2026/08/08,,0.69,0.15000000596046448,0.8700000047683716,999.0,,,,,,,,,,,,,,,,,2026-08-09
me2-118,Dawn,holofoil,Phantasmal Flames,118,Ultra Rare,Yuu Nishida,Supporter,,Trainer,2025/11/14,tcgplayer,https://prices.pokemontcg.io/tcgplayer/me2-118,https://images.pokemontcg.io/me2/118_hires.png,2026/08/08,,5.77,3.509999990463257,6.599999904632568,999.0,,,,,,,,,,,,,,,,,2026-08-09
me2-119,Firebreather,holofoil,Phantasmal Flames,119,Ultra Rare,Naoki Saito,Supporter,,Trainer,2025/11/14,tcgplayer,https://prices.pokemontcg.io/tcgplayer/me2-119,https://images.pokemontcg.io/me2/119_hires.png,2026/08/08,,0.99,0.3499999940395355,1.1299999952316284,999.0,,,,,,,,,,,,,,,,,2026-08-09
me2-120,Grimsley's Move,holofoil,Phantasmal Flames,120,Ultra Rare,GIDORA,Supporter,,Trainer,2025/11/14,tcgplayer,https://prices.pokemontcg.io/tcgplayer/me2-120,https://images.pokemontcg.io/me2/120_hires.png,2026/08/08,,0.94,0.5699999928474426,1.2000000476837158,999.0,,,,,,,,,,,,,,,,,2026-08-09
me2-121,Punk Helmet,holofoil,Phantasmal Flames,121,Ultra Rare,Studio Bora Inc.,Pokémon Tool,,Trainer,2025/11/14,tcgplayer,https://prices.pokemontcg.io/tcgplayer/me2-121,https://images.pokemontcg.io/me2/121_hires.png,2026/08/08,,0.78,0.28999999165534973,0.9700000286102295,999.0,,,,,,,,,,,,,,,,,2026-08-09
me2-122,Sacred Charm,holofoil,Phantasmal Flames,122,Ultra Rare,Toyste Beach,Pokémon Tool,,Trainer,2025/11/14,tcgplayer,https://prices.pokemontcg.io/tcgplayer/me2-122,https://images.pokemontcg.io/me2/122_hires.png,2026/08/08,,0.59,0.25,0.800000011920929,999.0,,,,,,,,,,,,,,,,,2026-08-09
me2-123,Switch,holofoil,Phantasmal Flames,123,Ultra Rare,Studio Bora Inc.,Item,,Trainer,2025/11/14,tcgplayer,https://prices.pokemontcg.io/tcgplayer/me2-123,https://images.pokemontcg.io/me2/123_hires.png,2026/08/08,,1.06,0.5,1.4800000190734863,999.0,,,,,,,,,,,,,,,,,2026-08-09
me2-124,Ignition Energy,holofoil,Phantasmal Flames,124,Ultra Rare,,Special,,Energy,2025/11/14,tcgplayer,https://prices.pokemontcg.io/tcgplayer/me2-124,https://images.pokemontcg.io/me2/124_hires.png,2026/08/08,,1.54,0.9900000095367432,2.0,999.0,,,,,,,,,,,,,,,,,2026-08-09
me2-125,Mega Charizard X ex,holofoil,Phantasmal Flames,125,Special Illustration Rare,danciao,Stage 2|MEGA|ex,6,Pokémon,2025/11/14,tcgplayer,https://prices.pokemontcg.io/tcgplayer/me2-125,https://images.pokemontcg.io/me2/125_hires.png,2026/08/08,,767.49,690.989990234375,827.1699829101562,9999.0,,,,,,,,,,,,,,,,,2026-08-09
me2-126,Rotom ex,holofoil,Phantasmal Flames,126,Special Illustration Rare,Yoshimi Miyoshi,Basic|ex,479,Pokémon,2025/11/14,tcgplayer,https://prices.pokemontcg.io/tcgplayer/me2-126,https://images.pokemontcg.io/me2/126_hires.png,2026/08/08,,20.1,16.239999771118164,20.84000015258789,999.0,,,,,,,,,,,,,,,,,2026-08-09
me2-127,Mega Sharpedo ex,holofoil,Phantasmal Flames,127,Special Illustration Rare,nagimiso,Stage 1|MEGA|ex,319,Pokémon,2025/11/14,tcgplayer,https://prices.pokemontcg.io/tcgplayer/me2-127,https://images.pokemontcg.io/me2/127_hires.png,2026/08/08,,20.73,16.989999771118164,23.8700008392334,999.0,,,,,,,,,,,,,,,,,2026-08-09
me2-128,Mega Lopunny ex,holofoil,Phantasmal Flames,128,Special Illustration Rare,Kinu Nishimura,Stage 1|MEGA|ex,428,Pokémon,2025/11/14,tcgplayer,https://prices.pokemontcg.io/tcgplayer/me2-128,https://images.pokemontcg.io/me2/128_hires.png,2026/08/08,,17.38,10.0,19.540000915527344,999.0,,,,,,,,,,,,,,,,,2026-08-09
me2-129,Dawn,holofoil,Phantasmal Flames,129,Special Illustration Rare,Atsushi Furusawa,Supporter,,Trainer,2025/11/14,tcgplayer,https://prices.pokemontcg.io/tcgplayer/me2-129,https://images.pokemontcg.io/me2/129_hires.png,2026/08/08,,24.21,19.989999771118164,27.260000228881836,999.0,,,,,,,,,,,,,,,,,2026-08-09
me2-130,Mega Charizard X ex,holofoil,Phantasmal Flames,130,Mega Hyper Rare,takuyoa,Stage 2|MEGA|ex,6,Pokémon,2025/11/14,tcgplayer,https://prices.pokemontcg.io/tcgplayer/me2-130,https://images.pokemontcg.io/me2/130_hires.png,2026/08/08,,318.25,289.989990234375,341.67999267578125,2884.139892578125,,,,,,,,,,,,,,,,,2026-08-09
me2pt5-1,Erika's Oddish,,Ascended Heroes,1,Common,Yoriyuki Ikegami,Basic,43,Pokémon,2026/01/30,,https://prices.pokemontcg.io/tcgplayer/me2pt5-1,https://images.scrydex.com/pokemon/me2pt5-1/large,,,,,,,,,,,,,,,,,,,,,,,2026-08-09
me2pt5-2,Erika's Gloom,,Ascended Heroes,2,Uncommon,MARINA Chikazawa,Stage 1,44,Pokémon,2026/01/30,,https://prices.pokemontcg.io/tcgplayer/me2pt5-2,https://images.scrydex.com/pokemon/me2pt5-2/large,,,,,,,,,,,,,,,,,,,,,,,2026-08-09
me2pt5-3,Erika's Vileplume ex,,Ascended Heroes,3,Double Rare,5ban Graphics,Stage 2|ex,45,Pokémon,2026/01/30,,https://prices.pokemontcg.io/tcgplayer/me2pt5-3,https://images.scrydex.com/pokemon/me2pt5-3/large,,,,,,,,,,,,,,,,,,,,,,,2026-08-09
me2pt5-4,Erika's Bellsprout,,Ascended Heroes,4,Common,sui,Basic,69,Pokémon,2026/01/30,,https://prices.pokemontcg.io/tcgplayer/me2pt5-4,https://images.scrydex.com/pokemon/me2pt5-4/large,,,,,,,,,,,,,,,,,,,,,,,2026-08-09
me2pt5-5,Erika's Weepinbell,,Ascended Heroes,5,Uncommon,LINNE,Stage 1,70,Pokémon,2026/01/30,,https://prices.pokemontcg.io/tcgplayer/me2pt5-5,https://images.scrydex.com/pokemon/me2pt5-5/large,,,,,,,,,,,,,,,,,,,,,,,2026-08-09
me2pt5-6,Erika's Victreebel,,Ascended Heroes,6,Rare,takashi shiraishi,Stage 2,71,Pokémon,2026/01/30,,https://prices.pokemontcg.io/tcgplayer/me2pt5-6,https://images.scrydex.com/pokemon/me2pt5-6/large,,,,,,,,,,,,,,,,,,,,,,,2026-08-09
me2pt5-7,Erika's Tangela,,Ascended Heroes,7,Common,GIDORA,Basic,114,Pokémon,2026/01/30,,https://prices.pokemontcg.io/tcgplayer/me2pt5-7,https://images.scrydex.com/pokemon/me2pt5-7/large,,,,,,,,,,,,,,,,,,,,,,,2026-08-09
me2pt5-8,Chikorita,,Ascended Heroes,8,Common,Kariya,Basic,152,Pokémon,2026/01/30,,https://prices.pokemontcg.io/tcgplayer/me2pt5-8,https://images.scrydex.com/pokemon/me2pt5-8/large,,,,,,,,,,,,,,,,,,,,,,,2026-08-09
me2pt5-9,Bayleef,,Ascended Heroes,9,Uncommon,Tomomi Ozaki,Stage 1,153,Pokémon,2026/01/30,,https://prices.pokemontcg.io/tcgplayer/me2pt5-9,https://images.scrydex.com/pokemon/me2pt5-9/large,,,,,,,,,,,,,,,,,,,,,,,2026-08-09
me2pt5-10,Mega Meganium ex,,Ascended Heroes,10,Double Rare,5ban Graphics,Stage 2|MEGA|ex,154,Pokémon,2026/01/30,,https://prices.pokemontcg.io/tcgplayer/me2pt5-10,https://images.scrydex.com/pokemon/me2pt5-10/large,,,,,,,,,,,,,,,,,,,,,,,2026-08-09
me2pt5-11,Wurmple,,Ascended Heroes,11,Common,USGMEN,Basic,265,Pokémon,2026/01/30,,https://prices.pokemontcg.io/tcgplayer/me2pt5-11,https://images.scrydex.com/pokemon/me2pt5-11/large,,,,,,,,,,,,,,,,,,,,,,,2026-08-09
me2pt5-12,Silcoon,,Ascended Heroes,12,Common,Eri Yamaki,Stage 1,266,Pokémon,2026/01/30,,https://prices.pokemontcg.io/tcgplayer/me2pt5-12,https://images.scrydex.com/pokemon/me2pt5-12/large,,,,,,,,,,,,,,,,,,,,,,,2026-08-09
me2pt5-13,Beautifly,,Ascended Heroes,13,Uncommon,Narumi Sato,Stage 2,267,Pokémon,2026/01/30,,https://prices.pokemontcg.io/tcgplayer/me2pt5-13,https://images.scrydex.com/pokemon/me2pt5-13/large,,,,,,,,,,,,,,,,,,,,,,,2026-08-09
me2pt5-14,Cascoon,,Ascended Heroes,14,Common,Dsuke,Stage 1,268,Pokémon,2026/01/30,,https://prices.pokemontcg.io/tcgplayer/me2pt5-14,https://images.scrydex.com/pokemon/me2pt5-14/large,,,,,,,,,,,,,,,,,,,,,,,2026-08-09
me2pt5-15,Dustox,,Ascended Heroes,15,Uncommon,kamonabe,Stage 2,269,Pokémon,2026/01/30,,https://prices.pokemontcg.io/tcgplayer/me2pt5-15,https://images.scrydex.com/pokemon/me2pt5-15/large,,,,,,,,,,,,,,,,,,,,,,,2026-08-09
me2pt5-16,Budew,,Ascended Heroes,16,Common,Yoriyuki Ikegami,Basic,406,Pokémon,2026/01/30,,https://prices.pokemontcg.io/tcgplayer/me2pt5-16,https://images.scrydex.com/pokemon/me2pt5-16/large,,,,,,,,,,,,,,,,,,,,,,,2026-08-09
me2pt5-17,Grubbin,,Ascended Heroes,17,Common,Jerky,Basic,736,Pokémon,2026/01/30,,https://prices.pokemontcg.io/tcgplayer/me2pt5-17,https://images.scrydex.com/pokemon/me2pt5-17/large,,,,,,,,,,,,,,,,,,,,,,,2026-08-09
me2pt5-18,Team Rocket's Tarountula,,Ascended Heroes,18,Common,Saboteri,Basic,917,Pokémon,2026/01/30,,,https://images.scrydex.com/pokemon/me2pt5-18/large,,,,,,,,,,,,,,,,,,,,,,,2026-08-09
me2pt5-19,Team Rocket's Spidops,,Ascended Heroes,19,Rare,Taiga Kasai,Stage 1,918,Pokémon,2026/01/30,,https://prices.pokemontcg.io/tcgplayer/me2pt5-19,https://images.scrydex.com/pokemon/me2pt5-19/large,,,,,,,,,,,,,,,,,,,,,,,2026-08-09
me2pt5-20,Charmander,,Ascended Heroes,20,Common,Orca,Basic,4,Pokémon,2026/01/30,,https://prices.pokemontcg.io/tcgplayer/me2pt5-20,https://images.scrydex.com/pokemon/me2pt5-20/large,,,,,,,,,,,,,,,,,,,,,,,2026-08-09
me2pt5-21,Charmeleon,,Ascended Heroes,21,Uncommon,Julie Hang,Stage 1,5,Pokémon,2026/01/30,,https://prices.pokemontcg.io/tcgplayer/me2pt5-21,https://images.scrydex.com/pokemon/me2pt5-21/large,,,,,,,,,,,,,,,,,,,,,,,2026-08-09
me2pt5-22,Mega Charizard Y ex,,Ascended Heroes,22,Double Rare,aky CG Works,Stage 2|MEGA|ex,6,Pokémon,2026/01/30,,https://prices.pokemontcg.io/tcgplayer/me2pt5-22,https://images.scrydex.com/pokemon/me2pt5-22/large,,,,,,,,,,,,,,,,,,,,,,,2026-08-09
me2pt5-23,Ethan's Slugma,,Ascended Heroes,23,Common,Sanosuke Sakuma,Basic,218,Pokémon,2026/01/30,,https://prices.pokemontcg.io/tcgplayer/me2pt5-23,https://images.scrydex.com/pokemon/me2pt5-23/large,,,,,,,,,,,,,,,,,,,,,,,2026-08-09
me2pt5-24,Ethan's Magcargo,,Ascended Heroes,24,Rare,kodama,Stage 1,219,Pokémon,2026/01/30,,https://prices.pokemontcg.io/tcgplayer/me2pt5-24,https://images.scrydex.com/pokemon/me2pt5-24/large,,,,,,,,,,,,,,,,,,,,,,,2026-08-09
me2pt5-25,Entei,,Ascended Heroes,25,Rare,Kazumasa Yasukuni,Basic,244,Pokémon,2026/01/30,,https://prices.pokemontcg.io/tcgplayer/me2pt5-25,https://images.scrydex.com/pokemon/me2pt5-25/large,,,,,,,,,,,,,,,,,,,,,,,2026-08-09
me2pt5-26,Ethan's Ho-Oh ex,,Ascended Heroes,26,Double Rare,aky CG Works,Basic|ex,250,Pokémon,2026/01/30,,https://prices.pokemontcg.io/tcgplayer/me2pt5-26,https://images.scrydex.com/pokemon/me2pt5-26/large,,,,,,,,,,,,,,,,,,,,,,,2026-08-09
me2pt5-27,Numel,,Ascended Heroes,27,Common,Ounishi,Basic,322,Pokémon,2026/01/30,,https://prices.pokemontcg.io/tcgplayer/me2pt5-27,https://images.scrydex.com/pokemon/me2pt5-27/large,,,,,,,,,,,,,,,,,,,,,,,2026-08-09
me2pt5-28,Camerupt,,Ascended Heroes,28,Uncommon,Minahamu,Stage 1,323,Pokémon,2026/01/30,,https://prices.pokemontcg.io/tcgplayer/me2pt5-28,https://images.scrydex.com/pokemon/me2pt5-28/large,,,,,,,,,,,,,,,,,,,,,,,2026-08-09
me2pt5-29,Tepig,,Ascended Heroes,29,Common,Uninori,Basic,498,Pokémon,2026/01/30,,https://prices.pokemontcg.io/tcgplayer/me2pt5-29,https://images.scrydex.com/pokemon/me2pt5-29/large,,,,,,,,,,,,,,,,,,,,,,,2026-08-09
me2pt5-30,Pignite,,Ascended Heroes,30,Uncommon,Aliya Chen,Stage 1,499,Pokémon,2026/01/30,,https://prices.pokemontcg.io/tcgplayer/me2pt5-30,https://images.scrydex.com/pokemon/me2pt5-30/large,,,,,,,,,,,,,,,,,,,,,,,2026-08-09
me2pt5-31,Mega Emboar ex,,Ascended Heroes,31,Double Rare,5ban Graphics,Stage 2|MEGA|ex,500,Pokémon,2026/01/30,,https://prices.pokemontcg.io/tcgplayer/me2pt5-31,https://images.scrydex.com/pokemon/me2pt5-31/large,,,,,,,,,,,,,,,,,,,,,,,2026-08-09
me2pt5-32,N's Darumaka,,Ascended Heroes,32,Common,Gemi,Basic,554,Pokémon,2026/01/30,,https://prices.pokemontcg.io/tcgplayer/me2pt5-32,https://images.scrydex.com/pokemon/me2pt5-32/large,,,,,,,,,,,,,,,,,,,,,,,2026-08-09
me2pt5-33,N's Darmanitan,,Ascended Heroes,33,Uncommon,nagimiso,Stage 1,555,Pokémon,2026/01/30,,https://prices.pokemontcg.io/tcgplayer/me2pt5-33,https://images.scrydex.com/pokemon/me2pt5-33/large,,,,,,,,,,,,,,,,,,,,,,,2026-08-09
me2pt5-34,Salandit,,Ascended Heroes,34,Common,Felicia Chen,Basic,757,Pokémon,2026/01/30,,https://prices.pokemontcg.io/tcgplayer/me2pt5-34,https://images.scrydex.com/pokemon/me2pt5-34/large,,,,,,,,,,,,,,,,,,,,,,,2026-08-09
me2pt5-35,Salazzle,,Ascended Heroes,35,Uncommon,Taiga Kasai,Stage 1,758,Pokémon,2026/01/30,,https://prices.pokemontcg.io/tcgplayer/me2pt5-35,https://images.scrydex.com/pokemon/me2pt5-35/large,,,,,,,,,,,,,,,,,,,,,,,2026-08-09
me2pt5-36,Scorbunny,,Ascended Heroes,36,Common,Cona Nitanda,Basic,813,Pokémon,2026/01/30,,https://prices.pokemontcg.io/tcgplayer/me2pt5-36,https://images.scrydex.com/pokemon/me2pt5-36/large,,,,,,,,,,,,,,,,,,,,,,,2026-08-09
me2pt5-37,Raboot,,Ascended Heroes,37,Common,aspara,Stage 1,814,Pokémon,2026/01/30,,https://prices.pokemontcg.io/tcgplayer/me2pt5-37,https://images.scrydex.com/pokemon/me2pt5-37/large,,,,,,,,,,,,,,,,,,,,,,,2026-08-09
me2pt5-38,Cinderace ex,,Ascended Heroes,38,Double Rare,5ban Graphics,Stage 2|Tera|ex,815,Pokémon,2026/01/30,,https://prices.pokemontcg.io/tcgplayer/me2pt5-38,https://images.scrydex.com/pokemon/me2pt5-38/large,,,,,,,,,,,,,,,,,,,,,,,2026-08-09
me2pt5-39,Psyduck,,Ascended Heroes,39,Common,Jiro Sasumo,Basic,54,Pokémon,2026/01/30,,https://prices.pokemontcg.io/tcgplayer/me2pt5-39,https://images.scrydex.com/pokemon/me2pt5-39/large,,,,,,,,,,,,,,,,,,,,,,,2026-08-09
me2pt5-40,Golduck,,Ascended Heroes,40,Uncommon,Jiro Sasumo,Stage 1,55,Pokémon,2026/01/30,,https://prices.pokemontcg.io/tcgplayer/me2pt5-40,https://images.scrydex.com/pokemon/me2pt5-40/large,,,,,,,,,,,,,,,,,,,,,,,2026-08-09
me2pt5-41,Totodile,,Ascended Heroes,41,Common,REND,Basic,158,Pokémon,2026/01/30,,https://prices.pokemontcg.io/tcgplayer/me2pt5-41,https://images.scrydex.com/pokemon/me2pt5-41/large,,,,,,,,,,,,,,,,,,,,,,,2026-08-09
me2pt5-42,Croconaw,,Ascended Heroes,42,Uncommon,Felicia Chen,Stage 1,159,Pokémon,2026/01/30,,https://prices.pokemontcg.io/tcgplayer/me2pt5-42,https://images.scrydex.com/pokemon/me2pt5-42/large,,,,,,,,,,,,,,,,,,,,,,,2026-08-09
me2pt5-43,Mega Feraligatr ex,,Ascended Heroes,43,Double Rare,5ban Graphics,Stage 2|MEGA|ex,160,Pokémon,2026/01/30,,https://prices.pokemontcg.io/tcgplayer/me2pt5-43,https://images.scrydex.com/pokemon/me2pt5-43/large,,,,,,,,,,,,,,,,,,,,,,,2026-08-09
me2pt5-44,Sneasel,,Ascended Heroes,44,Common,Krgc,Basic,215,Pokémon,2026/01/30,,https://prices.pokemontcg.io/tcgplayer/me2pt5-44,https://images.scrydex.com/pokemon/me2pt5-44/large,,,,,,,,,,,,,,,,,,,,,,,2026-08-09
me2pt5-45,Weavile,,Ascended Heroes,45,Uncommon,aspara,Stage 1,461,Pokémon,2026/01/30,,https://prices.pokemontcg.io/tcgplayer/me2pt5-45,https://images.scrydex.com/pokemon/me2pt5-45/large,,,,,,,,,,,,,,,,,,,,,,,2026-08-09
me2pt5-46,Snorunt,,Ascended Heroes,46,Common,Wintr Wandr,Basic,361,Pokémon,2026/01/30,,https://prices.pokemontcg.io/tcgplayer/me2pt5-46,https://images.scrydex.com/pokemon/me2pt5-46/large,,,,,,,,,,,,,,,,,,,,,,,2026-08-09
me2pt5-47,Mega Froslass ex,,Ascended Heroes,47,Double Rare,5ban Graphics,Stage 1|MEGA|ex,478,Pokémon,2026/01/30,,https://prices.pokemontcg.io/tcgplayer/me2pt5-47,https://images.scrydex.com/pokemon/me2pt5-47/large,,,,,,,,,,,,,,,,,,,,,,,2026-08-09
me2pt5-48,Regice ex,,Ascended Heroes,48,Double Rare,akagi,Basic|ex,378,Pokémon,2026/01/30,,https://prices.pokemontcg.io/tcgplayer/me2pt5-48,https://images.scrydex.com/pokemon/me2pt5-48/large,,,,,,,,,,,,,,,,,,,,,,,2026-08-09
me2pt5-49,N's Vanillite,,Ascended Heroes,49,Common,yuu,Basic,582,Pokémon,2026/01/30,,https://prices.pokemontcg.io/tcgplayer/me2pt5-49,https://images.scrydex.com/pokemon/me2pt5-49/large,,,,,,,,,,,,,,,,,,,,,,,2026-08-09
me2pt5-50,N's Vanillish,,Ascended Heroes,50,Common,kirisAki,Stage 1,583,Pokémon,2026/01/30,,https://prices.pokemontcg.io/tcgplayer/me2pt5-50,https://images.scrydex.com/pokemon/me2pt5-50/large,,,,,,,,,,,,,,,,,,,,,,,2026-08-09
me2pt5-51,N's Vanilluxe,,Ascended Heroes,51,Uncommon,imoniii,Stage 2,584,Pokémon,2026/01/30,,https://prices.pokemontcg.io/tcgplayer/me2pt5-51,https://images.scrydex.com/pokemon/me2pt5-51/large,,,,,,,,,,,,,,,,,,,,,,,2026-08-09
me2pt5-52,Snom,,Ascended Heroes,52,Common,Izucch,Basic,872,Pokémon,2026/01/30,,https://prices.pokemontcg.io/tcgplayer/me2pt5-52,https://images.scrydex.com/pokemon/me2pt5-52/large,,,,,,,,,,,,,,,,,,,,,,,2026-08-09
me2pt5-53,Frosmoth,,Ascended Heroes,53,Uncommon,cochi8i,Stage 1,873,Pokémon,2026/01/30,,https://prices.pokemontcg.io/tcgplayer/me2pt5-53,https://images.scrydex.com/pokemon/me2pt5-53/large,,,,,,,,,,,,,,,,,,,,,,,2026-08-09
me2pt5-54,Glastrier,,Ascended Heroes,54,Uncommon,mashu,Basic,896,Pokémon,2026/01/30,,https://prices.pokemontcg.io/tcgplayer/me2pt5-54,https://images.scrydex.com/pokemon/me2pt5-54/large,,,,,,,,,,,,,,,,,,,,,,,2026-08-09
me2pt5-55,Pikachu,,Ascended Heroes,55,Common,kamonabe,Basic,25,Pokémon,2026/01/30,,https://prices.pokemontcg.io/tcgplayer/me2pt5-55,https://images.scrydex.com/pokemon/me2pt5-55/large,,,,,,,,,,,,,,,,,,,,,,,2026-08-09
me2pt5-56,Raichu,,Ascended Heroes,56,Uncommon,Iori Suzuki,Stage 1,26,Pokémon,2026/01/30,,https://prices.pokemontcg.io/tcgplayer/me2pt5-56,https://images.scrydex.com/pokemon/me2pt5-56/large,,,,,,,,,,,,,,,,,,,,,,,2026-08-09
me2pt5-57,Pikachu ex,,Ascended Heroes,57,Double Rare,aky CG Works,Basic|Tera|ex,25,Pokémon,2026/01/30,,https://prices.pokemontcg.io/tcgplayer/me2pt5-57,https://images.scrydex.com/pokemon/me2pt5-57/large,,,,,,,,,,,,,,,,,,,,,,,2026-08-09
me2pt5-58,Voltorb ex,,Ascended Heroes,58,Double Rare,5ban Graphics,Basic|ex,100,Pokémon,2026/01/30,,https://prices.pokemontcg.io/tcgplayer/me2pt5-58,https://images.scrydex.com/pokemon/me2pt5-58/large,,,,,,,,,,,,,,,,,,,,,,,2026-08-09
me2pt5-59,Tynamo,,Ascended Heroes,59,Common,Jerky,Basic,602,Pokémon,2026/01/30,,https://prices.pokemontcg.io/tcgplayer/me2pt5-59,https://images.scrydex.com/pokemon/me2pt5-59/large,,,,,,,,,,,,,,,,,,,,,,,2026-08-09
me2pt5-60,Eelektrik,,Ascended Heroes,60,Uncommon,Jerky,Stage 1,603,Pokémon,2026/01/30,,https://prices.pokemontcg.io/tcgplayer/me2pt5-60,https://images.scrydex.com/pokemon/me2pt5-60/large,,,,,,,,,,,,,,,,,,,,,,,2026-08-09
me2pt5-61,Mega Eelektross ex,,Ascended Heroes,61,Double Rare,takuyoa,Stage 2|MEGA|ex,604,Pokémon,2026/01/30,,https://prices.pokemontcg.io/tcgplayer/me2pt5-61,https://images.scrydex.com/pokemon/me2pt5-61/large,,,,,,,,,,,,,,,,,,,,,,,2026-08-09
me2pt5-62,Stunfisk,,Ascended Heroes,62,Common,Tetsu Kayama,Basic,618,Pokémon,2026/01/30,,https://prices.pokemontcg.io/tcgplayer/me2pt5-62,https://images.scrydex.com/pokemon/me2pt5-62/large,,,,,,,,,,,,,,,,,,,,,,,2026-08-09
me2pt5-63,Helioptile,,Ascended Heroes,63,Common,Tika Matsuno,Basic,694,Pokémon,2026/01/30,,https://prices.pokemontcg.io/tcgplayer/me2pt5-63,https://images.scrydex.com/pokemon/me2pt5-63/large,,,,,,,,,,,,,,,,,,,,,,,2026-08-09
me2pt5-64,Heliolisk,,Ascended Heroes,64,Uncommon,svlt,Stage 1,695,Pokémon,2026/01/30,,https://prices.pokemontcg.io/tcgplayer/me2pt5-64,https://images.scrydex.com/pokemon/me2pt5-64/large,,,,,,,,,,,,,,,,,,,,,,,2026-08-09
me2pt5-65,Charjabug,,Ascended Heroes,65,Common,Misa Tsutsui,Stage 1,737,Pokémon,2026/01/30,,https://prices.pokemontcg.io/tcgplayer/me2pt5-65,https://images.scrydex.com/pokemon/me2pt5-65/large,,,,,,,,,,,,,,,,,,,,,,,2026-08-09
me2pt5-66,Vikavolt,,Ascended Heroes,66,Uncommon,Shiburingaru,Stage 2,738,Pokémon,2026/01/30,,https://prices.pokemontcg.io/tcgplayer/me2pt5-66,https://images.scrydex.com/pokemon/me2pt5-66/large,,,,,,,,,,,,,,,,,,,,,,,2026-08-09
me2pt5-67,Tapu Koko,,Ascended Heroes,67,Rare,Anesaki Dynamic,Basic,785,Pokémon,2026/01/30,,https://prices.pokemontcg.io/tcgplayer/me2pt5-67,https://images.scrydex.com/pokemon/me2pt5-67/large,,,,,,,,,,,,,,,,,,,,,,,2026-08-09
me2pt5-68,Hop's Pincurchin ex,,Ascended Heroes,68,Double Rare,5ban Graphics,Basic|ex,871,Pokémon,2026/01/30,,https://prices.pokemontcg.io/tcgplayer/me2pt5-68,https://images.scrydex.com/pokemon/me2pt5-68/large,,,,,,,,,,,,,,,,,,,,,,,2026-08-09
me2pt5-69,Iono's Tadbulb,,Ascended Heroes,69,Common,kurumitsu,Basic,938,Pokémon,2026/01/30,,https://prices.pokemontcg.io/tcgplayer/me2pt5-69,https://images.scrydex.com/pokemon/me2pt5-69/large,,,,,,,,,,,,,,,,,,,,,,,2026-08-09
me2pt5-70,Iono's Bellibolt ex,,Ascended Heroes,70,Double Rare,5ban Graphics,Stage 1|ex,939,Pokémon,2026/01/30,,https://prices.pokemontcg.io/tcgplayer/me2pt5-70,https://images.scrydex.com/pokemon/me2pt5-70/large,,,,,,,,,,,,,,,,,,,,,,,2026-08-09
me2pt5-71,Iono's Wattrel,,Ascended Heroes,71,Common,Akira Komayama,Basic,940,Pokémon,2026/01/30,,https://prices.pokemontcg.io/tcgplayer/me2pt5-71,https://images.scrydex.com/pokemon/me2pt5-71/large,,,,,,,,,,,,,,,,,,,,,,,2026-08-09
me2pt5-72,Iono's Kilowattrel,,Ascended Heroes,72,Rare,chibi,Stage 1,940,Pokémon,2026/01/30,,https://prices.pokemontcg.io/tcgplayer/me2pt5-72,https://images.scrydex.com/pokemon/me2pt5-72/large,,,,,,,,,,,,,,,,,,,,,,,2026-08-09
me2pt5-73,Miraidon ex,,Ascended Heroes,73,Double Rare,5ban Graphics,Basic|Tera|ex,1008,Pokémon,2026/01/30,,https://prices.pokemontcg.io/tcgplayer/me2pt5-73,https://images.scrydex.com/pokemon/me2pt5-73/large,,,,,,,,,,,,,,,,,,,,,,,2026-08-09
me2pt5-74,Clefairy,,Ascended Heroes,74,Common,satoma,Basic,35,Pokémon,2026/01/30,,https://prices.pokemontcg.io/tcgplayer/me2pt5-74,https://images.scrydex.com/pokemon/me2pt5-74/large,,,,,,,,,,,,,,,,,,,,,,,2026-08-09
me2pt5-75,Clefable,,Ascended Heroes,75,Uncommon,satoma,Stage 1,36,Pokémon,2026/01/30,,https://prices.pokemontcg.io/tcgplayer/me2pt5-75,https://images.scrydex.com/pokemon/me2pt5-75/large,,,,,,,,,,,,,,,,,,,,,,,2026-08-09
me2pt5-76,Lillie's Clefairy ex,,Ascended Heroes,76,Double Rare,5ban Graphics,Basic|ex,35,Pokémon,2026/01/30,,https://prices.pokemontcg.io/tcgplayer/me2pt5-76,https://images.scrydex.com/pokemon/me2pt5-76/large,,,,,,,,,,,,,,,,,,,,,,,2026-08-09
me2pt5-77,Team Rocket's Exeggcute,,Ascended Heroes,77,Common,Gapao,Basic,102,Pokémon,2026/01/30,,https://prices.pokemontcg.io/tcgplayer/me2pt5-77,https://images.scrydex.com/pokemon/me2pt5-77/large,,,,,,,,,,,,,,,,,,,,,,,2026-08-09
me2pt5-78,Team Rocket's Exeggutor,,Ascended Heroes,78,Rare,Ryuta Fuse,Stage 1,103,Pokémon,2026/01/30,,https://prices.pokemontcg.io/tcgplayer/me2pt5-78,https://images.scrydex.com/pokemon/me2pt5-78/large,,,,,,,,,,,,,,,,,,,,,,,2026-08-09
me2pt5-79,Team Rocket's Mewtwo ex,,Ascended Heroes,79,Double Rare,aky CG Works,Basic|ex,150,Pokémon,2026/01/30,,https://prices.pokemontcg.io/tcgplayer/me2pt5-79,https://images.scrydex.com/pokemon/me2pt5-79/large,,,,,,,,,,,,,,,,,,,,,,,2026-08-09
me2pt5-80,Togepi,,Ascended Heroes,80,Common,Yoko Hishida,Basic,175,Pokémon,2026/01/30,,https://prices.pokemontcg.io/tcgplayer/me2pt5-80,https://images.scrydex.com/pokemon/me2pt5-80/large,,,,,,,,,,,,,,,,,,,,,,,2026-08-09
me2pt5-81,Togetic,,Ascended Heroes,81,Common,Teeziro,Stage 1,176,Pokémon,2026/01/30,,https://prices.pokemontcg.io/tcgplayer/me2pt5-81,https://images.scrydex.com/pokemon/me2pt5-81/large,,,,,,,,,,,,,,,,,,,,,,,2026-08-09
me2pt5-82,Togekiss,,Ascended Heroes,82,Rare,Narano,Stage 2,468,Pokémon,2026/01/30,,https://prices.pokemontcg.io/tcgplayer/me2pt5-82,https://images.scrydex.com/pokemon/me2pt5-82/large,,,,,,,,,,,,,,,,,,,,,,,2026-08-09
me2pt5-83,Marill,,Ascended Heroes,83,Common,Yoshimoto Yoshimon,Basic,183,Pokémon,2026/01/30,,https://prices.pokemontcg.io/tcgplayer/me2pt5-83,https://images.scrydex.com/pokemon/me2pt5-83/large,,,,,,,,,,,,,,,,,,,,,,,2026-08-09
me2pt5-84,Azumarill ex,,Ascended Heroes,84,Double Rare,5ban Graphics,Stage 1|ex,183,Pokémon,2026/01/30,,https://prices.pokemontcg.io/tcgplayer/me2pt5-84,https://images.scrydex.com/pokemon/me2pt5-84/large,,,,,,,,,,,,,,,,,,,,,,,2026-08-09
me2pt5-85,Misdreavus,,Ascended Heroes,85,Common,Kazuhisa Uragami,Basic,200,Pokémon,2026/01/30,,https://prices.pokemontcg.io/tcgplayer/me2pt5-85,https://images.scrydex.com/pokemon/me2pt5-85/large,,,,,,,,,,,,,,,,,,,,,,,2026-08-09
me2pt5-86,Mismagius,,Ascended Heroes,86,Rare,nisimono,Stage 1,429,Pokémon,2026/01/30,,https://prices.pokemontcg.io/tcgplayer/me2pt5-86,https://images.scrydex.com/pokemon/me2pt5-86/large,,,,,,,,,,,,,,,,,,,,,,,2026-08-09
me2pt5-87,Ralts,,Ascended Heroes,87,Common,Terada Tera,Basic,280,Pokémon,2026/01/30,,https://prices.pokemontcg.io/tcgplayer/me2pt5-87,https://images.scrydex.com/pokemon/me2pt5-87/large,,,,,,,,,,,,,,,,,,,,,,,2026-08-09
me2pt5-88,Kirlia,,Ascended Heroes,88,Common,satoma,Stage 1,281,Pokémon,2026/01/30,,https://prices.pokemontcg.io/tcgplayer/me2pt5-88,https://images.scrydex.com/pokemon/me2pt5-88/large,,,,,,,,,,,,,,,,,,,,,,,2026-08-09
me2pt5-89,Mega Gardevoir ex,,Ascended Heroes,89,Double Rare,takuyoa,Stage 2|MEGA|ex,282,Pokémon,2026/01/30,,https://prices.pokemontcg.io/tcgplayer/me2pt5-89,https://images.scrydex.com/pokemon/me2pt5-89/large,,,,,,,,,,,,,,,,,,,,,,,2026-08-09
me2pt5-90,Shuppet,,Ascended Heroes,90,Common,miki kudo,Basic,353,Pokémon,2026/01/30,,https://prices.pokemontcg.io/tcgplayer/me2pt5-90,https://images.scrydex.com/pokemon/me2pt5-90/large,,,,,,,,,,,,,,,,,,,,,,,2026-08-09
me2pt5-91,Banette,,Ascended Heroes,91,Uncommon,Anesaki Dynamic,Stage 1,354,Pokémon,2026/01/30,,https://prices.pokemontcg.io/tcgplayer/me2pt5-91,https://images.scrydex.com/pokemon/me2pt5-91/large,,,,,,,,,,,,,,,,,,,,,,,2026-08-09
me2pt5-92,Rotom,,Ascended Heroes,92,Common,mingo,Basic,479,Pokémon,2026/01/30,,https://prices.pokemontcg.io/tcgplayer/me2pt5-92,https://images.scrydex.com/pokemon/me2pt5-92/large,,,,,,,,,,,,,,,,,,,,,,,2026-08-09
me2pt5-93,Swirlix,,Ascended Heroes,93,Common,Saya Tsuruta,Basic,684,Pokémon,2026/01/30,,https://prices.pokemontcg.io/tcgplayer/me2pt5-93,https://images.scrydex.com/pokemon/me2pt5-93/large,,,,,,,,,,,,,,,,,,,,,,,2026-08-09
me2pt5-94,Slurpuff,,Ascended Heroes,94,Uncommon,Natsumi Yoshida,Stage 1,685,Pokémon,2026/01/30,,https://prices.pokemontcg.io/tcgplayer/me2pt5-94,https://images.scrydex.com/pokemon/me2pt5-94/large,,,,,,,,,,,,,,,,,,,,,,,2026-08-09
me2pt5-95,Hop's Phantump,,Ascended Heroes,95,Common,tono,Basic,708,Pokémon,2026/01/30,,https://prices.pokemontcg.io/tcgplayer/me2pt5-95,https://images.scrydex.com/pokemon/me2pt5-95/large,,,,,,,,,,,,,,,,,,,,,,,2026-08-09
me2pt5-96,Hop's Trevenant,,Ascended Heroes,96,Rare,matazo,Stage 1,709,Pokémon,2026/01/30,,https://prices.pokemontcg.io/tcgplayer/me2pt5-96,https://images.scrydex.com/pokemon/me2pt5-96/large,,,,,,,,,,,,,,,,,,,,,,,2026-08-09
me2pt5-97,Team Rocket's Mimikyu,,Ascended Heroes,97,Uncommon,DOM,Basic,778,Pokémon,2026/01/30,,https://prices.pokemontcg.io/tcgplayer/me2pt5-97,https://images.scrydex.com/pokemon/me2pt5-97/large,,,,,,,,,,,,,,,,,,,,,,,2026-08-09
me2pt5-98,Spectrier,,Ascended Heroes,98,Rare,Taiga Kasai,Basic,897,Pokémon,2026/01/30,,https://prices.pokemontcg.io/tcgplayer/me2pt5-98,https://images.scrydex.com/pokemon/me2pt5-98/large,,,,,,,,,,,,,,,,,,,,,,,2026-08-09
me2pt5-99,Munkidori,,Ascended Heroes,99,Rare,kodama,Basic,1015,Pokémon,2026/01/30,,https://prices.pokemontcg.io/tcgplayer/me2pt5-99,https://images.scrydex.com/pokemon/me2pt5-99/large,,,,,,,,,,,,,,,,,,,,,,,2026-08-09
me2pt5-100,Team Rocket's Diglett,,Ascended Heroes,100,Common,Yuriko Akase,Basic,50,Pokémon,2026/01/30,,https://prices.pokemontcg.io/tcgplayer/me2pt5-100,https://images.scrydex.com/pokemon/me2pt5-100/large,,,,,,,,,,,,,,,,,,,,,,,2026-08-09
me2pt5-101,Team Rocket's Dugtrio,,Ascended Heroes,101,Uncommon,KEIICHIRO ITO,Stage 1,51,Pokémon,2026/01/30,,https://prices.pokemontcg.io/tcgplayer/me2pt5-101,https://images.scrydex.com/pokemon/me2pt5-101/large,,,,,,,,,,,,,,,,,,,,,,,2026-08-09
me2pt5-102,Hitmontop,,Ascended Heroes,102,Common,Kouki Saitou,Basic,237,Pokémon,2026/01/30,,https://prices.pokemontcg.io/tcgplayer/me2pt5-102,https://images.scrydex.com/pokemon/me2pt5-102/large,,,,,,,,,,,,,,,,,,,,,,,2026-08-09
me2pt5-103,Meditite,,Ascended Heroes,103,Common,Lee HyunJung,Basic,307,Pokémon,2026/01/30,,https://prices.pokemontcg.io/tcgplayer/me2pt5-103,https://images.scrydex.com/pokemon/me2pt5-103/large,,,,,,,,,,,,,,,,,,,,,,,2026-08-09
me2pt5-104,Medicham,,Ascended Heroes,104,Common,GIDORA,Stage 1,308,Pokémon,2026/01/30,,https://prices.pokemontcg.io/tcgplayer/me2pt5-104,https://images.scrydex.com/pokemon/me2pt5-104/large,,,,,,,,,,,,,,,,,,,,,,,2026-08-09
me2pt5-105,Lunatone,,Ascended Heroes,105,Rare,Whisker,Basic,337,Pokémon,2026/01/30,,https://prices.pokemontcg.io/tcgplayer/me2pt5-105,https://images.scrydex.com/pokemon/me2pt5-105/large,,,,,,,,,,,,,,,,,,,,,,,2026-08-09
me2pt5-106,Solrock,,Ascended Heroes,106,Uncommon,Whisker,Basic,338,Pokémon,2026/01/30,,https://prices.pokemontcg.io/tcgplayer/me2pt5-106,https://images.scrydex.com/pokemon/me2pt5-106/large,,,,,,,,,,,,,,,,,,,,,,,2026-08-09
me2pt5-107,Regirock ex,,Ascended Heroes,107,Double Rare,Nisota Niso,Basic|ex,377,Pokémon,2026/01/30,,https://prices.pokemontcg.io/tcgplayer/me2pt5-107,https://images.scrydex.com/pokemon/me2pt5-107/large,,,,,,,,,,,,,,,,,,,,,,,2026-08-09
me2pt5-108,Groudon,,Ascended Heroes,108,Rare,Kazumasa Yasukuni,Basic,383,Pokémon,2026/01/30,,https://prices.pokemontcg.io/tcgplayer/me2pt5-108,https://images.scrydex.com/pokemon/me2pt5-108/large,,,,,,,,,,,,,,,,,,,,,,,2026-08-09
me2pt5-109,Cynthia's Gible,,Ascended Heroes,109,Common,Tomomi Ozaki,Basic,443,Pokémon,2026/01/30,,https://prices.pokemontcg.io/tcgplayer/me2pt5-109,https://images.scrydex.com/pokemon/me2pt5-109/large,,,,,,,,,,,,,,,,,,,,,,,2026-08-09
me2pt5-110,Cynthia's Gabite,,Ascended Heroes,110,Uncommon,Taira Akitsu,Stage 1,444,Pokémon,2026/01/30,,https://prices.pokemontcg.io/tcgplayer/me2pt5-110,https://images.scrydex.com/pokemon/me2pt5-110/large,,,,,,,,,,,,,,,,,,,,,,,2026-08-09
me2pt5-111,Cynthia's Garchomp ex,,Ascended Heroes,111,Double Rare,5ban Graphics,Stage 2|ex,445,Pokémon,2026/01/30,,https://prices.pokemontcg.io/tcgplayer/me2pt5-111,https://images.scrydex.com/pokemon/me2pt5-111/large,,,,,,,,,,,,,,,,,,,,,,,2026-08-09
me2pt5-112,Riolu,,Ascended Heroes,112,Common,hncl,Basic,447,Pokémon,2026/01/30,,https://prices.pokemontcg.io/tcgplayer/me2pt5-112,https://images.scrydex.com/pokemon/me2pt5-112/large,,,,,,,,,,,,,,,,,,,,,,,2026-08-09
me2pt5-113,Mega Lucario ex,,Ascended Heroes,113,Double Rare,5ban Graphics,Stage 1|MEGA|ex,448,Pokémon,2026/01/30,,https://prices.pokemontcg.io/tcgplayer/me2pt5-113,https://images.scrydex.com/pokemon/me2pt5-113/large,,,,,,,,,,,,,,,,,,,,,,,2026-08-09
me2pt5-114,Stunfisk ex,,Ascended Heroes,114,Double Rare,5ban Graphics,Basic|ex,618,Pokémon,2026/01/30,,https://prices.pokemontcg.io/tcgplayer/me2pt5-114,https://images.scrydex.com/pokemon/me2pt5-114/large,,,,,,,,,,,,,,,,,,,,,,,2026-08-09
me2pt5-115,Pancham,,Ascended Heroes,115,Common,Minato,Basic,674,Pokémon,2026/01/30,,https://prices.pokemontcg.io/tcgplayer/me2pt5-115,https://images.scrydex.com/pokemon/me2pt5-115/large,,,,,,,,,,,,,,,,,,,,,,,2026-08-09
me2pt5-116,Mega Hawlucha ex,,Ascended Heroes,116,Double Rare,5ban Graphics,Basic|MEGA|ex,701,Pokémon,2026/01/30,,https://prices.pokemontcg.io/tcgplayer/me2pt5-116,https://images.scrydex.com/pokemon/me2pt5-116/large,,,,,,,,,,,,,,,,,,,,,,,2026-08-09
me2pt5-117,Carbink,,Ascended Heroes,117,Uncommon,Eri Kamei,Basic,703,Pokémon,2026/01/30,,https://prices.pokemontcg.io/tcgplayer/me2pt5-117,https://images.scrydex.com/pokemon/me2pt5-117/large,,,,,,,,,,,,,,,,,,,,,,,2026-08-09
me2pt5-118,Rolycoly,,Ascended Heroes,118,Common,Kurata So,Basic,837,Pokémon,2026/01/30,,https://prices.pokemontcg.io/tcgplayer/me2pt5-118,https://images.scrydex.com/pokemon/me2pt5-118/large,,,,,,,,,,,,,,,,,,,,,,,2026-08-09
me2pt5-119,Carkol,,Ascended Heroes,119,Common,Apios,Stage 1,838,Pokémon,2026/01/30,,https://prices.pokemontcg.io/tcgplayer/me2pt5-119,https://images.scrydex.com/pokemon/me2pt5-119/large,,,,,,,,,,,,,,,,,,,,,,,2026-08-09
me2pt5-120,Coalossal,,Ascended Heroes,120,Rare,Nisota Niso,Stage 2,839,Pokémon,2026/01/30,,https://prices.pokemontcg.io/tcgplayer/me2pt5-120,https://images.scrydex.com/pokemon/me2pt5-120/large,,,,,,,,,,,,,,,,,,,,,,,2026-08-09
me2pt5-121,Koraidon ex,,Ascended Heroes,121,Double Rare,aky CG Works,Basic|Tera|ex,1007,Pokémon,2026/01/30,,https://prices.pokemontcg.io/tcgplayer/me2pt5-121,https://images.scrydex.com/pokemon/me2pt5-121/large,,,,,,,,,,,,,,,,,,,,,,,2026-08-09
me2pt5-122,Okidogi,,Ascended Heroes,122,Rare,Mitsuhiro Arita,Basic,,Pokémon,2026/01/30,,https://prices.pokemontcg.io/tcgplayer/me2pt5-122,https://images.scrydex.com/pokemon/me2pt5-122/large,,,,,,,,,,,,,,,,,,,,,,,2026-08-09
me2pt5-123,Gastly,,Ascended Heroes,123,Common,Saboteri,Basic,92,Pokémon,2026/01/30,,https://prices.pokemontcg.io/tcgplayer/me2pt5-123,https://images.scrydex.com/pokemon/me2pt5-123/large,,,,,,,,,,,,,,,,,,,,,,,2026-08-09
me2pt5-124,Haunter,,Ascended Heroes,124,Uncommon,Rianti Hidayat,Stage 1,93,Pokémon,2026/01/30,,https://prices.pokemontcg.io/tcgplayer/me2pt5-124,https://images.scrydex.com/pokemon/me2pt5-124/large,,,,,,,,,,,,,,,,,,,,,,,2026-08-09
me2pt5-125,Mega Gengar ex,,Ascended Heroes,125,Double Rare,5ban Graphics,Stage 2|MEGA|ex,94,Pokémon,2026/01/30,,https://prices.pokemontcg.io/tcgplayer/me2pt5-125,https://images.scrydex.com/pokemon/me2pt5-125/large,,,,,,,,,,,,,,,,,,,,,,,2026-08-09
me2pt5-126,Team Rocket's Murkrow,,Ascended Heroes,126,Common,Mugi Hamada,Basic,198,Pokémon,2026/01/30,,https://prices.pokemontcg.io/tcgplayer/me2pt5-126,https://images.scrydex.com/pokemon/me2pt5-126/large,,,,,,,,,,,,,,,,,,,,,,,2026-08-09
me2pt5-127,Team Rocket's Honchkrow,,Ascended Heroes,127,Rare,hncl,Stage 1,430,Pokémon,2026/01/30,,,https://images.scrydex.com/pokemon/me2pt5-127/large,,,,,,,,,,,,,,,,,,,,,,,2026-08-09
me2pt5-128,Poochyena,,Ascended Heroes,128,Common,Miki Tanaka,Basic,261,Pokémon,2026/01/30,,https://prices.pokemontcg.io/tcgplayer/me2pt5-128,https://images.scrydex.com/pokemon/me2pt5-128/large,,,,,,,,,,,,,,,,,,,,,,,2026-08-09
me2pt5-129,Mightyena,,Ascended Heroes,129,Uncommon,akagi,Stage 1,262,Pokémon,2026/01/30,,https://prices.pokemontcg.io/tcgplayer/me2pt5-129,https://images.scrydex.com/pokemon/me2pt5-129/large,,,,,,,,,,,,,,,,,,,,,,,2026-08-09
me2pt5-130,Galarian Zigzagoon,,Ascended Heroes,130,Common,osare,Basic,263,Pokémon,2026/01/30,,https://prices.pokemontcg.io/tcgplayer/me2pt5-130,https://images.scrydex.com/pokemon/me2pt5-130/large,,,,,,,,,,,,,,,,,,,,,,,2026-08-09
me2pt5-131,Galarian Linoone,,Ascended Heroes,131,Common,Tomowaka,Stage 1,264,Pokémon,2026/01/30,,https://prices.pokemontcg.io/tcgplayer/me2pt5-131,https://images.scrydex.com/pokemon/me2pt5-131/large,,,,,,,,,,,,,,,,,,,,,,,2026-08-09
me2pt5-132,Galarian Obstagoon,,Ascended Heroes,132,Uncommon,Dsuke,Stage 2,862,Pokémon,2026/01/30,,https://prices.pokemontcg.io/tcgplayer/me2pt5-132,https://images.scrydex.com/pokemon/me2pt5-132/large,,,,,,,,,,,,,,,,,,,,,,,2026-08-09
me2pt5-133,Cynthia's Spiritomb,,Ascended Heroes,133,Uncommon,satoma,Basic,442,Pokémon,2026/01/30,,https://prices.pokemontcg.io/tcgplayer/me2pt5-133,https://images.scrydex.com/pokemon/me2pt5-133/large,,,,,,,,,,,,,,,,,,,,,,,2026-08-09
me2pt5-134,Scraggy,,Ascended Heroes,134,Common,Shimaris Yukichi,Basic,559,Pokémon,2026/01/30,,https://prices.pokemontcg.io/tcgplayer/me2pt5-134,https://images.scrydex.com/pokemon/me2pt5-134/large,,,,,,,,,,,,,,,,,,,,,,,2026-08-09
me2pt5-135,Mega Scrafty ex,,Ascended Heroes,135,Double Rare,5ban Graphics,Stage 1|MEGA|ex,560,Pokémon,2026/01/30,,https://prices.pokemontcg.io/tcgplayer/me2pt5-135,https://images.scrydex.com/pokemon/me2pt5-135/large,,,,,,,,,,,,,,,,,,,,,,,2026-08-09
me2pt5-136,N's Zorua,,Ascended Heroes,136,Common,Jiro Sasumo,Basic,570,Pokémon,2026/01/30,,https://prices.pokemontcg.io/tcgplayer/me2pt5-136,https://images.scrydex.com/pokemon/me2pt5-136/large,,,,,,,,,,,,,,,,,,,,,,,2026-08-09
me2pt5-137,N's Zoroark ex,,Ascended Heroes,137,Double Rare,takuyoa,Stage 1|ex,571,Pokémon,2026/01/30,,https://prices.pokemontcg.io/tcgplayer/me2pt5-137,https://images.scrydex.com/pokemon/me2pt5-137/large,,,,,,,,,,,,,,,,,,,,,,,2026-08-09
me2pt5-138,Vullaby,,Ascended Heroes,138,Common,Nisota Niso,Basic,629,Pokémon,2026/01/30,,https://prices.pokemontcg.io/tcgplayer/me2pt5-138,https://images.scrydex.com/pokemon/me2pt5-138/large,,,,,,,,,,,,,,,,,,,,,,,2026-08-09
me2pt5-139,Mandibuzz ex,,Ascended Heroes,139,Double Rare,Ultimateinudog,Stage 1|ex,630,Pokémon,2026/01/30,,https://prices.pokemontcg.io/tcgplayer/me2pt5-139,https://images.scrydex.com/pokemon/me2pt5-139/large,,,,,,,,,,,,,,,,,,,,,,,2026-08-09
me2pt5-140,Pangoro,,Ascended Heroes,140,Uncommon,takashi shiraishi,Stage 1,675,Pokémon,2026/01/30,,https://prices.pokemontcg.io/tcgplayer/me2pt5-140,https://images.scrydex.com/pokemon/me2pt5-140/large,,,,,,,,,,,,,,,,,,,,,,,2026-08-09
me2pt5-141,Hoopa,,Ascended Heroes,141,Rare,Anesaki Dynamic,Basic,720,Pokémon,2026/01/30,,https://prices.pokemontcg.io/tcgplayer/me2pt5-141,https://images.scrydex.com/pokemon/me2pt5-141/large,,,,,,,,,,,,,,,,,,,,,,,2026-08-09
me2pt5-142,Fezandipiti ex,,Ascended Heroes,142,Double Rare,takuyoa,Basic|ex,1016,Pokémon,2026/01/30,,,https://images.scrydex.com/pokemon/me2pt5-142/large,,,,,,,,,,,,,,,,,,,,,,,2026-08-09
me2pt5-143,Pecharunt,,Ascended Heroes,143,Rare,IKEDA Saki,Basic,1025,Pokémon,2026/01/30,,https://prices.pokemontcg.io/tcgplayer/me2pt5-143,https://images.scrydex.com/pokemon/me2pt5-143/large,,,,,,,,,,,,,,,,,,,,,,,2026-08-09
me2pt5-144,Mawile,,Ascended Heroes,144,Uncommon,CHORISO,Basic,303,Pokémon,2026/01/30,,https://prices.pokemontcg.io/tcgplayer/me2pt5-144,https://images.scrydex.com/pokemon/me2pt5-144/large,,,,,,,,,,,,,,,,,,,,,,,2026-08-09
me2pt5-145,Registeel ex,,Ascended Heroes,145,Double Rare,toriyufu,Basic|ex,379,Pokémon,2026/01/30,,https://prices.pokemontcg.io/tcgplayer/me2pt5-145,https://images.scrydex.com/pokemon/me2pt5-145/large,,,,,,,,,,,,,,,,,,,,,,,2026-08-09
me2pt5-146,Pawniard,,Ascended Heroes,146,Common,Yuya Oka,Basic,624,Pokémon,2026/01/30,,https://prices.pokemontcg.io/tcgplayer/me2pt5-146,https://images.scrydex.com/pokemon/me2pt5-146/large,,,,,,,,,,,,,,,,,,,,,,,2026-08-09
me2pt5-147,Bisharp,,Ascended Heroes,147,Common,Scav,Stage 1,625,Pokémon,2026/01/30,,,https://images.scrydex.com/pokemon/me2pt5-147/large,,,,,,,,,,,,,,,,,,,,,,,2026-08-09
me2pt5-148,Kingambit,,Ascended Heroes,148,Rare,Teeziro,Stage 2,983,Pokémon,2026/01/30,,https://prices.pokemontcg.io/tcgplayer/me2pt5-148,https://images.scrydex.com/pokemon/me2pt5-148/large,,,,,,,,,,,,,,,,,,,,,,,2026-08-09
me2pt5-149,Togedemaru ex,,Ascended Heroes,149,Double Rare,5ban Graphics,Basic|ex,777,Pokémon,2026/01/30,,https://prices.pokemontcg.io/tcgplayer/me2pt5-149,https://images.scrydex.com/pokemon/me2pt5-149/large,,,,,,,,,,,,,,,,,,,,,,,2026-08-09
me2pt5-150,Dratini,,Ascended Heroes,150,Common,HYOGONOSUKE,Basic,147,Pokémon,2026/01/30,,https://prices.pokemontcg.io/tcgplayer/me2pt5-150,https://images.scrydex.com/pokemon/me2pt5-150/large,,,,,,,,,,,,,,,,,,,,,,,2026-08-09
me2pt5-151,Dragonair,,Ascended Heroes,151,Uncommon,Gemi,Stage 1,148,Pokémon,2026/01/30,,https://prices.pokemontcg.io/tcgplayer/me2pt5-151,https://images.scrydex.com/pokemon/me2pt5-151/large,,,,,,,,,,,,,,,,,,,,,,,2026-08-09
me2pt5-152,Mega Dragonite ex,,Ascended Heroes,152,Double Rare,aky CG Works,Stage 2|MEGA|ex,149,Pokémon,2026/01/30,,https://prices.pokemontcg.io/tcgplayer/me2pt5-152,https://images.scrydex.com/pokemon/me2pt5-152/large,,,,,,,,,,,,,,,,,,,,,,,2026-08-09
me2pt5-153,Rayquaza,,Ascended Heroes,153,Rare,nagimiso,Basic,384,Pokémon,2026/01/30,,https://prices.pokemontcg.io/tcgplayer/me2pt5-153,https://images.scrydex.com/pokemon/me2pt5-153/large,,,,,,,,,,,,,,,,,,,,,,,2026-08-09
me2pt5-154,N's Reshiram,,Ascended Heroes,154,Rare,rika,Basic,643,Pokémon,2026/01/30,,https://prices.pokemontcg.io/tcgplayer/me2pt5-154,https://images.scrydex.com/pokemon/me2pt5-154/large,,,,,,,,,,,,,,,,,,,,,,,2026-08-09
me2pt5-155,N's Zekrom,,Ascended Heroes,155,Rare,AKIRA EGAWA,Basic,644,Pokémon,2026/01/30,,https://prices.pokemontcg.io/tcgplayer/me2pt5-155,https://images.scrydex.com/pokemon/me2pt5-155/large,,,,,,,,,,,,,,,,,,,,,,,2026-08-09
me2pt5-156,Noibat,,Ascended Heroes,156,Common,Eri Kamei,Basic,714,Pokémon,2026/01/30,,https://prices.pokemontcg.io/tcgplayer/me2pt5-156,https://images.scrydex.com/pokemon/me2pt5-156/large,,,,,,,,,,,,,,,,,,,,,,,2026-08-09
me2pt5-157,Noivern,,Ascended Heroes,157,Uncommon,Natsumi Miyanose,Stage 1,715,Pokémon,2026/01/30,,https://prices.pokemontcg.io/tcgplayer/me2pt5-157,https://images.scrydex.com/pokemon/me2pt5-157/large,,,,,,,,,,,,,,,,,,,,,,,2026-08-09
me2pt5-158,Dreepy,,Ascended Heroes,158,Common,Scav,Basic,885,Pokémon,2026/01/30,,https://prices.pokemontcg.io/tcgplayer/me2pt5-158,https://images.scrydex.com/pokemon/me2pt5-158/large,,,,,,,,,,,,,,,,,,,,,,,2026-08-09
me2pt5-159,Drakloak,,Ascended Heroes,159,Common,cochi8i,Stage 1,886,Pokémon,2026/01/30,,https://prices.pokemontcg.io/tcgplayer/me2pt5-159,https://images.scrydex.com/pokemon/me2pt5-159/large,,,,,,,,,,,,,,,,,,,,,,,2026-08-09
me2pt5-160,Dragapult ex,,Ascended Heroes,160,Double Rare,5ban Graphics,Stage 2|Tera|ex,887,Pokémon,2026/01/30,,https://prices.pokemontcg.io/tcgplayer/me2pt5-160,https://images.scrydex.com/pokemon/me2pt5-160/large,,,,,,,,,,,,,,,,,,,,,,,2026-08-09
me2pt5-161,Team Rocket's Meowth,,Ascended Heroes,161,Common,Megumi Mizutani,Basic,52,Pokémon,2026/01/30,,https://prices.pokemontcg.io/tcgplayer/me2pt5-161,https://images.scrydex.com/pokemon/me2pt5-161/large,,,,,,,,,,,,,,,,,,,,,,,2026-08-09
me2pt5-162,Team Rocket's Kangaskhan ex,,Ascended Heroes,162,Double Rare,5ban Graphics,Basic|ex,115,Pokémon,2026/01/30,,https://prices.pokemontcg.io/tcgplayer/me2pt5-162,https://images.scrydex.com/pokemon/me2pt5-162/large,,,,,,,,,,,,,,,,,,,,,,,2026-08-09
me2pt5-163,Larry's Dunsparce,,Ascended Heroes,163,Common,0313,Basic,206,Pokémon,2026/01/30,,,https://images.scrydex.com/pokemon/me2pt5-163/large,,,,,,,,,,,,,,,,,,,,,,,2026-08-09
me2pt5-164,Larry's Dudunsparce ex,,Ascended Heroes,164,Double Rare,5ban Graphics,Stage 1|ex,206,Pokémon,2026/01/30,,https://prices.pokemontcg.io/tcgplayer/me2pt5-164,https://images.scrydex.com/pokemon/me2pt5-164/large,,,,,,,,,,,,,,,,,,,,,,,2026-08-09
me2pt5-165,Skitty,,Ascended Heroes,165,Common,Yoko Hishida,Basic,300,Pokémon,2026/01/30,,https://prices.pokemontcg.io/tcgplayer/me2pt5-165,https://images.scrydex.com/pokemon/me2pt5-165/large,,,,,,,,,,,,,,,,,,,,,,,2026-08-09
me2pt5-166,Delcatty,,Ascended Heroes,166,Uncommon,buchi,Stage 1,301,Pokémon,2026/01/30,,https://prices.pokemontcg.io/tcgplayer/me2pt5-166,https://images.scrydex.com/pokemon/me2pt5-166/large,,,,,,,,,,,,,,,,,,,,,,,2026-08-09
me2pt5-167,Zangoose ex,,Ascended Heroes,167,Double Rare,5ban Graphics,Basic|ex,335,Pokémon,2026/01/30,,,https://images.scrydex.com/pokemon/me2pt5-167/large,,,,,,,,,,,,,,,,,,,,,,,2026-08-09
me2pt5-168,Larry's Starly,,Ascended Heroes,168,Common,Natsumi Miyanose,Basic,396,Pokémon,2026/01/30,,https://prices.pokemontcg.io/tcgplayer/me2pt5-168,https://images.scrydex.com/pokemon/me2pt5-168/large,,,,,,,,,,,,,,,,,,,,,,,2026-08-09
me2pt5-169,Larry's Staravia,,Ascended Heroes,169,Uncommon,Fujimoto Gold,Stage 1,397,Pokémon,2026/01/30,,https://prices.pokemontcg.io/tcgplayer/me2pt5-169,https://images.scrydex.com/pokemon/me2pt5-169/large,,,,,,,,,,,,,,,,,,,,,,,2026-08-09
me2pt5-170,Larry's Staraptor,,Ascended Heroes,170,Rare,Po-Suzuki,Stage 2,398,Pokémon,2026/01/30,,https://prices.pokemontcg.io/tcgplayer/me2pt5-170,https://images.scrydex.com/pokemon/me2pt5-170/large,,,,,,,,,,,,,,,,,,,,,,,2026-08-09
me2pt5-171,Fan Rotom,,Ascended Heroes,171,Common,Toshinao Aoki,Basic,479,Pokémon,2026/01/30,,,https://images.scrydex.com/pokemon/me2pt5-171/large,,,,,,,,,,,,,,,,,,,,,,,2026-08-09
me2pt5-172,Mega Audino ex,,Ascended Heroes,172,Double Rare,5ban Graphics,Basic|MEGA|ex,531,Pokémon,2026/01/30,,https://prices.pokemontcg.io/tcgplayer/me2pt5-172,https://images.scrydex.com/pokemon/me2pt5-172/large,,,,,,,,,,,,,,,,,,,,,,,2026-08-09
me2pt5-173,Larry's Rufflet,,Ascended Heroes,173,Common,cochi8i,Basic,627,Pokémon,2026/01/30,,https://prices.pokemontcg.io/tcgplayer/me2pt5-173,https://images.scrydex.com/pokemon/me2pt5-173/large,,,,,,,,,,,,,,,,,,,,,,,2026-08-09
me2pt5-174,Larry's Braviary,,Ascended Heroes,174,Uncommon,Ryuta Fuse,Stage 1,628,Pokémon,2026/01/30,,https://prices.pokemontcg.io/tcgplayer/me2pt5-174,https://images.scrydex.com/pokemon/me2pt5-174/large,,,,,,,,,,,,,,,,,,,,,,,2026-08-09
me2pt5-175,Larry's Komala,,Ascended Heroes,175,Common,ryoma uratsuka,Basic,775,Pokémon,2026/01/30,,https://prices.pokemontcg.io/tcgplayer/me2pt5-175,https://images.scrydex.com/pokemon/me2pt5-175/large,,,,,,,,,,,,,,,,,,,,,,,2026-08-09
me2pt5-176,Drampa,,Ascended Heroes,176,Uncommon,Scav,Basic,780,Pokémon,2026/01/30,,https://prices.pokemontcg.io/tcgplayer/me2pt5-176,https://images.scrydex.com/pokemon/me2pt5-176/large,,,,,,,,,,,,,,,,,,,,,,,2026-08-09
me2pt5-177,Hop's Cramorant,,Ascended Heroes,177,Uncommon,Saboteri,Basic,845,Pokémon,2026/01/30,,https://prices.pokemontcg.io/tcgplayer/me2pt5-177,https://images.scrydex.com/pokemon/me2pt5-177/large,,,,,,,,,,,,,,,,,,,,,,,2026-08-09
me2pt5-178,Terapagos,,Ascended Heroes,178,Rare,GIDORA,Basic,1024,Pokémon,2026/01/30,,https://prices.pokemontcg.io/tcgplayer/me2pt5-178,https://images.scrydex.com/pokemon/me2pt5-178/large,,,,,,,,,,,,,,,,,,,,,,,2026-08-09
me2pt5-179,Terapagos ex,,Ascended Heroes,179,Double Rare,5ban Graphics,Basic|Tera|ex,1024,Pokémon,2026/01/30,,https://prices.pokemontcg.io/tcgplayer/me2pt5-179,https://images.scrydex.com/pokemon/me2pt5-179/large,,,,,,,,,,,,,,,,,,,,,,,2026-08-09
me2pt5-180,Acerola's Mischief,,Ascended Heroes,180,Uncommon,Yuu Nishida,Supporter,,Trainer,2026/01/30,,https://prices.pokemontcg.io/tcgplayer/me2pt5-180,https://images.scrydex.com/pokemon/me2pt5-180/large,,,,,,,,,,,,,,,,,,,,,,,2026-08-09
me2pt5-181,Air Balloon,,Ascended Heroes,181,Uncommon,Studio Bora Inc.,Pokémon Tool,,Trainer,2026/01/30,,https://prices.pokemontcg.io/tcgplayer/me2pt5-181,https://images.scrydex.com/pokemon/me2pt5-181/large,,,,,,,,,,,,,,,,,,,,,,,2026-08-09
me2pt5-182,Anthea & Concordia,,Ascended Heroes,182,Uncommon,Sanosuke Sakuma,Supporter,,Trainer,2026/01/30,,https://prices.pokemontcg.io/tcgplayer/me2pt5-182,https://images.scrydex.com/pokemon/me2pt5-182/large,,,,,,,,,,,,,,,,,,,,,,,2026-08-09
me2pt5-183,Boss's Orders,,Ascended Heroes,183,Uncommon,akagi,Supporter,,Trainer,2026/01/30,,https://prices.pokemontcg.io/tcgplayer/me2pt5-183,https://images.scrydex.com/pokemon/me2pt5-183/large,,,,,,,,,,,,,,,,,,,,,,,2026-08-09
me2pt5-184,Buddy-Buddy Poffin,,Ascended Heroes,184,Common,AYUMI ODASHIMA,Item,,Trainer,2026/01/30,,https://prices.pokemontcg.io/tcgplayer/me2pt5-184,https://images.scrydex.com/pokemon/me2pt5-184/large,,,,,,,,,,,,,,,,,,,,,,,2026-08-09
me2pt5-185,Canari,,Ascended Heroes,185,Uncommon,Naoki Saito,Supporter,,Trainer,2026/01/30,,https://prices.pokemontcg.io/tcgplayer/me2pt5-185,https://images.scrydex.com/pokemon/me2pt5-185/large,,,,,,,,,,,,,,,,,,,,,,,2026-08-09
me2pt5-186,Counter Gain,,Ascended Heroes,186,Common,Toyste Beach,Pokémon Tool,,Trainer,2026/01/30,,https://prices.pokemontcg.io/tcgplayer/me2pt5-186,https://images.scrydex.com/pokemon/me2pt5-186/large,,,,,,,,,,,,,,,,,,,,,,,2026-08-09
me2pt5-187,Fighting Gong,,Ascended Heroes,187,Uncommon,Toyste Beach,Item,,Trainer,2026/01/30,,https://prices.pokemontcg.io/tcgplayer/me2pt5-187,https://images.scrydex.com/pokemon/me2pt5-187/large,,,,,,,,,,,,,,,,,,,,,,,2026-08-09
me2pt5-188,Forest of Vitality,,Ascended Heroes,188,Uncommon,AYUMI ODASHIMA,Stadium,,Trainer,2026/01/30,,https://prices.pokemontcg.io/tcgplayer/me2pt5-188,https://images.scrydex.com/pokemon/me2pt5-188/large,,,,,,,,,,,,,,,,,,,,,,,2026-08-09
me2pt5-189,Glass Trumpet,,Ascended Heroes,189,Common,Toyste Beach,Item,,Trainer,2026/01/30,,https://prices.pokemontcg.io/tcgplayer/me2pt5-189,https://images.scrydex.com/pokemon/me2pt5-189/large,,,,,,,,,,,,,,,,,,,,,,,2026-08-09
me2pt5-190,Iris's Fighting Spirit,,Ascended Heroes,190,Uncommon,yuu,Supporter,,Trainer,2026/01/30,,https://prices.pokemontcg.io/tcgplayer/me2pt5-190,https://images.scrydex.com/pokemon/me2pt5-190/large,,,,,,,,,,,,,,,,,,,,,,,2026-08-09
me2pt5-191,Light Ball,,Ascended Heroes,191,Uncommon,Studio Bora Inc.,Pokémon Tool,,Trainer,2026/01/30,,,https://images.scrydex.com/pokemon/me2pt5-191/large,,,,,,,,,,,,,,,,,,,,,,,2026-08-09
me2pt5-192,Lillie's Determination,,Ascended Heroes,192,Uncommon,Atsushi Furusawa,Supporter,,Trainer,2026/01/30,,https://prices.pokemontcg.io/tcgplayer/me2pt5-192,https://images.scrydex.com/pokemon/me2pt5-192/large,,,,,,,,,,,,,,,,,,,,,,,2026-08-09
me2pt5-193,Mega Signal,,Ascended Heroes,193,Common,inose yukie,Item,,Trainer,2026/01/30,,https://prices.pokemontcg.io/tcgplayer/me2pt5-193,https://images.scrydex.com/pokemon/me2pt5-193/large,,,,,,,,,,,,,,,,,,,,,,,2026-08-09
me2pt5-194,Mystery Garden,,Ascended Heroes,194,Uncommon,AYUMI ODASHIMA,Stadium,,Trainer,2026/01/30,,https://prices.pokemontcg.io/tcgplayer/me2pt5-194,https://images.scrydex.com/pokemon/me2pt5-194/large,,,,,,,,,,,,,,,,,,,,,,,2026-08-09
me2pt5-195,N's PP Up,,Ascended Heroes,195,Uncommon,Toyste Beach,Item,,Trainer,2026/01/30,,,https://images.scrydex.com/pokemon/me2pt5-195/large,,,,,,,,,,,,,,,,,,,,,,,2026-08-09
me2pt5-196,Night Stretcher,,Ascended Heroes,196,Common,Toyste Beach,Item,,Trainer,2026/01/30,,https://prices.pokemontcg.io/tcgplayer/me2pt5-196,https://images.scrydex.com/pokemon/me2pt5-196/large,,,,,,,,,,,,,,,,,,,,,,,2026-08-09
me2pt5-197,Nighttime Mine,,Ascended Heroes,197,Uncommon,Takashi Yamaguchi,Stadium,,Trainer,2026/01/30,,https://prices.pokemontcg.io/tcgplayer/me2pt5-197,https://images.scrydex.com/pokemon/me2pt5-197/large,,,,,,,,,,,,,,,,,,,,,,,2026-08-09
me2pt5-198,Poké Pad,,Ascended Heroes,198,Common,Studio Bora Inc.,Item,,Trainer,2026/01/30,,https://prices.pokemontcg.io/tcgplayer/me2pt5-198,https://images.scrydex.com/pokemon/me2pt5-198/large,,,,,,,,,,,,,,,,,,,,,,,2026-08-09
me2pt5-199,Premium Power Pro,,Ascended Heroes,199,Uncommon,Toyste Beach,Item,,Trainer,2026/01/30,,https://prices.pokemontcg.io/tcgplayer/me2pt5-199,https://images.scrydex.com/pokemon/me2pt5-199/large,,,,,,,,,,,,,,,,,,,,,,,2026-08-09
me2pt5-200,Surfer,,Ascended Heroes,200,Common,Hideki Ishikawa,Supporter,,Trainer,2026/01/30,,https://prices.pokemontcg.io/tcgplayer/me2pt5-200,https://images.scrydex.com/pokemon/me2pt5-200/large,,,,,,,,,,,,,,,,,,,,,,,2026-08-09
me2pt5-201,Team Rocket's Archer,,Ascended Heroes,201,Uncommon,Hideki Ishikawa,Supporter,,Trainer,2026/01/30,,https://prices.pokemontcg.io/tcgplayer/me2pt5-201,https://images.scrydex.com/pokemon/me2pt5-201/large,,,,,,,,,,,,,,,,,,,,,,,2026-08-09
me2pt5-202,Team Rocket's Ariana,,Ascended Heroes,202,Uncommon,hncl,Supporter,,Trainer,2026/01/30,,,https://images.scrydex.com/pokemon/me2pt5-202/large,,,,,,,,,,,,,,,,,,,,,,,2026-08-09
me2pt5-203,Team Rocket's Factory,,Ascended Heroes,203,Uncommon,imoniii,Stadium,,Trainer,2026/01/30,,https://prices.pokemontcg.io/tcgplayer/me2pt5-203,https://images.scrydex.com/pokemon/me2pt5-203/large,,,,,,,,,,,,,,,,,,,,,,,2026-08-09
me2pt5-204,Team Rocket's Giovanni,,Ascended Heroes,204,Uncommon,DOM,Supporter,,Trainer,2026/01/30,,https://prices.pokemontcg.io/tcgplayer/me2pt5-204,https://images.scrydex.com/pokemon/me2pt5-204/large,,,,,,,,,,,,,,,,,,,,,,,2026-08-09
me2pt5-205,Team Rocket's Great Ball,,Ascended Heroes,205,Uncommon,Toyste Beach,Item,,Trainer,2026/01/30,,https://prices.pokemontcg.io/tcgplayer/me2pt5-205,https://images.scrydex.com/pokemon/me2pt5-205/large,,,,,,,,,,,,,,,,,,,,,,,2026-08-09
me2pt5-206,Team Rocket's Hypnotizer,,Ascended Heroes,206,Uncommon,Toyste Beach,Pokémon Tool,97,Trainer,2026/01/30,,https://prices.pokemontcg.io/tcgplayer/me2pt5-206,https://images.scrydex.com/pokemon/me2pt5-206/large,,,,,,,,,,,,,,,,,,,,,,,2026-08-09
me2pt5-207,Team Rocket's Petrel,,Ascended Heroes,207,Uncommon,GOSSAN,Supporter,,Trainer,2026/01/30,,https://prices.pokemontcg.io/tcgplayer/me2pt5-207,https://images.scrydex.com/pokemon/me2pt5-207/large,,,,,,,,,,,,,,,,,,,,,,,2026-08-09
me2pt5-208,Team Rocket's Proton,,Ascended Heroes,208,Uncommon,Naoki Saito,Supporter,,Trainer,2026/01/30,,https://prices.pokemontcg.io/tcgplayer/me2pt5-208,https://images.scrydex.com/pokemon/me2pt5-208/large,,,,,,,,,,,,,,,,,,,,,,,2026-08-09
me2pt5-209,Team Rocket's Transceiver,,Ascended Heroes,209,Uncommon,inose yukie,Item,,Trainer,2026/01/30,,https://prices.pokemontcg.io/tcgplayer/me2pt5-209,https://images.scrydex.com/pokemon/me2pt5-209/large,,,,,,,,,,,,,,,,,,,,,,,2026-08-09
me2pt5-210,Team Rocket's Watchtower,,Ascended Heroes,210,Uncommon,AYUMI ODASHIMA,Stadium,,Trainer,2026/01/30,,https://prices.pokemontcg.io/tcgplayer/me2pt5-210,https://images.scrydex.com/pokemon/me2pt5-210/large,,,,,,,,,,,,,,,,,,,,,,,2026-08-09
me2pt5-211,Thick Scale,,Ascended Heroes,211,Uncommon,Toyste Beach,Pokémon Tool,,Trainer,2026/01/30,,https://prices.pokemontcg.io/tcgplayer/me2pt5-211,https://images.scrydex.com/pokemon/me2pt5-211/large,,,,,,,,,,,,,,,,,,,,,,,2026-08-09
me2pt5-212,Tool Scrapper,,Ascended Heroes,212,Common,Studio Bora Inc.,Item,,Trainer,2026/01/30,,https://prices.pokemontcg.io/tcgplayer/me2pt5-212,https://images.scrydex.com/pokemon/me2pt5-212/large,,,,,,,,,,,,,,,,,,,,,,,2026-08-09
me2pt5-213,Ultra Ball,,Ascended Heroes,213,Common,Ayaka Yoshida,Item,,Trainer,2026/01/30,,,https://images.scrydex.com/pokemon/me2pt5-213/large,,,,,,,,,,,,,,,,,,,,,,,2026-08-09
me2pt5-214,Urbain,,Ascended Heroes,214,Uncommon,Teeziro,Supporter,,Trainer,2026/01/30,,https://prices.pokemontcg.io/tcgplayer/me2pt5-214,https://images.scrydex.com/pokemon/me2pt5-214/large,,,,,,,,,,,,,,,,,,,,,,,2026-08-09
me2pt5-215,Waitress,,Ascended Heroes,215,Common,Cona Nitanda,Supporter,,Trainer,2026/01/30,,https://prices.pokemontcg.io/tcgplayer/me2pt5-215,https://images.scrydex.com/pokemon/me2pt5-215/large,,,,,,,,,,,,,,,,,,,,,,,2026-08-09
me2pt5-216,Prism Energy,,Ascended Heroes,216,Uncommon,,Special,,Energy,2026/01/30,,https://prices.pokemontcg.io/tcgplayer/me2pt5-216,https://images.scrydex.com/pokemon/me2pt5-216/large,,,,,,,,,,,,,,,,,,,,,,,2026-08-09
me2pt5-217,Team Rocket's Energy,,Ascended Heroes,217,Uncommon,,Special,,Energy,2026/01/30,,,https://images.scrydex.com/pokemon/me2pt5-217/large,,,,,,,,,,,,,,,,,,,,,,,2026-08-09
me2pt5-218,Erika's Tangela,,Ascended Heroes,218,Illustration Rare,buchi,Basic,114,Pokémon,2026/01/30,,https://prices.pokemontcg.io/tcgplayer/me2pt5-218,https://images.scrydex.com/pokemon/me2pt5-218/large,,,,,,,,,,,,,,,,,,,,,,,2026-08-09
me2pt5-219,Beautifly,,Ascended Heroes,219,Illustration Rare,Mori Yuu,Stage 2,267,Pokémon,2026/01/30,,https://prices.pokemontcg.io/tcgplayer/me2pt5-219,https://images.scrydex.com/pokemon/me2pt5-219/large,,,,,,,,,,,,,,,,,,,,,,,2026-08-09
me2pt5-220,Dustox,,Ascended Heroes,220,Illustration Rare,IKEDA Saki,Stage 2,269,Pokémon,2026/01/30,,https://prices.pokemontcg.io/tcgplayer/me2pt5-220,https://images.scrydex.com/pokemon/me2pt5-220/large,,,,,,,,,,,,,,,,,,,,,,,2026-08-09
me2pt5-221,Budew,,Ascended Heroes,221,Illustration Rare,Yoko Hishida,Basic,406,Pokémon,2026/01/30,,https://prices.pokemontcg.io/tcgplayer/me2pt5-221,https://images.scrydex.com/pokemon/me2pt5-221/large,,,,,,,,,,,,,,,,,,,,,,,2026-08-09
me2pt5-222,Ethan's Magcargo,,Ascended Heroes,222,Illustration Rare,Hideki Ishikawa,Stage 1,219,Pokémon,2026/01/30,,https://prices.pokemontcg.io/tcgplayer/me2pt5-222,https://images.scrydex.com/pokemon/me2pt5-222/large,,,,,,,,,,,,,,,,,,,,,,,2026-08-09
me2pt5-223,Numel,,Ascended Heroes,223,Illustration Rare,Yoshimi Miyoshi,Basic,322,Pokémon,2026/01/30,,,https://images.scrydex.com/pokemon/me2pt5-223/large,,,,,,,,,,,,,,,,,,,,,,,2026-08-09
me2pt5-224,Salazzle,,Ascended Heroes,224,Illustration Rare,Dsuke,Stage 1,758,Pokémon,2026/01/30,,https://prices.pokemontcg.io/tcgplayer/me2pt5-224,https://images.scrydex.com/pokemon/me2pt5-224/large,,,,,,,,,,,,,,,,,,,,,,,2026-08-09
me2pt5-225,Scorbunny,,Ascended Heroes,225,Illustration Rare,Yuu Nishida,Basic,813,Pokémon,2026/01/30,,https://prices.pokemontcg.io/tcgplayer/me2pt5-225,https://images.scrydex.com/pokemon/me2pt5-225/large,,,,,,,,,,,,,,,,,,,,,,,2026-08-09
me2pt5-226,Psyduck,,Ascended Heroes,226,Illustration Rare,REND,Basic,54,Pokémon,2026/01/30,,https://prices.pokemontcg.io/tcgplayer/me2pt5-226,https://images.scrydex.com/pokemon/me2pt5-226/large,,,,,,,,,,,,,,,,,,,,,,,2026-08-09
me2pt5-227,Snorunt,,Ascended Heroes,227,Illustration Rare,Dsuke,Basic,361,Pokémon,2026/01/30,,,https://images.scrydex.com/pokemon/me2pt5-227/large,,,,,,,,,,,,,,,,,,,,,,,2026-08-09
me2pt5-228,Weavile,,Ascended Heroes,228,Illustration Rare,Uninori,Stage 1,461,Pokémon,2026/01/30,,https://prices.pokemontcg.io/tcgplayer/me2pt5-228,https://images.scrydex.com/pokemon/me2pt5-228/large,,,,,,,,,,,,,,,,,,,,,,,2026-08-09
me2pt5-229,Heliolisk,,Ascended Heroes,229,Illustration Rare,Takeshi Nakamura,Stage 1,695,Pokémon,2026/01/30,,https://prices.pokemontcg.io/tcgplayer/me2pt5-229,https://images.scrydex.com/pokemon/me2pt5-229/large,,,,,,,,,,,,,,,,,,,,,,,2026-08-09
me2pt5-230,Vikavolt,,Ascended Heroes,230,Illustration Rare,Tonji Matsuno,Stage 2,738,Pokémon,2026/01/30,,https://prices.pokemontcg.io/tcgplayer/me2pt5-230,https://images.scrydex.com/pokemon/me2pt5-230/large,,,,,,,,,,,,,,,,,,,,,,,2026-08-09
me2pt5-231,Iono's Wattrel,,Ascended Heroes,231,Illustration Rare,mingo,Basic,940,Pokémon,2026/01/30,,https://prices.pokemontcg.io/tcgplayer/me2pt5-231,https://images.scrydex.com/pokemon/me2pt5-231/large,,,,,,,,,,,,,,,,,,,,,,,2026-08-09
me2pt5-232,Marill,,Ascended Heroes,232,Illustration Rare,Rond,Basic,183,Pokémon,2026/01/30,,https://prices.pokemontcg.io/tcgplayer/me2pt5-232,https://images.scrydex.com/pokemon/me2pt5-232/large,,,,,,,,,,,,,,,,,,,,,,,2026-08-09
me2pt5-233,Misdreavus,,Ascended Heroes,233,Illustration Rare,mashu,Basic,200,Pokémon,2026/01/30,,https://prices.pokemontcg.io/tcgplayer/me2pt5-233,https://images.scrydex.com/pokemon/me2pt5-233/large,,,,,,,,,,,,,,,,,,,,,,,2026-08-09
me2pt5-234,Banette,,Ascended Heroes,234,Illustration Rare,YASHIRO Nanaco,Stage 1,354,Pokémon,2026/01/30,,https://prices.pokemontcg.io/tcgplayer/me2pt5-234,https://images.scrydex.com/pokemon/me2pt5-234/large,,,,,,,,,,,,,,,,,,,,,,,2026-08-09
me2pt5-235,Togekiss,,Ascended Heroes,235,Illustration Rare,satoma,Stage 2,468,Pokémon,2026/01/30,,https://prices.pokemontcg.io/tcgplayer/me2pt5-235,https://images.scrydex.com/pokemon/me2pt5-235/large,,,,,,,,,,,,,,,,,,,,,,,2026-08-09
me2pt5-236,Slurpuff,,Ascended Heroes,236,Illustration Rare,Yoshimoto Yoshimon,Stage 1,685,Pokémon,2026/01/30,,https://prices.pokemontcg.io/tcgplayer/me2pt5-236,https://images.scrydex.com/pokemon/me2pt5-236/large,,,,,,,,,,,,,,,,,,,,,,,2026-08-09
me2pt5-237,Hop's Trevenant,,Ascended Heroes,237,Illustration Rare,Tomowaka,Stage 1,709,Pokémon,2026/01/30,,https://prices.pokemontcg.io/tcgplayer/me2pt5-237,https://images.scrydex.com/pokemon/me2pt5-237/large,,,,,,,,,,,,,,,,,,,,,,,2026-08-09
me2pt5-238,Team Rocket's Mimikyu,,Ascended Heroes,238,Illustration Rare,GOSSAN,Basic,778,Pokémon,2026/01/30,,https://prices.pokemontcg.io/tcgplayer/me2pt5-238,https://images.scrydex.com/pokemon/me2pt5-238/large,,,,,,,,,,,,,,,,,,,,,,,2026-08-09
me2pt5-239,Team Rocket's Dugtrio,,Ascended Heroes,239,Illustration Rare,Whisker,Stage 1,51,Pokémon,2026/01/30,,https://prices.pokemontcg.io/tcgplayer/me2pt5-239,https://images.scrydex.com/pokemon/me2pt5-239/large,,,,,,,,,,,,,,,,,,,,,,,2026-08-09
me2pt5-240,Hitmontop,,Ascended Heroes,240,Illustration Rare,osare,Basic,237,Pokémon,2026/01/30,,https://prices.pokemontcg.io/tcgplayer/me2pt5-240,https://images.scrydex.com/pokemon/me2pt5-240/large,,,,,,,,,,,,,,,,,,,,,,,2026-08-09
me2pt5-241,Medicham,,Ascended Heroes,241,Illustration Rare,KEIICHIRO ITO,Stage 1,308,Pokémon,2026/01/30,,https://prices.pokemontcg.io/tcgplayer/me2pt5-241,https://images.scrydex.com/pokemon/me2pt5-241/large,,,,,,,,,,,,,,,,,,,,,,,2026-08-09
me2pt5-242,Carbink,,Ascended Heroes,242,Illustration Rare,sui,Basic,703,Pokémon,2026/01/30,,https://prices.pokemontcg.io/tcgplayer/me2pt5-242,https://images.scrydex.com/pokemon/me2pt5-242/large,,,,,,,,,,,,,,,,,,,,,,,2026-08-09
me2pt5-243,Mightyena,,Ascended Heroes,243,Illustration Rare,Yano Keiji,Stage 1,262,Pokémon,2026/01/30,,https://prices.pokemontcg.io/tcgplayer/me2pt5-243,https://images.scrydex.com/pokemon/me2pt5-243/large,,,,,,,,,,,,,,,,,,,,,,,2026-08-09
me2pt5-244,Cynthia's Spiritomb,,Ascended Heroes,244,Illustration Rare,hncl,Basic,442,Pokémon,2026/01/30,,https://prices.pokemontcg.io/tcgplayer/me2pt5-244,https://images.scrydex.com/pokemon/me2pt5-244/large,,,,,,,,,,,,,,,,,,,,,,,2026-08-09
me2pt5-245,Galarian Obstagoon,,Ascended Heroes,245,Illustration Rare,Krgc,Stage 2,862,Pokémon,2026/01/30,,https://prices.pokemontcg.io/tcgplayer/me2pt5-245,https://images.scrydex.com/pokemon/me2pt5-245/large,,,,,,,,,,,,,,,,,,,,,,,2026-08-09
me2pt5-246,Mawile,,Ascended Heroes,246,Illustration Rare,sowsow,Basic,303,Pokémon,2026/01/30,,https://prices.pokemontcg.io/tcgplayer/me2pt5-246,https://images.scrydex.com/pokemon/me2pt5-246/large,,,,,,,,,,,,,,,,,,,,,,,2026-08-09
me2pt5-247,Dreepy,,Ascended Heroes,247,Illustration Rare,Jerky,Basic,885,Pokémon,2026/01/30,,https://prices.pokemontcg.io/tcgplayer/me2pt5-247,https://images.scrydex.com/pokemon/me2pt5-247/large,,,,,,,,,,,,,,,,,,,,,,,2026-08-09
me2pt5-248,Drakloak,,Ascended Heroes,248,Illustration Rare,Jerky,Stage 1,886,Pokémon,2026/01/30,,https://prices.pokemontcg.io/tcgplayer/me2pt5-248,https://images.scrydex.com/pokemon/me2pt5-248/large,,,,,,,,,,,,,,,,,,,,,,,2026-08-09
me2pt5-249,Larry's Staraptor,,Ascended Heroes,249,Illustration Rare,kantaro,Stage 2,398,Pokémon,2026/01/30,,https://prices.pokemontcg.io/tcgplayer/me2pt5-249,https://images.scrydex.com/pokemon/me2pt5-249/large,,,,,,,,,,,,,,,,,,,,,,,2026-08-09
me2pt5-250,Fan Rotom,,Ascended Heroes,250,Illustration Rare,Yukihiro Tada,Basic,479,Pokémon,2026/01/30,,https://prices.pokemontcg.io/tcgplayer/me2pt5-250,https://images.scrydex.com/pokemon/me2pt5-250/large,,,,,,,,,,,,,,,,,,,,,,,2026-08-09
me2pt5-251,Sprigatito ex,,Ascended Heroes,251,Ultra Rare,5ban Graphics,Basic|ex,906,Pokémon,2026/01/30,,https://prices.pokemontcg.io/tcgplayer/me2pt5-251,https://images.scrydex.com/pokemon/me2pt5-251/large,,,,,,,,,,,,,,,,,,,,,,,2026-08-09
me2pt5-252,Stunfisk ex,,Ascended Heroes,252,Ultra Rare,5ban Graphics,Basic|ex,618,Pokémon,2026/01/30,,https://prices.pokemontcg.io/tcgplayer/me2pt5-252,https://images.scrydex.com/pokemon/me2pt5-252/large,,,,,,,,,,,,,,,,,,,,,,,2026-08-09
me2pt5-253,Mega Audino ex,,Ascended Heroes,253,Ultra Rare,5ban Graphics,Basic|MEGA|ex,531,Pokémon,2026/01/30,,https://prices.pokemontcg.io/tcgplayer/me2pt5-253,https://images.scrydex.com/pokemon/me2pt5-253/large,,,,,,,,,,,,,,,,,,,,,,,2026-08-09
me2pt5-254,Anthea & Concordia,,Ascended Heroes,254,Ultra Rare,Sanosuke Sakuma,Supporter,,Trainer,2026/01/30,,https://prices.pokemontcg.io/tcgplayer/me2pt5-254,https://images.scrydex.com/pokemon/me2pt5-254/large,,,,,,,,,,,,,,,,,,,,,,,2026-08-09
me2pt5-255,Black Belt's Training,,Ascended Heroes,255,Ultra Rare,GOSSAN,Supporter,,Trainer,2026/01/30,,https://prices.pokemontcg.io/tcgplayer/me2pt5-255,https://images.scrydex.com/pokemon/me2pt5-255/large,,,,,,,,,,,,,,,,,,,,,,,2026-08-09
me2pt5-256,Boss's Orders,,Ascended Heroes,256,Ultra Rare,akagi,Supporter,,Trainer,2026/01/30,,,https://images.scrydex.com/pokemon/me2pt5-256/large,,,,,,,,,,,,,,,,,,,,,,,2026-08-09
me2pt5-257,Canari,,Ascended Heroes,257,Ultra Rare,Naoki Saito,Supporter,,Trainer,2026/01/30,,https://prices.pokemontcg.io/tcgplayer/me2pt5-257,https://images.scrydex.com/pokemon/me2pt5-257/large,,,,,,,,,,,,,,,,,,,,,,,2026-08-09
me2pt5-258,Cheren,,Ascended Heroes,258,Ultra Rare,REND,Supporter,,Trainer,2026/01/30,,https://prices.pokemontcg.io/tcgplayer/me2pt5-258,https://images.scrydex.com/pokemon/me2pt5-258/large,,,,,,,,,,,,,,,,,,,,,,,2026-08-09
me2pt5-259,Counter Gain,,Ascended Heroes,259,Ultra Rare,Toyste Beach,Pokémon Tool,,Trainer,2026/01/30,,https://prices.pokemontcg.io/tcgplayer/me2pt5-259,https://images.scrydex.com/pokemon/me2pt5-259/large,,,,,,,,,,,,,,,,,,,,,,,2026-08-09
me2pt5-260,Glass Trumpet,,Ascended Heroes,260,Ultra Rare,Toyste Beach,Item,,Trainer,2026/01/30,,https://prices.pokemontcg.io/tcgplayer/me2pt5-260,https://images.scrydex.com/pokemon/me2pt5-260/large,,,,,,,,,,,,,,,,,,,,,,,2026-08-09
me2pt5-261,Jamming Tower,,Ascended Heroes,261,Ultra Rare,AYUMI ODASHIMA,Stadium,,Trainer,2026/01/30,,https://prices.pokemontcg.io/tcgplayer/me2pt5-261,https://images.scrydex.com/pokemon/me2pt5-261/large,,,,,,,,,,,,,,,,,,,,,,,2026-08-09
me2pt5-262,N's PP Up,,Ascended Heroes,262,Ultra Rare,Toyste Beach,Item,,Trainer,2026/01/30,,https://prices.pokemontcg.io/tcgplayer/me2pt5-262,https://images.scrydex.com/pokemon/me2pt5-262/large,,,,,,,,,,,,,,,,,,,,,,,2026-08-09
me2pt5-263,Team Rocket's Transceiver,,Ascended Heroes,263,Ultra Rare,inose yukie,Item,,Trainer,2026/01/30,,,https://images.scrydex.com/pokemon/me2pt5-263/large,,,,,,,,,,,,,,,,,,,,,,,2026-08-09
me2pt5-264,Ultra Ball,,Ascended Heroes,264,Ultra Rare,Studio Bora Inc.,Item,,Trainer,2026/01/30,,https://prices.pokemontcg.io/tcgplayer/me2pt5-264,https://images.scrydex.com/pokemon/me2pt5-264/large,,,,,,,,,,,,,,,,,,,,,,,2026-08-09
me2pt5-265,Mega Froslass ex,,Ascended Heroes,265,MEGA_ATTACK_RARE,Saboteri,Stage 1|MEGA|ex,478,Pokémon,2026/01/30,,https://prices.pokemontcg.io/tcgplayer/me2pt5-265,https://images.scrydex.com/pokemon/me2pt5-265/large,,,,,,,,,,,,,,,,,,,,,,,2026-08-09
me2pt5-266,Mega Eelektross ex,,Ascended Heroes,266,MEGA_ATTACK_RARE,DOM,Stage 2|MEGA|ex,604,Pokémon,2026/01/30,,https://prices.pokemontcg.io/tcgplayer/me2pt5-266,https://images.scrydex.com/pokemon/me2pt5-266/large,,,,,,,,,,,,,,,,,,,,,,,2026-08-09
me2pt5-267,Mega Diancie ex,,Ascended Heroes,267,MEGA_ATTACK_RARE,DOM,Basic|MEGA|ex,719,Pokémon,2026/01/30,,https://prices.pokemontcg.io/tcgplayer/me2pt5-267,https://images.scrydex.com/pokemon/me2pt5-267/large,,,,,,,,,,,,,,,,,,,,,,,2026-08-09
me2pt5-268,Mega Hawlucha ex,,Ascended Heroes,268,MEGA_ATTACK_RARE,Taiga Kasai,Basic|MEGA|ex,701,Pokémon,2026/01/30,,https://prices.pokemontcg.io/tcgplayer/me2pt5-268,https://images.scrydex.com/pokemon/me2pt5-268/large,,,,,,,,,,,,,,,,,,,,,,,2026-08-09
me2pt5-269,Mega Gengar ex,,Ascended Heroes,269,MEGA_ATTACK_RARE,Taiga Kasai,Stage 2|MEGA|ex,94,Pokémon,2026/01/30,,https://prices.pokemontcg.io/tcgplayer/me2pt5-269,https://images.scrydex.com/pokemon/me2pt5-269/large,,,,,,,,,,,,,,,,,,,,,,,2026-08-09
me2pt5-270,Mega Scrafty ex,,Ascended Heroes,270,MEGA_ATTACK_RARE,Taiga Kasai,Stage 1|MEGA|ex,560,Pokémon,2026/01/30,,https://prices.pokemontcg.io/tcgplayer/me2pt5-270,https://images.scrydex.com/pokemon/me2pt5-270/large,,,,,,,,,,,,,,,,,,,,,,,2026-08-09
me2pt5-271,Mega Dragonite ex,,Ascended Heroes,271,MEGA_ATTACK_RARE,DOM,Stage 2|MEGA|ex,149,Pokémon,2026/01/30,,https://prices.pokemontcg.io/tcgplayer/me2pt5-271,https://images.scrydex.com/pokemon/me2pt5-271/large,,,,,,,,,,,,,,,,,,,,,,,2026-08-09
me2pt5-272,Mega Meganium ex,,Ascended Heroes,272,Special Illustration Rare,Tika Matsuno,Stage 2|MEGA|ex,154,Pokémon,2026/01/30,,,https://images.scrydex.com/pokemon/me2pt5-272/large,,,,,,,,,,,,,,,,,,,,,,,2026-08-09
me2pt5-273,Mega Emboar ex,,Ascended Heroes,273,Special Illustration Rare,nagimiso,Stage 2|MEGA|ex,500,Pokémon,2026/01/30,,https://prices.pokemontcg.io/tcgplayer/me2pt5-273,https://images.scrydex.com/pokemon/me2pt5-273/large,,,,,,,,,,,,,,,,,,,,,,,2026-08-09
me2pt5-274,Mega Feraligatr ex,,Ascended Heroes,274,Special Illustration Rare,Souichirou Gunjima,Stage 2|MEGA|ex,160,Pokémon,2026/01/30,,,https://images.scrydex.com/pokemon/me2pt5-274/large,,,,,,,,,,,,,,,,,,,,,,,2026-08-09
me2pt5-275,Mega Froslass ex,,Ascended Heroes,275,Special Illustration Rare,Teeziro,Stage 1|MEGA|ex,478,Pokémon,2026/01/30,,https://prices.pokemontcg.io/tcgplayer/me2pt5-275,https://images.scrydex.com/pokemon/me2pt5-275/large,,,,,,,,,,,,,,,,,,,,,,,2026-08-09
me2pt5-276,Pikachu ex,,Ascended Heroes,276,Special Illustration Rare,booota,Basic|ex,25,Pokémon,2026/01/30,,https://prices.pokemontcg.io/tcgplayer/me2pt5-276,https://images.scrydex.com/pokemon/me2pt5-276/large,,,,,,,,,,,,,,,,,,,,,,,2026-08-09
me2pt5-277,Pikachu ex,,Ascended Heroes,277,Special Illustration Rare,James Turner,Basic|Tera|ex,25,Pokémon,2026/01/30,,https://prices.pokemontcg.io/tcgplayer/me2pt5-277,https://images.scrydex.com/pokemon/me2pt5-277/large,,,,,,,,,,,,,,,,,,,,,,,2026-08-09
me2pt5-278,Mega Eelektross ex,,Ascended Heroes,278,Special Illustration Rare,akagi,Stage 2|MEGA|ex,604,Pokémon,2026/01/30,,,https://images.scrydex.com/pokemon/me2pt5-278/large,,,,,,,,,,,,,,,,,,,,,,,2026-08-09
me2pt5-279,Iono's Bellibolt ex,,Ascended Heroes,279,Special Illustration Rare,Akira Komayama,Stage 1|ex,939,Pokémon,2026/01/30,,,https://images.scrydex.com/pokemon/me2pt5-279/large,,,,,,,,,,,,,,,,,,,,,,,2026-08-09
me2pt5-280,Lillie's Clefairy ex,,Ascended Heroes,280,Special Illustration Rare,Naoki Saito,Basic|ex,35,Pokémon,2026/01/30,,,https://images.scrydex.com/pokemon/me2pt5-280/large,,,,,,,,,,,,,,,,,,,,,,,2026-08-09
me2pt5-281,Team Rocket's Mewtwo ex,,Ascended Heroes,281,Special Illustration Rare,Mitsuhiro Arita,Basic|ex,150,Pokémon,2026/01/30,,,https://images.scrydex.com/pokemon/me2pt5-281/large,,,,,,,,,,,,,,,,,,,,,,,2026-08-09
me2pt5-282,Mega Diancie ex,,Ascended Heroes,282,Special Illustration Rare,Narano,Basic|MEGA|ex,719,Pokémon,2026/01/30,,,https://images.scrydex.com/pokemon/me2pt5-282/large,,,,,,,,,,,,,,,,,,,,,,,2026-08-09
me2pt5-283,Mega Hawlucha ex,,Ascended Heroes,283,Special Illustration Rare,AKIRA EGAWA,Basic|MEGA|ex,701,Pokémon,2026/01/30,,https://prices.pokemontcg.io/tcgplayer/me2pt5-283,https://images.scrydex.com/pokemon/me2pt5-283/large,,,,,,,,,,,,,,,,,,,,,,,2026-08-09
me2pt5-284,Mega Gengar ex,,Ascended Heroes,284,Special Illustration Rare,danciao,Stage 2|MEGA|ex,94,Pokémon,2026/01/30,,https://prices.pokemontcg.io/tcgplayer/me2pt5-284,https://images.scrydex.com/pokemon/me2pt5-284/large,,,,,,,,,,,,,,,,,,,,,,,2026-08-09
me2pt5-285,Mega Scrafty ex,,Ascended Heroes,285,Special Illustration Rare,nagimiso,Stage 1|MEGA|ex,560,Pokémon,2026/01/30,,,https://images.scrydex.com/pokemon/me2pt5-285/large,,,,,,,,,,,,,,,,,,,,,,,2026-08-09
me2pt5-286,N's Zoroark ex,,Ascended Heroes,286,Special Illustration Rare,Raita Kazama,Stage 1|ex,571,Pokémon,2026/01/30,,https://prices.pokemontcg.io/tcgplayer/me2pt5-286,https://images.scrydex.com/pokemon/me2pt5-286/large,,,,,,,,,,,,,,,,,,,,,,,2026-08-09
me2pt5-287,Marnie's Grimmsnarl ex,,Ascended Heroes,287,Special Illustration Rare,Ligton,Stage 2|ex,861,Pokémon,2026/01/30,,https://prices.pokemontcg.io/tcgplayer/me2pt5-287,https://images.scrydex.com/pokemon/me2pt5-287/large,,,,,,,,,,,,,,,,,,,,,,,2026-08-09
me2pt5-288,Fezandipiti ex,,Ascended Heroes,288,Special Illustration Rare,SIE NANAHARA,Basic|ex,1016,Pokémon,2026/01/30,,,https://images.scrydex.com/pokemon/me2pt5-288/large,,,,,,,,,,,,,,,,,,,,,,,2026-08-09
me2pt5-289,Steven's Metagross ex,,Ascended Heroes,289,Special Illustration Rare,chibi,Stage 2|ex,376,Pokémon,2026/01/30,,,https://images.scrydex.com/pokemon/me2pt5-289/large,,,,,,,,,,,,,,,,,,,,,,,2026-08-09
me2pt5-290,Mega Dragonite ex,,Ascended Heroes,290,Special Illustration Rare,DOM,Stage 2|MEGA|ex,149,Pokémon,2026/01/30,,,https://images.scrydex.com/pokemon/me2pt5-290/large,,,,,,,,,,,,,,,,,,,,,,,2026-08-09
me2pt5-291,Canari,,Ascended Heroes,291,Special Illustration Rare,kantaro,Supporter,,Trainer,2026/01/30,,,https://images.scrydex.com/pokemon/me2pt5-291/large,,,,,,,,,,,,,,,,,,,,,,,2026-08-09
me2pt5-292,Iris's Fighting Spirit,,Ascended Heroes,292,Special Illustration Rare,Kuroimori,Supporter,,Trainer,2026/01/30,,https://prices.pokemontcg.io/tcgplayer/me2pt5-292,https://images.scrydex.com/pokemon/me2pt5-292/large,,,,,,,,,,,,,,,,,,,,,,,2026-08-09
me2pt5-293,Surfer,,Ascended Heroes,293,Special Illustration Rare,OKUBO,Supporter,,Trainer,2026/01/30,,https://prices.pokemontcg.io/tcgplayer/me2pt5-293,https://images.scrydex.com/pokemon/me2pt5-293/large,,,,,,,,,,,,,,,,,,,,,,,2026-08-09
me2pt5-294,Mega Charizard Y ex,,Ascended Heroes,294,Mega Hyper Rare,aky CG Works,Stage 2|MEGA|ex,6,Pokémon,2026/01/30,,https://prices.pokemontcg.io/tcgplayer/me2pt5-294,https://images.scrydex.com/pokemon/me2pt5-294/large,,,,,,,,,,,,,,,,,,,,,,,2026-08-09
me2pt5-295,Mega Dragonite ex,,Ascended Heroes,295,Mega Hyper Rare,aky CG Works,Stage 2|MEGA|ex,149,Pokémon,2026/01/30,,https://prices.pokemontcg.io/tcgplayer/me2pt5-295,https://images.scrydex.com/pokemon/me2pt5-295/large,,,,,,,,,,,,,,,,,,,,,,,2026-08-09
me3-1,Spinarak,,Perfect Order,1,Common,,Basic,167,Pokémon,2026/03/27,,https://prices.pokemontcg.io/tcgplayer/me3-1,https://images.scrydex.com/pokemon/me3-1/large,,,,,,,,,,,,,,,,,,,,,,,2026-08-09
me3-7,Scatterbug,,Perfect Order,7,Common,,Basic,664,Pokémon,2026/03/27,,https://prices.pokemontcg.io/tcgplayer/me3-7,https://images.scrydex.com/pokemon/me3-7/large,,,,,,,,,,,,,,,,,,,,,,,2026-08-09
me3-8,Spewpa,,Perfect Order,8,Common,,Stage 1,665,Pokémon,2026/03/27,,https://prices.pokemontcg.io/tcgplayer/me3-8,https://images.scrydex.com/pokemon/me3-8/large,,,,,,,,,,,,,,,,,,,,,,,2026-08-09
me3-15,Salandit,,Perfect Order,15,Common,,Basic,757,Pokémon,2026/03/27,,https://prices.pokemontcg.io/tcgplayer/me3-15,https://images.scrydex.com/pokemon/me3-15/large,,,,,,,,,,,,,,,,,,,,,,,2026-08-09
me3-16,Salazzle ex,,Perfect Order,16,Double Rare,,Stage 1|ex,758,Pokémon,2026/03/27,,https://prices.pokemontcg.io/tcgplayer/me3-16,https://images.scrydex.com/pokemon/me3-16/large,,,,,,,,,,,,,,,,,,,,,,,2026-08-09
me3-17,Turtonator,,Perfect Order,17,Uncommon,,Basic,776,Pokémon,2026/03/27,,https://prices.pokemontcg.io/tcgplayer/me3-17,https://images.scrydex.com/pokemon/me3-17/large,,,,,,,,,,,,,,,,,,,,,,,2026-08-09
me3-20,Staryu,,Perfect Order,20,Common,,Basic,120,Pokémon,2026/03/27,,https://prices.pokemontcg.io/tcgplayer/me3-20,https://images.scrydex.com/pokemon/me3-20/large,,,,,,,,,,,,,,,,,,,,,,,2026-08-09
me3-21,Mega Starmie ex,,Perfect Order,21,Double Rare,,Stage 1|MEGA|ex,121,Pokémon,2026/03/27,,https://prices.pokemontcg.io/tcgplayer/me3-21,https://images.scrydex.com/pokemon/me3-21/large,,,,,,,,,,,,,,,,,,,,,,,2026-08-09
me3-27,Luxio,,Perfect Order,27,Uncommon,,Stage 1,404,Pokémon,2026/03/27,,https://prices.pokemontcg.io/tcgplayer/me3-27,https://images.scrydex.com/pokemon/me3-27/large,,,,,,,,,,,,,,,,,,,,,,,2026-08-09
me3-28,Luxray,,Perfect Order,28,Rare,,Stage 2,405,Pokémon,2026/03/27,,https://prices.pokemontcg.io/tcgplayer/me3-28,https://images.scrydex.com/pokemon/me3-28/large,,,,,,,,,,,,,,,,,,,,,,,2026-08-09
me3-32,Mawile,,Perfect Order,32,Common,,Basic,303,Pokémon,2026/03/27,,https://prices.pokemontcg.io/tcgplayer/me3-32,https://images.scrydex.com/pokemon/me3-32/large,,,,,,,,,,,,,,,,,,,,,,,2026-08-09
me3-33,Espurr,,Perfect Order,33,Common,,Basic,677,Pokémon,2026/03/27,,https://prices.pokemontcg.io/tcgplayer/me3-33,https://images.scrydex.com/pokemon/me3-33/large,,,,,,,,,,,,,,,,,,,,,,,2026-08-09
me3-34,Meowstic,,Perfect Order,34,Uncommon,,Stage 1,678,Pokémon,2026/03/27,,https://prices.pokemontcg.io/tcgplayer/me3-34,https://images.scrydex.com/pokemon/me3-34/large,,,,,,,,,,,,,,,,,,,,,,,2026-08-09
me3-36,Aromatisse,,Perfect Order,36,Uncommon,,Stage 1,683,Pokémon,2026/03/27,,https://prices.pokemontcg.io/tcgplayer/me3-36,https://images.scrydex.com/pokemon/me3-36/large,,,,,,,,,,,,,,,,,,,,,,,2026-08-09
me3-37,Nosepass,,Perfect Order,37,Common,,Basic,299,Pokémon,2026/03/27,,https://prices.pokemontcg.io/tcgplayer/me3-37,https://images.scrydex.com/pokemon/me3-37/large,,,,,,,,,,,,,,,,,,,,,,,2026-08-09
me3-3,Shaymin,,Perfect Order,3,Uncommon,,Basic,492,Pokémon,2026/03/27,,https://prices.pokemontcg.io/tcgplayer/me3-3,https://images.scrydex.com/pokemon/me3-3/large,,,,,,,,,,,,,,,,,,,,,,,2026-08-09
me3-5,Servine,,Perfect Order,5,Common,,Stage 1,496,Pokémon,2026/03/27,,https://prices.pokemontcg.io/tcgplayer/me3-5,https://images.scrydex.com/pokemon/me3-5/large,,,,,,,,,,,,,,,,,,,,,,,2026-08-09
me3-10,Rowlet,,Perfect Order,10,Common,,Basic,722,Pokémon,2026/03/27,,https://prices.pokemontcg.io/tcgplayer/me3-10,https://images.scrydex.com/pokemon/me3-10/large,,,,,,,,,,,,,,,,,,,,,,,2026-08-09
me3-13,Fletchinder,,Perfect Order,13,Common,,Stage 1,662,Pokémon,2026/03/27,,https://prices.pokemontcg.io/tcgplayer/me3-13,https://images.scrydex.com/pokemon/me3-13/large,,,,,,,,,,,,,,,,,,,,,,,2026-08-09
me3-14,Talonflame,,Perfect Order,14,Uncommon,,Stage 2,663,Pokémon,2026/03/27,,https://prices.pokemontcg.io/tcgplayer/me3-14,https://images.scrydex.com/pokemon/me3-14/large,,,,,,,,,,,,,,,,,,,,,,,2026-08-09
me3-18,Seel,,Perfect Order,18,Common,,Basic,86,Pokémon,2026/03/27,,https://prices.pokemontcg.io/tcgplayer/me3-18,https://images.scrydex.com/pokemon/me3-18/large,,,,,,,,,,,,,,,,,,,,,,,2026-08-09
me3-26,Shinx,,Perfect Order,26,Common,,Basic,403,Pokémon,2026/03/27,,https://prices.pokemontcg.io/tcgplayer/me3-26,https://images.scrydex.com/pokemon/me3-26/large,,,,,,,,,,,,,,,,,,,,,,,2026-08-09
me3-35,Spritzee,,Perfect Order,35,Common,,Basic,682,Pokémon,2026/03/27,,https://prices.pokemontcg.io/tcgplayer/me3-35,https://images.scrydex.com/pokemon/me3-35/large,,,,,,,,,,,,,,,,,,,,,,,2026-08-09
me3-9,Vivillon,,Perfect Order,9,Uncommon,,Stage 2,666,Pokémon,2026/03/27,,https://prices.pokemontcg.io/tcgplayer/me3-9,https://images.scrydex.com/pokemon/me3-9/large,,,,,,,,,,,,,,,,,,,,,,,2026-08-09
me3-19,Dewgong,,Perfect Order,19,Rare,,Stage 1,87,Pokémon,2026/03/27,,https://prices.pokemontcg.io/tcgplayer/me3-19,https://images.scrydex.com/pokemon/me3-19/large,,,,,,,,,,,,,,,,,,,,,,,2026-08-09
me3-22,Lapras ex,,Perfect Order,22,Double Rare,,Basic|ex,131,Pokémon,2026/03/27,,https://prices.pokemontcg.io/tcgplayer/me3-22,https://images.scrydex.com/pokemon/me3-22/large,,,,,,,,,,,,,,,,,,,,,,,2026-08-09
me3-24,Aurorus,,Perfect Order,24,Rare,,Stage 2,699,Pokémon,2026/03/27,,https://prices.pokemontcg.io/tcgplayer/me3-24,https://images.scrydex.com/pokemon/me3-24/large,,,,,,,,,,,,,,,,,,,,,,,2026-08-09
me3-25,Volcanion,,Perfect Order,25,Uncommon,,Basic,721,Pokémon,2026/03/27,,https://prices.pokemontcg.io/tcgplayer/me3-25,https://images.scrydex.com/pokemon/me3-25/large,,,,,,,,,,,,,,,,,,,,,,,2026-08-09
me3-29,Dedenne,,Perfect Order,29,Common,,Basic,702,Pokémon,2026/03/27,,https://prices.pokemontcg.io/tcgplayer/me3-29,https://images.scrydex.com/pokemon/me3-29/large,,,,,,,,,,,,,,,,,,,,,,,2026-08-09
me3-30,Clefairy,,Perfect Order,30,Common,,Basic,35,Pokémon,2026/03/27,,https://prices.pokemontcg.io/tcgplayer/me3-30,https://images.scrydex.com/pokemon/me3-30/large,,,,,,,,,,,,,,,,,,,,,,,2026-08-09
me3-2,Ariados,,Perfect Order,2,Common,,Stage 1,168,Pokémon,2026/03/27,,https://prices.pokemontcg.io/tcgplayer/me3-2,https://images.scrydex.com/pokemon/me3-2/large,,,,,,,,,,,,,,,,,,,,,,,2026-08-09
me3-4,Snivy,,Perfect Order,4,Common,,Basic,495,Pokémon,2026/03/27,,https://prices.pokemontcg.io/tcgplayer/me3-4,https://images.scrydex.com/pokemon/me3-4/large,,,,,,,,,,,,,,,,,,,,,,,2026-08-09
me3-6,Serperior,,Perfect Order,6,Rare,,Stage 2,497,Pokémon,2026/03/27,,https://prices.pokemontcg.io/tcgplayer/me3-6,https://images.scrydex.com/pokemon/me3-6/large,,,,,,,,,,,,,,,,,,,,,,,2026-08-09
me3-11,Dartrix,,Perfect Order,11,Common,,Stage 1,723,Pokémon,2026/03/27,,https://prices.pokemontcg.io/tcgplayer/me3-11,https://images.scrydex.com/pokemon/me3-11/large,,,,,,,,,,,,,,,,,,,,,,,2026-08-09
me3-12,Decidueye ex,,Perfect Order,12,Double Rare,,Stage 2|ex,724,Pokémon,2026/03/27,,https://prices.pokemontcg.io/tcgplayer/me3-12,https://images.scrydex.com/pokemon/me3-12/large,,,,,,,,,,,,,,,,,,,,,,,2026-08-09
me3-23,Amaura,,Perfect Order,23,Common,,Stage 1,698,Pokémon,2026/03/27,,https://prices.pokemontcg.io/tcgplayer/me3-23,https://images.scrydex.com/pokemon/me3-23/large,,,,,,,,,,,,,,,,,,,,,,,2026-08-09
me3-31,Mega Clefable ex,,Perfect Order,31,Double Rare,,Stage 1|MEGA|ex,36,Pokémon,2026/03/27,,https://prices.pokemontcg.io/tcgplayer/me3-31,https://images.scrydex.com/pokemon/me3-31/large,,,,,,,,,,,,,,,,,,,,,,,2026-08-09
me3-38,Probopass,,Perfect Order,38,Common,,Stage 1,476,Pokémon,2026/03/27,,https://prices.pokemontcg.io/tcgplayer/me3-38,https://images.scrydex.com/pokemon/me3-38/large,,,,,,,,,,,,,,,,,,,,,,,2026-08-09
me3-39,Hippopotas,,Perfect Order,39,Common,,Basic,449,Pokémon,2026/03/27,,https://prices.pokemontcg.io/tcgplayer/me3-39,https://images.scrydex.com/pokemon/me3-39/large,,,,,,,,,,,,,,,,,,,,,,,2026-08-09
me3-40,Hippowdon,,Perfect Order,40,Uncommon,,Stage 1,450,Pokémon,2026/03/27,,https://prices.pokemontcg.io/tcgplayer/me3-40,https://images.scrydex.com/pokemon/me3-40/large,,,,,,,,,,,,,,,,,,,,,,,2026-08-09
me3-41,Landorus,,Perfect Order,41,Rare,,Basic,645,Pokémon,2026/03/27,,https://prices.pokemontcg.io/tcgplayer/me3-41,https://images.scrydex.com/pokemon/me3-41/large,,,,,,,,,,,,,,,,,,,,,,,2026-08-09
me3-42,Binacle,,Perfect Order,42,Common,,Basic,688,Pokémon,2026/03/27,,https://prices.pokemontcg.io/tcgplayer/me3-42,https://images.scrydex.com/pokemon/me3-42/large,,,,,,,,,,,,,,,,,,,,,,,2026-08-09
me3-43,Barbaracle,,Perfect Order,43,Uncommon,,Stage 1,689,Pokémon,2026/03/27,,https://prices.pokemontcg.io/tcgplayer/me3-43,https://images.scrydex.com/pokemon/me3-43/large,,,,,,,,,,,,,,,,,,,,,,,2026-08-09
me3-44,Tyrunt,,Perfect Order,44,Common,,Stage 1,696,Pokémon,2026/03/27,,https://prices.pokemontcg.io/tcgplayer/me3-44,https://images.scrydex.com/pokemon/me3-44/large,,,,,,,,,,,,,,,,,,,,,,,2026-08-09
me3-45,Tyrantrum,,Perfect Order,45,Rare,,Stage 2,697,Pokémon,2026/03/27,,https://prices.pokemontcg.io/tcgplayer/me3-45,https://images.scrydex.com/pokemon/me3-45/large,,,,,,,,,,,,,,,,,,,,,,,2026-08-09
me3-46,Hawlucha,,Perfect Order,46,Common,,Basic,701,Pokémon,2026/03/27,,https://prices.pokemontcg.io/tcgplayer/me3-46,https://images.scrydex.com/pokemon/me3-46/large,,,,,,,,,,,,,,,,,,,,,,,2026-08-09
me3-47,Mega Zygarde ex,,Perfect Order,47,Double Rare,,Basic|MEGA|ex,718,Pokémon,2026/03/27,,https://prices.pokemontcg.io/tcgplayer/me3-47,https://images.scrydex.com/pokemon/me3-47/large,,,,,,,,,,,,,,,,,,,,,,,2026-08-09
me3-51,Skorupi,,Perfect Order,51,Common,,Basic,451,Pokémon,2026/03/27,,https://prices.pokemontcg.io/tcgplayer/me3-51,https://images.scrydex.com/pokemon/me3-51/large,,,,,,,,,,,,,,,,,,,,,,,2026-08-09
me3-53,Yveltal ex,,Perfect Order,53,Double Rare,,Basic|ex,717,Pokémon,2026/03/27,,https://prices.pokemontcg.io/tcgplayer/me3-53,https://images.scrydex.com/pokemon/me3-53/large,,,,,,,,,,,,,,,,,,,,,,,2026-08-09
me3-55,Mega Skarmory ex,,Perfect Order,55,Double Rare,,Basic|MEGA|ex,227,Pokémon,2026/03/27,,https://prices.pokemontcg.io/tcgplayer/me3-55,https://images.scrydex.com/pokemon/me3-55/large,,,,,,,,,,,,,,,,,,,,,,,2026-08-09
me3-56,Honedge,,Perfect Order,56,Common,,Basic,679,Pokémon,2026/03/27,,https://prices.pokemontcg.io/tcgplayer/me3-56,https://images.scrydex.com/pokemon/me3-56/large,,,,,,,,,,,,,,,,,,,,,,,2026-08-09
me3-57,Doublade,,Perfect Order,57,Common,,Stage 1,680,Pokémon,2026/03/27,,https://prices.pokemontcg.io/tcgplayer/me3-57,https://images.scrydex.com/pokemon/me3-57/large,,,,,,,,,,,,,,,,,,,,,,,2026-08-09
me3-48,Gastly,,Perfect Order,48,Common,,Basic,92,Pokémon,2026/03/27,,https://prices.pokemontcg.io/tcgplayer/me3-48,https://images.scrydex.com/pokemon/me3-48/large,,,,,,,,,,,,,,,,,,,,,,,2026-08-09
me3-49,Haunter,,Perfect Order,49,Common,,Stage 1,93,Pokémon,2026/03/27,,https://prices.pokemontcg.io/tcgplayer/me3-49,https://images.scrydex.com/pokemon/me3-49/large,,,,,,,,,,,,,,,,,,,,,,,2026-08-09
me3-52,Drapion,,Perfect Order,52,Uncommon,,Stage 1,452,Pokémon,2026/03/27,,https://prices.pokemontcg.io/tcgplayer/me3-52,https://images.scrydex.com/pokemon/me3-52/large,,,,,,,,,,,,,,,,,,,,,,,2026-08-09
me3-58,Aegislash,,Perfect Order,58,Uncommon,,Stage 2,681,Pokémon,2026/03/27,,https://prices.pokemontcg.io/tcgplayer/me3-58,https://images.scrydex.com/pokemon/me3-58/large,,,,,,,,,,,,,,,,,,,,,,,2026-08-09
me3-59,Klefki,,Perfect Order,59,Common,,Basic,707,Pokémon,2026/03/27,,https://prices.pokemontcg.io/tcgplayer/me3-59,https://images.scrydex.com/pokemon/me3-59/large,,,,,,,,,,,,,,,,,,,,,,,2026-08-09
me3-50,Gengar,,Perfect Order,50,Rare,,Stage 2,94,Pokémon,2026/03/27,,https://prices.pokemontcg.io/tcgplayer/me3-50,https://images.scrydex.com/pokemon/me3-50/large,,,,,,,,,,,,,,,,,,,,,,,2026-08-09
me3-54,Chien-Pao,,Perfect Order,54,Rare,,Basic,1002,Pokémon,2026/03/27,,https://prices.pokemontcg.io/tcgplayer/me3-54,https://images.scrydex.com/pokemon/me3-54/large,,,,,,,,,,,,,,,,,,,,,,,2026-08-09
me3-60,Rattata,,Perfect Order,60,Common,,Basic,19,Pokémon,2026/03/27,,https://prices.pokemontcg.io/tcgplayer/me3-60,https://images.scrydex.com/pokemon/me3-60/large,,,,,,,,,,,,,,,,,,,,,,,2026-08-09
me3-62,Meowth ex,,Perfect Order,62,Double Rare,,Basic|ex,52,Pokémon,2026/03/27,,https://prices.pokemontcg.io/tcgplayer/me3-62,https://images.scrydex.com/pokemon/me3-62/large,,,,,,,,,,,,,,,,,,,,,,,2026-08-09
me3-61,Raticate,,Perfect Order,61,Uncommon,,Stage 1,20,Pokémon,2026/03/27,,https://prices.pokemontcg.io/tcgplayer/me3-61,https://images.scrydex.com/pokemon/me3-61/large,,,,,,,,,,,,,,,,,,,,,,,2026-08-09
me3-63,Snorlax,,Perfect Order,63,Common,,Basic,143,Pokémon,2026/03/27,,https://prices.pokemontcg.io/tcgplayer/me3-63,https://images.scrydex.com/pokemon/me3-63/large,,,,,,,,,,,,,,,,,,,,,,,2026-08-09
me3-64,Bunnelby,,Perfect Order,64,Common,,Basic,659,Pokémon,2026/03/27,,https://prices.pokemontcg.io/tcgplayer/me3-64,https://images.scrydex.com/pokemon/me3-64/large,,,,,,,,,,,,,,,,,,,,,,,2026-08-09
me3-65,Diggersby,,Perfect Order,65,Uncommon,,Stage 1,660,Pokémon,2026/03/27,,https://prices.pokemontcg.io/tcgplayer/me3-65,https://images.scrydex.com/pokemon/me3-65/large,,,,,,,,,,,,,,,,,,,,,,,2026-08-09
me3-66,Fletchling,,Perfect Order,66,Common,,Basic,661,Pokémon,2026/03/27,,https://prices.pokemontcg.io/tcgplayer/me3-66,https://images.scrydex.com/pokemon/me3-66/large,,,,,,,,,,,,,,,,,,,,,,,2026-08-09
me3-67,Furfrou,,Perfect Order,67,Common,,Basic,676,Pokémon,2026/03/27,,https://prices.pokemontcg.io/tcgplayer/me3-67,https://images.scrydex.com/pokemon/me3-67/large,,,,,,,,,,,,,,,,,,,,,,,2026-08-09
me3-68,Antique Jaw Fossil,,Perfect Order,68,Common,,Item,,Trainer,2026/03/27,,https://prices.pokemontcg.io/tcgplayer/me3-68,https://images.scrydex.com/pokemon/me3-68/large,,,,,,,,,,,,,,,,,,,,,,,2026-08-09
me3-69,Antique Sail Fossil,,Perfect Order,69,Common,,Item,,Trainer,2026/03/27,,https://prices.pokemontcg.io/tcgplayer/me3-69,https://images.scrydex.com/pokemon/me3-69/large,,,,,,,,,,,,,,,,,,,,,,,2026-08-09
me3-70,Core Memory,,Perfect Order,70,Uncommon,,Pokémon Tool,,Trainer,2026/03/27,,https://prices.pokemontcg.io/tcgplayer/me3-70,https://images.scrydex.com/pokemon/me3-70/large,,,,,,,,,,,,,,,,,,,,,,,2026-08-09
me3-71,Crushing Hammer,,Perfect Order,71,Common,,Item,,Trainer,2026/03/27,,https://prices.pokemontcg.io/tcgplayer/me3-71,https://images.scrydex.com/pokemon/me3-71/large,,,,,,,,,,,,,,,,,,,,,,,2026-08-09
me3-72,Energy Search,,Perfect Order,72,Common,,Item,,Trainer,2026/03/27,,https://prices.pokemontcg.io/tcgplayer/me3-72,https://images.scrydex.com/pokemon/me3-72/large,,,,,,,,,,,,,,,,,,,,,,,2026-08-09
me3-73,Energy Swatter,,Perfect Order,73,Uncommon,,Item,,Trainer,2026/03/27,,https://prices.pokemontcg.io/tcgplayer/me3-73,https://images.scrydex.com/pokemon/me3-73/large,,,,,,,,,,,,,,,,,,,,,,,2026-08-09
me3-74,Hole-Digging Shovel,,Perfect Order,74,Common,,Item,,Trainer,2026/03/27,,https://prices.pokemontcg.io/tcgplayer/me3-74,https://images.scrydex.com/pokemon/me3-74/large,,,,,,,,,,,,,,,,,,,,,,,2026-08-09
me3-75,Jacinthe,,Perfect Order,75,Uncommon,,Supporter,,Trainer,2026/03/27,,https://prices.pokemontcg.io/tcgplayer/me3-75,https://images.scrydex.com/pokemon/me3-75/large,,,,,,,,,,,,,,,,,,,,,,,2026-08-09
me3-76,Judge,,Perfect Order,76,Uncommon,,Supporter,,Trainer,2026/03/27,,https://prices.pokemontcg.io/tcgplayer/me3-76,https://images.scrydex.com/pokemon/me3-76/large,,,,,,,,,,,,,,,,,,,,,,,2026-08-09
me3-77,Lumiose City,,Perfect Order,77,Uncommon,,Stadium,,Trainer,2026/03/27,,https://prices.pokemontcg.io/tcgplayer/me3-77,https://images.scrydex.com/pokemon/me3-77/large,,,,,,,,,,,,,,,,,,,,,,,2026-08-09
me3-79,Naveen,,Perfect Order,79,Uncommon,,Supporter,,Trainer,2026/03/27,,https://prices.pokemontcg.io/tcgplayer/me3-79,https://images.scrydex.com/pokemon/me3-79/large,,,,,,,,,,,,,,,,,,,,,,,2026-08-09
me3-78,Lumiose Galette,,Perfect Order,78,Uncommon,,Item,,Trainer,2026/03/27,,https://prices.pokemontcg.io/tcgplayer/me3-78,https://images.scrydex.com/pokemon/me3-78/large,,,,,,,,,,,,,,,,,,,,,,,2026-08-09
me3-80,Poké Ball,,Perfect Order,80,Common,,Item,,Trainer,2026/03/27,,https://prices.pokemontcg.io/tcgplayer/me3-80,https://images.scrydex.com/pokemon/me3-80/large,,,,,,,,,,,,,,,,,,,,,,,2026-08-09
me3-81,Poké Pad,,Perfect Order,81,Uncommon,,Item,,Trainer,2026/03/27,,https://prices.pokemontcg.io/tcgplayer/me3-81,https://images.scrydex.com/pokemon/me3-81/large,,,,,,,,,,,,,,,,,,,,,,,2026-08-09
me3-82,Pokémon Catcher,,Perfect Order,82,Common,,Item,,Trainer,2026/03/27,,https://prices.pokemontcg.io/tcgplayer/me3-82,https://images.scrydex.com/pokemon/me3-82/large,,,,,,,,,,,,,,,,,,,,,,,2026-08-09
me3-83,Potion,,Perfect Order,83,Common,,Item,,Trainer,2026/03/27,,https://prices.pokemontcg.io/tcgplayer/me3-83,https://images.scrydex.com/pokemon/me3-83/large,,,,,,,,,,,,,,,,,,,,,,,2026-08-09
me3-84,Rosa's Encouragement,,Perfect Order,84,Uncommon,,Supporter,,Trainer,2026/03/27,,https://prices.pokemontcg.io/tcgplayer/me3-84,https://images.scrydex.com/pokemon/me3-84/large,,,,,,,,,,,,,,,,,,,,,,,2026-08-09
me3-85,Tarragon,,Perfect Order,85,Uncommon,,Supporter,,Trainer,2026/03/27,,https://prices.pokemontcg.io/tcgplayer/me3-85,https://images.scrydex.com/pokemon/me3-85/large,,,,,,,,,,,,,,,,,,,,,,,2026-08-09
me3-86,Growing Grass Energy,,Perfect Order,86,Rare,,Special,,Energy,2026/03/27,,https://prices.pokemontcg.io/tcgplayer/me3-86,https://images.scrydex.com/pokemon/me3-86/large,,,,,,,,,,,,,,,,,,,,,,,2026-08-09
me3-87,Rocky Fighting Energy,,Perfect Order,87,Rare,,Special,,Energy,2026/03/27,,https://prices.pokemontcg.io/tcgplayer/me3-87,https://images.scrydex.com/pokemon/me3-87/large,,,,,,,,,,,,,,,,,,,,,,,2026-08-09
me3-88,Telepathic Psychic Energy,,Perfect Order,88,Rare,,Special,,Energy,2026/03/27,,https://prices.pokemontcg.io/tcgplayer/me3-88,https://images.scrydex.com/pokemon/me3-88/large,,,,,,,,,,,,,,,,,,,,,,,2026-08-09
me3-89,Spewpa,,Perfect Order,89,Illustration Rare,,Stage 1,665,Pokémon,2026/03/27,,https://prices.pokemontcg.io/tcgplayer/me3-89,https://images.scrydex.com/pokemon/me3-89/large,,,,,,,,,,,,,,,,,,,,,,,2026-08-09
me3-90,Rowlet,,Perfect Order,90,Illustration Rare,,Basic,722,Pokémon,2026/03/27,,https://prices.pokemontcg.io/tcgplayer/me3-90,https://images.scrydex.com/pokemon/me3-90/large,,,,,,,,,,,,,,,,,,,,,,,2026-08-09
me3-91,Talonflame,,Perfect Order,91,Illustration Rare,,Stage 2,663,Pokémon,2026/03/27,,https://prices.pokemontcg.io/tcgplayer/me3-91,https://images.scrydex.com/pokemon/me3-91/large,,,,,,,,,,,,,,,,,,,,,,,2026-08-09
me3-92,Aurorus,,Perfect Order,92,Illustration Rare,,Stage 2,699,Pokémon,2026/03/27,,https://prices.pokemontcg.io/tcgplayer/me3-92,https://images.scrydex.com/pokemon/me3-92/large,,,,,,,,,,,,,,,,,,,,,,,2026-08-09
me3-93,Dedenne,,Perfect Order,93,Illustration Rare,,Basic,702,Pokémon,2026/03/27,,https://prices.pokemontcg.io/tcgplayer/me3-93,https://images.scrydex.com/pokemon/me3-93/large,,,,,,,,,,,,,,,,,,,,,,,2026-08-09
me3-94,Clefairy,,Perfect Order,94,Illustration Rare,,Basic,35,Pokémon,2026/03/27,,https://prices.pokemontcg.io/tcgplayer/me3-94,https://images.scrydex.com/pokemon/me3-94/large,,,,,,,,,,,,,,,,,,,,,,,2026-08-09
me3-95,Espurr,,Perfect Order,95,Illustration Rare,,Basic,677,Pokémon,2026/03/27,,https://prices.pokemontcg.io/tcgplayer/me3-95,https://images.scrydex.com/pokemon/me3-95/large,,,,,,,,,,,,,,,,,,,,,,,2026-08-09
me3-96,Probopass,,Perfect Order,96,Illustration Rare,,Stage 1,476,Pokémon,2026/03/27,,https://prices.pokemontcg.io/tcgplayer/me3-96,https://images.scrydex.com/pokemon/me3-96/large,,,,,,,,,,,,,,,,,,,,,,,2026-08-09
me3-97,Drapion,,Perfect Order,97,Illustration Rare,,Stage 1,452,Pokémon,2026/03/27,,https://prices.pokemontcg.io/tcgplayer/me3-97,https://images.scrydex.com/pokemon/me3-97/large,,,,,,,,,,,,,,,,,,,,,,,2026-08-09
me3-98,Doublade,,Perfect Order,98,Illustration Rare,,Stage 1,680,Pokémon,2026/03/27,,https://prices.pokemontcg.io/tcgplayer/me3-98,https://images.scrydex.com/pokemon/me3-98/large,,,,,,,,,,,,,,,,,,,,,,,2026-08-09
me3-99,Raticate,,Perfect Order,99,Illustration Rare,,Stage 1,20,Pokémon,2026/03/27,,https://prices.pokemontcg.io/tcgplayer/me3-99,https://images.scrydex.com/pokemon/me3-99/large,,,,,,,,,,,,,,,,,,,,,,,2026-08-09
me3-100,Decidueye ex,,Perfect Order,100,Ultra Rare,,Stage 2|ex,724,Pokémon,2026/03/27,,https://prices.pokemontcg.io/tcgplayer/me3-100,https://images.scrydex.com/pokemon/me3-100/large,,,,,,,,,,,,,,,,,,,,,,,2026-08-09
me3-101,Salazzle ex,,Perfect Order,101,Ultra Rare,,Stage 1|ex,758,Pokémon,2026/03/27,,https://prices.pokemontcg.io/tcgplayer/me3-101,https://images.scrydex.com/pokemon/me3-101/large,,,,,,,,,,,,,,,,,,,,,,,2026-08-09
me3-102,Mega Starmie ex,,Perfect Order,102,Ultra Rare,,Stage 1|MEGA|ex,121,Pokémon,2026/03/27,,https://prices.pokemontcg.io/tcgplayer/me3-102,https://images.scrydex.com/pokemon/me3-102/large,,,,,,,,,,,,,,,,,,,,,,,2026-08-09
me3-103,Mega Clefable ex,,Perfect Order,103,Ultra Rare,,Stage 1|MEGA|ex,36,Pokémon,2026/03/27,,https://prices.pokemontcg.io/tcgplayer/me3-103,https://images.scrydex.com/pokemon/me3-103/large,,,,,,,,,,,,,,,,,,,,,,,2026-08-09
me3-104,Mega Zygarde ex,,Perfect Order,104,Ultra Rare,,Basic|MEGA|ex,718,Pokémon,2026/03/27,,https://prices.pokemontcg.io/tcgplayer/me3-104,https://images.scrydex.com/pokemon/me3-104/large,,,,,,,,,,,,,,,,,,,,,,,2026-08-09
me3-105,Yveltal ex,,Perfect Order,105,Ultra Rare,,Basic|ex,717,Pokémon,2026/03/27,,https://prices.pokemontcg.io/tcgplayer/me3-105,https://images.scrydex.com/pokemon/me3-105/large,,,,,,,,,,,,,,,,,,,,,,,2026-08-09
me3-106,Mega Skarmory ex,,Perfect Order,106,Ultra Rare,,Basic|MEGA|ex,227,Pokémon,2026/03/27,,https://prices.pokemontcg.io/tcgplayer/me3-106,https://images.scrydex.com/pokemon/me3-106/large,,,,,,,,,,,,,,,,,,,,,,,2026-08-09
me3-107,Meowth ex,,Perfect Order,107,Ultra Rare,,Basic|ex,52,Pokémon,2026/03/27,,https://prices.pokemontcg.io/tcgplayer/me3-107,https://images.scrydex.com/pokemon/me3-107/large,,,,,,,,,,,,,,,,,,,,,,,2026-08-09
me3-108,Energy Recycler,,Perfect Order,108,Ultra Rare,,Item,,Trainer,2026/03/27,,https://prices.pokemontcg.io/tcgplayer/me3-108,https://images.scrydex.com/pokemon/me3-108/large,,,,,,,,,,,,,,,,,,,,,,,2026-08-09
me3-109,Forest of Vitality,,Perfect Order,109,Ultra Rare,,Stadium,,Trainer,2026/03/27,,https://prices.pokemontcg.io/tcgplayer/me3-109,https://images.scrydex.com/pokemon/me3-109/large,,,,,,,,,,,,,,,,,,,,,,,2026-08-09
me3-110,Jacinthe,,Perfect Order,110,Ultra Rare,,Supporter,,Trainer,2026/03/27,,https://prices.pokemontcg.io/tcgplayer/me3-110,https://images.scrydex.com/pokemon/me3-110/large,,,,,,,,,,,,,,,,,,,,,,,2026-08-09
me3-111,Lumiose City,,Perfect Order,111,Ultra Rare,,Stadium,,Trainer,2026/03/27,,https://prices.pokemontcg.io/tcgplayer/me3-111,https://images.scrydex.com/pokemon/me3-111/large,,,,,,,,,,,,,,,,,,,,,,,2026-08-09
me3-112,Naveen,,Perfect Order,112,Ultra Rare,,Supporter,,Trainer,2026/03/27,,https://prices.pokemontcg.io/tcgplayer/me3-112,https://images.scrydex.com/pokemon/me3-112/large,,,,,,,,,,,,,,,,,,,,,,,2026-08-09
me3-113,Poké Pad,,Perfect Order,113,Ultra Rare,,Item,,Trainer,2026/03/27,,https://prices.pokemontcg.io/tcgplayer/me3-113,https://images.scrydex.com/pokemon/me3-113/large,,,,,,,,,,,,,,,,,,,,,,,2026-08-09
me3-114,Rosa's Encouragement,,Perfect Order,114,Ultra Rare,,Supporter,,Trainer,2026/03/27,,https://prices.pokemontcg.io/tcgplayer/me3-114,https://images.scrydex.com/pokemon/me3-114/large,,,,,,,,,,,,,,,,,,,,,,,2026-08-09
me3-115,Sacred Ash,,Perfect Order,115,Ultra Rare,,Item,,Trainer,2026/03/27,,https://prices.pokemontcg.io/tcgplayer/me3-115,https://images.scrydex.com/pokemon/me3-115/large,,,,,,,,,,,,,,,,,,,,,,,2026-08-09
me3-116,Tarragon,,Perfect Order,116,Ultra Rare,,Supporter,,Trainer,2026/03/27,,https://prices.pokemontcg.io/tcgplayer/me3-116,https://images.scrydex.com/pokemon/me3-116/large,,,,,,,,,,,,,,,,,,,,,,,2026-08-09
me3-117,Wondrous Patch,,Perfect Order,117,Ultra Rare,,Item,,Trainer,2026/03/27,,https://prices.pokemontcg.io/tcgplayer/me3-117,https://images.scrydex.com/pokemon/me3-117/large,,,,,,,,,,,,,,,,,,,,,,,2026-08-09
me3-118,Mega Starmie ex,,Perfect Order,118,Special Illustration Rare,,Stage 1|MEGA|ex,121,Pokémon,2026/03/27,,https://prices.pokemontcg.io/tcgplayer/me3-118,https://images.scrydex.com/pokemon/me3-118/large,,,,,,,,,,,,,,,,,,,,,,,2026-08-09
me3-119,Mega Clefable ex,,Perfect Order,119,Special Illustration Rare,,Stage 1|MEGA|ex,36,Pokémon,2026/03/27,,https://prices.pokemontcg.io/tcgplayer/me3-119,https://images.scrydex.com/pokemon/me3-119/large,,,,,,,,,,,,,,,,,,,,,,,2026-08-09
me3-120,Mega Zygarde ex,,Perfect Order,120,Special Illustration Rare,,Basic|MEGA|ex,718,Pokémon,2026/03/27,,https://prices.pokemontcg.io/tcgplayer/me3-120,https://images.scrydex.com/pokemon/me3-120/large,,,,,,,,,,,,,,,,,,,,,,,2026-08-09
me3-121,Meowth ex,,Perfect Order,121,Special Illustration Rare,,Basic|ex,52,Pokémon,2026/03/27,,https://prices.pokemontcg.io/tcgplayer/me3-121,https://images.scrydex.com/pokemon/me3-121/large,,,,,,,,,,,,,,,,,,,,,,,2026-08-09
me3-122,Jacinthe,,Perfect Order,122,Special Illustration Rare,,Supporter,,Trainer,2026/03/27,,https://prices.pokemontcg.io/tcgplayer/me3-122,https://images.scrydex.com/pokemon/me3-122/large,,,,,,,,,,,,,,,,,,,,,,,2026-08-09
me3-123,Rosa's Encouragement,,Perfect Order,123,Special Illustration Rare,,Supporter,,Trainer,2026/03/27,,https://prices.pokemontcg.io/tcgplayer/me3-123,https://images.scrydex.com/pokemon/me3-123/large,,,,,,,,,,,,,,,,,,,,,,,2026-08-09
me3-124,Mega Zygarde ex,,Perfect Order,124,Mega Hyper Rare,,Basic|MEGA|ex,718,Pokémon,2026/03/27,,https://prices.pokemontcg.io/tcgplayer/me3-124,https://images.scrydex.com/pokemon/me3-124/large,,,,,,,,,,,,,,,,,,,,,,,2026-08-09
me4-2,Kakuna,,Chaos Rising,2,Common,Mugi Hamada,Stage 1,14,Pokémon,2026/05/22,,https://prices.pokemontcg.io/tcgplayer/me4-2,https://images.scrydex.com/pokemon/me4-2/large,,,,,,,,,,,,,,,,,,,,,,,2026-08-09
me4-3,Beedrill ex,,Chaos Rising,3,Double Rare,toriyufu,Stage 2|ex,15,Pokémon,2026/05/22,,https://prices.pokemontcg.io/tcgplayer/me4-3,https://images.scrydex.com/pokemon/me4-3/large,,,,,,,,,,,,,,,,,,,,,,,2026-08-09
me4-1,Weedle,,Chaos Rising,1,Common,sowsow,Basic,13,Pokémon,2026/05/22,,https://prices.pokemontcg.io/tcgplayer/me4-1,https://images.scrydex.com/pokemon/me4-1/large,,,,,,,,,,,,,,,,,,,,,,,2026-08-09
me4-12,Braixen,,Chaos Rising,12,Common,Taiga Kasai,Stage 1,654,Pokémon,2026/05/22,,https://prices.pokemontcg.io/tcgplayer/me4-12,https://images.scrydex.com/pokemon/me4-12/large,,,,,,,,,,,,,,,,,,,,,,,2026-08-09
me4-14,Litleo,,Chaos Rising,14,Common,Mina Nakai,Basic,667,Pokémon,2026/05/22,,https://prices.pokemontcg.io/tcgplayer/me4-14,https://images.scrydex.com/pokemon/me4-14/large,,,,,,,,,,,,,,,,,,,,,,,2026-08-09
me4-6,Quilladin,,Chaos Rising,6,Common,Hideki Ishikawa,Stage 1,651,Pokémon,2026/05/22,,https://prices.pokemontcg.io/tcgplayer/me4-6,https://images.scrydex.com/pokemon/me4-6/large,,,,,,,,,,,,,,,,,,,,,,,2026-08-09
me4-8,Vulpix,,Chaos Rising,8,Common,Yoshimoto Yoshimon,Basic,37,Pokémon,2026/05/22,,https://prices.pokemontcg.io/tcgplayer/me4-8,https://images.scrydex.com/pokemon/me4-8/large,,,,,,,,,,,,,,,,,,,,,,,2026-08-09
me4-9,Ninetales,,Chaos Rising,9,Uncommon,Ryuta Fuse,Stage 1,38,Pokémon,2026/05/22,,https://prices.pokemontcg.io/tcgplayer/me4-9,https://images.scrydex.com/pokemon/me4-9/large,,,,,,,,,,,,,,,,,,,,,,,2026-08-09
me4-11,Fennekin,,Chaos Rising,11,Common,saino misaki,Basic,653,Pokémon,2026/05/22,,https://prices.pokemontcg.io/tcgplayer/me4-11,https://images.scrydex.com/pokemon/me4-11/large,,,,,,,,,,,,,,,,,,,,,,,2026-08-09
me4-13,Delphox,,Chaos Rising,13,Rare,Gemi,Stage 2,655,Pokémon,2026/05/22,,https://prices.pokemontcg.io/tcgplayer/me4-13,https://images.scrydex.com/pokemon/me4-13/large,,,,,,,,,,,,,,,,,,,,,,,2026-08-09
me4-5,Chespin,,Chaos Rising,5,Common,HACCAN,Basic,650,Pokémon,2026/05/22,,https://prices.pokemontcg.io/tcgplayer/me4-5,https://images.scrydex.com/pokemon/me4-5/large,,,,,,,,,,,,,,,,,,,,,,,2026-08-09
me4-4,Carnivine,,Chaos Rising,4,Common,Heisuke Kitazawa,Basic,455,Pokémon,2026/05/22,,https://prices.pokemontcg.io/tcgplayer/me4-4,https://images.scrydex.com/pokemon/me4-4/large,,,,,,,,,,,,,,,,,,,,,,,2026-08-09
me4-7,Chesnaught,,Chaos Rising,7,Rare,Uta,Stage 2,652,Pokémon,2026/05/22,,https://prices.pokemontcg.io/tcgplayer/me4-7,https://images.scrydex.com/pokemon/me4-7/large,,,,,,,,,,,,,,,,,,,,,,,2026-08-09
me4-10,Ho-Oh,,Chaos Rising,10,Rare,Takumi Wada,Basic,250,Pokémon,2026/05/22,,https://prices.pokemontcg.io/tcgplayer/me4-10,https://images.scrydex.com/pokemon/me4-10/large,,,,,,,,,,,,,,,,,,,,,,,2026-08-09
me4-15,Mega Pyroar ex,,Chaos Rising,15,Double Rare,Keisuke Azuma,Stage 1|MEGA|ex,668,Pokémon,2026/05/22,,https://prices.pokemontcg.io/tcgplayer/me4-15,https://images.scrydex.com/pokemon/me4-15/large,,,,,,,,,,,,,,,,,,,,,,,2026-08-09
me4-16,Remoraid,,Chaos Rising,16,Common,Mori You,Basic,223,Pokémon,2026/05/22,,https://prices.pokemontcg.io/tcgplayer/me4-16,https://images.scrydex.com/pokemon/me4-16/large,,,,,,,,,,,,,,,,,,,,,,,2026-08-09
me4-26,Golisopod,,Chaos Rising,26,Uncommon,Takeshi Nakamura,Stage 1,768,Pokémon,2026/05/22,,https://prices.pokemontcg.io/tcgplayer/me4-26,https://images.scrydex.com/pokemon/me4-26/large,,,,,,,,,,,,,,,,,,,,,,,2026-08-09
me4-21,Frogadier,,Chaos Rising,21,Common,Nelnal,Stage 1,657,Pokémon,2026/05/22,,https://prices.pokemontcg.io/tcgplayer/me4-21,https://images.scrydex.com/pokemon/me4-21/large,,,,,,,,,,,,,,,,,,,,,,,2026-08-09
me4-27,Mareep,,Chaos Rising,27,Common,UKUMO viti,Basic,179,Pokémon,2026/05/22,,https://prices.pokemontcg.io/tcgplayer/me4-27,https://images.scrydex.com/pokemon/me4-27/large,,,,,,,,,,,,,,,,,,,,,,,2026-08-09
me4-20,Froakie,,Chaos Rising,20,Common,Kariya,Basic,656,Pokémon,2026/05/22,,https://prices.pokemontcg.io/tcgplayer/me4-20,https://images.scrydex.com/pokemon/me4-20/large,,,,,,,,,,,,,,,,,,,,,,,2026-08-09
me4-18,Delibird,,Chaos Rising,18,Uncommon,Saboteri,Basic,225,Pokémon,2026/05/22,,https://prices.pokemontcg.io/tcgplayer/me4-18,https://images.scrydex.com/pokemon/me4-18/large,,,,,,,,,,,,,,,,,,,,,,,2026-08-09
me4-19,Keldeo,,Chaos Rising,19,Rare,Mitsuhiro Arita,Basic,647,Pokémon,2026/05/22,,https://prices.pokemontcg.io/tcgplayer/me4-19,https://images.scrydex.com/pokemon/me4-19/large,,,,,,,,,,,,,,,,,,,,,,,2026-08-09
me4-23,Bergmite,,Chaos Rising,23,Common,Anesaki Dynamic,Basic,712,Pokémon,2026/05/22,,https://prices.pokemontcg.io/tcgplayer/me4-23,https://images.scrydex.com/pokemon/me4-23/large,,,,,,,,,,,,,,,,,,,,,,,2026-08-09
me4-22,Mega Greninja ex,,Chaos Rising,22,Double Rare,takuyoa,Stage 2|MEGA|ex,658,Pokémon,2026/05/22,,https://prices.pokemontcg.io/tcgplayer/me4-22,https://images.scrydex.com/pokemon/me4-22/large,,,,,,,,,,,,,,,,,,,,,,,2026-08-09
me4-24,Avalugg,,Chaos Rising,24,Uncommon,Tomoki Sone,Stage 1,713,Pokémon,2026/05/22,,https://prices.pokemontcg.io/tcgplayer/me4-24,https://images.scrydex.com/pokemon/me4-24/large,,,,,,,,,,,,,,,,,,,,,,,2026-08-09
me4-17,Octillery,,Chaos Rising,17,Common,matazo,Stage 1,224,Pokémon,2026/05/22,,https://prices.pokemontcg.io/tcgplayer/me4-17,https://images.scrydex.com/pokemon/me4-17/large,,,,,,,,,,,,,,,,,,,,,,,2026-08-09
me4-25,Wimpod,,Chaos Rising,25,Common,0313,Basic,767,Pokémon,2026/05/22,,https://prices.pokemontcg.io/tcgplayer/me4-25,https://images.scrydex.com/pokemon/me4-25/large,,,,,,,,,,,,,,,,,,,,,,,2026-08-09
me4-29,Ampharos,,Chaos Rising,29,Rare,CHORISO,Stage 2,181,Pokémon,2026/05/22,,https://prices.pokemontcg.io/tcgplayer/me4-29,https://images.scrydex.com/pokemon/me4-29/large,,,,,,,,,,,,,,,,,,,,,,,2026-08-09
me4-33,Deoxys,,Chaos Rising,33,Uncommon,GOSSAN,Basic,386,Pokémon,2026/05/22,,https://prices.pokemontcg.io/tcgplayer/me4-33,https://images.scrydex.com/pokemon/me4-33/large,,,,,,,,,,,,,,,,,,,,,,,2026-08-09
me4-30,Emolga,,Chaos Rising,30,Common,Kazumasa Yasukuni,Basic,587,Pokémon,2026/05/22,,https://prices.pokemontcg.io/tcgplayer/me4-30,https://images.scrydex.com/pokemon/me4-30/large,,,,,,,,,,,,,,,,,,,,,,,2026-08-09
me4-37,Meowstic,,Chaos Rising,37,Uncommon,mingo,Stage 1,678,Pokémon,2026/05/22,,https://prices.pokemontcg.io/tcgplayer/me4-37,https://images.scrydex.com/pokemon/me4-37/large,,,,,,,,,,,,,,,,,,,,,,,2026-08-09
me4-36,Espurr,,Chaos Rising,36,Common,sowsow,Basic,677,Pokémon,2026/05/22,,https://prices.pokemontcg.io/tcgplayer/me4-36,https://images.scrydex.com/pokemon/me4-36/large,,,,,,,,,,,,,,,,,,,,,,,2026-08-09
me4-38,Phantump,,Chaos Rising,38,Common,Taiga Kasai,Basic,708,Pokémon,2026/05/22,,https://prices.pokemontcg.io/tcgplayer/me4-38,https://images.scrydex.com/pokemon/me4-38/large,,,,,,,,,,,,,,,,,,,,,,,2026-08-09
me4-31,Deoxys,,Chaos Rising,31,Uncommon,Shiburingaru,Basic,386,Pokémon,2026/05/22,,https://prices.pokemontcg.io/tcgplayer/me4-31,https://images.scrydex.com/pokemon/me4-31/large,,,,,,,,,,,,,,,,,,,,,,,2026-08-09
me4-34,Deoxys,,Chaos Rising,34,Uncommon,hncl,Basic,386,Pokémon,2026/05/22,,https://prices.pokemontcg.io/tcgplayer/me4-34,https://images.scrydex.com/pokemon/me4-34/large,,,,,,,,,,,,,,,,,,,,,,,2026-08-09
me4-35,Mega Floette ex,,Chaos Rising,35,Double Rare,aky CG Works,Basic|MEGA|ex,670,Pokémon,2026/05/22,,https://prices.pokemontcg.io/tcgplayer/me4-35,https://images.scrydex.com/pokemon/me4-35/large,,,,,,,,,,,,,,,,,,,,,,,2026-08-09
me4-28,Flaaffy,,Chaos Rising,28,Common,miki kudo,Stage 1,180,Pokémon,2026/05/22,,https://prices.pokemontcg.io/tcgplayer/me4-28,https://images.scrydex.com/pokemon/me4-28/large,,,,,,,,,,,,,,,,,,,,,,,2026-08-09
me4-32,Deoxys,,Chaos Rising,32,Uncommon,nagimiso,Basic,386,Pokémon,2026/05/22,,https://prices.pokemontcg.io/tcgplayer/me4-32,https://images.scrydex.com/pokemon/me4-32/large,,,,,,,,,,,,,,,,,,,,,,,2026-08-09
me4-39,Trevenant,,Chaos Rising,39,Rare,Uninori,Stage 1,709,Pokémon,2026/05/22,,https://prices.pokemontcg.io/tcgplayer/me4-39,https://images.scrydex.com/pokemon/me4-39/large,,,,,,,,,,,,,,,,,,,,,,,2026-08-09
me4-44,Phanpy,,Chaos Rising,44,Common,Akino Fukuji,Basic,231,Pokémon,2026/05/22,,https://prices.pokemontcg.io/tcgplayer/me4-44,https://images.scrydex.com/pokemon/me4-44/large,,,,,,,,,,,,,,,,,,,,,,,2026-08-09
me4-41,Gourgeist ex,,Chaos Rising,41,Double Rare,5ban Graphics,Stage 1|ex,711,Pokémon,2026/05/22,,https://prices.pokemontcg.io/tcgplayer/me4-41,https://images.scrydex.com/pokemon/me4-41/large,,,,,,,,,,,,,,,,,,,,,,,2026-08-09
me4-43,Sudowoodo,,Chaos Rising,43,Uncommon,GOTO minori,Basic,185,Pokémon,2026/05/22,,https://prices.pokemontcg.io/tcgplayer/me4-43,https://images.scrydex.com/pokemon/me4-43/large,,,,,,,,,,,,,,,,,,,,,,,2026-08-09
me4-45,Donphan,,Chaos Rising,45,Common,Julie Hang,Stage 1,232,Pokémon,2026/05/22,,https://prices.pokemontcg.io/tcgplayer/me4-45,https://images.scrydex.com/pokemon/me4-45/large,,,,,,,,,,,,,,,,,,,,,,,2026-08-09
me4-40,Pumpkaboo,,Chaos Rising,40,Common,Jerky,Basic,710,Pokémon,2026/05/22,,https://prices.pokemontcg.io/tcgplayer/me4-40,https://images.scrydex.com/pokemon/me4-40/large,,,,,,,,,,,,,,,,,,,,,,,2026-08-09
me4-42,Xerneas,,Chaos Rising,42,Rare,KEIICHIRO ITO,Basic,716,Pokémon,2026/05/22,,https://prices.pokemontcg.io/tcgplayer/me4-42,https://images.scrydex.com/pokemon/me4-42/large,,,,,,,,,,,,,,,,,,,,,,,2026-08-09
me4-54,Skuntank,,Chaos Rising,54,Uncommon,Yuriko Akase,Stage 1,435,Pokémon,2026/05/22,,https://prices.pokemontcg.io/tcgplayer/me4-54,https://images.scrydex.com/pokemon/me4-54/large,,,,,,,,,,,,,,,,,,,,,,,2026-08-09
me4-47,Claydol,,Chaos Rising,47,Uncommon,Oswaldo KATO,Stage 1,344,Pokémon,2026/05/22,,https://prices.pokemontcg.io/tcgplayer/me4-47,https://images.scrydex.com/pokemon/me4-47/large,,,,,,,,,,,,,,,,,,,,,,,2026-08-09
me4-53,Stunky,,Chaos Rising,53,Common,Nobuhiro Imagawa,Basic,434,Pokémon,2026/05/22,,https://prices.pokemontcg.io/tcgplayer/me4-53,https://images.scrydex.com/pokemon/me4-53/large,,,,,,,,,,,,,,,,,,,,,,,2026-08-09
me4-46,Baltoy,,Chaos Rising,46,Common,Tomomi Ozaki,Basic,343,Pokémon,2026/05/22,,https://prices.pokemontcg.io/tcgplayer/me4-46,https://images.scrydex.com/pokemon/me4-46/large,,,,,,,,,,,,,,,,,,,,,,,2026-08-09
me4-52,Qwilfish,,Chaos Rising,52,Common,nisimono,Basic,211,Pokémon,2026/05/22,,https://prices.pokemontcg.io/tcgplayer/me4-52,https://images.scrydex.com/pokemon/me4-52/large,,,,,,,,,,,,,,,,,,,,,,,2026-08-09
me4-49,Zubat,,Chaos Rising,49,Common,Mékayu,Basic,41,Pokémon,2026/05/22,,https://prices.pokemontcg.io/tcgplayer/me4-49,https://images.scrydex.com/pokemon/me4-49/large,,,,,,,,,,,,,,,,,,,,,,,2026-08-09
me4-51,Crobat,,Chaos Rising,51,Rare,IKEDA Saki,Stage 2,169,Pokémon,2026/05/22,,https://prices.pokemontcg.io/tcgplayer/me4-51,https://images.scrydex.com/pokemon/me4-51/large,,,,,,,,,,,,,,,,,,,,,,,2026-08-09
me4-57,Garbodor,,Chaos Rising,57,Uncommon,HYOGONOSUKE,Stage 1,569,Pokémon,2026/05/22,,https://prices.pokemontcg.io/tcgplayer/me4-57,https://images.scrydex.com/pokemon/me4-57/large,,,,,,,,,,,,,,,,,,,,,,,2026-08-09
me4-50,Golbat,,Chaos Rising,50,Common,Mousho,Stage 1,42,Pokémon,2026/05/22,,https://prices.pokemontcg.io/tcgplayer/me4-50,https://images.scrydex.com/pokemon/me4-50/large,,,,,,,,,,,,,,,,,,,,,,,2026-08-09
me4-55,Krookodile ex,,Chaos Rising,55,Double Rare,5ban Graphics,Stage 2|ex,553,Pokémon,2026/05/22,,https://prices.pokemontcg.io/tcgplayer/me4-55,https://images.scrydex.com/pokemon/me4-55/large,,,,,,,,,,,,,,,,,,,,,,,2026-08-09
me4-56,Trubbish,,Chaos Rising,56,Common,Souichirou Gunjima,Basic,568,Pokémon,2026/05/22,,https://prices.pokemontcg.io/tcgplayer/me4-56,https://images.scrydex.com/pokemon/me4-56/large,,,,,,,,,,,,,,,,,,,,,,,2026-08-09
me4-48,Mega Gallade ex,,Chaos Rising,48,Double Rare,5ban Graphics,Stage 2|MEGA|ex,475,Pokémon,2026/05/22,,https://prices.pokemontcg.io/tcgplayer/me4-48,https://images.scrydex.com/pokemon/me4-48/large,,,,,,,,,,,,,,,,,,,,,,,2026-08-09
me4-63,Ferrothorn,,Chaos Rising,63,Uncommon,Haru Akasaka,Stage 1,598,Pokémon,2026/05/22,,https://prices.pokemontcg.io/tcgplayer/me4-63,https://images.scrydex.com/pokemon/me4-63/large,,,,,,,,,,,,,,,,,,,,,,,2026-08-09
me4-68,Goodra,,Chaos Rising,68,Rare,Tonji Matsuno,Stage 2,706,Pokémon,2026/05/22,,https://prices.pokemontcg.io/tcgplayer/me4-68,https://images.scrydex.com/pokemon/me4-68/large,,,,,,,,,,,,,,,,,,,,,,,2026-08-09
me4-66,Goomy,,Chaos Rising,66,Common,Anesaki Dynamic,Basic,704,Pokémon,2026/05/22,,https://prices.pokemontcg.io/tcgplayer/me4-66,https://images.scrydex.com/pokemon/me4-66/large,,,,,,,,,,,,,,,,,,,,,,,2026-08-09
me4-69,Tauros,,Chaos Rising,69,Uncommon,Satoshi Ito,Basic,128,Pokémon,2026/05/22,,https://prices.pokemontcg.io/tcgplayer/me4-69,https://images.scrydex.com/pokemon/me4-69/large,,,,,,,,,,,,,,,,,,,,,,,2026-08-09
me4-60,Metang,,Chaos Rising,60,Common,Kazumasa Yasukuni,Stage 1,375,Pokémon,2026/05/22,,https://prices.pokemontcg.io/tcgplayer/me4-60,https://images.scrydex.com/pokemon/me4-60/large,,,,,,,,,,,,,,,,,,,,,,,2026-08-09
me4-64,Cobalion ex,,Chaos Rising,64,Double Rare,5ban Graphics,Basic|ex,638,Pokémon,2026/05/22,,https://prices.pokemontcg.io/tcgplayer/me4-64,https://images.scrydex.com/pokemon/me4-64/large,,,,,,,,,,,,,,,,,,,,,,,2026-08-09
me4-58,Skrelp,,Chaos Rising,58,Common,Shimaris Yukichi,Basic,690,Pokémon,2026/05/22,,https://prices.pokemontcg.io/tcgplayer/me4-58,https://images.scrydex.com/pokemon/me4-58/large,,,,,,,,,,,,,,,,,,,,,,,2026-08-09
me4-59,Beldum,,Chaos Rising,59,Common,toi8,Basic,374,Pokémon,2026/05/22,,https://prices.pokemontcg.io/tcgplayer/me4-59,https://images.scrydex.com/pokemon/me4-59/large,,,,,,,,,,,,,,,,,,,,,,,2026-08-09
me4-62,Ferroseed,,Chaos Rising,62,Common,OKUBO,Basic,597,Pokémon,2026/05/22,,https://prices.pokemontcg.io/tcgplayer/me4-62,https://images.scrydex.com/pokemon/me4-62/large,,,,,,,,,,,,,,,,,,,,,,,2026-08-09
me4-61,Metagross,,Chaos Rising,61,Uncommon,Bun Toujo,Stage 2,376,Pokémon,2026/05/22,,https://prices.pokemontcg.io/tcgplayer/me4-61,https://images.scrydex.com/pokemon/me4-61/large,,,,,,,,,,,,,,,,,,,,,,,2026-08-09
me4-65,Mega Dragalge ex,,Chaos Rising,65,Double Rare,5ban Graphics,Stage 1|MEGA|ex,691,Pokémon,2026/05/22,,https://prices.pokemontcg.io/tcgplayer/me4-65,https://images.scrydex.com/pokemon/me4-65/large,,,,,,,,,,,,,,,,,,,,,,,2026-08-09
me4-67,Sliggoo,,Chaos Rising,67,Common,Yoriyuki Ikegami,Stage 1,705,Pokémon,2026/05/22,,https://prices.pokemontcg.io/tcgplayer/me4-67,https://images.scrydex.com/pokemon/me4-67/large,,,,,,,,,,,,,,,,,,,,,,,2026-08-09
me4-70,Patrat,,Chaos Rising,70,Common,Souichirou Gunjima,Basic,504,Pokémon,2026/05/22,,https://prices.pokemontcg.io/tcgplayer/me4-70,https://images.scrydex.com/pokemon/me4-70/large,,,,,,,,,,,,,,,,,,,,,,,2026-08-09
me4-71,Watchog,,Chaos Rising,71,Common,Kouki Saitou,Stage 1,505,Pokémon,2026/05/22,,https://prices.pokemontcg.io/tcgplayer/me4-71,https://images.scrydex.com/pokemon/me4-71/large,,,,,,,,,,,,,,,,,,,,,,,2026-08-09
me4-72,Minccino,,Chaos Rising,72,Common,ryoma uratsuka,Basic,572,Pokémon,2026/05/22,,https://prices.pokemontcg.io/tcgplayer/me4-72,https://images.scrydex.com/pokemon/me4-72/large,,,,,,,,,,,,,,,,,,,,,,,2026-08-09
me4-74,Adversity Policy,,Chaos Rising,74,Uncommon,Ayaka Yoshida,Pokémon Tool,,Trainer,2026/05/22,,https://prices.pokemontcg.io/tcgplayer/me4-74,https://images.scrydex.com/pokemon/me4-74/large,,,,,,,,,,,,,,,,,,,,,,,2026-08-09
me4-82,Special Red Card,,Chaos Rising,82,Uncommon,Studio Bora Inc.,Item,,Trainer,2026/05/22,,https://prices.pokemontcg.io/tcgplayer/me4-82,https://images.scrydex.com/pokemon/me4-82/large,,,,,,,,,,,,,,,,,,,,,,,2026-08-09
me4-73,Cinccino ex,,Chaos Rising,73,Double Rare,5ban Graphics,Stage 1|ex,573,Pokémon,2026/05/22,,https://prices.pokemontcg.io/tcgplayer/me4-73,https://images.scrydex.com/pokemon/me4-73/large,,,,,,,,,,,,,,,,,,,,,,,2026-08-09
me4-81,Roxie's Performance,,Chaos Rising,81,Uncommon,Nobusawa/Mochipuyo,Supporter,,Trainer,2026/05/22,,https://prices.pokemontcg.io/tcgplayer/me4-81,https://images.scrydex.com/pokemon/me4-81/large,,,,,,,,,,,,,,,,,,,,,,,2026-08-09
me4-75,Ange Floette,,Chaos Rising,75,Uncommon,MARINA Chikazawa,Stadium,,Trainer,2026/05/22,,https://prices.pokemontcg.io/tcgplayer/me4-75,https://images.scrydex.com/pokemon/me4-75/large,,,,,,,,,,,,,,,,,,,,,,,2026-08-09
me4-77,Emma,,Chaos Rising,77,Uncommon,Akira Komayama,Supporter,,Trainer,2026/05/22,,https://prices.pokemontcg.io/tcgplayer/me4-77,https://images.scrydex.com/pokemon/me4-77/large,,,,,,,,,,,,,,,,,,,,,,,2026-08-09
me4-78,Great Haul Net,,Chaos Rising,78,Uncommon,Toyste Beach,Item,,Trainer,2026/05/22,,https://prices.pokemontcg.io/tcgplayer/me4-78,https://images.scrydex.com/pokemon/me4-78/large,,,,,,,,,,,,,,,,,,,,,,,2026-08-09
me4-76,AZ's Tranquility,,Chaos Rising,76,Uncommon,GIDORA,Supporter,,Trainer,2026/05/22,,https://prices.pokemontcg.io/tcgplayer/me4-76,https://images.scrydex.com/pokemon/me4-76/large,,,,,,,,,,,,,,,,,,,,,,,2026-08-09
me4-79,Philippe,,Chaos Rising,79,Uncommon,Souichirou Gunjima,Supporter,,Trainer,2026/05/22,,https://prices.pokemontcg.io/tcgplayer/me4-79,https://images.scrydex.com/pokemon/me4-79/large,,,,,,,,,,,,,,,,,,,,,,,2026-08-09
me4-80,Prism Tower,,Chaos Rising,80,Uncommon,MARINA Chikazawa,Stadium,,Trainer,2026/05/22,,https://prices.pokemontcg.io/tcgplayer/me4-80,https://images.scrydex.com/pokemon/me4-80/large,,,,,,,,,,,,,,,,,,,,,,,2026-08-09
me4-83,Transformation Tome,,Chaos Rising,83,Uncommon,Toyste Beach,Item,,Trainer,2026/05/22,,https://prices.pokemontcg.io/tcgplayer/me4-83,https://images.scrydex.com/pokemon/me4-83/large,,,,,,,,,,,,,,,,,,,,,,,2026-08-09
me4-89,Frogadier,,Chaos Rising,89,Illustration Rare,Susumu Maeya,Stage 1,657,Pokémon,2026/05/22,,https://prices.pokemontcg.io/tcgplayer/me4-89,https://images.scrydex.com/pokemon/me4-89/large,,,,,,,,,,,,,,,,,,,,,,,2026-08-09
me4-87,Chespin,,Chaos Rising,87,Illustration Rare,Atsushi Furusawa,Basic,650,Pokémon,2026/05/22,,https://prices.pokemontcg.io/tcgplayer/me4-87,https://images.scrydex.com/pokemon/me4-87/large,,,,,,,,,,,,,,,,,,,,,,,2026-08-09
me4-90,Ampharos,,Chaos Rising,90,Illustration Rare,saino misaki,Stage 2,181,Pokémon,2026/05/22,,https://prices.pokemontcg.io/tcgplayer/me4-90,https://images.scrydex.com/pokemon/me4-90/large,,,,,,,,,,,,,,,,,,,,,,,2026-08-09
me4-84,Bubbly Water Energy,,Chaos Rising,84,Rare,,Special,,Energy,2026/05/22,,https://prices.pokemontcg.io/tcgplayer/me4-84,https://images.scrydex.com/pokemon/me4-84/large,,,,,,,,,,,,,,,,,,,,,,,2026-08-09
me4-86,Nitro Fire Energy,,Chaos Rising,86,Rare,,Special,,Energy,2026/05/22,,https://prices.pokemontcg.io/tcgplayer/me4-86,https://images.scrydex.com/pokemon/me4-86/large,,,,,,,,,,,,,,,,,,,,,,,2026-08-09
me4-88,Froakie,,Chaos Rising,88,Illustration Rare,Susumu Maeya,Basic,656,Pokémon,2026/05/22,,https://prices.pokemontcg.io/tcgplayer/me4-88,https://images.scrydex.com/pokemon/me4-88/large,,,,,,,,,,,,,,,,,,,,,,,2026-08-09
me4-85,Magnetic Metal Energy,,Chaos Rising,85,Rare,,Special,,Energy,2026/05/22,,https://prices.pokemontcg.io/tcgplayer/me4-85,https://images.scrydex.com/pokemon/me4-85/large,,,,,,,,,,,,,,,,,,,,,,,2026-08-09
me4-96,Tauros,,Chaos Rising,96,Illustration Rare,Tsuyoshi Nagano,Basic,128,Pokémon,2026/05/22,,https://prices.pokemontcg.io/tcgplayer/me4-96,https://images.scrydex.com/pokemon/me4-96/large,,,,,,,,,,,,,,,,,,,,,,,2026-08-09
me4-92,Claydol,,Chaos Rising,92,Illustration Rare,matazo,Stage 1,344,Pokémon,2026/05/22,,https://prices.pokemontcg.io/tcgplayer/me4-92,https://images.scrydex.com/pokemon/me4-92/large,,,,,,,,,,,,,,,,,,,,,,,2026-08-09
me4-93,Crobat,,Chaos Rising,93,Illustration Rare,Kazuhisa Uragami,Stage 2,169,Pokémon,2026/05/22,,https://prices.pokemontcg.io/tcgplayer/me4-93,https://images.scrydex.com/pokemon/me4-93/large,,,,,,,,,,,,,,,,,,,,,,,2026-08-09
me4-98,Beedrill ex,,Chaos Rising,98,Ultra Rare,5ban Graphics,Stage 2|ex,15,Pokémon,2026/05/22,,https://prices.pokemontcg.io/tcgplayer/me4-98,https://images.scrydex.com/pokemon/me4-98/large,,,,,,,,,,,,,,,,,,,,,,,2026-08-09
me4-99,Mega Pyroar ex,,Chaos Rising,99,Ultra Rare,Keisuke Azuma,Stage 1|MEGA|ex,668,Pokémon,2026/05/22,,https://prices.pokemontcg.io/tcgplayer/me4-99,https://images.scrydex.com/pokemon/me4-99/large,,,,,,,,,,,,,,,,,,,,,,,2026-08-09
me4-103,Cobalion ex,,Chaos Rising,103,Ultra Rare,5ban Graphics,Basic|ex,638,Pokémon,2026/05/22,,https://prices.pokemontcg.io/tcgplayer/me4-103,https://images.scrydex.com/pokemon/me4-103/large,,,,,,,,,,,,,,,,,,,,,,,2026-08-09
me4-91,Xerneas,,Chaos Rising,91,Illustration Rare,YASHIRO Nanaco,Basic,716,Pokémon,2026/05/22,,https://prices.pokemontcg.io/tcgplayer/me4-91,https://images.scrydex.com/pokemon/me4-91/large,,,,,,,,,,,,,,,,,,,,,,,2026-08-09
me4-95,Sliggoo,,Chaos Rising,95,Illustration Rare,aspara,Stage 1,705,Pokémon,2026/05/22,,https://prices.pokemontcg.io/tcgplayer/me4-95,https://images.scrydex.com/pokemon/me4-95/large,,,,,,,,,,,,,,,,,,,,,,,2026-08-09
me4-97,Watchog,,Chaos Rising,97,Illustration Rare,MARINA Chikazawa,Stage 1,505,Pokémon,2026/05/22,,https://prices.pokemontcg.io/tcgplayer/me4-97,https://images.scrydex.com/pokemon/me4-97/large,,,,,,,,,,,,,,,,,,,,,,,2026-08-09
me4-102,Gourgeist ex,,Chaos Rising,102,Ultra Rare,5ban Graphics,Stage 1|ex,711,Pokémon,2026/05/22,,https://prices.pokemontcg.io/tcgplayer/me4-102,https://images.scrydex.com/pokemon/me4-102/large,,,,,,,,,,,,,,,,,,,,,,,2026-08-09
me4-101,Mega Floette ex,,Chaos Rising,101,Ultra Rare,aky CG Works,Basic|MEGA|ex,670,Pokémon,2026/05/22,,https://prices.pokemontcg.io/tcgplayer/me4-101,https://images.scrydex.com/pokemon/me4-101/large,,,,,,,,,,,,,,,,,,,,,,,2026-08-09
me4-100,Mega Greninja ex,,Chaos Rising,100,Ultra Rare,takuyoa,Stage 2|MEGA|ex,658,Pokémon,2026/05/22,,https://prices.pokemontcg.io/tcgplayer/me4-100,https://images.scrydex.com/pokemon/me4-100/large,,,,,,,,,,,,,,,,,,,,,,,2026-08-09
me4-94,Metang,,Chaos Rising,94,Illustration Rare,Kurata So,Stage 1,375,Pokémon,2026/05/22,,https://prices.pokemontcg.io/tcgplayer/me4-94,https://images.scrydex.com/pokemon/me4-94/large,,,,,,,,,,,,,,,,,,,,,,,2026-08-09
me4-104,Mega Dragalge ex,,Chaos Rising,104,Ultra Rare,5ban Graphics,Stage 1|MEGA|ex,691,Pokémon,2026/05/22,,https://prices.pokemontcg.io/tcgplayer/me4-104,https://images.scrydex.com/pokemon/me4-104/large,,,,,,,,,,,,,,,,,,,,,,,2026-08-09
me4-107,Emma,,Chaos Rising,107,Ultra Rare,Akira Komayama,Supporter,,Trainer,2026/05/22,,https://prices.pokemontcg.io/tcgplayer/me4-107,https://images.scrydex.com/pokemon/me4-107/large,,,,,,,,,,,,,,,,,,,,,,,2026-08-09
me4-105,Cinccino ex,,Chaos Rising,105,Ultra Rare,5ban Graphics,Stage 1|ex,573,Pokémon,2026/05/22,,https://prices.pokemontcg.io/tcgplayer/me4-105,https://images.scrydex.com/pokemon/me4-105/large,,,,,,,,,,,,,,,,,,,,,,,2026-08-09
me4-106,AZ's Tranquility,,Chaos Rising,106,Ultra Rare,GIDORA,Supporter,,Trainer,2026/05/22,,https://prices.pokemontcg.io/tcgplayer/me4-106,https://images.scrydex.com/pokemon/me4-106/large,,,,,,,,,,,,,,,,,,,,,,,2026-08-09
me4-108,Energy Retrieval,,Chaos Rising,108,Ultra Rare,Studio Bora Inc.,Item,,Trainer,2026/05/22,,https://prices.pokemontcg.io/tcgplayer/me4-108,https://images.scrydex.com/pokemon/me4-108/large,,,,,,,,,,,,,,,,,,,,,,,2026-08-09
me4-109,Jumbo Ice Cream,,Chaos Rising,109,Ultra Rare,AYUMI ODASHIMA,Item,,Trainer,2026/05/22,,https://prices.pokemontcg.io/tcgplayer/me4-109,https://images.scrydex.com/pokemon/me4-109/large,,,,,,,,,,,,,,,,,,,,,,,2026-08-09
me4-110,Philippe,,Chaos Rising,110,Ultra Rare,Souichirou Gunjima,Supporter,,Trainer,2026/05/22,,https://prices.pokemontcg.io/tcgplayer/me4-110,https://images.scrydex.com/pokemon/me4-110/large,,,,,,,,,,,,,,,,,,,,,,,2026-08-09
me4-113,Special Red Card,,Chaos Rising,113,Ultra Rare,Studio Bora Inc.,Item,,Trainer,2026/05/22,,https://prices.pokemontcg.io/tcgplayer/me4-113,https://images.scrydex.com/pokemon/me4-113/large,,,,,,,,,,,,,,,,,,,,,,,2026-08-09
me4-117,Mega Floette ex,,Chaos Rising,117,Special Illustration Rare,Teeziro,Basic|MEGA|ex,670,Pokémon,2026/05/22,,https://prices.pokemontcg.io/tcgplayer/me4-117,https://images.scrydex.com/pokemon/me4-117/large,,,,,,,,,,,,,,,,,,,,,,,2026-08-09
me4-119,Cinccino ex,,Chaos Rising,119,Special Illustration Rare,Keisin,Stage 1|ex,573,Pokémon,2026/05/22,,https://prices.pokemontcg.io/tcgplayer/me4-119,https://images.scrydex.com/pokemon/me4-119/large,,,,,,,,,,,,,,,,,,,,,,,2026-08-09
me4-120,AZ's Tranquility,,Chaos Rising,120,Special Illustration Rare,OKACHEKE,Supporter,,Trainer,2026/05/22,,https://prices.pokemontcg.io/tcgplayer/me4-120,https://images.scrydex.com/pokemon/me4-120/large,,,,,,,,,,,,,,,,,,,,,,,2026-08-09
me4-114,Surfing Beach,,Chaos Rising,114,Ultra Rare,AYUMI ODASHIMA,Stadium,,Trainer,2026/05/22,,https://prices.pokemontcg.io/tcgplayer/me4-114,https://images.scrydex.com/pokemon/me4-114/large,,,,,,,,,,,,,,,,,,,,,,,2026-08-09
me4-115,Tool Scrapper,,Chaos Rising,115,Ultra Rare,Studio Bora Inc.,Item,,Trainer,2026/05/22,,https://prices.pokemontcg.io/tcgplayer/me4-115,https://images.scrydex.com/pokemon/me4-115/large,,,,,,,,,,,,,,,,,,,,,,,2026-08-09
me4-118,Mega Dragalge ex,,Chaos Rising,118,Special Illustration Rare,Kazumasa Yasukunio,Stage 1|MEGA|ex,691,Pokémon,2026/05/22,,https://prices.pokemontcg.io/tcgplayer/me4-118,https://images.scrydex.com/pokemon/me4-118/large,,,,,,,,,,,,,,,,,,,,,,,2026-08-09
me4-112,Roxie's Performance,,Chaos Rising,112,Ultra Rare,Nobusawa/Mochipuyo,Supporter,,Trainer,2026/05/22,,https://prices.pokemontcg.io/tcgplayer/me4-112,https://images.scrydex.com/pokemon/me4-112/large,,,,,,,,,,,,,,,,,,,,,,,2026-08-09
me4-116,Mega Greninja ex,,Chaos Rising,116,Special Illustration Rare,Susumu Maeya,Stage 2|MEGA|ex,658,Pokémon,2026/05/22,,https://prices.pokemontcg.io/tcgplayer/me4-116,https://images.scrydex.com/pokemon/me4-116/large,,,,,,,,,,,,,,,,,,,,,,,2026-08-09
me4-121,Roxie's Performance,,Chaos Rising,121,Special Illustration Rare,Tomowaka,Supporter,,Trainer,2026/05/22,,https://prices.pokemontcg.io/tcgplayer/me4-121,https://images.scrydex.com/pokemon/me4-121/large,,,,,,,,,,,,,,,,,,,,,,,2026-08-09
me4-111,Prism Tower,,Chaos Rising,111,Ultra Rare,MARINA Chikazawa,Stadium,,Trainer,2026/05/22,,https://prices.pokemontcg.io/tcgplayer/me4-111,https://images.scrydex.com/pokemon/me4-111/large,,,,,,,,,,,,,,,,,,,,,,,2026-08-09
me4-122,Mega Greninja ex,,Chaos Rising,122,Mega Hyper Rare,takuyoa,Stage 2|MEGA|ex,658,Pokémon,2026/05/22,,https://prices.pokemontcg.io/tcgplayer/me4-122,https://images.scrydex.com/pokemon/me4-122/large,,,,,,,,,,,,,,,,,,,,,,,2026-08-09
me5-1,Tropius,,Pitch Black,1,Common,Akino Fukuji,Basic,357,Pokémon,2026/07/17,,https://prices.pokemontcg.io/tcgplayer/me5-1,https://images.scrydex.com/pokemon/me5-1/large,,,,,,,,,,,,,,,,,,,,,,,2026-08-09
me5-2,Grubbin,,Pitch Black,2,Common,Mina Nakai,Basic,736,Pokémon,2026/07/17,,https://prices.pokemontcg.io/tcgplayer/me5-2,https://images.scrydex.com/pokemon/me5-2/large,,,,,,,,,,,,,,,,,,,,,,,2026-08-09
me5-3,Fomantis,,Pitch Black,3,Common,nisimono,Basic,753,Pokémon,2026/07/17,,https://prices.pokemontcg.io/tcgplayer/me5-3,https://images.scrydex.com/pokemon/me5-3/large,,,,,,,,,,,,,,,,,,,,,,,2026-08-09
me5-4,Lurantis ex,,Pitch Black,4,Double Rare,5ban Graphics,Stage 1|ex,754,Pokémon,2026/07/17,,https://prices.pokemontcg.io/tcgplayer/me5-4,https://images.scrydex.com/pokemon/me5-4/large,,,,,,,,,,,,,,,,,,,,,,,2026-08-09
me5-5,Poltchageist,,Pitch Black,5,Common,Mousho,Basic,1012,Pokémon,2026/07/17,,https://prices.pokemontcg.io/tcgplayer/me5-5,https://images.scrydex.com/pokemon/me5-5/large,,,,,,,,,,,,,,,,,,,,,,,2026-08-09
me5-6,Sinistcha,,Pitch Black,6,Uncommon,mingo,Stage 1,1013,Pokémon,2026/07/17,,https://prices.pokemontcg.io/tcgplayer/me5-6,https://images.scrydex.com/pokemon/me5-6/large,,,,,,,,,,,,,,,,,,,,,,,2026-08-09
me5-7,Heatran,,Pitch Black,7,Uncommon,Takeshi Nakamura,Basic,485,Pokémon,2026/07/17,,https://prices.pokemontcg.io/tcgplayer/me5-7,https://images.scrydex.com/pokemon/me5-7/large,,,,,,,,,,,,,,,,,,,,,,,2026-08-09
me5-9,Sizzlipede,,Pitch Black,9,Common,Yuya Oka,Basic,850,Pokémon,2026/07/17,,https://prices.pokemontcg.io/tcgplayer/me5-9,https://images.scrydex.com/pokemon/me5-9/large,,,,,,,,,,,,,,,,,,,,,,,2026-08-09
me5-8,Mega Delphox ex,,Pitch Black,8,Double Rare,5ban Graphics,Stage 2|MEGA|ex,655,Pokémon,2026/07/17,,https://prices.pokemontcg.io/tcgplayer/me5-8,https://images.scrydex.com/pokemon/me5-8/large,,,,,,,,,,,,,,,,,,,,,,,2026-08-09
me5-10,Centiskorch,,Pitch Black,10,Common,Kouki Saitou,Stage 1,851,Pokémon,2026/07/17,,https://prices.pokemontcg.io/tcgplayer/me5-10,https://images.scrydex.com/pokemon/me5-10/large,,,,,,,,,,,,,,,,,,,,,,,2026-08-09
me5-11,Charcadet,,Pitch Black,11,Common,Ryuta Fuse,Basic,935,Pokémon,2026/07/17,,https://prices.pokemontcg.io/tcgplayer/me5-11,https://images.scrydex.com/pokemon/me5-11/large,,,,,,,,,,,,,,,,,,,,,,,2026-08-09
me5-13,Goldeen,,Pitch Black,13,Common,Shibuzoh.,Basic,118,Pokémon,2026/07/17,,https://prices.pokemontcg.io/tcgplayer/me5-13,https://images.scrydex.com/pokemon/me5-13/large,,,,,,,,,,,,,,,,,,,,,,,2026-08-09
me5-12,Armarouge,,Pitch Black,12,Rare,Jiro Sasumo,Stage 1,936,Pokémon,2026/07/17,,https://prices.pokemontcg.io/tcgplayer/me5-12,https://images.scrydex.com/pokemon/me5-12/large,,,,,,,,,,,,,,,,,,,,,,,2026-08-09
me5-14,Seaking,,Pitch Black,14,Uncommon,OKUBO,Stage 1,119,Pokémon,2026/07/17,,https://prices.pokemontcg.io/tcgplayer/me5-14,https://images.scrydex.com/pokemon/me5-14/large,,,,,,,,,,,,,,,,,,,,,,,2026-08-09
me5-16,Wailord ex,,Pitch Black,16,Double Rare,5ban Graphics,Stage 1|ex,321,Pokémon,2026/07/17,,https://prices.pokemontcg.io/tcgplayer/me5-16,https://images.scrydex.com/pokemon/me5-16/large,,,,,,,,,,,,,,,,,,,,,,,2026-08-09
me5-17,Relicanth,,Pitch Black,17,Uncommon,Naoyo Kimura,Basic,369,Pokémon,2026/07/17,,https://prices.pokemontcg.io/tcgplayer/me5-17,https://images.scrydex.com/pokemon/me5-17/large,,,,,,,,,,,,,,,,,,,,,,,2026-08-09
me5-15,Wailmer,,Pitch Black,15,Common,Asako Ito,Basic,320,Pokémon,2026/07/17,,https://prices.pokemontcg.io/tcgplayer/me5-15,https://images.scrydex.com/pokemon/me5-15/large,,,,,,,,,,,,,,,,,,,,,,,2026-08-09
me5-18,Popplio,,Pitch Black,18,Common,Oswaldo KATO,Basic,728,Pokémon,2026/07/17,,https://prices.pokemontcg.io/tcgplayer/me5-18,https://images.scrydex.com/pokemon/me5-18/large,,,,,,,,,,,,,,,,,,,,,,,2026-08-09
me5-19,Brionne,,Pitch Black,19,Common,MINAMINAMI Take,Stage 1,729,Pokémon,2026/07/17,,https://prices.pokemontcg.io/tcgplayer/me5-19,https://images.scrydex.com/pokemon/me5-19/large,,,,,,,,,,,,,,,,,,,,,,,2026-08-09
me5-20,Primarina,,Pitch Black,20,Rare,Taira Akitsu,Stage 2,730,Pokémon,2026/07/17,,https://prices.pokemontcg.io/tcgplayer/me5-20,https://images.scrydex.com/pokemon/me5-20/large,,,,,,,,,,,,,,,,,,,,,,,2026-08-09
me5-26,Vikavolt,,Pitch Black,26,Uncommon,KEIICHIRO ITO,Stage 2,738,Pokémon,2026/07/17,,https://prices.pokemontcg.io/tcgplayer/me5-26,https://images.scrydex.com/pokemon/me5-26/large,,,,,,,,,,,,,,,,,,,,,,,2026-08-09
me5-23,Electrike,,Pitch Black,23,Common,Dsuke,Basic,309,Pokémon,2026/07/17,,https://prices.pokemontcg.io/tcgplayer/me5-23,https://images.scrydex.com/pokemon/me5-23/large,,,,,,,,,,,,,,,,,,,,,,,2026-08-09
me5-21,Finizen,,Pitch Black,21,Common,Yukiko Baba,Basic,963,Pokémon,2026/07/17,,https://prices.pokemontcg.io/tcgplayer/me5-21,https://images.scrydex.com/pokemon/me5-21/large,,,,,,,,,,,,,,,,,,,,,,,2026-08-09
me5-22,Palafin,,Pitch Black,22,Uncommon,satoma,Stage 1,964,Pokémon,2026/07/17,,https://prices.pokemontcg.io/tcgplayer/me5-22,https://images.scrydex.com/pokemon/me5-22/large,,,,,,,,,,,,,,,,,,,,,,,2026-08-09
me5-24,Manectric,,Pitch Black,24,Uncommon,Uninori,Stage 1,310,Pokémon,2026/07/17,,https://prices.pokemontcg.io/tcgplayer/me5-24,https://images.scrydex.com/pokemon/me5-24/large,,,,,,,,,,,,,,,,,,,,,,,2026-08-09
me5-25,Charjabug,,Pitch Black,25,Common,Kazuhisa Uragami,Stage 1,737,Pokémon,2026/07/17,,https://prices.pokemontcg.io/tcgplayer/me5-25,https://images.scrydex.com/pokemon/me5-25/large,,,,,,,,,,,,,,,,,,,,,,,2026-08-09
me5-27,Mega Zeraora ex,,Pitch Black,27,Double Rare,5ban Graphics,Basic|MEGA|ex,807,Pokémon,2026/07/17,,https://prices.pokemontcg.io/tcgplayer/me5-27,https://images.scrydex.com/pokemon/me5-27/large,,,,,,,,,,,,,,,,,,,,,,,2026-08-09
me5-28,Miraidon,,Pitch Black,28,Rare,mashu,Basic,1008,Pokémon,2026/07/17,,https://prices.pokemontcg.io/tcgplayer/me5-28,https://images.scrydex.com/pokemon/me5-28/large,,,,,,,,,,,,,,,,,,,,,,,2026-08-09
me5-29,Slowpoke,,Pitch Black,29,Common,Nelnal,Basic,79,Pokémon,2026/07/17,,https://prices.pokemontcg.io/tcgplayer/me5-29,https://images.scrydex.com/pokemon/me5-29/large,,,,,,,,,,,,,,,,,,,,,,,2026-08-09
me5-30,Slowbro,,Pitch Black,30,Uncommon,CHORISO,Stage 1,80,Pokémon,2026/07/17,,https://prices.pokemontcg.io/tcgplayer/me5-30,https://images.scrydex.com/pokemon/me5-30/large,,,,,,,,,,,,,,,,,,,,,,,2026-08-09
me5-36,Litwick,,Pitch Black,36,Common,HYOGONOSUKE,Basic,607,Pokémon,2026/07/17,,https://prices.pokemontcg.io/tcgplayer/me5-36,https://images.scrydex.com/pokemon/me5-36/large,,,,,,,,,,,,,,,,,,,,,,,2026-08-09
me5-34,Banette,,Pitch Black,34,Uncommon,Mugi Hamada,Stage 1,354,Pokémon,2026/07/17,,https://prices.pokemontcg.io/tcgplayer/me5-34,https://images.scrydex.com/pokemon/me5-34/large,,,,,,,,,,,,,,,,,,,,,,,2026-08-09
me5-35,Spiritomb,,Pitch Black,35,Rare,danciao,Basic,442,Pokémon,2026/07/17,,https://prices.pokemontcg.io/tcgplayer/me5-35,https://images.scrydex.com/pokemon/me5-35/large,,,,,,,,,,,,,,,,,,,,,,,2026-08-09
me5-32,Jynx,,Pitch Black,32,Common,Yoshimoto Yoshimon,Basic,124,Pokémon,2026/07/17,,https://prices.pokemontcg.io/tcgplayer/me5-32,https://images.scrydex.com/pokemon/me5-32/large,,,,,,,,,,,,,,,,,,,,,,,2026-08-09
me5-37,Lampent,,Pitch Black,37,Uncommon,sowsow,Stage 1,608,Pokémon,2026/07/17,,https://prices.pokemontcg.io/tcgplayer/me5-37,https://images.scrydex.com/pokemon/me5-37/large,,,,,,,,,,,,,,,,,,,,,,,2026-08-09
me5-31,Mega Slowbro ex,,Pitch Black,31,Double Rare,5ban Graphics,Stage 1|MEGA|ex,80,Pokémon,2026/07/17,,https://prices.pokemontcg.io/tcgplayer/me5-31,https://images.scrydex.com/pokemon/me5-31/large,,,,,,,,,,,,,,,,,,,,,,,2026-08-09
me5-33,Shuppet,,Pitch Black,33,Common,Bun Toujo,Basic,353,Pokémon,2026/07/17,,https://prices.pokemontcg.io/tcgplayer/me5-33,https://images.scrydex.com/pokemon/me5-33/large,,,,,,,,,,,,,,,,,,,,,,,2026-08-09
me5-39,Dhelmise,,Pitch Black,39,Uncommon,Oku,Basic,781,Pokémon,2026/07/17,,https://prices.pokemontcg.io/tcgplayer/me5-39,https://images.scrydex.com/pokemon/me5-39/large,,,,,,,,,,,,,,,,,,,,,,,2026-08-09
me5-38,Mega Chandelure ex,,Pitch Black,38,Double Rare,5ban Graphics,Stage 2|MEGA|ex,609,Pokémon,2026/07/17,,https://prices.pokemontcg.io/tcgplayer/me5-38,https://images.scrydex.com/pokemon/me5-38/large,,,,,,,,,,,,,,,,,,,,,,,2026-08-09
me5-41,Annihilape,,Pitch Black,41,Uncommon,Haru Akasaka,Stage 2,979,Pokémon,2026/07/17,,https://prices.pokemontcg.io/tcgplayer/me5-41,https://images.scrydex.com/pokemon/me5-41/large,,,,,,,,,,,,,,,,,,,,,,,2026-08-09
me5-42,Mankey,,Pitch Black,42,Common,,,56,Pokémon,2026/07/17,,https://prices.pokemontcg.io/tcgplayer/me5-42,https://images.scrydex.com/pokemon/me5-42/large,,,,,,,,,,,,,,,,,,,,,,,2026-08-09
me5-40,Marshadow,,Pitch Black,40,Uncommon,Nakamura Ippan,Basic,802,Pokémon,2026/07/17,,https://prices.pokemontcg.io/tcgplayer/me5-40,https://images.scrydex.com/pokemon/me5-40/large,,,,,,,,,,,,,,,,,,,,,,,2026-08-09
me5-43,Primeape,,Pitch Black,43,Common,GOSSAN,Stage 1,57,Pokémon,2026/07/17,,https://prices.pokemontcg.io/tcgplayer/me5-43,https://images.scrydex.com/pokemon/me5-43/large,,,,,,,,,,,,,,,,,,,,,,,2026-08-09
me5-45,Rampardos ex,,Pitch Black,45,Double Rare,hncl,Stage 2|ex,409,Pokémon,2026/07/17,,https://prices.pokemontcg.io/tcgplayer/me5-45,https://images.scrydex.com/pokemon/me5-45/large,,,,,,,,,,,,,,,,,,,,,,,2026-08-09
me5-44,Cranidos,,Pitch Black,44,Common,Hideki Ishikawa,Stage 1,408,Pokémon,2026/07/17,,https://prices.pokemontcg.io/tcgplayer/me5-44,https://images.scrydex.com/pokemon/me5-44/large,,,,,,,,,,,,,,,,,,,,,,,2026-08-09
me5-47,Koraidon,,Pitch Black,47,Rare,,Basic,1007,Pokémon,2026/07/17,,https://prices.pokemontcg.io/tcgplayer/me5-47,https://images.scrydex.com/pokemon/me5-47/large,,,,,,,,,,,,,,,,,,,,,,,2026-08-09
me5-46,Drilbur,,Pitch Black,46,Common,,Basic,529,Pokémon,2026/07/17,,https://prices.pokemontcg.io/tcgplayer/me5-46,https://images.scrydex.com/pokemon/me5-46/large,,,,,,,,,,,,,,,,,,,,,,,2026-08-09
me5-49,Vullaby,,Pitch Black,49,Common,Shiburingaru,Basic,629,Pokémon,2026/07/17,,https://prices.pokemontcg.io/tcgplayer/me5-49,https://images.scrydex.com/pokemon/me5-49/large,,,,,,,,,,,,,,,,,,,,,,,2026-08-09
me5-48,Mega Darkrai ex,,Pitch Black,48,Double Rare,5ban Graphics,Basic|MEGA|ex,491,Pokémon,2026/07/17,,https://prices.pokemontcg.io/tcgplayer/me5-48,https://images.scrydex.com/pokemon/me5-48/large,,,,,,,,,,,,,,,,,,,,,,,2026-08-09
me5-50,Mandibuzz,,Pitch Black,50,Common,Nisota Niso,Stage 1,630,Pokémon,2026/07/17,,https://prices.pokemontcg.io/tcgplayer/me5-50,https://images.scrydex.com/pokemon/me5-50/large,,,,,,,,,,,,,,,,,,,,,,,2026-08-09
me5-52,Malamar,,Pitch Black,52,Uncommon,Naoki Saito,Stage 1,687,Pokémon,2026/07/17,,https://prices.pokemontcg.io/tcgplayer/me5-52,https://images.scrydex.com/pokemon/me5-52/large,,,,,,,,,,,,,,,,,,,,,,,2026-08-09
me5-55,Morpeko ex,,Pitch Black,55,Double Rare,aky GG Works,Basic|ex,877,Pokémon,2026/07/17,,https://prices.pokemontcg.io/tcgplayer/me5-55,https://images.scrydex.com/pokemon/me5-55/large,,,,,,,,,,,,,,,,,,,,,,,2026-08-09
me5-51,Inkay,,Pitch Black,51,Common,Yuriko Akase,Basic,686,Pokémon,2026/07/17,,https://prices.pokemontcg.io/tcgplayer/me5-51,https://images.scrydex.com/pokemon/me5-51/large,,,,,,,,,,,,,,,,,,,,,,,2026-08-09
me5-53,Nickit,,Pitch Black,53,Common,Krgc,Basic,827,Pokémon,2026/07/17,,https://prices.pokemontcg.io/tcgplayer/me5-53,https://images.scrydex.com/pokemon/me5-53/large,,,,,,,,,,,,,,,,,,,,,,,2026-08-09
me5-54,Thievul,,Pitch Black,54,Uncommon,GOTO minori,Stage 1,828,Pokémon,2026/07/17,,https://prices.pokemontcg.io/tcgplayer/me5-54,https://images.scrydex.com/pokemon/me5-54/large,,,,,,,,,,,,,,,,,,,,,,,2026-08-09
me5-58,Mabosstiff,,Pitch Black,58,Common,kawayoo,Stage 1,943,Pokémon,2026/07/17,,https://prices.pokemontcg.io/tcgplayer/me5-58,https://images.scrydex.com/pokemon/me5-58/large,,,,,,,,,,,,,,,,,,,,,,,2026-08-09
me5-57,Maschiff,,Pitch Black,57,Common,ryoma uratsuka,Basic,942,Pokémon,2026/07/17,,https://prices.pokemontcg.io/tcgplayer/me5-57,https://images.scrydex.com/pokemon/me5-57/large,,,,,,,,,,,,,,,,,,,,,,,2026-08-09
me5-56,Zarude,,Pitch Black,56,Rare,matazo,Basic,893,Pokémon,2026/07/17,,https://prices.pokemontcg.io/tcgplayer/me5-56,https://images.scrydex.com/pokemon/me5-56/large,,,,,,,,,,,,,,,,,,,,,,,2026-08-09
me5-59,Chi-Yu,,Pitch Black,59,Rare,IKEDA Saki,Basic,1004,Pokémon,2026/07/17,,https://prices.pokemontcg.io/tcgplayer/me5-59,https://images.scrydex.com/pokemon/me5-59/large,,,,,,,,,,,,,,,,,,,,,,,2026-08-09
me5-62,Bastiodon,,Pitch Black,62,Rare,Kinu Nishimura,Stage 2,411,Pokémon,2026/07/17,,https://prices.pokemontcg.io/tcgplayer/me5-62,https://images.scrydex.com/pokemon/me5-62/large,,,,,,,,,,,,,,,,,,,,,,,2026-08-09
me5-60,Skarmory,,Pitch Black,60,Common,Anesaki Dynamic,Basic,227,Pokémon,2026/07/17,,https://prices.pokemontcg.io/tcgplayer/me5-60,https://images.scrydex.com/pokemon/me5-60/large,,,,,,,,,,,,,,,,,,,,,,,2026-08-09
me5-61,Shieldon,,Pitch Black,61,Common,Kurata So,Stage 1,410,Pokémon,2026/07/17,,https://prices.pokemontcg.io/tcgplayer/me5-61,https://images.scrydex.com/pokemon/me5-61/large,,,,,,,,,,,,,,,,,,,,,,,2026-08-09
me5-63,Bronzor,,Pitch Black,63,Common,Saboteri,Basic,436,Pokémon,2026/07/17,,https://prices.pokemontcg.io/tcgplayer/me5-63,https://images.scrydex.com/pokemon/me5-63/large,,,,,,,,,,,,,,,,,,,,,,,2026-08-09
me5-64,Bronzong,,Pitch Black,64,Uncommon,Uta,Stage 1,437,Pokémon,2026/07/17,,https://prices.pokemontcg.io/tcgplayer/me5-64,https://images.scrydex.com/pokemon/me5-64/large,,,,,,,,,,,,,,,,,,,,,,,2026-08-09
me5-65,Mega Excadrill ex,,Pitch Black,65,Double Rare,Keisuke Azuma,Stage 1|MEGA|ex,530,Pokémon,2026/07/17,,https://prices.pokemontcg.io/tcgplayer/me5-65,https://images.scrydex.com/pokemon/me5-65/large,,,,,,,,,,,,,,,,,,,,,,,2026-08-09
me5-66,Pikipek,,Pitch Black,66,Common,Koji Nakata,Basic,731,Pokémon,2026/07/17,,https://prices.pokemontcg.io/tcgplayer/me5-66,https://images.scrydex.com/pokemon/me5-66/large,,,,,,,,,,,,,,,,,,,,,,,2026-08-09
me5-69,Type: Null,,Pitch Black,69,Common,Ligton,Basic,772,Pokémon,2026/07/17,,https://prices.pokemontcg.io/tcgplayer/me5-69,https://images.scrydex.com/pokemon/me5-69/large,,,,,,,,,,,,,,,,,,,,,,,2026-08-09
me5-72,Antique Armor Fossil,,Pitch Black,72,Common,AYUMI ODASHIMA,Item,,Trainer,2026/07/17,,https://prices.pokemontcg.io/tcgplayer/me5-72,https://images.scrydex.com/pokemon/me5-72/large,,,,,,,,,,,,,,,,,,,,,,,2026-08-09
me5-67,Trumbeak,,Pitch Black,67,Common,,Stage 1,732,Pokémon,2026/07/17,,https://prices.pokemontcg.io/tcgplayer/me5-67,https://images.scrydex.com/pokemon/me5-67/large,,,,,,,,,,,,,,,,,,,,,,,2026-08-09
me5-71,Bombirdier,,Pitch Black,71,Common,Wintr Wandr,Basic,962,Pokémon,2026/07/17,,https://prices.pokemontcg.io/tcgplayer/me5-71,https://images.scrydex.com/pokemon/me5-71/large,,,,,,,,,,,,,,,,,,,,,,,2026-08-09
me5-70,Silvally,,Pitch Black,70,Rare,Takumi Wada,Stage 1,773,Pokémon,2026/07/17,,https://prices.pokemontcg.io/tcgplayer/me5-70,https://images.scrydex.com/pokemon/me5-70/large,,,,,,,,,,,,,,,,,,,,,,,2026-08-09
me5-68,Toucannon,,Pitch Black,68,Uncommon,Masako Tomii,Stage 2,733,Pokémon,2026/07/17,,https://prices.pokemontcg.io/tcgplayer/me5-68,https://images.scrydex.com/pokemon/me5-68/large,,,,,,,,,,,,,,,,,,,,,,,2026-08-09
me5-73,Antique Skull Fossil,,Pitch Black,73,Common,AYUMI ODASHIMA,Item,,Trainer,2026/07/17,,https://prices.pokemontcg.io/tcgplayer/me5-73,https://images.scrydex.com/pokemon/me5-73/large,,,,,,,,,,,,,,,,,,,,,,,2026-08-09
me5-76,Fossil Quarry,,Pitch Black,76,Uncommon,Oswaldo KATO,Stadium,,Trainer,2026/07/17,,https://prices.pokemontcg.io/tcgplayer/me5-76,https://images.scrydex.com/pokemon/me5-76/large,,,,,,,,,,,,,,,,,,,,,,,2026-08-09
me5-77,Gladion's Final Battle,,Pitch Black,77,Uncommon,akagi,Supporter,,Trainer,2026/07/17,,https://prices.pokemontcg.io/tcgplayer/me5-77,https://images.scrydex.com/pokemon/me5-77/large,,,,,,,,,,,,,,,,,,,,,,,2026-08-09
me5-74,Backtrack Badge,,Pitch Black,74,Uncommon,Toyste Beach,Pokémon Tool,,Trainer,2026/07/17,,https://prices.pokemontcg.io/tcgplayer/me5-74,https://images.scrydex.com/pokemon/me5-74/large,,,,,,,,,,,,,,,,,,,,,,,2026-08-09
me5-75,Dark Bell,,Pitch Black,75,Uncommon,Toyste Beach,Item,,Trainer,2026/07/17,,https://prices.pokemontcg.io/tcgplayer/me5-75,https://images.scrydex.com/pokemon/me5-75/large,,,,,,,,,,,,,,,,,,,,,,,2026-08-09
me5-78,Gwynn,,Pitch Black,78,Uncommon,nagimiso,Supporter,,Trainer,2026/07/17,,https://prices.pokemontcg.io/tcgplayer/me5-78,https://images.scrydex.com/pokemon/me5-78/large,,,,,,,,,,,,,,,,,,,,,,,2026-08-09
me5-79,Jett,,Pitch Black,79,Uncommon,GIDORA,Supporter,,Trainer,2026/07/17,,https://prices.pokemontcg.io/tcgplayer/me5-79,https://images.scrydex.com/pokemon/me5-79/large,,,,,,,,,,,,,,,,,,,,,,,2026-08-09
me5-80,Misty's Vitality,,Pitch Black,80,Uncommon,En Morikura,Supporter,,Trainer,2026/07/17,,https://prices.pokemontcg.io/tcgplayer/me5-80,https://images.scrydex.com/pokemon/me5-80/large,,,,,,,,,,,,,,,,,,,,,,,2026-08-09
me5-81,Rust Syndicate Grunt,,Pitch Black,81,Uncommon,Teeziro,Supporter,,Trainer,2026/07/17,,https://prices.pokemontcg.io/tcgplayer/me5-81,https://images.scrydex.com/pokemon/me5-81/large,,,,,,,,,,,,,,,,,,,,,,,2026-08-09
me5-82,Tremendous Bomb,,Pitch Black,82,Uncommon,inose yukie,Pokémon Tool,,Trainer,2026/07/17,,https://prices.pokemontcg.io/tcgplayer/me5-82,https://images.scrydex.com/pokemon/me5-82/large,,,,,,,,,,,,,,,,,,,,,,,2026-08-09
me5-84,Voltaic Lightning Energy,,Pitch Black,84,Rare,,Special,,Energy,2026/07/17,,https://prices.pokemontcg.io/tcgplayer/me5-84,https://images.scrydex.com/pokemon/me5-84/large,,,,,,,,,,,,,,,,,,,,,,,2026-08-09
me5-83,Shadowy Darkness Energy,,Pitch Black,83,Rare,,Special,,Energy,2026/07/17,,https://prices.pokemontcg.io/tcgplayer/me5-83,https://images.scrydex.com/pokemon/me5-83/large,,,,,,,,,,,,,,,,,,,,,,,2026-08-09
me5-85,Fomantis,,Pitch Black,85,Illustration Rare,Jiro Sasumo,Basic,753,Pokémon,2026/07/17,,https://prices.pokemontcg.io/tcgplayer/me5-85,https://images.scrydex.com/pokemon/me5-85/large,,,,,,,,,,,,,,,,,,,,,,,2026-08-09
me5-86,Armarouge,,Pitch Black,86,Illustration Rare,Iwamoto05,Stage 1,936,Pokémon,2026/07/17,,https://prices.pokemontcg.io/tcgplayer/me5-86,https://images.scrydex.com/pokemon/me5-86/large,,,,,,,,,,,,,,,,,,,,,,,2026-08-09
me5-87,Goldeen,,Pitch Black,87,Illustration Rare,Gemi,Basic,118,Pokémon,2026/07/17,,https://prices.pokemontcg.io/tcgplayer/me5-87,https://images.scrydex.com/pokemon/me5-87/large,,,,,,,,,,,,,,,,,,,,,,,2026-08-09
me5-88,Primarina,,Pitch Black,88,Illustration Rare,satoma,Stage 2,730,Pokémon,2026/07/17,,https://prices.pokemontcg.io/tcgplayer/me5-88,https://images.scrydex.com/pokemon/me5-88/large,,,,,,,,,,,,,,,,,,,,,,,2026-08-09
me5-89,Manectric,,Pitch Black,89,Illustration Rare,HICO KIM,Stage 1,310,Pokémon,2026/07/17,,https://prices.pokemontcg.io/tcgplayer/me5-89,https://images.scrydex.com/pokemon/me5-89/large,,,,,,,,,,,,,,,,,,,,,,,2026-08-09
me5-90,Slowbro,,Pitch Black,90,Illustration Rare,Mékayu,Stage 1,80,Pokémon,2026/07/17,,https://prices.pokemontcg.io/tcgplayer/me5-90,https://images.scrydex.com/pokemon/me5-90/large,,,,,,,,,,,,,,,,,,,,,,,2026-08-09
me5-91,Dhelmise,,Pitch Black,91,Illustration Rare,Nakamura Ippan,Basic,781,Pokémon,2026/07/17,,https://prices.pokemontcg.io/tcgplayer/me5-91,https://images.scrydex.com/pokemon/me5-91/large,,,,,,,,,,,,,,,,,,,,,,,2026-08-09
me5-92,Thievul,,Pitch Black,92,Illustration Rare,Jerky,Stage 1,828,Pokémon,2026/07/17,,https://prices.pokemontcg.io/tcgplayer/me5-92,https://images.scrydex.com/pokemon/me5-92/large,,,,,,,,,,,,,,,,,,,,,,,2026-08-09
me5-93,Bastiodon,,Pitch Black,93,Illustration Rare,Yoriyuki Ikegami,Stage 2,411,Pokémon,2026/07/17,,https://prices.pokemontcg.io/tcgplayer/me5-93,https://images.scrydex.com/pokemon/me5-93/large,,,,,,,,,,,,,,,,,,,,,,,2026-08-09
me5-94,Toucannon,,Pitch Black,94,Illustration Rare,miki kudo,Stage 2,733,Pokémon,2026/07/17,,https://prices.pokemontcg.io/tcgplayer/me5-94,https://images.scrydex.com/pokemon/me5-94/large,,,,,,,,,,,,,,,,,,,,,,,2026-08-09
me5-95,Silvally,,Pitch Black,95,Illustration Rare,DOM,Stage 1,773,Pokémon,2026/07/17,,https://prices.pokemontcg.io/tcgplayer/me5-95,https://images.scrydex.com/pokemon/me5-95/large,,,,,,,,,,,,,,,,,,,,,,,2026-08-09
me5-96,Lurantis ex,,Pitch Black,96,Ultra Rare,5ban Graphics,Stage 1|ex,754,Pokémon,2026/07/17,,https://prices.pokemontcg.io/tcgplayer/me5-96,https://images.scrydex.com/pokemon/me5-96/large,,,,,,,,,,,,,,,,,,,,,,,2026-08-09
me5-97,Wailord ex,,Pitch Black,97,Ultra Rare,5ban Graphics,Stage 1|ex,321,Pokémon,2026/07/17,,https://prices.pokemontcg.io/tcgplayer/me5-97,https://images.scrydex.com/pokemon/me5-97/large,,,,,,,,,,,,,,,,,,,,,,,2026-08-09
me5-98,Mega Zeraora ex,,Pitch Black,98,Ultra Rare,5ban Graphics,Basic|MEGA|ex,807,Pokémon,2026/07/17,,https://prices.pokemontcg.io/tcgplayer/me5-98,https://images.scrydex.com/pokemon/me5-98/large,,,,,,,,,,,,,,,,,,,,,,,2026-08-09
me5-99,Mega Chandelure ex,,Pitch Black,99,Ultra Rare,5ban Graphics,Stage 2|MEGA|ex,609,Pokémon,2026/07/17,,https://prices.pokemontcg.io/tcgplayer/me5-99,https://images.scrydex.com/pokemon/me5-99/large,,,,,,,,,,,,,,,,,,,,,,,2026-08-09
me5-100,Rampardos ex,,Pitch Black,100,Ultra Rare,5ban Graphics,Stage 2|ex,409,Pokémon,2026/07/17,,https://prices.pokemontcg.io/tcgplayer/me5-100,https://images.scrydex.com/pokemon/me5-100/large,,,,,,,,,,,,,,,,,,,,,,,2026-08-09
me5-101,Mega Darkrai ex,,Pitch Black,101,Ultra Rare,5ban Graphics,Basic|MEGA|ex,491,Pokémon,2026/07/17,,https://prices.pokemontcg.io/tcgplayer/me5-101,https://images.scrydex.com/pokemon/me5-101/large,,,,,,,,,,,,,,,,,,,,,,,2026-08-09
me5-102,Morpeko ex,,Pitch Black,102,Ultra Rare,5ban Graphics,Basic|ex,877,Pokémon,2026/07/17,,https://prices.pokemontcg.io/tcgplayer/me5-102,https://images.scrydex.com/pokemon/me5-102/large,,,,,,,,,,,,,,,,,,,,,,,2026-08-09
me5-104,Brave Bangle,,Pitch Black,104,Ultra Rare,Toyste Beach,Pokémon Tool,,Trainer,2026/07/17,,https://prices.pokemontcg.io/tcgplayer/me5-104,https://images.scrydex.com/pokemon/me5-104/large,,,,,,,,,,,,,,,,,,,,,,,2026-08-09
me5-103,Mega Excadrill ex,,Pitch Black,103,Ultra Rare,Keisuke Azuma,Stage 1|MEGA|ex,530,Pokémon,2026/07/17,,https://prices.pokemontcg.io/tcgplayer/me5-103,https://images.scrydex.com/pokemon/me5-103/large,,,,,,,,,,,,,,,,,,,,,,,2026-08-09
me5-105,Crushing Hammer,,Pitch Black,105,Ultra Rare,Ayaka Yoshida,Item,,Trainer,2026/07/17,,https://prices.pokemontcg.io/tcgplayer/me5-105,https://images.scrydex.com/pokemon/me5-105/large,,,,,,,,,,,,,,,,,,,,,,,2026-08-09
me5-107,Energy Switch,,Pitch Black,107,Ultra Rare,,Item,,Trainer,2026/07/17,,https://prices.pokemontcg.io/tcgplayer/me5-107,https://images.scrydex.com/pokemon/me5-107/large,,,,,,,,,,,,,,,,,,,,,,,2026-08-09
me5-106,Dark Bell,,Pitch Black,106,Ultra Rare,,Item,,Trainer,2026/07/17,,https://prices.pokemontcg.io/tcgplayer/me5-106,https://images.scrydex.com/pokemon/me5-106/large,,,,,,,,,,,,,,,,,,,,,,,2026-08-09
me5-108,Gladion's Final Battle,,Pitch Black,108,Ultra Rare,akagi,Supporter,,Trainer,2026/07/17,,https://prices.pokemontcg.io/tcgplayer/me5-108,https://images.scrydex.com/pokemon/me5-108/large,,,,,,,,,,,,,,,,,,,,,,,2026-08-09
me5-109,Gwynn,,Pitch Black,109,Ultra Rare,nagimiso,Supporter,,Trainer,2026/07/17,,https://prices.pokemontcg.io/tcgplayer/me5-109,https://images.scrydex.com/pokemon/me5-109/large,,,,,,,,,,,,,,,,,,,,,,,2026-08-09
me5-110,Iron Defender,,Pitch Black,110,Ultra Rare,Studio Bora Inc.,Item,,Trainer,2026/07/17,,https://prices.pokemontcg.io/tcgplayer/me5-110,https://images.scrydex.com/pokemon/me5-110/large,,,,,,,,,,,,,,,,,,,,,,,2026-08-09
me5-111,Misty's Vitality,,Pitch Black,111,Ultra Rare,En Morikura,Supporter,,Trainer,2026/07/17,,https://prices.pokemontcg.io/tcgplayer/me5-111,https://images.scrydex.com/pokemon/me5-111/large,,,,,,,,,,,,,,,,,,,,,,,2026-08-09
me5-112,Rust Syndicate Grunt,,Pitch Black,112,Ultra Rare,Teeziro,Supporter,,Trainer,2026/07/17,,https://prices.pokemontcg.io/tcgplayer/me5-112,https://images.scrydex.com/pokemon/me5-112/large,,,,,,,,,,,,,,,,,,,,,,,2026-08-09
me5-113,Tremendous Bomb,,Pitch Black,113,Ultra Rare,inose yukie,Pokémon Tool,,Trainer,2026/07/17,,https://prices.pokemontcg.io/tcgplayer/me5-113,https://images.scrydex.com/pokemon/me5-113/large,,,,,,,,,,,,,,,,,,,,,,,2026-08-09
me5-114,Mega Zeraora ex,,Pitch Black,114,Special Illustration Rare,GIDORA,Basic|MEGA|ex,807,Pokémon,2026/07/17,,https://prices.pokemontcg.io/tcgplayer/me5-114,https://images.scrydex.com/pokemon/me5-114/large,,,,,,,,,,,,,,,,,,,,,,,2026-08-09
me5-115,Mega Chandelure ex,,Pitch Black,115,Special Illustration Rare,,MEGA|ex,609,Pokémon,2026/07/17,,https://prices.pokemontcg.io/tcgplayer/me5-115,https://images.scrydex.com/pokemon/me5-115/large,,,,,,,,,,,,,,,,,,,,,,,2026-08-09
me5-116,Mega Darkrai ex,,Pitch Black,116,Special Illustration Rare,AKIRA EGAWA,Basic|MEGA|ex,491,Pokémon,2026/07/17,,https://prices.pokemontcg.io/tcgplayer/me5-116,https://images.scrydex.com/pokemon/me5-116/large,,,,,,,,,,,,,,,,,,,,,,,2026-08-09
me5-120,Mega Darkrai ex,,Pitch Black,120,Mega Hyper Rare,5ban Graphics,Basic|MEGA|ex,491,Pokémon,2026/07/17,,https://prices.pokemontcg.io/tcgplayer/me5-120,https://images.scrydex.com/pokemon/me5-120/large,,,,,,,,,,,,,,,,,,,,,,,2026-08-09
me5-119,Gwynn,,Pitch Black,119,Special Illustration Rare,Naoki Saito,Supporter,,Trainer,2026/07/17,,https://prices.pokemontcg.io/tcgplayer/me5-119,https://images.scrydex.com/pokemon/me5-119/large,,,,,,,,,,,,,,,,,,,,,,,2026-08-09
me5-117,Morpeko ex,,Pitch Black,117,Special Illustration Rare,NG Empire,Basic|ex,877,Pokémon,2026/07/17,,https://prices.pokemontcg.io/tcgplayer/me5-117,https://images.scrydex.com/pokemon/me5-117/large,,,,,,,,,,,,,,,,,,,,,,,2026-08-09
me5-118,Gladion's Final Battle,,Pitch Black,118,Special Illustration Rare,DOM,Supporter,,Trainer,2026/07/17,,https://prices.pokemontcg.io/tcgplayer/me5-118,https://images.scrydex.com/pokemon/me5-118/large,,,,,,,,,,,,,,,,,,,,,,,2026-08-09
